seqnum;now;rtptime;deadline;packet_len;payload_len
0;8495547000;8105855555;8605855555;10240;10228
1;8495654000;8105855555;8605855555;10240;10228
2;8495667000;8105855555;8605855555;10240;10228
3;8495673000;8136900000;8636900000;10240;10228
4;8495678000;8136900000;8636900000;10240;10228
5;8495682000;8136900000;8636900000;10240;10228
6;8495689000;8136900000;8636900000;10240;10228
7;8495692000;8136900000;8636900000;10240;10228
8;8495697000;8136900000;8636900000;10240;10228
9;8495700000;8136900000;8636900000;10240;10228
10;8495707000;8136922222;8636922222;10240;10228
11;8495711000;8137300000;8637300000;10240;10228
12;8495717000;8137300000;8637300000;10240;10228
13;8495722000;8137300000;8637300000;10240;10228
14;8495725000;8178544444;8678544444;10240;10228
15;8495730000;8178544444;8678544444;10240;10228
16;8495739000;8178544444;8678544444;10240;10228
17;8495745000;8178544444;8678544444;10240;10228
18;8495752000;8178544444;8678544444;10240;10228
19;8495759000;8178544444;8678544444;10240;10228
20;8495766000;8178544444;8678544444;10240;10228
21;8495772000;8178555555;8678555555;10240;10228
0;8495797000;8105855555;8605855555;10240;10228
22;8495805000;8178955555;8678955555;10240;10228
23;8495863000;8178955555;8678955555;10240;10228
24;8495876000;8178955555;8678955555;10240;10228
25;8495883000;8220211111;8720211111;10240;10228
26;8495893000;8220211111;8720211111;10240;10228
1;8495900000;8105855555;8605855555;10240;10228
27;8495917000;8220211111;8720211111;10240;10228
2;8496082000;8105855555;8605855555;10240;10228
3;8496095000;8136900000;8636900000;10240;10228
4;8496305000;8136900000;8636900000;10240;10228
5;8496337000;8136900000;8636900000;10240;10228
6;8496458000;8136900000;8636900000;10240;10228
7;8496682000;8136900000;8636900000;10240;10228
8;8496692000;8136900000;8636900000;10240;10228
10;8496701000;8136922222;8636922222;10240;10228
11;8496864000;8137300000;8637300000;10240;10228
12;8497108000;8137300000;8637300000;10240;10228
13;8497118000;8137300000;8637300000;10240;10228
14;8497294000;8178544444;8678544444;10240;10228
15;8497305000;8178544444;8678544444;10240;10228
16;8497498000;8178544444;8678544444;10240;10228
17;8497711000;8178544444;8678544444;10240;10228
18;8497721000;8178544444;8678544444;10240;10228
19;8497914000;8178544444;8678544444;10240;10228
21;8497923000;8178555555;8678555555;10240;10228
22;8498178000;8178955555;8678955555;10240;10228
23;8498191000;8178955555;8678955555;10240;10228
24;8498327000;8178955555;8678955555;10240;10228
25;8498337000;8220211111;8720211111;10240;10228
26;8498530000;8220211111;8720211111;10240;10228
27;8498750000;8220211111;8720211111;10240;10228
28;8656141000;8220211111;8720211111;10240;10228
29;8656170000;8220211111;8720211111;10240;10228
30;8656177000;8220211111;8720211111;10240;10228
31;8656182000;8220211111;8720211111;10240;10228
32;8656190000;8220222222;8720222222;10240;10228
33;8656196000;8220566666;8720566666;10240;10228
34;8656200000;8220566666;8720566666;10240;10228
35;8656204000;8220566666;8720566666;10240;10228
36;8656208000;8261877777;8761877777;10240;10228
37;8656358000;8261877777;8761877777;10240;10228
38;8656367000;8261877777;8761877777;10240;10228
40;8656376000;8261877777;8761877777;10240;10228
41;8656384000;8261877777;8761877777;10240;10228
42;8656389000;8261877777;8761877777;10240;10228
43;8656402000;8261900000;8761900000;10240;10228
44;8656407000;8262255555;8762255555;10240;10228
45;8656418000;8262255555;8762255555;10240;10228
30;8656422000;8220211111;8720211111;10240;10228
46;8656434000;8262255555;8762255555;10240;10228
47;8656439000;8303544444;8803544444;10240;10228
50;8656447000;8303544444;8803544444;10240;10228
51;8656453000;8303544444;8803544444;10240;10228
31;8656578000;8220211111;8720211111;10240;10228
32;8656592000;8220222222;8720222222;10240;10228
52;8656689000;8303544444;8803544444;10240;10228
53;8656694000;8303544444;8803544444;10240;10228
54;8656706000;8303566666;8803566666;10240;10228
55;8656711000;8303877777;8803877777;10240;10228
56;8656723000;8303877777;8803877777;10240;10228
57;8656732000;8303877777;8803877777;10240;10228
58;8656738000;8345211111;8845211111;10240;10228
59;8656776000;8345211111;8845211111;10240;10228
60;8656780000;8345211111;8845211111;10240;10228
33;8656787000;8220566666;8720566666;10240;10228
34;8656989000;8220566666;8720566666;10240;10228
35;8657024000;8220566666;8720566666;10240;10228
36;8657154000;8261877777;8761877777;10240;10228
37;8657174000;8261877777;8761877777;10240;10228
38;8657398000;8261877777;8761877777;10240;10228
39;8657427000;8261877777;8761877777;10240;10228
40;8657588000;8261877777;8761877777;10240;10228
41;8657791000;8261877777;8761877777;10240;10228
42;8657804000;8261877777;8761877777;10240;10228
43;8657984000;8261900000;8761900000;10240;10228
44;8657996000;8262255555;8762255555;10240;10228
45;8658217000;8262255555;8762255555;10240;10228
46;8658415000;8262255555;8762255555;10240;10228
47;8658425000;8303544444;8803544444;10240;10228
48;8658616000;8303544444;8803544444;10240;10228
49;8658821000;8303544444;8803544444;10240;10228
20;8658846000;8178544444;8678544444;10240;10228
50;8658990000;8303544444;8803544444;10240;10228
51;8659231000;8303544444;8803544444;10240;10228
52;8659242000;8303544444;8803544444;10240;10228
53;8659401000;8303544444;8803544444;10240;10228
54;8659410000;8303566666;8803566666;10240;10228
61;8816504000;8345211111;8845211111;10240;10228
62;8816530000;8345211111;8845211111;10240;10228
63;8816535000;8345211111;8845211111;10240;10228
64;8816539000;8345211111;8845211111;10240;10228
65;8816543000;8345233333;8845233333;10240;10228
66;8816548000;8345522222;8845522222;10240;10228
67;8816554000;8345522222;8845522222;10240;10228
69;8816564000;8386877777;8886877777;10240;10228
70;8816589000;8386877777;8886877777;10240;10228
71;8816598000;8386877777;8886877777;10240;10228
72;8816603000;8386877777;8886877777;10240;10228
55;8816607000;8303877777;8803877777;10240;10228
73;8816702000;8386877777;8886877777;10240;10228
74;8816711000;8386877777;8886877777;10240;10228
75;8816716000;8386877777;8886877777;10240;10228
76;8816720000;8386900000;8886900000;10240;10228
78;8816726000;8387244444;8887244444;10240;10228
79;8816748000;8387244444;8887244444;10240;10228
80;8816753000;8428544444;8928544444;10240;10228
81;8816757000;8428544444;8928544444;10240;10228
82;8816763000;8428544444;8928544444;10240;10228
83;8816781000;8428544444;8928544444;10240;10228
58;8816825000;8345211111;8845211111;10240;10228
85;8816956000;8428544444;8928544444;10240;10228
86;8816972000;8428544444;8928544444;10240;10228
87;8816976000;8428555555;8928555555;10240;10228
88;8816981000;8428877777;8928877777;10240;10228
89;8816986000;8428877777;8928877777;10240;10228
90;8816990000;8428877777;8928877777;10240;10228
91;8816999000;8470211111;8970211111;10240;10228
59;8817012000;8345211111;8845211111;10240;10228
60;8817033000;8345211111;8845211111;10240;10228
92;8817082000;8470211111;8970211111;10240;10228
93;8817089000;8470211111;8970211111;10240;10228
61;8817266000;8345211111;8845211111;10240;10228
62;8817296000;8345211111;8845211111;10240;10228
63;8817466000;8345211111;8845211111;10240;10228
64;8817495000;8345211111;8845211111;10240;10228
65;8817663000;8345233333;8845233333;10240;10228
66;8817688000;8345522222;8845522222;10240;10228
67;8817849000;8345522222;8845522222;10240;10228
68;8818038000;8345522222;8845522222;10240;10228
69;8818071000;8386877777;8886877777;10240;10228
70;8818268000;8386877777;8886877777;10240;10228
72;8818299000;8386877777;8886877777;10240;10228
73;8818463000;8386877777;8886877777;10240;10228
74;8818679000;8386877777;8886877777;10240;10228
75;8818689000;8386877777;8886877777;10240;10228
76;8818697000;8386900000;8886900000;10240;10228
78;8818889000;8387244444;8887244444;10240;10228
79;8819075000;8387244444;8887244444;10240;10228
81;8819095000;8428544444;8928544444;10240;10228
82;8819309000;8428544444;8928544444;10240;10228
94;8976824000;8470211111;8970211111;10240;10228
95;8976850000;8470211111;8970211111;10240;10228
96;8976856000;8470211111;8970211111;10240;10228
97;8976860000;8470211111;8970211111;10240;10228
99;8976865000;8470544444;8970544444;10240;10228
100;8976946000;8470544444;8970544444;10240;10228
101;8976957000;8470544444;8970544444;10240;10228
102;8976985000;8511866666;9011866666;10240;10228
103;8976993000;8511866666;9011866666;10240;10228
104;8977000000;8511866666;9011866666;10240;10228
105;8977007000;8511866666;9011866666;10240;10228
83;8977015000;8428544444;8928544444;10240;10228
106;8977023000;8511866666;9011866666;10240;10228
107;8977031000;8511866666;9011866666;10240;10228
108;8977055000;8511866666;9011866666;10240;10228
109;8977074000;8511877777;9011877777;10240;10228
110;8977083000;8512188888;9012188888;10240;10228
111;8977095000;8512188888;9012188888;10240;10228
112;8977107000;8512188888;9012188888;10240;10228
113;8977123000;8553544444;9053544444;10240;10228
117;8977132000;8553544444;9053544444;10240;10228
118;8977141000;8553544444;9053544444;10240;10228
119;8977158000;8553544444;9053544444;10240;10228
120;8977168000;8553566666;9053566666;10240;10228
85;8977198000;8428544444;8928544444;10240;10228
121;8977248000;8553900000;9053900000;10240;10228
122;8977258000;8553900000;9053900000;10240;10228
123;8977265000;8553900000;9053900000;10240;10228
124;8977298000;8595211111;9095211111;10240;10228
125;8977306000;8595211111;9095211111;10240;10228
126;8977315000;8595211111;9095211111;10240;10228
127;8977357000;8595211111;9095211111;10240;10228
128;8977365000;8595211111;9095211111;10240;10228
93;8978011000;8470211111;8970211111;10240;10228
94;8978220000;8470211111;8970211111;10240;10228
96;8978247000;8470211111;8970211111;10240;10228
97;8978423000;8470211111;8970211111;10240;10228
98;8978447000;8470222222;8970222222;10240;10228
99;8978643000;8470544444;8970544444;10240;10228
100;8978670000;8470544444;8970544444;10240;10228
101;8978849000;8470544444;8970544444;10240;10228
102;8978876000;8511866666;9011866666;10240;10228
103;8979037000;8511866666;9011866666;10240;10228
104;8979272000;8511866666;9011866666;10240;10228
105;8979304000;8511866666;9011866666;10240;10228
106;8979465000;8511866666;9011866666;10240;10228
107;8979477000;8511866666;9011866666;10240;10228
108;8979667000;8511866666;9011866666;10240;10228
112;8979679000;8512188888;9012188888;10240;10228
113;8979871000;8553544444;9053544444;10240;10228
114;8980079000;8553544444;9053544444;10240;10228
115;8980113000;8553544444;9053544444;10240;10228
116;8980284000;8553544444;9053544444;10240;10228
117;8980308000;8553544444;9053544444;10240;10228
118;8980488000;8553544444;9053544444;10240;10228
119;8980690000;8553544444;9053544444;10240;10228
120;8980702000;8553566666;9053566666;10240;10228
129;9137107000;8595211111;9095211111;10240;10228
130;9137119000;8595211111;9095211111;10240;10228
131;9137123000;8595233333;9095233333;10240;10228
132;9137128000;8595511111;9095511111;10240;10228
133;9137140000;8595511111;9095511111;10240;10228
134;9137144000;8595511111;9095511111;10240;10228
135;9137156000;8636877777;9136877777;10240;10228
136;9137161000;8636877777;9136877777;10240;10228
137;9137166000;8636877777;9136877777;10240;10228
139;9137174000;8636877777;9136877777;10240;10228
140;9137206000;8636877777;9136877777;10240;10228
121;9137269000;8553900000;9053900000;10240;10228
142;9137295000;8636888888;9136888888;10240;10228
143;9137320000;8637166666;9137166666;10240;10228
144;9137358000;8637166666;9137166666;10240;10228
145;9137392000;8637166666;9137166666;10240;10228
146;9137410000;8678522222;9178522222;10240;10228
147;9137444000;8678522222;9178522222;10240;10228
148;9137453000;8678522222;9178522222;10240;10228
149;9137487000;8678522222;9178522222;10240;10228
150;9137495000;8678522222;9178522222;10240;10228
153;9137519000;8678544444;9178544444;10240;10228
122;9137528000;8553900000;9053900000;10240;10228
154;9137551000;8678955555;9178955555;10240;10228
155;9137568000;8678955555;9178955555;10240;10228
156;9137582000;8678955555;9178955555;10240;10228
157;9137610000;8720211111;9220211111;10240;10228
158;9137622000;8720211111;9220211111;10240;10228
159;9137644000;8720211111;9220211111;10240;10228
160;9137652000;8720211111;9220211111;10240;10228
164;9137667000;8720222222;9220222222;10240;10228
123;9137676000;8553900000;9053900000;10240;10228
125;9137699000;8595211111;9095211111;10240;10228
165;9137780000;8720533333;9220533333;10240;10228
168;9137798000;8761900000;9261900000;10240;10228
169;9137804000;8761900000;9261900000;10240;10228
170;9137814000;8761900000;9261900000;10240;10228
171;9137821000;8761900000;9261900000;10240;10228
172;9137827000;8761900000;9261900000;10240;10228
173;9137835000;8761900000;9261900000;10240;10228
174;9137842000;8761900000;9261900000;10240;10228
175;9137849000;8761922222;9261922222;10240;10228
176;9137857000;8762222222;9262222222;10240;10228
177;9137865000;8762222222;9262222222;10240;10228
178;9137872000;8762222222;9262222222;10240;10228
128;9138065000;8595211111;9095211111;10240;10228
129;9138259000;8595211111;9095211111;10240;10228
130;9138283000;8595211111;9095211111;10240;10228
131;9138472000;8595233333;9095233333;10240;10228
132;9138509000;8595511111;9095511111;10240;10228
133;9138696000;8595511111;9095511111;10240;10228
135;9138720000;8636877777;9136877777;10240;10228
136;9138888000;8636877777;9136877777;10240;10228
137;9138917000;8636877777;9136877777;10240;10228
138;9139089000;8636877777;9136877777;10240;10228
139;9139310000;8636877777;9136877777;10240;10228
140;9139346000;8636877777;9136877777;10240;10228
141;9139522000;8636877777;9136877777;10240;10228
144;9139548000;8637166666;9137166666;10240;10228
145;9139709000;8637166666;9137166666;10240;10228
146;9139735000;8678522222;9178522222;10240;10228
147;9139912000;8678522222;9178522222;10240;10228
148;9140140000;8678522222;9178522222;10240;10228
149;9140168000;8678522222;9178522222;10240;10228
150;9140335000;8678522222;9178522222;10240;10228
151;9140359000;8678522222;9178522222;10240;10228
152;9140539000;8678522222;9178522222;10240;10228
153;9140563000;8678544444;9178544444;10240;10228
154;9140744000;8678955555;9178955555;10240;10228
155;9140755000;8678955555;9178955555;10240;10228
180;9297615000;8803544444;9303544444;10240;10228
181;9297630000;8803544444;9303544444;10240;10228
182;9297635000;8803544444;9303544444;10240;10228
183;9297639000;8803544444;9303544444;10240;10228
156;9297643000;8678955555;9178955555;10240;10228
184;9297665000;8803544444;9303544444;10240;10228
185;9297671000;8803544444;9303544444;10240;10228
186;9297685000;8803555555;9303555555;10240;10228
187;9297690000;8803844444;9303844444;10240;10228
188;9297710000;8803844444;9303844444;10240;10228
189;9297734000;8803844444;9303844444;10240;10228
190;9297751000;8845211111;9345211111;10240;10228
191;9297769000;8845211111;9345211111;10240;10228
192;9297774000;8845211111;9345211111;10240;10228
193;9297784000;8845211111;9345211111;10240;10228
194;9297789000;8845211111;9345211111;10240;10228
195;9297808000;8845211111;9345211111;10240;10228
196;9297813000;8845211111;9345211111;10240;10228
197;9297817000;8845222222;9345222222;10240;10228
157;9297821000;8720211111;9220211111;10240;10228
199;9297949000;8845500000;9345500000;10240;10228
200;9297965000;8845500000;9345500000;10240;10228
202;9297970000;8886877777;9386877777;10240;10228
203;9297980000;8886877777;9386877777;10240;10228
204;9297987000;8886877777;9386877777;10240;10228
205;9297991000;8886877777;9386877777;10240;10228
206;9297996000;8886877777;9386877777;10240;10228
207;9298001000;8886877777;9386877777;10240;10228
208;9298005000;8886888888;9386888888;10240;10228
209;9298009000;8887177777;9387177777;10240;10228
158;9298013000;8720211111;9220211111;10240;10228
159;9298034000;8720211111;9220211111;10240;10228
210;9298190000;8887177777;9387177777;10240;10228
211;9298202000;8887177777;9387177777;10240;10228
212;9298207000;8928544444;9428544444;10240;10228
213;9298214000;8928544444;9428544444;10240;10228
214;9298223000;8928544444;9428544444;10240;10228
215;9298228000;8928544444;9428544444;10240;10228
216;9298232000;8928544444;9428544444;10240;10228
217;9298237000;8928544444;9428544444;10240;10228
218;9298246000;8928544444;9428544444;10240;10228
219;9298250000;8928566666;9428566666;10240;10228
220;9298261000;8928866666;9428866666;10240;10228
221;9298266000;8928866666;9428866666;10240;10228
222;9298276000;8928866666;9428866666;10240;10228
223;9298281000;8970211111;9470211111;10240;10228
224;9298287000;8970211111;9470211111;10240;10228
226;9298424000;8970211111;9470211111;10240;10228
227;9298453000;8970211111;9470211111;10240;10228
228;9298464000;8970211111;9470211111;10240;10228
229;9298472000;8970211111;9470211111;10240;10228
230;9298477000;8970233333;9470233333;10240;10228
176;9299832000;8762222222;9262222222;10240;10228
179;9300016000;8803544444;9303544444;10240;10228
180;9300041000;8803544444;9303544444;10240;10228
181;9300263000;8803544444;9303544444;10240;10228
182;9300292000;8803544444;9303544444;10240;10228
183;9300457000;8803544444;9303544444;10240;10228
184;9300659000;8803544444;9303544444;10240;10228
185;9300683000;8803544444;9303544444;10240;10228
186;9300862000;8803555555;9303555555;10240;10228
187;9300887000;8803844444;9303844444;10240;10228
188;9301036000;8803844444;9303844444;10240;10228
189;9301063000;8803844444;9303844444;10240;10228
190;9301258000;8845211111;9345211111;10240;10228
191;9301460000;8845211111;9345211111;10240;10228
192;9301486000;8845211111;9345211111;10240;10228
194;9301664000;8845211111;9345211111;10240;10228
195;9301692000;8845211111;9345211111;10240;10228
196;9301869000;8845211111;9345211111;10240;10228
197;9301896000;8845222222;9345222222;10240;10228
198;9302099000;8845500000;9345500000;10240;10228
199;9302125000;8845500000;9345500000;10240;10228
200;9302300000;8845500000;9345500000;10240;10228
201;9302324000;8886877777;9386877777;10240;10228
202;9302502000;8886877777;9386877777;10240;10228
203;9302699000;8886877777;9386877777;10240;10228
231;9458116000;8970511111;9470511111;10240;10228
232;9458131000;8970511111;9470511111;10240;10228
233;9458137000;8970511111;9470511111;10240;10228
234;9458141000;9011855555;9511855555;10240;10228
235;9458146000;9011855555;9511855555;10240;10228
204;9458152000;8886877777;9386877777;10240;10228
236;9458173000;9011855555;9511855555;10240;10228
237;9458177000;9011855555;9511855555;10240;10228
238;9458196000;9011855555;9511855555;10240;10228
239;9458201000;9011855555;9511855555;10240;10228
240;9458208000;9011855555;9511855555;10240;10228
241;9458222000;9011877777;9511877777;10240;10228
242;9458241000;9012266666;9512266666;10240;10228
244;9458253000;9012266666;9512266666;10240;10228
248;9458258000;9053511111;9553511111;10240;10228
249;9458264000;9053511111;9553511111;10240;10228
250;9458271000;9053511111;9553511111;10240;10228
205;9458282000;8886877777;9386877777;10240;10228
251;9458405000;9053511111;9553511111;10240;10228
252;9458416000;9053533333;9553533333;10240;10228
253;9458420000;9053955555;9553955555;10240;10228
254;9458425000;9053955555;9553955555;10240;10228
255;9458429000;9053955555;9553955555;10240;10228
256;9458433000;9095211111;9595211111;10240;10228
257;9458445000;9095211111;9595211111;10240;10228
258;9458454000;9095211111;9595211111;10240;10228
259;9458460000;9095211111;9595211111;10240;10228
260;9458467000;9095211111;9595211111;10240;10228
261;9458472000;9095211111;9595211111;10240;10228
262;9458483000;9095211111;9595211111;10240;10228
263;9458489000;9095233333;9595233333;10240;10228
264;9458495000;9095500000;9595500000;10240;10228
265;9458505000;9095500000;9595500000;10240;10228
266;9458510000;9095500000;9595500000;10240;10228
269;9458642000;9136877777;9636877777;10240;10228
270;9458657000;9136877777;9636877777;10240;10228
271;9458668000;9136877777;9636877777;10240;10228
272;9458672000;9136877777;9636877777;10240;10228
273;9458677000;9136877777;9636877777;10240;10228
274;9458681000;9136888888;9636888888;10240;10228
275;9458686000;9137277777;9637277777;10240;10228
276;9458697000;9137277777;9637277777;10240;10228
277;9458701000;9137277777;9637277777;10240;10228
278;9458710000;9178511111;9678511111;10240;10228
279;9458728000;9178511111;9678511111;10240;10228
280;9458733000;9178511111;9678511111;10240;10228
281;9458737000;9178511111;9678511111;10240;10228
282;9458741000;9178511111;9678511111;10240;10228
283;9458752000;9178511111;9678511111;10240;10228
284;9458898000;9178511111;9678511111;10240;10228
225;9458910000;8970211111;9470211111;10240;10228
220;9459925000;8928866666;9428866666;10240;10228
222;9460131000;8928866666;9428866666;10240;10228
223;9460334000;8970211111;9470211111;10240;10228
225;9460373000;8970211111;9470211111;10240;10228
226;9460529000;8970211111;9470211111;10240;10228
227;9460556000;8970211111;9470211111;10240;10228
228;9460732000;8970211111;9470211111;10240;10228
229;9460757000;8970211111;9470211111;10240;10228
230;9460937000;8970233333;9470233333;10240;10228
231;9460962000;8970511111;9470511111;10240;10228
232;9461162000;8970511111;9470511111;10240;10228
233;9461347000;8970511111;9470511111;10240;10228
234;9461374000;9011855555;9511855555;10240;10228
235;9461551000;9011855555;9511855555;10240;10228
236;9461577000;9011855555;9511855555;10240;10228
237;9461758000;9011855555;9511855555;10240;10228
238;9461947000;9011855555;9511855555;10240;10228
239;9461970000;9011855555;9511855555;10240;10228
240;9462186000;9011855555;9511855555;10240;10228
241;9462209000;9011877777;9511877777;10240;10228
242;9462370000;9012266666;9512266666;10240;10228
243;9462396000;9012266666;9512266666;10240;10228
244;9462596000;9012266666;9512266666;10240;10228
285;9618769000;9178533333;9678533333;10240;10228
286;9618796000;9178922222;9678922222;10240;10228
287;9618823000;9178922222;9678922222;10240;10228
288;9618889000;9178922222;9678922222;10240;10228
289;9618897000;9220200000;9720200000;10240;10228
290;9618901000;9220200000;9720200000;10240;10228
291;9618909000;9220200000;9720200000;10240;10228
292;9618920000;9220200000;9720200000;10240;10228
293;9618925000;9220200000;9720200000;10240;10228
294;9618984000;9220200000;9720200000;10240;10228
295;9618991000;9220200000;9720200000;10240;10228
296;9618995000;9220211111;9720211111;10240;10228
297;9618999000;9220522222;9720522222;10240;10228
298;9619029000;9220522222;9720522222;10240;10228
299;9619034000;9220522222;9720522222;10240;10228
267;9619054000;9136877777;9636877777;10240;10228
268;9619095000;9136877777;9636877777;10240;10228
300;9619118000;9261877777;9761877777;10240;10228
301;9619123000;9261877777;9761877777;10240;10228
302;9619137000;9261877777;9761877777;10240;10228
303;9619156000;9261877777;9761877777;10240;10228
304;9619184000;9261877777;9761877777;10240;10228
305;9619193000;9261877777;9761877777;10240;10228
306;9619197000;9261877777;9761877777;10240;10228
307;9619231000;9261900000;9761900000;10240;10228
308;9619239000;9262177777;9762177777;10240;10228
309;9619259000;9262177777;9762177777;10240;10228
310;9619269000;9262177777;9762177777;10240;10228
311;9619277000;9303544444;9803544444;10240;10228
312;9619287000;9303544444;9803544444;10240;10228
313;9619293000;9303544444;9803544444;10240;10228
264;9620820000;9095500000;9595500000;10240;10228
265;9620847000;9095500000;9595500000;10240;10228
266;9621047000;9095500000;9595500000;10240;10228
267;9621073000;9136877777;9636877777;10240;10228
268;9621231000;9136877777;9636877777;10240;10228
269;9621450000;9136877777;9636877777;10240;10228
270;9621476000;9136877777;9636877777;10240;10228
271;9621655000;9136877777;9636877777;10240;10228
272;9621681000;9136877777;9636877777;10240;10228
273;9621861000;9136877777;9636877777;10240;10228
274;9621878000;9136888888;9636888888;10240;10228
275;9622083000;9137277777;9637277777;10240;10228
276;9622109000;9137277777;9637277777;10240;10228
277;9622271000;9137277777;9637277777;10240;10228
279;9622493000;9178511111;9678511111;10240;10228
280;9622517000;9178511111;9678511111;10240;10228
281;9622691000;9178511111;9678511111;10240;10228
282;9622714000;9178511111;9678511111;10240;10228
283;9622884000;9178511111;9678511111;10240;10228
284;9622911000;9178511111;9678511111;10240;10228
285;9623162000;9178533333;9678533333;10240;10228
286;9623184000;9178922222;9678922222;10240;10228
287;9623325000;9178922222;9678922222;10240;10228
288;9623349000;9178922222;9678922222;10240;10228
289;9623498000;9220200000;9720200000;10240;10228
290;9623704000;9220200000;9720200000;10240;10228
291;9623727000;9220200000;9720200000;10240;10228
314;9778980000;9303544444;9803544444;10240;10228
315;9778990000;9303544444;9803544444;10240;10228
316;9778996000;9303544444;9803544444;10240;10228
317;9779077000;9303544444;9803544444;10240;10228
318;9779089000;9303566666;9803566666;10240;10228
319;9779095000;9303955555;9803955555;10240;10228
320;9779108000;9303955555;9803955555;10240;10228
292;9779183000;9220200000;9720200000;10240;10228
321;9779200000;9303955555;9803955555;10240;10228
322;9779262000;9345188888;9845188888;10240;10228
323;9779275000;9345188888;9845188888;10240;10228
324;9779304000;9345188888;9845188888;10240;10228
325;9779313000;9345188888;9845188888;10240;10228
326;9779325000;9345188888;9845188888;10240;10228
327;9779376000;9345188888;9845188888;10240;10228
328;9779388000;9345188888;9845188888;10240;10228
329;9779395000;9345211111;9845211111;10240;10228
330;9779422000;9345588888;9845588888;10240;10228
333;9779462000;9386855555;9886855555;10240;10228
334;9779488000;9386855555;9886855555;10240;10228
335;9779497000;9386855555;9886855555;10240;10228
336;9779504000;9386855555;9886855555;10240;10228
337;9779536000;9386855555;9886855555;10240;10228
338;9779554000;9386855555;9886855555;10240;10228
339;9779567000;9386855555;9886855555;10240;10228
341;9779578000;9387255555;9887255555;10240;10228
342;9779591000;9387255555;9887255555;10240;10228
343;9779602000;9387255555;9887255555;10240;10228
344;9779614000;9428511111;9928511111;10240;10228
308;9780989000;9262177777;9762177777;10240;10228
309;9781191000;9262177777;9762177777;10240;10228
310;9781406000;9262177777;9762177777;10240;10228
311;9781439000;9303544444;9803544444;10240;10228
312;9781635000;9303544444;9803544444;10240;10228
313;9781658000;9303544444;9803544444;10240;10228
314;9781831000;9303544444;9803544444;10240;10228
315;9781854000;9303544444;9803544444;10240;10228
316;9782012000;9303544444;9803544444;10240;10228
317;9782229000;9303544444;9803544444;10240;10228
318;9782255000;9303566666;9803566666;10240;10228
319;9782434000;9303955555;9803955555;10240;10228
320;9782459000;9303955555;9803955555;10240;10228
321;9782648000;9303955555;9803955555;10240;10228
322;9782658000;9345188888;9845188888;10240;10228
323;9782873000;9345188888;9845188888;10240;10228
324;9782892000;9345188888;9845188888;10240;10228
325;9783034000;9345188888;9845188888;10240;10228
326;9783272000;9345188888;9845188888;10240;10228
327;9783284000;9345188888;9845188888;10240;10228
328;9783484000;9345188888;9845188888;10240;10228
331;9783505000;9345588888;9845588888;10240;10228
332;9783692000;9345588888;9845588888;10240;10228
333;9783726000;9386855555;9886855555;10240;10228
335;9783896000;9386855555;9886855555;10240;10228
348;9939334000;9428511111;9928511111;10240;10228
349;9939346000;9428511111;9928511111;10240;10228
350;9939351000;9428511111;9928511111;10240;10228
351;9939354000;9428533333;9928533333;10240;10228
352;9939441000;9428911111;9928911111;10240;10228
353;9939454000;9428911111;9928911111;10240;10228
354;9939458000;9428911111;9928911111;10240;10228
336;9939466000;9386855555;9886855555;10240;10228
355;9939471000;9470200000;9970200000;10240;10228
356;9939476000;9470200000;9970200000;10240;10228
357;9939561000;9470200000;9970200000;10240;10228
358;9939573000;9470200000;9970200000;10240;10228
359;9939578000;9470200000;9970200000;10240;10228
360;9939586000;9470200000;9970200000;10240;10228
361;9939598000;9470200000;9970200000;10240;10228
362;9939660000;9470222222;9970222222;10240;10228
363;9939675000;9470588888;9970588888;10240;10228
364;9939680000;9470588888;9970588888;10240;10228
337;9939685000;9386855555;9886855555;10240;10228
338;9939695000;9386855555;9886855555;10240;10228
366;9939706000;9511866666;10011866666;10240;10228
367;9939711000;9511866666;10011866666;10240;10228
368;9939716000;9511866666;10011866666;10240;10228
369;9939784000;9511866666;10011866666;10240;10228
370;9939795000;9511866666;10011866666;10240;10228
371;9939799000;9511866666;10011866666;10240;10228
372;9939803000;9511866666;10011866666;10240;10228
373;9939806000;9511888888;10011888888;10240;10228
374;9939870000;9512255555;10012255555;10240;10228
375;9939885000;9512255555;10012255555;10240;10228
344;9940288000;9428511111;9928511111;10240;10228
345;9940472000;9428511111;9928511111;10240;10228
346;9940498000;9428511111;9928511111;10240;10228
347;9940674000;9428511111;9928511111;10240;10228
348;9940878000;9428511111;9928511111;10240;10228
349;9940911000;9428511111;9928511111;10240;10228
350;9941094000;9428511111;9928511111;10240;10228
351;9941119000;9428533333;9928533333;10240;10228
352;9941301000;9428911111;9928911111;10240;10228
353;9941323000;9428911111;9928911111;10240;10228
354;9941495000;9428911111;9928911111;10240;10228
355;9941699000;9470200000;9970200000;10240;10228
356;9941712000;9470200000;9970200000;10240;10228
357;9941911000;9470200000;9970200000;10240;10228
358;9941923000;9470200000;9970200000;10240;10228
359;9942120000;9470200000;9970200000;10240;10228
360;9942137000;9470200000;9970200000;10240;10228
361;9942312000;9470200000;9970200000;10240;10228
362;9942324000;9470222222;9970222222;10240;10228
363;9942515000;9470588888;9970588888;10240;10228
364;9942721000;9470588888;9970588888;10240;10228
365;9942731000;9470588888;9970588888;10240;10228
366;9942926000;9511866666;10011866666;10240;10228
367;9942936000;9511866666;10011866666;10240;10228
368;9943114000;9511866666;10011866666;10240;10228
369;9943320000;9511866666;10011866666;10240;10228
370;9943329000;9511866666;10011866666;10240;10228
371;9943539000;9511866666;10011866666;10240;10228
376;10099627000;9512255555;10012255555;10240;10228
377;10099665000;9553544444;10053544444;10240;10228
378;10099673000;9553544444;10053544444;10240;10228
379;10099678000;9553544444;10053544444;10240;10228
380;10099701000;9553544444;10053544444;10240;10228
382;10099717000;9553544444;10053544444;10240;10228
383;10099738000;9553544444;10053544444;10240;10228
384;10099745000;9553566666;10053566666;10240;10228
385;10099775000;9553844444;10053844444;10240;10228
386;10099780000;9553844444;10053844444;10240;10228
387;10099789000;9553844444;10053844444;10240;10228
388;10099794000;9595211111;10095211111;10240;10228
391;10099844000;9595211111;10095211111;10240;10228
392;10099851000;9595211111;10095211111;10240;10228
372;10099855000;9511866666;10011866666;10240;10228
393;10099863000;9595211111;10095211111;10240;10228
394;10099881000;9595211111;10095211111;10240;10228
395;10099886000;9595222222;10095222222;10240;10228
396;10099897000;9595500000;10095500000;10240;10228
397;10099902000;9595500000;10095500000;10240;10228
398;10099919000;9595500000;10095500000;10240;10228
399;10099942000;9636855555;10136855555;10240;10228
400;10099949000;9636855555;10136855555;10240;10228
401;10099970000;9636855555;10136855555;10240;10228
402;10099983000;9636855555;10136855555;10240;10228
373;10099992000;9511888888;10011888888;10240;10228
374;10100002000;9512255555;10012255555;10240;10228
403;10100013000;9636855555;10136855555;10240;10228
404;10100027000;9636855555;10136855555;10240;10228
405;10100037000;9636855555;10136855555;10240;10228
406;10100072000;9636877777;10136877777;10240;10228
375;10100172000;9512255555;10012255555;10240;10228
376;10100356000;9512255555;10012255555;10240;10228
377;10100371000;9553544444;10053544444;10240;10228
378;10100570000;9553544444;10053544444;10240;10228
379;10100605000;9553544444;10053544444;10240;10228
380;10100780000;9553544444;10053544444;10240;10228
381;10100805000;9553544444;10053544444;10240;10228
382;10100983000;9553544444;10053544444;10240;10228
383;10101201000;9553544444;10053544444;10240;10228
384;10101232000;9553566666;10053566666;10240;10228
385;10101398000;9553844444;10053844444;10240;10228
386;10101418000;9553844444;10053844444;10240;10228
387;10101599000;9553844444;10053844444;10240;10228
388;10101610000;9595211111;10095211111;10240;10228
389;10101802000;9595211111;10095211111;10240;10228
392;10101992000;9595211111;10095211111;10240;10228
393;10102004000;9595211111;10095211111;10240;10228
394;10102245000;9595211111;10095211111;10240;10228
396;10102258000;9595500000;10095500000;10240;10228
397;10102435000;9595500000;10095500000;10240;10228
398;10102457000;9595500000;10095500000;10240;10228
401;10102648000;9636855555;10136855555;10240;10228
402;10102845000;9636855555;10136855555;10240;10228
407;10259933000;9637233333;10137233333;10240;10228
408;10259956000;9637233333;10137233333;10240;10228
409;10259965000;9637233333;10137233333;10240;10228
410;10259971000;9678511111;10178511111;10240;10228
411;10260000000;9678511111;10178511111;10240;10228
412;10260005000;9678511111;10178511111;10240;10228
413;10260010000;9678511111;10178511111;10240;10228
414;10260014000;9678511111;10178511111;10240;10228
415;10260018000;9678511111;10178511111;10240;10228
416;10260022000;9678511111;10178511111;10240;10228
417;10260027000;9678533333;10178533333;10240;10228
418;10260034000;9678911111;10178911111;10240;10228
419;10260040000;9678911111;10178911111;10240;10228
420;10260136000;9678911111;10178911111;10240;10228
422;10260148000;9720200000;10220200000;10240;10228
423;10260166000;9720200000;10220200000;10240;10228
424;10260177000;9720200000;10220200000;10240;10228
425;10260183000;9720200000;10220200000;10240;10228
426;10260187000;9720200000;10220200000;10240;10228
403;10260203000;9636855555;10136855555;10240;10228
427;10260224000;9720200000;10220200000;10240;10228
428;10260230000;9720222222;10220222222;10240;10228
429;10260246000;9720644444;10220644444;10240;10228
430;10260251000;9720644444;10220644444;10240;10228
431;10260257000;9720644444;10220644444;10240;10228
432;10260271000;9761877777;10261877777;10240;10228
433;10260282000;9761877777;10261877777;10240;10228
434;10260303000;9761877777;10261877777;10240;10228
435;10260308000;9761877777;10261877777;10240;10228
436;10260317000;9761877777;10261877777;10240;10228
437;10260323000;9761877777;10261877777;10240;10228
405;10260546000;9636855555;10136855555;10240;10228
406;10260577000;9636877777;10136877777;10240;10228
407;10260584000;9637233333;10137233333;10240;10228
408;10260745000;9637233333;10137233333;10240;10228
410;10260941000;9678511111;10178511111;10240;10228
411;10260968000;9678511111;10178511111;10240;10228
412;10261151000;9678511111;10178511111;10240;10228
413;10261177000;9678511111;10178511111;10240;10228
414;10261361000;9678511111;10178511111;10240;10228
415;10261549000;9678511111;10178511111;10240;10228
416;10261585000;9678511111;10178511111;10240;10228
417;10261745000;9678533333;10178533333;10240;10228
418;10261766000;9678911111;10178911111;10240;10228
419;10261951000;9678911111;10178911111;10240;10228
420;10261963000;9678911111;10178911111;10240;10228
421;10262163000;9720200000;10220200000;10240;10228
422;10262365000;9720200000;10220200000;10240;10228
423;10262384000;9720200000;10220200000;10240;10228
424;10262579000;9720200000;10220200000;10240;10228
425;10262588000;9720200000;10220200000;10240;10228
426;10262771000;9720200000;10220200000;10240;10228
427;10262781000;9720200000;10220200000;10240;10228
428;10262957000;9720222222;10220222222;10240;10228
429;10263179000;9720644444;10220644444;10240;10228
430;10263200000;9720644444;10220644444;10240;10228
431;10263383000;9720644444;10220644444;10240;10228
432;10263403000;9761877777;10261877777;10240;10228
433;10263599000;9761877777;10261877777;10240;10228
439;10420222000;9761900000;10261900000;10240;10228
440;10420249000;9762211111;10262211111;10240;10228
441;10420254000;9762211111;10262211111;10240;10228
442;10420259000;9762211111;10262211111;10240;10228
443;10420264000;9803522222;10303522222;10240;10228
444;10420295000;9803522222;10303522222;10240;10228
445;10420300000;9803522222;10303522222;10240;10228
446;10420365000;9803522222;10303522222;10240;10228
447;10420386000;9803522222;10303522222;10240;10228
448;10420391000;9803522222;10303522222;10240;10228
449;10420395000;9803522222;10303522222;10240;10228
450;10420399000;9803544444;10303544444;10240;10228
451;10420416000;9803911111;10303911111;10240;10228
452;10420423000;9803911111;10303911111;10240;10228
434;10420429000;9761877777;10261877777;10240;10228
453;10420488000;9803911111;10303911111;10240;10228
454;10420499000;9845177777;10345177777;10240;10228
455;10420504000;9845177777;10345177777;10240;10228
456;10420511000;9845177777;10345177777;10240;10228
457;10420515000;9845177777;10345177777;10240;10228
459;10420519000;9845177777;10345177777;10240;10228
460;10420593000;9845177777;10345177777;10240;10228
461;10420604000;9845200000;10345200000;10240;10228
462;10420609000;9845544444;10345544444;10240;10228
435;10420623000;9761877777;10261877777;10240;10228
463;10420636000;9845544444;10345544444;10240;10228
464;10420652000;9845544444;10345544444;10240;10228
466;10420672000;9886877777;10386877777;10240;10228
467;10420678000;9886877777;10386877777;10240;10228
468;10420683000;9886877777;10386877777;10240;10228
469;10420744000;9886877777;10386877777;10240;10228
437;10420947000;9761877777;10261877777;10240;10228
438;10421005000;9761877777;10261877777;10240;10228
439;10421017000;9761900000;10261900000;10240;10228
440;10421227000;9762211111;10262211111;10240;10228
441;10421241000;9762211111;10262211111;10240;10228
442;10421422000;9762211111;10262211111;10240;10228
443;10421431000;9803522222;10303522222;10240;10228
444;10421626000;9803522222;10303522222;10240;10228
445;10421830000;9803522222;10303522222;10240;10228
446;10421853000;9803522222;10303522222;10240;10228
447;10422019000;9803522222;10303522222;10240;10228
448;10422026000;9803522222;10303522222;10240;10228
449;10422247000;9803522222;10303522222;10240;10228
450;10422261000;9803544444;10303544444;10240;10228
451;10422443000;9803911111;10303911111;10240;10228
452;10422648000;9803911111;10303911111;10240;10228
453;10422655000;9803911111;10303911111;10240;10228
454;10422852000;9845177777;10345177777;10240;10228
455;10422860000;9845177777;10345177777;10240;10228
456;10423041000;9845177777;10345177777;10240;10228
457;10423247000;9845177777;10345177777;10240;10228
458;10423252000;9845177777;10345177777;10240;10228
459;10423521000;9845177777;10345177777;10240;10228
460;10423530000;9845177777;10345177777;10240;10228
461;10423708000;9845200000;10345200000;10240;10228
462;10423727000;9845544444;10345544444;10240;10228
463;10423916000;9845544444;10345544444;10240;10228
464;10423925000;9845544444;10345544444;10240;10228
470;10580451000;9886877777;10386877777;10240;10228
471;10580465000;9886877777;10386877777;10240;10228
472;10580473000;9886900000;10386900000;10240;10228
473;10580497000;9887166666;10387166666;10240;10228
474;10580507000;9887166666;10387166666;10240;10228
475;10580516000;9887166666;10387166666;10240;10228
476;10580534000;9928544444;10428544444;10240;10228
477;10580544000;9928544444;10428544444;10240;10228
478;10580555000;9928544444;10428544444;10240;10228
479;10580573000;9928544444;10428544444;10240;10228
480;10580587000;9928544444;10428544444;10240;10228
481;10580596000;9928544444;10428544444;10240;10228
482;10580608000;9928544444;10428544444;10240;10228
483;10580646000;9928555555;10428555555;10240;10228
465;10580665000;9886877777;10386877777;10240;10228
486;10580716000;9928877777;10428877777;10240;10228
487;10580752000;9970188888;10470188888;10240;10228
488;10580773000;9970188888;10470188888;10240;10228
489;10580793000;9970188888;10470188888;10240;10228
490;10580804000;9970188888;10470188888;10240;10228
491;10580818000;9970188888;10470188888;10240;10228
492;10580826000;9970188888;10470188888;10240;10228
493;10580857000;9970188888;10470188888;10240;10228
494;10580875000;9970211111;10470211111;10240;10228
466;10580884000;9886877777;10386877777;10240;10228
495;10580926000;9970577777;10470577777;10240;10228
496;10580955000;9970577777;10470577777;10240;10228
497;10580978000;9970577777;10470577777;10240;10228
498;10580990000;10011844444;10511844444;10240;10228
499;10581003000;10011844444;10511844444;10240;10228
500;10581014000;10011844444;10511844444;10240;10228
501;10581028000;10011844444;10511844444;10240;10228
472;10581087000;9886900000;10386900000;10240;10228
473;10581275000;9887166666;10387166666;10240;10228
474;10581300000;9887166666;10387166666;10240;10228
475;10581477000;9887166666;10387166666;10240;10228
476;10581502000;9928544444;10428544444;10240;10228
477;10581675000;9928544444;10428544444;10240;10228
478;10581682000;9928544444;10428544444;10240;10228
479;10581880000;9928544444;10428544444;10240;10228
481;10582071000;9928544444;10428544444;10240;10228
482;10582077000;9928544444;10428544444;10240;10228
483;10582297000;9928555555;10428555555;10240;10228
484;10582311000;9928877777;10428877777;10240;10228
485;10582496000;9928877777;10428877777;10240;10228
486;10582513000;9928877777;10428877777;10240;10228
487;10582699000;9970188888;10470188888;10240;10228
488;10582903000;9970188888;10470188888;10240;10228
489;10582912000;9970188888;10470188888;10240;10228
490;10583116000;9970188888;10470188888;10240;10228
491;10583131000;9970188888;10470188888;10240;10228
492;10583312000;9970188888;10470188888;10240;10228
493;10583325000;9970188888;10470188888;10240;10228
494;10583517000;9970211111;10470211111;10240;10228
495;10583524000;9970577777;10470577777;10240;10228
496;10583722000;9970577777;10470577777;10240;10228
502;10740723000;10011844444;10511844444;10240;10228
503;10740754000;10011844444;10511844444;10240;10228
504;10740767000;10011844444;10511844444;10240;10228
505;10740801000;10011866666;10511866666;10240;10228
506;10740824000;10012255555;10512255555;10240;10228
507;10740844000;10012255555;10512255555;10240;10228
508;10740861000;10012255555;10512255555;10240;10228
509;10740870000;10053544444;10553544444;10240;10228
510;10740882000;10053544444;10553544444;10240;10228
511;10740916000;10053544444;10553544444;10240;10228
512;10740934000;10053544444;10553544444;10240;10228
513;10740953000;10053544444;10553544444;10240;10228
515;10740963000;10053544444;10553544444;10240;10228
516;10740983000;10053566666;10553566666;10240;10228
517;10740996000;10053855555;10553855555;10240;10228
518;10741023000;10053855555;10553855555;10240;10228
519;10741033000;10053855555;10553855555;10240;10228
520;10741040000;10095211111;10595211111;10240;10228
521;10741092000;10095211111;10595211111;10240;10228
497;10741117000;9970577777;10470577777;10240;10228
522;10741132000;10095211111;10595211111;10240;10228
523;10741160000;10095211111;10595211111;10240;10228
524;10741172000;10095211111;10595211111;10240;10228
525;10741182000;10095211111;10595211111;10240;10228
526;10741210000;10095211111;10595211111;10240;10228
527;10741228000;10095222222;10595222222;10240;10228
528;10741241000;10095511111;10595511111;10240;10228
498;10741251000;10011844444;10511844444;10240;10228
500;10741264000;10011844444;10511844444;10240;10228
529;10741277000;10095511111;10595511111;10240;10228
530;10741286000;10095511111;10595511111;10240;10228
531;10741310000;10136855555;10636855555;10240;10228
532;10741322000;10136855555;10636855555;10240;10228
533;10741343000;10136855555;10636855555;10240;10228
501;10741355000;10011844444;10511844444;10240;10228
502;10741536000;10011844444;10511844444;10240;10228
503;10741551000;10011844444;10511844444;10240;10228
504;10741729000;10011844444;10511844444;10240;10228
505;10741737000;10011866666;10511866666;10240;10228
506;10741933000;10012255555;10512255555;10240;10228
507;10741953000;10012255555;10512255555;10240;10228
508;10742189000;10012255555;10512255555;10240;10228
509;10742399000;10053544444;10553544444;10240;10228
510;10742424000;10053544444;10553544444;10240;10228
511;10742586000;10053544444;10553544444;10240;10228
512;10742620000;10053544444;10553544444;10240;10228
513;10742789000;10053544444;10553544444;10240;10228
514;10742809000;10053544444;10553544444;10240;10228
515;10743000000;10053544444;10553544444;10240;10228
516;10743011000;10053566666;10553566666;10240;10228
517;10743205000;10053855555;10553855555;10240;10228
518;10743406000;10053855555;10553855555;10240;10228
520;10743411000;10095211111;10595211111;10240;10228
521;10743608000;10095211111;10595211111;10240;10228
522;10743613000;10095211111;10595211111;10240;10228
523;10743812000;10095211111;10595211111;10240;10228
524;10743980000;10095211111;10595211111;10240;10228
525;10743986000;10095211111;10595211111;10240;10228
526;10744224000;10095211111;10595211111;10240;10228
527;10744230000;10095222222;10595222222;10240;10228
528;10744423000;10095511111;10595511111;10240;10228
534;10900986000;10136855555;10636855555;10240;10228
535;10901003000;10136855555;10636855555;10240;10228
536;10901011000;10136855555;10636855555;10240;10228
537;10901035000;10136855555;10636855555;10240;10228
538;10901055000;10136877777;10636877777;10240;10228
539;10901076000;10137277777;10637277777;10240;10228
540;10901103000;10137277777;10637277777;10240;10228
541;10901123000;10137277777;10637277777;10240;10228
542;10901134000;10178511111;10678511111;10240;10228
543;10901165000;10178511111;10678511111;10240;10228
544;10901173000;10178511111;10678511111;10240;10228
545;10901180000;10178511111;10678511111;10240;10228
546;10901207000;10178511111;10678511111;10240;10228
547;10901216000;10178511111;10678511111;10240;10228
548;10901228000;10178511111;10678511111;10240;10228
549;10901246000;10178533333;10678533333;10240;10228
529;10901256000;10095511111;10595511111;10240;10228
551;10901264000;10178977777;10678977777;10240;10228
552;10901298000;10178977777;10678977777;10240;10228
553;10901316000;10220211111;10720211111;10240;10228
554;10901326000;10220211111;10720211111;10240;10228
530;10901391000;10095511111;10595511111;10240;10228
555;10901419000;10220211111;10720211111;10240;10228
556;10901437000;10220211111;10720211111;10240;10228
557;10901482000;10220211111;10720211111;10240;10228
558;10901491000;10220211111;10720211111;10240;10228
559;10901505000;10220211111;10720211111;10240;10228
561;10901524000;10220500000;10720500000;10240;10228
563;10901581000;10220500000;10720500000;10240;10228
564;10901601000;10261866666;10761866666;10240;10228
565;10901612000;10261866666;10761866666;10240;10228
533;10901793000;10136855555;10636855555;10240;10228
534;10901812000;10136855555;10636855555;10240;10228
535;10901995000;10136855555;10636855555;10240;10228
536;10902002000;10136855555;10636855555;10240;10228
537;10902209000;10136855555;10636855555;10240;10228
538;10902234000;10136877777;10636877777;10240;10228
539;10902413000;10137277777;10637277777;10240;10228
540;10902610000;10137277777;10637277777;10240;10228
541;10902628000;10137277777;10637277777;10240;10228
542;10902815000;10178511111;10678511111;10240;10228
543;10902820000;10178511111;10678511111;10240;10228
544;10903003000;10178511111;10678511111;10240;10228
545;10903273000;10178511111;10678511111;10240;10228
546;10903295000;10178511111;10678511111;10240;10228
547;10903471000;10178511111;10678511111;10240;10228
548;10903492000;10178511111;10678511111;10240;10228
549;10903686000;10178533333;10678533333;10240;10228
550;10903707000;10178977777;10678977777;10240;10228
551;10903906000;10178977777;10678977777;10240;10228
552;10903918000;10178977777;10678977777;10240;10228
553;10904065000;10220211111;10720211111;10240;10228
554;10904291000;10220211111;10720211111;10240;10228
555;10904314000;10220211111;10720211111;10240;10228
557;10904488000;10220211111;10720211111;10240;10228
558;10904509000;10220211111;10720211111;10240;10228
559;10904692000;10220211111;10720211111;10240;10228
560;10904713000;10220222222;10720222222;10240;10228
566;11061250000;10261866666;10761866666;10240;10228
567;11061265000;10261866666;10761866666;10240;10228
568;11061275000;10261866666;10761866666;10240;10228
569;11061306000;10261866666;10761866666;10240;10228
570;11061315000;10261866666;10761866666;10240;10228
572;11061356000;10262288888;10762288888;10240;10228
573;11061366000;10262288888;10762288888;10240;10228
574;11061373000;10262288888;10762288888;10240;10228
575;11061386000;10303511111;10803511111;10240;10228
576;11061406000;10303511111;10803511111;10240;10228
577;11061430000;10303511111;10803511111;10240;10228
561;11061457000;10220500000;10720500000;10240;10228
578;11061497000;10303511111;10803511111;10240;10228
580;11061505000;10303511111;10803511111;10240;10228
581;11061511000;10303511111;10803511111;10240;10228
582;11061519000;10303533333;10803533333;10240;10228
583;11061636000;10303933333;10803933333;10240;10228
584;11061673000;10303933333;10803933333;10240;10228
585;11061681000;10303933333;10803933333;10240;10228
586;11061694000;10345211111;10845211111;10240;10228
562;11061713000;10220500000;10720500000;10240;10228
587;11061739000;10345211111;10845211111;10240;10228
588;11061757000;10345211111;10845211111;10240;10228
589;11061801000;10345211111;10845211111;10240;10228
590;11061835000;10345211111;10845211111;10240;10228
591;11061858000;10345211111;10845211111;10240;10228
592;11061879000;10345211111;10845211111;10240;10228
593;11061892000;10345233333;10845233333;10240;10228
594;11061904000;10345511111;10845511111;10240;10228
595;11061914000;10345511111;10845511111;10240;10228
596;11061932000;10345511111;10845511111;10240;10228
564;11061949000;10261866666;10761866666;10240;10228
565;11062079000;10261866666;10761866666;10240;10228
566;11062099000;10261866666;10761866666;10240;10228
567;11062273000;10261866666;10761866666;10240;10228
568;11062298000;10261866666;10761866666;10240;10228
569;11062477000;10261866666;10761866666;10240;10228
571;11062504000;10261888888;10761888888;10240;10228
572;11062675000;10262288888;10762288888;10240;10228
573;11062879000;10262288888;10762288888;10240;10228
574;11062898000;10262288888;10762288888;10240;10228
575;11063119000;10303511111;10803511111;10240;10228
576;11063140000;10303511111;10803511111;10240;10228
577;11063337000;10303511111;10803511111;10240;10228
578;11063348000;10303511111;10803511111;10240;10228
579;11063548000;10303511111;10803511111;10240;10228
580;11063741000;10303511111;10803511111;10240;10228
581;11063762000;10303511111;10803511111;10240;10228
582;11063942000;10303533333;10803533333;10240;10228
583;11063953000;10303933333;10803933333;10240;10228
584;11064156000;10303933333;10803933333;10240;10228
585;11064167000;10303933333;10803933333;10240;10228
586;11064362000;10345211111;10845211111;10240;10228
587;11064560000;10345211111;10845211111;10240;10228
588;11064579000;10345211111;10845211111;10240;10228
589;11064756000;10345211111;10845211111;10240;10228
590;11064766000;10345211111;10845211111;10240;10228
591;11064930000;10345211111;10845211111;10240;10228
592;11065150000;10345211111;10845211111;10240;10228
598;11221497000;10386877777;10886877777;10240;10228
599;11221525000;10386877777;10886877777;10240;10228
600;11221537000;10386877777;10886877777;10240;10228
601;11221562000;10386877777;10886877777;10240;10228
602;11221570000;10386877777;10886877777;10240;10228
603;11221594000;10386877777;10886877777;10240;10228
604;11221613000;10386888888;10886888888;10240;10228
605;11221622000;10387177777;10887177777;10240;10228
606;11221648000;10387177777;10887177777;10240;10228
607;11221656000;10387177777;10887177777;10240;10228
608;11221668000;10428522222;10928522222;10240;10228
593;11221690000;10345233333;10845233333;10240;10228
609;11221701000;10428522222;10928522222;10240;10228
610;11221709000;10428522222;10928522222;10240;10228
611;11221721000;10428522222;10928522222;10240;10228
612;11221733000;10428522222;10928522222;10240;10228
613;11221746000;10428522222;10928522222;10240;10228
614;11221754000;10428522222;10928522222;10240;10228
615;11221788000;10428544444;10928544444;10240;10228
594;11221840000;10345511111;10845511111;10240;10228
617;11221866000;10428955555;10928955555;10240;10228
618;11221886000;10428955555;10928955555;10240;10228
619;11221937000;10470177777;10970177777;10240;10228
620;11221951000;10470177777;10970177777;10240;10228
621;11221985000;10470177777;10970177777;10240;10228
622;11221997000;10470177777;10970177777;10240;10228
623;11222004000;10470177777;10970177777;10240;10228
595;11222018000;10345511111;10845511111;10240;10228
596;11222042000;10345511111;10845511111;10240;10228
624;11222110000;10470177777;10970177777;10240;10228
625;11222119000;10470177777;10970177777;10240;10228
626;11222127000;10470200000;10970200000;10240;10228
627;11222139000;10470588888;10970588888;10240;10228
628;11222154000;10470588888;10970588888;10240;10228
629;11222162000;10470588888;10970588888;10240;10228
597;11222247000;10386877777;10886877777;10240;10228
598;11222272000;10386877777;10886877777;10240;10228
599;11222440000;10386877777;10886877777;10240;10228
600;11222646000;10386877777;10886877777;10240;10228
602;11222663000;10386877777;10886877777;10240;10228
604;11222852000;10386888888;10886888888;10240;10228
605;11222871000;10387177777;10887177777;10240;10228
606;11223046000;10387177777;10887177777;10240;10228
607;11223064000;10387177777;10887177777;10240;10228
608;11223271000;10428522222;10928522222;10240;10228
609;11223466000;10428522222;10928522222;10240;10228
610;11223477000;10428522222;10928522222;10240;10228
611;11223670000;10428522222;10928522222;10240;10228
612;11223678000;10428522222;10928522222;10240;10228
613;11223874000;10428522222;10928522222;10240;10228
614;11223886000;10428522222;10928522222;10240;10228
615;11224090000;10428544444;10928544444;10240;10228
616;11224100000;10428955555;10928955555;10240;10228
617;11224284000;10428955555;10928955555;10240;10228
618;11224521000;10428955555;10928955555;10240;10228
619;11224528000;10470177777;10970177777;10240;10228
620;11224722000;10470177777;10970177777;10240;10228
622;11224728000;10470177777;10970177777;10240;10228
630;11381761000;10511877777;11011877777;10240;10228
631;11381789000;10511877777;11011877777;10240;10228
632;11381804000;10511877777;11011877777;10240;10228
633;11381818000;10511877777;11011877777;10240;10228
634;11381848000;10511877777;11011877777;10240;10228
635;11381857000;10511877777;11011877777;10240;10228
636;11381870000;10511877777;11011877777;10240;10228
637;11381879000;10511888888;11011888888;10240;10228
638;11381903000;10512177777;11012177777;10240;10228
639;11381912000;10512177777;11012177777;10240;10228
640;11381920000;10512177777;11012177777;10240;10228
641;11381964000;10553555555;11053555555;10240;10228
642;11381987000;10553555555;11053555555;10240;10228
643;11382003000;10553555555;11053555555;10240;10228
644;11382010000;10553555555;11053555555;10240;10228
645;11382025000;10553555555;11053555555;10240;10228
646;11382033000;10553555555;11053555555;10240;10228
647;11382074000;10553555555;11053555555;10240;10228
648;11382093000;10553577777;11053577777;10240;10228
624;11382112000;10470177777;10970177777;10240;10228
649;11382121000;10553877777;11053877777;10240;10228
650;11382148000;10553877777;11053877777;10240;10228
651;11382156000;10553877777;11053877777;10240;10228
652;11382180000;10595188888;11095188888;10240;10228
653;11382188000;10595188888;11095188888;10240;10228
655;11382203000;10595188888;11095188888;10240;10228
625;11382224000;10470177777;10970177777;10240;10228
626;11382233000;10470200000;10970200000;10240;10228
658;11382346000;10595188888;11095188888;10240;10228
659;11382377000;10595211111;11095211111;10240;10228
627;11382393000;10470588888;10970588888;10240;10228
660;11382415000;10595600000;11095600000;10240;10228
661;11382438000;10595600000;11095600000;10240;10228
662;11382447000;10595600000;11095600000;10240;10228
629;11382593000;10470588888;10970588888;10240;10228
630;11382768000;10511877777;11011877777;10240;10228
631;11382802000;10511877777;11011877777;10240;10228
632;11383007000;10511877777;11011877777;10240;10228
633;11383027000;10511877777;11011877777;10240;10228
634;11383230000;10511877777;11011877777;10240;10228
635;11383433000;10511877777;11011877777;10240;10228
636;11383460000;10511877777;11011877777;10240;10228
638;11383623000;10512177777;11012177777;10240;10228
639;11383659000;10512177777;11012177777;10240;10228
640;11383835000;10512177777;11012177777;10240;10228
641;11383847000;10553555555;11053555555;10240;10228
642;11384004000;10553555555;11053555555;10240;10228
643;11384258000;10553555555;11053555555;10240;10228
644;11384277000;10553555555;11053555555;10240;10228
645;11384452000;10553555555;11053555555;10240;10228
646;11384471000;10553555555;11053555555;10240;10228
647;11384667000;10553555555;11053555555;10240;10228
648;11384675000;10553577777;11053577777;10240;10228
650;11384858000;10553877777;11053877777;10240;10228
651;11385028000;10553877777;11053877777;10240;10228
652;11385039000;10595188888;11095188888;10240;10228
653;11385264000;10595188888;11095188888;10240;10228
654;11385285000;10595188888;11095188888;10240;10228
663;11542053000;10636844444;11136844444;10240;10228
664;11542099000;10636844444;11136844444;10240;10228
665;11542115000;10636844444;11136844444;10240;10228
666;11542127000;10636844444;11136844444;10240;10228
667;11542152000;10636844444;11136844444;10240;10228
668;11542163000;10636844444;11136844444;10240;10228
669;11542180000;10636844444;11136844444;10240;10228
670;11542202000;10636866666;11136866666;10240;10228
671;11542221000;10637244444;11137244444;10240;10228
673;11542233000;10637244444;11137244444;10240;10228
674;11542252000;10678544444;11178544444;10240;10228
675;11542261000;10678544444;11178544444;10240;10228
677;11542290000;10678544444;11178544444;10240;10228
658;11542298000;10595188888;11095188888;10240;10228
678;11542307000;10678544444;11178544444;10240;10228
679;11542315000;10678544444;11178544444;10240;10228
680;11542322000;10678544444;11178544444;10240;10228
681;11542331000;10678566666;11178566666;10240;10228
682;11542350000;10678866666;11178866666;10240;10228
683;11542360000;10678866666;11178866666;10240;10228
684;11542369000;10678866666;11178866666;10240;10228
685;11542394000;10720211111;11220211111;10240;10228
686;11542403000;10720211111;11220211111;10240;10228
659;11542430000;10595211111;11095211111;10240;10228
660;11542459000;10595600000;11095600000;10240;10228
687;11542478000;10720211111;11220211111;10240;10228
688;11542496000;10720211111;11220211111;10240;10228
689;11542565000;10720211111;11220211111;10240;10228
690;11542575000;10720211111;11220211111;10240;10228
691;11542597000;10720211111;11220211111;10240;10228
661;11542627000;10595600000;11095600000;10240;10228
692;11542650000;10720222222;11220222222;10240;10228
693;11542688000;10720522222;11220522222;10240;10228
694;11542707000;10720522222;11220522222;10240;10228
695;11542731000;10720522222;11220522222;10240;10228
662;11542802000;10595600000;11095600000;10240;10228
663;11542829000;10636844444;11136844444;10240;10228
664;11543000000;10636844444;11136844444;10240;10228
665;11543017000;10636844444;11136844444;10240;10228
666;11543204000;10636844444;11136844444;10240;10228
667;11543411000;10636844444;11136844444;10240;10228
668;11543420000;10636844444;11136844444;10240;10228
669;11543628000;10636844444;11136844444;10240;10228
670;11543648000;10636866666;11136866666;10240;10228
671;11543834000;10637244444;11137244444;10240;10228
672;11543852000;10637244444;11137244444;10240;10228
673;11544038000;10637244444;11137244444;10240;10228
674;11544060000;10678544444;11178544444;10240;10228
675;11544251000;10678544444;11178544444;10240;10228
676;11544448000;10678544444;11178544444;10240;10228
677;11544459000;10678544444;11178544444;10240;10228
678;11544652000;10678544444;11178544444;10240;10228
679;11544664000;10678544444;11178544444;10240;10228
680;11544856000;10678544444;11178544444;10240;10228
681;11544864000;10678566666;11178566666;10240;10228
682;11545061000;10678866666;11178866666;10240;10228
683;11545324000;10678866666;11178866666;10240;10228
684;11545334000;10678866666;11178866666;10240;10228
685;11545339000;10720211111;11220211111;10240;10228
686;11545524000;10720211111;11220211111;10240;10228
687;11545712000;10720211111;11220211111;10240;10228
688;11545732000;10720211111;11220211111;10240;10228
696;11702351000;10761855555;11261855555;10240;10228
700;11702368000;10761855555;11261855555;10240;10228
701;11702390000;10761855555;11261855555;10240;10228
702;11702407000;10761855555;11261855555;10240;10228
703;11702424000;10761877777;11261877777;10240;10228
705;11702441000;10762322222;11262322222;10240;10228
706;11702450000;10762322222;11262322222;10240;10228
707;11702485000;10803511111;11303511111;10240;10228
708;11702494000;10803511111;11303511111;10240;10228
709;11702523000;10803511111;11303511111;10240;10228
710;11702531000;10803511111;11303511111;10240;10228
691;11702542000;10720211111;11220211111;10240;10228
711;11702557000;10803511111;11303511111;10240;10228
712;11702566000;10803511111;11303511111;10240;10228
713;11702589000;10803511111;11303511111;10240;10228
716;11702598000;10803944444;11303944444;10240;10228
717;11702608000;10803944444;11303944444;10240;10228
718;11702615000;10845211111;11345211111;10240;10228
719;11702647000;10845211111;11345211111;10240;10228
720;11702656000;10845211111;11345211111;10240;10228
721;11702664000;10845211111;11345211111;10240;10228
692;11702709000;10720222222;11220222222;10240;10228
693;11702722000;10720522222;11220522222;10240;10228
722;11702742000;10845211111;11345211111;10240;10228
723;11702760000;10845211111;11345211111;10240;10228
724;11702809000;10845211111;11345211111;10240;10228
725;11702820000;10845233333;11345233333;10240;10228
726;11702863000;10845500000;11345500000;10240;10228
727;11702872000;10845500000;11345500000;10240;10228
728;11702901000;10845500000;11345500000;10240;10228
695;11703130000;10720522222;11220522222;10240;10228
696;11703155000;10761855555;11261855555;10240;10228
697;11703318000;10761855555;11261855555;10240;10228
698;11703355000;10761855555;11261855555;10240;10228
699;11703515000;10761855555;11261855555;10240;10228
700;11703534000;10761855555;11261855555;10240;10228
701;11703720000;10761855555;11261855555;10240;10228
702;11703925000;10761855555;11261855555;10240;10228
703;11703943000;10761877777;11261877777;10240;10228
704;11704180000;10762322222;11262322222;10240;10228
705;11704208000;10762322222;11262322222;10240;10228
706;11704370000;10762322222;11262322222;10240;10228
707;11704406000;10803511111;11303511111;10240;10228
709;11704575000;10803511111;11303511111;10240;10228
710;11704596000;10803511111;11303511111;10240;10228
711;11704789000;10803511111;11303511111;10240;10228
712;11704996000;10803511111;11303511111;10240;10228
713;11705005000;10803511111;11303511111;10240;10228
714;11705196000;10803533333;11303533333;10240;10228
716;11705231000;10803944444;11303944444;10240;10228
717;11705400000;10803944444;11303944444;10240;10228
720;11705420000;10845211111;11345211111;10240;10228
721;11705614000;10845211111;11345211111;10240;10228
722;11705812000;10845211111;11345211111;10240;10228
729;11862657000;10886877777;11386877777;10240;10228
730;11862687000;10886877777;11386877777;10240;10228
731;11862695000;10886877777;11386877777;10240;10228
732;11862725000;10886877777;11386877777;10240;10228
733;11862733000;10886877777;11386877777;10240;10228
734;11862741000;10886877777;11386877777;10240;10228
737;11862762000;10887177777;11387177777;10240;10228
740;11862786000;10928522222;11428522222;10240;10228
742;11862813000;10928522222;11428522222;10240;10228
743;11862834000;10928522222;11428522222;10240;10228
723;11862860000;10845211111;11345211111;10240;10228
745;11862870000;10928522222;11428522222;10240;10228
746;11862888000;10928522222;11428522222;10240;10228
747;11862896000;10928555555;11428555555;10240;10228
749;11862905000;10929011111;11429011111;10240;10228
750;11862937000;10929011111;11429011111;10240;10228
751;11862947000;10970177777;11470177777;10240;10228
752;11862984000;10970177777;11470177777;10240;10228
755;11863005000;10970177777;11470177777;10240;10228
724;11863036000;10845211111;11345211111;10240;10228
725;11863059000;10845233333;11345233333;10240;10228
756;11863068000;10970177777;11470177777;10240;10228
757;11863077000;10970177777;11470177777;10240;10228
758;11863083000;10970200000;11470200000;10240;10228
759;11863228000;10970600000;11470600000;10240;10228
760;11863262000;10970600000;11470600000;10240;10228
727;11863436000;10845500000;11345500000;10240;10228
728;11863445000;10845500000;11345500000;10240;10228
729;11863637000;10886877777;11386877777;10240;10228
730;11863681000;10886877777;11386877777;10240;10228
731;11863885000;10886877777;11386877777;10240;10228
732;11863914000;10886877777;11386877777;10240;10228
733;11864061000;10886877777;11386877777;10240;10228
734;11864260000;10886877777;11386877777;10240;10228
737;11864298000;10887177777;11387177777;10240;10228
738;11864500000;10887177777;11387177777;10240;10228
739;11864527000;10887177777;11387177777;10240;10228
740;11864697000;10928522222;11428522222;10240;10228
741;11864893000;10928522222;11428522222;10240;10228
742;11864903000;10928522222;11428522222;10240;10228
743;11865087000;10928522222;11428522222;10240;10228
744;11865106000;10928522222;11428522222;10240;10228
745;11865314000;10928522222;11428522222;10240;10228
746;11865333000;10928522222;11428522222;10240;10228
747;11865508000;10928555555;11428555555;10240;10228
748;11865527000;10929011111;11429011111;10240;10228
749;11865719000;10929011111;11429011111;10240;10228
750;11865915000;10929011111;11429011111;10240;10228
752;11865926000;10970177777;11470177777;10240;10228
753;11866161000;10970177777;11470177777;10240;10228
754;11866171000;10970177777;11470177777;10240;10228
755;11866336000;10970177777;11470177777;10240;10228
762;12022923000;11011877777;11511877777;10240;10228
763;12022963000;11011877777;11511877777;10240;10228
764;12022992000;11011877777;11511877777;10240;10228
765;12023018000;11011877777;11511877777;10240;10228
766;12023032000;11011877777;11511877777;10240;10228
767;12023041000;11011877777;11511877777;10240;10228
768;12023096000;11011877777;11511877777;10240;10228
769;12023115000;11011900000;11511900000;10240;10228
770;12023129000;11012200000;11512200000;10240;10228
771;12023147000;11012200000;11512200000;10240;10228
772;12023172000;11012200000;11512200000;10240;10228
774;12023181000;11053544444;11553544444;10240;10228
775;12023190000;11053544444;11553544444;10240;10228
776;12023201000;11053544444;11553544444;10240;10228
777;12023223000;11053544444;11553544444;10240;10228
778;12023232000;11053544444;11553544444;10240;10228
779;12023243000;11053544444;11553544444;10240;10228
780;12023251000;11053555555;11553555555;10240;10228
756;12023276000;10970177777;11470177777;10240;10228
781;12023286000;11053866666;11553866666;10240;10228
782;12023303000;11053866666;11553866666;10240;10228
783;12023334000;11053866666;11553866666;10240;10228
784;12023342000;11095188888;11595188888;10240;10228
785;12023357000;11095188888;11595188888;10240;10228
786;12023384000;11095188888;11595188888;10240;10228
787;12023397000;11095188888;11595188888;10240;10228
788;12023408000;11095188888;11595188888;10240;10228
789;12023436000;11095188888;11595188888;10240;10228
790;12023445000;11095188888;11595188888;10240;10228
791;12023457000;11095211111;11595211111;10240;10228
792;12023467000;11095611111;11595611111;10240;10228
793;12023482000;11095611111;11595611111;10240;10228
758;12023511000;10970200000;11470200000;10240;10228
794;12023519000;11095611111;11595611111;10240;10228
795;12023542000;11136844444;11636844444;10240;10228
760;12023741000;10970600000;11470600000;10240;10228
761;12023757000;10970600000;11470600000;10240;10228
762;12023933000;11011877777;11511877777;10240;10228
763;12023944000;11011877777;11511877777;10240;10228
764;12024147000;11011877777;11511877777;10240;10228
765;12024185000;11011877777;11511877777;10240;10228
766;12024351000;11011877777;11511877777;10240;10228
767;12024552000;11011877777;11511877777;10240;10228
768;12024569000;11011877777;11511877777;10240;10228
769;12024753000;11011900000;11511900000;10240;10228
770;12024770000;11012200000;11512200000;10240;10228
771;12024958000;11012200000;11512200000;10240;10228
772;12024965000;11012200000;11512200000;10240;10228
773;12025163000;11053544444;11553544444;10240;10228
774;12025368000;11053544444;11553544444;10240;10228
775;12025384000;11053544444;11553544444;10240;10228
777;12025575000;11053544444;11553544444;10240;10228
778;12025580000;11053544444;11553544444;10240;10228
779;12025762000;11053544444;11553544444;10240;10228
780;12025767000;11053555555;11553555555;10240;10228
781;12025968000;11053866666;11553866666;10240;10228
782;12026220000;11053866666;11553866666;10240;10228
783;12026227000;11053866666;11553866666;10240;10228
785;12026425000;11095188888;11595188888;10240;10228
786;12026431000;11095188888;11595188888;10240;10228
796;12183199000;11136844444;11636844444;10240;10228
797;12183213000;11136844444;11636844444;10240;10228
798;12183222000;11136844444;11636844444;10240;10228
799;12183255000;11136844444;11636844444;10240;10228
800;12183274000;11136844444;11636844444;10240;10228
801;12183291000;11136844444;11636844444;10240;10228
802;12183301000;11136866666;11636866666;10240;10228
803;12183309000;11137244444;11637244444;10240;10228
804;12183321000;11137244444;11637244444;10240;10228
805;12183344000;11137244444;11637244444;10240;10228
806;12183356000;11178544444;11678544444;10240;10228
807;12183374000;11178544444;11678544444;10240;10228
809;12183393000;11178544444;11678544444;10240;10228
810;12183413000;11178544444;11678544444;10240;10228
811;12183443000;11178544444;11678544444;10240;10228
812;12183461000;11178544444;11678544444;10240;10228
788;12183476000;11095188888;11595188888;10240;10228
813;12183495000;11178555555;11678555555;10240;10228
814;12183504000;11178866666;11678866666;10240;10228
815;12183517000;11178866666;11678866666;10240;10228
816;12183525000;11178866666;11678866666;10240;10228
817;12183550000;11220211111;11720211111;10240;10228
818;12183558000;11220211111;11720211111;10240;10228
820;12183588000;11220211111;11720211111;10240;10228
821;12183610000;11220211111;11720211111;10240;10228
822;12183622000;11220211111;11720211111;10240;10228
823;12183635000;11220211111;11720211111;10240;10228
789;12183652000;11095188888;11595188888;10240;10228
824;12183662000;11220222222;11720222222;10240;10228
825;12183710000;11220500000;11720500000;10240;10228
826;12183722000;11220500000;11720500000;10240;10228
827;12183734000;11220500000;11720500000;10240;10228
828;12183759000;11261855555;11761855555;10240;10228
794;12183825000;11095611111;11595611111;10240;10228
829;12183911000;11261855555;11761855555;10240;10228
830;12183919000;11261855555;11761855555;10240;10228
795;12184007000;11136844444;11636844444;10240;10228
796;12184016000;11136844444;11636844444;10240;10228
797;12184219000;11136844444;11636844444;10240;10228
799;12184245000;11136844444;11636844444;10240;10228
800;12184422000;11136844444;11636844444;10240;10228
801;12184621000;11136844444;11636844444;10240;10228
802;12184628000;11136866666;11636866666;10240;10228
803;12184825000;11137244444;11637244444;10240;10228
804;12184843000;11137244444;11637244444;10240;10228
805;12185015000;11137244444;11637244444;10240;10228
806;12185022000;11178544444;11678544444;10240;10228
807;12185289000;11178544444;11678544444;10240;10228
808;12185314000;11178544444;11678544444;10240;10228
809;12185490000;11178544444;11678544444;10240;10228
810;12185686000;11178544444;11678544444;10240;10228
811;12185706000;11178544444;11678544444;10240;10228
812;12185892000;11178544444;11678544444;10240;10228
813;12185901000;11178555555;11678555555;10240;10228
814;12186075000;11178866666;11678866666;10240;10228
815;12186301000;11178866666;11678866666;10240;10228
816;12186324000;11178866666;11678866666;10240;10228
818;12186503000;11220211111;11720211111;10240;10228
819;12186525000;11220211111;11720211111;10240;10228
821;12186702000;11220211111;11720211111;10240;10228
822;12186724000;11220211111;11720211111;10240;10228
831;12343468000;11261855555;11761855555;10240;10228
832;12343488000;11261855555;11761855555;10240;10228
833;12343508000;11261855555;11761855555;10240;10228
834;12343517000;11261855555;11761855555;10240;10228
835;12343528000;11261877777;11761877777;10240;10228
836;12343537000;11262311111;11762311111;10240;10228
837;12343563000;11262311111;11762311111;10240;10228
838;12343572000;11262311111;11762311111;10240;10228
839;12343580000;11303511111;11803511111;10240;10228
840;12343587000;11303511111;11803511111;10240;10228
841;12343613000;11303511111;11803511111;10240;10228
842;12343622000;11303511111;11803511111;10240;10228
843;12343629000;11303511111;11803511111;10240;10228
844;12343658000;11303511111;11803511111;10240;10228
845;12343676000;11303511111;11803511111;10240;10228
846;12343688000;11303533333;11803533333;10240;10228
823;12343710000;11220211111;11720211111;10240;10228
847;12343720000;11303877777;11803877777;10240;10228
848;12343730000;11303877777;11803877777;10240;10228
849;12343738000;11303877777;11803877777;10240;10228
850;12343759000;11345211111;11845211111;10240;10228
851;12343769000;11345211111;11845211111;10240;10228
852;12343776000;11345211111;11845211111;10240;10228
853;12343791000;11345211111;11845211111;10240;10228
854;12343809000;11345211111;11845211111;10240;10228
855;12343819000;11345211111;11845211111;10240;10228
856;12343867000;11345211111;11845211111;10240;10228
857;12343885000;11345222222;11845222222;10240;10228
858;12343904000;11345511111;11845511111;10240;10228
859;12343917000;11345511111;11845511111;10240;10228
860;12343932000;11345511111;11845511111;10240;10228
825;12343950000;11220500000;11720500000;10240;10228
861;12343959000;11386855555;11886855555;10240;10228
862;12343972000;11386855555;11886855555;10240;10228
863;12343985000;11386855555;11886855555;10240;10228
864;12344124000;11386855555;11886855555;10240;10228
865;12344134000;11386855555;11886855555;10240;10228
830;12344486000;11261855555;11761855555;10240;10228
831;12344682000;11261855555;11761855555;10240;10228
832;12344690000;11261855555;11761855555;10240;10228
833;12344886000;11261855555;11761855555;10240;10228
834;12345108000;11261855555;11761855555;10240;10228
835;12345113000;11261877777;11761877777;10240;10228
836;12345297000;11262311111;11762311111;10240;10228
837;12345302000;11262311111;11762311111;10240;10228
838;12345502000;11262311111;11762311111;10240;10228
839;12345508000;11303511111;11803511111;10240;10228
840;12345691000;11303511111;11803511111;10240;10228
841;12345910000;11303511111;11803511111;10240;10228
842;12345920000;11303511111;11803511111;10240;10228
843;12346124000;11303511111;11803511111;10240;10228
844;12346138000;11303511111;11803511111;10240;10228
845;12346328000;11303511111;11803511111;10240;10228
846;12346341000;11303533333;11803533333;10240;10228
847;12346525000;11303877777;11803877777;10240;10228
848;12346535000;11303877777;11803877777;10240;10228
849;12346730000;11303877777;11803877777;10240;10228
850;12346934000;11345211111;11845211111;10240;10228
851;12346944000;11345211111;11845211111;10240;10228
852;12347166000;11345211111;11845211111;10240;10228
853;12347173000;11345211111;11845211111;10240;10228
854;12347377000;11345211111;11845211111;10240;10228
855;12347386000;11345211111;11845211111;10240;10228
856;12347583000;11345211111;11845211111;10240;10228
857;12347589000;11345222222;11845222222;10240;10228
866;12503720000;11386855555;11886855555;10240;10228
867;12503733000;11386855555;11886855555;10240;10228
868;12503741000;11386877777;11886877777;10240;10228
869;12503763000;11387277777;11887277777;10240;10228
870;12503774000;11387277777;11887277777;10240;10228
871;12503782000;11387277777;11887277777;10240;10228
872;12503790000;11428511111;11928511111;10240;10228
873;12503813000;11428511111;11928511111;10240;10228
874;12503823000;11428511111;11928511111;10240;10228
875;12503830000;11428511111;11928511111;10240;10228
876;12503842000;11428511111;11928511111;10240;10228
877;12503862000;11428511111;11928511111;10240;10228
878;12503872000;11428511111;11928511111;10240;10228
879;12503879000;11428533333;11928533333;10240;10228
880;12503915000;11428944444;11928944444;10240;10228
881;12503935000;11428944444;11928944444;10240;10228
882;12503942000;11428944444;11928944444;10240;10228
858;12503963000;11345511111;11845511111;10240;10228
883;12503971000;11470211111;11970211111;10240;10228
886;12504019000;11470211111;11970211111;10240;10228
887;12504041000;11470211111;11970211111;10240;10228
888;12504082000;11470211111;11970211111;10240;10228
889;12504099000;11470211111;11970211111;10240;10228
890;12504116000;11470233333;11970233333;10240;10228
891;12504125000;11470511111;11970511111;10240;10228
892;12504143000;11470511111;11970511111;10240;10228
893;12504161000;11470511111;11970511111;10240;10228
894;12504169000;11511877777;12011877777;10240;10228
895;12504183000;11511877777;12011877777;10240;10228
896;12504210000;11511877777;12011877777;10240;10228
897;12504219000;11511877777;12011877777;10240;10228
898;12504231000;11511877777;12011877777;10240;10228
899;12504355000;11511877777;12011877777;10240;10228
900;12504363000;11511877777;12011877777;10240;10228
901;12504371000;11511888888;12011888888;10240;10228
865;12504738000;11386855555;11886855555;10240;10228
866;12504936000;11386855555;11886855555;10240;10228
867;12505161000;11386855555;11886855555;10240;10228
868;12505184000;11386877777;11886877777;10240;10228
869;12505354000;11387277777;11887277777;10240;10228
870;12505389000;11387277777;11887277777;10240;10228
871;12505552000;11387277777;11887277777;10240;10228
872;12505573000;11428511111;11928511111;10240;10228
873;12505758000;11428511111;11928511111;10240;10228
874;12505960000;11428511111;11928511111;10240;10228
875;12505978000;11428511111;11928511111;10240;10228
876;12506207000;11428511111;11928511111;10240;10228
877;12506242000;11428511111;11928511111;10240;10228
878;12506400000;11428511111;11928511111;10240;10228
879;12506437000;11428533333;11928533333;10240;10228
880;12506598000;11428944444;11928944444;10240;10228
881;12506619000;11428944444;11928944444;10240;10228
884;12506802000;11470211111;11970211111;10240;10228
885;12506991000;11470211111;11970211111;10240;10228
887;12507020000;11470211111;11970211111;10240;10228
888;12507231000;11470211111;11970211111;10240;10228
890;12507251000;11470233333;11970233333;10240;10228
891;12507429000;11470511111;11970511111;10240;10228
892;12507449000;11470511111;11970511111;10240;10228
902;12663966000;11512188888;12012188888;10240;10228
903;12663981000;11512188888;12012188888;10240;10228
904;12663989000;11512188888;12012188888;10240;10228
905;12664015000;11553522222;12053522222;10240;10228
906;12664025000;11553522222;12053522222;10240;10228
907;12664034000;11553522222;12053522222;10240;10228
908;12664072000;11553522222;12053522222;10240;10228
909;12664092000;11553522222;12053522222;10240;10228
910;12664115000;11553522222;12053522222;10240;10228
911;12664127000;11553522222;12053522222;10240;10228
912;12664146000;11553544444;12053544444;10240;10228
913;12664174000;11553966666;12053966666;10240;10228
914;12664184000;11553966666;12053966666;10240;10228
915;12664201000;11553966666;12053966666;10240;10228
916;12664211000;11595177777;12095177777;10240;10228
918;12664222000;11595177777;12095177777;10240;10228
919;12664253000;11595177777;12095177777;10240;10228
920;12664272000;11595177777;12095177777;10240;10228
893;12664284000;11470511111;11970511111;10240;10228
921;12664296000;11595177777;12095177777;10240;10228
922;12664315000;11595177777;12095177777;10240;10228
923;12664324000;11595200000;12095200000;10240;10228
924;12664348000;11595600000;12095600000;10240;10228
925;12664368000;11595600000;12095600000;10240;10228
926;12664410000;11595600000;12095600000;10240;10228
927;12664440000;11636877777;12136877777;10240;10228
894;12664459000;11511877777;12011877777;10240;10228
928;12664474000;11636877777;12136877777;10240;10228
929;12664493000;11636877777;12136877777;10240;10228
930;12664504000;11636877777;12136877777;10240;10228
931;12664513000;11636877777;12136877777;10240;10228
932;12664536000;11636877777;12136877777;10240;10228
933;12664558000;11636877777;12136877777;10240;10228
934;12664570000;11636900000;12136900000;10240;10228
937;12664612000;11637177777;12137177777;10240;10228
901;12665181000;11511888888;12011888888;10240;10228
902;12665190000;11512188888;12012188888;10240;10228
903;12665383000;11512188888;12012188888;10240;10228
904;12665590000;11512188888;12012188888;10240;10228
905;12665600000;11553522222;12053522222;10240;10228
907;12665796000;11553522222;12053522222;10240;10228
908;12665820000;11553522222;12053522222;10240;10228
909;12666001000;11553522222;12053522222;10240;10228
910;12666216000;11553522222;12053522222;10240;10228
911;12666241000;11553522222;12053522222;10240;10228
912;12666257000;11553544444;12053544444;10240;10228
913;12666408000;11553966666;12053966666;10240;10228
914;12666616000;11553966666;12053966666;10240;10228
915;12666633000;11553966666;12053966666;10240;10228
916;12666821000;11595177777;12095177777;10240;10228
917;12666827000;11595177777;12095177777;10240;10228
918;12667011000;11595177777;12095177777;10240;10228
919;12667272000;11595177777;12095177777;10240;10228
920;12667278000;11595177777;12095177777;10240;10228
921;12667462000;11595177777;12095177777;10240;10228
922;12667468000;11595177777;12095177777;10240;10228
923;12667664000;11595200000;12095200000;10240;10228
924;12667669000;11595600000;12095600000;10240;10228
925;12667876000;11595600000;12095600000;10240;10228
926;12667881000;11595600000;12095600000;10240;10228
927;12668055000;11636877777;12136877777;10240;10228
928;12668285000;11636877777;12136877777;10240;10228
938;12824478000;11678544444;12178544444;10240;10228
939;12824491000;11678544444;12178544444;10240;10228
940;12824500000;11678544444;12178544444;10240;10228
941;12824520000;11678544444;12178544444;10240;10228
942;12824531000;11678544444;12178544444;10240;10228
943;12824539000;11678544444;12178544444;10240;10228
944;12824559000;11678544444;12178544444;10240;10228
945;12824568000;11678566666;12178566666;10240;10228
946;12824575000;11678866666;12178866666;10240;10228
947;12824648000;11678866666;12178866666;10240;10228
948;12824678000;11678866666;12178866666;10240;10228
949;12824689000;11720211111;12220211111;10240;10228
950;12824715000;11720211111;12220211111;10240;10228
951;12824725000;11720211111;12220211111;10240;10228
952;12824732000;11720211111;12220211111;10240;10228
929;12824749000;11636877777;12136877777;10240;10228
953;12824776000;11720211111;12220211111;10240;10228
954;12824800000;11720211111;12220211111;10240;10228
955;12824850000;11720211111;12220211111;10240;10228
956;12824861000;11720222222;12220222222;10240;10228
957;12824899000;11720533333;12220533333;10240;10228
958;12824917000;11720533333;12220533333;10240;10228
959;12824935000;11720533333;12220533333;10240;10228
960;12824944000;11761877777;12261877777;10240;10228
961;12824959000;11761877777;12261877777;10240;10228
962;12824968000;11761877777;12261877777;10240;10228
963;12824981000;11761877777;12261877777;10240;10228
964;12824989000;11761877777;12261877777;10240;10228
965;12825004000;11761877777;12261877777;10240;10228
966;12825012000;11761877777;12261877777;10240;10228
930;12825026000;11636877777;12136877777;10240;10228
931;12825070000;11636877777;12136877777;10240;10228
967;12825112000;11761900000;12261900000;10240;10228
968;12825157000;11762244444;12262244444;10240;10228
969;12825178000;11762244444;12262244444;10240;10228
970;12825192000;11762244444;12262244444;10240;10228
934;12825212000;11636900000;12136900000;10240;10228
971;12825237000;11803544444;12303544444;10240;10228
972;12825255000;11803544444;12303544444;10240;10228
973;12825272000;11803544444;12303544444;10240;10228
937;12825528000;11637177777;12137177777;10240;10228
938;12825710000;11678544444;12178544444;10240;10228
939;12825728000;11678544444;12178544444;10240;10228
940;12825913000;11678544444;12178544444;10240;10228
941;12826165000;11678544444;12178544444;10240;10228
942;12826192000;11678544444;12178544444;10240;10228
943;12826368000;11678544444;12178544444;10240;10228
944;12826394000;11678544444;12178544444;10240;10228
945;12826563000;11678566666;12178566666;10240;10228
946;12826598000;11678866666;12178866666;10240;10228
947;12826770000;11678866666;12178866666;10240;10228
948;12826805000;11678866666;12178866666;10240;10228
949;12826980000;11720211111;12220211111;10240;10228
950;12827158000;11720211111;12220211111;10240;10228
951;12827179000;11720211111;12220211111;10240;10228
952;12827361000;11720211111;12220211111;10240;10228
953;12827371000;11720211111;12220211111;10240;10228
954;12827566000;11720211111;12220211111;10240;10228
956;12827571000;11720222222;12220222222;10240;10228
957;12827770000;11720533333;12220533333;10240;10228
958;12827961000;11720533333;12220533333;10240;10228
959;12827968000;11720533333;12220533333;10240;10228
960;12828181000;11761877777;12261877777;10240;10228
961;12828188000;11761877777;12261877777;10240;10228
962;12828386000;11761877777;12261877777;10240;10228
963;12828591000;11761877777;12261877777;10240;10228
964;12828596000;11761877777;12261877777;10240;10228
974;12984751000;11803544444;12303544444;10240;10228
975;12984762000;11803544444;12303544444;10240;10228
976;12984775000;11803544444;12303544444;10240;10228
977;12984798000;11803544444;12303544444;10240;10228
978;12984807000;11803566666;12303566666;10240;10228
979;12984815000;11803866666;12303866666;10240;10228
980;12984826000;11803866666;12303866666;10240;10228
981;12984849000;11803866666;12303866666;10240;10228
983;12984858000;11845211111;12345211111;10240;10228
984;12984890000;11845211111;12345211111;10240;10228
985;12984922000;11845211111;12345211111;10240;10228
967;12984943000;11761900000;12261900000;10240;10228
986;12984951000;11845211111;12345211111;10240;10228
987;12984963000;11845211111;12345211111;10240;10228
988;12984982000;11845211111;12345211111;10240;10228
989;12984992000;11845222222;12345222222;10240;10228
990;12984999000;11845500000;12345500000;10240;10228
991;12985038000;11845500000;12345500000;10240;10228
992;12985067000;11845500000;12345500000;10240;10228
993;12985108000;11886855555;12386855555;10240;10228
968;12985129000;11762244444;12262244444;10240;10228
995;12985146000;11886855555;12386855555;10240;10228
996;12985166000;11886855555;12386855555;10240;10228
997;12985173000;11886855555;12386855555;10240;10228
998;12985200000;11886855555;12386855555;10240;10228
999;12985208000;11886855555;12386855555;10240;10228
1000;12985222000;11886877777;12386877777;10240;10228
1001;12985249000;11887288888;12387288888;10240;10228
1002;12985259000;11887288888;12387288888;10240;10228
969;12985304000;11762244444;12262244444;10240;10228
1003;12985321000;11887288888;12387288888;10240;10228
1004;12985330000;11928511111;12428511111;10240;10228
970;12985338000;11762244444;12262244444;10240;10228
971;12985505000;11803544444;12303544444;10240;10228
972;12985509000;11803544444;12303544444;10240;10228
1009;12985629000;11928511111;12428511111;10240;10228
973;12985706000;11803544444;12303544444;10240;10228
974;12985912000;11803544444;12303544444;10240;10228
975;12985930000;11803544444;12303544444;10240;10228
976;12986126000;11803544444;12303544444;10240;10228
977;12986150000;11803544444;12303544444;10240;10228
978;12986321000;11803566666;12303566666;10240;10228
979;12986338000;11803866666;12303866666;10240;10228
980;12986525000;11803866666;12303866666;10240;10228
981;12986730000;11803866666;12303866666;10240;10228
982;12986747000;11845211111;12345211111;10240;10228
983;12986935000;11845211111;12345211111;10240;10228
984;12986951000;11845211111;12345211111;10240;10228
985;12987143000;11845211111;12345211111;10240;10228
986;12987149000;11845211111;12345211111;10240;10228
987;12987381000;11845211111;12345211111;10240;10228
988;12987576000;11845211111;12345211111;10240;10228
989;12987598000;11845222222;12345222222;10240;10228
991;12987780000;11845500000;12345500000;10240;10228
992;12987794000;11845500000;12345500000;10240;10228
993;12987970000;11886855555;12386855555;10240;10228
994;12987982000;11886855555;12386855555;10240;10228
995;12988196000;11886855555;12386855555;10240;10228
996;12988391000;11886855555;12386855555;10240;10228
997;12988412000;11886855555;12386855555;10240;10228
998;12988596000;11886855555;12386855555;10240;10228
999;12988617000;11886855555;12386855555;10240;10228
1000;12988800000;11886877777;12386877777;10240;10228
1010;13145024000;11928511111;12428511111;10240;10228
1011;13145038000;11928533333;12428533333;10240;10228
1013;13145068000;11928966666;12428966666;10240;10228
1014;13145097000;11928966666;12428966666;10240;10228
1015;13145129000;11970211111;12470211111;10240;10228
1016;13145152000;11970211111;12470211111;10240;10228
1017;13145189000;11970211111;12470211111;10240;10228
1018;13145209000;11970211111;12470211111;10240;10228
1019;13145239000;11970211111;12470211111;10240;10228
1020;13145253000;11970211111;12470211111;10240;10228
1023;13145261000;11970522222;12470522222;10240;10228
1024;13145280000;11970522222;12470522222;10240;10228
1025;13145288000;11970522222;12470522222;10240;10228
1026;13145297000;12011877777;12511877777;10240;10228
1001;13145308000;11887288888;12387288888;10240;10228
1027;13145354000;12011877777;12511877777;10240;10228
1028;13145373000;12011877777;12511877777;10240;10228
1031;13145403000;12011877777;12511877777;10240;10228
1032;13145431000;12011877777;12511877777;10240;10228
1033;13145449000;12011888888;12511888888;10240;10228
1034;13145462000;12012200000;12512200000;10240;10228
1035;13145471000;12012200000;12512200000;10240;10228
1002;13145485000;11887288888;12387288888;10240;10228
1036;13145523000;12012200000;12512200000;10240;10228
1038;13145545000;12053522222;12553522222;10240;10228
1039;13145569000;12053522222;12553522222;10240;10228
1040;13145592000;12053522222;12553522222;10240;10228
1004;13145657000;11928511111;12428511111;10240;10228
1005;13145829000;11928511111;12428511111;10240;10228
1006;13145848000;11928511111;12428511111;10240;10228
1042;13145854000;12053522222;12553522222;10240;10228
1043;13145873000;12053522222;12553522222;10240;10228
1044;13145891000;12053544444;12553544444;10240;10228
1007;13146014000;11928511111;12428511111;10240;10228
1008;13146245000;11928511111;12428511111;10240;10228
1009;13146274000;11928511111;12428511111;10240;10228
1010;13146449000;11928511111;12428511111;10240;10228
1011;13146479000;11928533333;12428533333;10240;10228
1012;13146647000;11928966666;12428966666;10240;10228
1014;13146667000;11928966666;12428966666;10240;10228
1015;13146851000;11970211111;12470211111;10240;10228
1016;13146874000;11970211111;12470211111;10240;10228
1017;13147038000;11970211111;12470211111;10240;10228
1018;13147310000;11970211111;12470211111;10240;10228
1019;13147337000;11970211111;12470211111;10240;10228
1020;13147506000;11970211111;12470211111;10240;10228
1021;13147541000;11970211111;12470211111;10240;10228
1022;13147694000;11970222222;12470222222;10240;10228
1023;13147723000;11970522222;12470522222;10240;10228
1024;13147882000;11970522222;12470522222;10240;10228
1026;13148097000;12011877777;12511877777;10240;10228
1029;13148117000;12011877777;12511877777;10240;10228
1030;13148334000;12011877777;12511877777;10240;10228
1031;13148367000;12011877777;12511877777;10240;10228
1034;13148525000;12012200000;12512200000;10240;10228
1035;13148544000;12012200000;12512200000;10240;10228
1036;13148737000;12012200000;12512200000;10240;10228
1046;13305295000;12053966666;12553966666;10240;10228
1047;13305336000;12053966666;12553966666;10240;10228
1048;13305376000;12095177777;12595177777;10240;10228
1049;13305413000;12095177777;12595177777;10240;10228
1050;13305436000;12095177777;12595177777;10240;10228
1051;13305456000;12095177777;12595177777;10240;10228
1052;13305478000;12095177777;12595177777;10240;10228
1053;13305496000;12095177777;12595177777;10240;10228
1054;13305506000;12095177777;12595177777;10240;10228
1055;13305513000;12095200000;12595200000;10240;10228
1056;13305530000;12095577777;12595577777;10240;10228
1037;13305549000;12053522222;12553522222;10240;10228
1057;13305573000;12095577777;12595577777;10240;10228
1058;13305592000;12095577777;12595577777;10240;10228
1059;13305634000;12136888888;12636888888;10240;10228
1060;13305655000;12136888888;12636888888;10240;10228
1061;13305694000;12136888888;12636888888;10240;10228
1062;13305713000;12136888888;12636888888;10240;10228
1064;13305725000;12136888888;12636888888;10240;10228
1065;13305739000;12136888888;12636888888;10240;10228
1066;13305748000;12136900000;12636900000;10240;10228
1067;13305766000;12137177777;12637177777;10240;10228
1038;13305774000;12053522222;12553522222;10240;10228
1068;13305797000;12137177777;12637177777;10240;10228
1069;13305838000;12137177777;12637177777;10240;10228
1070;13305859000;12178544444;12678544444;10240;10228
1071;13305892000;12178544444;12678544444;10240;10228
1072;13305914000;12178544444;12678544444;10240;10228
1073;13305938000;12178544444;12678544444;10240;10228
1074;13305946000;12178544444;12678544444;10240;10228
1075;13305961000;12178544444;12678544444;10240;10228
1076;13305968000;12178544444;12678544444;10240;10228
1077;13305982000;12178555555;12678555555;10240;10228
1040;13306001000;12053522222;12553522222;10240;10228
1078;13306040000;12178855555;12678855555;10240;10228
1080;13306157000;12178855555;12678855555;10240;10228
1081;13306172000;12220188888;12720188888;10240;10228
1044;13306324000;12053544444;12553544444;10240;10228
1045;13306510000;12053966666;12553966666;10240;10228
1046;13306531000;12053966666;12553966666;10240;10228
1047;13306758000;12053966666;12553966666;10240;10228
1048;13306963000;12095177777;12595177777;10240;10228
1049;13306988000;12095177777;12595177777;10240;10228
1050;13307170000;12095177777;12595177777;10240;10228
1051;13307194000;12095177777;12595177777;10240;10228
1052;13307365000;12095177777;12595177777;10240;10228
1053;13307559000;12095177777;12595177777;10240;10228
1054;13307602000;12095177777;12595177777;10240;10228
1055;13307772000;12095200000;12595200000;10240;10228
1056;13307799000;12095577777;12595577777;10240;10228
1058;13307954000;12095577777;12595577777;10240;10228
1060;13307980000;12136888888;12636888888;10240;10228
1061;13308189000;12136888888;12636888888;10240;10228
1062;13308209000;12136888888;12636888888;10240;10228
1063;13308406000;12136888888;12636888888;10240;10228
1064;13308600000;12136888888;12636888888;10240;10228
1065;13308621000;12136888888;12636888888;10240;10228
1067;13308797000;12137177777;12637177777;10240;10228
1068;13308809000;12137177777;12637177777;10240;10228
1069;13308973000;12137177777;12637177777;10240;10228
1071;13309224000;12178544444;12678544444;10240;10228
1082;13465573000;12220188888;12720188888;10240;10228
1083;13465591000;12220188888;12720188888;10240;10228
1085;13465605000;12220188888;12720188888;10240;10228
1086;13465626000;12220188888;12720188888;10240;10228
1087;13465700000;12220188888;12720188888;10240;10228
1088;13465714000;12220211111;12720211111;10240;10228
1089;13465733000;12220566666;12720566666;10240;10228
1090;13465749000;12220566666;12720566666;10240;10228
1072;13465774000;12178544444;12678544444;10240;10228
1091;13465788000;12220566666;12720566666;10240;10228
1092;13465801000;12261844444;12761844444;10240;10228
1093;13465809000;12261844444;12761844444;10240;10228
1094;13465834000;12261844444;12761844444;10240;10228
1095;13465846000;12261844444;12761844444;10240;10228
1096;13465856000;12261844444;12761844444;10240;10228
1097;13465862000;12261844444;12761844444;10240;10228
1098;13465885000;12261844444;12761844444;10240;10228
1099;13465893000;12261866666;12761866666;10240;10228
1100;13465900000;12262266666;12762266666;10240;10228
1101;13465968000;12262266666;12762266666;10240;10228
1102;13465986000;12262266666;12762266666;10240;10228
1103;13466005000;12303544444;12803544444;10240;10228
1104;13466013000;12303544444;12803544444;10240;10228
1073;13466021000;12178544444;12678544444;10240;10228
1074;13466042000;12178544444;12678544444;10240;10228
1105;13466073000;12303544444;12803544444;10240;10228
1106;13466100000;12303544444;12803544444;10240;10228
1107;13466109000;12303544444;12803544444;10240;10228
1108;13466123000;12303544444;12803544444;10240;10228
1109;13466152000;12303544444;12803544444;10240;10228
1110;13466172000;12303566666;12803566666;10240;10228
1077;13466180000;12178555555;12678555555;10240;10228
1111;13466210000;12303855555;12803855555;10240;10228
1112;13466219000;12303855555;12803855555;10240;10228
1113;13466233000;12303855555;12803855555;10240;10228
1114;13466245000;12345188888;12845188888;10240;10228
1115;13466264000;12345188888;12845188888;10240;10228
1078;13466372000;12178855555;12678855555;10240;10228
1079;13466386000;12178855555;12678855555;10240;10228
1116;13466395000;12345188888;12845188888;10240;10228
1118;13466437000;12345188888;12845188888;10240;10228
1081;13466575000;12220188888;12720188888;10240;10228
1082;13466768000;12220188888;12720188888;10240;10228
1084;13466787000;12220188888;12720188888;10240;10228
1085;13467006000;12220188888;12720188888;10240;10228
1086;13467221000;12220188888;12720188888;10240;10228
1087;13467240000;12220188888;12720188888;10240;10228
1089;13467411000;12220566666;12720566666;10240;10228
1090;13467419000;12220566666;12720566666;10240;10228
1091;13467624000;12220566666;12720566666;10240;10228
1092;13467642000;12261844444;12761844444;10240;10228
1093;13467826000;12261844444;12761844444;10240;10228
1094;13467997000;12261844444;12761844444;10240;10228
1095;13468020000;12261844444;12761844444;10240;10228
1096;13468201000;12261844444;12761844444;10240;10228
1097;13468441000;12261844444;12761844444;10240;10228
1098;13468446000;12261844444;12761844444;10240;10228
1099;13468450000;12261866666;12761866666;10240;10228
1100;13468645000;12262266666;12762266666;10240;10228
1101;13468849000;12262266666;12762266666;10240;10228
1102;13468856000;12262266666;12762266666;10240;10228
1103;13469020000;12303544444;12803544444;10240;10228
1104;13469026000;12303544444;12803544444;10240;10228
1106;13469268000;12303544444;12803544444;10240;10228
1107;13469275000;12303544444;12803544444;10240;10228
1108;13469463000;12303544444;12803544444;10240;10228
1119;13625808000;12345188888;12845188888;10240;10228
1120;13625821000;12345188888;12845188888;10240;10228
1124;13625873000;12345622222;12845622222;10240;10228
1125;13625909000;12386844444;12886844444;10240;10228
1126;13625949000;12386844444;12886844444;10240;10228
1127;13625990000;12386844444;12886844444;10240;10228
1128;13626028000;12386844444;12886844444;10240;10228
1129;13626083000;12386844444;12886844444;10240;10228
1130;13626094000;12386844444;12886844444;10240;10228
1131;13626103000;12386844444;12886844444;10240;10228
1132;13626110000;12386866666;12886866666;10240;10228
1133;13626140000;12387233333;12887233333;10240;10228
1134;13626149000;12387233333;12887233333;10240;10228
1109;13626157000;12303544444;12803544444;10240;10228
1135;13626179000;12387233333;12887233333;10240;10228
1136;13626220000;12428544444;12928544444;10240;10228
1137;13626260000;12428544444;12928544444;10240;10228
1138;13626289000;12428544444;12928544444;10240;10228
1139;13626311000;12428544444;12928544444;10240;10228
1140;13626322000;12428544444;12928544444;10240;10228
1141;13626341000;12428544444;12928544444;10240;10228
1142;13626349000;12428544444;12928544444;10240;10228
1110;13626363000;12303566666;12803566666;10240;10228
1111;13626386000;12303855555;12803855555;10240;10228
1143;13626424000;12428555555;12928555555;10240;10228
1144;13626469000;12428855555;12928855555;10240;10228
1145;13626487000;12428855555;12928855555;10240;10228
1146;13626509000;12428855555;12928855555;10240;10228
1147;13626521000;12470211111;12970211111;10240;10228
1148;13626540000;12470211111;12970211111;10240;10228
1149;13626552000;12470211111;12970211111;10240;10228
1150;13626564000;12470211111;12970211111;10240;10228
1151;13626575000;12470211111;12970211111;10240;10228
1152;13626590000;12470211111;12970211111;10240;10228
1153;13626641000;12470211111;12970211111;10240;10228
1154;13626650000;12470222222;12970222222;10240;10228
1155;13626658000;12470500000;12970500000;10240;10228
1118;13627045000;12345188888;12845188888;10240;10228
1119;13627223000;12345188888;12845188888;10240;10228
1120;13627450000;12345188888;12845188888;10240;10228
1121;13627486000;12345211111;12845211111;10240;10228
1122;13627648000;12345622222;12845622222;10240;10228
1123;13627666000;12345622222;12845622222;10240;10228
1124;13627851000;12345622222;12845622222;10240;10228
1125;13627870000;12386844444;12886844444;10240;10228
1126;13628040000;12386844444;12886844444;10240;10228
1127;13628306000;12386844444;12886844444;10240;10228
1128;13628324000;12386844444;12886844444;10240;10228
1129;13628501000;12386844444;12886844444;10240;10228
1130;13628508000;12386844444;12886844444;10240;10228
1131;13628705000;12386844444;12886844444;10240;10228
1132;13628722000;12386866666;12886866666;10240;10228
1133;13628909000;12387233333;12887233333;10240;10228
1134;13628929000;12387233333;12887233333;10240;10228
1135;13629114000;12387233333;12887233333;10240;10228
1136;13629302000;12428544444;12928544444;10240;10228
1137;13629307000;12428544444;12928544444;10240;10228
1138;13629506000;12428544444;12928544444;10240;10228
1139;13629511000;12428544444;12928544444;10240;10228
1140;13629710000;12428544444;12928544444;10240;10228
1141;13629915000;12428544444;12928544444;10240;10228
1142;13629921000;12428544444;12928544444;10240;10228
1143;13629925000;12428555555;12928555555;10240;10228
1144;13630190000;12428855555;12928855555;10240;10228
1145;13630341000;12428855555;12928855555;10240;10228
1156;13786073000;12470500000;12970500000;10240;10228
1157;13786088000;12470500000;12970500000;10240;10228
1158;13786109000;12511855555;13011855555;10240;10228
1159;13786120000;12511855555;13011855555;10240;10228
1160;13786128000;12511855555;13011855555;10240;10228
1161;13786140000;12511855555;13011855555;10240;10228
1162;13786149000;12511855555;13011855555;10240;10228
1165;13786243000;12511877777;13011877777;10240;10228
1166;13786272000;12512255555;13012255555;10240;10228
1167;13786293000;12512255555;13012255555;10240;10228
1146;13786318000;12428855555;12928855555;10240;10228
1168;13786344000;12512255555;13012255555;10240;10228
1169;13786385000;12553511111;13053511111;10240;10228
1171;13786403000;12553511111;13053511111;10240;10228
1172;13786422000;12553511111;13053511111;10240;10228
1173;13786431000;12553511111;13053511111;10240;10228
1174;13786453000;12553511111;13053511111;10240;10228
1175;13786465000;12553511111;13053511111;10240;10228
1176;13786497000;12553533333;13053533333;10240;10228
1147;13786519000;12470211111;12970211111;10240;10228
1178;13786542000;12553922222;13053922222;10240;10228
1179;13786547000;12553922222;13053922222;10240;10228
1180;13786590000;12595211111;13095211111;10240;10228
1181;13786629000;12595211111;13095211111;10240;10228
1182;13786641000;12595211111;13095211111;10240;10228
1183;13786659000;12595211111;13095211111;10240;10228
1148;13786684000;12470211111;12970211111;10240;10228
1149;13786709000;12470211111;12970211111;10240;10228
1184;13786728000;12595211111;13095211111;10240;10228
1185;13786742000;12595211111;13095211111;10240;10228
1186;13786794000;12595211111;13095211111;10240;10228
1187;13786804000;12595233333;13095233333;10240;10228
1189;13786815000;12595522222;13095522222;10240;10228
1190;13786829000;12595522222;13095522222;10240;10228
1153;13787296000;12470211111;12970211111;10240;10228
1154;13787319000;12470222222;12970222222;10240;10228
1155;13787339000;12470500000;12970500000;10240;10228
1156;13787490000;12470500000;12970500000;10240;10228
1158;13787695000;12511855555;13011855555;10240;10228
1159;13787712000;12511855555;13011855555;10240;10228
1160;13787885000;12511855555;13011855555;10240;10228
1161;13787902000;12511855555;13011855555;10240;10228
1162;13788115000;12511855555;13011855555;10240;10228
1163;13788319000;12511855555;13011855555;10240;10228
1164;13788356000;12511855555;13011855555;10240;10228
1165;13788514000;12511877777;13011877777;10240;10228
1166;13788533000;12512255555;13012255555;10240;10228
1167;13788720000;12512255555;13012255555;10240;10228
1169;13788740000;12553511111;13053511111;10240;10228
1170;13788925000;12553511111;13053511111;10240;10228
1171;13788931000;12553511111;13053511111;10240;10228
1173;13789171000;12553511111;13053511111;10240;10228
1174;13789336000;12553511111;13053511111;10240;10228
1175;13789345000;12553511111;13053511111;10240;10228
1177;13789538000;12553922222;13053922222;10240;10228
1178;13789567000;12553922222;13053922222;10240;10228
1182;13789780000;12595211111;13095211111;10240;10228
1194;13946341000;12636877777;13136877777;10240;10228
1195;13946379000;12636877777;13136877777;10240;10228
1196;13946406000;12636877777;13136877777;10240;10228
1197;13946434000;12636877777;13136877777;10240;10228
1198;13946444000;12636888888;13136888888;10240;10228
1199;13946451000;12637166666;13137166666;10240;10228
1200;13946474000;12637166666;13137166666;10240;10228
1201;13946483000;12637166666;13137166666;10240;10228
1202;13946494000;12678522222;13178522222;10240;10228
1203;13946517000;12678522222;13178522222;10240;10228
1204;13946537000;12678522222;13178522222;10240;10228
1205;13946556000;12678522222;13178522222;10240;10228
1206;13946563000;12678522222;13178522222;10240;10228
1183;13946580000;12595211111;13095211111;10240;10228
1209;13946635000;12678544444;13178544444;10240;10228
1211;13946693000;12678966666;13178966666;10240;10228
1212;13946702000;12678966666;13178966666;10240;10228
1213;13946724000;12720211111;13220211111;10240;10228
1184;13946747000;12595211111;13095211111;10240;10228
1218;13946795000;12720211111;13220211111;10240;10228
1219;13946820000;12720211111;13220211111;10240;10228
1220;13946828000;12720222222;13220222222;10240;10228
1185;13946945000;12595211111;13095211111;10240;10228
1186;13946953000;12595211111;13095211111;10240;10228
1265;13947109000;12887244444;13387244444;10240;10228
1266;13947133000;12887244444;13387244444;10240;10228
1268;13947142000;12928544444;13428544444;10240;10228
1187;13947160000;12595233333;13095233333;10240;10228
1188;13947177000;12595522222;13095522222;10240;10228
1270;13947189000;12928544444;13428544444;10240;10228
1271;13947199000;12928544444;13428544444;10240;10228
1272;13947212000;12928544444;13428544444;10240;10228
1190;13947372000;12595522222;13095522222;10240;10228
1191;13947576000;12636877777;13136877777;10240;10228
1192;13947595000;12636877777;13136877777;10240;10228
1193;13947818000;12636877777;13136877777;10240;10228
1194;13947975000;12636877777;13136877777;10240;10228
1195;13947994000;12636877777;13136877777;10240;10228
1196;13948237000;12636877777;13136877777;10240;10228
1197;13948278000;12636877777;13136877777;10240;10228
1198;13948447000;12636888888;13136888888;10240;10228
1199;13948487000;12637166666;13137166666;10240;10228
1200;13948645000;12637166666;13137166666;10240;10228
1201;13948670000;12637166666;13137166666;10240;10228
1202;13948829000;12678522222;13178522222;10240;10228
1203;13948975000;12678522222;13178522222;10240;10228
1204;13948999000;12678522222;13178522222;10240;10228
1205;13949257000;12678522222;13178522222;10240;10228
1206;13949268000;12678522222;13178522222;10240;10228
1207;13949462000;12678522222;13178522222;10240;10228
1209;13949486000;12678544444;13178544444;10240;10228
1210;13949660000;12678966666;13178966666;10240;10228
1211;13949861000;12678966666;13178966666;10240;10228
1212;13949871000;12678966666;13178966666;10240;10228
1213;13950010000;12720211111;13220211111;10240;10228
1214;13950030000;12720211111;13220211111;10240;10228
1215;13950222000;12720211111;13220211111;10240;10228
1216;13950485000;12720211111;13220211111;10240;10228
1217;13950509000;12720211111;13220211111;10240;10228
1273;14106578000;12928544444;13428544444;10240;10228
1274;14106593000;12928544444;13428544444;10240;10228
1275;14106601000;12928566666;13428566666;10240;10228
1277;14106622000;12928888888;13428888888;10240;10228
1278;14106633000;12928888888;13428888888;10240;10228
1279;14106644000;12970211111;13470211111;10240;10228
1280;14106652000;12970211111;13470211111;10240;10228
1281;14106673000;12970211111;13470211111;10240;10228
1282;14106683000;12970211111;13470211111;10240;10228
1283;14106690000;12970211111;13470211111;10240;10228
1284;14106698000;12970211111;13470211111;10240;10228
1285;14106715000;12970211111;13470211111;10240;10228
1286;14106734000;12970233333;13470233333;10240;10228
1287;14106755000;12970522222;13470522222;10240;10228
1288;14106762000;12970522222;13470522222;10240;10228
1219;14106789000;12720211111;13220211111;10240;10228
1289;14106862000;12970522222;13470522222;10240;10228
1290;14106876000;13011855555;13511855555;10240;10228
1292;14106889000;13011855555;13511855555;10240;10228
1293;14106900000;13011855555;13511855555;10240;10228
1294;14106912000;13011855555;13511855555;10240;10228
1295;14106924000;13011855555;13511855555;10240;10228
1265;14106975000;12887244444;13387244444;10240;10228
1296;14107030000;13011855555;13511855555;10240;10228
1297;14107070000;13011877777;13511877777;10240;10228
1298;14107115000;13012277777;13512277777;10240;10228
1299;14107134000;13012277777;13512277777;10240;10228
1300;14107145000;13012277777;13512277777;10240;10228
1301;14107167000;13053511111;13553511111;10240;10228
1302;14107189000;13053511111;13553511111;10240;10228
1266;14107201000;12887244444;13387244444;10240;10228
1267;14107225000;12887244444;13387244444;10240;10228
1303;14107310000;13053511111;13553511111;10240;10228
1304;14107335000;13053511111;13553511111;10240;10228
1305;14107349000;13053511111;13553511111;10240;10228
1306;14107367000;13053511111;13553511111;10240;10228
1268;14107391000;12928544444;13428544444;10240;10228
1269;14107427000;12928544444;13428544444;10240;10228
1307;14107442000;13053511111;13553511111;10240;10228
1308;14107456000;13053533333;13553533333;10240;10228
1309;14107474000;13053933333;13553933333;10240;10228
1310;14107538000;13053933333;13553933333;10240;10228
1272;14107790000;12928544444;13428544444;10240;10228
1273;14107996000;12928544444;13428544444;10240;10228
1274;14108013000;12928544444;13428544444;10240;10228
1275;14108238000;12928566666;13428566666;10240;10228
1276;14108264000;12928888888;13428888888;10240;10228
1277;14108407000;12928888888;13428888888;10240;10228
1278;14108426000;12928888888;13428888888;10240;10228
1279;14108652000;12970211111;13470211111;10240;10228
1280;14108687000;12970211111;13470211111;10240;10228
1281;14108855000;12970211111;13470211111;10240;10228
1283;14109026000;12970211111;13470211111;10240;10228
1284;14109069000;12970211111;13470211111;10240;10228
1285;14109268000;12970211111;13470211111;10240;10228
1287;14109302000;12970522222;13470522222;10240;10228
1288;14109507000;12970522222;13470522222;10240;10228
1289;14109698000;12970522222;13470522222;10240;10228
1290;14109717000;13011855555;13511855555;10240;10228
1291;14109874000;13011855555;13511855555;10240;10228
1292;14109885000;13011855555;13511855555;10240;10228
1293;14110065000;13011855555;13511855555;10240;10228
1294;14110290000;13011855555;13511855555;10240;10228
1295;14110311000;13011855555;13511855555;10240;10228
1296;14110498000;13011855555;13511855555;10240;10228
1297;14110518000;13011877777;13511877777;10240;10228
1298;14110699000;13012277777;13512277777;10240;10228
1299;14110721000;13012277777;13512277777;10240;10228
1311;14266854000;13053933333;13553933333;10240;10228
1312;14266870000;13095211111;13595211111;10240;10228
1313;14266878000;13095211111;13595211111;10240;10228
1314;14266903000;13095211111;13595211111;10240;10228
1315;14266915000;13095211111;13595211111;10240;10228
1316;14266925000;13095211111;13595211111;10240;10228
1317;14266937000;13095211111;13595211111;10240;10228
1318;14266953000;13095211111;13595211111;10240;10228
1319;14266962000;13095233333;13595233333;10240;10228
1320;14266970000;13095511111;13595511111;10240;10228
1321;14266998000;13095511111;13595511111;10240;10228
1322;14267008000;13095511111;13595511111;10240;10228
1323;14267026000;13136877777;13636877777;10240;10228
1324;14267065000;13136877777;13636877777;10240;10228
1325;14267096000;13136877777;13636877777;10240;10228
1326;14267114000;13136877777;13636877777;10240;10228
1300;14267127000;13012277777;13512277777;10240;10228
1327;14267170000;13136877777;13636877777;10240;10228
1328;14267210000;13136877777;13636877777;10240;10228
1329;14267232000;13136877777;13636877777;10240;10228
1330;14267251000;13136900000;13636900000;10240;10228
1331;14267279000;13137166666;13637166666;10240;10228
1332;14267298000;13137166666;13637166666;10240;10228
1333;14267312000;13137166666;13637166666;10240;10228
1334;14267320000;13178522222;13678522222;10240;10228
1301;14267339000;13053511111;13553511111;10240;10228
1302;14267364000;13053511111;13553511111;10240;10228
1335;14267387000;13178522222;13678522222;10240;10228
1336;14267425000;13178522222;13678522222;10240;10228
1337;14267439000;13178522222;13678522222;10240;10228
1338;14267458000;13178522222;13678522222;10240;10228
1339;14267488000;13178522222;13678522222;10240;10228
1340;14267497000;13178522222;13678522222;10240;10228
1303;14267510000;13053511111;13553511111;10240;10228
1341;14267533000;13178544444;13678544444;10240;10228
1343;14267560000;13178966666;13678966666;10240;10228
1344;14267621000;13178966666;13678966666;10240;10228
1345;14267656000;13220177777;13720177777;10240;10228
1347;14267670000;13220177777;13720177777;10240;10228
1348;14267728000;13220177777;13720177777;10240;10228
1310;14268086000;13053933333;13553933333;10240;10228
1312;14268281000;13095211111;13595211111;10240;10228
1313;14268487000;13095211111;13595211111;10240;10228
1314;14268524000;13095211111;13595211111;10240;10228
1315;14268684000;13095211111;13595211111;10240;10228
1316;14268701000;13095211111;13595211111;10240;10228
1317;14268887000;13095211111;13595211111;10240;10228
1318;14269113000;13095211111;13595211111;10240;10228
1319;14269138000;13095233333;13595233333;10240;10228
1320;14269157000;13095511111;13595511111;10240;10228
1321;14269307000;13095511111;13595511111;10240;10228
1322;14269505000;13095511111;13595511111;10240;10228
1323;14269522000;13136877777;13636877777;10240;10228
1324;14269708000;13136877777;13636877777;10240;10228
1325;14269715000;13136877777;13636877777;10240;10228
1326;14269911000;13136877777;13636877777;10240;10228
1327;14270127000;13136877777;13636877777;10240;10228
1328;14270149000;13136877777;13636877777;10240;10228
1329;14270361000;13136877777;13636877777;10240;10228
1330;14270368000;13136900000;13636900000;10240;10228
1331;14270553000;13137166666;13637166666;10240;10228
1332;14270559000;13137166666;13637166666;10240;10228
1333;14270758000;13137166666;13637166666;10240;10228
1336;14270763000;13178522222;13678522222;10240;10228
1337;14270968000;13178522222;13678522222;10240;10228
1350;14427098000;13220177777;13720177777;10240;10228
1351;14427112000;13220177777;13720177777;10240;10228
1352;14427130000;13220200000;13720200000;10240;10228
1354;14427139000;13220588888;13720588888;10240;10228
1355;14427147000;13220588888;13720588888;10240;10228
1356;14427193000;13261877777;13761877777;10240;10228
1357;14427203000;13261877777;13761877777;10240;10228
1358;14427210000;13261877777;13761877777;10240;10228
1359;14427226000;13261877777;13761877777;10240;10228
1360;14427244000;13261877777;13761877777;10240;10228
1361;14427254000;13261877777;13761877777;10240;10228
1338;14427303000;13178522222;13678522222;10240;10228
1362;14427319000;13261877777;13761877777;10240;10228
1363;14427360000;13261900000;13761900000;10240;10228
1364;14427371000;13262188888;13762188888;10240;10228
1365;14427378000;13262188888;13762188888;10240;10228
1366;14427394000;13262188888;13762188888;10240;10228
1367;14427401000;13303544444;13803544444;10240;10228
1368;14427487000;13303544444;13803544444;10240;10228
1339;14427497000;13178522222;13678522222;10240;10228
1369;14427538000;13303544444;13803544444;10240;10228
1370;14427549000;13303544444;13803544444;10240;10228
1371;14427560000;13303544444;13803544444;10240;10228
1372;14427599000;13303544444;13803544444;10240;10228
1373;14427617000;13303544444;13803544444;10240;10228
1374;14427638000;13303555555;13803555555;10240;10228
1375;14427647000;13303855555;13803855555;10240;10228
1376;14427661000;13303855555;13803855555;10240;10228
1377;14427668000;13303855555;13803855555;10240;10228
1378;14427711000;13345188888;13845188888;10240;10228
1340;14427721000;13178522222;13678522222;10240;10228
1341;14427732000;13178544444;13678544444;10240;10228
1379;14427750000;13345188888;13845188888;10240;10228
1380;14427763000;13345188888;13845188888;10240;10228
1381;14427774000;13345188888;13845188888;10240;10228
1382;14427809000;13345188888;13845188888;10240;10228
1383;14427817000;13345188888;13845188888;10240;10228
1384;14427832000;13345188888;13845188888;10240;10228
1385;14427855000;13345211111;13845211111;10240;10228
1386;14427966000;13345600000;13845600000;10240;10228
1348;14428519000;13220177777;13720177777;10240;10228
1349;14428721000;13220177777;13720177777;10240;10228
1350;14428729000;13220177777;13720177777;10240;10228
1351;14428928000;13220177777;13720177777;10240;10228
1352;14428933000;13220200000;13720200000;10240;10228
1353;14429167000;13220588888;13720588888;10240;10228
1354;14429174000;13220588888;13720588888;10240;10228
1355;14429371000;13220588888;13720588888;10240;10228
1356;14429377000;13261877777;13761877777;10240;10228
1357;14429574000;13261877777;13761877777;10240;10228
1358;14429775000;13261877777;13761877777;10240;10228
1359;14429780000;13261877777;13761877777;10240;10228
1360;14429986000;13261877777;13761877777;10240;10228
1361;14429991000;13261877777;13761877777;10240;10228
1362;14430183000;13261877777;13761877777;10240;10228
1363;14430188000;13261900000;13761900000;10240;10228
1364;14430394000;13262188888;13762188888;10240;10228
1365;14430599000;13262188888;13762188888;10240;10228
1366;14430604000;13262188888;13762188888;10240;10228
1367;14430798000;13303544444;13803544444;10240;10228
1368;14430803000;13303544444;13803544444;10240;10228
1369;14430973000;13303544444;13803544444;10240;10228
1370;14431216000;13303544444;13803544444;10240;10228
1371;14431223000;13303544444;13803544444;10240;10228
1372;14431418000;13303544444;13803544444;10240;10228
1373;14431424000;13303544444;13803544444;10240;10228
1374;14431622000;13303555555;13803555555;10240;10228
1375;14431628000;13303855555;13803855555;10240;10228
1387;14587363000;13345600000;13845600000;10240;10228
1388;14587377000;13345600000;13845600000;10240;10228
1389;14587385000;13386888888;13886888888;10240;10228
1390;14587409000;13386888888;13886888888;10240;10228
1391;14587422000;13386888888;13886888888;10240;10228
1392;14587430000;13386888888;13886888888;10240;10228
1394;14587438000;13386888888;13886888888;10240;10228
1395;14587469000;13386888888;13886888888;10240;10228
1396;14587489000;13386911111;13886911111;10240;10228
1397;14587506000;13387233333;13887233333;10240;10228
1398;14587516000;13387233333;13887233333;10240;10228
1399;14587523000;13387233333;13887233333;10240;10228
1400;14587554000;13428544444;13928544444;10240;10228
1401;14587576000;13428544444;13928544444;10240;10228
1402;14587588000;13428544444;13928544444;10240;10228
1403;14587608000;13428544444;13928544444;10240;10228
1404;14587618000;13428544444;13928544444;10240;10228
1376;14587626000;13303855555;13803855555;10240;10228
1405;14587650000;13428544444;13928544444;10240;10228
1406;14587680000;13428544444;13928544444;10240;10228
1407;14587723000;13428555555;13928555555;10240;10228
1408;14587744000;13428877777;13928877777;10240;10228
1409;14587759000;13428877777;13928877777;10240;10228
1410;14587782000;13428877777;13928877777;10240;10228
1377;14587791000;13303855555;13803855555;10240;10228
1411;14587840000;13470188888;13970188888;10240;10228
1412;14587858000;13470188888;13970188888;10240;10228
1414;14587882000;13470188888;13970188888;10240;10228
1415;14587895000;13470188888;13970188888;10240;10228
1416;14587907000;13470188888;13970188888;10240;10228
1417;14587922000;13470188888;13970188888;10240;10228
1418;14587950000;13470211111;13970211111;10240;10228
1419;14587961000;13470588888;13970588888;10240;10228
1381;14587997000;13345188888;13845188888;10240;10228
1420;14588021000;13470588888;13970588888;10240;10228
1421;14588039000;13470588888;13970588888;10240;10228
1422;14588099000;13511844444;14011844444;10240;10228
1423;14588114000;13511844444;14011844444;10240;10228
1424;14588138000;13511844444;14011844444;10240;10228
1386;14588582000;13345600000;13845600000;10240;10228
1387;14588600000;13345600000;13845600000;10240;10228
1388;14588785000;13345600000;13845600000;10240;10228
1389;14588990000;13386888888;13886888888;10240;10228
1390;14589008000;13386888888;13886888888;10240;10228
1391;14589205000;13386888888;13886888888;10240;10228
1392;14589231000;13386888888;13886888888;10240;10228
1393;14589400000;13386888888;13886888888;10240;10228
1396;14589420000;13386911111;13886911111;10240;10228
1397;14589606000;13387233333;13887233333;10240;10228
1398;14589812000;13387233333;13887233333;10240;10228
1399;14589829000;13387233333;13887233333;10240;10228
1400;14590000000;13428544444;13928544444;10240;10228
1403;14590008000;13428544444;13928544444;10240;10228
1404;14590221000;13428544444;13928544444;10240;10228
1405;14590227000;13428544444;13928544444;10240;10228
1406;14590425000;13428544444;13928544444;10240;10228
1407;14590430000;13428555555;13928555555;10240;10228
1408;14590629000;13428877777;13928877777;10240;10228
1409;14590836000;13428877777;13928877777;10240;10228
1410;14590840000;13428877777;13928877777;10240;10228
1411;14591024000;13470188888;13970188888;10240;10228
1425;14747681000;13511844444;14011844444;10240;10228
1427;14747696000;13511844444;14011844444;10240;10228
1428;14747706000;13511844444;14011844444;10240;10228
1429;14747714000;13511866666;14011866666;10240;10228
1430;14747735000;13512233333;14012233333;10240;10228
1431;14747755000;13512233333;14012233333;10240;10228
1432;14747767000;13512233333;14012233333;10240;10228
1433;14747797000;13553544444;14053544444;10240;10228
1434;14747808000;13553544444;14053544444;10240;10228
1435;14747837000;13553544444;14053544444;10240;10228
1436;14747859000;13553544444;14053544444;10240;10228
1437;14747866000;13553544444;14053544444;10240;10228
1438;14747888000;13553544444;14053544444;10240;10228
1439;14747897000;13553544444;14053544444;10240;10228
1440;14747909000;13553566666;14053566666;10240;10228
1441;14747917000;13553855555;14053855555;10240;10228
1414;14747937000;13470188888;13970188888;10240;10228
1442;14747963000;13553855555;14053855555;10240;10228
1443;14747972000;13553855555;14053855555;10240;10228
1444;14747985000;13595211111;14095211111;10240;10228
1445;14748019000;13595211111;14095211111;10240;10228
1446;14748039000;13595211111;14095211111;10240;10228
1447;14748089000;13595211111;14095211111;10240;10228
1448;14748119000;13595211111;14095211111;10240;10228
1449;14748127000;13595211111;14095211111;10240;10228
1415;14748141000;13470188888;13970188888;10240;10228
1416;14748165000;13470188888;13970188888;10240;10228
1451;14748184000;13595222222;14095222222;10240;10228
1452;14748213000;13595511111;14095511111;10240;10228
1453;14748231000;13595511111;14095511111;10240;10228
1454;14748253000;13595511111;14095511111;10240;10228
1455;14748267000;13636855555;14136855555;10240;10228
1456;14748293000;13636855555;14136855555;10240;10228
1457;14748308000;13636855555;14136855555;10240;10228
1458;14748321000;13636855555;14136855555;10240;10228
1460;14748334000;13636855555;14136855555;10240;10228
1461;14748347000;13636855555;14136855555;10240;10228
1462;14748358000;13636877777;14136877777;10240;10228
1463;14748386000;13637266666;14137266666;10240;10228
1424;14749057000;13511844444;14011844444;10240;10228
1425;14749280000;13511844444;14011844444;10240;10228
1426;14749305000;13511844444;14011844444;10240;10228
1427;14749474000;13511844444;14011844444;10240;10228
1428;14749492000;13511844444;14011844444;10240;10228
1429;14749715000;13511866666;14011866666;10240;10228
1430;14749750000;13512233333;14012233333;10240;10228
1431;14749927000;13512233333;14012233333;10240;10228
1432;14749955000;13512233333;14012233333;10240;10228
1433;14750089000;13553544444;14053544444;10240;10228
1434;14750337000;13553544444;14053544444;10240;10228
1435;14750363000;13553544444;14053544444;10240;10228
1436;14750547000;13553544444;14053544444;10240;10228
1437;14750583000;13553544444;14053544444;10240;10228
1438;14750739000;13553544444;14053544444;10240;10228
1439;14750952000;13553544444;14053544444;10240;10228
1440;14750979000;13553566666;14053566666;10240;10228
1441;14751178000;13553855555;14053855555;10240;10228
1442;14751189000;13553855555;14053855555;10240;10228
1443;14751357000;13553855555;14053855555;10240;10228
1444;14751375000;13595211111;14095211111;10240;10228
1445;14751567000;13595211111;14095211111;10240;10228
1446;14751586000;13595211111;14095211111;10240;10228
1447;14751765000;13595211111;14095211111;10240;10228
1449;14751940000;13595211111;14095211111;10240;10228
1450;14751951000;13595211111;14095211111;10240;10228
1451;14752178000;13595222222;14095222222;10240;10228
1464;14907966000;13637266666;14137266666;10240;10228
1465;14907978000;13637266666;14137266666;10240;10228
1466;14907990000;13678511111;14178511111;10240;10228
1467;14908014000;13678511111;14178511111;10240;10228
1468;14908024000;13678511111;14178511111;10240;10228
1469;14908031000;13678511111;14178511111;10240;10228
1470;14908061000;13678511111;14178511111;10240;10228
1474;14908110000;13678933333;14178933333;10240;10228
1475;14908129000;13678933333;14178933333;10240;10228
1476;14908159000;13678933333;14178933333;10240;10228
1477;14908169000;13720211111;14220211111;10240;10228
1478;14908199000;13720211111;14220211111;10240;10228
1455;14908209000;13636855555;14136855555;10240;10228
1479;14908217000;13720211111;14220211111;10240;10228
1480;14908225000;13720211111;14220211111;10240;10228
1481;14908239000;13720211111;14220211111;10240;10228
1482;14908258000;13720211111;14220211111;10240;10228
1483;14908268000;13720211111;14220211111;10240;10228
1484;14908307000;13720233333;14220233333;10240;10228
1485;14908317000;13720522222;14220522222;10240;10228
1486;14908371000;13720522222;14220522222;10240;10228
1487;14908380000;13720522222;14220522222;10240;10228
1488;14908409000;13761877777;14261877777;10240;10228
1456;14908418000;13636855555;14136855555;10240;10228
1489;14908442000;13761877777;14261877777;10240;10228
1490;14908480000;13761877777;14261877777;10240;10228
1491;14908505000;13761877777;14261877777;10240;10228
1492;14908544000;13761877777;14261877777;10240;10228
1493;14908552000;13761877777;14261877777;10240;10228
1494;14908583000;13761877777;14261877777;10240;10228
1496;14908600000;13762211111;14262211111;10240;10228
1497;14908615000;13762211111;14262211111;10240;10228
1498;14908627000;13762211111;14262211111;10240;10228
1499;14908640000;13803522222;14303522222;10240;10228
1500;14908651000;13803522222;14303522222;10240;10228
1501;14908664000;13803522222;14303522222;10240;10228
1502;14908757000;13803522222;14303522222;10240;10228
1463;14909206000;13637266666;14137266666;10240;10228
1464;14909229000;13637266666;14137266666;10240;10228
1465;14909410000;13637266666;14137266666;10240;10228
1467;14909592000;13678511111;14178511111;10240;10228
1468;14909610000;13678511111;14178511111;10240;10228
1469;14909811000;13678511111;14178511111;10240;10228
1470;14909828000;13678511111;14178511111;10240;10228
1471;14910000000;13678511111;14178511111;10240;10228
1472;14910230000;13678511111;14178511111;10240;10228
1473;14910256000;13678533333;14178533333;10240;10228
1474;14910426000;13678933333;14178933333;10240;10228
1475;14910445000;13678933333;14178933333;10240;10228
1476;14910630000;13678933333;14178933333;10240;10228
1477;14910648000;13720211111;14220211111;10240;10228
1478;14910835000;13720211111;14220211111;10240;10228
1479;14910853000;13720211111;14220211111;10240;10228
1480;14911022000;13720211111;14220211111;10240;10228
1481;14911296000;13720211111;14220211111;10240;10228
1482;14911307000;13720211111;14220211111;10240;10228
1483;14911485000;13720211111;14220211111;10240;10228
1484;14911491000;13720233333;14220233333;10240;10228
1485;14911680000;13720522222;14220522222;10240;10228
1486;14911686000;13720522222;14220522222;10240;10228
1487;14911891000;13720522222;14220522222;10240;10228
1488;14911897000;13761877777;14261877777;10240;10228
1489;14912062000;13761877777;14261877777;10240;10228
1490;14912303000;13761877777;14261877777;10240;10228
1503;15068247000;13803522222;14303522222;10240;10228
1504;15068262000;13803522222;14303522222;10240;10228
1505;15068297000;13803522222;14303522222;10240;10228
1506;15068308000;13803544444;14303544444;10240;10228
1507;15068345000;13803922222;14303922222;10240;10228
1509;15068407000;13803922222;14303922222;10240;10228
1510;15068427000;13845177777;14345177777;10240;10228
1511;15068460000;13845177777;14345177777;10240;10228
1512;15068479000;13845177777;14345177777;10240;10228
1513;15068487000;13845177777;14345177777;10240;10228
1514;15068499000;13845177777;14345177777;10240;10228
1515;15068511000;13845177777;14345177777;10240;10228
1516;15068524000;13845177777;14345177777;10240;10228
1517;15068532000;13845200000;14345200000;10240;10228
1491;15068544000;13761877777;14261877777;10240;10228
1562;15068640000;14012366666;14512366666;10240;10228
1563;15068653000;14012366666;14512366666;10240;10228
1564;15068670000;14012366666;14512366666;10240;10228
1492;15068689000;13761877777;14261877777;10240;10228
1565;15068715000;14053566666;14553566666;10240;10228
1566;15068738000;14053566666;14553566666;10240;10228
1567;15068752000;14053566666;14553566666;10240;10228
1568;15068760000;14053566666;14553566666;10240;10228
1569;15068782000;14053566666;14553566666;10240;10228
1570;15068791000;14053566666;14553566666;10240;10228
1571;15068799000;14053566666;14553566666;10240;10228
1572;15068811000;14053588888;14553588888;10240;10228
1573;15068840000;14053888888;14553888888;10240;10228
1574;15068850000;14053888888;14553888888;10240;10228
1493;15068880000;13761877777;14261877777;10240;10228
1494;15068904000;13761877777;14261877777;10240;10228
1575;15068943000;14053888888;14553888888;10240;10228
1576;15068982000;14095211111;14595211111;10240;10228
1577;15069000000;14095211111;14595211111;10240;10228
1578;15069030000;14095211111;14595211111;10240;10228
1579;15069072000;14095211111;14595211111;10240;10228
1580;15069108000;14095211111;14595211111;10240;10228
1581;15069119000;14095211111;14595211111;10240;10228
1582;15069132000;14095211111;14595211111;10240;10228
1584;15069144000;14095522222;14595522222;10240;10228
1585;15069154000;14095522222;14595522222;10240;10228
1502;15069881000;13803522222;14303522222;10240;10228
1503;15069901000;13803522222;14303522222;10240;10228
1504;15070078000;13803522222;14303522222;10240;10228
1505;15070096000;13803522222;14303522222;10240;10228
1506;15070297000;13803544444;14303544444;10240;10228
1507;15070338000;13803922222;14303922222;10240;10228
1508;15070528000;13803922222;14303922222;10240;10228
1509;15070536000;13803922222;14303922222;10240;10228
1510;15070728000;13845177777;14345177777;10240;10228
1511;15070933000;13845177777;14345177777;10240;10228
1512;15070953000;13845177777;14345177777;10240;10228
1513;15071168000;13845177777;14345177777;10240;10228
1514;15071188000;13845177777;14345177777;10240;10228
1515;15071348000;13845177777;14345177777;10240;10228
1516;15071550000;13845177777;14345177777;10240;10228
1517;15071558000;13845200000;14345200000;10240;10228
1562;15071752000;14012366666;14512366666;10240;10228
1563;15071771000;14012366666;14512366666;10240;10228
1564;15071927000;14012366666;14512366666;10240;10228
1565;15071947000;14053566666;14553566666;10240;10228
1566;15072172000;14053566666;14553566666;10240;10228
1567;15072179000;14053566666;14553566666;10240;10228
1568;15072369000;14053566666;14553566666;10240;10228
1569;15072595000;14053566666;14553566666;10240;10228
1571;15072605000;14053566666;14553566666;10240;10228
1572;15072782000;14053588888;14553588888;10240;10228
1573;15072793000;14053888888;14553888888;10240;10228
1586;15228491000;14095522222;14595522222;10240;10228
1587;15228507000;14136855555;14636855555;10240;10228
1588;15228516000;14136855555;14636855555;10240;10228
1589;15228536000;14136855555;14636855555;10240;10228
1591;15228583000;14136855555;14636855555;10240;10228
1593;15228595000;14136855555;14636855555;10240;10228
1594;15228602000;14136877777;14636877777;10240;10228
1595;15228633000;14137266666;14637266666;10240;10228
1596;15228643000;14137266666;14637266666;10240;10228
1597;15228682000;14137266666;14637266666;10240;10228
1598;15228706000;14178511111;14678511111;10240;10228
1577;15228730000;14095211111;14595211111;10240;10228
1599;15228746000;14178511111;14678511111;10240;10228
1600;15228754000;14178511111;14678511111;10240;10228
1601;15228799000;14178511111;14678511111;10240;10228
1602;15228811000;14178511111;14678511111;10240;10228
1603;15228870000;14178511111;14678511111;10240;10228
1605;15228879000;14178533333;14678533333;10240;10228
1606;15228915000;14178944444;14678944444;10240;10228
1578;15228924000;14095211111;14595211111;10240;10228
1607;15228988000;14178944444;14678944444;10240;10228
1608;15229029000;14178944444;14678944444;10240;10228
1609;15229040000;14220211111;14720211111;10240;10228
1610;15229083000;14220211111;14720211111;10240;10228
1611;15229112000;14220211111;14720211111;10240;10228
1612;15229121000;14220211111;14720211111;10240;10228
1614;15229149000;14220211111;14720211111;10240;10228
1580;15229163000;14095211111;14595211111;10240;10228
1581;15229187000;14095211111;14595211111;10240;10228
1615;15229207000;14220211111;14720211111;10240;10228
1616;15229224000;14220233333;14720233333;10240;10228
1618;15229270000;14220511111;14720511111;10240;10228
1619;15229303000;14220511111;14720511111;10240;10228
1620;15229323000;14261877777;14761877777;10240;10228
1621;15229335000;14261877777;14761877777;10240;10228
1582;15229366000;14095211111;14595211111;10240;10228
1583;15229390000;14095222222;14595222222;10240;10228
1622;15229412000;14261877777;14761877777;10240;10228
1623;15229430000;14261877777;14761877777;10240;10228
1624;15229466000;14261877777;14761877777;10240;10228
1625;15229489000;14261877777;14761877777;10240;10228
1585;15229557000;14095522222;14595522222;10240;10228
1586;15229743000;14095522222;14595522222;10240;10228
1587;15229760000;14136855555;14636855555;10240;10228
1588;15229946000;14136855555;14636855555;10240;10228
1590;15230160000;14136855555;14636855555;10240;10228
1591;15230198000;14136855555;14636855555;10240;10228
1592;15230357000;14136855555;14636855555;10240;10228
1593;15230376000;14136855555;14636855555;10240;10228
1594;15230561000;14136877777;14636877777;10240;10228
1595;15230579000;14137266666;14637266666;10240;10228
1596;15230769000;14137266666;14637266666;10240;10228
1597;15230970000;14137266666;14637266666;10240;10228
1598;15230988000;14178511111;14678511111;10240;10228
1599;15231175000;14178511111;14678511111;10240;10228
1600;15231193000;14178511111;14678511111;10240;10228
1601;15231380000;14178511111;14678511111;10240;10228
1602;15231398000;14178511111;14678511111;10240;10228
1603;15231583000;14178511111;14678511111;10240;10228
1604;15231792000;14178511111;14678511111;10240;10228
1605;15231808000;14178533333;14678533333;10240;10228
1606;15231979000;14178944444;14678944444;10240;10228
1608;15231993000;14178944444;14678944444;10240;10228
1609;15232234000;14220211111;14720211111;10240;10228
1610;15232255000;14220211111;14720211111;10240;10228
1611;15232437000;14220211111;14720211111;10240;10228
1612;15232444000;14220211111;14720211111;10240;10228
1626;15388735000;14261877777;14761877777;10240;10228
1627;15388752000;14261900000;14761900000;10240;10228
1628;15388760000;14262200000;14762200000;10240;10228
1629;15388782000;14262200000;14762200000;10240;10228
1630;15388791000;14262200000;14762200000;10240;10228
1631;15388799000;14303522222;14803522222;10240;10228
1632;15388820000;14303522222;14803522222;10240;10228
1633;15388830000;14303522222;14803522222;10240;10228
1634;15388837000;14303522222;14803522222;10240;10228
1635;15388852000;14303522222;14803522222;10240;10228
1637;15388875000;14303522222;14803522222;10240;10228
1638;15388886000;14303544444;14803544444;10240;10228
1613;15388943000;14220211111;14720211111;10240;10228
1639;15388957000;14303955555;14803955555;10240;10228
1640;15388968000;14303955555;14803955555;10240;10228
1641;15388976000;14303955555;14803955555;10240;10228
1642;15388996000;14345177777;14845177777;10240;10228
1643;15389008000;14345177777;14845177777;10240;10228
1644;15389085000;14345177777;14845177777;10240;10228
1645;15389094000;14345177777;14845177777;10240;10228
1646;15389114000;14345177777;14845177777;10240;10228
1647;15389133000;14345177777;14845177777;10240;10228
1614;15389151000;14220211111;14720211111;10240;10228
1649;15389187000;14345200000;14845200000;10240;10228
1650;15389280000;14345588888;14845588888;10240;10228
1651;15389290000;14345588888;14845588888;10240;10228
1652;15389354000;14345588888;14845588888;10240;10228
1615;15389364000;14220211111;14720211111;10240;10228
1653;15389377000;14386877777;14886877777;10240;10228
1616;15389396000;14220233333;14720233333;10240;10228
1654;15389404000;14386877777;14886877777;10240;10228
1655;15389417000;14386877777;14886877777;10240;10228
1657;15389442000;14386877777;14886877777;10240;10228
1658;15389452000;14386877777;14886877777;10240;10228
1659;15389497000;14386877777;14886877777;10240;10228
1660;15389506000;14386900000;14886900000;10240;10228
1661;15389528000;14387200000;14887200000;10240;10228
1662;15389583000;14387200000;14887200000;10240;10228
1663;15389593000;14387200000;14887200000;10240;10228
1664;15389633000;14428522222;14928522222;10240;10228
1665;15389643000;14428522222;14928522222;10240;10228
1625;15390371000;14261877777;14761877777;10240;10228
1626;15390566000;14261877777;14761877777;10240;10228
1627;15390575000;14261900000;14761900000;10240;10228
1628;15390771000;14262200000;14762200000;10240;10228
1629;15390781000;14262200000;14762200000;10240;10228
1630;15390960000;14262200000;14762200000;10240;10228
1631;15391213000;14303522222;14803522222;10240;10228
1632;15391219000;14303522222;14803522222;10240;10228
1633;15391385000;14303522222;14803522222;10240;10228
1636;15391393000;14303522222;14803522222;10240;10228
1637;15391590000;14303522222;14803522222;10240;10228
1638;15391594000;14303544444;14803544444;10240;10228
1639;15391829000;14303955555;14803955555;10240;10228
1640;15391834000;14303955555;14803955555;10240;10228
1641;15391998000;14303955555;14803955555;10240;10228
1642;15392246000;14345177777;14845177777;10240;10228
1643;15392268000;14345177777;14845177777;10240;10228
1644;15392440000;14345177777;14845177777;10240;10228
1645;15392449000;14345177777;14845177777;10240;10228
1646;15392647000;14345177777;14845177777;10240;10228
1648;15392653000;14345177777;14845177777;10240;10228
1649;15392851000;14345200000;14845200000;10240;10228
1650;15392857000;14345588888;14845588888;10240;10228
1652;15393022000;14345588888;14845588888;10240;10228
1666;15549015000;14428522222;14928522222;10240;10228
1667;15549041000;14428522222;14928522222;10240;10228
1668;15549073000;14428522222;14928522222;10240;10228
1669;15549111000;14428522222;14928522222;10240;10228
1672;15549121000;14428966666;14928966666;10240;10228
1673;15549131000;14428966666;14928966666;10240;10228
1674;15549138000;14428966666;14928966666;10240;10228
1675;15549157000;14470177777;14970177777;10240;10228
1676;15549184000;14470177777;14970177777;10240;10228
1677;15549193000;14470177777;14970177777;10240;10228
1678;15549225000;14470177777;14970177777;10240;10228
1679;15549237000;14470177777;14970177777;10240;10228
1654;15549246000;14386877777;14886877777;10240;10228
1680;15549270000;14470177777;14970177777;10240;10228
1681;15549310000;14470177777;14970177777;10240;10228
1682;15549333000;14470200000;14970200000;10240;10228
1683;15549369000;14470577777;14970577777;10240;10228
1684;15549378000;14470577777;14970577777;10240;10228
1685;15549396000;14470577777;14970577777;10240;10228
1686;15549404000;14511877777;15011877777;10240;10228
1655;15549429000;14386877777;14886877777;10240;10228
1688;15549539000;14511877777;15011877777;10240;10228
1689;15549563000;14511877777;15011877777;10240;10228
1690;15549573000;14511877777;15011877777;10240;10228
1691;15549606000;14511877777;15011877777;10240;10228
1692;15549625000;14511877777;15011877777;10240;10228
1693;15549640000;14511900000;15011900000;10240;10228
1694;15549651000;14512211111;15012211111;10240;10228
1695;15549664000;14512211111;15012211111;10240;10228
1656;15549677000;14386877777;14886877777;10240;10228
1657;15549718000;14386877777;14886877777;10240;10228
1696;15549738000;14512211111;15012211111;10240;10228
1697;15549778000;14553544444;15053544444;10240;10228
1698;15549798000;14553544444;15053544444;10240;10228
1699;15549827000;14553544444;15053544444;10240;10228
1700;15549845000;14553544444;15053544444;10240;10228
1701;15549859000;14553544444;15053544444;10240;10228
1702;15549868000;14553544444;15053544444;10240;10228
1703;15549883000;14553544444;15053544444;10240;10228
1704;15549894000;14553566666;15053566666;10240;10228
1705;15549902000;14553877777;15053877777;10240;10228
1665;15550207000;14428522222;14928522222;10240;10228
1666;15550433000;14428522222;14928522222;10240;10228
1667;15550459000;14428522222;14928522222;10240;10228
1668;15550614000;14428522222;14928522222;10240;10228
1669;15550630000;14428522222;14928522222;10240;10228
1670;15550841000;14428522222;14928522222;10240;10228
1671;15550877000;14428544444;14928544444;10240;10228
1672;15551079000;14428966666;14928966666;10240;10228
1673;15551106000;14428966666;14928966666;10240;10228
1674;15551293000;14428966666;14928966666;10240;10228
1675;15551479000;14470177777;14970177777;10240;10228
1676;15551505000;14470177777;14970177777;10240;10228
1677;15551697000;14470177777;14970177777;10240;10228
1678;15551730000;14470177777;14970177777;10240;10228
1679;15551888000;14470177777;14970177777;10240;10228
1680;15552083000;14470177777;14970177777;10240;10228
1681;15552120000;14470177777;14970177777;10240;10228
1682;15552292000;14470200000;14970200000;10240;10228
1683;15552328000;14470577777;14970577777;10240;10228
1684;15552505000;14470577777;14970577777;10240;10228
1685;15552525000;14470577777;14970577777;10240;10228
1686;15552721000;14511877777;15011877777;10240;10228
1687;15552740000;14511877777;15011877777;10240;10228
1688;15552917000;14511877777;15011877777;10240;10228
1689;15553177000;14511877777;15011877777;10240;10228
1690;15553188000;14511877777;15011877777;10240;10228
1691;15553330000;14511877777;15011877777;10240;10228
1692;15553350000;14511877777;15011877777;10240;10228
1706;15709338000;14553877777;15053877777;10240;10228
1707;15709354000;14553877777;15053877777;10240;10228
1708;15709378000;14595188888;15095188888;10240;10228
1709;15709395000;14595188888;15095188888;10240;10228
1710;15709417000;14595188888;15095188888;10240;10228
1711;15709438000;14595188888;15095188888;10240;10228
1712;15709448000;14595188888;15095188888;10240;10228
1713;15709455000;14595188888;15095188888;10240;10228
1714;15709473000;14595188888;15095188888;10240;10228
1715;15709482000;14595211111;15095211111;10240;10228
1693;15709499000;14511900000;15011900000;10240;10228
1718;15709508000;14595600000;15095600000;10240;10228
1719;15709530000;14636844444;15136844444;10240;10228
1720;15709550000;14636844444;15136844444;10240;10228
1721;15709583000;14636844444;15136844444;10240;10228
1722;15709602000;14636844444;15136844444;10240;10228
1723;15709619000;14636844444;15136844444;10240;10228
1724;15709627000;14636844444;15136844444;10240;10228
1725;15709634000;14636844444;15136844444;10240;10228
1694;15709647000;14512211111;15012211111;10240;10228
1726;15709655000;14636866666;15136866666;10240;10228
1727;15709728000;14637244444;15137244444;10240;10228
1730;15709761000;14678544444;15178544444;10240;10228
1731;15709781000;14678544444;15178544444;10240;10228
1695;15709824000;14512211111;15012211111;10240;10228
1696;15709840000;14512211111;15012211111;10240;10228
1735;15709872000;14678544444;15178544444;10240;10228
1736;15709911000;14678544444;15178544444;10240;10228
1737;15709962000;14678566666;15178566666;10240;10228
1738;15709972000;14678877777;15178877777;10240;10228
1739;15709996000;14678877777;15178877777;10240;10228
1699;15710022000;14553544444;15053544444;10240;10228
1740;15710073000;14678877777;15178877777;10240;10228
1741;15710091000;14720211111;15220211111;10240;10228
1742;15710129000;14720211111;15220211111;10240;10228
1743;15710142000;14720211111;15220211111;10240;10228
1745;15710158000;14720211111;15220211111;10240;10228
1705;15710827000;14553877777;15053877777;10240;10228
1706;15710847000;14553877777;15053877777;10240;10228
1707;15711015000;14553877777;15053877777;10240;10228
1708;15711245000;14595188888;15095188888;10240;10228
1709;15711282000;14595188888;15095188888;10240;10228
1710;15711444000;14595188888;15095188888;10240;10228
1711;15711463000;14595188888;15095188888;10240;10228
1712;15711646000;14595188888;15095188888;10240;10228
1713;15711664000;14595188888;15095188888;10240;10228
1714;15711852000;14595188888;15095188888;10240;10228
1715;15711870000;14595211111;15095211111;10240;10228
1716;15712040000;14595600000;15095600000;10240;10228
1717;15712281000;14595600000;15095600000;10240;10228
1718;15712306000;14595600000;15095600000;10240;10228
1719;15712493000;14636844444;15136844444;10240;10228
1720;15712529000;14636844444;15136844444;10240;10228
1721;15712704000;14636844444;15136844444;10240;10228
1722;15712899000;14636844444;15136844444;10240;10228
1723;15712910000;14636844444;15136844444;10240;10228
1724;15713134000;14636844444;15136844444;10240;10228
1725;15713143000;14636844444;15136844444;10240;10228
1726;15713307000;14636866666;15136866666;10240;10228
1727;15713329000;14637244444;15137244444;10240;10228
1728;15713516000;14637244444;15137244444;10240;10228
1729;15713551000;14637244444;15137244444;10240;10228
1730;15713729000;14678544444;15178544444;10240;10228
1731;15713923000;14678544444;15178544444;10240;10228
1732;15713935000;14678544444;15178544444;10240;10228
1746;15869677000;14720211111;15220211111;10240;10228
1747;15869697000;14720211111;15220211111;10240;10228
1748;15869706000;14720222222;15220222222;10240;10228
1749;15869724000;14720522222;15220522222;10240;10228
1750;15869735000;14720522222;15220522222;10240;10228
1751;15869753000;14720522222;15220522222;10240;10228
1752;15869762000;14761855555;15261855555;10240;10228
1753;15869770000;14761855555;15261855555;10240;10228
1754;15869783000;14761855555;15261855555;10240;10228
1755;15869804000;14761855555;15261855555;10240;10228
1756;15869824000;14761855555;15261855555;10240;10228
1757;15869832000;14761855555;15261855555;10240;10228
1758;15869864000;14761855555;15261855555;10240;10228
1733;15869873000;14678544444;15178544444;10240;10228
1759;15869898000;14761877777;15261877777;10240;10228
1760;15869922000;14762311111;15262311111;10240;10228
1761;15869941000;14762311111;15262311111;10240;10228
1762;15870001000;14762311111;15262311111;10240;10228
1763;15870009000;14803511111;15303511111;10240;10228
1764;15870033000;14803511111;15303511111;10240;10228
1765;15870042000;14803511111;15303511111;10240;10228
1766;15870095000;14803511111;15303511111;10240;10228
1768;15870121000;14803511111;15303511111;10240;10228
1771;15870131000;14803922222;15303922222;10240;10228
1734;15870140000;14678544444;15178544444;10240;10228
1772;15870183000;14803922222;15303922222;10240;10228
1773;15870202000;14803922222;15303922222;10240;10228
1774;15870233000;14845211111;15345211111;10240;10228
1775;15870262000;14845211111;15345211111;10240;10228
1776;15870279000;14845211111;15345211111;10240;10228
1777;15870287000;14845211111;15345211111;10240;10228
1778;15870294000;14845211111;15345211111;10240;10228
1779;15870312000;14845211111;15345211111;10240;10228
1780;15870320000;14845211111;15345211111;10240;10228
1781;15870335000;14845233333;15345233333;10240;10228
1782;15870369000;14845511111;15345511111;10240;10228
1783;15870379000;14845511111;15345511111;10240;10228
1784;15870391000;14845511111;15345511111;10240;10228
1785;15870402000;14886877777;15386877777;10240;10228
1786;15870414000;14886877777;15386877777;10240;10228
1745;15871297000;14720211111;15220211111;10240;10228
1746;15871489000;14720211111;15220211111;10240;10228
1748;15871515000;14720222222;15220222222;10240;10228
1749;15871686000;14720522222;15220522222;10240;10228
1750;15871704000;14720522222;15220522222;10240;10228
1751;15871916000;14720522222;15220522222;10240;10228
1752;15872157000;14761855555;15261855555;10240;10228
1753;15872184000;14761855555;15261855555;10240;10228
1754;15872345000;14761855555;15261855555;10240;10228
1755;15872380000;14761855555;15261855555;10240;10228
1756;15872551000;14761855555;15261855555;10240;10228
1757;15872587000;14761855555;15261855555;10240;10228
1758;15872757000;14761855555;15261855555;10240;10228
1759;15872793000;14761877777;15261877777;10240;10228
1760;15872955000;14762311111;15262311111;10240;10228
1761;15873167000;14762311111;15262311111;10240;10228
1762;15873195000;14762311111;15262311111;10240;10228
1763;15873349000;14803511111;15303511111;10240;10228
1765;15873370000;14803511111;15303511111;10240;10228
1766;15873563000;14803511111;15303511111;10240;10228
1767;15873763000;14803511111;15303511111;10240;10228
1769;15873776000;14803511111;15303511111;10240;10228
1770;15873781000;14803533333;15303533333;10240;10228
1771;15873945000;14803922222;15303922222;10240;10228
1787;16029941000;14886877777;15386877777;10240;10228
1788;16029955000;14886877777;15386877777;10240;10228
1789;16029963000;14886877777;15386877777;10240;10228
1790;16029988000;14886877777;15386877777;10240;10228
1791;16029998000;14886877777;15386877777;10240;10228
1792;16030005000;14886888888;15386888888;10240;10228
1793;16030012000;14887188888;15387188888;10240;10228
1794;16030035000;14887188888;15387188888;10240;10228
1795;16030052000;14887188888;15387188888;10240;10228
1796;16030085000;14928522222;15428522222;10240;10228
1797;16030094000;14928522222;15428522222;10240;10228
1798;16030103000;14928522222;15428522222;10240;10228
1799;16030135000;14928522222;15428522222;10240;10228
1800;16030154000;14928522222;15428522222;10240;10228
1801;16030161000;14928522222;15428522222;10240;10228
1802;16030183000;14928522222;15428522222;10240;10228
1774;16030192000;14845211111;15345211111;10240;10228
1803;16030203000;14928544444;15428544444;10240;10228
1804;16030216000;14928966666;15428966666;10240;10228
1805;16030224000;14928966666;15428966666;10240;10228
1806;16030254000;14928966666;15428966666;10240;10228
1807;16030264000;14970211111;15470211111;10240;10228
1808;16030329000;14970211111;15470211111;10240;10228
1809;16030347000;14970211111;15470211111;10240;10228
1811;16030377000;14970211111;15470211111;10240;10228
1775;16030398000;14845211111;15345211111;10240;10228
1776;16030409000;14845211111;15345211111;10240;10228
1812;16030434000;14970211111;15470211111;10240;10228
1813;16030442000;14970211111;15470211111;10240;10228
1814;16030475000;14970222222;15470222222;10240;10228
1777;16030552000;14845211111;15345211111;10240;10228
1859;16030630000;15137322222;15637322222;10240;10228
1860;16030655000;15137322222;15637322222;10240;10228
1861;16030668000;15137322222;15637322222;10240;10228
1862;16030677000;15178544444;15678544444;10240;10228
1863;16030700000;15178544444;15678544444;10240;10228
1864;16030708000;15178544444;15678544444;10240;10228
1865;16030730000;15178544444;15678544444;10240;10228
1866;16030758000;15178544444;15678544444;10240;10228
1867;16030767000;15178544444;15678544444;10240;10228
1868;16030781000;15178544444;15678544444;10240;10228
1869;16030818000;15178566666;15678566666;10240;10228
1870;16030832000;15178855555;15678855555;10240;10228
1871;16030840000;15178855555;15678855555;10240;10228
1786;16031568000;14886877777;15386877777;10240;10228
1787;16031587000;14886877777;15386877777;10240;10228
1788;16031772000;14886877777;15386877777;10240;10228
1789;16031789000;14886877777;15386877777;10240;10228
1790;16031977000;14886877777;15386877777;10240;10228
1791;16032188000;14886877777;15386877777;10240;10228
1792;16032232000;14886888888;15386888888;10240;10228
1793;16032418000;14887188888;15387188888;10240;10228
1794;16032438000;14887188888;15387188888;10240;10228
1795;16032604000;14887188888;15387188888;10240;10228
1796;16032613000;14928522222;15428522222;10240;10228
1797;16032811000;14928522222;15428522222;10240;10228
1798;16032830000;14928522222;15428522222;10240;10228
1799;16032998000;14928522222;15428522222;10240;10228
1800;16033238000;14928522222;15428522222;10240;10228
1801;16033258000;14928522222;15428522222;10240;10228
1802;16033441000;14928522222;15428522222;10240;10228
1803;16033461000;14928544444;15428544444;10240;10228
1804;16033640000;14928966666;15428966666;10240;10228
1805;16033659000;14928966666;15428966666;10240;10228
1806;16033851000;14928966666;15428966666;10240;10228
1807;16033856000;14970211111;15470211111;10240;10228
1808;16034019000;14970211111;15470211111;10240;10228
1809;16034261000;14970211111;15470211111;10240;10228
1810;16034267000;14970211111;15470211111;10240;10228
1811;16034462000;14970211111;15470211111;10240;10228
1812;16034469000;14970211111;15470211111;10240;10228
1813;16034669000;14970211111;15470211111;10240;10228
1872;16190177000;15178855555;15678855555;10240;10228
1873;16190188000;15220211111;15720211111;10240;10228
1874;16190221000;15220211111;15720211111;10240;10228
1875;16190231000;15220211111;15720211111;10240;10228
1877;16190271000;15220211111;15720211111;10240;10228
1878;16190281000;15220211111;15720211111;10240;10228
1879;16190299000;15220211111;15720211111;10240;10228
1880;16190328000;15220222222;15720222222;10240;10228
1881;16190337000;15220488888;15720488888;10240;10228
1814;16190344000;14970222222;15470222222;10240;10228
1882;16190389000;15220488888;15720488888;10240;10228
1883;16190410000;15220488888;15720488888;10240;10228
1884;16190450000;15261855555;15761855555;10240;10228
1885;16190469000;15261855555;15761855555;10240;10228
1886;16190498000;15261855555;15761855555;10240;10228
1887;16190511000;15261855555;15761855555;10240;10228
1888;16190519000;15261855555;15761855555;10240;10228
1889;16190545000;15261855555;15761855555;10240;10228
1890;16190553000;15261855555;15761855555;10240;10228
1891;16190565000;15261877777;15761877777;10240;10228
1892;16190575000;15262266666;15762266666;10240;10228
1859;16190593000;15137322222;15637322222;10240;10228
1893;16190618000;15262266666;15762266666;10240;10228
1894;16190636000;15262266666;15762266666;10240;10228
1897;16190660000;15303511111;15803511111;10240;10228
1898;16190681000;15303511111;15803511111;10240;10228
1860;16190752000;15137322222;15637322222;10240;10228
1861;16190777000;15137322222;15637322222;10240;10228
1899;16190834000;15303511111;15803511111;10240;10228
1900;16190859000;15303511111;15803511111;10240;10228
1901;16190879000;15303511111;15803511111;10240;10228
1902;16190887000;15303533333;15803533333;10240;10228
1903;16190916000;15303922222;15803922222;10240;10228
1904;16190928000;15303922222;15803922222;10240;10228
1863;16190955000;15178544444;15678544444;10240;10228
1906;16190981000;15345222222;15845222222;10240;10228
1909;16191039000;15345222222;15845222222;10240;10228
1910;16191104000;15345222222;15845222222;10240;10228
1911;16191124000;15345222222;15845222222;10240;10228
1912;16191146000;15345222222;15845222222;10240;10228
1871;16191753000;15178855555;15678855555;10240;10228
1872;16191950000;15178855555;15678855555;10240;10228
1873;16192163000;15220211111;15720211111;10240;10228
1874;16192200000;15220211111;15720211111;10240;10228
1875;16192360000;15220211111;15720211111;10240;10228
1876;16192378000;15220211111;15720211111;10240;10228
1877;16192565000;15220211111;15720211111;10240;10228
1878;16192588000;15220211111;15720211111;10240;10228
1879;16192770000;15220211111;15720211111;10240;10228
1880;16192787000;15220222222;15720222222;10240;10228
1881;16192974000;15220488888;15720488888;10240;10228
1883;16193202000;15220488888;15720488888;10240;10228
1884;16193244000;15261855555;15761855555;10240;10228
1886;16193422000;15261855555;15761855555;10240;10228
1887;16193458000;15261855555;15761855555;10240;10228
1888;16193621000;15261855555;15761855555;10240;10228
1889;16193818000;15261855555;15761855555;10240;10228
1890;16193830000;15261855555;15761855555;10240;10228
1891;16194005000;15261877777;15761877777;10240;10228
1892;16194017000;15262266666;15762266666;10240;10228
1893;16194238000;15262266666;15762266666;10240;10228
1894;16194260000;15262266666;15762266666;10240;10228
1895;16194432000;15303511111;15803511111;10240;10228
1896;16194470000;15303511111;15803511111;10240;10228
1897;16194645000;15303511111;15803511111;10240;10228
1898;16194843000;15303511111;15803511111;10240;10228
1913;16350447000;15345233333;15845233333;10240;10228
1914;16350463000;15345522222;15845522222;10240;10228
1915;16350471000;15345522222;15845522222;10240;10228
1916;16350492000;15345522222;15845522222;10240;10228
1917;16350501000;15386877777;15886877777;10240;10228
1918;16350509000;15386877777;15886877777;10240;10228
1919;16350530000;15386877777;15886877777;10240;10228
1920;16350540000;15386877777;15886877777;10240;10228
1921;16350548000;15386877777;15886877777;10240;10228
1922;16350560000;15386877777;15886877777;10240;10228
1923;16350589000;15386877777;15886877777;10240;10228
1924;16350598000;15386900000;15886900000;10240;10228
1899;16350696000;15303511111;15803511111;10240;10228
1925;16350722000;15387177777;15887177777;10240;10228
1926;16350745000;15387177777;15887177777;10240;10228
1927;16350765000;15387177777;15887177777;10240;10228
1928;16350798000;15428522222;15928522222;10240;10228
1929;16350841000;15428522222;15928522222;10240;10228
1930;16350851000;15428522222;15928522222;10240;10228
1932;16350868000;15428522222;15928522222;10240;10228
1933;16350889000;15428522222;15928522222;10240;10228
1934;16350900000;15428522222;15928522222;10240;10228
1935;16350907000;15428544444;15928544444;10240;10228
1900;16350924000;15303511111;15803511111;10240;10228
1902;16350949000;15303533333;15803533333;10240;10228
1936;16350970000;15428933333;15928933333;10240;10228
1937;16351004000;15428933333;15928933333;10240;10228
1938;16351024000;15428933333;15928933333;10240;10228
1939;16351052000;15470200000;15970200000;10240;10228
1940;16351068000;15470200000;15970200000;10240;10228
1941;16351097000;15470200000;15970200000;10240;10228
1942;16351105000;15470200000;15970200000;10240;10228
1943;16351121000;15470200000;15970200000;10240;10228
1904;16351138000;15303922222;15803922222;10240;10228
1944;16351164000;15470200000;15970200000;10240;10228
1945;16351200000;15470200000;15970200000;10240;10228
1946;16351223000;15470211111;15970211111;10240;10228
1947;16351263000;15470533333;15970533333;10240;10228
1948;16351291000;15470533333;15970533333;10240;10228
1949;16351300000;15470533333;15970533333;10240;10228
1950;16351314000;15511877777;16011877777;10240;10228
1951;16351327000;15511877777;16011877777;10240;10228
1952;16351341000;15511877777;16011877777;10240;10228
1953;16351368000;15511877777;16011877777;10240;10228
1912;16352079000;15345222222;15845222222;10240;10228
1913;16352100000;15345233333;15845233333;10240;10228
1914;16352285000;15345522222;15845522222;10240;10228
1915;16352323000;15345522222;15845522222;10240;10228
1917;16352481000;15386877777;15886877777;10240;10228
1918;16352502000;15386877777;15886877777;10240;10228
1919;16352729000;15386877777;15886877777;10240;10228
1920;16352766000;15386877777;15886877777;10240;10228
1921;16352932000;15386877777;15886877777;10240;10228
1922;16353155000;15386877777;15886877777;10240;10228
1924;16353189000;15386900000;15886900000;10240;10228
1925;16353334000;15387177777;15887177777;10240;10228
1926;16353362000;15387177777;15887177777;10240;10228
1927;16353531000;15387177777;15887177777;10240;10228
1928;16353571000;15428522222;15928522222;10240;10228
1929;16353754000;15428522222;15928522222;10240;10228
1930;16353962000;15428522222;15928522222;10240;10228
1931;16353987000;15428522222;15928522222;10240;10228
1932;16354157000;15428522222;15928522222;10240;10228
1933;16354191000;15428522222;15928522222;10240;10228
1935;16354357000;15428544444;15928544444;10240;10228
1936;16354363000;15428933333;15928933333;10240;10228
1937;16354563000;15428933333;15928933333;10240;10228
1938;16354568000;15428933333;15928933333;10240;10228
1939;16354760000;15470200000;15970200000;10240;10228
1954;16510720000;15511877777;16011877777;10240;10228
1955;16510739000;15511877777;16011877777;10240;10228
1957;16510749000;15511888888;16011888888;10240;10228
1958;16510767000;15512166666;16012166666;10240;10228
1959;16510789000;15512166666;16012166666;10240;10228
1960;16510797000;15512166666;16012166666;10240;10228
1961;16510810000;15553522222;16053522222;10240;10228
1962;16510819000;15553522222;16053522222;10240;10228
1963;16510841000;15553522222;16053522222;10240;10228
1965;16510849000;15553522222;16053522222;10240;10228
1966;16510858000;15553522222;16053522222;10240;10228
1940;16510924000;15470200000;15970200000;10240;10228
1968;16510946000;15553544444;16053544444;10240;10228
1969;16510951000;15553933333;16053933333;10240;10228
1970;16511009000;15553933333;16053933333;10240;10228
1971;16511030000;15553933333;16053933333;10240;10228
1974;16511080000;15595177777;16095177777;10240;10228
1975;16511103000;15595177777;16095177777;10240;10228
1976;16511111000;15595177777;16095177777;10240;10228
1941;16511137000;15470200000;15970200000;10240;10228
1942;16511161000;15470200000;15970200000;10240;10228
1978;16511198000;15595177777;16095177777;10240;10228
1979;16511219000;15595200000;16095200000;10240;10228
1980;16511237000;15595566666;16095566666;10240;10228
1981;16511265000;15595566666;16095566666;10240;10228
1982;16511284000;15595566666;16095566666;10240;10228
1983;16511312000;15636877777;16136877777;10240;10228
1943;16511322000;15470200000;15970200000;10240;10228
1984;16511382000;15636877777;16136877777;10240;10228
1985;16511420000;15636877777;16136877777;10240;10228
1986;16511430000;15636877777;16136877777;10240;10228
1988;16511460000;15636877777;16136877777;10240;10228
1989;16511470000;15636877777;16136877777;10240;10228
1990;16511498000;15636900000;16136900000;10240;10228
1991;16511518000;15637166666;16137166666;10240;10228
1992;16511531000;15637166666;16137166666;10240;10228
1993;16511565000;15637166666;16137166666;10240;10228
1994;16511573000;15678544444;16178544444;10240;10228
1995;16511585000;15678544444;16178544444;10240;10228
1953;16512529000;15511877777;16011877777;10240;10228
1954;16512550000;15511877777;16011877777;10240;10228
1955;16512733000;15511877777;16011877777;10240;10228
1956;16512937000;15511877777;16011877777;10240;10228
1957;16512955000;15511888888;16011888888;10240;10228
1958;16513184000;15512166666;16012166666;10240;10228
1959;16513220000;15512166666;16012166666;10240;10228
1960;16513389000;15512166666;16012166666;10240;10228
1961;16513426000;15553522222;16053522222;10240;10228
1962;16513598000;15553522222;16053522222;10240;10228
1963;16513634000;15553522222;16053522222;10240;10228
1964;16513805000;15553522222;16053522222;10240;10228
1965;16513833000;15553522222;16053522222;10240;10228
1966;16513969000;15553522222;16053522222;10240;10228
1967;16514209000;15553522222;16053522222;10240;10228
1968;16514244000;15553544444;16053544444;10240;10228
1969;16514395000;15553933333;16053933333;10240;10228
1970;16514433000;15553933333;16053933333;10240;10228
1971;16514611000;15553933333;16053933333;10240;10228
1972;16514818000;15595177777;16095177777;10240;10228
1973;16514845000;15595177777;16095177777;10240;10228
1974;16514994000;15595177777;16095177777;10240;10228
1975;16515004000;15595177777;16095177777;10240;10228
1976;16515228000;15595177777;16095177777;10240;10228
1977;16515249000;15595177777;16095177777;10240;10228
1978;16515444000;15595177777;16095177777;10240;10228
1979;16515464000;15595200000;16095200000;10240;10228
1980;16515650000;15595566666;16095566666;10240;10228
1996;16671015000;15678544444;16178544444;10240;10228
1997;16671026000;15678544444;16178544444;10240;10228
1998;16671035000;15678544444;16178544444;10240;10228
1999;16671089000;15678544444;16178544444;10240;10228
2000;16671116000;15678544444;16178544444;10240;10228
2001;16671134000;15678555555;16178555555;10240;10228
2002;16671156000;15678855555;16178855555;10240;10228
2003;16671168000;15678855555;16178855555;10240;10228
2004;16671187000;15678855555;16178855555;10240;10228
2005;16671194000;15720211111;16220211111;10240;10228
2006;16671223000;15720211111;16220211111;10240;10228
2007;16671232000;15720211111;16220211111;10240;10228
2008;16671245000;15720211111;16220211111;10240;10228
2009;16671258000;15720211111;16220211111;10240;10228
2010;16671276000;15720211111;16220211111;10240;10228
1981;16671288000;15595566666;16095566666;10240;10228
2011;16671314000;15720211111;16220211111;10240;10228
2012;16671342000;15720222222;16220222222;10240;10228
2013;16671360000;15720511111;16220511111;10240;10228
2014;16671392000;15720511111;16220511111;10240;10228
2015;16671402000;15720511111;16220511111;10240;10228
2016;16671409000;15761877777;16261877777;10240;10228
2017;16671449000;15761877777;16261877777;10240;10228
2018;16671457000;15761877777;16261877777;10240;10228
2019;16671471000;15761877777;16261877777;10240;10228
2021;16671483000;15761877777;16261877777;10240;10228
1982;16671496000;15595566666;16095566666;10240;10228
2022;16671536000;15761877777;16261877777;10240;10228
2023;16671547000;15761900000;16261900000;10240;10228
2024;16671568000;15762211111;16262211111;10240;10228
2025;16671610000;15762211111;16262211111;10240;10228
2026;16671618000;15762211111;16262211111;10240;10228
2027;16671647000;15803544444;16303544444;10240;10228
2028;16671656000;15803544444;16303544444;10240;10228
2029;16671683000;15803544444;16303544444;10240;10228
2030;16671691000;15803544444;16303544444;10240;10228
2031;16671704000;15803544444;16303544444;10240;10228
2034;16671723000;15803566666;16303566666;10240;10228
2035;16671732000;15803844444;16303844444;10240;10228
2036;16671771000;15803844444;16303844444;10240;10228
2037;16671950000;15803844444;16303844444;10240;10228
1995;16672854000;15678544444;16178544444;10240;10228
1996;16673031000;15678544444;16178544444;10240;10228
1997;16673309000;15678544444;16178544444;10240;10228
1998;16673333000;15678544444;16178544444;10240;10228
1999;16673506000;15678544444;16178544444;10240;10228
2000;16673541000;15678544444;16178544444;10240;10228
2001;16673695000;15678555555;16178555555;10240;10228
2002;16673703000;15678855555;16178855555;10240;10228
2003;16673900000;15678855555;16178855555;10240;10228
2004;16673920000;15678855555;16178855555;10240;10228
2005;16674089000;15720211111;16220211111;10240;10228
2006;16674338000;15720211111;16220211111;10240;10228
2007;16674346000;15720211111;16220211111;10240;10228
2008;16674509000;15720211111;16220211111;10240;10228
2009;16674526000;15720211111;16220211111;10240;10228
2010;16674721000;15720211111;16220211111;10240;10228
2011;16674738000;15720211111;16220211111;10240;10228
2012;16674924000;15720222222;16220222222;10240;10228
2013;16674943000;15720511111;16220511111;10240;10228
2014;16675137000;15720511111;16220511111;10240;10228
2015;16675334000;15720511111;16220511111;10240;10228
2016;16675340000;15761877777;16261877777;10240;10228
2017;16675536000;15761877777;16261877777;10240;10228
2018;16675541000;15761877777;16261877777;10240;10228
2019;16675737000;15761877777;16261877777;10240;10228
2020;16675914000;15761877777;16261877777;10240;10228
2021;16675920000;15761877777;16261877777;10240;10228
2022;16676171000;15761877777;16261877777;10240;10228
2038;16831304000;15845211111;16345211111;10240;10228
2039;16831317000;15845211111;16345211111;10240;10228
2040;16831327000;15845211111;16345211111;10240;10228
2041;16831350000;15845211111;16345211111;10240;10228
2042;16831360000;15845211111;16345211111;10240;10228
2043;16831368000;15845211111;16345211111;10240;10228
2044;16831379000;15845211111;16345211111;10240;10228
2045;16831398000;15845222222;16345222222;10240;10228
2046;16831416000;15845488888;16345488888;10240;10228
2047;16831435000;15845488888;16345488888;10240;10228
2023;16831452000;15761900000;16261900000;10240;10228
2048;16831476000;15845488888;16345488888;10240;10228
2049;16831508000;15886855555;16386855555;10240;10228
2050;16831539000;15886855555;16386855555;10240;10228
2051;16831552000;15886855555;16386855555;10240;10228
2053;16831565000;15886855555;16386855555;10240;10228
2054;16831577000;15886855555;16386855555;10240;10228
2055;16831591000;15886855555;16386855555;10240;10228
2056;16831620000;15886877777;16386877777;10240;10228
2057;16831629000;15887233333;16387233333;10240;10228
2024;16831637000;15762211111;16262211111;10240;10228
2058;16831691000;15887233333;16387233333;10240;10228
2059;16831702000;15887233333;16387233333;10240;10228
2060;16831737000;15928511111;16428511111;10240;10228
2061;16831747000;15928511111;16428511111;10240;10228
2062;16831766000;15928511111;16428511111;10240;10228
2063;16831775000;15928511111;16428511111;10240;10228
2064;16831786000;15928511111;16428511111;10240;10228
2065;16831798000;15928511111;16428511111;10240;10228
2066;16831821000;15928511111;16428511111;10240;10228
2067;16831839000;15928533333;16428533333;10240;10228
2025;16831858000;15762211111;16262211111;10240;10228
2027;16831880000;15803544444;16303544444;10240;10228
2068;16831978000;15928922222;16428922222;10240;10228
2069;16831987000;15928922222;16428922222;10240;10228
2070;16832065000;15928922222;16428922222;10240;10228
2071;16832094000;15970222222;16470222222;10240;10228
2072;16832116000;15970222222;16470222222;10240;10228
2073;16832151000;15970222222;16470222222;10240;10228
2074;16832160000;15970222222;16470222222;10240;10228
2075;16832172000;15970222222;16470222222;10240;10228
2077;16832181000;15970222222;16470222222;10240;10228
2078;16832195000;15970233333;16470233333;10240;10228
2079;16832204000;15970511111;16470511111;10240;10228
2037;16833059000;15803844444;16303844444;10240;10228
2038;16833280000;15845211111;16345211111;10240;10228
2039;16833320000;15845211111;16345211111;10240;10228
2042;16833477000;15845211111;16345211111;10240;10228
2043;16833495000;15845211111;16345211111;10240;10228
2044;16833682000;15845211111;16345211111;10240;10228
2045;16833689000;15845222222;16345222222;10240;10228
2046;16833887000;15845488888;16345488888;10240;10228
2047;16833907000;15845488888;16345488888;10240;10228
2048;16834154000;15845488888;16345488888;10240;10228
2049;16834183000;15886855555;16386855555;10240;10228
2050;16834381000;15886855555;16386855555;10240;10228
2051;16834536000;15886855555;16386855555;10240;10228
2052;16834555000;15886855555;16386855555;10240;10228
2053;16834733000;15886855555;16386855555;10240;10228
2054;16834753000;15886855555;16386855555;10240;10228
2055;16834943000;15886855555;16386855555;10240;10228
2056;16834962000;15886877777;16386877777;10240;10228
2057;16835154000;15887233333;16387233333;10240;10228
2058;16835354000;15887233333;16387233333;10240;10228
2059;16835359000;15887233333;16387233333;10240;10228
2060;16835558000;15928511111;16428511111;10240;10228
2061;16835563000;15928511111;16428511111;10240;10228
2062;16835759000;15928511111;16428511111;10240;10228
2063;16835931000;15928511111;16428511111;10240;10228
2064;16835937000;15928511111;16428511111;10240;10228
2080;16991591000;15970511111;16470511111;10240;10228
2081;16991611000;15970511111;16470511111;10240;10228
2082;16991625000;16011877777;16511877777;10240;10228
2083;16991642000;16011877777;16511877777;10240;10228
2084;16991655000;16011877777;16511877777;10240;10228
2085;16991662000;16011877777;16511877777;10240;10228
2086;16991686000;16011877777;16511877777;10240;10228
2087;16991696000;16011877777;16511877777;10240;10228
2088;16991704000;16011877777;16511877777;10240;10228
2089;16991711000;16011888888;16511888888;10240;10228
2090;16991733000;16012177777;16512177777;10240;10228
2091;16991743000;16012177777;16512177777;10240;10228
2092;16991750000;16012177777;16512177777;10240;10228
2093;16991789000;16053522222;16553522222;10240;10228
2094;16991818000;16053522222;16553522222;10240;10228
2095;16991827000;16053522222;16553522222;10240;10228
2065;16991839000;15928511111;16428511111;10240;10228
2096;16991865000;16053522222;16553522222;10240;10228
2097;16991895000;16053522222;16553522222;10240;10228
2098;16991924000;16053522222;16553522222;10240;10228
2099;16991939000;16053522222;16553522222;10240;10228
2100;16991949000;16053544444;16553544444;10240;10228
2101;16991957000;16053933333;16553933333;10240;10228
2102;16991986000;16053933333;16553933333;10240;10228
2104;16992004000;16095177777;16595177777;10240;10228
2106;16992017000;16095177777;16595177777;10240;10228
2066;16992037000;15928511111;16428511111;10240;10228
2067;16992082000;15928533333;16428533333;10240;10228
2107;16992122000;16095177777;16595177777;10240;10228
2108;16992160000;16095177777;16595177777;10240;10228
2109;16992180000;16095177777;16595177777;10240;10228
2111;16992225000;16095200000;16595200000;10240;10228
2069;16992271000;15928922222;16428922222;10240;10228
2112;16992309000;16095588888;16595588888;10240;10228
2113;16992334000;16095588888;16595588888;10240;10228
2114;16992372000;16095588888;16595588888;10240;10228
2115;16992411000;16136877777;16636877777;10240;10228
2116;16992420000;16136877777;16636877777;10240;10228
2117;16992448000;16136877777;16636877777;10240;10228
2118;16992457000;16136877777;16636877777;10240;10228
2119;16992471000;16136877777;16636877777;10240;10228
2120;16992484000;16136877777;16636877777;10240;10228
2121;16992504000;16136877777;16636877777;10240;10228
2122;16992514000;16136900000;16636900000;10240;10228
2079;16993442000;15970511111;16470511111;10240;10228
2080;16993628000;15970511111;16470511111;10240;10228
2081;16993635000;15970511111;16470511111;10240;10228
2082;16993829000;16011877777;16511877777;10240;10228
2083;16994037000;16011877777;16511877777;10240;10228
2085;16994059000;16011877777;16511877777;10240;10228
2088;16994251000;16011877777;16511877777;10240;10228
2089;16994277000;16011888888;16511888888;10240;10228
2090;16994446000;16012177777;16512177777;10240;10228
2091;16994463000;16012177777;16512177777;10240;10228
2092;16994653000;16012177777;16512177777;10240;10228
2093;16994669000;16053522222;16553522222;10240;10228
2094;16994855000;16053522222;16553522222;10240;10228
2095;16995048000;16053522222;16553522222;10240;10228
2096;16995068000;16053522222;16553522222;10240;10228
2097;16995266000;16053522222;16553522222;10240;10228
2098;16995276000;16053522222;16553522222;10240;10228
2103;16995471000;16053933333;16553933333;10240;10228
2104;16995701000;16095177777;16595177777;10240;10228
2105;16995722000;16095177777;16595177777;10240;10228
2106;16995914000;16095177777;16595177777;10240;10228
2123;17151863000;16137188888;16637188888;10240;10228
2124;17151877000;16137188888;16637188888;10240;10228
2125;17151886000;16137188888;16637188888;10240;10228
2126;17151908000;16178544444;16678544444;10240;10228
2127;17151919000;16178544444;16678544444;10240;10228
2128;17151927000;16178544444;16678544444;10240;10228
2129;17151949000;16178544444;16678544444;10240;10228
2130;17151958000;16178544444;16678544444;10240;10228
2131;17151967000;16178544444;16678544444;10240;10228
2132;17151983000;16178544444;16678544444;10240;10228
2133;17152000000;16178555555;16678555555;10240;10228
2134;17152009000;16178877777;16678877777;10240;10228
2135;17152018000;16178877777;16678877777;10240;10228
2136;17152051000;16178877777;16678877777;10240;10228
2137;17152107000;16220188888;16720188888;10240;10228
2138;17152117000;16220188888;16720188888;10240;10228
2107;17152124000;16095177777;16595177777;10240;10228
2139;17152167000;16220188888;16720188888;10240;10228
2140;17152178000;16220188888;16720188888;10240;10228
2141;17152217000;16220188888;16720188888;10240;10228
2142;17152226000;16220188888;16720188888;10240;10228
2143;17152249000;16220188888;16720188888;10240;10228
2145;17152277000;16220588888;16720588888;10240;10228
2146;17152291000;16220588888;16720588888;10240;10228
2147;17152303000;16220588888;16720588888;10240;10228
2148;17152316000;16261844444;16761844444;10240;10228
2149;17152329000;16261844444;16761844444;10240;10228
2108;17152347000;16095177777;16595177777;10240;10228
2150;17152372000;16261844444;16761844444;10240;10228
2151;17152391000;16261844444;16761844444;10240;10228
2152;17152399000;16261844444;16761844444;10240;10228
2154;17152436000;16261844444;16761844444;10240;10228
2155;17152471000;16261866666;16761866666;10240;10228
2156;17152529000;16262277777;16762277777;10240;10228
2157;17152539000;16262277777;16762277777;10240;10228
2158;17152620000;16262277777;16762277777;10240;10228
2159;17152629000;16303544444;16803544444;10240;10228
2160;17152654000;16303544444;16803544444;10240;10228
2161;17152682000;16303544444;16803544444;10240;10228
2162;17152703000;16303544444;16803544444;10240;10228
2163;17152728000;16303544444;16803544444;10240;10228
2164;17152737000;16303544444;16803544444;10240;10228
2165;17152749000;16303544444;16803544444;10240;10228
2122;17153301000;16136900000;16636900000;10240;10228
2123;17153492000;16137188888;16637188888;10240;10228
2124;17153680000;16137188888;16637188888;10240;10228
2125;17153688000;16137188888;16637188888;10240;10228
2126;17153879000;16178544444;16678544444;10240;10228
2127;17153897000;16178544444;16678544444;10240;10228
2128;17154120000;16178544444;16678544444;10240;10228
2129;17154144000;16178544444;16678544444;10240;10228
2130;17154315000;16178544444;16678544444;10240;10228
2131;17154510000;16178544444;16678544444;10240;10228
2132;17154528000;16178544444;16678544444;10240;10228
2133;17154714000;16178555555;16678555555;10240;10228
2134;17154731000;16178877777;16678877777;10240;10228
2135;17154919000;16178877777;16678877777;10240;10228
2136;17154935000;16178877777;16678877777;10240;10228
2137;17155150000;16220188888;16720188888;10240;10228
2138;17155175000;16220188888;16720188888;10240;10228
2139;17155326000;16220188888;16720188888;10240;10228
2140;17155559000;16220188888;16720188888;10240;10228
2141;17155567000;16220188888;16720188888;10240;10228
2143;17155765000;16220188888;16720188888;10240;10228
2144;17155771000;16220211111;16720211111;10240;10228
2145;17155939000;16220588888;16720588888;10240;10228
2146;17156175000;16220588888;16720588888;10240;10228
2148;17156184000;16261844444;16761844444;10240;10228
2149;17156383000;16261844444;16761844444;10240;10228
2166;17312120000;16303566666;16803566666;10240;10228
2169;17312161000;16303888888;16803888888;10240;10228
2171;17312174000;16345211111;16845211111;10240;10228
2172;17312211000;16345211111;16845211111;10240;10228
2173;17312222000;16345211111;16845211111;10240;10228
2174;17312230000;16345211111;16845211111;10240;10228
2175;17312242000;16345211111;16845211111;10240;10228
2176;17312269000;16345211111;16845211111;10240;10228
2177;17312328000;16345222222;16845222222;10240;10228
2150;17312339000;16261844444;16761844444;10240;10228
2178;17312385000;16345522222;16845522222;10240;10228
2179;17312406000;16345522222;16845522222;10240;10228
2180;17312425000;16345522222;16845522222;10240;10228
2181;17312463000;16386855555;16886855555;10240;10228
2182;17312478000;16386855555;16886855555;10240;10228
2183;17312502000;16386855555;16886855555;10240;10228
2184;17312513000;16386855555;16886855555;10240;10228
2185;17312542000;16386855555;16886855555;10240;10228
2186;17312550000;16386855555;16886855555;10240;10228
2187;17312570000;16386855555;16886855555;10240;10228
2188;17312579000;16386877777;16886877777;10240;10228
2151;17312592000;16261844444;16761844444;10240;10228
2189;17312620000;16387277777;16887277777;10240;10228
2190;17312653000;16387277777;16887277777;10240;10228
2192;17312695000;16428511111;16928511111;10240;10228
2193;17312714000;16428511111;16928511111;10240;10228
2194;17312743000;16428511111;16928511111;10240;10228
2195;17312760000;16428511111;16928511111;10240;10228
2196;17312774000;16428511111;16928511111;10240;10228
2198;17312786000;16428511111;16928511111;10240;10228
2199;17312806000;16428533333;16928533333;10240;10228
2200;17312827000;16428944444;16928944444;10240;10228
2201;17312851000;16428944444;16928944444;10240;10228
2202;17312861000;16428944444;16928944444;10240;10228
2203;17312874000;16470211111;16970211111;10240;10228
2204;17312894000;16470211111;16970211111;10240;10228
2205;17312921000;16470211111;16970211111;10240;10228
2206;17312945000;16470211111;16970211111;10240;10228
2207;17312975000;16470211111;16970211111;10240;10228
2208;17313166000;16470211111;16970211111;10240;10228
2165;17313956000;16303544444;16803544444;10240;10228
2166;17314163000;16303566666;16803566666;10240;10228
2167;17314206000;16303888888;16803888888;10240;10228
2168;17314402000;16303888888;16803888888;10240;10228
2169;17314438000;16303888888;16803888888;10240;10228
2170;17314616000;16345211111;16845211111;10240;10228
2171;17314818000;16345211111;16845211111;10240;10228
2172;17314844000;16345211111;16845211111;10240;10228
2173;17314984000;16345211111;16845211111;10240;10228
2174;17315221000;16345211111;16845211111;10240;10228
2175;17315248000;16345211111;16845211111;10240;10228
2178;17315399000;16345522222;16845522222;10240;10228
2179;17315435000;16345522222;16845522222;10240;10228
2180;17315623000;16345522222;16845522222;10240;10228
2181;17315658000;16386855555;16886855555;10240;10228
2182;17315831000;16386855555;16886855555;10240;10228
2183;17315857000;16386855555;16886855555;10240;10228
2184;17316006000;16386855555;16886855555;10240;10228
2185;17316227000;16386855555;16886855555;10240;10228
2186;17316264000;16386855555;16886855555;10240;10228
2187;17316449000;16386855555;16886855555;10240;10228
2188;17316471000;16386877777;16886877777;10240;10228
2190;17316650000;16387277777;16887277777;10240;10228
2191;17316672000;16387277777;16887277777;10240;10228
2192;17316851000;16428511111;16928511111;10240;10228
2209;17472388000;16470211111;16970211111;10240;10228
2210;17472404000;16470233333;16970233333;10240;10228
2211;17472421000;16470522222;16970522222;10240;10228
2212;17472430000;16470522222;16970522222;10240;10228
2213;17472452000;16470522222;16970522222;10240;10228
2214;17472461000;16511866666;17011866666;10240;10228
2215;17472469000;16511866666;17011866666;10240;10228
2216;17472487000;16511866666;17011866666;10240;10228
2217;17472495000;16511866666;17011866666;10240;10228
2218;17472503000;16511866666;17011866666;10240;10228
2219;17472515000;16511866666;17011866666;10240;10228
2220;17472557000;16511866666;17011866666;10240;10228
2193;17472576000;16428511111;16928511111;10240;10228
2221;17472622000;16511900000;17011900000;10240;10228
2223;17472677000;16512344444;17012344444;10240;10228
2224;17472705000;16512344444;17012344444;10240;10228
2226;17472718000;16553511111;17053511111;10240;10228
2227;17472730000;16553511111;17053511111;10240;10228
2194;17472774000;16428511111;16928511111;10240;10228
2228;17472800000;16553511111;17053511111;10240;10228
2229;17472823000;16553511111;17053511111;10240;10228
2230;17472842000;16553511111;17053511111;10240;10228
2231;17472862000;16553511111;17053511111;10240;10228
2232;17472881000;16553544444;17053544444;10240;10228
2233;17472886000;16553944444;17053944444;10240;10228
2234;17472900000;16553944444;17053944444;10240;10228
2235;17472910000;16553944444;17053944444;10240;10228
2236;17472917000;16595211111;17095211111;10240;10228
2237;17472922000;16595211111;17095211111;10240;10228
2195;17472952000;16428511111;16928511111;10240;10228
2196;17472969000;16428511111;16928511111;10240;10228
2238;17473004000;16595211111;17095211111;10240;10228
2240;17473079000;16595211111;17095211111;10240;10228
2241;17473109000;16595211111;17095211111;10240;10228
2242;17473117000;16595211111;17095211111;10240;10228
2243;17473136000;16595233333;17095233333;10240;10228
2244;17473155000;16595577777;17095577777;10240;10228
2245;17473169000;16595577777;17095577777;10240;10228
2246;17473197000;16595577777;17095577777;10240;10228
2247;17473207000;16636877777;17136877777;10240;10228
2248;17473235000;16636877777;17136877777;10240;10228
2249;17473244000;16636877777;17136877777;10240;10228
2250;17473256000;16636877777;17136877777;10240;10228
2251;17473269000;16636877777;17136877777;10240;10228
2252;17473321000;16636877777;17136877777;10240;10228
2208;17474401000;16470211111;16970211111;10240;10228
2209;17474607000;16470211111;16970211111;10240;10228
2210;17474633000;16470233333;16970233333;10240;10228
2211;17474811000;16470522222;16970522222;10240;10228
2212;17474828000;16470522222;16970522222;10240;10228
2213;17475000000;16470522222;16970522222;10240;10228
2214;17475017000;16511866666;17011866666;10240;10228
2215;17475221000;16511866666;17011866666;10240;10228
2216;17475228000;16511866666;17011866666;10240;10228
2217;17475424000;16511866666;17011866666;10240;10228
2218;17475629000;16511866666;17011866666;10240;10228
2219;17475646000;16511866666;17011866666;10240;10228
2220;17475834000;16511866666;17011866666;10240;10228
2221;17475851000;16511900000;17011900000;10240;10228
2222;17476025000;16512344444;17012344444;10240;10228
2223;17476050000;16512344444;17012344444;10240;10228
2224;17476260000;16512344444;17012344444;10240;10228
2225;17476480000;16553511111;17053511111;10240;10228
2226;17476499000;16553511111;17053511111;10240;10228
2227;17476686000;16553511111;17053511111;10240;10228
2228;17476706000;16553511111;17053511111;10240;10228
2229;17476887000;16553511111;17053511111;10240;10228
2230;17476907000;16553511111;17053511111;10240;10228
2231;17477068000;16553511111;17053511111;10240;10228
2232;17477075000;16553544444;17053544444;10240;10228
2233;17477284000;16553944444;17053944444;10240;10228
2234;17477489000;16553944444;17053944444;10240;10228
2235;17477496000;16553944444;17053944444;10240;10228
2253;17632665000;16636877777;17136877777;10240;10228
2254;17632680000;16636900000;17136900000;10240;10228
2255;17632688000;16637188888;17137188888;10240;10228
2256;17632698000;16637188888;17137188888;10240;10228
2257;17632711000;16637188888;17137188888;10240;10228
2259;17632736000;16678522222;17178522222;10240;10228
2260;17632745000;16678522222;17178522222;10240;10228
2261;17632753000;16678522222;17178522222;10240;10228
2262;17632767000;16678522222;17178522222;10240;10228
2263;17632787000;16678522222;17178522222;10240;10228
2264;17632797000;16678522222;17178522222;10240;10228
2265;17632804000;16678544444;17178544444;10240;10228
2236;17632826000;16595211111;17095211111;10240;10228
2266;17632930000;16678977777;17178977777;10240;10228
2267;17632941000;16678977777;17178977777;10240;10228
2268;17632958000;16678977777;17178977777;10240;10228
2269;17632971000;16720211111;17220211111;10240;10228
2270;17632978000;16720211111;17220211111;10240;10228
2271;17633025000;16720211111;17220211111;10240;10228
2272;17633034000;16720211111;17220211111;10240;10228
2273;17633081000;16720211111;17220211111;10240;10228
2274;17633100000;16720211111;17220211111;10240;10228
2237;17633111000;16595211111;17095211111;10240;10228
2275;17633138000;16720211111;17220211111;10240;10228
2276;17633156000;16720222222;17220222222;10240;10228
2277;17633212000;16720555555;17220555555;10240;10228
2278;17633231000;16720555555;17220555555;10240;10228
2238;17633271000;16595211111;17095211111;10240;10228
2239;17633296000;16595211111;17095211111;10240;10228
2284;17633354000;16761888888;17261888888;10240;10228
2285;17633367000;16761888888;17261888888;10240;10228
2287;17633436000;16761900000;17261900000;10240;10228
2288;17633454000;16762222222;17262222222;10240;10228
2289;17633485000;16762222222;17262222222;10240;10228
2290;17633516000;16762222222;17262222222;10240;10228
2291;17633525000;16803544444;17303544444;10240;10228
2292;17633538000;16803544444;17303544444;10240;10228
2295;17633556000;16803544444;17303544444;10240;10228
2296;17633569000;16803544444;17303544444;10240;10228
2252;17634875000;16636877777;17136877777;10240;10228
2253;17634895000;16636877777;17136877777;10240;10228
2254;17635072000;16636900000;17136900000;10240;10228
2255;17635090000;16637188888;17137188888;10240;10228
2256;17635292000;16637188888;17137188888;10240;10228
2257;17635336000;16637188888;17137188888;10240;10228
2258;17635533000;16678522222;17178522222;10240;10228
2259;17635568000;16678522222;17178522222;10240;10228
2260;17635790000;16678522222;17178522222;10240;10228
2261;17635977000;16678522222;17178522222;10240;10228
2262;17636004000;16678522222;17178522222;10240;10228
2263;17636148000;16678522222;17178522222;10240;10228
2264;17636191000;16678522222;17178522222;10240;10228
2265;17636331000;16678544444;17178544444;10240;10228
2266;17636369000;16678977777;17178977777;10240;10228
2267;17636547000;16678977777;17178977777;10240;10228
2268;17636755000;16678977777;17178977777;10240;10228
2269;17636764000;16720211111;17220211111;10240;10228
2270;17636920000;16720211111;17220211111;10240;10228
2271;17636926000;16720211111;17220211111;10240;10228
2272;17637156000;16720211111;17220211111;10240;10228
2274;17637162000;16720211111;17220211111;10240;10228
2275;17637364000;16720211111;17220211111;10240;10228
2276;17637381000;16720222222;17220222222;10240;10228
2277;17637571000;16720555555;17220555555;10240;10228
2278;17637578000;16720555555;17220555555;10240;10228
2279;17637767000;16720555555;17220555555;10240;10228
2297;17792970000;16803544444;17303544444;10240;10228
2298;17792985000;16803555555;17303555555;10240;10228
2299;17793000000;16803866666;17303866666;10240;10228
2300;17793009000;16803866666;17303866666;10240;10228
2301;17793021000;16803866666;17303866666;10240;10228
2302;17793053000;16845211111;17345211111;10240;10228
2303;17793074000;16845211111;17345211111;10240;10228
2306;17793104000;16845211111;17345211111;10240;10228
2307;17793125000;16845211111;17345211111;10240;10228
2308;17793153000;16845211111;17345211111;10240;10228
2309;17793162000;16845222222;17345222222;10240;10228
2310;17793171000;16845511111;17345511111;10240;10228
2311;17793189000;16845511111;17345511111;10240;10228
2312;17793199000;16845511111;17345511111;10240;10228
2313;17793207000;16886877777;17386877777;10240;10228
2314;17793224000;16886877777;17386877777;10240;10228
2280;17793232000;16761888888;17261888888;10240;10228
2315;17793271000;16886877777;17386877777;10240;10228
2316;17793279000;16886877777;17386877777;10240;10228
2317;17793315000;16886877777;17386877777;10240;10228
2318;17793350000;16886877777;17386877777;10240;10228
2319;17793368000;16886877777;17386877777;10240;10228
2281;17793385000;16761888888;17261888888;10240;10228
2282;17793409000;16761888888;17261888888;10240;10228
2320;17793428000;16886888888;17386888888;10240;10228
2321;17793464000;16887188888;17387188888;10240;10228
2322;17793483000;16887188888;17387188888;10240;10228
2283;17793558000;16761888888;17261888888;10240;10228
2323;17793597000;16887188888;17387188888;10240;10228
2325;17793605000;16928544444;17428544444;10240;10228
2326;17793612000;16928544444;17428544444;10240;10228
2327;17793622000;16928544444;17428544444;10240;10228
2328;17793639000;16928544444;17428544444;10240;10228
2329;17793649000;16928544444;17428544444;10240;10228
2330;17793655000;16928544444;17428544444;10240;10228
2331;17793662000;16928566666;17428566666;10240;10228
2332;17793715000;16928900000;17428900000;10240;10228
2333;17793741000;16928900000;17428900000;10240;10228
2334;17793770000;16928900000;17428900000;10240;10228
2335;17793780000;16970211111;17470211111;10240;10228
2336;17793816000;16970211111;17470211111;10240;10228
2337;17793829000;16970211111;17470211111;10240;10228
2338;17793836000;16970211111;17470211111;10240;10228
2339;17793849000;16970211111;17470211111;10240;10228
2340;17793860000;16970211111;17470211111;10240;10228
2296;17794981000;16803544444;17303544444;10240;10228
2297;17795001000;16803544444;17303544444;10240;10228
2298;17795192000;16803555555;17303555555;10240;10228
2299;17795230000;16803866666;17303866666;10240;10228
2300;17795390000;16803866666;17303866666;10240;10228
2302;17795408000;16845211111;17345211111;10240;10228
2303;17795628000;16845211111;17345211111;10240;10228
2304;17795648000;16845211111;17345211111;10240;10228
2305;17795814000;16845211111;17345211111;10240;10228
2306;17796004000;16845211111;17345211111;10240;10228
2307;17796012000;16845211111;17345211111;10240;10228
2308;17796243000;16845211111;17345211111;10240;10228
2309;17796262000;16845222222;17345222222;10240;10228
2310;17796440000;16845511111;17345511111;10240;10228
2311;17796461000;16845511111;17345511111;10240;10228
2312;17796640000;16845511111;17345511111;10240;10228
2313;17796858000;16886877777;17386877777;10240;10228
2314;17796876000;16886877777;17386877777;10240;10228
2315;17797030000;16886877777;17386877777;10240;10228
2316;17797055000;16886877777;17386877777;10240;10228
2317;17797286000;16886877777;17386877777;10240;10228
2318;17797309000;16886877777;17386877777;10240;10228
2319;17797480000;16886877777;17386877777;10240;10228
2320;17797500000;16886888888;17386888888;10240;10228
2321;17797685000;16887188888;17387188888;10240;10228
2322;17797706000;16887188888;17387188888;10240;10228
2323;17797889000;16887188888;17387188888;10240;10228
2341;17953290000;16970211111;17470211111;10240;10228
2342;17953303000;16970233333;17470233333;10240;10228
2343;17953319000;16970533333;17470533333;10240;10228
2344;17953327000;16970533333;17470533333;10240;10228
2345;17953351000;16970533333;17470533333;10240;10228
2346;17953360000;17011855555;17511855555;10240;10228
2347;17953369000;17011855555;17511855555;10240;10228
2348;17953413000;17011855555;17511855555;10240;10228
2349;17953434000;17011855555;17511855555;10240;10228
2350;17953456000;17011855555;17511855555;10240;10228
2351;17953477000;17011855555;17511855555;10240;10228
2352;17953500000;17011855555;17511855555;10240;10228
2353;17953509000;17011877777;17511877777;10240;10228
2324;17953520000;16928544444;17428544444;10240;10228
2354;17953527000;17012288888;17512288888;10240;10228
2355;17953549000;17012288888;17512288888;10240;10228
2356;17953561000;17012288888;17512288888;10240;10228
2357;17953571000;17053511111;17553511111;10240;10228
2358;17953578000;17053511111;17553511111;10240;10228
2359;17953600000;17053511111;17553511111;10240;10228
2360;17953609000;17053511111;17553511111;10240;10228
2361;17953617000;17053511111;17553511111;10240;10228
2362;17953639000;17053511111;17553511111;10240;10228
2363;17953671000;17053511111;17553511111;10240;10228
2364;17953681000;17053533333;17553533333;10240;10228
2365;17953695000;17053955555;17553955555;10240;10228
2325;17953709000;16928544444;17428544444;10240;10228
2366;17953718000;17053955555;17553955555;10240;10228
2367;17953817000;17053955555;17553955555;10240;10228
2368;17953825000;17095211111;17595211111;10240;10228
2369;17953848000;17095211111;17595211111;10240;10228
2370;17953877000;17095211111;17595211111;10240;10228
2371;17953886000;17095211111;17595211111;10240;10228
2372;17953899000;17095211111;17595211111;10240;10228
2373;17953926000;17095211111;17595211111;10240;10228
2374;17953944000;17095211111;17595211111;10240;10228
2375;17953966000;17095233333;17595233333;10240;10228
2376;17953976000;17095522222;17595522222;10240;10228
2377;17953995000;17095522222;17595522222;10240;10228
2378;17954013000;17095522222;17595522222;10240;10228
2379;17954103000;17136877777;17636877777;10240;10228
2380;17954110000;17136877777;17636877777;10240;10228
2381;17954114000;17136877777;17636877777;10240;10228
2382;17954125000;17136877777;17636877777;10240;10228
2383;17954131000;17136877777;17636877777;10240;10228
2384;17954141000;17136877777;17636877777;10240;10228
2385;17954148000;17136877777;17636877777;10240;10228
2340;17955301000;16970211111;17470211111;10240;10228
2341;17955499000;16970211111;17470211111;10240;10228
2342;17955516000;16970233333;17470233333;10240;10228
2343;17955739000;16970533333;17470533333;10240;10228
2344;17955775000;16970533333;17470533333;10240;10228
2345;17955951000;16970533333;17470533333;10240;10228
2347;17955976000;17011855555;17511855555;10240;10228
2348;17956162000;17011855555;17511855555;10240;10228
2349;17956185000;17011855555;17511855555;10240;10228
2354;17956354000;17012288888;17512288888;10240;10228
2355;17956556000;17012288888;17512288888;10240;10228
2356;17956594000;17012288888;17512288888;10240;10228
2357;17956763000;17053511111;17553511111;10240;10228
2358;17956790000;17053511111;17553511111;10240;10228
2360;17956929000;17053511111;17553511111;10240;10228
2361;17957161000;17053511111;17553511111;10240;10228
2362;17957181000;17053511111;17553511111;10240;10228
2363;17957377000;17053511111;17553511111;10240;10228
2364;17957385000;17053533333;17553533333;10240;10228
2365;17957579000;17053955555;17553955555;10240;10228
2366;17957586000;17053955555;17553955555;10240;10228
2367;17957777000;17053955555;17553955555;10240;10228
2386;18113557000;17136888888;17636888888;10240;10228
2387;18113571000;17137200000;17637200000;10240;10228
2388;18113598000;17137200000;17637200000;10240;10228
2389;18113608000;17137200000;17637200000;10240;10228
2390;18113616000;17178522222;17678522222;10240;10228
2391;18113636000;17178522222;17678522222;10240;10228
2392;18113646000;17178522222;17678522222;10240;10228
2393;18113659000;17178522222;17678522222;10240;10228
2394;18113671000;17178522222;17678522222;10240;10228
2395;18113697000;17178522222;17678522222;10240;10228
2396;18113706000;17178522222;17678522222;10240;10228
2397;18113717000;17178544444;17678544444;10240;10228
2399;18113752000;17178955555;17678955555;10240;10228
2400;18113785000;17178955555;17678955555;10240;10228
2401;18113800000;17220177777;17720177777;10240;10228
2368;18113819000;17095211111;17595211111;10240;10228
2402;18113843000;17220177777;17720177777;10240;10228
2403;18113861000;17220177777;17720177777;10240;10228
2404;18113892000;17220177777;17720177777;10240;10228
2405;18113901000;17220177777;17720177777;10240;10228
2407;18113912000;17220177777;17720177777;10240;10228
2408;18113944000;17220200000;17720200000;10240;10228
2409;18113955000;17220577777;17720577777;10240;10228
2410;18113987000;17220577777;17720577777;10240;10228
2370;18113997000;17095211111;17595211111;10240;10228
2411;18114020000;17220577777;17720577777;10240;10228
2412;18114039000;17261877777;17761877777;10240;10228
2414;18114120000;17261877777;17761877777;10240;10228
2415;18114148000;17261877777;17761877777;10240;10228
2416;18114156000;17261877777;17761877777;10240;10228
2417;18114176000;17261877777;17761877777;10240;10228
2372;18114192000;17095211111;17595211111;10240;10228
2418;18114211000;17261877777;17761877777;10240;10228
2420;18114215000;17262255555;17762255555;10240;10228
2421;18114236000;17262255555;17762255555;10240;10228
2423;18114257000;17303544444;17803544444;10240;10228
2424;18114316000;17303544444;17803544444;10240;10228
2425;18114357000;17303544444;17803544444;10240;10228
2426;18114366000;17303544444;17803544444;10240;10228
2427;18114397000;17303544444;17803544444;10240;10228
2428;18114405000;17303544444;17803544444;10240;10228
2429;18114421000;17303544444;17803544444;10240;10228
2430;18114446000;17303555555;17803555555;10240;10228
2431;18114455000;17303866666;17803866666;10240;10228
2385;18115588000;17136877777;17636877777;10240;10228
2386;18115608000;17136888888;17636888888;10240;10228
2387;18115793000;17137200000;17637200000;10240;10228
2388;18115996000;17137200000;17637200000;10240;10228
2390;18116018000;17178522222;17678522222;10240;10228
2391;18116211000;17178522222;17678522222;10240;10228
2392;18116251000;17178522222;17678522222;10240;10228
2394;18116407000;17178522222;17678522222;10240;10228
2395;18116426000;17178522222;17678522222;10240;10228
2396;18116612000;17178522222;17678522222;10240;10228
2397;18116631000;17178544444;17678544444;10240;10228
2398;18116817000;17178955555;17678955555;10240;10228
2399;18117008000;17178955555;17678955555;10240;10228
2400;18117016000;17178955555;17678955555;10240;10228
2401;18117250000;17220177777;17720177777;10240;10228
2402;18117289000;17220177777;17720177777;10240;10228
2403;18117467000;17220177777;17720177777;10240;10228
2404;18117503000;17220177777;17720177777;10240;10228
2405;18117681000;17220177777;17720177777;10240;10228
2406;18117867000;17220177777;17720177777;10240;10228
2407;18117893000;17220177777;17720177777;10240;10228
2408;18118073000;17220200000;17720200000;10240;10228
2411;18118093000;17220577777;17720577777;10240;10228
2412;18118303000;17261877777;17761877777;10240;10228
2432;18273870000;17303866666;17803866666;10240;10228
2433;18273886000;17303866666;17803866666;10240;10228
2434;18273895000;17345188888;17845188888;10240;10228
2435;18273903000;17345188888;17845188888;10240;10228
2436;18273911000;17345188888;17845188888;10240;10228
2438;18273932000;17345188888;17845188888;10240;10228
2439;18273943000;17345188888;17845188888;10240;10228
2440;18273951000;17345188888;17845188888;10240;10228
2441;18273984000;17345211111;17845211111;10240;10228
2442;18274004000;17345622222;17845622222;10240;10228
2413;18274033000;17261877777;17761877777;10240;10228
2443;18274078000;17345622222;17845622222;10240;10228
2444;18274098000;17345622222;17845622222;10240;10228
2445;18274114000;17386844444;17886844444;10240;10228
2449;18274149000;17386844444;17886844444;10240;10228
2450;18274178000;17386844444;17886844444;10240;10228
2451;18274187000;17386844444;17886844444;10240;10228
2452;18274216000;17386866666;17886866666;10240;10228
2453;18274226000;17387255555;17887255555;10240;10228
2454;18274244000;17387255555;17887255555;10240;10228
2455;18274257000;17387255555;17887255555;10240;10228
2414;18274276000;17261877777;17761877777;10240;10228
2456;18274300000;17428544444;17928544444;10240;10228
2457;18274358000;17428544444;17928544444;10240;10228
2458;18274396000;17428544444;17928544444;10240;10228
2459;18274420000;17428544444;17928544444;10240;10228
2460;18274435000;17428544444;17928544444;10240;10228
2461;18274454000;17428544444;17928544444;10240;10228
2462;18274475000;17428544444;17928544444;10240;10228
2463;18274488000;17428566666;17928566666;10240;10228
2464;18274501000;17428866666;17928866666;10240;10228
2466;18274534000;17428866666;17928866666;10240;10228
2467;18274545000;17470211111;17970211111;10240;10228
2468;18274555000;17470211111;17970211111;10240;10228
2470;18274564000;17470211111;17970211111;10240;10228
2471;18274577000;17470211111;17970211111;10240;10228
2472;18274623000;17470211111;17970211111;10240;10228
2473;18274642000;17470211111;17970211111;10240;10228
2474;18274661000;17470222222;17970222222;10240;10228
2475;18274687000;17470511111;17970511111;10240;10228
2476;18274695000;17470511111;17970511111;10240;10228
2431;18276272000;17303866666;17803866666;10240;10228
2432;18276294000;17303866666;17803866666;10240;10228
2433;18276475000;17303866666;17803866666;10240;10228
2434;18276492000;17345188888;17845188888;10240;10228
2435;18276681000;17345188888;17845188888;10240;10228
2436;18276698000;17345188888;17845188888;10240;10228
2437;18276918000;17345188888;17845188888;10240;10228
2438;18277119000;17345188888;17845188888;10240;10228
2439;18277138000;17345188888;17845188888;10240;10228
2440;18277331000;17345188888;17845188888;10240;10228
2441;18277351000;17345211111;17845211111;10240;10228
2442;18277526000;17345622222;17845622222;10240;10228
2443;18277546000;17345622222;17845622222;10240;10228
2444;18277731000;17345622222;17845622222;10240;10228
2445;18277739000;17386844444;17886844444;10240;10228
2447;18277943000;17386844444;17886844444;10240;10228
2448;18278162000;17386844444;17886844444;10240;10228
2449;18278184000;17386844444;17886844444;10240;10228
2450;18278348000;17386844444;17886844444;10240;10228
2451;18278368000;17386844444;17886844444;10240;10228
2452;18278552000;17386866666;17886866666;10240;10228
2453;18278572000;17387255555;17887255555;10240;10228
2454;18278755000;17387255555;17887255555;10240;10228
2455;18278965000;17387255555;17887255555;10240;10228
2456;18278971000;17428544444;17928544444;10240;10228
2457;18279171000;17428544444;17928544444;10240;10228
2458;18279177000;17428544444;17928544444;10240;10228
2477;18434127000;17470511111;17970511111;10240;10228
2478;18434150000;17511855555;18011855555;10240;10228
2479;18434160000;17511855555;18011855555;10240;10228
2480;18434168000;17511855555;18011855555;10240;10228
2481;18434181000;17511855555;18011855555;10240;10228
2483;18434195000;17511855555;18011855555;10240;10228
2484;18434203000;17511855555;18011855555;10240;10228
2485;18434226000;17511877777;18011877777;10240;10228
2486;18434326000;17512277777;18012277777;10240;10228
2459;18434354000;17428544444;17928544444;10240;10228
2487;18434507000;17512277777;18012277777;10240;10228
2488;18434519000;17512277777;18012277777;10240;10228
2489;18434535000;17553611111;18053611111;10240;10228
2490;18434557000;17553611111;18053611111;10240;10228
2460;18434568000;17428544444;17928544444;10240;10228
2491;18434591000;17553611111;18053611111;10240;10228
2492;18434622000;17553611111;18053611111;10240;10228
2493;18434657000;17553611111;18053611111;10240;10228
2494;18434678000;17553611111;18053611111;10240;10228
2495;18434686000;17553611111;18053611111;10240;10228
2496;18434704000;17553622222;18053622222;10240;10228
2497;18434712000;17553977777;18053977777;10240;10228
2498;18434739000;17553977777;18053977777;10240;10228
2499;18434763000;17553977777;18053977777;10240;10228
2500;18434771000;17595211111;18095211111;10240;10228
2501;18434782000;17595211111;18095211111;10240;10228
2504;18434796000;17595211111;18095211111;10240;10228
2505;18434806000;17595211111;18095211111;10240;10228
2506;18434826000;17595211111;18095211111;10240;10228
2461;18434835000;17428544444;17928544444;10240;10228
2462;18434858000;17428544444;17928544444;10240;10228
2507;18434879000;17595222222;18095222222;10240;10228
2508;18434906000;17595511111;18095511111;10240;10228
2509;18434917000;17595511111;18095511111;10240;10228
2511;18434950000;17636855555;18136855555;10240;10228
2512;18434959000;17636855555;18136855555;10240;10228
2513;18434970000;17636855555;18136855555;10240;10228
2514;18434988000;17636855555;18136855555;10240;10228
2515;18434997000;17636855555;18136855555;10240;10228
2516;18435011000;17636855555;18136855555;10240;10228
2517;18435032000;17636855555;18136855555;10240;10228
2518;18435071000;17636877777;18136877777;10240;10228
2519;18435091000;17637266666;18137266666;10240;10228
2522;18435112000;17678511111;18178511111;10240;10228
2476;18435947000;17470511111;17970511111;10240;10228
2478;18435966000;17511855555;18011855555;10240;10228
2481;18436161000;17511855555;18011855555;10240;10228
2482;18436185000;17511855555;18011855555;10240;10228
2483;18436355000;17511855555;18011855555;10240;10228
2484;18436606000;17511855555;18011855555;10240;10228
2485;18436631000;17511877777;18011877777;10240;10228
2486;18436648000;17512277777;18012277777;10240;10228
2487;18436800000;17512277777;18012277777;10240;10228
2488;18436981000;17512277777;18012277777;10240;10228
2489;18437009000;17553611111;18053611111;10240;10228
2490;18437212000;17553611111;18053611111;10240;10228
2491;18437232000;17553611111;18053611111;10240;10228
2492;18437379000;17553611111;18053611111;10240;10228
2493;18437583000;17553611111;18053611111;10240;10228
2494;18437601000;17553611111;18053611111;10240;10228
2495;18437823000;17553611111;18053611111;10240;10228
2496;18437841000;17553622222;18053622222;10240;10228
2497;18437996000;17553977777;18053977777;10240;10228
2498;18438003000;17553977777;18053977777;10240;10228
2499;18438235000;17553977777;18053977777;10240;10228
2500;18438240000;17595211111;18095211111;10240;10228
2501;18438437000;17595211111;18095211111;10240;10228
2502;18438642000;17595211111;18095211111;10240;10228
2503;18438662000;17595211111;18095211111;10240;10228
2523;18594385000;17678511111;18178511111;10240;10228
2524;18594401000;17678511111;18178511111;10240;10228
2525;18594410000;17678511111;18178511111;10240;10228
2526;18594434000;17678511111;18178511111;10240;10228
2528;18594443000;17678511111;18178511111;10240;10228
2529;18594468000;17678533333;18178533333;10240;10228
2530;18594486000;17678955555;18178955555;10240;10228
2531;18594508000;17678955555;18178955555;10240;10228
2532;18594555000;17678955555;18178955555;10240;10228
2504;18594680000;17595211111;18095211111;10240;10228
2533;18594776000;17720200000;18220200000;10240;10228
2534;18594796000;17720200000;18220200000;10240;10228
2535;18594815000;17720200000;18220200000;10240;10228
2536;18594833000;17720200000;18220200000;10240;10228
2537;18594845000;17720200000;18220200000;10240;10228
2505;18594867000;17595211111;18095211111;10240;10228
2506;18594878000;17595211111;18095211111;10240;10228
2538;18594885000;17720200000;18220200000;10240;10228
2539;18594901000;17720200000;18220200000;10240;10228
2540;18594909000;17720211111;18220211111;10240;10228
2541;18594927000;17720511111;18220511111;10240;10228
2542;18594938000;17720511111;18220511111;10240;10228
2543;18594954000;17720511111;18220511111;10240;10228
2547;18595004000;17761877777;18261877777;10240;10228
2548;18595023000;17761877777;18261877777;10240;10228
2549;18595052000;17761877777;18261877777;10240;10228
2507;18595082000;17595222222;18095222222;10240;10228
2550;18595099000;17761877777;18261877777;10240;10228
2552;18595115000;17762244444;18262244444;10240;10228
2553;18595128000;17762244444;18262244444;10240;10228
2554;18595149000;17762244444;18262244444;10240;10228
2555;18595158000;17803522222;18303522222;10240;10228
2556;18595171000;17803522222;18303522222;10240;10228
2557;18595209000;17803522222;18303522222;10240;10228
2558;18595232000;17803522222;18303522222;10240;10228
2559;18595265000;17803522222;18303522222;10240;10228
2560;18595275000;17803522222;18303522222;10240;10228
2561;18595305000;17803522222;18303522222;10240;10228
2562;18595315000;17803544444;18303544444;10240;10228
2563;18595327000;17803933333;18303933333;10240;10228
2564;18595346000;17803933333;18303933333;10240;10228
2565;18595364000;17803933333;18303933333;10240;10228
2566;18595446000;17845177777;18345177777;10240;10228
2567;18595456000;17845177777;18345177777;10240;10228
2568;18595463000;17845177777;18345177777;10240;10228
2522;18596456000;17678511111;18178511111;10240;10228
2523;18596646000;17678511111;18178511111;10240;10228
2524;18596890000;17678511111;18178511111;10240;10228
2525;18596913000;17678511111;18178511111;10240;10228
2526;18597070000;17678511111;18178511111;10240;10228
2527;18597092000;17678511111;18178511111;10240;10228
2528;18597319000;17678511111;18178511111;10240;10228
2529;18597342000;17678533333;18178533333;10240;10228
2530;18597497000;17678955555;18178955555;10240;10228
2532;18597530000;17678955555;18178955555;10240;10228
2533;18597684000;17720200000;18220200000;10240;10228
2534;18597881000;17720200000;18220200000;10240;10228
2535;18597906000;17720200000;18220200000;10240;10228
2536;18598114000;17720200000;18220200000;10240;10228
2537;18598137000;17720200000;18220200000;10240;10228
2538;18598339000;17720200000;18220200000;10240;10228
2539;18598362000;17720200000;18220200000;10240;10228
2540;18598547000;17720211111;18220211111;10240;10228
2541;18598569000;17720511111;18220511111;10240;10228
2542;18598720000;17720511111;18220511111;10240;10228
2544;18598919000;17761877777;18261877777;10240;10228
2545;18598945000;17761877777;18261877777;10240;10228
2546;18599152000;17761877777;18261877777;10240;10228
2547;18599177000;17761877777;18261877777;10240;10228
2548;18599366000;17761877777;18261877777;10240;10228
2569;18754685000;17845177777;18345177777;10240;10228
2570;18754713000;17845177777;18345177777;10240;10228
2571;18754722000;17845177777;18345177777;10240;10228
2572;18754731000;17845177777;18345177777;10240;10228
2573;18754760000;17845200000;18345200000;10240;10228
2574;18754772000;17845566666;18345566666;10240;10228
2576;18754780000;17845566666;18345566666;10240;10228
2577;18754792000;17886877777;18386877777;10240;10228
2578;18754805000;17886877777;18386877777;10240;10228
2550;18754917000;17761877777;18261877777;10240;10228
2579;18754937000;17886877777;18386877777;10240;10228
2580;18754947000;17886877777;18386877777;10240;10228
2581;18754983000;17886877777;18386877777;10240;10228
2582;18754993000;17886877777;18386877777;10240;10228
2583;18755004000;17886877777;18386877777;10240;10228
2584;18755081000;17886900000;18386900000;10240;10228
2551;18755093000;17761900000;18261900000;10240;10228
2585;18755110000;17887177777;18387177777;10240;10228
2552;18755130000;17762244444;18262244444;10240;10228
2586;18755138000;17887177777;18387177777;10240;10228
2587;18755163000;17887177777;18387177777;10240;10228
2588;18755172000;17928544444;18428544444;10240;10228
2589;18755181000;17928544444;18428544444;10240;10228
2553;18755260000;17762244444;18262244444;10240;10228
2594;18755276000;17928544444;18428544444;10240;10228
2595;18755285000;17928555555;18428555555;10240;10228
2597;18755316000;17928877777;18428877777;10240;10228
2598;18755334000;17928877777;18428877777;10240;10228
2601;18755365000;17970200000;18470200000;10240;10228
2602;18755376000;17970200000;18470200000;10240;10228
2603;18755389000;17970200000;18470200000;10240;10228
2604;18755440000;17970200000;18470200000;10240;10228
2607;18755492000;17970633333;18470633333;10240;10228
2608;18755513000;17970633333;18470633333;10240;10228
2609;18755535000;17970633333;18470633333;10240;10228
2610;18755550000;18011844444;18511844444;10240;10228
2611;18755651000;18011844444;18511844444;10240;10228
2612;18755670000;18011844444;18511844444;10240;10228
2613;18755698000;18011844444;18511844444;10240;10228
2614;18755724000;18011844444;18511844444;10240;10228
2568;18757116000;17845177777;18345177777;10240;10228
2569;18757139000;17845177777;18345177777;10240;10228
2570;18757298000;17845177777;18345177777;10240;10228
2571;18757318000;17845177777;18345177777;10240;10228
2572;18757504000;17845177777;18345177777;10240;10228
2573;18757521000;17845200000;18345200000;10240;10228
2574;18757709000;17845566666;18345566666;10240;10228
2576;18757726000;17845566666;18345566666;10240;10228
2577;18757915000;17886877777;18386877777;10240;10228
2578;18758152000;17886877777;18386877777;10240;10228
2579;18758189000;17886877777;18386877777;10240;10228
2583;18758321000;17886877777;18386877777;10240;10228
2584;18758338000;17886900000;18386900000;10240;10228
2585;18758553000;17887177777;18387177777;10240;10228
2586;18758558000;17887177777;18387177777;10240;10228
2587;18758728000;17887177777;18387177777;10240;10228
2588;18758968000;17928544444;18428544444;10240;10228
2589;18758975000;17928544444;18428544444;10240;10228
2590;18759175000;17928544444;18428544444;10240;10228
2591;18759195000;17928544444;18428544444;10240;10228
2592;18759369000;17928544444;18428544444;10240;10228
2593;18759388000;17928544444;18428544444;10240;10228
2594;18759582000;17928544444;18428544444;10240;10228
2595;18759587000;17928555555;18428555555;10240;10228
2615;18914920000;18011844444;18511844444;10240;10228
2616;18914933000;18011844444;18511844444;10240;10228
2617;18914941000;18011866666;18511866666;10240;10228
2618;18914967000;18012266666;18512266666;10240;10228
2619;18914978000;18012266666;18512266666;10240;10228
2620;18914994000;18012266666;18512266666;10240;10228
2621;18915016000;18053544444;18553544444;10240;10228
2623;18915025000;18053544444;18553544444;10240;10228
2624;18915037000;18053544444;18553544444;10240;10228
2625;18915051000;18053544444;18553544444;10240;10228
2626;18915081000;18053544444;18553544444;10240;10228
2596;18915133000;17928877777;18428877777;10240;10228
2627;18915160000;18053544444;18553544444;10240;10228
2628;18915178000;18053566666;18553566666;10240;10228
2629;18915186000;18053877777;18553877777;10240;10228
2630;18915206000;18053877777;18553877777;10240;10228
2631;18915225000;18053877777;18553877777;10240;10228
2632;18915242000;18095211111;18595211111;10240;10228
2633;18915309000;18095211111;18595211111;10240;10228
2597;18915335000;17928877777;18428877777;10240;10228
2634;18915376000;18095211111;18595211111;10240;10228
2635;18915403000;18095211111;18595211111;10240;10228
2636;18915420000;18095211111;18595211111;10240;10228
2637;18915433000;18095211111;18595211111;10240;10228
2638;18915504000;18095211111;18595211111;10240;10228
2639;18915514000;18095222222;18595222222;10240;10228
2640;18915536000;18095500000;18595500000;10240;10228
2598;18915555000;17928877777;18428877777;10240;10228
2599;18915581000;17970200000;18470200000;10240;10228
2642;18915590000;18095500000;18595500000;10240;10228
2643;18915633000;18136855555;18636855555;10240;10228
2644;18915650000;18136855555;18636855555;10240;10228
2645;18915660000;18136855555;18636855555;10240;10228
2646;18915667000;18136855555;18636855555;10240;10228
2647;18915683000;18136855555;18636855555;10240;10228
2648;18915691000;18136855555;18636855555;10240;10228
2649;18915719000;18136855555;18636855555;10240;10228
2650;18915737000;18136877777;18636877777;10240;10228
2651;18915759000;18137266666;18637266666;10240;10228
2652;18915786000;18137266666;18637266666;10240;10228
2653;18915798000;18137266666;18637266666;10240;10228
2654;18915818000;18178511111;18678511111;10240;10228
2655;18915827000;18178511111;18678511111;10240;10228
2656;18915842000;18178511111;18678511111;10240;10228
2657;18915850000;18178511111;18678511111;10240;10228
2658;18915864000;18178511111;18678511111;10240;10228
2659;18915896000;18178511111;18678511111;10240;10228
2661;18915915000;18178533333;18678533333;10240;10228
2662;18915923000;18178922222;18678922222;10240;10228
2614;18917168000;18011844444;18511844444;10240;10228
2615;18917189000;18011844444;18511844444;10240;10228
2617;18917362000;18011866666;18511866666;10240;10228
2618;18917385000;18012266666;18512266666;10240;10228
2619;18917566000;18012266666;18512266666;10240;10228
2620;18917587000;18012266666;18512266666;10240;10228
2621;18917772000;18053544444;18553544444;10240;10228
2624;18917791000;18053544444;18553544444;10240;10228
2625;18917976000;18053544444;18553544444;10240;10228
2626;18918225000;18053544444;18553544444;10240;10228
2627;18918259000;18053544444;18553544444;10240;10228
2628;18918430000;18053566666;18553566666;10240;10228
2629;18918464000;18053877777;18553877777;10240;10228
2630;18918629000;18053877777;18553877777;10240;10228
2631;18918664000;18053877777;18553877777;10240;10228
2632;18918832000;18095211111;18595211111;10240;10228
2633;18918859000;18095211111;18595211111;10240;10228
2634;18919006000;18095211111;18595211111;10240;10228
2635;18919231000;18095211111;18595211111;10240;10228
2636;18919266000;18095211111;18595211111;10240;10228
2637;18919439000;18095211111;18595211111;10240;10228
2638;18919465000;18095211111;18595211111;10240;10228
2639;18919644000;18095222222;18595222222;10240;10228
2641;18919670000;18095500000;18595500000;10240;10228
2663;19075195000;18178922222;18678922222;10240;10228
2664;19075211000;18178922222;18678922222;10240;10228
2665;19075220000;18220211111;18720211111;10240;10228
2667;19075239000;18220211111;18720211111;10240;10228
2668;19075282000;18220211111;18720211111;10240;10228
2669;19075332000;18220211111;18720211111;10240;10228
2670;19075342000;18220211111;18720211111;10240;10228
2671;19075390000;18220211111;18720211111;10240;10228
2672;19075409000;18220233333;18720233333;10240;10228
2673;19075417000;18220500000;18720500000;10240;10228
2674;19075437000;18220500000;18720500000;10240;10228
2675;19075448000;18220500000;18720500000;10240;10228
2642;19075454000;18095500000;18595500000;10240;10228
2676;19075477000;18261877777;18761877777;10240;10228
2677;19075486000;18261877777;18761877777;10240;10228
2678;19075499000;18261877777;18761877777;10240;10228
2679;19075507000;18261877777;18761877777;10240;10228
2680;19075530000;18261877777;18761877777;10240;10228
2681;19075540000;18261877777;18761877777;10240;10228
2682;19075591000;18261877777;18761877777;10240;10228
2683;19075609000;18261900000;18761900000;10240;10228
2684;19075622000;18262177777;18762177777;10240;10228
2685;19075635000;18262177777;18762177777;10240;10228
2643;19075647000;18136855555;18636855555;10240;10228
2686;19075732000;18262177777;18762177777;10240;10228
2687;19075745000;18303522222;18803522222;10240;10228
2688;19075800000;18303522222;18803522222;10240;10228
2644;19075818000;18136855555;18636855555;10240;10228
2645;19075842000;18136855555;18636855555;10240;10228
2690;19075871000;18303522222;18803522222;10240;10228
2691;19075908000;18303522222;18803522222;10240;10228
2692;19075922000;18303522222;18803522222;10240;10228
2693;19075930000;18303522222;18803522222;10240;10228
2694;19075951000;18303544444;18803544444;10240;10228
2695;19075960000;18303944444;18803944444;10240;10228
2696;19075985000;18303944444;18803944444;10240;10228
2697;19076002000;18303944444;18803944444;10240;10228
2698;19076023000;18345177777;18845177777;10240;10228
2699;19076079000;18345177777;18845177777;10240;10228
2700;19076107000;18345177777;18845177777;10240;10228
2701;19076118000;18345177777;18845177777;10240;10228
2702;19076131000;18345177777;18845177777;10240;10228
2703;19076144000;18345177777;18845177777;10240;10228
2704;19076157000;18345177777;18845177777;10240;10228
2705;19076169000;18345200000;18845200000;10240;10228
2706;19076277000;18345566666;18845566666;10240;10228
2707;19076288000;18345566666;18845566666;10240;10228
2708;19076336000;18345566666;18845566666;10240;10228
2709;19076358000;18386888888;18886888888;10240;10228
2710;19076376000;18386888888;18886888888;10240;10228
2662;19077031000;18178922222;18678922222;10240;10228
2663;19077238000;18178922222;18678922222;10240;10228
2664;19077276000;18178922222;18678922222;10240;10228
2665;19077433000;18220211111;18720211111;10240;10228
2666;19077638000;18220211111;18720211111;10240;10228
2667;19077657000;18220211111;18720211111;10240;10228
2668;19077843000;18220211111;18720211111;10240;10228
2669;19077861000;18220211111;18720211111;10240;10228
2670;19078032000;18220211111;18720211111;10240;10228
2671;19078288000;18220211111;18720211111;10240;10228
2672;19078311000;18220233333;18720233333;10240;10228
2673;19078316000;18220500000;18720500000;10240;10228
2674;19078485000;18220500000;18720500000;10240;10228
2675;19078700000;18220500000;18720500000;10240;10228
2676;19078718000;18261877777;18761877777;10240;10228
2677;19078883000;18261877777;18761877777;10240;10228
2678;19078901000;18261877777;18761877777;10240;10228
2679;19079090000;18261877777;18761877777;10240;10228
2680;19079318000;18261877777;18761877777;10240;10228
2681;19079336000;18261877777;18761877777;10240;10228
2682;19079519000;18261877777;18761877777;10240;10228
2683;19079526000;18261900000;18761900000;10240;10228
2684;19079721000;18262177777;18762177777;10240;10228
2685;19079738000;18262177777;18762177777;10240;10228
2686;19079908000;18262177777;18762177777;10240;10228
2687;19079916000;18303522222;18803522222;10240;10228
2688;19080175000;18303522222;18803522222;10240;10228
2689;19080193000;18303522222;18803522222;10240;10228
2711;19235431000;18386888888;18886888888;10240;10228
2712;19235443000;18386888888;18886888888;10240;10228
2713;19235456000;18386888888;18886888888;10240;10228
2714;19235480000;18386888888;18886888888;10240;10228
2715;19235489000;18386888888;18886888888;10240;10228
2716;19235497000;18386900000;18886900000;10240;10228
2717;19235504000;18387188888;18887188888;10240;10228
2718;19235524000;18387188888;18887188888;10240;10228
2719;19235611000;18387188888;18887188888;10240;10228
2691;19235641000;18303522222;18803522222;10240;10228
2720;19235655000;18428544444;18928544444;10240;10228
2721;19235664000;18428544444;18928544444;10240;10228
2722;19235705000;18428544444;18928544444;10240;10228
2723;19235715000;18428544444;18928544444;10240;10228
2724;19235727000;18428544444;18928544444;10240;10228
2725;19235747000;18428544444;18928544444;10240;10228
2726;19235760000;18428544444;18928544444;10240;10228
2727;19235771000;18428555555;18928555555;10240;10228
2728;19235784000;18428844444;18928844444;10240;10228
2729;19235800000;18428844444;18928844444;10240;10228
2730;19235823000;18428844444;18928844444;10240;10228
2731;19235844000;18470188888;18970188888;10240;10228
2692;19235864000;18303522222;18803522222;10240;10228
2732;19235872000;18470188888;18970188888;10240;10228
2733;19235886000;18470188888;18970188888;10240;10228
2734;19235908000;18470188888;18970188888;10240;10228
2735;19235918000;18470188888;18970188888;10240;10228
2736;19235982000;18470188888;18970188888;10240;10228
2737;19236034000;18470188888;18970188888;10240;10228
2738;19236051000;18470211111;18970211111;10240;10228
2693;19236092000;18303522222;18803522222;10240;10228
2694;19236120000;18303544444;18803544444;10240;10228
2739;19236131000;18470566666;18970566666;10240;10228
2740;19236151000;18470566666;18970566666;10240;10228
2741;19236159000;18470566666;18970566666;10240;10228
2742;19236173000;18511844444;19011844444;10240;10228
2743;19236182000;18511844444;19011844444;10240;10228
2744;19236207000;18511844444;19011844444;10240;10228
2696;19236266000;18303944444;18803944444;10240;10228
2746;19236274000;18511844444;19011844444;10240;10228
2748;19236354000;18511844444;19011844444;10240;10228
2749;19236382000;18511866666;19011866666;10240;10228
2750;19236395000;18512222222;19012222222;10240;10228
2751;19236409000;18512222222;19012222222;10240;10228
2752;19236438000;18512222222;19012222222;10240;10228
2753;19236447000;18553544444;19053544444;10240;10228
2754;19236479000;18553544444;19053544444;10240;10228
2755;19236505000;18553544444;19053544444;10240;10228
2756;19236535000;18553544444;19053544444;10240;10228
2757;19236583000;18553544444;19053544444;10240;10228
2709;19237882000;18386888888;18886888888;10240;10228
2710;19237901000;18386888888;18886888888;10240;10228
2711;19238077000;18386888888;18886888888;10240;10228
2712;19238094000;18386888888;18886888888;10240;10228
2713;19238288000;18386888888;18886888888;10240;10228
2714;19238309000;18386888888;18886888888;10240;10228
2715;19238494000;18386888888;18886888888;10240;10228
2716;19238511000;18386900000;18886900000;10240;10228
2719;19238698000;18387188888;18887188888;10240;10228
2720;19238904000;18428544444;18928544444;10240;10228
2721;19238921000;18428544444;18928544444;10240;10228
2722;19239153000;18428544444;18928544444;10240;10228
2723;19239172000;18428544444;18928544444;10240;10228
2724;19239330000;18428544444;18928544444;10240;10228
2725;19239551000;18428544444;18928544444;10240;10228
2726;19239570000;18428544444;18928544444;10240;10228
2727;19239575000;18428555555;18928555555;10240;10228
2728;19239753000;18428844444;18928844444;10240;10228
2729;19239926000;18428844444;18928844444;10240;10228
2730;19239944000;18428844444;18928844444;10240;10228
2731;19240164000;18470188888;18970188888;10240;10228
2733;19240184000;18470188888;18970188888;10240;10228
2734;19240337000;18470188888;18970188888;10240;10228
2735;19240539000;18470188888;18970188888;10240;10228
2736;19240545000;18470188888;18970188888;10240;10228
2737;19240772000;18470188888;18970188888;10240;10228
2759;19395743000;18553544444;19053544444;10240;10228
2760;19395757000;18553566666;19053566666;10240;10228
2761;19395766000;18553844444;19053844444;10240;10228
2762;19395784000;18553844444;19053844444;10240;10228
2763;19395793000;18553844444;19053844444;10240;10228
2764;19395805000;18595188888;19095188888;10240;10228
2765;19395824000;18595188888;19095188888;10240;10228
2766;19395837000;18595188888;19095188888;10240;10228
2767;19395844000;18595188888;19095188888;10240;10228
2768;19395893000;18595188888;19095188888;10240;10228
2769;19395903000;18595188888;19095188888;10240;10228
2770;19395912000;18595188888;19095188888;10240;10228
2771;19395933000;18595211111;19095211111;10240;10228
2738;19395944000;18470211111;18970211111;10240;10228
2772;19395951000;18595600000;19095600000;10240;10228
2773;19395963000;18595600000;19095600000;10240;10228
2774;19395982000;18595600000;19095600000;10240;10228
2775;19395991000;18636844444;19136844444;10240;10228
2776;19396000000;18636844444;19136844444;10240;10228
2777;19396029000;18636844444;19136844444;10240;10228
2779;19396084000;18636844444;19136844444;10240;10228
2780;19396104000;18636844444;19136844444;10240;10228
2781;19396112000;18636844444;19136844444;10240;10228
2782;19396131000;18636866666;19136866666;10240;10228
2740;19396141000;18470566666;18970566666;10240;10228
2783;19396165000;18637222222;19137222222;10240;10228
2784;19396185000;18637222222;19137222222;10240;10228
2786;19396211000;18678544444;19178544444;10240;10228
2787;19396292000;18678544444;19178544444;10240;10228
2788;19396301000;18678544444;19178544444;10240;10228
2741;19396324000;18470566666;18970566666;10240;10228
2742;19396349000;18511844444;19011844444;10240;10228
2792;19396406000;18678544444;19178544444;10240;10228
2793;19396426000;18678566666;19178566666;10240;10228
2794;19396455000;18678877777;19178877777;10240;10228
2795;19396474000;18678877777;19178877777;10240;10228
2797;19396542000;18720211111;19220211111;10240;10228
2798;19396553000;18720211111;19220211111;10240;10228
2799;19396567000;18720211111;19220211111;10240;10228
2800;19396586000;18720211111;19220211111;10240;10228
2801;19396594000;18720211111;19220211111;10240;10228
2802;19396631000;18720211111;19220211111;10240;10228
2803;19396693000;18720211111;19220211111;10240;10228
2804;19396712000;18720222222;19220222222;10240;10228
2805;19396732000;18720511111;19220511111;10240;10228
2806;19396752000;18720511111;19220511111;10240;10228
2757;19398137000;18553544444;19053544444;10240;10228
2760;19398176000;18553566666;19053566666;10240;10228
2761;19398345000;18553844444;19053844444;10240;10228
2762;19398369000;18553844444;19053844444;10240;10228
2763;19398538000;18553844444;19053844444;10240;10228
2764;19398754000;18595188888;19095188888;10240;10228
2765;19398773000;18595188888;19095188888;10240;10228
2766;19398930000;18595188888;19095188888;10240;10228
2767;19398947000;18595188888;19095188888;10240;10228
2768;19399152000;18595188888;19095188888;10240;10228
2769;19399358000;18595188888;19095188888;10240;10228
2770;19399376000;18595188888;19095188888;10240;10228
2771;19399562000;18595211111;19095211111;10240;10228
2772;19399580000;18595600000;19095600000;10240;10228
2773;19399767000;18595600000;19095600000;10240;10228
2774;19399786000;18595600000;19095600000;10240;10228
2775;19399956000;18636844444;19136844444;10240;10228
2779;19400177000;18636844444;19136844444;10240;10228
2780;19400195000;18636844444;19136844444;10240;10228
2781;19400381000;18636844444;19136844444;10240;10228
2782;19400386000;18636866666;19136866666;10240;10228
2783;19400585000;18637222222;19137222222;10240;10228
2784;19400593000;18637222222;19137222222;10240;10228
2810;19556056000;18761855555;19261855555;10240;10228
2811;19556068000;18761855555;19261855555;10240;10228
2812;19556076000;18761855555;19261855555;10240;10228
2813;19556095000;18761855555;19261855555;10240;10228
2814;19556100000;18761855555;19261855555;10240;10228
2815;19556109000;18761877777;19261877777;10240;10228
2816;19556129000;18762288888;19262288888;10240;10228
2817;19556136000;18762288888;19262288888;10240;10228
2818;19556140000;18762288888;19262288888;10240;10228
2819;19556265000;18803511111;19303511111;10240;10228
2785;19556276000;18637222222;19137222222;10240;10228
2820;19556281000;18803511111;19303511111;10240;10228
2821;19556285000;18803511111;19303511111;10240;10228
2822;19556293000;18803511111;19303511111;10240;10228
2823;19556298000;18803511111;19303511111;10240;10228
2824;19556305000;18803511111;19303511111;10240;10228
2825;19556326000;18803511111;19303511111;10240;10228
2826;19556331000;18803533333;19303533333;10240;10228
2827;19556336000;18803911111;19303911111;10240;10228
2828;19556339000;18803911111;19303911111;10240;10228
2829;19556345000;18803911111;19303911111;10240;10228
2830;19556352000;18845211111;19345211111;10240;10228
2831;19556411000;18845211111;19345211111;10240;10228
2832;19556422000;18845211111;19345211111;10240;10228
2786;19556436000;18678544444;19178544444;10240;10228
2833;19556441000;18845211111;19345211111;10240;10228
2834;19556445000;18845211111;19345211111;10240;10228
2835;19556455000;18845211111;19345211111;10240;10228
2836;19556512000;18845211111;19345211111;10240;10228
2837;19556523000;18845233333;19345233333;10240;10228
2838;19556598000;18845488888;19345488888;10240;10228
2839;19556611000;18845488888;19345488888;10240;10228
2840;19556616000;18845488888;19345488888;10240;10228
2841;19556631000;18886877777;19386877777;10240;10228
2842;19556635000;18886877777;19386877777;10240;10228
2843;19556640000;18886877777;19386877777;10240;10228
2844;19556644000;18886877777;19386877777;10240;10228
2845;19556709000;18886877777;19386877777;10240;10228
2846;19556720000;18886877777;19386877777;10240;10228
2847;19556724000;18886877777;19386877777;10240;10228
2848;19556733000;18886888888;19386888888;10240;10228
2849;19556741000;18887166666;19387166666;10240;10228
2850;19556786000;18887166666;19387166666;10240;10228
2851;19556804000;18887166666;19387166666;10240;10228
2852;19556848000;18928522222;19428522222;10240;10228
2853;19556900000;18928522222;19428522222;10240;10228
2854;19556910000;18928522222;19428522222;10240;10228
2855;19556950000;18928522222;19428522222;10240;10228
2806;19558689000;18720511111;19220511111;10240;10228
2807;19558864000;18720511111;19220511111;10240;10228
2808;19559068000;18761855555;19261855555;10240;10228
2809;19559087000;18761855555;19261855555;10240;10228
2810;19559295000;18761855555;19261855555;10240;10228
2811;19559332000;18761855555;19261855555;10240;10228
2812;19559504000;18761855555;19261855555;10240;10228
2817;19559541000;18762288888;19262288888;10240;10228
2818;19559746000;18762288888;19262288888;10240;10228
2819;19559947000;18803511111;19303511111;10240;10228
2820;19559973000;18803511111;19303511111;10240;10228
2821;19560176000;18803511111;19303511111;10240;10228
2822;19560210000;18803511111;19303511111;10240;10228
2823;19560340000;18803511111;19303511111;10240;10228
2824;19560367000;18803511111;19303511111;10240;10228
2825;19560527000;18803511111;19303511111;10240;10228
2826;19560567000;18803533333;19303533333;10240;10228
2827;19560750000;18803911111;19303911111;10240;10228
2828;19560947000;18803911111;19303911111;10240;10228
2829;19560972000;18803911111;19303911111;10240;10228
2831;19561207000;18845211111;19345211111;10240;10228
2832;19561237000;18845211111;19345211111;10240;10228
2833;19561364000;18845211111;19345211111;10240;10228
2856;19716375000;18928522222;19428522222;10240;10228
2858;19716387000;18928522222;19428522222;10240;10228
2859;19716405000;18928544444;19428544444;10240;10228
2860;19716415000;18928944444;19428944444;10240;10228
2861;19716421000;18928944444;19428944444;10240;10228
2862;19716426000;18928944444;19428944444;10240;10228
2863;19716440000;18970188888;19470188888;10240;10228
2864;19716448000;18970188888;19470188888;10240;10228
2865;19716471000;18970188888;19470188888;10240;10228
2866;19716486000;18970188888;19470188888;10240;10228
2867;19716492000;18970188888;19470188888;10240;10228
2868;19716496000;18970188888;19470188888;10240;10228
2834;19716502000;18845211111;19345211111;10240;10228
2869;19716530000;18970188888;19470188888;10240;10228
2870;19716536000;18970211111;19470211111;10240;10228
2871;19716721000;18970588888;19470588888;10240;10228
2872;19716742000;18970588888;19470588888;10240;10228
2873;19716747000;18970588888;19470588888;10240;10228
2874;19716751000;19011888888;19511888888;10240;10228
2835;19716756000;18845211111;19345211111;10240;10228
2876;19716760000;19011888888;19511888888;10240;10228
2836;19716765000;18845211111;19345211111;10240;10228
2877;19716769000;19011888888;19511888888;10240;10228
2878;19716780000;19011888888;19511888888;10240;10228
2879;19716784000;19011888888;19511888888;10240;10228
2880;19716828000;19011888888;19511888888;10240;10228
2881;19716938000;19011900000;19511900000;10240;10228
2882;19716960000;19012188888;19512188888;10240;10228
2883;19716964000;19012188888;19512188888;10240;10228
2884;19716968000;19012188888;19512188888;10240;10228
2885;19716973000;19053544444;19553544444;10240;10228
2886;19716976000;19053544444;19553544444;10240;10228
2837;19716980000;18845233333;19345233333;10240;10228
2887;19716984000;19053544444;19553544444;10240;10228
2838;19716992000;18845488888;19345488888;10240;10228
2888;19717013000;19053544444;19553544444;10240;10228
2889;19717018000;19053544444;19553544444;10240;10228
2890;19717109000;19053544444;19553544444;10240;10228
2891;19717131000;19053544444;19553544444;10240;10228
2892;19717135000;19053555555;19553555555;10240;10228
2894;19717201000;19053855555;19553855555;10240;10228
2895;19717212000;19053855555;19553855555;10240;10228
2896;19717229000;19095188888;19595188888;10240;10228
2897;19717235000;19095188888;19595188888;10240;10228
2898;19717326000;19095188888;19595188888;10240;10228
2900;19717333000;19095188888;19595188888;10240;10228
2901;19717342000;19095188888;19595188888;10240;10228
2903;19717364000;19095211111;19595211111;10240;10228
2904;19717390000;19095555555;19595555555;10240;10228
2905;19717399000;19095555555;19595555555;10240;10228
2851;19718618000;18887166666;19387166666;10240;10228
2852;19718831000;18928522222;19428522222;10240;10228
2853;19718858000;18928522222;19428522222;10240;10228
2854;19718970000;18928522222;19428522222;10240;10228
2855;19718997000;18928522222;19428522222;10240;10228
2856;19719190000;18928522222;19428522222;10240;10228
2857;19719216000;18928522222;19428522222;10240;10228
2858;19719443000;18928522222;19428522222;10240;10228
2859;19719470000;18928544444;19428544444;10240;10228
2860;19719591000;18928944444;19428944444;10240;10228
2861;19719797000;18928944444;19428944444;10240;10228
2862;19719817000;18928944444;19428944444;10240;10228
2864;19719999000;18970188888;19470188888;10240;10228
2865;19720018000;18970188888;19470188888;10240;10228
2866;19720257000;18970188888;19470188888;10240;10228
2867;19720466000;18970188888;19470188888;10240;10228
2868;19720505000;18970188888;19470188888;10240;10228
2869;19720653000;18970188888;19470188888;10240;10228
2870;19720672000;18970211111;19470211111;10240;10228
2871;19720800000;18970588888;19470588888;10240;10228
2872;19720823000;18970588888;19470588888;10240;10228
2873;19720992000;18970588888;19470588888;10240;10228
2874;19721010000;19011888888;19511888888;10240;10228
2875;19721210000;19011888888;19511888888;10240;10228
2876;19721414000;19011888888;19511888888;10240;10228
2877;19721436000;19011888888;19511888888;10240;10228
2878;19721618000;19011888888;19511888888;10240;10228
2879;19721640000;19011888888;19511888888;10240;10228
2880;19721823000;19011888888;19511888888;10240;10228
2881;19721843000;19011900000;19511900000;10240;10228
2882;19722014000;19012188888;19512188888;10240;10228
2906;19876680000;19095555555;19595555555;10240;10228
2908;19876691000;19136844444;19636844444;10240;10228
2909;19876698000;19136844444;19636844444;10240;10228
2910;19876703000;19136844444;19636844444;10240;10228
2911;19876708000;19136844444;19636844444;10240;10228
2914;19876809000;19136866666;19636866666;10240;10228
2917;19876820000;19137200000;19637200000;10240;10228
2918;19876835000;19178544444;19678544444;10240;10228
2919;19876839000;19178544444;19678544444;10240;10228
2883;19876843000;19012188888;19512188888;10240;10228
2920;19876948000;19178544444;19678544444;10240;10228
2921;19876960000;19178544444;19678544444;10240;10228
2922;19876966000;19178544444;19678544444;10240;10228
2923;19876969000;19178544444;19678544444;10240;10228
2924;19876973000;19178544444;19678544444;10240;10228
2928;19877041000;19178844444;19678844444;10240;10228
2929;19877071000;19220211111;19720211111;10240;10228
2930;19877076000;19220211111;19720211111;10240;10228
2884;19877094000;19012188888;19512188888;10240;10228
2931;19877098000;19220211111;19720211111;10240;10228
2932;19877160000;19220211111;19720211111;10240;10228
2933;19877169000;19220211111;19720211111;10240;10228
2934;19877174000;19220211111;19720211111;10240;10228
2935;19877183000;19220211111;19720211111;10240;10228
2937;19877192000;19220477777;19720477777;10240;10228
2938;19877277000;19220477777;19720477777;10240;10228
2939;19877288000;19220477777;19720477777;10240;10228
2940;19877293000;19261855555;19761855555;10240;10228
2941;19877303000;19261855555;19761855555;10240;10228
2942;19877315000;19261855555;19761855555;10240;10228
2943;19877363000;19261855555;19761855555;10240;10228
2944;19877372000;19261855555;19761855555;10240;10228
2945;19877380000;19261855555;19761855555;10240;10228
2946;19877442000;19261855555;19761855555;10240;10228
2947;19877448000;19261877777;19761877777;10240;10228
2948;19877484000;19262233333;19762233333;10240;10228
2949;19877492000;19262233333;19762233333;10240;10228
2950;19877534000;19262233333;19762233333;10240;10228
2951;19877543000;19303544444;19803544444;10240;10228
2952;19877551000;19303544444;19803544444;10240;10228
2953;19877585000;19303544444;19803544444;10240;10228
2954;19877593000;19303544444;19803544444;10240;10228
2955;19877602000;19303544444;19803544444;10240;10228
2905;19879555000;19095555555;19595555555;10240;10228
2906;19879576000;19095555555;19595555555;10240;10228
2907;19879801000;19136844444;19636844444;10240;10228
2908;19879832000;19136844444;19636844444;10240;10228
2909;19879919000;19136844444;19636844444;10240;10228
2910;19880133000;19136844444;19636844444;10240;10228
2911;19880141000;19136844444;19636844444;10240;10228
2912;19880302000;19136844444;19636844444;10240;10228
2913;19880539000;19136844444;19636844444;10240;10228
2914;19880556000;19136866666;19636866666;10240;10228
2915;19880565000;19137200000;19637200000;10240;10228
2916;19880720000;19137200000;19637200000;10240;10228
2917;19880935000;19137200000;19637200000;10240;10228
2918;19880954000;19178544444;19678544444;10240;10228
2919;19881193000;19178544444;19678544444;10240;10228
2920;19881215000;19178544444;19678544444;10240;10228
2921;19881426000;19178544444;19678544444;10240;10228
2922;19881444000;19178544444;19678544444;10240;10228
2923;19881572000;19178544444;19678544444;10240;10228
2924;19881737000;19178544444;19678544444;10240;10228
2925;19881754000;19178566666;19678566666;10240;10228
2926;19881926000;19178844444;19678844444;10240;10228
2927;19881943000;19178844444;19678844444;10240;10228
2928;19882146000;19178844444;19678844444;10240;10228
2929;19882360000;19220211111;19720211111;10240;10228
2930;19882372000;19220211111;19720211111;10240;10228
2931;19882555000;19220211111;19720211111;10240;10228
2932;19882575000;19220211111;19720211111;10240;10228
2956;20036940000;19303544444;19803544444;10240;10228
2957;20036952000;19303544444;19803544444;10240;10228
2958;20036956000;19303555555;19803555555;10240;10228
2959;20036961000;19303844444;19803844444;10240;10228
2960;20036965000;19303844444;19803844444;10240;10228
2961;20036974000;19303844444;19803844444;10240;10228
2962;20037037000;19345222222;19845222222;10240;10228
2963;20037069000;19345222222;19845222222;10240;10228
2964;20037076000;19345222222;19845222222;10240;10228
2965;20037105000;19345222222;19845222222;10240;10228
2966;20037112000;19345222222;19845222222;10240;10228
2968;20037117000;19345222222;19845222222;10240;10228
2969;20037122000;19345244444;19845244444;10240;10228
2933;20037126000;19220211111;19720211111;10240;10228
2970;20037148000;19345511111;19845511111;10240;10228
2971;20037152000;19345511111;19845511111;10240;10228
2972;20037162000;19345511111;19845511111;10240;10228
2973;20037228000;19386877777;19886877777;10240;10228
2974;20037234000;19386877777;19886877777;10240;10228
2975;20037238000;19386877777;19886877777;10240;10228
2976;20037246000;19386877777;19886877777;10240;10228
2977;20037254000;19386877777;19886877777;10240;10228
2978;20037313000;19386877777;19886877777;10240;10228
2979;20037319000;19386877777;19886877777;10240;10228
2980;20037323000;19386900000;19886900000;10240;10228
2934;20037328000;19220211111;19720211111;10240;10228
2981;20037347000;19387166666;19887166666;10240;10228
2982;20037353000;19387166666;19887166666;10240;10228
2983;20037421000;19387166666;19887166666;10240;10228
2984;20037426000;19428522222;19928522222;10240;10228
2985;20037432000;19428522222;19928522222;10240;10228
2986;20037435000;19428522222;19928522222;10240;10228
2987;20037444000;19428522222;19928522222;10240;10228
2989;20037482000;19428522222;19928522222;10240;10228
2990;20037492000;19428522222;19928522222;10240;10228
2991;20037496000;19428544444;19928544444;10240;10228
2992;20037533000;19428933333;19928933333;10240;10228
2993;20037539000;19428933333;19928933333;10240;10228
2994;20037548000;19428933333;19928933333;10240;10228
2995;20037584000;19470177777;19970177777;10240;10228
2997;20037635000;19470177777;19970177777;10240;10228
2998;20037643000;19470177777;19970177777;10240;10228
2999;20037651000;19470177777;19970177777;10240;10228
3000;20037693000;19470177777;19970177777;10240;10228
3001;20037701000;19470177777;19970177777;10240;10228
3002;20037726000;19470200000;19970200000;10240;10228
3003;20037767000;19470555555;19970555555;10240;10228
3004;20037777000;19470555555;19970555555;10240;10228
3005;20037783000;19470555555;19970555555;10240;10228
2955;20039607000;19303544444;19803544444;10240;10228
2957;20039635000;19303544444;19803544444;10240;10228
2958;20039793000;19303555555;19803555555;10240;10228
2959;20039819000;19303844444;19803844444;10240;10228
2960;20039998000;19303844444;19803844444;10240;10228
2961;20040217000;19303844444;19803844444;10240;10228
2962;20040258000;19345222222;19845222222;10240;10228
2963;20040438000;19345222222;19845222222;10240;10228
2964;20040474000;19345222222;19845222222;10240;10228
2965;20040636000;19345222222;19845222222;10240;10228
2966;20040664000;19345222222;19845222222;10240;10228
2967;20040815000;19345222222;19845222222;10240;10228
2968;20041019000;19345222222;19845222222;10240;10228
2969;20041067000;19345244444;19845244444;10240;10228
2970;20041255000;19345511111;19845511111;10240;10228
2971;20041286000;19345511111;19845511111;10240;10228
2972;20041448000;19345511111;19845511111;10240;10228
2973;20041469000;19386877777;19886877777;10240;10228
2974;20041654000;19386877777;19886877777;10240;10228
2975;20041693000;19386877777;19886877777;10240;10228
2976;20041827000;19386877777;19886877777;10240;10228
2977;20042065000;19386877777;19886877777;10240;10228
2978;20042104000;19386877777;19886877777;10240;10228
2979;20042286000;19386877777;19886877777;10240;10228
2981;20042321000;19387166666;19887166666;10240;10228
3006;20197216000;19511888888;20011888888;10240;10228
3007;20197236000;19511888888;20011888888;10240;10228
3008;20197241000;19511888888;20011888888;10240;10228
3009;20197246000;19511888888;20011888888;10240;10228
3010;20197254000;19511888888;20011888888;10240;10228
3011;20197322000;19511888888;20011888888;10240;10228
3012;20197332000;19511888888;20011888888;10240;10228
3013;20197337000;19511900000;20011900000;10240;10228
3014;20197341000;19512166666;20012166666;10240;10228
3015;20197345000;19512166666;20012166666;10240;10228
3018;20197436000;19553544444;20053544444;10240;10228
3019;20197446000;19553544444;20053544444;10240;10228
3020;20197451000;19553544444;20053544444;10240;10228
2983;20197455000;19387166666;19887166666;10240;10228
3021;20197477000;19553544444;20053544444;10240;10228
3022;20197481000;19553544444;20053544444;10240;10228
3023;20197486000;19553544444;20053544444;10240;10228
3024;20197492000;19553555555;20053555555;10240;10228
3025;20197568000;19553833333;20053833333;10240;10228
3027;20197590000;19553833333;20053833333;10240;10228
3028;20197595000;19595188888;20095188888;10240;10228
3029;20197600000;19595188888;20095188888;10240;10228
2984;20197613000;19428522222;19928522222;10240;10228
3030;20197639000;19595188888;20095188888;10240;10228
3031;20197659000;19595188888;20095188888;10240;10228
3032;20197674000;19595188888;20095188888;10240;10228
3033;20197687000;19595188888;20095188888;10240;10228
3034;20197693000;19595188888;20095188888;10240;10228
3035;20197697000;19595211111;20095211111;10240;10228
3036;20197798000;19595566666;20095566666;10240;10228
3037;20197808000;19595566666;20095566666;10240;10228
3038;20197873000;19595566666;20095566666;10240;10228
3039;20197883000;19637022222;20137022222;10240;10228
3041;20197889000;19637022222;20137022222;10240;10228
3042;20197898000;19637022222;20137022222;10240;10228
3043;20197904000;19637022222;20137022222;10240;10228
3044;20197914000;19637022222;20137022222;10240;10228
3045;20197973000;19637022222;20137022222;10240;10228
3046;20197984000;19637322222;20137322222;10240;10228
3047;20197989000;19637600000;20137600000;10240;10228
3049;20197994000;19637600000;20137600000;10240;10228
3050;20198000000;19678544444;20178544444;10240;10228
3051;20198036000;19678544444;20178544444;10240;10228
3052;20198040000;19678544444;20178544444;10240;10228
3053;20198060000;19678544444;20178544444;10240;10228
3054;20198087000;19678544444;20178544444;10240;10228
3055;20198095000;19678544444;20178544444;10240;10228
3056;20198103000;19678544444;20178544444;10240;10228
3005;20199858000;19470555555;19970555555;10240;10228
3006;20200039000;19511888888;20011888888;10240;10228
3007;20200275000;19511888888;20011888888;10240;10228
3008;20200311000;19511888888;20011888888;10240;10228
3009;20200504000;19511888888;20011888888;10240;10228
3010;20200540000;19511888888;20011888888;10240;10228
3011;20200712000;19511888888;20011888888;10240;10228
3012;20200748000;19511888888;20011888888;10240;10228
3013;20200920000;19511900000;20011900000;10240;10228
3014;20200948000;19512166666;20012166666;10240;10228
3015;20201143000;19512166666;20012166666;10240;10228
3016;20201324000;19512166666;20012166666;10240;10228
3017;20201360000;19553544444;20053544444;10240;10228
3018;20201530000;19553544444;20053544444;10240;10228
3019;20201566000;19553544444;20053544444;10240;10228
3020;20201732000;19553544444;20053544444;10240;10228
3021;20201768000;19553544444;20053544444;10240;10228
3022;20201912000;19553544444;20053544444;10240;10228
3023;20202152000;19553544444;20053544444;10240;10228
3024;20202173000;19553555555;20053555555;10240;10228
3025;20202182000;19553833333;20053833333;10240;10228
3026;20202322000;19553833333;20053833333;10240;10228
3027;20202547000;19553833333;20053833333;10240;10228
3028;20202566000;19595188888;20095188888;10240;10228
3029;20202744000;19595188888;20095188888;10240;10228
3030;20202764000;19595188888;20095188888;10240;10228
3031;20202918000;19595188888;20095188888;10240;10228
3032;20203170000;19595188888;20095188888;10240;10228
3057;20357492000;19678555555;20178555555;10240;10228
3058;20357505000;19678844444;20178844444;10240;10228
3059;20357514000;19678844444;20178844444;10240;10228
3060;20357520000;19678844444;20178844444;10240;10228
3061;20357523000;19720188888;20220188888;10240;10228
3062;20357528000;19720188888;20220188888;10240;10228
3063;20357535000;19720188888;20220188888;10240;10228
3064;20357543000;19720188888;20220188888;10240;10228
3065;20357560000;19720188888;20220188888;10240;10228
3066;20357568000;19720188888;20220188888;10240;10228
3069;20357631000;19720611111;20220611111;10240;10228
3033;20357714000;19595188888;20095188888;10240;10228
3070;20357743000;19720611111;20220611111;10240;10228
3071;20357749000;19720611111;20220611111;10240;10228
3072;20357760000;19761844444;20261844444;10240;10228
3073;20357765000;19761844444;20261844444;10240;10228
3074;20357779000;19761844444;20261844444;10240;10228
3075;20357783000;19761844444;20261844444;10240;10228
3076;20357813000;19761844444;20261844444;10240;10228
3077;20357822000;19761844444;20261844444;10240;10228
3078;20357827000;19761844444;20261844444;10240;10228
3081;20357840000;19762255555;20262255555;10240;10228
3034;20357876000;19595188888;20095188888;10240;10228
3035;20357884000;19595211111;20095211111;10240;10228
3082;20357904000;19762255555;20262255555;10240;10228
3083;20357915000;19803544444;20303544444;10240;10228
3084;20357921000;19803544444;20303544444;10240;10228
3085;20357951000;19803544444;20303544444;10240;10228
3086;20357961000;19803544444;20303544444;10240;10228
3087;20357971000;19803544444;20303544444;10240;10228
3088;20357998000;19803544444;20303544444;10240;10228
3089;20358061000;19803544444;20303544444;10240;10228
3090;20358070000;19803555555;20303555555;10240;10228
3091;20358085000;19803844444;20303844444;10240;10228
3092;20358098000;19803844444;20303844444;10240;10228
3093;20358106000;19803844444;20303844444;10240;10228
3094;20358121000;19845211111;20345211111;10240;10228
3095;20358150000;19845211111;20345211111;10240;10228
3096;20358159000;19845211111;20345211111;10240;10228
3097;20358164000;19845211111;20345211111;10240;10228
3098;20358175000;19845211111;20345211111;10240;10228
3099;20358197000;19845211111;20345211111;10240;10228
3100;20358206000;19845211111;20345211111;10240;10228
3101;20358247000;19845222222;20345222222;10240;10228
3102;20358266000;19845477777;20345477777;10240;10228
3103;20358315000;19845477777;20345477777;10240;10228
3104;20358326000;19845477777;20345477777;10240;10228
3105;20358334000;19886855555;20386855555;10240;10228
3106;20358358000;19886855555;20386855555;10240;10228
3107;20358436000;19886855555;20386855555;10240;10228
3056;20360340000;19678544444;20178544444;10240;10228
3057;20360535000;19678555555;20178555555;10240;10228
3058;20360557000;19678844444;20178844444;10240;10228
3059;20360754000;19678844444;20178844444;10240;10228
3060;20360945000;19678844444;20178844444;10240;10228
3061;20360964000;19720188888;20220188888;10240;10228
3062;20361175000;19720188888;20220188888;10240;10228
3063;20361195000;19720188888;20220188888;10240;10228
3064;20361370000;19720188888;20220188888;10240;10228
3065;20361574000;19720188888;20220188888;10240;10228
3066;20361593000;19720188888;20220188888;10240;10228
3067;20361763000;19720188888;20220188888;10240;10228
3068;20361779000;19720211111;20220211111;10240;10228
3069;20361967000;19720611111;20220611111;10240;10228
3070;20361986000;19720611111;20220611111;10240;10228
3073;20362202000;19761844444;20261844444;10240;10228
3074;20362221000;19761844444;20261844444;10240;10228
3075;20362411000;19761844444;20261844444;10240;10228
3076;20362430000;19761844444;20261844444;10240;10228
3077;20362610000;19761844444;20261844444;10240;10228
3078;20362815000;19761844444;20261844444;10240;10228
3079;20362841000;19761866666;20261866666;10240;10228
3080;20362993000;19762255555;20262255555;10240;10228
3081;20363022000;19762255555;20262255555;10240;10228
3082;20363212000;19762255555;20262255555;10240;10228
3083;20363231000;19803544444;20303544444;10240;10228
3108;20517770000;19886855555;20386855555;10240;10228
3109;20517784000;19886855555;20386855555;10240;10228
3110;20517798000;19886855555;20386855555;10240;10228
3111;20517805000;19886855555;20386855555;10240;10228
3112;20517808000;19886877777;20386877777;10240;10228
3113;20517829000;19887222222;20387222222;10240;10228
3115;20517840000;19887222222;20387222222;10240;10228
3116;20517857000;19928511111;20428511111;10240;10228
3117;20517861000;19928511111;20428511111;10240;10228
3118;20517890000;19928511111;20428511111;10240;10228
3119;20517895000;19928511111;20428511111;10240;10228
3120;20517899000;19928511111;20428511111;10240;10228
3121;20517927000;19928511111;20428511111;10240;10228
3122;20517932000;19928511111;20428511111;10240;10228
3123;20517936000;19928533333;20428533333;10240;10228
3085;20517947000;19803544444;20303544444;10240;10228
3125;20517974000;19928911111;20428911111;10240;10228
3126;20517983000;19928911111;20428911111;10240;10228
3127;20517992000;19970211111;20470211111;10240;10228
3128;20518049000;19970211111;20470211111;10240;10228
3129;20518070000;19970211111;20470211111;10240;10228
3130;20518155000;19970211111;20470211111;10240;10228
3131;20518165000;19970211111;20470211111;10240;10228
3132;20518182000;19970211111;20470211111;10240;10228
3133;20518195000;19970211111;20470211111;10240;10228
3134;20518201000;19970233333;20470233333;10240;10228
3135;20518209000;19970500000;20470500000;10240;10228
3086;20518216000;19803544444;20303544444;10240;10228
3087;20518224000;19803544444;20303544444;10240;10228
3136;20518233000;19970500000;20470500000;10240;10228
3137;20518240000;19970500000;20470500000;10240;10228
3138;20518248000;20011877777;20511877777;10240;10228
3139;20518255000;20011877777;20511877777;10240;10228
3140;20518267000;20011877777;20511877777;10240;10228
3141;20518347000;20011877777;20511877777;10240;10228
3142;20518357000;20011877777;20511877777;10240;10228
3143;20518376000;20011877777;20511877777;10240;10228
3144;20518384000;20011877777;20511877777;10240;10228
3145;20518391000;20011888888;20511888888;10240;10228
3146;20518419000;20012188888;20512188888;10240;10228
3147;20518428000;20012188888;20512188888;10240;10228
3148;20518436000;20012188888;20512188888;10240;10228
3149;20518445000;20053522222;20553522222;10240;10228
3150;20518478000;20053522222;20553522222;10240;10228
3151;20518540000;20053522222;20553522222;10240;10228
3152;20518548000;20053522222;20553522222;10240;10228
3153;20518556000;20053522222;20553522222;10240;10228
3154;20518564000;20053522222;20553522222;10240;10228
3155;20518598000;20053522222;20553522222;10240;10228
3156;20518606000;20053544444;20553544444;10240;10228
3157;20518611000;20053922222;20553922222;10240;10228
3158;20518623000;20053922222;20553922222;10240;10228
3159;20518715000;20053922222;20553922222;10240;10228
3107;20520410000;19886855555;20386855555;10240;10228
3108;20520649000;19886855555;20386855555;10240;10228
3109;20520684000;19886855555;20386855555;10240;10228
3110;20520853000;19886855555;20386855555;10240;10228
3111;20521026000;19886855555;20386855555;10240;10228
3112;20521067000;19886877777;20386877777;10240;10228
3113;20521247000;19887222222;20387222222;10240;10228
3114;20521255000;19887222222;20387222222;10240;10228
3115;20521452000;19887222222;20387222222;10240;10228
3120;20521471000;19928511111;20428511111;10240;10228
3121;20521653000;19928511111;20428511111;10240;10228
3122;20521673000;19928511111;20428511111;10240;10228
3123;20521850000;19928533333;20428533333;10240;10228
3124;20522039000;19928911111;20428911111;10240;10228
3125;20522065000;19928911111;20428911111;10240;10228
3126;20522289000;19928911111;20428911111;10240;10228
3127;20522295000;19970211111;20470211111;10240;10228
3128;20522481000;19970211111;20470211111;10240;10228
3129;20522486000;19970211111;20470211111;10240;10228
3130;20522687000;19970211111;20470211111;10240;10228
3131;20522693000;19970211111;20470211111;10240;10228
3132;20522856000;19970211111;20470211111;10240;10228
3133;20523081000;19970211111;20470211111;10240;10228
3134;20523096000;19970233333;20470233333;10240;10228
3160;20678052000;20095177777;20595177777;10240;10228
3161;20678074000;20095177777;20595177777;10240;10228
3162;20678079000;20095177777;20595177777;10240;10228
3163;20678083000;20095177777;20595177777;10240;10228
3164;20678097000;20095177777;20595177777;10240;10228
3165;20678117000;20095177777;20595177777;10240;10228
3167;20678123000;20095200000;20595200000;10240;10228
3168;20678234000;20095566666;20595566666;10240;10228
3169;20678256000;20095566666;20595566666;10240;10228
3135;20678260000;19970500000;20470500000;10240;10228
3170;20678281000;20095566666;20595566666;10240;10228
3171;20678363000;20136866666;20636866666;10240;10228
3172;20678374000;20136866666;20636866666;10240;10228
3173;20678379000;20136866666;20636866666;10240;10228
3174;20678383000;20136866666;20636866666;10240;10228
3175;20678387000;20136866666;20636866666;10240;10228
3176;20678418000;20136866666;20636866666;10240;10228
3177;20678435000;20136866666;20636866666;10240;10228
3136;20678439000;19970500000;20470500000;10240;10228
3178;20678466000;20136888888;20636888888;10240;10228
3179;20678472000;20137266666;20637266666;10240;10228
3180;20678500000;20137266666;20637266666;10240;10228
3181;20678505000;20137266666;20637266666;10240;10228
3182;20678523000;20178544444;20678544444;10240;10228
3183;20678528000;20178544444;20678544444;10240;10228
3184;20678532000;20178544444;20678544444;10240;10228
3185;20678568000;20178544444;20678544444;10240;10228
3186;20678575000;20178544444;20678544444;10240;10228
3187;20678620000;20178544444;20678544444;10240;10228
3188;20678628000;20178544444;20678544444;10240;10228
3189;20678645000;20178566666;20678566666;10240;10228
3137;20678650000;19970500000;20470500000;10240;10228
3138;20678677000;20011877777;20511877777;10240;10228
3190;20678686000;20178866666;20678866666;10240;10228
3191;20678705000;20178866666;20678866666;10240;10228
3192;20678719000;20178866666;20678866666;10240;10228
3193;20678727000;20220188888;20720188888;10240;10228
3194;20678736000;20220188888;20720188888;10240;10228
3195;20678743000;20220188888;20720188888;10240;10228
3196;20678775000;20220188888;20720188888;10240;10228
3197;20678780000;20220188888;20720188888;10240;10228
3199;20678857000;20220188888;20720188888;10240;10228
3200;20678867000;20220211111;20720211111;10240;10228
3201;20678883000;20220588888;20720588888;10240;10228
3202;20678891000;20220588888;20720588888;10240;10228
3203;20678901000;20220588888;20720588888;10240;10228
3204;20678909000;20261844444;20761844444;10240;10228
3205;20678933000;20261844444;20761844444;10240;10228
3206;20678942000;20261844444;20761844444;10240;10228
3207;20678950000;20261844444;20761844444;10240;10228
3208;20678959000;20261844444;20761844444;10240;10228
3209;20678981000;20261844444;20761844444;10240;10228
3210;20678991000;20261844444;20761844444;10240;10228
3211;20679031000;20261866666;20761866666;10240;10228
3159;20680884000;20053922222;20553922222;10240;10228
3160;20681067000;20095177777;20595177777;10240;10228
3161;20681286000;20095177777;20595177777;10240;10228
3162;20681303000;20095177777;20595177777;10240;10228
3163;20681506000;20095177777;20595177777;10240;10228
3164;20681524000;20095177777;20595177777;10240;10228
3165;20681695000;20095177777;20595177777;10240;10228
3166;20681924000;20095177777;20595177777;10240;10228
3167;20681954000;20095200000;20595200000;10240;10228
3168;20682132000;20095566666;20595566666;10240;10228
3169;20682143000;20095566666;20595566666;10240;10228
3170;20682345000;20095566666;20595566666;10240;10228
3171;20682364000;20136866666;20636866666;10240;10228
3172;20682534000;20136866666;20636866666;10240;10228
3173;20682544000;20136866666;20636866666;10240;10228
3174;20682745000;20136866666;20636866666;10240;10228
3175;20682932000;20136866666;20636866666;10240;10228
3176;20682965000;20136866666;20636866666;10240;10228
3177;20683159000;20136866666;20636866666;10240;10228
3178;20683180000;20136888888;20636888888;10240;10228
3179;20683368000;20137266666;20637266666;10240;10228
3180;20683405000;20137266666;20637266666;10240;10228
3181;20683571000;20137266666;20637266666;10240;10228
3182;20683590000;20178544444;20678544444;10240;10228
3183;20683772000;20178544444;20678544444;10240;10228
3184;20683946000;20178544444;20678544444;10240;10228
3212;20838311000;20262244444;20762244444;10240;10228
3213;20838323000;20262244444;20762244444;10240;10228
3215;20838328000;20303544444;20803544444;10240;10228
3216;20838334000;20303544444;20803544444;10240;10228
3217;20838356000;20303544444;20803544444;10240;10228
3218;20838361000;20303544444;20803544444;10240;10228
3219;20838365000;20303544444;20803544444;10240;10228
3220;20838422000;20303544444;20803544444;10240;10228
3221;20838435000;20303544444;20803544444;10240;10228
3222;20838526000;20303566666;20803566666;10240;10228
3224;20838538000;20303844444;20803844444;10240;10228
3187;20838545000;20178544444;20678544444;10240;10228
3225;20838549000;20303844444;20803844444;10240;10228
3226;20838554000;20345211111;20845211111;10240;10228
3227;20838558000;20345211111;20845211111;10240;10228
3228;20838622000;20345211111;20845211111;10240;10228
3229;20838631000;20345211111;20845211111;10240;10228
3230;20838652000;20345211111;20845211111;10240;10228
3231;20838658000;20345211111;20845211111;10240;10228
3188;20838731000;20178544444;20678544444;10240;10228
3189;20838742000;20178566666;20678566666;10240;10228
3232;20838747000;20345211111;20845211111;10240;10228
3233;20838753000;20345222222;20845222222;10240;10228
3234;20838758000;20345500000;20845500000;10240;10228
3235;20838762000;20345500000;20845500000;10240;10228
3236;20838771000;20345500000;20845500000;10240;10228
3237;20838780000;20386855555;20886855555;10240;10228
3238;20838811000;20386855555;20886855555;10240;10228
3239;20838820000;20386855555;20886855555;10240;10228
3240;20838878000;20386855555;20886855555;10240;10228
3241;20838886000;20386855555;20886855555;10240;10228
3242;20838894000;20386855555;20886855555;10240;10228
3190;20838903000;20178866666;20678866666;10240;10228
3243;20838918000;20386855555;20886855555;10240;10228
3244;20838926000;20386877777;20886877777;10240;10228
3245;20838970000;20387255555;20887255555;10240;10228
3246;20838978000;20387255555;20887255555;10240;10228
3247;20838987000;20387255555;20887255555;10240;10228
3248;20839019000;20428511111;20928511111;10240;10228
3249;20839029000;20428511111;20928511111;10240;10228
3250;20839037000;20428511111;20928511111;10240;10228
3251;20839079000;20428511111;20928511111;10240;10228
3252;20839097000;20428511111;20928511111;10240;10228
3253;20839106000;20428511111;20928511111;10240;10228
3254;20839140000;20428511111;20928511111;10240;10228
3255;20839148000;20428544444;20928544444;10240;10228
3256;20839178000;20428944444;20928944444;10240;10228
3257;20839186000;20428944444;20928944444;10240;10228
3258;20839195000;20428944444;20928944444;10240;10228
3259;20839227000;20470211111;20970211111;10240;10228
3260;20839236000;20470211111;20970211111;10240;10228
3261;20839287000;20470211111;20970211111;10240;10228
3262;20839301000;20470211111;20970211111;10240;10228
3263;20839305000;20470211111;20970211111;10240;10228
3264;20839446000;20470211111;20970211111;10240;10228
3211;20841351000;20261866666;20761866666;10240;10228
3212;20841371000;20262244444;20762244444;10240;10228
3213;20841590000;20262244444;20762244444;10240;10228
3214;20841788000;20262244444;20762244444;10240;10228
3215;20841806000;20303544444;20803544444;10240;10228
3216;20841965000;20303544444;20803544444;10240;10228
3217;20841984000;20303544444;20803544444;10240;10228
3218;20842204000;20303544444;20803544444;10240;10228
3219;20842224000;20303544444;20803544444;10240;10228
3220;20842408000;20303544444;20803544444;10240;10228
3221;20842616000;20303544444;20803544444;10240;10228
3222;20842633000;20303566666;20803566666;10240;10228
3223;20842814000;20303844444;20803844444;10240;10228
3224;20842822000;20303844444;20803844444;10240;10228
3225;20842989000;20303844444;20803844444;10240;10228
3226;20842997000;20345211111;20845211111;10240;10228
3227;20843229000;20345211111;20845211111;10240;10228
3228;20843256000;20345211111;20845211111;10240;10228
3229;20843433000;20345211111;20845211111;10240;10228
3230;20843632000;20345211111;20845211111;10240;10228
3231;20843651000;20345211111;20845211111;10240;10228
3232;20843809000;20345211111;20845211111;10240;10228
3233;20843826000;20345222222;20845222222;10240;10228
3234;20844013000;20345500000;20845500000;10240;10228
3235;20844234000;20345500000;20845500000;10240;10228
3236;20844254000;20345500000;20845500000;10240;10228
3237;20844455000;20386855555;20886855555;10240;10228
3265;20998625000;20470211111;20970211111;10240;10228
3266;20998636000;20470233333;20970233333;10240;10228
3267;20998642000;20470500000;20970500000;10240;10228
3268;20998647000;20470500000;20970500000;10240;10228
3269;20998651000;20470500000;20970500000;10240;10228
3270;20998672000;20511877777;21011877777;10240;10228
3271;20998677000;20511877777;21011877777;10240;10228
3272;20998682000;20511877777;21011877777;10240;10228
3273;20998685000;20511877777;21011877777;10240;10228
3274;20998690000;20511877777;21011877777;10240;10228
3275;20998782000;20511877777;21011877777;10240;10228
3276;20998796000;20511877777;21011877777;10240;10228
3277;20998816000;20511888888;21011888888;10240;10228
3278;20998821000;20512166666;21012166666;10240;10228
3279;20998825000;20512166666;21012166666;10240;10228
3280;20998829000;20512166666;21012166666;10240;10228
3238;20998834000;20386855555;20886855555;10240;10228
3281;20998838000;20553522222;21053522222;10240;10228
3282;20998846000;20553522222;21053522222;10240;10228
3283;20998854000;20553522222;21053522222;10240;10228
3284;20998874000;20553522222;21053522222;10240;10228
3285;20998969000;20553522222;21053522222;10240;10228
3286;20998981000;20553522222;21053522222;10240;10228
3287;20998986000;20553522222;21053522222;10240;10228
3239;20998995000;20386855555;20886855555;10240;10228
3288;20999015000;20553544444;21053544444;10240;10228
3289;20999021000;20553933333;21053933333;10240;10228
3290;20999029000;20553933333;21053933333;10240;10228
3291;20999079000;20553933333;21053933333;10240;10228
3292;20999120000;20595177777;21095177777;10240;10228
3294;20999127000;20595177777;21095177777;10240;10228
3295;20999146000;20595177777;21095177777;10240;10228
3298;20999227000;20595177777;21095177777;10240;10228
3299;20999238000;20595200000;21095200000;10240;10228
3300;20999273000;20595566666;21095566666;10240;10228
3301;20999325000;20595566666;21095566666;10240;10228
3302;20999333000;20595566666;21095566666;10240;10228
3303;20999341000;20636900000;21136900000;10240;10228
3304;20999348000;20636900000;21136900000;10240;10228
3305;20999384000;20636900000;21136900000;10240;10228
3308;20999393000;20636900000;21136900000;10240;10228
3310;20999449000;20636922222;21136922222;10240;10228
3311;20999458000;20637188888;21137188888;10240;10228
3312;20999501000;20637188888;21137188888;10240;10228
3313;20999511000;20637188888;21137188888;10240;10228
3314;20999518000;20678511111;21178511111;10240;10228
3315;20999527000;20678511111;21178511111;10240;10228
3316;20999549000;20678511111;21178511111;10240;10228
3317;20999621000;20678511111;21178511111;10240;10228
3264;21001846000;20470211111;20970211111;10240;10228
3265;21001868000;20470211111;20970211111;10240;10228
3266;21002049000;20470233333;20970233333;10240;10228
3267;21002070000;20470500000;20970500000;10240;10228
3268;21002281000;20470500000;20970500000;10240;10228
3269;21002300000;20470500000;20970500000;10240;10228
3270;21002461000;20511877777;21011877777;10240;10228
3271;21002706000;20511877777;21011877777;10240;10228
3272;21002742000;20511877777;21011877777;10240;10228
3273;21002893000;20511877777;21011877777;10240;10228
3274;21002934000;20511877777;21011877777;10240;10228
3275;21003128000;20511877777;21011877777;10240;10228
3276;21003164000;20511877777;21011877777;10240;10228
3277;21003294000;20511888888;21011888888;10240;10228
3278;21003315000;20512166666;21012166666;10240;10228
3279;21003497000;20512166666;21012166666;10240;10228
3280;21003721000;20512166666;21012166666;10240;10228
3281;21003744000;20553522222;21053522222;10240;10228
3283;21003941000;20553522222;21053522222;10240;10228
3284;21003961000;20553522222;21053522222;10240;10228
3285;21004131000;20553522222;21053522222;10240;10228
3286;21004151000;20553522222;21053522222;10240;10228
3287;21004335000;20553522222;21053522222;10240;10228
3288;21004358000;20553544444;21053544444;10240;10228
3289;21004539000;20553933333;21053933333;10240;10228
3290;21004738000;20553933333;21053933333;10240;10228
3318;21158957000;20678511111;21178511111;10240;10228
3319;21158969000;20678511111;21178511111;10240;10228
3320;21158974000;20678511111;21178511111;10240;10228
3321;21158980000;20678533333;21178533333;10240;10228
3324;21158985000;20678877777;21178877777;10240;10228
3325;21159076000;20720177777;21220177777;10240;10228
3326;21159098000;20720177777;21220177777;10240;10228
3327;21159104000;20720177777;21220177777;10240;10228
3328;21159124000;20720177777;21220177777;10240;10228
3329;21159150000;20720177777;21220177777;10240;10228
3330;21159167000;20720177777;21220177777;10240;10228
3331;21159171000;20720177777;21220177777;10240;10228
3291;21159218000;20553933333;21053933333;10240;10228
3332;21159237000;20720188888;21220188888;10240;10228
3333;21159243000;20720466666;21220466666;10240;10228
3334;21159247000;20720466666;21220466666;10240;10228
3335;21159255000;20720466666;21220466666;10240;10228
3336;21159259000;20761900000;21261900000;10240;10228
3337;21159321000;20761900000;21261900000;10240;10228
3338;21159337000;20761900000;21261900000;10240;10228
3339;21159341000;20761900000;21261900000;10240;10228
3340;21159359000;20761900000;21261900000;10240;10228
3341;21159373000;20761900000;21261900000;10240;10228
3342;21159378000;20761900000;21261900000;10240;10228
3292;21159381000;20595177777;21095177777;10240;10228
3293;21159402000;20595177777;21095177777;10240;10228
3344;21159417000;20762288888;21262288888;10240;10228
3346;21159469000;20762288888;21262288888;10240;10228
3347;21159477000;20803544444;21303544444;10240;10228
3348;21159485000;20803544444;21303544444;10240;10228
3349;21159530000;20803544444;21303544444;10240;10228
3350;21159538000;20803544444;21303544444;10240;10228
3351;21159548000;20803544444;21303544444;10240;10228
3352;21159569000;20803544444;21303544444;10240;10228
3353;21159584000;20803544444;21303544444;10240;10228
3354;21159591000;20803555555;21303555555;10240;10228
3355;21159600000;20803844444;21303844444;10240;10228
3356;21159618000;20803844444;21303844444;10240;10228
3357;21159669000;20803844444;21303844444;10240;10228
3358;21159677000;20845200000;21345200000;10240;10228
3359;21159685000;20845200000;21345200000;10240;10228
3360;21159692000;20845200000;21345200000;10240;10228
3361;21159719000;20845200000;21345200000;10240;10228
3362;21159737000;20845200000;21345200000;10240;10228
3363;21159745000;20845200000;21345200000;10240;10228
3364;21159754000;20845200000;21345200000;10240;10228
3365;21159769000;20845222222;21345222222;10240;10228
3367;21159796000;20845588888;21345588888;10240;10228
3368;21159803000;20845588888;21345588888;10240;10228
3369;21159812000;20886866666;21386866666;10240;10228
3370;21159830000;20886866666;21386866666;10240;10228
3311;21161398000;20637188888;21137188888;10240;10228
3312;21161594000;20637188888;21137188888;10240;10228
3313;21161612000;20637188888;21137188888;10240;10228
3314;21161821000;20678511111;21178511111;10240;10228
3316;21161850000;20678511111;21178511111;10240;10228
3317;21162013000;20678511111;21178511111;10240;10228
3318;21162239000;20678511111;21178511111;10240;10228
3319;21162268000;20678511111;21178511111;10240;10228
3320;21162438000;20678511111;21178511111;10240;10228
3321;21162478000;20678533333;21178533333;10240;10228
3322;21162653000;20678877777;21178877777;10240;10228
3323;21162689000;20678877777;21178877777;10240;10228
3326;21162858000;20720177777;21220177777;10240;10228
3327;21162886000;20720177777;21220177777;10240;10228
3328;21163032000;20720177777;21220177777;10240;10228
3329;21163274000;20720177777;21220177777;10240;10228
3330;21163309000;20720177777;21220177777;10240;10228
3331;21163478000;20720177777;21220177777;10240;10228
3332;21163520000;20720188888;21220188888;10240;10228
3333;21163666000;20720466666;21220466666;10240;10228
3334;21163685000;20720466666;21220466666;10240;10228
3335;21163878000;20720466666;21220466666;10240;10228
3336;21163896000;20761900000;21261900000;10240;10228
3337;21164049000;20761900000;21261900000;10240;10228
3371;21319238000;20886866666;21386866666;10240;10228
3372;21319249000;20886866666;21386866666;10240;10228
3373;21319254000;20886866666;21386866666;10240;10228
3374;21319289000;20886866666;21386866666;10240;10228
3375;21319404000;20886866666;21386866666;10240;10228
3376;21319416000;20886877777;21386877777;10240;10228
3377;21319433000;20887166666;21387166666;10240;10228
3338;21319443000;20761900000;21261900000;10240;10228
3380;21319463000;20928544444;21428544444;10240;10228
3381;21319477000;20928544444;21428544444;10240;10228
3382;21319482000;20928544444;21428544444;10240;10228
3383;21319512000;20928544444;21428544444;10240;10228
3384;21319519000;20928544444;21428544444;10240;10228
3385;21319537000;20928544444;21428544444;10240;10228
3386;21319542000;20928544444;21428544444;10240;10228
3387;21319546000;20928566666;21428566666;10240;10228
3388;21319636000;20928866666;21428866666;10240;10228
3389;21319647000;20928866666;21428866666;10240;10228
3390;21319653000;20928866666;21428866666;10240;10228
3339;21319657000;20761900000;21261900000;10240;10228
3391;21319677000;20970211111;21470211111;10240;10228
3392;21319682000;20970211111;21470211111;10240;10228
3393;21319687000;20970211111;21470211111;10240;10228
3394;21319697000;20970211111;21470211111;10240;10228
3395;21319702000;20970211111;21470211111;10240;10228
3396;21319730000;20970211111;21470211111;10240;10228
3397;21319736000;20970211111;21470211111;10240;10228
3398;21319749000;20970222222;21470222222;10240;10228
3399;21319759000;20970511111;21470511111;10240;10228
3400;21319766000;20970511111;21470511111;10240;10228
3401;21319808000;20970511111;21470511111;10240;10228
3402;21319851000;21011855555;21511855555;10240;10228
3403;21319860000;21011855555;21511855555;10240;10228
3404;21319868000;21011855555;21511855555;10240;10228
3405;21319876000;21011855555;21511855555;10240;10228
3406;21319884000;21011855555;21511855555;10240;10228
3407;21319898000;21011855555;21511855555;10240;10228
3408;21319949000;21011855555;21511855555;10240;10228
3409;21319956000;21011877777;21511877777;10240;10228
3410;21320010000;21012255555;21512255555;10240;10228
3411;21320018000;21012255555;21512255555;10240;10228
3412;21320036000;21012255555;21512255555;10240;10228
3413;21320068000;21053511111;21553511111;10240;10228
3414;21320102000;21053511111;21553511111;10240;10228
3415;21320110000;21053511111;21553511111;10240;10228
3416;21320118000;21053511111;21553511111;10240;10228
3417;21320124000;21053511111;21553511111;10240;10228
3418;21320132000;21053511111;21553511111;10240;10228
3419;21320141000;21053511111;21553511111;10240;10228
3366;21320149000;20845588888;21345588888;10240;10228
3355;21321273000;20803844444;21303844444;10240;10228
3356;21321456000;20803844444;21303844444;10240;10228
3357;21321660000;20803844444;21303844444;10240;10228
3358;21321678000;20845200000;21345200000;10240;10228
3359;21321878000;20845200000;21345200000;10240;10228
3360;21321898000;20845200000;21345200000;10240;10228
3361;21322088000;20845200000;21345200000;10240;10228
3362;21322284000;20845200000;21345200000;10240;10228
3363;21322312000;20845200000;21345200000;10240;10228
3364;21322483000;20845200000;21345200000;10240;10228
3365;21322500000;20845222222;21345222222;10240;10228
3366;21322710000;20845588888;21345588888;10240;10228
3367;21322746000;20845588888;21345588888;10240;10228
3368;21322925000;20845588888;21345588888;10240;10228
3369;21322950000;20886866666;21386866666;10240;10228
3371;21323155000;20886866666;21386866666;10240;10228
3372;21323178000;20886866666;21386866666;10240;10228
3373;21323332000;20886866666;21386866666;10240;10228
3374;21323528000;20886866666;21386866666;10240;10228
3375;21323567000;20886866666;21386866666;10240;10228
3376;21323743000;20886877777;21386877777;10240;10228
3377;21323769000;20887166666;21387166666;10240;10228
3378;21323923000;20887166666;21387166666;10240;10228
3379;21323947000;20887166666;21387166666;10240;10228
3380;21324167000;20928544444;21428544444;10240;10228
3381;21324201000;20928544444;21428544444;10240;10228
3382;21324374000;20928544444;21428544444;10240;10228
3383;21479726000;20928544444;21428544444;10240;10228
3420;21479893000;21053533333;21553533333;10240;10228
3421;21479959000;21053922222;21553922222;10240;10228
3422;21479971000;21053922222;21553922222;10240;10228
3426;21479996000;21095211111;21595211111;10240;10228
3427;21480014000;21095211111;21595211111;10240;10228
3428;21480111000;21095211111;21595211111;10240;10228
3429;21480123000;21095211111;21595211111;10240;10228
3430;21480129000;21095211111;21595211111;10240;10228
3431;21480132000;21095233333;21595233333;10240;10228
3432;21480137000;21095511111;21595511111;10240;10228
3433;21480150000;21095511111;21595511111;10240;10228
3434;21480171000;21095511111;21595511111;10240;10228
3435;21480176000;21136877777;21636877777;10240;10228
3436;21480181000;21136877777;21636877777;10240;10228
3439;21480238000;21136877777;21636877777;10240;10228
3440;21480250000;21136877777;21636877777;10240;10228
3441;21480310000;21136877777;21636877777;10240;10228
3442;21480322000;21136900000;21636900000;10240;10228
3445;21480346000;21137166666;21637166666;10240;10228
3447;21480356000;21178522222;21678522222;10240;10228
3399;21481330000;20970511111;21470511111;10240;10228
3400;21481352000;20970511111;21470511111;10240;10228
3401;21481534000;20970511111;21470511111;10240;10228
3402;21481542000;21011855555;21511855555;10240;10228
3403;21481737000;21011855555;21511855555;10240;10228
3404;21481966000;21011855555;21511855555;10240;10228
3405;21481995000;21011855555;21511855555;10240;10228
3406;21482171000;21011855555;21511855555;10240;10228
3407;21482207000;21011855555;21511855555;10240;10228
3408;21482376000;21011855555;21511855555;10240;10228
3410;21482413000;21012255555;21512255555;10240;10228
3411;21482592000;21012255555;21512255555;10240;10228
3412;21482787000;21012255555;21512255555;10240;10228
3414;21482807000;21053511111;21553511111;10240;10228
3415;21482976000;21053511111;21553511111;10240;10228
3416;21482989000;21053511111;21553511111;10240;10228
3417;21483205000;21053511111;21553511111;10240;10228
3418;21483403000;21053511111;21553511111;10240;10228
3419;21483423000;21053511111;21553511111;10240;10228
3420;21483606000;21053533333;21553533333;10240;10228
3421;21483625000;21053922222;21553922222;10240;10228
3423;21483809000;21053922222;21553922222;10240;10228
3424;21483836000;21095211111;21595211111;10240;10228
3425;21483999000;21095211111;21595211111;10240;10228
3426;21484028000;21095211111;21595211111;10240;10228
3448;21640125000;21178522222;21678522222;10240;10228
3449;21640251000;21178522222;21678522222;10240;10228
3450;21640261000;21178522222;21678522222;10240;10228
3451;21640266000;21178522222;21678522222;10240;10228
3452;21640271000;21178522222;21678522222;10240;10228
3453;21640285000;21178544444;21678544444;10240;10228
3454;21640293000;21178944444;21678944444;10240;10228
3455;21640304000;21178944444;21678944444;10240;10228
3427;21640309000;21095211111;21595211111;10240;10228
3456;21640319000;21178944444;21678944444;10240;10228
3457;21640324000;21220177777;21720177777;10240;10228
3458;21640342000;21220177777;21720177777;10240;10228
3459;21640349000;21220177777;21720177777;10240;10228
3460;21640353000;21220177777;21720177777;10240;10228
3461;21640357000;21220177777;21720177777;10240;10228
3462;21640364000;21220177777;21720177777;10240;10228
3463;21640453000;21220177777;21720177777;10240;10228
3464;21640463000;21220200000;21720200000;10240;10228
3465;21640469000;21220555555;21720555555;10240;10228
3466;21640473000;21220555555;21720555555;10240;10228
3467;21640544000;21220555555;21720555555;10240;10228
3468;21640553000;21261877777;21761877777;10240;10228
3469;21640559000;21261877777;21761877777;10240;10228
3470;21640564000;21261877777;21761877777;10240;10228
3471;21640567000;21261877777;21761877777;10240;10228
3472;21640762000;21261877777;21761877777;10240;10228
3443;21642169000;21137166666;21637166666;10240;10228
3444;21642210000;21137166666;21637166666;10240;10228
3445;21642342000;21137166666;21637166666;10240;10228
3446;21642365000;21178522222;21678522222;10240;10228
3447;21642516000;21178522222;21678522222;10240;10228
3448;21642722000;21178522222;21678522222;10240;10228
3449;21642741000;21178522222;21678522222;10240;10228
3450;21642911000;21178522222;21678522222;10240;10228
3451;21643165000;21178522222;21678522222;10240;10228
3452;21643184000;21178522222;21678522222;10240;10228
3453;21643188000;21178544444;21678544444;10240;10228
3454;21643367000;21178944444;21678944444;10240;10228
3455;21643574000;21178944444;21678944444;10240;10228
3456;21643580000;21178944444;21678944444;10240;10228
3457;21643757000;21220177777;21720177777;10240;10228
3458;21643763000;21220177777;21720177777;10240;10228
3459;21643933000;21220177777;21720177777;10240;10228
3460;21644187000;21220177777;21720177777;10240;10228
3461;21644193000;21220177777;21720177777;10240;10228
3462;21644392000;21220177777;21720177777;10240;10228
3463;21644398000;21220177777;21720177777;10240;10228
3465;21644593000;21220555555;21720555555;10240;10228
3466;21644598000;21220555555;21720555555;10240;10228
3467;21644795000;21220555555;21720555555;10240;10228
3468;21644958000;21261877777;21761877777;10240;10228
3469;21644966000;21261877777;21761877777;10240;10228
3470;21645210000;21261877777;21761877777;10240;10228
3473;21800408000;21261877777;21761877777;10240;10228
3474;21800417000;21261877777;21761877777;10240;10228
3475;21800424000;21261900000;21761900000;10240;10228
3476;21800430000;21262188888;21762188888;10240;10228
3477;21800434000;21262188888;21762188888;10240;10228
3478;21800438000;21262188888;21762188888;10240;10228
3479;21800444000;21303544444;21803544444;10240;10228
3480;21800508000;21303544444;21803544444;10240;10228
3481;21800519000;21303544444;21803544444;10240;10228
3482;21800528000;21303544444;21803544444;10240;10228
3483;21800618000;21303544444;21803544444;10240;10228
3484;21800629000;21303544444;21803544444;10240;10228
3471;21800633000;21261877777;21761877777;10240;10228
3486;21800639000;21303555555;21803555555;10240;10228
3487;21800646000;21303855555;21803855555;10240;10228
3488;21800711000;21303855555;21803855555;10240;10228
3489;21800741000;21303855555;21803855555;10240;10228
3490;21800747000;21345188888;21845188888;10240;10228
3491;21800836000;21345188888;21845188888;10240;10228
3492;21800852000;21345188888;21845188888;10240;10228
3493;21800857000;21345188888;21845188888;10240;10228
3472;21800861000;21261877777;21761877777;10240;10228
3473;21800866000;21261877777;21761877777;10240;10228
3496;21800869000;21345188888;21845188888;10240;10228
3498;21800941000;21345600000;21845600000;10240;10228
3499;21800952000;21345600000;21845600000;10240;10228
3474;21801002000;21261877777;21761877777;10240;10228
3500;21801103000;21345600000;21845600000;10240;10228
3475;21801204000;21261900000;21761900000;10240;10228
3476;21801230000;21262188888;21762188888;10240;10228
3477;21801408000;21262188888;21762188888;10240;10228
3478;21801440000;21262188888;21762188888;10240;10228
3479;21801627000;21303544444;21803544444;10240;10228
3480;21801648000;21303544444;21803544444;10240;10228
3481;21801830000;21303544444;21803544444;10240;10228
3482;21802021000;21303544444;21803544444;10240;10228
3483;21802032000;21303544444;21803544444;10240;10228
3484;21802266000;21303544444;21803544444;10240;10228
3485;21802284000;21303544444;21803544444;10240;10228
3486;21802461000;21303555555;21803555555;10240;10228
3487;21802480000;21303855555;21803855555;10240;10228
3488;21802671000;21303855555;21803855555;10240;10228
3489;21802689000;21303855555;21803855555;10240;10228
3490;21802875000;21345188888;21845188888;10240;10228
3492;21803063000;21345188888;21845188888;10240;10228
3493;21803085000;21345188888;21845188888;10240;10228
3494;21803285000;21345188888;21845188888;10240;10228
3495;21803321000;21345188888;21845188888;10240;10228
3496;21803488000;21345188888;21845188888;10240;10228
3497;21803508000;21345211111;21845211111;10240;10228
3498;21803703000;21345600000;21845600000;10240;10228
3499;21803896000;21345600000;21845600000;10240;10228
3501;21960690000;21386844444;21886844444;10240;10228
3502;21960712000;21386844444;21886844444;10240;10228
3503;21960718000;21386844444;21886844444;10240;10228
3504;21960723000;21386844444;21886844444;10240;10228
3505;21960730000;21386844444;21886844444;10240;10228
3506;21960739000;21386844444;21886844444;10240;10228
3507;21960769000;21386844444;21886844444;10240;10228
3509;21960776000;21387244444;21887244444;10240;10228
3510;21960782000;21387244444;21887244444;10240;10228
3511;21960794000;21387244444;21887244444;10240;10228
3512;21960813000;21428544444;21928544444;10240;10228
3513;21960819000;21428544444;21928544444;10240;10228
3514;21960824000;21428544444;21928544444;10240;10228
3515;21960829000;21428544444;21928544444;10240;10228
3500;21960888000;21345600000;21845600000;10240;10228
3516;21960900000;21428544444;21928544444;10240;10228
3517;21960905000;21428544444;21928544444;10240;10228
3518;21960911000;21428544444;21928544444;10240;10228
3519;21960978000;21428566666;21928566666;10240;10228
3520;21960990000;21428855555;21928855555;10240;10228
3521;21961011000;21428855555;21928855555;10240;10228
3522;21961017000;21428855555;21928855555;10240;10228
3523;21961022000;21470211111;21970211111;10240;10228
3501;21961056000;21386844444;21886844444;10240;10228
3524;21961067000;21470211111;21970211111;10240;10228
3525;21961106000;21470211111;21970211111;10240;10228
3526;21961118000;21470211111;21970211111;10240;10228
3527;21961122000;21470211111;21970211111;10240;10228
3502;21961279000;21386844444;21886844444;10240;10228
3503;21961306000;21386844444;21886844444;10240;10228
3528;21961315000;21470211111;21970211111;10240;10228
3504;21961482000;21386844444;21886844444;10240;10228
3505;21961509000;21386844444;21886844444;10240;10228
3506;21961677000;21386844444;21886844444;10240;10228
3507;21961696000;21386844444;21886844444;10240;10228
3508;21961898000;21386877777;21886877777;10240;10228
3509;21961918000;21387244444;21887244444;10240;10228
3510;21962115000;21387244444;21887244444;10240;10228
3511;21962334000;21387244444;21887244444;10240;10228
3512;21962343000;21428544444;21928544444;10240;10228
3513;21962496000;21428544444;21928544444;10240;10228
3514;21962505000;21428544444;21928544444;10240;10228
3515;21962700000;21428544444;21928544444;10240;10228
3516;21962906000;21428544444;21928544444;10240;10228
3519;21962913000;21428566666;21928566666;10240;10228
3520;21963120000;21428855555;21928855555;10240;10228
3521;21963198000;21428855555;21928855555;10240;10228
3522;21963349000;21428855555;21928855555;10240;10228
3523;21963356000;21470211111;21970211111;10240;10228
3524;21963553000;21470211111;21970211111;10240;10228
3525;21963559000;21470211111;21970211111;10240;10228
3526;21963750000;21470211111;21970211111;10240;10228
3527;21963928000;21470211111;21970211111;10240;10228
3529;22120944000;21470211111;21970211111;10240;10228
3533;22120955000;21470500000;21970500000;10240;10228
3534;22120964000;21511855555;22011855555;10240;10228
3535;22121038000;21511855555;22011855555;10240;10228
3536;22121054000;21511855555;22011855555;10240;10228
3537;22121059000;21511855555;22011855555;10240;10228
3538;22121064000;21511855555;22011855555;10240;10228
3539;22121072000;21511855555;22011855555;10240;10228
3540;22121078000;21511855555;22011855555;10240;10228
3541;22121086000;21511877777;22011877777;10240;10228
3542;22121107000;21512244444;22012244444;10240;10228
3543;22121112000;21512244444;22012244444;10240;10228
3528;22121126000;21470211111;21970211111;10240;10228
3544;22121141000;21512244444;22012244444;10240;10228
3545;22121147000;21553511111;22053511111;10240;10228
3546;22121157000;21553511111;22053511111;10240;10228
3547;22121231000;21553511111;22053511111;10240;10228
3548;22121242000;21553511111;22053511111;10240;10228
3549;22121246000;21553511111;22053511111;10240;10228
3550;22121250000;21553511111;22053511111;10240;10228
3551;22121254000;21553511111;22053511111;10240;10228
3552;22121257000;21553533333;22053533333;10240;10228
3530;22121354000;21470222222;21970222222;10240;10228
3532;22121391000;21470500000;21970500000;10240;10228
3553;22121410000;21553911111;22053911111;10240;10228
3554;22121415000;21553911111;22053911111;10240;10228
3555;22121419000;21553911111;22053911111;10240;10228
3533;22121564000;21470500000;21970500000;10240;10228
3556;22121731000;21595211111;22095211111;10240;10228
3534;22121745000;21511855555;22011855555;10240;10228
3535;22121769000;21511855555;22011855555;10240;10228
3536;22121965000;21511855555;22011855555;10240;10228
3537;22121980000;21511855555;22011855555;10240;10228
3538;22122194000;21511855555;22011855555;10240;10228
3540;22122215000;21511855555;22011855555;10240;10228
3541;22122390000;21511877777;22011877777;10240;10228
3542;22122411000;21512244444;22012244444;10240;10228
3543;22122602000;21512244444;22012244444;10240;10228
3544;22122794000;21512244444;22012244444;10240;10228
3545;22122804000;21553511111;22053511111;10240;10228
3546;22122970000;21553511111;22053511111;10240;10228
3547;22122980000;21553511111;22053511111;10240;10228
3548;22123208000;21553511111;22053511111;10240;10228
3549;22123218000;21553511111;22053511111;10240;10228
3550;22123386000;21553511111;22053511111;10240;10228
3552;22123616000;21553533333;22053533333;10240;10228
3553;22123636000;21553911111;22053911111;10240;10228
3554;22123818000;21553911111;22053911111;10240;10228
3555;22123827000;21553911111;22053911111;10240;10228
3557;22281215000;21595211111;22095211111;10240;10228
3558;22281236000;21595211111;22095211111;10240;10228
3559;22281242000;21595211111;22095211111;10240;10228
3560;22281251000;21595211111;22095211111;10240;10228
3561;22281258000;21595211111;22095211111;10240;10228
3562;22281265000;21595211111;22095211111;10240;10228
3563;22281271000;21595233333;22095233333;10240;10228
3564;22281343000;21595511111;22095511111;10240;10228
3565;22281353000;21595511111;22095511111;10240;10228
3566;22281358000;21595511111;22095511111;10240;10228
3567;22281425000;21636877777;22136877777;10240;10228
3568;22281436000;21636877777;22136877777;10240;10228
3556;22281440000;21595211111;22095211111;10240;10228
3569;22281446000;21636877777;22136877777;10240;10228
3570;22281450000;21636877777;22136877777;10240;10228
3571;22281454000;21636877777;22136877777;10240;10228
3572;22281458000;21636877777;22136877777;10240;10228
3573;22281524000;21636877777;22136877777;10240;10228
3574;22281533000;21636888888;22136888888;10240;10228
3575;22281539000;21637166666;22137166666;10240;10228
3576;22281542000;21637166666;22137166666;10240;10228
3577;22281547000;21637166666;22137166666;10240;10228
3578;22281551000;21678522222;22178522222;10240;10228
3579;22281554000;21678522222;22178522222;10240;10228
3580;22281560000;21678522222;22178522222;10240;10228
3581;22281583000;21678522222;22178522222;10240;10228
3582;22281593000;21678522222;22178522222;10240;10228
3583;22281607000;21678522222;22178522222;10240;10228
3557;22281617000;21595211111;22095211111;10240;10228
3584;22281673000;21678522222;22178522222;10240;10228
3558;22281834000;21595211111;22095211111;10240;10228
3559;22281843000;21595211111;22095211111;10240;10228
3585;22281944000;21678544444;22178544444;10240;10228
3560;22282003000;21595211111;22095211111;10240;10228
3561;22282011000;21595211111;22095211111;10240;10228
3562;22282215000;21595211111;22095211111;10240;10228
3563;22282229000;21595233333;22095233333;10240;10228
3564;22282446000;21595511111;22095511111;10240;10228
3565;22282466000;21595511111;22095511111;10240;10228
3566;22282650000;21595511111;22095511111;10240;10228
3567;22282843000;21636877777;22136877777;10240;10228
3568;22282856000;21636877777;22136877777;10240;10228
3571;22283032000;21636877777;22136877777;10240;10228
3572;22283052000;21636877777;22136877777;10240;10228
3573;22283272000;21636877777;22136877777;10240;10228
3574;22283293000;21636888888;22136888888;10240;10228
3576;22283479000;21637166666;22137166666;10240;10228
3577;22283499000;21637166666;22137166666;10240;10228
3578;22283691000;21678522222;22178522222;10240;10228
3579;22283886000;21678522222;22178522222;10240;10228
3580;22283897000;21678522222;22178522222;10240;10228
3581;22284067000;21678522222;22178522222;10240;10228
3582;22284272000;21678522222;22178522222;10240;10228
3583;22284280000;21678522222;22178522222;10240;10228
3586;22441488000;21678944444;22178944444;10240;10228
3587;22441510000;21678944444;22178944444;10240;10228
3589;22441517000;21720211111;22220211111;10240;10228
3590;22441536000;21720211111;22220211111;10240;10228
3591;22441572000;21720211111;22220211111;10240;10228
3592;22441586000;21720211111;22220211111;10240;10228
3593;22441605000;21720211111;22220211111;10240;10228
3594;22441615000;21720211111;22220211111;10240;10228
3595;22441621000;21720211111;22220211111;10240;10228
3596;22441624000;21720422222;22220422222;10240;10228
3597;22441629000;21720977777;22220977777;10240;10228
3598;22441648000;21720977777;22220977777;10240;10228
3599;22441652000;21720977777;22220977777;10240;10228
3600;22441658000;21761844444;22261844444;10240;10228
3601;22441666000;21761844444;22261844444;10240;10228
3602;22441685000;21761844444;22261844444;10240;10228
3584;22441692000;21678522222;22178522222;10240;10228
3603;22441754000;21761844444;22261844444;10240;10228
3604;22441764000;21761844444;22261844444;10240;10228
3605;22441777000;21761844444;22261844444;10240;10228
3606;22441784000;21761844444;22261844444;10240;10228
3607;22441788000;21761866666;22261866666;10240;10228
3608;22441864000;21762166666;22262166666;10240;10228
3609;22441874000;21762166666;22262166666;10240;10228
3610;22441879000;21762166666;22262166666;10240;10228
3611;22441897000;21803522222;22303522222;10240;10228
3612;22441902000;21803522222;22303522222;10240;10228
3613;22441909000;21803522222;22303522222;10240;10228
3585;22441924000;21678544444;22178544444;10240;10228
3586;22441929000;21678944444;22178944444;10240;10228
3587;22442082000;21678944444;22178944444;10240;10228
3614;22442126000;21803522222;22303522222;10240;10228
3588;22442286000;21678944444;22178944444;10240;10228
3589;22442303000;21720211111;22220211111;10240;10228
3590;22442491000;21720211111;22220211111;10240;10228
3591;22442561000;21720211111;22220211111;10240;10228
3592;22442710000;21720211111;22220211111;10240;10228
3593;22442747000;21720211111;22220211111;10240;10228
3594;22442914000;21720211111;22220211111;10240;10228
3595;22443146000;21720211111;22220211111;10240;10228
3596;22443156000;21720422222;22220422222;10240;10228
3597;22443325000;21720977777;22220977777;10240;10228
3598;22443346000;21720977777;22220977777;10240;10228
3599;22443528000;21720977777;22220977777;10240;10228
3601;22443549000;21761844444;22261844444;10240;10228
3602;22443733000;21761844444;22261844444;10240;10228
3603;22443925000;21761844444;22261844444;10240;10228
3604;22443934000;21761844444;22261844444;10240;10228
3606;22444172000;21761844444;22261844444;10240;10228
3607;22444191000;21761866666;22261866666;10240;10228
3608;22444370000;21762166666;22262166666;10240;10228
3609;22444389000;21762166666;22262166666;10240;10228
3611;22444583000;21803522222;22303522222;10240;10228
3612;22444593000;21803522222;22303522222;10240;10228
3616;22601767000;21803522222;22303522222;10240;10228
3617;22601791000;21803522222;22303522222;10240;10228
3618;22601802000;21803544444;22303544444;10240;10228
3619;22601807000;21803933333;22303933333;10240;10228
3620;22601820000;21803933333;22303933333;10240;10228
3621;22601825000;21803933333;22303933333;10240;10228
3623;22601828000;21845177777;22345177777;10240;10228
3624;22601841000;21845177777;22345177777;10240;10228
3625;22601845000;21845177777;22345177777;10240;10228
3626;22601924000;21845177777;22345177777;10240;10228
3627;22601934000;21845177777;22345177777;10240;10228
3628;22601939000;21845177777;22345177777;10240;10228
3629;22601957000;21845200000;22345200000;10240;10228
3630;22601962000;21845555555;22345555555;10240;10228
3631;22601966000;21845555555;22345555555;10240;10228
3632;22601970000;21845555555;22345555555;10240;10228
3633;22601989000;21886877777;22386877777;10240;10228
3634;22601994000;21886877777;22386877777;10240;10228
3613;22602000000;21803522222;22303522222;10240;10228
3635;22602010000;21886877777;22386877777;10240;10228
3636;22602036000;21886877777;22386877777;10240;10228
3637;22602051000;21886877777;22386877777;10240;10228
3638;22602065000;21886877777;22386877777;10240;10228
3639;22602069000;21886877777;22386877777;10240;10228
3640;22602088000;21886900000;22386900000;10240;10228
3641;22602096000;21887200000;22387200000;10240;10228
3642;22602110000;21887200000;22387200000;10240;10228
3614;22602197000;21803522222;22303522222;10240;10228
3615;22602224000;21803522222;22303522222;10240;10228
3643;22602349000;21887200000;22387200000;10240;10228
3616;22602378000;21803522222;22303522222;10240;10228
3617;22602580000;21803522222;22303522222;10240;10228
3618;22602614000;21803544444;22303544444;10240;10228
3619;22602784000;21803933333;22303933333;10240;10228
3620;22602810000;21803933333;22303933333;10240;10228
3621;22602972000;21803933333;22303933333;10240;10228
3622;22603176000;21845177777;22345177777;10240;10228
3623;22603213000;21845177777;22345177777;10240;10228
3624;22603395000;21845177777;22345177777;10240;10228
3625;22603417000;21845177777;22345177777;10240;10228
3626;22603600000;21845177777;22345177777;10240;10228
3627;22603611000;21845177777;22345177777;10240;10228
3628;22603779000;21845177777;22345177777;10240;10228
3629;22603785000;21845200000;22345200000;10240;10228
3630;22603984000;21845555555;22345555555;10240;10228
3631;22604223000;21845555555;22345555555;10240;10228
3632;22604229000;21845555555;22345555555;10240;10228
3635;22604430000;21886877777;22386877777;10240;10228
3636;22604452000;21886877777;22386877777;10240;10228
3637;22604634000;21886877777;22386877777;10240;10228
3638;22604640000;21886877777;22386877777;10240;10228
3639;22604802000;21886877777;22386877777;10240;10228
3640;22605005000;21886900000;22386900000;10240;10228
3644;22762083000;21928544444;22428544444;10240;10228
3645;22762106000;21928544444;22428544444;10240;10228
3646;22762112000;21928544444;22428544444;10240;10228
3647;22762117000;21928544444;22428544444;10240;10228
3648;22762122000;21928544444;22428544444;10240;10228
3649;22762126000;21928544444;22428544444;10240;10228
3650;22762131000;21928544444;22428544444;10240;10228
3651;22762153000;21928555555;22428555555;10240;10228
3652;22762165000;21928866666;22428866666;10240;10228
3653;22762170000;21928866666;22428866666;10240;10228
3654;22762180000;21928866666;22428866666;10240;10228
3642;22762303000;21887200000;22387200000;10240;10228
3655;22762324000;21970188888;22470188888;10240;10228
3656;22762332000;21970188888;22470188888;10240;10228
3657;22762336000;21970188888;22470188888;10240;10228
3658;22762341000;21970188888;22470188888;10240;10228
3659;22762355000;21970188888;22470188888;10240;10228
3661;22762360000;21970188888;22470188888;10240;10228
3662;22762377000;21970211111;22470211111;10240;10228
3664;22762392000;21970588888;22470588888;10240;10228
3665;22762397000;21970588888;22470588888;10240;10228
3666;22762411000;22011844444;22511844444;10240;10228
3667;22762415000;22011844444;22511844444;10240;10228
3668;22762444000;22011844444;22511844444;10240;10228
3669;22762450000;22011844444;22511844444;10240;10228
3643;22762464000;21887200000;22387200000;10240;10228
3670;22762468000;22011844444;22511844444;10240;10228
3671;22762475000;22011844444;22511844444;10240;10228
3672;22762636000;22011844444;22511844444;10240;10228
3644;22762681000;21928544444;22428544444;10240;10228
3645;22762688000;21928544444;22428544444;10240;10228
3646;22762887000;21928544444;22428544444;10240;10228
3647;22762914000;21928544444;22428544444;10240;10228
3648;22763065000;21928544444;22428544444;10240;10228
3649;22763306000;21928544444;22428544444;10240;10228
3650;22763333000;21928544444;22428544444;10240;10228
3651;22763338000;21928555555;22428555555;10240;10228
3652;22763505000;21928866666;22428866666;10240;10228
3653;22763703000;21928866666;22428866666;10240;10228
3654;22763723000;21928866666;22428866666;10240;10228
3655;22763901000;21970188888;22470188888;10240;10228
3657;22763912000;21970188888;22470188888;10240;10228
3658;22764104000;21970188888;22470188888;10240;10228
3659;22764327000;21970188888;22470188888;10240;10228
3660;22764355000;21970188888;22470188888;10240;10228
3661;22764564000;21970188888;22470188888;10240;10228
3662;22764573000;21970211111;22470211111;10240;10228
3663;22764729000;21970588888;22470588888;10240;10228
3664;22764764000;21970588888;22470588888;10240;10228
3665;22764924000;21970588888;22470588888;10240;10228
3666;22764933000;22011844444;22511844444;10240;10228
3667;22765156000;22011844444;22511844444;10240;10228
3668;22765166000;22011844444;22511844444;10240;10228
3669;22765351000;22011844444;22511844444;10240;10228
3670;22765558000;22011844444;22511844444;10240;10228
3673;22922363000;22011866666;22511866666;10240;10228
3674;22922446000;22012255555;22512255555;10240;10228
3675;22922457000;22012255555;22512255555;10240;10228
3676;22922529000;22012255555;22512255555;10240;10228
3677;22922540000;22053544444;22553544444;10240;10228
3678;22922546000;22053544444;22553544444;10240;10228
3679;22922560000;22053544444;22553544444;10240;10228
3680;22922564000;22053544444;22553544444;10240;10228
3681;22922568000;22053544444;22553544444;10240;10228
3671;22922573000;22011844444;22511844444;10240;10228
3684;22922584000;22053566666;22553566666;10240;10228
3685;22922597000;22053866666;22553866666;10240;10228
3686;22922603000;22053866666;22553866666;10240;10228
3687;22922666000;22053866666;22553866666;10240;10228
3688;22922677000;22095211111;22595211111;10240;10228
3689;22922681000;22095211111;22595211111;10240;10228
3690;22922687000;22095211111;22595211111;10240;10228
3691;22922691000;22095211111;22595211111;10240;10228
3692;22922695000;22095211111;22595211111;10240;10228
3693;22922705000;22095211111;22595211111;10240;10228
3694;22922791000;22095211111;22595211111;10240;10228
3695;22922802000;22095222222;22595222222;10240;10228
3672;22922807000;22011844444;22511844444;10240;10228
3673;22922827000;22011866666;22511866666;10240;10228
3698;22922833000;22095500000;22595500000;10240;10228
3699;22922839000;22136855555;22636855555;10240;10228
3700;22922843000;22136855555;22636855555;10240;10228
3674;22922988000;22012255555;22512255555;10240;10228
3675;22923187000;22012255555;22512255555;10240;10228
3676;22923217000;22012255555;22512255555;10240;10228
3677;22923397000;22053544444;22553544444;10240;10228
3678;22923433000;22053544444;22553544444;10240;10228
3679;22923592000;22053544444;22553544444;10240;10228
3680;22923615000;22053544444;22553544444;10240;10228
3681;22923805000;22053544444;22553544444;10240;10228
3682;22924001000;22053544444;22553544444;10240;10228
3683;22924020000;22053544444;22553544444;10240;10228
3684;22924210000;22053566666;22553566666;10240;10228
3685;22924233000;22053866666;22553866666;10240;10228
3686;22924408000;22053866666;22553866666;10240;10228
3687;22924430000;22053866666;22553866666;10240;10228
3689;22924621000;22095211111;22595211111;10240;10228
3690;22924819000;22095211111;22595211111;10240;10228
3691;22924829000;22095211111;22595211111;10240;10228
3692;22925008000;22095211111;22595211111;10240;10228
3693;22925018000;22095211111;22595211111;10240;10228
3694;22925246000;22095211111;22595211111;10240;10228
3695;22925266000;22095222222;22595222222;10240;10228
3696;22925450000;22095500000;22595500000;10240;10228
3698;22925485000;22095500000;22595500000;10240;10228
3702;23082635000;22136855555;22636855555;10240;10228
3703;23082660000;22136855555;22636855555;10240;10228
3704;23082666000;22136855555;22636855555;10240;10228
3705;23082675000;22136855555;22636855555;10240;10228
3706;23082693000;22136877777;22636877777;10240;10228
3707;23082699000;22137222222;22637222222;10240;10228
3708;23082718000;22137222222;22637222222;10240;10228
3709;23082723000;22137222222;22637222222;10240;10228
3710;23082799000;22178511111;22678511111;10240;10228
3711;23082812000;22178511111;22678511111;10240;10228
3713;23082816000;22178511111;22678511111;10240;10228
3700;23082821000;22136855555;22636855555;10240;10228
3714;23082882000;22178511111;22678511111;10240;10228
3715;23082893000;22178511111;22678511111;10240;10228
3716;23082899000;22178511111;22678511111;10240;10228
3717;23082903000;22178533333;22678533333;10240;10228
3718;23082908000;22178911111;22678911111;10240;10228
3719;23082921000;22178911111;22678911111;10240;10228
3720;23082927000;22178911111;22678911111;10240;10228
3721;23082933000;22220211111;22720211111;10240;10228
3722;23082938000;22220211111;22720211111;10240;10228
3723;23082944000;22220211111;22720211111;10240;10228
3724;23082959000;22220211111;22720211111;10240;10228
3726;23083049000;22220211111;22720211111;10240;10228
3727;23083061000;22220211111;22720211111;10240;10228
3728;23083075000;22220222222;22720222222;10240;10228
3729;23083080000;22220488888;22720488888;10240;10228
3701;23083084000;22136855555;22636855555;10240;10228
3702;23083253000;22136855555;22636855555;10240;10228
3703;23083265000;22136855555;22636855555;10240;10228
3704;23083457000;22136855555;22636855555;10240;10228
3705;23083469000;22136855555;22636855555;10240;10228
3706;23083654000;22136877777;22636877777;10240;10228
3707;23083675000;22137222222;22637222222;10240;10228
3708;23083858000;22137222222;22637222222;10240;10228
3709;23083886000;22137222222;22637222222;10240;10228
3710;23084053000;22178511111;22678511111;10240;10228
3711;23084278000;22178511111;22678511111;10240;10228
3712;23084290000;22178511111;22678511111;10240;10228
3713;23084473000;22178511111;22678511111;10240;10228
3714;23084495000;22178511111;22678511111;10240;10228
3715;23084686000;22178511111;22678511111;10240;10228
3716;23084884000;22178511111;22678511111;10240;10228
3717;23084894000;22178533333;22678533333;10240;10228
3718;23085077000;22178911111;22678911111;10240;10228
3720;23085095000;22178911111;22678911111;10240;10228
3721;23085306000;22220211111;22720211111;10240;10228
3722;23085316000;22220211111;22720211111;10240;10228
3723;23085498000;22220211111;22720211111;10240;10228
3724;23085518000;22220211111;22720211111;10240;10228
3726;23085709000;22220211111;22720211111;10240;10228
3730;23242913000;22220488888;22720488888;10240;10228
3731;23242936000;22220488888;22720488888;10240;10228
3732;23242941000;22261877777;22761877777;10240;10228
3733;23242947000;22261877777;22761877777;10240;10228
3734;23242953000;22261877777;22761877777;10240;10228
3735;23242956000;22261877777;22761877777;10240;10228
3736;23242966000;22261877777;22761877777;10240;10228
3738;23242994000;22261877777;22761877777;10240;10228
3739;23243012000;22261900000;22761900000;10240;10228
3740;23243028000;22262177777;22762177777;10240;10228
3741;23243060000;22262177777;22762177777;10240;10228
3728;23243089000;22220222222;22720222222;10240;10228
3742;23243095000;22262177777;22762177777;10240;10228
3743;23243101000;22303522222;22803522222;10240;10228
3744;23243106000;22303522222;22803522222;10240;10228
3745;23243124000;22303522222;22803522222;10240;10228
3746;23243129000;22303522222;22803522222;10240;10228
3748;23243133000;22303522222;22803522222;10240;10228
3749;23243138000;22303522222;22803522222;10240;10228
3750;23243150000;22303544444;22803544444;10240;10228
3751;23243154000;22303933333;22803933333;10240;10228
3752;23243224000;22303933333;22803933333;10240;10228
3753;23243234000;22303933333;22803933333;10240;10228
3754;23243239000;22345177777;22845177777;10240;10228
3755;23243253000;22345177777;22845177777;10240;10228
3729;23243257000;22220488888;22720488888;10240;10228
3756;23243278000;22345177777;22845177777;10240;10228
3757;23243286000;22345177777;22845177777;10240;10228
3758;23243327000;22345177777;22845177777;10240;10228
3730;23243438000;22220488888;22720488888;10240;10228
3731;23243456000;22220488888;22720488888;10240;10228
3732;23243616000;22261877777;22761877777;10240;10228
3734;23243836000;22261877777;22761877777;10240;10228
3735;23243861000;22261877777;22761877777;10240;10228
3736;23244065000;22261877777;22761877777;10240;10228
3737;23244094000;22261877777;22761877777;10240;10228
3738;23244278000;22261877777;22761877777;10240;10228
3739;23244305000;22261900000;22761900000;10240;10228
3740;23244476000;22262177777;22762177777;10240;10228
3741;23244498000;22262177777;22762177777;10240;10228
3742;23244687000;22262177777;22762177777;10240;10228
3743;23244885000;22303522222;22803522222;10240;10228
3744;23244896000;22303522222;22803522222;10240;10228
3745;23245094000;22303522222;22803522222;10240;10228
3746;23245112000;22303522222;22803522222;10240;10228
3747;23245323000;22303522222;22803522222;10240;10228
3748;23245347000;22303522222;22803522222;10240;10228
3749;23245517000;22303522222;22803522222;10240;10228
3750;23245537000;22303544444;22803544444;10240;10228
3753;23245729000;22303933333;22803933333;10240;10228
3754;23245925000;22345177777;22845177777;10240;10228
3755;23245936000;22345177777;22845177777;10240;10228
3756;23246109000;22345177777;22845177777;10240;10228
3759;23403173000;22345177777;22845177777;10240;10228
3760;23403190000;22345177777;22845177777;10240;10228
3761;23403195000;22345200000;22845200000;10240;10228
3762;23403201000;22345566666;22845566666;10240;10228
3763;23403207000;22345566666;22845566666;10240;10228
3764;23403212000;22345566666;22845566666;10240;10228
3765;23403217000;22386877777;22886877777;10240;10228
3766;23403240000;22386877777;22886877777;10240;10228
3767;23403245000;22386877777;22886877777;10240;10228
3768;23403249000;22386877777;22886877777;10240;10228
3769;23403313000;22386877777;22886877777;10240;10228
3770;23403324000;22386877777;22886877777;10240;10228
3771;23403329000;22386877777;22886877777;10240;10228
3772;23403333000;22386900000;22886900000;10240;10228
3773;23403339000;22387166666;22887166666;10240;10228
3774;23403348000;22387166666;22887166666;10240;10228
3775;23403366000;22387166666;22887166666;10240;10228
3776;23403370000;22428544444;22928544444;10240;10228
3758;23403389000;22345177777;22845177777;10240;10228
3777;23403395000;22428544444;22928544444;10240;10228
3778;23403400000;22428544444;22928544444;10240;10228
3779;23403404000;22428544444;22928544444;10240;10228
3780;23403465000;22428544444;22928544444;10240;10228
3781;23403476000;22428544444;22928544444;10240;10228
3782;23403480000;22428544444;22928544444;10240;10228
3783;23403484000;22428555555;22928555555;10240;10228
3784;23403488000;22428844444;22928844444;10240;10228
3785;23403501000;22428844444;22928844444;10240;10228
3786;23403505000;22428844444;22928844444;10240;10228
3787;23403510000;22470188888;22970188888;10240;10228
3759;23403608000;22345177777;22845177777;10240;10228
3788;23403686000;22470188888;22970188888;10240;10228
3760;23403784000;22345177777;22845177777;10240;10228
3761;23403794000;22345200000;22845200000;10240;10228
3762;23403972000;22345566666;22845566666;10240;10228
3763;23403979000;22345566666;22845566666;10240;10228
3764;23404194000;22345566666;22845566666;10240;10228
3765;23404241000;22386877777;22886877777;10240;10228
3766;23404435000;22386877777;22886877777;10240;10228
3767;23404441000;22386877777;22886877777;10240;10228
3768;23404631000;22386877777;22886877777;10240;10228
3769;23404833000;22386877777;22886877777;10240;10228
3770;23404840000;22386877777;22886877777;10240;10228
3771;23405004000;22386877777;22886877777;10240;10228
3772;23405010000;22386900000;22886900000;10240;10228
3773;23405246000;22387166666;22887166666;10240;10228
3774;23405256000;22387166666;22887166666;10240;10228
3775;23405449000;22387166666;22887166666;10240;10228
3776;23405455000;22428544444;22928544444;10240;10228
3777;23405654000;22428544444;22928544444;10240;10228
3778;23405857000;22428544444;22928544444;10240;10228
3779;23405863000;22428544444;22928544444;10240;10228
3780;23406029000;22428544444;22928544444;10240;10228
3782;23406272000;22428544444;22928544444;10240;10228
3783;23406278000;22428555555;22928555555;10240;10228
3784;23406282000;22428844444;22928844444;10240;10228
3785;23406469000;22428844444;22928844444;10240;10228
3789;23563451000;22470188888;22970188888;10240;10228
3790;23563462000;22470188888;22970188888;10240;10228
3791;23563467000;22470188888;22970188888;10240;10228
3793;23563489000;22470188888;22970188888;10240;10228
3794;23563508000;22470211111;22970211111;10240;10228
3795;23563513000;22470588888;22970588888;10240;10228
3796;23563517000;22470588888;22970588888;10240;10228
3797;23563522000;22470588888;22970588888;10240;10228
3798;23563607000;22511844444;23011844444;10240;10228
3799;23563619000;22511844444;23011844444;10240;10228
3800;23563642000;22511844444;23011844444;10240;10228
3801;23563647000;22511844444;23011844444;10240;10228
3802;23563650000;22511844444;23011844444;10240;10228
3803;23563654000;22511844444;23011844444;10240;10228
3804;23563665000;22511844444;23011844444;10240;10228
3805;23563669000;22511866666;23011866666;10240;10228
3786;23563673000;22428844444;22928844444;10240;10228
3806;23563677000;22512211111;23012211111;10240;10228
3807;23563682000;22512211111;23012211111;10240;10228
3808;23563685000;22512211111;23012211111;10240;10228
3809;23563690000;22553544444;23053544444;10240;10228
3810;23563782000;22553544444;23053544444;10240;10228
3811;23563806000;22553544444;23053544444;10240;10228
3812;23563811000;22553544444;23053544444;10240;10228
3813;23563815000;22553544444;23053544444;10240;10228
3814;23563820000;22553544444;23053544444;10240;10228
3815;23563825000;22553544444;23053544444;10240;10228
3816;23563843000;22553566666;23053566666;10240;10228
3817;23563852000;22553855555;23053855555;10240;10228
3787;23563859000;22470188888;22970188888;10240;10228
3818;23563982000;22553855555;23053855555;10240;10228
3788;23564096000;22470188888;22970188888;10240;10228
3789;23564105000;22470188888;22970188888;10240;10228
3790;23564286000;22470188888;22970188888;10240;10228
3791;23564295000;22470188888;22970188888;10240;10228
3792;23564494000;22470188888;22970188888;10240;10228
3793;23564503000;22470188888;22970188888;10240;10228
3794;23564687000;22470211111;22970211111;10240;10228
3797;23564705000;22470588888;22970588888;10240;10228
3799;23564892000;22511844444;23011844444;10240;10228
3800;23565073000;22511844444;23011844444;10240;10228
3801;23565094000;22511844444;23011844444;10240;10228
3802;23565302000;22511844444;23011844444;10240;10228
3804;23565313000;22511844444;23011844444;10240;10228
3805;23565497000;22511866666;23011866666;10240;10228
3806;23565517000;22512211111;23012211111;10240;10228
3807;23565712000;22512211111;23012211111;10240;10228
3808;23565730000;22512211111;23012211111;10240;10228
3809;23565915000;22553544444;23053544444;10240;10228
3810;23566121000;22553544444;23053544444;10240;10228
3811;23566132000;22553544444;23053544444;10240;10228
3812;23566334000;22553544444;23053544444;10240;10228
3813;23566345000;22553544444;23053544444;10240;10228
3814;23566538000;22553544444;23053544444;10240;10228
3815;23566742000;22553544444;23053544444;10240;10228
3819;23723761000;22553855555;23053855555;10240;10228
3820;23723772000;22595211111;23095211111;10240;10228
3822;23723777000;22595211111;23095211111;10240;10228
3823;23723794000;22595211111;23095211111;10240;10228
3824;23723799000;22595211111;23095211111;10240;10228
3825;23723815000;22595211111;23095211111;10240;10228
3826;23723821000;22595211111;23095211111;10240;10228
3827;23723896000;22595222222;23095222222;10240;10228
3829;23723907000;22595500000;23095500000;10240;10228
3830;23723912000;22595500000;23095500000;10240;10228
3831;23723918000;22636855555;23136855555;10240;10228
3832;23723922000;22636855555;23136855555;10240;10228
3816;23723926000;22553566666;23053566666;10240;10228
3833;23723931000;22636855555;23136855555;10240;10228
3835;23723935000;22636855555;23136855555;10240;10228
3836;23723940000;22636855555;23136855555;10240;10228
3837;23723944000;22636855555;23136855555;10240;10228
3838;23723949000;22636877777;23136877777;10240;10228
3839;23723953000;22637222222;23137222222;10240;10228
3840;23723958000;22637222222;23137222222;10240;10228
3841;23724027000;22637222222;23137222222;10240;10228
3842;23724040000;22678544444;23178544444;10240;10228
3843;23724061000;22678544444;23178544444;10240;10228
3844;23724076000;22678544444;23178544444;10240;10228
3817;23724080000;22553855555;23053855555;10240;10228
3846;23724091000;22678544444;23178544444;10240;10228
3847;23724101000;22678544444;23178544444;10240;10228
3848;23724218000;22678544444;23178544444;10240;10228
3818;23724257000;22553855555;23053855555;10240;10228
3819;23724279000;22553855555;23053855555;10240;10228
3820;23724486000;22595211111;23095211111;10240;10228
3821;23724510000;22595211111;23095211111;10240;10228
3822;23724692000;22595211111;23095211111;10240;10228
3823;23724912000;22595211111;23095211111;10240;10228
3824;23724939000;22595211111;23095211111;10240;10228
3825;23725060000;22595211111;23095211111;10240;10228
3826;23725095000;22595211111;23095211111;10240;10228
3827;23725293000;22595222222;23095222222;10240;10228
3828;23725315000;22595500000;23095500000;10240;10228
3829;23725500000;22595500000;23095500000;10240;10228
3830;23725685000;22595500000;23095500000;10240;10228
3831;23725707000;22636855555;23136855555;10240;10228
3832;23725889000;22636855555;23136855555;10240;10228
3833;23725901000;22636855555;23136855555;10240;10228
3834;23726108000;22636855555;23136855555;10240;10228
3835;23726314000;22636855555;23136855555;10240;10228
3836;23726334000;22636855555;23136855555;10240;10228
3837;23726507000;22636855555;23136855555;10240;10228
3838;23726525000;22636877777;23136877777;10240;10228
3839;23726710000;22637222222;23137222222;10240;10228
3840;23726730000;22637222222;23137222222;10240;10228
3841;23726913000;22637222222;23137222222;10240;10228
3842;23726924000;22678544444;23178544444;10240;10228
3843;23727178000;22678544444;23178544444;10240;10228
3844;23727199000;22678544444;23178544444;10240;10228
3845;23727350000;22678544444;23178544444;10240;10228
3849;23884051000;22678555555;23178555555;10240;10228
3850;23884073000;22678877777;23178877777;10240;10228
3851;23884096000;22678877777;23178877777;10240;10228
3852;23884108000;22678877777;23178877777;10240;10228
3853;23884114000;22720211111;23220211111;10240;10228
3854;23884122000;22720211111;23220211111;10240;10228
3855;23884132000;22720211111;23220211111;10240;10228
3856;23884136000;22720211111;23220211111;10240;10228
3858;23884225000;22720211111;23220211111;10240;10228
3859;23884254000;22720211111;23220211111;10240;10228
3860;23884268000;22720233333;23220233333;10240;10228
3863;23884274000;22720511111;23220511111;10240;10228
3846;23884278000;22678544444;23178544444;10240;10228
3864;23884292000;22761877777;23261877777;10240;10228
3865;23884296000;22761877777;23261877777;10240;10228
3866;23884359000;22761877777;23261877777;10240;10228
3867;23884369000;22761877777;23261877777;10240;10228
3868;23884374000;22761877777;23261877777;10240;10228
3871;23884382000;22761888888;23261888888;10240;10228
3872;23884401000;22762322222;23262322222;10240;10228
3873;23884407000;22762322222;23262322222;10240;10228
3847;23884467000;22678544444;23178544444;10240;10228
3874;23884482000;22762322222;23262322222;10240;10228
3876;23884488000;22803511111;23303511111;10240;10228
3877;23884494000;22803511111;23303511111;10240;10228
3878;23884498000;22803511111;23303511111;10240;10228
3848;23884651000;22678544444;23178544444;10240;10228
3849;23884670000;22678555555;23178555555;10240;10228
3850;23884855000;22678877777;23178877777;10240;10228
3851;23884882000;22678877777;23178877777;10240;10228
3852;23885056000;22678877777;23178877777;10240;10228
3853;23885082000;22720211111;23220211111;10240;10228
3855;23885271000;22720211111;23220211111;10240;10228
3856;23885299000;22720211111;23220211111;10240;10228
3857;23885476000;22720211111;23220211111;10240;10228
3858;23885675000;22720211111;23220211111;10240;10228
3859;23885694000;22720211111;23220211111;10240;10228
3860;23885875000;22720233333;23220233333;10240;10228
3861;23885887000;22720511111;23220511111;10240;10228
3862;23886082000;22720511111;23220511111;10240;10228
3863;23886116000;22720511111;23220511111;10240;10228
3865;23886289000;22761877777;23261877777;10240;10228
3866;23886482000;22761877777;23261877777;10240;10228
3867;23886488000;22761877777;23261877777;10240;10228
3868;23886686000;22761877777;23261877777;10240;10228
3869;23886691000;22761877777;23261877777;10240;10228
3870;23886891000;22761877777;23261877777;10240;10228
3872;23886910000;22762322222;23262322222;10240;10228
3873;23887111000;22762322222;23262322222;10240;10228
3874;23887320000;22762322222;23262322222;10240;10228
3875;23887326000;22803511111;23303511111;10240;10228
3879;24044319000;22803511111;23303511111;10240;10228
3880;24044333000;22803511111;23303511111;10240;10228
3881;24044340000;22803511111;23303511111;10240;10228
3882;24044353000;22803533333;23303533333;10240;10228
3876;24044562000;22803511111;23303511111;10240;10228
3883;24044583000;22803888888;23303888888;10240;10228
3884;24044588000;22803888888;23303888888;10240;10228
3885;24044602000;22803888888;23303888888;10240;10228
3886;24044606000;22845211111;23345211111;10240;10228
3887;24044610000;22845211111;23345211111;10240;10228
3888;24044621000;22845211111;23345211111;10240;10228
3889;24044625000;22845211111;23345211111;10240;10228
3890;24044637000;22845211111;23345211111;10240;10228
3891;24044766000;22845211111;23345211111;10240;10228
3892;24044778000;22845211111;23345211111;10240;10228
3893;24044783000;22845244444;23345244444;10240;10228
3894;24044788000;22845500000;23345500000;10240;10228
3895;24044792000;22845500000;23345500000;10240;10228
3896;24044800000;22845500000;23345500000;10240;10228
3897;24044804000;22886877777;23386877777;10240;10228
3898;24044813000;22886877777;23386877777;10240;10228
3877;24044821000;22803511111;23303511111;10240;10228
3878;24044828000;22803511111;23303511111;10240;10228
3899;24044839000;22886877777;23386877777;10240;10228
3900;24044844000;22886877777;23386877777;10240;10228
3901;24044848000;22886877777;23386877777;10240;10228
3902;24044859000;22886877777;23386877777;10240;10228
3903;24044865000;22886877777;23386877777;10240;10228
3904;24044872000;22886888888;23386888888;10240;10228
3880;24044942000;22803511111;23303511111;10240;10228
3905;24045069000;22887177777;23387177777;10240;10228
3906;24045092000;22887177777;23387177777;10240;10228
3907;24045107000;22887177777;23387177777;10240;10228
3908;24045112000;22928522222;23428522222;10240;10228
3881;24045184000;22803511111;23303511111;10240;10228
3883;24045205000;22803888888;23303888888;10240;10228
3884;24045315000;22803888888;23303888888;10240;10228
3885;24045323000;22803888888;23303888888;10240;10228
3886;24045552000;22845211111;23345211111;10240;10228
3887;24045747000;22845211111;23345211111;10240;10228
3888;24045760000;22845211111;23345211111;10240;10228
3890;24045928000;22845211111;23345211111;10240;10228
3891;24045941000;22845211111;23345211111;10240;10228
3892;24046183000;22845211111;23345211111;10240;10228
3896;24046204000;22845500000;23345500000;10240;10228
3897;24046389000;22886877777;23386877777;10240;10228
3898;24046583000;22886877777;23386877777;10240;10228
3899;24046604000;22886877777;23386877777;10240;10228
3900;24046782000;22886877777;23386877777;10240;10228
3901;24046793000;22886877777;23386877777;10240;10228
3902;24046957000;22886877777;23386877777;10240;10228
3903;24047200000;22886877777;23386877777;10240;10228
3904;24047209000;22886888888;23386888888;10240;10228
3905;24047393000;22887177777;23387177777;10240;10228
3909;24204590000;22928522222;23428522222;10240;10228
3910;24204602000;22928522222;23428522222;10240;10228
3911;24204606000;22928522222;23428522222;10240;10228
3912;24204611000;22928522222;23428522222;10240;10228
3906;24204821000;22887177777;23387177777;10240;10228
3913;24204842000;22928522222;23428522222;10240;10228
3914;24204866000;22928522222;23428522222;10240;10228
3915;24204872000;22928544444;23428544444;10240;10228
3916;24204877000;22928933333;23428933333;10240;10228
3917;24204986000;22928933333;23428933333;10240;10228
3918;24204998000;22928933333;23428933333;10240;10228
3919;24205003000;22970188888;23470188888;10240;10228
3920;24205008000;22970188888;23470188888;10240;10228
3921;24205013000;22970188888;23470188888;10240;10228
3922;24205018000;22970188888;23470188888;10240;10228
3907;24205022000;22887177777;23387177777;10240;10228
3923;24205027000;22970188888;23470188888;10240;10228
3924;24205032000;22970188888;23470188888;10240;10228
3926;24205041000;22970211111;23470211111;10240;10228
3927;24205134000;22970566666;23470566666;10240;10228
3928;24205145000;22970566666;23470566666;10240;10228
3929;24205160000;22970566666;23470566666;10240;10228
3930;24205165000;23011877777;23511877777;10240;10228
3931;24205171000;23011877777;23511877777;10240;10228
3932;24205176000;23011877777;23511877777;10240;10228
3933;24205180000;23011877777;23511877777;10240;10228
3934;24205216000;23011877777;23511877777;10240;10228
3908;24205221000;22928522222;23428522222;10240;10228
3935;24205225000;23011877777;23511877777;10240;10228
3909;24205229000;22928522222;23428522222;10240;10228
3938;24205327000;23012177777;23512177777;10240;10228
3939;24205334000;23012177777;23512177777;10240;10228
3910;24205429000;22928522222;23428522222;10240;10228
3911;24205448000;22928522222;23428522222;10240;10228
3912;24205585000;22928522222;23428522222;10240;10228
3913;24205602000;22928522222;23428522222;10240;10228
3914;24205790000;22928522222;23428522222;10240;10228
3915;24205807000;22928544444;23428544444;10240;10228
3916;24205992000;22928933333;23428933333;10240;10228
3917;24206224000;22928933333;23428933333;10240;10228
3918;24206233000;22928933333;23428933333;10240;10228
3919;24206419000;22970188888;23470188888;10240;10228
3920;24206425000;22970188888;23470188888;10240;10228
3921;24206622000;22970188888;23470188888;10240;10228
3923;24206829000;22970188888;23470188888;10240;10228
3924;24206836000;22970188888;23470188888;10240;10228
3925;24207018000;22970188888;23470188888;10240;10228
3926;24207039000;22970211111;23470211111;10240;10228
3927;24207256000;22970566666;23470566666;10240;10228
3928;24207263000;22970566666;23470566666;10240;10228
3929;24207461000;22970566666;23470566666;10240;10228
3931;24207467000;23011877777;23511877777;10240;10228
3932;24207664000;23011877777;23511877777;10240;10228
3933;24207873000;23011877777;23511877777;10240;10228
3934;24207877000;23011877777;23511877777;10240;10228
3935;24208039000;23011877777;23511877777;10240;10228
3940;24364860000;23012177777;23512177777;10240;10228
3941;24364867000;23053544444;23553544444;10240;10228
3942;24364879000;23053544444;23553544444;10240;10228
3943;24364884000;23053544444;23553544444;10240;10228
3936;24365085000;23011877777;23511877777;10240;10228
3944;24365112000;23053544444;23553544444;10240;10228
3945;24365118000;23053544444;23553544444;10240;10228
3946;24365133000;23053544444;23553544444;10240;10228
3947;24365138000;23053544444;23553544444;10240;10228
3948;24365160000;23053555555;23553555555;10240;10228
3949;24365180000;23053855555;23553855555;10240;10228
3950;24365187000;23053855555;23553855555;10240;10228
3951;24365272000;23053855555;23553855555;10240;10228
3952;24365283000;23095188888;23595188888;10240;10228
3937;24365289000;23011900000;23511900000;10240;10228
3938;24365310000;23012177777;23512177777;10240;10228
3953;24365315000;23095188888;23595188888;10240;10228
3954;24365320000;23095188888;23595188888;10240;10228
3955;24365325000;23095188888;23595188888;10240;10228
3956;24365329000;23095188888;23595188888;10240;10228
3957;24365347000;23095188888;23595188888;10240;10228
3958;24365356000;23095188888;23595188888;10240;10228
3960;24365413000;23095600000;23595600000;10240;10228
3961;24365437000;23095600000;23595600000;10240;10228
3962;24365453000;23095600000;23595600000;10240;10228
3963;24365457000;23136844444;23636844444;10240;10228
3964;24365472000;23136844444;23636844444;10240;10228
3965;24365494000;23136844444;23636844444;10240;10228
3966;24365499000;23136844444;23636844444;10240;10228
3939;24365503000;23012177777;23512177777;10240;10228
3967;24365523000;23136844444;23636844444;10240;10228
3968;24365538000;23136844444;23636844444;10240;10228
3969;24365561000;23136844444;23636844444;10240;10228
3970;24365566000;23136866666;23636866666;10240;10228
3940;24365659000;23012177777;23512177777;10240;10228
3942;24365677000;23053544444;23553544444;10240;10228
3943;24365859000;23053544444;23553544444;10240;10228
3947;24365866000;23053544444;23553544444;10240;10228
3948;24366068000;23053555555;23553555555;10240;10228
3949;24366086000;23053855555;23553855555;10240;10228
3950;24366291000;23053855555;23553855555;10240;10228
3951;24366309000;23053855555;23553855555;10240;10228
3952;24366487000;23095188888;23595188888;10240;10228
3953;24366693000;23095188888;23595188888;10240;10228
3954;24366698000;23095188888;23595188888;10240;10228
3955;24366899000;23095188888;23595188888;10240;10228
3956;24366904000;23095188888;23595188888;10240;10228
3957;24367092000;23095188888;23595188888;10240;10228
3958;24367308000;23095188888;23595188888;10240;10228
3959;24367314000;23095211111;23595211111;10240;10228
3960;24367512000;23095600000;23595600000;10240;10228
3961;24367518000;23095600000;23595600000;10240;10228
3962;24367716000;23095600000;23595600000;10240;10228
3963;24367721000;23136844444;23636844444;10240;10228
3964;24367906000;23136844444;23636844444;10240;10228
3965;24368144000;23136844444;23636844444;10240;10228
3966;24368151000;23136844444;23636844444;10240;10228
3971;24525134000;23137211111;23637211111;10240;10228
3972;24525149000;23137211111;23637211111;10240;10228
3973;24525163000;23137211111;23637211111;10240;10228
3974;24525169000;23178544444;23678544444;10240;10228
3975;24525335000;23178544444;23678544444;10240;10228
3976;24525347000;23178544444;23678544444;10240;10228
3978;24525351000;23178544444;23678544444;10240;10228
3979;24525367000;23178544444;23678544444;10240;10228
3967;24525386000;23136844444;23636844444;10240;10228
3980;24525395000;23178544444;23678544444;10240;10228
3981;24525400000;23178566666;23678566666;10240;10228
3982;24525503000;23178855555;23678855555;10240;10228
3983;24525526000;23178855555;23678855555;10240;10228
3984;24525531000;23178855555;23678855555;10240;10228
3985;24525535000;23220211111;23720211111;10240;10228
3986;24525540000;23220211111;23720211111;10240;10228
3968;24525554000;23136844444;23636844444;10240;10228
3987;24525558000;23220211111;23720211111;10240;10228
3988;24525563000;23220211111;23720211111;10240;10228
3989;24525571000;23220211111;23720211111;10240;10228
3990;24525659000;23220211111;23720211111;10240;10228
3991;24525669000;23220211111;23720211111;10240;10228
3992;24525675000;23220222222;23720222222;10240;10228
3993;24525680000;23220488888;23720488888;10240;10228
3994;24525683000;23220488888;23720488888;10240;10228
3995;24525772000;23220488888;23720488888;10240;10228
3996;24525781000;23261855555;23761855555;10240;10228
3997;24525787000;23261855555;23761855555;10240;10228
3998;24525796000;23261855555;23761855555;10240;10228
3999;24525802000;23261855555;23761855555;10240;10228
4000;24525809000;23261855555;23761855555;10240;10228
3969;24525816000;23136844444;23636844444;10240;10228
3970;24525820000;23136866666;23636866666;10240;10228
3971;24525824000;23137211111;23637211111;10240;10228
4001;24525831000;23261855555;23761855555;10240;10228
3972;24525981000;23137211111;23637211111;10240;10228
3973;24526207000;23137211111;23637211111;10240;10228
3974;24526215000;23178544444;23678544444;10240;10228
3975;24526401000;23178544444;23678544444;10240;10228
3976;24526435000;23178544444;23678544444;10240;10228
3977;24526615000;23178544444;23678544444;10240;10228
3978;24526801000;23178544444;23678544444;10240;10228
3979;24526812000;23178544444;23678544444;10240;10228
3980;24526968000;23178544444;23678544444;10240;10228
3981;24526976000;23178566666;23678566666;10240;10228
3982;24527201000;23178855555;23678855555;10240;10228
3983;24527207000;23178855555;23678855555;10240;10228
3984;24527433000;23178855555;23678855555;10240;10228
3985;24527442000;23220211111;23720211111;10240;10228
3986;24527620000;23220211111;23720211111;10240;10228
3987;24527815000;23220211111;23720211111;10240;10228
3988;24527821000;23220211111;23720211111;10240;10228
3989;24527991000;23220211111;23720211111;10240;10228
3990;24528244000;23220211111;23720211111;10240;10228
3991;24528262000;23220211111;23720211111;10240;10228
3992;24528268000;23220222222;23720222222;10240;10228
3993;24528454000;23220488888;23720488888;10240;10228
3994;24528652000;23220488888;23720488888;10240;10228
3995;24528672000;23220488888;23720488888;10240;10228
3996;24528849000;23261855555;23761855555;10240;10228
3997;24528860000;23261855555;23761855555;10240;10228
4002;24685389000;23261855555;23761855555;10240;10228
4003;24685402000;23261877777;23761877777;10240;10228
4004;24685413000;23262266666;23762266666;10240;10228
4005;24685418000;23262266666;23762266666;10240;10228
4006;24685481000;23262266666;23762266666;10240;10228
4007;24685502000;23303533333;23803533333;10240;10228
4008;24685512000;23303533333;23803533333;10240;10228
4009;24685526000;23303533333;23803533333;10240;10228
4010;24685530000;23303533333;23803533333;10240;10228
3998;24685599000;23261855555;23761855555;10240;10228
4011;24685611000;23303533333;23803533333;10240;10228
4012;24685620000;23303533333;23803533333;10240;10228
4013;24685652000;23303533333;23803533333;10240;10228
4014;24685658000;23303555555;23803555555;10240;10228
4015;24685713000;23303933333;23803933333;10240;10228
4019;24685778000;23345211111;23845211111;10240;10228
4020;24685814000;23345211111;23845211111;10240;10228
3999;24685820000;23261855555;23761855555;10240;10228
4000;24685839000;23261855555;23761855555;10240;10228
4021;24685849000;23345211111;23845211111;10240;10228
4022;24685857000;23345211111;23845211111;10240;10228
4023;24685864000;23345211111;23845211111;10240;10228
4026;24685891000;23345511111;23845511111;10240;10228
4027;24685898000;23345511111;23845511111;10240;10228
4028;24685955000;23345511111;23845511111;10240;10228
4001;24685974000;23261855555;23761855555;10240;10228
4029;24685999000;23386877777;23886877777;10240;10228
4030;24686009000;23386877777;23886877777;10240;10228
4031;24686015000;23386877777;23886877777;10240;10228
4032;24686024000;23386877777;23886877777;10240;10228
4004;24686188000;23262266666;23762266666;10240;10228
4005;24686214000;23262266666;23762266666;10240;10228
4006;24686382000;23262266666;23762266666;10240;10228
4007;24686400000;23303533333;23803533333;10240;10228
4008;24686585000;23303533333;23803533333;10240;10228
4009;24686815000;23303533333;23803533333;10240;10228
4010;24686843000;23303533333;23803533333;10240;10228
4011;24687006000;23303533333;23803533333;10240;10228
4012;24687018000;23303533333;23803533333;10240;10228
4013;24687233000;23303533333;23803533333;10240;10228
4014;24687263000;23303555555;23803555555;10240;10228
4015;24687439000;23303933333;23803933333;10240;10228
4016;24687635000;23303933333;23803933333;10240;10228
4017;24687671000;23303933333;23803933333;10240;10228
4018;24687840000;23345211111;23845211111;10240;10228
4019;24687867000;23345211111;23845211111;10240;10228
4020;24688028000;23345211111;23845211111;10240;10228
4021;24688251000;23345211111;23845211111;10240;10228
4022;24688268000;23345211111;23845211111;10240;10228
4023;24688466000;23345211111;23845211111;10240;10228
4024;24688475000;23345211111;23845211111;10240;10228
4025;24688650000;23345233333;23845233333;10240;10228
4026;24688669000;23345511111;23845511111;10240;10228
4027;24688854000;23345511111;23845511111;10240;10228
4028;24688860000;23345511111;23845511111;10240;10228
4034;24845711000;23386877777;23886877777;10240;10228
4035;24845737000;23386877777;23886877777;10240;10228
4036;24845742000;23386900000;23886900000;10240;10228
4037;24845748000;23387177777;23887177777;10240;10228
4038;24845752000;23387177777;23887177777;10240;10228
4040;24845766000;23428522222;23928522222;10240;10228
4041;24845770000;23428522222;23928522222;10240;10228
4042;24845795000;23428522222;23928522222;10240;10228
4043;24845800000;23428522222;23928522222;10240;10228
4044;24845804000;23428522222;23928522222;10240;10228
4045;24845875000;23428522222;23928522222;10240;10228
4046;24845889000;23428522222;23928522222;10240;10228
4047;24845894000;23428544444;23928544444;10240;10228
4029;24845908000;23386877777;23886877777;10240;10228
4048;24845969000;23428944444;23928944444;10240;10228
4049;24845979000;23428944444;23928944444;10240;10228
4050;24845984000;23428944444;23928944444;10240;10228
4051;24845987000;23470177777;23970177777;10240;10228
4052;24846068000;23470177777;23970177777;10240;10228
4053;24846089000;23470177777;23970177777;10240;10228
4054;24846104000;23470177777;23970177777;10240;10228
4055;24846109000;23470177777;23970177777;10240;10228
4056;24846128000;23470177777;23970177777;10240;10228
4057;24846148000;23470177777;23970177777;10240;10228
4058;24846156000;23470200000;23970200000;10240;10228
4030;24846162000;23386877777;23886877777;10240;10228
4031;24846182000;23386877777;23886877777;10240;10228
4059;24846189000;23470566666;23970566666;10240;10228
4060;24846194000;23470566666;23970566666;10240;10228
4061;24846207000;23470566666;23970566666;10240;10228
4062;24846221000;23511877777;24011877777;10240;10228
4032;24846328000;23386877777;23886877777;10240;10228
4033;24846531000;23386877777;23886877777;10240;10228
4034;24846559000;23386877777;23886877777;10240;10228
4063;24846639000;23511877777;24011877777;10240;10228
4035;24846703000;23386877777;23886877777;10240;10228
4036;24846723000;23386900000;23886900000;10240;10228
4037;24846905000;23387177777;23887177777;10240;10228
4038;24846922000;23387177777;23887177777;10240;10228
4039;24847175000;23387177777;23887177777;10240;10228
4040;24847364000;23428522222;23928522222;10240;10228
4042;24847370000;23428522222;23928522222;10240;10228
4043;24847514000;23428522222;23928522222;10240;10228
4044;24847523000;23428522222;23928522222;10240;10228
4045;24847719000;23428522222;23928522222;10240;10228
4047;24847733000;23428544444;23928544444;10240;10228
4048;24847930000;23428944444;23928944444;10240;10228
4049;24848162000;23428944444;23928944444;10240;10228
4050;24848183000;23428944444;23928944444;10240;10228
4051;24848411000;23470177777;23970177777;10240;10228
4052;24848431000;23470177777;23970177777;10240;10228
4053;24848615000;23470177777;23970177777;10240;10228
4055;24848635000;23470177777;23970177777;10240;10228
4056;24848811000;23470177777;23970177777;10240;10228
4057;24848989000;23470177777;23970177777;10240;10228
4058;24849001000;23470200000;23970200000;10240;10228
4059;24849219000;23470566666;23970566666;10240;10228
4064;25006038000;23511877777;24011877777;10240;10228
4065;25006071000;23511877777;24011877777;10240;10228
4066;25006088000;23511877777;24011877777;10240;10228
4067;25006093000;23511877777;24011877777;10240;10228
4068;25006125000;23511877777;24011877777;10240;10228
4069;25006141000;23511900000;24011900000;10240;10228
4070;25006156000;23512166666;24012166666;10240;10228
4071;25006160000;23512166666;24012166666;10240;10228
4072;25006180000;23512166666;24012166666;10240;10228
4073;25006186000;23553544444;24053544444;10240;10228
4074;25006190000;23553544444;24053544444;10240;10228
4075;25006195000;23553544444;24053544444;10240;10228
4076;25006199000;23553544444;24053544444;10240;10228
4077;25006204000;23553544444;24053544444;10240;10228
4078;25006222000;23553544444;24053544444;10240;10228
4079;25006228000;23553544444;24053544444;10240;10228
4080;25006232000;23553566666;24053566666;10240;10228
4081;25006237000;23553844444;24053844444;10240;10228
4082;25006241000;23553844444;24053844444;10240;10228
4083;25006246000;23553844444;24053844444;10240;10228
4084;25006254000;23595188888;24095188888;10240;10228
4060;25006273000;23470566666;23970566666;10240;10228
4085;25006280000;23595188888;24095188888;10240;10228
4086;25006408000;23595188888;24095188888;10240;10228
4087;25006419000;23595188888;24095188888;10240;10228
4088;25006424000;23595188888;24095188888;10240;10228
4091;25006428000;23595211111;24095211111;10240;10228
4061;25006447000;23470566666;23970566666;10240;10228
4092;25006453000;23595588888;24095588888;10240;10228
4093;25006457000;23595588888;24095588888;10240;10228
4062;25006635000;23511877777;24011877777;10240;10228
4063;25006645000;23511877777;24011877777;10240;10228
4064;25006855000;23511877777;24011877777;10240;10228
4065;25006865000;23511877777;24011877777;10240;10228
4094;25006870000;23595588888;24095588888;10240;10228
4066;25006976000;23511877777;24011877777;10240;10228
4067;25007248000;23511877777;24011877777;10240;10228
4068;25007259000;23511877777;24011877777;10240;10228
4069;25007263000;23511900000;24011900000;10240;10228
4071;25007455000;23512166666;24012166666;10240;10228
4072;25007650000;23512166666;24012166666;10240;10228
4073;25007685000;23553544444;24053544444;10240;10228
4074;25007847000;23553544444;24053544444;10240;10228
4076;25007857000;23553544444;24053544444;10240;10228
4077;25008022000;23553544444;24053544444;10240;10228
4078;25008264000;23553544444;24053544444;10240;10228
4079;25008284000;23553544444;24053544444;10240;10228
4080;25008288000;23553566666;24053566666;10240;10228
4081;25008461000;23553844444;24053844444;10240;10228
4082;25008681000;23553844444;24053844444;10240;10228
4083;25008690000;23553844444;24053844444;10240;10228
4084;25008834000;23595188888;24095188888;10240;10228
4085;25009039000;23595188888;24095188888;10240;10228
4086;25009047000;23595188888;24095188888;10240;10228
4087;25009279000;23595188888;24095188888;10240;10228
4088;25009283000;23595188888;24095188888;10240;10228
4089;25009477000;23595188888;24095188888;10240;10228
4090;25009498000;23595188888;24095188888;10240;10228
4095;25166358000;23636844444;24136844444;10240;10228
4096;25166370000;23636844444;24136844444;10240;10228
4097;25166376000;23636844444;24136844444;10240;10228
4098;25166380000;23636844444;24136844444;10240;10228
4099;25166384000;23636844444;24136844444;10240;10228
4100;25166389000;23636844444;24136844444;10240;10228
4101;25166398000;23636844444;24136844444;10240;10228
4103;25166491000;23637222222;24137222222;10240;10228
4104;25166514000;23637222222;24137222222;10240;10228
4105;25166521000;23637222222;24137222222;10240;10228
4106;25166527000;23678544444;24178544444;10240;10228
4107;25166533000;23678544444;24178544444;10240;10228
4091;25166551000;23595211111;24095211111;10240;10228
4108;25166555000;23678544444;24178544444;10240;10228
4109;25166561000;23678544444;24178544444;10240;10228
4110;25166569000;23678544444;24178544444;10240;10228
4111;25166573000;23678544444;24178544444;10240;10228
4112;25166577000;23678544444;24178544444;10240;10228
4113;25166582000;23678566666;24178566666;10240;10228
4114;25166653000;23678855555;24178855555;10240;10228
4115;25166665000;23678855555;24178855555;10240;10228
4116;25166671000;23678855555;24178855555;10240;10228
4117;25166686000;23720211111;24220211111;10240;10228
4118;25166690000;23720211111;24220211111;10240;10228
4119;25166695000;23720211111;24220211111;10240;10228
4120;25166700000;23720211111;24220211111;10240;10228
4092;25166704000;23595588888;24095588888;10240;10228
4121;25166730000;23720211111;24220211111;10240;10228
4122;25166746000;23720211111;24220211111;10240;10228
4123;25166776000;23720211111;24220211111;10240;10228
4124;25166791000;23720233333;24220233333;10240;10228
4125;25166796000;23720511111;24220511111;10240;10228
4095;25166908000;23636844444;24136844444;10240;10228
4096;25166937000;23636844444;24136844444;10240;10228
4097;25167093000;23636844444;24136844444;10240;10228
4126;25167119000;23720511111;24220511111;10240;10228
4098;25167312000;23636844444;24136844444;10240;10228
4099;25167339000;23636844444;24136844444;10240;10228
4100;25167490000;23636844444;24136844444;10240;10228
4101;25167509000;23636844444;24136844444;10240;10228
4103;25167693000;23637222222;24137222222;10240;10228
4106;25167713000;23678544444;24178544444;10240;10228
4107;25167897000;23678544444;24178544444;10240;10228
4108;25168125000;23678544444;24178544444;10240;10228
4109;25168137000;23678544444;24178544444;10240;10228
4110;25168349000;23678544444;24178544444;10240;10228
4111;25168370000;23678544444;24178544444;10240;10228
4112;25168553000;23678544444;24178544444;10240;10228
4113;25168573000;23678566666;24178566666;10240;10228
4114;25168758000;23678855555;24178855555;10240;10228
4115;25168769000;23678855555;24178855555;10240;10228
4116;25168927000;23678855555;24178855555;10240;10228
4117;25169161000;23720211111;24220211111;10240;10228
4118;25169182000;23720211111;24220211111;10240;10228
4119;25169366000;23720211111;24220211111;10240;10228
4120;25169386000;23720211111;24220211111;10240;10228
4121;25169585000;23720211111;24220211111;10240;10228
4127;25326634000;23720511111;24220511111;10240;10228
4128;25326643000;23761855555;24261855555;10240;10228
4129;25326650000;23761855555;24261855555;10240;10228
4130;25326657000;23761855555;24261855555;10240;10228
4131;25326678000;23761855555;24261855555;10240;10228
4132;25326684000;23761855555;24261855555;10240;10228
4133;25326689000;23761855555;24261855555;10240;10228
4134;25326708000;23761855555;24261855555;10240;10228
4135;25326714000;23761877777;24261877777;10240;10228
4137;25326804000;23762311111;24262311111;10240;10228
4138;25326827000;23762311111;24262311111;10240;10228
4139;25326845000;23803511111;24303511111;10240;10228
4140;25326852000;23803511111;24303511111;10240;10228
4141;25326859000;23803511111;24303511111;10240;10228
4142;25326865000;23803511111;24303511111;10240;10228
4143;25326870000;23803511111;24303511111;10240;10228
4122;25326875000;23720211111;24220211111;10240;10228
4145;25326891000;23803511111;24303511111;10240;10228
4146;25326900000;23803533333;24303533333;10240;10228
4147;25326911000;23803933333;24303933333;10240;10228
4148;25326916000;23803933333;24303933333;10240;10228
4149;25326926000;23803933333;24303933333;10240;10228
4150;25326932000;23845211111;24345211111;10240;10228
4151;25327022000;23845211111;24345211111;10240;10228
4152;25327037000;23845211111;24345211111;10240;10228
4153;25327071000;23845211111;24345211111;10240;10228
4154;25327077000;23845211111;24345211111;10240;10228
4155;25327082000;23845211111;24345211111;10240;10228
4156;25327086000;23845211111;24345211111;10240;10228
4157;25327099000;23845233333;24345233333;10240;10228
4125;25327252000;23720511111;24220511111;10240;10228
4158;25327272000;23845500000;24345500000;10240;10228
4126;25327455000;23720511111;24220511111;10240;10228
4127;25327466000;23720511111;24220511111;10240;10228
4128;25327651000;23761855555;24261855555;10240;10228
4129;25327672000;23761855555;24261855555;10240;10228
4130;25327855000;23761855555;24261855555;10240;10228
4131;25327876000;23761855555;24261855555;10240;10228
4132;25328059000;23761855555;24261855555;10240;10228
4133;25328276000;23761855555;24261855555;10240;10228
4134;25328285000;23761855555;24261855555;10240;10228
4135;25328472000;23761877777;24261877777;10240;10228
4136;25328490000;23762311111;24262311111;10240;10228
4138;25328674000;23762311111;24262311111;10240;10228
4139;25328710000;23803511111;24303511111;10240;10228
4140;25328855000;23803511111;24303511111;10240;10228
4141;25329059000;23803511111;24303511111;10240;10228
4142;25329075000;23803511111;24303511111;10240;10228
4143;25329298000;23803511111;24303511111;10240;10228
4144;25329302000;23803511111;24303511111;10240;10228
4145;25329505000;23803511111;24303511111;10240;10228
4146;25329510000;23803533333;24303533333;10240;10228
4147;25329708000;23803933333;24303933333;10240;10228
4149;25329712000;23803933333;24303933333;10240;10228
4150;25329877000;23845211111;24345211111;10240;10228
4152;25330090000;23845211111;24345211111;10240;10228
4159;25486910000;23845500000;24345500000;10240;10228
4160;25486925000;23845500000;24345500000;10240;10228
4162;25486931000;23886855555;24386855555;10240;10228
4163;25486938000;23886855555;24386855555;10240;10228
4164;25486952000;23886855555;24386855555;10240;10228
4165;25486957000;23886855555;24386855555;10240;10228
4166;25486961000;23886855555;24386855555;10240;10228
4167;25487037000;23886855555;24386855555;10240;10228
4168;25487066000;23886877777;24386877777;10240;10228
4169;25487083000;23887244444;24387244444;10240;10228
4170;25487088000;23887244444;24387244444;10240;10228
4171;25487093000;23887244444;24387244444;10240;10228
4172;25487106000;23928511111;24428511111;10240;10228
4173;25487112000;23928511111;24428511111;10240;10228
4174;25487116000;23928511111;24428511111;10240;10228
4175;25487130000;23928511111;24428511111;10240;10228
4154;25487135000;23845211111;24345211111;10240;10228
4177;25487154000;23928511111;24428511111;10240;10228
4178;25487160000;23928511111;24428511111;10240;10228
4179;25487180000;23928533333;24428533333;10240;10228
4155;25487318000;23845211111;24345211111;10240;10228
4269;25487451000;24262366666;24762366666;10240;10228
4270;25487463000;24262366666;24762366666;10240;10228
4271;25487467000;24303544444;24803544444;10240;10228
4272;25487520000;24303544444;24803544444;10240;10228
4273;25487537000;24303544444;24803544444;10240;10228
4274;25487544000;24303544444;24803544444;10240;10228
4275;25487548000;24303544444;24803544444;10240;10228
4276;25487552000;24303544444;24803544444;10240;10228
4156;25487557000;23845211111;24345211111;10240;10228
4157;25487574000;23845233333;24345233333;10240;10228
4277;25487580000;24303544444;24803544444;10240;10228
4278;25487594000;24303566666;24803566666;10240;10228
4158;25487730000;23845500000;24345500000;10240;10228
4159;25487740000;23845500000;24345500000;10240;10228
4160;25487891000;23845500000;24345500000;10240;10228
4161;25487910000;23886855555;24386855555;10240;10228
4163;25488096000;23886855555;24386855555;10240;10228
4164;25488324000;23886855555;24386855555;10240;10228
4165;25488362000;23886855555;24386855555;10240;10228
4167;25488545000;23886855555;24386855555;10240;10228
4168;25488582000;23886877777;24386877777;10240;10228
4169;25488752000;23887244444;24387244444;10240;10228
4172;25488763000;23928511111;24428511111;10240;10228
4173;25488941000;23928511111;24428511111;10240;10228
4174;25488951000;23928511111;24428511111;10240;10228
4175;25489170000;23928511111;24428511111;10240;10228
4176;25489364000;23928511111;24428511111;10240;10228
4178;25489401000;23928511111;24428511111;10240;10228
4179;25489568000;23928533333;24428533333;10240;10228
4269;25489590000;24262366666;24762366666;10240;10228
4270;25489773000;24262366666;24762366666;10240;10228
4271;25489785000;24303544444;24803544444;10240;10228
4272;25489963000;24303544444;24803544444;10240;10228
4273;25490192000;24303544444;24803544444;10240;10228
4279;25647188000;24303866666;24803866666;10240;10228
4280;25647199000;24303866666;24803866666;10240;10228
4281;25647206000;24303866666;24803866666;10240;10228
4282;25647210000;24345211111;24845211111;10240;10228
4283;25647214000;24345211111;24845211111;10240;10228
4284;25647222000;24345211111;24845211111;10240;10228
4285;25647233000;24345211111;24845211111;10240;10228
4288;25647297000;24345211111;24845211111;10240;10228
4289;25647315000;24345222222;24845222222;10240;10228
4290;25647321000;24345511111;24845511111;10240;10228
4291;25647325000;24345511111;24845511111;10240;10228
4292;25647354000;24345511111;24845511111;10240;10228
4293;25647360000;24386855555;24886855555;10240;10228
4294;25647376000;24386855555;24886855555;10240;10228
4295;25647381000;24386855555;24886855555;10240;10228
4274;25647387000;24303544444;24803544444;10240;10228
4296;25647397000;24386855555;24886855555;10240;10228
4299;25647457000;24386855555;24886855555;10240;10228
4275;25647600000;24303544444;24803544444;10240;10228
4301;25647720000;24387277777;24887277777;10240;10228
4302;25647747000;24387277777;24887277777;10240;10228
4303;25647764000;24387277777;24887277777;10240;10228
4304;25647771000;24428511111;24928511111;10240;10228
4305;25647791000;24428511111;24928511111;10240;10228
4276;25647811000;24303544444;24803544444;10240;10228
4277;25647829000;24303544444;24803544444;10240;10228
4278;25647842000;24303566666;24803566666;10240;10228
4306;25647850000;24428511111;24928511111;10240;10228
4307;25647873000;24428511111;24928511111;10240;10228
4308;25647878000;24428511111;24928511111;10240;10228
4309;25647889000;24428511111;24928511111;10240;10228
4310;25647894000;24428511111;24928511111;10240;10228
4279;25647974000;24303866666;24803866666;10240;10228
4280;25648211000;24303866666;24803866666;10240;10228
4281;25648240000;24303866666;24803866666;10240;10228
4282;25648407000;24345211111;24845211111;10240;10228
4283;25648428000;24345211111;24845211111;10240;10228
4284;25648602000;24345211111;24845211111;10240;10228
4285;25648807000;24345211111;24845211111;10240;10228
4286;25648826000;24345211111;24845211111;10240;10228
4287;25648996000;24345211111;24845211111;10240;10228
4288;25649016000;24345211111;24845211111;10240;10228
4289;25649237000;24345222222;24845222222;10240;10228
4292;25649256000;24345511111;24845511111;10240;10228
4293;25649440000;24386855555;24886855555;10240;10228
4294;25649447000;24386855555;24886855555;10240;10228
4295;25649644000;24386855555;24886855555;10240;10228
4296;25649849000;24386855555;24886855555;10240;10228
4297;25649855000;24386855555;24886855555;10240;10228
4298;25650019000;24386855555;24886855555;10240;10228
4299;25650260000;24386855555;24886855555;10240;10228
4301;25650265000;24387277777;24887277777;10240;10228
4302;25650465000;24387277777;24887277777;10240;10228
4303;25650470000;24387277777;24887277777;10240;10228
4304;25650668000;24428511111;24928511111;10240;10228
4311;25807473000;24428533333;24928533333;10240;10228
4312;25807494000;24428922222;24928922222;10240;10228
4316;25807587000;24470211111;24970211111;10240;10228
4317;25807604000;24470211111;24970211111;10240;10228
4318;25807610000;24470211111;24970211111;10240;10228
4319;25807615000;24470211111;24970211111;10240;10228
4320;25807619000;24470211111;24970211111;10240;10228
4321;25807633000;24470211111;24970211111;10240;10228
4306;25807730000;24428511111;24928511111;10240;10228
4325;25807743000;24470511111;24970511111;10240;10228
4326;25807759000;24511877777;25011877777;10240;10228
4327;25807764000;24511877777;25011877777;10240;10228
4328;25807778000;24511877777;25011877777;10240;10228
4329;25807784000;24511877777;25011877777;10240;10228
4330;25807794000;24511877777;25011877777;10240;10228
4331;25807799000;24511877777;25011877777;10240;10228
4307;25807897000;24428511111;24928511111;10240;10228
4332;25807925000;24511877777;25011877777;10240;10228
4333;25807932000;24511888888;25011888888;10240;10228
4334;25807968000;24512177777;25012177777;10240;10228
4337;25808033000;24553522222;25053522222;10240;10228
4338;25808055000;24553522222;25053522222;10240;10228
4339;25808070000;24553522222;25053522222;10240;10228
4340;25808077000;24553522222;25053522222;10240;10228
4308;25808119000;24428511111;24928511111;10240;10228
4309;25808141000;24428511111;24928511111;10240;10228
4341;25808226000;24553522222;25053522222;10240;10228
4342;25808238000;24553522222;25053522222;10240;10228
4343;25808243000;24553522222;25053522222;10240;10228
4310;25808324000;24428511111;24928511111;10240;10228
4311;25808350000;24428533333;24928533333;10240;10228
4312;25808509000;24428922222;24928922222;10240;10228
4313;25808547000;24428922222;24928922222;10240;10228
4314;25808713000;24428922222;24928922222;10240;10228
4315;25808750000;24470211111;24970211111;10240;10228
4316;25808916000;24470211111;24970211111;10240;10228
4317;25809138000;24470211111;24970211111;10240;10228
4318;25809154000;24470211111;24970211111;10240;10228
4319;25809340000;24470211111;24970211111;10240;10228
4320;25809365000;24470211111;24970211111;10240;10228
4321;25809537000;24470211111;24970211111;10240;10228
4322;25809557000;24470233333;24970233333;10240;10228
4323;25809740000;24470511111;24970511111;10240;10228
4325;25809924000;24470511111;24970511111;10240;10228
4326;25809935000;24511877777;25011877777;10240;10228
4327;25810154000;24511877777;25011877777;10240;10228
4328;25810165000;24511877777;25011877777;10240;10228
4329;25810353000;24511877777;25011877777;10240;10228
4330;25810372000;24511877777;25011877777;10240;10228
4331;25810558000;24511877777;25011877777;10240;10228
4333;25810577000;24511888888;25011888888;10240;10228
4334;25810761000;24512177777;25012177777;10240;10228
4335;25810948000;24512177777;25012177777;10240;10228
4337;25810960000;24553522222;25053522222;10240;10228
4344;25967726000;24553544444;25053544444;10240;10228
4345;25967738000;24553933333;25053933333;10240;10228
4346;25967803000;24553933333;25053933333;10240;10228
4347;25967813000;24553933333;25053933333;10240;10228
4348;25967819000;24595177777;25095177777;10240;10228
4349;25967829000;24595177777;25095177777;10240;10228
4350;25967834000;24595177777;25095177777;10240;10228
4351;25967838000;24595177777;25095177777;10240;10228
4353;25967929000;24595177777;25095177777;10240;10228
4354;25967939000;24595177777;25095177777;10240;10228
4355;25967944000;24595200000;25095200000;10240;10228
4338;25967948000;24553522222;25053522222;10240;10228
4356;25967953000;24595577777;25095577777;10240;10228
4357;25967957000;24595577777;25095577777;10240;10228
4358;25967979000;24595577777;25095577777;10240;10228
4359;25967984000;24636877777;25136877777;10240;10228
4360;25967988000;24636877777;25136877777;10240;10228
4362;25967994000;24636877777;25136877777;10240;10228
4363;25968067000;24636877777;25136877777;10240;10228
4364;25968089000;24636877777;25136877777;10240;10228
4365;25968095000;24636877777;25136877777;10240;10228
4339;25968131000;24553522222;25053522222;10240;10228
4340;25968157000;24553522222;25053522222;10240;10228
4366;25968180000;24636900000;25136900000;10240;10228
4367;25968187000;24637166666;25137166666;10240;10228
4368;25968203000;24637166666;25137166666;10240;10228
4369;25968207000;24637166666;25137166666;10240;10228
4370;25968211000;24678544444;25178544444;10240;10228
4371;25968215000;24678544444;25178544444;10240;10228
4372;25968299000;24678544444;25178544444;10240;10228
4341;25968327000;24553522222;25053522222;10240;10228
4375;25968430000;24678544444;25178544444;10240;10228
4376;25968442000;24678544444;25178544444;10240;10228
4343;25968529000;24553522222;25053522222;10240;10228
4344;25968749000;24553544444;25053544444;10240;10228
4345;25968784000;24553933333;25053933333;10240;10228
4346;25968928000;24553933333;25053933333;10240;10228
4347;25968950000;24553933333;25053933333;10240;10228
4348;25969140000;24595177777;25095177777;10240;10228
4349;25969379000;24595177777;25095177777;10240;10228
4350;25969415000;24595177777;25095177777;10240;10228
4351;25969542000;24595177777;25095177777;10240;10228
4353;25969558000;24595177777;25095177777;10240;10228
4354;25969780000;24595177777;25095177777;10240;10228
4355;25969791000;24595200000;25095200000;10240;10228
4356;25969958000;24595577777;25095577777;10240;10228
4357;25970197000;24595577777;25095577777;10240;10228
4358;25970218000;24595577777;25095577777;10240;10228
4359;25970401000;24636877777;25136877777;10240;10228
4360;25970422000;24636877777;25136877777;10240;10228
4361;25970606000;24636877777;25136877777;10240;10228
4362;25970626000;24636877777;25136877777;10240;10228
4363;25970804000;24636877777;25136877777;10240;10228
4364;25970981000;24636877777;25136877777;10240;10228
4365;25970992000;24636877777;25136877777;10240;10228
4366;25971220000;24636900000;25136900000;10240;10228
4367;25971240000;24637166666;25137166666;10240;10228
4368;25971419000;24637166666;25137166666;10240;10228
4369;25971440000;24637166666;25137166666;10240;10228
4370;25971639000;24678544444;25178544444;10240;10228
4377;26127999000;24678555555;25178555555;10240;10228
4378;26128010000;24678866666;25178866666;10240;10228
4379;26128015000;24678866666;25178866666;10240;10228
4382;26128028000;24720211111;25220211111;10240;10228
4383;26128128000;24720211111;25220211111;10240;10228
4384;26128138000;24720211111;25220211111;10240;10228
4385;26128143000;24720211111;25220211111;10240;10228
4388;26128158000;24720222222;25220222222;10240;10228
4389;26128163000;24720522222;25220522222;10240;10228
4390;26128167000;24720522222;25220522222;10240;10228
4391;26128170000;24720522222;25220522222;10240;10228
4392;26128177000;24761877777;25261877777;10240;10228
4371;26128188000;24678544444;25178544444;10240;10228
4393;26128209000;24761877777;25261877777;10240;10228
4394;26128214000;24761877777;25261877777;10240;10228
4395;26128290000;24761877777;25261877777;10240;10228
4396;26128300000;24761877777;25261877777;10240;10228
4397;26128304000;24761877777;25261877777;10240;10228
4398;26128308000;24761877777;25261877777;10240;10228
4400;26128378000;24762200000;25262200000;10240;10228
4401;26128390000;24762200000;25262200000;10240;10228
4402;26128395000;24762200000;25262200000;10240;10228
4403;26128409000;24803544444;25303544444;10240;10228
4372;26128417000;24678544444;25178544444;10240;10228
4373;26128432000;24678544444;25178544444;10240;10228
4405;26128438000;24803544444;25303544444;10240;10228
4406;26128574000;24803544444;25303544444;10240;10228
4407;26128582000;24803544444;25303544444;10240;10228
4408;26128600000;24803544444;25303544444;10240;10228
4409;26128617000;24803544444;25303544444;10240;10228
4376;26128809000;24678544444;25178544444;10240;10228
4377;26129018000;24678555555;25178555555;10240;10228
4378;26129028000;24678866666;25178866666;10240;10228
4379;26129209000;24678866666;25178866666;10240;10228
4380;26129244000;24678866666;25178866666;10240;10228
4381;26129440000;24720211111;25220211111;10240;10228
4382;26129633000;24720211111;25220211111;10240;10228
4384;26129670000;24720211111;25220211111;10240;10228
4385;26129837000;24720211111;25220211111;10240;10228
4386;26129866000;24720211111;25220211111;10240;10228
4387;26130026000;24720211111;25220211111;10240;10228
4388;26130066000;24720222222;25220222222;10240;10228
4389;26130259000;24720522222;25220522222;10240;10228
4390;26130457000;24720522222;25220522222;10240;10228
4391;26130478000;24720522222;25220522222;10240;10228
4393;26130659000;24761877777;25261877777;10240;10228
4394;26130680000;24761877777;25261877777;10240;10228
4395;26130864000;24761877777;25261877777;10240;10228
4396;26130877000;24761877777;25261877777;10240;10228
4398;26131045000;24761877777;25261877777;10240;10228
4399;26131262000;24761888888;25261888888;10240;10228
4400;26131275000;24762200000;25262200000;10240;10228
4401;26131467000;24762200000;25262200000;10240;10228
4402;26131484000;24762200000;25262200000;10240;10228
4410;26288251000;24803555555;25303555555;10240;10228
4411;26288259000;24803844444;25303844444;10240;10228
4414;26288309000;24845211111;25345211111;10240;10228
4415;26288326000;24845211111;25345211111;10240;10228
4416;26288344000;24845211111;25345211111;10240;10228
4417;26288360000;24845211111;25345211111;10240;10228
4418;26288363000;24845211111;25345211111;10240;10228
4420;26288434000;24845211111;25345211111;10240;10228
4421;26288444000;24845222222;25345222222;10240;10228
4422;26288449000;24845500000;25345500000;10240;10228
4423;26288463000;24845500000;25345500000;10240;10228
4424;26288468000;24845500000;25345500000;10240;10228
4425;26288471000;24886855555;25386855555;10240;10228
4426;26288476000;24886855555;25386855555;10240;10228
4427;26288480000;24886855555;25386855555;10240;10228
4404;26288486000;24803544444;25303544444;10240;10228
4428;26288550000;24886855555;25386855555;10240;10228
4429;26288561000;24886855555;25386855555;10240;10228
4430;26288582000;24886855555;25386855555;10240;10228
4431;26288588000;24886855555;25386855555;10240;10228
4432;26288592000;24886877777;25386877777;10240;10228
4433;26288670000;24887255555;25387255555;10240;10228
4434;26288692000;24887255555;25387255555;10240;10228
4435;26288696000;24887255555;25387255555;10240;10228
4405;26288702000;24803544444;25303544444;10240;10228
4406;26288706000;24803544444;25303544444;10240;10228
4436;26288711000;24928544444;25428544444;10240;10228
4437;26288715000;24928544444;25428544444;10240;10228
4438;26288719000;24928544444;25428544444;10240;10228
4439;26288790000;24928544444;25428544444;10240;10228
4440;26288801000;24928544444;25428544444;10240;10228
4441;26288838000;24928544444;25428544444;10240;10228
4442;26288846000;24928544444;25428544444;10240;10228
4409;26289076000;24803544444;25303544444;10240;10228
4410;26289261000;24803555555;25303555555;10240;10228
4411;26289331000;24803844444;25303844444;10240;10228
4412;26289487000;24803844444;25303844444;10240;10228
4413;26289525000;24803844444;25303844444;10240;10228
4416;26289697000;24845211111;25345211111;10240;10228
4417;26289893000;24845211111;25345211111;10240;10228
4418;26289920000;24845211111;25345211111;10240;10228
4419;26290091000;24845211111;25345211111;10240;10228
4421;26290127000;24845222222;25345222222;10240;10228
4422;26290310000;24845500000;25345500000;10240;10228
4423;26290322000;24845500000;25345500000;10240;10228
4424;26290516000;24845500000;25345500000;10240;10228
4425;26290714000;24886855555;25386855555;10240;10228
4426;26290734000;24886855555;25386855555;10240;10228
4427;26290917000;24886855555;25386855555;10240;10228
4428;26290927000;24886855555;25386855555;10240;10228
4429;26291137000;24886855555;25386855555;10240;10228
4430;26291147000;24886855555;25386855555;10240;10228
4431;26291329000;24886855555;25386855555;10240;10228
4432;26291348000;24886877777;25386877777;10240;10228
4433;26291538000;24887255555;25387255555;10240;10228
4434;26291745000;24887255555;25387255555;10240;10228
4443;26448544000;24928555555;25428555555;10240;10228
4444;26448555000;24928900000;25428900000;10240;10228
4445;26448560000;24928900000;25428900000;10240;10228
4446;26448564000;24928900000;25428900000;10240;10228
4447;26448569000;24970211111;25470211111;10240;10228
4448;26448583000;24970211111;25470211111;10240;10228
4449;26448588000;24970211111;25470211111;10240;10228
4450;26448596000;24970211111;25470211111;10240;10228
4451;26448612000;24970211111;25470211111;10240;10228
4453;26448617000;24970211111;25470211111;10240;10228
4454;26448722000;24970233333;25470233333;10240;10228
4455;26448734000;24970522222;25470522222;10240;10228
4456;26448749000;24970522222;25470522222;10240;10228
4457;26448753000;24970522222;25470522222;10240;10228
4458;26448757000;25011855555;25511855555;10240;10228
4459;26448760000;25011855555;25511855555;10240;10228
4460;26448766000;25011855555;25511855555;10240;10228
4437;26448770000;24928544444;25428544444;10240;10228
4461;26448791000;25011855555;25511855555;10240;10228
4462;26448795000;25011855555;25511855555;10240;10228
4463;26448800000;25011855555;25511855555;10240;10228
4464;26448816000;25011855555;25511855555;10240;10228
4465;26448831000;25011877777;25511877777;10240;10228
4466;26448836000;25012266666;25512266666;10240;10228
4467;26448904000;25012266666;25512266666;10240;10228
4468;26448917000;25012266666;25512266666;10240;10228
4469;26448923000;25053511111;25553511111;10240;10228
4470;26448937000;25053511111;25553511111;10240;10228
4471;26448941000;25053511111;25553511111;10240;10228
4472;26448962000;25053511111;25553511111;10240;10228
4473;26448967000;25053511111;25553511111;10240;10228
4474;26449077000;25053511111;25553511111;10240;10228
4475;26449087000;25053511111;25553511111;10240;10228
4442;26449386000;24928544444;25428544444;10240;10228
4443;26449568000;24928555555;25428555555;10240;10228
4444;26449597000;24928900000;25428900000;10240;10228
4445;26449765000;24928900000;25428900000;10240;10228
4446;26449802000;24928900000;25428900000;10240;10228
4447;26449969000;24970211111;25470211111;10240;10228
4448;26450182000;24970211111;25470211111;10240;10228
4449;26450210000;24970211111;25470211111;10240;10228
4450;26450380000;24970211111;25470211111;10240;10228
4452;26450417000;24970211111;25470211111;10240;10228
4453;26450583000;24970211111;25470211111;10240;10228
4454;26450605000;24970233333;25470233333;10240;10228
4455;26450786000;24970522222;25470522222;10240;10228
4456;26450980000;24970522222;25470522222;10240;10228
4457;26450990000;24970522222;25470522222;10240;10228
4458;26451200000;25011855555;25511855555;10240;10228
4459;26451220000;25011855555;25511855555;10240;10228
4460;26451401000;25011855555;25511855555;10240;10228
4461;26451422000;25011855555;25511855555;10240;10228
4462;26451615000;25011855555;25511855555;10240;10228
4463;26451813000;25011855555;25511855555;10240;10228
4464;26451822000;25011855555;25511855555;10240;10228
4465;26451999000;25011877777;25511877777;10240;10228
4466;26452011000;25012266666;25512266666;10240;10228
4467;26452245000;25012266666;25512266666;10240;10228
4468;26452255000;25012266666;25512266666;10240;10228
4469;26452454000;25053511111;25553511111;10240;10228
4476;26608828000;25053533333;25553533333;10240;10228
4477;26608843000;25053933333;25553933333;10240;10228
4478;26608847000;25053933333;25553933333;10240;10228
4479;26608857000;25053933333;25553933333;10240;10228
4480;26608876000;25095211111;25595211111;10240;10228
4481;26608882000;25095211111;25595211111;10240;10228
4482;26608893000;25095211111;25595211111;10240;10228
4483;26608898000;25095211111;25595211111;10240;10228
4484;26608908000;25095211111;25595211111;10240;10228
4485;26608913000;25095211111;25595211111;10240;10228
4486;26608932000;25095211111;25595211111;10240;10228
4487;26608991000;25095233333;25595233333;10240;10228
4489;26609003000;25095500000;25595500000;10240;10228
4490;26609011000;25095500000;25595500000;10240;10228
4470;26609027000;25053511111;25553511111;10240;10228
4491;26609034000;25136877777;25636877777;10240;10228
4492;26609039000;25136877777;25636877777;10240;10228
4493;26609107000;25136877777;25636877777;10240;10228
4494;26609119000;25136877777;25636877777;10240;10228
4495;26609124000;25136877777;25636877777;10240;10228
4496;26609129000;25136877777;25636877777;10240;10228
4497;26609135000;25136877777;25636877777;10240;10228
4498;26609139000;25136888888;25636888888;10240;10228
4499;26609144000;25137144444;25637144444;10240;10228
4500;26609147000;25137144444;25637144444;10240;10228
4501;26609160000;25137144444;25637144444;10240;10228
4502;26609164000;25178522222;25678522222;10240;10228
4503;26609169000;25178522222;25678522222;10240;10228
4471;26609235000;25053511111;25553511111;10240;10228
4504;26609260000;25178522222;25678522222;10240;10228
4505;26609269000;25178522222;25678522222;10240;10228
4506;26609277000;25178522222;25678522222;10240;10228
4508;26609285000;25178522222;25678522222;10240;10228
4509;26609340000;25178544444;25678544444;10240;10228
4510;26609355000;25178933333;25678933333;10240;10228
4475;26609624000;25053511111;25553511111;10240;10228
4476;26609819000;25053533333;25553533333;10240;10228
4477;26609828000;25053933333;25553933333;10240;10228
4478;26610009000;25053933333;25553933333;10240;10228
4479;26610282000;25053933333;25553933333;10240;10228
4480;26610309000;25095211111;25595211111;10240;10228
4481;26610477000;25095211111;25595211111;10240;10228
4483;26610514000;25095211111;25595211111;10240;10228
4484;26610675000;25095211111;25595211111;10240;10228
4485;26610710000;25095211111;25595211111;10240;10228
4487;26610878000;25095233333;25595233333;10240;10228
4488;26610905000;25095500000;25595500000;10240;10228
4489;26611070000;25095500000;25595500000;10240;10228
4490;26611304000;25095500000;25595500000;10240;10228
4491;26611316000;25136877777;25636877777;10240;10228
4492;26611503000;25136877777;25636877777;10240;10228
4493;26611524000;25136877777;25636877777;10240;10228
4494;26611705000;25136877777;25636877777;10240;10228
4495;26611726000;25136877777;25636877777;10240;10228
4496;26611919000;25136877777;25636877777;10240;10228
4497;26612186000;25136877777;25636877777;10240;10228
4498;26612198000;25136888888;25636888888;10240;10228
4499;26612212000;25137144444;25637144444;10240;10228
4500;26612327000;25137144444;25637144444;10240;10228
4501;26612511000;25137144444;25637144444;10240;10228
4502;26612518000;25178522222;25678522222;10240;10228
4511;26769100000;25178933333;25678933333;10240;10228
4512;26769116000;25178933333;25678933333;10240;10228
4514;26769124000;25220177777;25720177777;10240;10228
4515;26769146000;25220177777;25720177777;10240;10228
4516;26769156000;25220177777;25720177777;10240;10228
4517;26769168000;25220177777;25720177777;10240;10228
4518;26769189000;25220177777;25720177777;10240;10228
4519;26769198000;25220177777;25720177777;10240;10228
4521;26769302000;25220544444;25720544444;10240;10228
4522;26769323000;25220544444;25720544444;10240;10228
4523;26769348000;25220544444;25720544444;10240;10228
4524;26769358000;25261877777;25761877777;10240;10228
4503;26769366000;25178522222;25678522222;10240;10228
4525;26769391000;25261877777;25761877777;10240;10228
4526;26769410000;25261877777;25761877777;10240;10228
4527;26769455000;25261877777;25761877777;10240;10228
4528;26769485000;25261877777;25761877777;10240;10228
4529;26769516000;25261877777;25761877777;10240;10228
4530;26769535000;25261877777;25761877777;10240;10228
4531;26769553000;25261900000;25761900000;10240;10228
4532;26769566000;25262166666;25762166666;10240;10228
4533;26769586000;25262166666;25762166666;10240;10228
4534;26769595000;25262166666;25762166666;10240;10228
4535;26769609000;25303544444;25803544444;10240;10228
4536;26769617000;25303544444;25803544444;10240;10228
4537;26769636000;25303544444;25803544444;10240;10228
4504;26769644000;25178522222;25678522222;10240;10228
4505;26769668000;25178522222;25678522222;10240;10228
4538;26769686000;25303544444;25803544444;10240;10228
4539;26769708000;25303544444;25803544444;10240;10228
4540;26769731000;25303544444;25803544444;10240;10228
4541;26769756000;25303544444;25803544444;10240;10228
4542;26769773000;25303555555;25803555555;10240;10228
4543;26769786000;25303844444;25803844444;10240;10228
4544;26769805000;25303844444;25803844444;10240;10228
4510;26770131000;25178933333;25678933333;10240;10228
4511;26770304000;25178933333;25678933333;10240;10228
4512;26770323000;25178933333;25678933333;10240;10228
4513;26770507000;25220177777;25720177777;10240;10228
4514;26770758000;25220177777;25720177777;10240;10228
4515;26770784000;25220177777;25720177777;10240;10228
4516;26770924000;25220177777;25720177777;10240;10228
4517;26770951000;25220177777;25720177777;10240;10228
4518;26771161000;25220177777;25720177777;10240;10228
4519;26771196000;25220177777;25720177777;10240;10228
4520;26771360000;25220200000;25720200000;10240;10228
4521;26771396000;25220544444;25720544444;10240;10228
4522;26771584000;25220544444;25720544444;10240;10228
4523;26771807000;25220544444;25720544444;10240;10228
4524;26771834000;25261877777;25761877777;10240;10228
4525;26771952000;25261877777;25761877777;10240;10228
4526;26772173000;25261877777;25761877777;10240;10228
4527;26772192000;25261877777;25761877777;10240;10228
4528;26772377000;25261877777;25761877777;10240;10228
4529;26772396000;25261877777;25761877777;10240;10228
4530;26772582000;25261877777;25761877777;10240;10228
4532;26772602000;25262166666;25762166666;10240;10228
4533;26772785000;25262166666;25762166666;10240;10228
4534;26772973000;25262166666;25762166666;10240;10228
4535;26772984000;25303544444;25803544444;10240;10228
4536;26773187000;25303544444;25803544444;10240;10228
4537;26773193000;25303544444;25803544444;10240;10228
4545;26929354000;25303844444;25803844444;10240;10228
4546;26929370000;25345188888;25845188888;10240;10228
4547;26929384000;25345188888;25845188888;10240;10228
4549;26929391000;25345188888;25845188888;10240;10228
4550;26929418000;25345188888;25845188888;10240;10228
4556;26929565000;25345722222;25845722222;10240;10228
4557;26929581000;25386844444;25886844444;10240;10228
4538;26929592000;25303544444;25803544444;10240;10228
4558;26929615000;25386844444;25886844444;10240;10228
4559;26929629000;25386844444;25886844444;10240;10228
4560;26929638000;25386844444;25886844444;10240;10228
4561;26929707000;25386844444;25886844444;10240;10228
4562;26929733000;25386844444;25886844444;10240;10228
4563;26929744000;25386844444;25886844444;10240;10228
4564;26929766000;25386866666;25886866666;10240;10228
4539;26929776000;25303544444;25803544444;10240;10228
4540;26929987000;25303544444;25803544444;10240;10228
4541;26929998000;25303544444;25803544444;10240;10228
4654;26930023000;25720577777;26220577777;10240;10228
4655;26930038000;25720577777;26220577777;10240;10228
4656;26930066000;25761877777;26261877777;10240;10228
4657;26930081000;25761877777;26261877777;10240;10228
4658;26930103000;25761877777;26261877777;10240;10228
4660;26930126000;25761877777;26261877777;10240;10228
4661;26930149000;25761877777;26261877777;10240;10228
4662;26930159000;25761877777;26261877777;10240;10228
4663;26930183000;25761900000;26261900000;10240;10228
4542;26930192000;25303555555;25803555555;10240;10228
4543;26930204000;25303844444;25803844444;10240;10228
4664;26930222000;25762211111;26262211111;10240;10228
4665;26930240000;25762211111;26262211111;10240;10228
4666;26930249000;25762211111;26262211111;10240;10228
4544;26930373000;25303844444;25803844444;10240;10228
4545;26930388000;25303844444;25803844444;10240;10228
4546;26930574000;25345188888;25845188888;10240;10228
4547;26930590000;25345188888;25845188888;10240;10228
4548;26930769000;25345188888;25845188888;10240;10228
4549;26931019000;25345188888;25845188888;10240;10228
4550;26931062000;25345188888;25845188888;10240;10228
4551;26931235000;25345188888;25845188888;10240;10228
4552;26931259000;25345188888;25845188888;10240;10228
4553;26931421000;25345211111;25845211111;10240;10228
4554;26931455000;25345722222;25845722222;10240;10228
4555;26931627000;25345722222;25845722222;10240;10228
4556;26931661000;25345722222;25845722222;10240;10228
4558;26931831000;25386844444;25886844444;10240;10228
4559;26932009000;25386844444;25886844444;10240;10228
4560;26932037000;25386844444;25886844444;10240;10228
4561;26932253000;25386844444;25886844444;10240;10228
4562;26932279000;25386844444;25886844444;10240;10228
4563;26932454000;25386844444;25886844444;10240;10228
4564;26932488000;25386866666;25886866666;10240;10228
4653;26932648000;25720577777;26220577777;10240;10228
4654;26932842000;25720577777;26220577777;10240;10228
4655;26932854000;25720577777;26220577777;10240;10228
4656;26933021000;25761877777;26261877777;10240;10228
4657;26933029000;25761877777;26261877777;10240;10228
4658;26933227000;25761877777;26261877777;10240;10228
4659;26933445000;25761877777;26261877777;10240;10228
4667;27089667000;25803544444;26303544444;10240;10228
4668;27089683000;25803544444;26303544444;10240;10228
4669;27089705000;25803544444;26303544444;10240;10228
4670;27089716000;25803544444;26303544444;10240;10228
4671;27089725000;25803544444;26303544444;10240;10228
4674;27089830000;25803555555;26303555555;10240;10228
4675;27089853000;25803822222;26303822222;10240;10228
4676;27089861000;25803822222;26303822222;10240;10228
4677;27089869000;25803822222;26303822222;10240;10228
4678;27089888000;25845188888;26345188888;10240;10228
4679;27089900000;25845188888;26345188888;10240;10228
4680;27089908000;25845188888;26345188888;10240;10228
4660;27089916000;25761877777;26261877777;10240;10228
4681;27089940000;25845188888;26345188888;10240;10228
4682;27089950000;25845188888;26345188888;10240;10228
4683;27089959000;25845188888;26345188888;10240;10228
4684;27089967000;25845188888;26345188888;10240;10228
4685;27089976000;25845211111;26345211111;10240;10228
4686;27089989000;25845566666;26345566666;10240;10228
4661;27090059000;25761877777;26261877777;10240;10228
4687;27090283000;25845566666;26345566666;10240;10228
4688;27090300000;25845566666;26345566666;10240;10228
4689;27090309000;25886844444;26386844444;10240;10228
4662;27090324000;25761877777;26261877777;10240;10228
4690;27090350000;25886844444;26386844444;10240;10228
4665;27090369000;25762211111;26262211111;10240;10228
4691;27090408000;25886844444;26386844444;10240;10228
4692;27090450000;25886844444;26386844444;10240;10228
4694;27090469000;25886844444;26386844444;10240;10228
4695;27090494000;25886844444;26386844444;10240;10228
4696;27090508000;25886866666;26386866666;10240;10228
4697;27090519000;25887211111;26387211111;10240;10228
4698;27090538000;25887211111;26387211111;10240;10228
4699;27090560000;25887211111;26387211111;10240;10228
4700;27090579000;25928544444;26428544444;10240;10228
4667;27090586000;25803544444;26303544444;10240;10228
4668;27090609000;25803544444;26303544444;10240;10228
4669;27090689000;25803544444;26303544444;10240;10228
4670;27090709000;25803544444;26303544444;10240;10228
4671;27090854000;25803544444;26303544444;10240;10228
4672;27091053000;25803544444;26303544444;10240;10228
4673;27091071000;25803544444;26303544444;10240;10228
4674;27091316000;25803555555;26303555555;10240;10228
4675;27091343000;25803822222;26303822222;10240;10228
4676;27091507000;25803822222;26303822222;10240;10228
4677;27091543000;25803822222;26303822222;10240;10228
4678;27091716000;25845188888;26345188888;10240;10228
4682;27091752000;25845188888;26345188888;10240;10228
4683;27091920000;25845188888;26345188888;10240;10228
4684;27092141000;25845188888;26345188888;10240;10228
4685;27092151000;25845211111;26345211111;10240;10228
4686;27092339000;25845566666;26345566666;10240;10228
4687;27092351000;25845566666;26345566666;10240;10228
4688;27092538000;25845566666;26345566666;10240;10228
4689;27092559000;25886844444;26386844444;10240;10228
4690;27092749000;25886844444;26386844444;10240;10228
4691;27092947000;25886844444;26386844444;10240;10228
4693;27092957000;25886844444;26386844444;10240;10228
4701;27249929000;25928544444;26428544444;10240;10228
4702;27249943000;25928544444;26428544444;10240;10228
4703;27249952000;25928544444;26428544444;10240;10228
4704;27249969000;25928544444;26428544444;10240;10228
4705;27249979000;25928544444;26428544444;10240;10228
4706;27250017000;25928544444;26428544444;10240;10228
4707;27250027000;25928566666;26428566666;10240;10228
4708;27250035000;25928855555;26428855555;10240;10228
4709;27250050000;25928855555;26428855555;10240;10228
4710;27250095000;25928855555;26428855555;10240;10228
4711;27250127000;25970188888;26470188888;10240;10228
4712;27250160000;25970188888;26470188888;10240;10228
4694;27250170000;25886844444;26386844444;10240;10228
4714;27250180000;25970188888;26470188888;10240;10228
4715;27250189000;25970188888;26470188888;10240;10228
4716;27250208000;25970188888;26470188888;10240;10228
4717;27250219000;25970188888;26470188888;10240;10228
4719;27250238000;25970622222;26470622222;10240;10228
4720;27250245000;25970622222;26470622222;10240;10228
4695;27250333000;25886844444;26386844444;10240;10228
4696;27250358000;25886866666;26386866666;10240;10228
4721;27250496000;25970622222;26470622222;10240;10228
4722;27250517000;26011844444;26511844444;10240;10228
4723;27250539000;26011844444;26511844444;10240;10228
4697;27250558000;25887211111;26387211111;10240;10228
4724;27250583000;26011844444;26511844444;10240;10228
4725;27250602000;26011844444;26511844444;10240;10228
4726;27250655000;26011844444;26511844444;10240;10228
4727;27250698000;26011844444;26511844444;10240;10228
4699;27250736000;25887211111;26387211111;10240;10228
4700;27250757000;25928544444;26428544444;10240;10228
4729;27250762000;26011866666;26511866666;10240;10228
4731;27250778000;26012233333;26512233333;10240;10228
4732;27250821000;26012233333;26512233333;10240;10228
4733;27250835000;26053544444;26553544444;10240;10228
4734;27250848000;26053544444;26553544444;10240;10228
4701;27250938000;25928544444;26428544444;10240;10228
4702;27250958000;25928544444;26428544444;10240;10228
4703;27251149000;25928544444;26428544444;10240;10228
4704;27251186000;25928544444;26428544444;10240;10228
4707;27251345000;25928566666;26428566666;10240;10228
4708;27251362000;25928855555;26428855555;10240;10228
4709;27251551000;25928855555;26428855555;10240;10228
4710;27251757000;25928855555;26428855555;10240;10228
4711;27251763000;25970188888;26470188888;10240;10228
4712;27251945000;25970188888;26470188888;10240;10228
4713;27251950000;25970188888;26470188888;10240;10228
4715;27252180000;25970188888;26470188888;10240;10228
4716;27252386000;25970188888;26470188888;10240;10228
4717;27252392000;25970188888;26470188888;10240;10228
4718;27252591000;25970211111;26470211111;10240;10228
4719;27252596000;25970622222;26470622222;10240;10228
4720;27252795000;25970622222;26470622222;10240;10228
4721;27252801000;25970622222;26470622222;10240;10228
4722;27252985000;26011844444;26511844444;10240;10228
4723;27253204000;26011844444;26511844444;10240;10228
4725;27253211000;26011844444;26511844444;10240;10228
4727;27253407000;26011844444;26511844444;10240;10228
4735;27410189000;26053544444;26553544444;10240;10228
4736;27410203000;26053544444;26553544444;10240;10228
4737;27410211000;26053544444;26553544444;10240;10228
4739;27410239000;26053544444;26553544444;10240;10228
4740;27410248000;26053555555;26553555555;10240;10228
4741;27410257000;26053844444;26553844444;10240;10228
4742;27410264000;26053844444;26553844444;10240;10228
4743;27410284000;26053844444;26553844444;10240;10228
4744;27410293000;26095211111;26595211111;10240;10228
4745;27410342000;26095211111;26595211111;10240;10228
4746;27410352000;26095211111;26595211111;10240;10228
4748;27410360000;26095211111;26595211111;10240;10228
4728;27410390000;26011844444;26511844444;10240;10228
4749;27410417000;26095211111;26595211111;10240;10228
4750;27410439000;26095211111;26595211111;10240;10228
4751;27410459000;26095222222;26595222222;10240;10228
4752;27410496000;26095522222;26595522222;10240;10228
4753;27410505000;26095522222;26595522222;10240;10228
4754;27410531000;26095522222;26595522222;10240;10228
4755;27410539000;26136855555;26636855555;10240;10228
4729;27410598000;26011866666;26511866666;10240;10228
4730;27410621000;26012233333;26512233333;10240;10228
4756;27410742000;26136855555;26636855555;10240;10228
4757;27410751000;26136855555;26636855555;10240;10228
4758;27410800000;26136855555;26636855555;10240;10228
4759;27410809000;26136855555;26636855555;10240;10228
4760;27410822000;26136855555;26636855555;10240;10228
4731;27410840000;26012233333;26512233333;10240;10228
4763;27410863000;26137255555;26637255555;10240;10228
4764;27410968000;26137255555;26637255555;10240;10228
4732;27411000000;26012233333;26512233333;10240;10228
4733;27411020000;26053544444;26553544444;10240;10228
4765;27411037000;26137255555;26637255555;10240;10228
4766;27411081000;26178522222;26678522222;10240;10228
4767;27411088000;26178522222;26678522222;10240;10228
4768;27411106000;26178522222;26678522222;10240;10228
4769;27411185000;26178522222;26678522222;10240;10228
4734;27411223000;26053544444;26553544444;10240;10228
4736;27411248000;26053544444;26553544444;10240;10228
4737;27411404000;26053544444;26553544444;10240;10228
4738;27411424000;26053544444;26553544444;10240;10228
4739;27411609000;26053544444;26553544444;10240;10228
4740;27411626000;26053555555;26553555555;10240;10228
4741;27411847000;26053844444;26553844444;10240;10228
4742;27412019000;26053844444;26553844444;10240;10228
4743;27412026000;26053844444;26553844444;10240;10228
4744;27412272000;26095211111;26595211111;10240;10228
4745;27412286000;26095211111;26595211111;10240;10228
4746;27412469000;26095211111;26595211111;10240;10228
4748;27412503000;26095211111;26595211111;10240;10228
4749;27412683000;26095211111;26595211111;10240;10228
4750;27412862000;26095211111;26595211111;10240;10228
4751;27412874000;26095222222;26595222222;10240;10228
4753;27413067000;26095522222;26595522222;10240;10228
4754;27413079000;26095522222;26595522222;10240;10228
4755;27413275000;26136855555;26636855555;10240;10228
4756;27413294000;26136855555;26636855555;10240;10228
4757;27413487000;26136855555;26636855555;10240;10228
4758;27413682000;26136855555;26636855555;10240;10228
4759;27413705000;26136855555;26636855555;10240;10228
4760;27413886000;26136855555;26636855555;10240;10228
4761;27413906000;26136855555;26636855555;10240;10228
4770;27570459000;26178522222;26678522222;10240;10228
4771;27570475000;26178522222;26678522222;10240;10228
4772;27570494000;26178522222;26678522222;10240;10228
4774;27570503000;26178966666;26678966666;10240;10228
4775;27570511000;26178966666;26678966666;10240;10228
4776;27570533000;26178966666;26678966666;10240;10228
4777;27570562000;26220211111;26720211111;10240;10228
4778;27570571000;26220211111;26720211111;10240;10228
4779;27570592000;26220211111;26720211111;10240;10228
4762;27570620000;26136877777;26636877777;10240;10228
4780;27570632000;26220211111;26720211111;10240;10228
4781;27570660000;26220211111;26720211111;10240;10228
4782;27570670000;26220211111;26720211111;10240;10228
4783;27570681000;26220211111;26720211111;10240;10228
4784;27570701000;26220233333;26720233333;10240;10228
4786;27570710000;26220511111;26720511111;10240;10228
4787;27570726000;26220511111;26720511111;10240;10228
4788;27570739000;26261877777;26761877777;10240;10228
4789;27570767000;26261877777;26761877777;10240;10228
4790;27570777000;26261877777;26761877777;10240;10228
4763;27570787000;26137255555;26637255555;10240;10228
4791;27570950000;26261877777;26761877777;10240;10228
4792;27570970000;26261877777;26761877777;10240;10228
4793;27570978000;26261877777;26761877777;10240;10228
4764;27571005000;26137255555;26637255555;10240;10228
4765;27571014000;26137255555;26637255555;10240;10228
4794;27571026000;26261877777;26761877777;10240;10228
4795;27571068000;26261888888;26761888888;10240;10228
4796;27571078000;26262200000;26762200000;10240;10228
4797;27571101000;26262200000;26762200000;10240;10228
4798;27571110000;26262200000;26762200000;10240;10228
4799;27571181000;26303522222;26803522222;10240;10228
4800;27571192000;26303522222;26803522222;10240;10228
4766;27571212000;26178522222;26678522222;10240;10228
4767;27571238000;26178522222;26678522222;10240;10228
4801;27571313000;26303522222;26803522222;10240;10228
4802;27571338000;26303522222;26803522222;10240;10228
4803;27571347000;26303522222;26803522222;10240;10228
4804;27571362000;26303522222;26803522222;10240;10228
4769;27571609000;26178522222;26678522222;10240;10228
4770;27571635000;26178522222;26678522222;10240;10228
4771;27571805000;26178522222;26678522222;10240;10228
4772;27571823000;26178522222;26678522222;10240;10228
4773;27572011000;26178544444;26678544444;10240;10228
4774;27572028000;26178966666;26678966666;10240;10228
4775;27572200000;26178966666;26678966666;10240;10228
4776;27572462000;26178966666;26678966666;10240;10228
4777;27572497000;26220211111;26720211111;10240;10228
4778;27572667000;26220211111;26720211111;10240;10228
4779;27572696000;26220211111;26720211111;10240;10228
4780;27572863000;26220211111;26720211111;10240;10228
4781;27573055000;26220211111;26720211111;10240;10228
4782;27573086000;26220211111;26720211111;10240;10228
4784;27573100000;26220233333;26720233333;10240;10228
4786;27573276000;26220511111;26720511111;10240;10228
4787;27573477000;26220511111;26720511111;10240;10228
4788;27573483000;26261877777;26761877777;10240;10228
4789;27573676000;26261877777;26761877777;10240;10228
4790;27573682000;26261877777;26761877777;10240;10228
4791;27573887000;26261877777;26761877777;10240;10228
4792;27573893000;26261877777;26761877777;10240;10228
4793;27574107000;26261877777;26761877777;10240;10228
4794;27574296000;26261877777;26761877777;10240;10228
4795;27574301000;26261888888;26761888888;10240;10228
4796;27574502000;26262200000;26762200000;10240;10228
4805;27730718000;26303522222;26803522222;10240;10228
4806;27730733000;26303544444;26803544444;10240;10228
4807;27730742000;26303955555;26803955555;10240;10228
4808;27730761000;26303955555;26803955555;10240;10228
4809;27730772000;26303955555;26803955555;10240;10228
4810;27730780000;26345200000;26845200000;10240;10228
4811;27730835000;26345200000;26845200000;10240;10228
4812;27730846000;26345200000;26845200000;10240;10228
4813;27730865000;26345200000;26845200000;10240;10228
4814;27730874000;26345200000;26845200000;10240;10228
4816;27730896000;26345200000;26845200000;10240;10228
4817;27730930000;26345222222;26845222222;10240;10228
4818;27730965000;26345611111;26845611111;10240;10228
4819;27730978000;26345611111;26845611111;10240;10228
4820;27730998000;26345611111;26845611111;10240;10228
4821;27731014000;26386888888;26886888888;10240;10228
4797;27731023000;26262200000;26762200000;10240;10228
4822;27731068000;26386888888;26886888888;10240;10228
4823;27731094000;26386888888;26886888888;10240;10228
4824;27731125000;26386888888;26886888888;10240;10228
4825;27731143000;26386888888;26886888888;10240;10228
4798;27731158000;26262200000;26762200000;10240;10228
4826;27731198000;26386888888;26886888888;10240;10228
4827;27731218000;26386888888;26886888888;10240;10228
4828;27731229000;26386911111;26886911111;10240;10228
4830;27731277000;26387211111;26887211111;10240;10228
4831;27731327000;26387211111;26887211111;10240;10228
4799;27731346000;26303522222;26803522222;10240;10228
4832;27731369000;26428544444;26928544444;10240;10228
4800;27731406000;26303522222;26803522222;10240;10228
4833;27731433000;26428544444;26928544444;10240;10228
4834;27731442000;26428544444;26928544444;10240;10228
4836;27731519000;26428544444;26928544444;10240;10228
4837;27731528000;26428544444;26928544444;10240;10228
4802;27731566000;26303522222;26803522222;10240;10228
4838;27731589000;26428544444;26928544444;10240;10228
4839;27731608000;26428555555;26928555555;10240;10228
4840;27731626000;26428866666;26928866666;10240;10228
4804;27731757000;26303522222;26803522222;10240;10228
4805;27731936000;26303522222;26803522222;10240;10228
4806;27731943000;26303544444;26803544444;10240;10228
4807;27732148000;26303955555;26803955555;10240;10228
4808;27732356000;26303955555;26803955555;10240;10228
4809;27732393000;26303955555;26803955555;10240;10228
4811;27732551000;26345200000;26845200000;10240;10228
4812;27732570000;26345200000;26845200000;10240;10228
4813;27732756000;26345200000;26845200000;10240;10228
4814;27732962000;26345200000;26845200000;10240;10228
4815;27732978000;26345200000;26845200000;10240;10228
4816;27733219000;26345200000;26845200000;10240;10228
4817;27733244000;26345222222;26845222222;10240;10228
4818;27733414000;26345611111;26845611111;10240;10228
4819;27733434000;26345611111;26845611111;10240;10228
4820;27733616000;26345611111;26845611111;10240;10228
4821;27733636000;26386888888;26886888888;10240;10228
4822;27733777000;26386888888;26886888888;10240;10228
4823;27733983000;26386888888;26886888888;10240;10228
4824;27733988000;26386888888;26886888888;10240;10228
4825;27734219000;26386888888;26886888888;10240;10228
4826;27734224000;26386888888;26886888888;10240;10228
4827;27734421000;26386888888;26886888888;10240;10228
4828;27734426000;26386911111;26886911111;10240;10228
4829;27734632000;26387211111;26887211111;10240;10228
4830;27734652000;26387211111;26887211111;10240;10228
4831;27734829000;26387211111;26887211111;10240;10228
4841;27890996000;26428866666;26928866666;10240;10228
4842;27891013000;26428866666;26928866666;10240;10228
4843;27891036000;26470188888;26970188888;10240;10228
4844;27891055000;26470188888;26970188888;10240;10228
4845;27891101000;26470188888;26970188888;10240;10228
4846;27891111000;26470188888;26970188888;10240;10228
4847;27891119000;26470188888;26970188888;10240;10228
4848;27891140000;26470188888;26970188888;10240;10228
4849;27891150000;26470188888;26970188888;10240;10228
4850;27891157000;26470211111;26970211111;10240;10228
4851;27891188000;26470588888;26970588888;10240;10228
4852;27891207000;26470588888;26970588888;10240;10228
4853;27891215000;26470588888;26970588888;10240;10228
4854;27891234000;26511844444;27011844444;10240;10228
4855;27891244000;26511844444;27011844444;10240;10228
4832;27891252000;26428544444;26928544444;10240;10228
4856;27891277000;26511844444;27011844444;10240;10228
4857;27891320000;26511844444;27011844444;10240;10228
4858;27891337000;26511844444;27011844444;10240;10228
4859;27891366000;26511844444;27011844444;10240;10228
4860;27891384000;26511844444;27011844444;10240;10228
4861;27891411000;26511866666;27011866666;10240;10228
4862;27891421000;26512244444;27012244444;10240;10228
4834;27891431000;26428544444;26928544444;10240;10228
4863;27891472000;26512244444;27012244444;10240;10228
4864;27891510000;26512244444;27012244444;10240;10228
4865;27891537000;26553555555;27053555555;10240;10228
4866;27891554000;26553555555;27053555555;10240;10228
4867;27891569000;26553555555;27053555555;10240;10228
4868;27891597000;26553555555;27053555555;10240;10228
4869;27891616000;26553555555;27053555555;10240;10228
4835;27891629000;26428544444;26928544444;10240;10228
4836;27891653000;26428544444;26928544444;10240;10228
4870;27891709000;26553555555;27053555555;10240;10228
4872;27891736000;26553566666;27053566666;10240;10228
4873;27891766000;26553877777;27053877777;10240;10228
4874;27891794000;26553877777;27053877777;10240;10228
4875;27891831000;26553877777;27053877777;10240;10228
4840;27892034000;26428866666;26928866666;10240;10228
4841;27892223000;26428866666;26928866666;10240;10228
4842;27892247000;26428866666;26928866666;10240;10228
4843;27892403000;26470188888;26970188888;10240;10228
4844;27892623000;26470188888;26970188888;10240;10228
4845;27892642000;26470188888;26970188888;10240;10228
4846;27892853000;26470188888;26970188888;10240;10228
4847;27892872000;26470188888;26970188888;10240;10228
4850;27893034000;26470211111;26970211111;10240;10228
4851;27893059000;26470588888;26970588888;10240;10228
4852;27893279000;26470588888;26970588888;10240;10228
4853;27893299000;26470588888;26970588888;10240;10228
4854;27893475000;26511844444;27011844444;10240;10228
4855;27893680000;26511844444;27011844444;10240;10228
4857;27893685000;26511844444;27011844444;10240;10228
4858;27893885000;26511844444;27011844444;10240;10228
4859;27893891000;26511844444;27011844444;10240;10228
4860;27894057000;26511844444;27011844444;10240;10228
4861;27894305000;26511866666;27011866666;10240;10228
4862;27894312000;26512244444;27012244444;10240;10228
4863;27894329000;26512244444;27012244444;10240;10228
4864;27894499000;26512244444;27012244444;10240;10228
4865;27894699000;26553555555;27053555555;10240;10228
4866;27894704000;26553555555;27053555555;10240;10228
4867;27894903000;26553555555;27053555555;10240;10228
4876;28051252000;26595222222;27095222222;10240;10228
4877;28051279000;26595222222;27095222222;10240;10228
4878;28051295000;26595222222;27095222222;10240;10228
4879;28051304000;26595222222;27095222222;10240;10228
4880;28051330000;26595222222;27095222222;10240;10228
4881;28051349000;26595222222;27095222222;10240;10228
4882;28051360000;26595222222;27095222222;10240;10228
4883;28051368000;26595244444;27095244444;10240;10228
4884;28051376000;26595544444;27095544444;10240;10228
4885;28051398000;26595544444;27095544444;10240;10228
4886;28051427000;26595544444;27095544444;10240;10228
4887;28051460000;26636855555;27136855555;10240;10228
4888;28051470000;26636855555;27136855555;10240;10228
4889;28051488000;26636855555;27136855555;10240;10228
4890;28051500000;26636855555;27136855555;10240;10228
4868;28051511000;26553555555;27053555555;10240;10228
4891;28051528000;26636855555;27136855555;10240;10228
4892;28051538000;26636855555;27136855555;10240;10228
4893;28051545000;26636855555;27136855555;10240;10228
4894;28051587000;26636877777;27136877777;10240;10228
4895;28051596000;26637255555;27137255555;10240;10228
4896;28051604000;26637255555;27137255555;10240;10228
4897;28051647000;26637255555;27137255555;10240;10228
4898;28051666000;26678511111;27178511111;10240;10228
4869;28051673000;26553555555;27053555555;10240;10228
4900;28051697000;26678511111;27178511111;10240;10228
4901;28051767000;26678511111;27178511111;10240;10228
4902;28051777000;26678511111;27178511111;10240;10228
4904;28051853000;26678511111;27178511111;10240;10228
4905;28051872000;26678533333;27178533333;10240;10228
4906;28051881000;26678933333;27178933333;10240;10228
4870;28051900000;26553555555;27053555555;10240;10228
4871;28051910000;26553555555;27053555555;10240;10228
4907;28051922000;26678933333;27178933333;10240;10228
4908;28051948000;26678933333;27178933333;10240;10228
4909;28052004000;26720211111;27220211111;10240;10228
4874;28052085000;26553877777;27053877777;10240;10228
4875;28052270000;26553877777;27053877777;10240;10228
4876;28052287000;26595222222;27095222222;10240;10228
4877;28052475000;26595222222;27095222222;10240;10228
4879;28052674000;26595222222;27095222222;10240;10228
4880;28052681000;26595222222;27095222222;10240;10228
4881;28052877000;26595222222;27095222222;10240;10228
4882;28052895000;26595222222;27095222222;10240;10228
4883;28053066000;26595244444;27095244444;10240;10228
4884;28053085000;26595544444;27095544444;10240;10228
4885;28053295000;26595544444;27095544444;10240;10228
4887;28053493000;26636855555;27136855555;10240;10228
4888;28053501000;26636855555;27136855555;10240;10228
4889;28053699000;26636855555;27136855555;10240;10228
4890;28053704000;26636855555;27136855555;10240;10228
4891;28053900000;26636855555;27136855555;10240;10228
4892;28053909000;26636855555;27136855555;10240;10228
4893;28054114000;26636855555;27136855555;10240;10228
4894;28054128000;26636877777;27136877777;10240;10228
4895;28054309000;26637255555;27137255555;10240;10228
4896;28054515000;26637255555;27137255555;10240;10228
4897;28054523000;26637255555;27137255555;10240;10228
4899;28054719000;26678511111;27178511111;10240;10228
4900;28054736000;26678511111;27178511111;10240;10228
4901;28054927000;26678511111;27178511111;10240;10228
4902;28055136000;26678511111;27178511111;10240;10228
4911;28211604000;26720211111;27220211111;10240;10228
4912;28211634000;26720211111;27220211111;10240;10228
4913;28211648000;26720211111;27220211111;10240;10228
4914;28211663000;26720211111;27220211111;10240;10228
4915;28211673000;26720211111;27220211111;10240;10228
4916;28211680000;26720233333;27220233333;10240;10228
4917;28211689000;26720533333;27220533333;10240;10228
4918;28211707000;26720533333;27220533333;10240;10228
4919;28211714000;26720533333;27220533333;10240;10228
4920;28211736000;26761877777;27261877777;10240;10228
4921;28211747000;26761877777;27261877777;10240;10228
4922;28211773000;26761877777;27261877777;10240;10228
4923;28211783000;26761877777;27261877777;10240;10228
4924;28211793000;26761877777;27261877777;10240;10228
4925;28211800000;26761877777;27261877777;10240;10228
4926;28211818000;26761877777;27261877777;10240;10228
4903;28211827000;26678511111;27178511111;10240;10228
4927;28211854000;26761888888;27261888888;10240;10228
4928;28211874000;26762211111;27262211111;10240;10228
4929;28211900000;26762211111;27262211111;10240;10228
4930;28211960000;26762211111;27262211111;10240;10228
4931;28211979000;26803511111;27303511111;10240;10228
4932;28211986000;26803511111;27303511111;10240;10228
4933;28212010000;26803511111;27303511111;10240;10228
4934;28212020000;26803511111;27303511111;10240;10228
4935;28212028000;26803511111;27303511111;10240;10228
4936;28212076000;26803511111;27303511111;10240;10228
4937;28212086000;26803511111;27303511111;10240;10228
4904;28212138000;26678511111;27178511111;10240;10228
4905;28212162000;26678533333;27178533333;10240;10228
4938;28212180000;26803544444;27303544444;10240;10228
4939;28212189000;26803933333;27303933333;10240;10228
4940;28212197000;26803933333;27303933333;10240;10228
4941;28212215000;26803933333;27303933333;10240;10228
4942;28212231000;26845177777;27345177777;10240;10228
4943;28212244000;26845177777;27345177777;10240;10228
4944;28212271000;26845177777;27345177777;10240;10228
4909;28212539000;26720211111;27220211111;10240;10228
4910;28212558000;26720211111;27220211111;10240;10228
4911;28212742000;26720211111;27220211111;10240;10228
4912;28212751000;26720211111;27220211111;10240;10228
4913;28212944000;26720211111;27220211111;10240;10228
4914;28213206000;26720211111;27220211111;10240;10228
4915;28213218000;26720211111;27220211111;10240;10228
4916;28213222000;26720233333;27220233333;10240;10228
4917;28213407000;26720533333;27220533333;10240;10228
4918;28213597000;26720533333;27220533333;10240;10228
4919;28213616000;26720533333;27220533333;10240;10228
4920;28213802000;26761877777;27261877777;10240;10228
4921;28213812000;26761877777;27261877777;10240;10228
4922;28213979000;26761877777;27261877777;10240;10228
4923;28214182000;26761877777;27261877777;10240;10228
4924;28214193000;26761877777;27261877777;10240;10228
4925;28214387000;26761877777;27261877777;10240;10228
4926;28214592000;26761877777;27261877777;10240;10228
4927;28214612000;26761888888;27261888888;10240;10228
4928;28214826000;26762211111;27262211111;10240;10228
4929;28214838000;26762211111;27262211111;10240;10228
4930;28215000000;26762211111;27262211111;10240;10228
4931;28215012000;26803511111;27303511111;10240;10228
4932;28215235000;26803511111;27303511111;10240;10228
4933;28215256000;26803511111;27303511111;10240;10228
4934;28215445000;26803511111;27303511111;10240;10228
4935;28215466000;26803511111;27303511111;10240;10228
4936;28215606000;26803511111;27303511111;10240;10228
4945;28371857000;26845177777;27345177777;10240;10228
4946;28371870000;26845177777;27345177777;10240;10228
4947;28371878000;26845177777;27345177777;10240;10228
4948;28371896000;26845177777;27345177777;10240;10228
4937;28372080000;26803511111;27303511111;10240;10228
5028;28372193000;27137355555;27637355555;10240;10228
5029;28372245000;27137355555;27637355555;10240;10228
5030;28372267000;27178544444;27678544444;10240;10228
5031;28372287000;27178544444;27678544444;10240;10228
5032;28372297000;27178544444;27678544444;10240;10228
5033;28372304000;27178544444;27678544444;10240;10228
5034;28372314000;27178544444;27678544444;10240;10228
4938;28372321000;26803544444;27303544444;10240;10228
4939;28372329000;26803933333;27303933333;10240;10228
5035;28372377000;27178544444;27678544444;10240;10228
5036;28372403000;27178544444;27678544444;10240;10228
5037;28372421000;27178566666;27678566666;10240;10228
5038;28372452000;27178866666;27678866666;10240;10228
5039;28372473000;27178866666;27678866666;10240;10228
5040;28372498000;27178866666;27678866666;10240;10228
5041;28372509000;27220211111;27720211111;10240;10228
5042;28372517000;27220211111;27720211111;10240;10228
5043;28372529000;27220211111;27720211111;10240;10228
5044;28372550000;27220211111;27720211111;10240;10228
5045;28372561000;27220211111;27720211111;10240;10228
4940;28372568000;26803933333;27303933333;10240;10228
5046;28372591000;27220211111;27720211111;10240;10228
5047;28372615000;27220211111;27720211111;10240;10228
5048;28372624000;27220222222;27720222222;10240;10228
5049;28372647000;27220500000;27720500000;10240;10228
5051;28372659000;27220500000;27720500000;10240;10228
5052;28372680000;27261855555;27761855555;10240;10228
5053;28372693000;27261855555;27761855555;10240;10228
5054;28372706000;27261855555;27761855555;10240;10228
4942;28372726000;26845177777;27345177777;10240;10228
4943;28372871000;26845177777;27345177777;10240;10228
4944;28372896000;26845177777;27345177777;10240;10228
4945;28373063000;26845177777;27345177777;10240;10228
4946;28373282000;26845177777;27345177777;10240;10228
4947;28373316000;26845177777;27345177777;10240;10228
4948;28373525000;26845177777;27345177777;10240;10228
5027;28373570000;27137355555;27637355555;10240;10228
5028;28373708000;27137355555;27637355555;10240;10228
5029;28373744000;27137355555;27637355555;10240;10228
5030;28373913000;27178544444;27678544444;10240;10228
5031;28374129000;27178544444;27678544444;10240;10228
5032;28374156000;27178544444;27678544444;10240;10228
5033;28374338000;27178544444;27678544444;10240;10228
5034;28374360000;27178544444;27678544444;10240;10228
5035;28374544000;27178544444;27678544444;10240;10228
5036;28374565000;27178544444;27678544444;10240;10228
5037;28374748000;27178566666;27678566666;10240;10228
5038;28374771000;27178866666;27678866666;10240;10228
5039;28374953000;27178866666;27678866666;10240;10228
5040;28375127000;27178866666;27678866666;10240;10228
5043;28375139000;27220211111;27720211111;10240;10228
5044;28375348000;27220211111;27720211111;10240;10228
5045;28375355000;27220211111;27720211111;10240;10228
5047;28375553000;27220211111;27720211111;10240;10228
5048;28375560000;27220222222;27720222222;10240;10228
5057;28532108000;27261855555;27761855555;10240;10228
5058;28532123000;27261855555;27761855555;10240;10228
5059;28532131000;27261877777;27761877777;10240;10228
5060;28532154000;27262266666;27762266666;10240;10228
5061;28532164000;27262266666;27762266666;10240;10228
5062;28532173000;27262266666;27762266666;10240;10228
5049;28532314000;27220500000;27720500000;10240;10228
5063;28532371000;27303511111;27803511111;10240;10228
5064;28532382000;27303511111;27803511111;10240;10228
5071;28532490000;27303922222;27803922222;10240;10228
5050;28532502000;27220500000;27720500000;10240;10228
5073;28532565000;27303922222;27803922222;10240;10228
5074;28532618000;27345211111;27845211111;10240;10228
5075;28532661000;27345211111;27845211111;10240;10228
5076;28532673000;27345211111;27845211111;10240;10228
5077;28532691000;27345211111;27845211111;10240;10228
5051;28532723000;27220500000;27720500000;10240;10228
5052;28532748000;27261855555;27761855555;10240;10228
5080;28532763000;27345211111;27845211111;10240;10228
5081;28532809000;27345233333;27845233333;10240;10228
5082;28532846000;27345511111;27845511111;10240;10228
5083;28532857000;27345511111;27845511111;10240;10228
5084;28532875000;27345511111;27845511111;10240;10228
5085;28532904000;27386877777;27886877777;10240;10228
5086;28532913000;27386877777;27886877777;10240;10228
5087;28532931000;27386877777;27886877777;10240;10228
5088;28532943000;27386877777;27886877777;10240;10228
5089;28532954000;27386877777;27886877777;10240;10228
5090;28532967000;27386877777;27886877777;10240;10228
5054;28532989000;27261855555;27761855555;10240;10228
5055;28533122000;27261855555;27761855555;10240;10228
5056;28533155000;27261855555;27761855555;10240;10228
5058;28533325000;27261855555;27761855555;10240;10228
5059;28533359000;27261877777;27761877777;10240;10228
5060;28533531000;27262266666;27762266666;10240;10228
5061;28533738000;27262266666;27762266666;10240;10228
5062;28533764000;27262266666;27762266666;10240;10228
5063;28533924000;27303511111;27803511111;10240;10228
5064;28533942000;27303511111;27803511111;10240;10228
5065;28534145000;27303511111;27803511111;10240;10228
5066;28534372000;27303511111;27803511111;10240;10228
5067;28534395000;27303511111;27803511111;10240;10228
5069;28534600000;27303511111;27803511111;10240;10228
5070;28534623000;27303533333;27803533333;10240;10228
5071;28534801000;27303922222;27803922222;10240;10228
5072;28534835000;27303922222;27803922222;10240;10228
5073;28534975000;27303922222;27803922222;10240;10228
5074;28535008000;27345211111;27845211111;10240;10228
5075;28535213000;27345211111;27845211111;10240;10228
5076;28535225000;27345211111;27845211111;10240;10228
5077;28535419000;27345211111;27845211111;10240;10228
5078;28535633000;27345211111;27845211111;10240;10228
5079;28535658000;27345211111;27845211111;10240;10228
5080;28535822000;27345211111;27845211111;10240;10228
5081;28535841000;27345233333;27845233333;10240;10228
5091;28692418000;27386877777;27886877777;10240;10228
5092;28692431000;27386900000;27886900000;10240;10228
5093;28692440000;27387200000;27887200000;10240;10228
5094;28692462000;27387200000;27887200000;10240;10228
5095;28692473000;27387200000;27887200000;10240;10228
5096;28692481000;27428522222;27928522222;10240;10228
5097;28692489000;27428522222;27928522222;10240;10228
5098;28692504000;27428522222;27928522222;10240;10228
5099;28692605000;27428522222;27928522222;10240;10228
5100;28692634000;27428522222;27928522222;10240;10228
5083;28692648000;27345511111;27845511111;10240;10228
5101;28692658000;27428522222;27928522222;10240;10228
5102;28692666000;27428522222;27928522222;10240;10228
5103;28692689000;27428544444;27928544444;10240;10228
5104;28692699000;27428955555;27928955555;10240;10228
5105;28692708000;27428955555;27928955555;10240;10228
5106;28692715000;27428955555;27928955555;10240;10228
5107;28692735000;27470177777;27970177777;10240;10228
5108;28692746000;27470177777;27970177777;10240;10228
5109;28692764000;27470177777;27970177777;10240;10228
5084;28692798000;27345511111;27845511111;10240;10228
5110;28692823000;27470177777;27970177777;10240;10228
5112;28692884000;27470177777;27970177777;10240;10228
5113;28692904000;27470177777;27970177777;10240;10228
5114;28692988000;27470200000;27970200000;10240;10228
5115;28693007000;27470566666;27970566666;10240;10228
5116;28693017000;27470566666;27970566666;10240;10228
5117;28693025000;27470566666;27970566666;10240;10228
5085;28693077000;27386877777;27886877777;10240;10228
5086;28693113000;27386877777;27886877777;10240;10228
5118;28693131000;27511877777;28011877777;10240;10228
5119;28693158000;27511877777;28011877777;10240;10228
5120;28693188000;27511877777;28011877777;10240;10228
5122;28693208000;27511877777;28011877777;10240;10228
5123;28693226000;27511877777;28011877777;10240;10228
5124;28693241000;27511877777;28011877777;10240;10228
5125;28693249000;27511900000;28011900000;10240;10228
5126;28693262000;27512177777;28012177777;10240;10228
5127;28693271000;27512177777;28012177777;10240;10228
5090;28693421000;27386877777;27886877777;10240;10228
5091;28693601000;27386877777;27886877777;10240;10228
5092;28693618000;27386900000;27886900000;10240;10228
5093;28693804000;27387200000;27887200000;10240;10228
5094;28694009000;27387200000;27887200000;10240;10228
5095;28694029000;27387200000;27887200000;10240;10228
5096;28694215000;27428522222;27928522222;10240;10228
5097;28694234000;27428522222;27928522222;10240;10228
5098;28694460000;27428522222;27928522222;10240;10228
5099;28694497000;27428522222;27928522222;10240;10228
5100;28694659000;27428522222;27928522222;10240;10228
5101;28694844000;27428522222;27928522222;10240;10228
5102;28694864000;27428522222;27928522222;10240;10228
5103;28695017000;27428544444;27928544444;10240;10228
5105;28695039000;27428955555;27928955555;10240;10228
5106;28695289000;27428955555;27928955555;10240;10228
5107;28695310000;27470177777;27970177777;10240;10228
5108;28695495000;27470177777;27970177777;10240;10228
5109;28695692000;27470177777;27970177777;10240;10228
5110;28695711000;27470177777;27970177777;10240;10228
5111;28695889000;27470177777;27970177777;10240;10228
5113;28695899000;27470177777;27970177777;10240;10228
5114;28696080000;27470200000;27970200000;10240;10228
5116;28696090000;27470566666;27970566666;10240;10228
5117;28696314000;27470566666;27970566666;10240;10228
5128;28852677000;27512177777;28012177777;10240;10228
5129;28852698000;27553544444;28053544444;10240;10228
5130;28852720000;27553544444;28053544444;10240;10228
5131;28852730000;27553544444;28053544444;10240;10228
5132;28852737000;27553544444;28053544444;10240;10228
5133;28852748000;27553544444;28053544444;10240;10228
5136;28852796000;27553555555;28053555555;10240;10228
5137;28852807000;27553855555;28053855555;10240;10228
5138;28852860000;27553855555;28053855555;10240;10228
5139;28852869000;27553855555;28053855555;10240;10228
5140;28852906000;27595188888;28095188888;10240;10228
5118;28852916000;27511877777;28011877777;10240;10228
5141;28852942000;27595188888;28095188888;10240;10228
5142;28852960000;27595188888;28095188888;10240;10228
5143;28852998000;27595188888;28095188888;10240;10228
5144;28853016000;27595188888;28095188888;10240;10228
5145;28853068000;27595188888;28095188888;10240;10228
5146;28853087000;27595188888;28095188888;10240;10228
5147;28853113000;27595211111;28095211111;10240;10228
5119;28853140000;27511877777;28011877777;10240;10228
5149;28853164000;27595588888;28095588888;10240;10228
5120;28853185000;27511877777;28011877777;10240;10228
5150;28853221000;27595588888;28095588888;10240;10228
5153;28853245000;27636844444;28136844444;10240;10228
5121;28853296000;27511877777;28011877777;10240;10228
5154;28853351000;27636844444;28136844444;10240;10228
5155;28853369000;27636844444;28136844444;10240;10228
5156;28853382000;27636844444;28136844444;10240;10228
5157;28853406000;27636844444;28136844444;10240;10228
5158;28853415000;27636866666;28136866666;10240;10228
5159;28853425000;27637222222;28137222222;10240;10228
5160;28853454000;27637222222;28137222222;10240;10228
5161;28853478000;27637222222;28137222222;10240;10228
5162;28853527000;27678544444;28178544444;10240;10228
5163;28853538000;27678544444;28178544444;10240;10228
5127;28853900000;27512177777;28012177777;10240;10228
5128;28853920000;27512177777;28012177777;10240;10228
5129;28854118000;27553544444;28053544444;10240;10228
5130;28854316000;27553544444;28053544444;10240;10228
5131;28854353000;27553544444;28053544444;10240;10228
5132;28854513000;27553544444;28053544444;10240;10228
5133;28854531000;27553544444;28053544444;10240;10228
5134;28854717000;27553544444;28053544444;10240;10228
5135;28854924000;27553544444;28053544444;10240;10228
5136;28854940000;27553555555;28053555555;10240;10228
5137;28855166000;27553855555;28053855555;10240;10228
5138;28855181000;27553855555;28053855555;10240;10228
5140;28855375000;27595188888;28095188888;10240;10228
5141;28855410000;27595188888;28095188888;10240;10228
5142;28855580000;27595188888;28095188888;10240;10228
5143;28855599000;27595188888;28095188888;10240;10228
5144;28855778000;27595188888;28095188888;10240;10228
5145;28855953000;27595188888;28095188888;10240;10228
5146;28855964000;27595188888;28095188888;10240;10228
5147;28856174000;27595211111;28095211111;10240;10228
5148;28856181000;27595588888;28095588888;10240;10228
5149;28856383000;27595588888;28095588888;10240;10228
5150;28856388000;27595588888;28095588888;10240;10228
5151;28856595000;27636844444;28136844444;10240;10228
5152;28856613000;27636844444;28136844444;10240;10228
5153;28856791000;27636844444;28136844444;10240;10228
5154;28856966000;27636844444;28136844444;10240;10228
5164;29012945000;27678544444;28178544444;10240;10228
5165;29012958000;27678544444;28178544444;10240;10228
5166;29012967000;27678544444;28178544444;10240;10228
5167;29012988000;27678544444;28178544444;10240;10228
5168;29012997000;27678544444;28178544444;10240;10228
5169;29013004000;27678566666;28178566666;10240;10228
5170;29013025000;27678866666;28178866666;10240;10228
5171;29013035000;27678866666;28178866666;10240;10228
5173;29013069000;27720211111;28220211111;10240;10228
5174;29013113000;27720211111;28220211111;10240;10228
5175;29013151000;27720211111;28220211111;10240;10228
5176;29013161000;27720211111;28220211111;10240;10228
5177;29013189000;27720211111;28220211111;10240;10228
5178;29013199000;27720211111;28220211111;10240;10228
5179;29013206000;27720211111;28220211111;10240;10228
5180;29013220000;27720222222;28220222222;10240;10228
5155;29013228000;27636844444;28136844444;10240;10228
5181;29013241000;27720522222;28220522222;10240;10228
5182;29013260000;27720522222;28220522222;10240;10228
5183;29013268000;27720522222;28220522222;10240;10228
5184;29013339000;27761855555;28261855555;10240;10228
5185;29013349000;27761855555;28261855555;10240;10228
5156;29013367000;27636844444;28136844444;10240;10228
5186;29013415000;27761855555;28261855555;10240;10228
5187;29013429000;27761855555;28261855555;10240;10228
5188;29013441000;27761855555;28261855555;10240;10228
5189;29013464000;27761855555;28261855555;10240;10228
5190;29013513000;27761855555;28261855555;10240;10228
5157;29013570000;27636844444;28136844444;10240;10228
5158;29013594000;27636866666;28136866666;10240;10228
5191;29013611000;27761877777;28261877777;10240;10228
5192;29013621000;27762300000;28262300000;10240;10228
5193;29013648000;27762300000;28262300000;10240;10228
5194;29013662000;27762300000;28262300000;10240;10228
5195;29013668000;27803511111;28303511111;10240;10228
5196;29013676000;27803511111;28303511111;10240;10228
5197;29013732000;27803511111;28303511111;10240;10228
5198;29013758000;27803511111;28303511111;10240;10228
5199;29013779000;27803511111;28303511111;10240;10228
5163;29013981000;27678544444;28178544444;10240;10228
5164;29014179000;27678544444;28178544444;10240;10228
5165;29014204000;27678544444;28178544444;10240;10228
5166;29014383000;27678544444;28178544444;10240;10228
5168;29014583000;27678544444;28178544444;10240;10228
5169;29014600000;27678566666;28178566666;10240;10228
5170;29014786000;27678866666;28178866666;10240;10228
5171;29014805000;27678866666;28178866666;10240;10228
5172;29014976000;27678866666;28178866666;10240;10228
5173;29014994000;27720211111;28220211111;10240;10228
5174;29015204000;27720211111;28220211111;10240;10228
5177;29015401000;27720211111;28220211111;10240;10228
5178;29015411000;27720211111;28220211111;10240;10228
5179;29015604000;27720211111;28220211111;10240;10228
5180;29015614000;27720222222;28220222222;10240;10228
5181;29015809000;27720522222;28220522222;10240;10228
5182;29015819000;27720522222;28220522222;10240;10228
5183;29016000000;27720522222;28220522222;10240;10228
5185;29016218000;27761855555;28261855555;10240;10228
5186;29016226000;27761855555;28261855555;10240;10228
5187;29016423000;27761855555;28261855555;10240;10228
5188;29016432000;27761855555;28261855555;10240;10228
5189;29016667000;27761855555;28261855555;10240;10228
5190;29016685000;27761855555;28261855555;10240;10228
5200;29173246000;27803511111;28303511111;10240;10228
5201;29173259000;27803511111;28303511111;10240;10228
5202;29173268000;27803533333;28303533333;10240;10228
5203;29173301000;27803911111;28303911111;10240;10228
5204;29173312000;27803911111;28303911111;10240;10228
5206;29173352000;27845211111;28345211111;10240;10228
5191;29173385000;27761877777;28261877777;10240;10228
5207;29173420000;27845211111;28345211111;10240;10228
5208;29173430000;27845211111;28345211111;10240;10228
5209;29173442000;27845211111;28345211111;10240;10228
5210;29173463000;27845211111;28345211111;10240;10228
5211;29173473000;27845211111;28345211111;10240;10228
5212;29173485000;27845211111;28345211111;10240;10228
5213;29173506000;27845233333;28345233333;10240;10228
5214;29173518000;27845511111;28345511111;10240;10228
5215;29173533000;27845511111;28345511111;10240;10228
5216;29173541000;27845511111;28345511111;10240;10228
5217;29173574000;27886877777;28386877777;10240;10228
5218;29173592000;27886877777;28386877777;10240;10228
5193;29173608000;27762300000;28262300000;10240;10228
5219;29173633000;27886877777;28386877777;10240;10228
5221;29173682000;27886877777;28386877777;10240;10228
5222;29173709000;27886877777;28386877777;10240;10228
5223;29173717000;27886877777;28386877777;10240;10228
5224;29173730000;27886888888;28386888888;10240;10228
5225;29173738000;27887177777;28387177777;10240;10228
5226;29173763000;27887177777;28387177777;10240;10228
5195;29173789000;27803511111;28303511111;10240;10228
5196;29173826000;27803511111;28303511111;10240;10228
5228;29173871000;27928522222;28428522222;10240;10228
5230;29173892000;27928522222;28428522222;10240;10228
5231;29173905000;27928522222;28428522222;10240;10228
5232;29173919000;27928522222;28428522222;10240;10228
5233;29173944000;27928522222;28428522222;10240;10228
5234;29173953000;27928522222;28428522222;10240;10228
5235;29173975000;27928544444;28428544444;10240;10228
5236;29173993000;27928966666;28428966666;10240;10228
5198;29174016000;27803511111;28303511111;10240;10228
5237;29174039000;27928966666;28428966666;10240;10228
5199;29174197000;27803511111;28303511111;10240;10228
5200;29174401000;27803511111;28303511111;10240;10228
5201;29174438000;27803511111;28303511111;10240;10228
5202;29174596000;27803533333;28303533333;10240;10228
5203;29174615000;27803911111;28303911111;10240;10228
5204;29174802000;27803911111;28303911111;10240;10228
5205;29174820000;27803911111;28303911111;10240;10228
5206;29175008000;27845211111;28345211111;10240;10228
5207;29175221000;27845211111;28345211111;10240;10228
5208;29175248000;27845211111;28345211111;10240;10228
5209;29175418000;27845211111;28345211111;10240;10228
5210;29175437000;27845211111;28345211111;10240;10228
5211;29175622000;27845211111;28345211111;10240;10228
5212;29175641000;27845211111;28345211111;10240;10228
5213;29175828000;27845233333;28345233333;10240;10228
5214;29175837000;27845511111;28345511111;10240;10228
5215;29176015000;27845511111;28345511111;10240;10228
5216;29176237000;27845511111;28345511111;10240;10228
5217;29176243000;27886877777;28386877777;10240;10228
5218;29176441000;27886877777;28386877777;10240;10228
5219;29176447000;27886877777;28386877777;10240;10228
5220;29176646000;27886877777;28386877777;10240;10228
5221;29176852000;27886877777;28386877777;10240;10228
5222;29176857000;27886877777;28386877777;10240;10228
5223;29177040000;27886877777;28386877777;10240;10228
5224;29177049000;27886888888;28386888888;10240;10228
5238;29333472000;27928966666;28428966666;10240;10228
5239;29333484000;27970177777;28470177777;10240;10228
5240;29333508000;27970177777;28470177777;10240;10228
5241;29333518000;27970177777;28470177777;10240;10228
5242;29333525000;27970177777;28470177777;10240;10228
5243;29333561000;27970177777;28470177777;10240;10228
5245;29333570000;27970177777;28470177777;10240;10228
5246;29333609000;27970200000;28470200000;10240;10228
5247;29333619000;27970588888;28470588888;10240;10228
5248;29333668000;27970588888;28470588888;10240;10228
5249;29333686000;27970588888;28470588888;10240;10228
5250;29333693000;28011877777;28511877777;10240;10228
5251;29333712000;28011877777;28511877777;10240;10228
5227;29333722000;27887177777;28387177777;10240;10228
5252;29333746000;28011877777;28511877777;10240;10228
5253;29333770000;28011877777;28511877777;10240;10228
5254;29333806000;28011877777;28511877777;10240;10228
5255;29333831000;28011877777;28511877777;10240;10228
5256;29333849000;28011877777;28511877777;10240;10228
5257;29333884000;28011900000;28511900000;10240;10228
5258;29333904000;28012200000;28512200000;10240;10228
5259;29333921000;28012200000;28512200000;10240;10228
5260;29333934000;28012200000;28512200000;10240;10228
5261;29333946000;28053522222;28553522222;10240;10228
5228;29333959000;27928522222;28428522222;10240;10228
5229;29333983000;27928522222;28428522222;10240;10228
5262;29334002000;28053522222;28553522222;10240;10228
5263;29334060000;28053522222;28553522222;10240;10228
5264;29334098000;28053522222;28553522222;10240;10228
5265;29334158000;28053522222;28553522222;10240;10228
5267;29334166000;28053522222;28553522222;10240;10228
5268;29334178000;28053544444;28553544444;10240;10228
5270;29334205000;28053966666;28553966666;10240;10228
5271;29334216000;28053966666;28553966666;10240;10228
5272;29334223000;28095188888;28595188888;10240;10228
5273;29334244000;28095188888;28595188888;10240;10228
5274;29334262000;28095188888;28595188888;10240;10228
5237;29334915000;27928966666;28428966666;10240;10228
5238;29335116000;27928966666;28428966666;10240;10228
5239;29335153000;27970177777;28470177777;10240;10228
5240;29335308000;27970177777;28470177777;10240;10228
5241;29335346000;27970177777;28470177777;10240;10228
5242;29335505000;27970177777;28470177777;10240;10228
5243;29335711000;27970177777;28470177777;10240;10228
5244;29335728000;27970177777;28470177777;10240;10228
5245;29335915000;27970177777;28470177777;10240;10228
5247;29335933000;27970588888;28470588888;10240;10228
5248;29336128000;27970588888;28470588888;10240;10228
5249;29336165000;27970588888;28470588888;10240;10228
5250;29336324000;28011877777;28511877777;10240;10228
5251;29336531000;28011877777;28511877777;10240;10228
5252;29336548000;28011877777;28511877777;10240;10228
5253;29336734000;28011877777;28511877777;10240;10228
5254;29336744000;28011877777;28511877777;10240;10228
5255;29336938000;28011877777;28511877777;10240;10228
5256;29337187000;28011877777;28511877777;10240;10228
5257;29337198000;28011900000;28511900000;10240;10228
5258;29337203000;28012200000;28512200000;10240;10228
5259;29337400000;28012200000;28512200000;10240;10228
5260;29337598000;28012200000;28512200000;10240;10228
5261;29337617000;28053522222;28553522222;10240;10228
5262;29337787000;28053522222;28553522222;10240;10228
5263;29337792000;28053522222;28553522222;10240;10228
5264;29337996000;28053522222;28553522222;10240;10228
5275;29493723000;28095188888;28595188888;10240;10228
5276;29493738000;28095188888;28595188888;10240;10228
5277;29493758000;28095188888;28595188888;10240;10228
5278;29493768000;28095188888;28595188888;10240;10228
5279;29493776000;28095211111;28595211111;10240;10228
5281;29493789000;28095611111;28595611111;10240;10228
5282;29493801000;28095611111;28595611111;10240;10228
5284;29493830000;28136877777;28636877777;10240;10228
5285;29493841000;28136877777;28636877777;10240;10228
5286;29493863000;28136877777;28636877777;10240;10228
5287;29493894000;28136877777;28636877777;10240;10228
5288;29493914000;28136877777;28636877777;10240;10228
5289;29493945000;28136877777;28636877777;10240;10228
5290;29493963000;28136888888;28636888888;10240;10228
5265;29493991000;28053522222;28553522222;10240;10228
5291;29493999000;28137188888;28637188888;10240;10228
5292;29494007000;28137188888;28637188888;10240;10228
5293;29494027000;28137188888;28637188888;10240;10228
5294;29494036000;28178533333;28678533333;10240;10228
5295;29494077000;28178533333;28678533333;10240;10228
5296;29494086000;28178533333;28678533333;10240;10228
5298;29494142000;28178533333;28678533333;10240;10228
5266;29494151000;28053522222;28553522222;10240;10228
5299;29494179000;28178533333;28678533333;10240;10228
5300;29494227000;28178533333;28678533333;10240;10228
5301;29494283000;28178555555;28678555555;10240;10228
5302;29494292000;28178866666;28678866666;10240;10228
5303;29494314000;28178866666;28678866666;10240;10228
5267;29494346000;28053522222;28553522222;10240;10228
5268;29494359000;28053544444;28553544444;10240;10228
5304;29494368000;28178866666;28678866666;10240;10228
5305;29494377000;28220188888;28720188888;10240;10228
5306;29494414000;28220188888;28720188888;10240;10228
5308;29494423000;28220188888;28720188888;10240;10228
5309;29494439000;28220188888;28720188888;10240;10228
5310;29494456000;28220188888;28720188888;10240;10228
5311;29494469000;28220188888;28720188888;10240;10228
5274;29494952000;28095188888;28595188888;10240;10228
5275;29495159000;28095188888;28595188888;10240;10228
5276;29495356000;28095188888;28595188888;10240;10228
5277;29495377000;28095188888;28595188888;10240;10228
5278;29495562000;28095188888;28595188888;10240;10228
5279;29495579000;28095211111;28595211111;10240;10228
5281;29495766000;28095611111;28595611111;10240;10228
5282;29495785000;28095611111;28595611111;10240;10228
5283;29495955000;28136877777;28636877777;10240;10228
5284;29496175000;28136877777;28636877777;10240;10228
5285;29496194000;28136877777;28636877777;10240;10228
5286;29496379000;28136877777;28636877777;10240;10228
5287;29496398000;28136877777;28636877777;10240;10228
5288;29496585000;28136877777;28636877777;10240;10228
5290;29496604000;28136888888;28636888888;10240;10228
5291;29496791000;28137188888;28637188888;10240;10228
5292;29496798000;28137188888;28637188888;10240;10228
5293;29496979000;28137188888;28637188888;10240;10228
5294;29497201000;28178533333;28678533333;10240;10228
5295;29497208000;28178533333;28678533333;10240;10228
5296;29497405000;28178533333;28678533333;10240;10228
5297;29497418000;28178533333;28678533333;10240;10228
5298;29497608000;28178533333;28678533333;10240;10228
5299;29497840000;28178533333;28678533333;10240;10228
5300;29497849000;28178533333;28678533333;10240;10228
5301;29498026000;28178555555;28678555555;10240;10228
5312;29653993000;28220211111;28720211111;10240;10228
5313;29654009000;28220611111;28720611111;10240;10228
5314;29654018000;28220611111;28720611111;10240;10228
5315;29654042000;28220611111;28720611111;10240;10228
5316;29654073000;28261844444;28761844444;10240;10228
5317;29654108000;28261844444;28761844444;10240;10228
5318;29654127000;28261844444;28761844444;10240;10228
5319;29654137000;28261844444;28761844444;10240;10228
5320;29654179000;28261844444;28761844444;10240;10228
5321;29654188000;28261844444;28761844444;10240;10228
5322;29654196000;28261844444;28761844444;10240;10228
5323;29654216000;28261877777;28761877777;10240;10228
5412;29654233000;28595711111;29095711111;10240;10228
5302;29654244000;28178866666;28678866666;10240;10228
5413;29654265000;28595711111;29095711111;10240;10228
5414;29654275000;28595711111;29095711111;10240;10228
5415;29654285000;28636888888;29136888888;10240;10228
5416;29654293000;28636888888;29136888888;10240;10228
5417;29654327000;28636888888;29136888888;10240;10228
5418;29654336000;28636888888;29136888888;10240;10228
5419;29654358000;28636888888;29136888888;10240;10228
5420;29654388000;28636888888;29136888888;10240;10228
5421;29654396000;28636888888;29136888888;10240;10228
5303;29654424000;28178866666;28678866666;10240;10228
5422;29654432000;28636900000;29136900000;10240;10228
5423;29654447000;28637200000;29137200000;10240;10228
5424;29654456000;28637200000;29137200000;10240;10228
5425;29654479000;28637200000;29137200000;10240;10228
5426;29654488000;28678544444;29178544444;10240;10228
5427;29654504000;28678544444;29178544444;10240;10228
5428;29654520000;28678544444;29178544444;10240;10228
5429;29654529000;28678544444;29178544444;10240;10228
5430;29654542000;28678544444;29178544444;10240;10228
5431;29654586000;28678544444;29178544444;10240;10228
5432;29654609000;28678544444;29178544444;10240;10228
5433;29654618000;28678566666;29178566666;10240;10228
5434;29654638000;28678866666;29178866666;10240;10228
5436;29654663000;28678866666;29178866666;10240;10228
5437;29654673000;28720177777;29220177777;10240;10228
5313;29655419000;28220611111;28720611111;10240;10228
5314;29655445000;28220611111;28720611111;10240;10228
5315;29655615000;28220611111;28720611111;10240;10228
5316;29655632000;28261844444;28761844444;10240;10228
5317;29655818000;28261844444;28761844444;10240;10228
5318;29656010000;28261844444;28761844444;10240;10228
5319;29656028000;28261844444;28761844444;10240;10228
5320;29656240000;28261844444;28761844444;10240;10228
5321;29656269000;28261844444;28761844444;10240;10228
5322;29656436000;28261844444;28761844444;10240;10228
5323;29656459000;28261877777;28761877777;10240;10228
5412;29656639000;28595711111;29095711111;10240;10228
5413;29656657000;28595711111;29095711111;10240;10228
5414;29656843000;28595711111;29095711111;10240;10228
5415;29657034000;28636888888;29136888888;10240;10228
5417;29657056000;28636888888;29136888888;10240;10228
5418;29657251000;28636888888;29136888888;10240;10228
5419;29657257000;28636888888;29136888888;10240;10228
5420;29657492000;28636888888;29136888888;10240;10228
5421;29657498000;28636888888;29136888888;10240;10228
5422;29657695000;28636900000;29136900000;10240;10228
5423;29657702000;28637200000;29137200000;10240;10228
5424;29657900000;28637200000;29137200000;10240;10228
5425;29658080000;28637200000;29137200000;10240;10228
5426;29658086000;28678544444;29178544444;10240;10228
5438;29814332000;28720177777;29220177777;10240;10228
5439;29814346000;28720177777;29220177777;10240;10228
5440;29814357000;28720177777;29220177777;10240;10228
5441;29814365000;28720177777;29220177777;10240;10228
5442;29814383000;28720177777;29220177777;10240;10228
5443;29814396000;28720177777;29220177777;10240;10228
5444;29814404000;28720200000;29220200000;10240;10228
5445;29814413000;28720488888;29220488888;10240;10228
5446;29814441000;28720488888;29220488888;10240;10228
5447;29814452000;28720488888;29220488888;10240;10228
5448;29814460000;28761844444;29261844444;10240;10228
5449;29814507000;28761844444;29261844444;10240;10228
5450;29814517000;28761844444;29261844444;10240;10228
5451;29814526000;28761844444;29261844444;10240;10228
5427;29814544000;28678544444;29178544444;10240;10228
5452;29814571000;28761844444;29261844444;10240;10228
5453;29814591000;28761844444;29261844444;10240;10228
5454;29814608000;28761844444;29261844444;10240;10228
5455;29814628000;28761855555;29261855555;10240;10228
5456;29814668000;28762166666;29262166666;10240;10228
5458;29814692000;28762166666;29262166666;10240;10228
5459;29814717000;28803544444;29303544444;10240;10228
5460;29814771000;28803544444;29303544444;10240;10228
5461;29814790000;28803544444;29303544444;10240;10228
5428;29814828000;28678544444;29178544444;10240;10228
5463;29814852000;28803544444;29303544444;10240;10228
5464;29814887000;28803544444;29303544444;10240;10228
5465;29814928000;28803544444;29303544444;10240;10228
5466;29814948000;28803566666;29303566666;10240;10228
5468;29814980000;28803855555;29303855555;10240;10228
5469;29814991000;28803855555;29303855555;10240;10228
5470;29815005000;28845222222;29345222222;10240;10228
5471;29815018000;28845222222;29345222222;10240;10228
5472;29815039000;28845222222;29345222222;10240;10228
5473;29815071000;28845222222;29345222222;10240;10228
5474;29815095000;28845222222;29345222222;10240;10228
5475;29815117000;28845222222;29345222222;10240;10228
5437;29815721000;28720177777;29220177777;10240;10228
5438;29815924000;28720177777;29220177777;10240;10228
5439;29815932000;28720177777;29220177777;10240;10228
5440;29816136000;28720177777;29220177777;10240;10228
5441;29816174000;28720177777;29220177777;10240;10228
5442;29816341000;28720177777;29220177777;10240;10228
5443;29816540000;28720177777;29220177777;10240;10228
5444;29816557000;28720200000;29220200000;10240;10228
5445;29816744000;28720488888;29220488888;10240;10228
5447;29816762000;28720488888;29220488888;10240;10228
5448;29816948000;28761844444;29261844444;10240;10228
5449;29816966000;28761844444;29261844444;10240;10228
5450;29817161000;28761844444;29261844444;10240;10228
5451;29817200000;28761844444;29261844444;10240;10228
5452;29817366000;28761844444;29261844444;10240;10228
5453;29817562000;28761844444;29261844444;10240;10228
5454;29817569000;28761844444;29261844444;10240;10228
5455;29817767000;28761855555;29261855555;10240;10228
5456;29817772000;28762166666;29262166666;10240;10228
5457;29817954000;28762166666;29262166666;10240;10228
5458;29817972000;28762166666;29262166666;10240;10228
5459;29818218000;28803544444;29303544444;10240;10228
5460;29818239000;28803544444;29303544444;10240;10228
5461;29818432000;28803544444;29303544444;10240;10228
5462;29818640000;28803544444;29303544444;10240;10228
5463;29818665000;28803544444;29303544444;10240;10228
5464;29818827000;28803544444;29303544444;10240;10228
5476;29974572000;28845222222;29345222222;10240;10228
5477;29974588000;28845244444;29345244444;10240;10228
5478;29974597000;28845522222;29345522222;10240;10228
5479;29974620000;28845522222;29345522222;10240;10228
5480;29974629000;28845522222;29345522222;10240;10228
5481;29974636000;28886855555;29386855555;10240;10228
5482;29974644000;28886855555;29386855555;10240;10228
5483;29974677000;28886855555;29386855555;10240;10228
5484;29974690000;28886855555;29386855555;10240;10228
5485;29974700000;28886855555;29386855555;10240;10228
5486;29974726000;28886855555;29386855555;10240;10228
5466;29974735000;28803566666;29303566666;10240;10228
5487;29974745000;28886855555;29386855555;10240;10228
5488;29974774000;28886877777;29386877777;10240;10228
5489;29974785000;28887266666;29387266666;10240;10228
5490;29974802000;28887266666;29387266666;10240;10228
5491;29974811000;28887266666;29387266666;10240;10228
5492;29974823000;28928511111;29428511111;10240;10228
5493;29974853000;28928511111;29428511111;10240;10228
5494;29974864000;28928511111;29428511111;10240;10228
5495;29974881000;28928511111;29428511111;10240;10228
5468;29974913000;28803855555;29303855555;10240;10228
5497;29974935000;28928511111;29428511111;10240;10228
5498;29974956000;28928511111;29428511111;10240;10228
5499;29974961000;28928533333;29428533333;10240;10228
5469;29975127000;28803855555;29303855555;10240;10228
5470;29975153000;28845222222;29345222222;10240;10228
5475;29975728000;28845222222;29345222222;10240;10228
5476;29975922000;28845222222;29345222222;10240;10228
5477;29975942000;28845244444;29345244444;10240;10228
5480;29976173000;28845522222;29345522222;10240;10228
5481;29976194000;28886855555;29386855555;10240;10228
5482;29976375000;28886855555;29386855555;10240;10228
5484;29976396000;28886855555;29386855555;10240;10228
5485;29976590000;28886855555;29386855555;10240;10228
5486;29976777000;28886855555;29386855555;10240;10228
5487;29976789000;28886855555;29386855555;10240;10228
5488;29976954000;28886877777;29386877777;10240;10228
5489;29976966000;28887266666;29387266666;10240;10228
5491;29977195000;28887266666;29387266666;10240;10228
5492;29977216000;28928511111;29428511111;10240;10228
5493;29977408000;28928511111;29428511111;10240;10228
5494;29977602000;28928511111;29428511111;10240;10228
5495;29977623000;28928511111;29428511111;10240;10228
5497;29977801000;28928511111;29428511111;10240;10228
5499;29977811000;28928533333;29428533333;10240;10228
