seqnum;now;rtptime;deadline;packet_len;payload_len
0;3302227000;3260833333;3760833333;10240;10228
4;3302325000;3292044444;3792044444;10240;10228
6;3302382000;3292044444;3792044444;10240;10228
8;3302389000;3292044444;3792044444;10240;10228
10;3302393000;3292100000;3792100000;10240;10228
1;3302400000;3260833333;3760833333;10240;10228
3;3302630000;3292044444;3792044444;10240;10228
5;3302811000;3292044444;3792044444;10240;10228
7;3302832000;3292044444;3792044444;10240;10228
9;3303014000;3292044444;3792044444;10240;10228
2;3323993000;3260833333;3760833333;10240;10228
12;3343897000;3292477777;3792477777;10240;10228
14;3343933000;3333711111;3833711111;10240;10228
16;3343940000;3333711111;3833711111;10240;10228
18;3343951000;3333711111;3833711111;10240;10228
20;3343962000;3333711111;3833711111;10240;10228
11;3344065000;3292477777;3792477777;10240;10228
13;3344244000;3292477777;3792477777;10240;10228
15;3344493000;3333711111;3833711111;10240;10228
17;3344503000;3333711111;3833711111;10240;10228
19;3344660000;3333711111;3833711111;10240;10228
21;3344686000;3333755555;3833755555;10240;10228
22;3385585000;3334133333;3834133333;10240;10228
24;3385614000;3334133333;3834133333;10240;10228
26;3385631000;3375377777;3875377777;10240;10228
28;3385637000;3375377777;3875377777;10240;10228
30;3385652000;3375377777;3875377777;10240;10228
32;3385657000;3375422222;3875422222;10240;10228
23;3385707000;3334133333;3834133333;10240;10228
25;3385902000;3375377777;3875377777;10240;10228
27;3386102000;3375377777;3875377777;10240;10228
29;3386129000;3375377777;3875377777;10240;10228
31;3386311000;3375377777;3875377777;10240;10228
34;3427224000;3375744444;3875744444;10240;10228
36;3427251000;3417044444;3917044444;10240;10228
38;3427268000;3417044444;3917044444;10240;10228
40;3427274000;3417044444;3917044444;10240;10228
42;3427279000;3417044444;3917044444;10240;10228
33;3427372000;3375744444;3875744444;10240;10228
35;3427575000;3375744444;3875744444;10240;10228
37;3427770000;3417044444;3917044444;10240;10228
39;3427792000;3417044444;3917044444;10240;10228
41;3427974000;3417044444;3917044444;10240;10228
43;3427996000;3417088888;3917088888;10240;10228
44;3468936000;3417444444;3917444444;10240;10228
46;3468958000;3417444444;3917444444;10240;10228
48;3468968000;3458711111;3958711111;10240;10228
50;3468979000;3458711111;3958711111;10240;10228
52;3468984000;3458711111;3958711111;10240;10228
54;3468988000;3458755555;3958755555;10240;10228
45;3469070000;3417444444;3917444444;10240;10228
47;3469277000;3458711111;3958711111;10240;10228
49;3469305000;3458711111;3958711111;10240;10228
51;3469492000;3458711111;3958711111;10240;10228
53;3469686000;3458711111;3958711111;10240;10228
56;3510566000;3459066666;3959066666;10240;10228
58;3510597000;3500377777;4000377777;10240;10228
60;3510614000;3500377777;4000377777;10240;10228
62;3510620000;3500377777;4000377777;10240;10228
64;3510626000;3500377777;4000377777;10240;10228
55;3510709000;3459066666;3959066666;10240;10228
57;3510904000;3459066666;3959066666;10240;10228
59;3511110000;3500377777;4000377777;10240;10228
61;3511136000;3500377777;4000377777;10240;10228
65;3511327000;3500422222;4000422222;10240;10228
66;3552271000;3500711111;4000711111;10240;10228
68;3552296000;3500711111;4000711111;10240;10228
70;3552319000;3542044444;4042044444;10240;10228
72;3552339000;3542044444;4042044444;10240;10228
74;3552344000;3542044444;4042044444;10240;10228
76;3552349000;3542088888;4042088888;10240;10228
67;3552465000;3500711111;4000711111;10240;10228
69;3552594000;3542044444;4042044444;10240;10228
71;3552807000;3542044444;4042044444;10240;10228
73;3552829000;3542044444;4042044444;10240;10228
75;3553010000;3542044444;4042044444;10240;10228
63;3572896000;3500377777;4000377777;10240;10228
78;3593889000;3542444444;4042444444;10240;10228
80;3593918000;3583711111;4083711111;10240;10228
84;3593933000;3583711111;4083711111;10240;10228
86;3593938000;3583711111;4083711111;10240;10228
77;3594107000;3542444444;4042444444;10240;10228
79;3594275000;3542444444;4042444444;10240;10228
81;3594492000;3583711111;4083711111;10240;10228
83;3594516000;3583711111;4083711111;10240;10228
85;3594684000;3583711111;4083711111;10240;10228
87;3594693000;3583755555;4083755555;10240;10228
88;3635526000;3584066666;4084066666;10240;10228
90;3635536000;3584066666;4084066666;10240;10228
92;3635560000;3625377777;4125377777;10240;10228
94;3635575000;3625377777;4125377777;10240;10228
98;3635579000;3625433333;4125433333;10240;10228
89;3635741000;3584066666;4084066666;10240;10228
91;3635922000;3625377777;4125377777;10240;10228
93;3636168000;3625377777;4125377777;10240;10228
95;3636174000;3625377777;4125377777;10240;10228
97;3636185000;3625377777;4125377777;10240;10228
100;3677262000;3625722222;4125722222;10240;10228
102;3677331000;3667044444;4167044444;10240;10228
104;3677340000;3667044444;4167044444;10240;10228
106;3677345000;3667044444;4167044444;10240;10228
108;3677364000;3667044444;4167044444;10240;10228
99;3677408000;3625722222;4125722222;10240;10228
101;3677597000;3625722222;4125722222;10240;10228
103;3677808000;3667044444;4167044444;10240;10228
105;3677827000;3667044444;4167044444;10240;10228
107;3678012000;3667044444;4167044444;10240;10228
109;3678021000;3667088888;4167088888;10240;10228
96;3697723000;3625377777;4125377777;10240;10228
110;3718876000;3667377777;4167377777;10240;10228
112;3718888000;3667377777;4167377777;10240;10228
114;3718908000;3708711111;4208711111;10240;10228
116;3718915000;3708711111;4208711111;10240;10228
118;3718920000;3708711111;4208711111;10240;10228
120;3718924000;3708755555;4208755555;10240;10228
111;3719057000;3667377777;4167377777;10240;10228
113;3719274000;3708711111;4208711111;10240;10228
115;3719302000;3708711111;4208711111;10240;10228
117;3719437000;3708711111;4208711111;10240;10228
122;3760515000;3709055555;4209055555;10240;10228
124;3760540000;3750377777;4250377777;10240;10228
126;3760557000;3750377777;4250377777;10240;10228
128;3760563000;3750377777;4250377777;10240;10228
130;3760583000;3750377777;4250377777;10240;10228
121;3760730000;3709055555;4209055555;10240;10228
123;3760900000;3709055555;4209055555;10240;10228
125;3761117000;3750377777;4250377777;10240;10228
127;3761128000;3750377777;4250377777;10240;10228
131;3761304000;3750422222;4250422222;10240;10228
132;3802190000;3750711111;4250711111;10240;10228
134;3802202000;3750711111;4250711111;10240;10228
136;3802223000;3792044444;4292044444;10240;10228
138;3802229000;3792044444;4292044444;10240;10228
140;3802243000;3792044444;4292044444;10240;10228
142;3802253000;3792088888;4292088888;10240;10228
133;3802399000;3750711111;4250711111;10240;10228
135;3802583000;3792044444;4292044444;10240;10228
137;3802772000;3792044444;4292044444;10240;10228
139;3802783000;3792044444;4292044444;10240;10228
141;3802986000;3792044444;4292044444;10240;10228
129;3823083000;3750377777;4250377777;10240;10228
144;3843841000;3792411111;4292411111;10240;10228
146;3843869000;3833711111;4333711111;10240;10228
148;3843875000;3833711111;4333711111;10240;10228
150;3843880000;3833711111;4333711111;10240;10228
152;3843894000;3833711111;4333711111;10240;10228
143;3844083000;3792411111;4292411111;10240;10228
145;3844260000;3792411111;4292411111;10240;10228
147;3844285000;3833711111;4333711111;10240;10228
149;3844434000;3833711111;4333711111;10240;10228
151;3844628000;3833711111;4333711111;10240;10228
153;3844654000;3833755555;4333755555;10240;10228
154;3885510000;3834077777;4334077777;10240;10228
158;3885521000;3875377777;4375377777;10240;10228
160;3885545000;3875377777;4375377777;10240;10228
164;3885564000;3875422222;4375422222;10240;10228
155;3885733000;3834077777;4334077777;10240;10228
157;3885936000;3875377777;4375377777;10240;10228
159;3885948000;3875377777;4375377777;10240;10228
161;3886131000;3875377777;4375377777;10240;10228
163;3886353000;3875377777;4375377777;10240;10228
166;3927253000;3875733333;4375733333;10240;10228
168;3927294000;3917066666;4417066666;10240;10228
170;3927307000;3917066666;4417066666;10240;10228
172;3927322000;3917066666;4417066666;10240;10228
174;3927326000;3917066666;4417066666;10240;10228
165;3927431000;3875733333;4375733333;10240;10228
167;3927587000;3875733333;4375733333;10240;10228
169;3927790000;3917066666;4417066666;10240;10228
171;3927820000;3917066666;4417066666;10240;10228
175;3928025000;3917122222;4417122222;10240;10228
162;3947751000;3875377777;4375377777;10240;10228
176;3968900000;3917511111;4417511111;10240;10228
178;3968929000;3917511111;4417511111;10240;10228
180;3968950000;3958711111;4458711111;10240;10228
182;3968955000;3958711111;4458711111;10240;10228
184;3968964000;3958711111;4458711111;10240;10228
186;3968986000;3958766666;4458766666;10240;10228
177;3969171000;3917511111;4417511111;10240;10228
179;3969312000;3958711111;4458711111;10240;10228
181;3969325000;3958711111;4458711111;10240;10228
183;3969485000;3958711111;4458711111;10240;10228
185;3969714000;3958711111;4458711111;10240;10228
173;3989753000;3917066666;4417066666;10240;10228
188;4010501000;3959066666;4459066666;10240;10228
190;4010524000;4000355555;4500355555;10240;10228
192;4010531000;4000355555;4500355555;10240;10228
194;4010536000;4000355555;4500355555;10240;10228
196;4010540000;4000355555;4500355555;10240;10228
187;4010699000;3959066666;4459066666;10240;10228
189;4010900000;3959066666;4459066666;10240;10228
191;4010928000;4000355555;4500355555;10240;10228
193;4011080000;4000355555;4500355555;10240;10228
195;4011279000;4000355555;4500355555;10240;10228
197;4011296000;4000400000;4500400000;10240;10228
198;4052176000;4000677777;4500677777;10240;10228
200;4052188000;4000677777;4500677777;10240;10228
202;4052206000;4042044444;4542044444;10240;10228
204;4052213000;4042044444;4542044444;10240;10228
206;4052220000;4042044444;4542044444;10240;10228
208;4052224000;4042088888;4542088888;10240;10228
199;4052396000;4000677777;4500677777;10240;10228
201;4052599000;4042044444;4542044444;10240;10228
203;4052634000;4042044444;4542044444;10240;10228
205;4052801000;4042044444;4542044444;10240;10228
207;4052971000;4042044444;4542044444;10240;10228
210;4093861000;4042411111;4542411111;10240;10228
212;4093884000;4083711111;4583711111;10240;10228
214;4093890000;4083711111;4583711111;10240;10228
216;4093895000;4083711111;4583711111;10240;10228
218;4093899000;4083711111;4583711111;10240;10228
209;4094077000;4042411111;4542411111;10240;10228
211;4094281000;4042411111;4542411111;10240;10228
213;4094306000;4083711111;4583711111;10240;10228
215;4094469000;4083711111;4583711111;10240;10228
217;4094637000;4083711111;4583711111;10240;10228
219;4094657000;4083755555;4583755555;10240;10228
220;4135566000;4084077777;4584077777;10240;10228
222;4135578000;4084077777;4584077777;10240;10228
224;4135596000;4125377777;4625377777;10240;10228
226;4135606000;4125377777;4625377777;10240;10228
228;4135612000;4125377777;4625377777;10240;10228
230;4135626000;4125422222;4625422222;10240;10228
221;4135742000;4084077777;4584077777;10240;10228
223;4135935000;4125377777;4625377777;10240;10228
225;4135964000;4125377777;4625377777;10240;10228
227;4136157000;4125377777;4625377777;10240;10228
229;4136309000;4125377777;4625377777;10240;10228
232;4177231000;4125722222;4625722222;10240;10228
234;4177255000;4167044444;4667044444;10240;10228
236;4177266000;4167044444;4667044444;10240;10228
238;4177271000;4167044444;4667044444;10240;10228
240;4177285000;4167044444;4667044444;10240;10228
231;4177398000;4125722222;4625722222;10240;10228
233;4177604000;4125722222;4625722222;10240;10228
235;4177629000;4167044444;4667044444;10240;10228
237;4177804000;4167044444;4667044444;10240;10228
239;4177973000;4167044444;4667044444;10240;10228
241;4178001000;4167100000;4667100000;10240;10228
242;4218858000;4167400000;4667400000;10240;10228
244;4218869000;4167400000;4667400000;10240;10228
246;4218887000;4208711111;4708711111;10240;10228
248;4218892000;4208711111;4708711111;10240;10228
250;4218903000;4208711111;4708711111;10240;10228
252;4218907000;4208755555;4708755555;10240;10228
243;4219071000;4167400000;4667400000;10240;10228
245;4219256000;4208711111;4708711111;10240;10228
247;4219464000;4208711111;4708711111;10240;10228
249;4219473000;4208711111;4708711111;10240;10228
251;4219642000;4208711111;4708711111;10240;10228
254;4260558000;4209077777;4709077777;10240;10228
256;4260587000;4250377777;4750377777;10240;10228
258;4260615000;4250377777;4750377777;10240;10228
260;4260629000;4250377777;4750377777;10240;10228
262;4260634000;4250377777;4750377777;10240;10228
253;4260727000;4209077777;4709077777;10240;10228
255;4260935000;4209077777;4709077777;10240;10228
257;4260960000;4250377777;4750377777;10240;10228
259;4261163000;4250377777;4750377777;10240;10228
261;4261347000;4250377777;4750377777;10240;10228
266;4302173000;4250711111;4750711111;10240;10228
270;4302200000;4292044444;4792044444;10240;10228
272;4302210000;4292044444;4792044444;10240;10228
274;4302226000;4292088888;4792088888;10240;10228
265;4302408000;4250711111;4750711111;10240;10228
267;4302611000;4292044444;4792044444;10240;10228
269;4302631000;4292044444;4792044444;10240;10228
271;4302822000;4292044444;4792044444;10240;10228
273;4303019000;4292044444;4792044444;10240;10228
264;4322458000;4250711111;4750711111;10240;10228
263;4323020000;4250422222;4750422222;10240;10228
276;4343879000;4292400000;4792400000;10240;10228
280;4343892000;4333722222;4833722222;10240;10228
282;4343902000;4333722222;4833722222;10240;10228
284;4343911000;4333722222;4833722222;10240;10228
275;4344065000;4292400000;4792400000;10240;10228
277;4344277000;4292400000;4792400000;10240;10228
279;4344289000;4333722222;4833722222;10240;10228
281;4344481000;4333722222;4833722222;10240;10228
283;4344689000;4333722222;4833722222;10240;10228
278;4364366000;4333722222;4833722222;10240;10228
286;4385492000;4334088888;4834088888;10240;10228
288;4385524000;4334088888;4834088888;10240;10228
290;4385550000;4375377777;4875377777;10240;10228
292;4385560000;4375377777;4875377777;10240;10228
294;4385567000;4375377777;4875377777;10240;10228
296;4385585000;4375422222;4875422222;10240;10228
287;4385723000;4334088888;4834088888;10240;10228
289;4385928000;4375377777;4875377777;10240;10228
291;4385933000;4375377777;4875377777;10240;10228
293;4386147000;4375377777;4875377777;10240;10228
295;4386351000;4375377777;4875377777;10240;10228
300;4427184000;4417044444;4917044444;10240;10228
302;4427199000;4417044444;4917044444;10240;10228
304;4427215000;4417044444;4917044444;10240;10228
306;4427225000;4417044444;4917044444;10240;10228
297;4427397000;4375688888;4875688888;10240;10228
299;4427609000;4375688888;4875688888;10240;10228
301;4427619000;4417044444;4917044444;10240;10228
303;4427816000;4417044444;4917044444;10240;10228
305;4428008000;4417044444;4917044444;10240;10228
307;4428023000;4417088888;4917088888;10240;10228
285;4447643000;4333766666;4833766666;10240;10228
298;4447684000;4375688888;4875688888;10240;10228
308;4468874000;4417388888;4917388888;10240;10228
310;4468889000;4417388888;4917388888;10240;10228
312;4468910000;4458711111;4958711111;10240;10228
314;4468921000;4458711111;4958711111;10240;10228
316;4468942000;4458711111;4958711111;10240;10228
318;4468961000;4458755555;4958755555;10240;10228
309;4469058000;4417388888;4917388888;10240;10228
311;4469272000;4458711111;4958711111;10240;10228
313;4469301000;4458711111;4958711111;10240;10228
315;4469478000;4458711111;4958711111;10240;10228
317;4469721000;4458711111;4958711111;10240;10228
320;4510521000;4459066666;4959066666;10240;10228
322;4510540000;4500377777;5000377777;10240;10228
324;4510558000;4500377777;5000377777;10240;10228
326;4510566000;4500377777;5000377777;10240;10228
328;4510574000;4500377777;5000377777;10240;10228
319;4510723000;4459066666;4959066666;10240;10228
321;4510908000;4459066666;4959066666;10240;10228
323;4511139000;4500377777;5000377777;10240;10228
325;4511164000;4500377777;5000377777;10240;10228
327;4511350000;4500377777;5000377777;10240;10228
329;4511377000;4500422222;5000422222;10240;10228
330;4552176000;4500700000;5000700000;10240;10228
332;4552192000;4500700000;5000700000;10240;10228
334;4552213000;4542044444;5042044444;10240;10228
336;4552226000;4542044444;5042044444;10240;10228
338;4552235000;4542044444;5042044444;10240;10228
340;4552251000;4542088888;5042088888;10240;10228
331;4552400000;4500700000;5000700000;10240;10228
333;4552611000;4542044444;5042044444;10240;10228
335;4552639000;4542044444;5042044444;10240;10228
337;4552816000;4542044444;5042044444;10240;10228
339;4553012000;4542044444;5042044444;10240;10228
342;4593883000;4542411111;5042411111;10240;10228
344;4593913000;4583711111;5083711111;10240;10228
346;4593922000;4583711111;5083711111;10240;10228
350;4593940000;4583711111;5083711111;10240;10228
341;4594033000;4542411111;5042411111;10240;10228
343;4594275000;4542411111;5042411111;10240;10228
345;4594302000;4583711111;5083711111;10240;10228
347;4594478000;4583711111;5083711111;10240;10228
349;4594679000;4583711111;5083711111;10240;10228
351;4594702000;4583755555;5083755555;10240;10228
352;4635474000;4584066666;5084066666;10240;10228
354;4635488000;4584066666;5084066666;10240;10228
356;4635515000;4625344444;5125344444;10240;10228
358;4635534000;4625344444;5125344444;10240;10228
360;4635552000;4625344444;5125344444;10240;10228
362;4635571000;4625388888;5125388888;10240;10228
353;4635693000;4584066666;5084066666;10240;10228
355;4635893000;4625344444;5125344444;10240;10228
357;4635899000;4625344444;5125344444;10240;10228
359;4636080000;4625344444;5125344444;10240;10228
361;4636328000;4625344444;5125344444;10240;10228
348;4655961000;4583711111;5083711111;10240;10228
364;4677161000;4625666666;5125666666;10240;10228
366;4677191000;4667044444;5167044444;10240;10228
368;4677214000;4667044444;5167044444;10240;10228
370;4677229000;4667044444;5167044444;10240;10228
372;4677237000;4667044444;5167044444;10240;10228
363;4677424000;4625666666;5125666666;10240;10228
365;4677621000;4625666666;5125666666;10240;10228
367;4677662000;4667044444;5167044444;10240;10228
369;4677828000;4667044444;5167044444;10240;10228
371;4678030000;4667044444;5167044444;10240;10228
374;4718866000;4667377777;5167377777;10240;10228
376;4718894000;4667377777;5167377777;10240;10228
378;4718905000;4708711111;5208711111;10240;10228
380;4718921000;4708711111;5208711111;10240;10228
382;4718930000;4708711111;5208711111;10240;10228
384;4718943000;4708766666;5208766666;10240;10228
377;4719051000;4708711111;5208711111;10240;10228
379;4719290000;4708711111;5208711111;10240;10228
381;4719306000;4708711111;5208711111;10240;10228
383;4719503000;4708711111;5208711111;10240;10228
373;4739646000;4667088888;5167088888;10240;10228
386;4760566000;4709055555;5209055555;10240;10228
388;4760615000;4750377777;5250377777;10240;10228
390;4760632000;4750377777;5250377777;10240;10228
392;4760638000;4750377777;5250377777;10240;10228
394;4760643000;4750377777;5250377777;10240;10228
385;4760734000;4709055555;5209055555;10240;10228
387;4760925000;4709055555;5209055555;10240;10228
389;4761212000;4750377777;5250377777;10240;10228
391;4761255000;4750377777;5250377777;10240;10228
393;4761406000;4750377777;5250377777;10240;10228
395;4761444000;4750422222;5250422222;10240;10228
396;4802223000;4750711111;5250711111;10240;10228
398;4802251000;4750711111;5250711111;10240;10228
400;4802274000;4792044444;5292044444;10240;10228
402;4802284000;4792044444;5292044444;10240;10228
404;4802291000;4792044444;5292044444;10240;10228
406;4802295000;4792088888;5292088888;10240;10228
397;4802411000;4750711111;5250711111;10240;10228
403;4802616000;4792044444;5292044444;10240;10228
405;4802633000;4792044444;5292044444;10240;10228
408;4843828000;4792400000;5292400000;10240;10228
410;4843859000;4833711111;5333711111;10240;10228
414;4843868000;4833711111;5333711111;10240;10228
416;4843886000;4833711111;5333711111;10240;10228
407;4844057000;4792400000;5292400000;10240;10228
409;4844281000;4792400000;5292400000;10240;10228
411;4844291000;4833711111;5333711111;10240;10228
413;4844478000;4833711111;5333711111;10240;10228
415;4844676000;4833711111;5333711111;10240;10228
417;4844696000;4833755555;5333755555;10240;10228
399;4864405000;4792044444;5292044444;10240;10228
401;4864580000;4792044444;5292044444;10240;10228
418;4885605000;4834066666;5334066666;10240;10228
420;4885636000;4834066666;5334066666;10240;10228
422;4885644000;4875377777;5375377777;10240;10228
424;4885649000;4875377777;5375377777;10240;10228
426;4885655000;4875377777;5375377777;10240;10228
428;4885669000;4875422222;5375422222;10240;10228
419;4885727000;4834066666;5334066666;10240;10228
423;4885925000;4875377777;5375377777;10240;10228
425;4885952000;4875377777;5375377777;10240;10228
427;4886168000;4875377777;5375377777;10240;10228
412;4906131000;4833711111;5333711111;10240;10228
421;4906648000;4875377777;5375377777;10240;10228
430;4927216000;4875711111;5375711111;10240;10228
432;4927268000;4917044444;5417044444;10240;10228
434;4927285000;4917044444;5417044444;10240;10228
436;4927290000;4917044444;5417044444;10240;10228
438;4927294000;4917044444;5417044444;10240;10228
429;4927405000;4875711111;5375711111;10240;10228
431;4927611000;4875711111;5375711111;10240;10228
433;4927641000;4917044444;5417044444;10240;10228
435;4927806000;4917044444;5417044444;10240;10228
437;4927996000;4917044444;5417044444;10240;10228
439;4928026000;4917088888;5417088888;10240;10228
440;4968935000;4917411111;5417411111;10240;10228
442;4968970000;4917411111;5417411111;10240;10228
444;4968993000;4958711111;5458711111;10240;10228
446;4969010000;4958711111;5458711111;10240;10228
448;4969018000;4958711111;5458711111;10240;10228
450;4969024000;4958755555;5458755555;10240;10228
441;4969070000;4917411111;5417411111;10240;10228
443;4969282000;4958711111;5458711111;10240;10228
445;4969297000;4958711111;5458711111;10240;10228
449;4969480000;4958711111;5458711111;10240;10228
452;5010541000;4959044444;5459044444;10240;10228
454;5010611000;5000377777;5500377777;10240;10228
456;5010632000;5000377777;5500377777;10240;10228
458;5010638000;5000377777;5500377777;10240;10228
460;5010654000;5000377777;5500377777;10240;10228
451;5010735000;4959044444;5459044444;10240;10228
453;5010925000;4959044444;5459044444;10240;10228
455;5010931000;5000377777;5500377777;10240;10228
457;5011169000;5000377777;5500377777;10240;10228
459;5011349000;5000377777;5500377777;10240;10228
461;5011361000;5000422222;5500422222;10240;10228
447;5031191000;4958711111;5458711111;10240;10228
462;5052213000;5000688888;5500688888;10240;10228
464;5052229000;5000688888;5500688888;10240;10228
466;5052253000;5042044444;5542044444;10240;10228
468;5052268000;5042044444;5542044444;10240;10228
470;5052286000;5042044444;5542044444;10240;10228
472;5052294000;5042088888;5542088888;10240;10228
465;5052401000;5042044444;5542044444;10240;10228
467;5052637000;5042044444;5542044444;10240;10228
469;5052659000;5042044444;5542044444;10240;10228
471;5052818000;5042044444;5542044444;10240;10228
463;5073103000;5000688888;5500688888;10240;10228
474;5093843000;5042400000;5542400000;10240;10228
476;5093870000;5083711111;5583711111;10240;10228
478;5093881000;5083711111;5583711111;10240;10228
480;5093898000;5083711111;5583711111;10240;10228
482;5093911000;5083711111;5583711111;10240;10228
473;5094055000;5042400000;5542400000;10240;10228
475;5094271000;5042400000;5542400000;10240;10228
477;5094298000;5083711111;5583711111;10240;10228
479;5094475000;5083711111;5583711111;10240;10228
481;5094675000;5083711111;5583711111;10240;10228
483;5094709000;5083755555;5583755555;10240;10228
484;5135507000;5084077777;5584077777;10240;10228
486;5135522000;5084077777;5584077777;10240;10228
488;5135544000;5125377777;5625377777;10240;10228
490;5135560000;5125377777;5625377777;10240;10228
492;5135579000;5125377777;5625377777;10240;10228
494;5135586000;5125422222;5625422222;10240;10228
485;5135726000;5084077777;5584077777;10240;10228
489;5135928000;5125377777;5625377777;10240;10228
491;5135934000;5125377777;5625377777;10240;10228
493;5136157000;5125377777;5625377777;10240;10228
487;5156374000;5125377777;5625377777;10240;10228
496;5177223000;5125722222;5625722222;10240;10228
498;5177264000;5167044444;5667044444;10240;10228
500;5177272000;5167044444;5667044444;10240;10228
502;5177287000;5167044444;5667044444;10240;10228
504;5177292000;5167044444;5667044444;10240;10228
495;5177396000;5125722222;5625722222;10240;10228
497;5177605000;5125722222;5625722222;10240;10228
499;5177632000;5167044444;5667044444;10240;10228
501;5177810000;5167044444;5667044444;10240;10228
503;5178008000;5167044444;5667044444;10240;10228
505;5178035000;5167088888;5667088888;10240;10228
506;5218887000;5167388888;5667388888;10240;10228
508;5218900000;5167388888;5667388888;10240;10228
512;5218944000;5208711111;5708711111;10240;10228
514;5218955000;5208711111;5708711111;10240;10228
516;5218960000;5208755555;5708755555;10240;10228
507;5219032000;5167388888;5667388888;10240;10228
509;5219243000;5208711111;5708711111;10240;10228
511;5219478000;5208711111;5708711111;10240;10228
513;5219501000;5208711111;5708711111;10240;10228
515;5219685000;5208711111;5708711111;10240;10228
510;5239447000;5208711111;5708711111;10240;10228
518;5260528000;5209066666;5709066666;10240;10228
520;5260555000;5250377777;5750377777;10240;10228
522;5260565000;5250377777;5750377777;10240;10228
524;5260582000;5250377777;5750377777;10240;10228
526;5260590000;5250377777;5750377777;10240;10228
517;5260748000;5209066666;5709066666;10240;10228
521;5260943000;5250377777;5750377777;10240;10228
523;5260963000;5250377777;5750377777;10240;10228
525;5261152000;5250377777;5750377777;10240;10228
527;5261166000;5250422222;5750422222;10240;10228
530;5302175000;5250722222;5750722222;10240;10228
532;5302216000;5292044444;5792044444;10240;10228
534;5302226000;5292044444;5792044444;10240;10228
536;5302264000;5292044444;5792044444;10240;10228
538;5302281000;5292088888;5792088888;10240;10228
531;5302442000;5292044444;5792044444;10240;10228
533;5302634000;5292044444;5792044444;10240;10228
535;5302649000;5292044444;5792044444;10240;10228
537;5302804000;5292044444;5792044444;10240;10228
529;5322915000;5250722222;5750722222;10240;10228
540;5343843000;5292411111;5792411111;10240;10228
542;5343871000;5333711111;5833711111;10240;10228
544;5343880000;5333711111;5833711111;10240;10228
546;5343897000;5333711111;5833711111;10240;10228
548;5343915000;5333711111;5833711111;10240;10228
539;5344031000;5292411111;5792411111;10240;10228
541;5344278000;5292411111;5792411111;10240;10228
543;5344303000;5333711111;5833711111;10240;10228
545;5344479000;5333711111;5833711111;10240;10228
547;5344674000;5333711111;5833711111;10240;10228
549;5344710000;5333755555;5833755555;10240;10228
550;5385516000;5334077777;5834077777;10240;10228
552;5385531000;5334077777;5834077777;10240;10228
554;5385553000;5375377777;5875377777;10240;10228
556;5385571000;5375377777;5875377777;10240;10228
558;5385587000;5375377777;5875377777;10240;10228
560;5385594000;5375433333;5875433333;10240;10228
551;5385724000;5334077777;5834077777;10240;10228
553;5385927000;5375377777;5875377777;10240;10228
555;5385948000;5375377777;5875377777;10240;10228
557;5386145000;5375377777;5875377777;10240;10228
559;5386354000;5375377777;5875377777;10240;10228
562;5427191000;5375711111;5875711111;10240;10228
564;5427219000;5417022222;5917022222;10240;10228
566;5427228000;5417022222;5917022222;10240;10228
568;5427246000;5417022222;5917022222;10240;10228
570;5427253000;5417022222;5917022222;10240;10228
561;5427370000;5375711111;5875711111;10240;10228
563;5427584000;5375711111;5875711111;10240;10228
565;5427611000;5417022222;5917022222;10240;10228
567;5427769000;5417022222;5917022222;10240;10228
569;5427963000;5417022222;5917022222;10240;10228
571;5427991000;5417066666;5917066666;10240;10228
572;5468829000;5417377777;5917377777;10240;10228
574;5468845000;5417377777;5917377777;10240;10228
576;5468867000;5458711111;5958711111;10240;10228
578;5468900000;5458711111;5958711111;10240;10228
580;5468910000;5458711111;5958711111;10240;10228
582;5468919000;5458755555;5958755555;10240;10228
573;5469056000;5417377777;5917377777;10240;10228
575;5469250000;5458711111;5958711111;10240;10228
577;5469469000;5458711111;5958711111;10240;10228
579;5469497000;5458711111;5958711111;10240;10228
581;5469669000;5458711111;5958711111;10240;10228
584;5510569000;5459066666;5959066666;10240;10228
586;5510599000;5500388888;6000388888;10240;10228
588;5510604000;5500388888;6000388888;10240;10228
590;5510609000;5500388888;6000388888;10240;10228
592;5510613000;5500388888;6000388888;10240;10228
583;5510738000;5459066666;5959066666;10240;10228
585;5510925000;5459066666;5959066666;10240;10228
587;5511152000;5500388888;6000388888;10240;10228
589;5511178000;5500388888;6000388888;10240;10228
591;5511359000;5500388888;6000388888;10240;10228
593;5511387000;5500433333;6000433333;10240;10228
594;5552237000;5500722222;6000722222;10240;10228
596;5552248000;5500722222;6000722222;10240;10228
598;5552261000;5542044444;6042044444;10240;10228
600;5552268000;5542044444;6042044444;10240;10228
602;5552273000;5542044444;6042044444;10240;10228
604;5552277000;5542100000;6042100000;10240;10228
595;5552396000;5500722222;6000722222;10240;10228
597;5552611000;5542044444;6042044444;10240;10228
599;5552647000;5542044444;6042044444;10240;10228
601;5552822000;5542044444;6042044444;10240;10228
603;5553015000;5542044444;6042044444;10240;10228
606;5593840000;5542433333;6042433333;10240;10228
608;5593859000;5583677777;6083677777;10240;10228
610;5593865000;5583677777;6083677777;10240;10228
612;5593869000;5583677777;6083677777;10240;10228
614;5593873000;5583677777;6083677777;10240;10228
605;5594024000;5542433333;6042433333;10240;10228
607;5594241000;5542433333;6042433333;10240;10228
609;5594271000;5583677777;6083677777;10240;10228
611;5594404000;5583677777;6083677777;10240;10228
615;5594601000;5583722222;6083722222;10240;10228
616;5635485000;5584044444;6084044444;10240;10228
618;5635506000;5584044444;6084044444;10240;10228
620;5635512000;5625377777;6125377777;10240;10228
622;5635523000;5625377777;6125377777;10240;10228
624;5635528000;5625377777;6125377777;10240;10228
626;5635535000;5625422222;6125422222;10240;10228
617;5635694000;5584044444;6084044444;10240;10228
619;5635890000;5625377777;6125377777;10240;10228
621;5636096000;5625377777;6125377777;10240;10228
623;5636104000;5625377777;6125377777;10240;10228
625;5636307000;5625377777;6125377777;10240;10228
613;5656198000;5583677777;6083677777;10240;10228
628;5677198000;5625722222;6125722222;10240;10228
630;5677212000;5667044444;6167044444;10240;10228
632;5677219000;5667044444;6167044444;10240;10228
634;5677224000;5667044444;6167044444;10240;10228
636;5677227000;5667044444;6167044444;10240;10228
627;5677409000;5625722222;6125722222;10240;10228
629;5677607000;5625722222;6125722222;10240;10228
631;5677637000;5667044444;6167044444;10240;10228
633;5677804000;5667044444;6167044444;10240;10228
635;5677975000;5667044444;6167044444;10240;10228
637;5678003000;5667088888;6167088888;10240;10228
638;5718841000;5667388888;6167388888;10240;10228
640;5718851000;5667388888;6167388888;10240;10228
642;5718862000;5708722222;6208722222;10240;10228
644;5718869000;5708722222;6208722222;10240;10228
646;5718877000;5708722222;6208722222;10240;10228
648;5718884000;5708766666;6208766666;10240;10228
639;5719071000;5667388888;6167388888;10240;10228
641;5719273000;5708722222;6208722222;10240;10228
643;5719477000;5708722222;6208722222;10240;10228
645;5719518000;5708722222;6208722222;10240;10228
647;5719682000;5708722222;6208722222;10240;10228
650;5760526000;5709077777;6209077777;10240;10228
652;5760540000;5750377777;6250377777;10240;10228
654;5760548000;5750377777;6250377777;10240;10228
658;5760552000;5750377777;6250377777;10240;10228
649;5760733000;5709077777;6209077777;10240;10228
651;5760936000;5709077777;6209077777;10240;10228
653;5760966000;5750377777;6250377777;10240;10228
655;5761094000;5750377777;6250377777;10240;10228
657;5761345000;5750377777;6250377777;10240;10228
659;5761365000;5750422222;6250422222;10240;10228
660;5802231000;5750722222;6250722222;10240;10228
662;5802243000;5750722222;6250722222;10240;10228
664;5802272000;5792044444;6292044444;10240;10228
666;5802281000;5792044444;6292044444;10240;10228
668;5802295000;5792044444;6292044444;10240;10228
670;5802299000;5792100000;6292100000;10240;10228
661;5802402000;5750722222;6250722222;10240;10228
663;5802609000;5792044444;6292044444;10240;10228
665;5802619000;5792044444;6292044444;10240;10228
667;5802818000;5792044444;6292044444;10240;10228
669;5803009000;5792044444;6292044444;10240;10228
656;5822756000;5750377777;6250377777;10240;10228
672;5843855000;5792411111;6292411111;10240;10228
674;5843871000;5833711111;6333711111;10240;10228
680;5843878000;5833711111;6333711111;10240;10228
671;5844074000;5792411111;6292411111;10240;10228
673;5844277000;5792411111;6292411111;10240;10228
675;5844305000;5833711111;6333711111;10240;10228
677;5844479000;5833711111;6333711111;10240;10228
679;5844679000;5833711111;6333711111;10240;10228
681;5844690000;5833766666;6333766666;10240;10228
682;5885524000;5834088888;6334088888;10240;10228
684;5885536000;5834088888;6334088888;10240;10228
686;5885560000;5875344444;6375344444;10240;10228
688;5885570000;5875344444;6375344444;10240;10228
690;5885575000;5875344444;6375344444;10240;10228
692;5885589000;5875388888;6375388888;10240;10228
683;5885681000;5834088888;6334088888;10240;10228
685;5885904000;5875344444;6375344444;10240;10228
687;5885916000;5875344444;6375344444;10240;10228
689;5886099000;5875344444;6375344444;10240;10228
691;5886332000;5875344444;6375344444;10240;10228
676;5906054000;5833711111;6333711111;10240;10228
678;5906255000;5833711111;6333711111;10240;10228
694;5927228000;5875700000;6375700000;10240;10228
696;5927245000;5917044444;6417044444;10240;10228
698;5927251000;5917044444;6417044444;10240;10228
700;5927256000;5917044444;6417044444;10240;10228
702;5927259000;5917044444;6417044444;10240;10228
693;5927395000;5875700000;6375700000;10240;10228
695;5927608000;5875700000;6375700000;10240;10228
699;5927625000;5917044444;6417044444;10240;10228
701;5927807000;5917044444;6417044444;10240;10228
703;5927826000;5917100000;6417100000;10240;10228
697;5948117000;5917044444;6417044444;10240;10228
704;5968897000;5917422222;6417422222;10240;10228
712;5968936000;5958700000;6458700000;10240;10228
705;5969115000;5917422222;6417422222;10240;10228
707;5969303000;5958700000;6458700000;10240;10228
709;5969331000;5958700000;6458700000;10240;10228
711;5969474000;5958700000;6458700000;10240;10228
713;5969672000;5958700000;6458700000;10240;10228
716;6010570000;5959044444;6459044444;10240;10228
718;6010602000;6000377777;6500377777;10240;10228
720;6010611000;6000377777;6500377777;10240;10228
722;6010625000;6000377777;6500377777;10240;10228
724;6010629000;6000377777;6500377777;10240;10228
715;6010737000;5959044444;6459044444;10240;10228
717;6010931000;5959044444;6459044444;10240;10228
719;6010943000;6000377777;6500377777;10240;10228
721;6011162000;6000377777;6500377777;10240;10228
723;6011349000;6000377777;6500377777;10240;10228
725;6011359000;6000422222;6500422222;10240;10228
706;6030943000;5917422222;6417422222;10240;10228
708;6030973000;5958700000;6458700000;10240;10228
710;6030997000;5958700000;6458700000;10240;10228
714;6031062000;5958755555;6458755555;10240;10228
726;6052184000;6000700000;6500700000;10240;10228
728;6052196000;6000700000;6500700000;10240;10228
730;6052205000;6042044444;6542044444;10240;10228
734;6052213000;6042044444;6542044444;10240;10228
736;6052217000;6042100000;6542100000;10240;10228
729;6052408000;6042044444;6542044444;10240;10228
731;6052615000;6042044444;6542044444;10240;10228
733;6052627000;6042044444;6542044444;10240;10228
735;6052821000;6042044444;6542044444;10240;10228
727;6073101000;6000700000;6500700000;10240;10228
738;6093866000;6042411111;6542411111;10240;10228
740;6093896000;6083677777;6583677777;10240;10228
742;6093904000;6083677777;6583677777;10240;10228
744;6093918000;6083677777;6583677777;10240;10228
746;6093922000;6083677777;6583677777;10240;10228
737;6094030000;6042411111;6542411111;10240;10228
739;6094240000;6042411111;6542411111;10240;10228
741;6094249000;6083677777;6583677777;10240;10228
743;6094447000;6083677777;6583677777;10240;10228
745;6094643000;6083677777;6583677777;10240;10228
747;6094664000;6083722222;6583722222;10240;10228
732;6114374000;6042044444;6542044444;10240;10228
748;6135544000;6084055555;6584055555;10240;10228
750;6135555000;6084055555;6584055555;10240;10228
752;6135565000;6125377777;6625377777;10240;10228
754;6135573000;6125377777;6625377777;10240;10228
756;6135578000;6125377777;6625377777;10240;10228
758;6135583000;6125422222;6625422222;10240;10228
749;6135732000;6084055555;6584055555;10240;10228
751;6135941000;6125377777;6625377777;10240;10228
753;6135968000;6125377777;6625377777;10240;10228
755;6136157000;6125377777;6625377777;10240;10228
757;6136351000;6125377777;6625377777;10240;10228
760;6177178000;6125722222;6625722222;10240;10228
762;6177195000;6167044444;6667044444;10240;10228
764;6177218000;6167044444;6667044444;10240;10228
766;6177232000;6167044444;6667044444;10240;10228
768;6177236000;6167044444;6667044444;10240;10228
759;6177399000;6125722222;6625722222;10240;10228
761;6177601000;6125722222;6625722222;10240;10228
763;6177640000;6167044444;6667044444;10240;10228
765;6177779000;6167044444;6667044444;10240;10228
767;6177992000;6167044444;6667044444;10240;10228
770;6218895000;6167400000;6667400000;10240;10228
772;6218912000;6167400000;6667400000;10240;10228
774;6218919000;6208711111;6708711111;10240;10228
776;6218924000;6208711111;6708711111;10240;10228
778;6218928000;6208711111;6708711111;10240;10228
780;6218932000;6208755555;6708755555;10240;10228
775;6219072000;6208711111;6708711111;10240;10228
777;6219289000;6208711111;6708711111;10240;10228
779;6219300000;6208711111;6708711111;10240;10228
769;6239711000;6167088888;6667088888;10240;10228
771;6239913000;6167400000;6667400000;10240;10228
773;6240111000;6208711111;6708711111;10240;10228
782;6260497000;6209077777;6709077777;10240;10228
784;6260517000;6250344444;6750344444;10240;10228
786;6260524000;6250344444;6750344444;10240;10228
788;6260528000;6250344444;6750344444;10240;10228
790;6260532000;6250344444;6750344444;10240;10228
781;6260698000;6209077777;6709077777;10240;10228
783;6260902000;6209077777;6709077777;10240;10228
785;6260933000;6250344444;6750344444;10240;10228
787;6261070000;6250344444;6750344444;10240;10228
789;6261311000;6250344444;6750344444;10240;10228
791;6261333000;6250388888;6750388888;10240;10228
792;6302232000;6250700000;6750700000;10240;10228
794;6302245000;6250700000;6750700000;10240;10228
796;6302254000;6292044444;6792044444;10240;10228
800;6302261000;6292044444;6792044444;10240;10228
802;6302266000;6292088888;6792088888;10240;10228
793;6302447000;6250700000;6750700000;10240;10228
795;6302639000;6292044444;6792044444;10240;10228
797;6302677000;6292044444;6792044444;10240;10228
799;6302832000;6292044444;6792044444;10240;10228
801;6303007000;6292044444;6792044444;10240;10228
804;6343911000;6292422222;6792422222;10240;10228
806;6343948000;6333711111;6833711111;10240;10228
808;6343964000;6333711111;6833711111;10240;10228
810;6343969000;6333711111;6833711111;10240;10228
812;6343972000;6333711111;6833711111;10240;10228
809;6344098000;6333711111;6833711111;10240;10228
811;6344297000;6333711111;6833711111;10240;10228
813;6344308000;6333755555;6833755555;10240;10228
798;6364490000;6292044444;6792044444;10240;10228
803;6364631000;6292422222;6792422222;10240;10228
805;6364809000;6292422222;6792422222;10240;10228
807;6365010000;6333711111;6833711111;10240;10228
814;6385559000;6334088888;6834088888;10240;10228
816;6385576000;6334088888;6834088888;10240;10228
818;6385587000;6375377777;6875377777;10240;10228
820;6385594000;6375377777;6875377777;10240;10228
822;6385609000;6375377777;6875377777;10240;10228
824;6385613000;6375422222;6875422222;10240;10228
815;6385738000;6334088888;6834088888;10240;10228
817;6385934000;6375377777;6875377777;10240;10228
819;6385966000;6375377777;6875377777;10240;10228
821;6386162000;6375377777;6875377777;10240;10228
823;6386349000;6375377777;6875377777;10240;10228
826;6427203000;6375711111;6875711111;10240;10228
828;6427218000;6417011111;6917011111;10240;10228
830;6427225000;6417011111;6917011111;10240;10228
832;6427240000;6417011111;6917011111;10240;10228
834;6427261000;6417011111;6917011111;10240;10228
825;6427368000;6375711111;6875711111;10240;10228
827;6427578000;6375711111;6875711111;10240;10228
829;6427597000;6417011111;6917011111;10240;10228
831;6427784000;6417011111;6917011111;10240;10228
833;6427978000;6417011111;6917011111;10240;10228
835;6428009000;6417055555;6917055555;10240;10228
836;6468870000;6417388888;6917388888;10240;10228
838;6468881000;6417388888;6917388888;10240;10228
840;6468890000;6458677777;6958677777;10240;10228
842;6468897000;6458677777;6958677777;10240;10228
844;6468902000;6458677777;6958677777;10240;10228
846;6468906000;6458722222;6958722222;10240;10228
837;6469035000;6417388888;6917388888;10240;10228
839;6469241000;6458677777;6958677777;10240;10228
841;6469280000;6458677777;6958677777;10240;10228
845;6469439000;6458677777;6958677777;10240;10228
848;6510542000;6459044444;6959044444;10240;10228
850;6510576000;6500344444;7000344444;10240;10228
852;6510583000;6500344444;7000344444;10240;10228
854;6510596000;6500344444;7000344444;10240;10228
856;6510600000;6500344444;7000344444;10240;10228
847;6510666000;6459044444;6959044444;10240;10228
849;6510904000;6459044444;6959044444;10240;10228
851;6510915000;6500344444;7000344444;10240;10228
853;6511134000;6500344444;7000344444;10240;10228
855;6511321000;6500344444;7000344444;10240;10228
857;6511330000;6500388888;7000388888;10240;10228
843;6531172000;6458677777;6958677777;10240;10228
858;6552237000;6500700000;7000700000;10240;10228
860;6552249000;6500700000;7000700000;10240;10228
862;6552258000;6542044444;7042044444;10240;10228
864;6552266000;6542044444;7042044444;10240;10228
866;6552270000;6542044444;7042044444;10240;10228
859;6552400000;6500700000;7000700000;10240;10228
861;6552609000;6542044444;7042044444;10240;10228
863;6552639000;6542044444;7042044444;10240;10228
865;6552816000;6542044444;7042044444;10240;10228
867;6553009000;6542044444;7042044444;10240;10228
870;6593878000;6542433333;7042433333;10240;10228
872;6593896000;6583711111;7083711111;10240;10228
874;6593903000;6583711111;7083711111;10240;10228
876;6593907000;6583711111;7083711111;10240;10228
878;6593922000;6583711111;7083711111;10240;10228
869;6594070000;6542433333;7042433333;10240;10228
871;6594255000;6542433333;7042433333;10240;10228
873;6594451000;6583711111;7083711111;10240;10228
875;6594458000;6583711111;7083711111;10240;10228
877;6594647000;6583711111;7083711111;10240;10228
879;6594653000;6583755555;7083755555;10240;10228
868;6614265000;6542088888;7042088888;10240;10228
880;6635525000;6584077777;7084077777;10240;10228
882;6635536000;6584077777;7084077777;10240;10228
884;6635545000;6625377777;7125377777;10240;10228
886;6635554000;6625377777;7125377777;10240;10228
888;6635558000;6625377777;7125377777;10240;10228
890;6635563000;6625422222;7125422222;10240;10228
881;6635730000;6584077777;7084077777;10240;10228
883;6635932000;6625377777;7125377777;10240;10228
885;6635962000;6625377777;7125377777;10240;10228
887;6636142000;6625377777;7125377777;10240;10228
889;6636342000;6625377777;7125377777;10240;10228
892;6677152000;6625711111;7125711111;10240;10228
896;6677168000;6667022222;7167022222;10240;10228
898;6677184000;6667022222;7167022222;10240;10228
900;6677193000;6667022222;7167022222;10240;10228
891;6677356000;6625711111;7125711111;10240;10228
893;6677577000;6625711111;7125711111;10240;10228
895;6677605000;6667022222;7167022222;10240;10228
897;6677765000;6667022222;7167022222;10240;10228
899;6677968000;6667022222;7167022222;10240;10228
901;6677973000;6667066666;7167066666;10240;10228
894;6697591000;6667022222;7167022222;10240;10228
902;6718837000;6667366666;7167366666;10240;10228
904;6718850000;6667366666;7167366666;10240;10228
906;6718859000;6708711111;7208711111;10240;10228
908;6718867000;6708711111;7208711111;10240;10228
910;6718871000;6708711111;7208711111;10240;10228
912;6718876000;6708755555;7208755555;10240;10228
903;6719032000;6667366666;7167366666;10240;10228
905;6719277000;6708711111;7208711111;10240;10228
907;6719305000;6708711111;7208711111;10240;10228
909;6719479000;6708711111;7208711111;10240;10228
911;6719684000;6708711111;7208711111;10240;10228
914;6760545000;6709066666;7209066666;10240;10228
916;6760562000;6750344444;7250344444;10240;10228
918;6760570000;6750344444;7250344444;10240;10228
920;6760575000;6750344444;7250344444;10240;10228
922;6760579000;6750344444;7250344444;10240;10228
913;6760713000;6709066666;7209066666;10240;10228
915;6760914000;6709066666;7209066666;10240;10228
919;6760945000;6750344444;7250344444;10240;10228
921;6761127000;6750344444;7250344444;10240;10228
923;6761327000;6750388888;7250388888;10240;10228
917;6781835000;6750344444;7250344444;10240;10228
924;6802198000;6750700000;7250700000;10240;10228
926;6802205000;6750700000;7250700000;10240;10228
928;6802223000;6792044444;7292044444;10240;10228
930;6802240000;6792044444;7292044444;10240;10228
932;6802253000;6792044444;7292044444;10240;10228
934;6802267000;6792088888;7292088888;10240;10228
925;6802399000;6750700000;7250700000;10240;10228
927;6802610000;6792044444;7292044444;10240;10228
929;6802639000;6792044444;7292044444;10240;10228
931;6802799000;6792044444;7292044444;10240;10228
933;6803010000;6792044444;7292044444;10240;10228
936;6843850000;6792422222;7292422222;10240;10228
938;6843866000;6833711111;7333711111;10240;10228
940;6843876000;6833711111;7333711111;10240;10228
942;6843880000;6833711111;7333711111;10240;10228
935;6844071000;6792422222;7292422222;10240;10228
937;6844268000;6792422222;7292422222;10240;10228
939;6844297000;6833711111;7333711111;10240;10228
941;6844478000;6833711111;7333711111;10240;10228
943;6844676000;6833711111;7333711111;10240;10228
945;6844697000;6833755555;7333755555;10240;10228
946;6885535000;6834088888;7334088888;10240;10228
948;6885546000;6834088888;7334088888;10240;10228
950;6885551000;6875344444;7375344444;10240;10228
952;6885559000;6875344444;7375344444;10240;10228
954;6885563000;6875344444;7375344444;10240;10228
956;6885577000;6875388888;7375388888;10240;10228
947;6885705000;6834088888;7334088888;10240;10228
949;6885910000;6875344444;7375344444;10240;10228
951;6885921000;6875344444;7375344444;10240;10228
953;6886098000;6875344444;7375344444;10240;10228
955;6886320000;6875344444;7375344444;10240;10228
944;6906109000;6833711111;7333711111;10240;10228
958;6927215000;6875711111;7375711111;10240;10228
960;6927230000;6917011111;7417011111;10240;10228
962;6927239000;6917011111;7417011111;10240;10228
964;6927253000;6917011111;7417011111;10240;10228
957;6927418000;6875711111;7375711111;10240;10228
959;6927610000;6875711111;7375711111;10240;10228
961;6927801000;6917011111;7417011111;10240;10228
963;6927839000;6917011111;7417011111;10240;10228
965;6927978000;6917011111;7417011111;10240;10228
967;6927989000;6917055555;7417055555;10240;10228
968;6968784000;6917400000;7417400000;10240;10228
970;6968894000;6917400000;7417400000;10240;10228
972;6968904000;6958677777;7458677777;10240;10228
974;6968910000;6958677777;7458677777;10240;10228
976;6968914000;6958677777;7458677777;10240;10228
978;6968918000;6958722222;7458722222;10240;10228
969;6969025000;6917400000;7417400000;10240;10228
971;6969271000;6958677777;7458677777;10240;10228
973;6969290000;6958677777;7458677777;10240;10228
975;6969500000;6958677777;7458677777;10240;10228
977;6969700000;6958677777;7458677777;10240;10228
966;6989353000;6917011111;7417011111;10240;10228
980;7010513000;6959033333;7459033333;10240;10228
982;7010530000;7000344444;7500344444;10240;10228
984;7010537000;7000344444;7500344444;10240;10228
986;7010544000;7000344444;7500344444;10240;10228
988;7010548000;7000344444;7500344444;10240;10228
979;7010735000;6959033333;7459033333;10240;10228
981;7010931000;6959033333;7459033333;10240;10228
983;7010959000;7000344444;7500344444;10240;10228
985;7011158000;7000344444;7500344444;10240;10228
996;7052197000;7042011111;7542011111;10240;10228
998;7052209000;7042011111;7542011111;10240;10228
1000;7052214000;7042055555;7542055555;10240;10228
991;7052435000;7000688888;7500688888;10240;10228
993;7052590000;7042011111;7542011111;10240;10228
995;7052801000;7042011111;7542011111;10240;10228
997;7052823000;7042011111;7542011111;10240;10228
999;7053019000;7042011111;7542011111;10240;10228
987;7073057000;7000344444;7500344444;10240;10228
989;7073252000;7000400000;7500400000;10240;10228
1002;7093829000;7042388888;7542388888;10240;10228
1004;7093847000;7083677777;7583677777;10240;10228
1006;7093856000;7083677777;7583677777;10240;10228
1008;7093862000;7083677777;7583677777;10240;10228
1010;7093876000;7083677777;7583677777;10240;10228
1001;7094059000;7042388888;7542388888;10240;10228
1003;7094270000;7042388888;7542388888;10240;10228
1005;7094280000;7083677777;7583677777;10240;10228
1007;7094515000;7083677777;7583677777;10240;10228
1009;7094687000;7083677777;7583677777;10240;10228
1011;7094706000;7083722222;7583722222;10240;10228
994;7114109000;7042011111;7542011111;10240;10228
990;7114365000;7000688888;7500688888;10240;10228
992;7114590000;7000688888;7500688888;10240;10228
1012;7135540000;7084055555;7584055555;10240;10228
1014;7135552000;7084055555;7584055555;10240;10228
1016;7135561000;7125344444;7625344444;10240;10228
1018;7135570000;7125344444;7625344444;10240;10228
1020;7135575000;7125344444;7625344444;10240;10228
1022;7135578000;7125388888;7625388888;10240;10228
1013;7135717000;7084055555;7584055555;10240;10228
1015;7135928000;7125344444;7625344444;10240;10228
1017;7135958000;7125344444;7625344444;10240;10228
1019;7136101000;7125344444;7625344444;10240;10228
1028;7177256000;7167011111;7667011111;10240;10228
1030;7177286000;7167011111;7667011111;10240;10228
1023;7177417000;7125700000;7625700000;10240;10228
1025;7177607000;7125700000;7625700000;10240;10228
1027;7177630000;7167011111;7667011111;10240;10228
1029;7177830000;7167011111;7667011111;10240;10228
1031;7178007000;7167011111;7667011111;10240;10228
1033;7178018000;7167055555;7667055555;10240;10228
1021;7197939000;7125344444;7625344444;10240;10228
1034;7218855000;7167377777;7667377777;10240;10228
1036;7218867000;7167377777;7667377777;10240;10228
1038;7218891000;7208711111;7708711111;10240;10228
1040;7218900000;7208711111;7708711111;10240;10228
1042;7218907000;7208711111;7708711111;10240;10228
1044;7218920000;7208755555;7708755555;10240;10228
1035;7219081000;7167377777;7667377777;10240;10228
1037;7219303000;7208711111;7708711111;10240;10228
1039;7219315000;7208711111;7708711111;10240;10228
1041;7219528000;7208711111;7708711111;10240;10228
1043;7219702000;7208711111;7708711111;10240;10228
1024;7239190000;7125700000;7625700000;10240;10228
1026;7239419000;7167011111;7667011111;10240;10228
1046;7260526000;7209088888;7709088888;10240;10228
1048;7260536000;7250377777;7750377777;10240;10228
1050;7260541000;7250377777;7750377777;10240;10228
1052;7260546000;7250377777;7750377777;10240;10228
1054;7260553000;7250377777;7750377777;10240;10228
1045;7260758000;7209088888;7709088888;10240;10228
1047;7260959000;7209088888;7709088888;10240;10228
1049;7260969000;7250377777;7750377777;10240;10228
1051;7261168000;7250377777;7750377777;10240;10228
1053;7261376000;7250377777;7750377777;10240;10228
1055;7261397000;7250422222;7750422222;10240;10228
1056;7302159000;7250711111;7750711111;10240;10228
1058;7302170000;7250711111;7750711111;10240;10228
1060;7302176000;7292011111;7792011111;10240;10228
1062;7302180000;7292011111;7792011111;10240;10228
1064;7302192000;7292011111;7792011111;10240;10228
1066;7302197000;7292055555;7792055555;10240;10228
1057;7302396000;7250711111;7750711111;10240;10228
1059;7302609000;7292011111;7792011111;10240;10228
1061;7302631000;7292011111;7792011111;10240;10228
1063;7302814000;7292011111;7792011111;10240;10228
1065;7303015000;7292011111;7792011111;10240;10228
1068;7343871000;7292366666;7792366666;10240;10228
1070;7343887000;7333677777;7833677777;10240;10228
1072;7343893000;7333677777;7833677777;10240;10228
1074;7343897000;7333677777;7833677777;10240;10228
1076;7343901000;7333677777;7833677777;10240;10228
1067;7344016000;7292366666;7792366666;10240;10228
1069;7344273000;7292366666;7792366666;10240;10228
1071;7344298000;7333677777;7833677777;10240;10228
1073;7344451000;7333677777;7833677777;10240;10228
1078;7385510000;7334044444;7834044444;10240;10228
1080;7385542000;7334044444;7834044444;10240;10228
1082;7385549000;7375377777;7875377777;10240;10228
1084;7385563000;7375377777;7875377777;10240;10228
1086;7385568000;7375377777;7875377777;10240;10228
1088;7385571000;7375422222;7875422222;10240;10228
1081;7385733000;7375377777;7875377777;10240;10228
1083;7385936000;7375377777;7875377777;10240;10228
1085;7385948000;7375377777;7875377777;10240;10228
1087;7386146000;7375377777;7875377777;10240;10228
1075;7406253000;7333677777;7833677777;10240;10228
1079;7406263000;7334044444;7834044444;10240;10228
1077;7406395000;7333722222;7833722222;10240;10228
1090;7427166000;7375700000;7875700000;10240;10228
1092;7427184000;7417011111;7917011111;10240;10228
1094;7427189000;7417011111;7917011111;10240;10228
1096;7427194000;7417011111;7917011111;10240;10228
1098;7427198000;7417011111;7917011111;10240;10228
1089;7427367000;7375700000;7875700000;10240;10228
1091;7427578000;7375700000;7875700000;10240;10228
1093;7427607000;7417011111;7917011111;10240;10228
1095;7427785000;7417011111;7917011111;10240;10228
1097;7427978000;7417011111;7917011111;10240;10228
1099;7428009000;7417055555;7917055555;10240;10228
1100;7468811000;7417355555;7917355555;10240;10228
1102;7468823000;7417355555;7917355555;10240;10228
1104;7468836000;7458677777;7958677777;10240;10228
1106;7468843000;7458677777;7958677777;10240;10228
1108;7468847000;7458677777;7958677777;10240;10228
1110;7468854000;7458722222;7958722222;10240;10228
1101;7469034000;7417355555;7917355555;10240;10228
1103;7469239000;7458677777;7958677777;10240;10228
1105;7469264000;7458677777;7958677777;10240;10228
1107;7469440000;7458677777;7958677777;10240;10228
1109;7469638000;7458677777;7958677777;10240;10228
1112;7510529000;7459033333;7959033333;10240;10228
1114;7510553000;7500344444;8000344444;10240;10228
1116;7510567000;7500344444;8000344444;10240;10228
1118;7510573000;7500344444;8000344444;10240;10228
1120;7510594000;7500344444;8000344444;10240;10228
1111;7510701000;7459033333;7959033333;10240;10228
1113;7510901000;7459033333;7959033333;10240;10228
1115;7510932000;7500344444;8000344444;10240;10228
1117;7511080000;7500344444;8000344444;10240;10228
1119;7511311000;7500344444;8000344444;10240;10228
1121;7511349000;7500388888;8000388888;10240;10228
1122;7552201000;7500677777;8000677777;10240;10228
1124;7552213000;7500677777;8000677777;10240;10228
1126;7552232000;7542011111;8042011111;10240;10228
1128;7552241000;7542011111;8042011111;10240;10228
1130;7552246000;7542011111;8042011111;10240;10228
1132;7552251000;7542055555;8042055555;10240;10228
1123;7552363000;7500677777;8000677777;10240;10228
1125;7552578000;7542011111;8042011111;10240;10228
1127;7552605000;7542011111;8042011111;10240;10228
1129;7552774000;7542011111;8042011111;10240;10228
1131;7552943000;7542011111;8042011111;10240;10228
1134;7593860000;7542400000;8042400000;10240;10228
1136;7593904000;7583677777;8083677777;10240;10228
1138;7593909000;7583677777;8083677777;10240;10228
1140;7593917000;7583677777;8083677777;10240;10228
1142;7593921000;7583677777;8083677777;10240;10228
1133;7594041000;7542400000;8042400000;10240;10228
1135;7594245000;7542400000;8042400000;10240;10228
1137;7594266000;7583677777;8083677777;10240;10228
1139;7594448000;7583677777;8083677777;10240;10228
1141;7594615000;7583677777;8083677777;10240;10228
1143;7594633000;7583722222;8083722222;10240;10228
1144;7635469000;7584033333;8084033333;10240;10228
1146;7635476000;7584033333;8084033333;10240;10228
1148;7635520000;7625344444;8125344444;10240;10228
1150;7635539000;7625344444;8125344444;10240;10228
1152;7635543000;7625344444;8125344444;10240;10228
1154;7635547000;7625388888;8125388888;10240;10228
1145;7635701000;7584033333;8084033333;10240;10228
1147;7635908000;7625344444;8125344444;10240;10228
1149;7635926000;7625344444;8125344444;10240;10228
1151;7636132000;7625344444;8125344444;10240;10228
1153;7636262000;7625344444;8125344444;10240;10228
1156;7677227000;7625677777;8125677777;10240;10228
1158;7677243000;7667011111;8167011111;10240;10228
1160;7677249000;7667011111;8167011111;10240;10228
1162;7677253000;7667011111;8167011111;10240;10228
1164;7677257000;7667011111;8167011111;10240;10228
1155;7677363000;7625677777;8125677777;10240;10228
1157;7677570000;7625677777;8125677777;10240;10228
1159;7677610000;7667011111;8167011111;10240;10228
1161;7677774000;7667011111;8167011111;10240;10228
1163;7677943000;7667011111;8167011111;10240;10228
1166;7718839000;7667344444;8167344444;10240;10228
1168;7718857000;7667344444;8167344444;10240;10228
1170;7718863000;7708677777;8208677777;10240;10228
1172;7718868000;7708677777;8208677777;10240;10228
1174;7718871000;7708677777;8208677777;10240;10228
1176;7718885000;7708722222;8208722222;10240;10228
1167;7719027000;7667344444;8167344444;10240;10228
1169;7719243000;7708677777;8208677777;10240;10228
1171;7719254000;7708677777;8208677777;10240;10228
1173;7719448000;7708677777;8208677777;10240;10228
1175;7719656000;7708677777;8208677777;10240;10228
1165;7739869000;7667055555;8167055555;10240;10228
1178;7760604000;7709022222;8209022222;10240;10228
1180;7760619000;7750344444;8250344444;10240;10228
1182;7760626000;7750344444;8250344444;10240;10228
1184;7760630000;7750344444;8250344444;10240;10228
1177;7760650000;7709022222;8209022222;10240;10228
1179;7760906000;7709022222;8209022222;10240;10228
1181;7760928000;7750344444;8250344444;10240;10228
1183;7761104000;7750344444;8250344444;10240;10228
1185;7761277000;7750344444;8250344444;10240;10228
1187;7761287000;7750388888;8250388888;10240;10228
1188;7802193000;7750700000;8250700000;10240;10228
1190;7802204000;7750700000;8250700000;10240;10228
1192;7802210000;7792044444;8292044444;10240;10228
1194;7802215000;7792044444;8292044444;10240;10228
1196;7802219000;7792044444;8292044444;10240;10228
1198;7802232000;7792088888;8292088888;10240;10228
1189;7802439000;7750700000;8250700000;10240;10228
1191;7802635000;7792044444;8292044444;10240;10228
1193;7802654000;7792044444;8292044444;10240;10228
1195;7802860000;7792044444;8292044444;10240;10228
1197;7803028000;7792044444;8292044444;10240;10228
1186;7822800000;7750344444;8250344444;10240;10228
1200;7843856000;7792400000;8292400000;10240;10228
1202;7843871000;7833711111;8333711111;10240;10228
1204;7843878000;7833711111;8333711111;10240;10228
1206;7843883000;7833711111;8333711111;10240;10228
1208;7843888000;7833711111;8333711111;10240;10228
1199;7844100000;7792400000;8292400000;10240;10228
1201;7844298000;7792400000;8292400000;10240;10228
1203;7844337000;7833711111;8333711111;10240;10228
1205;7844522000;7833711111;8333711111;10240;10228
1207;7844701000;7833711111;8333711111;10240;10228
1209;7844739000;7833755555;8333755555;10240;10228
1210;7885537000;7834066666;8334066666;10240;10228
1212;7885548000;7834066666;8334066666;10240;10228
1214;7885560000;7875344444;8375344444;10240;10228
1216;7885569000;7875344444;8375344444;10240;10228
1218;7885575000;7875344444;8375344444;10240;10228
1220;7885579000;7875388888;8375388888;10240;10228
1211;7885751000;7834066666;8334066666;10240;10228
1213;7885931000;7875344444;8375344444;10240;10228
1215;7885961000;7875344444;8375344444;10240;10228
1217;7886087000;7875344444;8375344444;10240;10228
1219;7886322000;7875344444;8375344444;10240;10228
1222;7927177000;7875688888;8375688888;10240;10228
1224;7927194000;7917011111;8417011111;10240;10228
1226;7927200000;7917011111;8417011111;10240;10228
1228;7927209000;7917011111;8417011111;10240;10228
1230;7927214000;7917011111;8417011111;10240;10228
1221;7927366000;7875688888;8375688888;10240;10228
1223;7927576000;7875688888;8375688888;10240;10228
1225;7927594000;7917011111;8417011111;10240;10228
1227;7927781000;7917011111;8417011111;10240;10228
1229;7927936000;7917011111;8417011111;10240;10228
1231;7927959000;7917055555;8417055555;10240;10228
1232;7968879000;7917377777;8417377777;10240;10228
1234;7968890000;7917377777;8417377777;10240;10228
1240;7968900000;7958677777;8458677777;10240;10228
1242;7968906000;7958733333;8458733333;10240;10228
1233;7969039000;7917377777;8417377777;10240;10228
1235;7969247000;7958677777;8458677777;10240;10228
1237;7969288000;7958677777;8458677777;10240;10228
1239;7969444000;7958677777;8458677777;10240;10228
1241;7969640000;7958677777;8458677777;10240;10228
1244;8010527000;7959044444;8459044444;10240;10228
1246;8010551000;8000344444;8500344444;10240;10228
1248;8010558000;8000344444;8500344444;10240;10228
1250;8010564000;8000344444;8500344444;10240;10228
1252;8010583000;8000344444;8500344444;10240;10228
1243;8010734000;7959044444;8459044444;10240;10228
1245;8010928000;7959044444;8459044444;10240;10228
1247;8010939000;8000344444;8500344444;10240;10228
1249;8011102000;8000344444;8500344444;10240;10228
1251;8011349000;8000344444;8500344444;10240;10228
1253;8011359000;8000388888;8500388888;10240;10228
1236;8031066000;7958677777;8458677777;10240;10228
1238;8031335000;7958677777;8458677777;10240;10228
1254;8052209000;8000666666;8500666666;10240;10228
1256;8052221000;8000666666;8500666666;10240;10228
1258;8052230000;8042044444;8542044444;10240;10228
1260;8052238000;8042044444;8542044444;10240;10228
1262;8052252000;8042044444;8542044444;10240;10228
1264;8052256000;8042088888;8542088888;10240;10228
1255;8052441000;8000666666;8500666666;10240;10228
1257;8052640000;8042044444;8542044444;10240;10228
1259;8052669000;8042044444;8542044444;10240;10228
1261;8052855000;8042044444;8542044444;10240;10228
1263;8053024000;8042044444;8542044444;10240;10228
1266;8093874000;8042400000;8542400000;10240;10228
1268;8093894000;8083711111;8583711111;10240;10228
1270;8093900000;8083711111;8583711111;10240;10228
1272;8093907000;8083711111;8583711111;10240;10228
1265;8094062000;8042400000;8542400000;10240;10228
1267;8094292000;8042400000;8542400000;10240;10228
1269;8094321000;8083711111;8583711111;10240;10228
1271;8094488000;8083711111;8583711111;10240;10228
1273;8094683000;8083711111;8583711111;10240;10228
1275;8094696000;8083755555;8583755555;10240;10228
1276;8135542000;8084077777;8584077777;10240;10228
1278;8135552000;8084077777;8584077777;10240;10228
1280;8135557000;8125377777;8625377777;10240;10228
1282;8135562000;8125377777;8625377777;10240;10228
1284;8135568000;8125377777;8625377777;10240;10228
1286;8135578000;8125422222;8625422222;10240;10228
1277;8135782000;8084077777;8584077777;10240;10228
1281;8135960000;8125377777;8625377777;10240;10228
1283;8135971000;8125377777;8625377777;10240;10228
1285;8136183000;8125377777;8625377777;10240;10228
1274;8156110000;8083711111;8583711111;10240;10228
1279;8156735000;8125377777;8625377777;10240;10228
1288;8177209000;8125711111;8625711111;10240;10228
1290;8177226000;8167044444;8667044444;10240;10228
1292;8177232000;8167044444;8667044444;10240;10228
1294;8177237000;8167044444;8667044444;10240;10228
1296;8177241000;8167044444;8667044444;10240;10228
1287;8177459000;8125711111;8625711111;10240;10228
1289;8177636000;8125711111;8625711111;10240;10228
1293;8177666000;8167044444;8667044444;10240;10228
1295;8177827000;8167044444;8667044444;10240;10228
1297;8177841000;8167088888;8667088888;10240;10228
1291;8198368000;8167044444;8667044444;10240;10228
1298;8218873000;8167411111;8667411111;10240;10228
1300;8218885000;8167411111;8667411111;10240;10228
1302;8218894000;8208711111;8708711111;10240;10228
1304;8218901000;8208711111;8708711111;10240;10228
1308;8218905000;8208755555;8708755555;10240;10228
1301;8219103000;8208711111;8708711111;10240;10228
1303;8219278000;8208711111;8708711111;10240;10228
1305;8219289000;8208711111;8708711111;10240;10228
1307;8219480000;8208711111;8708711111;10240;10228
1299;8239803000;8167411111;8667411111;10240;10228
1310;8260480000;8209077777;8709077777;10240;10228
1312;8260492000;8250344444;8750344444;10240;10228
1314;8260496000;8250344444;8750344444;10240;10228
1316;8260505000;8250344444;8750344444;10240;10228
1318;8260517000;8250344444;8750344444;10240;10228
1309;8260701000;8209077777;8709077777;10240;10228
1311;8260904000;8209077777;8709077777;10240;10228
1313;8260923000;8250344444;8750344444;10240;10228
1315;8261188000;8250344444;8750344444;10240;10228
1317;8261319000;8250344444;8750344444;10240;10228
1319;8261333000;8250388888;8750388888;10240;10228
1306;8280857000;8208711111;8708711111;10240;10228
1320;8302192000;8250688888;8750688888;10240;10228
1322;8302202000;8250688888;8750688888;10240;10228
1324;8302211000;8292044444;8792044444;10240;10228
1328;8302219000;8292044444;8792044444;10240;10228
1330;8302223000;8292088888;8792088888;10240;10228
1321;8302441000;8250688888;8750688888;10240;10228
1323;8302635000;8292044444;8792044444;10240;10228
1325;8302675000;8292044444;8792044444;10240;10228
1327;8302848000;8292044444;8792044444;10240;10228
1329;8303055000;8292044444;8792044444;10240;10228
1332;8343844000;8292411111;8792411111;10240;10228
1336;8343877000;8333711111;8833711111;10240;10228
1338;8343885000;8333711111;8833711111;10240;10228
1340;8343900000;8333711111;8833711111;10240;10228
1331;8344058000;8292411111;8792411111;10240;10228
1333;8344301000;8292411111;8792411111;10240;10228
1335;8344312000;8333711111;8833711111;10240;10228
1337;8344497000;8333711111;8833711111;10240;10228
1339;8344659000;8333711111;8833711111;10240;10228
1341;8344670000;8333755555;8833755555;10240;10228
1326;8364246000;8292044444;8792044444;10240;10228
1334;8364291000;8333711111;8833711111;10240;10228
1342;8385560000;8334077777;8834077777;10240;10228
1344;8385587000;8334077777;8834077777;10240;10228
1346;8385598000;8375377777;8875377777;10240;10228
1343;8385733000;8334077777;8834077777;10240;10228
1345;8385935000;8375377777;8875377777;10240;10228
1347;8385964000;8375377777;8875377777;10240;10228
1349;8386156000;8375377777;8875377777;10240;10228
1351;8386350000;8375377777;8875377777;10240;10228
1354;8427190000;8375722222;8875722222;10240;10228
1356;8427202000;8417044444;8917044444;10240;10228
1358;8427206000;8417044444;8917044444;10240;10228
1360;8427212000;8417044444;8917044444;10240;10228
1362;8427221000;8417044444;8917044444;10240;10228
1353;8427397000;8375722222;8875722222;10240;10228
1355;8427606000;8375722222;8875722222;10240;10228
1357;8427618000;8417044444;8917044444;10240;10228
1359;8427810000;8417044444;8917044444;10240;10228
1361;8428011000;8417044444;8917044444;10240;10228
1363;8428021000;8417088888;8917088888;10240;10228
1348;8447570000;8375377777;8875377777;10240;10228
1350;8447612000;8375377777;8875377777;10240;10228
1352;8447704000;8375422222;8875422222;10240;10228
1364;8468856000;8417400000;8917400000;10240;10228
1366;8468868000;8417400000;8917400000;10240;10228
1368;8468878000;8458711111;8958711111;10240;10228
1370;8468885000;8458711111;8958711111;10240;10228
1372;8468891000;8458711111;8958711111;10240;10228
1374;8468895000;8458755555;8958755555;10240;10228
1365;8469077000;8417400000;8917400000;10240;10228
1367;8469275000;8458711111;8958711111;10240;10228
1369;8469306000;8458711111;8958711111;10240;10228
1371;8469477000;8458711111;8958711111;10240;10228
1373;8469684000;8458711111;8958711111;10240;10228
1376;8510575000;8459077777;8959077777;10240;10228
1378;8510593000;8500377777;9000377777;10240;10228
1380;8510600000;8500377777;9000377777;10240;10228
1382;8510605000;8500377777;9000377777;10240;10228
1384;8510610000;8500377777;9000377777;10240;10228
1375;8510720000;8459077777;8959077777;10240;10228
1377;8510915000;8459077777;8959077777;10240;10228
1379;8511112000;8500377777;9000377777;10240;10228
1381;8511137000;8500377777;9000377777;10240;10228
1385;8511339000;8500422222;9000422222;10240;10228
1388;8552233000;8500722222;9000722222;10240;10228
1390;8552256000;8542044444;9042044444;10240;10228
1392;8552264000;8542044444;9042044444;10240;10228
1394;8552270000;8542044444;9042044444;10240;10228
1396;8552283000;8542088888;9042088888;10240;10228
1387;8552397000;8500722222;9000722222;10240;10228
1389;8552616000;8542044444;9042044444;10240;10228
1391;8552628000;8542044444;9042044444;10240;10228
1393;8552824000;8542044444;9042044444;10240;10228
1395;8553018000;8542044444;9042044444;10240;10228
1386;8572697000;8500722222;9000722222;10240;10228
1383;8572952000;8500377777;9000377777;10240;10228
1398;8593849000;8542422222;9042422222;10240;10228
1400;8593867000;8583711111;9083711111;10240;10228
1402;8593872000;8583711111;9083711111;10240;10228
1404;8593877000;8583711111;9083711111;10240;10228
1406;8593881000;8583711111;9083711111;10240;10228
1397;8594027000;8542422222;9042422222;10240;10228
1399;8594272000;8542422222;9042422222;10240;10228
1403;8594300000;8583711111;9083711111;10240;10228
1405;8594475000;8583711111;9083711111;10240;10228
1407;8594485000;8583755555;9083755555;10240;10228
1408;8635567000;8584088888;9084088888;10240;10228
1410;8635576000;8584088888;9084088888;10240;10228
1412;8635602000;8625377777;9125377777;10240;10228
1414;8635611000;8625377777;9125377777;10240;10228
1416;8635627000;8625377777;9125377777;10240;10228
1418;8635630000;8625422222;9125422222;10240;10228
1409;8635734000;8584088888;9084088888;10240;10228
1411;8635936000;8625377777;9125377777;10240;10228
1413;8635947000;8625377777;9125377777;10240;10228
1415;8636157000;8625377777;9125377777;10240;10228
1417;8636350000;8625377777;9125377777;10240;10228
1401;8656516000;8583711111;9083711111;10240;10228
1420;8677178000;8625711111;9125711111;10240;10228
1422;8677195000;8667044444;9167044444;10240;10228
1424;8677201000;8667044444;9167044444;10240;10228
1426;8677231000;8667044444;9167044444;10240;10228
1419;8677396000;8625711111;9125711111;10240;10228
1421;8677604000;8625711111;9125711111;10240;10228
1423;8677632000;8667044444;9167044444;10240;10228
1425;8677807000;8667044444;9167044444;10240;10228
1427;8677987000;8667044444;9167044444;10240;10228
1429;8677997000;8667088888;9167088888;10240;10228
1432;8718874000;8667377777;9167377777;10240;10228
1434;8718884000;8708711111;9208711111;10240;10228
1436;8718890000;8708711111;9208711111;10240;10228
1438;8718900000;8708711111;9208711111;10240;10228
1440;8718909000;8708755555;9208755555;10240;10228
1431;8719064000;8667377777;9167377777;10240;10228
1433;8719284000;8708711111;9208711111;10240;10228
1435;8719294000;8708711111;9208711111;10240;10228
1437;8719489000;8708711111;9208711111;10240;10228
1439;8719694000;8708711111;9208711111;10240;10228
1428;8739332000;8667044444;9167044444;10240;10228
1430;8739364000;8667377777;9167377777;10240;10228
1442;8760577000;8709066666;9209066666;10240;10228
1444;8760596000;8750377777;9250377777;10240;10228
1446;8760602000;8750377777;9250377777;10240;10228
1448;8760607000;8750377777;9250377777;10240;10228
1450;8760611000;8750377777;9250377777;10240;10228
1441;8760726000;8709066666;9209066666;10240;10228
1445;8760914000;8750377777;9250377777;10240;10228
1447;8761122000;8750377777;9250377777;10240;10228
1449;8761141000;8750377777;9250377777;10240;10228
1451;8761333000;8750422222;9250422222;10240;10228
1443;8781488000;8709066666;9209066666;10240;10228
1452;8802227000;8750722222;9250722222;10240;10228
1454;8802238000;8750722222;9250722222;10240;10228
1456;8802248000;8792033333;9292033333;10240;10228
1458;8802256000;8792033333;9292033333;10240;10228
1460;8802261000;8792033333;9292033333;10240;10228
1462;8802266000;8792088888;9292088888;10240;10228
1453;8802391000;8750722222;9250722222;10240;10228
1455;8802616000;8792033333;9292033333;10240;10228
1457;8802799000;8792033333;9292033333;10240;10228
1459;8802838000;8792033333;9292033333;10240;10228
1461;8803002000;8792033333;9292033333;10240;10228
1464;8843845000;8792422222;9292422222;10240;10228
1466;8843862000;8833711111;9333711111;10240;10228
1468;8843868000;8833711111;9333711111;10240;10228
1463;8844076000;8792422222;9292422222;10240;10228
1465;8844256000;8792422222;9292422222;10240;10228
1467;8844455000;8833711111;9333711111;10240;10228
1469;8844471000;8833711111;9333711111;10240;10228
1471;8844668000;8833711111;9333711111;10240;10228
1473;8844678000;8833755555;9333755555;10240;10228
1474;8885558000;8834077777;9334077777;10240;10228
1476;8885564000;8834077777;9334077777;10240;10228
1480;8885577000;8875377777;9375377777;10240;10228
1482;8885582000;8875377777;9375377777;10240;10228
1484;8885593000;8875422222;9375422222;10240;10228
1475;8885781000;8834077777;9334077777;10240;10228
1477;8885961000;8875377777;9375377777;10240;10228
1479;8885973000;8875377777;9375377777;10240;10228
1481;8886184000;8875377777;9375377777;10240;10228
1483;8886406000;8875377777;9375377777;10240;10228
1470;8905973000;8833711111;9333711111;10240;10228
1472;8906004000;8833711111;9333711111;10240;10228
1478;8906328000;8875377777;9375377777;10240;10228
1486;8927193000;8875733333;9375733333;10240;10228
1488;8927208000;8917044444;9417044444;10240;10228
1490;8927216000;8917044444;9417044444;10240;10228
1492;8927220000;8917044444;9417044444;10240;10228
1494;8927226000;8917044444;9417044444;10240;10228
1485;8927440000;8875733333;9375733333;10240;10228
1487;8927612000;8875733333;9375733333;10240;10228
1489;8927649000;8917044444;9417044444;10240;10228
1491;8927829000;8917044444;9417044444;10240;10228
1493;8928022000;8917044444;9417044444;10240;10228
1496;8968865000;8917422222;9417422222;10240;10228
1498;8968885000;8917422222;9417422222;10240;10228
1502;8968891000;8958711111;9458711111;10240;10228
1504;8968897000;8958711111;9458711111;10240;10228
1506;8968902000;8958755555;9458755555;10240;10228
1497;8969060000;8917422222;9417422222;10240;10228
1499;8969283000;8958711111;9458711111;10240;10228
1501;8969489000;8958711111;9458711111;10240;10228
1503;8969500000;8958711111;9458711111;10240;10228
1505;8969686000;8958711111;9458711111;10240;10228
1500;8989625000;8958711111;9458711111;10240;10228
1495;8989929000;8917088888;9417088888;10240;10228
1508;9010531000;8959055555;9459055555;10240;10228
1510;9010546000;9000377777;9500377777;10240;10228
1512;9010553000;9000377777;9500377777;10240;10228
1514;9010558000;9000377777;9500377777;10240;10228
1516;9010563000;9000377777;9500377777;10240;10228
1507;9010746000;8959055555;9459055555;10240;10228
1509;9010938000;8959055555;9459055555;10240;10228
1511;9011169000;9000377777;9500377777;10240;10228
1513;9011199000;9000377777;9500377777;10240;10228
1518;9052186000;9000722222;9500722222;10240;10228
1520;9052216000;9000722222;9500722222;10240;10228
1522;9052227000;9042044444;9542044444;10240;10228
1524;9052242000;9042044444;9542044444;10240;10228
1526;9052247000;9042044444;9542044444;10240;10228
1528;9052251000;9042088888;9542088888;10240;10228
1519;9052440000;9000722222;9500722222;10240;10228
1521;9052632000;9042044444;9542044444;10240;10228
1523;9052644000;9042044444;9542044444;10240;10228
1525;9052846000;9042044444;9542044444;10240;10228
1527;9053049000;9042044444;9542044444;10240;10228
1515;9073249000;9000377777;9500377777;10240;10228
1517;9073458000;9000433333;9500433333;10240;10228
1530;9093888000;9042411111;9542411111;10240;10228
1532;9093906000;9083711111;9583711111;10240;10228
1534;9093912000;9083711111;9583711111;10240;10228
1536;9093917000;9083711111;9583711111;10240;10228
1538;9093922000;9083711111;9583711111;10240;10228
1529;9094022000;9042411111;9542411111;10240;10228
1531;9094290000;9042411111;9542411111;10240;10228
1533;9094317000;9083711111;9583711111;10240;10228
1535;9094507000;9083711111;9583711111;10240;10228
1537;9094700000;9083711111;9583711111;10240;10228
1539;9094734000;9083755555;9583755555;10240;10228
1540;9135566000;9084077777;9584077777;10240;10228
1542;9135582000;9084077777;9584077777;10240;10228
1544;9135596000;9125388888;9625388888;10240;10228
1546;9135604000;9125388888;9625388888;10240;10228
1548;9135609000;9125388888;9625388888;10240;10228
1550;9135613000;9125433333;9625433333;10240;10228
1541;9135788000;9084077777;9584077777;10240;10228
1543;9135966000;9125388888;9625388888;10240;10228
1545;9135997000;9125388888;9625388888;10240;10228
1547;9136173000;9125388888;9625388888;10240;10228
1549;9136412000;9125388888;9625388888;10240;10228
1552;9177177000;9125755555;9625755555;10240;10228
1554;9177194000;9167044444;9667044444;10240;10228
1556;9177199000;9167044444;9667044444;10240;10228
1551;9177407000;9125755555;9625755555;10240;10228
1553;9177629000;9125755555;9625755555;10240;10228
1559;9177771000;9167044444;9667044444;10240;10228
1561;9177786000;9167088888;9667088888;10240;10228
1562;9218903000;9167400000;9667400000;10240;10228
1564;9218915000;9167400000;9667400000;10240;10228
1566;9218920000;9208711111;9708711111;10240;10228
1568;9218926000;9208711111;9708711111;10240;10228
1570;9218930000;9208711111;9708711111;10240;10228
1572;9218941000;9208755555;9708755555;10240;10228
1563;9219065000;9167400000;9667400000;10240;10228
1565;9219303000;9208711111;9708711111;10240;10228
1567;9219313000;9208711111;9708711111;10240;10228
1569;9219522000;9208711111;9708711111;10240;10228
1560;9239317000;9167044444;9667044444;10240;10228
1558;9239566000;9167044444;9667044444;10240;10228
1555;9239652000;9167044444;9667044444;10240;10228
1557;9239689000;9167044444;9667044444;10240;10228
1574;9260525000;9209100000;9709100000;10240;10228
1576;9260535000;9250377777;9750377777;10240;10228
1578;9260541000;9250377777;9750377777;10240;10228
1580;9260545000;9250377777;9750377777;10240;10228
1582;9260559000;9250377777;9750377777;10240;10228
1575;9260785000;9209100000;9709100000;10240;10228
1577;9260968000;9250377777;9750377777;10240;10228
1579;9260978000;9250377777;9750377777;10240;10228
1581;9261171000;9250377777;9750377777;10240;10228
1583;9261181000;9250422222;9750422222;10240;10228
1573;9281321000;9209100000;9709100000;10240;10228
1584;9302224000;9250722222;9750722222;10240;10228
1586;9302234000;9250722222;9750722222;10240;10228
1588;9302245000;9292033333;9792033333;10240;10228
1590;9302265000;9292033333;9792033333;10240;10228
1592;9302270000;9292033333;9792033333;10240;10228
1594;9302282000;9292088888;9792088888;10240;10228
1585;9302437000;9250722222;9750722222;10240;10228
1587;9302631000;9292033333;9792033333;10240;10228
1589;9302673000;9292033333;9792033333;10240;10228
1591;9302858000;9292033333;9792033333;10240;10228
1593;9303038000;9292033333;9792033333;10240;10228
1596;9343904000;9292411111;9792411111;10240;10228
1598;9343921000;9333711111;9833711111;10240;10228
1600;9343927000;9333711111;9833711111;10240;10228
1602;9343932000;9333711111;9833711111;10240;10228
1604;9343937000;9333711111;9833711111;10240;10228
1595;9344063000;9292411111;9792411111;10240;10228
1597;9344304000;9292411111;9792411111;10240;10228
1603;9344333000;9333711111;9833711111;10240;10228
1605;9344534000;9333755555;9833755555;10240;10228
1606;9385531000;9334088888;9834088888;10240;10228
1608;9385543000;9334088888;9834088888;10240;10228
1610;9385565000;9375377777;9875377777;10240;10228
1612;9385579000;9375377777;9875377777;10240;10228
1614;9385593000;9375377777;9875377777;10240;10228
1616;9385610000;9375422222;9875422222;10240;10228
1607;9385736000;9334088888;9834088888;10240;10228
1609;9385936000;9375377777;9875377777;10240;10228
1611;9385949000;9375377777;9875377777;10240;10228
1613;9386138000;9375377777;9875377777;10240;10228
1615;9386353000;9375377777;9875377777;10240;10228
1599;9406370000;9333711111;9833711111;10240;10228
1601;9406576000;9333711111;9833711111;10240;10228
1618;9427191000;9375722222;9875722222;10240;10228
1620;9427208000;9417044444;9917044444;10240;10228
1622;9427214000;9417044444;9917044444;10240;10228
1624;9427218000;9417044444;9917044444;10240;10228
1626;9427222000;9417044444;9917044444;10240;10228
1617;9427431000;9375722222;9875722222;10240;10228
1619;9427600000;9375722222;9875722222;10240;10228
1621;9427636000;9417044444;9917044444;10240;10228
1623;9427804000;9417044444;9917044444;10240;10228
1625;9427972000;9417044444;9917044444;10240;10228
1627;9427992000;9417088888;9917088888;10240;10228
1628;9468866000;9417422222;9917422222;10240;10228
1630;9468879000;9417422222;9917422222;10240;10228
1632;9468888000;9458677777;9958677777;10240;10228
1634;9468898000;9458677777;9958677777;10240;10228
1636;9468903000;9458677777;9958677777;10240;10228
1638;9468907000;9458722222;9958722222;10240;10228
1629;9469033000;9417422222;9917422222;10240;10228
1631;9469246000;9458677777;9958677777;10240;10228
1633;9469266000;9458677777;9958677777;10240;10228
1635;9469439000;9458677777;9958677777;10240;10228
1637;9469611000;9458677777;9958677777;10240;10228
1640;9510559000;9459044444;9959044444;10240;10228
1642;9510582000;9500377777;10000377777;10240;10228
1644;9510588000;9500377777;10000377777;10240;10228
1646;9510606000;9500377777;10000377777;10240;10228
1648;9510635000;9500377777;10000377777;10240;10228
1639;9510747000;9459044444;9959044444;10240;10228
1641;9510934000;9459044444;9959044444;10240;10228
1643;9510953000;9500377777;10000377777;10240;10228
1645;9511118000;9500377777;10000377777;10240;10228
1649;9511304000;9500422222;10000422222;10240;10228
1650;9552182000;9500733333;10000733333;10240;10228
1652;9552192000;9500733333;10000733333;10240;10228
1654;9552207000;9542044444;10042044444;10240;10228
1656;9552220000;9542044444;10042044444;10240;10228
1658;9552239000;9542044444;10042044444;10240;10228
1660;9552242000;9542088888;10042088888;10240;10228
1651;9552399000;9500733333;10000733333;10240;10228
1653;9552602000;9542044444;10042044444;10240;10228
1655;9552614000;9542044444;10042044444;10240;10228
1657;9552813000;9542044444;10042044444;10240;10228
1659;9553009000;9542044444;10042044444;10240;10228
1647;9573201000;9500377777;10000377777;10240;10228
1662;9593894000;9542433333;10042433333;10240;10228
1664;9593918000;9583711111;10083711111;10240;10228
1666;9593925000;9583711111;10083711111;10240;10228
1668;9593931000;9583711111;10083711111;10240;10228
1670;9593935000;9583711111;10083711111;10240;10228
1661;9594057000;9542433333;10042433333;10240;10228
1663;9594276000;9542433333;10042433333;10240;10228
1667;9594332000;9583711111;10083711111;10240;10228
1669;9594468000;9583711111;10083711111;10240;10228
1671;9594489000;9583755555;10083755555;10240;10228
1672;9635566000;9584077777;10084077777;10240;10228
1674;9635578000;9584077777;10084077777;10240;10228
1676;9635603000;9625377777;10125377777;10240;10228
1678;9635612000;9625377777;10125377777;10240;10228
1680;9635630000;9625377777;10125377777;10240;10228
1682;9635635000;9625422222;10125422222;10240;10228
1673;9635735000;9584077777;10084077777;10240;10228
1675;9635934000;9625377777;10125377777;10240;10228
1681;9635947000;9625377777;10125377777;10240;10228
1665;9656459000;9583711111;10083711111;10240;10228
1684;9677232000;9625744444;10125744444;10240;10228
1686;9677263000;9667044444;10167044444;10240;10228
1688;9677270000;9667044444;10167044444;10240;10228
1690;9677284000;9667044444;10167044444;10240;10228
1692;9677288000;9667044444;10167044444;10240;10228
1683;9677392000;9625744444;10125744444;10240;10228
1689;9677598000;9667044444;10167044444;10240;10228
1691;9677610000;9667044444;10167044444;10240;10228
1693;9677802000;9667088888;10167088888;10240;10228
1685;9698102000;9625744444;10125744444;10240;10228
1677;9698113000;9625377777;10125377777;10240;10228
1687;9698325000;9667044444;10167044444;10240;10228
1694;9718856000;9667388888;10167388888;10240;10228
1698;9718868000;9708711111;10208711111;10240;10228
1700;9718881000;9708711111;10208711111;10240;10228
1702;9718887000;9708711111;10208711111;10240;10228
1704;9718891000;9708755555;10208755555;10240;10228
1695;9719075000;9667388888;10167388888;10240;10228
1697;9719276000;9708711111;10208711111;10240;10228
1699;9719286000;9708711111;10208711111;10240;10228
1701;9719484000;9708711111;10208711111;10240;10228
1703;9719674000;9708711111;10208711111;10240;10228
1696;9739568000;9667388888;10167388888;10240;10228
1706;9760510000;9709066666;10209066666;10240;10228
1708;9760529000;9750377777;10250377777;10240;10228
1710;9760535000;9750377777;10250377777;10240;10228
1712;9760544000;9750377777;10250377777;10240;10228
1714;9760566000;9750377777;10250377777;10240;10228
1705;9760728000;9709066666;10209066666;10240;10228
1707;9760933000;9709066666;10209066666;10240;10228
1709;9760961000;9750377777;10250377777;10240;10228
1711;9761148000;9750377777;10250377777;10240;10228
1713;9761332000;9750377777;10250377777;10240;10228
1715;9761362000;9750422222;10250422222;10240;10228
1716;9802178000;9750733333;10250733333;10240;10228
1718;9802189000;9750733333;10250733333;10240;10228
1720;9802198000;9792044444;10292044444;10240;10228
1722;9802207000;9792044444;10292044444;10240;10228
1724;9802211000;9792044444;10292044444;10240;10228
1717;9802400000;9750733333;10250733333;10240;10228
1719;9802604000;9792044444;10292044444;10240;10228
1721;9802632000;9792044444;10292044444;10240;10228
1723;9802805000;9792044444;10292044444;10240;10228
1725;9802991000;9792044444;10292044444;10240;10228
1728;9843844000;9792422222;10292422222;10240;10228
1730;9843858000;9833711111;10333711111;10240;10228
1732;9843866000;9833711111;10333711111;10240;10228
1734;9843870000;9833711111;10333711111;10240;10228
1736;9843875000;9833711111;10333711111;10240;10228
1727;9844074000;9792422222;10292422222;10240;10228
1729;9844274000;9792422222;10292422222;10240;10228
1731;9844284000;9833711111;10333711111;10240;10228
1733;9844478000;9833711111;10333711111;10240;10228
1735;9844673000;9833711111;10333711111;10240;10228
1737;9844693000;9833755555;10333755555;10240;10228
1726;9864428000;9792088888;10292088888;10240;10228
1738;9885565000;9834111111;10334111111;10240;10228
1740;9885577000;9834111111;10334111111;10240;10228
1742;9885586000;9875377777;10375377777;10240;10228
1744;9885594000;9875377777;10375377777;10240;10228
1746;9885599000;9875377777;10375377777;10240;10228
1748;9885605000;9875422222;10375422222;10240;10228
1739;9885733000;9834111111;10334111111;10240;10228
1741;9885942000;9875377777;10375377777;10240;10228
1743;9885970000;9875377777;10375377777;10240;10228
1745;9886135000;9875377777;10375377777;10240;10228
1750;9927202000;9875744444;10375744444;10240;10228
1752;9927223000;9917044444;10417044444;10240;10228
1754;9927252000;9917044444;10417044444;10240;10228
1756;9927256000;9917044444;10417044444;10240;10228
1758;9927270000;9917044444;10417044444;10240;10228
1749;9927397000;9875744444;10375744444;10240;10228
1751;9927608000;9875744444;10375744444;10240;10228
1753;9927617000;9917044444;10417044444;10240;10228
1755;9927814000;9917044444;10417044444;10240;10228
1757;9928004000;9917044444;10417044444;10240;10228
1759;9928011000;9917088888;10417088888;10240;10228
1747;9948030000;9875377777;10375377777;10240;10228
1760;9968880000;9917433333;10417433333;10240;10228
1762;9968909000;9917433333;10417433333;10240;10228
1764;9968935000;9958711111;10458711111;10240;10228
1766;9968944000;9958711111;10458711111;10240;10228
1768;9968960000;9958711111;10458711111;10240;10228
1770;9968965000;9958755555;10458755555;10240;10228
1761;9969097000;9917433333;10417433333;10240;10228
1763;9969257000;9958711111;10458711111;10240;10228
1765;9969459000;9958711111;10458711111;10240;10228
1767;9969490000;9958711111;10458711111;10240;10228
1769;9969665000;9958711111;10458711111;10240;10228
1772;10010582000;9959077777;10459077777;10240;10228
1774;10010609000;10000377777;10500377777;10240;10228
1776;10010615000;10000377777;10500377777;10240;10228
1778;10010620000;10000377777;10500377777;10240;10228
1780;10010624000;10000377777;10500377777;10240;10228
1771;10010724000;9959077777;10459077777;10240;10228
1773;10010929000;9959077777;10459077777;10240;10228
1775;10010953000;10000377777;10500377777;10240;10228
1777;10011094000;10000377777;10500377777;10240;10228
1779;10011351000;10000377777;10500377777;10240;10228
1781;10011380000;10000422222;10500422222;10240;10228
1782;10052233000;10000722222;10500722222;10240;10228
1784;10052243000;10000722222;10500722222;10240;10228
1786;10052254000;10042044444;10542044444;10240;10228
1788;10052265000;10042044444;10542044444;10240;10228
1790;10052269000;10042044444;10542044444;10240;10228
1792;10052274000;10042088888;10542088888;10240;10228
1783;10052398000;10000722222;10500722222;10240;10228
1785;10052611000;10042044444;10542044444;10240;10228
1787;10052639000;10042044444;10542044444;10240;10228
1789;10052816000;10042044444;10542044444;10240;10228
1791;10053009000;10042044444;10542044444;10240;10228
1794;10093858000;10042444444;10542444444;10240;10228
1796;10093873000;10083711111;10583711111;10240;10228
1798;10093881000;10083711111;10583711111;10240;10228
1800;10093886000;10083711111;10583711111;10240;10228
1802;10093891000;10083711111;10583711111;10240;10228
1793;10094072000;10042444444;10542444444;10240;10228
1795;10094273000;10042444444;10542444444;10240;10228
1797;10094302000;10083711111;10583711111;10240;10228
1799;10094448000;10083711111;10583711111;10240;10228
1801;10094677000;10083711111;10583711111;10240;10228
1803;10094713000;10083755555;10583755555;10240;10228
1804;10135566000;10084100000;10584100000;10240;10228
1806;10135577000;10084100000;10584100000;10240;10228
1808;10135588000;10125377777;10625377777;10240;10228
1810;10135595000;10125377777;10625377777;10240;10228
1812;10135600000;10125377777;10625377777;10240;10228
1814;10135604000;10125422222;10625422222;10240;10228
1805;10135733000;10084100000;10584100000;10240;10228
1807;10135934000;10125377777;10625377777;10240;10228
1809;10135964000;10125377777;10625377777;10240;10228
1811;10136128000;10125377777;10625377777;10240;10228
1813;10136353000;10125377777;10625377777;10240;10228
1816;10177196000;10125733333;10625733333;10240;10228
1818;10177211000;10167044444;10667044444;10240;10228
1820;10177217000;10167044444;10667044444;10240;10228
1822;10177222000;10167044444;10667044444;10240;10228
1824;10177228000;10167044444;10667044444;10240;10228
1815;10177397000;10125733333;10625733333;10240;10228
1817;10177605000;10125733333;10625733333;10240;10228
1819;10177642000;10167044444;10667044444;10240;10228
1821;10177815000;10167044444;10667044444;10240;10228
1823;10178008000;10167044444;10667044444;10240;10228
1825;10178038000;10167088888;10667088888;10240;10228
1832;10218928000;10208711111;10708711111;10240;10228
1834;10218945000;10208711111;10708711111;10240;10228
1836;10218966000;10208755555;10708755555;10240;10228
1827;10219057000;10167411111;10667411111;10240;10228
1829;10219275000;10208711111;10708711111;10240;10228
1831;10219286000;10208711111;10708711111;10240;10228
1833;10219479000;10208711111;10708711111;10240;10228
1835;10219697000;10208711111;10708711111;10240;10228
1826;10239391000;10167411111;10667411111;10240;10228
1828;10239421000;10167411111;10667411111;10240;10228
1830;10239448000;10208711111;10708711111;10240;10228
1838;10260565000;10209088888;10709088888;10240;10228
1840;10260581000;10250377777;10750377777;10240;10228
1842;10260588000;10250377777;10750377777;10240;10228
1844;10260592000;10250377777;10750377777;10240;10228
1846;10260597000;10250377777;10750377777;10240;10228
1837;10260730000;10209088888;10709088888;10240;10228
1839;10260934000;10209088888;10709088888;10240;10228
1841;10260962000;10250377777;10750377777;10240;10228
1843;10261146000;10250377777;10750377777;10240;10228
1845;10261332000;10250377777;10750377777;10240;10228
1847;10261362000;10250422222;10750422222;10240;10228
1848;10302193000;10250722222;10750722222;10240;10228
1850;10302206000;10250722222;10750722222;10240;10228
1854;10302219000;10292044444;10792044444;10240;10228
1856;10302225000;10292044444;10792044444;10240;10228
1858;10302229000;10292088888;10792088888;10240;10228
1849;10302398000;10250722222;10750722222;10240;10228
1851;10302609000;10292044444;10792044444;10240;10228
1853;10302637000;10292044444;10792044444;10240;10228
1855;10302798000;10292044444;10792044444;10240;10228
1857;10302999000;10292044444;10792044444;10240;10228
1852;10322952000;10292044444;10792044444;10240;10228
1860;10343840000;10292400000;10792400000;10240;10228
1862;10343867000;10333711111;10833711111;10240;10228
1864;10343884000;10333711111;10833711111;10240;10228
1866;10343914000;10333711111;10833711111;10240;10228
1868;10343920000;10333711111;10833711111;10240;10228
1859;10344077000;10292400000;10792400000;10240;10228
1861;10344280000;10292400000;10792400000;10240;10228
1863;10344320000;10333711111;10833711111;10240;10228
1865;10344484000;10333711111;10833711111;10240;10228
1867;10344680000;10333711111;10833711111;10240;10228
1869;10344719000;10333766666;10833766666;10240;10228
1870;10385544000;10334077777;10834077777;10240;10228
1872;10385557000;10334077777;10834077777;10240;10228
1874;10385567000;10375344444;10875344444;10240;10228
1876;10385575000;10375344444;10875344444;10240;10228
1878;10385582000;10375344444;10875344444;10240;10228
1880;10385588000;10375388888;10875388888;10240;10228
1871;10385704000;10334077777;10834077777;10240;10228
1873;10385904000;10375344444;10875344444;10240;10228
1877;10385934000;10375344444;10875344444;10240;10228
1879;10386101000;10375344444;10875344444;10240;10228
1882;10427173000;10375655555;10875655555;10240;10228
1884;10427198000;10417044444;10917044444;10240;10228
1886;10427206000;10417044444;10917044444;10240;10228
1888;10427233000;10417044444;10917044444;10240;10228
1890;10427239000;10417044444;10917044444;10240;10228
1881;10427388000;10375655555;10875655555;10240;10228
1883;10427599000;10375655555;10875655555;10240;10228
1885;10427608000;10417044444;10917044444;10240;10228
1887;10427792000;10417044444;10917044444;10240;10228
1889;10428008000;10417044444;10917044444;10240;10228
1891;10428018000;10417088888;10917088888;10240;10228
1875;10447849000;10375344444;10875344444;10240;10228
1892;10468851000;10417388888;10917388888;10240;10228
1894;10468864000;10417388888;10917388888;10240;10228
1898;10468873000;10458711111;10958711111;10240;10228
1900;10468883000;10458711111;10958711111;10240;10228
1902;10468888000;10458755555;10958755555;10240;10228
1893;10469077000;10417388888;10917388888;10240;10228
1895;10469276000;10458711111;10958711111;10240;10228
1897;10469308000;10458711111;10958711111;10240;10228
1899;10469478000;10458711111;10958711111;10240;10228
1901;10469675000;10458711111;10958711111;10240;10228
1896;10489436000;10458711111;10958711111;10240;10228
1904;10510522000;10459077777;10959077777;10240;10228
1906;10510538000;10500377777;11000377777;10240;10228
1908;10510551000;10500377777;11000377777;10240;10228
1910;10510557000;10500377777;11000377777;10240;10228
1912;10510561000;10500377777;11000377777;10240;10228
1903;10510732000;10459077777;10959077777;10240;10228
1905;10510933000;10459077777;10959077777;10240;10228
1907;10510962000;10500377777;11000377777;10240;10228
1909;10511150000;10500377777;11000377777;10240;10228
1911;10511352000;10500377777;11000377777;10240;10228
1913;10511380000;10500422222;11000422222;10240;10228
1914;10552235000;10500700000;11000700000;10240;10228
1918;10552244000;10542044444;11042044444;10240;10228
1920;10552262000;10542044444;11042044444;10240;10228
1922;10552280000;10542044444;11042044444;10240;10228
1924;10552292000;10542088888;11042088888;10240;10228
1915;10552397000;10500700000;11000700000;10240;10228
1917;10552601000;10542044444;11042044444;10240;10228
1919;10552623000;10542044444;11042044444;10240;10228
1921;10552813000;10542044444;11042044444;10240;10228
1923;10553010000;10542044444;11042044444;10240;10228
1916;10572821000;10500700000;11000700000;10240;10228
1926;10593857000;10542411111;11042411111;10240;10228
1928;10593872000;10583711111;11083711111;10240;10228
1930;10593879000;10583711111;11083711111;10240;10228
1932;10593884000;10583711111;11083711111;10240;10228
1934;10593889000;10583711111;11083711111;10240;10228
1925;10594077000;10542411111;11042411111;10240;10228
1927;10594274000;10542411111;11042411111;10240;10228
1929;10594305000;10583711111;11083711111;10240;10228
1931;10594477000;10583711111;11083711111;10240;10228
1933;10594679000;10583711111;11083711111;10240;10228
1935;10594715000;10583755555;11083755555;10240;10228
1936;10635569000;10584055555;11084055555;10240;10228
1938;10635578000;10584055555;11084055555;10240;10228
1946;10635588000;10625422222;11125422222;10240;10228
1937;10635723000;10584055555;11084055555;10240;10228
1939;10635926000;10625377777;11125377777;10240;10228
1941;10635949000;10625377777;11125377777;10240;10228
1943;10636094000;10625377777;11125377777;10240;10228
1945;10636352000;10625377777;11125377777;10240;10228
1948;10677184000;10625700000;11125700000;10240;10228
1950;10677220000;10667044444;11167044444;10240;10228
1954;10677236000;10667044444;11167044444;10240;10228
1956;10677241000;10667044444;11167044444;10240;10228
1947;10677397000;10625700000;11125700000;10240;10228
1949;10677602000;10625700000;11125700000;10240;10228
1951;10677621000;10667044444;11167044444;10240;10228
1953;10677815000;10667044444;11167044444;10240;10228
1955;10678007000;10667044444;11167044444;10240;10228
1957;10678018000;10667088888;11167088888;10240;10228
1940;10697625000;10625377777;11125377777;10240;10228
1942;10697656000;10625377777;11125377777;10240;10228
1944;10697686000;10625377777;11125377777;10240;10228
1960;10718861000;10667388888;11167388888;10240;10228
1962;10718892000;10708711111;11208711111;10240;10228
1964;10718899000;10708711111;11208711111;10240;10228
1966;10718914000;10708711111;11208711111;10240;10228
1968;10718918000;10708755555;11208755555;10240;10228
1959;10719083000;10667388888;11167388888;10240;10228
1961;10719284000;10708711111;11208711111;10240;10228
1963;10719296000;10708711111;11208711111;10240;10228
1965;10719485000;10708711111;11208711111;10240;10228
1967;10719684000;10708711111;11208711111;10240;10228
1952;10739206000;10667044444;11167044444;10240;10228
1958;10739572000;10667388888;11167388888;10240;10228
1970;10760523000;10709055555;11209055555;10240;10228
1972;10760538000;10750377777;11250377777;10240;10228
1974;10760545000;10750377777;11250377777;10240;10228
1978;10760549000;10750377777;11250377777;10240;10228
1969;10760729000;10709055555;11209055555;10240;10228
1971;10760936000;10709055555;11209055555;10240;10228
1973;10760966000;10750377777;11250377777;10240;10228
1975;10761150000;10750377777;11250377777;10240;10228
1977;10761341000;10750377777;11250377777;10240;10228
1979;10761352000;10750422222;11250422222;10240;10228
1980;10802238000;10750700000;11250700000;10240;10228
1982;10802257000;10750700000;11250700000;10240;10228
1984;10802282000;10792044444;11292044444;10240;10228
1986;10802318000;10792044444;11292044444;10240;10228
1988;10802332000;10792044444;11292044444;10240;10228
1990;10802337000;10792088888;11292088888;10240;10228
1981;10802413000;10750700000;11250700000;10240;10228
1983;10802602000;10792044444;11292044444;10240;10228
1985;10802622000;10792044444;11292044444;10240;10228
1992;10843857000;10792400000;11292400000;10240;10228
1994;10843868000;10833711111;11333711111;10240;10228
1996;10843873000;10833711111;11333711111;10240;10228
1998;10843878000;10833711111;11333711111;10240;10228
2000;10843888000;10833711111;11333711111;10240;10228
1991;10844076000;10792400000;11292400000;10240;10228
1993;10844272000;10792400000;11292400000;10240;10228
1995;10844284000;10833711111;11333711111;10240;10228
1997;10844470000;10833711111;11333711111;10240;10228
1999;10844677000;10833711111;11333711111;10240;10228
2001;10844696000;10833755555;11333755555;10240;10228
1987;10864715000;10792044444;11292044444;10240;10228
1989;10864745000;10792044444;11292044444;10240;10228
2002;10885518000;10834066666;11334066666;10240;10228
2004;10885527000;10834066666;11334066666;10240;10228
2006;10885545000;10875377777;11375377777;10240;10228
2008;10885550000;10875377777;11375377777;10240;10228
2010;10885561000;10875377777;11375377777;10240;10228
2012;10885568000;10875422222;11375422222;10240;10228
2003;10885723000;10834066666;11334066666;10240;10228
2005;10885905000;10875377777;11375377777;10240;10228
2007;10886154000;10875377777;11375377777;10240;10228
2009;10886181000;10875377777;11375377777;10240;10228
2011;10886344000;10875377777;11375377777;10240;10228
2014;10927158000;10875722222;11375722222;10240;10228
2016;10927181000;10917011111;11417011111;10240;10228
2018;10927187000;10917011111;11417011111;10240;10228
2020;10927192000;10917011111;11417011111;10240;10228
2022;10927210000;10917011111;11417011111;10240;10228
2013;10927365000;10875722222;11375722222;10240;10228
2015;10927572000;10875722222;11375722222;10240;10228
2017;10927600000;10917011111;11417011111;10240;10228
2019;10927771000;10917011111;11417011111;10240;10228
2021;10927943000;10917011111;11417011111;10240;10228
2023;10927968000;10917055555;11417055555;10240;10228
2024;10968841000;10917377777;11417377777;10240;10228
2028;10968851000;10958711111;11458711111;10240;10228
2030;10968869000;10958711111;11458711111;10240;10228
2032;10968875000;10958711111;11458711111;10240;10228
2034;10968887000;10958755555;11458755555;10240;10228
2025;10969074000;10917377777;11417377777;10240;10228
2027;10969279000;10958711111;11458711111;10240;10228
2029;10969290000;10958711111;11458711111;10240;10228
2031;10969481000;10958711111;11458711111;10240;10228
2033;10969684000;10958711111;11458711111;10240;10228
2026;10989597000;10917377777;11417377777;10240;10228
2036;11010524000;10959044444;11459044444;10240;10228
2038;11010547000;11000377777;11500377777;10240;10228
2040;11010554000;11000377777;11500377777;10240;10228
2042;11010559000;11000377777;11500377777;10240;10228
2044;11010578000;11000377777;11500377777;10240;10228
2035;11010729000;10959044444;11459044444;10240;10228
2039;11010934000;11000377777;11500377777;10240;10228
2041;11010944000;11000377777;11500377777;10240;10228
2043;11011147000;11000377777;11500377777;10240;10228
2045;11011348000;11000422222;11500422222;10240;10228
2046;11052236000;11000688888;11500688888;10240;10228
2048;11052249000;11000688888;11500688888;10240;10228
2050;11052270000;11042044444;11542044444;10240;10228
2052;11052276000;11042044444;11542044444;10240;10228
2054;11052280000;11042044444;11542044444;10240;10228
2056;11052285000;11042088888;11542088888;10240;10228
2047;11052400000;11000688888;11500688888;10240;10228
2049;11052606000;11042044444;11542044444;10240;10228
2051;11052625000;11042044444;11542044444;10240;10228
2055;11052816000;11042044444;11542044444;10240;10228
2058;11093844000;11042400000;11542400000;10240;10228
2060;11093855000;11083711111;11583711111;10240;10228
2062;11093860000;11083711111;11583711111;10240;10228
2064;11093882000;11083711111;11583711111;10240;10228
2066;11093893000;11083711111;11583711111;10240;10228
2057;11094072000;11042400000;11542400000;10240;10228
2059;11094274000;11042400000;11542400000;10240;10228
2061;11094284000;11083711111;11583711111;10240;10228
2063;11094478000;11083711111;11583711111;10240;10228
2065;11094669000;11083711111;11583711111;10240;10228
2067;11094676000;11083755555;11583755555;10240;10228
2053;11114879000;11042044444;11542044444;10240;10228
2068;11135514000;11084088888;11584088888;10240;10228
2070;11135528000;11084088888;11584088888;10240;10228
2072;11135545000;11125388888;11625388888;10240;10228
2074;11135565000;11125388888;11625388888;10240;10228
2076;11135585000;11125388888;11625388888;10240;10228
2078;11135590000;11125433333;11625433333;10240;10228
2069;11135736000;11084088888;11584088888;10240;10228
2071;11135940000;11125388888;11625388888;10240;10228
2073;11135966000;11125388888;11625388888;10240;10228
2075;11136147000;11125388888;11625388888;10240;10228
2077;11136350000;11125388888;11625388888;10240;10228
2080;11177203000;11125722222;11625722222;10240;10228
2082;11177249000;11167011111;11667011111;10240;10228
2086;11177254000;11167011111;11667011111;10240;10228
2088;11177260000;11167011111;11667011111;10240;10228
2079;11177373000;11125722222;11625722222;10240;10228
2081;11177572000;11125722222;11625722222;10240;10228
2083;11177598000;11167011111;11667011111;10240;10228
2085;11177786000;11167011111;11667011111;10240;10228
2087;11177971000;11167011111;11667011111;10240;10228
2089;11177978000;11167066666;11667066666;10240;10228
2090;11218835000;11167366666;11667366666;10240;10228
2092;11218843000;11167366666;11667366666;10240;10228
2094;11218880000;11208711111;11708711111;10240;10228
2096;11218889000;11208711111;11708711111;10240;10228
2098;11218894000;11208711111;11708711111;10240;10228
2100;11218925000;11208755555;11708755555;10240;10228
2091;11219055000;11167366666;11667366666;10240;10228
2093;11219277000;11208711111;11708711111;10240;10228
2095;11219289000;11208711111;11708711111;10240;10228
2097;11219471000;11208711111;11708711111;10240;10228
2099;11219688000;11208711111;11708711111;10240;10228
2084;11239414000;11167011111;11667011111;10240;10228
2102;11260565000;11209066666;11709066666;10240;10228
2104;11260588000;11250377777;11750377777;10240;10228
2106;11260594000;11250377777;11750377777;10240;10228
2108;11260599000;11250377777;11750377777;10240;10228
2110;11260604000;11250377777;11750377777;10240;10228
2101;11260728000;11209066666;11709066666;10240;10228
2103;11260930000;11209066666;11709066666;10240;10228
2105;11260957000;11250377777;11750377777;10240;10228
2109;11261143000;11250377777;11750377777;10240;10228
2112;11302201000;11250733333;11750733333;10240;10228
2114;11302228000;11250733333;11750733333;10240;10228
2116;11302246000;11292011111;11792011111;10240;10228
2118;11302266000;11292011111;11792011111;10240;10228
2120;11302289000;11292011111;11792011111;10240;10228
2122;11302304000;11292055555;11792055555;10240;10228
2115;11302403000;11292011111;11792011111;10240;10228
2117;11302574000;11292011111;11792011111;10240;10228
2119;11302595000;11292011111;11792011111;10240;10228
2121;11302785000;11292011111;11792011111;10240;10228
2111;11323193000;11250422222;11750422222;10240;10228
2113;11323396000;11250733333;11750733333;10240;10228
2124;11343858000;11292422222;11792422222;10240;10228
2126;11343869000;11333711111;11833711111;10240;10228
2128;11343874000;11333711111;11833711111;10240;10228
2130;11343885000;11333711111;11833711111;10240;10228
2132;11343893000;11333711111;11833711111;10240;10228
2125;11344103000;11292422222;11792422222;10240;10228
2127;11344290000;11333711111;11833711111;10240;10228
2129;11344302000;11333711111;11833711111;10240;10228
2131;11344490000;11333711111;11833711111;10240;10228
2133;11344502000;11333755555;11833755555;10240;10228
2123;11364936000;11292422222;11792422222;10240;10228
2134;11385517000;11334100000;11834100000;10240;10228
2136;11385528000;11334100000;11834100000;10240;10228
2138;11385549000;11375377777;11875377777;10240;10228
2142;11385560000;11375377777;11875377777;10240;10228
2144;11385567000;11375422222;11875422222;10240;10228
2135;11385731000;11334100000;11834100000;10240;10228
2137;11385933000;11375377777;11875377777;10240;10228
2139;11385961000;11375377777;11875377777;10240;10228
2141;11386137000;11375377777;11875377777;10240;10228
2143;11386355000;11375377777;11875377777;10240;10228
2146;11427165000;11375722222;11875722222;10240;10228
2148;11427193000;11417011111;11917011111;10240;10228
2150;11427209000;11417011111;11917011111;10240;10228
2152;11427215000;11417011111;11917011111;10240;10228
2154;11427230000;11417011111;11917011111;10240;10228
2149;11427376000;11417011111;11917011111;10240;10228
2151;11427585000;11417011111;11917011111;10240;10228
2153;11427596000;11417011111;11917011111;10240;10228
2155;11427780000;11417055555;11917055555;10240;10228
2140;11447493000;11375377777;11875377777;10240;10228
2145;11448017000;11375722222;11875722222;10240;10228
2147;11448224000;11375722222;11875722222;10240;10228
2156;11468876000;11417388888;11917388888;10240;10228
2158;11468885000;11417388888;11917388888;10240;10228
2160;11468904000;11458711111;11958711111;10240;10228
2162;11468914000;11458711111;11958711111;10240;10228
2164;11468922000;11458711111;11958711111;10240;10228
2166;11468926000;11458755555;11958755555;10240;10228
2157;11469060000;11417388888;11917388888;10240;10228
2159;11469268000;11458711111;11958711111;10240;10228
2161;11469481000;11458711111;11958711111;10240;10228
2163;11469508000;11458711111;11958711111;10240;10228
2165;11469661000;11458711111;11958711111;10240;10228
2168;11510540000;11459088888;11959088888;10240;10228
2170;11510563000;11500344444;12000344444;10240;10228
2172;11510569000;11500344444;12000344444;10240;10228
2174;11510573000;11500344444;12000344444;10240;10228
2176;11510578000;11500344444;12000344444;10240;10228
2167;11510698000;11459088888;11959088888;10240;10228
2169;11510902000;11459088888;11959088888;10240;10228
2171;11510928000;11500344444;12000344444;10240;10228
2173;11511099000;11500344444;12000344444;10240;10228
2175;11511317000;11500344444;12000344444;10240;10228
2177;11511343000;11500388888;12000388888;10240;10228
2178;11552232000;11500722222;12000722222;10240;10228
2180;11552242000;11500722222;12000722222;10240;10228
2182;11552260000;11542044444;12042044444;10240;10228
2184;11552270000;11542044444;12042044444;10240;10228
2186;11552283000;11542044444;12042044444;10240;10228
2188;11552297000;11542100000;12042100000;10240;10228
2179;11552398000;11500722222;12000722222;10240;10228
2181;11552604000;11542044444;12042044444;10240;10228
2183;11552630000;11542044444;12042044444;10240;10228
2185;11552810000;11542044444;12042044444;10240;10228
2187;11552976000;11542044444;12042044444;10240;10228
2190;11593861000;11542455555;12042455555;10240;10228
2192;11593884000;11583711111;12083711111;10240;10228
2194;11593891000;11583711111;12083711111;10240;10228
2196;11593895000;11583711111;12083711111;10240;10228
2198;11593900000;11583711111;12083711111;10240;10228
2189;11594073000;11542455555;12042455555;10240;10228
2191;11594276000;11542455555;12042455555;10240;10228
2193;11594302000;11583711111;12083711111;10240;10228
2195;11594482000;11583711111;12083711111;10240;10228
2197;11594675000;11583711111;12083711111;10240;10228
2199;11594700000;11583755555;12083755555;10240;10228
2200;11635526000;11584088888;12084088888;10240;10228
2202;11635557000;11584088888;12084088888;10240;10228
2204;11635576000;11625377777;12125377777;10240;10228
2206;11635585000;11625377777;12125377777;10240;10228
2208;11635592000;11625377777;12125377777;10240;10228
2210;11635597000;11625422222;12125422222;10240;10228
2201;11635734000;11584088888;12084088888;10240;10228
2203;11635938000;11625377777;12125377777;10240;10228
2205;11635966000;11625377777;12125377777;10240;10228
2207;11636136000;11625377777;12125377777;10240;10228
2209;11636312000;11625377777;12125377777;10240;10228
2212;11677178000;11625733333;12125733333;10240;10228
2214;11677202000;11667044444;12167044444;10240;10228
2216;11677215000;11667044444;12167044444;10240;10228
2218;11677219000;11667044444;12167044444;10240;10228
2220;11677234000;11667044444;12167044444;10240;10228
2211;11677392000;11625733333;12125733333;10240;10228
2215;11677599000;11667044444;12167044444;10240;10228
2217;11677618000;11667044444;12167044444;10240;10228
2219;11677804000;11667044444;12167044444;10240;10228
2221;11677822000;11667088888;12167088888;10240;10228
2213;11698338000;11625733333;12125733333;10240;10228
2222;11718846000;11667400000;12167400000;10240;10228
2224;11718857000;11667400000;12167400000;10240;10228
2226;11718875000;11708711111;12208711111;10240;10228
2228;11718884000;11708711111;12208711111;10240;10228
2230;11718895000;11708711111;12208711111;10240;10228
2232;11718911000;11708755555;12208755555;10240;10228
2223;11719062000;11667400000;12167400000;10240;10228
2227;11719257000;11708711111;12208711111;10240;10228
2229;11719463000;11708711111;12208711111;10240;10228
2231;11719473000;11708711111;12208711111;10240;10228
2225;11740087000;11708711111;12208711111;10240;10228
2234;11760513000;11709100000;12209100000;10240;10228
2236;11760539000;11750377777;12250377777;10240;10228
2238;11760545000;11750377777;12250377777;10240;10228
2240;11760551000;11750377777;12250377777;10240;10228
2242;11760580000;11750377777;12250377777;10240;10228
2233;11760733000;11709100000;12209100000;10240;10228
2235;11760936000;11709100000;12209100000;10240;10228
2237;11760963000;11750377777;12250377777;10240;10228
2239;11761133000;11750377777;12250377777;10240;10228
2241;11761349000;11750377777;12250377777;10240;10228
2243;11761377000;11750422222;12250422222;10240;10228
2244;11802185000;11750744444;12250744444;10240;10228
2246;11802197000;11750744444;12250744444;10240;10228
2248;11802219000;11792044444;12292044444;10240;10228
2250;11802225000;11792044444;12292044444;10240;10228
2252;11802237000;11792044444;12292044444;10240;10228
2254;11802245000;11792100000;12292100000;10240;10228
2245;11802398000;11750744444;12250744444;10240;10228
2247;11802604000;11792044444;12292044444;10240;10228
2249;11802633000;11792044444;12292044444;10240;10228
2251;11802804000;11792044444;12292044444;10240;10228
2253;11802976000;11792044444;12292044444;10240;10228
2258;11843907000;11833711111;12333711111;10240;10228
2260;11843937000;11833711111;12333711111;10240;10228
2262;11843943000;11833711111;12333711111;10240;10228
2264;11843948000;11833711111;12333711111;10240;10228
2255;11844061000;11792433333;12292433333;10240;10228
2257;11844272000;11792433333;12292433333;10240;10228
2259;11844282000;11833711111;12333711111;10240;10228
2261;11844479000;11833711111;12333711111;10240;10228
2263;11844674000;11833711111;12333711111;10240;10228
2265;11844694000;11833766666;12333766666;10240;10228
2256;11864603000;11792433333;12292433333;10240;10228
2266;11885509000;11834100000;12334100000;10240;10228
2268;11885520000;11834100000;12334100000;10240;10228
2270;11885538000;11875377777;12375377777;10240;10228
2272;11885548000;11875377777;12375377777;10240;10228
2274;11885561000;11875377777;12375377777;10240;10228
2276;11885572000;11875422222;12375422222;10240;10228
2267;11885731000;11834100000;12334100000;10240;10228
2271;11885936000;11875377777;12375377777;10240;10228
2273;11885946000;11875377777;12375377777;10240;10228
2275;11886137000;11875377777;12375377777;10240;10228
2269;11906702000;11875377777;12375377777;10240;10228
2278;11927190000;11875744444;12375744444;10240;10228
2280;11927214000;11917044444;12417044444;10240;10228
2282;11927224000;11917044444;12417044444;10240;10228
2284;11927230000;11917044444;12417044444;10240;10228
2286;11927244000;11917044444;12417044444;10240;10228
2277;11927396000;11875744444;12375744444;10240;10228
2279;11927603000;11875744444;12375744444;10240;10228
2281;11927631000;11917044444;12417044444;10240;10228
2283;11927801000;11917044444;12417044444;10240;10228
2285;11927976000;11917044444;12417044444;10240;10228
2287;11928002000;11917088888;12417088888;10240;10228
2288;11968879000;11917455555;12417455555;10240;10228
2290;11968900000;11917455555;12417455555;10240;10228
2292;11968919000;11958711111;12458711111;10240;10228
2296;11968925000;11958711111;12458711111;10240;10228
2298;11968945000;11958755555;12458755555;10240;10228
2289;11969075000;11917455555;12417455555;10240;10228
2291;11969259000;11958711111;12458711111;10240;10228
2293;11969449000;11958711111;12458711111;10240;10228
2295;11969475000;11958711111;12458711111;10240;10228
2297;11969652000;11958711111;12458711111;10240;10228
2300;12010576000;11959077777;12459077777;10240;10228
2302;12010610000;12000377777;12500377777;10240;10228
2304;12010622000;12000377777;12500377777;10240;10228
2306;12010638000;12000377777;12500377777;10240;10228
2299;12010736000;11959077777;12459077777;10240;10228
2301;12010933000;11959077777;12459077777;10240;10228
2303;12010945000;12000377777;12500377777;10240;10228
2305;12011148000;12000377777;12500377777;10240;10228
2307;12011352000;12000377777;12500377777;10240;10228
2309;12011361000;12000422222;12500422222;10240;10228
2294;12031192000;11958711111;12458711111;10240;10228
2312;12052200000;12000722222;12500722222;10240;10228
2314;12052229000;12042044444;12542044444;10240;10228
2316;12052235000;12042044444;12542044444;10240;10228
2318;12052241000;12042044444;12542044444;10240;10228
2320;12052263000;12042088888;12542088888;10240;10228
2311;12052405000;12000722222;12500722222;10240;10228
2313;12052615000;12042044444;12542044444;10240;10228
2315;12052628000;12042044444;12542044444;10240;10228
2317;12052825000;12042044444;12542044444;10240;10228
2319;12053015000;12042044444;12542044444;10240;10228
2308;12072729000;12000377777;12500377777;10240;10228
2310;12072739000;12000722222;12500722222;10240;10228
2322;12093861000;12042422222;12542422222;10240;10228
2324;12093874000;12083711111;12583711111;10240;10228
2326;12093879000;12083711111;12583711111;10240;10228
2328;12093893000;12083711111;12583711111;10240;10228
2330;12093899000;12083711111;12583711111;10240;10228
2321;12094067000;12042422222;12542422222;10240;10228
2323;12094273000;12042422222;12542422222;10240;10228
2325;12094303000;12083711111;12583711111;10240;10228
2327;12094478000;12083711111;12583711111;10240;10228
2332;12135581000;12084100000;12584100000;10240;10228
2334;12135612000;12084100000;12584100000;10240;10228
2336;12135619000;12125388888;12625388888;10240;10228
2338;12135633000;12125388888;12625388888;10240;10228
2340;12135638000;12125388888;12625388888;10240;10228
2342;12135660000;12125444444;12625444444;10240;10228
2335;12135759000;12125388888;12625388888;10240;10228
2337;12135951000;12125388888;12625388888;10240;10228
2339;12135964000;12125388888;12625388888;10240;10228
2341;12136156000;12125388888;12625388888;10240;10228
2329;12156528000;12083711111;12583711111;10240;10228
2331;12156556000;12083755555;12583755555;10240;10228
2333;12156564000;12084100000;12584100000;10240;10228
2344;12177174000;12125800000;12625800000;10240;10228
2346;12177187000;12167044444;12667044444;10240;10228
2348;12177192000;12167044444;12667044444;10240;10228
2350;12177223000;12167044444;12667044444;10240;10228
2352;12177229000;12167044444;12667044444;10240;10228
2343;12177390000;12125800000;12625800000;10240;10228
2345;12177604000;12125800000;12625800000;10240;10228
2347;12177629000;12167044444;12667044444;10240;10228
2349;12177810000;12167044444;12667044444;10240;10228
2351;12178034000;12167044444;12667044444;10240;10228
2353;12178096000;12167088888;12667088888;10240;10228
2354;12218853000;12167411111;12667411111;10240;10228
2356;12218864000;12167411111;12667411111;10240;10228
2358;12218872000;12208711111;12708711111;10240;10228
2360;12218893000;12208711111;12708711111;10240;10228
2362;12218900000;12208711111;12708711111;10240;10228
2364;12218904000;12208755555;12708755555;10240;10228
2355;12219079000;12167411111;12667411111;10240;10228
2357;12219278000;12208711111;12708711111;10240;10228
2359;12219309000;12208711111;12708711111;10240;10228
2361;12219478000;12208711111;12708711111;10240;10228
2363;12219658000;12208711111;12708711111;10240;10228
2366;12260489000;12209100000;12709100000;10240;10228
2370;12260502000;12250344444;12750344444;10240;10228
2372;12260507000;12250344444;12750344444;10240;10228
2374;12260542000;12250344444;12750344444;10240;10228
2365;12260699000;12209100000;12709100000;10240;10228
2367;12260902000;12209100000;12709100000;10240;10228
2369;12260928000;12250344444;12750344444;10240;10228
2371;12261077000;12250344444;12750344444;10240;10228
2373;12261312000;12250344444;12750344444;10240;10228
2375;12261331000;12250388888;12750388888;10240;10228
2376;12302187000;12250700000;12750700000;10240;10228
2378;12302196000;12250700000;12750700000;10240;10228
2380;12302207000;12292044444;12792044444;10240;10228
2382;12302212000;12292044444;12792044444;10240;10228
2384;12302243000;12292044444;12792044444;10240;10228
2386;12302248000;12292088888;12792088888;10240;10228
2377;12302411000;12250700000;12750700000;10240;10228
2379;12302611000;12292044444;12792044444;10240;10228
2381;12302621000;12292044444;12792044444;10240;10228
2383;12302816000;12292044444;12792044444;10240;10228
2385;12303009000;12292044444;12792044444;10240;10228
2368;12322658000;12250344444;12750344444;10240;10228
2388;12343868000;12292422222;12792422222;10240;10228
2390;12343882000;12333711111;12833711111;10240;10228
2392;12343886000;12333711111;12833711111;10240;10228
2394;12343896000;12333711111;12833711111;10240;10228
2396;12343918000;12333711111;12833711111;10240;10228
2387;12344077000;12292422222;12792422222;10240;10228
2389;12344277000;12292422222;12792422222;10240;10228
2391;12344308000;12333711111;12833711111;10240;10228
2393;12344483000;12333711111;12833711111;10240;10228
2395;12344681000;12333711111;12833711111;10240;10228
2397;12344707000;12333766666;12833766666;10240;10228
2398;12385566000;12334122222;12834122222;10240;10228
2400;12385591000;12334122222;12834122222;10240;10228
2402;12385600000;12375377777;12875377777;10240;10228
2404;12385610000;12375377777;12875377777;10240;10228
2406;12385614000;12375377777;12875377777;10240;10228
2408;12385619000;12375422222;12875422222;10240;10228
2399;12385730000;12334122222;12834122222;10240;10228
2401;12385933000;12375377777;12875377777;10240;10228
2403;12385959000;12375377777;12875377777;10240;10228
2405;12386159000;12375377777;12875377777;10240;10228
2407;12386366000;12375377777;12875377777;10240;10228
2410;12427191000;12375722222;12875722222;10240;10228
2412;12427205000;12417044444;12917044444;10240;10228
2414;12427209000;12417044444;12917044444;10240;10228
2416;12427232000;12417044444;12917044444;10240;10228
2418;12427238000;12417044444;12917044444;10240;10228
2409;12427398000;12375722222;12875722222;10240;10228
2411;12427607000;12375722222;12875722222;10240;10228
2413;12427637000;12417044444;12917044444;10240;10228
2415;12427805000;12417044444;12917044444;10240;10228
2417;12427992000;12417044444;12917044444;10240;10228
2419;12428021000;12417100000;12917100000;10240;10228
2420;12468860000;12417411111;12917411111;10240;10228
2422;12468871000;12417411111;12917411111;10240;10228
2424;12468884000;12458711111;12958711111;10240;10228
2426;12468890000;12458711111;12958711111;10240;10228
2428;12468912000;12458711111;12958711111;10240;10228
2430;12468918000;12458755555;12958755555;10240;10228
2421;12469075000;12417411111;12917411111;10240;10228
2423;12469276000;12458711111;12958711111;10240;10228
2425;12469303000;12458711111;12958711111;10240;10228
2427;12469478000;12458711111;12958711111;10240;10228
2429;12469687000;12458711111;12958711111;10240;10228
2432;12510538000;12459077777;12959077777;10240;10228
2434;12510554000;12500377777;13000377777;10240;10228
2436;12510558000;12500377777;13000377777;10240;10228
2438;12510564000;12500377777;13000377777;10240;10228
2440;12510599000;12500377777;13000377777;10240;10228
2431;12510729000;12459077777;12959077777;10240;10228
2433;12510933000;12459077777;12959077777;10240;10228
2435;12510960000;12500377777;13000377777;10240;10228
2437;12511132000;12500377777;13000377777;10240;10228
2439;12511362000;12500377777;13000377777;10240;10228
2441;12511387000;12500422222;13000422222;10240;10228
2442;12552233000;12500733333;13000733333;10240;10228
2446;12552244000;12542044444;13042044444;10240;10228
2448;12552257000;12542044444;13042044444;10240;10228
2450;12552269000;12542044444;13042044444;10240;10228
2452;12552274000;12542088888;13042088888;10240;10228
2443;12552397000;12500733333;13000733333;10240;10228
2445;12552606000;12542044444;13042044444;10240;10228
2447;12552644000;12542044444;13042044444;10240;10228
2449;12552802000;12542044444;13042044444;10240;10228
2451;12553010000;12542044444;13042044444;10240;10228
2444;12572851000;12500733333;13000733333;10240;10228
2454;12593855000;12542455555;13042455555;10240;10228
2456;12593867000;12583711111;13083711111;10240;10228
2458;12593872000;12583711111;13083711111;10240;10228
2460;12593904000;12583711111;13083711111;10240;10228
2462;12593910000;12583711111;13083711111;10240;10228
2453;12594074000;12542455555;13042455555;10240;10228
2455;12594270000;12542455555;13042455555;10240;10228
2457;12594300000;12583711111;13083711111;10240;10228
2459;12594474000;12583711111;13083711111;10240;10228
2461;12594675000;12583711111;13083711111;10240;10228
2463;12594699000;12583755555;13083755555;10240;10228
2464;12635526000;12584077777;13084077777;10240;10228
2466;12635535000;12584077777;13084077777;10240;10228
2468;12635548000;12625377777;13125377777;10240;10228
2470;12635553000;12625377777;13125377777;10240;10228
2472;12635582000;12625377777;13125377777;10240;10228
2474;12635592000;12625422222;13125422222;10240;10228
2465;12635735000;12584077777;13084077777;10240;10228
2467;12635940000;12625377777;13125377777;10240;10228
2469;12635967000;12625377777;13125377777;10240;10228
2471;12636149000;12625377777;13125377777;10240;10228
2473;12636354000;12625377777;13125377777;10240;10228
2476;12677180000;12625722222;13125722222;10240;10228
2478;12677193000;12667044444;13167044444;10240;10228
2480;12677198000;12667044444;13167044444;10240;10228
2482;12677212000;12667044444;13167044444;10240;10228
2484;12677221000;12667044444;13167044444;10240;10228
2475;12677386000;12625722222;13125722222;10240;10228
2477;12677607000;12625722222;13125722222;10240;10228
2479;12677637000;12667044444;13167044444;10240;10228
2481;12677802000;12667044444;13167044444;10240;10228
2483;12678009000;12667044444;13167044444;10240;10228
2485;12678036000;12667088888;13167088888;10240;10228
2486;12718862000;12667388888;13167388888;10240;10228
2488;12718871000;12667388888;13167388888;10240;10228
2490;12718884000;12708711111;13208711111;10240;10228
2492;12718889000;12708711111;13208711111;10240;10228
2494;12718912000;12708711111;13208711111;10240;10228
2496;12718917000;12708755555;13208755555;10240;10228
2487;12719072000;12667388888;13167388888;10240;10228
2489;12719274000;12708711111;13208711111;10240;10228
2491;12719304000;12708711111;13208711111;10240;10228
2493;12719479000;12708711111;13208711111;10240;10228
2495;12719673000;12708711111;13208711111;10240;10228
2498;12760533000;12709066666;13209066666;10240;10228
2500;12760545000;12750388888;13250388888;10240;10228
2502;12760551000;12750388888;13250388888;10240;10228
2504;12760560000;12750388888;13250388888;10240;10228
2506;12760593000;12750388888;13250388888;10240;10228
2497;12760733000;12709066666;13209066666;10240;10228
2499;12760936000;12709066666;13209066666;10240;10228
2501;12760961000;12750388888;13250388888;10240;10228
2503;12761137000;12750388888;13250388888;10240;10228
2505;12761351000;12750388888;13250388888;10240;10228
2507;12761381000;12750433333;13250433333;10240;10228
2508;12802169000;12750755555;13250755555;10240;10228
2510;12802180000;12750755555;13250755555;10240;10228
2512;12802192000;12792011111;13292011111;10240;10228
2514;12802198000;12792011111;13292011111;10240;10228
2516;12802229000;12792011111;13292011111;10240;10228
2518;12802235000;12792055555;13292055555;10240;10228
2509;12802366000;12750755555;13250755555;10240;10228
2511;12802579000;12792011111;13292011111;10240;10228
2513;12802606000;12792011111;13292011111;10240;10228
2515;12802779000;12792011111;13292011111;10240;10228
2517;12802957000;12792011111;13292011111;10240;10228
2519;12843897000;12792388888;13292388888;10240;10228
2521;12843911000;12792388888;13292388888;10240;10228
2523;12843917000;12833711111;13333711111;10240;10228
2525;12843951000;12833711111;13333711111;10240;10228
2527;12843958000;12833711111;13333711111;10240;10228
2529;12843962000;12833755555;13333755555;10240;10228
2520;12844071000;12792388888;13292388888;10240;10228
2522;12844264000;12833711111;13333711111;10240;10228
2524;12844295000;12833711111;13333711111;10240;10228
2526;12844477000;12833711111;13333711111;10240;10228
2528;12844685000;12833711111;13333711111;10240;10228
2531;12885519000;12834088888;13334088888;10240;10228
2533;12885534000;12875377777;13375377777;10240;10228
2537;12885539000;12875377777;13375377777;10240;10228
2539;12885562000;12875377777;13375377777;10240;10228
2530;12885730000;12834088888;13334088888;10240;10228
2532;12885936000;12834088888;13334088888;10240;10228
2534;12885962000;12875377777;13375377777;10240;10228
2536;12886115000;12875377777;13375377777;10240;10228
2538;12886351000;12875377777;13375377777;10240;10228
2540;12886360000;12875422222;13375422222;10240;10228
2541;12927235000;12875733333;13375733333;10240;10228
2543;12927245000;12875733333;13375733333;10240;10228
2545;12927268000;12917044444;13417044444;10240;10228
2547;12927273000;12917044444;13417044444;10240;10228
2549;12927282000;12917044444;13417044444;10240;10228
2551;12927294000;12917088888;13417088888;10240;10228
2542;12927399000;12875733333;13375733333;10240;10228
2544;12927603000;12917044444;13417044444;10240;10228
2546;12927613000;12917044444;13417044444;10240;10228
2548;12927806000;12917044444;13417044444;10240;10228
2550;12928010000;12917044444;13417044444;10240;10228
2535;12947842000;12875377777;13375377777;10240;10228
2553;12968844000;12917433333;13417433333;10240;10228
2555;12968869000;12958711111;13458711111;10240;10228
2557;12968880000;12958711111;13458711111;10240;10228
2559;12968885000;12958711111;13458711111;10240;10228
2561;12968906000;12958711111;13458711111;10240;10228
2552;12969074000;12917433333;13417433333;10240;10228
2554;12969272000;12917433333;13417433333;10240;10228
2556;12969299000;12958711111;13458711111;10240;10228
2558;12969479000;12958711111;13458711111;10240;10228
2560;12969659000;12958711111;13458711111;10240;10228
2562;12969686000;12958755555;13458755555;10240;10228
2563;13010509000;12959066666;13459066666;10240;10228
2565;13010522000;12959066666;13459066666;10240;10228
2567;13010539000;13000377777;13500377777;10240;10228
2569;13010550000;13000377777;13500377777;10240;10228
2571;13010572000;13000377777;13500377777;10240;10228
2573;13010594000;13000422222;13500422222;10240;10228
2564;13010729000;12959066666;13459066666;10240;10228
2566;13010938000;13000377777;13500377777;10240;10228
2568;13010963000;13000377777;13500377777;10240;10228
2570;13011122000;13000377777;13500377777;10240;10228
2572;13011349000;13000377777;13500377777;10240;10228
2575;13052198000;13000711111;13500711111;10240;10228
2577;13052225000;13042044444;13542044444;10240;10228
2579;13052230000;13042044444;13542044444;10240;10228
2581;13052241000;13042044444;13542044444;10240;10228
2583;13052255000;13042044444;13542044444;10240;10228
2574;13052395000;13000711111;13500711111;10240;10228
2576;13052619000;13000711111;13500711111;10240;10228
2578;13052648000;13042044444;13542044444;10240;10228
2580;13052794000;13042044444;13542044444;10240;10228
2582;13053027000;13042044444;13542044444;10240;10228
2584;13053074000;13042088888;13542088888;10240;10228
2585;13093902000;13042411111;13542411111;10240;10228
2587;13093914000;13042411111;13542411111;10240;10228
2589;13093932000;13083711111;13583711111;10240;10228
2591;13093942000;13083711111;13583711111;10240;10228
2593;13093948000;13083711111;13583711111;10240;10228
2595;13093956000;13083755555;13583755555;10240;10228
2586;13094063000;13042411111;13542411111;10240;10228
2588;13094272000;13083711111;13583711111;10240;10228
2590;13094300000;13083711111;13583711111;10240;10228
2592;13094482000;13083711111;13583711111;10240;10228
2594;13094690000;13083711111;13583711111;10240;10228
2597;13135563000;13084088888;13584088888;10240;10228
2599;13135589000;13125377777;13625377777;10240;10228
2601;13135594000;13125377777;13625377777;10240;10228
2603;13135600000;13125377777;13625377777;10240;10228
2605;13135614000;13125377777;13625377777;10240;10228
2596;13135730000;13084088888;13584088888;10240;10228
2598;13135933000;13084088888;13584088888;10240;10228
2600;13135961000;13125377777;13625377777;10240;10228
2602;13136137000;13125377777;13625377777;10240;10228
2604;13136334000;13125377777;13625377777;10240;10228
2606;13136364000;13125422222;13625422222;10240;10228
2607;13177224000;13125733333;13625733333;10240;10228
2609;13177249000;13125733333;13625733333;10240;10228
2611;13177275000;13167044444;13667044444;10240;10228
2613;13177289000;13167044444;13667044444;10240;10228
2615;13177297000;13167044444;13667044444;10240;10228
2617;13177303000;13167088888;13667088888;10240;10228
2608;13177395000;13125733333;13625733333;10240;10228
2610;13177593000;13167044444;13667044444;10240;10228
2612;13177619000;13167044444;13667044444;10240;10228
2614;13177782000;13167044444;13667044444;10240;10228
2616;13177977000;13167044444;13667044444;10240;10228
2619;13218881000;13167411111;13667411111;10240;10228
2621;13218911000;13208711111;13708711111;10240;10228
2623;13218916000;13208711111;13708711111;10240;10228
2625;13218921000;13208711111;13708711111;10240;10228
2627;13218926000;13208711111;13708711111;10240;10228
2618;13219065000;13167411111;13667411111;10240;10228
2620;13219290000;13167411111;13667411111;10240;10228
2622;13219320000;13208711111;13708711111;10240;10228
2624;13219494000;13208711111;13708711111;10240;10228
2626;13219687000;13208711111;13708711111;10240;10228
2628;13219711000;13208755555;13708755555;10240;10228
2629;13260511000;13209088888;13709088888;10240;10228
2631;13260521000;13209088888;13709088888;10240;10228
2635;13260539000;13250377777;13750377777;10240;10228
2637;13260548000;13250377777;13750377777;10240;10228
2632;13260739000;13250377777;13750377777;10240;10228
2634;13260939000;13250377777;13750377777;10240;10228
2636;13260950000;13250377777;13750377777;10240;10228
2638;13261123000;13250377777;13750377777;10240;10228
2630;13281599000;13209088888;13709088888;10240;10228
2641;13302193000;13250711111;13750711111;10240;10228
2643;13302219000;13292044444;13792044444;10240;10228
2645;13302225000;13292044444;13792044444;10240;10228
2647;13302232000;13292044444;13792044444;10240;10228
2649;13302265000;13292044444;13792044444;10240;10228
2640;13302395000;13250711111;13750711111;10240;10228
2642;13302607000;13250711111;13750711111;10240;10228
2644;13302616000;13292044444;13792044444;10240;10228
2646;13302804000;13292044444;13792044444;10240;10228
2648;13303007000;13292044444;13792044444;10240;10228
2650;13303017000;13292088888;13792088888;10240;10228
2633;13322593000;13250377777;13750377777;10240;10228
2639;13322860000;13250422222;13750422222;10240;10228
2651;13343853000;13292400000;13792400000;10240;10228
2653;13343863000;13292400000;13792400000;10240;10228
2655;13343881000;13333711111;13833711111;10240;10228
2657;13343887000;13333711111;13833711111;10240;10228
2659;13343913000;13333711111;13833711111;10240;10228
2661;13343919000;13333755555;13833755555;10240;10228
2652;13344057000;13292400000;13792400000;10240;10228
2654;13344276000;13333711111;13833711111;10240;10228
2656;13344307000;13333711111;13833711111;10240;10228
2658;13344478000;13333711111;13833711111;10240;10228
2660;13344675000;13333711111;13833711111;10240;10228
2663;13385514000;13334066666;13834066666;10240;10228
2665;13385538000;13375377777;13875377777;10240;10228
2667;13385553000;13375377777;13875377777;10240;10228
2669;13385558000;13375377777;13875377777;10240;10228
2671;13385572000;13375377777;13875377777;10240;10228
2662;13385719000;13334066666;13834066666;10240;10228
2664;13385915000;13334066666;13834066666;10240;10228
2666;13386141000;13375377777;13875377777;10240;10228
2668;13386174000;13375377777;13875377777;10240;10228
2670;13386332000;13375377777;13875377777;10240;10228
2672;13386363000;13375422222;13875422222;10240;10228
2673;13427190000;13375700000;13875700000;10240;10228
2675;13427202000;13375700000;13875700000;10240;10228
2677;13427220000;13417077777;13917077777;10240;10228
2679;13427230000;13417077777;13917077777;10240;10228
2681;13427272000;13417077777;13917077777;10240;10228
2683;13427278000;13417122222;13917122222;10240;10228
2674;13427410000;13375700000;13875700000;10240;10228
2676;13427611000;13417077777;13917077777;10240;10228
2678;13427656000;13417077777;13917077777;10240;10228
2680;13427813000;13417077777;13917077777;10240;10228
2682;13428023000;13417077777;13917077777;10240;10228
2685;13468886000;13417422222;13917422222;10240;10228
2687;13468910000;13458711111;13958711111;10240;10228
2689;13468923000;13458711111;13958711111;10240;10228
2691;13468928000;13458711111;13958711111;10240;10228
2693;13468943000;13458711111;13958711111;10240;10228
2684;13469060000;13417422222;13917422222;10240;10228
2686;13469269000;13417422222;13917422222;10240;10228
2688;13469297000;13458711111;13958711111;10240;10228
2694;13469477000;13458755555;13958755555;10240;10228
2695;13510511000;13459055555;13959055555;10240;10228
2699;13510523000;13500377777;14000377777;10240;10228
2701;13510528000;13500377777;14000377777;10240;10228
2703;13510550000;13500377777;14000377777;10240;10228
2705;13510555000;13500422222;14000422222;10240;10228
2696;13510740000;13459055555;13959055555;10240;10228
2698;13510942000;13500377777;14000377777;10240;10228
2700;13510953000;13500377777;14000377777;10240;10228
2702;13511161000;13500377777;14000377777;10240;10228
2704;13511359000;13500377777;14000377777;10240;10228
2690;13531418000;13458711111;13958711111;10240;10228
2707;13552230000;13500700000;14000700000;10240;10228
2709;13552242000;13542044444;14042044444;10240;10228
2711;13552247000;13542044444;14042044444;10240;10228
2713;13552256000;13542044444;14042044444;10240;10228
2715;13552269000;13542044444;14042044444;10240;10228
2706;13552398000;13500700000;14000700000;10240;10228
2708;13552604000;13500700000;14000700000;10240;10228
2710;13552615000;13542044444;14042044444;10240;10228
2712;13552799000;13542044444;14042044444;10240;10228
2714;13553007000;13542044444;14042044444;10240;10228
2716;13553018000;13542088888;14042088888;10240;10228
2717;13593901000;13542433333;14042433333;10240;10228
2719;13593927000;13542433333;14042433333;10240;10228
2721;13593946000;13583711111;14083711111;10240;10228
2723;13593952000;13583711111;14083711111;10240;10228
2725;13593957000;13583711111;14083711111;10240;10228
2727;13593961000;13583755555;14083755555;10240;10228
2718;13594101000;13542433333;14042433333;10240;10228
2720;13594269000;13583711111;14083711111;10240;10228
2722;13594297000;13583711111;14083711111;10240;10228
2724;13594480000;13583711111;14083711111;10240;10228
2726;13594674000;13583711111;14083711111;10240;10228
2731;13635530000;13625377777;14125377777;10240;10228
2733;13635557000;13625377777;14125377777;10240;10228
2735;13635563000;13625377777;14125377777;10240;10228
2737;13635583000;13625377777;14125377777;10240;10228
2728;13635726000;13584055555;14084055555;10240;10228
2730;13635934000;13584055555;14084055555;10240;10228
2734;13635944000;13625377777;14125377777;10240;10228
2736;13636146000;13625377777;14125377777;10240;10228
2738;13636337000;13625433333;14125433333;10240;10228
2729;13656095000;13584055555;14084055555;10240;10228
2732;13656924000;13625377777;14125377777;10240;10228
2739;13677202000;13625711111;14125711111;10240;10228
2741;13677370000;13625711111;14125711111;10240;10228
2743;13677394000;13667255555;14167255555;10240;10228
2745;13677406000;13667255555;14167255555;10240;10228
2747;13677411000;13667255555;14167255555;10240;10228
2749;13677442000;13667300000;14167300000;10240;10228
2740;13677582000;13625711111;14125711111;10240;10228
2742;13677786000;13667255555;14167255555;10240;10228
2744;13677811000;13667255555;14167255555;10240;10228
2746;13677989000;13667255555;14167255555;10240;10228
2748;13678186000;13667255555;14167255555;10240;10228
2751;13718808000;13667555555;14167555555;10240;10228
2753;13718832000;13708677777;14208677777;10240;10228
2755;13718843000;13708677777;14208677777;10240;10228
2757;13718848000;13708677777;14208677777;10240;10228
2759;13718868000;13708677777;14208677777;10240;10228
2750;13719023000;13667555555;14167555555;10240;10228
2752;13719241000;13667555555;14167555555;10240;10228
2754;13719273000;13708677777;14208677777;10240;10228
2756;13719445000;13708677777;14208677777;10240;10228
2758;13719645000;13708677777;14208677777;10240;10228
2760;13719696000;13708722222;14208722222;10240;10228
2761;13760543000;13709022222;14209022222;10240;10228
2763;13760557000;13709022222;14209022222;10240;10228
2765;13760574000;13750377777;14250377777;10240;10228
2767;13760602000;13750377777;14250377777;10240;10228
2769;13760609000;13750377777;14250377777;10240;10228
2771;13760649000;13750422222;14250422222;10240;10228
2762;13760729000;13709022222;14209022222;10240;10228
2764;13760914000;13750377777;14250377777;10240;10228
2766;13761102000;13750377777;14250377777;10240;10228
2768;13761133000;13750377777;14250377777;10240;10228
2770;13761329000;13750377777;14250377777;10240;10228
2773;13802179000;13750711111;14250711111;10240;10228
2775;13802192000;13792011111;14292011111;10240;10228
2777;13802197000;13792011111;14292011111;10240;10228
2779;13802203000;13792011111;14292011111;10240;10228
2781;13802225000;13792011111;14292011111;10240;10228
2772;13802362000;13750711111;14250711111;10240;10228
2774;13802570000;13750711111;14250711111;10240;10228
2776;13802598000;13792011111;14292011111;10240;10228
2778;13802734000;13792011111;14292011111;10240;10228
2783;13843852000;13792366666;14292366666;10240;10228
2785;13843877000;13792366666;14292366666;10240;10228
2787;13843889000;13833722222;14333722222;10240;10228
2789;13843903000;13833722222;14333722222;10240;10228
2791;13843936000;13833722222;14333722222;10240;10228
2793;13843941000;13833766666;14333766666;10240;10228
2784;13844063000;13792366666;14292366666;10240;10228
2786;13844270000;13833722222;14333722222;10240;10228
2788;13844282000;13833722222;14333722222;10240;10228
2790;13844474000;13833722222;14333722222;10240;10228
2792;13844671000;13833722222;14333722222;10240;10228
2782;13864820000;13792055555;14292055555;10240;10228
2780;13865040000;13792011111;14292011111;10240;10228
2795;13885576000;13834088888;14334088888;10240;10228
2799;13885588000;13875377777;14375377777;10240;10228
2801;13885593000;13875377777;14375377777;10240;10228
2803;13885605000;13875377777;14375377777;10240;10228
2794;13885729000;13834088888;14334088888;10240;10228
2798;13885930000;13875377777;14375377777;10240;10228
2800;13885943000;13875377777;14375377777;10240;10228
2802;13886167000;13875377777;14375377777;10240;10228
2804;13886345000;13875422222;14375422222;10240;10228
2797;13906213000;13875377777;14375377777;10240;10228
2796;13926822000;13834088888;14334088888;10240;10228
2805;13927186000;13875711111;14375711111;10240;10228
2807;13927197000;13875711111;14375711111;10240;10228
2811;13927206000;13917044444;14417044444;10240;10228
2813;13927216000;13917044444;14417044444;10240;10228
2815;13927251000;13917088888;14417088888;10240;10228
2809;13947901000;13917044444;14417044444;10240;10228
2817;13968860000;13917411111;14417411111;10240;10228
2819;13968870000;13958711111;14458711111;10240;10228
2821;13968875000;13958711111;14458711111;10240;10228
2823;13968893000;13958711111;14458711111;10240;10228
2825;13968929000;13958711111;14458711111;10240;10228
2816;13969077000;13917411111;14417411111;10240;10228
2818;13969276000;13917411111;14417411111;10240;10228
2820;13969288000;13958711111;14458711111;10240;10228
2822;13969496000;13958711111;14458711111;10240;10228
2824;13969677000;13958711111;14458711111;10240;10228
2826;13969696000;13958766666;14458766666;10240;10228
2806;13989884000;13875711111;14375711111;10240;10228
2808;13989911000;13917044444;14417044444;10240;10228
2810;13989921000;13917044444;14417044444;10240;10228
2812;13989928000;13917044444;14417044444;10240;10228
2814;13989998000;13917044444;14417044444;10240;10228
2827;14010638000;13959066666;14459066666;10240;10228
2829;14010649000;13959066666;14459066666;10240;10228
2831;14010661000;14000500000;14500500000;10240;10228
2833;14010690000;14000500000;14500500000;10240;10228
2835;14010711000;14000500000;14500500000;10240;10228
2837;14010716000;14000555555;14500555555;10240;10228
2828;14010856000;13959066666;14459066666;10240;10228
2830;14011067000;14000500000;14500500000;10240;10228
2832;14011096000;14000500000;14500500000;10240;10228
2834;14011279000;14000500000;14500500000;10240;10228
2839;14052232000;14000844444;14500844444;10240;10228
2841;14052266000;14042033333;14542033333;10240;10228
2843;14052276000;14042033333;14542033333;10240;10228
2845;14052282000;14042033333;14542033333;10240;10228
2847;14052300000;14042033333;14542033333;10240;10228
2840;14052394000;14000844444;14500844444;10240;10228
2842;14052607000;14042033333;14542033333;10240;10228
2844;14052621000;14042033333;14542033333;10240;10228
2846;14052807000;14042033333;14542033333;10240;10228
2848;14052817000;14042088888;14542088888;10240;10228
2836;14073273000;14000500000;14500500000;10240;10228
2849;14093850000;14042377777;14542377777;10240;10228
2851;14093860000;14042377777;14542377777;10240;10228
2853;14093866000;14083711111;14583711111;10240;10228
2855;14093886000;14083711111;14583711111;10240;10228
2857;14093892000;14083711111;14583711111;10240;10228
2859;14093896000;14083755555;14583755555;10240;10228
2850;14094072000;14042377777;14542377777;10240;10228
2852;14094271000;14083711111;14583711111;10240;10228
2854;14094283000;14083711111;14583711111;10240;10228
2856;14094477000;14083711111;14583711111;10240;10228
2858;14094672000;14083711111;14583711111;10240;10228
2861;14135493000;14084066666;14584066666;10240;10228
2863;14135516000;14125344444;14625344444;10240;10228
2865;14135522000;14125344444;14625344444;10240;10228
2867;14135531000;14125344444;14625344444;10240;10228
2869;14135596000;14125344444;14625344444;10240;10228
2860;14135684000;14084066666;14584066666;10240;10228
2862;14135905000;14084066666;14584066666;10240;10228
2864;14135914000;14125344444;14625344444;10240;10228
2866;14136090000;14125344444;14625344444;10240;10228
2868;14136320000;14125344444;14625344444;10240;10228
2870;14136331000;14125388888;14625388888;10240;10228
2871;14177153000;14125677777;14625677777;10240;10228
2873;14177163000;14125677777;14625677777;10240;10228
2877;14177175000;14167011111;14667011111;10240;10228
2879;14177181000;14167011111;14667011111;10240;10228
2881;14177200000;14167066666;14667066666;10240;10228
2872;14177393000;14125677777;14625677777;10240;10228
2874;14177587000;14167011111;14667011111;10240;10228
2876;14177802000;14167011111;14667011111;10240;10228
2878;14177808000;14167011111;14667011111;10240;10228
2880;14178000000;14167011111;14667011111;10240;10228
2875;14197758000;14167011111;14667011111;10240;10228
2883;14218863000;14167366666;14667366666;10240;10228
2889;14218877000;14208688888;14708688888;10240;10228
2891;14218882000;14208688888;14708688888;10240;10228
2882;14219058000;14167366666;14667366666;10240;10228
2884;14219265000;14167366666;14667366666;10240;10228
2886;14219291000;14208688888;14708688888;10240;10228
2888;14219477000;14208688888;14708688888;10240;10228
2890;14219654000;14208688888;14708688888;10240;10228
2892;14219673000;14208733333;14708733333;10240;10228
2893;14260491000;14209044444;14709044444;10240;10228
2895;14260503000;14209044444;14709044444;10240;10228
2899;14260523000;14250377777;14750377777;10240;10228
2901;14260554000;14250377777;14750377777;10240;10228
2903;14260560000;14250422222;14750422222;10240;10228
2894;14260780000;14209044444;14709044444;10240;10228
2896;14260966000;14250377777;14750377777;10240;10228
2898;14260977000;14250377777;14750377777;10240;10228
2900;14261169000;14250377777;14750377777;10240;10228
2902;14261391000;14250377777;14750377777;10240;10228
2885;14281070000;14208688888;14708688888;10240;10228
2887;14281314000;14208688888;14708688888;10240;10228
2897;14281597000;14250377777;14750377777;10240;10228
2905;14302208000;14250688888;14750688888;10240;10228
2907;14302222000;14292044444;14792044444;10240;10228
2909;14302227000;14292044444;14792044444;10240;10228
2911;14302239000;14292044444;14792044444;10240;10228
2904;14302437000;14250688888;14750688888;10240;10228
2906;14302633000;14250688888;14750688888;10240;10228
2908;14302660000;14292044444;14792044444;10240;10228
2910;14302858000;14292044444;14792044444;10240;10228
2912;14303038000;14292044444;14792044444;10240;10228
2914;14303056000;14292088888;14792088888;10240;10228
2915;14343823000;14292388888;14792388888;10240;10228
2917;14343837000;14292388888;14792388888;10240;10228
2919;14343853000;14333688888;14833688888;10240;10228
2921;14343858000;14333688888;14833688888;10240;10228
2923;14343863000;14333688888;14833688888;10240;10228
2925;14343873000;14333733333;14833733333;10240;10228
2916;14344057000;14292388888;14792388888;10240;10228
2918;14344271000;14333688888;14833688888;10240;10228
2920;14344282000;14333688888;14833688888;10240;10228
2922;14344492000;14333688888;14833688888;10240;10228
2924;14344661000;14333688888;14833688888;10240;10228
2913;14364633000;14292044444;14792044444;10240;10228
2927;14385570000;14334022222;14834022222;10240;10228
2929;14385602000;14375344444;14875344444;10240;10228
2931;14385609000;14375344444;14875344444;10240;10228
2933;14385615000;14375344444;14875344444;10240;10228
2935;14385633000;14375344444;14875344444;10240;10228
2928;14385743000;14334022222;14834022222;10240;10228
2930;14385948000;14375344444;14875344444;10240;10228
2932;14385955000;14375344444;14875344444;10240;10228
2934;14386145000;14375344444;14875344444;10240;10228
2936;14386367000;14375400000;14875400000;10240;10228
2926;14406756000;14334022222;14834022222;10240;10228
2937;14427183000;14375655555;14875655555;10240;10228
2939;14427196000;14375655555;14875655555;10240;10228
2941;14427203000;14417022222;14917022222;10240;10228
2943;14427214000;14417022222;14917022222;10240;10228
2945;14427233000;14417022222;14917022222;10240;10228
2947;14427243000;14417066666;14917066666;10240;10228
2938;14427402000;14375655555;14875655555;10240;10228
2940;14427605000;14417022222;14917022222;10240;10228
2942;14427632000;14417022222;14917022222;10240;10228
2944;14427843000;14417022222;14917022222;10240;10228
2949;14468835000;14417355555;14917355555;10240;10228
2951;14468861000;14458677777;14958677777;10240;10228
2953;14468870000;14458677777;14958677777;10240;10228
2955;14468874000;14458677777;14958677777;10240;10228
2957;14468905000;14458677777;14958677777;10240;10228
2948;14469057000;14417355555;14917355555;10240;10228
2950;14469262000;14417355555;14917355555;10240;10228
2952;14469475000;14458677777;14958677777;10240;10228
2954;14469487000;14458677777;14958677777;10240;10228
2956;14469672000;14458677777;14958677777;10240;10228
2958;14469692000;14458722222;14958722222;10240;10228
2946;14489888000;14417022222;14917022222;10240;10228
2959;14510558000;14459022222;14959022222;10240;10228
2961;14510569000;14459022222;14959022222;10240;10228
2963;14510581000;14500366666;15000366666;10240;10228
2965;14510586000;14500366666;15000366666;10240;10228
2967;14510604000;14500366666;15000366666;10240;10228
2969;14510610000;14500422222;15000422222;10240;10228
2960;14510717000;14459022222;14959022222;10240;10228
2962;14510923000;14500366666;15000366666;10240;10228
2964;14510948000;14500366666;15000366666;10240;10228
2966;14511150000;14500366666;15000366666;10240;10228
2968;14511338000;14500366666;15000366666;10240;10228
2971;14552157000;14500700000;15000700000;10240;10228
2973;14552171000;14542011111;15042011111;10240;10228
2975;14552177000;14542011111;15042011111;10240;10228
2977;14552198000;14542011111;15042011111;10240;10228
2979;14552203000;14542011111;15042011111;10240;10228
2970;14552368000;14500700000;15000700000;10240;10228
2972;14552577000;14500700000;15000700000;10240;10228
2974;14552608000;14542011111;15042011111;10240;10228
2976;14552772000;14542011111;15042011111;10240;10228
2978;14552981000;14542011111;15042011111;10240;10228
2980;14553006000;14542055555;15042055555;10240;10228
2981;14593843000;14542377777;15042377777;10240;10228
2983;14593853000;14542377777;15042377777;10240;10228
2985;14593866000;14583711111;15083711111;10240;10228
2987;14593886000;14583711111;15083711111;10240;10228
2989;14593893000;14583711111;15083711111;10240;10228
2991;14593897000;14583766666;15083766666;10240;10228
2982;14594057000;14542377777;15042377777;10240;10228
2984;14594256000;14583711111;15083711111;10240;10228
2986;14594459000;14583711111;15083711111;10240;10228
2988;14594491000;14583711111;15083711111;10240;10228
2990;14594658000;14583711111;15083711111;10240;10228
2993;14635471000;14584055555;15084055555;10240;10228
2995;14635500000;14625344444;15125344444;10240;10228
2997;14635505000;14625344444;15125344444;10240;10228
2999;14635510000;14625344444;15125344444;10240;10228
3001;14635514000;14625344444;15125344444;10240;10228
2994;14635700000;14584055555;15084055555;10240;10228
2996;14635893000;14625344444;15125344444;10240;10228
2998;14636085000;14625344444;15125344444;10240;10228
3000;14636091000;14625344444;15125344444;10240;10228
3002;14636302000;14625400000;15125400000;10240;10228
2992;14656550000;14584055555;15084055555;10240;10228
3003;14677173000;14625666666;15125666666;10240;10228
3005;14677193000;14625666666;15125666666;10240;10228
3007;14677201000;14667044444;15167044444;10240;10228
3011;14677219000;14667044444;15167044444;10240;10228
3013;14677227000;14667088888;15167088888;10240;10228
3004;14677394000;14625666666;15125666666;10240;10228
3006;14677605000;14667044444;15167044444;10240;10228
3008;14677635000;14667044444;15167044444;10240;10228
3010;14677803000;14667044444;15167044444;10240;10228
3012;14678008000;14667044444;15167044444;10240;10228
3015;14718821000;14667355555;15167355555;10240;10228
3021;14718849000;14708677777;15208677777;10240;10228
3023;14718855000;14708677777;15208677777;10240;10228
3014;14719037000;14667355555;15167355555;10240;10228
3016;14719242000;14667355555;15167355555;10240;10228
3018;14719254000;14708677777;15208677777;10240;10228
3020;14719446000;14708677777;15208677777;10240;10228
3022;14719646000;14708677777;15208677777;10240;10228
3024;14719657000;14708722222;15208722222;10240;10228
3009;14739202000;14667044444;15167044444;10240;10228
3025;14760529000;14709011111;15209011111;10240;10228
3027;14760541000;14709011111;15209011111;10240;10228
3029;14760563000;14750377777;15250377777;10240;10228
3031;14760568000;14750377777;15250377777;10240;10228
3033;14760601000;14750377777;15250377777;10240;10228
3026;14760734000;14709011111;15209011111;10240;10228
3028;14760937000;14750377777;15250377777;10240;10228
3030;14760947000;14750377777;15250377777;10240;10228
3032;14761149000;14750377777;15250377777;10240;10228
3034;14761351000;14750377777;15250377777;10240;10228
3017;14780982000;14708677777;15208677777;10240;10228
3019;14781159000;14708677777;15208677777;10240;10228
3037;14802229000;14750722222;15250722222;10240;10228
3039;14802266000;14792044444;15292044444;10240;10228
3041;14802282000;14792044444;15292044444;10240;10228
3036;14802398000;14750722222;15250722222;10240;10228
3038;14802617000;14750722222;15250722222;10240;10228
3040;14802642000;14792044444;15292044444;10240;10228
3042;14802801000;14792044444;15292044444;10240;10228
3044;14803009000;14792044444;15292044444;10240;10228
3046;14803019000;14792088888;15292088888;10240;10228
3035;14822847000;14750433333;15250433333;10240;10228
3047;14843851000;14792388888;15292388888;10240;10228
3049;14843865000;14792388888;15292388888;10240;10228
3051;14843887000;14833711111;15333711111;10240;10228
3053;14843892000;14833711111;15333711111;10240;10228
3055;14843923000;14833711111;15333711111;10240;10228
3057;14843929000;14833755555;15333755555;10240;10228
3048;14844057000;14792388888;15292388888;10240;10228
3050;14844275000;14833711111;15333711111;10240;10228
3052;14844288000;14833711111;15333711111;10240;10228
3054;14844477000;14833711111;15333711111;10240;10228
3056;14844686000;14833711111;15333711111;10240;10228
3043;14864669000;14792044444;15292044444;10240;10228
3045;14864884000;14792044444;15292044444;10240;10228
3059;14885534000;14834055555;15334055555;10240;10228
3061;14885549000;14875344444;15375344444;10240;10228
3063;14885553000;14875344444;15375344444;10240;10228
3065;14885567000;14875344444;15375344444;10240;10228
3067;14885575000;14875344444;15375344444;10240;10228
3058;14885698000;14834055555;15334055555;10240;10228
3060;14885903000;14834055555;15334055555;10240;10228
3062;14885929000;14875344444;15375344444;10240;10228
3064;14886081000;14875344444;15375344444;10240;10228
3066;14886317000;14875344444;15375344444;10240;10228
3068;14886351000;14875400000;15375400000;10240;10228
3069;14927200000;14875677777;15375677777;10240;10228
3071;14927229000;14875677777;15375677777;10240;10228
3073;14927237000;14917011111;15417011111;10240;10228
3075;14927246000;14917011111;15417011111;10240;10228
3077;14927251000;14917011111;15417011111;10240;10228
3079;14927255000;14917055555;15417055555;10240;10228
3070;14927369000;14875677777;15375677777;10240;10228
3072;14927559000;14917011111;15417011111;10240;10228
3074;14927766000;14917011111;15417011111;10240;10228
3076;14927797000;14917011111;15417011111;10240;10228
3078;14927969000;14917011111;15417011111;10240;10228
3081;14968816000;14917366666;15417366666;10240;10228
3083;14968831000;14958677777;15458677777;10240;10228
3085;14968840000;14958677777;15458677777;10240;10228
3087;14968860000;14958677777;15458677777;10240;10228
3089;14968865000;14958677777;15458677777;10240;10228
3080;14969031000;14917366666;15417366666;10240;10228
3082;14969241000;14917366666;15417366666;10240;10228
3086;14969268000;14958677777;15458677777;10240;10228
3088;14969448000;14958677777;15458677777;10240;10228
3090;14969457000;14958722222;15458722222;10240;10228
3084;14990199000;14958677777;15458677777;10240;10228
3091;15010593000;14959000000;15459000000;10240;10228
3093;15010604000;14959000000;15459000000;10240;10228
3095;15010616000;15000466666;15500466666;10240;10228
3097;15010636000;15000466666;15500466666;10240;10228
3099;15010641000;15000466666;15500466666;10240;10228
3101;15010649000;15000511111;15500511111;10240;10228
3092;15010818000;14959000000;15459000000;10240;10228
3094;15010983000;15000466666;15500466666;10240;10228
3096;15011222000;15000466666;15500466666;10240;10228
3098;15011252000;15000466666;15500466666;10240;10228
3100;15011435000;15000466666;15500466666;10240;10228
3103;15052145000;15000766666;15500766666;10240;10228
3105;15052160000;15042011111;15542011111;10240;10228
3107;15052169000;15042011111;15542011111;10240;10228
3109;15052189000;15042011111;15542011111;10240;10228
3102;15052365000;15000766666;15500766666;10240;10228
3104;15052577000;15000766666;15500766666;10240;10228
3106;15052603000;15042011111;15542011111;10240;10228
3108;15052786000;15042011111;15542011111;10240;10228
3110;15052988000;15042011111;15542011111;10240;10228
3112;15052999000;15042055555;15542055555;10240;10228
3113;15093825000;15042355555;15542355555;10240;10228
3115;15093838000;15042355555;15542355555;10240;10228
3117;15093843000;15083688888;15583688888;10240;10228
3119;15093856000;15083688888;15583688888;10240;10228
3121;15093868000;15083688888;15583688888;10240;10228
3123;15093874000;15083733333;15583733333;10240;10228
3114;15094037000;15042355555;15542355555;10240;10228
3116;15094244000;15083688888;15583688888;10240;10228
3118;15094256000;15083688888;15583688888;10240;10228
3120;15094448000;15083688888;15583688888;10240;10228
3122;15094658000;15083688888;15583688888;10240;10228
3111;15114417000;15042011111;15542011111;10240;10228
3125;15135487000;15084055555;15584055555;10240;10228
3127;15135501000;15125344444;15625344444;10240;10228
3129;15135510000;15125344444;15625344444;10240;10228
3131;15135530000;15125344444;15625344444;10240;10228
3133;15135536000;15125344444;15625344444;10240;10228
3126;15135710000;15084055555;15584055555;10240;10228
3128;15135912000;15125344444;15625344444;10240;10228
3130;15135924000;15125344444;15625344444;10240;10228
3132;15136117000;15125344444;15625344444;10240;10228
3135;15177198000;15125666666;15625666666;10240;10228
3137;15177209000;15125666666;15625666666;10240;10228
3139;15177216000;15167044444;15667044444;10240;10228
3141;15177220000;15167044444;15667044444;10240;10228
3143;15177246000;15167044444;15667044444;10240;10228
3145;15177252000;15167100000;15667100000;10240;10228
3136;15177399000;15125666666;15625666666;10240;10228
3138;15177610000;15167044444;15667044444;10240;10228
3140;15177620000;15167044444;15667044444;10240;10228
3142;15177816000;15167044444;15667044444;10240;10228
3144;15178009000;15167044444;15667044444;10240;10228
3147;15218823000;15167400000;15667400000;10240;10228
3149;15218836000;15208677777;15708677777;10240;10228
3151;15218849000;15208677777;15708677777;10240;10228
3153;15218868000;15208677777;15708677777;10240;10228
3155;15218894000;15208677777;15708677777;10240;10228
3146;15219061000;15167400000;15667400000;10240;10228
3150;15219247000;15208677777;15708677777;10240;10228
3152;15219258000;15208677777;15708677777;10240;10228
3154;15219457000;15208677777;15708677777;10240;10228
3156;15219468000;15208733333;15708733333;10240;10228
3148;15240067000;15167400000;15667400000;10240;10228
3157;15260500000;15209044444;15709044444;10240;10228
3159;15260510000;15209044444;15709044444;10240;10228
3161;15260519000;15250344444;15750344444;10240;10228
3163;15260540000;15250344444;15750344444;10240;10228
3165;15260547000;15250344444;15750344444;10240;10228
3167;15260552000;15250400000;15750400000;10240;10228
3158;15260710000;15209044444;15709044444;10240;10228
3160;15260914000;15250344444;15750344444;10240;10228
3162;15260941000;15250344444;15750344444;10240;10228
3164;15261155000;15250344444;15750344444;10240;10228
3166;15261348000;15250344444;15750344444;10240;10228
3169;15302151000;15250711111;15750711111;10240;10228
3171;15302178000;15292011111;15792011111;10240;10228
3173;15302210000;15292011111;15792011111;10240;10228
3175;15302224000;15292011111;15792011111;10240;10228
3177;15302244000;15292011111;15792011111;10240;10228
3168;15302376000;15250711111;15750711111;10240;10228
3170;15302586000;15250711111;15750711111;10240;10228
3172;15302614000;15292011111;15792011111;10240;10228
3174;15302783000;15292011111;15792011111;10240;10228
3176;15302956000;15292011111;15792011111;10240;10228
3178;15302981000;15292066666;15792066666;10240;10228
3179;15343810000;15292377777;15792377777;10240;10228
3181;15343835000;15292377777;15792377777;10240;10228
3183;15343863000;15333688888;15833688888;10240;10228
3185;15343891000;15333688888;15833688888;10240;10228
3187;15343910000;15333688888;15833688888;10240;10228
3189;15343925000;15333733333;15833733333;10240;10228
3180;15344003000;15292377777;15792377777;10240;10228
3182;15344246000;15333688888;15833688888;10240;10228
3184;15344277000;15333688888;15833688888;10240;10228
3186;15344443000;15333688888;15833688888;10240;10228
3188;15344645000;15333688888;15833688888;10240;10228
3191;15385466000;15334066666;15834066666;10240;10228
3193;15385502000;15375344444;15875344444;10240;10228
3195;15385530000;15375344444;15875344444;10240;10228
3197;15385549000;15375344444;15875344444;10240;10228
3199;15385567000;15375344444;15875344444;10240;10228
3190;15385689000;15334066666;15834066666;10240;10228
3192;15385894000;15334066666;15834066666;10240;10228
3194;15385913000;15375344444;15875344444;10240;10228
3196;15386064000;15375344444;15875344444;10240;10228
3198;15386310000;15375344444;15875344444;10240;10228
3200;15386337000;15375400000;15875400000;10240;10228
3201;15427139000;15375666666;15875666666;10240;10228
3203;15427161000;15375666666;15875666666;10240;10228
3205;15427197000;15417011111;15917011111;10240;10228
3207;15427231000;15417011111;15917011111;10240;10228
3211;15427249000;15417066666;15917066666;10240;10228
3202;15427338000;15375666666;15875666666;10240;10228
3204;15427552000;15417011111;15917011111;10240;10228
3206;15427792000;15417011111;15917011111;10240;10228
3208;15427816000;15417011111;15917011111;10240;10228
3210;15427994000;15417011111;15917011111;10240;10228
3213;15468831000;15417377777;15917377777;10240;10228
3215;15468870000;15458688888;15958688888;10240;10228
3217;15468880000;15458688888;15958688888;10240;10228
3219;15468936000;15458688888;15958688888;10240;10228
3221;15468960000;15458688888;15958688888;10240;10228
3212;15469000000;15417377777;15917377777;10240;10228
3214;15469250000;15417377777;15917377777;10240;10228
3216;15469266000;15458688888;15958688888;10240;10228
3218;15469471000;15458688888;15958688888;10240;10228
3220;15469651000;15458688888;15958688888;10240;10228
3222;15469666000;15458744444;15958744444;10240;10228
3209;15489350000;15417011111;15917011111;10240;10228
3223;15510518000;15459044444;15959044444;10240;10228
3225;15510533000;15459044444;15959044444;10240;10228
3227;15510565000;15500344444;16000344444;10240;10228
3229;15510591000;15500344444;16000344444;10240;10228
3231;15510611000;15500344444;16000344444;10240;10228
3233;15510624000;15500388888;16000388888;10240;10228
3224;15510689000;15459044444;15959044444;10240;10228
3226;15510894000;15500344444;16000344444;10240;10228
3228;15510914000;15500344444;16000344444;10240;10228
3230;15511063000;15500344444;16000344444;10240;10228
3232;15511319000;15500344444;16000344444;10240;10228
3234;15552173000;15500677777;16000677777;10240;10228
3236;15552190000;15500677777;16000677777;10240;10228
3238;15552227000;15542055555;16042055555;10240;10228
3240;15552252000;15542055555;16042055555;10240;10228
3242;15552270000;15542055555;16042055555;10240;10228
3244;15552286000;15542100000;16042100000;10240;10228
3235;15552419000;15500677777;16000677777;10240;10228
3237;15552629000;15542055555;16042055555;10240;10228
3239;15552659000;15542055555;16042055555;10240;10228
3241;15552828000;15542055555;16042055555;10240;10228
3243;15553078000;15542055555;16042055555;10240;10228
3246;15593857000;15542433333;16042433333;10240;10228
3248;15593905000;15583711111;16083711111;10240;10228
3250;15593923000;15583711111;16083711111;10240;10228
3252;15593933000;15583711111;16083711111;10240;10228
3254;15593952000;15583711111;16083711111;10240;10228
3245;15594035000;15542433333;16042433333;10240;10228
3247;15594237000;15542433333;16042433333;10240;10228
3249;15594437000;15583711111;16083711111;10240;10228
3251;15594461000;15583711111;16083711111;10240;10228
3253;15594695000;15583711111;16083711111;10240;10228
3255;15594719000;15583755555;16083755555;10240;10228
3256;15635524000;15584055555;16084055555;10240;10228
3258;15635550000;15584055555;16084055555;10240;10228
3262;15635591000;15625377777;16125377777;10240;10228
3264;15635616000;15625377777;16125377777;10240;10228
3266;15635633000;15625422222;16125422222;10240;10228
3257;15635729000;15584055555;16084055555;10240;10228
3259;15635938000;15625377777;16125377777;10240;10228
3261;15635963000;15625377777;16125377777;10240;10228
3263;15636150000;15625377777;16125377777;10240;10228
3265;15636357000;15625377777;16125377777;10240;10228
3260;15656538000;15625377777;16125377777;10240;10228
3268;15677160000;15625700000;16125700000;10240;10228
3270;15677187000;15667011111;16167011111;10240;10228
3272;15677218000;15667011111;16167011111;10240;10228
3274;15677236000;15667011111;16167011111;10240;10228
3276;15677250000;15667011111;16167011111;10240;10228
3267;15677389000;15625700000;16125700000;10240;10228
3269;15677585000;15625700000;16125700000;10240;10228
3271;15677626000;15667011111;16167011111;10240;10228
3273;15677777000;15667011111;16167011111;10240;10228
3275;15677983000;15667011111;16167011111;10240;10228
3277;15678006000;15667077777;16167077777;10240;10228
3278;15718827000;15667366666;16167366666;10240;10228
3280;15718847000;15667366666;16167366666;10240;10228
3282;15718878000;15708688888;16208688888;10240;10228
3284;15718905000;15708688888;16208688888;10240;10228
3286;15718923000;15708688888;16208688888;10240;10228
3288;15718939000;15708733333;16208733333;10240;10228
3279;15718993000;15667366666;16167366666;10240;10228
3281;15719252000;15708688888;16208688888;10240;10228
3283;15719281000;15708688888;16208688888;10240;10228
3285;15719411000;15708688888;16208688888;10240;10228
3287;15719616000;15708688888;16208688888;10240;10228
3290;15760527000;15709022222;16209022222;10240;10228
3292;15760558000;15750377777;16250377777;10240;10228
3294;15760569000;15750377777;16250377777;10240;10228
3296;15760596000;15750377777;16250377777;10240;10228
3298;15760613000;15750377777;16250377777;10240;10228
3289;15760722000;15709022222;16209022222;10240;10228
3291;15760935000;15709022222;16209022222;10240;10228
3293;15760960000;15750377777;16250377777;10240;10228
3295;15761163000;15750377777;16250377777;10240;10228
3297;15761350000;15750377777;16250377777;10240;10228
3299;15761379000;15750422222;16250422222;10240;10228
3300;15802164000;15750700000;16250700000;10240;10228
3302;15802182000;15750700000;16250700000;10240;10228
3304;15802216000;15792011111;16292011111;10240;10228
3306;15802239000;15792011111;16292011111;10240;10228
3308;15802262000;15792011111;16292011111;10240;10228
3310;15802270000;15792055555;16292055555;10240;10228
3301;15802392000;15750700000;16250700000;10240;10228
3303;15802584000;15792011111;16292011111;10240;10228
3305;15802624000;15792011111;16292011111;10240;10228
3307;15802793000;15792011111;16292011111;10240;10228
3309;15802996000;15792011111;16292011111;10240;10228
3312;15843830000;15792366666;16292366666;10240;10228
3314;15843862000;15833677777;16333677777;10240;10228
3316;15843886000;15833677777;16333677777;10240;10228
3318;15843905000;15833677777;16333677777;10240;10228
3320;15843935000;15833677777;16333677777;10240;10228
3311;15844007000;15792366666;16292366666;10240;10228
3313;15844250000;15792366666;16292366666;10240;10228
3315;15844290000;15833677777;16333677777;10240;10228
3317;15844466000;15833677777;16333677777;10240;10228
3319;15844693000;15833677777;16333677777;10240;10228
3321;15844718000;15833722222;16333722222;10240;10228
3322;15885499000;15834044444;16334044444;10240;10228
3324;15885517000;15834044444;16334044444;10240;10228
3326;15885550000;15875344444;16375344444;10240;10228
3328;15885573000;15875344444;16375344444;10240;10228
3330;15885592000;15875344444;16375344444;10240;10228
3332;15885607000;15875388888;16375388888;10240;10228
3323;15885661000;15834044444;16334044444;10240;10228
3325;15885874000;15875344444;16375344444;10240;10228
3327;15886080000;15875344444;16375344444;10240;10228
3329;15886104000;15875344444;16375344444;10240;10228
3331;15886309000;15875344444;16375344444;10240;10228
3334;15927131000;15875688888;16375688888;10240;10228
3336;15927159000;15917011111;16417011111;10240;10228
3338;15927195000;15917011111;16417011111;10240;10228
3340;15927208000;15917011111;16417011111;10240;10228
3342;15927229000;15917011111;16417011111;10240;10228
3333;15927361000;15875688888;16375688888;10240;10228
3335;15927569000;15875688888;16375688888;10240;10228
3337;15927781000;15917011111;16417011111;10240;10228
3344;15968844000;15917388888;16417388888;10240;10228
3348;15968861000;15958722222;16458722222;10240;10228
3350;15968881000;15958722222;16458722222;10240;10228
3352;15968899000;15958722222;16458722222;10240;10228
3354;15968916000;15958766666;16458766666;10240;10228
3347;15969052000;15958722222;16458722222;10240;10228
3349;15969293000;15958722222;16458722222;10240;10228
3351;15969312000;15958722222;16458722222;10240;10228
3353;15969512000;15958722222;16458722222;10240;10228
3346;15989620000;15917388888;16417388888;10240;10228
3339;15990026000;15917011111;16417011111;10240;10228
3341;15990078000;15917011111;16417011111;10240;10228
3343;15990112000;15917066666;16417066666;10240;10228
3345;15990136000;15917388888;16417388888;10240;10228
3358;16010758000;16000588888;16500588888;10240;10228
3360;16010801000;16000588888;16500588888;10240;10228
3362;16010810000;16000588888;16500588888;10240;10228
3364;16010839000;16000588888;16500588888;10240;10228
3355;16010858000;15959077777;16459077777;10240;10228
3357;16010971000;15959077777;16459077777;10240;10228
3359;16011172000;16000588888;16500588888;10240;10228
3361;16011185000;16000588888;16500588888;10240;10228
3363;16011416000;16000588888;16500588888;10240;10228
3365;16011429000;16000644444;16500644444;10240;10228
3366;16052210000;16000933333;16500933333;10240;10228
3368;16052224000;16000933333;16500933333;10240;10228
3370;16052246000;16042044444;16542044444;10240;10228
3372;16052260000;16042044444;16542044444;10240;10228
3367;16052426000;16000933333;16500933333;10240;10228
3369;16052616000;16042044444;16542044444;10240;10228
3371;16052644000;16042044444;16542044444;10240;10228
3373;16052820000;16042044444;16542044444;10240;10228
3375;16053012000;16042044444;16542044444;10240;10228
3356;16072616000;15959077777;16459077777;10240;10228
3378;16093860000;16042400000;16542400000;10240;10228
3380;16093881000;16083711111;16583711111;10240;10228
3382;16093901000;16083711111;16583711111;10240;10228
3384;16093920000;16083711111;16583711111;10240;10228
3386;16093937000;16083711111;16583711111;10240;10228
3377;16094037000;16042400000;16542400000;10240;10228
3379;16094285000;16042400000;16542400000;10240;10228
3381;16094314000;16083711111;16583711111;10240;10228
3383;16094504000;16083711111;16583711111;10240;10228
3385;16094696000;16083711111;16583711111;10240;10228
3387;16094724000;16083755555;16583755555;10240;10228
3374;16114704000;16042044444;16542044444;10240;10228
3376;16114939000;16042088888;16542088888;10240;10228
3388;16135523000;16084077777;16584077777;10240;10228
3392;16135538000;16125377777;16625377777;10240;10228
3394;16135571000;16125377777;16625377777;10240;10228
3396;16135596000;16125377777;16625377777;10240;10228
3398;16135615000;16125422222;16625422222;10240;10228
3389;16135725000;16084077777;16584077777;10240;10228
3391;16135939000;16125377777;16625377777;10240;10228
3393;16135978000;16125377777;16625377777;10240;10228
3395;16136163000;16125377777;16625377777;10240;10228
3397;16136358000;16125377777;16625377777;10240;10228
3390;16156458000;16084077777;16584077777;10240;10228
3400;16177193000;16125711111;16625711111;10240;10228
3402;16177221000;16167044444;16667044444;10240;10228
3404;16177251000;16167044444;16667044444;10240;10228
3406;16177270000;16167044444;16667044444;10240;10228
3408;16177287000;16167044444;16667044444;10240;10228
3399;16177400000;16125711111;16625711111;10240;10228
3401;16177611000;16125711111;16625711111;10240;10228
3403;16177652000;16167044444;16667044444;10240;10228
3405;16177806000;16167044444;16667044444;10240;10228
3407;16178011000;16167044444;16667044444;10240;10228
3409;16178058000;16167088888;16667088888;10240;10228
3410;16218808000;16167388888;16667388888;10240;10228
3412;16218835000;16167388888;16667388888;10240;10228
3414;16218857000;16208677777;16708677777;10240;10228
3416;16218876000;16208677777;16708677777;10240;10228
3418;16218904000;16208677777;16708677777;10240;10228
3420;16218922000;16208722222;16708722222;10240;10228
3411;16218992000;16167388888;16667388888;10240;10228
3413;16219208000;16208677777;16708677777;10240;10228
3415;16219406000;16208677777;16708677777;10240;10228
3417;16219444000;16208677777;16708677777;10240;10228
3419;16219611000;16208677777;16708677777;10240;10228
3422;16260493000;16209044444;16709044444;10240;10228
3424;16260534000;16250344444;16750344444;10240;10228
3426;16260575000;16250344444;16750344444;10240;10228
3428;16260593000;16250344444;16750344444;10240;10228
3430;16260610000;16250344444;16750344444;10240;10228
3421;16260707000;16209044444;16709044444;10240;10228
3423;16260917000;16209044444;16709044444;10240;10228
3425;16260943000;16250344444;16750344444;10240;10228
3427;16261113000;16250344444;16750344444;10240;10228
3429;16261338000;16250344444;16750344444;10240;10228
3431;16261378000;16250400000;16750400000;10240;10228
3432;16302172000;16250688888;16750688888;10240;10228
3434;16302187000;16250688888;16750688888;10240;10228
3436;16302220000;16292011111;16792011111;10240;10228
3438;16302248000;16292011111;16792011111;10240;10228
3440;16302267000;16292011111;16792011111;10240;10228
3442;16302284000;16292066666;16792066666;10240;10228
3433;16302330000;16250688888;16750688888;10240;10228
3435;16302534000;16292011111;16792011111;10240;10228
3437;16302736000;16292011111;16792011111;10240;10228
3439;16302775000;16292011111;16792011111;10240;10228
3441;16302981000;16292011111;16792011111;10240;10228
3444;16343866000;16292388888;16792388888;10240;10228
3446;16343893000;16333711111;16833711111;10240;10228
3448;16343917000;16333711111;16833711111;10240;10228
3450;16343937000;16333711111;16833711111;10240;10228
3452;16343955000;16333711111;16833711111;10240;10228
3443;16344026000;16292388888;16792388888;10240;10228
3445;16344283000;16292388888;16792388888;10240;10228
3447;16344324000;16333711111;16833711111;10240;10228
3449;16344482000;16333711111;16833711111;10240;10228
3451;16344733000;16333711111;16833711111;10240;10228
3453;16344757000;16333766666;16833766666;10240;10228
3454;16385473000;16334100000;16834100000;10240;10228
3456;16385487000;16334100000;16834100000;10240;10228
3458;16385537000;16375355555;16875355555;10240;10228
3460;16385547000;16375355555;16875355555;10240;10228
3462;16385567000;16375355555;16875355555;10240;10228
3464;16385588000;16375400000;16875400000;10240;10228
3455;16385711000;16334100000;16834100000;10240;10228
3457;16385937000;16375355555;16875355555;10240;10228
3459;16385961000;16375355555;16875355555;10240;10228
3461;16386097000;16375355555;16875355555;10240;10228
3463;16386345000;16375355555;16875355555;10240;10228
3466;16427152000;16375700000;16875700000;10240;10228
3468;16427184000;16417011111;16917011111;10240;10228
3470;16427215000;16417011111;16917011111;10240;10228
3472;16427233000;16417011111;16917011111;10240;10228
3474;16427251000;16417011111;16917011111;10240;10228
3465;16427371000;16375700000;16875700000;10240;10228
3467;16427582000;16375700000;16875700000;10240;10228
3469;16427623000;16417011111;16917011111;10240;10228
3471;16427793000;16417011111;16917011111;10240;10228
3473;16427998000;16417011111;16917011111;10240;10228
3475;16428021000;16417055555;16917055555;10240;10228
3476;16468819000;16417366666;16917366666;10240;10228
3478;16468832000;16417366666;16917366666;10240;10228
3480;16468871000;16458677777;16958677777;10240;10228
3482;16468894000;16458677777;16958677777;10240;10228
3484;16468915000;16458677777;16958677777;10240;10228
3477;16469006000;16417366666;16917366666;10240;10228
3479;16469248000;16458677777;16958677777;10240;10228
3481;16469471000;16458677777;16958677777;10240;10228
3483;16469509000;16458677777;16958677777;10240;10228
3485;16469619000;16458677777;16958677777;10240;10228
3488;16510498000;16459055555;16959055555;10240;10228
3492;16510526000;16500344444;17000344444;10240;10228
3494;16510554000;16500344444;17000344444;10240;10228
3496;16510573000;16500344444;17000344444;10240;10228
3487;16510698000;16459055555;16959055555;10240;10228
3489;16510922000;16459055555;16959055555;10240;10228
3491;16510947000;16500344444;17000344444;10240;10228
3493;16511155000;16500344444;17000344444;10240;10228
3495;16511323000;16500344444;17000344444;10240;10228
3497;16511336000;16500400000;17000400000;10240;10228
3486;16531281000;16458733333;16958733333;10240;10228
3490;16531509000;16500344444;17000344444;10240;10228
3498;16552191000;16500677777;17000677777;10240;10228
3500;16552212000;16500677777;17000677777;10240;10228
3502;16552244000;16542044444;17042044444;10240;10228
3504;16552271000;16542044444;17042044444;10240;10228
3506;16552291000;16542044444;17042044444;10240;10228
3508;16552305000;16542088888;17042088888;10240;10228
3499;16552404000;16500677777;17000677777;10240;10228
3501;16552605000;16542044444;17042044444;10240;10228
3503;16552632000;16542044444;17042044444;10240;10228
3505;16552808000;16542044444;17042044444;10240;10228
3507;16553009000;16542044444;17042044444;10240;10228
3510;16593828000;16542422222;17042422222;10240;10228
3512;16593866000;16583711111;17083711111;10240;10228
3514;16593894000;16583711111;17083711111;10240;10228
3516;16593913000;16583711111;17083711111;10240;10228
3518;16593932000;16583711111;17083711111;10240;10228
3509;16594028000;16542422222;17042422222;10240;10228
3511;16594273000;16542422222;17042422222;10240;10228
3513;16594302000;16583711111;17083711111;10240;10228
3515;16594479000;16583711111;17083711111;10240;10228
3517;16594654000;16583711111;17083711111;10240;10228
3519;16594683000;16583755555;17083755555;10240;10228
3520;16635490000;16584066666;17084066666;10240;10228
3522;16635501000;16584066666;17084066666;10240;10228
3524;16635523000;16625344444;17125344444;10240;10228
3526;16635536000;16625344444;17125344444;10240;10228
3528;16635557000;16625344444;17125344444;10240;10228
3530;16635567000;16625400000;17125400000;10240;10228
3523;16635658000;16625344444;17125344444;10240;10228
3525;16635859000;16625344444;17125344444;10240;10228
3527;16636106000;16625344444;17125344444;10240;10228
3529;16636125000;16625344444;17125344444;10240;10228
3521;16656811000;16584066666;17084066666;10240;10228
3532;16677286000;16625677777;17125677777;10240;10228
3534;16677317000;16667077777;17167077777;10240;10228
3536;16677323000;16667077777;17167077777;10240;10228
3538;16677329000;16667077777;17167077777;10240;10228
3540;16677343000;16667077777;17167077777;10240;10228
3531;16677474000;16625677777;17125677777;10240;10228
3533;16677646000;16625677777;17125677777;10240;10228
3535;16677847000;16667077777;17167077777;10240;10228
3537;16677877000;16667077777;17167077777;10240;10228
3539;16678037000;16667077777;17167077777;10240;10228
3541;16678086000;16667122222;17167122222;10240;10228
3542;16718854000;16667411111;17167411111;10240;10228
3544;16718866000;16667411111;17167411111;10240;10228
3546;16718883000;16708677777;17208677777;10240;10228
3548;16718889000;16708677777;17208677777;10240;10228
3550;16718900000;16708677777;17208677777;10240;10228
3552;16718906000;16708722222;17208722222;10240;10228
3543;16719023000;16667411111;17167411111;10240;10228
3545;16719267000;16708677777;17208677777;10240;10228
3547;16719297000;16708677777;17208677777;10240;10228
3549;16719489000;16708677777;17208677777;10240;10228
3551;16719663000;16708677777;17208677777;10240;10228
3554;16760548000;16709033333;17209033333;10240;10228
3556;16760573000;16750377777;17250377777;10240;10228
3558;16760584000;16750377777;17250377777;10240;10228
3560;16760590000;16750377777;17250377777;10240;10228
3562;16760603000;16750377777;17250377777;10240;10228
3553;16760751000;16709033333;17209033333;10240;10228
3555;16760944000;16709033333;17209033333;10240;10228
3557;16760971000;16750377777;17250377777;10240;10228
3559;16761182000;16750377777;17250377777;10240;10228
3561;16761351000;16750377777;17250377777;10240;10228
3563;16761379000;16750422222;17250422222;10240;10228
3564;16802214000;16750711111;17250711111;10240;10228
3566;16802238000;16750711111;17250711111;10240;10228
3568;16802258000;16792011111;17292011111;10240;10228
3570;16802265000;16792011111;17292011111;10240;10228
3572;16802277000;16792011111;17292011111;10240;10228
3574;16802283000;16792055555;17292055555;10240;10228
3565;16802442000;16750711111;17250711111;10240;10228
3567;16802617000;16792011111;17292011111;10240;10228
3569;16802801000;16792011111;17292011111;10240;10228
3571;16802829000;16792011111;17292011111;10240;10228
3573;16802991000;16792011111;17292011111;10240;10228
3576;16843924000;16792377777;17292377777;10240;10228
3578;16843953000;16833711111;17333711111;10240;10228
3580;16843959000;16833711111;17333711111;10240;10228
3582;16843965000;16833711111;17333711111;10240;10228
3584;16844003000;16833711111;17333711111;10240;10228
3575;16844034000;16792377777;17292377777;10240;10228
3577;16844294000;16792377777;17292377777;10240;10228
3579;16844327000;16833711111;17333711111;10240;10228
3581;16844515000;16833711111;17333711111;10240;10228
3583;16844670000;16833711111;17333711111;10240;10228
3585;16844696000;16833755555;17333755555;10240;10228
3586;16885553000;16834066666;17334066666;10240;10228
3588;16885564000;16834066666;17334066666;10240;10228
3590;16885581000;16875344444;17375344444;10240;10228
3592;16885592000;16875344444;17375344444;10240;10228
3594;16885598000;16875344444;17375344444;10240;10228
3596;16885626000;16875388888;17375388888;10240;10228
3587;16885732000;16834066666;17334066666;10240;10228
3589;16885920000;16875344444;17375344444;10240;10228
3591;16886143000;16875344444;17375344444;10240;10228
3593;16886171000;16875344444;17375344444;10240;10228
3595;16886335000;16875344444;17375344444;10240;10228
3598;16927165000;16875700000;17375700000;10240;10228
3600;16927188000;16917022222;17417022222;10240;10228
3602;16927195000;16917022222;17417022222;10240;10228
3604;16927200000;16917022222;17417022222;10240;10228
3606;16927222000;16917022222;17417022222;10240;10228
3597;16927408000;16875700000;17375700000;10240;10228
3599;16927602000;16875700000;17375700000;10240;10228
3601;16927632000;16917022222;17417022222;10240;10228
3603;16927830000;16917022222;17417022222;10240;10228
3605;16928008000;16917022222;17417022222;10240;10228
3607;16928034000;16917066666;17417066666;10240;10228
3608;16968787000;16917400000;17417400000;10240;10228
3610;16968893000;16917400000;17417400000;10240;10228
3612;16968923000;16958677777;17458677777;10240;10228
3614;16968930000;16958677777;17458677777;10240;10228
3616;16968935000;16958677777;17458677777;10240;10228
3618;16968976000;16958722222;17458722222;10240;10228
3609;16968997000;16917400000;17417400000;10240;10228
3611;16969276000;16958677777;17458677777;10240;10228
3613;16969303000;16958677777;17458677777;10240;10228
3615;16969476000;16958677777;17458677777;10240;10228
3617;16969709000;16958677777;17458677777;10240;10228
3620;17010537000;16959033333;17459033333;10240;10228
3622;17010560000;17000377777;17500377777;10240;10228
3624;17010566000;17000377777;17500377777;10240;10228
3626;17010576000;17000377777;17500377777;10240;10228
3628;17010621000;17000377777;17500377777;10240;10228
3619;17010761000;16959033333;17459033333;10240;10228
3621;17010939000;16959033333;17459033333;10240;10228
3625;17011145000;17000377777;17500377777;10240;10228
3627;17011156000;17000377777;17500377777;10240;10228
3629;17011363000;17000422222;17500422222;10240;10228
3630;17052119000;17000700000;17500700000;10240;10228
3632;17052148000;17000700000;17500700000;10240;10228
3634;17052170000;17042011111;17542011111;10240;10228
3638;17052176000;17042011111;17542011111;10240;10228
3640;17052216000;17042055555;17542055555;10240;10228
3631;17052363000;17000700000;17500700000;10240;10228
3633;17052620000;17042011111;17542011111;10240;10228
3635;17052631000;17042011111;17542011111;10240;10228
3637;17052788000;17042011111;17542011111;10240;10228
3623;17073217000;17000377777;17500377777;10240;10228
3642;17093895000;17042377777;17542377777;10240;10228
3644;17093907000;17083711111;17583711111;10240;10228
3646;17093913000;17083711111;17583711111;10240;10228
3648;17093923000;17083711111;17583711111;10240;10228
3641;17094063000;17042377777;17542377777;10240;10228
3643;17094299000;17042377777;17542377777;10240;10228
3645;17094310000;17083711111;17583711111;10240;10228
3647;17094502000;17083711111;17583711111;10240;10228
3649;17094702000;17083711111;17583711111;10240;10228
3651;17094710000;17083755555;17583755555;10240;10228
3636;17114336000;17042011111;17542011111;10240;10228
3639;17115162000;17042011111;17542011111;10240;10228
3652;17135602000;17084100000;17584100000;10240;10228
3654;17135613000;17084100000;17584100000;10240;10228
3656;17135627000;17125466666;17625466666;10240;10228
3658;17135649000;17125466666;17625466666;10240;10228
3660;17135654000;17125466666;17625466666;10240;10228
3662;17135663000;17125511111;17625511111;10240;10228
3653;17135840000;17084100000;17584100000;10240;10228
3655;17136034000;17125466666;17625466666;10240;10228
3657;17136237000;17125466666;17625466666;10240;10228
3659;17136249000;17125466666;17625466666;10240;10228
3661;17136442000;17125466666;17625466666;10240;10228
3650;17156347000;17083711111;17583711111;10240;10228
3664;17177202000;17125800000;17625800000;10240;10228
3668;17177218000;17167022222;17667022222;10240;10228
3670;17177223000;17167022222;17667022222;10240;10228
3672;17177237000;17167022222;17667022222;10240;10228
3663;17177396000;17125800000;17625800000;10240;10228
3669;17177597000;17167022222;17667022222;10240;10228
3671;17177771000;17167022222;17667022222;10240;10228
3673;17177782000;17167077777;17667077777;10240;10228
3665;17198611000;17125800000;17625800000;10240;10228
3667;17198694000;17167022222;17667022222;10240;10228
3676;17219016000;17167411111;17667411111;10240;10228
3678;17219070000;17208866666;17708866666;10240;10228
3680;17219078000;17208866666;17708866666;10240;10228
3682;17219084000;17208866666;17708866666;10240;10228
3684;17219125000;17208911111;17708911111;10240;10228
3675;17219260000;17167411111;17667411111;10240;10228
3677;17219450000;17208866666;17708866666;10240;10228
3679;17219462000;17208866666;17708866666;10240;10228
3683;17219665000;17208866666;17708866666;10240;10228
3666;17239513000;17167022222;17667022222;10240;10228
3674;17239998000;17167411111;17667411111;10240;10228
3686;17260489000;17209266666;17709266666;10240;10228
3688;17260515000;17250344444;17750344444;10240;10228
3690;17260527000;17250344444;17750344444;10240;10228
3692;17260547000;17250344444;17750344444;10240;10228
3694;17260566000;17250344444;17750344444;10240;10228
3685;17260718000;17209266666;17709266666;10240;10228
3687;17260929000;17209266666;17709266666;10240;10228
3689;17260963000;17250344444;17750344444;10240;10228
3691;17261063000;17250344444;17750344444;10240;10228
3695;17261269000;17250388888;17750388888;10240;10228
3681;17281741000;17208866666;17708866666;10240;10228
3696;17302153000;17250677777;17750677777;10240;10228
3698;17302163000;17250677777;17750677777;10240;10228
3700;17302186000;17292022222;17792022222;10240;10228
3702;17302217000;17292022222;17792022222;10240;10228
3704;17302225000;17292022222;17792022222;10240;10228
3706;17302230000;17292066666;17792066666;10240;10228
3697;17302409000;17250677777;17750677777;10240;10228
3699;17302605000;17292022222;17792022222;10240;10228
3701;17302616000;17292022222;17792022222;10240;10228
3703;17302830000;17292022222;17792022222;10240;10228
3705;17302936000;17292022222;17792022222;10240;10228
3693;17323658000;17250344444;17750344444;10240;10228
3708;17343824000;17292388888;17792388888;10240;10228
3710;17343838000;17333677777;17833677777;10240;10228
3712;17343844000;17333677777;17833677777;10240;10228
3714;17343865000;17333677777;17833677777;10240;10228
3716;17343871000;17333677777;17833677777;10240;10228
3707;17344059000;17292388888;17792388888;10240;10228
3709;17344259000;17292388888;17792388888;10240;10228
3711;17344463000;17333677777;17833677777;10240;10228
3713;17344490000;17333677777;17833677777;10240;10228
3715;17344676000;17333677777;17833677777;10240;10228
3717;17344711000;17333733333;17833733333;10240;10228
3718;17385501000;17334222222;17834222222;10240;10228
3722;17385513000;17375344444;17875344444;10240;10228
3724;17385524000;17375344444;17875344444;10240;10228
3726;17385534000;17375344444;17875344444;10240;10228
3728;17385554000;17375388888;17875388888;10240;10228
3719;17385730000;17334222222;17834222222;10240;10228
3721;17385929000;17375344444;17875344444;10240;10228
3723;17386085000;17375344444;17875344444;10240;10228
3725;17386095000;17375344444;17875344444;10240;10228
3727;17386328000;17375344444;17875344444;10240;10228
3730;17427198000;17375655555;17875655555;10240;10228
3732;17427226000;17417044444;17917044444;10240;10228
3734;17427233000;17417044444;17917044444;10240;10228
3736;17427274000;17417044444;17917044444;10240;10228
3738;17427281000;17417044444;17917044444;10240;10228
3731;17427450000;17375655555;17875655555;10240;10228
3733;17427641000;17417044444;17917044444;10240;10228
3737;17427660000;17417044444;17917044444;10240;10228
3739;17427870000;17417088888;17917088888;10240;10228
3740;17468820000;17417377777;17917377777;10240;10228
3742;17468832000;17417377777;17917377777;10240;10228
3744;17468841000;17458677777;17958677777;10240;10228
3746;17468863000;17458677777;17958677777;10240;10228
3748;17468882000;17458677777;17958677777;10240;10228
3750;17468887000;17458722222;17958722222;10240;10228
3741;17469051000;17417377777;17917377777;10240;10228
3743;17469278000;17458677777;17958677777;10240;10228
3747;17469285000;17458677777;17958677777;10240;10228
3749;17469400000;17458677777;17958677777;10240;10228
3729;17490200000;17375655555;17875655555;10240;10228
3735;17490408000;17417044444;17917044444;10240;10228
3752;17510678000;17459022222;17959022222;10240;10228
3756;17510842000;17500533333;18000533333;10240;10228
3758;17510854000;17500533333;18000533333;10240;10228
3760;17510871000;17500533333;18000533333;10240;10228
3751;17510876000;17459022222;17959022222;10240;10228
3753;17511079000;17459022222;17959022222;10240;10228
3755;17511300000;17500533333;18000533333;10240;10228
3757;17511309000;17500533333;18000533333;10240;10228
3759;17511516000;17500533333;18000533333;10240;10228
3761;17511522000;17500733333;18000733333;10240;10228
3745;17531622000;17458677777;17958677777;10240;10228
3762;17552237000;17501022222;18001022222;10240;10228
3764;17552247000;17501022222;18001022222;10240;10228
3766;17552257000;17542055555;18042055555;10240;10228
3768;17552263000;17542055555;18042055555;10240;10228
3770;17552325000;17542055555;18042055555;10240;10228
3772;17552365000;17542111111;18042111111;10240;10228
3763;17552375000;17501022222;18001022222;10240;10228
3765;17552643000;17542055555;18042055555;10240;10228
3767;17552674000;17542055555;18042055555;10240;10228
3769;17552872000;17542055555;18042055555;10240;10228
3771;17553057000;17542055555;18042055555;10240;10228
3774;17593875000;17542444444;18042444444;10240;10228
3776;17593885000;17583711111;18083711111;10240;10228
3778;17593890000;17583711111;18083711111;10240;10228
3780;17593911000;17583711111;18083711111;10240;10228
3782;17593932000;17583711111;18083711111;10240;10228
3773;17594025000;17542444444;18042444444;10240;10228
3775;17594299000;17542444444;18042444444;10240;10228
3777;17594310000;17583711111;18083711111;10240;10228
3779;17594518000;17583711111;18083711111;10240;10228
3781;17594707000;17583711111;18083711111;10240;10228
3783;17594728000;17583755555;18083755555;10240;10228
3784;17635479000;17584055555;18084055555;10240;10228
3786;17635489000;17584055555;18084055555;10240;10228
3788;17635510000;17625344444;18125344444;10240;10228
3790;17635516000;17625344444;18125344444;10240;10228
3792;17635525000;17625344444;18125344444;10240;10228
3794;17635543000;17625388888;18125388888;10240;10228
3785;17635766000;17584055555;18084055555;10240;10228
3787;17635901000;17625344444;18125344444;10240;10228
3789;17635914000;17625344444;18125344444;10240;10228
3791;17636066000;17625344444;18125344444;10240;10228
3793;17636360000;17625344444;18125344444;10240;10228
3796;17677157000;17625666666;18125666666;10240;10228
3798;17677171000;17667011111;18167011111;10240;10228
3800;17677202000;17667011111;18167011111;10240;10228
3802;17677208000;17667011111;18167011111;10240;10228
3804;17677235000;17667011111;18167011111;10240;10228
3795;17677413000;17625666666;18125666666;10240;10228
3797;17677580000;17625666666;18125666666;10240;10228
3799;17677609000;17667011111;18167011111;10240;10228
3801;17677751000;17667011111;18167011111;10240;10228
3803;17677942000;17667011111;18167011111;10240;10228
3805;17677968000;17667066666;18167066666;10240;10228
3806;17718842000;17667355555;18167355555;10240;10228
3808;17718854000;17667355555;18167355555;10240;10228
3810;17718862000;17708677777;18208677777;10240;10228
3812;17718895000;17708677777;18208677777;10240;10228
3814;17718902000;17708677777;18208677777;10240;10228
3816;17718923000;17708744444;18208744444;10240;10228
3809;17719013000;17708677777;18208677777;10240;10228
3811;17719254000;17708677777;18208677777;10240;10228
3813;17719266000;17708677777;18208677777;10240;10228
3815;17719413000;17708677777;18208677777;10240;10228
3807;17740193000;17667355555;18167355555;10240;10228
3818;17760687000;17709033333;18209033333;10240;10228
3820;17760701000;17750500000;18250500000;10240;10228
3822;17760706000;17750500000;18250500000;10240;10228
3824;17760737000;17750500000;18250500000;10240;10228
3826;17760743000;17750500000;18250500000;10240;10228
3817;17760908000;17709033333;18209033333;10240;10228
3819;17761120000;17709033333;18209033333;10240;10228
3821;17761144000;17750500000;18250500000;10240;10228
3823;17761258000;17750500000;18250500000;10240;10228
3825;17761426000;17750500000;18250500000;10240;10228
3827;17761459000;17750555555;18250555555;10240;10228
3828;17802191000;17750833333;18250833333;10240;10228
3830;17802213000;17750833333;18250833333;10240;10228
3832;17802235000;17792011111;18292011111;10240;10228
3834;17802242000;17792011111;18292011111;10240;10228
3836;17802261000;17792011111;18292011111;10240;10228
3838;17802271000;17792066666;18292066666;10240;10228
3829;17802376000;17750833333;18250833333;10240;10228
3831;17802542000;17792011111;18292011111;10240;10228
3833;17802782000;17792011111;18292011111;10240;10228
3835;17802816000;17792011111;18292011111;10240;10228
3837;17802988000;17792011111;18292011111;10240;10228
3840;17843850000;17792377777;18292377777;10240;10228
3842;17843880000;17833688888;18333688888;10240;10228
3844;17843891000;17833688888;18333688888;10240;10228
3846;17843899000;17833688888;18333688888;10240;10228
3848;17843903000;17833688888;18333688888;10240;10228
3839;17844008000;17792377777;18292377777;10240;10228
3841;17844272000;17792377777;18292377777;10240;10228
3843;17844301000;17833688888;18333688888;10240;10228
3845;17844516000;17833688888;18333688888;10240;10228
3850;17885516000;17834044444;18334044444;10240;10228
3852;17885535000;17834044444;18334044444;10240;10228
3854;17885550000;17875344444;18375344444;10240;10228
3856;17885571000;17875344444;18375344444;10240;10228
3858;17885602000;17875344444;18375344444;10240;10228
3860;17885610000;17875400000;18375400000;10240;10228
3853;17885760000;17875344444;18375344444;10240;10228
3855;17885885000;17875344444;18375344444;10240;10228
3857;17886117000;17875344444;18375344444;10240;10228
3859;17886136000;17875344444;18375344444;10240;10228
3847;17906934000;17833688888;18333688888;10240;10228
3851;17906946000;17834044444;18334044444;10240;10228
3849;17907036000;17833733333;18333733333;10240;10228
3862;17927202000;17875677777;18375677777;10240;10228
3861;17927339000;17875677777;18375677777;10240;10228
3864;17927369000;17917033333;18417033333;10240;10228
3863;17927639000;17875677777;18375677777;10240;10228
3866;17927787000;17917033333;18417033333;10240;10228
3868;17927802000;17917033333;18417033333;10240;10228
3870;17927807000;17917033333;18417033333;10240;10228
3865;17927820000;17917033333;18417033333;10240;10228
3867;17928009000;17917033333;18417033333;10240;10228
3869;17928232000;17917033333;18417033333;10240;10228
3871;17928259000;17917666666;18417666666;10240;10228
3872;17968879000;17917955555;18417955555;10240;10228
3874;17968892000;17917955555;18417955555;10240;10228
3876;17968904000;17958711111;18458711111;10240;10228
3880;17968910000;17958711111;18458711111;10240;10228
3882;17968939000;17958766666;18458766666;10240;10228
3873;17969034000;17917955555;18417955555;10240;10228
3875;17969304000;17958711111;18458711111;10240;10228
3877;17969332000;17958711111;18458711111;10240;10228
3879;17969525000;17958711111;18458711111;10240;10228
3881;17969737000;17958711111;18458711111;10240;10228
3884;18010539000;17959044444;18459044444;10240;10228
3886;18010582000;18000344444;18500344444;10240;10228
3888;18010589000;18000344444;18500344444;10240;10228
3890;18010593000;18000344444;18500344444;10240;10228
3892;18010613000;18000344444;18500344444;10240;10228
3883;18010721000;17959044444;18459044444;10240;10228
3885;18010929000;17959044444;18459044444;10240;10228
3887;18010945000;18000344444;18500344444;10240;10228
3889;18011071000;18000344444;18500344444;10240;10228
3891;18011350000;18000344444;18500344444;10240;10228
3893;18011357000;18000388888;18500388888;10240;10228
3878;18030974000;17958711111;18458711111;10240;10228
3894;18052187000;18000655555;18500655555;10240;10228
3896;18052196000;18000655555;18500655555;10240;10228
3898;18052203000;18042044444;18542044444;10240;10228
3900;18052238000;18042044444;18542044444;10240;10228
3902;18052244000;18042044444;18542044444;10240;10228
3895;18052421000;18000655555;18500655555;10240;10228
3897;18052622000;18042044444;18542044444;10240;10228
3899;18052652000;18042044444;18542044444;10240;10228
3901;18052859000;18042044444;18542044444;10240;10228
3903;18053042000;18042044444;18542044444;10240;10228
3906;18093833000;18042388888;18542388888;10240;10228
3908;18093848000;18083677777;18583677777;10240;10228
3910;18093858000;18083677777;18583677777;10240;10228
3912;18093877000;18083677777;18583677777;10240;10228
3914;18093882000;18083677777;18583677777;10240;10228
3905;18094068000;18042388888;18542388888;10240;10228
3907;18094281000;18042388888;18542388888;10240;10228
3909;18094291000;18083677777;18583677777;10240;10228
3911;18094486000;18083677777;18583677777;10240;10228
3913;18094699000;18083677777;18583677777;10240;10228
3915;18094720000;18083733333;18583733333;10240;10228
3904;18114552000;18042088888;18542088888;10240;10228
3916;18135567000;18084055555;18584055555;10240;10228
3918;18135577000;18084055555;18584055555;10240;10228
3920;18135585000;18125377777;18625377777;10240;10228
3922;18135595000;18125377777;18625377777;10240;10228
3924;18135625000;18125377777;18625377777;10240;10228
3926;18135631000;18125422222;18625422222;10240;10228
3917;18135793000;18084055555;18584055555;10240;10228
3919;18135967000;18125377777;18625377777;10240;10228
3921;18135995000;18125377777;18625377777;10240;10228
3923;18136150000;18125377777;18625377777;10240;10228
3925;18136308000;18125377777;18625377777;10240;10228
3928;18177175000;18125700000;18625700000;10240;10228
3932;18177187000;18167011111;18667011111;10240;10228
3934;18177192000;18167011111;18667011111;10240;10228
3936;18177225000;18167011111;18667011111;10240;10228
3927;18177408000;18125700000;18625700000;10240;10228
3929;18177603000;18125700000;18625700000;10240;10228
3931;18177632000;18167011111;18667011111;10240;10228
3933;18177827000;18167011111;18667011111;10240;10228
3935;18177975000;18167011111;18667011111;10240;10228
3937;18177986000;18167055555;18667055555;10240;10228
3930;18198212000;18167011111;18667011111;10240;10228
3938;18218820000;18167355555;18667355555;10240;10228
3940;18218830000;18167355555;18667355555;10240;10228
3942;18218842000;18208677777;18708677777;10240;10228
3944;18218872000;18208677777;18708677777;10240;10228
3946;18218879000;18208677777;18708677777;10240;10228
3948;18218907000;18208722222;18708722222;10240;10228
3939;18219061000;18167355555;18667355555;10240;10228
3941;18219263000;18208677777;18708677777;10240;10228
3943;18219291000;18208677777;18708677777;10240;10228
3945;18219489000;18208677777;18708677777;10240;10228
3947;18219643000;18208677777;18708677777;10240;10228
3954;18260507000;18250355555;18750355555;10240;10228
3956;18260521000;18250355555;18750355555;10240;10228
3958;18260527000;18250355555;18750355555;10240;10228
3949;18260749000;18209033333;18709033333;10240;10228
3951;18260932000;18209033333;18709033333;10240;10228
3953;18260942000;18250355555;18750355555;10240;10228
3955;18261136000;18250355555;18750355555;10240;10228
3957;18261312000;18250355555;18750355555;10240;10228
3950;18281197000;18209033333;18709033333;10240;10228
3952;18281464000;18250355555;18750355555;10240;10228
3960;18302191000;18250688888;18750688888;10240;10228
3962;18302204000;18250688888;18750688888;10240;10228
3964;18302225000;18292044444;18792044444;10240;10228
3966;18302231000;18292044444;18792044444;10240;10228
3968;18302241000;18292044444;18792044444;10240;10228
3970;18302253000;18292088888;18792088888;10240;10228
3961;18302437000;18250688888;18750688888;10240;10228
3963;18302632000;18292044444;18792044444;10240;10228
3965;18302652000;18292044444;18792044444;10240;10228
3967;18302862000;18292044444;18792044444;10240;10228
3969;18303038000;18292044444;18792044444;10240;10228
3959;18323694000;18250400000;18750400000;10240;10228
3972;18343869000;18292400000;18792400000;10240;10228
3974;18343882000;18333711111;18833711111;10240;10228
3978;18343887000;18333711111;18833711111;10240;10228
3980;18343918000;18333711111;18833711111;10240;10228
3971;18344026000;18292400000;18792400000;10240;10228
3973;18344298000;18292400000;18792400000;10240;10228
3975;18344326000;18333711111;18833711111;10240;10228
3977;18344505000;18333711111;18833711111;10240;10228
3979;18344677000;18333711111;18833711111;10240;10228
3981;18344686000;18333766666;18833766666;10240;10228
3982;18385560000;18334177777;18834177777;10240;10228
3984;18385590000;18334177777;18834177777;10240;10228
3986;18385628000;18375355555;18875355555;10240;10228
3988;18385665000;18375355555;18875355555;10240;10228
3990;18385674000;18375355555;18875355555;10240;10228
3992;18385680000;18375400000;18875400000;10240;10228
3983;18385687000;18334177777;18834177777;10240;10228
3985;18385874000;18375355555;18875355555;10240;10228
3987;18386107000;18375355555;18875355555;10240;10228
3991;18386135000;18375355555;18875355555;10240;10228
3976;18406250000;18333711111;18833711111;10240;10228
3994;18427208000;18375688888;18875688888;10240;10228
3996;18427236000;18417044444;18917044444;10240;10228
3998;18427244000;18417044444;18917044444;10240;10228
4000;18427254000;18417044444;18917044444;10240;10228
4002;18427298000;18417044444;18917044444;10240;10228
3993;18427426000;18375688888;18875688888;10240;10228
3995;18427628000;18375688888;18875688888;10240;10228
3997;18427639000;18417044444;18917044444;10240;10228
4001;18427802000;18417044444;18917044444;10240;10228
4003;18427813000;18417088888;18917088888;10240;10228
3989;18448592000;18375355555;18875355555;10240;10228
4004;18468830000;18417388888;18917388888;10240;10228
4006;18468840000;18417388888;18917388888;10240;10228
4008;18468986000;18458688888;18958688888;10240;10228
4010;18468996000;18458688888;18958688888;10240;10228
4005;18469001000;18417388888;18917388888;10240;10228
4007;18469316000;18458688888;18958688888;10240;10228
4009;18469464000;18458688888;18958688888;10240;10228
4011;18469489000;18458688888;18958688888;10240;10228
4013;18469713000;18458688888;18958688888;10240;10228
3999;18489886000;18417044444;18917044444;10240;10228
4016;18510517000;18459222222;18959222222;10240;10228
4018;18510545000;18500344444;19000344444;10240;10228
4020;18510551000;18500344444;19000344444;10240;10228
4022;18510575000;18500344444;19000344444;10240;10228
4024;18510593000;18500344444;19000344444;10240;10228
4015;18510747000;18459222222;18959222222;10240;10228
4017;18510934000;18459222222;18959222222;10240;10228
4019;18510945000;18500344444;19000344444;10240;10228
4021;18511077000;18500344444;19000344444;10240;10228
4023;18511300000;18500344444;19000344444;10240;10228
4025;18511309000;18500388888;19000388888;10240;10228
4012;18531190000;18458688888;18958688888;10240;10228
4014;18531370000;18458888888;18958888888;10240;10228
4026;18552192000;18500677777;19000677777;10240;10228
4028;18552203000;18500677777;19000677777;10240;10228
4030;18552211000;18542033333;19042033333;10240;10228
4032;18552227000;18542033333;19042033333;10240;10228
4034;18552246000;18542033333;19042033333;10240;10228
4036;18552252000;18542088888;19042088888;10240;10228
4027;18552376000;18500677777;19000677777;10240;10228
4029;18552580000;18542033333;19042033333;10240;10228
4031;18552605000;18542033333;19042033333;10240;10228
4033;18552781000;18542033333;19042033333;10240;10228
4035;18552950000;18542033333;19042033333;10240;10228
4038;18593807000;18542433333;19042433333;10240;10228
4040;18593820000;18583688888;19083688888;10240;10228
4042;18593841000;18583688888;19083688888;10240;10228
4044;18593848000;18583688888;19083688888;10240;10228
4046;18593866000;18583688888;19083688888;10240;10228
4037;18594037000;18542433333;19042433333;10240;10228
4039;18594235000;18542433333;19042433333;10240;10228
4041;18594444000;18583688888;19083688888;10240;10228
4043;18594473000;18583688888;19083688888;10240;10228
4045;18594641000;18583688888;19083688888;10240;10228
4047;18594669000;18583733333;19083733333;10240;10228
4048;18635484000;18584044444;19084044444;10240;10228
4050;18635495000;18584044444;19084044444;10240;10228
4052;18635510000;18625344444;19125344444;10240;10228
4054;18635529000;18625344444;19125344444;10240;10228
4056;18635536000;18625344444;19125344444;10240;10228
4058;18635553000;18625388888;19125388888;10240;10228
4049;18635698000;18584044444;19084044444;10240;10228
4051;18635902000;18625344444;19125344444;10240;10228
4053;18635928000;18625344444;19125344444;10240;10228
4055;18636083000;18625344444;19125344444;10240;10228
4057;18636317000;18625344444;19125344444;10240;10228
4060;18677203000;18625666666;19125666666;10240;10228
4062;18677221000;18667011111;19167011111;10240;10228
4064;18677227000;18667011111;19167011111;10240;10228
4066;18677247000;18667011111;19167011111;10240;10228
4068;18677252000;18667011111;19167011111;10240;10228
4059;18677362000;18625666666;19125666666;10240;10228
4061;18677576000;18625666666;19125666666;10240;10228
4063;18677603000;18667011111;19167011111;10240;10228
4065;18677771000;18667011111;19167011111;10240;10228
4067;18677961000;18667011111;19167011111;10240;10228
4069;18677988000;18667055555;19167055555;10240;10228
4070;18718866000;18667344444;19167344444;10240;10228
4072;18718876000;18667344444;19167344444;10240;10228
4076;18718889000;18708677777;19208677777;10240;10228
4078;18718900000;18708677777;19208677777;10240;10228
4080;18718919000;18708722222;19208722222;10240;10228
4071;18719033000;18667344444;19167344444;10240;10228
4073;18719240000;18708677777;19208677777;10240;10228
4075;18719268000;18708677777;19208677777;10240;10228
4077;18719444000;18708677777;19208677777;10240;10228
4079;18719645000;18708677777;19208677777;10240;10228
4074;18740036000;18708677777;19208677777;10240;10228
4082;18760556000;18709022222;19209022222;10240;10228
4084;18760569000;18750388888;19250388888;10240;10228
4086;18760584000;18750388888;19250388888;10240;10228
4088;18760605000;18750388888;19250388888;10240;10228
4090;18760612000;18750388888;19250388888;10240;10228
4081;18760737000;18709022222;19209022222;10240;10228
4083;18760940000;18709022222;19209022222;10240;10228
4085;18760967000;18750388888;19250388888;10240;10228
4087;18761153000;18750388888;19250388888;10240;10228
4089;18761340000;18750388888;19250388888;10240;10228
4091;18761368000;18750444444;19250444444;10240;10228
4092;18802202000;18750744444;19250744444;10240;10228
4094;18802212000;18750744444;19250744444;10240;10228
4100;18802225000;18792044444;19292044444;10240;10228
4102;18802231000;18792088888;19292088888;10240;10228
4093;18802397000;18750744444;19250744444;10240;10228
4095;18802605000;18792044444;19292044444;10240;10228
4097;18802634000;18792044444;19292044444;10240;10228
4099;18802800000;18792044444;19292044444;10240;10228
4101;18802996000;18792044444;19292044444;10240;10228
4104;18843848000;18792400000;19292400000;10240;10228
4106;18843886000;18833711111;19333711111;10240;10228
4108;18843906000;18833711111;19333711111;10240;10228
4110;18843925000;18833711111;19333711111;10240;10228
4112;18843931000;18833711111;19333711111;10240;10228
4103;18844059000;18792400000;19292400000;10240;10228
4105;18844267000;18792400000;19292400000;10240;10228
4107;18844277000;18833711111;19333711111;10240;10228
4109;18844479000;18833711111;19333711111;10240;10228
4111;18844675000;18833711111;19333711111;10240;10228
4113;18844686000;18833755555;19333755555;10240;10228
4096;18864425000;18792044444;19292044444;10240;10228
4098;18864680000;18792044444;19292044444;10240;10228
4114;18885534000;18834066666;19334066666;10240;10228
4116;18885545000;18834066666;19334066666;10240;10228
4118;18885558000;18875377777;19375377777;10240;10228
4120;18885572000;18875377777;19375377777;10240;10228
4122;18885594000;18875377777;19375377777;10240;10228
4124;18885600000;18875422222;19375422222;10240;10228
4115;18885719000;18834066666;19334066666;10240;10228
4117;18885912000;18875377777;19375377777;10240;10228
4119;18886155000;18875377777;19375377777;10240;10228
4121;18886181000;18875377777;19375377777;10240;10228
4123;18886329000;18875377777;19375377777;10240;10228
4126;18927155000;18875711111;19375711111;10240;10228
4128;18927185000;18917011111;19417011111;10240;10228
4130;18927215000;18917011111;19417011111;10240;10228
4132;18927234000;18917011111;19417011111;10240;10228
4134;18927254000;18917011111;19417011111;10240;10228
4125;18927354000;18875711111;19375711111;10240;10228
4127;18927567000;18875711111;19375711111;10240;10228
4129;18927596000;18917011111;19417011111;10240;10228
4131;18927773000;18917011111;19417011111;10240;10228
4133;18927995000;18917011111;19417011111;10240;10228
4135;18928022000;18917055555;19417055555;10240;10228
4136;18968795000;18917388888;19417388888;10240;10228
4138;18968835000;18917388888;19417388888;10240;10228
4140;18968878000;18958677777;19458677777;10240;10228
4142;18968889000;18958677777;19458677777;10240;10228
4144;18968919000;18958677777;19458677777;10240;10228
4146;18968937000;18958722222;19458722222;10240;10228
4137;18969001000;18917388888;19417388888;10240;10228
4139;18969200000;18958677777;19458677777;10240;10228
4141;18969450000;18958677777;19458677777;10240;10228
4143;18969479000;18958677777;19458677777;10240;10228
4145;18969643000;18958677777;19458677777;10240;10228
4148;19010525000;18959011111;19459011111;10240;10228
4150;19010561000;19000377777;19500377777;10240;10228
4152;19010589000;19000377777;19500377777;10240;10228
4154;19010609000;19000377777;19500377777;10240;10228
4156;19010627000;19000377777;19500377777;10240;10228
4147;19010717000;18959011111;19459011111;10240;10228
4149;19010923000;18959011111;19459011111;10240;10228
4151;19010942000;19000377777;19500377777;10240;10228
4153;19011175000;19000377777;19500377777;10240;10228
4155;19011204000;19000377777;19500377777;10240;10228
4157;19011342000;19000422222;19500422222;10240;10228
4158;19052101000;19000688888;19500688888;10240;10228
4160;19052148000;19000688888;19500688888;10240;10228
4162;19052176000;19042011111;19542011111;10240;10228
4164;19052207000;19042011111;19542011111;10240;10228
4166;19052225000;19042011111;19542011111;10240;10228
4168;19052243000;19042066666;19542066666;10240;10228
4159;19052332000;19000688888;19500688888;10240;10228
4161;19052533000;19042011111;19542011111;10240;10228
4165;19052731000;19042011111;19542011111;10240;10228
4167;19052744000;19042011111;19542011111;10240;10228
4170;19093840000;19042366666;19542366666;10240;10228
4172;19093871000;19083677777;19583677777;10240;10228
4169;19094003000;19042366666;19542366666;10240;10228
4171;19094200000;19042366666;19542366666;10240;10228
4163;19114973000;19042011111;19542011111;10240;10228
4236;20128265000;19292333333;19792333333;10240;10228
4237;20128454000;19292333333;19792333333;10240;10228
4238;20128475000;19333688888;19833688888;10240;10228
4239;20128649000;19333688888;19833688888;10240;10228
4240;20128849000;19333688888;19833688888;10240;10228
4241;20128870000;19333688888;19833688888;10240;10228
4242;20129060000;19333688888;19833688888;10240;10228
4243;20129080000;19333688888;19833688888;10240;10228
4244;20129267000;19333688888;19833688888;10240;10228
4245;20129285000;19333700000;19833700000;10240;10228
4246;20129471000;19334022222;19834022222;10240;10228
4247;20129662000;19334022222;19834022222;10240;10228
4249;20129669000;19375355555;19875355555;10240;10228
4250;20129855000;19375355555;19875355555;10240;10228
4251;20129874000;19375355555;19875355555;10240;10228
4252;20130030000;19375355555;19875355555;10240;10228
4253;20130280000;19375355555;19875355555;10240;10228
4254;20130286000;19375355555;19875355555;10240;10228
4255;20130476000;19375355555;19875355555;10240;10228
4256;20130481000;19375366666;19875366666;10240;10228
4257;20130680000;19375644444;19875644444;10240;10228
4258;20130686000;19375644444;19875644444;10240;10228
4259;20130885000;19375644444;19875644444;10240;10228
4260;20130892000;19417022222;19917022222;10240;10228
4261;20131056000;19417022222;19917022222;10240;10228
4262;20131304000;19417022222;19917022222;10240;10228
4263;20131310000;19417022222;19917022222;10240;10228
4265;20151628000;19417022222;19917022222;10240;10228
4266;20151642000;19417022222;19917022222;10240;10228
4267;20151653000;19417033333;19917033333;10240;10228
4268;20151661000;19417322222;19917322222;10240;10228
4269;20151675000;19417322222;19917322222;10240;10228
4270;20151684000;19417322222;19917322222;10240;10228
4271;20151707000;19458688888;19958688888;10240;10228
4272;20151718000;19458688888;19958688888;10240;10228
4273;20151726000;19458688888;19958688888;10240;10228
4274;20151734000;19458688888;19958688888;10240;10228
4275;20151758000;19458688888;19958688888;10240;10228
4276;20151769000;19458688888;19958688888;10240;10228
4277;20151776000;19458688888;19958688888;10240;10228
4278;20151787000;19458700000;19958700000;10240;10228
4279;20151805000;19459022222;19959022222;10240;10228
4280;20151837000;19459022222;19959022222;10240;10228
4281;20151847000;19459022222;19959022222;10240;10228
4282;20151865000;19500355555;20000355555;10240;10228
4283;20151874000;19500355555;20000355555;10240;10228
4284;20151882000;19500355555;20000355555;10240;10228
4285;20151890000;19500355555;20000355555;10240;10228
4264;20151923000;19417022222;19917022222;10240;10228
4286;20151952000;19500355555;20000355555;10240;10228
4287;20151971000;19500355555;20000355555;10240;10228
4288;20151990000;19500355555;20000355555;10240;10228
4289;20152010000;19500366666;20000366666;10240;10228
4292;20152020000;19500666666;20000666666;10240;10228
4293;20152140000;19542033333;20042033333;10240;10228
4294;20152150000;19542033333;20042033333;10240;10228
4295;20152238000;19542033333;20042033333;10240;10228
4296;20152439000;19542033333;20042033333;10240;10228
4297;20152453000;19542033333;20042033333;10240;10228
4298;20152635000;19542033333;20042033333;10240;10228
4299;20152646000;19542033333;20042033333;10240;10228
4300;20152841000;19542044444;20042044444;10240;10228
4301;20152847000;19542377777;20042377777;10240;10228
4302;20153030000;19542377777;20042377777;10240;10228
4303;20153261000;19542377777;20042377777;10240;10228
4304;20153274000;19583688888;20083688888;10240;10228
4305;20153455000;19583688888;20083688888;10240;10228
4306;20153465000;19583688888;20083688888;10240;10228
4307;20153658000;19583688888;20083688888;10240;10228
4308;20153863000;19583688888;20083688888;10240;10228
4309;20153873000;19583688888;20083688888;10240;10228
4310;20154058000;19583688888;20083688888;10240;10228
4311;20154063000;19583700000;20083700000;10240;10228
4312;20154329000;19584022222;20084022222;10240;10228
4313;20154339000;19584022222;20084022222;10240;10228
4314;20154524000;19584022222;20084022222;10240;10228
4315;20154543000;19625355555;20125355555;10240;10228
4316;20154737000;19625355555;20125355555;10240;10228
4317;20154931000;19625355555;20125355555;10240;10228
4318;20154942000;19625355555;20125355555;10240;10228
4319;20155164000;19625355555;20125355555;10240;10228
4321;20171869000;19625355555;20125355555;10240;10228
4322;20171884000;19625366666;20125366666;10240;10228
4323;20171905000;19625655555;20125655555;10240;10228
4324;20171916000;19625655555;20125655555;10240;10228
4325;20171928000;19625655555;20125655555;10240;10228
4326;20171939000;19667022222;20167022222;10240;10228
4327;20171957000;19667022222;20167022222;10240;10228
4328;20171968000;19667022222;20167022222;10240;10228
4329;20171976000;19667022222;20167022222;10240;10228
4330;20171989000;19667022222;20167022222;10240;10228
4331;20172010000;19667022222;20167022222;10240;10228
4332;20172021000;19667022222;20167022222;10240;10228
4333;20172029000;19667033333;20167033333;10240;10228
4334;20172068000;19667311111;20167311111;10240;10228
4335;20172117000;19667311111;20167311111;10240;10228
4336;20172127000;19667311111;20167311111;10240;10228
4320;20172135000;19625355555;20125355555;10240;10228
4337;20172154000;19708688888;20208688888;10240;10228
4338;20172164000;19708688888;20208688888;10240;10228
4339;20172176000;19708688888;20208688888;10240;10228
4340;20172187000;19708688888;20208688888;10240;10228
4341;20172199000;19708688888;20208688888;10240;10228
4342;20172208000;19708688888;20208688888;10240;10228
4343;20172220000;19708688888;20208688888;10240;10228
4344;20172229000;19708711111;20208711111;10240;10228
4345;20172238000;19709011111;20209011111;10240;10228
4346;20172253000;19709011111;20209011111;10240;10228
4347;20172263000;19709011111;20209011111;10240;10228
4348;20172270000;19750355555;20250355555;10240;10228
4349;20172547000;19750355555;20250355555;10240;10228
4350;20172749000;19750355555;20250355555;10240;10228
4351;20172961000;19750355555;20250355555;10240;10228
4352;20172970000;19750355555;20250355555;10240;10228
4353;20173190000;19750355555;20250355555;10240;10228
4354;20173199000;19750355555;20250355555;10240;10228
4355;20173358000;19750366666;20250366666;10240;10228
4356;20173375000;19750666666;20250666666;10240;10228
4357;20173620000;19750666666;20250666666;10240;10228
4358;20173825000;19750666666;20250666666;10240;10228
4359;20173835000;19792022222;20292022222;10240;10228
4362;20173980000;19792022222;20292022222;10240;10228
4364;20174317000;19792022222;20292022222;10240;10228
4366;20174510000;19792033333;20292033333;10240;10228
4367;20174718000;19792333333;20292333333;10240;10228
4368;20174739000;19792333333;20292333333;10240;10228
4369;20175092000;19792333333;20292333333;10240;10228
4370;20175111000;19833688888;20333688888;10240;10228
4371;20175305000;19833688888;20333688888;10240;10228
4372;20175346000;19833688888;20333688888;10240;10228
4373;20175532000;19833688888;20333688888;10240;10228
4374;20175554000;19833688888;20333688888;10240;10228
4375;20175737000;19833688888;20333688888;10240;10228
4377;20192112000;19833700000;20333700000;10240;10228
4378;20192124000;19834022222;20334022222;10240;10228
4380;20192131000;19834022222;20334022222;10240;10228
4381;20192155000;19875355555;20375355555;10240;10228
4382;20192167000;19875355555;20375355555;10240;10228
4383;20192187000;19875355555;20375355555;10240;10228
4384;20192204000;19875355555;20375355555;10240;10228
4385;20192213000;19875355555;20375355555;10240;10228
4386;20192221000;19875355555;20375355555;10240;10228
4387;20192228000;19875355555;20375355555;10240;10228
4388;20192235000;19875366666;20375366666;10240;10228
4389;20192243000;19875666666;20375666666;10240;10228
4390;20192272000;19875666666;20375666666;10240;10228
4391;20192291000;19875666666;20375666666;10240;10228
4392;20192299000;19917022222;20417022222;10240;10228
4376;20192328000;19833688888;20333688888;10240;10228
4393;20192342000;19917022222;20417022222;10240;10228
4394;20192350000;19917022222;20417022222;10240;10228
4395;20192357000;19917022222;20417022222;10240;10228
4396;20192376000;19917022222;20417022222;10240;10228
4399;20192385000;19917033333;20417033333;10240;10228
4400;20192398000;19917333333;20417333333;10240;10228
4401;20192434000;19917333333;20417333333;10240;10228
4402;20192443000;19917333333;20417333333;10240;10228
4403;20192455000;19958688888;20458688888;10240;10228
4404;20192481000;19958688888;20458688888;10240;10228
4405;20193063000;19958688888;20458688888;10240;10228
4406;20193259000;19958688888;20458688888;10240;10228
4407;20193464000;19958688888;20458688888;10240;10228
4408;20193674000;19958688888;20458688888;10240;10228
4409;20193694000;19958688888;20458688888;10240;10228
4410;20193913000;19958711111;20458711111;10240;10228
4411;20193933000;19959022222;20459022222;10240;10228
4412;20194090000;19959022222;20459022222;10240;10228
4413;20194100000;19959022222;20459022222;10240;10228
4414;20194323000;20000355555;20500355555;10240;10228
4415;20194540000;20000355555;20500355555;10240;10228
4416;20194562000;20000355555;20500355555;10240;10228
4360;20194745000;19792022222;20292022222;10240;10228
4417;20194755000;20000355555;20500355555;10240;10228
4363;20194852000;19792022222;20292022222;10240;10228
4365;20194888000;19792022222;20292022222;10240;10228
4361;20194937000;19792022222;20292022222;10240;10228
4418;20195160000;20000355555;20500355555;10240;10228
4419;20195170000;20000355555;20500355555;10240;10228
4420;20195343000;20000355555;20500355555;10240;10228
4421;20195544000;20000377777;20500377777;10240;10228
4422;20195554000;20000677777;20500677777;10240;10228
4423;20195807000;20000677777;20500677777;10240;10228
4424;20195816000;20000677777;20500677777;10240;10228
4425;20195971000;20042022222;20542022222;10240;10228
4426;20195989000;20042022222;20542022222;10240;10228
4427;20196203000;20042022222;20542022222;10240;10228
4428;20196417000;20042022222;20542022222;10240;10228
4429;20196428000;20042022222;20542022222;10240;10228
4430;20196620000;20042022222;20542022222;10240;10228
4431;20212360000;20042022222;20542022222;10240;10228
4379;20212371000;19834022222;20334022222;10240;10228
4432;20212383000;20042033333;20542033333;10240;10228
4433;20212399000;20042344444;20542344444;10240;10228
4434;20212408000;20042344444;20542344444;10240;10228
4435;20212420000;20042344444;20542344444;10240;10228
4436;20212431000;20083688888;20583688888;10240;10228
4437;20212450000;20083688888;20583688888;10240;10228
4438;20212460000;20083688888;20583688888;10240;10228
4439;20212471000;20083688888;20583688888;10240;10228
4440;20212505000;20083688888;20583688888;10240;10228
4441;20212514000;20083688888;20583688888;10240;10228
4442;20212523000;20083688888;20583688888;10240;10228
4444;20212558000;20084033333;20584033333;10240;10228
4445;20212569000;20084033333;20584033333;10240;10228
4446;20212576000;20084033333;20584033333;10240;10228
4447;20212608000;20125366666;20625366666;10240;10228
4448;20212618000;20125366666;20625366666;10240;10228
4398;20212625000;19917022222;20417022222;10240;10228
4449;20212648000;20125366666;20625366666;10240;10228
4450;20212679000;20125366666;20625366666;10240;10228
4451;20212690000;20125366666;20625366666;10240;10228
4452;20212697000;20125366666;20625366666;10240;10228
4453;20212704000;20125366666;20625366666;10240;10228
4443;20212712000;20083700000;20583700000;10240;10228
4397;20212874000;19917022222;20417022222;10240;10228
4454;20213581000;20125377777;20625377777;10240;10228
4455;20213855000;20125666666;20625666666;10240;10228
4456;20214060000;20125666666;20625666666;10240;10228
4457;20214316000;20125666666;20625666666;10240;10228
4458;20214330000;20167022222;20667022222;10240;10228
4459;20214528000;20167022222;20667022222;10240;10228
4460;20214717000;20167022222;20667022222;10240;10228
4461;20214725000;20167022222;20667022222;10240;10228
4462;20214935000;20167022222;20667022222;10240;10228
4463;20215135000;20167022222;20667022222;10240;10228
4464;20215146000;20167022222;20667022222;10240;10228
4465;20215344000;20167044444;20667044444;10240;10228
4466;20218851000;20167344444;20667344444;10240;10228
4468;20218862000;20167344444;20667344444;10240;10228
4470;20218871000;20208711111;20708711111;10240;10228
4467;20219067000;20167344444;20667344444;10240;10228
4469;20219292000;20208711111;20708711111;10240;10228
4471;20219306000;20208711111;20708711111;10240;10228
4472;20219487000;20208711111;20708711111;10240;10228
4473;20219694000;20208711111;20708711111;10240;10228
4474;20219703000;20208711111;20708711111;10240;10228
4475;20219910000;20208711111;20708711111;10240;10228
4476;20219928000;20208755555;20708755555;10240;10228
4478;20260500000;20209077777;20709077777;10240;10228
4480;20260513000;20250388888;20750388888;10240;10228
4482;20260522000;20250388888;20750388888;10240;10228
4484;20260544000;20250388888;20750388888;10240;10228
4486;20260557000;20250388888;20750388888;10240;10228
4477;20260697000;20209077777;20709077777;10240;10228
4479;20260912000;20209077777;20709077777;10240;10228
4481;20261151000;20250388888;20750388888;10240;10228
4483;20261166000;20250388888;20750388888;10240;10228
4485;20261368000;20250388888;20750388888;10240;10228
4487;20261380000;20250433333;20750433333;10240;10228
4488;20302169000;20250755555;20750755555;10240;10228
4490;20302183000;20250755555;20750755555;10240;10228
4492;20302194000;20292022222;20792022222;10240;10228
4494;20302202000;20292022222;20792022222;10240;10228
4496;20302211000;20292022222;20792022222;10240;10228
4498;20302218000;20292066666;20792066666;10240;10228
4489;20302394000;20250755555;20750755555;10240;10228
4491;20302587000;20292022222;20792022222;10240;10228
4493;20302602000;20292022222;20792022222;10240;10228
4500;20343791000;20292366666;20792366666;10240;10228
4499;20344050000;20292366666;20792366666;10240;10228
4501;20344250000;20292366666;20792366666;10240;10228
4503;20344264000;20333677777;20833677777;10240;10228
4505;20344470000;20333677777;20833677777;10240;10228
4507;20344649000;20333677777;20833677777;10240;10228
4509;20344662000;20333722222;20833722222;10240;10228
4495;20364515000;20292022222;20792022222;10240;10228
4497;20364692000;20292022222;20792022222;10240;10228
4510;20385508000;20334022222;20834022222;10240;10228
4512;20385543000;20334022222;20834022222;10240;10228
4514;20385571000;20375344444;20875344444;10240;10228
4518;20385578000;20375344444;20875344444;10240;10228
4520;20385583000;20375388888;20875388888;10240;10228
4511;20385705000;20334022222;20834022222;10240;10228
4513;20385906000;20375344444;20875344444;10240;10228
4515;20386098000;20375344444;20875344444;10240;10228
4517;20386120000;20375344444;20875344444;10240;10228
4519;20386303000;20375344444;20875344444;10240;10228
4506;20405784000;20333677777;20833677777;10240;10228
4502;20405968000;20333677777;20833677777;10240;10228
4504;20406186000;20333677777;20833677777;10240;10228
4508;20406216000;20333677777;20833677777;10240;10228
4522;20427148000;20375655555;20875655555;10240;10228
4524;20427193000;20417011111;20917011111;10240;10228
4528;20427220000;20417011111;20917011111;10240;10228
4530;20427238000;20417011111;20917011111;10240;10228
4521;20427389000;20375655555;20875655555;10240;10228
4523;20427589000;20375655555;20875655555;10240;10228
4525;20427604000;20417011111;20917011111;10240;10228
4527;20427780000;20417011111;20917011111;10240;10228
4529;20427983000;20417011111;20917011111;10240;10228
4531;20427995000;20417066666;20917066666;10240;10228
4516;20447614000;20375344444;20875344444;10240;10228
4532;20468808000;20417355555;20917355555;10240;10228
4534;20468844000;20417355555;20917355555;10240;10228
4538;20468868000;20458677777;20958677777;10240;10228
4540;20468883000;20458677777;20958677777;10240;10228
4542;20468887000;20458722222;20958722222;10240;10228
4533;20469028000;20417355555;20917355555;10240;10228
4535;20469249000;20458677777;20958677777;10240;10228
4537;20469267000;20458677777;20958677777;10240;10228
4539;20469455000;20458677777;20958677777;10240;10228
4541;20469652000;20458677777;20958677777;10240;10228
4536;20489112000;20458677777;20958677777;10240;10228
4526;20489304000;20417011111;20917011111;10240;10228
4544;20510479000;20459011111;20959011111;10240;10228
4546;20510508000;20500355555;21000355555;10240;10228
4548;20510518000;20500355555;21000355555;10240;10228
4550;20510536000;20500355555;21000355555;10240;10228
4552;20510545000;20500355555;21000355555;10240;10228
4543;20510695000;20459011111;20959011111;10240;10228
4545;20510904000;20459011111;20959011111;10240;10228
4547;20510928000;20500355555;21000355555;10240;10228
4549;20511149000;20500355555;21000355555;10240;10228
4551;20511339000;20500355555;21000355555;10240;10228
4553;20511376000;20500400000;21000400000;10240;10228
4554;20552105000;20500666666;21000666666;10240;10228
4556;20552194000;20500666666;21000666666;10240;10228
4558;20552222000;20542011111;21042011111;10240;10228
4560;20552233000;20542011111;21042011111;10240;10228
4562;20552251000;20542011111;21042011111;10240;10228
4564;20552258000;20542055555;21042055555;10240;10228
4555;20552363000;20500666666;21000666666;10240;10228
4557;20552566000;20542011111;21042011111;10240;10228
4559;20552781000;20542011111;21042011111;10240;10228
4561;20552806000;20542011111;21042011111;10240;10228
4563;20552973000;20542011111;21042011111;10240;10228
4566;20593825000;20542366666;21042366666;10240;10228
4568;20593859000;20583711111;21083711111;10240;10228
4570;20593878000;20583711111;21083711111;10240;10228
4572;20593888000;20583711111;21083711111;10240;10228
4574;20593895000;20583711111;21083711111;10240;10228
4565;20594031000;20542366666;21042366666;10240;10228
4567;20594279000;20542366666;21042366666;10240;10228
4569;20594308000;20583711111;21083711111;10240;10228
4571;20594497000;20583711111;21083711111;10240;10228
4573;20594663000;20583711111;21083711111;10240;10228
4575;20594688000;20583755555;21083755555;10240;10228
4576;20635502000;20584044444;21084044444;10240;10228
4578;20635527000;20584044444;21084044444;10240;10228
4580;20635549000;20625355555;21125355555;10240;10228
4582;20635562000;20625355555;21125355555;10240;10228
4584;20635570000;20625355555;21125355555;10240;10228
4586;20635586000;20625400000;21125400000;10240;10228
4577;20635694000;20584044444;21084044444;10240;10228
4579;20635906000;20625355555;21125355555;10240;10228
4581;20635929000;20625355555;21125355555;10240;10228
4583;20636148000;20625355555;21125355555;10240;10228
4585;20636334000;20625355555;21125355555;10240;10228
4588;20677127000;20625677777;21125677777;10240;10228
4590;20677155000;20667011111;21167011111;10240;10228
4592;20677164000;20667011111;21167011111;10240;10228
4596;20677183000;20667011111;21167011111;10240;10228
4587;20677385000;20625677777;21125677777;10240;10228
4589;20677584000;20625677777;21125677777;10240;10228
4591;20677623000;20667011111;21167011111;10240;10228
4593;20677754000;20667011111;21167011111;10240;10228
4595;20677947000;20667011111;21167011111;10240;10228
4597;20677975000;20667055555;21167055555;10240;10228
4598;20718795000;20667333333;21167333333;10240;10228
4600;20718819000;20667333333;21167333333;10240;10228
4602;20718846000;20708677777;21208677777;10240;10228
4604;20718867000;20708677777;21208677777;10240;10228
4606;20718885000;20708677777;21208677777;10240;10228
4608;20718903000;20708722222;21208722222;10240;10228
4599;20719030000;20667333333;21167333333;10240;10228
4601;20719250000;20708677777;21208677777;10240;10228
4603;20719266000;20708677777;21208677777;10240;10228
4605;20719455000;20708677777;21208677777;10240;10228
4607;20719652000;20708677777;21208677777;10240;10228
4594;20739286000;20667011111;21167011111;10240;10228
4610;20760516000;20709011111;21209011111;10240;10228
4612;20760547000;20750388888;21250388888;10240;10228
4614;20760558000;20750388888;21250388888;10240;10228
4616;20760575000;20750388888;21250388888;10240;10228
4618;20760582000;20750388888;21250388888;10240;10228
4609;20760730000;20709011111;21209011111;10240;10228
4611;20760938000;20709011111;21209011111;10240;10228
4613;20760962000;20750388888;21250388888;10240;10228
4615;20761165000;20750388888;21250388888;10240;10228
4617;20761363000;20750388888;21250388888;10240;10228
4619;20761390000;20750433333;21250433333;10240;10228
4620;20802244000;20750711111;21250711111;10240;10228
4622;20802274000;20750711111;21250711111;10240;10228
4624;20802297000;20792011111;21292011111;10240;10228
4626;20802320000;20792011111;21292011111;10240;10228
4628;20802329000;20792011111;21292011111;10240;10228
4630;20802337000;20792055555;21292055555;10240;10228
4621;20802355000;20750711111;21250711111;10240;10228
4623;20802586000;20792011111;21292011111;10240;10228
4625;20802615000;20792011111;21292011111;10240;10228
4627;20802763000;20792011111;21292011111;10240;10228
4629;20802963000;20792011111;21292011111;10240;10228
4632;20843849000;20792355555;21292355555;10240;10228
4634;20843877000;20833677777;21333677777;10240;10228
4636;20843887000;20833677777;21333677777;10240;10228
4638;20843904000;20833677777;21333677777;10240;10228
4640;20843912000;20833677777;21333677777;10240;10228
4631;20843993000;20792355555;21292355555;10240;10228
4633;20844251000;20792355555;21292355555;10240;10228
4635;20844281000;20833677777;21333677777;10240;10228
4637;20844468000;20833677777;21333677777;10240;10228
4639;20844664000;20833677777;21333677777;10240;10228
4641;20844687000;20833722222;21333722222;10240;10228
4642;20885453000;20834044444;21334044444;10240;10228
4644;20885466000;20834044444;21334044444;10240;10228
4648;20885514000;20875344444;21375344444;10240;10228
4650;20885524000;20875344444;21375344444;10240;10228
4643;20885696000;20834044444;21334044444;10240;10228
4645;20885918000;20875344444;21375344444;10240;10228
4654;20927141000;20875677777;21375677777;10240;10228
4656;20927183000;20917011111;21417011111;10240;10228
4658;20927203000;20917011111;21417011111;10240;10228
4660;20927224000;20917011111;21417011111;10240;10228
4662;20927241000;20917011111;21417011111;10240;10228
4653;20927375000;20875677777;21375677777;10240;10228
4655;20927580000;20875677777;21375677777;10240;10228
4657;20927596000;20917011111;21417011111;10240;10228
4652;20947420000;20875388888;21375388888;10240;10228
4646;20947675000;20875344444;21375344444;10240;10228
4664;20968841000;20917377777;21417377777;10240;10228
4666;20968859000;20917377777;21417377777;10240;10228
4668;20968868000;20958711111;21458711111;10240;10228
4670;20968876000;20958711111;21458711111;10240;10228
4672;20968884000;20958711111;21458711111;10240;10228
4674;20968896000;20958755555;21458755555;10240;10228
4665;20969028000;20917377777;21417377777;10240;10228
4667;20969270000;20958711111;21458711111;10240;10228
4669;20969291000;20958711111;21458711111;10240;10228
4671;20969475000;20958711111;21458711111;10240;10228
4673;20969682000;20958711111;21458711111;10240;10228
4647;20989248000;20875344444;21375344444;10240;10228
4649;20989291000;20875344444;21375344444;10240;10228
4651;20989314000;20875344444;21375344444;10240;10228
4661;20989498000;20917011111;21417011111;10240;10228
4663;20989511000;20917055555;21417055555;10240;10228
4659;20989706000;20917011111;21417011111;10240;10228
4676;21010547000;20959033333;21459033333;10240;10228
4678;21010574000;21000377777;21500377777;10240;10228
4680;21010584000;21000377777;21500377777;10240;10228
4682;21010603000;21000377777;21500377777;10240;10228
4684;21010622000;21000377777;21500377777;10240;10228
4675;21010737000;20959033333;21459033333;10240;10228
4677;21010915000;20959033333;21459033333;10240;10228
4679;21011152000;21000377777;21500377777;10240;10228
4681;21011189000;21000377777;21500377777;10240;10228
4683;21011330000;21000377777;21500377777;10240;10228
4685;21011358000;21000433333;21500433333;10240;10228
4686;21052182000;21000688888;21500688888;10240;10228
4688;21052197000;21000688888;21500688888;10240;10228
4690;21052220000;21042011111;21542011111;10240;10228
4692;21052237000;21042011111;21542011111;10240;10228
4694;21052254000;21042011111;21542011111;10240;10228
4696;21052257000;21042055555;21542055555;10240;10228
4687;21052366000;21000688888;21500688888;10240;10228
4689;21052572000;21042011111;21542011111;10240;10228
4691;21052600000;21042011111;21542011111;10240;10228
4693;21052780000;21042011111;21542011111;10240;10228
4695;21052975000;21042011111;21542011111;10240;10228
4698;21093837000;21042366666;21542366666;10240;10228
4700;21093865000;21083711111;21583711111;10240;10228
4702;21093876000;21083711111;21583711111;10240;10228
4704;21093893000;21083711111;21583711111;10240;10228
4706;21093900000;21083711111;21583711111;10240;10228
4697;21094053000;21042366666;21542366666;10240;10228
4699;21094273000;21042366666;21542366666;10240;10228
4701;21094298000;21083711111;21583711111;10240;10228
4703;21094475000;21083711111;21583711111;10240;10228
4705;21094670000;21083711111;21583711111;10240;10228
4707;21094706000;21083755555;21583755555;10240;10228
4708;21135473000;21084055555;21584055555;10240;10228
4710;21135490000;21084055555;21584055555;10240;10228
4712;21135513000;21125344444;21625344444;10240;10228
4714;21135530000;21125344444;21625344444;10240;10228
4716;21135547000;21125344444;21625344444;10240;10228
4718;21135553000;21125388888;21625388888;10240;10228
4709;21135697000;21084055555;21584055555;10240;10228
4711;21135904000;21125344444;21625344444;10240;10228
4713;21135932000;21125344444;21625344444;10240;10228
4715;21136070000;21125344444;21625344444;10240;10228
4717;21136318000;21125344444;21625344444;10240;10228
4720;21177178000;21125666666;21625666666;10240;10228
4722;21177208000;21167022222;21667022222;10240;10228
4724;21177218000;21167022222;21667022222;10240;10228
4726;21177236000;21167022222;21667022222;10240;10228
4728;21177243000;21167022222;21667022222;10240;10228
4719;21177366000;21125666666;21625666666;10240;10228
4721;21177576000;21125666666;21625666666;10240;10228
4723;21177617000;21167022222;21667022222;10240;10228
4725;21177771000;21167022222;21667022222;10240;10228
4727;21177988000;21167022222;21667022222;10240;10228
4729;21178011000;21167066666;21667066666;10240;10228
4730;21218829000;21167377777;21667377777;10240;10228
4732;21218846000;21167377777;21667377777;10240;10228
4734;21218868000;21208700000;21708700000;10240;10228
4736;21218878000;21208700000;21708700000;10240;10228
4738;21218885000;21208700000;21708700000;10240;10228
4740;21218902000;21208744444;21708744444;10240;10228
4731;21219031000;21167377777;21667377777;10240;10228
4733;21219247000;21208700000;21708700000;10240;10228
4735;21219275000;21208700000;21708700000;10240;10228
4737;21219470000;21208700000;21708700000;10240;10228
4739;21219652000;21208700000;21708700000;10240;10228
4742;21260469000;21209044444;21709044444;10240;10228
4744;21260498000;21250344444;21750344444;10240;10228
4746;21260507000;21250344444;21750344444;10240;10228
4748;21260531000;21250344444;21750344444;10240;10228
4750;21260539000;21250344444;21750344444;10240;10228
4741;21260696000;21209044444;21709044444;10240;10228
4743;21260916000;21209044444;21709044444;10240;10228
4745;21260940000;21250344444;21750344444;10240;10228
4747;21261146000;21250344444;21750344444;10240;10228
4749;21261328000;21250344444;21750344444;10240;10228
4751;21261363000;21250388888;21750388888;10240;10228
4752;21302146000;21250688888;21750688888;10240;10228
4754;21302162000;21250688888;21750688888;10240;10228
4756;21302183000;21292011111;21792011111;10240;10228
4758;21302194000;21292011111;21792011111;10240;10228
4760;21302202000;21292011111;21792011111;10240;10228
4762;21302219000;21292055555;21792055555;10240;10228
4753;21302389000;21250688888;21750688888;10240;10228
4755;21302588000;21292011111;21792011111;10240;10228
4757;21302766000;21292011111;21792011111;10240;10228
4761;21302794000;21292011111;21792011111;10240;10228
4764;21343814000;21292388888;21792388888;10240;10228
4766;21343869000;21333677777;21833677777;10240;10228
4768;21343889000;21333677777;21833677777;10240;10228
4770;21343895000;21333677777;21833677777;10240;10228
4772;21343911000;21333677777;21833677777;10240;10228
4763;21344030000;21292388888;21792388888;10240;10228
4765;21344255000;21292388888;21792388888;10240;10228
4767;21344268000;21333677777;21833677777;10240;10228
4769;21344473000;21333677777;21833677777;10240;10228
4771;21344663000;21333677777;21833677777;10240;10228
4773;21344684000;21333733333;21833733333;10240;10228
4759;21364479000;21292011111;21792011111;10240;10228
4774;21385521000;21334077777;21834077777;10240;10228
4776;21385535000;21334077777;21834077777;10240;10228
4778;21385557000;21375344444;21875344444;10240;10228
4780;21385573000;21375344444;21875344444;10240;10228
4784;21385587000;21375388888;21875388888;10240;10228
4775;21385694000;21334077777;21834077777;10240;10228
4777;21385904000;21375344444;21875344444;10240;10228
4779;21385930000;21375344444;21875344444;10240;10228
4781;21386147000;21375344444;21875344444;10240;10228
4783;21386362000;21375344444;21875344444;10240;10228
4786;21427191000;21375677777;21875677777;10240;10228
4788;21427233000;21417044444;21917044444;10240;10228
4790;21427243000;21417044444;21917044444;10240;10228
4792;21427274000;21417044444;21917044444;10240;10228
4794;21427282000;21417044444;21917044444;10240;10228
4785;21427413000;21375677777;21875677777;10240;10228
4787;21427654000;21375677777;21875677777;10240;10228
4789;21427669000;21417044444;21917044444;10240;10228
4791;21427818000;21417044444;21917044444;10240;10228
4793;21428009000;21417044444;21917044444;10240;10228
4795;21428021000;21417088888;21917088888;10240;10228
4782;21447414000;21375344444;21875344444;10240;10228
4796;21468818000;21417411111;21917411111;10240;10228
4798;21468832000;21417411111;21917411111;10240;10228
4800;21468855000;21458688888;21958688888;10240;10228
4802;21468870000;21458688888;21958688888;10240;10228
4804;21468879000;21458688888;21958688888;10240;10228
4806;21468885000;21458733333;21958733333;10240;10228
4797;21469026000;21417411111;21917411111;10240;10228
4799;21469246000;21458688888;21958688888;10240;10228
4801;21469275000;21458688888;21958688888;10240;10228
4803;21469465000;21458688888;21958688888;10240;10228
4805;21469655000;21458688888;21958688888;10240;10228
4808;21510550000;21459055555;21959055555;10240;10228
4810;21510578000;21500377777;22000377777;10240;10228
4812;21510588000;21500377777;22000377777;10240;10228
4814;21510605000;21500377777;22000377777;10240;10228
4816;21510613000;21500377777;22000377777;10240;10228
4807;21510724000;21459055555;21959055555;10240;10228
4809;21510936000;21459055555;21959055555;10240;10228
4811;21510960000;21500377777;22000377777;10240;10228
4813;21511163000;21500377777;22000377777;10240;10228
4815;21511336000;21500377777;22000377777;10240;10228
4817;21511366000;21500422222;22000422222;10240;10228
4818;21552126000;21500722222;22000722222;10240;10228
4820;21552141000;21500722222;22000722222;10240;10228
4822;21552163000;21542011111;22042011111;10240;10228
4824;21552180000;21542011111;22042011111;10240;10228
4826;21552204000;21542011111;22042011111;10240;10228
4828;21552212000;21542055555;22042055555;10240;10228
4819;21552390000;21500722222;22000722222;10240;10228
4821;21552577000;21542011111;22042011111;10240;10228
4823;21552603000;21542011111;22042011111;10240;10228
4825;21552789000;21542011111;22042011111;10240;10228
4827;21552986000;21542011111;22042011111;10240;10228
4830;21593892000;21542400000;22042400000;10240;10228
4832;21593945000;21583711111;22083711111;10240;10228
4834;21593954000;21583711111;22083711111;10240;10228
4836;21593973000;21583711111;22083711111;10240;10228
4829;21594016000;21542400000;22042400000;10240;10228
4831;21594238000;21542400000;22042400000;10240;10228
4833;21594444000;21583711111;22083711111;10240;10228
4835;21594477000;21583711111;22083711111;10240;10228
4837;21594664000;21583711111;22083711111;10240;10228
4839;21594688000;21583755555;22083755555;10240;10228
4840;21635507000;21584077777;22084077777;10240;10228
4842;21635526000;21584077777;22084077777;10240;10228
4844;21635559000;21625344444;22125344444;10240;10228
4846;21635564000;21625344444;22125344444;10240;10228
4848;21635568000;21625344444;22125344444;10240;10228
4850;21635571000;21625388888;22125388888;10240;10228
4841;21635696000;21584077777;22084077777;10240;10228
4843;21635918000;21625344444;22125344444;10240;10228
4845;21635937000;21625344444;22125344444;10240;10228
4847;21636163000;21625344444;22125344444;10240;10228
4849;21636342000;21625344444;22125344444;10240;10228
4838;21655954000;21583711111;22083711111;10240;10228
4852;21677137000;21625677777;22125677777;10240;10228
4854;21677162000;21667011111;22167011111;10240;10228
4856;21677176000;21667011111;22167011111;10240;10228
4858;21677182000;21667011111;22167011111;10240;10228
4860;21677201000;21667011111;22167011111;10240;10228
4851;21677352000;21625677777;22125677777;10240;10228
4853;21677557000;21625677777;22125677777;10240;10228
4855;21677753000;21667011111;22167011111;10240;10228
4857;21677774000;21667011111;22167011111;10240;10228
4859;21677958000;21667011111;22167011111;10240;10228
4861;21677980000;21667055555;22167055555;10240;10228
4862;21718894000;21667355555;22167355555;10240;10228
4864;21718909000;21667355555;22167355555;10240;10228
4866;21718925000;21708677777;22208677777;10240;10228
4868;21718930000;21708677777;22208677777;10240;10228
4870;21718940000;21708677777;22208677777;10240;10228
4872;21718944000;21708722222;22208722222;10240;10228
4863;21719005000;21667355555;22167355555;10240;10228
4865;21719269000;21708677777;22208677777;10240;10228
4867;21719297000;21708677777;22208677777;10240;10228
4869;21719498000;21708677777;22208677777;10240;10228
4871;21719708000;21708677777;22208677777;10240;10228
4874;21760526000;21709044444;22209044444;10240;10228
4876;21760550000;21750377777;22250377777;10240;10228
4878;21760571000;21750377777;22250377777;10240;10228
4880;21760577000;21750377777;22250377777;10240;10228
4873;21760745000;21709044444;22209044444;10240;10228
4875;21760951000;21709044444;22209044444;10240;10228
4877;21760976000;21750377777;22250377777;10240;10228
4879;21761192000;21750377777;22250377777;10240;10228
4881;21761368000;21750377777;22250377777;10240;10228
4883;21761389000;21750422222;22250422222;10240;10228
4885;21802222000;21750722222;22250722222;10240;10228
4887;21802234000;21792022222;22292022222;10240;10228
4889;21802239000;21792022222;22292022222;10240;10228
4891;21802243000;21792022222;22292022222;10240;10228
4893;21802256000;21792022222;22292022222;10240;10228
4884;21802407000;21750722222;22250722222;10240;10228
4886;21802602000;21750722222;22250722222;10240;10228
4888;21802622000;21792022222;22292022222;10240;10228
4890;21802825000;21792022222;22292022222;10240;10228
4892;21803001000;21792022222;22292022222;10240;10228
4882;21822470000;21750377777;22250377777;10240;10228
4895;21843899000;21792388888;22292388888;10240;10228
4897;21843923000;21792388888;22292388888;10240;10228
4899;21843934000;21833688888;22333688888;10240;10228
4901;21843939000;21833688888;22333688888;10240;10228
4903;21843953000;21833688888;22333688888;10240;10228
4905;21843957000;21833733333;22333733333;10240;10228
4900;21844063000;21833688888;22333688888;10240;10228
4902;21844292000;21833688888;22333688888;10240;10228
4904;21844312000;21833688888;22333688888;10240;10228
4907;21885517000;21834055555;22334055555;10240;10228
4911;21885529000;21875377777;22375377777;10240;10228
4913;21885534000;21875377777;22375377777;10240;10228
4915;21885540000;21875377777;22375377777;10240;10228
4906;21885772000;21834055555;22334055555;10240;10228
4908;21885952000;21834055555;22334055555;10240;10228
4910;21885964000;21875377777;22375377777;10240;10228
4912;21886191000;21875377777;22375377777;10240;10228
4914;21886374000;21875377777;22375377777;10240;10228
4916;21886394000;21875422222;22375422222;10240;10228
4909;21905860000;21875377777;22375377777;10240;10228
4894;21905891000;21792066666;22292066666;10240;10228
4898;21905917000;21833688888;22333688888;10240;10228
4896;21906231000;21792388888;22292388888;10240;10228
4917;21927152000;21875733333;22375733333;10240;10228
4919;21927184000;21875733333;22375733333;10240;10228
4921;21927206000;21917011111;22417011111;10240;10228
4923;21927211000;21917011111;22417011111;10240;10228
4925;21927230000;21917011111;22417011111;10240;10228
4927;21927234000;21917055555;22417055555;10240;10228
4918;21927416000;21875733333;22375733333;10240;10228
4920;21927628000;21917011111;22417011111;10240;10228
4922;21927804000;21917011111;22417011111;10240;10228
4924;21927830000;21917011111;22417011111;10240;10228
4926;21928009000;21917011111;22417011111;10240;10228
4929;21968900000;21917400000;22417400000;10240;10228
4931;21968928000;21958688888;22458688888;10240;10228
4933;21968934000;21958688888;22458688888;10240;10228
4935;21968938000;21958688888;22458688888;10240;10228
4937;21968942000;21958688888;22458688888;10240;10228
4928;21969038000;21917400000;22417400000;10240;10228
4930;21969261000;21917400000;22417400000;10240;10228
4932;21969298000;21958688888;22458688888;10240;10228
4934;21969448000;21958688888;22458688888;10240;10228
4936;21969658000;21958688888;22458688888;10240;10228
4938;21969684000;21958733333;22458733333;10240;10228
4939;22010559000;21959044444;22459044444;10240;10228
4941;22010588000;21959044444;22459044444;10240;10228
4943;22010609000;22000377777;22500377777;10240;10228
4947;22010614000;22000377777;22500377777;10240;10228
4949;22010633000;22000422222;22500422222;10240;10228
4940;22010733000;21959044444;22459044444;10240;10228
4942;22010927000;22000377777;22500377777;10240;10228
4944;22010947000;22000377777;22500377777;10240;10228
4946;22011161000;22000377777;22500377777;10240;10228
4948;22011347000;22000377777;22500377777;10240;10228
4951;22052185000;22000711111;22500711111;10240;10228
4953;22052228000;22042011111;22542011111;10240;10228
4955;22052250000;22042011111;22542011111;10240;10228
4957;22052272000;22042011111;22542011111;10240;10228
4959;22052286000;22042011111;22542011111;10240;10228
4950;22052386000;22000711111;22500711111;10240;10228
4952;22052598000;22000711111;22500711111;10240;10228
4954;22052619000;22042011111;22542011111;10240;10228
4956;22052782000;22042011111;22542011111;10240;10228
4945;22072665000;22000377777;22500377777;10240;10228
4961;22093821000;22042400000;22542400000;10240;10228
4963;22093868000;22042400000;22542400000;10240;10228
4965;22093889000;22083711111;22583711111;10240;10228
4967;22093922000;22083711111;22583711111;10240;10228
4969;22093941000;22083711111;22583711111;10240;10228
4971;22093959000;22083755555;22583755555;10240;10228
4962;22094035000;22042400000;22542400000;10240;10228
4964;22094279000;22083711111;22583711111;10240;10228
4966;22094295000;22083711111;22583711111;10240;10228
4968;22094483000;22083711111;22583711111;10240;10228
4970;22094693000;22083711111;22583711111;10240;10228
4958;22114735000;22042011111;22542011111;10240;10228
4960;22114932000;22042066666;22542066666;10240;10228
4973;22135496000;22084088888;22584088888;10240;10228
4975;22135523000;22125344444;22625344444;10240;10228
4977;22135537000;22125344444;22625344444;10240;10228
4979;22135555000;22125344444;22625344444;10240;10228
4981;22135562000;22125344444;22625344444;10240;10228
4972;22135695000;22084088888;22584088888;10240;10228
4974;22135906000;22084088888;22584088888;10240;10228
4976;22135929000;22125344444;22625344444;10240;10228
4978;22136149000;22125344444;22625344444;10240;10228
4980;22136317000;22125344444;22625344444;10240;10228
4982;22136333000;22125388888;22625388888;10240;10228
4983;22177137000;22125700000;22625700000;10240;10228
4985;22177152000;22125700000;22625700000;10240;10228
4987;22177182000;22167011111;22667011111;10240;10228
4989;22177191000;22167011111;22667011111;10240;10228
4991;22177210000;22167011111;22667011111;10240;10228
4993;22177215000;22167055555;22667055555;10240;10228
4984;22177367000;22125700000;22625700000;10240;10228
4986;22177575000;22167011111;22667011111;10240;10228
4988;22177603000;22167011111;22667011111;10240;10228
4990;22177782000;22167011111;22667011111;10240;10228
4992;22177945000;22167011111;22667011111;10240;10228
4995;22218808000;22167377777;22667377777;10240;10228
4997;22218858000;22208677777;22708677777;10240;10228
5001;22218864000;22208677777;22708677777;10240;10228
5003;22218868000;22208677777;22708677777;10240;10228
4994;22219022000;22167377777;22667377777;10240;10228
4998;22219236000;22208677777;22708677777;10240;10228
5000;22219441000;22208677777;22708677777;10240;10228
5002;22219461000;22208677777;22708677777;10240;10228
5004;22219669000;22208722222;22708722222;10240;10228
4996;22239893000;22167377777;22667377777;10240;10228
5005;22260532000;22209055555;22709055555;10240;10228
5007;22260543000;22209055555;22709055555;10240;10228
5009;22260566000;22250344444;22750344444;10240;10228
5011;22260570000;22250344444;22750344444;10240;10228
5013;22260588000;22250344444;22750344444;10240;10228
5015;22260592000;22250388888;22750388888;10240;10228
5006;22260700000;22209055555;22709055555;10240;10228
5008;22260903000;22250344444;22750344444;10240;10228
5012;22260913000;22250344444;22750344444;10240;10228
5014;22261080000;22250344444;22750344444;10240;10228
4999;22280762000;22208677777;22708677777;10240;10228
5017;22302201000;22250688888;22750688888;10240;10228
5019;22302226000;22292011111;22792011111;10240;10228
5021;22302242000;22292011111;22792011111;10240;10228
5023;22302248000;22292011111;22792011111;10240;10228
5025;22302253000;22292011111;22792011111;10240;10228
5016;22302349000;22250688888;22750688888;10240;10228
5018;22302576000;22250688888;22750688888;10240;10228
5020;22302596000;22292011111;22792011111;10240;10228
5022;22302778000;22292011111;22792011111;10240;10228
5024;22302975000;22292011111;22792011111;10240;10228
5026;22302984000;22292066666;22792066666;10240;10228
5010;22322598000;22250344444;22750344444;10240;10228
5027;22343854000;22292377777;22792377777;10240;10228
5031;22343866000;22333688888;22833688888;10240;10228
5033;22343884000;22333688888;22833688888;10240;10228
5035;22343904000;22333688888;22833688888;10240;10228
5037;22343909000;22333733333;22833733333;10240;10228
5028;22344029000;22292377777;22792377777;10240;10228
5030;22344240000;22333688888;22833688888;10240;10228
5032;22344251000;22333688888;22833688888;10240;10228
5034;22344444000;22333688888;22833688888;10240;10228
5036;22344652000;22333688888;22833688888;10240;10228
5029;22364210000;22292377777;22792377777;10240;10228
5039;22385522000;22334044444;22834044444;10240;10228
5041;22385551000;22375388888;22875388888;10240;10228
5043;22385557000;22375388888;22875388888;10240;10228
5045;22385562000;22375388888;22875388888;10240;10228
5047;22385575000;22375388888;22875388888;10240;10228
5038;22385729000;22334044444;22834044444;10240;10228
5040;22385941000;22334044444;22834044444;10240;10228
5042;22386156000;22375388888;22875388888;10240;10228
5044;22386182000;22375388888;22875388888;10240;10228
5046;22386334000;22375388888;22875388888;10240;10228
5048;22386353000;22375433333;22875433333;10240;10228
5049;22427134000;22375722222;22875722222;10240;10228
5051;22427140000;22375722222;22875722222;10240;10228
5053;22427146000;22417022222;22917022222;10240;10228
5055;22427177000;22417022222;22917022222;10240;10228
5057;22427192000;22417022222;22917022222;10240;10228
5059;22427196000;22417066666;22917066666;10240;10228
5050;22427363000;22375722222;22875722222;10240;10228
5054;22427580000;22417022222;22917022222;10240;10228
5056;22427589000;22417022222;22917022222;10240;10228
5067;22468835000;22458677777;22958677777;10240;10228
5069;22468857000;22458677777;22958677777;10240;10228
5060;22469029000;22417377777;22917377777;10240;10228
5062;22469240000;22417377777;22917377777;10240;10228
5064;22469251000;22458677777;22958677777;10240;10228
5066;22469445000;22458677777;22958677777;10240;10228
5068;22469643000;22458677777;22958677777;10240;10228
5070;22469664000;22458722222;22958722222;10240;10228
5052;22489316000;22417022222;22917022222;10240;10228
5058;22489704000;22417022222;22917022222;10240;10228
5071;22510486000;22459055555;22959055555;10240;10228
5073;22510498000;22459055555;22959055555;10240;10228
5075;22510503000;22500344444;23000344444;10240;10228
5077;22510508000;22500344444;23000344444;10240;10228
5079;22510525000;22500344444;23000344444;10240;10228
5081;22510529000;22500388888;23000388888;10240;10228
5072;22510708000;22459055555;22959055555;10240;10228
5074;22510900000;22500344444;23000344444;10240;10228
5076;22510913000;22500344444;23000344444;10240;10228
5078;22511079000;22500344444;23000344444;10240;10228
5080;22511309000;22500344444;23000344444;10240;10228
5061;22530775000;22417377777;22917377777;10240;10228
5063;22530974000;22458677777;22958677777;10240;10228
5065;22531204000;22458677777;22958677777;10240;10228
5083;22552157000;22500677777;23000677777;10240;10228
5085;22552179000;22542011111;23042011111;10240;10228
5087;22552185000;22542011111;23042011111;10240;10228
5089;22552190000;22542011111;23042011111;10240;10228
5091;22552194000;22542011111;23042011111;10240;10228
5082;22552390000;22500677777;23000677777;10240;10228
5084;22552592000;22500677777;23000677777;10240;10228
5086;22552617000;22542011111;23042011111;10240;10228
5088;22552823000;22542011111;23042011111;10240;10228
5090;22552972000;22542011111;23042011111;10240;10228
5092;22552998000;22542055555;23042055555;10240;10228
5093;22593898000;22542388888;23042388888;10240;10228
5095;22593908000;22542388888;23042388888;10240;10228
5097;22593927000;22583711111;23083711111;10240;10228
5099;22593932000;22583711111;23083711111;10240;10228
5101;22593937000;22583711111;23083711111;10240;10228
5103;22593941000;22583755555;23083755555;10240;10228
5094;22594060000;22542388888;23042388888;10240;10228
5096;22594302000;22583711111;23083711111;10240;10228
5098;22594326000;22583711111;23083711111;10240;10228
5102;22594467000;22583711111;23083711111;10240;10228
5105;22635481000;22584066666;23084066666;10240;10228
5107;22635511000;22625355555;23125355555;10240;10228
5109;22635517000;22625355555;23125355555;10240;10228
5111;22635523000;22625355555;23125355555;10240;10228
5113;22635527000;22625355555;23125355555;10240;10228
5104;22635747000;22584066666;23084066666;10240;10228
5106;22635892000;22584066666;23084066666;10240;10228
5108;22636138000;22625355555;23125355555;10240;10228
5112;22636158000;22625355555;23125355555;10240;10228
5114;22636162000;22625400000;23125400000;10240;10228
5100;22656336000;22583711111;23083711111;10240;10228
5115;22677199000;22625688888;23125688888;10240;10228
5117;22677211000;22625688888;23125688888;10240;10228
5119;22677224000;22667011111;23167011111;10240;10228
5121;22677235000;22667011111;23167011111;10240;10228
5123;22677250000;22667011111;23167011111;10240;10228
5125;22677255000;22667055555;23167055555;10240;10228
5116;22677406000;22625688888;23125688888;10240;10228
5118;22677606000;22667011111;23167011111;10240;10228
5120;22677625000;22667011111;23167011111;10240;10228
5122;22677826000;22667011111;23167011111;10240;10228
5124;22677933000;22667011111;23167011111;10240;10228
5110;22697866000;22625355555;23125355555;10240;10228
5127;22718855000;22667377777;23167377777;10240;10228
5129;22718878000;22708711111;23208711111;10240;10228
5126;22719097000;22667377777;23167377777;10240;10228
5128;22719286000;22667377777;23167377777;10240;10228
5130;22719516000;22708711111;23208711111;10240;10228
5132;22719533000;22708711111;23208711111;10240;10228
5134;22719668000;22708711111;23208711111;10240;10228
5137;22760520000;22709055555;23209055555;10240;10228
5139;22760533000;22709055555;23209055555;10240;10228
5141;22760538000;22750377777;23250377777;10240;10228
5143;22760543000;22750377777;23250377777;10240;10228
5138;22760776000;22709055555;23209055555;10240;10228
5140;22760961000;22750377777;23250377777;10240;10228
5142;22760973000;22750377777;23250377777;10240;10228
5144;22761182000;22750377777;23250377777;10240;10228
5146;22761400000;22750377777;23250377777;10240;10228
5131;22781076000;22708711111;23208711111;10240;10228
5136;22781172000;22708755555;23208755555;10240;10228
5133;22781182000;22708711111;23208711111;10240;10228
5135;22781490000;22708711111;23208711111;10240;10228
5149;22802245000;22750711111;23250711111;10240;10228
5151;22802290000;22792044444;23292044444;10240;10228
5153;22802311000;22792044444;23292044444;10240;10228
5155;22802316000;22792044444;23292044444;10240;10228
5157;22802368000;22792044444;23292044444;10240;10228
5148;22802379000;22750711111;23250711111;10240;10228
5152;22802657000;22792044444;23292044444;10240;10228
5154;22802846000;22792044444;23292044444;10240;10228
5156;22802871000;22792044444;23292044444;10240;10228
5158;22802876000;22792088888;23292088888;10240;10228
5145;22822545000;22750377777;23250377777;10240;10228
5147;22822586000;22750422222;23250422222;10240;10228
5159;22843820000;22792411111;23292411111;10240;10228
5161;22843830000;22792411111;23292411111;10240;10228
5163;22843845000;22833677777;23333677777;10240;10228
5165;22843854000;22833677777;23333677777;10240;10228
5167;22843858000;22833677777;23333677777;10240;10228
5169;22843872000;22833722222;23333722222;10240;10228
5160;22844055000;22792411111;23292411111;10240;10228
5162;22844272000;22833677777;23333677777;10240;10228
5164;22844282000;22833677777;23333677777;10240;10228
5166;22844482000;22833677777;23333677777;10240;10228
5168;22844697000;22833677777;23333677777;10240;10228
5150;22864566000;22750711111;23250711111;10240;10228
5171;22885515000;22834044444;23334044444;10240;10228
5173;22885533000;22875377777;23375377777;10240;10228
5175;22885539000;22875377777;23375377777;10240;10228
5177;22885544000;22875377777;23375377777;10240;10228
5179;22885548000;22875377777;23375377777;10240;10228
5170;22885774000;22834044444;23334044444;10240;10228
5172;22885965000;22834044444;23334044444;10240;10228
5174;22885984000;22875377777;23375377777;10240;10228
5176;22886176000;22875377777;23375377777;10240;10228
5180;22886203000;22875422222;23375422222;10240;10228
5181;22927190000;22875733333;23375733333;10240;10228
5183;22927201000;22875733333;23375733333;10240;10228
5187;22927230000;22917044444;23417044444;10240;10228
5189;22927247000;22917044444;23417044444;10240;10228
5191;22927261000;22917088888;23417088888;10240;10228
5182;22927434000;22875733333;23375733333;10240;10228
5184;22927671000;22917044444;23417044444;10240;10228
5186;22927691000;22917044444;23417044444;10240;10228
5188;22927849000;22917044444;23417044444;10240;10228
5190;22927962000;22917044444;23417044444;10240;10228
5185;22947421000;22917044444;23417044444;10240;10228
5178;22948149000;22875377777;23375377777;10240;10228
5193;22968897000;22917422222;23417422222;10240;10228
5195;22968923000;22958711111;23458711111;10240;10228
5192;22969095000;22917422222;23417422222;10240;10228
5196;22969272000;22958711111;23458711111;10240;10228
5198;22969291000;22958711111;23458711111;10240;10228
5200;22969486000;22958711111;23458711111;10240;10228
5202;22969506000;22958755555;23458755555;10240;10228
5203;23010518000;22959055555;23459055555;10240;10228
5205;23010530000;22959055555;23459055555;10240;10228
5207;23010535000;23000377777;23500377777;10240;10228
5209;23010540000;23000377777;23500377777;10240;10228
5211;23010544000;23000377777;23500377777;10240;10228
5213;23010553000;23000422222;23500422222;10240;10228
5204;23010725000;22959055555;23459055555;10240;10228
5206;23010932000;23000377777;23500377777;10240;10228
5208;23010942000;23000377777;23500377777;10240;10228
5210;23011163000;23000377777;23500377777;10240;10228
5212;23011344000;23000377777;23500377777;10240;10228
5197;23031030000;22958711111;23458711111;10240;10228
5199;23031239000;22958711111;23458711111;10240;10228
5201;23031265000;22958711111;23458711111;10240;10228
5217;23052184000;23042011111;23542011111;10240;10228
5219;23052199000;23042011111;23542011111;10240;10228
5221;23052209000;23042011111;23542011111;10240;10228
5214;23052364000;23000711111;23500711111;10240;10228
5216;23052579000;23000711111;23500711111;10240;10228
5218;23052589000;23042011111;23542011111;10240;10228
5220;23052782000;23042011111;23542011111;10240;10228
5222;23052974000;23042011111;23542011111;10240;10228
5224;23052986000;23042055555;23542055555;10240;10228
5215;23072664000;23000711111;23500711111;10240;10228
5225;23093810000;23042377777;23542377777;10240;10228
5227;23093824000;23042377777;23542377777;10240;10228
5229;23093835000;23083677777;23583677777;10240;10228
5231;23093842000;23083677777;23583677777;10240;10228
5233;23093868000;23083677777;23583677777;10240;10228
5235;23093873000;23083722222;23583722222;10240;10228
5226;23094022000;23042377777;23542377777;10240;10228
5228;23094245000;23083677777;23583677777;10240;10228
5230;23094255000;23083677777;23583677777;10240;10228
5232;23094447000;23083677777;23583677777;10240;10228
5234;23094651000;23083677777;23583677777;10240;10228
5223;23114064000;23042011111;23542011111;10240;10228
5237;23135474000;23084066666;23584066666;10240;10228
5241;23135503000;23125344444;23625344444;10240;10228
5243;23135513000;23125344444;23625344444;10240;10228
5245;23135530000;23125344444;23625344444;10240;10228
5236;23135687000;23084066666;23584066666;10240;10228
5238;23135890000;23084066666;23584066666;10240;10228
5240;23135910000;23125344444;23625344444;10240;10228
5242;23136067000;23125344444;23625344444;10240;10228
5244;23136319000;23125344444;23625344444;10240;10228
5246;23136329000;23125400000;23625400000;10240;10228
5239;23155703000;23125344444;23625344444;10240;10228
5247;23177190000;23125711111;23625711111;10240;10228
5249;23177208000;23125711111;23625711111;10240;10228
5251;23177230000;23167055555;23667055555;10240;10228
5253;23177241000;23167055555;23667055555;10240;10228
5255;23177249000;23167055555;23667055555;10240;10228
5257;23177265000;23167100000;23667100000;10240;10228
5248;23177420000;23125711111;23625711111;10240;10228
5250;23177609000;23167055555;23667055555;10240;10228
5252;23177650000;23167055555;23667055555;10240;10228
5254;23177811000;23167055555;23667055555;10240;10228
5256;23178016000;23167055555;23667055555;10240;10228
5259;23218882000;23167411111;23667411111;10240;10228
5261;23218923000;23208711111;23708711111;10240;10228
5263;23218933000;23208711111;23708711111;10240;10228
5265;23218939000;23208711111;23708711111;10240;10228
5267;23218943000;23208711111;23708711111;10240;10228
5258;23219010000;23167411111;23667411111;10240;10228
5260;23219257000;23167411111;23667411111;10240;10228
5262;23219484000;23208711111;23708711111;10240;10228
5264;23219515000;23208711111;23708711111;10240;10228
5266;23219691000;23208711111;23708711111;10240;10228
5268;23219715000;23208755555;23708755555;10240;10228
5269;23260486000;23209077777;23709077777;10240;10228
5271;23260502000;23209077777;23709077777;10240;10228
5273;23260524000;23250377777;23750377777;10240;10228
5275;23260539000;23250377777;23750377777;10240;10228
5277;23260556000;23250377777;23750377777;10240;10228
5279;23260565000;23250422222;23750422222;10240;10228
5270;23260724000;23209077777;23709077777;10240;10228
5272;23260935000;23250377777;23750377777;10240;10228
5274;23260959000;23250377777;23750377777;10240;10228
5276;23261181000;23250377777;23750377777;10240;10228
5278;23261336000;23250377777;23750377777;10240;10228
5281;23302160000;23250722222;23750722222;10240;10228
5283;23302179000;23292011111;23792011111;10240;10228
5285;23302188000;23292011111;23792011111;10240;10228
5287;23302197000;23292011111;23792011111;10240;10228
5289;23302206000;23292011111;23792011111;10240;10228
5280;23302335000;23250722222;23750722222;10240;10228
5282;23302564000;23250722222;23750722222;10240;10228
5284;23302779000;23292011111;23792011111;10240;10228
5286;23302805000;23292011111;23792011111;10240;10228
5288;23302948000;23292011111;23792011111;10240;10228
5290;23302972000;23292055555;23792055555;10240;10228
5291;23343791000;23292388888;23792388888;10240;10228
5293;23343806000;23292388888;23792388888;10240;10228
5295;23343827000;23333677777;23833677777;10240;10228
5297;23343846000;23333677777;23833677777;10240;10228
5299;23343865000;23333677777;23833677777;10240;10228
5301;23343874000;23333722222;23833722222;10240;10228
5292;23344003000;23292388888;23792388888;10240;10228
5294;23344251000;23333677777;23833677777;10240;10228
5296;23344280000;23333677777;23833677777;10240;10228
5298;23344455000;23333677777;23833677777;10240;10228
5300;23344663000;23333677777;23833677777;10240;10228
5303;23385501000;23334044444;23834044444;10240;10228
5305;23385515000;23375377777;23875377777;10240;10228
5307;23385588000;23375377777;23875377777;10240;10228
5309;23385625000;23375377777;23875377777;10240;10228
5311;23385630000;23375377777;23875377777;10240;10228
5302;23385778000;23334044444;23834044444;10240;10228
5304;23385950000;23334044444;23834044444;10240;10228
5306;23385977000;23375377777;23875377777;10240;10228
5308;23386167000;23375377777;23875377777;10240;10228
5310;23386371000;23375377777;23875377777;10240;10228
5312;23386405000;23375422222;23875422222;10240;10228
5313;23427147000;23375711111;23875711111;10240;10228
5315;23427161000;23375711111;23875711111;10240;10228
5317;23427178000;23417011111;23917011111;10240;10228
5319;23427183000;23417011111;23917011111;10240;10228
5321;23427203000;23417011111;23917011111;10240;10228
5323;23427219000;23417055555;23917055555;10240;10228
5314;23427389000;23375711111;23875711111;10240;10228
5316;23427602000;23417011111;23917011111;10240;10228
5318;23427784000;23417011111;23917011111;10240;10228
5320;23427810000;23417011111;23917011111;10240;10228
5322;23428008000;23417011111;23917011111;10240;10228
5325;23468841000;23417366666;23917366666;10240;10228
5327;23468871000;23458700000;23958700000;10240;10228
5329;23468878000;23458700000;23958700000;10240;10228
5331;23468882000;23458700000;23958700000;10240;10228
5333;23468897000;23458700000;23958700000;10240;10228
5324;23469089000;23417366666;23917366666;10240;10228
5326;23469290000;23417366666;23917366666;10240;10228
5328;23469305000;23458700000;23958700000;10240;10228
5330;23469516000;23458700000;23958700000;10240;10228
5332;23469695000;23458700000;23958700000;10240;10228
5334;23469729000;23458744444;23958744444;10240;10228
5335;23510548000;23459077777;23959077777;10240;10228
5337;23510558000;23459077777;23959077777;10240;10228
5339;23510576000;23500366666;24000366666;10240;10228
5341;23510582000;23500366666;24000366666;10240;10228
5343;23510593000;23500366666;24000366666;10240;10228
5345;23510610000;23500411111;24000411111;10240;10228
5336;23510753000;23459077777;23959077777;10240;10228
5338;23510931000;23500366666;24000366666;10240;10228
5340;23510958000;23500366666;24000366666;10240;10228
5342;23511131000;23500366666;24000366666;10240;10228
5344;23511346000;23500366666;24000366666;10240;10228
5347;23552180000;23500700000;24000700000;10240;10228
5349;23552204000;23542044444;24042044444;10240;10228
5351;23552213000;23542044444;24042044444;10240;10228
5353;23552217000;23542044444;24042044444;10240;10228
5355;23552222000;23542044444;24042044444;10240;10228
5346;23552425000;23500700000;24000700000;10240;10228
5348;23552654000;23500700000;24000700000;10240;10228
5350;23552833000;23542044444;24042044444;10240;10228
5356;23552860000;23542088888;24042088888;10240;10228
5357;23593878000;23542511111;24042511111;10240;10228
5359;23593890000;23542511111;24042511111;10240;10228
5361;23593896000;23583711111;24083711111;10240;10228
5363;23593900000;23583711111;24083711111;10240;10228
5358;23594073000;23542511111;24042511111;10240;10228
5360;23594275000;23583711111;24083711111;10240;10228
5362;23594483000;23583711111;24083711111;10240;10228
5364;23594503000;23583711111;24083711111;10240;10228
5366;23594697000;23583711111;24083711111;10240;10228
5352;23614781000;23542044444;24042044444;10240;10228
5354;23614956000;23542044444;24042044444;10240;10228
5369;23635520000;23584077777;24084077777;10240;10228
5371;23635532000;23625377777;24125377777;10240;10228
5373;23635536000;23625377777;24125377777;10240;10228
5377;23635541000;23625377777;24125377777;10240;10228
5368;23635740000;23584077777;24084077777;10240;10228
5370;23635934000;23584077777;24084077777;10240;10228
5372;23635950000;23625377777;24125377777;10240;10228
5374;23636183000;23625377777;24125377777;10240;10228
5376;23636376000;23625377777;24125377777;10240;10228
5378;23636395000;23625422222;24125422222;10240;10228
5365;23655825000;23583711111;24083711111;10240;10228
5367;23655926000;23583755555;24083755555;10240;10228
5379;23677185000;23625711111;24125711111;10240;10228
5381;23677195000;23625711111;24125711111;10240;10228
5383;23677215000;23667044444;24167044444;10240;10228
5385;23677222000;23667044444;24167044444;10240;10228
5387;23677237000;23667044444;24167044444;10240;10228
5389;23677262000;23667088888;24167088888;10240;10228
5380;23677438000;23625711111;24125711111;10240;10228
5382;23677668000;23667044444;24167044444;10240;10228
5384;23677831000;23667044444;24167044444;10240;10228
5386;23677852000;23667044444;24167044444;10240;10228
5388;23678032000;23667044444;24167044444;10240;10228
5391;23718859000;23667377777;24167377777;10240;10228
5393;23718869000;23708700000;24208700000;10240;10228
5397;23718874000;23708700000;24208700000;10240;10228
5399;23718880000;23708700000;24208700000;10240;10228
5390;23719071000;23667377777;24167377777;10240;10228
5392;23719281000;23667377777;24167377777;10240;10228
5394;23719300000;23708700000;24208700000;10240;10228
5396;23719512000;23708700000;24208700000;10240;10228
5398;23719677000;23708700000;24208700000;10240;10228
5400;23719688000;23708744444;24208744444;10240;10228
5401;23760523000;23709044444;24209044444;10240;10228
5403;23760535000;23709044444;24209044444;10240;10228
5405;23760555000;23750377777;24250377777;10240;10228
5407;23760561000;23750377777;24250377777;10240;10228
5409;23760576000;23750377777;24250377777;10240;10228
5411;23760582000;23750422222;24250422222;10240;10228
5402;23760776000;23709044444;24209044444;10240;10228
5404;23760955000;23750377777;24250377777;10240;10228
5408;23760966000;23750377777;24250377777;10240;10228
5410;23761166000;23750377777;24250377777;10240;10228
5395;23781024000;23708700000;24208700000;10240;10228
5413;23802158000;23750722222;24250722222;10240;10228
5415;23802187000;23792022222;24292022222;10240;10228
5417;23802203000;23792022222;24292022222;10240;10228
5419;23802209000;23792022222;24292022222;10240;10228
5421;23802223000;23792022222;24292022222;10240;10228
5412;23802419000;23750722222;24250722222;10240;10228
5414;23802638000;23750722222;24250722222;10240;10228
5416;23802796000;23792022222;24292022222;10240;10228
5418;23802816000;23792022222;24292022222;10240;10228
5420;23803000000;23792022222;24292022222;10240;10228
5422;23803010000;23792066666;24292066666;10240;10228
5406;23822818000;23750377777;24250377777;10240;10228
5423;23843856000;23792377777;24292377777;10240;10228
5425;23843866000;23792377777;24292377777;10240;10228
5427;23843885000;23833677777;24333677777;10240;10228
5429;23843890000;23833677777;24333677777;10240;10228
5431;23843904000;23833677777;24333677777;10240;10228
5433;23843921000;23833722222;24333722222;10240;10228
5424;23844034000;23792377777;24292377777;10240;10228
5426;23844273000;23833677777;24333677777;10240;10228
5428;23844300000;23833677777;24333677777;10240;10228
5430;23844468000;23833677777;24333677777;10240;10228
5432;23844703000;23833677777;24333677777;10240;10228
5435;23885537000;23834044444;24334044444;10240;10228
5439;23885561000;23875377777;24375377777;10240;10228
5441;23885572000;23875377777;24375377777;10240;10228
5443;23885591000;23875377777;24375377777;10240;10228
5434;23885777000;23834044444;24334044444;10240;10228
5436;23885955000;23834044444;24334044444;10240;10228
5438;23885983000;23875377777;24375377777;10240;10228
5440;23886182000;23875377777;24375377777;10240;10228
5442;23886375000;23875377777;24375377777;10240;10228
5444;23886394000;23875422222;24375422222;10240;10228
5437;23905849000;23875377777;24375377777;10240;10228
5445;23927150000;23875722222;24375722222;10240;10228
5447;23927161000;23875722222;24375722222;10240;10228
5451;23927178000;23917011111;24417011111;10240;10228
5453;23927189000;23917011111;24417011111;10240;10228
5455;23927194000;23917055555;24417055555;10240;10228
5446;23927409000;23875722222;24375722222;10240;10228
5448;23927608000;23917011111;24417011111;10240;10228
5450;23927642000;23917011111;24417011111;10240;10228
5452;23927812000;23917011111;24417011111;10240;10228
5454;23927988000;23917011111;24417011111;10240;10228
5449;23947722000;23917011111;24417011111;10240;10228
5457;23968904000;23917388888;24417388888;10240;10228
5459;23968929000;23958711111;24458711111;10240;10228
5461;23968940000;23958711111;24458711111;10240;10228
5463;23968944000;23958711111;24458711111;10240;10228
5456;23969059000;23917388888;24417388888;10240;10228
5458;23969298000;23917388888;24417388888;10240;10228
5460;23969324000;23958711111;24458711111;10240;10228
5462;23969531000;23958711111;24458711111;10240;10228
5464;23969741000;23958711111;24458711111;10240;10228
5466;23969749000;23958755555;24458755555;10240;10228
5469;24010562000;23959055555;24459055555;10240;10228
5471;24010595000;24000377777;24500377777;10240;10228
5473;24010601000;24000377777;24500377777;10240;10228
5475;24010607000;24000377777;24500377777;10240;10228
5477;24010611000;24000422222;24500422222;10240;10228
5468;24010743000;23959055555;24459055555;10240;10228
5472;24010939000;24000377777;24500377777;10240;10228
5474;24010952000;24000377777;24500377777;10240;10228
5476;24011168000;24000377777;24500377777;10240;10228
5465;24031093000;23958711111;24458711111;10240;10228
5467;24031292000;23959055555;24459055555;10240;10228
5470;24031666000;24000377777;24500377777;10240;10228
5479;24052194000;24000700000;24500700000;10240;10228
5481;24052224000;24042011111;24542011111;10240;10228
5483;24052230000;24042011111;24542011111;10240;10228
5485;24052236000;24042011111;24542011111;10240;10228
5487;24052249000;24042011111;24542011111;10240;10228
5478;24052405000;24000700000;24500700000;10240;10228
5480;24052603000;24000700000;24500700000;10240;10228
5482;24052629000;24042011111;24542011111;10240;10228
5484;24052809000;24042011111;24542011111;10240;10228
5486;24052991000;24042011111;24542011111;10240;10228
5488;24053017000;24042055555;24542055555;10240;10228
5491;24093845000;24042388888;24542388888;10240;10228
5493;24093871000;24083677777;24583677777;10240;10228
5495;24093882000;24083677777;24583677777;10240;10228
5497;24093887000;24083677777;24583677777;10240;10228
5499;24093901000;24083722222;24583722222;10240;10228
5490;24094064000;24042388888;24542388888;10240;10228
5492;24094276000;24083677777;24583677777;10240;10228
5494;24094287000;24083677777;24583677777;10240;10228
5496;24094477000;24083677777;24583677777;10240;10228
5498;24094686000;24083677777;24583677777;10240;10228
5489;24114337000;24042388888;24542388888;10240;10228
