seqnum;now;rtptime;deadline
1;5079268000;4818711111;5018711111
5;5079272000;4818711111;5018711111
6;5079275000;4818711111;5018711111
7;5079276000;4818711111;5018711111
8;5079278000;4818711111;5018711111
9;5079279000;4818711111;5018711111
11;5112112000;4850444444;5050444444
13;5112117000;4850444444;5050444444
14;5112118000;4850444444;5050444444
15;5112120000;4850444444;5050444444
16;5112121000;4850444444;5050444444
17;5112122000;4850444444;5050444444
18;5112123000;4850444444;5050444444
20;5112124000;4850444444;5050444444
22;5153496000;4892211111;5092211111
23;5153500000;4892211111;5092211111
24;5153501000;4892211111;5092211111
25;5153502000;4892211111;5092211111
26;5153503000;4892211111;5092211111
27;5153504000;4892211111;5092211111
28;5153506000;4892211111;5092211111
29;5153507000;4892211111;5092211111
30;5153508000;4892211111;5092211111
31;5153509000;4892211111;5092211111
32;5153530000;4892211111;5092211111
33;5153532000;4933788888;5133788888
34;5153544000;4933788888;5133788888
35;5153545000;4933788888;5133788888
36;5153546000;4933788888;5133788888
37;5153547000;4933788888;5133788888
38;5153548000;4933788888;5133788888
39;5153550000;4933788888;5133788888
40;5153551000;4933788888;5133788888
41;5153552000;4933788888;5133788888
42;5153553000;4933788888;5133788888
43;5196422000;4933788888;5133788888
44;5196444000;4975455555;5175455555
45;5196445000;4975455555;5175455555
46;5196447000;4975455555;5175455555
47;5196448000;4975455555;5175455555
48;5196449000;4975455555;5175455555
49;5196451000;4975455555;5175455555
50;5196452000;4975455555;5175455555
52;5236873000;4975455555;5175455555
54;5236992000;4975455555;5175455555
55;5236998000;5017133333;5217133333
56;5237000000;5017133333;5217133333
57;5237001000;5017133333;5217133333
58;5237002000;5017133333;5217133333
59;5237003000;5017133333;5217133333
60;5237004000;5017133333;5217133333
61;5237006000;5017133333;5217133333
62;5237007000;5017133333;5217133333
63;5237008000;5017133333;5217133333
64;5237009000;5017133333;5217133333
65;5278394000;5017133333;5217133333
66;5278400000;5058755555;5258755555
67;5278401000;5058755555;5258755555
68;5278402000;5058755555;5258755555
69;5278403000;5058755555;5258755555
70;5278404000;5058755555;5258755555
71;5278405000;5058755555;5258755555
72;5278407000;5058755555;5258755555
73;5278408000;5058755555;5258755555
74;5278409000;5058755555;5258755555
75;5278410000;5058755555;5258755555
76;5320064000;5058755555;5258755555
77;5320070000;5100488888;5300488888
78;5320071000;5100488888;5300488888
79;5320072000;5100488888;5300488888
80;5320074000;5100488888;5300488888
81;5320075000;5100488888;5300488888
82;5320076000;5100488888;5300488888
83;5320077000;5100488888;5300488888
84;5320078000;5100488888;5300488888
85;5320080000;5100488888;5300488888
86;5320081000;5100488888;5300488888
87;5361723000;5100488888;5300488888
88;5361739000;5142144444;5342144444
89;5361741000;5142144444;5342144444
90;5361742000;5142144444;5342144444
91;5361744000;5142144444;5342144444
92;5361745000;5142144444;5342144444
93;5361747000;5142144444;5342144444
94;5361748000;5142144444;5342144444
95;5361749000;5142144444;5342144444
96;5361751000;5142144444;5342144444
97;5361752000;5142144444;5342144444
98;5403384000;5142144444;5342144444
99;5403391000;5183733333;5383733333
100;5403392000;5183733333;5383733333
101;5403393000;5183733333;5383733333
102;5403394000;5183733333;5383733333
103;5403395000;5183733333;5383733333
104;5403396000;5183733333;5383733333
105;5403397000;5183733333;5383733333
106;5403398000;5183733333;5383733333
107;5403398000;5183733333;5383733333
108;5403399000;5183733333;5383733333
109;5445041000;5183733333;5383733333
110;5445048000;5225388888;5425388888
111;5445049000;5225388888;5425388888
112;5445050000;5225388888;5425388888
113;5445050000;5225388888;5425388888
114;5445051000;5225388888;5425388888
115;5445052000;5225388888;5425388888
116;5445053000;5225388888;5425388888
117;5445063000;5225388888;5425388888
118;5445064000;5225388888;5425388888
119;5445065000;5225388888;5425388888
120;5486627000;5225388888;5425388888
121;5486633000;5267122222;5467122222
122;5486634000;5267122222;5467122222
123;5486653000;5267122222;5467122222
124;5486654000;5267122222;5467122222
125;5486654000;5267122222;5467122222
126;5486655000;5267122222;5467122222
127;5486657000;5267122222;5467122222
128;5486658000;5267122222;5467122222
129;5486658000;5267122222;5467122222
130;5486659000;5267122222;5467122222
131;5528431000;5267122222;5467122222
132;5528436000;5308733333;5508733333
133;5528438000;5308733333;5508733333
134;5528439000;5308733333;5508733333
135;5528439000;5308733333;5508733333
136;5528440000;5308733333;5508733333
137;5528441000;5308733333;5508733333
138;5528442000;5308733333;5508733333
139;5528443000;5308733333;5508733333
140;5528444000;5308733333;5508733333
141;5528445000;5308733333;5508733333
142;5570026000;5308733333;5508733333
143;5570032000;5350444444;5550444444
144;5570033000;5350444444;5550444444
145;5570034000;5350444444;5550444444
146;5570035000;5350444444;5550444444
147;5570036000;5350444444;5550444444
148;5570037000;5350444444;5550444444
149;5570037000;5350444444;5550444444
150;5570038000;5350444444;5550444444
151;5570039000;5350444444;5550444444
152;5570040000;5350444444;5550444444
153;5611738000;5350444444;5550444444
154;5611744000;5392133333;5592133333
155;5611745000;5392133333;5592133333
156;5611746000;5392133333;5592133333
157;5611747000;5392133333;5592133333
158;5611748000;5392133333;5592133333
159;5611749000;5392133333;5592133333
160;5611749000;5392133333;5592133333
162;5654159000;5392133333;5592133333
163;5654173000;5392133333;5592133333
164;5654285000;5392133333;5592133333
165;5654291000;5433744444;5633744444
166;5654292000;5433744444;5633744444
167;5654293000;5433744444;5633744444
168;5654294000;5433744444;5633744444
169;5654295000;5433744444;5633744444
170;5654296000;5433744444;5633744444
171;5654297000;5433744444;5633744444
172;5654298000;5433744444;5633744444
173;5654299000;5433744444;5633744444
174;5654300000;5433744444;5633744444
175;5695047000;5433744444;5633744444
176;5695053000;5475422222;5675422222
177;5695055000;5475422222;5675422222
178;5695056000;5475422222;5675422222
179;5695056000;5475422222;5675422222
180;5695057000;5475422222;5675422222
181;5695058000;5475422222;5675422222
182;5695060000;5475422222;5675422222
183;5695060000;5475422222;5675422222
184;5695061000;5475422222;5675422222
185;5695062000;5475422222;5675422222
186;5736706000;5475422222;5675422222
187;5736712000;5517133333;5717133333
188;5736714000;5517133333;5717133333
189;5736715000;5517133333;5717133333
190;5736716000;5517133333;5717133333
191;5736717000;5517133333;5717133333
192;5736718000;5517133333;5717133333
193;5736719000;5517133333;5717133333
195;5778781000;5517133333;5717133333
196;5778783000;5517133333;5717133333
197;5778892000;5517133333;5717133333
198;5778897000;5558722222;5758722222
200;5819956000;5558722222;5758722222
201;5819958000;5558722222;5758722222
202;5819960000;5558722222;5758722222
203;5819961000;5558722222;5758722222
204;5819962000;5558722222;5758722222
205;5819963000;5558722222;5758722222
206;5819964000;5558722222;5758722222
207;5819965000;5558722222;5758722222
208;5820073000;5558722222;5758722222
209;5820079000;5600433333;5800433333
210;5820080000;5600433333;5800433333
211;5820081000;5600433333;5800433333
212;5820082000;5600433333;5800433333
213;5820083000;5600433333;5800433333
215;5861673000;5600433333;5800433333
216;5861676000;5600433333;5800433333
217;5861687000;5600433333;5800433333
218;5861688000;5600433333;5800433333
219;5861799000;5600433333;5800433333
220;5861805000;5642188888;5842188888
221;5861806000;5642188888;5842188888
222;5861816000;5642188888;5842188888
223;5861817000;5642188888;5842188888
224;5861818000;5642188888;5842188888
225;5861819000;5642188888;5842188888
226;5861820000;5642188888;5842188888
227;5861821000;5642188888;5842188888
228;5861822000;5642188888;5842188888
229;5861823000;5642188888;5842188888
230;5903496000;5642188888;5842188888
231;5903501000;5683744444;5883744444
232;5903502000;5683744444;5883744444
233;5903503000;5683744444;5883744444
234;5903504000;5683744444;5883744444
235;5903505000;5683744444;5883744444
236;5903506000;5683744444;5883744444
237;5903507000;5683744444;5883744444
238;5903527000;5683744444;5883744444
239;5903528000;5683744444;5883744444
240;5903529000;5683744444;5883744444
241;5945029000;5683744444;5883744444
242;5945035000;5725433333;5925433333
243;5945036000;5725433333;5925433333
244;5945037000;5725433333;5925433333
245;5945038000;5725433333;5925433333
246;5945039000;5725433333;5925433333
247;5945040000;5725433333;5925433333
248;5945041000;5725433333;5925433333
249;5945042000;5725433333;5925433333
250;5945042000;5725433333;5925433333
251;5945043000;5725433333;5925433333
252;5986726000;5725433333;5925433333
253;5986732000;5767166666;5967166666
254;5986733000;5767166666;5967166666
255;5986734000;5767166666;5967166666
256;5986735000;5767166666;5967166666
257;5986736000;5767166666;5967166666
258;5986737000;5767166666;5967166666
259;5986737000;5767166666;5967166666
260;5986738000;5767166666;5967166666
261;5986739000;5767166666;5967166666
262;5986740000;5767166666;5967166666
263;6028447000;5767166666;5967166666
264;6028453000;5808766666;6008766666
265;6028454000;5808766666;6008766666
266;6028455000;5808766666;6008766666
267;6028455000;5808766666;6008766666
268;6028456000;5808766666;6008766666
269;6028457000;5808766666;6008766666
270;6028458000;5808766666;6008766666
271;6028459000;5808766666;6008766666
272;6028460000;5808766666;6008766666
273;6028461000;5808766666;6008766666
274;6070075000;5808766666;6008766666
275;6070081000;5850444444;6050444444
276;6070082000;5850444444;6050444444
277;6070083000;5850444444;6050444444
278;6070084000;5850444444;6050444444
279;6070085000;5850444444;6050444444
280;6070086000;5850444444;6050444444
281;6070087000;5850444444;6050444444
283;6112467000;5850444444;6050444444
284;6112470000;5850444444;6050444444
285;6112590000;5850444444;6050444444
286;6112595000;5892155555;6092155555
287;6112596000;5892155555;6092155555
288;6112597000;5892155555;6092155555
289;6112598000;5892155555;6092155555
290;6112599000;5892155555;6092155555
291;6112600000;5892155555;6092155555
292;6112601000;5892155555;6092155555
293;6112602000;5892155555;6092155555
294;6112603000;5892155555;6092155555
295;6112604000;5892155555;6092155555
296;6153444000;5892155555;6092155555
297;6153449000;5933744444;6133744444
298;6153450000;5933744444;6133744444
299;6153451000;5933744444;6133744444
300;6153452000;5933744444;6133744444
301;6153453000;5933744444;6133744444
302;6153454000;5933744444;6133744444
303;6153455000;5933744444;6133744444
304;6153456000;5933744444;6133744444
305;6153457000;5933744444;6133744444
306;6153458000;5933744444;6133744444
307;6195004000;5933744444;6133744444
308;6195010000;5975411111;6175411111
309;6195011000;5975411111;6175411111
310;6195012000;5975411111;6175411111
311;6195013000;5975411111;6175411111
312;6195014000;5975411111;6175411111
313;6195015000;5975411111;6175411111
314;6195015000;5975411111;6175411111
315;6195016000;5975411111;6175411111
316;6195017000;5975411111;6175411111
317;6195018000;5975411111;6175411111
318;6236720000;5975411111;6175411111
319;6236725000;6017144444;6217144444
320;6236726000;6017144444;6217144444
321;6236727000;6017144444;6217144444
322;6236728000;6017144444;6217144444
323;6236729000;6017144444;6217144444
324;6236730000;6017144444;6217144444
325;6236731000;6017144444;6217144444
326;6236732000;6017144444;6217144444
327;6236733000;6017144444;6217144444
328;6236734000;6017144444;6217144444
329;6278452000;6017144444;6217144444
330;6278458000;6058755555;6258755555
331;6278459000;6058755555;6258755555
332;6278460000;6058755555;6258755555
333;6278461000;6058755555;6258755555
334;6278462000;6058755555;6258755555
335;6278463000;6058755555;6258755555
336;6278464000;6058755555;6258755555
337;6278464000;6058755555;6258755555
338;6278465000;6058755555;6258755555
339;6278466000;6058755555;6258755555
340;6320017000;6058755555;6258755555
341;6320022000;6100444444;6300444444
342;6320024000;6100444444;6300444444
343;6320024000;6100444444;6300444444
344;6320025000;6100444444;6300444444
345;6320026000;6100444444;6300444444
346;6320027000;6100444444;6300444444
347;6320028000;6100444444;6300444444
348;6320029000;6100444444;6300444444
349;6320037000;6100444444;6300444444
350;6320038000;6100444444;6300444444
351;6361705000;6100444444;6300444444
352;6361711000;6142122222;6342122222
353;6361712000;6142122222;6342122222
354;6361713000;6142122222;6342122222
355;6361714000;6142122222;6342122222
356;6361715000;6142122222;6342122222
357;6361715000;6142122222;6342122222
358;6361716000;6142122222;6342122222
359;6361717000;6142122222;6342122222
360;6361718000;6142122222;6342122222
361;6361719000;6142122222;6342122222
362;6403454000;6142122222;6342122222
363;6403465000;6183755555;6383755555
364;6403467000;6183755555;6383755555
365;6403468000;6183755555;6383755555
366;6403470000;6183755555;6383755555
367;6403472000;6183755555;6383755555
368;6403473000;6183755555;6383755555
369;6403474000;6183755555;6383755555
370;6403484000;6183755555;6383755555
371;6403485000;6183755555;6383755555
372;6403487000;6183755555;6383755555
373;6445048000;6183755555;6383755555
374;6445059000;6225400000;6425400000
375;6445061000;6225400000;6425400000
376;6445072000;6225400000;6425400000
377;6445073000;6225400000;6425400000
378;6445076000;6225400000;6425400000
379;6445077000;6225400000;6425400000
380;6445078000;6225400000;6425400000
381;6445080000;6225400000;6425400000
382;6445081000;6225400000;6425400000
383;6445083000;6225400000;6425400000
384;6486736000;6225400000;6425400000
385;6486757000;6267133333;6467133333
386;6486759000;6267133333;6467133333
387;6486760000;6267133333;6467133333
388;6486761000;6267133333;6467133333
389;6486763000;6267133333;6467133333
390;6486764000;6267133333;6467133333
391;6486765000;6267133333;6467133333
392;6486767000;6267133333;6467133333
393;6486768000;6267133333;6467133333
394;6486769000;6267133333;6467133333
395;6528438000;6267133333;6467133333
396;6528452000;6308766666;6508766666
397;6528454000;6308766666;6508766666
398;6528455000;6308766666;6508766666
399;6528457000;6308766666;6508766666
400;6528458000;6308766666;6508766666
401;6528469000;6308766666;6508766666
402;6528471000;6308766666;6508766666
403;6528472000;6308766666;6508766666
404;6528474000;6308766666;6508766666
405;6528475000;6308766666;6508766666
406;6570101000;6308766666;6508766666
407;6570114000;6350433333;6550433333
408;6570125000;6350433333;6550433333
409;6570126000;6350433333;6550433333
410;6570128000;6350433333;6550433333
411;6570129000;6350433333;6550433333
412;6570130000;6350433333;6550433333
413;6570132000;6350433333;6550433333
414;6570133000;6350433333;6550433333
415;6570134000;6350433333;6550433333
416;6570135000;6350433333;6550433333
417;6611715000;6350433333;6550433333
418;6611726000;6392133333;6592133333
419;6611728000;6392133333;6592133333
420;6611729000;6392133333;6592133333
421;6611740000;6392133333;6592133333
422;6611741000;6392133333;6592133333
423;6611742000;6392133333;6592133333
424;6611744000;6392133333;6592133333
425;6611745000;6392133333;6592133333
426;6611746000;6392133333;6592133333
427;6611747000;6392133333;6592133333
428;6653428000;6392133333;6592133333
429;6653434000;6433744444;6633744444
430;6653435000;6433744444;6633744444
431;6653436000;6433744444;6633744444
432;6653438000;6433744444;6633744444
433;6653439000;6433744444;6633744444
434;6653440000;6433744444;6633744444
435;6653442000;6433744444;6633744444
436;6653443000;6433744444;6633744444
437;6653444000;6433744444;6633744444
438;6653446000;6433744444;6633744444
439;6695008000;6433744444;6633744444
440;6695014000;6475477777;6675477777
441;6695015000;6475477777;6675477777
442;6695016000;6475477777;6675477777
443;6695017000;6475477777;6675477777
444;6695019000;6475477777;6675477777
445;6695020000;6475477777;6675477777
446;6695021000;6475477777;6675477777
447;6695022000;6475477777;6675477777
448;6695024000;6475477777;6675477777
449;6695025000;6475477777;6675477777
450;6736786000;6475477777;6675477777
451;6736792000;6517100000;6717100000
452;6736793000;6517100000;6717100000
453;6736795000;6517100000;6717100000
454;6736796000;6517100000;6717100000
455;6736797000;6517100000;6717100000
456;6736798000;6517100000;6717100000
457;6736800000;6517100000;6717100000
458;6736801000;6517100000;6717100000
459;6736802000;6517100000;6717100000
460;6736818000;6517100000;6717100000
461;6778404000;6517100000;6717100000
462;6778410000;6558722222;6758722222
463;6778411000;6558722222;6758722222
464;6778412000;6558722222;6758722222
465;6778413000;6558722222;6758722222
466;6778414000;6558722222;6758722222
467;6778415000;6558722222;6758722222
468;6778416000;6558722222;6758722222
469;6778417000;6558722222;6758722222
470;6778417000;6558722222;6758722222
471;6778418000;6558722222;6758722222
472;6820030000;6558722222;6758722222
473;6820035000;6600422222;6800422222
474;6820037000;6600422222;6800422222
475;6820038000;6600422222;6800422222
477;6862444000;6600422222;6800422222
478;6862458000;6600422222;6800422222
479;6862459000;6600422222;6800422222
480;6862460000;6600422222;6800422222
481;6862461000;6600422222;6800422222
482;6862462000;6600422222;6800422222
483;6862576000;6600422222;6800422222
484;6862582000;6642155555;6842155555
485;6862583000;6642155555;6842155555
486;6862584000;6642155555;6842155555
487;6862585000;6642155555;6842155555
488;6862586000;6642155555;6842155555
489;6862587000;6642155555;6842155555
490;6862588000;6642155555;6842155555
491;6862589000;6642155555;6842155555
492;6862589000;6642155555;6842155555
493;6862590000;6642155555;6842155555
494;6903458000;6642155555;6842155555
495;6903463000;6683744444;6883744444
496;6903465000;6683744444;6883744444
497;6903466000;6683744444;6883744444
498;6903466000;6683744444;6883744444
499;6903467000;6683744444;6883744444
500;6903468000;6683744444;6883744444
501;6903469000;6683744444;6883744444
503;6945185000;6683744444;6883744444
504;6945188000;6683744444;6883744444
506;6986789000;6725433333;6925433333
508;6986792000;6725433333;6925433333
509;6986793000;6725433333;6925433333
510;6986794000;6725433333;6925433333
511;6986795000;6725433333;6925433333
512;6986796000;6725433333;6925433333
513;6986797000;6725433333;6925433333
514;6986798000;6725433333;6925433333
515;6986799000;6725433333;6925433333
516;6986811000;6725433333;6925433333
517;6986812000;6767166666;6967166666
518;6986823000;6767166666;6967166666
519;6986824000;6767166666;6967166666
520;6986825000;6767166666;6967166666
521;6986826000;6767166666;6967166666
522;6986827000;6767166666;6967166666
523;6986828000;6767166666;6967166666
524;6986829000;6767166666;6967166666
525;6986830000;6767166666;6967166666
526;6986831000;6767166666;6967166666
527;7028426000;6767166666;6967166666
528;7028432000;6808755555;7008755555
529;7028433000;6808755555;7008755555
530;7028434000;6808755555;7008755555
531;7028435000;6808755555;7008755555
532;7028436000;6808755555;7008755555
533;7028436000;6808755555;7008755555
534;7028437000;6808755555;7008755555
535;7028438000;6808755555;7008755555
536;7028439000;6808755555;7008755555
537;7028440000;6808755555;7008755555
538;7070049000;6808755555;7008755555
539;7070054000;6850422222;7050422222
540;7070055000;6850422222;7050422222
541;7070056000;6850422222;7050422222
542;7070057000;6850422222;7050422222
543;7070058000;6850422222;7050422222
544;7070059000;6850422222;7050422222
545;7070060000;6850422222;7050422222
546;7070061000;6850422222;7050422222
547;7070062000;6850422222;7050422222
548;7070063000;6850422222;7050422222
549;7111747000;6850422222;7050422222
550;7111758000;6892166666;7092166666
551;7111759000;6892166666;7092166666
552;7111761000;6892166666;7092166666
553;7111762000;6892166666;7092166666
554;7111763000;6892166666;7092166666
555;7111774000;6892166666;7092166666
556;7111775000;6892166666;7092166666
557;7111776000;6892166666;7092166666
558;7111777000;6892166666;7092166666
559;7111778000;6892166666;7092166666
560;7153424000;6892166666;7092166666
561;7153430000;6933733333;7133733333
562;7153432000;6933733333;7133733333
563;7153433000;6933733333;7133733333
564;7153434000;6933733333;7133733333
565;7153435000;6933733333;7133733333
566;7153436000;6933733333;7133733333
568;7195758000;6933733333;7133733333
569;7195772000;6933733333;7133733333
570;7195773000;6933733333;7133733333
571;7195881000;6933733333;7133733333
572;7195887000;6975433333;7175433333
573;7195889000;6975433333;7175433333
574;7195890000;6975433333;7175433333
575;7195891000;6975433333;7175433333
576;7195906000;6975433333;7175433333
577;7195907000;6975433333;7175433333
578;7195908000;6975433333;7175433333
579;7195909000;6975433333;7175433333
580;7195910000;6975433333;7175433333
581;7195911000;6975433333;7175433333
582;7236628000;6975433333;7175433333
583;7236634000;7017155555;7217155555
584;7236635000;7017155555;7217155555
585;7236636000;7017155555;7217155555
586;7236637000;7017155555;7217155555
587;7236638000;7017155555;7217155555
588;7236639000;7017155555;7217155555
589;7236640000;7017155555;7217155555
590;7236641000;7017155555;7217155555
591;7236642000;7017155555;7217155555
592;7236643000;7017155555;7217155555
593;7278351000;7017155555;7217155555
594;7278357000;7058777777;7258777777
595;7278358000;7058777777;7258777777
596;7278359000;7058777777;7258777777
597;7278360000;7058777777;7258777777
598;7278361000;7058777777;7258777777
599;7278362000;7058777777;7258777777
600;7278363000;7058777777;7258777777
601;7278364000;7058777777;7258777777
602;7278365000;7058777777;7258777777
603;7278366000;7058777777;7258777777
604;7320021000;7058777777;7258777777
605;7320027000;7100466666;7300466666
606;7320028000;7100466666;7300466666
607;7320029000;7100466666;7300466666
608;7320030000;7100466666;7300466666
609;7320031000;7100466666;7300466666
610;7320032000;7100466666;7300466666
611;7320033000;7100466666;7300466666
612;7320034000;7100466666;7300466666
613;7320035000;7100466666;7300466666
614;7320035000;7100466666;7300466666
615;7361708000;7100466666;7300466666
616;7361714000;7142155555;7342155555
617;7361715000;7142155555;7342155555
618;7361716000;7142155555;7342155555
619;7361717000;7142155555;7342155555
620;7361718000;7142155555;7342155555
621;7361719000;7142155555;7342155555
622;7361720000;7142155555;7342155555
623;7361721000;7142155555;7342155555
624;7361722000;7142155555;7342155555
625;7361723000;7142155555;7342155555
626;7403397000;7142155555;7342155555
627;7403403000;7183744444;7383744444
628;7403405000;7183744444;7383744444
629;7403406000;7183744444;7383744444
630;7403406000;7183744444;7383744444
631;7403407000;7183744444;7383744444
632;7403408000;7183744444;7383744444
633;7403409000;7183744444;7383744444
635;7445723000;7183744444;7383744444
636;7445725000;7183744444;7383744444
637;7445787000;7183744444;7383744444
638;7445791000;7225411111;7425411111
640;7486643000;7225411111;7425411111
641;7486646000;7225411111;7425411111
642;7486657000;7225411111;7425411111
643;7486658000;7225411111;7425411111
644;7486659000;7225411111;7425411111
645;7486660000;7225411111;7425411111
646;7486660000;7225411111;7425411111
647;7486661000;7225411111;7425411111
648;7486731000;7225411111;7425411111
649;7486744000;7267122222;7467122222
650;7486745000;7267122222;7467122222
651;7486746000;7267122222;7467122222
652;7486747000;7267122222;7467122222
653;7486748000;7267122222;7467122222
654;7486749000;7267122222;7467122222
655;7486750000;7267122222;7467122222
656;7486751000;7267122222;7467122222
657;7486752000;7267122222;7467122222
658;7486752000;7267122222;7467122222
659;7528363000;7267122222;7467122222
660;7528369000;7308777777;7508777777
661;7528370000;7308777777;7508777777
662;7528371000;7308777777;7508777777
663;7528372000;7308777777;7508777777
664;7528373000;7308777777;7508777777
665;7528374000;7308777777;7508777777
666;7528375000;7308777777;7508777777
667;7528376000;7308777777;7508777777
668;7528377000;7308777777;7508777777
669;7528378000;7308777777;7508777777
670;7570019000;7308777777;7508777777
671;7570025000;7350455555;7550455555
672;7570026000;7350455555;7550455555
673;7570027000;7350455555;7550455555
674;7570028000;7350455555;7550455555
675;7570029000;7350455555;7550455555
677;7612095000;7350455555;7550455555
679;7612107000;7350455555;7550455555
680;7612108000;7350455555;7550455555
681;7612167000;7350455555;7550455555
682;7612171000;7392144444;7592144444
683;7612172000;7392144444;7592144444
684;7612173000;7392144444;7592144444
685;7612174000;7392144444;7592144444
686;7612175000;7392144444;7592144444
687;7612176000;7392144444;7592144444
688;7612177000;7392144444;7592144444
689;7612178000;7392144444;7592144444
690;7612178000;7392144444;7592144444
691;7612188000;7392144444;7592144444
692;7653344000;7392144444;7592144444
693;7653350000;7433788888;7633788888
694;7653351000;7433788888;7633788888
695;7653352000;7433788888;7633788888
696;7653353000;7433788888;7633788888
697;7653353000;7433788888;7633788888
698;7653354000;7433788888;7633788888
699;7653355000;7433788888;7633788888
700;7653356000;7433788888;7633788888
701;7653357000;7433788888;7633788888
702;7653358000;7433788888;7633788888
703;7695030000;7433788888;7633788888
704;7695036000;7475444444;7675444444
705;7695037000;7475444444;7675444444
706;7695038000;7475444444;7675444444
707;7695039000;7475444444;7675444444
708;7695040000;7475444444;7675444444
709;7695041000;7475444444;7675444444
710;7695042000;7475444444;7675444444
711;7695043000;7475444444;7675444444
712;7695044000;7475444444;7675444444
713;7695044000;7475444444;7675444444
714;7736619000;7475444444;7675444444
715;7736625000;7517166666;7717166666
716;7736626000;7517166666;7717166666
717;7736627000;7517166666;7717166666
718;7736628000;7517166666;7717166666
719;7736629000;7517166666;7717166666
720;7736630000;7517166666;7717166666
721;7736631000;7517166666;7717166666
723;7778434000;7517166666;7717166666
724;7778438000;7517166666;7717166666
725;7778508000;7517166666;7717166666
726;7778528000;7558733333;7758733333
727;7778530000;7558733333;7758733333
728;7778531000;7558733333;7758733333
729;7778532000;7558733333;7758733333
731;7819938000;7558733333;7758733333
732;7819940000;7558733333;7758733333
733;7819941000;7558733333;7758733333
734;7819942000;7558733333;7758733333
735;7819943000;7558733333;7758733333
736;7820014000;7558733333;7758733333
737;7820029000;7600433333;7800433333
738;7820030000;7600433333;7800433333
739;7820031000;7600433333;7800433333
740;7820032000;7600433333;7800433333
741;7820033000;7600433333;7800433333
742;7820034000;7600433333;7800433333
743;7820035000;7600433333;7800433333
744;7820036000;7600433333;7800433333
745;7820037000;7600433333;7800433333
746;7820037000;7600433333;7800433333
747;7861676000;7600433333;7800433333
748;7861681000;7642144444;7842144444
749;7861683000;7642144444;7842144444
750;7861684000;7642144444;7842144444
751;7861685000;7642144444;7842144444
752;7861686000;7642144444;7842144444
753;7861687000;7642144444;7842144444
754;7861688000;7642144444;7842144444
755;7861689000;7642144444;7842144444
756;7861690000;7642144444;7842144444
757;7861691000;7642144444;7842144444
758;7903386000;7642144444;7842144444
759;7903392000;7683755555;7883755555
760;7903393000;7683755555;7883755555
761;7903394000;7683755555;7883755555
762;7903395000;7683755555;7883755555
763;7903396000;7683755555;7883755555
764;7903397000;7683755555;7883755555
765;7903397000;7683755555;7883755555
766;7903398000;7683755555;7883755555
767;7903399000;7683755555;7883755555
768;7903400000;7683755555;7883755555
769;7944997000;7683755555;7883755555
770;7945003000;7725466666;7925466666
771;7945004000;7725466666;7925466666
772;7945005000;7725466666;7925466666
773;7945006000;7725466666;7925466666
774;7945007000;7725466666;7925466666
775;7945008000;7725466666;7925466666
777;7987327000;7725466666;7925466666
778;7987340000;7725466666;7925466666
779;7987341000;7725466666;7925466666
780;7987401000;7725466666;7925466666
781;7987406000;7767166666;7967166666
782;7987407000;7767166666;7967166666
783;7987408000;7767166666;7967166666
784;7987409000;7767166666;7967166666
786;8028400000;7767166666;7967166666
788;8028402000;7767166666;7967166666
789;8028403000;7767166666;7967166666
790;8028404000;7767166666;7967166666
791;8028464000;7767166666;7967166666
792;8028468000;7808755555;8008755555
793;8028469000;7808755555;8008755555
794;8028470000;7808755555;8008755555
795;8028471000;7808755555;8008755555
796;8028472000;7808755555;8008755555
797;8028473000;7808755555;8008755555
798;8028473000;7808755555;8008755555
799;8028474000;7808755555;8008755555
800;8028475000;7808755555;8008755555
802;8070065000;7808755555;8008755555
803;8070070000;7850466666;8050466666
804;8070071000;7850466666;8050466666
805;8070072000;7850466666;8050466666
806;8070073000;7850466666;8050466666
807;8070081000;7850466666;8050466666
808;8070082000;7850466666;8050466666
810;8111705000;7850466666;8050466666
812;8111708000;7850466666;8050466666
813;8111778000;7850466666;8050466666
814;8111783000;7892166666;8092166666
815;8111784000;7892166666;8092166666
816;8111785000;7892166666;8092166666
817;8111786000;7892166666;8092166666
818;8111787000;7892166666;8092166666
819;8111787000;7892166666;8092166666
820;8111788000;7892166666;8092166666
821;8111789000;7892166666;8092166666
822;8111790000;7892166666;8092166666
823;8111791000;7892166666;8092166666
824;8153427000;7892166666;8092166666
825;8153433000;7933800000;8133800000
826;8153434000;7933800000;8133800000
827;8153435000;7933800000;8133800000
828;8153436000;7933800000;8133800000
829;8153437000;7933800000;8133800000
830;8153438000;7933800000;8133800000
831;8153438000;7933800000;8133800000
832;8153439000;7933800000;8133800000
833;8153440000;7933800000;8133800000
834;8153441000;7933800000;8133800000
835;8195058000;7933800000;8133800000
836;8195073000;7975466666;8175466666
837;8195074000;7975466666;8175466666
838;8195075000;7975466666;8175466666
839;8195077000;7975466666;8175466666
840;8195077000;7975466666;8175466666
841;8195078000;7975466666;8175466666
842;8195079000;7975466666;8175466666
843;8195080000;7975466666;8175466666
844;8195081000;7975466666;8175466666
845;8195082000;7975466666;8175466666
846;8236733000;7975466666;8175466666
847;8236739000;8017133333;8217133333
848;8236740000;8017133333;8217133333
849;8236741000;8017133333;8217133333
850;8236742000;8017133333;8217133333
851;8236743000;8017133333;8217133333
852;8236744000;8017133333;8217133333
853;8236745000;8017133333;8217133333
854;8236746000;8017133333;8217133333
855;8236747000;8017133333;8217133333
856;8236748000;8017133333;8217133333
857;8278392000;8017133333;8217133333
858;8278398000;8058788888;8258788888
859;8278399000;8058788888;8258788888
860;8278399000;8058788888;8258788888
861;8278400000;8058788888;8258788888
862;8278401000;8058788888;8258788888
863;8278402000;8058788888;8258788888
864;8278403000;8058788888;8258788888
865;8278404000;8058788888;8258788888
866;8278405000;8058788888;8258788888
867;8278406000;8058788888;8258788888
868;8320048000;8058788888;8258788888
869;8320054000;8100466666;8300466666
870;8320055000;8100466666;8300466666
871;8320056000;8100466666;8300466666
872;8320057000;8100466666;8300466666
873;8320057000;8100466666;8300466666
874;8320058000;8100466666;8300466666
875;8320059000;8100466666;8300466666
876;8320060000;8100466666;8300466666
877;8320061000;8100466666;8300466666
878;8320062000;8100466666;8300466666
879;8361724000;8100466666;8300466666
880;8361730000;8142177777;8342177777
881;8361731000;8142177777;8342177777
882;8361732000;8142177777;8342177777
883;8361733000;8142177777;8342177777
884;8361734000;8142177777;8342177777
885;8361735000;8142177777;8342177777
886;8361736000;8142177777;8342177777
887;8361737000;8142177777;8342177777
888;8361738000;8142177777;8342177777
889;8361738000;8142177777;8342177777
890;8403433000;8142177777;8342177777
891;8403448000;8183744444;8383744444
892;8403449000;8183744444;8383744444
893;8403450000;8183744444;8383744444
894;8403451000;8183744444;8383744444
895;8403452000;8183744444;8383744444
896;8403453000;8183744444;8383744444
897;8403454000;8183744444;8383744444
898;8403455000;8183744444;8383744444
899;8403456000;8183744444;8383744444
900;8403457000;8183744444;8383744444
901;8444997000;8183744444;8383744444
902;8445003000;8225422222;8425422222
903;8445004000;8225422222;8425422222
904;8445005000;8225422222;8425422222
905;8445006000;8225422222;8425422222
906;8445007000;8225422222;8425422222
907;8445008000;8225422222;8425422222
908;8445009000;8225422222;8425422222
909;8445010000;8225422222;8425422222
910;8445011000;8225422222;8425422222
911;8445012000;8225422222;8425422222
912;8486714000;8225422222;8425422222
913;8486720000;8267122222;8467122222
914;8486721000;8267122222;8467122222
915;8486722000;8267122222;8467122222
916;8486723000;8267122222;8467122222
917;8486724000;8267122222;8467122222
918;8486725000;8267122222;8467122222
919;8486726000;8267122222;8467122222
920;8486735000;8267122222;8467122222
921;8486736000;8267122222;8467122222
922;8486737000;8267122222;8467122222
923;8528387000;8267122222;8467122222
924;8528393000;8308788888;8508788888
925;8528394000;8308788888;8508788888
926;8528395000;8308788888;8508788888
927;8528396000;8308788888;8508788888
928;8528397000;8308788888;8508788888
929;8528398000;8308788888;8508788888
930;8528399000;8308788888;8508788888
931;8528399000;8308788888;8508788888
932;8528400000;8308788888;8508788888
933;8528401000;8308788888;8508788888
934;8570094000;8308788888;8508788888
935;8570100000;8350466666;8550466666
936;8570101000;8350466666;8550466666
937;8570102000;8350466666;8550466666
938;8570103000;8350466666;8550466666
939;8570104000;8350466666;8550466666
940;8570105000;8350466666;8550466666
941;8570106000;8350466666;8550466666
942;8570107000;8350466666;8550466666
943;8570108000;8350466666;8550466666
944;8570108000;8350466666;8550466666
945;8611761000;8350466666;8550466666
946;8611776000;8392144444;8592144444
947;8611777000;8392144444;8592144444
948;8611778000;8392144444;8592144444
949;8611779000;8392144444;8592144444
950;8611780000;8392144444;8592144444
951;8611781000;8392144444;8592144444
952;8611782000;8392144444;8592144444
954;8653966000;8392144444;8592144444
955;8653979000;8392144444;8592144444
956;8654089000;8392144444;8592144444
957;8654095000;8433766666;8633766666
958;8654096000;8433766666;8633766666
959;8654097000;8433766666;8633766666
960;8654098000;8433766666;8633766666
961;8654099000;8433766666;8633766666
962;8654099000;8433766666;8633766666
963;8654100000;8433766666;8633766666
964;8654101000;8433766666;8633766666
965;8654102000;8433766666;8633766666
966;8654103000;8433766666;8633766666
967;8695069000;8433766666;8633766666
968;8695075000;8475488888;8675488888
969;8695076000;8475488888;8675488888
970;8695076000;8475488888;8675488888
971;8695077000;8475488888;8675488888
972;8695078000;8475488888;8675488888
973;8695079000;8475488888;8675488888
975;8736934000;8475488888;8675488888
976;8736938000;8475488888;8675488888
977;8736949000;8475488888;8675488888
978;8737057000;8475488888;8675488888
979;8737063000;8517144444;8717144444
980;8737064000;8517144444;8717144444
981;8737065000;8517144444;8717144444
982;8737066000;8517144444;8717144444
983;8737067000;8517144444;8717144444
984;8737068000;8517144444;8717144444
985;8737069000;8517144444;8717144444
986;8737070000;8517144444;8717144444
987;8737071000;8517144444;8717144444
988;8737071000;8517144444;8717144444
989;8778403000;8517144444;8717144444
990;8778409000;8558744444;8758744444
991;8778410000;8558744444;8758744444
992;8778411000;8558744444;8758744444
993;8778412000;8558744444;8758744444
994;8778413000;8558744444;8758744444
995;8778414000;8558744444;8758744444
996;8778415000;8558744444;8758744444
997;8778416000;8558744444;8758744444
998;8778417000;8558744444;8758744444
999;8778417000;8558744444;8758744444
1000;8819991000;8558744444;8758744444
1001;8820006000;8600444444;8800444444
1002;8820007000;8600444444;8800444444
1003;8820008000;8600444444;8800444444
1004;8820009000;8600444444;8800444444
1005;8820010000;8600444444;8800444444
1006;8820011000;8600444444;8800444444
1007;8820012000;8600444444;8800444444
1008;8820013000;8600444444;8800444444
1009;8820014000;8600444444;8800444444
1010;8820015000;8600444444;8800444444
1011;8861745000;8600444444;8800444444
1012;8861751000;8642177777;8842177777
1013;8861752000;8642177777;8842177777
1014;8861753000;8642177777;8842177777
1015;8861754000;8642177777;8842177777
1016;8861755000;8642177777;8842177777
1017;8861755000;8642177777;8842177777
1018;8861756000;8642177777;8842177777
1019;8861757000;8642177777;8842177777
1020;8861758000;8642177777;8842177777
1021;8861759000;8642177777;8842177777
1022;8903482000;8642177777;8842177777
1023;8903488000;8683788888;8883788888
1024;8903489000;8683788888;8883788888
1025;8903490000;8683788888;8883788888
1026;8903491000;8683788888;8883788888
1027;8903492000;8683788888;8883788888
1028;8903493000;8683788888;8883788888
1029;8903494000;8683788888;8883788888
1030;8903495000;8683788888;8883788888
1031;8903496000;8683788888;8883788888
1032;8903504000;8683788888;8883788888
1033;8945094000;8683788888;8883788888
1034;8945100000;8725433333;8925433333
1035;8945101000;8725433333;8925433333
1036;8945102000;8725433333;8925433333
1037;8945103000;8725433333;8925433333
1038;8945104000;8725433333;8925433333
1039;8945105000;8725433333;8925433333
1040;8945106000;8725433333;8925433333
1041;8945107000;8725433333;8925433333
1042;8945107000;8725433333;8925433333
1043;8945108000;8725433333;8925433333
1045;9029328000;8767177777;8967177777
1046;9029331000;8767177777;8967177777
1047;9029332000;8767177777;8967177777
1048;9029333000;8767177777;8967177777
1049;9029334000;8767177777;8967177777
1050;9029335000;8767177777;8967177777
1051;9029336000;8767177777;8967177777
1052;9029337000;8767177777;8967177777
1053;9029338000;8767177777;8967177777
1054;9029339000;8767177777;8967177777
1055;9029350000;8767177777;8967177777
1056;9029352000;8808766666;9008766666
1057;9029363000;8808766666;9008766666
1058;9029364000;8808766666;9008766666
1059;9029365000;8808766666;9008766666
1060;9029366000;8808766666;9008766666
1061;9029367000;8808766666;9008766666
1062;9029367000;8808766666;9008766666
1063;9029368000;8808766666;9008766666
1064;9029369000;8808766666;9008766666
1065;9029370000;8808766666;9008766666
1066;9069905000;8808766666;9008766666
1067;9069910000;8850444444;9050444444
1068;9069911000;8850444444;9050444444
1069;9069912000;8850444444;9050444444
1070;9069913000;8850444444;9050444444
1071;9069914000;8850444444;9050444444
1072;9069915000;8850444444;9050444444
1073;9069916000;8850444444;9050444444
1074;9069917000;8850444444;9050444444
1075;9069918000;8850444444;9050444444
1076;9069919000;8850444444;9050444444
1077;9111624000;8850444444;9050444444
1078;9111639000;8892122222;9092122222
1079;9111641000;8892122222;9092122222
1080;9111642000;8892122222;9092122222
1081;9111644000;8892122222;9092122222
1082;9111645000;8892122222;9092122222
1083;9111647000;8892122222;9092122222
1084;9111648000;8892122222;9092122222
1085;9111649000;8892122222;9092122222
1086;9111651000;8892122222;9092122222
1087;9111652000;8892122222;9092122222
1088;9153428000;8892122222;9092122222
1089;9153434000;8933722222;9133722222
1090;9153435000;8933722222;9133722222
1091;9153436000;8933722222;9133722222
1092;9153436000;8933722222;9133722222
1093;9153437000;8933722222;9133722222
1094;9153438000;8933722222;9133722222
1095;9153439000;8933722222;9133722222
1096;9153440000;8933722222;9133722222
1097;9153441000;8933722222;9133722222
1098;9153442000;8933722222;9133722222
1099;9194983000;8933722222;9133722222
1100;9194989000;8975422222;9175422222
1101;9194990000;8975422222;9175422222
1102;9194991000;8975422222;9175422222
1103;9194992000;8975422222;9175422222
1104;9194993000;8975422222;9175422222
1105;9194993000;8975422222;9175422222
1106;9194994000;8975422222;9175422222
1107;9194995000;8975422222;9175422222
1108;9194996000;8975422222;9175422222
1109;9194997000;8975422222;9175422222
1110;9236684000;8975422222;9175422222
1111;9236689000;9017144444;9217144444
1112;9236691000;9017144444;9217144444
1113;9236692000;9017144444;9217144444
1114;9236692000;9017144444;9217144444
1115;9236693000;9017144444;9217144444
1116;9236694000;9017144444;9217144444
1117;9236695000;9017144444;9217144444
1118;9236696000;9017144444;9217144444
1119;9236697000;9017144444;9217144444
1120;9236698000;9017144444;9217144444
1121;9278405000;9017144444;9217144444
1122;9278411000;9058744444;9258744444
1123;9278412000;9058744444;9258744444
1124;9278413000;9058744444;9258744444
1125;9278414000;9058744444;9258744444
1126;9278415000;9058744444;9258744444
1127;9278416000;9058744444;9258744444
1128;9278417000;9058744444;9258744444
1129;9278418000;9058744444;9258744444
1130;9278419000;9058744444;9258744444
1131;9278419000;9058744444;9258744444
1132;9320037000;9058744444;9258744444
1133;9320043000;9100444444;9300444444
1134;9320044000;9100444444;9300444444
1135;9320045000;9100444444;9300444444
1136;9320046000;9100444444;9300444444
1137;9320047000;9100444444;9300444444
1138;9320048000;9100444444;9300444444
1139;9320049000;9100444444;9300444444
1140;9320049000;9100444444;9300444444
1141;9320059000;9100444444;9300444444
1142;9320060000;9100444444;9300444444
1143;9361698000;9100444444;9300444444
1144;9361703000;9142177777;9342177777
1145;9361705000;9142177777;9342177777
1146;9361705000;9142177777;9342177777
1147;9361706000;9142177777;9342177777
1148;9361707000;9142177777;9342177777
1149;9361708000;9142177777;9342177777
1150;9361709000;9142177777;9342177777
1151;9361710000;9142177777;9342177777
1152;9361711000;9142177777;9342177777
1153;9361712000;9142177777;9342177777
1154;9403423000;9142177777;9342177777
1155;9403429000;9183811111;9383811111
1156;9403430000;9183811111;9383811111
1157;9403431000;9183811111;9383811111
1158;9403432000;9183811111;9383811111
1159;9403432000;9183811111;9383811111
1160;9403433000;9183811111;9383811111
1161;9403434000;9183811111;9383811111
1162;9403435000;9183811111;9383811111
1163;9403436000;9183811111;9383811111
1164;9403437000;9183811111;9383811111
1165;9445102000;9183811111;9383811111
1166;9445108000;9225400000;9425400000
1167;9445109000;9225400000;9425400000
1168;9445109000;9225400000;9425400000
1169;9445110000;9225400000;9425400000
1170;9445111000;9225400000;9425400000
1171;9445112000;9225400000;9425400000
1172;9445113000;9225400000;9425400000
1173;9445114000;9225400000;9425400000
1174;9445115000;9225400000;9425400000
1175;9445116000;9225400000;9425400000
1176;9486696000;9225400000;9425400000
1177;9486702000;9267144444;9467144444
1178;9486703000;9267144444;9467144444
1179;9486704000;9267144444;9467144444
1180;9486705000;9267144444;9467144444
1181;9486706000;9267144444;9467144444
1182;9486707000;9267144444;9467144444
1183;9486707000;9267144444;9467144444
1184;9486708000;9267144444;9467144444
1185;9486709000;9267144444;9467144444
1186;9486710000;9267144444;9467144444
1187;9528453000;9267144444;9467144444
1188;9528459000;9308777777;9508777777
1189;9528460000;9308777777;9508777777
1190;9528461000;9308777777;9508777777
1191;9528462000;9308777777;9508777777
1192;9528463000;9308777777;9508777777
1193;9528464000;9308777777;9508777777
1194;9528465000;9308777777;9508777777
1195;9528466000;9308777777;9508777777
1196;9528467000;9308777777;9508777777
1197;9528468000;9308777777;9508777777
1198;9570071000;9308777777;9508777777
1199;9570077000;9350422222;9550422222
1200;9570078000;9350422222;9550422222
1201;9570079000;9350422222;9550422222
1202;9570080000;9350422222;9550422222
1203;9570081000;9350422222;9550422222
1205;9612241000;9350422222;9550422222
1206;9612244000;9350422222;9550422222
1207;9612256000;9350422222;9550422222
1208;9612257000;9350422222;9550422222
1209;9612365000;9350422222;9550422222
1210;9612370000;9392133333;9592133333
1211;9612371000;9392133333;9592133333
1212;9612372000;9392133333;9592133333
1213;9612373000;9392133333;9592133333
1214;9612374000;9392133333;9592133333
1215;9612375000;9392133333;9592133333
1216;9612376000;9392133333;9592133333
1217;9612377000;9392133333;9592133333
1218;9612378000;9392133333;9592133333
1219;9612379000;9392133333;9592133333
1220;9653439000;9392133333;9592133333
1221;9653444000;9433755555;9633755555
1222;9653445000;9433755555;9633755555
1223;9653446000;9433755555;9633755555
1224;9653447000;9433755555;9633755555
1225;9653448000;9433755555;9633755555
1226;9653449000;9433755555;9633755555
1227;9653450000;9433755555;9633755555
1228;9653451000;9433755555;9633755555
1229;9653452000;9433755555;9633755555
1230;9653453000;9433755555;9633755555
1231;9695038000;9433755555;9633755555
1232;9695045000;9475466666;9675466666
1233;9695046000;9475466666;9675466666
1234;9695047000;9475466666;9675466666
1235;9695048000;9475466666;9675466666
1236;9695049000;9475466666;9675466666
1237;9695050000;9475466666;9675466666
1238;9695051000;9475466666;9675466666
1239;9695052000;9475466666;9675466666
1240;9695053000;9475466666;9675466666
1241;9695053000;9475466666;9675466666
1242;9736715000;9475466666;9675466666
1243;9736720000;9517166666;9717166666
1244;9736721000;9517166666;9717166666
1245;9736722000;9517166666;9717166666
1246;9736723000;9517166666;9717166666
1247;9736724000;9517166666;9717166666
1248;9736725000;9517166666;9717166666
1249;9736733000;9517166666;9717166666
1250;9736734000;9517166666;9717166666
1251;9736735000;9517166666;9717166666
1252;9736736000;9517166666;9717166666
1253;9778432000;9517166666;9717166666
1254;9778438000;9558744444;9758744444
1255;9778440000;9558744444;9758744444
1256;9778441000;9558744444;9758744444
1257;9778442000;9558744444;9758744444
1258;9778443000;9558744444;9758744444
1259;9778444000;9558744444;9758744444
1260;9778445000;9558744444;9758744444
1261;9778445000;9558744444;9758744444
1262;9778446000;9558744444;9758744444
1263;9778447000;9558744444;9758744444
1264;9819988000;9558744444;9758744444
1265;9819994000;9600433333;9800433333
1266;9819995000;9600433333;9800433333
1267;9819996000;9600433333;9800433333
1268;9819996000;9600433333;9800433333
1269;9819998000;9600433333;9800433333
1270;9819998000;9600433333;9800433333
1271;9819999000;9600433333;9800433333
1272;9820000000;9600433333;9800433333
1273;9820001000;9600433333;9800433333
1274;9820002000;9600433333;9800433333
1275;9861744000;9600433333;9800433333
1276;9861750000;9642133333;9842133333
1277;9861751000;9642133333;9842133333
1278;9861752000;9642133333;9842133333
1279;9861753000;9642133333;9842133333
1280;9861754000;9642133333;9842133333
1281;9861755000;9642133333;9842133333
1282;9861756000;9642133333;9842133333
1283;9861757000;9642133333;9842133333
1284;9861758000;9642133333;9842133333
1285;9861759000;9642133333;9842133333
1286;9903440000;9642133333;9842133333
1287;9903445000;9683744444;9883744444
1288;9903447000;9683744444;9883744444
1289;9903447000;9683744444;9883744444
1290;9903449000;9683744444;9883744444
1291;9903450000;9683744444;9883744444
1292;9903451000;9683744444;9883744444
1293;9903452000;9683744444;9883744444
1294;9903453000;9683744444;9883744444
1295;9903454000;9683744444;9883744444
1296;9903455000;9683744444;9883744444
1297;9944983000;9683744444;9883744444
1298;9944989000;9725444444;9925444444
1299;9944991000;9725444444;9925444444
1300;9944992000;9725444444;9925444444
1301;9944993000;9725444444;9925444444
1302;9944994000;9725444444;9925444444
1303;9944995000;9725444444;9925444444
1304;9944996000;9725444444;9925444444
1305;9944997000;9725444444;9925444444
1306;9944998000;9725444444;9925444444
1307;9944999000;9725444444;9925444444
1308;9986703000;9725444444;9925444444
1309;9986709000;9767166666;9967166666
1310;9986710000;9767166666;9967166666
1311;9986711000;9767166666;9967166666
1312;9986712000;9767166666;9967166666
1313;9986713000;9767166666;9967166666
1314;9986714000;9767166666;9967166666
1315;9986715000;9767166666;9967166666
1316;9986715000;9767166666;9967166666
1317;9986716000;9767166666;9967166666
1318;9986717000;9767166666;9967166666
1319;10028428000;9767166666;9967166666
1320;10028434000;9808744444;10008744444
1321;10028435000;9808744444;10008744444
1322;10028436000;9808744444;10008744444
1323;10028437000;9808744444;10008744444
1324;10028438000;9808744444;10008744444
1325;10028439000;9808744444;10008744444
1326;10028440000;9808744444;10008744444
1327;10028440000;9808744444;10008744444
1328;10028441000;9808744444;10008744444
1329;10028442000;9808744444;10008744444
1330;10070051000;9808744444;10008744444
1331;10070057000;9850444444;10050444444
1332;10070058000;9850444444;10050444444
1333;10070059000;9850444444;10050444444
1334;10070060000;9850444444;10050444444
1335;10070061000;9850444444;10050444444
1336;10070062000;9850444444;10050444444
1337;10070062000;9850444444;10050444444
1338;10070063000;9850444444;10050444444
1339;10070064000;9850444444;10050444444
1340;10070065000;9850444444;10050444444
1341;10111750000;9850444444;10050444444
1342;10111756000;9892200000;10092200000
1343;10111757000;9892200000;10092200000
1344;10111758000;9892200000;10092200000
1345;10111759000;9892200000;10092200000
1346;10111760000;9892200000;10092200000
1347;10111761000;9892200000;10092200000
1348;10111762000;9892200000;10092200000
1349;10111763000;9892200000;10092200000
1350;10111763000;9892200000;10092200000
1351;10111764000;9892200000;10092200000
1352;10153508000;9892200000;10092200000
1353;10153521000;9933766666;10133766666
1354;10153522000;9933766666;10133766666
1355;10153531000;9933766666;10133766666
1357;10195778000;9933766666;10133766666
1359;10195789000;9933766666;10133766666
1360;10195790000;9933766666;10133766666
1361;10195791000;9933766666;10133766666
1362;10195792000;9933766666;10133766666
1363;10195900000;9933766666;10133766666
1364;10195906000;9975433333;10175433333
1365;10195907000;9975433333;10175433333
1366;10195908000;9975433333;10175433333
1367;10195909000;9975433333;10175433333
1368;10195910000;9975433333;10175433333
1369;10195911000;9975433333;10175433333
1370;10195911000;9975433333;10175433333
1371;10195912000;9975433333;10175433333
1372;10195913000;9975433333;10175433333
1373;10195914000;9975433333;10175433333
1374;10236737000;9975433333;10175433333
1375;10236743000;10017133333;10217133333
1376;10236744000;10017133333;10217133333
1377;10236745000;10017133333;10217133333
1378;10236746000;10017133333;10217133333
1379;10236747000;10017133333;10217133333
1380;10236748000;10017133333;10217133333
1381;10236748000;10017133333;10217133333
1382;10236749000;10017133333;10217133333
1383;10236750000;10017133333;10217133333
1384;10236751000;10017133333;10217133333
1385;10278427000;10017133333;10217133333
1386;10278433000;10058766666;10258766666
1387;10278434000;10058766666;10258766666
1389;10320417000;10058766666;10258766666
1391;10320420000;10058766666;10258766666
1392;10320431000;10058766666;10258766666
1393;10320433000;10058766666;10258766666
1394;10320433000;10058766666;10258766666
1395;10320434000;10058766666;10258766666
1396;10320534000;10058766666;10258766666
1397;10320539000;10100455555;10300455555
1398;10320550000;10100455555;10300455555
1399;10320551000;10100455555;10300455555
1400;10320552000;10100455555;10300455555
1401;10320553000;10100455555;10300455555
1402;10320554000;10100455555;10300455555
1403;10320555000;10100455555;10300455555
1404;10320555000;10100455555;10300455555
1405;10320556000;10100455555;10300455555
1406;10320557000;10100455555;10300455555
1407;10361716000;10100455555;10300455555
1408;10361722000;10142155555;10342155555
1409;10361723000;10142155555;10342155555
1410;10361724000;10142155555;10342155555
1411;10361725000;10142155555;10342155555
1412;10361726000;10142155555;10342155555
1413;10361727000;10142155555;10342155555
1414;10361727000;10142155555;10342155555
1415;10361728000;10142155555;10342155555
1416;10361729000;10142155555;10342155555
1417;10361730000;10142155555;10342155555
1418;10403460000;10142155555;10342155555
1419;10403466000;10183777777;10383777777
1420;10403467000;10183777777;10383777777
1421;10403468000;10183777777;10383777777
1422;10403469000;10183777777;10383777777
1423;10403470000;10183777777;10383777777
1424;10403471000;10183777777;10383777777
1425;10403472000;10183777777;10383777777
1426;10403473000;10183777777;10383777777
1427;10403473000;10183777777;10383777777
1428;10403474000;10183777777;10383777777
1429;10445020000;10183777777;10383777777
1430;10445026000;10225411111;10425411111
1431;10445027000;10225411111;10425411111
1432;10445028000;10225411111;10425411111
1433;10445028000;10225411111;10425411111
1434;10445029000;10225411111;10425411111
1435;10445030000;10225411111;10425411111
1436;10445031000;10225411111;10425411111
1437;10445032000;10225411111;10425411111
1438;10445033000;10225411111;10425411111
1439;10445034000;10225411111;10425411111
1440;10486668000;10225411111;10425411111
1441;10486674000;10267144444;10467144444
1442;10486675000;10267144444;10467144444
1443;10486676000;10267144444;10467144444
1444;10486677000;10267144444;10467144444
1445;10486678000;10267144444;10467144444
1446;10486679000;10267144444;10467144444
1447;10486680000;10267144444;10467144444
1448;10486680000;10267144444;10467144444
1449;10486681000;10267144444;10467144444
1450;10486682000;10267144444;10467144444
1451;10528405000;10267144444;10467144444
1452;10528423000;10308777777;10508777777
1453;10528425000;10308777777;10508777777
1454;10528425000;10308777777;10508777777
1455;10528427000;10308777777;10508777777
1456;10528427000;10308777777;10508777777
1457;10528428000;10308777777;10508777777
1458;10528429000;10308777777;10508777777
1459;10528431000;10308777777;10508777777
1460;10528448000;10308777777;10508777777
1461;10528449000;10308777777;10508777777
1462;10570064000;10308777777;10508777777
1463;10570070000;10350466666;10550466666
1464;10570072000;10350466666;10550466666
1465;10570073000;10350466666;10550466666
1466;10570074000;10350466666;10550466666
1467;10570075000;10350466666;10550466666
1468;10570076000;10350466666;10550466666
1469;10570077000;10350466666;10550466666
1470;10570078000;10350466666;10550466666
1471;10570079000;10350466666;10550466666
1472;10570079000;10350466666;10550466666
1473;10611759000;10350466666;10550466666
1474;10611764000;10392155555;10592155555
1475;10611765000;10392155555;10592155555
1476;10611766000;10392155555;10592155555
1477;10611767000;10392155555;10592155555
1478;10611769000;10392155555;10592155555
1479;10611769000;10392155555;10592155555
1480;10611770000;10392155555;10592155555
1481;10611771000;10392155555;10592155555
1482;10611772000;10392155555;10592155555
1483;10611773000;10392155555;10592155555
1484;10653422000;10392155555;10592155555
1485;10653427000;10433755555;10633755555
1486;10653428000;10433755555;10633755555
1487;10653429000;10433755555;10633755555
1488;10653430000;10433755555;10633755555
1489;10653431000;10433755555;10633755555
1490;10653432000;10433755555;10633755555
1491;10653433000;10433755555;10633755555
1492;10653434000;10433755555;10633755555
1493;10653435000;10433755555;10633755555
1494;10653435000;10433755555;10633755555
1495;10695046000;10433755555;10633755555
1496;10695052000;10475477777;10675477777
1497;10695053000;10475477777;10675477777
1498;10695053000;10475477777;10675477777
1499;10695054000;10475477777;10675477777
1500;10695055000;10475477777;10675477777
1501;10695056000;10475477777;10675477777
1502;10695057000;10475477777;10675477777
1503;10695058000;10475477777;10675477777
1504;10695059000;10475477777;10675477777
1505;10695060000;10475477777;10675477777
1506;10736771000;10475477777;10675477777
1507;10736776000;10517100000;10717100000
1508;10736777000;10517100000;10717100000
1509;10736789000;10517100000;10717100000
1510;10736790000;10517100000;10717100000
1512;10778929000;10517100000;10717100000
1513;10778932000;10517100000;10717100000
1514;10778944000;10517100000;10717100000
1515;10778945000;10517100000;10717100000
1516;10778946000;10517100000;10717100000
1517;10779053000;10517100000;10717100000
1518;10779059000;10558733333;10758733333
1519;10779060000;10558733333;10758733333
1520;10779061000;10558733333;10758733333
1521;10779062000;10558733333;10758733333
1522;10779063000;10558733333;10758733333
1523;10779064000;10558733333;10758733333
1524;10779065000;10558733333;10758733333
1525;10779066000;10558733333;10758733333
1526;10779067000;10558733333;10758733333
1527;10779068000;10558733333;10758733333
1528;10820022000;10558733333;10758733333
1529;10820028000;10600466666;10800466666
1530;10820029000;10600466666;10800466666
1531;10820030000;10600466666;10800466666
1532;10820031000;10600466666;10800466666
1533;10820032000;10600466666;10800466666
1535;10861908000;10600466666;10800466666
1536;10861911000;10600466666;10800466666
1537;10861922000;10600466666;10800466666
1538;10861923000;10600466666;10800466666
1539;10862032000;10600466666;10800466666
1540;10862037000;10642177777;10842177777
1541;10862039000;10642177777;10842177777
1542;10862039000;10642177777;10842177777
1543;10862040000;10642177777;10842177777
1544;10862041000;10642177777;10842177777
1545;10862042000;10642177777;10842177777
1546;10862043000;10642177777;10842177777
1547;10862044000;10642177777;10842177777
1548;10862045000;10642177777;10842177777
1549;10862046000;10642177777;10842177777
1550;10903467000;10642177777;10842177777
1551;10903473000;10683811111;10883811111
1552;10903474000;10683811111;10883811111
1553;10903475000;10683811111;10883811111
1554;10903476000;10683811111;10883811111
1555;10903477000;10683811111;10883811111
1556;10903478000;10683811111;10883811111
1557;10903479000;10683811111;10883811111
1558;10903479000;10683811111;10883811111
1559;10903480000;10683811111;10883811111
1560;10903481000;10683811111;10883811111
1561;10945119000;10683811111;10883811111
1562;10945137000;10725433333;10925433333
1563;10945139000;10725433333;10925433333
1564;10945141000;10725433333;10925433333
1565;10945142000;10725433333;10925433333
1566;10945143000;10725433333;10925433333
1567;10945145000;10725433333;10925433333
1568;10945146000;10725433333;10925433333
1569;10945147000;10725433333;10925433333
1570;10945149000;10725433333;10925433333
1571;10945150000;10725433333;10925433333
1572;10986737000;10725433333;10925433333
1573;10986743000;10767166666;10967166666
1574;10986744000;10767166666;10967166666
1575;10986745000;10767166666;10967166666
1577;11029012000;10767166666;10967166666
1579;11029014000;10767166666;10967166666
1580;11029015000;10767166666;10967166666
1581;11029016000;10767166666;10967166666
1582;11029017000;10767166666;10967166666
1583;11029105000;10767166666;10967166666
1584;11029111000;10808788888;11008788888
1585;11029112000;10808788888;11008788888
1586;11029113000;10808788888;11008788888
1587;11029114000;10808788888;11008788888
1588;11029115000;10808788888;11008788888
1589;11029116000;10808788888;11008788888
1590;11029117000;10808788888;11008788888
1591;11029118000;10808788888;11008788888
1592;11029119000;10808788888;11008788888
1593;11029120000;10808788888;11008788888
1594;11070026000;10808788888;11008788888
1595;11070032000;10850444444;11050444444
1596;11070034000;10850444444;11050444444
1597;11070035000;10850444444;11050444444
1598;11070036000;10850444444;11050444444
1599;11070036000;10850444444;11050444444
1600;11070037000;10850444444;11050444444
1601;11070039000;10850444444;11050444444
1602;11070039000;10850444444;11050444444
1603;11070040000;10850444444;11050444444
1604;11070041000;10850444444;11050444444
1605;11111703000;10850444444;11050444444
1606;11111708000;10892166666;11092166666
1607;11111710000;10892166666;11092166666
1608;11111710000;10892166666;11092166666
1609;11111711000;10892166666;11092166666
1610;11111712000;10892166666;11092166666
1611;11111713000;10892166666;11092166666
1612;11111714000;10892166666;11092166666
1613;11111715000;10892166666;11092166666
1614;11111716000;10892166666;11092166666
1615;11111717000;10892166666;11092166666
1616;11153405000;10892166666;11092166666
1617;11153412000;10933777777;11133777777
1618;11153413000;10933777777;11133777777
1619;11153414000;10933777777;11133777777
1620;11153415000;10933777777;11133777777
1621;11153416000;10933777777;11133777777
1622;11153417000;10933777777;11133777777
1623;11153418000;10933777777;11133777777
1624;11153419000;10933777777;11133777777
1625;11153420000;10933777777;11133777777
1626;11153421000;10933777777;11133777777
1627;11195036000;10933777777;11133777777
1628;11195042000;10975533333;11175533333
1629;11195043000;10975533333;11175533333
1630;11195044000;10975533333;11175533333
1631;11195045000;10975533333;11175533333
1632;11195046000;10975533333;11175533333
1633;11195047000;10975533333;11175533333
1634;11195048000;10975533333;11175533333
1635;11195048000;10975533333;11175533333
1636;11195049000;10975533333;11175533333
1637;11195050000;10975533333;11175533333
1638;11236776000;10975533333;11175533333
1639;11236782000;11017177777;11217177777
1640;11236783000;11017177777;11217177777
1641;11236784000;11017177777;11217177777
1642;11236785000;11017177777;11217177777
1643;11236786000;11017177777;11217177777
1644;11236787000;11017177777;11217177777
1645;11236788000;11017177777;11217177777
1646;11236788000;11017177777;11217177777
1647;11236789000;11017177777;11217177777
1648;11236790000;11017177777;11217177777
1649;11278375000;11017177777;11217177777
1650;11278380000;11058788888;11258788888
1651;11278381000;11058788888;11258788888
1652;11278382000;11058788888;11258788888
1653;11278383000;11058788888;11258788888
1654;11278384000;11058788888;11258788888
1655;11278385000;11058788888;11258788888
1656;11278386000;11058788888;11258788888
1657;11278387000;11058788888;11258788888
1658;11278388000;11058788888;11258788888
1659;11278389000;11058788888;11258788888
1660;11320030000;11058788888;11258788888
1661;11320036000;11100488888;11300488888
1662;11320038000;11100488888;11300488888
1663;11320045000;11100488888;11300488888
1664;11320046000;11100488888;11300488888
1665;11320047000;11100488888;11300488888
1666;11320048000;11100488888;11300488888
1667;11320049000;11100488888;11300488888
1668;11320050000;11100488888;11300488888
1669;11320051000;11100488888;11300488888
1670;11320052000;11100488888;11300488888
1671;11361682000;11100488888;11300488888
1672;11361688000;11142155555;11342155555
1673;11361689000;11142155555;11342155555
1674;11361690000;11142155555;11342155555
1675;11361691000;11142155555;11342155555
1676;11361692000;11142155555;11342155555
1677;11361693000;11142155555;11342155555
1678;11361694000;11142155555;11342155555
1679;11361695000;11142155555;11342155555
1680;11361696000;11142155555;11342155555
1681;11361696000;11142155555;11342155555
1682;11403396000;11142155555;11342155555
1683;11403402000;11183755555;11383755555
1684;11403403000;11183755555;11383755555
1685;11403404000;11183755555;11383755555
1686;11403405000;11183755555;11383755555
1687;11403406000;11183755555;11383755555
1688;11403407000;11183755555;11383755555
1689;11403408000;11183755555;11383755555
1690;11403409000;11183755555;11383755555
1691;11403410000;11183755555;11383755555
1692;11403411000;11183755555;11383755555
1693;11444954000;11183755555;11383755555
1694;11444960000;11225422222;11425422222
1695;11444961000;11225422222;11425422222
1696;11444962000;11225422222;11425422222
1697;11444963000;11225422222;11425422222
1698;11444964000;11225422222;11425422222
1699;11444965000;11225422222;11425422222
1700;11444966000;11225422222;11425422222
1701;11444967000;11225422222;11425422222
1702;11444968000;11225422222;11425422222
1703;11444969000;11225422222;11425422222
1704;11486664000;11225422222;11425422222
1705;11486670000;11267133333;11467133333
1706;11486671000;11267133333;11467133333
1707;11486672000;11267133333;11467133333
1708;11486673000;11267133333;11467133333
1709;11486674000;11267133333;11467133333
1710;11486675000;11267133333;11467133333
1711;11486676000;11267133333;11467133333
1712;11486677000;11267133333;11467133333
1713;11486677000;11267133333;11467133333
1714;11486678000;11267133333;11467133333
1715;11528375000;11267133333;11467133333
1716;11528381000;11308788888;11508788888
1717;11528382000;11308788888;11508788888
1718;11528383000;11308788888;11508788888
1719;11528384000;11308788888;11508788888
1720;11528385000;11308788888;11508788888
1721;11528386000;11308788888;11508788888
1722;11528387000;11308788888;11508788888
1724;11570603000;11308788888;11508788888
1725;11570605000;11308788888;11508788888
1726;11570664000;11308788888;11508788888
1727;11570669000;11350444444;11550444444
1728;11570670000;11350444444;11550444444
1729;11570671000;11350444444;11550444444
1730;11570672000;11350444444;11550444444
1731;11570673000;11350444444;11550444444
1732;11570674000;11350444444;11550444444
1733;11570675000;11350444444;11550444444
1734;11570676000;11350444444;11550444444
1735;11570676000;11350444444;11550444444
1736;11570677000;11350444444;11550444444
1737;11611682000;11350444444;11550444444
1738;11611688000;11392200000;11592200000
1739;11611689000;11392200000;11592200000
1741;11653646000;11392200000;11592200000
1743;11653648000;11392200000;11592200000
1744;11653649000;11392200000;11592200000
1745;11653650000;11392200000;11592200000
1746;11653651000;11392200000;11592200000
1747;11653652000;11392200000;11592200000
1748;11653711000;11392200000;11592200000
1749;11653716000;11433766666;11633766666
1750;11653717000;11433766666;11633766666
1751;11653718000;11433766666;11633766666
1752;11653718000;11433766666;11633766666
1753;11653719000;11433766666;11633766666
1754;11653720000;11433766666;11633766666
1755;11653721000;11433766666;11633766666
1756;11653722000;11433766666;11633766666
1757;11653723000;11433766666;11633766666
1758;11653724000;11433766666;11633766666
1759;11695008000;11433766666;11633766666
1760;11695014000;11475455555;11675455555
1761;11695015000;11475455555;11675455555
1762;11695015000;11475455555;11675455555
1763;11695016000;11475455555;11675455555
1764;11695017000;11475455555;11675455555
1765;11695018000;11475455555;11675455555
1766;11695026000;11475455555;11675455555
1767;11695027000;11475455555;11675455555
1768;11695028000;11475455555;11675455555
1769;11695029000;11475455555;11675455555
1770;11736697000;11475455555;11675455555
1771;11736703000;11517177777;11717177777
1772;11736705000;11517177777;11717177777
1773;11736705000;11517177777;11717177777
1775;11778828000;11517177777;11717177777
1776;11778830000;11517177777;11717177777
1777;11778831000;11517177777;11717177777
1779;11778832000;11517177777;11717177777
1780;11778833000;11517177777;11717177777
1781;11778893000;11517177777;11717177777
1782;11778897000;11558788888;11758788888
1783;11778898000;11558788888;11758788888
1784;11778899000;11558788888;11758788888
1785;11778900000;11558788888;11758788888
1786;11778901000;11558788888;11758788888
1787;11778902000;11558788888;11758788888
1788;11778903000;11558788888;11758788888
1789;11778904000;11558788888;11758788888
1790;11778905000;11558788888;11758788888
1791;11778906000;11558788888;11758788888
1792;11820028000;11558788888;11758788888
1793;11820034000;11600455555;11800455555
1794;11820035000;11600455555;11800455555
1795;11820036000;11600455555;11800455555
1796;11820037000;11600455555;11800455555
1797;11820038000;11600455555;11800455555
1798;11820039000;11600455555;11800455555
1799;11820040000;11600455555;11800455555
1800;11820041000;11600455555;11800455555
1801;11820042000;11600455555;11800455555
1802;11820042000;11600455555;11800455555
1803;11861697000;11600455555;11800455555
1804;11861703000;11642155555;11842155555
1805;11861705000;11642155555;11842155555
1806;11861705000;11642155555;11842155555
1807;11861706000;11642155555;11842155555
1808;11861707000;11642155555;11842155555
1809;11861708000;11642155555;11842155555
1810;11861709000;11642155555;11842155555
1811;11861710000;11642155555;11842155555
1812;11861711000;11642155555;11842155555
1813;11861712000;11642155555;11842155555
1814;11903387000;11642155555;11842155555
1816;11945681000;11683800000;11883800000
1818;11945683000;11683800000;11883800000
1820;11945684000;11683800000;11883800000
1821;11945685000;11683800000;11883800000
1822;11945686000;11683800000;11883800000
1823;11945687000;11683800000;11883800000
1824;11945688000;11683800000;11883800000
1825;11945751000;11683800000;11883800000
1826;11945756000;11725444444;11925444444
1827;11945756000;11725444444;11925444444
1828;11945758000;11725444444;11925444444
1829;11945759000;11725444444;11925444444
1831;11986677000;11725444444;11925444444
1832;11986690000;11725444444;11925444444
1833;11986691000;11725444444;11925444444
1834;11986692000;11725444444;11925444444
1835;11986693000;11725444444;11925444444
1836;11986752000;11725444444;11925444444
1837;11986757000;11767200000;11967200000
1838;11986758000;11767200000;11967200000
1839;11986759000;11767200000;11967200000
1840;11986760000;11767200000;11967200000
1841;11986761000;11767200000;11967200000
1843;12028437000;11767200000;11967200000
1844;12028439000;11767200000;11967200000
1845;12028440000;11767200000;11967200000
1846;12028441000;11767200000;11967200000
1847;12028501000;11767200000;11967200000
1848;12028505000;11808755555;12008755555
1849;12028506000;11808755555;12008755555
1850;12028507000;11808755555;12008755555
1851;12028508000;11808755555;12008755555
1852;12028509000;11808755555;12008755555
1853;12028510000;11808755555;12008755555
1854;12028517000;11808755555;12008755555
1855;12028518000;11808755555;12008755555
1856;12028519000;11808755555;12008755555
1857;12028521000;11808755555;12008755555
1858;12069954000;11808755555;12008755555
1859;12069960000;11850444444;12050444444
1860;12069962000;11850444444;12050444444
1861;12069963000;11850444444;12050444444
1862;12069964000;11850444444;12050444444
1863;12069965000;11850444444;12050444444
1864;12069966000;11850444444;12050444444
1865;12069967000;11850444444;12050444444
1866;12069968000;11850444444;12050444444
1867;12069968000;11850444444;12050444444
1868;12069969000;11850444444;12050444444
1869;12111676000;11850444444;12050444444
1870;12111682000;11892166666;12092166666
1871;12111683000;11892166666;12092166666
1872;12111684000;11892166666;12092166666
1873;12111693000;11892166666;12092166666
1874;12111694000;11892166666;12092166666
1875;12111695000;11892166666;12092166666
1876;12111696000;11892166666;12092166666
1877;12111697000;11892166666;12092166666
1878;12111698000;11892166666;12092166666
1879;12111699000;11892166666;12092166666
1880;12153407000;11892166666;12092166666
1881;12153413000;11933755555;12133755555
1882;12153415000;11933755555;12133755555
1883;12153416000;11933755555;12133755555
1884;12153416000;11933755555;12133755555
1885;12153417000;11933755555;12133755555
1886;12153418000;11933755555;12133755555
1887;12153419000;11933755555;12133755555
1888;12153420000;11933755555;12133755555
1889;12153421000;11933755555;12133755555
1890;12153422000;11933755555;12133755555
1891;12194995000;11933755555;12133755555
1893;12237428000;11975400000;12175400000
1894;12237430000;11975400000;12175400000
1895;12237431000;11975400000;12175400000
1896;12237432000;11975400000;12175400000
1897;12237432000;11975400000;12175400000
1898;12237433000;11975400000;12175400000
1899;12237434000;11975400000;12175400000
1900;12237435000;11975400000;12175400000
1901;12237436000;11975400000;12175400000
1902;12237505000;11975400000;12175400000
1903;12237525000;12017144444;12217144444
1904;12237526000;12017144444;12217144444
1905;12237527000;12017144444;12217144444
1906;12237528000;12017144444;12217144444
1907;12237529000;12017144444;12217144444
1908;12237530000;12017144444;12217144444
1909;12237531000;12017144444;12217144444
1910;12237532000;12017144444;12217144444
1911;12237533000;12017144444;12217144444
1912;12237534000;12017144444;12217144444
1913;12278381000;12017144444;12217144444
1914;12278387000;12058766666;12258766666
1915;12278388000;12058766666;12258766666
1916;12278389000;12058766666;12258766666
1917;12278390000;12058766666;12258766666
1918;12278391000;12058766666;12258766666
1919;12278392000;12058766666;12258766666
1920;12278393000;12058766666;12258766666
1921;12278393000;12058766666;12258766666
1922;12278394000;12058766666;12258766666
1923;12278395000;12058766666;12258766666
1924;12320007000;12058766666;12258766666
1925;12320013000;12100477777;12300477777
1926;12320014000;12100477777;12300477777
1927;12320015000;12100477777;12300477777
1928;12320016000;12100477777;12300477777
1929;12320017000;12100477777;12300477777
1930;12320018000;12100477777;12300477777
1931;12320019000;12100477777;12300477777
1932;12320020000;12100477777;12300477777
1933;12320021000;12100477777;12300477777
1934;12320021000;12100477777;12300477777
1935;12361720000;12100477777;12300477777
1936;12361726000;12142133333;12342133333
1937;12361727000;12142133333;12342133333
1938;12361728000;12142133333;12342133333
1939;12361729000;12142133333;12342133333
1943;12403979000;12142133333;12342133333
1944;12403990000;12142133333;12342133333
1945;12403992000;12142133333;12342133333
1946;12404073000;12142133333;12342133333
1947;12404077000;12183733333;12383733333
1948;12404078000;12183733333;12383733333
1949;12404079000;12183733333;12383733333
1950;12404080000;12183733333;12383733333
1951;12404081000;12183733333;12383733333
1952;12404082000;12183733333;12383733333
1953;12404083000;12183733333;12383733333
1954;12404084000;12183733333;12383733333
1955;12404085000;12183733333;12383733333
1956;12404085000;12183733333;12383733333
1957;12444971000;12183733333;12383733333
1959;12486843000;12225400000;12425400000
1961;12486856000;12225400000;12425400000
1963;12486857000;12225400000;12425400000
1964;12486858000;12225400000;12425400000
1965;12486859000;12225400000;12425400000
1966;12486860000;12225400000;12425400000
1967;12486861000;12225400000;12425400000
1968;12486930000;12225400000;12425400000
1969;12486943000;12267144444;12467144444
1970;12486944000;12267144444;12467144444
1971;12486945000;12267144444;12467144444
1972;12486946000;12267144444;12467144444
1973;12486947000;12267144444;12467144444
1974;12486948000;12267144444;12467144444
1975;12486949000;12267144444;12467144444
1976;12486950000;12267144444;12467144444
1977;12486951000;12267144444;12467144444
1978;12486952000;12267144444;12467144444
1979;12528339000;12267144444;12467144444
1980;12528351000;12308766666;12508766666
1981;12528353000;12308766666;12508766666
1982;12528353000;12308766666;12508766666
1983;12528354000;12308766666;12508766666
1984;12528356000;12308766666;12508766666
1985;12528356000;12308766666;12508766666
1986;12528357000;12308766666;12508766666
1987;12528358000;12308766666;12508766666
1988;12528359000;12308766666;12508766666
1989;12528360000;12308766666;12508766666
1990;12569960000;12308766666;12508766666
1991;12569966000;12350444444;12550444444
1992;12569967000;12350444444;12550444444
1993;12569968000;12350444444;12550444444
1994;12569969000;12350444444;12550444444
1995;12569970000;12350444444;12550444444
1996;12569971000;12350444444;12550444444
1997;12569972000;12350444444;12550444444
1998;12569973000;12350444444;12550444444
1999;12569973000;12350444444;12550444444
2000;12569974000;12350444444;12550444444
2001;12611640000;12350444444;12550444444
2002;12611646000;12392166666;12592166666
2003;12611647000;12392166666;12592166666
2004;12611648000;12392166666;12592166666
2005;12611649000;12392166666;12592166666
2006;12611650000;12392166666;12592166666
2007;12611651000;12392166666;12592166666
2008;12611652000;12392166666;12592166666
2009;12611652000;12392166666;12592166666
2010;12611653000;12392166666;12592166666
2011;12611654000;12392166666;12592166666
2012;12653408000;12392166666;12592166666
2013;12653414000;12433744444;12633744444
2014;12653416000;12433744444;12633744444
2015;12653416000;12433744444;12633744444
2016;12653417000;12433744444;12633744444
2017;12653418000;12433744444;12633744444
2018;12653419000;12433744444;12633744444
2019;12653420000;12433744444;12633744444
2020;12653421000;12433744444;12633744444
2021;12653422000;12433744444;12633744444
2022;12653423000;12433744444;12633744444
2023;12694982000;12433744444;12633744444
2024;12694988000;12475444444;12675444444
2025;12694990000;12475444444;12675444444
2026;12694991000;12475444444;12675444444
2027;12694992000;12475444444;12675444444
2028;12694993000;12475444444;12675444444
2029;12694994000;12475444444;12675444444
2030;12694995000;12475444444;12675444444
2031;12694995000;12475444444;12675444444
2032;12694997000;12475444444;12675444444
2033;12694997000;12475444444;12675444444
2034;12736708000;12475444444;12675444444
2035;12736715000;12517077777;12717077777
2036;12736716000;12517077777;12717077777
2037;12736717000;12517077777;12717077777
2038;12736718000;12517077777;12717077777
2039;12736719000;12517077777;12717077777
2040;12736720000;12517077777;12717077777
2041;12736721000;12517077777;12717077777
2042;12736722000;12517077777;12717077777
2043;12736723000;12517077777;12717077777
2044;12736724000;12517077777;12717077777
2045;12778336000;12517077777;12717077777
2046;12778342000;12558733333;12758733333
2047;12778343000;12558733333;12758733333
2048;12778344000;12558733333;12758733333
2049;12778345000;12558733333;12758733333
2050;12778346000;12558733333;12758733333
2051;12778347000;12558733333;12758733333
2052;12778348000;12558733333;12758733333
2053;12778349000;12558733333;12758733333
2054;12778350000;12558733333;12758733333
2055;12778351000;12558733333;12758733333
2056;12820026000;12558733333;12758733333
2057;12820032000;12600422222;12800422222
2058;12820033000;12600422222;12800422222
2059;12820033000;12600422222;12800422222
2060;12820034000;12600422222;12800422222
2061;12820035000;12600422222;12800422222
2062;12820036000;12600422222;12800422222
2063;12820037000;12600422222;12800422222
2064;12820038000;12600422222;12800422222
2065;12820039000;12600422222;12800422222
2066;12820040000;12600422222;12800422222
2067;12861697000;12600422222;12800422222
2068;12861703000;12642166666;12842166666
2069;12861704000;12642166666;12842166666
2070;12861705000;12642166666;12842166666
2071;12861706000;12642166666;12842166666
2072;12861707000;12642166666;12842166666
2073;12861708000;12642166666;12842166666
2074;12861709000;12642166666;12842166666
2075;12861709000;12642166666;12842166666
2076;12861710000;12642166666;12842166666
2077;12861711000;12642166666;12842166666
2078;12903474000;12642166666;12842166666
2079;12903479000;12683766666;12883766666
2080;12903488000;12683766666;12883766666
2081;12903489000;12683766666;12883766666
2082;12903490000;12683766666;12883766666
2083;12903490000;12683766666;12883766666
2084;12903491000;12683766666;12883766666
2085;12903492000;12683766666;12883766666
2086;12903493000;12683766666;12883766666
2087;12903494000;12683766666;12883766666
2088;12903495000;12683766666;12883766666
2089;12945076000;12683766666;12883766666
2090;12945082000;12725544444;12925544444
2091;12945083000;12725544444;12925544444
2092;12945084000;12725544444;12925544444
2093;12945085000;12725544444;12925544444
2094;12945086000;12725544444;12925544444
2095;12945087000;12725544444;12925544444
2096;12945087000;12725544444;12925544444
2097;12945088000;12725544444;12925544444
2098;12945089000;12725544444;12925544444
2099;12945090000;12725544444;12925544444
2100;12986849000;12725544444;12925544444
2101;12986855000;12767288888;12967288888
2102;12986856000;12767288888;12967288888
2103;12986857000;12767288888;12967288888
2104;12986858000;12767288888;12967288888
2105;12986859000;12767288888;12967288888
2106;12986860000;12767288888;12967288888
2107;12986861000;12767288888;12967288888
2108;12986862000;12767288888;12967288888
2109;12986863000;12767288888;12967288888
2110;12986864000;12767288888;12967288888
2111;13028598000;12767288888;12967288888
2112;13028604000;12808800000;13008800000
2113;13028605000;12808800000;13008800000
2115;13070186000;12808800000;13008800000
2116;13070189000;12808800000;13008800000
2117;13070191000;12808800000;13008800000
2119;13070202000;12808800000;13008800000
2120;13070203000;12808800000;13008800000
2121;13070204000;12808800000;13008800000
2122;13070329000;12808800000;13008800000
2123;13070335000;12850455555;13050455555
2124;13070336000;12850455555;13050455555
2125;13070337000;12850455555;13050455555
2126;13070338000;12850455555;13050455555
2127;13070339000;12850455555;13050455555
2128;13070340000;12850455555;13050455555
2130;13111692000;12850455555;13050455555
2131;13111706000;12850455555;13050455555
2132;13111707000;12850455555;13050455555
2133;13111814000;12850455555;13050455555
2134;13111820000;12892188888;13092188888
2135;13111821000;12892188888;13092188888
2136;13111822000;12892188888;13092188888
2137;13111823000;12892188888;13092188888
2138;13111824000;12892188888;13092188888
2139;13111825000;12892188888;13092188888
2140;13111826000;12892188888;13092188888
2141;13111827000;12892188888;13092188888
2142;13111828000;12892188888;13092188888
2143;13111829000;12892188888;13092188888
2144;13153453000;12892188888;13092188888
2145;13153458000;12933755555;13133755555
2146;13153459000;12933755555;13133755555
2147;13153460000;12933755555;13133755555
2148;13153461000;12933755555;13133755555
2149;13153462000;12933755555;13133755555
2150;13153463000;12933755555;13133755555
2151;13153464000;12933755555;13133755555
2152;13153465000;12933755555;13133755555
2153;13153466000;12933755555;13133755555
2154;13153467000;12933755555;13133755555
2155;13195061000;12933755555;13133755555
2156;13195067000;12975455555;13175455555
2157;13195068000;12975455555;13175455555
2158;13195069000;12975455555;13175455555
2159;13195070000;12975455555;13175455555
2160;13195071000;12975455555;13175455555
2161;13195072000;12975455555;13175455555
2162;13195072000;12975455555;13175455555
2163;13195073000;12975455555;13175455555
2164;13195074000;12975455555;13175455555
2165;13195075000;12975455555;13175455555
2166;13236751000;12975455555;13175455555
2167;13236757000;13017177777;13217177777
2168;13236758000;13017177777;13217177777
2169;13236759000;13017177777;13217177777
2170;13236760000;13017177777;13217177777
2171;13236761000;13017177777;13217177777
2173;13278991000;13017177777;13217177777
2174;13278993000;13017177777;13217177777
2175;13278994000;13017177777;13217177777
2176;13278995000;13017177777;13217177777
2177;13279103000;13017177777;13217177777
2178;13279109000;13058800000;13258800000
2179;13279110000;13058800000;13258800000
2180;13279111000;13058800000;13258800000
2181;13279112000;13058800000;13258800000
2182;13279113000;13058800000;13258800000
2183;13279114000;13058800000;13258800000
2184;13279127000;13058800000;13258800000
2185;13279127000;13058800000;13258800000
2186;13279128000;13058800000;13258800000
2187;13279129000;13058800000;13258800000
2188;13320054000;13058800000;13258800000
2189;13320060000;13100511111;13300511111
2190;13320061000;13100511111;13300511111
2191;13320062000;13100511111;13300511111
2193;13361956000;13100511111;13300511111
2195;13361959000;13100511111;13300511111
2196;13361971000;13100511111;13300511111
2197;13361972000;13100511111;13300511111
2198;13361973000;13100511111;13300511111
2199;13362080000;13100511111;13300511111
2200;13362086000;13142188888;13342188888
2201;13362087000;13142188888;13342188888
2202;13362088000;13142188888;13342188888
2203;13362089000;13142188888;13342188888
2204;13362090000;13142188888;13342188888
2205;13362090000;13142188888;13342188888
2206;13362091000;13142188888;13342188888
2207;13362092000;13142188888;13342188888
2208;13362093000;13142188888;13342188888
2209;13362094000;13142188888;13342188888
2210;13403478000;13142188888;13342188888
2211;13403484000;13183866666;13383866666
2212;13403485000;13183866666;13383866666
2213;13403486000;13183866666;13383866666
2214;13403487000;13183866666;13383866666
2215;13403488000;13183866666;13383866666
2216;13403489000;13183866666;13383866666
2217;13403490000;13183866666;13383866666
2218;13403491000;13183866666;13383866666
2219;13403492000;13183866666;13383866666
2220;13403492000;13183866666;13383866666
2221;13445160000;13183866666;13383866666
2222;13445166000;13225555555;13425555555
2223;13445167000;13225555555;13425555555
2224;13445168000;13225555555;13425555555
2225;13445169000;13225555555;13425555555
2226;13445170000;13225555555;13425555555
2227;13445171000;13225555555;13425555555
2228;13445172000;13225555555;13425555555
2229;13445173000;13225555555;13425555555
2230;13445174000;13225555555;13425555555
2231;13445174000;13225555555;13425555555
2232;13486846000;13225555555;13425555555
2233;13486851000;13267377777;13467377777
2234;13486852000;13267377777;13467377777
2235;13486853000;13267377777;13467377777
2236;13486854000;13267377777;13467377777
2237;13486855000;13267377777;13467377777
2238;13486856000;13267377777;13467377777
2239;13486857000;13267377777;13467377777
2240;13486858000;13267377777;13467377777
2241;13486859000;13267377777;13467377777
2242;13486860000;13267377777;13467377777
2243;13528686000;13267377777;13467377777
2244;13528692000;13308888888;13508888888
2245;13528693000;13308888888;13508888888
2246;13528694000;13308888888;13508888888
2247;13528695000;13308888888;13508888888
2248;13528696000;13308888888;13508888888
2249;13528697000;13308888888;13508888888
2250;13528698000;13308888888;13508888888
2252;13570889000;13308888888;13508888888
2254;13571011000;13308888888;13508888888
2255;13571017000;13350722222;13550722222
2256;13571019000;13350722222;13550722222
2257;13571020000;13350722222;13550722222
2258;13571021000;13350722222;13550722222
2259;13571021000;13350722222;13550722222
2260;13571022000;13350722222;13550722222
2261;13571023000;13350722222;13550722222
2262;13571024000;13350722222;13550722222
2263;13571025000;13350722222;13550722222
2264;13571026000;13350722222;13550722222
2265;13612004000;13350722222;13550722222
2266;13612010000;13392188888;13592188888
2267;13612011000;13392188888;13592188888
2268;13612013000;13392188888;13592188888
2269;13612014000;13392188888;13592188888
2270;13612014000;13392188888;13592188888
2271;13612015000;13392188888;13592188888
2272;13612016000;13392188888;13592188888
2273;13612017000;13392188888;13592188888
2274;13612018000;13392188888;13592188888
2275;13612019000;13392188888;13592188888
2276;13653474000;13392188888;13592188888
2277;13653481000;13433788888;13633788888
2278;13653482000;13433788888;13633788888
2279;13653483000;13433788888;13633788888
2280;13653484000;13433788888;13633788888
2281;13653485000;13433788888;13633788888
2282;13653486000;13433788888;13633788888
2283;13653487000;13433788888;13633788888
2284;13653488000;13433788888;13633788888
2285;13653489000;13433788888;13633788888
2286;13653490000;13433788888;13633788888
2287;13695078000;13433788888;13633788888
2288;13695091000;13475466666;13675466666
2289;13695092000;13475466666;13675466666
2290;13695093000;13475466666;13675466666
2291;13695094000;13475466666;13675466666
2292;13695095000;13475466666;13675466666
2293;13695096000;13475466666;13675466666
2294;13695097000;13475466666;13675466666
2296;13737324000;13475466666;13675466666
2297;13737327000;13475466666;13675466666
2298;13737445000;13475466666;13675466666
2299;13737451000;13517211111;13717211111
2300;13737452000;13517211111;13717211111
2301;13737453000;13517211111;13717211111
2302;13737454000;13517211111;13717211111
2303;13737455000;13517211111;13717211111
2304;13737456000;13517211111;13717211111
2305;13737457000;13517211111;13717211111
2306;13737458000;13517211111;13717211111
2307;13737458000;13517211111;13717211111
2308;13737459000;13517211111;13717211111
2309;13778521000;13517211111;13717211111
2310;13778526000;13558788888;13758788888
2311;13778528000;13558788888;13758788888
2312;13778528000;13558788888;13758788888
2313;13778529000;13558788888;13758788888
2314;13778530000;13558788888;13758788888
2315;13778531000;13558788888;13758788888
2316;13778532000;13558788888;13758788888
2317;13778533000;13558788888;13758788888
2318;13778534000;13558788888;13758788888
2319;13778535000;13558788888;13758788888
2320;13820098000;13558788888;13758788888
2321;13820104000;13600466666;13800466666
2322;13820105000;13600466666;13800466666
2323;13820106000;13600466666;13800466666
2324;13820107000;13600466666;13800466666
2325;13820108000;13600466666;13800466666
2326;13820109000;13600466666;13800466666
2327;13820110000;13600466666;13800466666
2328;13820111000;13600466666;13800466666
2330;13862106000;13600466666;13800466666
2331;13862224000;13600466666;13800466666
2332;13862229000;13642233333;13842233333
2333;13862230000;13642233333;13842233333
2334;13862231000;13642233333;13842233333
2335;13862232000;13642233333;13842233333
2336;13862233000;13642233333;13842233333
2337;13862234000;13642233333;13842233333
2338;13862235000;13642233333;13842233333
2339;13862236000;13642233333;13842233333
2340;13862237000;13642233333;13842233333
2341;13862238000;13642233333;13842233333
2342;13903522000;13642233333;13842233333
2343;13903529000;13683800000;13883800000
2344;13903530000;13683800000;13883800000
2346;13945220000;13683800000;13883800000
2348;13945222000;13683800000;13883800000
2349;13945223000;13683800000;13883800000
2350;13945224000;13683800000;13883800000
2351;13945225000;13683800000;13883800000
2352;13945226000;13683800000;13883800000
2353;13945309000;13683800000;13883800000
2354;13945315000;13725455555;13925455555
2355;13945316000;13725455555;13925455555
2356;13945318000;13725455555;13925455555
2357;13945318000;13725455555;13925455555
2358;13945319000;13725455555;13925455555
2359;13945320000;13725455555;13925455555
2360;13945321000;13725455555;13925455555
2361;13945322000;13725455555;13925455555
2362;13945323000;13725455555;13925455555
2363;13945324000;13725455555;13925455555
2364;13986712000;13725455555;13925455555
2365;13986718000;13767188888;13967188888
2366;13986719000;13767188888;13967188888
2367;13986720000;13767188888;13967188888
2368;13986721000;13767188888;13967188888
2369;13986722000;13767188888;13967188888
2370;13986723000;13767188888;13967188888
2371;13986723000;13767188888;13967188888
2372;13986724000;13767188888;13967188888
2373;13986725000;13767188888;13967188888
2374;13986726000;13767188888;13967188888
2375;14028374000;13767188888;13967188888
2376;14028381000;13808755555;14008755555
2377;14028391000;13808755555;14008755555
2378;14028393000;13808755555;14008755555
2379;14028394000;13808755555;14008755555
2380;14028395000;13808755555;14008755555
2381;14028396000;13808755555;14008755555
2382;14028397000;13808755555;14008755555
2383;14028398000;13808755555;14008755555
2384;14028399000;13808755555;14008755555
2385;14028400000;13808755555;14008755555
2386;14070010000;13808755555;14008755555
2387;14070016000;13850688888;14050688888
2388;14070017000;13850688888;14050688888
2389;14070018000;13850688888;14050688888
2390;14070019000;13850688888;14050688888
2391;14070020000;13850688888;14050688888
2392;14070028000;13850688888;14050688888
2393;14070029000;13850688888;14050688888
2394;14070030000;13850688888;14050688888
2395;14070031000;13850688888;14050688888
2396;14070031000;13850688888;14050688888
2397;14111996000;13850688888;14050688888
2398;14112002000;13892244444;14092244444
2399;14112003000;13892244444;14092244444
2400;14112004000;13892244444;14092244444
2401;14112005000;13892244444;14092244444
2402;14112006000;13892244444;14092244444
2403;14112007000;13892244444;14092244444
2404;14112008000;13892244444;14092244444
2405;14112009000;13892244444;14092244444
2406;14112010000;13892244444;14092244444
2407;14112011000;13892244444;14092244444
2408;14153542000;13892244444;14092244444
2409;14153557000;13933788888;14133788888
2410;14153559000;13933788888;14133788888
2411;14153559000;13933788888;14133788888
2412;14153561000;13933788888;14133788888
2413;14153562000;13933788888;14133788888
2414;14153563000;13933788888;14133788888
2415;14153564000;13933788888;14133788888
2416;14153564000;13933788888;14133788888
2417;14153565000;13933788888;14133788888
2418;14153566000;13933788888;14133788888
2419;14195094000;13933788888;14133788888
2420;14195099000;13975444444;14175444444
2421;14195100000;13975444444;14175444444
2422;14195102000;13975444444;14175444444
2423;14195102000;13975444444;14175444444
2424;14195103000;13975444444;14175444444
2426;14237456000;13975444444;14175444444
2427;14237458000;13975444444;14175444444
2428;14237459000;13975444444;14175444444
2429;14237460000;13975444444;14175444444
2430;14237579000;13975444444;14175444444
2431;14237585000;14017144444;14217144444
2432;14237586000;14017144444;14217144444
2433;14237587000;14017144444;14217144444
2434;14237588000;14017144444;14217144444
2435;14237589000;14017144444;14217144444
2436;14237590000;14017144444;14217144444
2437;14237591000;14017144444;14217144444
2438;14237592000;14017144444;14217144444
2439;14237593000;14017144444;14217144444
2440;14237594000;14017144444;14217144444
2441;14278408000;14017144444;14217144444
2442;14278414000;14058788888;14258788888
2443;14278416000;14058788888;14258788888
2444;14278417000;14058788888;14258788888
2445;14278418000;14058788888;14258788888
2446;14278419000;14058788888;14258788888
2447;14278420000;14058788888;14258788888
2448;14278421000;14058788888;14258788888
2449;14278422000;14058788888;14258788888
2450;14278423000;14058788888;14258788888
2451;14278424000;14058788888;14258788888
2452;14320047000;14058788888;14258788888
2453;14320053000;14100511111;14300511111
2454;14320055000;14100511111;14300511111
2455;14320055000;14100511111;14300511111
2456;14320056000;14100511111;14300511111
2457;14320057000;14100511111;14300511111
2458;14320058000;14100511111;14300511111
2459;14320059000;14100511111;14300511111
2460;14320060000;14100511111;14300511111
2461;14320061000;14100511111;14300511111
2462;14320062000;14100511111;14300511111
2463;14361703000;14100511111;14300511111
2464;14361708000;14142166666;14342166666
2465;14361710000;14142166666;14342166666
2466;14361720000;14142166666;14342166666
2467;14361720000;14142166666;14342166666
2468;14361721000;14142166666;14342166666
2469;14361722000;14142166666;14342166666
2470;14361723000;14142166666;14342166666
2471;14361724000;14142166666;14342166666
2472;14361725000;14142166666;14342166666
2473;14361726000;14142166666;14342166666
2474;14403354000;14142166666;14342166666
2475;14403360000;14183766666;14383766666
2476;14403361000;14183766666;14383766666
2477;14403363000;14183766666;14383766666
2478;14403364000;14183766666;14383766666
2479;14403365000;14183766666;14383766666
2480;14403365000;14183766666;14383766666
2481;14403366000;14183766666;14383766666
2482;14403367000;14183766666;14383766666
2483;14403368000;14183766666;14383766666
2484;14403369000;14183766666;14383766666
2485;14445008000;14183766666;14383766666
2486;14445014000;14225422222;14425422222
2487;14445015000;14225422222;14425422222
2488;14445016000;14225422222;14425422222
2489;14445017000;14225422222;14425422222
2490;14445018000;14225422222;14425422222
2491;14445019000;14225422222;14425422222
2492;14445020000;14225422222;14425422222
2493;14445028000;14225422222;14425422222
2494;14445029000;14225422222;14425422222
2495;14445030000;14225422222;14425422222
2496;14486619000;14225422222;14425422222
2497;14486625000;14267255555;14467255555
2498;14486626000;14267255555;14467255555
2499;14486627000;14267255555;14467255555
2500;14486627000;14267255555;14467255555
2501;14486629000;14267255555;14467255555
2502;14486630000;14267255555;14467255555
2503;14486631000;14267255555;14467255555
2504;14486631000;14267255555;14467255555
2505;14486632000;14267255555;14467255555
2506;14486633000;14267255555;14467255555
2507;14528498000;14267255555;14467255555
2508;14528504000;14308900000;14508900000
2509;14528505000;14308900000;14508900000
2510;14528506000;14308900000;14508900000
2511;14528507000;14308900000;14508900000
2512;14528508000;14308900000;14508900000
2513;14528509000;14308900000;14508900000
2514;14528510000;14308900000;14508900000
2515;14528517000;14308900000;14508900000
2516;14528518000;14308900000;14508900000
2517;14528519000;14308900000;14508900000
2518;14570136000;14308900000;14508900000
2519;14570142000;14350744444;14550744444
2520;14570143000;14350744444;14550744444
2521;14570144000;14350744444;14550744444
2522;14570145000;14350744444;14550744444
2523;14570146000;14350744444;14550744444
2524;14570147000;14350744444;14550744444
2525;14570148000;14350744444;14550744444
2526;14570149000;14350744444;14550744444
2527;14570150000;14350744444;14550744444
2528;14570151000;14350744444;14550744444
2529;14612050000;14350744444;14550744444
2530;14612056000;14392400000;14592400000
2531;14612057000;14392400000;14592400000
2532;14612058000;14392400000;14592400000
2533;14612059000;14392400000;14592400000
2534;14612059000;14392400000;14592400000
2535;14612060000;14392400000;14592400000
2536;14612061000;14392400000;14592400000
2537;14612062000;14392400000;14592400000
2538;14612063000;14392400000;14592400000
2539;14612064000;14392400000;14592400000
2540;14653703000;14392400000;14592400000
2541;14653709000;14433766666;14633766666
2542;14653710000;14433766666;14633766666
2544;14695589000;14433766666;14633766666
2545;14695602000;14433766666;14633766666
2546;14695603000;14433766666;14633766666
2547;14695604000;14433766666;14633766666
2548;14695605000;14433766666;14633766666
2549;14695606000;14433766666;14633766666
2550;14695607000;14433766666;14633766666
2551;14695715000;14433766666;14633766666
2552;14695721000;14475488888;14675488888
2553;14695722000;14475488888;14675488888
2554;14695723000;14475488888;14675488888
2555;14695724000;14475488888;14675488888
2556;14695725000;14475488888;14675488888
2557;14695726000;14475488888;14675488888
2558;14695727000;14475488888;14675488888
2559;14695728000;14475488888;14675488888
2560;14695729000;14475488888;14675488888
2561;14695729000;14475488888;14675488888
2562;14736790000;14475488888;14675488888
2563;14736796000;14517133333;14717133333
2564;14736797000;14517133333;14717133333
2565;14736798000;14517133333;14717133333
2566;14736799000;14517133333;14717133333
2567;14736800000;14517133333;14717133333
2568;14736801000;14517133333;14717133333
2569;14736802000;14517133333;14717133333
2570;14736803000;14517133333;14717133333
2571;14736803000;14517133333;14717133333
2572;14736804000;14517133333;14717133333
2573;14778231000;14517133333;14717133333
2574;14778246000;14558777777;14758777777
2575;14778248000;14558777777;14758777777
2576;14778248000;14558777777;14758777777
2577;14778249000;14558777777;14758777777
2578;14778250000;14558777777;14758777777
2579;14778251000;14558777777;14758777777
2580;14778252000;14558777777;14758777777
2581;14778253000;14558777777;14758777777
2582;14778254000;14558777777;14758777777
2583;14778255000;14558777777;14758777777
2584;14820021000;14558777777;14758777777
2585;14820026000;14600466666;14800466666
2586;14820028000;14600466666;14800466666
2587;14820029000;14600466666;14800466666
2588;14820029000;14600466666;14800466666
2589;14820030000;14600466666;14800466666
2590;14820031000;14600466666;14800466666
2591;14820032000;14600466666;14800466666
2592;14820033000;14600466666;14800466666
2594;14862325000;14600466666;14800466666
2595;14862415000;14600466666;14800466666
2596;14862429000;14642233333;14842233333
2597;14862430000;14642233333;14842233333
2598;14862431000;14642233333;14842233333
2599;14862432000;14642233333;14842233333
2600;14862433000;14642233333;14842233333
2601;14862434000;14642233333;14842233333
2602;14862434000;14642233333;14842233333
2603;14862435000;14642233333;14842233333
2604;14862436000;14642233333;14842233333
2605;14862437000;14642233333;14842233333
2606;14903463000;14642233333;14842233333
2607;14903469000;14683800000;14883800000
2608;14903471000;14683800000;14883800000
2609;14903472000;14683800000;14883800000
2610;14903472000;14683800000;14883800000
2611;14903474000;14683800000;14883800000
2612;14903475000;14683800000;14883800000
2613;14903475000;14683800000;14883800000
2614;14903476000;14683800000;14883800000
2615;14903477000;14683800000;14883800000
2616;14903478000;14683800000;14883800000
2618;14987165000;14725455555;14925455555
2619;14987168000;14725455555;14925455555
2620;14987169000;14725455555;14925455555
2621;14987169000;14725455555;14925455555
2622;14987170000;14725455555;14925455555
2623;14987171000;14725455555;14925455555
2624;14987172000;14725455555;14925455555
2625;14987173000;14725455555;14925455555
2626;14987174000;14725455555;14925455555
2627;14987175000;14725455555;14925455555
2628;14987186000;14725455555;14925455555
2629;14987187000;14767177777;14967177777
2630;14987199000;14767177777;14967177777
2631;14987200000;14767177777;14967177777
2632;14987201000;14767177777;14967177777
2633;14987201000;14767177777;14967177777
2634;14987202000;14767177777;14967177777
2635;14987203000;14767177777;14967177777
2636;14987204000;14767177777;14967177777
2637;14987205000;14767177777;14967177777
2638;14987206000;14767177777;14967177777
2639;15028421000;14767177777;14967177777
2640;15028427000;14808733333;15008733333
2641;15028428000;14808733333;15008733333
2642;15028429000;14808733333;15008733333
2643;15028430000;14808733333;15008733333
2644;15028431000;14808733333;15008733333
2645;15028432000;14808733333;15008733333
2646;15028433000;14808733333;15008733333
2647;15028433000;14808733333;15008733333
2648;15028434000;14808733333;15008733333
2649;15028435000;14808733333;15008733333
2651;15112364000;14850655555;15050655555
2652;15112367000;14850655555;15050655555
2653;15112368000;14850655555;15050655555
2654;15112369000;14850655555;15050655555
2655;15112370000;14850655555;15050655555
2656;15112371000;14850655555;15050655555
2657;15112372000;14850655555;15050655555
2658;15112373000;14850655555;15050655555
2659;15112373000;14850655555;15050655555
2660;15112374000;14850655555;15050655555
2661;15112383000;14850655555;15050655555
2662;15112384000;14892166666;15092166666
2663;15112396000;14892166666;15092166666
2664;15112397000;14892166666;15092166666
2665;15112397000;14892166666;15092166666
2666;15112398000;14892166666;15092166666
2667;15112399000;14892166666;15092166666
2668;15112400000;14892166666;15092166666
2669;15112401000;14892166666;15092166666
2670;15112402000;14892166666;15092166666
2671;15112403000;14892166666;15092166666
2672;15153405000;14892166666;15092166666
2673;15153411000;14933944444;15133944444
2674;15153412000;14933944444;15133944444
2675;15153413000;14933944444;15133944444
2676;15153414000;14933944444;15133944444
2678;15195376000;14933944444;15133944444
2681;15195378000;14933944444;15133944444
2682;15195379000;14933944444;15133944444
2683;15195442000;14933944444;15133944444
2684;15195446000;14975466666;15175466666
2685;15195447000;14975466666;15175466666
2687;15236691000;14975466666;15175466666
2689;15236693000;14975466666;15175466666
2691;15236694000;14975466666;15175466666
2692;15236695000;14975466666;15175466666
2693;15236696000;14975466666;15175466666
2694;15236769000;14975466666;15175466666
2695;15236782000;15017144444;15217144444
2696;15236783000;15017144444;15217144444
2697;15236785000;15017144444;15217144444
2698;15236785000;15017144444;15217144444
2699;15236786000;15017144444;15217144444
2700;15236787000;15017144444;15217144444
2701;15236788000;15017144444;15217144444
2702;15236789000;15017144444;15217144444
2703;15236798000;15017144444;15217144444
2704;15236799000;15017144444;15217144444
2705;15278387000;15017144444;15217144444
2706;15278393000;15058744444;15258744444
2707;15278394000;15058744444;15258744444
2708;15278395000;15058744444;15258744444
2709;15278396000;15058744444;15258744444
2710;15278397000;15058744444;15258744444
2711;15278398000;15058744444;15258744444
2712;15278398000;15058744444;15258744444
2713;15278399000;15058744444;15258744444
2714;15278400000;15058744444;15258744444
2715;15278401000;15058744444;15258744444
2716;15319986000;15058744444;15258744444
2717;15319992000;15100611111;15300611111
2718;15319993000;15100611111;15300611111
2719;15319994000;15100611111;15300611111
2720;15319995000;15100611111;15300611111
2721;15319996000;15100611111;15300611111
2722;15319997000;15100611111;15300611111
2723;15319998000;15100611111;15300611111
2724;15319999000;15100611111;15300611111
2725;15320000000;15100611111;15300611111
2726;15320001000;15100611111;15300611111
2727;15361846000;15100611111;15300611111
2728;15361852000;15142177777;15342177777
2729;15361854000;15142177777;15342177777
2730;15361855000;15142177777;15342177777
2731;15361856000;15142177777;15342177777
2732;15361857000;15142177777;15342177777
2733;15361858000;15142177777;15342177777
2735;15404031000;15142177777;15342177777
2736;15404042000;15142177777;15342177777
2737;15404043000;15142177777;15342177777
2738;15404103000;15142177777;15342177777
2739;15404107000;15183744444;15383744444
2740;15404108000;15183744444;15383744444
2741;15404109000;15183744444;15383744444
2742;15404110000;15183744444;15383744444
2744;15444991000;15183744444;15383744444
2745;15444993000;15183744444;15383744444
2746;15444994000;15183744444;15383744444
2747;15444995000;15183744444;15383744444
2748;15444996000;15183744444;15383744444
2749;15445058000;15183744444;15383744444
2750;15445062000;15225400000;15425400000
2751;15445064000;15225400000;15425400000
2752;15445065000;15225400000;15425400000
2753;15445066000;15225400000;15425400000
2754;15445067000;15225400000;15425400000
2755;15445068000;15225400000;15425400000
2756;15445068000;15225400000;15425400000
2757;15445069000;15225400000;15425400000
2758;15445070000;15225400000;15425400000
2759;15445071000;15225400000;15425400000
2760;15486632000;15225400000;15425400000
2761;15486639000;15267111111;15467111111
2762;15486640000;15267111111;15467111111
2764;15528557000;15267111111;15467111111
2765;15528560000;15267111111;15467111111
2766;15528572000;15267111111;15467111111
2767;15528572000;15267111111;15467111111
2768;15528573000;15267111111;15467111111
2769;15528574000;15267111111;15467111111
2770;15528575000;15267111111;15467111111
2771;15528635000;15267111111;15467111111
2772;15528639000;15308777777;15508777777
2773;15528640000;15308777777;15508777777
2774;15528641000;15308777777;15508777777
2775;15528642000;15308777777;15508777777
2776;15528643000;15308777777;15508777777
2777;15528644000;15308777777;15508777777
2778;15528645000;15308777777;15508777777
2779;15528646000;15308777777;15508777777
2780;15528647000;15308777777;15508777777
2781;15528648000;15308777777;15508777777
2782;15570018000;15308777777;15508777777
2783;15570024000;15350444444;15550444444
2784;15570025000;15350444444;15550444444
2785;15570026000;15350444444;15550444444
2786;15570027000;15350444444;15550444444
2787;15570028000;15350444444;15550444444
2788;15570029000;15350444444;15550444444
2789;15570030000;15350444444;15550444444
2790;15570031000;15350444444;15550444444
2791;15570031000;15350444444;15550444444
2792;15570032000;15350444444;15550444444
2793;15611677000;15350444444;15550444444
2794;15611684000;15392155555;15592155555
2795;15611685000;15392155555;15592155555
2796;15611686000;15392155555;15592155555
2797;15611687000;15392155555;15592155555
2798;15611688000;15392155555;15592155555
2799;15611689000;15392155555;15592155555
2800;15611690000;15392155555;15592155555
2801;15611691000;15392155555;15592155555
2802;15611692000;15392155555;15592155555
2803;15611693000;15392155555;15592155555
2804;15653389000;15392155555;15592155555
2805;15653402000;15433777777;15633777777
2806;15653404000;15433777777;15633777777
2807;15653405000;15433777777;15633777777
2808;15653406000;15433777777;15633777777
2809;15653407000;15433777777;15633777777
2811;15695627000;15433777777;15633777777
2813;15695629000;15433777777;15633777777
2814;15695630000;15433777777;15633777777
2815;15695693000;15433777777;15633777777
2816;15695697000;15475444444;15675444444
2817;15695698000;15475444444;15675444444
2818;15695699000;15475444444;15675444444
2819;15695700000;15475444444;15675444444
2820;15695701000;15475444444;15675444444
2821;15695702000;15475444444;15675444444
2822;15695703000;15475444444;15675444444
2823;15695704000;15475444444;15675444444
2824;15695705000;15475444444;15675444444
2825;15695706000;15475444444;15675444444
2826;15736638000;15475444444;15675444444
2827;15736645000;15517211111;15717211111
2828;15736646000;15517211111;15717211111
2829;15736647000;15517211111;15717211111
2830;15736648000;15517211111;15717211111
2831;15736649000;15517211111;15717211111
2832;15736650000;15517211111;15717211111
2833;15736651000;15517211111;15717211111
2834;15736652000;15517211111;15717211111
2835;15736653000;15517211111;15717211111
2836;15736654000;15517211111;15717211111
2837;15778454000;15517211111;15717211111
2838;15778460000;15558833333;15758833333
2839;15778461000;15558833333;15758833333
2840;15778462000;15558833333;15758833333
2841;15778463000;15558833333;15758833333
2842;15778464000;15558833333;15758833333
2843;15778465000;15558833333;15758833333
2844;15778466000;15558833333;15758833333
2845;15778467000;15558833333;15758833333
2846;15778468000;15558833333;15758833333
2847;15778468000;15558833333;15758833333
2848;15820114000;15558833333;15758833333
2849;15820119000;15600433333;15800433333
2851;15862241000;15600433333;15800433333
2852;15862252000;15600433333;15800433333
2853;15862253000;15600433333;15800433333
2854;15862254000;15600433333;15800433333
2855;15862255000;15600433333;15800433333
2856;15862255000;15600433333;15800433333
2857;15862256000;15600433333;15800433333
2858;15862257000;15600433333;15800433333
2859;15862328000;15600433333;15800433333
2860;15862341000;15642166666;15842166666
2861;15862342000;15642166666;15842166666
2862;15862343000;15642166666;15842166666
2863;15862344000;15642166666;15842166666
2864;15862344000;15642166666;15842166666
2865;15862345000;15642166666;15842166666
2866;15862346000;15642166666;15842166666
2867;15862347000;15642166666;15842166666
2868;15862348000;15642166666;15842166666
2869;15862349000;15642166666;15842166666
2870;15903405000;15642166666;15842166666
2871;15903412000;15683844444;15883844444
2872;15903413000;15683844444;15883844444
2873;15903414000;15683844444;15883844444
2874;15903414000;15683844444;15883844444
2875;15903415000;15683844444;15883844444
2876;15903416000;15683844444;15883844444
2877;15903417000;15683844444;15883844444
2878;15903418000;15683844444;15883844444
2879;15903419000;15683844444;15883844444
2880;15903420000;15683844444;15883844444
2881;15945087000;15683844444;15883844444
2882;15945093000;15725555555;15925555555
2883;15945094000;15725555555;15925555555
2884;15945095000;15725555555;15925555555
2885;15945096000;15725555555;15925555555
2886;15945097000;15725555555;15925555555
2887;15945098000;15725555555;15925555555
2888;15945099000;15725555555;15925555555
2890;15987209000;15725555555;15925555555
2891;15987222000;15725555555;15925555555
2892;15987282000;15725555555;15925555555
2893;15987286000;15767466666;15967466666
2894;15987287000;15767466666;15967466666
2895;15987288000;15767466666;15967466666
2896;15987289000;15767466666;15967466666
2897;15987290000;15767466666;15967466666
2898;15987291000;15767466666;15967466666
2899;15987292000;15767466666;15967466666
2900;15987293000;15767466666;15967466666
2901;15987294000;15767466666;15967466666
2902;15987295000;15767466666;15967466666
2903;16028678000;15767466666;15967466666
2904;16028684000;15808833333;16008833333
2905;16028685000;15808833333;16008833333
2906;16028686000;15808833333;16008833333
2907;16028687000;15808833333;16008833333
2908;16028688000;15808833333;16008833333
2909;16028696000;15808833333;16008833333
2910;16028697000;15808833333;16008833333
2911;16028698000;15808833333;16008833333
2912;16028699000;15808833333;16008833333
2913;16028700000;15808833333;16008833333
2914;16070075000;15808833333;16008833333
2915;16070080000;15850588888;16050588888
2916;16070082000;15850588888;16050588888
2917;16070082000;15850588888;16050588888
2918;16070083000;15850588888;16050588888
2919;16070084000;15850588888;16050588888
2920;16070085000;15850588888;16050588888
2922;16112237000;15850588888;16050588888
2923;16112240000;15850588888;16050588888
2924;16112240000;15850588888;16050588888
2925;16112303000;15850588888;16050588888
2926;16112307000;15892200000;16092200000
2927;16112309000;15892200000;16092200000
2928;16112310000;15892200000;16092200000
2929;16112311000;15892200000;16092200000
2930;16112311000;15892200000;16092200000
2931;16112312000;15892200000;16092200000
2932;16112313000;15892200000;16092200000
2933;16112314000;15892200000;16092200000
2934;16112315000;15892200000;16092200000
2935;16112316000;15892200000;16092200000
2936;16153441000;15892200000;16092200000
2937;16153447000;15933822222;16133822222
2938;16153448000;15933822222;16133822222
2939;16153449000;15933822222;16133822222
2940;16153450000;15933822222;16133822222
2941;16153451000;15933822222;16133822222
2942;16153452000;15933822222;16133822222
2943;16153453000;15933822222;16133822222
2944;16153454000;15933822222;16133822222
2945;16153455000;15933822222;16133822222
2946;16153455000;15933822222;16133822222
2947;16195062000;15933822222;16133822222
2948;16195068000;15975666666;16175666666
2949;16195069000;15975666666;16175666666
2950;16195070000;15975666666;16175666666
2951;16195072000;15975666666;16175666666
2952;16195073000;15975666666;16175666666
2953;16195074000;15975666666;16175666666
2954;16195075000;15975666666;16175666666
2955;16195076000;15975666666;16175666666
2956;16195076000;15975666666;16175666666
2957;16195078000;15975666666;16175666666
2958;16236894000;15975666666;16175666666
2959;16236901000;16017544444;16217544444
2960;16236902000;16017544444;16217544444
2961;16236903000;16017544444;16217544444
2963;16279404000;16017544444;16217544444
2965;16279406000;16017544444;16217544444
2966;16279407000;16017544444;16217544444
2967;16279408000;16017544444;16217544444
2968;16279409000;16017544444;16217544444
2969;16279469000;16017544444;16217544444
2970;16279473000;16059300000;16259300000
2971;16279474000;16059300000;16259300000
2973;16320529000;16059300000;16259300000
2974;16320531000;16059300000;16259300000
2975;16320532000;16059300000;16259300000
2976;16320533000;16059300000;16259300000
2977;16320534000;16059300000;16259300000
2978;16320535000;16059300000;16259300000
2979;16320536000;16059300000;16259300000
2980;16320598000;16059300000;16259300000
2981;16320603000;16100500000;16300500000
2982;16320604000;16100500000;16300500000
2983;16320605000;16100500000;16300500000
2984;16320606000;16100500000;16300500000
2985;16320607000;16100500000;16300500000
2986;16320608000;16100500000;16300500000
2987;16320609000;16100500000;16300500000
2989;16361733000;16100500000;16300500000
2990;16361747000;16100500000;16300500000
2991;16361806000;16100500000;16300500000
2992;16361811000;16142133333;16342133333
2993;16361812000;16142133333;16342133333
2994;16361813000;16142133333;16342133333
2995;16361814000;16142133333;16342133333
2996;16361814000;16142133333;16342133333
2997;16361815000;16142133333;16342133333
2998;16361816000;16142133333;16342133333
2999;16361817000;16142133333;16342133333
3000;16361818000;16142133333;16342133333
3001;16361819000;16142133333;16342133333
3002;16403375000;16142133333;16342133333
3003;16403381000;16183755555;16383755555
3004;16403382000;16183755555;16383755555
3005;16403383000;16183755555;16383755555
3006;16403384000;16183755555;16383755555
3007;16403385000;16183755555;16383755555
3008;16403386000;16183755555;16383755555
3010;16445193000;16183755555;16383755555
3011;16445195000;16183755555;16383755555
3012;16445196000;16183755555;16383755555
3013;16445278000;16183755555;16383755555
3014;16445282000;16225477777;16425477777
3015;16445291000;16225477777;16425477777
3016;16445292000;16225477777;16425477777
3017;16445293000;16225477777;16425477777
3018;16445294000;16225477777;16425477777
3020;16486715000;16225477777;16425477777
3021;16486718000;16225477777;16425477777
3022;16486730000;16225477777;16425477777
3023;16486731000;16225477777;16425477777
3024;16486790000;16225477777;16425477777
3025;16486795000;16267122222;16467122222
3026;16486796000;16267122222;16467122222
3027;16486797000;16267122222;16467122222
3028;16486798000;16267122222;16467122222
3029;16486799000;16267122222;16467122222
3030;16486800000;16267122222;16467122222
3031;16486801000;16267122222;16467122222
3032;16486801000;16267122222;16467122222
3033;16486802000;16267122222;16467122222
3034;16486803000;16267122222;16467122222
3035;16528319000;16267122222;16467122222
3036;16528325000;16308722222;16508722222
3037;16528326000;16308722222;16508722222
3038;16528327000;16308722222;16508722222
3039;16528328000;16308722222;16508722222
3040;16528329000;16308722222;16508722222
3041;16528330000;16308722222;16508722222
3042;16528331000;16308722222;16508722222
3043;16528332000;16308722222;16508722222
3044;16528333000;16308722222;16508722222
3045;16528333000;16308722222;16508722222
3046;16569919000;16308722222;16508722222
3047;16569925000;16350511111;16550511111
3048;16569926000;16350511111;16550511111
3049;16569927000;16350511111;16550511111
3050;16569928000;16350511111;16550511111
3051;16569929000;16350511111;16550511111
3052;16569930000;16350511111;16550511111
3053;16569931000;16350511111;16550511111
3054;16569932000;16350511111;16550511111
3055;16569933000;16350511111;16550511111
3056;16569934000;16350511111;16550511111
3057;16611705000;16350511111;16550511111
3058;16611711000;16392277777;16592277777
3059;16611714000;16392277777;16592277777
3060;16611715000;16392277777;16592277777
3061;16611717000;16392277777;16592277777
3062;16611718000;16392277777;16592277777
3063;16611720000;16392277777;16592277777
3064;16611721000;16392277777;16592277777
3065;16611723000;16392277777;16592277777
3066;16611724000;16392277777;16592277777
3067;16611725000;16392277777;16592277777
3068;16653529000;16392277777;16592277777
3069;16653534000;16434022222;16634022222
3070;16653535000;16434022222;16634022222
3071;16653537000;16434022222;16634022222
3072;16653538000;16434022222;16634022222
3073;16653538000;16434022222;16634022222
3074;16653539000;16434022222;16634022222
3075;16653540000;16434022222;16634022222
3076;16653541000;16434022222;16634022222
3077;16653542000;16434022222;16634022222
3078;16653543000;16434022222;16634022222
3079;16695264000;16434022222;16634022222
3080;16695270000;16475533333;16675533333
3081;16695271000;16475533333;16675533333
3082;16695272000;16475533333;16675533333
3083;16695273000;16475533333;16675533333
3084;16695274000;16475533333;16675533333
3085;16695275000;16475533333;16675533333
3086;16695276000;16475533333;16675533333
3087;16695277000;16475533333;16675533333
3088;16695278000;16475533333;16675533333
3089;16695279000;16475533333;16675533333
3090;16736749000;16475533333;16675533333
3091;16736755000;16517377777;16717377777
3092;16736756000;16517377777;16717377777
3093;16736757000;16517377777;16717377777
3094;16736758000;16517377777;16717377777
3095;16736759000;16517377777;16717377777
3096;16736760000;16517377777;16717377777
3097;16736761000;16517377777;16717377777
3098;16736762000;16517377777;16717377777
3099;16736763000;16517377777;16717377777
3100;16736764000;16517377777;16717377777
3101;16778613000;16517377777;16717377777
3102;16778619000;16559200000;16759200000
3103;16778620000;16559200000;16759200000
3104;16778621000;16559200000;16759200000
3105;16778622000;16559200000;16759200000
3106;16778623000;16559200000;16759200000
3108;16821221000;16559200000;16759200000
3109;16821223000;16559200000;16759200000
3110;16821224000;16559200000;16759200000
3111;16821225000;16559200000;16759200000
3112;16821285000;16559200000;16759200000
3113;16821289000;16600744444;16800744444
3114;16821290000;16600744444;16800744444
3115;16821291000;16600744444;16800744444
3116;16821292000;16600744444;16800744444
3117;16821300000;16600744444;16800744444
3118;16821301000;16600744444;16800744444
3119;16821301000;16600744444;16800744444
3121;16861976000;16600744444;16800744444
3122;16861979000;16600744444;16800744444
3123;16862049000;16600744444;16800744444
3124;16862053000;16642200000;16842200000
3125;16862054000;16642200000;16842200000
3126;16862055000;16642200000;16842200000
3127;16862056000;16642200000;16842200000
3128;16862057000;16642200000;16842200000
3129;16862058000;16642200000;16842200000
3130;16862059000;16642200000;16842200000
3131;16862060000;16642200000;16842200000
3132;16862061000;16642200000;16842200000
3133;16862072000;16642200000;16842200000
3134;16903393000;16642200000;16842200000
3135;16903399000;16683866666;16883866666
3136;16903400000;16683866666;16883866666
3137;16903401000;16683866666;16883866666
3138;16903402000;16683866666;16883866666
3139;16903403000;16683866666;16883866666
3140;16903404000;16683866666;16883866666
3141;16903405000;16683866666;16883866666
3142;16903406000;16683866666;16883866666
3143;16903407000;16683866666;16883866666
3144;16903408000;16683866666;16883866666
3145;16945109000;16683866666;16883866666
3146;16945114000;16725522222;16925522222
3147;16945115000;16725522222;16925522222
3148;16945116000;16725522222;16925522222
3149;16945117000;16725522222;16925522222
3150;16945118000;16725522222;16925522222
3151;16945119000;16725522222;16925522222
3152;16945120000;16725522222;16925522222
3153;16945121000;16725522222;16925522222
3154;16945122000;16725522222;16925522222
3155;16945123000;16725522222;16925522222
3156;16986764000;16725522222;16925522222
3157;16986770000;16767166666;16967166666
3158;16986771000;16767166666;16967166666
3159;16986772000;16767166666;16967166666
3160;16986773000;16767166666;16967166666
3161;16986774000;16767166666;16967166666
3162;16986774000;16767166666;16967166666
3163;16986775000;16767166666;16967166666
3164;16986776000;16767166666;16967166666
3165;16986777000;16767166666;16967166666
3166;16986778000;16767166666;16967166666
3167;17028408000;16767166666;16967166666
3168;17028414000;16808733333;17008733333
3169;17028415000;16808733333;17008733333
3170;17028416000;16808733333;17008733333
3171;17028417000;16808733333;17008733333
3172;17028418000;16808733333;17008733333
3173;17028419000;16808733333;17008733333
3174;17028420000;16808733333;17008733333
3175;17028421000;16808733333;17008733333
3176;17028422000;16808733333;17008733333
3177;17028423000;16808733333;17008733333
3178;17069965000;16808733333;17008733333
3179;17069971000;16850488888;17050488888
3180;17069973000;16850488888;17050488888
3181;17069974000;16850488888;17050488888
3182;17069975000;16850488888;17050488888
3184;17112529000;16850488888;17050488888
3185;17112531000;16850488888;17050488888
3186;17112532000;16850488888;17050488888
3187;17112533000;16850488888;17050488888
3188;17112534000;16850488888;17050488888
3189;17112604000;16850488888;17050488888
3190;17112617000;16892222222;17092222222
3191;17112618000;16892222222;17092222222
3192;17112619000;16892222222;17092222222
3193;17112620000;16892222222;17092222222
3194;17112621000;16892222222;17092222222
3195;17112622000;16892222222;17092222222
3196;17112623000;16892222222;17092222222
3197;17112624000;16892222222;17092222222
3198;17112625000;16892222222;17092222222
3199;17112625000;16892222222;17092222222
3200;17153460000;16892222222;17092222222
3201;17153466000;16933800000;17133800000
3202;17153467000;16933800000;17133800000
3203;17153468000;16933800000;17133800000
3204;17153469000;16933800000;17133800000
3205;17153470000;16933800000;17133800000
3206;17153471000;16933800000;17133800000
3207;17153472000;16933800000;17133800000
3209;17195204000;16933800000;17133800000
3210;17195206000;16933800000;17133800000
3211;17195285000;16933800000;17133800000
3212;17195298000;16975522222;17175522222
3213;17195300000;16975522222;17175522222
3214;17195300000;16975522222;17175522222
3215;17195301000;16975522222;17175522222
3216;17195302000;16975522222;17175522222
3217;17195303000;16975522222;17175522222
3218;17195304000;16975522222;17175522222
3219;17195305000;16975522222;17175522222
3220;17195313000;16975522222;17175522222
3221;17195314000;16975522222;17175522222
3222;17236750000;16975522222;17175522222
3224;17278843000;17017400000;17217400000
3225;17278845000;17017400000;17217400000
3226;17278847000;17017400000;17217400000
3227;17278847000;17017400000;17217400000
3228;17278848000;17017400000;17217400000
3229;17278849000;17017400000;17217400000
3230;17278850000;17017400000;17217400000
3231;17278851000;17017400000;17217400000
3232;17278852000;17017400000;17217400000
3233;17278921000;17017400000;17217400000
3234;17278934000;17059055555;17259055555
3235;17278935000;17059055555;17259055555
3236;17278936000;17059055555;17259055555
3237;17278937000;17059055555;17259055555
3238;17278938000;17059055555;17259055555
3239;17278939000;17059055555;17259055555
3240;17278940000;17059055555;17259055555
3241;17278941000;17059055555;17259055555
3242;17278942000;17059055555;17259055555
3243;17278942000;17059055555;17259055555
3244;17320295000;17059055555;17259055555
3245;17320301000;17100588888;17300588888
3246;17320302000;17100588888;17300588888
3247;17320303000;17100588888;17300588888
3248;17320304000;17100588888;17300588888
3249;17320305000;17100588888;17300588888
3250;17320306000;17100588888;17300588888
3251;17320307000;17100588888;17300588888
3252;17320308000;17100588888;17300588888
3253;17320309000;17100588888;17300588888
3254;17320310000;17100588888;17300588888
3255;17361804000;17100588888;17300588888
3256;17361810000;17142400000;17342400000
3257;17361811000;17142400000;17342400000
3258;17361812000;17142400000;17342400000
3259;17361813000;17142400000;17342400000
3260;17361814000;17142400000;17342400000
3261;17361815000;17142400000;17342400000
3262;17361816000;17142400000;17342400000
3263;17361817000;17142400000;17342400000
3265;17404043000;17142400000;17342400000
3266;17404106000;17142400000;17342400000
3267;17404111000;17184100000;17384100000
3268;17404112000;17184100000;17384100000
3269;17404113000;17184100000;17384100000
3271;17445334000;17184100000;17384100000
3272;17445337000;17184100000;17384100000
3273;17445348000;17184100000;17384100000
3274;17445349000;17184100000;17384100000
3275;17445350000;17184100000;17384100000
3276;17445351000;17184100000;17384100000
3277;17445410000;17184100000;17384100000
3278;17445415000;17225411111;17425411111
3279;17445416000;17225411111;17425411111
3280;17445417000;17225411111;17425411111
3281;17445417000;17225411111;17425411111
3282;17445418000;17225411111;17425411111
3283;17445419000;17225411111;17425411111
3284;17445420000;17225411111;17425411111
3285;17445421000;17225411111;17425411111
3286;17445422000;17225411111;17425411111
3287;17445423000;17225411111;17425411111
3288;17486664000;17225411111;17425411111
3289;17486670000;17267111111;17467111111
3290;17486671000;17267111111;17467111111
3291;17486672000;17267111111;17467111111
3292;17486673000;17267111111;17467111111
3293;17486674000;17267111111;17467111111
3294;17486675000;17267111111;17467111111
3295;17486676000;17267111111;17467111111
3296;17486677000;17267111111;17467111111
3297;17486678000;17267111111;17467111111
3298;17486679000;17267111111;17467111111
3299;17528367000;17267111111;17467111111
3300;17528374000;17308844444;17508844444
3301;17528375000;17308844444;17508844444
3302;17528376000;17308844444;17508844444
3303;17528377000;17308844444;17508844444
3304;17528378000;17308844444;17508844444
3305;17528379000;17308844444;17508844444
3306;17528380000;17308844444;17508844444
3307;17528381000;17308844444;17508844444
3308;17528382000;17308844444;17508844444
3309;17528383000;17308844444;17508844444
3310;17570100000;17308844444;17508844444
3311;17570105000;17350455555;17550455555
3312;17570107000;17350455555;17550455555
3313;17570108000;17350455555;17550455555
3314;17570109000;17350455555;17550455555
3315;17570109000;17350455555;17550455555
3316;17570110000;17350455555;17550455555
3317;17570111000;17350455555;17550455555
3318;17570112000;17350455555;17550455555
3319;17570113000;17350455555;17550455555
3320;17570114000;17350455555;17550455555
3321;17611745000;17350455555;17550455555
3322;17611750000;17392300000;17592300000
3323;17611758000;17392300000;17592300000
3324;17611760000;17392300000;17592300000
3325;17611760000;17392300000;17592300000
3326;17611761000;17392300000;17592300000
3327;17611762000;17392300000;17592300000
3328;17611763000;17392300000;17592300000
3329;17611764000;17392300000;17592300000
3330;17611765000;17392300000;17592300000
3331;17611766000;17392300000;17592300000
3332;17653568000;17392300000;17592300000
3333;17653574000;17433911111;17633911111
3334;17653575000;17433911111;17633911111
3335;17653576000;17433911111;17633911111
3336;17653577000;17433911111;17633911111
3337;17653578000;17433911111;17633911111
3338;17653579000;17433911111;17633911111
3339;17653580000;17433911111;17633911111
3340;17653581000;17433911111;17633911111
3341;17653581000;17433911111;17633911111
3342;17653582000;17433911111;17633911111
3343;17695203000;17433911111;17633911111
3344;17695218000;17475455555;17675455555
3345;17695219000;17475455555;17675455555
3346;17695220000;17475455555;17675455555
3347;17695221000;17475455555;17675455555
3348;17695222000;17475455555;17675455555
3349;17695223000;17475455555;17675455555
3350;17695224000;17475455555;17675455555
3351;17695225000;17475455555;17675455555
3352;17695225000;17475455555;17675455555
3353;17695226000;17475455555;17675455555
3354;17736745000;17475455555;17675455555
3355;17736760000;17517100000;17717100000
3356;17736761000;17517100000;17717100000
3357;17736762000;17517100000;17717100000
3358;17736763000;17517100000;17717100000
3359;17736764000;17517100000;17717100000
3360;17736765000;17517100000;17717100000
3361;17736766000;17517100000;17717100000
3362;17736767000;17517100000;17717100000
3363;17736768000;17517100000;17717100000
3364;17736769000;17517100000;17717100000
3365;17778353000;17517100000;17717100000
3366;17778359000;17558822222;17758822222
3367;17778360000;17558822222;17758822222
3368;17778361000;17558822222;17758822222
3369;17778362000;17558822222;17758822222
3370;17778363000;17558822222;17758822222
3371;17778364000;17558822222;17758822222
3372;17778365000;17558822222;17758822222
3373;17778365000;17558822222;17758822222
3375;17820831000;17558822222;17758822222
3377;17861823000;17600511111;17800511111
3379;17861827000;17600511111;17800511111
3380;17861828000;17600511111;17800511111
3381;17861829000;17600511111;17800511111
3382;17861831000;17600511111;17800511111
3383;17861832000;17600511111;17800511111
3385;17861833000;17600511111;17800511111
3386;17861834000;17600511111;17800511111
3387;17861846000;17600511111;17800511111
3388;17861848000;17642166666;17842166666
3389;17861859000;17642166666;17842166666
3390;17861860000;17642166666;17842166666
3391;17861862000;17642166666;17842166666
3392;17861863000;17642166666;17842166666
3393;17861864000;17642166666;17842166666
3394;17861865000;17642166666;17842166666
3395;17861866000;17642166666;17842166666
3396;17861867000;17642166666;17842166666
3397;17861868000;17642166666;17842166666
3398;17903425000;17642166666;17842166666
3399;17903431000;17683766666;17883766666
3400;17903432000;17683766666;17883766666
3401;17903433000;17683766666;17883766666
3402;17903434000;17683766666;17883766666
3403;17903435000;17683766666;17883766666
3404;17903436000;17683766666;17883766666
3405;17903436000;17683766666;17883766666
3406;17903437000;17683766666;17883766666
3407;17903438000;17683766666;17883766666
3408;17903439000;17683766666;17883766666
3409;17944890000;17683766666;17883766666
3410;17944895000;17725555555;17925555555
3411;17944896000;17725555555;17925555555
3412;17944898000;17725555555;17925555555
3413;17944898000;17725555555;17925555555
3414;17944899000;17725555555;17925555555
3415;17944900000;17725555555;17925555555
3416;17944901000;17725555555;17925555555
3417;17944902000;17725555555;17925555555
3418;17944903000;17725555555;17925555555
3419;17944904000;17725555555;17925555555
3420;17986749000;17725555555;17925555555
3421;17986755000;17767255555;17967255555
3422;17986756000;17767255555;17967255555
3423;17986757000;17767255555;17967255555
3424;17986758000;17767255555;17967255555
3425;17986759000;17767255555;17967255555
3426;17986760000;17767255555;17967255555
3427;17986767000;17767255555;17967255555
3428;17986768000;17767255555;17967255555
3429;17986769000;17767255555;17967255555
3430;17986770000;17767255555;17967255555
3431;18028450000;17767255555;17967255555
3432;18028455000;17808988888;18008988888
3433;18028456000;17808988888;18008988888
3434;18028457000;17808988888;18008988888
3435;18028458000;17808988888;18008988888
3436;18028459000;17808988888;18008988888
3437;18028460000;17808988888;18008988888
3438;18028461000;17808988888;18008988888
3439;18028462000;17808988888;18008988888
3440;18028463000;17808988888;18008988888
3441;18028464000;17808988888;18008988888
3442;18070197000;17808988888;18008988888
3443;18070204000;17850744444;18050744444
3444;18070205000;17850744444;18050744444
3445;18070206000;17850744444;18050744444
3446;18070207000;17850744444;18050744444
3447;18070208000;17850744444;18050744444
3448;18070209000;17850744444;18050744444
3449;18070209000;17850744444;18050744444
3450;18070210000;17850744444;18050744444
3451;18070211000;17850744444;18050744444
3452;18070212000;17850744444;18050744444
3453;18112039000;17850744444;18050744444
3454;18112054000;17892277777;18092277777
3455;18112055000;17892277777;18092277777
3456;18112056000;17892277777;18092277777
3457;18112057000;17892277777;18092277777
3458;18112058000;17892277777;18092277777
3459;18112059000;17892277777;18092277777
3460;18112060000;17892277777;18092277777
3461;18112061000;17892277777;18092277777
3462;18112062000;17892277777;18092277777
3463;18112063000;17892277777;18092277777
3464;18153584000;17892277777;18092277777
3465;18153589000;17933866666;18133866666
3466;18153591000;17933866666;18133866666
3467;18153592000;17933866666;18133866666
3468;18153592000;17933866666;18133866666
3469;18153593000;17933866666;18133866666
3470;18153594000;17933866666;18133866666
3471;18153595000;17933866666;18133866666
3472;18153596000;17933866666;18133866666
3473;18153597000;17933866666;18133866666
3474;18153598000;17933866666;18133866666
3475;18195171000;17933866666;18133866666
3476;18195177000;17975722222;18175722222
3477;18195178000;17975722222;18175722222
3478;18195179000;17975722222;18175722222
3479;18195180000;17975722222;18175722222
3480;18195181000;17975722222;18175722222
3481;18195182000;17975722222;18175722222
3482;18195183000;17975722222;18175722222
3483;18195184000;17975722222;18175722222
3485;18237746000;17975722222;18175722222
3486;18237883000;17975722222;18175722222
3487;18237888000;18017477777;18217477777
3488;18237889000;18017477777;18217477777
3489;18237890000;18017477777;18217477777
3490;18237891000;18017477777;18217477777
3491;18237892000;18017477777;18217477777
3492;18237893000;18017477777;18217477777
3493;18237894000;18017477777;18217477777
3494;18237895000;18017477777;18217477777
3495;18237896000;18017477777;18217477777
3496;18237897000;18017477777;18217477777
3497;18278763000;18017477777;18217477777
3498;18278768000;18058866666;18258866666
3499;18278770000;18058866666;18258866666
3500;18278771000;18058866666;18258866666
3501;18278772000;18058866666;18258866666
3502;18278772000;18058866666;18258866666
3503;18278774000;18058866666;18258866666
3504;18278774000;18058866666;18258866666
3505;18278775000;18058866666;18258866666
3506;18278776000;18058866666;18258866666
3507;18278777000;18058866666;18258866666
3508;18320170000;18058866666;18258866666
3509;18320176000;18100588888;18300588888
3510;18320177000;18100588888;18300588888
3511;18320178000;18100588888;18300588888
3512;18320180000;18100588888;18300588888
3513;18320181000;18100588888;18300588888
3514;18320182000;18100588888;18300588888
3515;18320183000;18100588888;18300588888
3516;18320183000;18100588888;18300588888
3517;18320184000;18100588888;18300588888
3518;18320185000;18100588888;18300588888
3519;18361864000;18100588888;18300588888
3520;18361869000;18142422222;18342422222
3521;18361871000;18142422222;18342422222
3522;18361872000;18142422222;18342422222
3523;18361873000;18142422222;18342422222
3524;18361874000;18142422222;18342422222
3525;18361874000;18142422222;18342422222
3526;18361875000;18142422222;18342422222
3527;18361876000;18142422222;18342422222
3528;18361885000;18142422222;18342422222
3529;18361886000;18142422222;18342422222
3530;18403664000;18142422222;18342422222
3531;18403670000;18184177777;18384177777
3532;18403671000;18184177777;18384177777
3533;18403672000;18184177777;18384177777
3534;18403673000;18184177777;18384177777
3535;18403674000;18184177777;18384177777
3536;18403675000;18184177777;18384177777
3537;18403676000;18184177777;18384177777
3538;18403677000;18184177777;18384177777
3539;18403678000;18184177777;18384177777
3540;18403679000;18184177777;18384177777
3541;18445372000;18184177777;18384177777
3542;18445378000;18226122222;18426122222
3543;18445379000;18226122222;18426122222
3544;18445380000;18226122222;18426122222
3545;18445381000;18226122222;18426122222
3546;18445382000;18226122222;18426122222
3547;18445383000;18226122222;18426122222
3548;18445384000;18226122222;18426122222
3549;18445384000;18226122222;18426122222
3550;18445385000;18226122222;18426122222
3551;18445386000;18226122222;18426122222
3552;18487366000;18226122222;18426122222
3553;18487372000;18267800000;18467800000
3554;18487373000;18267800000;18467800000
3555;18487374000;18267800000;18467800000
3556;18487375000;18267800000;18467800000
3557;18487376000;18267800000;18467800000
3558;18487377000;18267800000;18467800000
3559;18487378000;18267800000;18467800000
3560;18487379000;18267800000;18467800000
3561;18487380000;18267800000;18467800000
3562;18487381000;18267800000;18467800000
3563;18529003000;18267800000;18467800000
3564;18529009000;18309377777;18509377777
3565;18529011000;18309377777;18509377777
3566;18529011000;18309377777;18509377777
3567;18529012000;18309377777;18509377777
3568;18529013000;18309377777;18509377777
3569;18529014000;18309377777;18509377777
3570;18529015000;18309377777;18509377777
3571;18529016000;18309377777;18509377777
3572;18529017000;18309377777;18509377777
3573;18529018000;18309377777;18509377777
3574;18570637000;18309377777;18509377777
3575;18570643000;18350533333;18550533333
3576;18570644000;18350533333;18550533333
3577;18570645000;18350533333;18550533333
3578;18570646000;18350533333;18550533333
3579;18570647000;18350533333;18550533333
3580;18570648000;18350533333;18550533333
3581;18570649000;18350533333;18550533333
3582;18570649000;18350533333;18550533333
3583;18570650000;18350533333;18550533333
3584;18570651000;18350533333;18550533333
3585;18611759000;18350533333;18550533333
3586;18611765000;18392522222;18592522222
3587;18611766000;18392522222;18592522222
3588;18611767000;18392522222;18592522222
3589;18611768000;18392522222;18592522222
3590;18611769000;18392522222;18592522222
3591;18611770000;18392522222;18592522222
3592;18611771000;18392522222;18592522222
3593;18611772000;18392522222;18592522222
3594;18611773000;18392522222;18592522222
3595;18611774000;18392522222;18592522222
3596;18653829000;18392522222;18592522222
3597;18653834000;18434311111;18634311111
3598;18653835000;18434311111;18634311111
3599;18653836000;18434311111;18634311111
3600;18653837000;18434311111;18634311111
3601;18653838000;18434311111;18634311111
3602;18653839000;18434311111;18634311111
3603;18653840000;18434311111;18634311111
3604;18653841000;18434311111;18634311111
3605;18653842000;18434311111;18634311111
3606;18653843000;18434311111;18634311111
3607;18695606000;18434311111;18634311111
3608;18695612000;18476144444;18676144444
3609;18695613000;18476144444;18676144444
3610;18695614000;18476144444;18676144444
3611;18695615000;18476144444;18676144444
3612;18695616000;18476144444;18676144444
3613;18695617000;18476144444;18676144444
3614;18695618000;18476144444;18676144444
3615;18695619000;18476144444;18676144444
3616;18695619000;18476144444;18676144444
3617;18695620000;18476144444;18676144444
3618;18737453000;18476144444;18676144444
3619;18737459000;18517722222;18717722222
3620;18737460000;18517722222;18717722222
3621;18737461000;18517722222;18717722222
3622;18737462000;18517722222;18717722222
3623;18737463000;18517722222;18717722222
3624;18737464000;18517722222;18717722222
3625;18737465000;18517722222;18717722222
3626;18737466000;18517722222;18717722222
3627;18737467000;18517722222;18717722222
3628;18737475000;18517722222;18717722222
3629;18778899000;18517722222;18717722222
3631;18821393000;18559355555;18759355555
3632;18821395000;18559355555;18759355555
3633;18821396000;18559355555;18759355555
3634;18821397000;18559355555;18759355555
3635;18821398000;18559355555;18759355555
3636;18821399000;18559355555;18759355555
3637;18821400000;18559355555;18759355555
3638;18821401000;18559355555;18759355555
3639;18821402000;18559355555;18759355555
3640;18821460000;18559355555;18759355555
3641;18821464000;18600911111;18800911111
3642;18821466000;18600911111;18800911111
3644;18862142000;18600911111;18800911111
3646;18862145000;18600911111;18800911111
3649;18862157000;18600911111;18800911111
3650;18862158000;18600911111;18800911111
3651;18862227000;18600911111;18800911111
3652;18862241000;18642400000;18842400000
3653;18862242000;18642400000;18842400000
3654;18862243000;18642400000;18842400000
3655;18862244000;18642400000;18842400000
3656;18862245000;18642400000;18842400000
3657;18862246000;18642400000;18842400000
3658;18862247000;18642400000;18842400000
3659;18862248000;18642400000;18842400000
3660;18862248000;18642400000;18842400000
3661;18862249000;18642400000;18842400000
3662;18903657000;18642400000;18842400000
3663;18903663000;18683788888;18883788888
3664;18903664000;18683788888;18883788888
3665;18903665000;18683788888;18883788888
3666;18903666000;18683788888;18883788888
3667;18903667000;18683788888;18883788888
3668;18903668000;18683788888;18883788888
3669;18903669000;18683788888;18883788888
3670;18903670000;18683788888;18883788888
3671;18903670000;18683788888;18883788888
3672;18903671000;18683788888;18883788888
3673;18945045000;18683788888;18883788888
3674;18945051000;18726011111;18926011111
3675;18945052000;18726011111;18926011111
3676;18945053000;18726011111;18926011111
3677;18945054000;18726011111;18926011111
3678;18945055000;18726011111;18926011111
3679;18945056000;18726011111;18926011111
3680;18945057000;18726011111;18926011111
3681;18945058000;18726011111;18926011111
3682;18945059000;18726011111;18926011111
3683;18945059000;18726011111;18926011111
3684;18987221000;18726011111;18926011111
3685;18987229000;18767700000;18967700000
3686;18987239000;18767700000;18967700000
3687;18987240000;18767700000;18967700000
3688;18987241000;18767700000;18967700000
3689;18987242000;18767700000;18967700000
3690;18987243000;18767700000;18967700000
3691;18987244000;18767700000;18967700000
3692;18987245000;18767700000;18967700000
3693;18987246000;18767700000;18967700000
3694;18987247000;18767700000;18967700000
3695;19028882000;18767700000;18967700000
3696;19028888000;18809155555;19009155555
3697;19028889000;18809155555;19009155555
3698;19028899000;18809155555;19009155555
3699;19028900000;18809155555;19009155555
3700;19028901000;18809155555;19009155555
3701;19028902000;18809155555;19009155555
3702;19028903000;18809155555;19009155555
3703;19028904000;18809155555;19009155555
3704;19028905000;18809155555;19009155555
3705;19028906000;18809155555;19009155555
3706;19070417000;18809155555;19009155555
3707;19070423000;18850900000;19050900000
3708;19070424000;18850900000;19050900000
3709;19070425000;18850900000;19050900000
3710;19070426000;18850900000;19050900000
3711;19070427000;18850900000;19050900000
3712;19070428000;18850900000;19050900000
3713;19070429000;18850900000;19050900000
3714;19070430000;18850900000;19050900000
3715;19070430000;18850900000;19050900000
3716;19070431000;18850900000;19050900000
3717;19112169000;18850900000;19050900000
3718;19112176000;18892366666;19092366666
3719;19112177000;18892366666;19092366666
3720;19112178000;18892366666;19092366666
3721;19112179000;18892366666;19092366666
3722;19112180000;18892366666;19092366666
3723;19112181000;18892366666;19092366666
3724;19112182000;18892366666;19092366666
3725;19112183000;18892366666;19092366666
3726;19112183000;18892366666;19092366666
3727;19112184000;18892366666;19092366666
3728;19153674000;18892366666;19092366666
3729;19153679000;18933922222;19133922222
3730;19153681000;18933922222;19133922222
3731;19153682000;18933922222;19133922222
3732;19153683000;18933922222;19133922222
3733;19153690000;18933922222;19133922222
3734;19153691000;18933922222;19133922222
3735;19153692000;18933922222;19133922222
3736;19153693000;18933922222;19133922222
3737;19153694000;18933922222;19133922222
3738;19153695000;18933922222;19133922222
3739;19195180000;18933922222;19133922222
3740;19195185000;18975600000;19175600000
3741;19195186000;18975600000;19175600000
3742;19195187000;18975600000;19175600000
3743;19195188000;18975600000;19175600000
3744;19195189000;18975600000;19175600000
3745;19195190000;18975600000;19175600000
3746;19195191000;18975600000;19175600000
3747;19195192000;18975600000;19175600000
3748;19195193000;18975600000;19175600000
3749;19195194000;18975600000;19175600000
3750;19236907000;18975600000;19175600000
3751;19236913000;19017155555;19217155555
3752;19236914000;19017155555;19217155555
3753;19236915000;19017155555;19217155555
3754;19236916000;19017155555;19217155555
3755;19236917000;19017155555;19217155555
3756;19236918000;19017155555;19217155555
3757;19236919000;19017155555;19217155555
3758;19236920000;19017155555;19217155555
3759;19236921000;19017155555;19217155555
3760;19236922000;19017155555;19217155555
3761;19278442000;19017155555;19217155555
3762;19278448000;19058811111;19258811111
3763;19278449000;19058811111;19258811111
3764;19278450000;19058811111;19258811111
3765;19278451000;19058811111;19258811111
3766;19278452000;19058811111;19258811111
3767;19278453000;19058811111;19258811111
3768;19278454000;19058811111;19258811111
3769;19278455000;19058811111;19258811111
3770;19278456000;19058811111;19258811111
3771;19278457000;19058811111;19258811111
3772;19320051000;19058811111;19258811111
3773;19320057000;19100788888;19300788888
3774;19320058000;19100788888;19300788888
3775;19320059000;19100788888;19300788888
3776;19320060000;19100788888;19300788888
3777;19320061000;19100788888;19300788888
3778;19320062000;19100788888;19300788888
3779;19320063000;19100788888;19300788888
3780;19320064000;19100788888;19300788888
3781;19320065000;19100788888;19300788888
3782;19320066000;19100788888;19300788888
3783;19362083000;19100788888;19300788888
3784;19362089000;19142766666;19342766666
3785;19362090000;19142766666;19342766666
3786;19362091000;19142766666;19342766666
3787;19362092000;19142766666;19342766666
3788;19362093000;19142766666;19342766666
3789;19362094000;19142766666;19342766666
3790;19362095000;19142766666;19342766666
3791;19362096000;19142766666;19342766666
3792;19362096000;19142766666;19342766666
3793;19362097000;19142766666;19342766666
3794;19404022000;19142766666;19342766666
3795;19404028000;19184477777;19384477777
3796;19404029000;19184477777;19384477777
3797;19404030000;19184477777;19384477777
3798;19404031000;19184477777;19384477777
3799;19404032000;19184477777;19384477777
3800;19404033000;19184477777;19384477777
3801;19404034000;19184477777;19384477777
3802;19404035000;19184477777;19384477777
3803;19404036000;19184477777;19384477777
3804;19404037000;19184477777;19384477777
3805;19445741000;19184477777;19384477777
3806;19445747000;19225544444;19425544444
3807;19445748000;19225544444;19425544444
3808;19445749000;19225544444;19425544444
3809;19445750000;19225544444;19425544444
3810;19445751000;19225544444;19425544444
3811;19445752000;19225544444;19425544444
3812;19445752000;19225544444;19425544444
3813;19445753000;19225544444;19425544444
3814;19445754000;19225544444;19425544444
3815;19445755000;19225544444;19425544444
3816;19486831000;19225544444;19425544444
3817;19486837000;19267122222;19467122222
3818;19486838000;19267122222;19467122222
3819;19486839000;19267122222;19467122222
3820;19486840000;19267122222;19467122222
3821;19486841000;19267122222;19467122222
3822;19486842000;19267122222;19467122222
3823;19486843000;19267122222;19467122222
3824;19486844000;19267122222;19467122222
3825;19486844000;19267122222;19467122222
3826;19486845000;19267122222;19467122222
3827;19528364000;19267122222;19467122222
3828;19528370000;19308877777;19508877777
3829;19528371000;19308877777;19508877777
3830;19528372000;19308877777;19508877777
3831;19528373000;19308877777;19508877777
3832;19528383000;19308877777;19508877777
3833;19528384000;19308877777;19508877777
3834;19528385000;19308877777;19508877777
3835;19528386000;19308877777;19508877777
3836;19528387000;19308877777;19508877777
3837;19528388000;19308877777;19508877777
3838;19570165000;19308877777;19508877777
3839;19570171000;19350744444;19550744444
3840;19570172000;19350744444;19550744444
3841;19570173000;19350744444;19550744444
3842;19570174000;19350744444;19550744444
3843;19570175000;19350744444;19550744444
3844;19570176000;19350744444;19550744444
3845;19570177000;19350744444;19550744444
3846;19570177000;19350744444;19550744444
3847;19570178000;19350744444;19550744444
3848;19570179000;19350744444;19550744444
3849;19612051000;19350744444;19550744444
3850;19612057000;19392777777;19592777777
3851;19612058000;19392777777;19592777777
3852;19612059000;19392777777;19592777777
3853;19612060000;19392777777;19592777777
3854;19612061000;19392777777;19592777777
3855;19612062000;19392777777;19592777777
3856;19612063000;19392777777;19592777777
3857;19612064000;19392777777;19592777777
3858;19612065000;19392777777;19592777777
3859;19612066000;19392777777;19592777777
3860;19654043000;19392777777;19592777777
3861;19654049000;19434533333;19634533333
3862;19654051000;19434533333;19634533333
3863;19654052000;19434533333;19634533333
3864;19654053000;19434533333;19634533333
3865;19654054000;19434533333;19634533333
3866;19654055000;19434533333;19634533333
3867;19654056000;19434533333;19634533333
3868;19654057000;19434533333;19634533333
3869;19654058000;19434533333;19634533333
3870;19654059000;19434533333;19634533333
3871;19695840000;19434533333;19634533333
3872;19695847000;19476255555;19676255555
3873;19695848000;19476255555;19676255555
3874;19695849000;19476255555;19676255555
3875;19695850000;19476255555;19676255555
3876;19695851000;19476255555;19676255555
3877;19695852000;19476255555;19676255555
3878;19695853000;19476255555;19676255555
3879;19695854000;19476255555;19676255555
3880;19695855000;19476255555;19676255555
3881;19695856000;19476255555;19676255555
3882;19737535000;19476255555;19676255555
3883;19737541000;19518022222;19718022222
3884;19737552000;19518022222;19718022222
3885;19737552000;19518022222;19718022222
3886;19737554000;19518022222;19718022222
3887;19737555000;19518022222;19718022222
3888;19737556000;19518022222;19718022222
3889;19737557000;19518022222;19718022222
3891;19780069000;19518022222;19718022222
3892;19780072000;19518022222;19718022222
3893;19780190000;19518022222;19718022222
3894;19780195000;19559322222;19759322222
3895;19780196000;19559322222;19759322222
3896;19780197000;19559322222;19759322222
3897;19780198000;19559322222;19759322222
3898;19780199000;19559322222;19759322222
3900;19820542000;19559322222;19759322222
3901;19820544000;19559322222;19759322222
3902;19820545000;19559322222;19759322222
3903;19820546000;19559322222;19759322222
3904;19820641000;19559322222;19759322222
3905;19820648000;19601322222;19801322222
3906;19820649000;19601322222;19801322222
3907;19820650000;19601322222;19801322222
3908;19820651000;19601322222;19801322222
3909;19820652000;19601322222;19801322222
3910;19820653000;19601322222;19801322222
3911;19820654000;19601322222;19801322222
3912;19820664000;19601322222;19801322222
3913;19820665000;19601322222;19801322222
3914;19820666000;19601322222;19801322222
3915;19862617000;19601322222;19801322222
3916;19862622000;19642300000;19842300000
3917;19862623000;19642300000;19842300000
3918;19862625000;19642300000;19842300000
3919;19862625000;19642300000;19842300000
3920;19862626000;19642300000;19842300000
3921;19862627000;19642300000;19842300000
3922;19862628000;19642300000;19842300000
3923;19862629000;19642300000;19842300000
3924;19862630000;19642300000;19842300000
3925;19862631000;19642300000;19842300000
3926;19903590000;19642300000;19842300000
3927;19903596000;19684322222;19884322222
3928;19903597000;19684322222;19884322222
3929;19903598000;19684322222;19884322222
3930;19903599000;19684322222;19884322222
3931;19903600000;19684322222;19884322222
3932;19903601000;19684322222;19884322222
3933;19903602000;19684322222;19884322222
3935;19945974000;19684322222;19884322222
3936;19945976000;19684322222;19884322222
3937;19946084000;19684322222;19884322222
3938;19946090000;19725766666;19925766666
3939;19946091000;19725766666;19925766666
3940;19946092000;19725766666;19925766666
3941;19946093000;19725766666;19925766666
3942;19946094000;19725766666;19925766666
3943;19946095000;19725766666;19925766666
3944;19946096000;19725766666;19925766666
3945;19946097000;19725766666;19925766666
3946;19946097000;19725766666;19925766666
3947;19946098000;19725766666;19925766666
3948;19987019000;19725766666;19925766666
3949;19987025000;19767455555;19967455555
3950;19987026000;19767455555;19967455555
3951;19987027000;19767455555;19967455555
3952;19987027000;19767455555;19967455555
3953;19987029000;19767455555;19967455555
3954;19987029000;19767455555;19967455555
3955;19987030000;19767455555;19967455555
3956;19987031000;19767455555;19967455555
3957;19987032000;19767455555;19967455555
3958;19987033000;19767455555;19967455555
3959;20028747000;19767455555;19967455555
3960;20028753000;19809522222;20009522222
3961;20028754000;19809522222;20009522222
3962;20028755000;19809522222;20009522222
3963;20028756000;19809522222;20009522222
3964;20028757000;19809522222;20009522222
3965;20028758000;19809522222;20009522222
3966;20028759000;19809522222;20009522222
3967;20028760000;19809522222;20009522222
3968;20028761000;19809522222;20009522222
3969;20028762000;19809522222;20009522222
3970;20070817000;19809522222;20009522222
3971;20070823000;19851377777;20051377777
3972;20070824000;19851377777;20051377777
3973;20070825000;19851377777;20051377777
3974;20070826000;19851377777;20051377777
3975;20070827000;19851377777;20051377777
3976;20070827000;19851377777;20051377777
3977;20070828000;19851377777;20051377777
3978;20070829000;19851377777;20051377777
3979;20070830000;19851377777;20051377777
3980;20070831000;19851377777;20051377777
3981;20112671000;19851377777;20051377777
3982;20112676000;19893066666;20093066666
3983;20112677000;19893066666;20093066666
3984;20112678000;19893066666;20093066666
3985;20112679000;19893066666;20093066666
3986;20112680000;19893066666;20093066666
3987;20112681000;19893066666;20093066666
3988;20112682000;19893066666;20093066666
3989;20112683000;19893066666;20093066666
3990;20112684000;19893066666;20093066666
3991;20112685000;19893066666;20093066666
3992;20154374000;19893066666;20093066666
3993;20154380000;19935122222;20135122222
3994;20154381000;19935122222;20135122222
3996;20197122000;19935122222;20135122222
3998;20197135000;19935122222;20135122222
4000;20197137000;19935122222;20135122222
4001;20197138000;19935122222;20135122222
4002;20197138000;19935122222;20135122222
4003;20197246000;19935122222;20135122222
4004;20197252000;19976700000;20176700000
4005;20197253000;19976700000;20176700000
4006;20197255000;19976700000;20176700000
4007;20197256000;19976700000;20176700000
4008;20197256000;19976700000;20176700000
4010;20237931000;19976700000;20176700000
4011;20237934000;19976700000;20176700000
4012;20237945000;19976700000;20176700000
4013;20237947000;19976700000;20176700000
4014;20238054000;19976700000;20176700000
4015;20238060000;20017311111;20217311111
4016;20238061000;20017311111;20217311111
4017;20238062000;20017311111;20217311111
4018;20238063000;20017311111;20217311111
4019;20238064000;20017311111;20217311111
4020;20238065000;20017311111;20217311111
4021;20238066000;20017311111;20217311111
4022;20238067000;20017311111;20217311111
4023;20238068000;20017311111;20217311111
4024;20238068000;20017311111;20217311111
4025;20278598000;20017311111;20217311111
4026;20278604000;20058888888;20258888888
4027;20278605000;20058888888;20258888888
4028;20278606000;20058888888;20258888888
4029;20278607000;20058888888;20258888888
4030;20278608000;20058888888;20258888888
4031;20278609000;20058888888;20258888888
4032;20278610000;20058888888;20258888888
4033;20278611000;20058888888;20258888888
4034;20278612000;20058888888;20258888888
4035;20278613000;20058888888;20258888888
4036;20320157000;20058888888;20258888888
4037;20320163000;20101033333;20301033333
4038;20320164000;20101033333;20301033333
4039;20320172000;20101033333;20301033333
4040;20320173000;20101033333;20301033333
4041;20320174000;20101033333;20301033333
4042;20320175000;20101033333;20301033333
4043;20320176000;20101033333;20301033333
4044;20320177000;20101033333;20301033333
4045;20320178000;20101033333;20301033333
4046;20320179000;20101033333;20301033333
4047;20362344000;20101033333;20301033333
4048;20362350000;20142977777;20342977777
4049;20362351000;20142977777;20342977777
4050;20362352000;20142977777;20342977777
4051;20362353000;20142977777;20342977777
4052;20362354000;20142977777;20342977777
4053;20362355000;20142977777;20342977777
4054;20362356000;20142977777;20342977777
4055;20362357000;20142977777;20342977777
4056;20362358000;20142977777;20342977777
4057;20362359000;20142977777;20342977777
4058;20404212000;20142977777;20342977777
4059;20404217000;20183922222;20383922222
4060;20404219000;20183922222;20383922222
4061;20404220000;20183922222;20383922222
4062;20404221000;20183922222;20383922222
4063;20404222000;20183922222;20383922222
4064;20404223000;20183922222;20383922222
4065;20404224000;20183922222;20383922222
4066;20404225000;20183922222;20383922222
4067;20404226000;20183922222;20383922222
4068;20404227000;20183922222;20383922222
4069;20445205000;20183922222;20383922222
4070;20445211000;20225411111;20425411111
4071;20445212000;20225411111;20425411111
4072;20445213000;20225411111;20425411111
4073;20445214000;20225411111;20425411111
4074;20445215000;20225411111;20425411111
4075;20445216000;20225411111;20425411111
4076;20445217000;20225411111;20425411111
4077;20445218000;20225411111;20425411111
4078;20445219000;20225411111;20425411111
4079;20445220000;20225411111;20425411111
4080;20486693000;20225411111;20425411111
4081;20486699000;20267311111;20467311111
4082;20486700000;20267311111;20467311111
4083;20486701000;20267311111;20467311111
4084;20486702000;20267311111;20467311111
4085;20486703000;20267311111;20467311111
4086;20486704000;20267311111;20467311111
4087;20486705000;20267311111;20467311111
4088;20486706000;20267311111;20467311111
4089;20486707000;20267311111;20467311111
4090;20486708000;20267311111;20467311111
4091;20528610000;20267311111;20467311111
4092;20528615000;20309311111;20509311111
4093;20528617000;20309311111;20509311111
4094;20528617000;20309311111;20509311111
4095;20528618000;20309311111;20509311111
4096;20528619000;20309311111;20509311111
4097;20528620000;20309311111;20509311111
4098;20540906000;20309311111;20509311111
4099;20540908000;20309311111;20509311111
4100;20540909000;20309311111;20509311111
4101;20540910000;20309311111;20509311111
4102;20570536000;20309311111;20509311111
4193;21429997000;20683711111;20883711111
4194;21430010000;20683711111;20883711111
4195;21430012000;20683711111;20883711111
4196;21430032000;20683711111;20883711111
4197;21430033000;20683711111;20883711111
4198;21430047000;20683711111;20883711111
4199;21430052000;20683711111;20883711111
4200;21430067000;20683711111;20883711111
4201;21600952000;20683711111;20883711111
4365;21600957000;21308733333;21508733333
4366;22228254000;21308733333;21508733333
4513;22228260000;21892111111;22092111111
4514;22228261000;21892111111;22092111111
4515;22228262000;21892111111;22092111111
4518;22244741000;21892111111;22092111111
4519;22244743000;21892111111;22092111111
4520;22811312000;21892111111;22092111111
4670;22811318000;22475444444;22675444444
4671;22811319000;22475444444;22675444444
4672;22811320000;22475444444;22675444444
4673;22811321000;22475444444;22675444444
4674;23394728000;22475444444;22675444444
4820;23394734000;23058788888;23258788888
4821;23394735000;23058788888;23258788888
4822;23394736000;23058788888;23258788888
4823;23394737000;23058788888;23258788888
4824;23394738000;23058788888;23258788888
4827;23412198000;23058788888;23258788888
4828;23976889000;23058788888;23258788888
4978;23976895000;23642188888;23842188888
4979;23976896000;23642188888;23842188888
4980;23976897000;23642188888;23842188888
4981;23976898000;23642188888;23842188888
4982;24561495000;23642188888;23842188888
5131;24561501000;24225488888;24425488888
5132;24561502000;242254888