seqnum;now;rtptime;deadline
56;7091089000;6885422222;7085422222
58;7091093000;6885422222;7085422222
59;7091095000;6885422222;7085422222
60;7091096000;6885422222;7085422222
61;7091098000;6885422222;7085422222
62;7091100000;6885422222;7085422222
63;7091102000;6885422222;7085422222
64;7091103000;6885422222;7085422222
65;7128547000;6885422222;7085422222
66;7128566000;6927077777;7127077777
69;7132592000;6927077777;7127077777
70;7132604000;6927077777;7127077777
71;7132605000;6927077777;7127077777
72;7132607000;6927077777;7127077777
73;7132608000;6927077777;7127077777
74;7132610000;6927077777;7127077777
75;7132611000;6927077777;7127077777
76;7170216000;6927077777;7127077777
77;7170233000;6968788888;7168788888
78;7170235000;6968788888;7168788888
79;7170236000;6968788888;7168788888
80;7170239000;6968788888;7168788888
81;7170249000;6968788888;7168788888
82;7170251000;6968788888;7168788888
83;7170252000;6968788888;7168788888
84;7170254000;6968788888;7168788888
85;7170255000;6968788888;7168788888
86;7170256000;6968788888;7168788888
87;7211876000;6968788888;7168788888
88;7211882000;7010544444;7210544444
89;7211883000;7010544444;7210544444
90;7211885000;7010544444;7210544444
91;7211886000;7010544444;7210544444
92;7211887000;7010544444;7210544444
93;7211888000;7010544444;7210544444
94;7211890000;7010544444;7210544444
95;7211891000;7010544444;7210544444
96;7211892000;7010544444;7210544444
97;7211893000;7010544444;7210544444
98;7253632000;7010544444;7210544444
99;7253638000;7052177777;7252177777
100;7253639000;7052177777;7252177777
101;7253640000;7052177777;7252177777
102;7253641000;7052177777;7252177777
103;7253642000;7052177777;7252177777
104;7253643000;7052177777;7252177777
105;7253643000;7052177777;7252177777
106;7253644000;7052177777;7252177777
107;7253645000;7052177777;7252177777
108;7253646000;7052177777;7252177777
109;7295303000;7052177777;7252177777
110;7295328000;7093777777;7293777777
111;7295330000;7093777777;7293777777
112;7295331000;7093777777;7293777777
113;7295332000;7093777777;7293777777
114;7295334000;7093777777;7293777777
115;7295335000;7093777777;7293777777
116;7295337000;7093777777;7293777777
117;7295338000;7093777777;7293777777
118;7295339000;7093777777;7293777777
119;7295340000;7093777777;7293777777
120;7336848000;7093777777;7293777777
121;7336854000;7135488888;7335488888
122;7336856000;7135488888;7335488888
123;7336857000;7135488888;7335488888
124;7336858000;7135488888;7335488888
125;7336860000;7135488888;7335488888
126;7336861000;7135488888;7335488888
127;7336862000;7135488888;7335488888
128;7336864000;7135488888;7335488888
129;7336865000;7135488888;7335488888
130;7336866000;7135488888;7335488888
131;7378530000;7135488888;7335488888
132;7378536000;7177144444;7377144444
133;7378537000;7177144444;7377144444
134;7378538000;7177144444;7377144444
135;7378539000;7177144444;7377144444
136;7378540000;7177144444;7377144444
137;7378550000;7177144444;7377144444
138;7378551000;7177144444;7377144444
139;7378552000;7177144444;7377144444
140;7378553000;7177144444;7377144444
141;7378554000;7177144444;7377144444
142;7420216000;7177144444;7377144444
143;7420222000;7218800000;7418800000
144;7420223000;7218800000;7418800000
145;7420224000;7218800000;7418800000
146;7420225000;7218800000;7418800000
147;7420226000;7218800000;7418800000
148;7420227000;7218800000;7418800000
149;7420228000;7218800000;7418800000
150;7420228000;7218800000;7418800000
151;7420229000;7218800000;7418800000
155;7503541000;7260511111;7460511111
163;7503553000;7260511111;7460511111
164;7503660000;7260511111;7460511111
165;7503666000;7302166666;7502166666
166;7503667000;7302166666;7502166666
167;7503668000;7302166666;7502166666
168;7503669000;7302166666;7502166666
169;7503670000;7302166666;7502166666
170;7503671000;7302166666;7502166666
171;7503672000;7302166666;7502166666
172;7503673000;7302166666;7502166666
173;7503673000;7302166666;7502166666
174;7503674000;7302166666;7502166666
175;7545238000;7302166666;7502166666
176;7545244000;7343777777;7543777777
177;7545245000;7343777777;7543777777
178;7545246000;7343777777;7543777777
179;7545247000;7343777777;7543777777
180;7545248000;7343777777;7543777777
181;7545261000;7343777777;7543777777
186;7586860000;7343777777;7543777777
187;7586866000;7385500000;7585500000
188;7586867000;7385500000;7585500000
189;7586868000;7385500000;7585500000
190;7586870000;7385500000;7585500000
191;7586870000;7385500000;7585500000
192;7586871000;7385500000;7585500000
193;7586872000;7385500000;7585500000
194;7586873000;7385500000;7585500000
195;7586874000;7385500000;7585500000
196;7586875000;7385500000;7585500000
197;7628630000;7385500000;7585500000
198;7628636000;7427155555;7627155555
199;7628637000;7427155555;7627155555
200;7628638000;7427155555;7627155555
201;7628639000;7427155555;7627155555
202;7628640000;7427155555;7627155555
203;7628641000;7427155555;7627155555
204;7628642000;7427155555;7627155555
205;7628643000;7427155555;7627155555
206;7628644000;7427155555;7627155555
207;7628645000;7427155555;7627155555
208;7670223000;7427155555;7627155555
209;7670228000;7468800000;7668800000
210;7670229000;7468800000;7668800000
211;7670230000;7468800000;7668800000
212;7670231000;7468800000;7668800000
213;7670232000;7468800000;7668800000
214;7670233000;7468800000;7668800000
215;7670234000;7468800000;7668800000
216;7670235000;7468800000;7668800000
217;7670236000;7468800000;7668800000
218;7670237000;7468800000;7668800000
219;7711885000;7468800000;7668800000
220;7711891000;7510533333;7710533333
221;7711892000;7510533333;7710533333
222;7711893000;7510533333;7710533333
223;7711894000;7510533333;7710533333
224;7711895000;7510533333;7710533333
225;7711896000;7510533333;7710533333
226;7711897000;7510533333;7710533333
227;7711898000;7510533333;7710533333
228;7711899000;7510533333;7710533333
229;7711909000;7510533333;7710533333
230;7753664000;7510533333;7710533333
231;7753670000;7552133333;7752133333
232;7753671000;7552133333;7752133333
233;7753672000;7552133333;7752133333
234;7753673000;7552133333;7752133333
235;7753674000;7552133333;7752133333
236;7753675000;7552133333;7752133333
237;7753676000;7552133333;7752133333
238;7753677000;7552133333;7752133333
239;7753678000;7552133333;7752133333
240;7753678000;7552133333;7752133333
243;7836759000;7593755555;7793755555
252;7836826000;7593755555;7793755555
253;7836839000;7635500000;7835500000
254;7836841000;7635500000;7835500000
255;7836842000;7635500000;7835500000
256;7836844000;7635500000;7835500000
257;7836845000;7635500000;7835500000
258;7836847000;7635500000;7835500000
259;7836848000;7635500000;7835500000
260;7836850000;7635500000;7835500000
261;7836851000;7635500000;7835500000
262;7836852000;7635500000;7835500000
263;7878577000;7635500000;7835500000
265;7882526000;7677122222;7877122222
266;7882528000;7677122222;7877122222
267;7882529000;7677122222;7877122222
268;7882530000;7677122222;7877122222
269;7882531000;7677122222;7877122222
270;7882532000;7677122222;7877122222
271;7882542000;7677122222;7877122222
274;7920207000;7677122222;7877122222
275;7920214000;7718755555;7918755555
276;7920215000;7718755555;7918755555
277;7920216000;7718755555;7918755555
278;7920217000;7718755555;7918755555
279;7920218000;7718755555;7918755555
280;7920219000;7718755555;7918755555
281;7920220000;7718755555;7918755555
282;7920220000;7718755555;7918755555
283;7920221000;7718755555;7918755555
284;7920222000;7718755555;7918755555
285;7961669000;7718755555;7918755555
287;7965897000;7760477777;7960477777
288;7965910000;7760477777;7960477777
289;7965911000;7760477777;7960477777
290;7965912000;7760477777;7960477777
291;7965913000;7760477777;7960477777
292;7965914000;7760477777;7960477777
293;7965915000;7760477777;7960477777
294;7965916000;7760477777;7960477777
295;7965917000;7760477777;7960477777
296;8003536000;7760477777;7960477777
299;8007537000;7802144444;8002144444
300;8007539000;7802144444;8002144444
301;8007540000;7802144444;8002144444
302;8007541000;7802144444;8002144444
303;8007542000;7802144444;8002144444
304;8007543000;7802144444;8002144444
305;8007544000;7802144444;8002144444
306;8007545000;7802144444;8002144444
307;8045211000;7802144444;8002144444
308;8045217000;7843755555;8043755555
309;8045218000;7843755555;8043755555
310;8045219000;7843755555;8043755555
311;8045227000;7843755555;8043755555
312;8045228000;7843755555;8043755555
313;8045229000;7843755555;8043755555
314;8045230000;7843755555;8043755555
315;8045231000;7843755555;8043755555
316;8045231000;7843755555;8043755555
317;8045232000;7843755555;8043755555
318;8086824000;7843755555;8043755555
320;8090751000;7885511111;8085511111
321;8090754000;7885511111;8085511111
322;8090755000;7885511111;8085511111
323;8090757000;7885511111;8085511111
324;8090758000;7885511111;8085511111
325;8090768000;7885511111;8085511111
326;8090770000;7885511111;8085511111
327;8090771000;7885511111;8085511111
328;8090773000;7885511111;8085511111
329;8128590000;7885511111;8085511111
330;8128596000;7927166666;8127166666
331;8128597000;7927166666;8127166666
332;8128598000;7927166666;8127166666
333;8128599000;7927166666;8127166666
334;8128600000;7927166666;8127166666
335;8128601000;7927166666;8127166666
336;8128602000;7927166666;8127166666
337;8128603000;7927166666;8127166666
338;8128604000;7927166666;8127166666
339;8128605000;7927166666;8127166666
340;8170253000;7927166666;8127166666
341;8170259000;7968800000;8168800000
342;8170260000;7968800000;8168800000
343;8170261000;7968800000;8168800000
344;8170262000;7968800000;8168800000
345;8170263000;7968800000;8168800000
346;8170264000;7968800000;8168800000
347;8170265000;7968800000;8168800000
348;8170266000;7968800000;8168800000
349;8170267000;7968800000;8168800000
350;8170268000;7968800000;8168800000
351;8211872000;7968800000;8168800000
352;8211878000;8010500000;8210500000
353;8211879000;8010500000;8210500000
354;8211880000;8010500000;8210500000
355;8211881000;8010500000;8210500000
356;8211882000;8010500000;8210500000
357;8211883000;8010500000;8210500000
358;8211883000;8010500000;8210500000
359;8211885000;8010500000;8210500000
360;8211885000;8010500000;8210500000
361;8211886000;8010500000;8210500000
362;8253578000;8010500000;8210500000
363;8253584000;8052144444;8252144444
364;8253585000;8052144444;8252144444
365;8253586000;8052144444;8252144444
366;8253587000;8052144444;8252144444
367;8253588000;8052144444;8252144444
368;8253588000;8052144444;8252144444
369;8253590000;8052144444;8252144444
370;8253590000;8052144444;8252144444
371;8253591000;8052144444;8252144444
372;8253592000;8052144444;8252144444
373;8295156000;8052144444;8252144444
374;8295171000;8093733333;8293733333
375;8295173000;8093733333;8293733333
376;8295174000;8093733333;8293733333
377;8295176000;8093733333;8293733333
378;8295177000;8093733333;8293733333
379;8295179000;8093733333;8293733333
380;8295180000;8093733333;8293733333
381;8295182000;8093733333;8293733333
382;8295183000;8093733333;8293733333
383;8295184000;8093733333;8293733333
384;8336835000;8093733333;8293733333
385;8336841000;8135511111;8335511111
386;8336842000;8135511111;8335511111
387;8336843000;8135511111;8335511111
388;8336844000;8135511111;8335511111
389;8336845000;8135511111;8335511111
390;8336846000;8135511111;8335511111
391;8336847000;8135511111;8335511111
392;8336848000;8135511111;8335511111
393;8336849000;8135511111;8335511111
394;8336850000;8135511111;8335511111
395;8378590000;8135511111;8335511111
396;8378595000;8177144444;8377144444
397;8378597000;8177144444;8377144444
398;8378597000;8177144444;8377144444
399;8378599000;8177144444;8377144444
400;8378600000;8177144444;8377144444
401;8378601000;8177144444;8377144444
402;8378601000;8177144444;8377144444
403;8378602000;8177144444;8377144444
404;8378603000;8177144444;8377144444
405;8378604000;8177144444;8377144444
406;8420216000;8177144444;8377144444
407;8420222000;8218777777;8418777777
408;8420223000;8218777777;8418777777
409;8420224000;8218777777;8418777777
410;8420225000;8218777777;8418777777
411;8420226000;8218777777;8418777777
412;8420227000;8218777777;8418777777
413;8420228000;8218777777;8418777777
414;8420229000;8218777777;8418777777
415;8420229000;8218777777;8418777777
416;8420230000;8218777777;8418777777
417;8461886000;8218777777;8418777777
418;8461912000;8260455555;8460455555
419;8461913000;8260455555;8460455555
420;8461915000;8260455555;8460455555
421;8461916000;8260455555;8460455555
422;8461917000;8260455555;8460455555
423;8461936000;8260455555;8460455555
424;8461938000;8260455555;8460455555
425;8461939000;8260455555;8460455555
426;8461940000;8260455555;8460455555
427;8461942000;8260455555;8460455555
428;8507485000;8260455555;8460455555
429;8507563000;8302166666;8502166666
430;8507566000;8302166666;8502166666
431;8507578000;8302166666;8502166666
432;8507581000;8302166666;8502166666
433;8507582000;8302166666;8502166666
434;8507584000;8302166666;8502166666
435;8507586000;8302166666;8502166666
436;8507587000;8302166666;8502166666
437;8507589000;8302166666;8502166666
438;8507590000;8302166666;8502166666
439;8545282000;8302166666;8502166666
440;8545308000;8343766666;8543766666
441;8545311000;8343766666;8543766666
442;8545312000;8343766666;8543766666
443;8545313000;8343766666;8543766666
444;8545315000;8343766666;8543766666
445;8545316000;8343766666;8543766666
446;8545318000;8343766666;8543766666
447;8545319000;8343766666;8543766666
448;8545320000;8343766666;8543766666
449;8545322000;8343766666;8543766666
450;8586926000;8343766666;8543766666
451;8586955000;8385466666;8585466666
452;8586957000;8385466666;8585466666
453;8586959000;8385466666;8585466666
454;8586961000;8385466666;8585466666
455;8586962000;8385466666;8585466666
456;8586963000;8385466666;8585466666
457;8586965000;8385466666;8585466666
458;8586966000;8385466666;8585466666
459;8586968000;8385466666;8585466666
460;8586970000;8385466666;8585466666
461;8628608000;8385466666;8585466666
462;8628633000;8427144444;8627144444
463;8628635000;8427144444;8627144444
464;8628636000;8427144444;8627144444
465;8628639000;8427144444;8627144444
468;8632625000;8427144444;8627144444
469;8632637000;8427144444;8627144444
470;8632638000;8427144444;8627144444
471;8632640000;8427144444;8627144444
472;8670256000;8427144444;8627144444
473;8670283000;8468788888;8668788888
474;8670284000;8468788888;8668788888
475;8670286000;8468788888;8668788888
476;8670287000;8468788888;8668788888
477;8670289000;8468788888;8668788888
478;8670290000;8468788888;8668788888
479;8670292000;8468788888;8668788888
480;8670293000;8468788888;8668788888
481;8670294000;8468788888;8668788888
482;8670296000;8468788888;8668788888
483;8711860000;8468788888;8668788888
485;8715868000;8510488888;8710488888
486;8715880000;8510488888;8710488888
487;8715881000;8510488888;8710488888
488;8715883000;8510488888;8710488888
489;8715884000;8510488888;8710488888
490;8715885000;8510488888;8710488888
491;8715886000;8510488888;8710488888
492;8715887000;8510488888;8710488888
493;8715888000;8510488888;8710488888
494;8753532000;8510488888;8710488888
495;8753547000;8552166666;8752166666
496;8753548000;8552166666;8752166666
497;8753549000;8552166666;8752166666
498;8753550000;8552166666;8752166666
499;8753551000;8552166666;8752166666
500;8753552000;8552166666;8752166666
501;8753553000;8552166666;8752166666
502;8753554000;8552166666;8752166666
503;8753555000;8552166666;8752166666
504;8753556000;8552166666;8752166666
505;8795237000;8552166666;8752166666
506;8795243000;8593800000;8793800000
507;8795244000;8593800000;8793800000
508;8795245000;8593800000;8793800000
509;8795246000;8593800000;8793800000
510;8795247000;8593800000;8793800000
511;8795248000;8593800000;8793800000
512;8795249000;8593800000;8793800000
513;8795249000;8593800000;8793800000
514;8795250000;8593800000;8793800000
515;8795251000;8593800000;8793800000
516;8836870000;8593800000;8793800000
517;8836876000;8635511111;8835511111
518;8836877000;8635511111;8835511111
519;8836878000;8635511111;8835511111
520;8836879000;8635511111;8835511111
521;8836879000;8635511111;8835511111
522;8836880000;8635511111;8835511111
523;8836881000;8635511111;8835511111
524;8836882000;8635511111;8835511111
525;8836883000;8635511111;8835511111
528;8920445000;8677166666;8877166666
539;8961682000;8718800000;8918800000
550;9003597000;8760522222;8960522222
560;9003707000;8760522222;8960522222
561;9003713000;8802155555;9002155555
562;9003714000;8802155555;9002155555
563;9003715000;8802155555;9002155555
564;9003716000;8802155555;9002155555
565;9003717000;8802155555;9002155555
566;9003718000;8802155555;9002155555
567;9003719000;8802155555;9002155555
568;9003728000;8802155555;9002155555
569;9003729000;8802155555;9002155555
570;9003729000;8802155555;9002155555
571;9045226000;8802155555;9002155555
572;9045232000;8843788888;9043788888
573;9045233000;8843788888;9043788888
574;9045234000;8843788888;9043788888
575;9045235000;8843788888;9043788888
579;9049087000;8843788888;9043788888
580;9049089000;8843788888;9043788888
581;9049090000;8843788888;9043788888
582;9088298000;8843788888;9043788888
583;9088325000;8885511111;9085511111
584;9088327000;8885511111;9085511111
585;9088328000;8885511111;9085511111
586;9088330000;8885511111;9085511111
587;9088331000;8885511111;9085511111
588;9088333000;8885511111;9085511111
589;9088334000;8885511111;9085511111
590;9088336000;8885511111;9085511111
591;9088337000;8885511111;9085511111
592;9088339000;8885511111;9085511111
593;9128587000;8885511111;9085511111
594;9128594000;8927188888;9127188888
595;9128595000;8927188888;9127188888
596;9128597000;8927188888;9127188888
597;9128598000;8927188888;9127188888
598;9128599000;8927188888;9127188888
599;9128601000;8927188888;9127188888
600;9128602000;8927188888;9127188888
601;9128603000;8927188888;9127188888
602;9128604000;8927188888;9127188888
603;9128606000;8927188888;9127188888
604;9170259000;8927188888;9127188888
605;9170264000;8968811111;9168811111
606;9170265000;8968811111;9168811111
607;9170266000;8968811111;9168811111
608;9170267000;8968811111;9168811111
609;9170268000;8968811111;9168811111
610;9170269000;8968811111;9168811111
611;9170270000;8968811111;9168811111
612;9170271000;8968811111;9168811111
613;9170272000;8968811111;9168811111
614;9170273000;8968811111;9168811111
615;9211881000;8968811111;9168811111
616;9211887000;9010455555;9210455555
617;9211888000;9010455555;9210455555
618;9211889000;9010455555;9210455555
619;9211890000;9010455555;9210455555
620;9211891000;9010455555;9210455555
621;9211892000;9010455555;9210455555
622;9211893000;9010455555;9210455555
623;9211894000;9010455555;9210455555
624;9211895000;9010455555;9210455555
625;9211896000;9010455555;9210455555
626;9253535000;9010455555;9210455555
627;9253540000;9052111111;9252111111
628;9253542000;9052111111;9252111111
629;9253543000;9052111111;9252111111
630;9253544000;9052111111;9252111111
631;9253545000;9052111111;9252111111
632;9253545000;9052111111;9252111111
633;9253546000;9052111111;9252111111
634;9253547000;9052111111;9252111111
635;9253548000;9052111111;9252111111
636;9253549000;9052111111;9252111111
637;9295122000;9052111111;9252111111
638;9295137000;9093777777;9293777777
639;9295139000;9093777777;9293777777
640;9295141000;9093777777;9293777777
641;9295142000;9093777777;9293777777
642;9295144000;9093777777;9293777777
643;9295145000;9093777777;9293777777
644;9295146000;9093777777;9293777777
645;9295148000;9093777777;9293777777
646;9295150000;9093777777;9293777777
647;9295151000;9093777777;9293777777
648;9336865000;9093777777;9293777777
649;9336871000;9135522222;9335522222
650;9336872000;9135522222;9335522222
651;9336873000;9135522222;9335522222
652;9336874000;9135522222;9335522222
653;9336875000;9135522222;9335522222
654;9336876000;9135522222;9335522222
655;9336877000;9135522222;9335522222
656;9336878000;9135522222;9335522222
657;9336879000;9135522222;9335522222
658;9336880000;9135522222;9335522222
659;9378594000;9135522222;9335522222
660;9378600000;9177155555;9377155555
661;9378601000;9177155555;9377155555
662;9378602000;9177155555;9377155555
663;9378603000;9177155555;9377155555
664;9378604000;9177155555;9377155555
665;9378605000;9177155555;9377155555
666;9378606000;9177155555;9377155555
667;9378606000;9177155555;9377155555
668;9378607000;9177155555;9377155555
669;9378608000;9177155555;9377155555
670;9420228000;9177155555;9377155555
671;9420234000;9218800000;9418800000
672;9420235000;9218800000;9418800000
673;9420236000;9218800000;9418800000
674;9420237000;9218800000;9418800000
677;9424196000;9218800000;9418800000
678;9424200000;9218800000;9418800000
679;9424201000;9218800000;9418800000
680;9424202000;9218800000;9418800000
681;9461836000;9218800000;9418800000
682;9461842000;9260488888;9460488888
683;9461852000;9260488888;9460488888
684;9461853000;9260488888;9460488888
685;9461854000;9260488888;9460488888
686;9461855000;9260488888;9460488888
687;9461856000;9260488888;9460488888
688;9461856000;9260488888;9460488888
689;9461857000;9260488888;9460488888
690;9461858000;9260488888;9460488888
691;9461859000;9260488888;9460488888
692;9503527000;9260488888;9460488888
693;9503533000;9302177777;9502177777
694;9503534000;9302177777;9502177777
695;9503535000;9302177777;9502177777
696;9503536000;9302177777;9502177777
697;9503537000;9302177777;9502177777
698;9503538000;9302177777;9502177777
699;9503539000;9302177777;9502177777
700;9503540000;9302177777;9502177777
701;9503550000;9302177777;9502177777
702;9503551000;9302177777;9502177777
703;9545249000;9302177777;9502177777
704;9545255000;9343777777;9543777777
705;9545256000;9343777777;9543777777
706;9545257000;9343777777;9543777777
707;9545258000;9343777777;9543777777
708;9545259000;9343777777;9543777777
709;9545260000;9343777777;9543777777
710;9545260000;9343777777;9543777777
711;9545261000;9343777777;9543777777
712;9545262000;9343777777;9543777777
713;9545263000;9343777777;9543777777
716;9628528000;9385522222;9585522222
726;9670232000;9427144444;9627144444
736;9670342000;9427144444;9627144444
737;9670347000;9468800000;9668800000
738;9670349000;9468800000;9668800000
739;9670349000;9468800000;9668800000
740;9670351000;9468800000;9668800000
741;9670352000;9468800000;9668800000
742;9670352000;9468800000;9668800000
743;9670353000;9468800000;9668800000
744;9670354000;9468800000;9668800000
745;9670355000;9468800000;9668800000
746;9670356000;9468800000;9668800000
747;9711870000;9468800000;9668800000
748;9711876000;9510533333;9710533333
749;9711877000;9510533333;9710533333
750;9711878000;9510533333;9710533333
751;9711879000;9510533333;9710533333
752;9711880000;9510533333;9710533333
753;9711881000;9510533333;9710533333
754;9711882000;9510533333;9710533333
755;9711882000;9510533333;9710533333
756;9711883000;9510533333;9710533333
759;9795416000;9552155555;9752155555
770;9836862000;9593788888;9793788888
781;9878595000;9635522222;9835522222
792;9920265000;9677177777;9877177777
803;9961818000;9718811111;9918811111
814;10003536000;9760522222;9960522222
825;10045252000;9802177777;10002177777
836;10086886000;9843800000;10043800000
847;10128596000;9885500000;10085500000
858;10170249000;9927177777;10127177777
869;10211863000;9968788888;10168788888
880;10253547000;10010466666;10210466666
891;10295240000;10052166666;10252166666
902;10336818000;10093744444;10293744444
913;10378534000;10135455555;10335455555
924;10420291000;10177200000;10377200000
935;10461689000;10218777777;10418777777
946;10503562000;10260466666;10460466666
957;10545233000;10302155555;10502155555
968;10586852000;10343777777;10543777777
978;10586921000;10343777777;10543777777
979;10586924000;10385477777;10585477777
980;10586925000;10385477777;10585477777
981;10586926000;10385477777;10585477777
982;10586927000;10385477777;10585477777
983;10586928000;10385477777;10585477777
984;10586929000;10385477777;10585477777
985;10586930000;10385477777;10585477777
986;10586931000;10385477777;10585477777
987;10586932000;10385477777;10585477777
988;10586933000;10385477777;10585477777
989;10628538000;10385477777;10585477777
990;10628554000;10427166666;10627166666
991;10628555000;10427166666;10627166666
992;10628556000;10427166666;10627166666
993;10628557000;10427166666;10627166666
994;10628558000;10427166666;10627166666
995;10628558000;10427166666;10627166666
998;10632526000;10427166666;10627166666
999;10632529000;10427166666;10627166666
1000;10670203000;10427166666;10627166666
1001;10670209000;10468777777;10668777777
1002;10670210000;10468777777;10668777777
1003;10670211000;10468777777;10668777777
1004;10670212000;10468777777;10668777777
1005;10670213000;10468777777;10668777777
1006;10670214000;10468777777;10668777777
1007;10670215000;10468777777;10668777777
1008;10670216000;10468777777;10668777777
1009;10670217000;10468777777;10668777777
1010;10670218000;10468777777;10668777777
1011;10711848000;10468777777;10668777777
1012;10711854000;10510477777;10710477777
1013;10711863000;10510477777;10710477777
1014;10711863000;10510477777;10710477777
1015;10711865000;10510477777;10710477777
1016;10711865000;10510477777;10710477777
1017;10711866000;10510477777;10710477777
1018;10711867000;10510477777;10710477777
1019;10711868000;10510477777;10710477777
1020;10711869000;10510477777;10710477777
1021;10711870000;10510477777;10710477777
1022;10753596000;10510477777;10710477777
1023;10753602000;10552177777;10752177777
1024;10753603000;10552177777;10752177777
1025;10753604000;10552177777;10752177777
1026;10753605000;10552177777;10752177777
1027;10753606000;10552177777;10752177777
1028;10753607000;10552177777;10752177777
1029;10753608000;10552177777;10752177777
1030;10753609000;10552177777;10752177777
1031;10753610000;10552177777;10752177777
1032;10753611000;10552177777;10752177777
1033;10795248000;10552177777;10752177777
1034;10795253000;10593800000;10793800000
1035;10795254000;10593800000;10793800000
1036;10795255000;10593800000;10793800000
1037;10795256000;10593800000;10793800000
1038;10795257000;10593800000;10793800000
1039;10795258000;10593800000;10793800000
1040;10795259000;10593800000;10793800000
1041;10795260000;10593800000;10793800000
1042;10795261000;10593800000;10793800000
1043;10795262000;10593800000;10793800000
1044;10836886000;10593800000;10793800000
1045;10836892000;10635533333;10835533333
1046;10836893000;10635533333;10835533333
1047;10836894000;10635533333;10835533333
1048;10836895000;10635533333;10835533333
1049;10836896000;10635533333;10835533333
1050;10836896000;10635533333;10835533333
1051;10836898000;10635533333;10835533333
1052;10836898000;10635533333;10835533333
1053;10836899000;10635533333;10835533333
1054;10836900000;10635533333;10835533333
1055;10878607000;10635533333;10835533333
1056;10878613000;10677155555;10877155555
1057;10878614000;10677155555;10877155555
1058;10878615000;10677155555;10877155555
1059;10878616000;10677155555;10877155555
1060;10878617000;10677155555;10877155555
1061;10878617000;10677155555;10877155555
1062;10878618000;10677155555;10877155555
1063;10878619000;10677155555;10877155555
1064;10878620000;10677155555;10877155555
1065;10878621000;10677155555;10877155555
1066;10920225000;10677155555;10877155555
1067;10920231000;10718755555;10918755555
1068;10920232000;10718755555;10918755555
1069;10920233000;10718755555;10918755555
1070;10920234000;10718755555;10918755555
1071;10920235000;10718755555;10918755555
1072;10920236000;10718755555;10918755555
1073;10920237000;10718755555;10918755555
1074;10920238000;10718755555;10918755555
1075;10920239000;10718755555;10918755555
1076;10920239000;10718755555;10918755555
1077;10961691000;10718755555;10918755555
1078;10961696000;10760477777;10960477777
1079;10961697000;10760477777;10960477777
1080;10961698000;10760477777;10960477777
1081;10961700000;10760477777;10960477777
1082;10961701000;10760477777;10960477777
1083;10961701000;10760477777;10960477777
1084;10961702000;10760477777;10960477777
1085;10961703000;10760477777;10960477777
1086;10961704000;10760477777;10960477777
1087;10961705000;10760477777;10960477777
1088;11003506000;10760477777;10960477777
1089;11003512000;10802122222;11002122222
1090;11003513000;10802122222;11002122222
1091;11003527000;10802122222;11002122222
1092;11003528000;10802122222;11002122222
1093;11003530000;10802122222;11002122222
1094;11003531000;10802122222;11002122222
1095;11003531000;10802122222;11002122222
1096;11003542000;10802122222;11002122222
1097;11003543000;10802122222;11002122222
1098;11003544000;10802122222;11002122222
1099;11045207000;10802122222;11002122222
1100;11045213000;10843766666;11043766666
1101;11045214000;10843766666;11043766666
1102;11045215000;10843766666;11043766666
1103;11045216000;10843766666;11043766666
1104;11045217000;10843766666;11043766666
1105;11045218000;10843766666;11043766666
1106;11045218000;10843766666;11043766666
1107;11045219000;10843766666;11043766666
1108;11045220000;10843766666;11043766666
1109;11045221000;10843766666;11043766666
1110;11086854000;10843766666;11043766666
1111;11086860000;10885455555;11085455555
1112;11086861000;10885455555;11085455555
1113;11086869000;10885455555;11085455555
1114;11086870000;10885455555;11085455555
1115;11086871000;10885455555;11085455555
1116;11086872000;10885455555;11085455555
1117;11086873000;10885455555;11085455555
1118;11086874000;10885455555;11085455555
1119;11086874000;10885455555;11085455555
1120;11086875000;10885455555;11085455555
1121;11128531000;10885455555;11085455555
1122;11128537000;10927166666;11127166666
1123;11128538000;10927166666;11127166666
1124;11128539000;10927166666;11127166666
1125;11128540000;10927166666;11127166666
1126;11128541000;10927166666;11127166666
1127;11128542000;10927166666;11127166666
1128;11128543000;10927166666;11127166666
1129;11128544000;10927166666;11127166666
1130;11128545000;10927166666;11127166666
1133;11212059000;10968800000;11168800000
1144;11253595000;11010488888;11210488888
1155;11295284000;11052166666;11252166666
1166;11336839000;11093766666;11293766666
1177;11378580000;11135500000;11335500000
1188;11420201000;11177133333;11377133333
1198;11420315000;11177133333;11377133333
1199;11420321000;11218766666;11418766666
1200;11420322000;11218766666;11418766666
1201;11420323000;11218766666;11418766666
1202;11420324000;11218766666;11418766666
1203;11420325000;11218766666;11418766666
1204;11420326000;11218766666;11418766666
1205;11420327000;11218766666;11418766666
1206;11420328000;11218766666;11418766666
1207;11420329000;11218766666;11418766666
1208;11420330000;11218766666;11418766666
1209;11461829000;11218766666;11418766666
1210;11461835000;11260500000;11460500000
1211;11461836000;11260500000;11460500000
1212;11461837000;11260500000;11460500000
1213;11461838000;11260500000;11460500000
1214;11461840000;11260500000;11460500000
1215;11461841000;11260500000;11460500000
1216;11461841000;11260500000;11460500000
1217;11461842000;11260500000;11460500000
1218;11461843000;11260500000;11460500000
1221;11545421000;11302155555;11502155555
1232;11586865000;11343777777;11543777777
1243;11628543000;11385466666;11585466666
1254;11670208000;11427122222;11627122222
1265;11711874000;11468800000;11668800000
1276;11753618000;11510522222;11710522222
1287;11795241000;11552155555;11752155555
1298;11836878000;11593788888;11793788888
1309;11878568000;11635488888;11835488888
1320;11920258000;11677177777;11877177777
1331;11961707000;11718766666;11918766666
1341;11961815000;11718766666;11918766666
1342;11961821000;11760477777;11960477777
1343;11961822000;11760477777;11960477777
1344;11961823000;11760477777;11960477777
1345;11961824000;11760477777;11960477777
1346;11961825000;11760477777;11960477777
1347;11961825000;11760477777;11960477777
1348;11961826000;11760477777;11960477777
1349;11961827000;11760477777;11960477777
1350;11961828000;11760477777;11960477777
1351;11961829000;11760477777;11960477777
1352;12003538000;11760477777;11960477777
1353;12003553000;11802133333;12002133333
1354;12003554000;11802133333;12002133333
1355;12003555000;11802133333;12002133333
1358;12007521000;11802133333;12002133333
1359;12007523000;11802133333;12002133333
1360;12007524000;11802133333;12002133333
1361;12007525000;11802133333;12002133333
1362;12007526000;11802133333;12002133333
1363;12045198000;11802133333;12002133333
1364;12045204000;11843822222;12043822222
1365;12045205000;11843822222;12043822222
1368;12049185000;11843822222;12043822222
1369;12049197000;11843822222;12043822222
1370;12049198000;11843822222;12043822222
1371;12049199000;11843822222;12043822222
1372;12049200000;11843822222;12043822222
1373;12049200000;11843822222;12043822222
1374;12086854000;11843822222;12043822222
1375;12086860000;11885500000;12085500000
1376;12086861000;11885500000;12085500000
1377;12086863000;11885500000;12085500000
1378;12086864000;11885500000;12085500000
1379;12086865000;11885500000;12085500000
1380;12086865000;11885500000;12085500000
1381;12086866000;11885500000;12085500000
1382;12086867000;11885500000;12085500000
1383;12086868000;11885500000;12085500000
1384;12086869000;11885500000;12085500000
1385;12128605000;11885500000;12085500000
1386;12128611000;11927166666;12127166666
1387;12128612000;11927166666;12127166666
1388;12128613000;11927166666;12127166666
1389;12128622000;11927166666;12127166666
1390;12128623000;11927166666;12127166666
1391;12128624000;11927166666;12127166666
1392;12128625000;11927166666;12127166666
1393;12128626000;11927166666;12127166666
1394;12128627000;11927166666;12127166666
1395;12128628000;11927166666;12127166666
1396;12170251000;11927166666;12127166666
1397;12170257000;11968811111;12168811111
1398;12170258000;11968811111;12168811111
1399;12170259000;11968811111;12168811111
1400;12170260000;11968811111;12168811111
1401;12170261000;11968811111;12168811111
1402;12170262000;11968811111;12168811111
1403;12170263000;11968811111;12168811111
1404;12170263000;11968811111;12168811111
1405;12170264000;11968811111;12168811111
1406;12170265000;11968811111;12168811111
1409;12253599000;12010500000;12210500000
1419;12295233000;12052144444;12252144444
1430;12336828000;12093755555;12293755555
1441;12378608000;12135500000;12335500000
1451;12378717000;12135500000;12335500000
1452;12378722000;12177133333;12377133333
1453;12378724000;12177133333;12377133333
1454;12378725000;12177133333;12377133333
1455;12378725000;12177133333;12377133333
1456;12378726000;12177133333;12377133333
1457;12378727000;12177133333;12377133333
1458;12378728000;12177133333;12377133333
1459;12378729000;12177133333;12377133333
1460;12378730000;12177133333;12377133333
1461;12378731000;12177133333;12377133333
1462;12420202000;12177133333;12377133333
1463;12420207000;12218788888;12418788888
1464;12420209000;12218788888;12418788888
1465;12420210000;12218788888;12418788888
1466;12420211000;12218788888;12418788888
1467;12420211000;12218788888;12418788888
1468;12420212000;12218788888;12418788888
1469;12420213000;12218788888;12418788888
1470;12420214000;12218788888;12418788888
1471;12420215000;12218788888;12418788888
1474;12503802000;12260544444;12460544444
1487;12545247000;12302177777;12502177777
1496;12586891000;12343811111;12543811111
1507;12628596000;12385477777;12585477777
1518;12670195000;12427122222;12627122222
1527;12670198000;12427122222;12627122222
1528;12670305000;12427122222;12627122222
1529;12670310000;12468766666;12668766666
1530;12670311000;12468766666;12668766666
1531;12670312000;12468766666;12668766666
1532;12670313000;12468766666;12668766666
1533;12670315000;12468766666;12668766666
1534;12670315000;12468766666;12668766666
1535;12670316000;12468766666;12668766666
1536;12670317000;12468766666;12668766666
1537;12670318000;12468766666;12668766666
1538;12670319000;12468766666;12668766666
1539;12711848000;12468766666;12668766666
1540;12711854000;12510511111;12710511111
1541;12711855000;12510511111;12710511111
1542;12711856000;12510511111;12710511111
1543;12711857000;12510511111;12710511111
1547;12715771000;12510511111;12710511111
1549;12715774000;12510511111;12710511111
1550;12753595000;12510511111;12710511111
1551;12753601000;12552166666;12752166666
1552;12753602000;12552166666;12752166666
1553;12753603000;12552166666;12752166666
1554;12753604000;12552166666;12752166666
1555;12753605000;12552166666;12752166666
1556;12753606000;12552166666;12752166666
1557;12753607000;12552166666;12752166666
1558;12753608000;12552166666;12752166666
1559;12753609000;12552166666;12752166666
1560;12753610000;12552166666;12752166666
1561;12795236000;12552166666;12752166666
1563;12799190000;12593755555;12793755555
1564;12799192000;12593755555;12793755555
1565;12799193000;12593755555;12793755555
1566;12799194000;12593755555;12793755555
1572;12836803000;12593755555;12793755555
1573;12836809000;12635522222;12835522222
1574;12836810000;12635522222;12835522222
1575;12836811000;12635522222;12835522222
1576;12836812000;12635522222;12835522222
1577;12836812000;12635522222;12835522222
1578;12836813000;12635522222;12835522222
1579;12836814000;12635522222;12835522222
1580;12836815000;12635522222;12835522222
1581;12836816000;12635522222;12835522222
1582;12836817000;12635522222;12835522222
1583;12878631000;12635522222;12835522222
1585;12882415000;12677166666;12877166666
1586;12882419000;12677166666;12877166666
1587;12882421000;12677166666;12877166666
1588;12882425000;12677166666;12877166666
1590;12882426000;12677166666;12877166666
1591;12882435000;12677166666;12877166666
1592;12882436000;12677166666;12877166666
1593;12882437000;12677166666;12877166666
1594;12920193000;12677166666;12877166666
1595;12920209000;12718811111;12918811111
1596;12920210000;12718811111;12918811111
1597;12920211000;12718811111;12918811111
1598;12920212000;12718811111;12918811111
1599;12920213000;12718811111;12918811111
1600;12920214000;12718811111;12918811111
1601;12920215000;12718811111;12918811111
1602;12920216000;12718811111;12918811111
1603;12920216000;12718811111;12918811111
1604;12920217000;12718811111;12918811111
1605;12961856000;12718811111;12918811111
1606;12961871000;12760500000;12960500000
1607;12961873000;12760500000;12960500000
1608;12961874000;12760500000;12960500000
1609;12961875000;12760500000;12960500000
1610;12961876000;12760500000;12960500000
1611;12961877000;12760500000;12960500000
1612;12961878000;12760500000;12960500000
1613;12961878000;12760500000;12960500000
1614;12961879000;12760500000;12960500000
1615;12961880000;12760500000;12960500000
1616;13003523000;12760500000;12960500000
1617;13003530000;12802166666;13002166666
1618;13003531000;12802166666;13002166666
1619;13003532000;12802166666;13002166666
1620;13003533000;12802166666;13002166666
1621;13003534000;12802166666;13002166666
1622;13003535000;12802166666;13002166666
1623;13003536000;12802166666;13002166666
1624;13003546000;12802166666;13002166666
1625;13003547000;12802166666;13002166666
1626;13003548000;12802166666;13002166666
1627;13045229000;12802166666;13002166666
1628;13045235000;12843800000;13043800000
1629;13045236000;12843800000;13043800000
1630;13045237000;12843800000;13043800000
1631;13045238000;12843800000;13043800000
1632;13045239000;12843800000;13043800000
1633;13045240000;12843800000;13043800000
1634;13045241000;12843800000;13043800000
1635;13045242000;12843800000;13043800000
1636;13045243000;12843800000;13043800000
1637;13045244000;12843800000;13043800000
1638;13086860000;12843800000;13043800000
1639;13086866000;12885500000;13085500000
1640;13086867000;12885500000;13085500000
1641;13086869000;12885500000;13085500000
1642;13086870000;12885500000;13085500000
1643;13086871000;12885500000;13085500000
1644;13086872000;12885500000;13085500000
1645;13086873000;12885500000;13085500000
1646;13086873000;12885500000;13085500000
1647;13086874000;12885500000;13085500000
1648;13086875000;12885500000;13085500000
1649;13128590000;12885500000;13085500000
1650;13128596000;12927200000;13127200000
1651;13128597000;12927200000;13127200000
1652;13128598000;12927200000;13127200000
1653;13128599000;12927200000;13127200000
1654;13128600000;12927200000;13127200000
1655;13128601000;12927200000;13127200000
1656;13128601000;12927200000;13127200000
1657;13128602000;12927200000;13127200000
1658;13128603000;12927200000;13127200000
1659;13128604000;12927200000;13127200000
1660;13170284000;12927200000;13127200000
1661;13170290000;12968788888;13168788888
1662;13170291000;12968788888;13168788888
1663;13170292000;12968788888;13168788888
1664;13170293000;12968788888;13168788888
1665;13170294000;12968788888;13168788888
1666;13170295000;12968788888;13168788888
1667;13170296000;12968788888;13168788888
1668;13170306000;12968788888;13168788888
1669;13170307000;12968788888;13168788888
1670;13170308000;12968788888;13168788888
1671;13211874000;12968788888;13168788888
1672;13211880000;13010477777;13210477777
1673;13211881000;13010477777;13210477777
1674;13211882000;13010477777;13210477777
1675;13211883000;13010477777;13210477777
1676;13211884000;13010477777;13210477777
1677;13211885000;13010477777;13210477777
1678;13211886000;13010477777;13210477777
1679;13211887000;13010477777;13210477777
1680;13211887000;13010477777;13210477777
1681;13211888000;13010477777;13210477777
1682;13253539000;13010477777;13210477777
1683;13253545000;13052144444;13252144444
1684;13253555000;13052144444;13252144444
1685;13253556000;13052144444;13252144444
1686;13253557000;13052144444;13252144444
1687;13253558000;13052144444;13252144444
1688;13253559000;13052144444;13252144444
1689;13253560000;13052144444;13252144444
1690;13253560000;13052144444;13252144444
1691;13253568000;13052144444;13252144444
1694;13337048000;13093788888;13293788888
1705;13378557000;13135466666;13335466666
1716;13420273000;13177200000;13377200000
1727;13461813000;13218811111;13418811111
1738;13503533000;13260500000;13460500000
1749;13545179000;13302155555;13502155555
1760;13586804000;13343788888;13543788888
1771;13628522000;13385522222;13585522222
1782;13670191000;13427177777;13627177777
1793;13711823000;13468811111;13668811111
1804;13753556000;13510511111;13710511111
1815;13795228000;13552155555;13752155555
1826;13836838000;13593800000;13793800000
1837;13878604000;13635511111;13835511111
1847;13878714000;13635511111;13835511111
1848;13878720000;13677155555;13877155555
1849;13878721000;13677155555;13877155555
1850;13878722000;13677155555;13877155555
1851;13878723000;13677155555;13877155555
1852;13878723000;13677155555;13877155555
1853;13878724000;13677155555;13877155555
1854;13878725000;13677155555;13877155555
1855;13878726000;13677155555;13877155555
1856;13878727000;13677155555;13877155555
1857;13878728000;13677155555;13877155555
1858;13920224000;13677155555;13877155555
1859;13920230000;13718755555;13918755555
1863;13924090000;13718755555;13918755555
1864;13924092000;13718755555;13918755555
1865;13924093000;13718755555;13918755555
1866;13924094000;13718755555;13918755555
1867;13924095000;13718755555;13918755555
1868;13924096000;13718755555;13918755555
1869;13961675000;13718755555;13918755555
1870;13961681000;13760455555;13960455555
1871;13961682000;13760455555;13960455555
1878;13966005000;13760455555;13960455555
1879;13966007000;13760455555;13960455555
1880;14003494000;13760455555;13960455555
1881;14003500000;13802100000;14002100000
1882;14003501000;13802100000;14002100000
1883;14003502000;13802100000;14002100000
1884;14003503000;13802100000;14002100000
1885;14003504000;13802100000;14002100000
1886;14003505000;13802100000;14002100000
1887;14003506000;13802100000;14002100000
1888;14003507000;13802100000;14002100000
1889;14003508000;13802100000;14002100000
1890;14003509000;13802100000;14002100000
1891;14045185000;13802100000;14002100000
1892;14045190000;13843744444;14043744444
1893;14045192000;13843744444;14043744444
1894;14045193000;13843744444;14043744444
1895;14045193000;13843744444;14043744444
1896;14045194000;13843744444;14043744444
1897;14045195000;13843744444;14043744444
1898;14045196000;13843744444;14043744444
1899;14045197000;13843744444;14043744444
1900;14045198000;13843744444;14043744444
1901;14045199000;13843744444;14043744444
1902;14086813000;13843744444;14043744444
1903;14086819000;13885477777;14085477777
1904;14086820000;13885477777;14085477777
1905;14086821000;13885477777;14085477777
1906;14086822000;13885477777;14085477777
1907;14086823000;13885477777;14085477777
1908;14086824000;13885477777;14085477777
1909;14086825000;13885477777;14085477777
1910;14086826000;13885477777;14085477777
1911;14086826000;13885477777;14085477777
1912;14086827000;13885477777;14085477777
1913;14128598000;13885477777;14085477777
1914;14128604000;13927122222;14127122222
1915;14128605000;13927122222;14127122222
1916;14128606000;13927122222;14127122222
1917;14128607000;13927122222;14127122222
1918;14128608000;13927122222;14127122222
1919;14128609000;13927122222;14127122222
1920;14128610000;13927122222;14127122222
1921;14128611000;13927122222;14127122222
1922;14128612000;13927122222;14127122222
1923;14128613000;13927122222;14127122222
1924;14170192000;13927122222;14127122222
1925;14170198000;13968800000;14168800000
1926;14170199000;13968800000;14168800000
1927;14170200000;13968800000;14168800000
1928;14170201000;13968800000;14168800000
1929;14170202000;13968800000;14168800000
1930;14170203000;13968800000;14168800000
1931;14170203000;13968800000;14168800000
1932;14170204000;13968800000;14168800000
1933;14170205000;13968800000;14168800000
1934;14170206000;13968800000;14168800000
1935;14211885000;13968800000;14168800000
1936;14211891000;14010522222;14210522222
1937;14211892000;14010522222;14210522222
1938;14211893000;14010522222;14210522222
1939;14211894000;14010522222;14210522222
1940;14211895000;14010522222;14210522222
1941;14211903000;14010522222;14210522222
1942;14211904000;14010522222;14210522222
1943;14211905000;14010522222;14210522222
1944;14211905000;14010522222;14210522222
1945;14211906000;14010522222;14210522222
1946;14253592000;14010522222;14210522222
1947;14253598000;14052122222;14252122222
1948;14253599000;14052122222;14252122222
1949;14253600000;14052122222;14252122222
1950;14253601000;14052122222;14252122222
1951;14253602000;14052122222;14252122222
1952;14253603000;14052122222;14252122222
1953;14253604000;14052122222;14252122222
1954;14253605000;14052122222;14252122222
1955;14253606000;14052122222;14252122222
1956;14253606000;14052122222;14252122222
1957;14295192000;14052122222;14252122222
1958;14295198000;14093733333;14293733333
1959;14295199000;14093733333;14293733333
1960;14295200000;14093733333;14293733333
1961;14295201000;14093733333;14293733333
1962;14295202000;14093733333;14293733333
1963;14295203000;14093733333;14293733333
1964;14295204000;14093733333;14293733333
1965;14295205000;14093733333;14293733333
1966;14295206000;14093733333;14293733333
1967;14295206000;14093733333;14293733333
1968;14336819000;14093733333;14293733333
1969;14336825000;14135444444;14335444444
1970;14336826000;14135444444;14335444444
1971;14336827000;14135444444;14335444444
1972;14336828000;14135444444;14335444444
1973;14336829000;14135444444;14335444444
1974;14336829000;14135444444;14335444444
1975;14336830000;14135444444;14335444444
1976;14336831000;14135444444;14335444444
1977;14336832000;14135444444;14335444444
1978;14336833000;14135444444;14335444444
1979;14378520000;14135444444;14335444444
1980;14378526000;14177155555;14377155555
1981;14378527000;14177155555;14377155555
1982;14378528000;14177155555;14377155555
1983;14378529000;14177155555;14377155555
1984;14378530000;14177155555;14377155555
1985;14378531000;14177155555;14377155555
1986;14378532000;14177155555;14377155555
1987;14378533000;14177155555;14377155555
1988;14378534000;14177155555;14377155555
1989;14378535000;14177155555;14377155555
1990;14420229000;14177155555;14377155555
1991;14420234000;14218766666;14418766666
1992;14420236000;14218766666;14418766666
1993;14420236000;14218766666;14418766666
1994;14420237000;14218766666;14418766666
1995;14420238000;14218766666;14418766666
1996;14420239000;14218766666;14418766666
1997;14420240000;14218766666;14418766666
1998;14420241000;14218766666;14418766666
1999;14420242000;14218766666;14418766666
2000;14420243000;14218766666;14418766666
2001;14461866000;14218766666;14418766666
2002;14461871000;14260488888;14460488888
2003;14461873000;14260488888;14460488888
2004;14461874000;14260488888;14460488888
2005;14461875000;14260488888;14460488888
2009;14465857000;14260488888;14460488888
2010;14465868000;14260488888;14460488888
2011;14465869000;14260488888;14460488888
2012;14503561000;14260488888;14460488888
2013;14503567000;14302133333;14502133333
2014;14503568000;14302133333;14502133333
2015;14503569000;14302133333;14502133333
2016;14503570000;14302133333;14502133333
2017;14503571000;14302133333;14502133333
2018;14503572000;14302133333;14502133333
2019;14503573000;14302133333;14502133333
2020;14503574000;14302133333;14502133333
2021;14503575000;14302133333;14502133333
2022;14503576000;14302133333;14502133333
2023;14545214000;14302133333;14502133333
2025;14549215000;14343822222;14543822222
2026;14549217000;14343822222;14543822222
2027;14549218000;14343822222;14543822222
2028;14549219000;14343822222;14543822222
2032;14549432000;14343822222;14543822222
2033;14549434000;14343822222;14543822222
2034;14586889000;14343822222;14543822222
2035;14586895000;14385466666;14585466666
2036;14586896000;14385466666;14585466666
2037;14586897000;14385466666;14585466666
2038;14586898000;14385466666;14585466666
2039;14586899000;14385466666;14585466666
2040;14586900000;14385466666;14585466666
2041;14586901000;14385466666;14585466666
2042;14586901000;14385466666;14585466666
2043;14586902000;14385466666;14585466666
2044;14586903000;14385466666;14585466666
2045;14628550000;14385466666;14585466666
2047;14632532000;14427144444;14627144444
2048;14632551000;14427144444;14627144444
2049;14632552000;14427144444;14627144444
2050;14632562000;14427144444;14627144444
2051;14632563000;14427144444;14627144444
2052;14632564000;14427144444;14627144444
2053;14632565000;14427144444;14627144444
2054;14632566000;14427144444;14627144444
2055;14632567000;14427144444;14627144444
2056;14670155000;14427144444;14627144444
2057;14670161000;14468788888;14668788888
2058;14670162000;14468788888;14668788888
2059;14670172000;14468788888;14668788888
2060;14670173000;14468788888;14668788888
2061;14670174000;14468788888;14668788888
2062;14670175000;14468788888;14668788888
2063;14670176000;14468788888;14668788888
2064;14670177000;14468788888;14668788888
2065;14670178000;14468788888;14668788888
2066;14670178000;14468788888;14668788888
2067;14711677000;14468788888;14668788888
2068;14711683000;14510511111;14710511111
2069;14711684000;14510511111;14710511111
2070;14711685000;14510511111;14710511111
2071;14711686000;14510511111;14710511111
2074;14715899000;14510511111;14710511111
2075;14715903000;14510511111;14710511111
2076;14715904000;14510511111;14710511111
2077;14715906000;14510511111;14710511111
2078;14753607000;14510511111;14710511111
2079;14753613000;14552144444;14752144444
2080;14753615000;14552144444;14752144444
2081;14753616000;14552144444;14752144444
2082;14753616000;14552144444;14752144444
2083;14753618000;14552144444;14752144444
2084;14753619000;14552144444;14752144444
2085;14753620000;14552144444;14752144444
2086;14753620000;14552144444;14752144444
2087;14753621000;14552144444;14752144444
2088;14753622000;14552144444;14752144444
2089;14795206000;14552144444;14752144444
2091;14799214000;14593788888;14793788888
2092;14799225000;14593788888;14793788888
2093;14799226000;14593788888;14793788888
2094;14799227000;14593788888;14793788888
2095;14799228000;14593788888;14793788888
2096;14799229000;14593788888;14793788888
2097;14799230000;14593788888;14793788888
2098;14799231000;14593788888;14793788888
2099;14799232000;14593788888;14793788888
2100;14836832000;14593788888;14793788888
2101;14836838000;14635511111;14835511111
2102;14836839000;14635511111;14835511111
2103;14836840000;14635511111;14835511111
2104;14836841000;14635511111;14835511111
2107;14840720000;14635511111;14835511111
2108;14840723000;14635511111;14835511111
2109;14840724000;14635511111;14835511111
2110;14840725000;14635511111;14835511111
2111;14878530000;14635511111;14835511111
2112;14878536000;14677166666;14877166666
2113;14878547000;14677166666;14877166666
2114;14878548000;14677166666;14877166666
2115;14878549000;14677166666;14877166666
2116;14878550000;14677166666;14877166666
2117;14878551000;14677166666;14877166666
2118;14878552000;14677166666;14877166666
2119;14878552000;14677166666;14877166666
2120;14878553000;14677166666;14877166666
2121;14878554000;14677166666;14877166666
2122;14920231000;14677166666;14877166666
2124;14924185000;14718811111;14918811111
2125;14924187000;14718811111;14918811111
2126;14924188000;14718811111;14918811111
2127;14924189000;14718811111;14918811111
2128;14924190000;14718811111;14918811111
2129;14924191000;14718811111;14918811111
2130;14924192000;14718811111;14918811111
2131;14924193000;14718811111;14918811111
2132;14924194000;14718811111;14918811111
2133;14961854000;14718811111;14918811111
2134;14961860000;14760511111;14960511111
2135;14961862000;14760511111;14960511111
2136;14961863000;14760511111;14960511111
2137;14961864000;14760511111;14960511111
2138;14961865000;14760511111;14960511111
2139;14961866000;14760511111;14960511111
2140;14961867000;14760511111;14960511111
2141;14961868000;14760511111;14960511111
2142;14961868000;14760511111;14960511111
2143;14961869000;14760511111;14960511111
2144;15003584000;14760511111;14960511111
2145;15003590000;14802166666;15002166666
2146;15003591000;14802166666;15002166666
2147;15003593000;14802166666;15002166666
2148;15003594000;14802166666;15002166666
2149;15003594000;14802166666;15002166666
2150;15003595000;14802166666;15002166666
2151;15003596000;14802166666;15002166666
2152;15003597000;14802166666;15002166666
2153;15003598000;14802166666;15002166666
2154;15003607000;14802166666;15002166666
2155;15045232000;14802166666;15002166666
2156;15045239000;14843800000;15043800000
2157;15045240000;14843800000;15043800000
2158;15045241000;14843800000;15043800000
2159;15045242000;14843800000;15043800000
2160;15045243000;14843800000;15043800000
2161;15045244000;14843800000;15043800000
2162;15045245000;14843800000;15043800000
2163;15045246000;14843800000;15043800000
2164;15045247000;14843800000;15043800000
2165;15045248000;14843800000;15043800000
2168;15128592000;14885533333;15085533333
2178;15170261000;14927188888;15127188888
2189;15211913000;14968833333;15168833333
2200;15253608000;15010488888;15210488888
2211;15295278000;15052188888;15252188888
2221;15295402000;15052188888;15252188888
2222;15295407000;15093788888;15293788888
2223;15295409000;15093788888;15293788888
2224;15295409000;15093788888;15293788888
2225;15295410000;15093788888;15293788888
2226;15295411000;15093788888;15293788888
2227;15295412000;15093788888;15293788888
2228;15295413000;15093788888;15293788888
2229;15295414000;15093788888;15293788888
2230;15295415000;15093788888;15293788888
2231;15295416000;15093788888;15293788888
2232;15336858000;15093788888;15293788888
2233;15336864000;15135522222;15335522222
2234;15336865000;15135522222;15335522222
2235;15336866000;15135522222;15335522222
2236;15336867000;15135522222;15335522222
2237;15336868000;15135522222;15335522222
2240;15340838000;15135522222;15335522222
2241;15340849000;15135522222;15335522222
2242;15340850000;15135522222;15335522222
2243;15378579000;15135522222;15335522222
2244;15378585000;15177133333;15377133333
2245;15378586000;15177133333;15377133333
2246;15378587000;15177133333;15377133333
2247;15378588000;15177133333;15377133333
2248;15378589000;15177133333;15377133333
2249;15378590000;15177133333;15377133333
2250;15378591000;15177133333;15377133333
2251;15378591000;15177133333;15377133333
2252;15378592000;15177133333;15377133333
2253;15378593000;15177133333;15377133333
2254;15420210000;15177133333;15377133333
2256;15424172000;15218788888;15418788888
2257;15424183000;15218788888;15418788888
2258;15424184000;15218788888;15418788888
2259;15424185000;15218788888;15418788888
2260;15424186000;15218788888;15418788888
2261;15424187000;15218788888;15418788888
2262;15424188000;15218788888;15418788888
2263;15424189000;15218788888;15418788888
2264;15424190000;15218788888;15418788888
2265;15461836000;15218788888;15418788888
2266;15461842000;15260500000;15460500000
2267;15461844000;15260500000;15460500000
2268;15461845000;15260500000;15460500000
2269;15461845000;15260500000;15460500000
2270;15461846000;15260500000;15460500000
2271;15461847000;15260500000;15460500000
2272;15461848000;15260500000;15460500000
2273;15461849000;15260500000;15460500000
2274;15461850000;15260500000;15460500000
2275;15461851000;15260500000;15460500000
2276;15503612000;15260500000;15460500000
2277;15503618000;15302166666;15502166666
2278;15503619000;15302166666;15502166666
2279;15503620000;15302166666;15502166666
2280;15503621000;15302166666;15502166666
2281;15503622000;15302166666;15502166666
2282;15503623000;15302166666;15502166666
2283;15503624000;15302166666;15502166666
2284;15503625000;15302166666;15502166666
2285;15503626000;15302166666;15502166666
2286;15503627000;15302166666;15502166666
2287;15545237000;15302166666;15502166666
2288;15545242000;15343833333;15543833333
2289;15545244000;15343833333;15543833333
2290;15545245000;15343833333;15543833333
2291;15545246000;15343833333;15543833333
2292;15545246000;15343833333;15543833333
2293;15545247000;15343833333;15543833333
2294;15545248000;15343833333;15543833333
2295;15545249000;15343833333;15543833333
2296;15545250000;15343833333;15543833333
2297;15545251000;15343833333;15543833333
2298;15586901000;15343833333;15543833333
2299;15586907000;15385544444;15585544444
2300;15586908000;15385544444;15585544444
2301;15586909000;15385544444;15585544444
2302;15586910000;15385544444;15585544444
2303;15586911000;15385544444;15585544444
2304;15586912000;15385544444;15585544444
2305;15586913000;15385544444;15585544444
2306;15586914000;15385544444;15585544444
2307;15586926000;15385544444;15585544444
2308;15586927000;15385544444;15585544444
2309;15628617000;15385544444;15585544444
2310;15628623000;15427177777;15627177777
2311;15628624000;15427177777;15627177777
2312;15628625000;15427177777;15627177777
2313;15628626000;15427177777;15627177777
2314;15628627000;15427177777;15627177777
2315;15628628000;15427177777;15627177777
2316;15628629000;15427177777;15627177777
2317;15628630000;15427177777;15627177777
2318;15628631000;15427177777;15627177777
2319;15628632000;15427177777;15627177777
2320;15670241000;15427177777;15627177777
2321;15670247000;15468822222;15668822222
2322;15670249000;15468822222;15668822222
2323;15670250000;15468822222;15668822222
2324;15670251000;15468822222;15668822222
2325;15670252000;15468822222;15668822222
2326;15670253000;15468822222;15668822222
2327;15670254000;15468822222;15668822222
2328;15670255000;15468822222;15668822222
2329;15670256000;15468822222;15668822222
2330;15670257000;15468822222;15668822222
2331;15711886000;15468822222;15668822222
2332;15711892000;15510522222;15710522222
2333;15711894000;15510522222;15710522222
2334;15711895000;15510522222;15710522222
2335;15711896000;15510522222;15710522222
2336;15711897000;15510522222;15710522222
2337;15711898000;15510522222;15710522222
2338;15711899000;15510522222;15710522222
2339;15711900000;15510522222;15710522222
2340;15711901000;15510522222;15710522222
2341;15711902000;15510522222;15710522222
2342;15753614000;15510522222;15710522222
2343;15753620000;15552200000;15752200000
2344;15753621000;15552200000;15752200000
2345;15753622000;15552200000;15752200000
2346;15753623000;15552200000;15752200000
2347;15753624000;15552200000;15752200000
2348;15753625000;15552200000;15752200000
2349;15753626000;15552200000;15752200000
2350;15753626000;15552200000;15752200000
2351;15753627000;15552200000;15752200000
2352;15753628000;15552200000;15752200000
2353;15795283000;15552200000;15752200000
2354;15795289000;15593811111;15793811111
2355;15795290000;15593811111;15793811111
2356;15795291000;15593811111;15793811111
2357;15795292000;15593811111;15793811111
2358;15795293000;15593811111;15793811111
2359;15795294000;15593811111;15793811111
2360;15795295000;15593811111;15793811111
2361;15795296000;15593811111;15793811111
2362;15795297000;15593811111;15793811111
2363;15795297000;15593811111;15793811111
2364;15836897000;15593811111;15793811111
2365;15836903000;15635511111;15835511111
2366;15836904000;15635511111;15835511111
2367;15836905000;15635511111;15835511111
2368;15836906000;15635511111;15835511111
2369;15836907000;15635511111;15835511111
2370;15836908000;15635511111;15835511111
2371;15836909000;15635511111;15835511111
2372;15836910000;15635511111;15835511111
2373;15836911000;15635511111;15835511111
2374;15836911000;15635511111;15835511111
2375;15878589000;15635511111;15835511111
2376;15878595000;15677155555;15877155555
2377;15878596000;15677155555;15877155555
2378;15878597000;15677155555;15877155555
2379;15878598000;15677155555;15877155555
2380;15878599000;15677155555;15877155555
2381;15878600000;15677155555;15877155555
2382;15878601000;15677155555;15877155555
2383;15878602000;15677155555;15877155555
2384;15878603000;15677155555;15877155555
2385;15878604000;15677155555;15877155555
2386;15920226000;15677155555;15877155555
2387;15920241000;15718777777;15918777777
2388;15920242000;15718777777;15918777777
2389;15920243000;15718777777;15918777777
2390;15920244000;15718777777;15918777777
2391;15920245000;15718777777;15918777777
2392;15920246000;15718777777;15918777777
2393;15920247000;15718777777;15918777777
2394;15920248000;15718777777;15918777777
2395;15920249000;15718777777;15918777777
2396;15920250000;15718777777;15918777777
2397;15961850000;15718777777;15918777777
2398;15961865000;15760477777;15960477777
2399;15961867000;15760477777;15960477777
2400;15961868000;15760477777;15960477777
2401;15961868000;15760477777;15960477777
2402;15961869000;15760477777;15960477777
2403;15961870000;15760477777;15960477777
2404;15961871000;15760477777;15960477777
2405;15961872000;15760477777;15960477777
2406;15961873000;15760477777;15960477777
2407;15961881000;15760477777;15960477777
2408;16003539000;15760477777;15960477777
2409;16003553000;15802166666;16002166666
2410;16003555000;15802166666;16002166666
2411;16003556000;15802166666;16002166666
2412;16003557000;15802166666;16002166666
2413;16003557000;15802166666;16002166666
2414;16003558000;15802166666;16002166666
2415;16003559000;15802166666;16002166666
2416;16003560000;15802166666;16002166666
2417;16003561000;15802166666;16002166666
2418;16003562000;15802166666;16002166666
2419;16045252000;15802166666;16002166666
2420;16045257000;15843766666;16043766666
2421;16045259000;15843766666;16043766666
2422;16045260000;15843766666;16043766666
2423;16045261000;15843766666;16043766666
2424;16045261000;15843766666;16043766666
2425;16045262000;15843766666;16043766666
2426;16045263000;15843766666;16043766666
2427;16045264000;15843766666;16043766666
2428;16045265000;15843766666;16043766666
2429;16045266000;15843766666;16043766666
2430;16086848000;15843766666;16043766666
2431;16086854000;15885500000;16085500000
2432;16086855000;15885500000;16085500000
2433;16086856000;15885500000;16085500000
2434;16086857000;15885500000;16085500000
2435;16086858000;15885500000;16085500000
2436;16086859000;15885500000;16085500000
2437;16086859000;15885500000;16085500000
2438;16086860000;15885500000;16085500000
2439;16086861000;15885500000;16085500000
2440;16086862000;15885500000;16085500000
2441;16128578000;15885500000;16085500000
2442;16128584000;15927177777;16127177777
2443;16128585000;15927177777;16127177777
2444;16128596000;15927177777;16127177777
2445;16128597000;15927177777;16127177777
2446;16128598000;15927177777;16127177777
2447;16128599000;15927177777;16127177777
2448;16128600000;15927177777;16127177777
2449;16128601000;15927177777;16127177777
2450;16128602000;15927177777;16127177777
2451;16128602000;15927177777;16127177777
2452;16170248000;15927177777;16127177777
2456;16174099000;15968788888;16168788888
2457;16174101000;15968788888;16168788888
2458;16174102000;15968788888;16168788888
2459;16174103000;15968788888;16168788888
2460;16174104000;15968788888;16168788888
2461;16174105000;15968788888;16168788888
2462;16174106000;15968788888;16168788888
2463;16211838000;15968788888;16168788888
2464;16211844000;16010477777;16210477777
2465;16211845000;16010477777;16210477777
2466;16211846000;16010477777;16210477777
2467;16211847000;16010477777;16210477777
2468;16211848000;16010477777;16210477777
2469;16211848000;16010477777;16210477777
2470;16211849000;16010477777;16210477777
2471;16211850000;16010477777;16210477777
2472;16211851000;16010477777;16210477777
2475;16295421000;16052144444;16252144444
2485;16295542000;16052144444;16252144444
2486;16295558000;16093788888;16293788888
2487;16295559000;16093788888;16293788888
2488;16295560000;16093788888;16293788888
2489;16295561000;16093788888;16293788888
2490;16295562000;16093788888;16293788888
2491;16295572000;16093788888;16293788888
2492;16295573000;16093788888;16293788888
2493;16295574000;16093788888;16293788888
2494;16295575000;16093788888;16293788888
2495;16295576000;16093788888;16293788888
2496;16336858000;16093788888;16293788888
2497;16336864000;16135466666;16335466666
2498;16336865000;16135466666;16335466666
2499;16336866000;16135466666;16335466666
2503;16340752000;16135466666;16335466666
2504;16340755000;16135466666;16335466666
2505;16340756000;16135466666;16335466666
2506;16340757000;16135466666;16335466666
2507;16378547000;16135466666;16335466666
2508;16378553000;16177144444;16377144444
2509;16378564000;16177144444;16377144444
2510;16378565000;16177144444;16377144444
2511;16378566000;16177144444;16377144444
2512;16378567000;16177144444;16377144444
2513;16378568000;16177144444;16377144444
2514;16378569000;16177144444;16377144444
2515;16378570000;16177144444;16377144444
2516;16378570000;16177144444;16377144444
2517;16378571000;16177144444;16377144444
2518;16420215000;16177144444;16377144444
2520;16424090000;16218811111;16418811111
2522;16424092000;16218811111;16418811111
2523;16424093000;16218811111;16418811111
2524;16424094000;16218811111;16418811111
2525;16424095000;16218811111;16418811111
2526;16424113000;16218811111;16418811111
2527;16424114000;16218811111;16418811111
2528;16424114000;16218811111;16418811111
2529;16461730000;16218811111;16418811111
2530;16461736000;16260544444;16460544444
2531;16461738000;16260544444;16460544444
2532;16461738000;16260544444;16460544444
2533;16461739000;16260544444;16460544444
2534;16461740000;16260544444;16460544444
2535;16461741000;16260544444;16460544444
2536;16461742000;16260544444;16460544444
2537;16461743000;16260544444;16460544444
2538;16461744000;16260544444;16460544444
2539;16461745000;16260544444;16460544444
2540;16503648000;16260544444;16460544444
2541;16503654000;16302188888;16502188888
2542;16503655000;16302188888;16502188888
2543;16503656000;16302188888;16502188888
2544;16503657000;16302188888;16502188888
2545;16503658000;16302188888;16502188888
2546;16503659000;16302188888;16502188888
2547;16503660000;16302188888;16502188888
2548;16503661000;16302188888;16502188888
2549;16503662000;16302188888;16502188888
2550;16503663000;16302188888;16502188888
2551;16545261000;16302188888;16502188888
2552;16545276000;16343822222;16543822222
2553;16545277000;16343822222;16543822222
2554;16545278000;16343822222;16543822222
2555;16545279000;16343822222;16543822222
2556;16545280000;16343822222;16543822222
2557;16545281000;16343822222;16543822222
2558;16545282000;16343822222;16543822222
2559;16545283000;16343822222;16543822222
2560;16545283000;16343822222;16543822222
2563;16628770000;16385511111;16585511111
2574;16670253000;16427166666;16627166666
2581;16670257000;16427166666;16627166666
2582;16670258000;16427166666;16627166666
2583;16670259000;16427166666;16627166666
2584;16670366000;16427166666;16627166666
2585;16670372000;16468800000;16668800000
2586;16670373000;16468800000;16668800000
2587;16670374000;16468800000;16668800000
2588;16670375000;16468800000;16668800000
2589;16670375000;16468800000;16668800000
2590;16670376000;16468800000;16668800000
2591;16670377000;16468800000;16668800000
2592;16670378000;16468800000;16668800000
2593;16670379000;16468800000;16668800000
2594;16670380000;16468800000;16668800000
2595;16711865000;16468800000;16668800000
2596;16711871000;16510488888;16710488888
2597;16711873000;16510488888;16710488888
2598;16711873000;16510488888;16710488888
2604;16715737000;16510488888;16710488888
2606;16753539000;16510488888;16710488888
2607;16753558000;16552177777;16752177777
2608;16753559000;16552177777;16752177777
2609;16753560000;16552177777;16752177777
2610;16753561000;16552177777;16752177777
2611;16753562000;16552177777;16752177777
2612;16753563000;16552177777;16752177777
2613;16753564000;16552177777;16752177777
2614;16753574000;16552177777;16752177777
2615;16753575000;16552177777;16752177777
2616;16753576000;16552177777;16752177777
2617;16795262000;16552177777;16752177777
2620;16799089000;16593811111;16793811111
2621;16799091000;16593811111;16793811111
2622;16799092000;16593811111;16793811111
2623;16799093000;16593811111;16793811111
2624;16799094000;16593811111;16793811111
2625;16799095000;16593811111;16793811111
2626;16799096000;16593811111;16793811111
2627;16799107000;16593811111;16793811111
2628;16836876000;16593811111;16793811111
2629;16836882000;16635533333;16835533333
2630;16836883000;16635533333;16835533333
2631;16836884000;16635533333;16835533333
2632;16836885000;16635533333;16835533333
2633;16836886000;16635533333;16835533333
2634;16836887000;16635533333;16835533333
2635;16836888000;16635533333;16835533333
2636;16836888000;16635533333;16835533333
2637;16836889000;16635533333;16835533333
2638;16836890000;16635533333;16835533333
2639;16878640000;16635533333;16835533333
2642;16882529000;16677155555;16877155555
2643;16882532000;16677155555;16877155555
2644;16882533000;16677155555;16877155555
2645;16882534000;16677155555;16877155555
2646;16882534000;16677155555;16877155555
2647;16882535000;16677155555;16877155555
2648;16882536000;16677155555;16877155555
2649;16882537000;16677155555;16877155555
2650;16920211000;16677155555;16877155555
2651;16920217000;16718788888;16918788888
2652;16920228000;16718788888;16918788888
2653;16920229000;16718788888;16918788888
2654;16920237000;16718788888;16918788888
2655;16920239000;16718788888;16918788888
2656;16920239000;16718788888;16918788888
2657;16920240000;16718788888;16918788888
2658;16920241000;16718788888;16918788888
2659;16920242000;16718788888;16918788888
2660;16920243000;16718788888;16918788888
2661;16961857000;16718788888;16918788888
2663;16965787000;16760488888;16960488888
2665;16965789000;16760488888;16960488888
2666;16965790000;16760488888;16960488888
2667;16965791000;16760488888;16960488888
2668;16965792000;16760488888;16960488888
2669;16965793000;16760488888;16960488888
2670;16965794000;16760488888;16960488888
2671;16965795000;16760488888;16960488888
2672;17003553000;16760488888;16960488888
2673;17003559000;16802144444;17002144444
2674;17003560000;16802144444;17002144444
2675;17003570000;16802144444;17002144444
2676;17003571000;16802144444;17002144444
2677;17003572000;16802144444;17002144444
2678;17003573000;16802144444;17002144444
2679;17003574000;16802144444;17002144444
2680;17003575000;16802144444;17002144444
2681;17003576000;16802144444;17002144444
2682;17003577000;16802144444;17002144444
2683;17045229000;16802144444;17002144444
2684;17045235000;16843777777;17043777777
2685;17045236000;16843777777;17043777777
2686;17045237000;16843777777;17043777777
2687;17045238000;16843777777;17043777777
2688;17045239000;16843777777;17043777777
2689;17045240000;16843777777;17043777777
2690;17045240000;16843777777;17043777777
2691;17045241000;16843777777;17043777777
2692;17045242000;16843777777;17043777777
2693;17045243000;16843777777;17043777777
2694;17086859000;16843777777;17043777777
2695;17086864000;16885511111;17085511111
2696;17086865000;16885511111;17085511111
2699;17090869000;16885511111;17085511111
2700;17090880000;16885511111;17085511111
2701;17090881000;16885511111;17085511111
2702;17090882000;16885511111;17085511111
2703;17090883000;16885511111;17085511111
2704;17090884000;16885511111;17085511111
2705;17128545000;16885511111;17085511111
2706;17128561000;16927155555;17127155555
2707;17128562000;16927155555;17127155555
2708;17128563000;16927155555;17127155555
2709;17128564000;16927155555;17127155555
2710;17128565000;16927155555;17127155555
2711;17128566000;16927155555;17127155555
2712;17128567000;16927155555;17127155555
2713;17128568000;16927155555;17127155555
2714;17128569000;16927155555;17127155555
2715;17128570000;16927155555;17127155555
2718;17211819000;16968766666;17168766666
2728;17253617000;17010522222;17210522222
2738;17253740000;17010522222;17210522222
2739;17253746000;17052122222;17252122222
2740;17253748000;17052122222;17252122222
2741;17253748000;17052122222;17252122222
2742;17253749000;17052122222;17252122222
2743;17253750000;17052122222;17252122222
2744;17253751000;17052122222;17252122222
2745;17253752000;17052122222;17252122222
2746;17253753000;17052122222;17252122222
2747;17253754000;17052122222;17252122222
2748;17253755000;17052122222;17252122222
2749;17295207000;17052122222;17252122222
2750;17295214000;17093766666;17293766666
2753;17299187000;17093766666;17293766666
2754;17299199000;17093766666;17293766666
2755;17299200000;17093766666;17293766666
2756;17299201000;17093766666;17293766666
2757;17299202000;17093766666;17293766666
2758;17299202000;17093766666;17293766666
2759;17299203000;17093766666;17293766666
2760;17336671000;17093766666;17293766666
2761;17336677000;17135466666;17335466666
2762;17336678000;17135466666;17335466666
2763;17336679000;17135466666;17335466666
2764;17336680000;17135466666;17335466666
2765;17336681000;17135466666;17335466666
2766;17336682000;17135466666;17335466666
2767;17336683000;17135466666;17335466666
2768;17336684000;17135466666;17335466666
2769;17336685000;17135466666;17335466666
2770;17336685000;17135466666;17335466666
2771;17378497000;17135466666;17335466666
2773;17382411000;17177133333;17377133333
2775;17382414000;17177133333;17377133333
2776;17382416000;17177133333;17377133333
2777;17382417000;17177133333;17377133333
2778;17382419000;17177133333;17377133333
2779;17382421000;17177133333;17377133333
2780;17382423000;17177133333;17377133333
2781;17382424000;17177133333;17377133333
2782;17420227000;17177133333;17377133333
2783;17420232000;17218788888;17418788888
2784;17420233000;17218788888;17418788888
2785;17420235000;17218788888;17418788888
2786;17420235000;17218788888;17418788888
2787;17420236000;17218788888;17418788888
2788;17420237000;17218788888;17418788888
2789;17420238000;17218788888;17418788888
2790;17420239000;17218788888;17418788888
2791;17420240000;17218788888;17418788888
2792;17420241000;17218788888;17418788888
2793;17461856000;17218788888;17418788888
2794;17461862000;17260511111;17460511111
2795;17461863000;17260511111;17460511111
2796;17461864000;17260511111;17460511111
2797;17461865000;17260511111;17460511111
2798;17461866000;17260511111;17460511111
2799;17461867000;17260511111;17460511111
2800;17461868000;17260511111;17460511111
2801;17461868000;17260511111;17460511111
2802;17461869000;17260511111;17460511111
2803;17461870000;17260511111;17460511111
2804;17503609000;17260511111;17460511111
2805;17503615000;17302166666;17502166666
2806;17503616000;17302166666;17502166666
2807;17503617000;17302166666;17502166666
2808;17503618000;17302166666;17502166666
2809;17503619000;17302166666;17502166666
2810;17503620000;17302166666;17502166666
2811;17503621000;17302166666;17502166666
2812;17503622000;17302166666;17502166666
2813;17503623000;17302166666;17502166666
2814;17503623000;17302166666;17502166666
2815;17545237000;17302166666;17502166666
2816;17545243000;17343800000;17543800000
2817;17545244000;17343800000;17543800000
2818;17545245000;17343800000;17543800000
2819;17545246000;17343800000;17543800000
2820;17545247000;17343800000;17543800000
2821;17545248000;17343800000;17543800000
2822;17545249000;17343800000;17543800000
2823;17545250000;17343800000;17543800000
2824;17545251000;17343800000;17543800000
2825;17545252000;17343800000;17543800000
2826;17586887000;17343800000;17543800000
2827;17586893000;17385466666;17585466666
2828;17586894000;17385466666;17585466666
2829;17586895000;17385466666;17585466666
2830;17586896000;17385466666;17585466666
2831;17586897000;17385466666;17585466666
2832;17586898000;17385466666;17585466666
2833;17586899000;17385466666;17585466666
2834;17586900000;17385466666;17585466666
2835;17586901000;17385466666;17585466666
2836;17586901000;17385466666;17585466666
2837;17628529000;17385466666;17585466666
2838;17628546000;17427111111;17627111111
2839;17628547000;17427111111;17627111111
2840;17628548000;17427111111;17627111111
2841;17628558000;17427111111;17627111111
2842;17628559000;17427111111;17627111111
2843;17628560000;17427111111;17627111111
2844;17628561000;17427111111;17627111111
2845;17628562000;17427111111;17627111111
2846;17628563000;17427111111;17627111111
2847;17628564000;17427111111;17627111111
2848;17670190000;17427111111;17627111111
2849;17670196000;17468788888;17668788888
2850;17670197000;17468788888;17668788888
2851;17670198000;17468788888;17668788888
2852;17670199000;17468788888;17668788888
2853;17670200000;17468788888;17668788888
2854;17670201000;17468788888;17668788888
2855;17670202000;17468788888;17668788888
2856;17670203000;17468788888;17668788888
2857;17670204000;17468788888;17668788888
2858;17670205000;17468788888;17668788888
2859;17711877000;17468788888;17668788888
2860;17711882000;17510466666;17710466666
2861;17711884000;17510466666;17710466666
2862;17711884000;17510466666;17710466666
2863;17711886000;17510466666;17710466666
2864;17711886000;17510466666;17710466666
2865;17711887000;17510466666;17710466666
2866;17711888000;17510466666;17710466666
2867;17711889000;17510466666;17710466666
2868;17711890000;17510466666;17710466666
2869;17711891000;17510466666;17710466666
2870;17753540000;17510466666;17710466666
2871;17753555000;17552133333;17752133333
2872;17753556000;17552133333;17752133333
2873;17753557000;17552133333;17752133333
2874;17753558000;17552133333;17752133333
2875;17753560000;17552133333;17752133333
2876;17753560000;17552133333;17752133333
2877;17753561000;17552133333;17752133333
2878;17753562000;17552133333;17752133333
2879;17753563000;17552133333;17752133333
2880;17753573000;17552133333;17752133333
2881;17795203000;17552133333;17752133333
2882;17795215000;17593777777;17793777777
2883;17795217000;17593777777;17793777777
2888;17799056000;17593777777;17793777777
2889;17799058000;17593777777;17793777777
2890;17799059000;17593777777;17793777777
2891;17799060000;17593777777;17793777777
2892;17836828000;17593777777;17793777777
2893;17836834000;17635488888;17835488888
2894;17836835000;17635488888;17835488888
2895;17836836000;17635488888;17835488888
2896;17836837000;17635488888;17835488888
2897;17836838000;17635488888;17835488888
2898;17836839000;17635488888;17835488888
2899;17836840000;17635488888;17835488888
2900;17836841000;17635488888;17835488888
2901;17836842000;17635488888;17835488888
2902;17836842000;17635488888;17835488888
2903;17878542000;17635488888;17835488888
2905;17882485000;17677100000;17877100000
2906;17882487000;17677100000;17877100000
2907;17882488000;17677100000;17877100000
2908;17882489000;17677100000;17877100000
2909;17882490000;17677100000;17877100000
2910;17882491000;17677100000;17877100000
2911;17882492000;17677100000;17877100000
2912;17882493000;17677100000;17877100000
2913;17882494000;17677100000;17877100000
2914;17920166000;17677100000;17877100000
2915;17920172000;17718744444;17918744444
2916;17920173000;17718744444;17918744444
2917;17920174000;17718744444;17918744444
2918;17920175000;17718744444;17918744444
2919;17920176000;17718744444;17918744444
2920;17920177000;17718744444;17918744444
2921;17920178000;17718744444;17918744444
2922;17920179000;17718744444;17918744444
2923;17920180000;17718744444;17918744444
2924;17920181000;17718744444;17918744444
2925;17961814000;17718744444;17918744444
2926;17961820000;17760466666;17960466666
2927;17961821000;17760466666;17960466666
2928;17961822000;17760466666;17960466666
2929;17961823000;17760466666;17960466666
2930;17961824000;17760466666;17960466666
2931;17961825000;17760466666;17960466666
2932;17961826000;17760466666;17960466666
2933;17961827000;17760466666;17960466666
2934;17961828000;17760466666;17960466666
2935;17961829000;17760466666;17960466666
2936;18003541000;17760466666;17960466666
2937;18003557000;17802100000;18002100000
2938;18003558000;17802100000;18002100000
2939;18003559000;17802100000;18002100000
2940;18003560000;17802100000;18002100000
2941;18003561000;17802100000;18002100000
2942;18003562000;17802100000;18002100000
2943;18003572000;17802100000;18002100000
2944;18003573000;17802100000;18002100000
2945;18003573000;17802100000;18002100000
2946;18003574000;17802100000;18002100000
2947;18045164000;17802100000;18002100000
2948;18045170000;17843744444;18043744444
2949;18045172000;17843744444;18043744444
2950;18045173000;17843744444;18043744444
2951;18045174000;17843744444;18043744444
2952;18045175000;17843744444;18043744444
2953;18045176000;17843744444;18043744444
2954;18045177000;17843744444;18043744444
2955;18045178000;17843744444;18043744444
2956;18045178000;17843744444;18043744444
2957;18045179000;17843744444;18043744444
2958;18086808000;17843744444;18043744444
2959;18086814000;17885488888;18085488888
2960;18086816000;17885488888;18085488888
2961;18086817000;17885488888;18085488888
2962;18086818000;17885488888;18085488888
2963;18086819000;17885488888;18085488888
2964;18086820000;17885488888;18085488888
2965;18086821000;17885488888;18085488888
2966;18086822000;17885488888;18085488888
2967;18086823000;17885488888;18085488888
2968;18086824000;17885488888;18085488888
2969;18128567000;17885488888;18085488888
2970;18128573000;17927144444;18127144444
2971;18128574000;17927144444;18127144444
2972;18128575000;17927144444;18127144444
2973;18128576000;17927144444;18127144444
2974;18128577000;17927144444;18127144444
2975;18128577000;17927144444;18127144444
2976;18128578000;17927144444;18127144444
2977;18128579000;17927144444;18127144444
2978;18128580000;17927144444;18127144444
2979;18128581000;17927144444;18127144444
2980;18170214000;17927144444;18127144444
2981;18170220000;17968788888;18168788888
2982;18170221000;17968788888;18168788888
2983;18170222000;17968788888;18168788888
2984;18170223000;17968788888;18168788888
2985;18170224000;17968788888;18168788888
2989;18174099000;17968788888;18168788888
2990;18174118000;17968788888;18168788888
2991;18211839000;17968788888;18168788888
2992;18211844000;18010466666;18210466666
2993;18211845000;18010466666;18210466666
2994;18211846000;18010466666;18210466666
2995;18211847000;18010466666;18210466666
2996;18211848000;18010466666;18210466666
2997;18211849000;18010466666;18210466666
2998;18211850000;18010466666;18210466666
2999;18211851000;18010466666;18210466666
3000;18211852000;18010466666;18210466666
3001;18211853000;18010466666;18210466666
3002;18253536000;18010466666;18210466666
3004;18257406000;18052144444;18252144444
3006;18257408000;18052144444;18252144444
3007;18257410000;18052144444;18252144444
3008;18257410000;18052144444;18252144444
3009;18257412000;18052144444;18252144444
3010;18257412000;18052144444;18252144444
3011;18257414000;18052144444;18252144444
3012;18257415000;18052144444;18252144444
3013;18295197000;18052144444;18252144444
3014;18295203000;18093755555;18293755555
3015;18295204000;18093755555;18293755555
3016;18295205000;18093755555;18293755555
3017;18295206000;18093755555;18293755555
3018;18295207000;18093755555;18293755555
3019;18295207000;18093755555;18293755555
3020;18295208000;18093755555;18293755555
3021;18295209000;18093755555;18293755555
3022;18295210000;18093755555;18293755555
3023;18295211000;18093755555;18293755555
3024;18336826000;18093755555;18293755555
3025;18336831000;18135455555;18335455555
3026;18336833000;18135455555;18335455555
3027;18336834000;18135455555;18335455555
3028;18336834000;18135455555;18335455555
3029;18336835000;18135455555;18335455555
3030;18336836000;18135455555;18335455555
3031;18336837000;18135455555;18335455555
3032;18336838000;18135455555;18335455555
3033;18336839000;18135455555;18335455555
3034;18336840000;18135455555;18335455555
3035;18378544000;18135455555;18335455555
3036;18378550000;18177122222;18377122222
3037;18378551000;18177122222;18377122222
3038;18378552000;18177122222;18377122222
3039;18378563000;18177122222;18377122222
3040;18378563000;18177122222;18377122222
3041;18378564000;18177122222;18377122222
3042;18378565000;18177122222;18377122222
3043;18378566000;18177122222;18377122222
3044;18378567000;18177122222;18377122222
3045;18378568000;18177122222;18377122222
3046;18420187000;18177122222;18377122222
3047;18420194000;18218755555;18418755555
3048;18420195000;18218755555;18418755555
3049;18420196000;18218755555;18418755555
3050;18420197000;18218755555;18418755555
3051;18420198000;18218755555;18418755555
3052;18420199000;18218755555;18418755555
3053;18420200000;18218755555;18418755555
3054;18420200000;18218755555;18418755555
3055;18420201000;18218755555;18418755555
3056;18420202000;18218755555;18418755555
3057;18461819000;18218755555;18418755555
3058;18461825000;18260477777;18460477777
3059;18461827000;18260477777;18460477777
3060;18461828000;18260477777;18460477777
3061;18461829000;18260477777;18460477777
3062;18461829000;18260477777;18460477777
3063;18461830000;18260477777;18460477777
3064;18461832000;18260477777;18460477777
3065;18461833000;18260477777;18460477777
3066;18461833000;18260477777;18460477777
3067;18461834000;18260477777;18460477777
3068;18503532000;18260477777;18460477777
3071;18507546000;18302155555;18502155555
3072;18507548000;18302155555;18502155555
3073;18507549000;18302155555;18502155555
3074;18507550000;18302155555;18502155555
3075;18507551000;18302155555;18502155555
3076;18507552000;18302155555;18502155555
3077;18507553000;18302155555;18502155555
3078;18507554000;18302155555;18502155555
3079;18545205000;18302155555;18502155555
3080;18545211000;18343788888;18543788888
3081;18545212000;18343788888;18543788888
3082;18545213000;18343788888;18543788888
3083;18545214000;18343788888;18543788888
3084;18545215000;18343788888;18543788888
3085;18545216000;18343788888;18543788888
3086;18545217000;18343788888;18543788888
3087;18545218000;18343788888;18543788888
3088;18545218000;18343788888;18543788888
3089;18545219000;18343788888;18543788888
3090;18586861000;18343788888;18543788888
3092;18590708000;18385455555;18585455555
3093;18590710000;18385455555;18585455555
3094;18590711000;18385455555;18585455555
3095;18590720000;18385455555;18585455555
3096;18590720000;18385455555;18585455555
3097;18590721000;18385455555;18585455555
3098;18590723000;18385455555;18585455555
3099;18590723000;18385455555;18585455555
3100;18590724000;18385455555;18585455555
3101;18628506000;18385455555;18585455555
3102;18628530000;18427144444;18627144444
3103;18628531000;18427144444;18627144444
3104;18628532000;18427144444;18627144444
3105;18628533000;18427144444;18627144444
3106;18628534000;18427144444;18627144444
3107;18628535000;18427144444;18627144444
3108;18628536000;18427144444;18627144444
3109;18628537000;18427144444;18627144444
3110;18628538000;18427144444;18627144444
3111;18628539000;18427144444;18627144444
3112;18670214000;18427144444;18627144444
3113;18670219000;18468744444;18668744444
3114;18670221000;18468744444;18668744444
3115;18670221000;18468744444;18668744444
3116;18670222000;18468744444;18668744444
3117;18670223000;18468744444;18668744444
3118;18670224000;18468744444;18668744444
3119;18670225000;18468744444;18668744444
3120;18670226000;18468744444;18668744444
3121;18670227000;18468744444;18668744444
3122;18670228000;18468744444;18668744444
3123;18711813000;18468744444;18668744444
3124;18711819000;18510477777;18710477777
3125;18711820000;18510477777;18710477777
3126;18711821000;18510477777;18710477777
3127;18711822000;18510477777;18710477777
3128;18711823000;18510477777;18710477777
3129;18711824000;18510477777;18710477777
3130;18711825000;18510477777;18710477777
3131;18711825000;18510477777;18710477777
3132;18711826000;18510477777;18710477777
3133;18711827000;18510477777;18710477777
3134;18753549000;18510477777;18710477777
3135;18753569000;18552122222;18752122222
3136;18753571000;18552122222;18752122222
3137;18753571000;18552122222;18752122222
3138;18753572000;18552122222;18752122222
3142;18757420000;18552122222;18752122222
3143;18757422000;18552122222;18752122222
3144;18757423000;18552122222;18752122222
3145;18795166000;18552122222;18752122222
3146;18795172000;18593744444;18793744444
3147;18795173000;18593744444;18793744444
3148;18795174000;18593744444;18793744444
3149;18795175000;18593744444;18793744444
3150;18795176000;18593744444;18793744444
3151;18795177000;18593744444;18793744444
3152;18795178000;18593744444;18793744444
3153;18795179000;18593744444;18793744444
3154;18795180000;18593744444;18793744444
3155;18795181000;18593744444;18793744444
3156;18836814000;18593744444;18793744444
3158;18840765000;18635500000;18835500000
3160;18840767000;18635500000;18835500000
3161;18840768000;18635500000;18835500000
3162;18840769000;18635500000;18835500000
3163;18840770000;18635500000;18835500000
3164;18840771000;18635500000;18835500000
3165;18840772000;18635500000;18835500000
3166;18840773000;18635500000;18835500000
3167;18878614000;18635500000;18835500000
3168;18878619000;18677155555;18877155555
3169;18878621000;18677155555;18877155555
3170;18878622000;18677155555;18877155555
3171;18878623000;18677155555;18877155555
3172;18878624000;18677155555;18877155555
3173;18878625000;18677155555;18877155555
3174;18878626000;18677155555;18877155555
3175;18878627000;18677155555;18877155555
3176;18878627000;18677155555;18877155555
3177;18878628000;18677155555;18877155555
3178;18920224000;18677155555;18877155555
3179;18920230000;18718788888;18918788888
3180;18920231000;18718788888;18918788888
3181;18920233000;18718788888;18918788888
3182;18920233000;18718788888;18918788888
3183;18920234000;18718788888;18918788888
3184;18920235000;18718788888;18918788888
3185;18920236000;18718788888;18918788888
3186;18920237000;18718788888;18918788888
3187;18920238000;18718788888;18918788888
3188;18920239000;18718788888;18918788888
3189;18961859000;18718788888;18918788888
3190;18961864000;18760488888;18960488888
3191;18961866000;18760488888;18960488888
3192;18961866000;18760488888;18960488888
3193;18961868000;18760488888;18960488888
3194;18961868000;18760488888;18960488888
3195;18961869000;18760488888;18960488888
3196;18961870000;18760488888;18960488888
3197;18961871000;18760488888;18960488888
3198;18961872000;18760488888;18960488888
3199;18961873000;18760488888;18960488888
3200;19003582000;18760488888;18960488888
3201;19003589000;18802144444;19002144444
3202;19003590000;18802144444;19002144444
3203;19003591000;18802144444;19002144444
3204;19003592000;18802144444;19002144444
3205;19003593000;18802144444;19002144444
3206;19003594000;18802144444;19002144444
3207;19003595000;18802144444;19002144444
3208;19003596000;18802144444;19002144444
3209;19003596000;18802144444;19002144444
3210;19003597000;18802144444;19002144444
3211;19045214000;18802144444;19002144444
3212;19045220000;18843755555;19043755555
3213;19045221000;18843755555;19043755555
3214;19045222000;18843755555;19043755555
3215;19045223000;18843755555;19043755555
3216;19045224000;18843755555;19043755555
3217;19045225000;18843755555;19043755555
3218;19045226000;18843755555;19043755555
3219;19045227000;18843755555;19043755555
3220;19045227000;18843755555;19043755555
3221;19045228000;18843755555;19043755555
3222;19086841000;18843755555;19043755555
3223;19086847000;18885500000;19085500000
3224;19086848000;18885500000;19085500000
3225;19086849000;18885500000;19085500000
3226;19086850000;18885500000;19085500000
3227;19086851000;18885500000;19085500000
3228;19086852000;18885500000;19085500000
3229;19086853000;18885500000;19085500000
3230;19086854000;18885500000;19085500000
3231;19086855000;18885500000;19085500000
3232;19086856000;18885500000;19085500000
3233;19128571000;18885500000;19085500000
3234;19128577000;18927155555;19127155555
3235;19128579000;18927155555;19127155555
3236;19128580000;18927155555;19127155555
3237;19128581000;18927155555;19127155555
3238;19128582000;18927155555;19127155555
3239;19128583000;18927155555;19127155555
3240;19128584000;18927155555;19127155555
3241;19128585000;18927155555;19127155555
3242;19128585000;18927155555;19127155555
3243;19128586000;18927155555;19127155555
3244;19170227000;18927155555;19127155555
3245;19170232000;18968800000;19168800000
3246;19170234000;18968800000;19168800000
3247;19170235000;18968800000;19168800000
3248;19170236000;18968800000;19168800000
3249;19170237000;18968800000;19168800000
3250;19170237000;18968800000;19168800000
3251;19170238000;18968800000;19168800000
3252;19170239000;18968800000;19168800000
3253;19170240000;18968800000;19168800000
3254;19170241000;18968800000;19168800000
3255;19211870000;18968800000;19168800000
3256;19211875000;19010455555;19210455555
3257;19211876000;19010455555;19210455555
3258;19211877000;19010455555;19210455555
3259;19211879000;19010455555;19210455555
3262;19215772000;19010455555;19210455555
3264;19215775000;19010455555;19210455555
3265;19215776000;19010455555;19210455555
3266;19253506000;19010455555;19210455555
3267;19253520000;19052122222;19252122222
3268;19253522000;19052122222;19252122222
3269;19253523000;19052122222;19252122222
3270;19253524000;19052122222;19252122222
3271;19253525000;19052122222;19252122222
3272;19253525000;19052122222;19252122222
3273;19253526000;19052122222;19252122222
3274;19253527000;19052122222;19252122222
3275;19253528000;19052122222;19252122222
3276;19253529000;19052122222;19252122222
3281;19336785000;19093733333;19293733333
3289;19378606000;19135500000;19335500000
3298;19378610000;19135500000;19335500000
3299;19378717000;19135500000;19335500000
3300;19378723000;19177188888;19377188888
3301;19378724000;19177188888;19377188888
3302;19378725000;19177188888;19377188888
3303;19378725000;19177188888;19377188888
3304;19378726000;19177188888;19377188888
3305;19378727000;19177188888;19377188888
3306;19378728000;19177188888;19377188888
3307;19378729000;19177188888;19377188888
3308;19378730000;19177188888;19377188888
3309;19378731000;19177188888;19377188888
3310;19420258000;19177188888;19377188888
3311;19420264000;19218777777;19418777777
3312;19420265000;19218777777;19418777777
3313;19420266000;19218777777;19418777777
3314;19420267000;19218777777;19418777777
3315;19420268000;19218777777;19418777777
3316;19420269000;19218777777;19418777777
3317;19420269000;19218777777;19418777777
3318;19420270000;19218777777;19418777777
3319;19420271000;19218777777;19418777777
3320;19420272000;19218777777;19418777777
3321;19461845000;19218777777;19418777777
3322;19461850000;19260533333;19460533333
3323;19461852000;19260533333;19460533333
3324;19461852000;19260533333;19460533333
3325;19461853000;19260533333;19460533333
3326;19461854000;19260533333;19460533333
3327;19461855000;19260533333;19460533333
3328;19461856000;19260533333;19460533333
3329;19461857000;19260533333;19460533333
3330;19461858000;19260533333;19460533333
3331;19461859000;19260533333;19460533333
3332;19503633000;19260533333;19460533333
3333;19503639000;19302133333;19502133333
3334;19503640000;19302133333;19502133333
3337;19507423000;19302133333;19502133333
3338;19507426000;19302133333;19502133333
3339;19507427000;19302133333;19502133333
3340;19507427000;19302133333;19502133333
3341;19507438000;19302133333;19502133333
3342;19507439000;19302133333;19502133333
3343;19545183000;19302133333;19502133333
3344;19545189000;19343777777;19543777777
3345;19545190000;19343777777;19543777777
3346;19545191000;19343777777;19543777777
3347;19545192000;19343777777;19543777777
3348;19545193000;19343777777;19543777777
3349;19545194000;19343777777;19543777777
3350;19545195000;19343777777;19543777777
3351;19545196000;19343777777;19543777777
3352;19545197000;19343777777;19543777777
3353;19545197000;19343777777;19543777777
3357;19628549000;19385477777;19585477777
3364;19628562000;19385477777;19585477777
3365;19628671000;19385477777;19585477777
3366;19628676000;19427155555;19627155555
3367;19628678000;19427155555;19627155555
3368;19628679000;19427155555;19627155555
3369;19628679000;19427155555;19627155555
3370;19628681000;19427155555;19627155555
3371;19628681000;19427155555;19627155555
3372;19628682000;19427155555;19627155555
3373;19628683000;19427155555;19627155555
3374;19628684000;19427155555;19627155555
3375;19628685000;19427155555;19627155555
3376;19670225000;19427155555;19627155555
3377;19670230000;19468766666;19668766666
3378;19670232000;19468766666;19668766666
3379;19670232000;19468766666;19668766666
3380;19670233000;19468766666;19668766666
3381;19670234000;19468766666;19668766666
3382;19670235000;19468766666;19668766666
3387;19711817000;19468766666;19668766666
3388;19711823000;19510466666;19710466666
3389;19711824000;19510466666;19710466666
3390;19711825000;19510466666;19710466666
3391;19711826000;19510466666;19710466666
3392;19711827000;19510466666;19710466666
3393;19711828000;19510466666;19710466666
3394;19711829000;19510466666;19710466666
3395;19711829000;19510466666;19710466666
3396;19711830000;19510466666;19710466666
3397;19711831000;19510466666;19710466666
3398;19753556000;19510466666;19710466666
3400;19757426000;19552166666;19752166666
3401;19757428000;19552166666;19752166666
3402;19757429000;19552166666;19752166666
3403;19757430000;19552166666;19752166666
3404;19757440000;19552166666;19752166666
3405;19757441000;19552166666;19752166666
3406;19757442000;19552166666;19752166666
3412;19836821000;19593777777;19793777777
3420;19836925000;19593777777;19793777777
3423;19840727000;19635488888;19835488888
3424;19840729000;19635488888;19835488888
3425;19840731000;19635488888;19835488888
3426;19840732000;19635488888;19835488888
3427;19840742000;19635488888;19835488888
3428;19840743000;19635488888;19835488888
3429;19840743000;19635488888;19835488888
3430;19840744000;19635488888;19835488888
3431;19878541000;19635488888;19835488888
3432;19878556000;19677166666;19877166666
3433;19878557000;19677166666;19877166666
3434;19878558000;19677166666;19877166666
3435;19878559000;19677166666;19877166666
3436;19878560000;19677166666;19877166666
3437;19878561000;19677166666;19877166666
3438;19878562000;19677166666;19877166666
3442;19920231000;19677166666;19877166666
3443;19920238000;19718777777;19918777777
3444;19920239000;19718777777;19918777777
3445;19920240000;19718777777;19918777777
3446;19920241000;19718777777;19918777777
3447;19920242000;19718777777;19918777777
3448;19920243000;19718777777;19918777777
3449;19920244000;19718777777;19918777777
3450;19920245000;19718777777;19918777777
3451;19920246000;19718777777;19918777777
3452;19920247000;19718777777;19918777777
3453;19961862000;19718777777;19918777777
3454;19961874000;19760544444;19960544444
3455;19961875000;19760544444;19960544444
3456;19961876000;19760544444;19960544444
3457;19961877000;19760544444;19960544444
3458;19961878000;19760544444;19960544444
3459;19961879000;19760544444;19960544444
3460;19961880000;19760544444;19960544444
3461;19961881000;19760544444;19960544444
3462;19961882000;19760544444;19960544444
3463;19961883000;19760544444;19960544444
3464;20003648000;19760544444;19960544444
3465;20003654000;19802155555;20002155555
3466;20003655000;19802155555;20002155555
3467;20003656000;19802155555;20002155555
3468;20003657000;19802155555;20002155555
3469;20003658000;19802155555;20002155555
3470;20003659000;19802155555;20002155555
3471;20003660000;19802155555;20002155555
3472;20003661000;19802155555;20002155555
3473;20003662000;19802155555;20002155555
3474;20003662000;19802155555;20002155555
3475;20045241000;19802155555;20002155555
3476;20045248000;19843755555;20043755555
3477;20045249000;19843755555;20043755555
3478;20045250000;19843755555;20043755555
3479;20045251000;19843755555;20043755555
3480;20045252000;19843755555;20043755555
3481;20045253000;19843755555;20043755555
3482;20045254000;19843755555;20043755555
3483;20045255000;19843755555;20043755555
3484;20045256000;19843755555;20043755555
3485;20045257000;19843755555;20043755555
3486;20086824000;19843755555;20043755555
3487;20086830000;19885511111;20085511111
3488;20086831000;19885511111;20085511111
3489;20086832000;19885511111;20085511111
3490;20086833000;19885511111;20085511111
3491;20086834000;19885511111;20085511111
3492;20086835000;19885511111;20085511111
3493;20086836000;19885511111;20085511111
3494;20086837000;19885511111;20085511111
3495;20086838000;19885511111;20085511111
3496;20086839000;19885511111;20085511111
3497;20128589000;19885511111;20085511111
3498;20128595000;19927166666;20127166666
3499;20128596000;19927166666;20127166666
3500;20128597000;19927166666;20127166666
3501;20128598000;19927166666;20127166666
3502;20128599000;19927166666;20127166666
3507;20132558000;19927166666;20127166666
3508;20170216000;19927166666;20127166666
3509;20170222000;19968811111;20168811111
3510;20170224000;19968811111;20168811111
3511;20170224000;19968811111;20168811111
3512;20170225000;19968811111;20168811111
3513;20170226000;19968811111;20168811111
3514;20170227000;19968811111;20168811111
3515;20170228000;19968811111;20168811111
3516;20170229000;19968811111;20168811111
3517;20170230000;19968811111;20168811111
3518;20170231000;19968811111;20168811111
3519;20211880000;19968811111;20168811111
3521;20215833000;20010511111;20210511111
3522;20215845000;20010511111;20210511111
3523;20215846000;20010511111;20210511111
3524;20215847000;20010511111;20210511111
3525;20215848000;20010511111;20210511111
3526;20215849000;20010511111;20210511111
3527;20215849000;20010511111;20210511111
3528;20215850000;20010511111;20210511111
3529;20215851000;20010511111;20210511111
3530;20253605000;20010511111;20210511111
3531;20253611000;20052166666;20252166666
3532;20253612000;20052166666;20252166666
3533;20253613000;20052166666;20252166666
3534;20253614000;20052166666;20252166666
3535;20253615000;20052166666;20252166666
3536;20253616000;20052166666;20252166666
3537;20253617000;20052166666;20252166666
3538;20253618000;20052166666;20252166666
3539;20253619000;20052166666;20252166666
3540;20253620000;20052166666;20252166666
3541;20295236000;20052166666;20252166666
3542;20295242000;20093777777;20293777777
3543;20295243000;20093777777;20293777777
3544;20295244000;20093777777;20293777777
3545;20295245000;20093777777;20293777777
3546;20295246000;20093777777;20293777777
3547;20295247000;20093777777;20293777777
3548;20295247000;20093777777;20293777777
3549;20295248000;20093777777;20293777777
3550;20295249000;20093777777;20293777777
3551;20295250000;20093777777;20293777777
3552;20336848000;20093777777;20293777777
3553;20336854000;20135477777;20335477777
3554;20336855000;20135477777;20335477777
3555;20336856000;20135477777;20335477777
3556;20336857000;20135477777;20335477777
3557;20336858000;20135477777;20335477777
3558;20336858000;20135477777;20335477777
3559;20336866000;20135477777;20335477777
3560;20336867000;20135477777;20335477777
3561;20336868000;20135477777;20335477777
3562;20336869000;20135477777;20335477777
3565;20420220000;20177166666;20377166666
3575;20461939000;20218822222;20418822222
3586;20503582000;20260500000;20460500000
3597;20545250000;20302177777;20502177777
3608;20586884000;20343811111;20543811111
3619;20628564000;20385466666;20585466666
3630;20670193000;20427122222;20627122222
3641;20711873000;20468800000;20668800000
3652;20753614000;20510522222;20710522222
3663;20795229000;20552155555;20752155555
3671;20795232000;20552155555;20752155555
3672;20795233000;20552155555;20752155555
3673;20795339000;20552155555;20752155555
3674;20795345000;20593766666;20793766666
3675;20795347000;20593766666;20793766666
3676;20795347000;20593766666;20793766666
3677;20795348000;20593766666;20793766666
3678;20795349000;20593766666;20793766666
3679;20795350000;20593766666;20793766666
3680;20795351000;20593766666;20793766666
3681;20795352000;20593766666;20793766666
3682;20795353000;20593766666;20793766666
3683;20795354000;20593766666;20793766666
3684;20836835000;20593766666;20793766666
3685;20836841000;20635500000;20835500000
3686;20836842000;20635500000;20835500000
3687;20836843000;20635500000;20835500000
3692;20841006000;20635500000;20835500000
3693;20841008000;20635500000;20835500000
3694;20841009000;20635500000;20835500000
3695;20878540000;20635500000;20835500000
3696;20878545000;20677155555;20877155555
3697;20878556000;20677155555;20877155555
3698;20878557000;20677155555;20877155555
3699;20878558000;20677155555;20877155555
3700;20878559000;20677155555;20877155555
3701;20878559000;20677155555;20877155555
3702;20878560000;20677155555;20877155555
3703;20878561000;20677155555;20877155555
3704;20878562000;20677155555;20877155555
3705;20878563000;20677155555;20877155555
3706;20920178000;20677155555;20877155555
3709;20924058000;20718788888;20918788888
3710;20924065000;20718788888;20918788888
3712;20924068000;20718788888;20918788888
3713;20924070000;20718788888;20918788888
3714;20924071000;20718788888;20918788888
3715;20924073000;20718788888;20918788888
3716;20924074000;20718788888;20918788888
3717;20961838000;20718788888;20918788888
3720;20965748000;20760533333;20960533333
3721;20965751000;20760533333;20960533333
3722;20965753000;20760533333;20960533333
3724;20965755000;20760533333;20960533333
3725;20965756000;20760533333;20960533333
3726;20965758000;20760533333;20960533333
3727;20965759000;20760533333;20960533333
3728;21003614000;20760533333;20960533333
3729;21003620000;20802144444;21002144444
3730;21003621000;20802144444;21002144444
3731;21003622000;20802144444;21002144444
3732;21003623000;20802144444;21002144444
3733;21003624000;20802144444;21002144444
3734;21003625000;20802144444;21002144444
3735;21003626000;20802144444;21002144444
3736;21003627000;20802144444;21002144444
3737;21003628000;20802144444;21002144444
3738;21003629000;20802144444;21002144444
3739;21045213000;20802144444;21002144444
3740;21045219000;20843777777;21043777777
3741;21045220000;20843777777;21043777777
3742;21045221000;20843777777;21043777777
3743;21045222000;20843777777;21043777777
3744;21045223000;20843777777;21043777777
3745;21045224000;20843777777;21043777777
3746;21045225000;20843777777;21043777777
3747;21045226000;20843777777;21043777777
3748;21045226000;20843777777;21043777777
3749;21045227000;20843777777;21043777777
3750;21086847000;20843777777;21043777777
3751;21086853000;20885500000;21085500000
3752;21086854000;20885500000;21085500000
3753;21086855000;20885500000;21085500000
3754;21086856000;20885500000;21085500000
3755;21086857000;20885500000;21085500000
3756;21086858000;20885500000;21085500000
3757;21086859000;20885500000;21085500000
3758;21086860000;20885500000;21085500000
3759;21086861000;20885500000;21085500000
3760;21086862000;20885500000;21085500000
3761;21128629000;20885500000;21085500000
3762;21128634000;20927177777;21127177777
3763;21128636000;20927177777;21127177777
3764;21128637000;20927177777;21127177777
3765;21128638000;20927177777;21127177777
3766;21128638000;20927177777;21127177777
3767;21128646000;20927177777;21127177777
3768;21128647000;20927177777;21127177777
3769;21128648000;20927177777;21127177777
3770;21128649000;20927177777;21127177777
3771;21128650000;20927177777;21127177777
3772;21170247000;20927177777;21127177777
3773;21170253000;20968766666;21168766666
3776;21174042000;20968766666;21168766666
3777;21174045000;20968766666;21168766666
3778;21174046000;20968766666;21168766666
3779;21174047000;20968766666;21168766666
3782;21174244000;20968766666;21168766666
3783;21211784000;20968766666;21168766666
3784;21211790000;21010466666;21210466666
3785;21211792000;21010466666;21210466666
3786;21211793000;21010466666;21210466666
3787;21211794000;21010466666;21210466666
3788;21211795000;21010466666;21210466666
3789;21211796000;21010466666;21210466666
3790;21211796000;21010466666;21210466666
3791;21211797000;21010466666;21210466666
3792;21211798000;21010466666;21210466666
3793;21211799000;21010466666;21210466666
3794;21253540000;21010466666;21210466666
3796;21257546000;21052122222;21252122222
3799;21257771000;21052122222;21252122222
3800;21257783000;21052122222;21252122222
3802;21257785000;21052122222;21252122222
3803;21257786000;21052122222;21252122222
3804;21257788000;21052122222;21252122222
3805;21295171000;21052122222;21252122222
3806;21295176000;21093755555;21293755555
3807;21295178000;21093755555;21293755555
3808;21295179000;21093755555;21293755555
3809;21295179000;21093755555;21293755555
3810;21295180000;21093755555;21293755555
3811;21295181000;21093755555;21293755555
3812;21295182000;21093755555;21293755555
3813;21295183000;21093755555;21293755555
3814;21295184000;21093755555;21293755555
3815;21295185000;21093755555;21293755555
3816;21336825000;21093755555;21293755555
3820;21341068000;21135466666;21335466666
3821;21341075000;21135466666;21335466666
3823;21341078000;21135466666;21335466666
3824;21341080000;21135466666;21335466666
3825;21341082000;21135466666;21335466666
3826;21341083000;21135466666;21335466666
3827;21378556000;21135466666;21335466666
3828;21378571000;21177144444;21377144444
3829;21378573000;21177144444;21377144444
3830;21378574000;21177144444;21377144444
3831;21378575000;21177144444;21377144444
3832;21378575000;21177144444;21377144444
3833;21378576000;21177144444;21377144444
3834;21378577000;21177144444;21377144444
3835;21378578000;21177144444;21377144444
3836;21378579000;21177144444;21377144444
3839;21462013000;21218755555;21418755555
3850;21503541000;21260477777;21460477777
3861;21545239000;21302166666;21502166666
3872;21586870000;21343800000;21543800000
3883;21628547000;21385488888;21585488888
3893;21628669000;21385488888;21585488888
3894;21628675000;21427144444;21627144444
3895;21628676000;21427144444;21627144444
3896;21628677000;21427144444;21627144444
3897;21628678000;21427144444;21627144444
3898;21628679000;21427144444;21627144444
3899;21628680000;21427144444;21627144444
3900;21628681000;21427144444;21627144444
3901;21628681000;21427144444;21627144444
3902;21628682000;21427144444;21627144444
3903;21628683000;21427144444;21627144444
3904;21670207000;21427144444;21627144444
3905;21670213000;21468788888;21668788888
3906;21670214000;21468788888;21668788888
3907;21670215000;21468788888;21668788888
3908;21670216000;21468788888;21668788888
3909;21670216000;21468788888;21668788888
3912;21674179000;21468788888;21668788888
3913;21674181000;21468788888;21668788888
3914;21674182000;21468788888;21668788888
3915;21711779000;21468788888;21668788888
3916;21711784000;21510533333;21710533333
3917;21711786000;21510533333;21710533333
3918;21711796000;21510533333;21710533333
3919;21711797000;21510533333;21710533333
3920;21711798000;21510533333;21710533333
3921;21711799000;21510533333;21710533333
3922;21711800000;21510533333;21710533333
3923;21711801000;21510533333;21710533333
3924;21711802000;21510533333;21710533333
3925;21711803000;21510533333;21710533333
3926;21753641000;21510533333;21710533333
3928;21757391000;21552155555;21752155555
3929;21757394000;21552155555;21752155555
3930;21757395000;21552155555;21752155555
3931;21757396000;21552155555;21752155555
3932;21757397000;21552155555;21752155555
3933;21757405000;21552155555;21752155555
3934;21757406000;21552155555;21752155555
3935;21757406000;21552155555;21752155555
3936;21757407000;21552155555;21752155555
3937;21795207000;21552155555;21752155555
3938;21795213000;21593744444;21793744444
3939;21795214000;21593744444;21793744444
3940;21795215000;21593744444;21793744444
3941;21795215000;21593744444;21793744444
3942;21795216000;21593744444;21793744444
3943;21795217000;21593744444;21793744444
3944;21795218000;21593744444;21793744444
3945;21795219000;21593744444;21793744444
3946;21795220000;21593744444;21793744444
3947;21795221000;21593744444;21793744444
3948;21836830000;21593744444;21793744444
3949;21836836000;21635455555;21835455555
3950;21836837000;21635455555;21835455555
3951;21836838000;21635455555;21835455555
3952;21836838000;21635455555;21835455555
3953;21836839000;21635455555;21835455555
3954;21836840000;21635455555;21835455555
3955;21836841000;21635455555;21835455555
3956;21836842000;21635455555;21835455555
3957;21836843000;21635455555;21835455555
3958;21836844000;21635455555;21835455555
3959;21878524000;21635455555;21835455555
3960;21878540000;21677133333;21877133333
3961;21878541000;21677133333;21877133333
3962;21878542000;21677133333;21877133333
3963;21878543000;21677133333;21877133333
3964;21878544000;21677133333;21877133333
3965;21878545000;21677133333;21877133333
3966;21878546000;21677133333;21877133333
3967;21878547000;21677133333;21877133333
3968;21878548000;21677133333;21877133333
3969;21878549000;21677133333;21877133333
3970;21920203000;21677133333;21877133333
3971;21920209000;21718788888;21918788888
3972;21920210000;21718788888;21918788888
3973;21920211000;21718788888;21918788888
3974;21920212000;21718788888;21918788888
3975;21920213000;21718788888;21918788888
3976;21920214000;21718788888;21918788888
3977;21920215000;21718788888;21918788888
3978;21920216000;21718788888;21918788888
3979;21920217000;21718788888;21918788888
3980;21920218000;21718788888;21918788888
3981;21961859000;21718788888;21918788888
3982;21961864000;21760488888;21960488888
3983;21961866000;21760488888;21960488888
3984;21961867000;21760488888;21960488888
3985;21961868000;21760488888;21960488888
3986;21961869000;21760488888;21960488888
3987;21961869000;21760488888;21960488888
3988;21961870000;21760488888;21960488888
3989;21961871000;21760488888;21960488888
3990;21961872000;21760488888;21960488888
3991;21961873000;21760488888;21960488888
3992;22003567000;21760488888;21960488888
3993;22003573000;21802133333;22002133333
3994;22003574000;21802133333;22002133333
3995;22003575000;21802133333;22002133333
3996;22003576000;21802133333;22002133333
3997;22003577000;21802133333;22002133333
3998;22003578000;21802133333;22002133333
3999;22003579000;21802133333;22002133333
4000;22003580000;21802133333;22002133333
4001;22003581000;21802133333;22002133333
4002;22003582000;21802133333;22002133333
4003;22045205000;21802133333;22002133333
4004;22045211000;21843788888;22043788888
4005;22045212000;21843788888;22043788888
4006;22045213000;21843788888;22043788888
4007;22045214000;21843788888;22043788888
4008;22045215000;21843788888;22043788888
4009;22045216000;21843788888;22043788888
4010;22045217000;21843788888;22043788888
4011;22045218000;21843788888;22043788888
4012;22045218000;21843788888;22043788888
4013;22045219000;21843788888;22043788888
4014;22086860000;21843788888;22043788888
4015;22086866000;21885500000;22085500000
4016;22086867000;21885500000;22085500000
4017;22086868000;21885500000;22085500000
4018;22086869000;21885500000;22085500000
4019;22086870000;21885500000;22085500000
4020;22086871000;21885500000;22085500000
4021;22086872000;21885500000;22085500000
4022;22086873000;21885500000;22085500000
4023;22086874000;21885500000;22085500000
4024;22086875000;21885500000;22085500000
4025;22128577000;21885500000;22085500000
4026;22128583000;21927166666;22127166666
4027;22128584000;21927166666;22127166666
4028;22128585000;21927166666;22127166666
4029;22128586000;21927166666;22127166666
4030;22128587000;21927166666;22127166666
4031;22128587000;21927166666;22127166666
4032;22128588000;21927166666;22127166666
4033;22128596000;21927166666;22127166666
4034;22128597000;21927166666;22127166666
4035;22128598000;21927166666;22127166666
4036;22170236000;21927166666;22127166666
4037;22170242000;21968811111;22168811111
4042;22174062000;21968811111;22168811111
4043;22174065000;21968811111;22168811111
4044;22174081000;21968811111;22168811111
4046;22174084000;21968811111;22168811111
4047;22211862000;21968811111;22168811111
4048;22211868000;22010488888;22210488888
4049;22211869000;22010488888;22210488888
4050;22211870000;22010488888;22210488888
4051;22211871000;22010488888;22210488888
4052;22211872000;22010488888;22210488888
4053;22211873000;22010488888;22210488888
4054;22211874000;22010488888;22210488888
4055;22211875000;22010488888;22210488888
4056;22211876000;22010488888;22210488888
4057;22211877000;22010488888;22210488888
4058;22253568000;22010488888;22210488888
4061;22257378000;22052155555;22252155555
4065;22257580000;22052155555;22252155555
4066;22257583000;22052155555;22252155555
4067;22257585000;22052155555;22252155555
4069;22295221000;22052155555;22252155555
4070;22295227000;22093766666;22293766666
4071;22295228000;22093766666;22293766666
4072;22295229000;22093766666;22293766666
4073;22295230000;22093766666;22293766666
4074;22295231000;22093766666;22293766666
4075;22295232000;22093766666;22293766666
4076;22295232000;22093766666;22293766666
4077;22295233000;22093766666;22293766666
4078;22295234000;22093766666;22293766666
4079;22295235000;22093766666;22293766666
4080;22336851000;22093766666;22293766666
4082;22340728000;22135466666;22335466666
4083;22340735000;22135466666;22335466666
4085;22340738000;22135466666;22335466666
4086;22340740000;22135466666;22335466666
4087;22340741000;22135466666;22335466666
4088;22340743000;22135466666;22335466666
4089;22340744000;22135466666;22335466666
4090;22340745000;22135466666;22335466666
4091;22378508000;22135466666;22335466666
4092;22378523000;22177155555;22377155555
4093;22378525000;22177155555;22377155555
4094;22378535000;22177155555;22377155555
4095;22378536000;22177155555;22377155555
4096;22378537000;22177155555;22377155555
4097;22378538000;22177155555;22377155555
4098;22378539000;22177155555;22377155555
4099;22378540000;22177155555;22377155555
4100;22378541000;22177155555;22377155555
4101;22378542000;22177155555;22377155555
4102;22420225000;22177155555;22377155555
4105;22424186000;22218788888;22418788888
4106;22424189000;22218788888;22418788888
4107;22424190000;22218788888;22418788888
4108;22424191000;22218788888;22418788888
4111;22424412000;22218788888;22418788888
4112;22424415000;22218788888;22418788888
4113;22461804000;22218788888;22418788888
4114;22461810000;22260511111;22460511111
4115;22461811000;22260511111;22460511111
4116;22461813000;22260511111;22460511111
4117;22461814000;22260511111;22460511111
4118;22461815000;22260511111;22460511111
4119;22461815000;22260511111;22460511111
4120;22461816000;22260511111;22460511111
4121;22461817000;22260511111;22460511111
4122;22461818000;22260511111;22460511111
4123;22461819000;22260511111;22460511111
4124;22503590000;22260511111;22460511111
4126;22507416000;22302166666;22502166666
4128;22507418000;22302166666;22502166666
4129;22507419000;22302166666;22502166666
4130;22507420000;22302166666;22502166666
4131;22507421000;22302166666;22502166666
4132;22507422000;22302166666;22502166666
4133;22507423000;22302166666;22502166666
4134;22507424000;22302166666;22502166666
4135;22545213000;22302166666;22502166666
4136;22545219000;22343800000;22543800000
4137;22545220000;22343800000;22543800000
4138;22545221000;22343800000;22543800000
4139;22545222000;22343800000;22543800000
4140;22545223000;22343800000;22543800000
4141;22545224000;22343800000;22543800000
4142;22545225000;22343800000;22543800000
4143;22545226000;22343800000;22543800000
4144;22545226000;22343800000;22543800000
4145;22545227000;22343800000;22543800000
4146;22586870000;22343800000;22543800000
4147;22586876000;22385500000;22585500000
4148;22586877000;22385500000;22585500000
4149;22586878000;22385500000;22585500000
4150;22586879000;22385500000;22585500000
4151;22586880000;22385500000;22585500000
4154;22590897000;22385500000;22585500000
4155;22590899000;22385500000;22585500000
4156;22590900000;22385500000;22585500000
4157;22628537000;22385500000;22585500000
4158;22628552000;22427144444;22627144444
4159;22628553000;22427144444;22627144444
4162;22632580000;22427144444;22627144444
4163;22632583000;22427144444;22627144444
4164;22632593000;22427144444;22627144444
4165;22632594000;22427144444;22627144444
4166;22632595000;22427144444;22627144444
4167;22632596000;22427144444;22627144444
4168;22670167000;22427144444;22627144444
4169;22670173000;22468800000;22668800000
4170;22670174000;22468800000;22668800000
4171;22670175000;22468800000;22668800000
4172;22670176000;22468800000;22668800000
4173;22670176000;22468800000;22668800000
4174;22670177000;22468800000;22668800000
4175;22670178000;22468800000;22668800000
4176;22670179000;22468800000;22668800000
4177;22670180000;22468800000;22668800000
4178;22670181000;22468800000;22668800000
4179;22711838000;22468800000;22668800000
4180;22711844000;22510488888;22710488888
4181;22711845000;22510488888;22710488888
4182;22711846000;22510488888;22710488888
4183;22711847000;22510488888;22710488888
4184;22711848000;22510488888;22710488888
4185;22711849000;22510488888;22710488888
4186;22711850000;22510488888;22710488888
4187;22711851000;22510488888;22710488888
4188;22711852000;22510488888;22710488888
4189;22711853000;22510488888;22710488888
4190;22753624000;22510488888;22710488888
4191;22753630000;22552166666;22752166666
4192;22753631000;22552166666;22752166666
4193;22753632000;22552166666;22752166666
4194;22753633000;22552166666;22752166666
4195;22753634000;22552166666;22752166666
4196;22753635000;22552166666;22752166666
4197;22753636000;22552166666;22752166666
4198;22753637000;22552166666;22752166666
4199;22753638000;22552166666;22752166666
4200;22753639000;22552166666;22752166666
4201;22795235000;22552166666;22752166666
4202;22795241000;22593766666;22793766666
4203;22795242000;22593766666;22793766666
4204;22795243000;22593766666;22793766666
4205;22795244000;22593766666;22793766666
4206;22795245000;22593766666;22793766666
4207;22795246000;22593766666;22793766666
4208;22795247000;22593766666;22793766666
4209;22795248000;22593766666;22793766666
4210;22795249000;22593766666;22793766666
4211;22795250000;22593766666;22793766666
4212;22836836000;22593766666;22793766666
4213;22836842000;22635522222;22835522222
4214;22836843000;22635522222;22835522222
4215;22836844000;22635522222;22835522222
4216;22836845000;22635522222;22835522222
4217;22836846000;22635522222;22835522222
4218;22836847000;22635522222;22835522222
4219;22836848000;22635522222;22835522222
4220;22836849000;22635522222;22835522222
4221;22836850000;22635522222;22835522222
4222;22836851000;22635522222;22835522222
4223;22878594000;22635522222;22835522222
4224;22878600000;22677166666;22877166666
4225;22878601000;22677166666;22877166666
4226;22878602000;22677166666;22877166666
4227;22878603000;22677166666;22877166666
4228;22878604000;22677166666;22877166666
4229;22878605000;22677166666;22877166666
4230;22878606000;22677166666;22877166666
4231;22878607000;22677166666;22877166666
4232;22878607000;22677166666;22877166666
4233;22878608000;22677166666;22877166666
4234;22920238000;22677166666;22877166666
4235;22920243000;22718766666;22918766666
4236;22920245000;22718766666;22918766666
4237;22920246000;22718766666;22918766666
4238;22920246000;22718766666;22918766666
4239;22920247000;22718766666;22918766666
4240;22920248000;22718766666;22918766666
4241;22920249000;22718766666;22918766666
4242;22920250000;22718766666;22918766666
4243;22920251000;22718766666;22918766666
4244;22920252000;22718766666;22918766666
4245;22961836000;22718766666;22918766666
4246;22961842000;22760500000;22960500000
4247;22961843000;22760500000;22960500000
4248;22961844000;22760500000;22960500000
4249;22961845000;22760500000;22960500000
4250;22961846000;22760500000;22960500000
4251;22961847000;22760500000;22960500000
4252;22961848000;22760500000;22960500000
4253;22961849000;22760500000;22960500000
4254;22961850000;22760500000;22960500000
4255;22961851000;22760500000;22960500000
4256;23003587000;22760500000;22960500000
4257;23003593000;22802155555;23002155555
4258;23003594000;22802155555;23002155555
4259;23003595000;22802155555;23002155555
4260;23003596000;22802155555;23002155555
4261;23003597000;22802155555;23002155555
4262;23003598000;22802155555;23002155555
4263;23003599000;22802155555;23002155555
4264;23003600000;22802155555;23002155555
4265;23003601000;22802155555;23002155555
4266;23003602000;22802155555;23002155555
4267;23045242000;22802155555;23002155555
4268;23045249000;22843766666;23043766666
4269;23045250000;22843766666;23043766666
4270;23045251000;22843766666;23043766666
4271;23045252000;22843766666;23043766666
4272;23045253000;22843766666;23043766666
4273;23045254000;22843766666;23043766666
4274;23045255000;22843766666;23043766666
4275;23045256000;22843766666;23043766666
4276;23045257000;22843766666;23043766666
4277;23045258000;22843766666;23043766666
4278;23086835000;22843766666;23043766666
4279;23086841000;22885500000;23085500000
4280;23086842000;22885500000;23085500000
4281;23086843000;22885500000;23085500000
4282;23086844000;22885500000;23085500000
4283;23086845000;22885500000;23085500000
4284;23086846000;22885500000;23085500000
4285;23086847000;22885500000;23085500000
4286;23086848000;22885500000;23085500000
4287;23086849000;22885500000;23085500000
4288;23086850000;22885500000;23085500000
4289;23128587000;22885500000;23085500000
4290;23128594000;22927166666;23127166666
4291;23128595000;22927166666;23127166666
4292;23128596000;22927166666;23127166666
4293;23128597000;22927166666;23127166666
4294;23128598000;22927166666;23127166666
4295;23128599000;22927166666;23127166666
4296;23128600000;22927166666;23127166666
4297;23128601000;22927166666;23127166666
4298;23128602000;22927166666;23127166666
4299;23128603000;22927166666;23127166666
4300;23170237000;22927166666;23127166666
4301;23170243000;22968833333;23168833333
4302;23170244000;22968833333;23168833333
4303;23170245000;22968833333;23168833333
4304;23170246000;22968833333;23168833333
4305;23170247000;22968833333;23168833333
4306;23170247000;22968833333;23168833333
4307;23170248000;22968833333;23168833333
4308;23170249000;22968833333;23168833333
4309;23170250000;22968833333;23168833333
4310;23170251000;22968833333;23168833333
4311;23211903000;22968833333;23168833333
4312;23211909000;23010477777;23210477777
4313;23211910000;23010477777;23210477777
4314;23211911000;23010477777;23210477777
4317;23215834000;23010477777;23210477777
4318;23215845000;23010477777;23210477777
4319;23215846000;23010477777;23210477777
4320;23215847000;23010477777;23210477777
4321;23215848000;23010477777;23210477777
4322;23253535000;23010477777;23210477777
4323;23253540000;23052177777;23252177777
4324;23253551000;23052177777;23252177777
4325;23253552000;23052177777;23252177777
4326;23253553000;23052177777;23252177777
4327;23253554000;23052177777;23252177777
4328;23253555000;23052177777;23252177777
4329;23253555000;23052177777;23252177777
4330;23253556000;23052177777;23252177777
4331;23253557000;23052177777;23252177777
4332;23253558000;23052177777;23252177777
4333;23295248000;23052177777;23252177777
4335;23299087000;23093777777;23293777777
4337;23299089000;23093777777;23293777777
4338;23299091000;23093777777;23293777777
4339;23299091000;23093777777;23293777777
4340;23299092000;23093777777;23293777777
4341;23299093000;23093777777;23293777777
4342;23299094000;23093777777;23293777777
4343;23299095000;23093777777;23293777777
4344;23336794000;23093777777;23293777777
4345;23336800000;23135477777;23335477777
4346;23336801000;23135477777;23335477777
4347;23336802000;23135477777;23335477777
4348;23336803000;23135477777;23335477777
4349;23336804000;23135477777;23335477777
4350;23336805000;23135477777;23335477777
4351;23336806000;23135477777;23335477777
4352;23336807000;23135477777;23335477777
4353;23336808000;23135477777;23335477777
4354;23336809000;23135477777;23335477777
4355;23378552000;23135477777;23335477777
4356;23378567000;23177166666;23377166666
4357;23378568000;23177166666;23377166666
4358;23378569000;23177166666;23377166666
4359;23378570000;23177166666;23377166666
4360;23378588000;23177166666;23377166666
4361;23378588000;23177166666;23377166666
4362;23378589000;23177166666;23377166666
4363;23378590000;23177166666;23377166666
4364;23378591000;23177166666;23377166666
4365;23378592000;23177166666;23377166666
4366;23420238000;23177166666;23377166666
4367;23420243000;23218800000;23418800000
4368;23420244000;23218800000;23418800000
4369;23420245000;23218800000;23418800000
4370;23420246000;23218800000;23418800000
4371;23420247000;23218800000;23418800000
4372;23420248000;23218800000;23418800000
4373;23420249000;23218800000;23418800000
4374;23420250000;23218800000;23418800000
4375;23420251000;23218800000;23418800000
4376;23420252000;23218800000;23418800000
4377;23461866000;23218800000;23418800000
4378;23461872000;23260522222;23460522222
4379;23461873000;23260522222;23460522222
4380;23461874000;23260522222;23460522222
4381;23461875000;23260522222;23460522222
4382;23461876000;23260522222;23460522222
4383;23461877000;23260522222;23460522222
4384;23461878000;23260522222;23460522222
4385;23461879000;23260522222;23460522222
4386;23461879000;23260522222;23460522222
4387;23461880000;23260522222;23460522222
4388;23503594000;23260522222;23460522222
4389;23503600000;23302133333;23502133333
4390;23503601000;23302133333;23502133333
4391;23503602000;23302133333;23502133333
4392;23503603000;23302133333;23502133333
4393;23503604000;23302133333;23502133333
4394;23503605000;23302133333;23502133333
4395;23503606000;23302133333;23502133333
4396;23503607000;23302133333;23502133333
4397;23503607000;23302133333;23502133333
4398;23503608000;23302133333;23502133333
4399;23545204000;23302133333;23502133333
4400;23545210000;23343777777;23543777777
4401;23545211000;23343777777;23543777777
4402;23545212000;23343777777;23543777777
4403;23545213000;23343777777;23543777777
4404;23545214000;23343777777;23543777777
4405;23545215000;23343777777;23543777777
4406;23545216000;23343777777;23543777777
4407;23545216000;23343777777;23543777777
4408;23545217000;23343777777;23543777777
4409;23545218000;23343777777;23543777777
4410;23586847000;23343777777;23543777777
4411;23586853000;23385466666;23585466666
4412;23586854000;23385466666;23585466666
4413;23586855000;23385466666;23585466666
4414;23586856000;23385466666;23585466666
4415;23586857000;23385466666;23585466666
4416;23586858000;23385466666;23585466666
4417;23586859000;23385466666;23585466666
4418;23586860000;23385466666;23585466666
4419;23586861000;23385466666;23585466666
4420;23586862000;23385466666;23585466666
4421;23628532000;23385466666;23585466666
4422;23628537000;23427144444;23627144444
4423;23628539000;23427144444;23627144444
4424;23628540000;23427144444;23627144444
4425;23628541000;23427144444;23627144444
4426;23628542000;23427144444;23627144444
4427;23628543000;23427144444;23627144444
4428;23628544000;23427144444;23627144444
4429;23628545000;23427144444;23627144444
4430;23628546000;23427144444;23627144444
4431;23628547000;23427144444;23627144444
4432;23670231000;23427144444;23627144444
4433;23670237000;23468766666;23668766666
4434;23670238000;23468766666;23668766666
4435;23670239000;23468766666;23668766666
4436;23670240000;23468766666;23668766666
4437;23670241000;23468766666;23668766666
4438;23670242000;23468766666;23668766666
4439;23670243000;23468766666;23668766666
4440;23670244000;23468766666;23668766666
4441;23670245000;23468766666;23668766666
4442;23670246000;23468766666;23668766666
4443;23711852000;23468766666;23668766666
4444;23711859000;23510500000;23710500000
4445;23711860000;23510500000;23710500000
4446;23711861000;23510500000;23710500000
4447;23711862000;23510500000;23710500000
4448;23711863000;23510500000;23710500000
4449;23711864000;23510500000;23710500000
4450;23711865000;23510500000;23710500000
4451;23711866000;23510500000;23710500000
4452;23711867000;23510500000;23710500000
4453;23711868000;23510500000;23710500000
4454;23753581000;23510500000;23710500000
4455;23753596000;23552177777;23752177777
4456;23753598000;23552177777;23752177777
4457;23753598000;23552177777;23752177777
4458;23753599000;23552177777;23752177777
4459;23753600000;23552177777;23752177777
4460;23753609000;23552177777;23752177777
4461;23753610000;23552177777;23752177777
4462;23753611000;23552177777;23752177777
4463;23753612000;23552177777;23752177777
4464;23753613000;23552177777;23752177777
4465;23795249000;23552177777;23752177777
4466;23795255000;23593755555;23793755555
4467;23795256000;23593755555;23793755555
4468;23795257000;23593755555;23793755555
4469;23795258000;23593755555;23793755555
4470;23795259000;23593755555;23793755555
4471;23795260000;23593755555;23793755555
4472;23795261000;23593755555;23793755555
4473;23795262000;23593755555;23793755555
4474;23795263000;23593755555;23793755555
4475;23795263000;23593755555;23793755555
4476;23836826000;23593755555;23793755555
4477;23836832000;23635488888;23835488888
4478;23836833000;23635488888;23835488888
4479;23836834000;23635488888;23835488888
4480;23836835000;23635488888;23835488888
4481;23836836000;23635488888;23835488888
4482;23836837000;23635488888;23835488888
4483;23836838000;23635488888;23835488888
4484;23836838000;23635488888;23835488888
4485;23836839000;23635488888;23835488888
4486;23836840000;23635488888;23835488888
4487;23878565000;23635488888;23835488888
4488;23878571000;23677100000;23877100000
4489;23878572000;23677100000;23877100000
4490;23878573000;23677100000;23877100000
4491;23878574000;23677100000;23877100000
4492;23878575000;23677100000;23877100000
4493;23878576000;23677100000;23877100000
4494;23878577000;23677100000;23877100000
4495;23878578000;23677100000;23877100000
4496;23878579000;23677100000;23877100000
4497;23878580000;23677100000;23877100000
4498;23920186000;23677100000;23877100000
4499;23920192000;23718744444;23918744444
4500;23920193000;23718744444;23918744444
4501;23920194000;23718744444;23918744444
4502;23920195000;23718744444;23918744444
4503;23920196000;23718744444;23918744444
4504;23920197000;23718744444;23918744444
4505;23920198000;23718744444;23918744444
4506;23920199000;23718744444;23918744444
4507;23920199000;23718744444;23918744444
4508;23920200000;23718744444;23918744444
4509;23961814000;23718744444;23918744444
4510;23961820000;23760477777;23960477777
4511;23961821000;23760477777;23960477777
4512;23961822000;23760477777;23960477777
4513;23961823000;23760477777;23960477777
4514;23961824000;23760477777;23960477777
4515;23961825000;23760477777;23960477777
4516;23961826000;23760477777;23960477777
4517;23961827000;23760477777;23960477777
4518;23961828000;23760477777;23960477777
4523;24045208000;23802155555;24002155555
4532;24086851000;23843777777;24043777777
4540;24086854000;23843777777;24043777777
4541;24086855000;23843777777;24043777777
4542;24086962000;23843777777;24043777777
4543;24086967000;23885466666;24085466666
4544;24086969000;23885466666;24085466666
4545;24086969000;23885466666;24085466666
4546;24086970000;23885466666;24085466666
4547;24086971000;23885466666;24085466666
4548;24086972000;23885466666;24085466666
4549;24086973000;23885466666;24085466666
4550;24086974000;23885466666;24085466666
4551;24086975000;23885466666;24085466666
4552;24086976000;23885466666;24085466666
4553;24128544000;23885466666;24085466666
4554;24128550000;23927155555;24127155555
4555;24128551000;23927155555;24127155555
4556;24128552000;23927155555;24127155555
4557;24128553000;23927155555;24127155555
4558;24128554000;23927155555;24127155555
4559;24128555000;23927155555;24127155555
4560;24128555000;23927155555;24127155555
4561;24128556000;23927155555;24127155555
4562;24128557000;23927155555;24127155555
4563;24128558000;23927155555;24127155555
4564;24170226000;23927155555;24127155555
4565;24170232000;23968788888;24168788888
4566;24170233000;23968788888;24168788888
4567;24170234000;23968788888;24168788888
4568;24170235000;23968788888;24168788888
4569;24170236000;23968788888;24168788888
4570;24170237000;23968788888;24168788888
4571;24170238000;23968788888;24168788888
4572;24170238000;23968788888;24168788888
4573;24170239000;23968788888;24168788888
4574;24170240000;23968788888;24168788888
4575;24211862000;23968788888;24168788888
4576;24211868000;24010500000;24210500000
4577;24211869000;24010500000;24210500000
4578;24211877000;24010500000;24210500000
4579;24211878000;24010500000;24210500000
4580;24211879000;24010500000;24210500000
4581;24211879000;24010500000;24210500000
4582;24211880000;24010500000;24210500000
4583;24211881000;24010500000;24210500000
4584;24211882000;24010500000;24210500000
4585;24211883000;24010500000;24210500000
4586;24253577000;24010500000;24210500000
4587;24253583000;24052133333;24252133333
4588;24253584000;24052133333;24252133333
4589;24253585000;24052133333;24252133333
4590;24253586000;24052133333;24252133333
4591;24253587000;24052133333;24252133333
4594;24257508000;24052133333;24252133333
4597;24295182000;24052133333;24252133333
4598;24295188000;24093722222;24293722222
4599;24295189000;24093722222;24293722222
4600;24295190000;24093722222;24293722222
4601;24295191000;24093722222;24293722222
4602;24295192000;24093722222;24293722222
4603;24295193000;24093722222;24293722222
4604;24295194000;24093722222;24293722222
4605;24295195000;24093722222;24293722222
4606;24295196000;24093722222;24293722222
4607;24295196000;24093722222;24293722222
4608;24336792000;24093722222;24293722222
4611;24340763000;24135455555;24335455555
4612;24340765000;24135455555;24335455555
4613;24340767000;24135455555;24335455555
4614;24340768000;24135455555;24335455555
4615;24340769000;24135455555;24335455555
4616;24340769000;24135455555;24335455555
4617;24340770000;24135455555;24335455555
4618;24340771000;24135455555;24335455555
4619;24378506000;24135455555;24335455555
4620;24378530000;24177133333;24377133333
4621;24378532000;24177133333;24377133333
4622;24378533000;24177133333;24377133333
4623;24378534000;24177133333;24377133333
4624;24378535000;24177133333;24377133333
4625;24378536000;24177133333;24377133333
4626;24378537000;24177133333;24377133333
4627;24378538000;24177133333;24377133333
4628;24378539000;24177133333;24377133333
4633;24461807000;24218755555;24418755555
4642;24503530000;24260477777;24460477777
4652;24503673000;24260477777;24460477777
4653;24503679000;24302144444;24502144444
4654;24503680000;24302144444;24502144444
4655;24503681000;24302144444;24502144444
4656;24503682000;24302144444;24502144444
4657;24503683000;24302144444;24502144444
4658;24503684000;24302144444;24502144444
4659;24503685000;24302144444;24502144444
4660;24503686000;24302144444;24502144444
4661;24503687000;24302144444;24502144444
4662;24503687000;24302144444;24502144444
4663;24545215000;24302144444;24502144444
4664;24545221000;24343766666;24543766666
4665;24545222000;24343766666;24543766666
4666;24545223000;24343766666;24543766666
4667;24545224000;24343766666;24543766666
4668;24545225000;24343766666;24543766666
4669;24545225000;24343766666;24543766666
4670;24545226000;24343766666;24543766666
4671;24545227000;24343766666;24543766666
4672;24545228000;24343766666;24543766666
4673;24545229000;24343766666;24543766666
4674;24586836000;24343766666;24543766666
4675;24586842000;24385511111;24585511111
4676;24586843000;24385511111;24585511111
4677;24586844000;24385511111;24585511111
4678;24586845000;24385511111;24585511111
4679;24586846000;24385511111;24585511111
4680;24586847000;24385511111;24585511111
4681;24586848000;24385511111;24585511111
4682;24586848000;24385511111;24585511111
4683;24586849000;24385511111;24585511111
4684;24586850000;24385511111;24585511111
4685;24628610000;24385511111;24585511111
4686;24628616000;24427133333;24627133333
4687;24628617000;24427133333;24627133333
4688;24628618000;24427133333;24627133333
4689;24628619000;24427133333;24627133333
4690;24628620000;24427133333;24627133333
4691;24628621000;24427133333;24627133333
4692;24628622000;24427133333;24627133333
4693;24628623000;24427133333;24627133333
4694;24628624000;24427133333;24627133333
4695;24628625000;24427133333;24627133333
4696;24670200000;24427133333;24627133333
4697;24670206000;24468788888;24668788888
4698;24670207000;24468788888;24668788888
4699;24670208000;24468788888;24668788888
4700;24670209000;24468788888;24668788888
4701;24670210000;24468788888;24668788888
4702;24670211000;24468788888;24668788888
4703;24670212000;24468788888;24668788888
4704;24670213000;24468788888;24668788888
4705;24670222000;24468788888;24668788888
4706;24670223000;24468788888;24668788888
4707;24711859000;24468788888;24668788888
4708;24711865000;24510500000;24710500000
4709;24711866000;24510500000;24710500000
4710;24711867000;24510500000;24710500000
4711;24711868000;24510500000;24710500000
4712;24711869000;24510500000;24710500000
4713;24711870000;24510500000;24710500000
4714;24711871000;24510500000;24710500000
4715;24711871000;24510500000;24710500000
4716;24711872000;24510500000;24710500000
4717;24711873000;24510500000;24710500000
4718;24753598000;24510500000;24710500000
4719;24753604000;24552133333;24752133333
4720;24753605000;24552133333;24752133333
4721;24753606000;24552133333;24752133333
4722;24753607000;24552133333;24752133333
4723;24753608000;24552133333;24752133333
4724;24753609000;24552133333;24752133333
4725;24753610000;24552133333;24752133333
4726;24753610000;24552133333;24752133333
4727;24753611000;24552133333;24752133333
4728;24753612000;24552133333;24752133333
4729;24795206000;24552133333;24752133333
4730;24795212000;24593733333;24793733333
4731;24795213000;24593733333;24793733333
4732;24795214000;24593733333;24793733333
4733;24795215000;24593733333;24793733333
4734;24795216000;24593733333;24793733333
4735;24795217000;24593733333;24793733333
4736;24795218000;24593733333;24793733333
4737;24795218000;24593733333;24793733333
4738;24795219000;24593733333;24793733333
4739;24795220000;24593733333;24793733333
4740;24836819000;24593733333;24793733333
4741;24836825000;24635455555;24835455555
4742;24836827000;24635455555;24835455555
4747;24840760000;24635455555;24835455555
4748;24840762000;24635455555;24835455555
4749;24840763000;24635455555;24835455555
4750;24840764000;24635455555;24835455555
4751;24878506000;24635455555;24835455555
4752;24878520000;24677177777;24877177777
4753;24878521000;24677177777;24877177777
4754;24878522000;24677177777;24877177777
4755;24878523000;24677177777;24877177777
4756;24878524000;24677177777;24877177777
4757;24878525000;24677177777;24877177777
4758;24878526000;24677177777;24877177777
4759;24878527000;24677177777;24877177777
4760;24878528000;24677177777;24877177777
4761;24878529000;24677177777;24877177777
4762;24920242000;24677177777;24877177777
4764;24924167000;24718811111;24918811111
4765;24924169000;24718811111;24918811111
4766;24924170000;24718811111;24918811111
4767;24924171000;24718811111;24918811111
4768;24924172000;24718811111;24918811111
4769;24924173000;24718811111;24918811111
4770;24924174000;24718811111;24918811111
4771;24924175000;24718811111;24918811111
4772;24924176000;24718811111;24918811111
4773;24961852000;24718811111;24918811111
4774;24961858000;24760511111;24960511111
4775;24961859000;24760511111;24960511111
4776;24961860000;24760511111;24960511111
4777;24961861000;24760511111;24960511111
4778;24961862000;24760511111;24960511111
4779;24961863000;24760511111;24960511111
4780;24961864000;24760511111;24960511111
4781;24961865000;24760511111;24960511111
4782;24961866000;24760511111;24960511111
4783;24961867000;24760511111;24960511111
4784;25003584000;24760511111;24960511111
4785;25003591000;24802166666;25002166666
4786;25003592000;24802166666;25002166666
4787;25003593000;24802166666;25002166666
4788;25003594000;24802166666;25002166666
4789;25003595000;24802166666;25002166666
4790;25003596000;24802166666;25002166666
4791;25003597000;24802166666;25002166666
4792;25003598000;24802166666;25002166666
4793;25003599000;24802166666;25002166666
4794;25003600000;24802166666;25002166666
4795;25045229000;24802166666;25002166666
4796;25045235000;24843766666;25043766666
4797;25045236000;24843766666;25043766666
4798;25045237000;24843766666;25043766666
4799;25045238000;24843766666;25043766666
4800;25045239000;24843766666;25043766666
4801;25045240000;24843766666;25043766666
4802;25045241000;24843766666;25043766666
4803;25045242000;24843766666;25043766666
4804;25045243000;24843766666;25043766666
4805;25045244000;24843766666;25043766666
4806;25086832000;24843766666;25043766666
4807;25086838000;24885500000;25085500000
4808;25086839000;24885500000;25085500000
4809;25086840000;24885500000;25085500000
4810;25086849000;24885500000;25085500000
4811;25086850000;24885500000;25085500000
4812;25086851000;24885500000;25085500000
4813;25086852000;24885500000;25085500000
4814;25086852000;24885500000;25085500000
4815;25086853000;24885500000;25085500000
4816;25086854000;24885500000;25085500000
4817;25128576000;24885500000;25085500000
4818;25128582000;24927200000;25127200000
4819;25128583000;24927200000;25127200000
4820;25128584000;24927200000;25127200000
4821;25128585000;24927200000;25127200000
4822;25128586000;24927200000;25127200000
4823;25128587000;24927200000;25127200000
4824;25128587000;24927200000;25127200000
4825;25128588000;24927200000;25127200000
4826;25128589000;24927200000;25127200000
4827;25128590000;24927200000;25127200000
4828;25170284000;24927200000;25127200000
4829;25170291000;24968822222;25168822222
4830;25170292000;24968822222;25168822222
4831;25170293000;24968822222;25168822222
4832;25170294000;24968822222;25168822222
4833;25170295000;24968822222;25168822222
4834;25170296000;24968822222;25168822222
4835;25170297000;24968822222;25168822222
4836;25170298000;24968822222;25168822222
4837;25170299000;24968822222;25168822222
4838;25170300000;24968822222;25168822222
4839;25211885000;24968822222;25168822222
4840;25211892000;25010500000;25210500000
4841;25211893000;25010500000;25210500000
4842;25211894000;25010500000;25210500000
4843;25211895000;25010500000;25210500000
4844;25211896000;25010500000;25210500000
4845;25211897000;25010500000;25210500000
4846;25211898000;25010500000;25210500000
4847;25211899000;25010500000;25210500000
4848;25211900000;25010500000;25210500000
4849;25211901000;25010500000;25210500000
4850;25253577000;25010500000;25210500000
4851;25253583000;25052177777;25252177777
4852;25253584000;25052177777;25252177777
4853;25253585000;25052177777;25252177777
4854;25253586000;25052177777;25252177777
4855;25253587000;25052177777;25252177777
4856;25253588000;25052177777;25252177777
4857;25253589000;25052177777;25252177777
4858;25253590000;25052177777;25252177777
4859;25253591000;25052177777;25252177777
4860;25253592000;25052177777;25252177777
4861;25295239000;25052177777;25252177777
4862;25295254000;25093755555;25293755555
4863;25295255000;25093755555;25293755555
4864;25295256000;25093755555;25293755555
4865;25295257000;25093755555;25293755555
4866;25295258000;25093755555;25293755555
4867;25295259000;25093755555;25293755555
4868;25295260000;25093755555;25293755555
4869;25295261000;25093755555;25293755555
4870;25295262000;25093755555;25293755555
4871;25295263000;25093755555;25293755555
4872;25336826000;25093755555;25293755555
4873;25336832000;25135466666;25335466666
4874;25336833000;25135466666;25335466666
4875;25336834000;25135466666;25335466666
4876;25336835000;25135466666;25335466666
4877;25336836000;25135466666;25335466666
4878;25336836000;25135466666;25335466666
4879;25336837000;25135466666;25335466666
4880;25336838000;25135466666;25335466666
4881;25336839000;25135466666;25335466666
4882;25336840000;25135466666;25335466666
4883;25378528000;25135466666;25335466666
4884;25378534000;25177177777;25377177777
4885;25378545000;25177177777;25377177777
4886;25378546000;25177177777;25377177777
4887;25378547000;25177177777;25377177777
4888;25378548000;25177177777;25377177777
4889;25378549000;25177177777;25377177777
4890;25378550000;25177177777;25377177777
4891;25378550000;25177177777;25377177777
4892;25378551000;25177177777;25377177777
4893;25378552000;25177177777;25377177777
4894;25420248000;25177177777;25377177777
4895;25420253000;25218777777;25418777777
4899;25424044000;25218777777;25418777777
4900;25424046000;25218777777;25418777777
4901;25424047000;25218777777;25418777777
4902;25424048000;25218777777;25418777777
4903;25424049000;25218777777;25418777777
4904;25424050000;25218777777;25418777777
4905;25461809000;25218777777;25418777777
4906;25461815000;25260477777;25460477777
4907;25461816000;25260477777;25460477777
4908;25461817000;25260477777;25460477777
4909;25461818000;25260477777;25460477777
4910;25461819000;25260477777;25460477777
4911;25461820000;25260477777;25460477777
4912;25461821000;25260477777;25460477777
4913;25461828000;25260477777;25460477777
4914;25461829000;25260477777;25460477777
4915;25461830000;25260477777;25460477777
4916;25503551000;25260477777;25460477777
4917;25503566000;25302166666;25502166666
4918;25503568000;25302166666;25502166666
4919;25503569000;25302166666;25502166666
4920;25503570000;25302166666;25502166666
4921;25503571000;25302166666;25502166666
4922;25503572000;25302166666;25502166666
4923;25503572000;25302166666;25502166666
4924;25503573000;25302166666;25502166666
4925;25503583000;25302166666;25502166666
4926;25503584000;25302166666;25502166666
4927;25545237000;25302166666;25502166666
4928;25545243000;25343788888;25543788888
4929;25545244000;25343788888;25543788888
4930;25545245000;25343788888;25543788888
4931;25545246000;25343788888;25543788888
4932;25545247000;25343788888;25543788888
4933;25545248000;25343788888;25543788888
4934;25545249000;25343788888;25543788888
4935;25545249000;25343788888;25543788888
4936;25545250000;25343788888;25543788888
4937;25545251000;25343788888;25543788888
4938;25586857000;25343788888;25543788888
4939;25586862000;25385466666;25585466666
4940;25586863000;25385466666;25585466666
4944;25590766000;25385466666;25585466666
4945;25590769000;25385466666;25585466666
4946;25590770000;25385466666;25585466666
4947;25590771000;25385466666;25585466666
4948;25590772000;25385466666;25585466666
4949;25628523000;25385466666;25585466666
4950;25628539000;25427133333;25627133333
4951;25628541000;25427133333;25627133333
4952;25628542000;25427133333;25627133333
4953;25628543000;25427133333;25627133333
4954;25628544000;25427133333;25627133333
4955;25628544000;25427133333;25627133333
4956;25628545000;25427133333;25627133333
4957;25628546000;25427133333;25627133333
4958;25628547000;25427133333;25627133333
4959;25628548000;25427133333;25627133333
4960;25670216000;25427133333;25627133333
4962;25674080000;25468811111;25668811111
4964;25674092000;25468811111;25668811111
4965;25674094000;25468811111;25668811111
4966;25674095000;25468811111;25668811111
4967;25674096000;25468811111;25668811111
4968;25674096000;25468811111;25668811111
4969;25674097000;25468811111;25668811111
4970;25674098000;25468811111;25668811111
4971;25711862000;25468811111;25668811111
4972;25711867000;25510566666;25710566666
4973;25711869000;25510566666;25710566666
4974;25711869000;25510566666;25710566666
4975;25711870000;25510566666;25710566666
4976;25711871000;25510566666;25710566666
4977;25711872000;25510566666;25710566666
4978;25711873000;25510566666;25710566666
4979;25711874000;25510566666;25710566666
4980;25711875000;25510566666;25710566666
4981;25711876000;25510566666;25710566666
4982;25753664000;25510566666;25710566666
4983;25753670000;25552177777;25752177777
4986;25757536000;25552177777;25752177777
4987;25757553000;25552177777;25752177777
4988;25757554000;25552177777;25752177777
4989;25757555000;25552177777;25752177777
4990;25757556000;25552177777;25752177777
4991;25757558000;25552177777;25752177777
4992;25757559000;25552177777;25752177777
4993;25795227000;25552177777;25752177777
4994;25795232000;25593800000;25793800000
4995;25795234000;25593800000;25793800000
4996;25795235000;25593800000;25793800000
4997;25795236000;25593800000;25793800000
4998;25795236000;25593800000;25793800000
4999;25795237000;25593800000;25793800000
5000;25795238000;25593800000;25793800000
5001;25795239000;25593800000;25793800000
5002;25795240000;25593800000;25793800000
5003;25795241000;25593800000;25793800000
5004;25836869000;25593800000;25793800000
5006;25840843000;25635533333;25835533333
5007;25840845000;25635533333;25835533333
5008;25840846000;25635533333;25835533333
5009;25840847000;25635533333;25835533333
5010;25840848000;25635533333;25835533333
5011;25840849000;25635533333;25835533333
5012;25840850000;25635533333;25835533333
5013;25840850000;25635533333;25835533333
5014;25840851000;25635533333;25835533333
5015;25878610000;25635533333;25835533333
5016;25878616000;25677166666;25877166666
5017;25878617000;25677166666;25877166666
5018;25878618000;25677166666;25877166666
5019;25878619000;25677166666;25877166666
5020;25878619000;25677166666;25877166666
5021;25878627000;25677166666;25877166666
5022;25878628000;25677166666;25877166666
5023;25878629000;25677166666;25877166666
5024;25878630000;25677166666;25877166666
5025;25878631000;25677166666;25877166666
5026;25920236000;25677166666;25877166666
5027;25920242000;25718800000;25918800000
5028;25920243000;25718800000;25918800000
5029;25920244000;25718800000;25918800000
5030;25920245000;25718800000;25918800000
5031;25920246000;25718800000;25918800000
5032;25920247000;25718800000;25918800000
5033;25920248000;25718800000;25918800000
5034;25920249000;25718800000;25918800000
5035;25920250000;25718800000;25918800000
5036;25920251000;25718800000;25918800000
5037;25961879000;25718800000;25918800000
5038;25961885000;25760500000;25960500000
5039;25961886000;25760500000;25960500000
5040;25961887000;25760500000;25960500000
5041;25961888000;25760500000;25960500000
5042;25961889000;25760500000;25960500000
5043;25961890000;25760500000;25960500000
5044;25961891000;25760500000;25960500000
5045;25961892000;25760500000;25960500000
5046;25961893000;25760500000;25960500000
5047;25961894000;25760500000;25960500000
5048;26003576000;25760500000;25960500000
5049;26003582000;25802133333;26002133333
5050;26003583000;25802133333;26002133333
5051;26003584000;25802133333;26002133333
5052;26003585000;25802133333;26002133333
5053;26003586000;25802133333;26002133333
5054;26003587000;25802133333;26002133333
5055;26003588000;25802133333;26002133333
5056;26003589000;25802133333;26002133333
5057;26003590000;25802133333;26002133333
5058;26003591000;25802133333;26002133333
5059;26045204000;25802133333;26002133333
5060;26045210000;25843788888;26043788888
5061;26045211000;25843788888;26043788888
5062;26045212000;25843788888;26043788888
5063;26045213000;25843788888;26043788888
5064;26045214000;25843788888;26043788888
5065;26045214000;25843788888;26043788888
5066;26045215000;25843788888;26043788888
5067;26045216000;25843788888;26043788888
5068;26045217000;25843788888;26043788888
5069;26045218000;25843788888;26043788888
5070;26086858000;25843788888;26043788888
5071;26086863000;25885488888;26085488888
5072;26086865000;25885488888;26085488888
5073;26086865000;25885488888;26085488888
5074;26086866000;25885488888;26085488888
5075;26086867000;25885488888;26085488888
5076;26086868000;25885488888;26085488888
5077;26086869000;25885488888;26085488888
5078;26086870000;25885488888;26085488888
5079;26086871000;25885488888;26085488888
5080;26086872000;25885488888;26085488888
5081;26128565000;25885488888;26085488888
5082;26128571000;25927166666;26127166666
5083;26128573000;25927166666;26127166666
5084;26128573000;25927166666;26127166666
5085;26128574000;25927166666;26127166666
5086;26128575000;25927166666;26127166666
5087;26128576000;25927166666;26127166666
5088;26128577000;25927166666;26127166666
5089;26128578000;25927166666;26127166666
5090;26128579000;25927166666;26127166666
5091;26128580000;25927166666;26127166666
5092;26170234000;25927166666;26127166666
5093;26170239000;25968777777;26168777777
5094;26170241000;25968777777;26168777777
5095;26170242000;25968777777;26168777777
5096;26170243000;25968777777;26168777777
5097;26170244000;25968777777;26168777777
5098;26170245000;25968777777;26168777777
5099;26170245000;25968777777;26168777777
5102;26174200000;25968777777;26168777777
5103;26211827000;25968777777;26168777777
5104;26211833000;26010500000;26210500000
5105;26211834000;26010500000;26210500000
5108;26215835000;26010500000;26210500000
5109;26215846000;26010500000;26210500000
5110;26215847000;26010500000;26210500000
5111;26215848000;26010500000;26210500000
5112;26215849000;26010500000;26210500000
5113;26215850000;26010500000;26210500000
5114;26253551000;26010500000;26210500000
5115;26253567000;26052166666;26252166666
5116;26253568000;26052166666;26252166666
5117;26253569000;26052166666;26252166666
5118;26253570000;26052166666;26252166666
5119;26253571000;26052166666;26252166666
5120;26253572000;26052166666;26252166666
5121;26253573000;26052166666;26252166666
5122;26253583000;26052166666;26252166666
5123;26253584000;26052166666;26252166666
5124;26253585000;26052166666;26252166666
5125;26295235000;26052166666;26252166666
5126;26295241000;26093777777;26293777777
5127;26295242000;26093777777;26293777777
5128;26295243000;26093777777;26293777777
5129;26295244000;26093777777;26293777777
5132;26299064000;26093777777;26293777777
5133;26299066000;26093777777;26293777777
5134;26299067000;26093777777;26293777777
5135;26299068000;26093777777;26293777777
5136;26336828000;26093777777;26293777777
5137;26336833000;26135488888;26335488888
5138;26336835000;26135488888;26335488888
5139;26336836000;26135488888;26335488888
5140;26336836000;26135488888;26335488888
5141;26336837000;26135488888;26335488888
5142;26336838000;26135488888;26335488888
5143;26336839000;26135488888;26335488888
5144;26336840000;26135488888;26335488888
5145;26336841000;26135488888;26335488888
5146;26336842000;26135488888;26335488888
5147;26378591000;26135488888;26335488888
5149;26382403000;26177144444;26377144444
5151;26382405000;26177144444;26377144444
5152;26382406000;26177144444;26377144444
5153;26382407000;26177144444;26377144444
5154;26382408000;26177144444;26377144444
5155;26382409000;26177144444;26377144444
5156;26382410000;26177144444;26377144444
5157;26382411000;26177144444;26377144444
5158;26420195000;26177144444;26377144444
5159;26420201000;26218800000;26418800000
5160;26420202000;26218800000;26418800000
5161;26420203000;26218800000;26418800000
5162;26420204000;26218800000;26418800000
5163;26420205000;26218800000;26418800000
5164;26420206000;26218800000;26418800000
5165;26420206000;26218800000;26418800000
5166;26420207000;26218800000;26418800000
5167;26420208000;26218800000;26418800000
5168;26420209000;26218800000;26418800000
5169;26461829000;26218800000;26418800000
5170;26461835000;26260500000;26460500000
5171;26461836000;26260500000;26460500000
5172;26461837000;26260500000;26460500000
5173;26461838000;26260500000;26460500000
5174;26461839000;26260500000;26460500000
5175;26461840000;26260500000;26460500000
5176;26461841000;26260500000;26460500000
5177;26461842000;26260500000;26460500000
5178;26461843000;26260500000;26460500000
5179;26461844000;26260500000;26460500000
5180;26503603000;26260500000;26460500000
5181;26503608000;26302166666;26502166666
5182;26503610000;26302166666;26502166666
5183;26503611000;26302166666;26502166666
5184;26503611000;26302166666;26502166666
5185;26503613000;26302166666;26502166666
5186;26503614000;26302166666;26502166666
5187;26503614000;26302166666;26502166666
5188;26503615000;26302166666;26502166666
5189;26503616000;26302166666;26502166666
5190;26503617000;26302166666;26502166666
5191;26545231000;26302166666;26502166666
5192;26545238000;26343811111;26543811111
5193;26545239000;26343811111;26543811111
5194;26545240000;26343811111;26543811111
5195;26545241000;26343811111;26543811111
5196;26545242000;26343811111;26543811111
5197;26545243000;26343811111;26543811111
5198;26545244000;26343811111;26543811111
5199;26545245000;26343811111;26543811111
5200;26545246000;26343811111;26543811111
5201;26545247000;26343811111;26543811111
5202;26586874000;26343811111;26543811111
5203;26586880000;26385511111;26585511111
5204;26586882000;26385511111;26585511111
5205;26586883000;26385511111;26585511111
5206;26586884000;26385511111;26585511111
5207;26586885000;26385511111;26585511111
5208;26586886000;26385511111;26585511111
5209;26586887000;26385511111;26585511111
5210;26586888000;26385511111;26585511111
5211;26586889000;26385511111;26585511111
5212;26586890000;26385511111;26585511111
5215;26670199000;26427155555;26627155555
5225;26711833000;26468766666;26668766666
5236;26753566000;26510477777;26710477777
5247;26795238000;26552166666;26752166666
5258;26836828000;26593755555;26793755555
5269;26878572000;26635500000;26835500000
5280;26920190000;26677133333;26877133333
5291;26961676000;26718777777;26918777777
5302;27003607000;26760511111;26960511111
5313;27045195000;26802122222;27002122222
5323;27045304000;26802122222;27002122222
5324;27045310000;26843766666;27043766666
5325;27045311000;26843766666;27043766666
5326;27045312000;26843766666;27043766666
5327;27045313000;26843766666;27043766666
5328;27045314000;26843766666;27043766666
5329;27045322000;26843766666;27043766666
5330;27045323000;26843766666;27043766666
5331;27045324000;26843766666;27043766666
5332;27045325000;26843766666;27043766666
5333;27045326000;26843766666;27043766666
5334;27086834000;26843766666;27043766666
5335;27086840000;26885466666;27085466666
5336;27086841000;26885466666;27085466666
5337;27086842000;26885466666;27085466666
5338;27086843000;26885466666;27085466666
5339;27086844000;26885466666;27085466666
5340;27086845000;26885466666;27085466666
5341;27086846000;26885466666;27085466666
5342;27086847000;26885466666;27085466666
5343;27086848000;26885466666;27085466666
5346;27170427000;26927166666;27127166666
5357;27211893000;26968811111;27168811111
5368;27253632000;27010500000;27210500000
5379;27295205000;27052133333;27252133333
5390;27336816000;27093744444;27293744444
5401;27378571000;27135477777;27335477777
5412;27420200000;27177133333;27377133333
5421;27420204000;27177133333;27377133333
5422;27420314000;27177133333;27377133333
5423;27420320000;27218822222;27418822222
5424;27420321000;27218822222;27418822222
5425;27420322000;27218822222;27418822222
5426;27420323000;27218822222;27418822222
5427;27420324000;27218822222;27418822222
5428;27420325000;27218822222;27418822222
5429;27420326000;27218822222;27418822222
5430;27420327000;27218822222;27418822222
5431;27420328000;27218822222;27418822222
5432;27420329000;27218822222;27418822222
5433;27461886000;27218822222;27418822222
5437;27465746000;27260522222;27460522222
5439;27465748000;27260522222;27460522222
5440;27465749000;27260522222;27460522222
5441;27465750000;27260522222;27460522222
5442;27465751000;27260522222;27460522222
5443;27465752000;27260522222;27460522222
5444;27503580000;27260522222;27460522222
5445;27503586000;27302177777;27502177777
5446;27503587000;27302177777;27502177777
5447;27503588000;27302177777;27502177777
5448;27503589000;27302177777;27502177777
5449;27503590000;27302177777;27502177777
5452;27507523000;27302177777;27502177777
5453;27507525000;27302177777;27502177777
5454;27507526000;27302177777;27502177777
5455;27545227000;27302177777;27502177777
5456;27545233000;27343811111;27543811111
5457;27545234000;27343811111;27543811111
5458;27545236000;27343811111;27543811111
5459;27545237000;27343811111;27543811111
5460;27545238000;27343811111;27543811111
5461;27545238000;27343811111;27543811111
5462;27545239000;27343811111;27543811111
5463;27545240000;27343811111;27543811111
5464;27545241000;27343811111;27543811111
5465;27545242000;27343811111;27543811111
5466;27586881000;27343811111;27543811111
5467;27586887000;27385455555;27585455555
5468;27586888000;27385455555;27585455555
5469;27586889000;27385455555;27585455555
5470;27586890000;27385455555;27585455555
5471;27586891000;27385455555;27585455555
5472;27586892000;27385455555;27585455555
5473;27586893000;27385455555;27585455555
5474;27586894000;27385455555;27585455555
5475;27586895000;27385455555;27585455555
5476;27586896000;27385455555;27585455555
5477;27628530000;27385455555;27585455555
5478;27628546000;27427188888;27627188888
5479;27628547000;27427188888;27627188888
5480;27628548000;27427188888;27627188888
5481;27628549000;27427188888;27627188888
5482;27628550000;27427188888;27627188888
5483;27628551000;27427188888;27627188888
5484;27628552000;27427188888;27627188888
5486;27670621000;27427188888;27627188888
5487;27670624000;27427188888;27627188888
5488;27670743000;27427188888;27627188888
5489;27670749000;27468777777;27668777777
5490;27670750000;27468777777;27668777777
5491;27670751000;27468777777;27668777777
5492;27670752000;27468777777;27668777777
5493;27670753000;27468777777;27668777777
5494;27670754000;27468777777;27668777777
5495;27670755000;27468777777;27668777777
5496;27670756000;27468777777;27668777777
5497;27670756000;27468777777;27668777777
5498;27670757000;27468777777;27668777777
5499;27711821000;27468777777;27668777777
