seqnum;now;rtptime;deadline
1;4696688000;4561211111;4761211111
5;4696702000;4561211111;4761211111
6;4696708000;4561211111;4761211111
8;4696710000;4561211111;4761211111
9;4696711000;4561211111;4761211111
10;4704740000;4561211111;4761211111
12;4734432000;4592944444;4792944444
13;4734435000;4592944444;4792944444
14;4734436000;4592944444;4792944444
15;4734438000;4592944444;4792944444
16;4734439000;4592944444;4792944444
17;4734441000;4592944444;4792944444
19;4734442000;4592944444;4792944444
20;4734443000;4592944444;4792944444
21;4734631000;4592944444;4792944444
22;4734637000;4634688888;4834688888
23;4734639000;4634688888;4834688888
24;4734640000;4634688888;4834688888
25;4734641000;4634688888;4834688888
26;4734642000;4634688888;4834688888
27;4734644000;4634688888;4834688888
28;4734645000;4634688888;4834688888
29;4734646000;4634688888;4834688888
30;4734647000;4634688888;4834688888
31;4734648000;4634688888;4834688888
32;4776295000;4634688888;4834688888
33;4776316000;4676344444;4876344444
34;4776318000;4676344444;4876344444
35;4776319000;4676344444;4876344444
36;4776320000;4676344444;4876344444
37;4776322000;4676344444;4876344444
38;4776323000;4676344444;4876344444
39;4776324000;4676344444;4876344444
40;4776326000;4676344444;4876344444
42;4818044000;4676344444;4876344444
43;4818182000;4676344444;4876344444
44;4818188000;4717955555;4917955555
45;4818189000;4717955555;4917955555
46;4818191000;4717955555;4917955555
47;4818193000;4717955555;4917955555
48;4818194000;4717955555;4917955555
50;4859489000;4717955555;4917955555
51;4859492000;4717955555;4917955555
52;4859493000;4717955555;4917955555
53;4859495000;4717955555;4917955555
54;4859650000;4717955555;4917955555
55;4859656000;4759600000;4959600000
56;4859657000;4759600000;4959600000
57;4859658000;4759600000;4959600000
58;4859659000;4759600000;4959600000
59;4859661000;4759600000;4959600000
60;4859662000;4759600000;4959600000
61;4859663000;4759600000;4959600000
62;4859665000;4759600000;4959600000
63;4859675000;4759600000;4959600000
64;4859676000;4759600000;4959600000
65;4901138000;4759600000;4959600000
66;4901144000;4801266666;5001266666
67;4901145000;4801266666;5001266666
68;4901146000;4801266666;5001266666
69;4901147000;4801266666;5001266666
70;4901148000;4801266666;5001266666
71;4901149000;4801266666;5001266666
72;4901150000;4801266666;5001266666
73;4901151000;4801266666;5001266666
74;4901152000;4801266666;5001266666
76;4943122000;4801266666;5001266666
77;4943128000;4842955555;5042955555
78;4943138000;4842955555;5042955555
79;4943140000;4842955555;5042955555
80;4943141000;4842955555;5042955555
81;4943142000;4842955555;5042955555
82;4943144000;4842955555;5042955555
83;4943145000;4842955555;5042955555
84;4943146000;4842955555;5042955555
85;4943147000;4842955555;5042955555
86;4943149000;4842955555;5042955555
87;4984484000;4842955555;5042955555
88;4984499000;4884600000;5084600000
89;4984500000;4884600000;5084600000
90;4984501000;4884600000;5084600000
91;4984502000;4884600000;5084600000
92;4984503000;4884600000;5084600000
93;4984504000;4884600000;5084600000
94;4984505000;4884600000;5084600000
95;4984506000;4884600000;5084600000
96;4984507000;4884600000;5084600000
97;4984508000;4884600000;5084600000
98;5026159000;4884600000;5084600000
99;5026165000;4926311111;5126311111
100;5026166000;4926311111;5126311111
101;5026167000;4926311111;5126311111
102;5026168000;4926311111;5126311111
103;5026169000;4926311111;5126311111
104;5026170000;4926311111;5126311111
105;5026171000;4926311111;5126311111
106;5026172000;4926311111;5126311111
107;5026173000;4926311111;5126311111
108;5026174000;4926311111;5126311111
109;5067866000;4926311111;5126311111
110;5067880000;4967888888;5167888888
111;5067881000;4967888888;5167888888
112;5067882000;4967888888;5167888888
113;5067883000;4967888888;5167888888
114;5067884000;4967888888;5167888888
115;5067885000;4967888888;5167888888
116;5067886000;4967888888;5167888888
117;5067887000;4967888888;5167888888
118;5067888000;4967888888;5167888888
119;5067889000;4967888888;5167888888
120;5109467000;4967888888;5167888888
121;5109473000;5009566666;5209566666
122;5109474000;5009566666;5209566666
123;5109494000;5009566666;5209566666
124;5109495000;5009566666;5209566666
125;5109496000;5009566666;5209566666
126;5109497000;5009566666;5209566666
127;5109498000;5009566666;5209566666
128;5109499000;5009566666;5209566666
129;5109500000;5009566666;5209566666
130;5109501000;5009566666;5209566666
131;5151094000;5009566666;5209566666
132;5151100000;5051288888;5251288888
133;5154031000;5051288888;5251288888
134;5154033000;5051288888;5251288888
135;5154034000;5051288888;5251288888
136;5154035000;5051288888;5251288888
137;5154036000;5051288888;5251288888
138;5154037000;5051288888;5251288888
139;5154047000;5051288888;5251288888
140;5154048000;5051288888;5251288888
141;5154049000;5051288888;5251288888
142;5192832000;5051288888;5251288888
143;5192837000;5092900000;5292900000
144;5192838000;5092900000;5292900000
145;5192839000;5092900000;5292900000
146;5192840000;5092900000;5292900000
147;5192841000;5092900000;5292900000
148;5192842000;5092900000;5292900000
149;5192843000;5092900000;5292900000
150;5192844000;5092900000;5292900000
151;5192845000;5092900000;5292900000
152;5192846000;5092900000;5292900000
153;5237620000;5092900000;5292900000
154;5237624000;5134577777;5334577777
155;5237626000;5134577777;5334577777
156;5237627000;5134577777;5334577777
157;5237628000;5134577777;5334577777
159;5276060000;5134577777;5334577777
161;5276062000;5134577777;5334577777
162;5276063000;5134577777;5334577777
163;5276064000;5134577777;5334577777
164;5276176000;5134577777;5334577777
165;5276182000;5176366666;5376366666
166;5276183000;5176366666;5376366666
167;5276184000;5176366666;5376366666
168;5276185000;5176366666;5376366666
170;5317879000;5176366666;5376366666
171;5317882000;5176366666;5376366666
172;5317893000;5176366666;5376366666
173;5317894000;5176366666;5376366666
174;5317895000;5176366666;5376366666
175;5318004000;5176366666;5376366666
176;5318009000;5217933333;5417933333
177;5318011000;5217933333;5417933333
178;5318012000;5217933333;5417933333
179;5318013000;5217933333;5417933333
180;5318014000;5217933333;5417933333
181;5318015000;5217933333;5417933333
182;5318015000;5217933333;5417933333
183;5318016000;5217933333;5417933333
184;5318017000;5217933333;5417933333
185;5318018000;5217933333;5417933333
186;5359499000;5217933333;5417933333
187;5359520000;5259555555;5459555555
188;5359521000;5259555555;5459555555
189;5359522000;5259555555;5459555555
190;5359524000;5259555555;5459555555
191;5359524000;5259555555;5459555555
192;5359525000;5259555555;5459555555
193;5359526000;5259555555;5459555555
194;5359527000;5259555555;5459555555
195;5359528000;5259555555;5459555555
196;5359529000;5259555555;5459555555
197;5404839000;5259555555;5459555555
198;5404853000;5301266666;5501266666
199;5404854000;5301266666;5501266666
200;5404855000;5301266666;5501266666
201;5404856000;5301266666;5501266666
202;5404857000;5301266666;5501266666
203;5404858000;5301266666;5501266666
204;5404860000;5301266666;5501266666
205;5404860000;5301266666;5501266666
206;5404861000;5301266666;5501266666
207;5404862000;5301266666;5501266666
208;5445642000;5301266666;5501266666
209;5445655000;5342911111;5542911111
210;5445656000;5342911111;5542911111
211;5445657000;5342911111;5542911111
212;5445658000;5342911111;5542911111
213;5445659000;5342911111;5542911111
214;5445660000;5342911111;5542911111
215;5445661000;5342911111;5542911111
216;5445662000;5342911111;5542911111
217;5445663000;5342911111;5542911111
218;5445664000;5342911111;5542911111
219;5484452000;5342911111;5542911111
220;5487562000;5384588888;5584588888
221;5487564000;5384588888;5584588888
222;5487565000;5384588888;5584588888
223;5487566000;5384588888;5584588888
224;5487567000;5384588888;5584588888
225;5487567000;5384588888;5584588888
226;5487568000;5384588888;5584588888
227;5487569000;5384588888;5584588888
228;5487579000;5384588888;5584588888
229;5487580000;5384588888;5584588888
230;5526130000;5384588888;5584588888
231;5529398000;5426288888;5626288888
232;5529400000;5426288888;5626288888
233;5529401000;5426288888;5626288888
234;5529411000;5426288888;5626288888
235;5529412000;5426288888;5626288888
236;5529413000;5426288888;5626288888
237;5529421000;5426288888;5626288888
238;5529422000;5426288888;5626288888
239;5529423000;5426288888;5626288888
240;5529424000;5426288888;5626288888
241;5567835000;5426288888;5626288888
242;5567850000;5467900000;5667900000
243;5567851000;5467900000;5667900000
244;5567852000;5467900000;5667900000
245;5567853000;5467900000;5667900000
246;5567854000;5467900000;5667900000
247;5567855000;5467900000;5667900000
248;5567856000;5467900000;5667900000
250;5609601000;5467900000;5667900000
251;5609604000;5467900000;5667900000
252;5609712000;5467900000;5667900000
253;5609718000;5509611111;5709611111
255;5651108000;5509611111;5709611111
257;5651121000;5509611111;5709611111
259;5651122000;5509611111;5709611111
260;5651124000;5509611111;5709611111
261;5651125000;5509611111;5709611111
262;5651126000;5509611111;5709611111
263;5651235000;5509611111;5709611111
264;5651241000;5551277777;5751277777
265;5651242000;5551277777;5751277777
266;5651243000;5551277777;5751277777
267;5651244000;5551277777;5751277777
268;5651245000;5551277777;5751277777
269;5651246000;5551277777;5751277777
270;5651247000;5551277777;5751277777
271;5651248000;5551277777;5751277777
272;5651249000;5551277777;5751277777
274;5692924000;5551277777;5751277777
275;5692930000;5592911111;5792911111
276;5692931000;5592911111;5792911111
277;5692932000;5592911111;5792911111
278;5692933000;5592911111;5792911111
279;5692934000;5592911111;5792911111
280;5692935000;5592911111;5792911111
281;5692936000;5592911111;5792911111
282;5692937000;5592911111;5792911111
283;5692938000;5592911111;5792911111
284;5692939000;5592911111;5792911111
285;5734472000;5592911111;5792911111
286;5734477000;5634600000;5834600000
287;5734479000;5634600000;5834600000
288;5734479000;5634600000;5834600000
289;5734480000;5634600000;5834600000
290;5734481000;5634600000;5834600000
291;5734482000;5634600000;5834600000
292;5734483000;5634600000;5834600000
293;5734484000;5634600000;5834600000
294;5734485000;5634600000;5834600000
295;5734486000;5634600000;5834600000
296;5776146000;5634600000;5834600000
297;5776161000;5676255555;5876255555
298;5776163000;5676255555;5876255555
299;5776163000;5676255555;5876255555
300;5776164000;5676255555;5876255555
301;5776165000;5676255555;5876255555
303;5817955000;5676255555;5876255555
304;5817958000;5676255555;5876255555
305;5817958000;5676255555;5876255555
306;5817959000;5676255555;5876255555
307;5818068000;5676255555;5876255555
308;5818074000;5717900000;5917900000
309;5818075000;5717900000;5917900000
310;5818076000;5717900000;5917900000
311;5818077000;5717900000;5917900000
312;5818078000;5717900000;5917900000
313;5818078000;5717900000;5917900000
314;5818079000;5717900000;5917900000
316;5859396000;5717900000;5917900000
317;5859398000;5717900000;5917900000
318;5859501000;5717900000;5917900000
319;5859507000;5759566666;5959566666
320;5859508000;5759566666;5959566666
321;5859509000;5759566666;5959566666
322;5859510000;5759566666;5959566666
323;5859529000;5759566666;5959566666
324;5859531000;5759566666;5959566666
325;5859532000;5759566666;5959566666
326;5859533000;5759566666;5959566666
327;5859534000;5759566666;5959566666
328;5859535000;5759566666;5959566666
329;5901098000;5759566666;5959566666
330;5901104000;5801244444;6001244444
331;5901105000;5801244444;6001244444
332;5901106000;5801244444;6001244444
333;5901107000;5801244444;6001244444
334;5901108000;5801244444;6001244444
335;5901109000;5801244444;6001244444
336;5901109000;5801244444;6001244444
338;5942931000;5801244444;6001244444
340;5943049000;5801244444;6001244444
341;5943055000;5842911111;6042911111
342;5943056000;5842911111;6042911111
343;5943057000;5842911111;6042911111
344;5943058000;5842911111;6042911111
346;5984420000;5842911111;6042911111
348;5984422000;5842911111;6042911111
350;5984423000;5842911111;6042911111
351;5984534000;5842911111;6042911111
352;5984538000;5884600000;6084600000
353;5984539000;5884600000;6084600000
355;6026110000;5884600000;6084600000
357;6026112000;5884600000;6084600000
358;6026113000;5884600000;6084600000
359;6026114000;5884600000;6084600000
362;6026210000;5884600000;6084600000
363;6026230000;5926277777;6126277777
364;6026231000;5926277777;6126277777
365;6026232000;5926277777;6126277777
366;6026233000;5926277777;6126277777
367;6029437000;5926277777;6126277777
368;6029439000;5926277777;6126277777
369;6029440000;5926277777;6126277777
370;6029441000;5926277777;6126277777
371;6029442000;5926277777;6126277777
372;6029443000;5926277777;6126277777
373;6067840000;5926277777;6126277777
374;6067846000;5967844444;6167844444
375;6067847000;5967844444;6167844444
376;6067848000;5967844444;6167844444
377;6067849000;5967844444;6167844444
378;6067850000;5967844444;6167844444
379;6067851000;5967844444;6167844444
380;6067852000;5967844444;6167844444
381;6067853000;5967844444;6167844444
382;6067854000;5967844444;6167844444
383;6067855000;5967844444;6167844444
384;6109424000;5967844444;6167844444
385;6109430000;6009588888;6209588888
386;6109431000;6009588888;6209588888
387;6109432000;6009588888;6209588888
388;6109433000;6009588888;6209588888
389;6109433000;6009588888;6209588888
390;6109434000;6009588888;6209588888
391;6109435000;6009588888;6209588888
392;6109436000;6009588888;6209588888
393;6109437000;6009588888;6209588888
394;6109438000;6009588888;6209588888
395;6152916000;6009588888;6209588888
396;6152937000;6051277777;6251277777
397;6152938000;6051277777;6251277777
398;6152940000;6051277777;6251277777
399;6152941000;6051277777;6251277777
400;6152942000;6051277777;6251277777
401;6152943000;6051277777;6251277777
402;6152945000;6051277777;6251277777
403;6152946000;6051277777;6251277777
404;6152948000;6051277777;6251277777
405;6152949000;6051277777;6251277777
406;6192843000;6051277777;6251277777
407;6192858000;6092866666;6292866666
408;6192860000;6092866666;6292866666
409;6192861000;6092866666;6292866666
410;6192864000;6092866666;6292866666
411;6192865000;6092866666;6292866666
412;6192866000;6092866666;6292866666
413;6192868000;6092866666;6292866666
414;6192869000;6092866666;6292866666
415;6192871000;6092866666;6292866666
416;6192872000;6092866666;6292866666
417;6234477000;6092866666;6292866666
418;6234503000;6134577777;6334577777
419;6234505000;6134577777;6334577777
420;6234506000;6134577777;6334577777
421;6234508000;6134577777;6334577777
422;6234510000;6134577777;6334577777
423;6234530000;6134577777;6334577777
424;6234532000;6134577777;6334577777
425;6234533000;6134577777;6334577777
426;6234535000;6134577777;6334577777
427;6234536000;6134577777;6334577777
428;6276168000;6134577777;6334577777
429;6276191000;6176255555;6376255555
430;6276193000;6176255555;6376255555
431;6276194000;6176255555;6376255555
432;6279193000;6176255555;6376255555
433;6279196000;6176255555;6376255555
434;6279198000;6176255555;6376255555
435;6279199000;6176255555;6376255555
436;6279200000;6176255555;6376255555
437;6279202000;6176255555;6376255555
438;6279203000;6176255555;6376255555
439;6317870000;6176255555;6376255555
440;6317894000;6217888888;6417888888
441;6317895000;6217888888;6417888888
442;6320892000;6217888888;6417888888
443;6320895000;6217888888;6417888888
444;6320896000;6217888888;6417888888
445;6320898000;6217888888;6417888888
446;6320899000;6217888888;6417888888
447;6320900000;6217888888;6417888888
448;6320902000;6217888888;6417888888
449;6320903000;6217888888;6417888888
450;6359474000;6217888888;6417888888
451;6359485000;6259555555;6459555555
452;6359496000;6259555555;6459555555
453;6359498000;6259555555;6459555555
454;6359500000;6259555555;6459555555
455;6359501000;6259555555;6459555555
456;6359502000;6259555555;6459555555
457;6359503000;6259555555;6459555555
458;6359505000;6259555555;6459555555
459;6359506000;6259555555;6459555555
460;6359507000;6259555555;6459555555
461;6401119000;6259555555;6459555555
462;6401125000;6301266666;6501266666
463;6401126000;6301266666;6501266666
464;6401127000;6301266666;6501266666
465;6401128000;6301266666;6501266666
466;6401129000;6301266666;6501266666
469;6442966000;6301266666;6501266666
470;6442969000;6301266666;6501266666
471;6442980000;6301266666;6501266666
472;6443088000;6301266666;6501266666
473;6443094000;6342900000;6542900000
474;6443095000;6342900000;6542900000
475;6443096000;6342900000;6542900000
476;6443112000;6342900000;6542900000
477;6443113000;6342900000;6542900000
478;6443114000;6342900000;6542900000
479;6443115000;6342900000;6542900000
480;6443116000;6342900000;6542900000
481;6443116000;6342900000;6542900000
482;6443117000;6342900000;6542900000
483;6484468000;6342900000;6542900000
484;6484475000;6384600000;6584600000
485;6484476000;6384600000;6584600000
486;6484477000;6384600000;6584600000
487;6484478000;6384600000;6584600000
488;6484479000;6384600000;6584600000
489;6484480000;6384600000;6584600000
491;6526308000;6384600000;6584600000
492;6526312000;6384600000;6584600000
493;6526322000;6384600000;6584600000
494;6526431000;6384600000;6584600000
495;6526437000;6426266666;6626266666
496;6526438000;6426266666;6626266666
497;6526439000;6426266666;6626266666
498;6526440000;6426266666;6626266666
499;6526441000;6426266666;6626266666
500;6526442000;6426266666;6626266666
501;6526443000;6426266666;6626266666
502;6526444000;6426266666;6626266666
503;6526445000;6426266666;6626266666
504;6526446000;6426266666;6626266666
505;6567843000;6426266666;6626266666
506;6570413000;6467900000;6667900000
507;6570415000;6467900000;6667900000
508;6570416000;6467900000;6667900000
509;6570426000;6467900000;6667900000
510;6570427000;6467900000;6667900000
511;6570427000;6467900000;6667900000
512;6570428000;6467900000;6667900000
513;6570429000;6467900000;6667900000
514;6570430000;6467900000;6667900000
515;6570431000;6467900000;6667900000
516;6609437000;6467900000;6667900000
517;6609443000;6509611111;6709611111
518;6609444000;6509611111;6709611111
519;6609445000;6509611111;6709611111
520;6609446000;6509611111;6709611111
521;6609447000;6509611111;6709611111
522;6609448000;6509611111;6709611111
525;6651308000;6509611111;6709611111
527;6651429000;6509611111;6709611111
528;6651434000;6551288888;6751288888
529;6651436000;6551288888;6751288888
530;6651437000;6551288888;6751288888
531;6651438000;6551288888;6751288888
532;6651438000;6551288888;6751288888
533;6651439000;6551288888;6751288888
534;6651440000;6551288888;6751288888
535;6651441000;6551288888;6751288888
536;6651442000;6551288888;6751288888
537;6651443000;6551288888;6751288888
538;6692866000;6551288888;6751288888
539;6692872000;6592911111;6792911111
540;6692873000;6592911111;6792911111
541;6692873000;6592911111;6792911111
543;6734609000;6592911111;6792911111
545;6734613000;6592911111;6792911111
546;6734624000;6592911111;6792911111
547;6734625000;6592911111;6792911111
548;6734626000;6592911111;6792911111
549;6734734000;6592911111;6792911111
550;6734740000;6634588888;6834588888
551;6734741000;6634588888;6834588888
552;6734742000;6634588888;6834588888
553;6734743000;6634588888;6834588888
554;6734744000;6634588888;6834588888
555;6734745000;6634588888;6834588888
556;6734746000;6634588888;6834588888
557;6734746000;6634588888;6834588888
558;6734747000;6634588888;6834588888
559;6734748000;6634588888;6834588888
560;6776134000;6634588888;6834588888
561;6776139000;6676355555;6876355555
562;6776141000;6676355555;6876355555
563;6776141000;6676355555;6876355555
564;6776142000;6676355555;6876355555
565;6776143000;6676355555;6876355555
566;6776144000;6676355555;6876355555
567;6776145000;6676355555;6876355555
568;6776146000;6676355555;6876355555
569;6776147000;6676355555;6876355555
570;6776148000;6676355555;6876355555
571;6817935000;6676355555;6876355555
572;6817941000;6717877777;6917877777
573;6817942000;6717877777;6917877777
574;6820523000;6717877777;6917877777
575;6820737000;6717877777;6917877777
576;6820739000;6717877777;6917877777
577;6820740000;6717877777;6917877777
578;6820741000;6717877777;6917877777
579;6820751000;6717877777;6917877777
580;6820752000;6717877777;6917877777
581;6820753000;6717877777;6917877777
582;6859303000;6717877777;6917877777
583;6859309000;6759600000;6959600000
584;6859310000;6759600000;6959600000
585;6859311000;6759600000;6959600000
586;6859312000;6759600000;6959600000
587;6859313000;6759600000;6959600000
588;6859314000;6759600000;6959600000
589;6859315000;6759600000;6959600000
590;6859316000;6759600000;6959600000
591;6859317000;6759600000;6959600000
592;6859317000;6759600000;6959600000
593;6901117000;6759600000;6959600000
594;6901123000;6801300000;7001300000
595;6901124000;6801300000;7001300000
596;6901125000;6801300000;7001300000
597;6901126000;6801300000;7001300000
598;6904404000;6801300000;7001300000
599;6904406000;6801300000;7001300000
600;6904407000;6801300000;7001300000
601;6904408000;6801300000;7001300000
602;6904408000;6801300000;7001300000
603;6904419000;6801300000;7001300000
604;6942798000;6801300000;7001300000
605;6942803000;6842933333;7042933333
606;6942805000;6842933333;7042933333
607;6942805000;6842933333;7042933333
608;6942806000;6842933333;7042933333
610;6984637000;6842933333;7042933333
611;6984650000;6842933333;7042933333
612;6984651000;6842933333;7042933333
613;6984652000;6842933333;7042933333
614;6984653000;6842933333;7042933333
615;6984723000;6842933333;7042933333
616;6984737000;6884577777;7084577777
617;6984738000;6884577777;7084577777
618;6984739000;6884577777;7084577777
619;6984740000;6884577777;7084577777
620;6984740000;6884577777;7084577777
621;6984741000;6884577777;7084577777
622;6984742000;6884577777;7084577777
623;6984743000;6884577777;7084577777
624;6984744000;6884577777;7084577777
625;6984745000;6884577777;7084577777
626;7026092000;6884577777;7084577777
627;7026098000;6926288888;7126288888
628;7026099000;6926288888;7126288888
629;7026100000;6926288888;7126288888
630;7026101000;6926288888;7126288888
632;7067990000;6926288888;7126288888
634;7067993000;6926288888;7126288888
635;7068005000;6926288888;7126288888
636;7068006000;6926288888;7126288888
637;7068077000;6926288888;7126288888
638;7068090000;6967855555;7167855555
639;7068091000;6967855555;7167855555
640;7068092000;6967855555;7167855555
641;7068093000;6967855555;7167855555
642;7068094000;6967855555;7167855555
643;7068095000;6967855555;7167855555
644;7068096000;6967855555;7167855555
645;7068097000;6967855555;7167855555
646;7068098000;6967855555;7167855555
647;7068098000;6967855555;7167855555
648;7109377000;6967855555;7167855555
649;7109388000;7009600000;7209600000
650;7109389000;7009600000;7209600000
651;7109390000;7009600000;7209600000
652;7109391000;7009600000;7209600000
653;7109392000;7009600000;7209600000
654;7109394000;7009600000;7209600000
655;7109395000;7009600000;7209600000
656;7109396000;7009600000;7209600000
657;7109398000;7009600000;7209600000
658;7109399000;7009600000;7209600000
659;7151161000;7009600000;7209600000
660;7151167000;7051277777;7251277777
661;7151168000;7051277777;7251277777
662;7151169000;7051277777;7251277777
663;7151170000;7051277777;7251277777
664;7151171000;7051277777;7251277777
665;7151171000;7051277777;7251277777
666;7151172000;7051277777;7251277777
667;7151173000;7051277777;7251277777
668;7151174000;7051277777;7251277777
669;7151175000;7051277777;7251277777
670;7192823000;7051277777;7251277777
671;7192829000;7092911111;7292911111
672;7192830000;7092911111;7292911111
673;7192831000;7092911111;7292911111
674;7192832000;7092911111;7292911111
675;7192833000;7092911111;7292911111
676;7192834000;7092911111;7292911111
677;7192834000;7092911111;7292911111
678;7192835000;7092911111;7292911111
679;7192836000;7092911111;7292911111
681;7234727000;7092911111;7292911111
682;7234733000;7134588888;7334588888
683;7234734000;7134588888;7334588888
684;7234735000;7134588888;7334588888
685;7234736000;7134588888;7334588888
686;7234737000;7134588888;7334588888
687;7234737000;7134588888;7334588888
688;7234738000;7134588888;7334588888
689;7234739000;7134588888;7334588888
690;7234740000;7134588888;7334588888
691;7234741000;7134588888;7334588888
692;7276172000;7134588888;7334588888
693;7276178000;7176266666;7376266666
694;7276179000;7176266666;7376266666
695;7276190000;7176266666;7376266666
696;7276191000;7176266666;7376266666
697;7279817000;7176266666;7376266666
698;7279822000;7176266666;7376266666
699;7279823000;7176266666;7376266666
700;7279825000;7176266666;7376266666
701;7279832000;7176266666;7376266666
702;7279834000;7176266666;7376266666
703;7317831000;7176266666;7376266666
704;7317837000;7217900000;7417900000
705;7317838000;7217900000;7417900000
706;7317839000;7217900000;7417900000
707;7317839000;7217900000;7417900000
709;7359597000;7217900000;7417900000
711;7359608000;7217900000;7417900000
713;7359609000;7217900000;7417900000
715;7401222000;7259588888;7459588888
717;7401226000;7259588888;7459588888
718;7401227000;7259588888;7459588888
719;7401228000;7259588888;7459588888
720;7401229000;7259588888;7459588888
721;7401230000;7259588888;7459588888
722;7401231000;7259588888;7459588888
723;7401231000;7259588888;7459588888
724;7401232000;7259588888;7459588888
725;7401244000;7259588888;7459588888
726;7401246000;7301277777;7501277777
727;7401247000;7301277777;7501277777
728;7401258000;7301277777;7501277777
729;7401259000;7301277777;7501277777
730;7401260000;7301277777;7501277777
731;7401261000;7301277777;7501277777
732;7401262000;7301277777;7501277777
734;7442788000;7301277777;7501277777
735;7442802000;7301277777;7501277777
736;7442911000;7301277777;7501277777
737;7442916000;7342888888;7542888888
738;7442917000;7342888888;7542888888
739;7442918000;7342888888;7542888888
740;7442919000;7342888888;7542888888
741;7442920000;7342888888;7542888888
742;7442921000;7342888888;7542888888
743;7442922000;7342888888;7542888888
744;7442923000;7342888888;7542888888
745;7442924000;7342888888;7542888888
746;7442925000;7342888888;7542888888
747;7484471000;7342888888;7542888888
748;7484477000;7384622222;7584622222
749;7484478000;7384622222;7584622222
750;7484479000;7384622222;7584622222
751;7484480000;7384622222;7584622222
752;7484481000;7384622222;7584622222
753;7484482000;7384622222;7584622222
754;7484483000;7384622222;7584622222
755;7484484000;7384622222;7584622222
757;7526323000;7384622222;7584622222
758;7529121000;7384622222;7584622222
759;7529127000;7426311111;7626311111
760;7529128000;7426311111;7626311111
761;7529129000;7426311111;7626311111
762;7529130000;7426311111;7626311111
763;7529131000;7426311111;7626311111
764;7529132000;7426311111;7626311111
765;7529133000;7426311111;7626311111
766;7529133000;7426311111;7626311111
767;7529134000;7426311111;7626311111
768;7529135000;7426311111;7626311111
769;7567880000;7426311111;7626311111
770;7567886000;7467900000;7667900000
771;7567887000;7467900000;7667900000
772;7567888000;7467900000;7667900000
773;7567889000;7467900000;7667900000
774;7567890000;7467900000;7667900000
776;7609602000;7467900000;7667900000
777;7609604000;7467900000;7667900000
778;7609605000;7467900000;7667900000
779;7609606000;7467900000;7667900000
780;7609715000;7467900000;7667900000
781;7609721000;7509588888;7709588888
782;7609722000;7509588888;7709588888
783;7609723000;7509588888;7709588888
784;7609724000;7509588888;7709588888
785;7609725000;7509588888;7709588888
786;7609726000;7509588888;7709588888
787;7609727000;7509588888;7709588888
789;7651085000;7509588888;7709588888
790;7651088000;7509588888;7709588888
791;7651176000;7509588888;7709588888
792;7651182000;7551277777;7751277777
793;7651183000;7551277777;7751277777
794;7651184000;7551277777;7751277777
795;7651185000;7551277777;7751277777
796;7651186000;7551277777;7751277777
798;7692790000;7551277777;7751277777
799;7692803000;7551277777;7751277777
800;7692804000;7551277777;7751277777
801;7692805000;7551277777;7751277777
802;7692914000;7551277777;7751277777
803;7692920000;7592911111;7792911111
804;7692921000;7592911111;7792911111
805;7692922000;7592911111;7792911111
806;7692923000;7592911111;7792911111
807;7692924000;7592911111;7792911111
808;7692925000;7592911111;7792911111
809;7692926000;7592911111;7792911111
810;7692927000;7592911111;7792911111
811;7692928000;7592911111;7792911111
812;7692929000;7592911111;7792911111
813;7734494000;7592911111;7792911111
815;7776311000;7634622222;7834622222
817;7776313000;7634622222;7834622222
821;7776314000;7634622222;7834622222
822;7776315000;7634622222;7834622222
823;7776316000;7634622222;7834622222
824;7776404000;7634622222;7834622222
826;7817821000;7676311111;7876311111
827;7817823000;7676311111;7876311111
828;7817824000;7676311111;7876311111
829;7817825000;7676311111;7876311111
830;7817826000;7676311111;7876311111
831;7817827000;7676311111;7876311111
832;7817828000;7676311111;7876311111
833;7817828000;7676311111;7876311111
834;7817836000;7676311111;7876311111
835;7817945000;7676311111;7876311111
836;7821040000;7717922222;7917922222
837;7821042000;7717922222;7917922222
838;7821043000;7717922222;7917922222
839;7821044000;7717922222;7917922222
840;7821045000;7717922222;7917922222
841;7821046000;7717922222;7917922222
842;7821047000;7717922222;7917922222
843;7821057000;7717922222;7917922222
844;7821058000;7717922222;7917922222
845;7821059000;7717922222;7917922222
846;7859491000;7717922222;7917922222
847;7859496000;7759611111;7959611111
848;7859497000;7759611111;7959611111
849;7859498000;7759611111;7959611111
850;7859499000;7759611111;7959611111
851;7859500000;7759611111;7959611111
852;7859501000;7759611111;7959611111
854;7901312000;7759611111;7959611111
855;7901314000;7759611111;7959611111
856;7901315000;7759611111;7959611111
857;7901423000;7759611111;7959611111
858;7901429000;7801311111;8001311111
859;7901430000;7801311111;8001311111
860;7901431000;7801311111;8001311111
861;7901432000;7801311111;8001311111
862;7901433000;7801311111;8001311111
863;7901434000;7801311111;8001311111
865;7942782000;7801311111;8001311111
867;7942785000;7801311111;8001311111
868;7942875000;7801311111;8001311111
869;7942879000;7842933333;8042933333
870;7942881000;7842933333;8042933333
871;7942891000;7842933333;8042933333
872;7942892000;7842933333;8042933333
874;7984447000;7842933333;8042933333
876;7984450000;7842933333;8042933333
877;7984462000;7842933333;8042933333
878;7984463000;7842933333;8042933333
879;7984578000;7842933333;8042933333
880;7984584000;7884611111;8084611111
881;7984585000;7884611111;8084611111
882;7984586000;7884611111;8084611111
883;7984587000;7884611111;8084611111
884;7984588000;7884611111;8084611111
885;7984589000;7884611111;8084611111
886;7984589000;7884611111;8084611111
887;7984590000;7884611111;8084611111
888;7984591000;7884611111;8084611111
889;7984592000;7884611111;8084611111
890;8026178000;7884611111;8084611111
891;8029569000;7926288888;8126288888
892;8029571000;7926288888;8126288888
893;8029572000;7926288888;8126288888
894;8029573000;7926288888;8126288888
895;8029583000;7926288888;8126288888
896;8029584000;7926288888;8126288888
897;8029585000;7926288888;8126288888
898;8029586000;7926288888;8126288888
899;8029587000;7926288888;8126288888
900;8029588000;7926288888;8126288888
901;8067838000;7926288888;8126288888
902;8067844000;7967900000;8167900000
903;8067845000;7967900000;8167900000
904;8067846000;7967900000;8167900000
905;8067847000;7967900000;8167900000
906;8067848000;7967900000;8167900000
907;8067849000;7967900000;8167900000
908;8067850000;7967900000;8167900000
909;8067851000;7967900000;8167900000
910;8067852000;7967900000;8167900000
911;8067853000;7967900000;8167900000
912;8109447000;7967900000;8167900000
913;8109452000;8009622222;8209622222
914;8109453000;8009622222;8209622222
915;8109454000;8009622222;8209622222
916;8109455000;8009622222;8209622222
918;8151317000;8009622222;8209622222
919;8151319000;8009622222;8209622222
921;8151320000;8009622222;8209622222
923;8151430000;8009622222;8209622222
925;8192810000;8051300000;8251300000
926;8192812000;8051300000;8251300000
927;8192813000;8051300000;8251300000
928;8192814000;8051300000;8251300000
930;8192815000;8051300000;8251300000
931;8192816000;8051300000;8251300000
932;8192817000;8051300000;8251300000
933;8192818000;8051300000;8251300000
934;8192926000;8051300000;8251300000
935;8195801000;8092900000;8292900000
936;8195803000;8092900000;8292900000
937;8195804000;8092900000;8292900000
938;8195814000;8092900000;8292900000
939;8195815000;8092900000;8292900000
940;8195816000;8092900000;8292900000
941;8195817000;8092900000;8292900000
942;8195818000;8092900000;8292900000
943;8195819000;8092900000;8292900000
944;8195820000;8092900000;8292900000
945;8234418000;8092900000;8292900000
946;8234425000;8134622222;8334622222
947;8234426000;8134622222;8334622222
948;8234427000;8134622222;8334622222
949;8234428000;8134622222;8334622222
950;8234429000;8134622222;8334622222
951;8234430000;8134622222;8334622222
952;8234431000;8134622222;8334622222
953;8234432000;8134622222;8334622222
954;8234434000;8134622222;8334622222
955;8234442000;8134622222;8334622222
956;8276207000;8134622222;8334622222
957;8279533000;8176311111;8376311111
958;8279535000;8176311111;8376311111
959;8279536000;8176311111;8376311111
960;8279537000;8176311111;8376311111
961;8279538000;8176311111;8376311111
962;8279539000;8176311111;8376311111
963;8279540000;8176311111;8376311111
964;8279550000;8176311111;8376311111
965;8279551000;8176311111;8376311111
966;8279552000;8176311111;8376311111
967;8317874000;8176311111;8376311111
968;8317880000;8217933333;8417933333
970;8359635000;8217933333;8417933333
971;8359648000;8217933333;8417933333
972;8359649000;8217933333;8417933333
973;8359650000;8217933333;8417933333
974;8359651000;8217933333;8417933333
975;8359652000;8217933333;8417933333
976;8359653000;8217933333;8417933333
977;8359654000;8217933333;8417933333
978;8359777000;8217933333;8417933333
979;8359783000;8259566666;8459566666
980;8359784000;8259566666;8459566666
981;8359785000;8259566666;8459566666
982;8359786000;8259566666;8459566666
983;8359787000;8259566666;8459566666
984;8359788000;8259566666;8459566666
986;8401040000;8259566666;8459566666
987;8401042000;8259566666;8459566666
989;8401132000;8259566666;8459566666
990;8401136000;8301244444;8501244444
991;8401147000;8301244444;8501244444
992;8401148000;8301244444;8501244444
993;8401150000;8301244444;8501244444
994;8401151000;8301244444;8501244444
995;8401153000;8301244444;8501244444
996;8401154000;8301244444;8501244444
997;8401156000;8301244444;8501244444
998;8401157000;8301244444;8501244444
999;8401158000;8301244444;8501244444
1000;8442792000;8301244444;8501244444
1001;8442798000;8342922222;8542922222
1002;8442799000;8342922222;8542922222
1003;8442800000;8342922222;8542922222
1004;8442801000;8342922222;8542922222
1005;8442802000;8342922222;8542922222
1006;8442803000;8342922222;8542922222
1007;8442804000;8342922222;8542922222
1008;8442804000;8342922222;8542922222
1009;8442805000;8342922222;8542922222
1010;8442806000;8342922222;8542922222
1011;8484484000;8342922222;8542922222
1012;8484490000;8384622222;8584622222
1013;8484491000;8384622222;8584622222
1014;8484492000;8384622222;8584622222
1015;8484493000;8384622222;8584622222
1016;8484494000;8384622222;8584622222
1017;8484495000;8384622222;8584622222
1018;8484496000;8384622222;8584622222
1019;8484497000;8384622222;8584622222
1020;8484497000;8384622222;8584622222
1021;8484498000;8384622222;8584622222
1022;8526130000;8384622222;8584622222
1023;8526145000;8426300000;8626300000
1024;8526147000;8426300000;8626300000
1025;8526148000;8426300000;8626300000
1026;8526149000;8426300000;8626300000
1027;8526151000;8426300000;8626300000
1028;8526152000;8426300000;8626300000
1030;8568002000;8426300000;8626300000
1031;8568015000;8426300000;8626300000
1033;8568124000;8426300000;8626300000
1034;8568129000;8467888888;8667888888
1035;8568131000;8467888888;8667888888
1036;8568132000;8467888888;8667888888
1037;8568133000;8467888888;8667888888
1038;8568133000;8467888888;8667888888
1039;8568135000;8467888888;8667888888
1040;8568135000;8467888888;8667888888
1042;8609401000;8467888888;8667888888
1043;8609404000;8467888888;8667888888
1044;8609533000;8467888888;8667888888
1045;8609538000;8509622222;8709622222
1046;8609539000;8509622222;8709622222
1047;8609540000;8509622222;8709622222
1048;8609541000;8509622222;8709622222
1049;8609542000;8509622222;8709622222
1050;8609543000;8509622222;8709622222
1051;8609544000;8509622222;8709622222
1052;8609545000;8509622222;8709622222
1053;8609546000;8509622222;8709622222
1054;8609547000;8509622222;8709622222
1055;8651187000;8509622222;8709622222
1056;8651193000;8551266666;8751266666
1057;8651194000;8551266666;8751266666
1058;8651195000;8551266666;8751266666
1059;8651196000;8551266666;8751266666
1060;8651197000;8551266666;8751266666
1061;8651198000;8551266666;8751266666
1062;8651199000;8551266666;8751266666
1063;8651199000;8551266666;8751266666
1064;8651200000;8551266666;8751266666
1065;8651201000;8551266666;8751266666
1066;8692755000;8551266666;8751266666
1067;8692761000;8592900000;8792900000
1068;8692762000;8592900000;8792900000
1069;8692763000;8592900000;8792900000
1070;8692781000;8592900000;8792900000
1071;8692782000;8592900000;8792900000
1072;8692783000;8592900000;8792900000
1073;8692784000;8592900000;8792900000
1074;8692785000;8592900000;8792900000
1075;8692786000;8592900000;8792900000
1076;8692787000;8592900000;8792900000
1077;8734452000;8592900000;8792900000
1078;8737545000;8634600000;8834600000
1079;8737562000;8634600000;8834600000
1080;8737563000;8634600000;8834600000
1081;8737564000;8634600000;8834600000
1082;8737565000;8634600000;8834600000
1083;8737566000;8634600000;8834600000
1084;8737567000;8634600000;8834600000
1085;8737568000;8634600000;8834600000
1086;8737568000;8634600000;8834600000
1087;8737569000;8634600000;8834600000
1088;8776086000;8634600000;8834600000
1089;8776102000;8676266666;8876266666
1090;8776103000;8676266666;8876266666
1091;8776105000;8676266666;8876266666
1092;8776106000;8676266666;8876266666
1093;8776108000;8676266666;8876266666
1094;8776109000;8676266666;8876266666
1095;8776110000;8676266666;8876266666
1096;8776112000;8676266666;8876266666
1097;8776113000;8676266666;8876266666
1098;8776114000;8676266666;8876266666
1099;8817826000;8676266666;8876266666
1100;8817832000;8717900000;8917900000
1101;8817833000;8717900000;8917900000
1102;8817834000;8717900000;8917900000
1103;8817835000;8717900000;8917900000
1104;8817836000;8717900000;8917900000
1105;8817837000;8717900000;8917900000
1106;8817838000;8717900000;8917900000
1107;8817838000;8717900000;8917900000
1108;8817839000;8717900000;8917900000
1109;8817840000;8717900000;8917900000
1110;8859461000;8717900000;8917900000
1111;8859466000;8759600000;8959600000
1112;8859467000;8759600000;8959600000
1113;8859468000;8759600000;8959600000
1115;8901304000;8759600000;8959600000
1116;8901318000;8759600000;8959600000
1117;8901319000;8759600000;8959600000
1118;8901320000;8759600000;8959600000
1119;8901321000;8759600000;8959600000
1120;8901321000;8759600000;8959600000
1121;8901431000;8759600000;8959600000
1122;8901436000;8801266666;9001266666
1123;8901437000;8801266666;9001266666
1124;8901438000;8801266666;9001266666
1125;8901439000;8801266666;9001266666
1126;8901440000;8801266666;9001266666
1127;8901441000;8801266666;9001266666
1128;8901442000;8801266666;9001266666
1129;8901443000;8801266666;9001266666
1130;8901444000;8801266666;9001266666
1131;8901445000;8801266666;9001266666
1132;8942802000;8801266666;9001266666
1133;8942808000;8842888888;9042888888
1134;8942810000;8842888888;9042888888
1135;8942811000;8842888888;9042888888
1136;8942812000;8842888888;9042888888
1137;8942812000;8842888888;9042888888
1138;8942813000;8842888888;9042888888
1139;8942815000;8842888888;9042888888
1140;8942815000;8842888888;9042888888
1141;8942816000;8842888888;9042888888
1142;8942817000;8842888888;9042888888
1143;8984485000;8842888888;9042888888
1144;8984491000;8884566666;9084566666
1145;8984492000;8884566666;9084566666
1147;9026270000;8884566666;9084566666
1149;9026272000;8884566666;9084566666
1150;9026273000;8884566666;9084566666
1151;9026274000;8884566666;9084566666
1153;9026275000;8884566666;9084566666
1154;9026384000;8884566666;9084566666
1155;9029660000;8926277777;9126277777
1156;9029672000;8926277777;9126277777
1157;9029673000;8926277777;9126277777
1158;9029674000;8926277777;9126277777
1159;9029675000;8926277777;9126277777
1160;9029676000;8926277777;9126277777
1161;9029676000;8926277777;9126277777
1162;9029677000;8926277777;9126277777
1163;9029678000;8926277777;9126277777
1164;9029679000;8926277777;9126277777
1165;9067826000;8926277777;9126277777
1166;9067832000;8967888888;9167888888
1167;9067833000;8967888888;9167888888
1168;9067835000;8967888888;9167888888
1169;9067835000;8967888888;9167888888
1170;9067836000;8967888888;9167888888
1171;9067837000;8967888888;9167888888
1172;9067838000;8967888888;9167888888
1173;9067839000;8967888888;9167888888
1175;9109583000;8967888888;9167888888
1176;9109693000;8967888888;9167888888
1177;9109699000;9009566666;9209566666
1178;9109700000;9009566666;9209566666
1179;9109701000;9009566666;9209566666
1180;9109702000;9009566666;9209566666
1181;9109703000;9009566666;9209566666
1182;9109704000;9009566666;9209566666
1184;9151074000;9009566666;9209566666
1185;9151076000;9009566666;9209566666
1186;9151077000;9009566666;9209566666
1187;9154612000;9009566666;9209566666
1189;9192776000;9051277777;9251277777
1191;9192790000;9051277777;9251277777
1193;9192791000;9051277777;9251277777
1195;9192791000;9051277777;9251277777
1196;9192793000;9051277777;9251277777
1197;9192793000;9051277777;9251277777
1198;9192917000;9051277777;9251277777
1199;9192923000;9092911111;9292911111
1200;9192924000;9092911111;9292911111
1201;9192925000;9092911111;9292911111
1202;9192926000;9092911111;9292911111
1203;9192927000;9092911111;9292911111
1204;9192928000;9092911111;9292911111
1205;9192929000;9092911111;9292911111
1206;9192939000;9092911111;9292911111
1207;9192940000;9092911111;9292911111
1208;9192941000;9092911111;9292911111
1209;9234397000;9092911111;9292911111
1210;9234412000;9134588888;9334588888
1211;9234414000;9134588888;9334588888
1212;9234415000;9134588888;9334588888
1213;9234417000;9134588888;9334588888
1214;9234418000;9134588888;9334588888
1215;9234420000;9134588888;9334588888
1216;9234421000;9134588888;9334588888
1218;9276290000;9134588888;9334588888
1219;9276293000;9134588888;9334588888
1220;9276412000;9134588888;9334588888
1221;9276418000;9176322222;9376322222
1222;9276419000;9176322222;9376322222
1223;9276420000;9176322222;9376322222
1224;9276421000;9176322222;9376322222
1225;9276422000;9176322222;9376322222
1226;9276423000;9176322222;9376322222
1227;9276424000;9176322222;9376322222
1228;9276424000;9176322222;9376322222
1229;9276426000;9176322222;9376322222
1230;9276426000;9176322222;9376322222
1231;9317869000;9176322222;9376322222
1232;9317875000;9217933333;9417933333
1233;9317876000;9217933333;9417933333
1234;9317877000;9217933333;9417933333
1235;9317878000;9217933333;9417933333
1236;9317879000;9217933333;9417933333
1237;9317880000;9217933333;9417933333
1238;9317881000;9217933333;9417933333
1239;9317882000;9217933333;9417933333
1240;9317882000;9217933333;9417933333
1241;9317883000;9217933333;9417933333
1242;9359464000;9217933333;9417933333
1243;9359470000;9259555555;9459555555
1244;9359471000;9259555555;9459555555
1245;9359472000;9259555555;9459555555
1246;9359473000;9259555555;9459555555
1247;9359474000;9259555555;9459555555
1248;9359475000;9259555555;9459555555
1249;9359476000;9259555555;9459555555
1250;9359477000;9259555555;9459555555
1251;9359478000;9259555555;9459555555
1252;9359479000;9259555555;9459555555
1253;9401085000;9259555555;9459555555
1254;9401091000;9301266666;9501266666
1255;9401092000;9301266666;9501266666
1256;9401093000;9301266666;9501266666
1257;9401094000;9301266666;9501266666
1258;9401095000;9301266666;9501266666
1259;9401096000;9301266666;9501266666
1260;9401097000;9301266666;9501266666
1261;9401098000;9301266666;9501266666
1262;9401098000;9301266666;9501266666
1263;9401099000;9301266666;9501266666
1264;9442810000;9301266666;9501266666
1265;9442815000;9342877777;9542877777
1266;9442816000;9342877777;9542877777
1267;9442817000;9342877777;9542877777
1268;9442818000;9342877777;9542877777
1269;9442819000;9342877777;9542877777
1270;9442820000;9342877777;9542877777
1271;9442821000;9342877777;9542877777
1272;9442822000;9342877777;9542877777
1273;9442823000;9342877777;9542877777
1274;9442824000;9342877777;9542877777
1275;9484427000;9342877777;9542877777
1276;9484433000;9384600000;9584600000
1277;9484434000;9384600000;9584600000
1278;9484435000;9384600000;9584600000
1279;9484436000;9384600000;9584600000
1280;9487774000;9384600000;9584600000
1281;9487776000;9384600000;9584600000
1282;9487777000;9384600000;9584600000
1283;9487778000;9384600000;9584600000
1284;9487779000;9384600000;9584600000
1285;9487789000;9384600000;9584600000
1286;9526163000;9384600000;9584600000
1287;9526169000;9426255555;9626255555
1288;9526170000;9426255555;9626255555
1289;9526171000;9426255555;9626255555
1290;9526172000;9426255555;9626255555
1291;9526173000;9426255555;9626255555
1292;9526173000;9426255555;9626255555
1293;9526175000;9426255555;9626255555
1294;9526175000;9426255555;9626255555
1295;9526176000;9426255555;9626255555
1296;9526184000;9426255555;9626255555
1297;9567762000;9426255555;9626255555
1298;9567777000;9467900000;9667900000
1300;9609603000;9467900000;9667900000
1301;9609605000;9467900000;9667900000
1302;9609606000;9467900000;9667900000
1303;9609607000;9467900000;9667900000
1304;9609608000;9467900000;9667900000
1305;9609609000;9467900000;9667900000
1306;9609610000;9467900000;9667900000
1307;9609611000;9467900000;9667900000
1308;9609737000;9467900000;9667900000
1309;9609752000;9509611111;9709611111
1310;9612187000;9509611111;9709611111
1311;9612189000;9509611111;9709611111
1312;9612191000;9509611111;9709611111
1313;9612192000;9509611111;9709611111
1314;9612192000;9509611111;9709611111
1315;9612193000;9509611111;9709611111
1316;9612194000;9509611111;9709611111
1317;9612195000;9509611111;9709611111
1318;9612205000;9509611111;9709611111
1319;9651156000;9509611111;9709611111
1320;9651162000;9551255555;9751255555
1321;9651163000;9551255555;9751255555
1322;9651164000;9551255555;9751255555
1323;9651165000;9551255555;9751255555
1324;9651166000;9551255555;9751255555
1325;9651167000;9551255555;9751255555
1326;9651167000;9551255555;9751255555
1327;9651168000;9551255555;9751255555
1328;9651169000;9551255555;9751255555
1329;9651170000;9551255555;9751255555
1330;9692799000;9551255555;9751255555
1331;9692806000;9592888888;9792888888
1332;9692808000;9592888888;9792888888
1333;9692809000;9592888888;9792888888
1334;9692810000;9592888888;9792888888
1335;9692811000;9592888888;9792888888
1336;9692812000;9592888888;9792888888
1337;9692813000;9592888888;9792888888
1338;9692814000;9592888888;9792888888
1339;9692815000;9592888888;9792888888
1340;9692816000;9592888888;9792888888
1341;9734466000;9592888888;9792888888
1342;9734472000;9634611111;9834611111
1343;9734473000;9634611111;9834611111
1344;9734474000;9634611111;9834611111
1345;9734475000;9634611111;9834611111
1347;9776309000;9634611111;9834611111
1348;9776312000;9634611111;9834611111
1349;9776324000;9634611111;9834611111
1350;9776325000;9634611111;9834611111
1351;9776326000;9634611111;9834611111
1352;9776435000;9634611111;9834611111
1353;9776441000;9676266666;9876266666
1354;9776442000;9676266666;9876266666
1355;9776443000;9676266666;9876266666
1356;9776444000;9676266666;9876266666
1357;9776445000;9676266666;9876266666
1358;9776446000;9676266666;9876266666
1359;9776447000;9676266666;9876266666
1360;9776447000;9676266666;9876266666
1361;9776448000;9676266666;9876266666
1362;9776449000;9676266666;9876266666
1363;9817830000;9676266666;9876266666
1364;9817845000;9717877777;9917877777
1365;9817846000;9717877777;9917877777
1366;9821175000;9717877777;9917877777
1367;9821178000;9717877777;9917877777
1368;9821179000;9717877777;9917877777
1369;9821179000;9717877777;9917877777
1370;9821180000;9717877777;9917877777
1371;9821181000;9717877777;9917877777
1372;9821192000;9717877777;9917877777
1373;9821193000;9717877777;9917877777
1375;9901431000;9759611111;9959611111
1376;9901434000;9759611111;9959611111
1377;9901435000;9759611111;9959611111
1378;9901436000;9759611111;9959611111
1379;9901437000;9759611111;9959611111
1380;9901438000;9759611111;9959611111
1381;9901439000;9759611111;9959611111
1382;9901440000;9759611111;9959611111
1383;9901441000;9759611111;9959611111
1385;9901452000;9759611111;9959611111
1386;9901455000;9801311111;10001311111
1387;9901457000;9801311111;10001311111
1388;9901458000;9801311111;10001311111
1389;9901459000;9801311111;10001311111
1390;9901461000;9801311111;10001311111
1391;9901462000;9801311111;10001311111
1392;9901464000;9801311111;10001311111
1393;9901466000;9801311111;10001311111
1394;9901467000;9801311111;10001311111
1395;9901469000;9801311111;10001311111
1396;9942869000;9801311111;10001311111
1397;9942875000;9842922222;10042922222
1398;9942876000;9842922222;10042922222
1399;9942877000;9842922222;10042922222
1400;9942878000;9842922222;10042922222
1401;9942879000;9842922222;10042922222
1402;9942880000;9842922222;10042922222
1403;9942881000;9842922222;10042922222
1404;9942882000;9842922222;10042922222
1405;9942883000;9842922222;10042922222
1406;9942883000;9842922222;10042922222
1407;9984500000;9842922222;10042922222
1408;9984521000;9884611111;10084611111
1409;9984523000;9884611111;10084611111
1410;9984524000;9884611111;10084611111
1411;9984525000;9884611111;10084611111
1412;9984526000;9884611111;10084611111
1413;9984526000;9884611111;10084611111
1414;9984527000;9884611111;10084611111
1415;9984528000;9884611111;10084611111
1416;9984529000;9884611111;10084611111
1417;9984530000;9884611111;10084611111
1418;10026156000;9884611111;10084611111
1419;10026171000;9926255555;10126255555
1420;10026172000;9926255555;10126255555
1421;10026173000;9926255555;10126255555
1422;10026174000;9926255555;10126255555
1423;10026175000;9926255555;10126255555
1424;10026176000;9926255555;10126255555
1425;10026176000;9926255555;10126255555
1426;10026177000;9926255555;10126255555
1427;10026178000;9926255555;10126255555
1428;10026179000;9926255555;10126255555
1429;10067812000;9926255555;10126255555
1430;10067818000;9967855555;10167855555
1431;10067819000;9967855555;10167855555
1432;10067820000;9967855555;10167855555
1433;10067821000;9967855555;10167855555
1434;10067822000;9967855555;10167855555
1435;10067823000;9967855555;10167855555
1436;10067823000;9967855555;10167855555
1438;10109548000;9967855555;10167855555
1439;10109559000;9967855555;10167855555
1441;10151240000;10009611111;10209611111
1442;10151244000;10009611111;10209611111
1443;10151245000;10009611111;10209611111
1444;10151246000;10009611111;10209611111
1445;10151247000;10009611111;10209611111
1446;10151248000;10009611111;10209611111
1447;10151249000;10009611111;10209611111
1448;10151249000;10009611111;10209611111
1449;10151250000;10009611111;10209611111
1450;10151251000;10009611111;10209611111
1451;10151261000;10009611111;10209611111
1452;10151263000;10051255555;10251255555
1453;10151265000;10051255555;10251255555
1454;10151267000;10051255555;10251255555
1455;10151268000;10051255555;10251255555
1456;10151270000;10051255555;10251255555
1457;10151271000;10051255555;10251255555
1458;10151273000;10051255555;10251255555
1459;10151274000;10051255555;10251255555
1460;10151276000;10051255555;10251255555
1461;10151278000;10051255555;10251255555
1462;10192788000;10051255555;10251255555
1463;10192794000;10092888888;10292888888
1464;10192795000;10092888888;10292888888
1465;10192796000;10092888888;10292888888
1466;10192796000;10092888888;10292888888
1467;10192798000;10092888888;10292888888
1468;10192799000;10092888888;10292888888
1469;10192800000;10092888888;10292888888
1470;10192800000;10092888888;10292888888
1471;10192801000;10092888888;10292888888
1472;10192802000;10092888888;10292888888
1473;10234414000;10092888888;10292888888
1474;10234420000;10134611111;10334611111
1476;10276289000;10134611111;10334611111
1478;10276300000;10134611111;10334611111
1480;10276302000;10134611111;10334611111
1481;10276302000;10134611111;10334611111
1482;10276304000;10134611111;10334611111
1483;10276304000;10134611111;10334611111
1484;10276390000;10134611111;10334611111
1485;10279249000;10176266666;10376266666
1486;10279251000;10176266666;10376266666
1487;10279252000;10176266666;10376266666
1488;10279263000;10176266666;10376266666
1489;10279264000;10176266666;10376266666
1490;10279265000;10176266666;10376266666
1491;10279266000;10176266666;10376266666
1492;10279266000;10176266666;10376266666
1493;10279267000;10176266666;10376266666
1494;10279268000;10176266666;10376266666
1495;10317830000;10176266666;10376266666
1496;10317836000;10217900000;10417900000
1497;10317837000;10217900000;10417900000
1498;10317838000;10217900000;10417900000
1499;10317839000;10217900000;10417900000
1500;10317840000;10217900000;10417900000
1501;10317841000;10217900000;10417900000
1502;10317841000;10217900000;10417900000
1503;10317842000;10217900000;10417900000
1504;10317843000;10217900000;10417900000
1505;10317844000;10217900000;10417900000
1506;10359462000;10217900000;10417900000
1507;10359468000;10259588888;10459588888
1509;10401290000;10259588888;10459588888
1511;10401293000;10259588888;10459588888
1513;10401294000;10259588888;10459588888
1514;10401305000;10259588888;10459588888
1516;10401306000;10259588888;10459588888
1517;10401415000;10259588888;10459588888
1518;10401429000;10301277777;10501277777
1519;10401430000;10301277777;10501277777
1520;10401431000;10301277777;10501277777
1521;10401432000;10301277777;10501277777
1522;10401433000;10301277777;10501277777
1523;10401434000;10301277777;10501277777
1524;10401435000;10301277777;10501277777
1525;10401436000;10301277777;10501277777
1526;10401437000;10301277777;10501277777
1527;10401438000;10301277777;10501277777
1528;10442855000;10301277777;10501277777
1529;10442861000;10342888888;10542888888
1530;10442862000;10342888888;10542888888
1531;10442863000;10342888888;10542888888
1532;10442864000;10342888888;10542888888
1533;10442865000;10342888888;10542888888
1534;10442866000;10342888888;10542888888
1535;10442867000;10342888888;10542888888
1536;10442868000;10342888888;10542888888
1537;10442869000;10342888888;10542888888
1538;10442870000;10342888888;10542888888
1539;10484296000;10342888888;10542888888
1540;10484302000;10384633333;10584633333
1541;10484303000;10384633333;10584633333
1542;10484304000;10384633333;10584633333
1543;10484305000;10384633333;10584633333
1544;10484306000;10384633333;10584633333
1545;10484307000;10384633333;10584633333
1546;10484308000;10384633333;10584633333
1547;10484309000;10384633333;10584633333
1548;10484310000;10384633333;10584633333
1549;10484310000;10384633333;10584633333
1550;10526128000;10384633333;10584633333
1551;10526134000;10426300000;10626300000
1552;10526135000;10426300000;10626300000
1553;10526136000;10426300000;10626300000
1554;10526137000;10426300000;10626300000
1555;10526138000;10426300000;10626300000
1556;10526139000;10426300000;10626300000
1557;10526140000;10426300000;10626300000
1558;10526141000;10426300000;10626300000
1559;10526142000;10426300000;10626300000
1560;10526143000;10426300000;10626300000
1561;10567787000;10426300000;10626300000
1562;10567793000;10467877777;10667877777
1563;10567794000;10467877777;10667877777
1564;10567795000;10467877777;10667877777
1565;10567796000;10467877777;10667877777
1566;10567797000;10467877777;10667877777
1567;10567798000;10467877777;10667877777
1568;10567799000;10467877777;10667877777
1569;10567800000;10467877777;10667877777
1570;10567801000;10467877777;10667877777
1571;10567802000;10467877777;10667877777
1572;10609373000;10467877777;10667877777
1573;10609379000;10509611111;10709611111
1574;10609380000;10509611111;10709611111
1575;10609381000;10509611111;10709611111
1576;10609382000;10509611111;10709611111
1577;10609383000;10509611111;10709611111
1578;10609384000;10509611111;10709611111
1579;10609385000;10509611111;10709611111
1580;10609386000;10509611111;10709611111
1581;10609387000;10509611111;10709611111
1582;10609388000;10509611111;10709611111
1583;10651099000;10509611111;10709611111
1584;10651105000;10551266666;10751266666
1585;10651106000;10551266666;10751266666
1586;10651107000;10551266666;10751266666
1587;10651108000;10551266666;10751266666
1588;10651109000;10551266666;10751266666
1589;10651110000;10551266666;10751266666
1590;10651111000;10551266666;10751266666
1591;10651112000;10551266666;10751266666
1592;10651113000;10551266666;10751266666
1593;10651114000;10551266666;10751266666
1594;10692762000;10551266666;10751266666
1595;10692768000;10592900000;10792900000
1596;10692769000;10592900000;10792900000
1597;10692770000;10592900000;10792900000
1598;10692770000;10592900000;10792900000
1599;10692771000;10592900000;10792900000
1600;10692772000;10592900000;10792900000
1601;10692773000;10592900000;10792900000
1602;10692774000;10592900000;10792900000
1603;10692775000;10592900000;10792900000
1604;10692776000;10592900000;10792900000
1606;10776380000;10634588888;10834588888
1608;10776384000;10634588888;10834588888
1609;10776385000;10634588888;10834588888
1610;10776386000;10634588888;10834588888
1611;10776386000;10634588888;10834588888
1612;10776387000;10634588888;10834588888
1613;10776388000;10634588888;10834588888
1614;10776389000;10634588888;10834588888
1615;10776390000;10634588888;10834588888
1616;10776400000;10634588888;10834588888
1617;10776402000;10676288888;10876288888
1618;10776413000;10676288888;10876288888
1619;10776414000;10676288888;10876288888
1620;10776423000;10676288888;10876288888
1621;10776424000;10676288888;10876288888
1622;10776425000;10676288888;10876288888
1623;10776426000;10676288888;10876288888
1624;10776426000;10676288888;10876288888
1625;10776427000;10676288888;10876288888
1626;10776428000;10676288888;10876288888
1627;10817804000;10676288888;10876288888
1628;10817809000;10717888888;10917888888
1629;10817811000;10717888888;10917888888
1630;10817812000;10717888888;10917888888
1631;10817813000;10717888888;10917888888
1633;10859585000;10717888888;10917888888
1635;10859587000;10717888888;10917888888
1636;10859588000;10717888888;10917888888
1637;10859589000;10717888888;10917888888
1638;10862146000;10717888888;10917888888
1639;10862151000;10759588888;10959588888
1640;10862152000;10759588888;10959588888
1641;10862153000;10759588888;10959588888
1642;10862154000;10759588888;10959588888
1643;10862155000;10759588888;10959588888
1644;10862155000;10759588888;10959588888
1645;10862156000;10759588888;10959588888
1646;10862157000;10759588888;10959588888
1647;10862158000;10759588888;10959588888
1648;10862159000;10759588888;10959588888
1649;10901128000;10759588888;10959588888
1650;10901134000;10801300000;11001300000
1651;10901135000;10801300000;11001300000
1652;10901136000;10801300000;11001300000
1653;10901137000;10801300000;11001300000
1654;10901138000;10801300000;11001300000
1655;10901139000;10801300000;11001300000
1656;10901140000;10801300000;11001300000
1657;10901141000;10801300000;11001300000
1658;10901142000;10801300000;11001300000
1659;10901143000;10801300000;11001300000
1660;10942846000;10801300000;11001300000
1661;10942852000;10842911111;11042911111
1662;10942853000;10842911111;11042911111
1663;10942854000;10842911111;11042911111
1664;10942855000;10842911111;11042911111
1665;10942856000;10842911111;11042911111
1666;10942857000;10842911111;11042911111
1667;10942858000;10842911111;11042911111
1668;10942859000;10842911111;11042911111
1670;10984573000;10842911111;11042911111
1671;10984687000;10842911111;11042911111
1672;10984693000;10884622222;11084622222
1673;10984694000;10884622222;11084622222
1674;10984695000;10884622222;11084622222
1675;10984696000;10884622222;11084622222
1676;10984697000;10884622222;11084622222
1677;10984698000;10884622222;11084622222
1678;10984699000;10884622222;11084622222
1679;10984700000;10884622222;11084622222
1680;10984701000;10884622222;11084622222
1681;10984701000;10884622222;11084622222
1682;11026182000;10884622222;11084622222
1683;11026188000;10926266666;11126266666
1684;11026189000;10926266666;11126266666
1685;11026190000;10926266666;11126266666
1686;11026191000;10926266666;11126266666
1687;11029061000;10926266666;11126266666
1688;11029063000;10926266666;11126266666
1689;11029064000;10926266666;11126266666
1690;11029065000;10926266666;11126266666
1691;11029076000;10926266666;11126266666
1692;11029077000;10926266666;11126266666
1693;11067819000;10926266666;11126266666
1694;11067825000;10967900000;11167900000
1695;11067826000;10967900000;11167900000
1696;11067827000;10967900000;11167900000
1697;11067828000;10967900000;11167900000
1699;11109595000;10967900000;11167900000
1700;11109597000;10967900000;11167900000
1701;11109599000;10967900000;11167900000
1702;11109600000;10967900000;11167900000
1703;11109601000;10967900000;11167900000
1704;11109709000;10967900000;11167900000
1705;11109715000;11009611111;11209611111
1706;11109716000;11009611111;11209611111
1707;11109717000;11009611111;11209611111
1708;11109718000;11009611111;11209611111
1709;11109719000;11009611111;11209611111
1710;11109720000;11009611111;11209611111
1711;11109720000;11009611111;11209611111
1713;11151077000;11009611111;11209611111
1714;11151079000;11009611111;11209611111
1715;11151193000;11009611111;11209611111
1716;11151198000;11051300000;11251300000
1717;11151200000;11051300000;11251300000
1718;11151200000;11051300000;11251300000
1719;11151201000;11051300000;11251300000
1720;11151202000;11051300000;11251300000
1721;11151203000;11051300000;11251300000
1722;11151204000;11051300000;11251300000
1723;11151205000;11051300000;11251300000
1724;11151214000;11051300000;11251300000
1725;11151215000;11051300000;11251300000
1726;11192887000;11051300000;11251300000
1727;11192893000;11092900000;11292900000
1728;11192894000;11092900000;11292900000
1729;11192895000;11092900000;11292900000
1730;11192896000;11092900000;11292900000
1731;11192897000;11092900000;11292900000
1732;11192898000;11092900000;11292900000
1733;11192899000;11092900000;11292900000
1734;11192900000;11092900000;11292900000
1735;11192901000;11092900000;11292900000
1736;11192902000;11092900000;11292900000
1737;11234463000;11092900000;11292900000
1738;11234469000;11134622222;11334622222
1739;11234470000;11134622222;11334622222
1741;11276283000;11134622222;11334622222
1742;11276285000;11134622222;11334622222
1743;11276286000;11134622222;11334622222
1744;11276287000;11134622222;11334622222
1745;11276287000;11134622222;11334622222
1746;11276289000;11134622222;11334622222
1747;11276290000;11134622222;11334622222
1748;11276402000;11134622222;11334622222
1749;11276408000;11176433333;11376433333
1750;11276409000;11176433333;11376433333
1751;11276410000;11176433333;11376433333
1752;11276411000;11176433333;11376433333
1753;11276412000;11176433333;11376433333
1754;11276413000;11176433333;11376433333
1755;11276414000;11176433333;11376433333
1756;11276415000;11176433333;11376433333
1757;11276416000;11176433333;11376433333
1758;11276417000;11176433333;11376433333
1759;11317975000;11176433333;11376433333
1760;11317981000;11217955555;11417955555
1761;11317982000;11217955555;11417955555
1762;11317983000;11217955555;11417955555
1763;11317984000;11217955555;11417955555
1764;11317985000;11217955555;11417955555
1765;11317986000;11217955555;11417955555
1767;11359650000;11217955555;11417955555
1768;11359652000;11217955555;11417955555
1769;11359653000;11217955555;11417955555
1770;11359762000;11217955555;11417955555
1771;11359768000;11259577777;11459577777
1772;11359769000;11259577777;11459577777
1773;11359769000;11259577777;11459577777
1774;11359770000;11259577777;11459577777
1776;11401086000;11259577777;11459577777
1778;11401089000;11259577777;11459577777
1779;11401100000;11259577777;11459577777
1780;11401101000;11259577777;11459577777
1781;11401210000;11259577777;11459577777
1782;11401216000;11301288888;11501288888
1784;11442799000;11301288888;11501288888
1785;11442802000;11301288888;11501288888
1786;11442814000;11301288888;11501288888
1787;11442815000;11301288888;11501288888
1788;11442816000;11301288888;11501288888
1790;11442817000;11301288888;11501288888
1792;11442926000;11301288888;11501288888
1793;11442931000;11342933333;11542933333
1794;11442933000;11342933333;11542933333
1795;11442934000;11342933333;11542933333
1796;11442935000;11342933333;11542933333
1797;11442935000;11342933333;11542933333
1798;11442936000;11342933333;11542933333
1799;11442937000;11342933333;11542933333
1800;11442938000;11342933333;11542933333
1802;11484443000;11342933333;11542933333
1803;11487583000;11342933333;11542933333
1804;11487589000;11384633333;11584633333
1805;11487590000;11384633333;11584633333
1806;11487591000;11384633333;11584633333
1807;11487592000;11384633333;11584633333
1808;11487593000;11384633333;11584633333
1809;11487594000;11384633333;11584633333
1811;11526131000;11384633333;11584633333
1812;11526134000;11384633333;11584633333
1813;11526146000;11384633333;11584633333
1814;11526257000;11384633333;11584633333
1815;11526263000;11426300000;11626300000
1816;11526264000;11426300000;11626300000
1817;11526265000;11426300000;11626300000
1818;11526266000;11426300000;11626300000
1819;11526267000;11426300000;11626300000
1820;11526268000;11426300000;11626300000
1821;11526269000;11426300000;11626300000
1823;11567771000;11426300000;11626300000
1824;11567773000;11426300000;11626300000
1825;11567886000;11426300000;11626300000
1826;11567892000;11467922222;11667922222
1827;11567893000;11467922222;11667922222
1828;11567894000;11467922222;11667922222
1829;11567895000;11467922222;11667922222
1830;11567896000;11467922222;11667922222
1831;11567897000;11467922222;11667922222
1832;11567898000;11467922222;11667922222
1833;11567899000;11467922222;11667922222
1834;11567907000;11467922222;11667922222
1835;11567908000;11467922222;11667922222
1836;11609463000;11467922222;11667922222
1837;11609469000;11509633333;11709633333
1838;11609470000;11509633333;11709633333
1839;11609471000;11509633333;11709633333
1840;11609472000;11509633333;11709633333
1841;11609473000;11509633333;11709633333
1842;11609474000;11509633333;11709633333
1843;11609475000;11509633333;11709633333
1844;11609476000;11509633333;11709633333
1845;11609477000;11509633333;11709633333
1846;11609478000;11509633333;11709633333
1847;11651204000;11509633333;11709633333
1848;11651209000;11551244444;11751244444
1849;11651210000;11551244444;11751244444
1850;11651211000;11551244444;11751244444
1851;11651212000;11551244444;11751244444
1852;11651213000;11551244444;11751244444
1853;11651214000;11551244444;11751244444
1855;11692942000;11551244444;11751244444
1856;11692944000;11551244444;11751244444
1857;11692945000;11551244444;11751244444
1858;11693053000;11551244444;11751244444
1859;11695809000;11592911111;11792911111
1860;11695811000;11592911111;11792911111
1861;11695812000;11592911111;11792911111
1862;11695813000;11592911111;11792911111
1863;11695823000;11592911111;11792911111
1864;11695824000;11592911111;11792911111
1865;11695825000;11592911111;11792911111
1866;11695826000;11592911111;11792911111
1867;11695827000;11592911111;11792911111
1868;11695828000;11592911111;11792911111
1869;11734456000;11592911111;11792911111
1870;11734462000;11634600000;11834600000
1871;11734463000;11634600000;11834600000
1872;11734464000;11634600000;11834600000
1873;11734465000;11634600000;11834600000
1874;11734466000;11634600000;11834600000
1875;11734466000;11634600000;11834600000
1876;11734468000;11634600000;11834600000
1877;11734468000;11634600000;11834600000
1878;11734469000;11634600000;11834600000
1879;11734470000;11634600000;11834600000
1880;11776181000;11634600000;11834600000
1881;11776186000;11676255555;11876255555
1882;11776188000;11676255555;11876255555
1883;11776189000;11676255555;11876255555
1884;11776190000;11676255555;11876255555
1885;11776190000;11676255555;11876255555
1886;11776191000;11676255555;11876255555
1887;11776192000;11676255555;11876255555
1889;11817951000;11676255555;11876255555
1891;11818061000;11676255555;11876255555
1892;11818067000;11717900000;11917900000
1893;11818068000;11717900000;11917900000
1894;11818069000;11717900000;11917900000
1895;11818070000;11717900000;11917900000
1896;11818071000;11717900000;11917900000
1897;11818072000;11717900000;11917900000
1898;11818073000;11717900000;11917900000
1899;11818074000;11717900000;11917900000
1900;11818074000;11717900000;11917900000
1902;11859534000;11717900000;11917900000
1903;11859539000;11759600000;11959600000
1904;11859541000;11759600000;11959600000
1905;11859542000;11759600000;11959600000
1906;11859543000;11759600000;11959600000
1907;11859543000;11759600000;11959600000
1908;11859544000;11759600000;11959600000
1909;11859545000;11759600000;11959600000
1910;11859546000;11759600000;11959600000
1912;11901082000;11759600000;11959600000
1913;11901196000;11759600000;11959600000
1914;11901202000;11801266666;12001266666
1915;11901203000;11801266666;12001266666
1916;11904748000;11801266666;12001266666
1917;11904750000;11801266666;12001266666
1918;11904751000;11801266666;12001266666
1919;11904752000;11801266666;12001266666
1920;11904753000;11801266666;12001266666
1921;11904763000;11801266666;12001266666
1922;11904764000;11801266666;12001266666
1923;11904765000;11801266666;12001266666
1924;11942810000;11801266666;12001266666
1925;11942816000;11842922222;12042922222
1926;11942817000;11842922222;12042922222
1927;11942818000;11842922222;12042922222
1928;11942819000;11842922222;12042922222
1929;11942820000;11842922222;12042922222
1930;11942821000;11842922222;12042922222
1931;11942822000;11842922222;12042922222
1932;11942823000;11842922222;12042922222
1933;11942824000;11842922222;12042922222
1934;11942825000;11842922222;12042922222
1935;11984487000;11842922222;12042922222
1936;11984493000;11884666666;12084666666
1937;11984494000;11884666666;12084666666
1938;11984495000;11884666666;12084666666
1939;11984502000;11884666666;12084666666
1940;11984504000;11884666666;12084666666
1942;12026327000;11884666666;12084666666
1943;12026329000;11884666666;12084666666
1944;12026330000;11884666666;12084666666
1946;12026443000;11884666666;12084666666
1947;12026449000;11926233333;12126233333
1948;12026450000;11926233333;12126233333
1949;12026451000;11926233333;12126233333
1950;12026452000;11926233333;12126233333
1951;12026453000;11926233333;12126233333
1952;12026454000;11926233333;12126233333
1953;12026455000;11926233333;12126233333
1954;12026456000;11926233333;12126233333
1955;12026457000;11926233333;12126233333
1956;12026458000;11926233333;12126233333
1957;12067814000;11926233333;12126233333
1958;12067820000;11967855555;12167855555
1959;12067821000;11967855555;12167855555
1960;12067822000;11967855555;12167855555
1961;12067823000;11967855555;12167855555
1962;12067824000;11967855555;12167855555
1963;12067825000;11967855555;12167855555
1965;12109557000;11967855555;12167855555
1966;12109559000;11967855555;12167855555
1967;12109560000;11967855555;12167855555
1968;12109683000;11967855555;12167855555
1969;12112233000;12009577777;12209577777
1970;12112235000;12009577777;12209577777
1971;12112447000;12009577777;12209577777
1972;12112450000;12009577777;12209577777
1973;12112451000;12009577777;12209577777
1974;12112462000;12009577777;12209577777
1975;12112463000;12009577777;12209577777
1976;12112464000;12009577777;12209577777
1977;12112465000;12009577777;12209577777
1978;12112466000;12009577777;12209577777
1979;12151116000;12009577777;12209577777
1980;12151122000;12051266666;12251266666
1981;12151123000;12051266666;12251266666
1982;12151124000;12051266666;12251266666
1983;12151125000;12051266666;12251266666
1984;12151126000;12051266666;12251266666
1985;12151127000;12051266666;12251266666
1986;12151128000;12051266666;12251266666
1987;12151129000;12051266666;12251266666
1988;12151130000;12051266666;12251266666
1989;12151131000;12051266666;12251266666
1990;12192852000;12051266666;12251266666
1991;12192858000;12092900000;12292900000
1992;12192859000;12092900000;12292900000
1993;12192860000;12092900000;12292900000
1994;12192861000;12092900000;12292900000
1995;12192862000;12092900000;12292900000
1996;12192863000;12092900000;12292900000
1997;12192864000;12092900000;12292900000
1998;12192865000;12092900000;12292900000
1999;12192866000;12092900000;12292900000
2000;12192867000;12092900000;12292900000
2001;12234462000;12092900000;12292900000
2002;12234468000;12134622222;12334622222
2003;12234469000;12134622222;12334622222
2004;12234470000;12134622222;12334622222
2005;12234471000;12134622222;12334622222
2006;12234472000;12134622222;12334622222
2007;12234473000;12134622222;12334622222
2008;12234474000;12134622222;12334622222
2009;12234475000;12134622222;12334622222
2010;12234476000;12134622222;12334622222
2011;12234477000;12134622222;12334622222
2012;12276184000;12134622222;12334622222
2013;12276190000;12176266666;12376266666
2014;12276191000;12176266666;12376266666
2015;12276192000;12176266666;12376266666
2016;12276193000;12176266666;12376266666
2017;12276194000;12176266666;12376266666
2018;12276195000;12176266666;12376266666
2019;12276196000;12176266666;12376266666
2020;12276196000;12176266666;12376266666
2021;12276197000;12176266666;12376266666
2022;12276198000;12176266666;12376266666
2023;12317814000;12176266666;12376266666
2024;12317820000;12217888888;12417888888
2025;12317821000;12217888888;12417888888
2026;12317822000;12217888888;12417888888
2027;12317823000;12217888888;12417888888
2028;12317824000;12217888888;12417888888
2029;12317825000;12217888888;12417888888
2030;12317826000;12217888888;12417888888
2031;12317827000;12217888888;12417888888
2032;12317828000;12217888888;12417888888
2033;12317829000;12217888888;12417888888
2034;12359452000;12217888888;12417888888
2035;12359457000;12259577777;12459577777
2036;12359458000;12259577777;12459577777
2037;12359459000;12259577777;12459577777
2038;12359460000;12259577777;12459577777
2039;12359461000;12259577777;12459577777
2040;12359462000;12259577777;12459577777
2041;12359463000;12259577777;12459577777
2043;12401274000;12259577777;12459577777
2044;12401277000;12259577777;12459577777
2045;12401396000;12259577777;12459577777
2046;12401402000;12301233333;12501233333
2047;12401403000;12301233333;12501233333
2048;12401404000;12301233333;12501233333
2049;12401405000;12301233333;12501233333
2050;12401406000;12301233333;12501233333
2051;12401406000;12301233333;12501233333
2052;12401407000;12301233333;12501233333
2053;12401408000;12301233333;12501233333
2054;12401409000;12301233333;12501233333
2055;12401410000;12301233333;12501233333
2056;12442816000;12301233333;12501233333
2057;12442823000;12342866666;12542866666
2058;12442824000;12342866666;12542866666
2059;12442825000;12342866666;12542866666
2060;12442826000;12342866666;12542866666
2061;12442827000;12342866666;12542866666
2062;12442828000;12342866666;12542866666
2063;12442829000;12342866666;12542866666
2064;12442830000;12342866666;12542866666
2065;12442831000;12342866666;12542866666
2066;12442832000;12342866666;12542866666
2067;12484428000;12342866666;12542866666
2068;12484434000;12384611111;12584611111
2069;12484435000;12384611111;12584611111
2070;12484436000;12384611111;12584611111
2071;12484437000;12384611111;12584611111
2072;12484438000;12384611111;12584611111
2073;12484439000;12384611111;12584611111
2074;12484440000;12384611111;12584611111
2075;12484441000;12384611111;12584611111
2076;12484442000;12384611111;12584611111
2077;12484443000;12384611111;12584611111
2078;12526117000;12384611111;12584611111
2079;12526123000;12426277777;12626277777
2080;12526124000;12426277777;12626277777
2081;12526125000;12426277777;12626277777
2082;12526126000;12426277777;12626277777
2083;12526127000;12426277777;12626277777
2084;12526128000;12426277777;12626277777
2085;12526129000;12426277777;12626277777
2086;12526130000;12426277777;12626277777
2087;12526131000;12426277777;12626277777
2088;12526132000;12426277777;12626277777
2089;12567773000;12426277777;12626277777
2090;12567778000;12467877777;12667877777
2091;12567779000;12467877777;12667877777
2092;12567780000;12467877777;12667877777
2093;12567781000;12467877777;12667877777
2094;12567782000;12467877777;12667877777
2096;12609575000;12467877777;12667877777
2097;12609578000;12467877777;12667877777
2098;12609589000;12467877777;12667877777
2099;12609590000;12467877777;12667877777
2100;12609650000;12467877777;12667877777
2101;12609655000;12509577777;12709577777
2102;12609656000;12509577777;12709577777
2103;12609657000;12509577777;12709577777
2104;12609658000;12509577777;12709577777
2105;12609659000;12509577777;12709577777
2106;12609660000;12509577777;12709577777
2107;12609661000;12509577777;12709577777
2108;12609661000;12509577777;12709577777
2109;12609662000;12509577777;12709577777
2110;12609663000;12509577777;12709577777
2111;12651124000;12509577777;12709577777
2112;12651130000;12551277777;12751277777
2113;12651131000;12551277777;12751277777
2114;12651132000;12551277777;12751277777
2115;12651133000;12551277777;12751277777
2116;12651134000;12551277777;12751277777
2117;12651135000;12551277777;12751277777
2118;12651136000;12551277777;12751277777
2119;12651137000;12551277777;12751277777
2120;12651138000;12551277777;12751277777
2121;12651138000;12551277777;12751277777
2122;12692845000;12551277777;12751277777
2123;12695834000;12592933333;12792933333
2124;12695836000;12592933333;12792933333
2125;12695837000;12592933333;12792933333
2126;12695838000;12592933333;12792933333
2127;12695848000;12592933333;12792933333
2128;12695849000;12592933333;12792933333
2129;12695850000;12592933333;12792933333
2130;12695851000;12592933333;12792933333
2131;12695852000;12592933333;12792933333
2132;12695853000;12592933333;12792933333
2133;12734482000;12592933333;12792933333
2134;12734487000;12634633333;12834633333
2135;12734488000;12634633333;12834633333
2136;12734489000;12634633333;12834633333
2137;12734491000;12634633333;12834633333
2138;12734491000;12634633333;12834633333
2139;12734492000;12634633333;12834633333
2140;12734493000;12634633333;12834633333
2141;12734494000;12634633333;12834633333
2142;12734495000;12634633333;12834633333
2143;12734496000;12634633333;12834633333
2144;12776214000;12634633333;12834633333
2145;12776220000;12676300000;12876300000
2146;12776221000;12676300000;12876300000
2147;12776222000;12676300000;12876300000
2149;12818000000;12676300000;12876300000
2150;12818003000;12676300000;12876300000
2151;12818014000;12676300000;12876300000
2152;12818015000;12676300000;12876300000
2153;12818016000;12676300000;12876300000
2154;12818017000;12676300000;12876300000
2155;12818126000;12676300000;12876300000
2156;12818132000;12717922222;12917922222
2157;12818133000;12717922222;12917922222
2158;12818134000;12717922222;12917922222
2159;12818135000;12717922222;12917922222
2160;12818135000;12717922222;12917922222
2161;12818136000;12717922222;12917922222
2162;12818137000;12717922222;12917922222
2163;12818138000;12717922222;12917922222
2164;12818139000;12717922222;12917922222
2165;12818140000;12717922222;12917922222
2166;12859503000;12717922222;12917922222
2167;12859509000;12759600000;12959600000
2168;12859510000;12759600000;12959600000
2169;12859528000;12759600000;12959600000
2170;12859529000;12759600000;12959600000
2171;12859530000;12759600000;12959600000
2173;12901294000;12759600000;12959600000
2174;12901296000;12759600000;12959600000
2176;12901297000;12759600000;12959600000
2177;12901406000;12759600000;12959600000
2178;12901411000;12801344444;13001344444
2179;12901413000;12801344444;13001344444
2180;12901414000;12801344444;13001344444
2182;12942857000;12801344444;13001344444
2184;12942870000;12801344444;13001344444
2185;12942871000;12801344444;13001344444
2186;12942872000;12801344444;13001344444
2188;12942980000;12801344444;13001344444
2189;12946211000;12842944444;13042944444
2190;12946214000;12842944444;13042944444
2191;12946215000;12842944444;13042944444
2192;12946216000;12842944444;13042944444
2193;12946217000;12842944444;13042944444
2194;12946218000;12842944444;13042944444
2195;12946219000;12842944444;13042944444
2196;12946220000;12842944444;13042944444
2197;12946230000;12842944444;13042944444
2198;12946231000;12842944444;13042944444
2199;12984484000;12842944444;13042944444
2200;12984489000;12884700000;13084700000
2201;12984490000;12884700000;13084700000
2202;12984491000;12884700000;13084700000
2203;12984492000;12884700000;13084700000
2204;12984494000;12884700000;13084700000
2205;12984494000;12884700000;13084700000
2207;13026361000;12884700000;13084700000
2208;13026363000;12884700000;13084700000
2209;13026364000;12884700000;13084700000
2210;13029566000;12884700000;13084700000
2211;13029572000;12926322222;13126322222
2213;13067828000;12926322222;13126322222
2214;13067839000;12926322222;13126322222
2215;13067840000;12926322222;13126322222
2216;13067841000;12926322222;13126322222
2217;13067842000;12926322222;13126322222
2218;13067843000;12926322222;13126322222
2220;13067844000;12926322222;13126322222
2221;13067957000;12926322222;13126322222
2222;13067963000;12967911111;13167911111
2223;13067964000;12967911111;13167911111
2224;13067965000;12967911111;13167911111
2225;13067966000;12967911111;13167911111
2226;13067967000;12967911111;13167911111
2230;13109417000;12967911111;13167911111
2231;13109419000;12967911111;13167911111
2232;13109536000;12967911111;13167911111
2233;13109542000;13009611111;13209611111
2234;13109543000;13009611111;13209611111
2235;13109544000;13009611111;13209611111
2236;13109545000;13009611111;13209611111
2237;13109546000;13009611111;13209611111
2238;13109547000;13009611111;13209611111
2240;13151079000;13009611111;13209611111
2241;13151081000;13009611111;13209611111
2242;13151082000;13009611111;13209611111
2243;13151194000;13009611111;13209611111
2244;13151200000;13051300000;13251300000
2245;13151201000;13051300000;13251300000
2246;13154682000;13051300000;13251300000
2247;13154684000;13051300000;13251300000
2248;13154685000;13051300000;13251300000
2249;13154686000;13051300000;13251300000
2250;13154687000;13051300000;13251300000
2251;13154697000;13051300000;13251300000
2252;13154699000;13051300000;13251300000
2253;13154699000;13051300000;13251300000
2254;13192850000;13051300000;13251300000
2255;13192855000;13092933333;13292933333
2256;13192856000;13092933333;13292933333
2257;13192864000;13092933333;13292933333
2258;13192865000;13092933333;13292933333
2259;13192866000;13092933333;13292933333
2260;13192867000;13092933333;13292933333
2261;13192868000;13092933333;13292933333
2262;13192869000;13092933333;13292933333
2263;13192870000;13092933333;13292933333
2264;13192871000;13092933333;13292933333
2265;13234500000;13092933333;13292933333
2266;13234505000;13134700000;13334700000
2267;13234507000;13134700000;13334700000
2268;13234508000;13134700000;13334700000
2269;13234508000;13134700000;13334700000
2270;13234510000;13134700000;13334700000
2271;13234510000;13134700000;13334700000
2272;13234520000;13134700000;13334700000
2273;13234521000;13134700000;13334700000
2274;13234522000;13134700000;13334700000
2275;13234523000;13134700000;13334700000
2276;13276282000;13134700000;13334700000
2277;13276288000;13176366666;13376366666
2278;13276289000;13176366666;13376366666
2279;13276290000;13176366666;13376366666
2280;13276291000;13176366666;13376366666
2281;13279096000;13176366666;13376366666
2282;13279098000;13176366666;13376366666
2283;13279099000;13176366666;13376366666
2284;13279100000;13176366666;13376366666
2285;13279101000;13176366666;13376366666
2286;13279111000;13176366666;13376366666
2287;13317914000;13176366666;13376366666
2288;13317920000;13218000000;13418000000
2289;13317921000;13218000000;13418000000
2290;13317921000;13218000000;13418000000
2291;13317922000;13218000000;13418000000
2292;13317923000;13218000000;13418000000
2293;13317924000;13218000000;13418000000
2294;13317925000;13218000000;13418000000
2295;13317926000;13218000000;13418000000
2296;13317927000;13218000000;13418000000
2297;13317928000;13218000000;13418000000
2298;13359588000;13218000000;13418000000
2299;13359594000;13259588888;13459588888
2300;13362673000;13259588888;13459588888
2301;13362675000;13259588888;13459588888
2302;13362676000;13259588888;13459588888
2303;13362677000;13259588888;13459588888
2304;13362678000;13259588888;13459588888
2306;13401069000;13259588888;13459588888
2308;13401081000;13259588888;13459588888
2309;13404207000;13259588888;13459588888
2310;13404213000;13301288888;13501288888
2311;13404214000;13301288888;13501288888
2312;13404215000;13301288888;13501288888
2313;13404216000;13301288888;13501288888
2314;13405029000;13301288888;13501288888
2315;13405032000;13301288888;13501288888
2316;13405033000;13301288888;13501288888
2317;13405034000;13301288888;13501288888
2318;13405035000;13301288888;13501288888
2319;13405036000;13301288888;13501288888
2320;13442829000;13301288888;13501288888
2321;13442834000;13342933333;13542933333
2322;13442836000;13342933333;13542933333
2323;13442836000;13342933333;13542933333
2324;13442837000;13342933333;13542933333
2325;13442838000;13342933333;13542933333
2326;13442839000;13342933333;13542933333
2327;13442840000;13342933333;13542933333
2328;13442841000;13342933333;13542933333
2329;13442842000;13342933333;13542933333
2330;13442843000;13342933333;13542933333
2331;13484494000;13342933333;13542933333
2332;13484500000;13384722222;13584722222
2333;13484501000;13384722222;13584722222
2334;13484502000;13384722222;13584722222
2335;13484503000;13384722222;13584722222
2336;13484504000;13384722222;13584722222
2337;13484505000;13384722222;13584722222
2338;13484506000;13384722222;13584722222
2339;13484507000;13384722222;13584722222
2340;13484507000;13384722222;13584722222
2341;13484508000;13384722222;13584722222
2342;13526305000;13384722222;13584722222
2343;13526311000;13426522222;13626522222
2345;13568184000;13426522222;13626522222
2347;13568186000;13426522222;13626522222
2348;13568187000;13426522222;13626522222
2349;13568188000;13426522222;13626522222
2350;13568189000;13426522222;13626522222
2351;13568190000;13426522222;13626522222
2352;13568191000;13426522222;13626522222
2353;13568304000;13426522222;13626522222
2354;13571309000;13468011111;13668011111
2355;13571311000;13468011111;13668011111
2356;13571312000;13468011111;13668011111
2357;13571313000;13468011111;13668011111
2358;13571324000;13468011111;13668011111
2359;13571325000;13468011111;13668011111
2360;13571326000;13468011111;13668011111
2361;13571344000;13468011111;13668011111
2362;13571344000;13468011111;13668011111
2363;13571345000;13468011111;13668011111
2364;13609582000;13468011111;13668011111
2365;13609587000;13509600000;13709600000
2366;13609588000;13509600000;13709600000
2367;13609589000;13509600000;13709600000
2368;13609590000;13509600000;13709600000
2369;13609591000;13509600000;13709600000
2370;13609592000;13509600000;13709600000
2371;13609593000;13509600000;13709600000
2372;13609594000;13509600000;13709600000
2373;13609595000;13509600000;13709600000
2374;13609596000;13509600000;13709600000
2375;13651160000;13509600000;13709600000
2376;13654403000;13551377777;13751377777
2377;13654405000;13551377777;13751377777
2378;13654406000;13551377777;13751377777
2379;13654407000;13551377777;13751377777
2380;13654418000;13551377777;13751377777
2382;13692836000;13551377777;13751377777
2383;13692838000;13551377777;13751377777
2384;13692839000;13551377777;13751377777
2385;13692840000;13551377777;13751377777
2386;13692954000;13551377777;13751377777
2387;13692959000;13592988888;13792988888
2388;13692960000;13592988888;13792988888
2389;13692962000;13592988888;13792988888
2390;13692963000;13592988888;13792988888
2391;13692963000;13592988888;13792988888
2392;13692964000;13592988888;13792988888
2393;13692965000;13592988888;13792988888
2394;13692966000;13592988888;13792988888
2395;13692967000;13592988888;13792988888
2396;13692968000;13592988888;13792988888
2397;13734561000;13592988888;13792988888
2398;13734567000;13634700000;13834700000
2399;13737561000;13634700000;13834700000
2400;13737563000;13634700000;13834700000
2401;13737564000;13634700000;13834700000
2402;13737565000;13634700000;13834700000
2403;13737566000;13634700000;13834700000
2404;13737567000;13634700000;13834700000
2405;13737568000;13634700000;13834700000
2406;13737568000;13634700000;13834700000
2408;13776266000;13634700000;13834700000
2409;13776271000;13676266666;13876266666
2410;13776273000;13676266666;13876266666
2411;13776273000;13676266666;13876266666
2412;13776274000;13676266666;13876266666
2413;13776275000;13676266666;13876266666
2415;13817774000;13676266666;13876266666
2416;13817776000;13676266666;13876266666
2417;13817777000;13676266666;13876266666
2418;13817778000;13676266666;13876266666
2419;13817886000;13676266666;13876266666
2420;13817892000;13717933333;13917933333
2421;13817893000;13717933333;13917933333
2422;13817894000;13717933333;13917933333
2423;13817895000;13717933333;13917933333
2424;13817896000;13717933333;13917933333
2425;13817897000;13717933333;13917933333
2426;13817897000;13717933333;13917933333
2427;13817898000;13717933333;13917933333
2429;13859415000;13717933333;13917933333
2430;13859537000;13717933333;13917933333
2431;13859543000;13759866666;13959866666
2432;13859544000;13759866666;13959866666
2433;13859545000;13759866666;13959866666
2434;13859546000;13759866666;13959866666
2435;13859547000;13759866666;13959866666
2436;13859548000;13759866666;13959866666
2438;13901334000;13759866666;13959866666
2440;13901336000;13759866666;13959866666
2441;13901449000;13759866666;13959866666
2442;13901455000;13801322222;14001322222
2443;13901456000;13801322222;14001322222
2444;13901457000;13801322222;14001322222
2445;13901458000;13801322222;14001322222
2446;13901459000;13801322222;14001322222
2447;13901460000;13801322222;14001322222
2448;13901461000;13801322222;14001322222
2449;13901462000;13801322222;14001322222
2450;13901463000;13801322222;14001322222
2451;13901464000;13801322222;14001322222
2452;13942861000;13801322222;14001322222
2453;13942867000;13842944444;14042944444
2454;13942868000;13842944444;14042944444
2455;13942869000;13842944444;14042944444
2456;13942870000;13842944444;14042944444
2457;13942871000;13842944444;14042944444
2458;13942872000;13842944444;14042944444
2459;13942873000;13842944444;14042944444
2460;13942874000;13842944444;14042944444
2461;13942875000;13842944444;14042944444
2462;13942876000;13842944444;14042944444
2463;13984536000;13842944444;14042944444
2464;13984541000;13884677777;14084677777
2465;13984542000;13884677777;14084677777
2466;13984543000;13884677777;14084677777
2467;13987737000;13884677777;14084677777
2468;13987739000;13884677777;14084677777
2469;13987740000;13884677777;14084677777
2470;13987741000;13884677777;14084677777
2471;13987742000;13884677777;14084677777
2472;13987743000;13884677777;14084677777
2473;13987753000;13884677777;14084677777
2474;14026229000;13884677777;14084677777
2475;14026234000;13926288888;14126288888
2476;14026235000;13926288888;14126288888
2477;14026236000;13926288888;14126288888
2478;14026237000;13926288888;14126288888
2479;14026238000;13926288888;14126288888
2480;14026239000;13926288888;14126288888
2481;14026240000;13926288888;14126288888
2482;14026241000;13926288888;14126288888
2483;14026242000;13926288888;14126288888
2484;14026243000;13926288888;14126288888
2485;14067832000;13926288888;14126288888
2486;14067838000;13967866666;14167866666
2487;14067839000;13967866666;14167866666
2488;14067840000;13967866666;14167866666
2489;14067841000;13967866666;14167866666
2490;14067842000;13967866666;14167866666
2491;14067843000;13967866666;14167866666
2494;14109564000;13967866666;14167866666
2495;14109567000;13967866666;14167866666
2496;14109685000;13967866666;14167866666
2497;14109691000;14009700000;14209700000
2498;14109692000;14009700000;14209700000
2499;14109693000;14009700000;14209700000
2500;14109694000;14009700000;14209700000
2501;14109695000;14009700000;14209700000
2502;14109696000;14009700000;14209700000
2503;14109697000;14009700000;14209700000
2504;14109698000;14009700000;14209700000
2505;14109699000;14009700000;14209700000
2506;14109700000;14009700000;14209700000
2507;14151263000;14009700000;14209700000
2508;14151268000;14051311111;14251311111
2509;14151269000;14051311111;14251311111
2510;14151271000;14051311111;14251311111
2511;14151271000;14051311111;14251311111
2512;14151272000;14051311111;14251311111
2513;14151273000;14051311111;14251311111
2514;14151274000;14051311111;14251311111
2515;14151275000;14051311111;14251311111
2516;14151276000;14051311111;14251311111
2517;14151277000;14051311111;14251311111
2518;14192894000;14051311111;14251311111
2519;14196033000;14092911111;14292911111
2520;14196035000;14092911111;14292911111
2521;14196339000;14092911111;14292911111
2522;14196341000;14092911111;14292911111
2523;14196342000;14092911111;14292911111
2524;14196343000;14092911111;14292911111
2525;14196344000;14092911111;14292911111
2526;14196345000;14092911111;14292911111
2527;14196356000;14092911111;14292911111
2528;14196357000;14092911111;14292911111
2529;14234408000;14092911111;14292911111
2530;14234414000;14134633333;14334633333
2531;14234415000;14134633333;14334633333
2532;14237380000;14134633333;14334633333
2533;14237382000;14134633333;14334633333
2534;14237384000;14134633333;14334633333
2535;14237384000;14134633333;14334633333
2536;14237385000;14134633333;14334633333
2537;14237396000;14134633333;14334633333
2538;14237397000;14134633333;14334633333
2539;14237398000;14134633333;14334633333
2540;14276124000;14134633333;14334633333
2541;14276130000;14176322222;14376322222
2542;14276131000;14176322222;14376322222
2543;14276132000;14176322222;14376322222
2544;14276132000;14176322222;14376322222
2545;14276133000;14176322222;14376322222
2546;14276134000;14176322222;14376322222
2547;14276135000;14176322222;14376322222
2548;14276136000;14176322222;14376322222
2549;14276137000;14176322222;14376322222
2550;14276138000;14176322222;14376322222
2551;14321109000;14176322222;14376322222
2552;14321114000;14217955555;14417955555
2553;14321115000;14217955555;14417955555
2554;14321116000;14217955555;14417955555
2555;14321117000;14217955555;14417955555
2556;14321118000;14217955555;14417955555
2557;14321119000;14217955555;14417955555
2558;14321120000;14217955555;14417955555
2559;14321121000;14217955555;14417955555
2561;14359407000;14217955555;14417955555
2562;14362288000;14217955555;14417955555
2563;14362302000;14259677777;14459677777
2564;14362393000;14259677777;14459677777
2565;14362395000;14259677777;14459677777
2566;14362396000;14259677777;14459677777
2567;14362397000;14259677777;14459677777
2568;14362407000;14259677777;14459677777
2569;14362408000;14259677777;14459677777
2570;14362417000;14259677777;14459677777
2571;14362418000;14259677777;14459677777
2572;14362419000;14259677777;14459677777
2573;14401164000;14259677777;14459677777
2574;14401171000;14301388888;14501388888
2575;14401172000;14301388888;14501388888
2576;14401173000;14301388888;14501388888
2577;14401174000;14301388888;14501388888
2578;14401175000;14301388888;14501388888
2579;14401176000;14301388888;14501388888
2580;14401177000;14301388888;14501388888
2581;14401178000;14301388888;14501388888
2582;14401178000;14301388888;14501388888
2583;14401179000;14301388888;14501388888
2584;14442905000;14301388888;14501388888
2585;14442910000;14343000000;14543000000
2587;14484702000;14343000000;14543000000
2589;14484705000;14343000000;14543000000
2590;14484716000;14343000000;14543000000
2591;14484717000;14343000000;14543000000
2592;14484718000;14343000000;14543000000
2593;14484719000;14343000000;14543000000
2595;14484789000;14343000000;14543000000
2596;14484803000;14384633333;14584633333
2597;14484804000;14384633333;14584633333
2598;14484805000;14384633333;14584633333
2599;14484806000;14384633333;14584633333
2600;14484807000;14384633333;14584633333
2601;14484808000;14384633333;14584633333
2602;14484808000;14384633333;14584633333
2603;14484809000;14384633333;14584633333
2604;14484810000;14384633333;14584633333
2605;14484811000;14384633333;14584633333
2606;14526126000;14384633333;14584633333
2607;14526132000;14426366666;14626366666
2608;14526133000;14426366666;14626366666
2609;14526134000;14426366666;14626366666
2610;14526135000;14426366666;14626366666
2611;14526136000;14426366666;14626366666
2612;14526137000;14426366666;14626366666
2613;14526138000;14426366666;14626366666
2614;14526139000;14426366666;14626366666
2615;14526140000;14426366666;14626366666
2616;14526141000;14426366666;14626366666
2617;14567877000;14426366666;14626366666
2618;14567883000;14467888888;14667888888
2619;14567885000;14467888888;14667888888
2620;14567886000;14467888888;14667888888
2621;14567887000;14467888888;14667888888
2622;14567888000;14467888888;14667888888
2623;14567889000;14467888888;14667888888
2624;14567890000;14467888888;14667888888
2625;14567891000;14467888888;14667888888
2626;14567892000;14467888888;14667888888
2627;14567893000;14467888888;14667888888
2628;14609385000;14467888888;14667888888
2629;14609391000;14509622222;14709622222
2630;14612341000;14509622222;14709622222
2631;14612343000;14509622222;14709622222
2632;14612344000;14509622222;14709622222
2633;14612345000;14509622222;14709622222
2634;14612346000;14509622222;14709622222
2635;14612347000;14509622222;14709622222
2636;14612358000;14509622222;14709622222
2637;14612359000;14509622222;14709622222
2638;14612360000;14509622222;14709622222
2639;14651118000;14509622222;14709622222
2640;14651124000;14551244444;14751244444
2641;14651125000;14551244444;14751244444
2642;14651126000;14551244444;14751244444
2643;14651127000;14551244444;14751244444
2644;14651128000;14551244444;14751244444
2645;14651129000;14551244444;14751244444
2646;14651130000;14551244444;14751244444
2647;14651131000;14551244444;14751244444
2648;14651132000;14551244444;14751244444
2649;14651133000;14551244444;14751244444
2650;14692732000;14551244444;14751244444
2651;14692738000;14592988888;14792988888
2652;14692740000;14592988888;14792988888
2653;14692740000;14592988888;14792988888
2654;14692742000;14592988888;14792988888
2655;14692742000;14592988888;14792988888
2656;14692743000;14592988888;14792988888
2657;14692744000;14592988888;14792988888
2658;14692745000;14592988888;14792988888
2659;14692746000;14592988888;14792988888
2660;14692747000;14592988888;14792988888
2661;14734472000;14592988888;14792988888
2662;14734478000;14634688888;14834688888
2663;14734479000;14634688888;14834688888
2664;14734481000;14634688888;14834688888
2665;14734482000;14634688888;14834688888
2666;14734482000;14634688888;14834688888
2667;14734483000;14634688888;14834688888
2668;14734484000;14634688888;14834688888
2669;14734485000;14634688888;14834688888
2670;14734486000;14634688888;14834688888
2671;14734487000;14634688888;14834688888
2672;14776204000;14634688888;14834688888
2674;14817754000;14676255555;14876255555
2676;14817767000;14676255555;14876255555
2678;14817768000;14676255555;14876255555
2679;14817770000;14676255555;14876255555
2680;14817770000;14676255555;14876255555
2681;14817771000;14676255555;14876255555
2682;14817772000;14676255555;14876255555
2683;14817842000;14676255555;14876255555
2684;14817855000;14717866666;14917866666
2685;14817856000;14717866666;14917866666
2686;14817857000;14717866666;14917866666
2687;14817858000;14717866666;14917866666
2688;14817859000;14717866666;14917866666
2689;14817860000;14717866666;14917866666
2690;14817861000;14717866666;14917866666
2691;14817862000;14717866666;14917866666
2692;14817862000;14717866666;14917866666
2695;14901090000;14759600000;14959600000
2696;14901094000;14759600000;14959600000
2697;14901095000;14759600000;14959600000
2698;14901096000;14759600000;14959600000
2699;14901097000;14759600000;14959600000
2700;14901097000;14759600000;14959600000
2701;14901098000;14759600000;14959600000
2702;14901099000;14759600000;14959600000
2703;14901100000;14759600000;14959600000
2704;14901101000;14759600000;14959600000
2705;14901162000;14759600000;14959600000
2706;14901176000;14801288888;15001288888
2707;14901177000;14801288888;15001288888
2708;14901178000;14801288888;15001288888
2709;14901179000;14801288888;15001288888
2710;14901180000;14801288888;15001288888
2711;14901180000;14801288888;15001288888
2712;14901181000;14801288888;15001288888
2713;14901182000;14801288888;15001288888
2714;14901183000;14801288888;15001288888
2715;14901184000;14801288888;15001288888
2716;14945923000;14801288888;15001288888
2717;14945928000;14842922222;15042922222
2718;14945929000;14842922222;15042922222
2719;14945930000;14842922222;15042922222
2720;14945931000;14842922222;15042922222
2721;14945932000;14842922222;15042922222
2722;14945933000;14842922222;15042922222
2723;14945934000;14842922222;15042922222
2724;14945935000;14842922222;15042922222
2725;14945936000;14842922222;15042922222
2726;14945936000;14842922222;15042922222
2727;14987839000;14842922222;15042922222
2728;14987876000;14884677777;15084677777
2729;14987878000;14884677777;15084677777
2730;14987880000;14884677777;15084677777
2731;14987881000;14884677777;15084677777
2732;14987883000;14884677777;15084677777
2733;14987884000;14884677777;15084677777
2734;14987886000;14884677777;15084677777
2735;14987887000;14884677777;15084677777
2737;15026171000;14884677777;15084677777
2738;15026245000;14884677777;15084677777
2739;15026250000;14926266666;15126266666
2740;15026251000;14926266666;15126266666
2741;15026252000;14926266666;15126266666
2742;15026253000;14926266666;15126266666
2743;15026254000;14926266666;15126266666
2744;15026255000;14926266666;15126266666
2745;15026256000;14926266666;15126266666
2746;15026257000;14926266666;15126266666
2747;15026258000;14926266666;15126266666
2748;15026258000;14926266666;15126266666
2749;15067755000;14926266666;15126266666
2750;15071021000;14967877777;15167877777
2751;15071024000;14967877777;15167877777
2752;15071025000;14967877777;15167877777
2753;15071127000;14967877777;15167877777
2754;15071129000;14967877777;15167877777
2755;15071130000;14967877777;15167877777
2756;15071131000;14967877777;15167877777
2757;15071132000;14967877777;15167877777
2758;15071133000;14967877777;15167877777
2759;15071134000;14967877777;15167877777
2760;15109375000;14967877777;15167877777
2761;15109381000;15009722222;15209722222
2762;15109382000;15009722222;15209722222
2763;15113074000;15009722222;15209722222
2765;15151214000;15009722222;15209722222
2766;15151217000;15009722222;15209722222
2767;15151229000;15009722222;15209722222
2769;15151230000;15009722222;15209722222
2770;15151231000;15009722222;15209722222
2771;15151291000;15009722222;15209722222
2772;15151295000;15051266666;15251266666
2773;15151296000;15051266666;15251266666
2774;15151297000;15051266666;15251266666
2775;15151298000;15051266666;15251266666
2776;15151299000;15051266666;15251266666
2777;15151300000;15051266666;15251266666
2778;15151301000;15051266666;15251266666
2779;15151302000;15051266666;15251266666
2780;15151311000;15051266666;15251266666
2781;15151312000;15051266666;15251266666
2782;15192764000;15051266666;15251266666
2783;15192770000;15092900000;15292900000
2784;15192771000;15092900000;15292900000
2785;15192772000;15092900000;15292900000
2786;15192773000;15092900000;15292900000
2787;15192774000;15092900000;15292900000
2788;15192775000;15092900000;15292900000
2789;15192776000;15092900000;15292900000
2790;15192777000;15092900000;15292900000
2791;15192778000;15092900000;15292900000
2792;15192779000;15092900000;15292900000
2793;15234400000;15092900000;15292900000
2794;15234406000;15134600000;15334600000
2795;15234407000;15134600000;15334600000
2796;15234408000;15134600000;15334600000
2797;15234409000;15134600000;15334600000
2798;15234410000;15134600000;15334600000
2799;15234411000;15134600000;15334600000
2800;15234412000;15134600000;15334600000
2801;15234412000;15134600000;15334600000
2802;15234413000;15134600000;15334600000
2803;15234414000;15134600000;15334600000
2804;15276100000;15134600000;15334600000
2805;15276106000;15176288888;15376288888
2806;15276107000;15176288888;15376288888
2807;15279611000;15176288888;15376288888
2809;15317738000;15176288888;15376288888
2812;15317740000;15176288888;15376288888
2813;15317741000;15176288888;15376288888
2814;15317742000;15176288888;15376288888
2815;15317805000;15176288888;15376288888
2816;15317809000;15217900000;15417900000
2817;15317810000;15217900000;15417900000
2818;15317811000;15217900000;15417900000
2819;15317812000;15217900000;15417900000
2820;15317813000;15217900000;15417900000
2821;15317814000;15217900000;15417900000
2823;15359365000;15217900000;15417900000
2824;15359367000;15217900000;15417900000
2825;15359368000;15217900000;15417900000
2826;15359431000;15217900000;15417900000
2827;15359435000;15259588888;15459588888
2828;15359436000;15259588888;15459588888
2829;15359437000;15259588888;15459588888
2830;15359438000;15259588888;15459588888
2831;15359439000;15259588888;15459588888
2832;15359440000;15259588888;15459588888
2833;15359441000;15259588888;15459588888
2834;15359442000;15259588888;15459588888
2836;15401094000;15259588888;15459588888
2837;15404782000;15259588888;15459588888
2838;15404798000;15301266666;15501266666
2839;15404799000;15301266666;15501266666
2840;15404800000;15301266666;15501266666
2841;15404801000;15301266666;15501266666
2842;15404802000;15301266666;15501266666
2843;15404803000;15301266666;15501266666
2844;15404804000;15301266666;15501266666
2845;15404805000;15301266666;15501266666
2846;15404806000;15301266666;15501266666
2847;15404807000;15301266666;15501266666
2848;15442733000;15301266666;15501266666
2849;15442739000;15342911111;15542911111
2850;15442741000;15342911111;15542911111
2851;15442742000;15342911111;15542911111
2852;15442743000;15342911111;15542911111
2853;15442744000;15342911111;15542911111
2854;15442744000;15342911111;15542911111
2855;15442745000;15342911111;15542911111
2856;15442746000;15342911111;15542911111
2857;15442747000;15342911111;15542911111
2858;15442748000;15342911111;15542911111
2859;15484417000;15342911111;15542911111
2860;15487651000;15384611111;15584611111
2861;15487653000;15384611111;15584611111
2862;15487654000;15384611111;15584611111
2863;15487655000;15384611111;15584611111
2864;15487656000;15384611111;15584611111
2865;15487657000;15384611111;15584611111
2866;15487658000;15384611111;15584611111
2867;15487659000;15384611111;15584611111
2868;15487674000;15384611111;15584611111
2869;15487676000;15384611111;15584611111
2870;15526110000;15384611111;15584611111
2871;15526116000;15426366666;15626366666
2872;15526117000;15426366666;15626366666
2873;15526118000;15426366666;15626366666
2874;15529430000;15426366666;15626366666
2875;15529432000;15426366666;15626366666
2876;15529433000;15426366666;15626366666
2877;15529434000;15426366666;15626366666
2878;15529435000;15426366666;15626366666
2879;15529446000;15426366666;15626366666
2880;15529447000;15426366666;15626366666
2881;15567870000;15426366666;15626366666
2882;15567876000;15467900000;15667900000
2883;15567877000;15467900000;15667900000
2884;15567878000;15467900000;15667900000
2885;15567887000;15467900000;15667900000
2886;15567888000;15467900000;15667900000
2887;15567889000;15467900000;15667900000
2888;15567890000;15467900000;15667900000
2889;15567890000;15467900000;15667900000
2890;15567891000;15467900000;15667900000
2891;15567892000;15467900000;15667900000
2892;15609394000;15467900000;15667900000
2893;15609400000;15509866666;15709866666
2894;15609401000;15509866666;15709866666
2895;15609402000;15509866666;15709866666
2896;15609403000;15509866666;15709866666
2897;15609404000;15509866666;15709866666
2898;15609405000;15509866666;15709866666
2899;15609406000;15509866666;15709866666
2900;15609406000;15509866666;15709866666
2901;15609407000;15509866666;15709866666
2902;15609408000;15509866666;15709866666
2903;15651365000;15509866666;15709866666
2904;15651371000;15551288888;15751288888
2905;15651372000;15551288888;15751288888
2906;15651373000;15551288888;15751288888
2907;15651374000;15551288888;15751288888
2908;15651375000;15551288888;15751288888
2909;15651376000;15551288888;15751288888
2910;15651377000;15551288888;15751288888
2911;15651377000;15551288888;15751288888
2912;15651378000;15551288888;15751288888
2913;15651379000;15551288888;15751288888
2914;15692788000;15551288888;15751288888
2915;15692794000;15592888888;15792888888
2916;15692795000;15592888888;15792888888
2918;15734590000;15592888888;15792888888
2920;15734594000;15592888888;15792888888
2921;15734595000;15592888888;15792888888
2922;15734606000;15592888888;15792888888
2923;15734607000;15592888888;15792888888
2924;15734608000;15592888888;15792888888
2925;15734678000;15592888888;15792888888
2926;15734692000;15634655555;15834655555
2927;15734693000;15634655555;15834655555
2928;15734694000;15634655555;15834655555
2929;15734695000;15634655555;15834655555
2930;15734696000;15634655555;15834655555
2931;15734697000;15634655555;15834655555
2932;15734698000;15634655555;15834655555
2933;15734698000;15634655555;15834655555
2934;15734699000;15634655555;15834655555
2935;15734700000;15634655555;15834655555
2936;15776153000;15634655555;15834655555
2937;15776159000;15676222222;15876222222
2938;15776160000;15676222222;15876222222
2939;15776161000;15676222222;15876222222
2941;15817878000;15676222222;15876222222
2943;15817880000;15676222222;15876222222
2944;15817882000;15676222222;15876222222
2945;15817883000;15676222222;15876222222
2947;15817956000;15676222222;15876222222
2948;15817970000;15717855555;15917855555
2949;15817971000;15717855555;15917855555
2950;15817972000;15717855555;15917855555
2952;15859361000;15717855555;15917855555
2953;15859363000;15717855555;15917855555
2954;15859364000;15717855555;15917855555
2955;15859365000;15717855555;15917855555
2956;15859366000;15717855555;15917855555
2957;15859367000;15717855555;15917855555
2958;15859427000;15717855555;15917855555
2959;15859431000;15759666666;15959666666
2961;15901134000;15759666666;15959666666
2962;15901136000;15759666666;15959666666
2963;15901137000;15759666666;15959666666
2965;15901138000;15759666666;15959666666
2966;15901139000;15759666666;15959666666
2967;15901140000;15759666666;15959666666
2968;15901141000;15759666666;15959666666
2969;15901214000;15759666666;15959666666
2970;15901228000;15801233333;16001233333
2971;15901229000;15801233333;16001233333
2972;15901230000;15801233333;16001233333
2973;15901231000;15801233333;16001233333
2974;15901232000;15801233333;16001233333
2975;15901233000;15801233333;16001233333
2976;15901234000;15801233333;16001233333
2977;15901235000;15801233333;16001233333
2978;15901236000;15801233333;16001233333
2979;15901237000;15801233333;16001233333
2980;15942719000;15801233333;16001233333
2981;15942725000;15842966666;16042966666
2982;15942727000;15842966666;16042966666
2983;15942728000;15842966666;16042966666
2984;15942729000;15842966666;16042966666
2985;15942730000;15842966666;16042966666
2986;15942731000;15842966666;16042966666
2987;15942732000;15842966666;16042966666
2988;15942732000;15842966666;16042966666
2989;15942733000;15842966666;16042966666
2990;15942734000;15842966666;16042966666
2991;15984459000;15842966666;16042966666
2992;15984465000;15884677777;16084677777
2993;15984473000;15884677777;16084677777
2994;15984474000;15884677777;16084677777
2995;15984475000;15884677777;16084677777
2996;15984476000;15884677777;16084677777
2997;15984477000;15884677777;16084677777
2998;15984478000;15884677777;16084677777
2999;15984479000;15884677777;16084677777
3000;15984480000;15884677777;16084677777
3001;15984481000;15884677777;16084677777
3002;16026196000;15884677777;16084677777
3003;16026202000;15926522222;16126522222
3004;16026203000;15926522222;16126522222
3005;16026204000;15926522222;16126522222
3006;16026205000;15926522222;16126522222
3007;16026206000;15926522222;16126522222
3008;16026207000;15926522222;16126522222
3009;16026208000;15926522222;16126522222
3010;16026209000;15926522222;16126522222
3011;16026210000;15926522222;16126522222
3012;16026210000;15926522222;16126522222
3013;16068042000;15926522222;16126522222
3014;16068048000;15968277777;16168277777
3015;16068049000;15968277777;16168277777
3017;16109935000;15968277777;16168277777
3018;16109937000;15968277777;16168277777
3021;16109939000;15968277777;16168277777
3023;16109940000;15968277777;16168277777
3024;16110003000;15968277777;16168277777
3025;16110007000;16010022222;16210022222
3026;16110008000;16010022222;16210022222
3027;16110009000;16010022222;16210022222
3028;16110010000;16010022222;16210022222
3029;16110011000;16010022222;16210022222
3031;16151548000;16010022222;16210022222
3033;16151550000;16010022222;16210022222
3034;16151551000;16010022222;16210022222
3035;16151622000;16010022222;16210022222
3036;16151636000;16051400000;16251400000
3037;16151637000;16051400000;16251400000
3038;16151638000;16051400000;16251400000
3039;16151639000;16051400000;16251400000
3040;16151640000;16051400000;16251400000
3041;16151640000;16051400000;16251400000
3042;16151641000;16051400000;16251400000
3044;16192873000;16051400000;16251400000
3045;16192875000;16051400000;16251400000
3046;16192937000;16051400000;16251400000
3047;16192942000;16093011111;16293011111
3048;16192943000;16093011111;16293011111
3049;16192944000;16093011111;16293011111
3050;16192945000;16093011111;16293011111
3051;16192946000;16093011111;16293011111
3052;16192947000;16093011111;16293011111
3053;16192948000;16093011111;16293011111
3054;16192949000;16093011111;16293011111
3055;16192950000;16093011111;16293011111
3056;16192951000;16093011111;16293011111
3057;16234499000;16093011111;16293011111
3058;16234505000;16134600000;16334600000
3059;16234506000;16134600000;16334600000
3060;16234507000;16134600000;16334600000
3061;16234508000;16134600000;16334600000
3062;16234509000;16134600000;16334600000
3063;16234510000;16134600000;16334600000
3064;16234518000;16134600000;16334600000
3065;16234519000;16134600000;16334600000
3066;16234520000;16134600000;16334600000
3067;16234521000;16134600000;16334600000
3068;16276114000;16134600000;16334600000
3069;16276120000;16176333333;16376333333
3070;16276121000;16176333333;16376333333
3071;16279733000;16176333333;16376333333
3072;16279735000;16176333333;16376333333
3073;16279736000;16176333333;16376333333
3074;16279737000;16176333333;16376333333
3075;16279738000;16176333333;16376333333
3076;16279739000;16176333333;16376333333
3077;16279740000;16176333333;16376333333
3078;16279750000;16176333333;16376333333
3079;16317819000;16176333333;16376333333
3080;16317825000;16217877777;16417877777
3081;16317826000;16217877777;16417877777
3082;16317827000;16217877777;16417877777
3083;16317828000;16217877777;16417877777
3084;16317829000;16217877777;16417877777
3085;16317830000;16217877777;16417877777
3086;16317831000;16217877777;16417877777
3087;16317832000;16217877777;16417877777
3088;16317833000;16217877777;16417877777
3089;16317834000;16217877777;16417877777
3090;16359371000;16217877777;16417877777
3091;16359377000;16259666666;16459666666
3092;16359378000;16259666666;16459666666
3093;16359379000;16259666666;16459666666
3094;16359380000;16259666666;16459666666
3095;16359381000;16259666666;16459666666
3096;16359382000;16259666666;16459666666
3097;16359383000;16259666666;16459666666
3098;16359383000;16259666666;16459666666
3099;16359384000;16259666666;16459666666
3100;16359392000;16259666666;16459666666
3101;16401167000;16259666666;16459666666
3102;16401173000;16301255555;16501255555
3103;16401174000;16301255555;16501255555
3104;16401175000;16301255555;16501255555
3105;16401176000;16301255555;16501255555
3106;16401177000;16301255555;16501255555
3107;16401178000;16301255555;16501255555
3108;16401179000;16301255555;16501255555
3109;16401180000;16301255555;16501255555
3111;16442952000;16301255555;16501255555
3112;16443026000;16301255555;16501255555
3113;16443030000;16343100000;16543100000
3114;16443031000;16343100000;16543100000
3115;16443032000;16343100000;16543100000
3116;16443033000;16343100000;16543100000
3117;16443034000;16343100000;16543100000
3118;16443035000;16343100000;16543100000
3119;16443036000;16343100000;16543100000
3120;16443037000;16343100000;16543100000
3121;16443038000;16343100000;16543100000
3122;16443038000;16343100000;16543100000
3123;16484599000;16343100000;16543100000
3124;16484605000;16384866666;16584866666
3125;16484606000;16384866666;16584866666
3126;16484607000;16384866666;16584866666
3127;16484607000;16384866666;16584866666
3128;16484608000;16384866666;16584866666
3129;16484609000;16384866666;16584866666
3131;16526528000;16384866666;16584866666
3133;16526530000;16384866666;16584866666
3134;16526599000;16384866666;16584866666
3135;16526603000;16426266666;16626266666
3136;16526604000;16426266666;16626266666
3137;16526605000;16426266666;16626266666
3138;16526606000;16426266666;16626266666
3139;16526607000;16426266666;16626266666
3140;16526608000;16426266666;16626266666
3141;16526609000;16426266666;16626266666
3142;16526609000;16426266666;16626266666
3143;16526610000;16426266666;16626266666
3144;16526611000;16426266666;16626266666
3145;16567764000;16426266666;16626266666
3146;16567770000;16467888888;16667888888
3147;16567771000;16467888888;16667888888
3148;16567772000;16467888888;16667888888
3149;16567773000;16467888888;16667888888
3151;16609599000;16467888888;16667888888
3153;16609602000;16467888888;16667888888
3154;16609603000;16467888888;16667888888
3155;16609604000;16467888888;16667888888
3156;16612456000;16467888888;16667888888
3157;16612471000;16509666666;16709666666
3158;16612472000;16509666666;16709666666
3159;16612474000;16509666666;16709666666
3160;16612548000;16509666666;16709666666
3161;16612551000;16509666666;16709666666
3162;16612552000;16509666666;16709666666
3163;16612553000;16509666666;16709666666
3164;16612563000;16509666666;16709666666
3165;16612564000;16509666666;16709666666
3166;16612565000;16509666666;16709666666
3167;16654868000;16509666666;16709666666
3168;16654872000;16551277777;16751277777
3169;16654873000;16551277777;16751277777
3170;16654875000;16551277777;16751277777
3171;16654876000;16551277777;16751277777
3172;16654877000;16551277777;16751277777
3173;16654877000;16551277777;16751277777
3174;16654878000;16551277777;16751277777
3175;16654879000;16551277777;16751277777
3176;16654880000;16551277777;16751277777
3177;16654881000;16551277777;16751277777
3178;16692786000;16551277777;16751277777
3179;16692792000;16592922222;16792922222
3180;16692793000;16592922222;16792922222
3181;16692794000;16592922222;16792922222
3182;16692795000;16592922222;16792922222
3183;16692796000;16592922222;16792922222
3184;16692797000;16592922222;16792922222
3185;16692798000;16592922222;16792922222
3186;16692799000;16592922222;16792922222
3187;16692800000;16592922222;16792922222
3188;16692800000;16592922222;16792922222
3189;16734431000;16592922222;16792922222
3190;16734437000;16634611111;16834611111
3191;16734438000;16634611111;16834611111
3192;16738122000;16634611111;16834611111
3193;16738124000;16634611111;16834611111
3194;16738141000;16634611111;16834611111
3195;16738142000;16634611111;16834611111
3196;16738143000;16634611111;16834611111
3198;16776102000;16634611111;16834611111
3199;16776105000;16634611111;16834611111
3200;16779951000;16634611111;16834611111
3201;16779966000;16676255555;16876255555
3202;16779967000;16676255555;16876255555
3203;16779968000;16676255555;16876255555
3204;16779969000;16676255555;16876255555
3205;16779970000;16676255555;16876255555
3206;16779978000;16676255555;16876255555
3207;16779979000;16676255555;16876255555
3208;16779980000;16676255555;16876255555
3209;16779981000;16676255555;16876255555
3210;16779982000;16676255555;16876255555
3211;16817753000;16676255555;16876255555
3212;16817758000;16717900000;16917900000
3213;16817760000;16717900000;16917900000
3214;16821660000;16717900000;16917900000
3215;16821672000;16717900000;16917900000
3216;16821673000;16717900000;16917900000
3217;16821674000;16717900000;16917900000
3218;16821675000;16717900000;16917900000
3219;16821676000;16717900000;16917900000
3220;16821677000;16717900000;16917900000
3221;16821678000;16717900000;16917900000
3222;16863094000;16717900000;16917900000
3223;16863108000;16759788888;16959788888
3224;16863109000;16759788888;16959788888
3225;16863110000;16759788888;16959788888
3226;16863111000;16759788888;16959788888
3227;16863132000;16759788888;16959788888
3228;16863133000;16759788888;16959788888
3229;16863134000;16759788888;16959788888
3230;16863135000;16759788888;16959788888
3231;16863136000;16759788888;16959788888
3232;16863137000;16759788888;16959788888
3233;16901352000;16759788888;16959788888
3234;16901358000;16801388888;17001388888
3235;16901359000;16801388888;17001388888
3236;16901360000;16801388888;17001388888
3238;16943083000;16801388888;17001388888
3239;16943085000;16801388888;17001388888
3240;16943086000;16801388888;17001388888
3241;16943087000;16801388888;17001388888
3242;16943088000;16801388888;17001388888
3243;16943089000;16801388888;17001388888
3244;16943197000;16801388888;17001388888
3245;16943203000;16843222222;17043222222
3246;16943204000;16843222222;17043222222
3247;16946593000;16843222222;17043222222
3248;16946595000;16843222222;17043222222
3249;16946596000;16843222222;17043222222
3250;16946598000;16843222222;17043222222
3251;16946599000;16843222222;17043222222
3252;16946600000;16843222222;17043222222
3253;16946611000;16843222222;17043222222
3255;16984836000;16843222222;17043222222
3256;16984841000;16885033333;17085033333
3257;16984842000;16885033333;17085033333
3258;16984843000;16885033333;17085033333
3259;16984844000;16885033333;17085033333
3260;16984845000;16885033333;17085033333
3261;16984846000;16885033333;17085033333
3262;16984847000;16885033333;17085033333
3263;16984848000;16885033333;17085033333
3264;16984849000;16885033333;17085033333
3265;16984850000;16885033333;17085033333
3266;17026598000;16885033333;17085033333
3267;17026604000;16926511111;17126511111
3268;17026605000;16926511111;17126511111
3269;17026606000;16926511111;17126511111
3270;17026607000;16926511111;17126511111
3271;17026608000;16926511111;17126511111
3272;17026609000;16926511111;17126511111
3273;17026610000;16926511111;17126511111
3274;17026610000;16926511111;17126511111
3275;17026611000;16926511111;17126511111
3276;17026612000;16926511111;17126511111
3277;17068070000;16926511111;17126511111
3278;17068076000;16968255555;17168255555
3279;17068077000;16968255555;17168255555
3280;17068078000;16968255555;17168255555
3281;17068079000;16968255555;17168255555
3283;17109953000;16968255555;17168255555
3284;17109956000;16968255555;17168255555
3286;17109968000;16968255555;17168255555
3287;17109969000;16968255555;17168255555
3288;17110079000;16968255555;17168255555
3289;17110091000;17010177777;17210177777
3290;17110092000;17010177777;17210177777
3291;17110093000;17010177777;17210177777
3292;17110094000;17010177777;17210177777
3293;17110095000;17010177777;17210177777
3294;17110096000;17010177777;17210177777
3295;17110097000;17010177777;17210177777
3296;17110098000;17010177777;17210177777
3298;17151688000;17010177777;17210177777
3299;17151812000;17010177777;17210177777
3300;17151824000;17051300000;17251300000
3301;17151825000;17051300000;17251300000
3302;17151827000;17051300000;17251300000
3303;17151827000;17051300000;17251300000
3304;17151828000;17051300000;17251300000
3305;17151829000;17051300000;17251300000
3306;17151830000;17051300000;17251300000
3307;17151831000;17051300000;17251300000
3308;17151832000;17051300000;17251300000
3309;17151833000;17051300000;17251300000
3310;17192860000;17051300000;17251300000
3311;17192872000;17092944444;17292944444
3312;17196468000;17092944444;17292944444
3313;17196471000;17092944444;17292944444
3314;17196472000;17092944444;17292944444
3315;17196473000;17092944444;17292944444
3316;17196474000;17092944444;17292944444
3317;17196490000;17092944444;17292944444
3318;17196491000;17092944444;17292944444
3319;17196492000;17092944444;17292944444
3320;17196493000;17092944444;17292944444
3321;17234508000;17092944444;17292944444
3322;17234520000;17134833333;17334833333
3323;17234522000;17134833333;17334833333
3324;17234522000;17134833333;17334833333
3325;17234523000;17134833333;17334833333
3326;17234525000;17134833333;17334833333
3327;17234525000;17134833333;17334833333
3329;17276493000;17134833333;17334833333
3331;17276496000;17134833333;17334833333
3333;17317993000;17176377777;17376377777
3335;17317996000;17176377777;17376377777
3336;17317998000;17176377777;17376377777
3337;17317999000;17176377777;17376377777
3338;17317999000;17176377777;17376377777
3339;17318000000;17176377777;17376377777
3340;17318001000;17176377777;17376377777
3341;17318002000;17176377777;17376377777
3342;17318003000;17176377777;17376377777
3343;17318015000;17176377777;17376377777
3344;17318017000;17217955555;17417955555
3345;17318019000;17217955555;17417955555
3346;17321421000;17217955555;17417955555
3347;17321423000;17217955555;17417955555
3348;17321424000;17217955555;17417955555
3349;17321425000;17217955555;17417955555
3351;17359443000;17217955555;17417955555
3352;17359445000;17217955555;17417955555
3353;17359446000;17217955555;17417955555
3354;17359552000;17217955555;17417955555
3355;17359558000;17259566666;17459566666
3356;17359559000;17259566666;17459566666
3357;17362871000;17259566666;17459566666
3358;17362873000;17259566666;17459566666
3359;17362874000;17259566666;17459566666
3360;17362875000;17259566666;17459566666
3361;17362876000;17259566666;17459566666
3362;17362886000;17259566666;17459566666
3363;17362887000;17259566666;17459566666
3364;17362888000;17259566666;17459566666
3365;17401107000;17259566666;17459566666
3366;17401113000;17301366666;17501366666
3367;17401114000;17301366666;17501366666
3368;17401115000;17301366666;17501366666
3369;17404337000;17301366666;17501366666
3370;17404339000;17301366666;17501366666
3371;17404340000;17301366666;17501366666
3372;17404341000;17301366666;17501366666
3373;17404342000;17301366666;17501366666
3374;17404352000;17301366666;17501366666
3375;17404353000;17301366666;17501366666
3376;17442913000;17301366666;17501366666
3377;17442919000;17343011111;17543011111
3378;17442920000;17343011111;17543011111
3379;17442921000;17343011111;17543011111
3380;17442922000;17343011111;17543011111
3381;17442923000;17343011111;17543011111
3382;17442924000;17343011111;17543011111
3383;17442925000;17343011111;17543011111
3384;17442926000;17343011111;17543011111
3385;17442927000;17343011111;17543011111
3386;17442927000;17343011111;17543011111
3387;17484565000;17343011111;17543011111
3388;17484571000;17384900000;17584900000
3389;17484572000;17384900000;17584900000
3390;17484572000;17384900000;17584900000
3391;17484574000;17384900000;17584900000
3392;17484575000;17384900000;17584900000
3393;17484575000;17384900000;17584900000
3394;17484576000;17384900000;17584900000
3396;17526556000;17384900000;17584900000
3397;17526558000;17384900000;17584900000
3398;17526672000;17384900000;17584900000
3399;17526678000;17426377777;17626377777
3400;17526679000;17426377777;17626377777
3401;17526680000;17426377777;17626377777
3402;17526681000;17426377777;17626377777
3403;17526682000;17426377777;17626377777
3404;17526683000;17426377777;17626377777
3405;17526684000;17426377777;17626377777
3406;17526685000;17426377777;17626377777
3407;17526686000;17426377777;17626377777
3408;17526687000;17426377777;17626377777
3409;17567928000;17426377777;17626377777
3410;17567934000;17468188888;17668188888
3411;17567935000;17468188888;17668188888
3412;17567936000;17468188888;17668188888
3413;17567937000;17468188888;17668188888
3414;17567938000;17468188888;17668188888
3415;17567939000;17468188888;17668188888
3416;17567940000;17468188888;17668188888
3417;17567948000;17468188888;17668188888
3418;17567949000;17468188888;17668188888
3419;17567950000;17468188888;17668188888
3420;17609749000;17468188888;17668188888
3421;17609755000;17510044444;17710044444
3422;17609756000;17510044444;17710044444
3423;17609757000;17510044444;17710044444
3424;17609758000;17510044444;17710044444
3425;17609759000;17510044444;17710044444
3426;17609760000;17510044444;17710044444
3427;17609761000;17510044444;17710044444
3428;17609762000;17510044444;17710044444
3429;17609763000;17510044444;17710044444
3430;17609764000;17510044444;17710044444
3431;17651608000;17510044444;17710044444
3432;17651613000;17551888888;17751888888
3433;17651615000;17551888888;17751888888
3434;17651616000;17551888888;17751888888
3435;17651617000;17551888888;17751888888
3436;17651617000;17551888888;17751888888
3438;17693592000;17551888888;17751888888
3440;17693595000;17551888888;17751888888
3441;17693607000;17551888888;17751888888
3442;17693716000;17551888888;17751888888
3443;17696215000;17593344444;17793344444
3444;17696567000;17593344444;17793344444
3445;17696569000;17593344444;17793344444
3446;17696570000;17593344444;17793344444
3447;17696571000;17593344444;17793344444
3448;17696572000;17593344444;17793344444
3449;17696573000;17593344444;17793344444
3450;17696574000;17593344444;17793344444
3451;17696585000;17593344444;17793344444
3452;17696586000;17593344444;17793344444
3453;17734888000;17593344444;17793344444
3454;17734895000;17635144444;17835144444
3455;17734896000;17635144444;17835144444
3456;17734897000;17635144444;17835144444
3457;17734898000;17635144444;17835144444
3458;17734899000;17635144444;17835144444
3459;17734900000;17635144444;17835144444
3461;17776844000;17635144444;17835144444
3462;17776858000;17635144444;17835144444
3463;17776859000;17635144444;17835144444
3464;17776968000;17635144444;17835144444
3465;17779654000;17676533333;17876533333
3466;17779656000;17676533333;17876533333
3467;17779657000;17676533333;17876533333
3468;17779658000;17676533333;17876533333
3469;17779668000;17676533333;17876533333
3470;17779669000;17676533333;17876533333
3472;17817985000;17676533333;17876533333
3473;17817987000;17676533333;17876533333
3474;17817988000;17676533333;17876533333
3475;17818101000;17676533333;17876533333
3476;17818107000;17718366666;17918366666
3477;17818108000;17718366666;17918366666
3478;17818109000;17718366666;17918366666
3479;17818110000;17718366666;17918366666
3480;17818111000;17718366666;17918366666
3481;17818112000;17718366666;17918366666
3482;17818113000;17718366666;17918366666
3483;17818114000;17718366666;17918366666
3484;17818115000;17718366666;17918366666
3485;17818115000;17718366666;17918366666
3486;17859950000;17718366666;17918366666
3487;17859955000;17760166666;17960166666
3488;17859956000;17760166666;17960166666
3489;17859957000;17760166666;17960166666
3491;17901869000;17760166666;17960166666
3492;17901872000;17760166666;17960166666
3493;17901884000;17760166666;17960166666
3494;17901885000;17760166666;17960166666
3495;17901886000;17760166666;17960166666
3496;17901886000;17760166666;17960166666
3497;17901996000;17760166666;17960166666
3498;17902001000;17801300000;18001300000
3499;17902003000;17801300000;18001300000
3500;17902004000;17801300000;18001300000
3501;17902005000;17801300000;18001300000
3502;17902005000;17801300000;18001300000
3504;17942807000;17801300000;18001300000
3506;17942810000;17801300000;18001300000
3507;17942822000;17801300000;18001300000
3508;17942931000;17801300000;18001300000
3509;17942936000;17843033333;18043033333
3510;17942937000;17843033333;18043033333
3511;17942938000;17843033333;18043033333
3512;17942939000;17843033333;18043033333
3513;17942940000;17843033333;18043033333
3514;17942941000;17843033333;18043033333
3515;17942942000;17843033333;18043033333
3516;17942943000;17843033333;18043033333
3517;17942944000;17843033333;18043033333
3518;17942945000;17843033333;18043033333
3519;17984584000;17843033333;18043033333
3520;17984590000;17884855555;18084855555
3521;17984591000;17884855555;18084855555
3522;17984591000;17884855555;18084855555
3523;17984592000;17884855555;18084855555
3524;17984600000;17884855555;18084855555
3525;17984601000;17884855555;18084855555
3526;17984602000;17884855555;18084855555
3527;17984603000;17884855555;18084855555
3528;17984604000;17884855555;18084855555
3529;17984605000;17884855555;18084855555
3530;18026421000;17884855555;18084855555
3531;18026427000;17926566666;18126566666
3533;18068255000;17926566666;18126566666
3535;18068266000;17926566666;18126566666
3536;18068267000;17926566666;18126566666
3537;18068268000;17926566666;18126566666
3538;18068269000;17926566666;18126566666
3539;18068270000;17926566666;18126566666
3540;18068271000;17926566666;18126566666
3541;18068379000;17926566666;18126566666
3542;18068385000;17968244444;18168244444
3543;18068386000;17968244444;18168244444
3544;18068387000;17968244444;18168244444
3545;18068388000;17968244444;18168244444
3546;18068389000;17968244444;18168244444
3548;18109709000;17968244444;18168244444
3550;18109711000;17968244444;18168244444
3551;18109712000;17968244444;18168244444
3552;18109825000;17968244444;18168244444
3553;18109831000;18009744444;18209744444
3554;18109832000;18009744444;18209744444
3555;18109833000;18009744444;18209744444
3556;18109834000;18009744444;18209744444
3557;18109835000;18009744444;18209744444
3558;18109836000;18009744444;18209744444
3559;18109837000;18009744444;18209744444
3560;18109838000;18009744444;18209744444
3561;18109839000;18009744444;18209744444
3562;18109840000;18009744444;18209744444
3563;18151308000;18009744444;18209744444
3564;18151314000;18051400000;18251400000
3565;18151315000;18051400000;18251400000
3566;18151316000;18051400000;18251400000
3567;18151317000;18051400000;18251400000
3568;18151318000;18051400000;18251400000
3569;18151319000;18051400000;18251400000
3570;18151320000;18051400000;18251400000
3571;18151321000;18051400000;18251400000
3572;18151322000;18051400000;18251400000
3573;18151323000;18051400000;18251400000
3574;18192961000;18051400000;18251400000
3575;18192967000;18093011111;18293011111
3576;18192968000;18093011111;18293011111
3577;18192969000;18093011111;18293011111
3578;18192970000;18093011111;18293011111
3579;18192971000;18093011111;18293011111
3580;18192972000;18093011111;18293011111
3581;18192973000;18093011111;18293011111
3582;18192974000;18093011111;18293011111
3583;18192975000;18093011111;18293011111
3584;18192976000;18093011111;18293011111
3586;18276721000;18134900000;18334900000
3587;18276725000;18134900000;18334900000
3588;18276726000;18134900000;18334900000
3589;18276726000;18134900000;18334900000
3590;18276728000;18134900000;18334900000
3591;18276728000;18134900000;18334900000
3592;18276729000;18134900000;18334900000
3593;18276730000;18134900000;18334900000
3594;18276731000;18134900000;18334900000
3595;18276732000;18134900000;18334900000
3596;18276742000;18134900000;18334900000
3597;18276745000;18176577777;18376577777
3599;18318086000;18176577777;18376577777
3600;18318089000;18176577777;18376577777
3601;18318101000;18176577777;18376577777
3602;18318102000;18176577777;18376577777
3603;18318103000;18176577777;18376577777
3604;18318104000;18176577777;18376577777
3605;18318105000;18176577777;18376577777
3606;18318106000;18176577777;18376577777
3607;18318214000;18176577777;18376577777
3608;18318219000;18218422222;18418422222
3609;18318221000;18218422222;18418422222
3610;18318222000;18218422222;18418422222
3611;18318223000;18218422222;18418422222
3612;18318223000;18218422222;18418422222
3613;18318224000;18218422222;18418422222
3614;18318225000;18218422222;18418422222
3615;18318226000;18218422222;18418422222
3616;18318227000;18218422222;18418422222
3617;18318228000;18218422222;18418422222
3618;18359963000;18218422222;18418422222
3619;18359969000;18260088888;18460088888
3620;18359970000;18260088888;18460088888
3621;18359971000;18260088888;18460088888
3622;18359972000;18260088888;18460088888
3623;18359973000;18260088888;18460088888
3624;18359974000;18260088888;18460088888
3625;18359975000;18260088888;18460088888
3626;18359976000;18260088888;18460088888
3627;18359977000;18260088888;18460088888
3628;18359978000;18260088888;18460088888
3629;18401655000;18260088888;18460088888
3630;18401667000;18301755555;18501755555
3631;18404736000;18301755555;18501755555
3632;18404738000;18301755555;18501755555
3633;18404739000;18301755555;18501755555
3634;18404749000;18301755555;18501755555
3635;18404750000;18301755555;18501755555
3636;18404751000;18301755555;18501755555
3637;18404752000;18301755555;18501755555
3638;18404753000;18301755555;18501755555
3639;18404754000;18301755555;18501755555
3640;18443246000;18301755555;18501755555
3641;18443252000;18343400000;18543400000
3642;18443253000;18343400000;18543400000
3643;18443254000;18343400000;18543400000
3644;18443255000;18343400000;18543400000
3645;18443256000;18343400000;18543400000
3646;18443257000;18343400000;18543400000
3647;18443258000;18343400000;18543400000
3648;18443258000;18343400000;18543400000
3649;18443259000;18343400000;18543400000
3651;18485153000;18343400000;18543400000
3653;18526747000;18385233333;18585233333
3654;18526760000;18385233333;18585233333
3655;18526762000;18385233333;18585233333
3656;18526762000;18385233333;18585233333
3657;18526763000;18385233333;18585233333
3658;18526764000;18385233333;18585233333
3659;18526765000;18385233333;18585233333
3660;18526766000;18385233333;18585233333
3661;18526767000;18385233333;18585233333
3662;18526836000;18385233333;18585233333
3663;18526849000;18426533333;18626533333
3664;18526851000;18426533333;18626533333
3665;18526852000;18426533333;18626533333
3666;18526852000;18426533333;18626533333
3667;18526853000;18426533333;18626533333
3668;18526854000;18426533333;18626533333
3669;18526855000;18426533333;18626533333
3670;18526856000;18426533333;18626533333
3671;18526857000;18426533333;18626533333
3672;18526858000;18426533333;18626533333
3673;18568046000;18426533333;18626533333
3674;18568052000;18467966666;18667966666
3675;18568053000;18467966666;18667966666
3676;18571446000;18467966666;18667966666
3677;18571449000;18467966666;18667966666
3678;18571449000;18467966666;18667966666
3680;18609445000;18467966666;18667966666
3681;18609447000;18467966666;18667966666
3682;18609448000;18467966666;18667966666
3683;18609449000;18467966666;18667966666
3684;18609520000;18467966666;18667966666
3685;18609524000;18509855555;18709855555
3686;18609525000;18509855555;18709855555
3687;18609526000;18509855555;18709855555
3688;18609527000;18509855555;18709855555
3689;18609528000;18509855555;18709855555
3690;18609529000;18509855555;18709855555
3691;18609530000;18509855555;18709855555
3692;18609531000;18509855555;18709855555
3693;18609532000;18509855555;18709855555
3694;18609533000;18509855555;18709855555
3695;18651349000;18509855555;18709855555
3696;18651355000;18551388888;18751388888
3697;18651356000;18551388888;18751388888
3698;18651357000;18551388888;18751388888
3699;18651358000;18551388888;18751388888
3700;18651359000;18551388888;18751388888
3701;18651360000;18551388888;18751388888
3702;18651361000;18551388888;18751388888
3703;18651361000;18551388888;18751388888
3704;18651362000;18551388888;18751388888
3705;18651363000;18551388888;18751388888
3706;18692896000;18551388888;18751388888
3707;18692902000;18592900000;18792900000
3708;18692903000;18592900000;18792900000
3709;18692904000;18592900000;18792900000
3710;18692905000;18592900000;18792900000
3711;18692906000;18592900000;18792900000
3712;18692907000;18592900000;18792900000
3713;18692908000;18592900000;18792900000
3714;18692909000;18592900000;18792900000
3715;18692910000;18592900000;18792900000
3716;18692910000;18592900000;18792900000
3717;18734392000;18592900000;18792900000
3718;18734398000;18634655555;18834655555
3719;18734399000;18634655555;18834655555
3720;18734400000;18634655555;18834655555
3721;18734401000;18634655555;18834655555
3722;18734402000;18634655555;18834655555
3723;18734403000;18634655555;18834655555
3724;18734404000;18634655555;18834655555
3725;18734405000;18634655555;18834655555
3726;18734406000;18634655555;18834655555
3727;18734407000;18634655555;18834655555
3728;18776172000;18634655555;18834655555
3729;18776177000;18676355555;18876355555
3730;18776179000;18676355555;18876355555
3731;18776179000;18676355555;18876355555
3733;18818058000;18676355555;18876355555
3734;18818080000;18676355555;18876355555
3735;18818081000;18676355555;18876355555
3737;18818082000;18676355555;18876355555
3738;18818083000;18676355555;18876355555
3739;18818172000;18676355555;18876355555
3740;18818177000;18718222222;18918222222
3741;18818178000;18718222222;18918222222
3742;18818179000;18718222222;18918222222
3743;18818180000;18718222222;18918222222
3744;18818180000;18718222222;18918222222
3745;18818181000;18718222222;18918222222
3746;18818192000;18718222222;18918222222
3747;18818193000;18718222222;18918222222
3748;18818193000;18718222222;18918222222
3749;18818194000;18718222222;18918222222
3750;18859788000;18718222222;18918222222
3751;18859794000;18759888888;18959888888
3752;18859795000;18759888888;18959888888
3753;18859796000;18759888888;18959888888
3754;18859797000;18759888888;18959888888
3755;18859798000;18759888888;18959888888
3756;18859799000;18759888888;18959888888
3757;18859799000;18759888888;18959888888
3758;18859800000;18759888888;18959888888
3759;18859801000;18759888888;18959888888
3760;18859802000;18759888888;18959888888
3761;18901449000;18759888888;18959888888
3762;18901455000;18801600000;19001600000
3763;18901456000;18801600000;19001600000
3764;18901457000;18801600000;19001600000
3765;18901458000;18801600000;19001600000
3766;18901459000;18801600000;19001600000
3767;18901460000;18801600000;19001600000
3768;18901461000;18801600000;19001600000
3769;18901462000;18801600000;19001600000
3770;18901463000;18801600000;19001600000
3771;18901464000;18801600000;19001600000
3772;18943183000;18801600000;19001600000
3773;18943189000;18843400000;19043400000
3774;18943190000;18843400000;19043400000
3775;18943191000;18843400000;19043400000
3776;18943192000;18843400000;19043400000
3777;18943193000;18843400000;19043400000
3779;18985077000;18843400000;19043400000
3780;18985080000;18843400000;19043400000
3782;18985092000;18843400000;19043400000
3783;18987830000;18843400000;19043400000
3784;18987835000;18885288888;19085288888
3785;18987836000;18885288888;19085288888
3786;18987837000;18885288888;19085288888
3787;18987838000;18885288888;19085288888
3788;18987839000;18885288888;19085288888
3789;18987840000;18885288888;19085288888
3790;18987841000;18885288888;19085288888
3791;18987842000;18885288888;19085288888
3792;18987843000;18885288888;19085288888
3793;18987844000;18885288888;19085288888
3794;19026834000;18885288888;19085288888
3795;19026840000;18926300000;19126300000
3796;19026841000;18926300000;19126300000
3797;19026842000;18926300000;19126300000
3798;19026843000;18926300000;19126300000
3799;19026844000;18926300000;19126300000
3801;19067991000;18926300000;19126300000
3802;19068002000;18926300000;19126300000
3803;19068003000;18926300000;19126300000
3804;19068004000;18926300000;19126300000
3805;19068113000;18926300000;19126300000
3806;19068118000;18968255555;19168255555
3807;19068119000;18968255555;19168255555
3808;19068120000;18968255555;19168255555
3809;19071156000;18968255555;19168255555
3810;19071173000;18968255555;19168255555
3811;19071174000;18968255555;19168255555
3812;19071179000;18968255555;19168255555
3813;19071180000;18968255555;19168255555
3814;19071181000;18968255555;19168255555
3815;19071182000;18968255555;19168255555
3816;19109716000;18968255555;19168255555
3817;19109722000;19009833333;19209833333
3818;19109724000;19009833333;19209833333
3819;19109725000;19009833333;19209833333
3820;19109727000;19009833333;19209833333
3821;19109728000;19009833333;19209833333
3822;19109730000;19009833333;19209833333
3823;19109731000;19009833333;19209833333
3824;19109733000;19009833333;19209833333
3825;19109734000;19009833333;19209833333
3826;19109735000;19009833333;19209833333
3827;19151318000;19009833333;19209833333
3828;19151333000;19051611111;19251611111
3829;19151335000;19051611111;19251611111
3830;19151336000;19051611111;19251611111
3831;19151338000;19051611111;19251611111
3832;19151339000;19051611111;19251611111
3833;19151340000;19051611111;19251611111
3834;19151342000;19051611111;19251611111
3835;19151343000;19051611111;19251611111
3836;19151345000;19051611111;19251611111
3838;19193426000;19051611111;19251611111
3839;19193432000;19093622222;19293622222
3841;19235103000;19093622222;19293622222
3842;19235106000;19093622222;19293622222
3843;19235117000;19093622222;19293622222
3844;19235118000;19093622222;19293622222
3845;19235119000;19093622222;19293622222
3846;19235120000;19093622222;19293622222
3847;19235121000;19093622222;19293622222
3848;19235122000;19093622222;19293622222
3850;19276465000;19134866666;19334866666
3851;19276468000;19134866666;19334866666
3852;19276469000;19134866666;19334866666
3853;19276470000;19134866666;19334866666
3854;19276471000;19134866666;19334866666
3855;19276472000;19134866666;19334866666
3856;19276473000;19134866666;19334866666
3857;19276474000;19134866666;19334866666
3859;19276475000;19134866666;19334866666
3860;19280104000;19134866666;19334866666
3861;19280117000;19176522222;19376522222
3862;19280118000;19176522222;19376522222
3863;19280119000;19176522222;19376522222
3864;19280120000;19176522222;19376522222
3866;19318015000;19176522222;19376522222
3867;19318018000;19176522222;19376522222
3868;19318030000;19176522222;19376522222
3869;19318031000;19176522222;19376522222
3870;19318032000;19176522222;19376522222
3871;19318141000;19176522222;19376522222
3872;19318146000;19218255555;19418255555
3873;19318147000;19218255555;19418255555
3874;19318148000;19218255555;19418255555
3875;19318149000;19218255555;19418255555
3876;19318150000;19218255555;19418255555
3877;19318151000;19218255555;19418255555
3878;19318152000;19218255555;19418255555
3879;19318153000;19218255555;19418255555
3880;19318154000;19218255555;19418255555
3881;19318155000;19218255555;19418255555
3882;19359818000;19218255555;19418255555
3883;19359823000;19260055555;19460055555
3884;19359824000;19260055555;19460055555
3885;19359825000;19260055555;19460055555
3886;19359827000;19260055555;19460055555
3887;19359827000;19260055555;19460055555
3888;19359828000;19260055555;19460055555
3889;19359829000;19260055555;19460055555
3890;19359830000;19260055555;19460055555
3891;19359831000;19260055555;19460055555
3892;19359832000;19260055555;19460055555
3893;19401594000;19260055555;19460055555
3894;19401600000;19301911111;19501911111
3895;19401601000;19301911111;19501911111
3896;19401602000;19301911111;19501911111
3897;19401603000;19301911111;19501911111
3898;19401604000;19301911111;19501911111
3899;19401605000;19301911111;19501911111
3900;19401606000;19301911111;19501911111
3901;19401607000;19301911111;19501911111
3902;19401608000;19301911111;19501911111
3903;19401609000;19301911111;19501911111
3904;19443495000;19301911111;19501911111
3905;19446148000;19343611111;19543611111
3906;19446150000;19343611111;19543611111
3907;19446151000;19343611111;19543611111
3908;19446152000;19343611111;19543611111
3909;19446153000;19343611111;19543611111
3910;19446154000;19343611111;19543611111
3911;19446155000;19343611111;19543611111
3912;19446156000;19343611111;19543611111
3913;19446157000;19343611111;19543611111
3914;19446158000;19343611111;19543611111
3915;19487871000;19343611111;19543611111
3916;19487877000;19385433333;19585433333
3917;19487878000;19385433333;19585433333
3919;19526907000;19385433333;19585433333
3920;19526909000;19385433333;19585433333
3921;19526910000;19385433333;19585433333
3922;19526911000;19385433333;19585433333
3923;19526912000;19385433333;19585433333
3924;19526913000;19385433333;19585433333
3926;19527026000;19385433333;19585433333
3927;19527032000;19427044444;19627044444
3928;19527033000;19427044444;19627044444
3929;19527034000;19427044444;19627044444
3930;19527035000;19427044444;19627044444
3931;19527036000;19427044444;19627044444
3932;19527037000;19427044444;19627044444
3933;19527038000;19427044444;19627044444
3934;19527039000;19427044444;19627044444
3935;19527040000;19427044444;19627044444
3936;19527041000;19427044444;19627044444
3937;19568613000;19427044444;19627044444
3938;19568619000;19467911111;19667911111
3939;19568621000;19467911111;19667911111
3940;19568622000;19467911111;19667911111
3941;19568623000;19467911111;19667911111
3942;19568624000;19467911111;19667911111
3943;19568625000;19467911111;19667911111
3944;19568635000;19467911111;19667911111
3945;19568636000;19467911111;19667911111
3946;19568637000;19467911111;19667911111
3947;19568638000;19467911111;19667911111
3948;19609488000;19467911111;19667911111
3949;19609494000;19509900000;19709900000
3950;19609495000;19509900000;19709900000
3951;19609496000;19509900000;19709900000
3952;19609497000;19509900000;19709900000
3953;19609498000;19509900000;19709900000
3954;19609499000;19509900000;19709900000
3955;19609500000;19509900000;19709900000
3956;19609501000;19509900000;19709900000
3957;19609502000;19509900000;19709900000
3958;19609503000;19509900000;19709900000
3959;19651386000;19509900000;19709900000
3960;19651392000;19551388888;19751388888
3961;19651393000;19551388888;19751388888
3962;19651394000;19551388888;19751388888
3963;19651395000;19551388888;19751388888
3964;19651396000;19551388888;19751388888
3966;19693087000;19551388888;19751388888
3967;19693089000;19551388888;19751388888
3968;19693090000;19551388888;19751388888
3969;19693091000;19551388888;19751388888
3970;19693162000;19551388888;19751388888
3971;19693175000;19592933333;19792933333
3972;19693176000;19592933333;19792933333
3973;19693177000;19592933333;19792933333
3974;19693178000;19592933333;19792933333
3977;19734442000;19592933333;19792933333
3978;19734445000;19592933333;19792933333
3980;19734457000;19592933333;19792933333
3981;19734542000;19592933333;19792933333
3982;19734547000;19634755555;19834755555
3983;19734548000;19634755555;19834755555
3984;19734549000;19634755555;19834755555
3985;19734550000;19634755555;19834755555
3986;19734551000;19634755555;19834755555
3987;19734552000;19634755555;19834755555
3988;19734553000;19634755555;19834755555
3989;19734554000;19634755555;19834755555
3990;19734554000;19634755555;19834755555
3991;19734555000;19634755555;19834755555
3992;19776217000;19634755555;19834755555
3993;19776223000;19676322222;19876322222
3994;19776224000;19676322222;19876322222
3995;19776225000;19676322222;19876322222
3996;19776226000;19676322222;19876322222
3997;19776227000;19676322222;19876322222
3998;19776228000;19676322222;19876322222
3999;19776229000;19676322222;19876322222
4000;19776230000;19676322222;19876322222
4001;19776231000;19676322222;19876322222
4002;19776231000;19676322222;19876322222
4003;19817816000;19676322222;19876322222
4004;19817822000;19718411111;19918411111
4005;19817823000;19718411111;19918411111
4006;19817824000;19718411111;19918411111
4007;19817825000;19718411111;19918411111
4008;19817826000;19718411111;19918411111
4009;19817827000;19718411111;19918411111
4010;19817828000;19718411111;19918411111
4011;19817828000;19718411111;19918411111
4012;19817829000;19718411111;19918411111
4013;19817830000;19718411111;19918411111
4014;19859933000;19718411111;19918411111
4015;19859938000;19760322222;19960322222
4016;19859939000;19760322222;19960322222
4017;19863018000;19760322222;19960322222
4019;19901819000;19760322222;19960322222
4020;19901822000;19760322222;19960322222
4021;19901833000;19760322222;19960322222
4023;19901834000;19760322222;19960322222
4025;19901895000;19760322222;19960322222
4026;19901899000;19802000000;20002000000
4027;19901900000;19802000000;20002000000
4028;19901901000;19802000000;20002000000
4029;19901902000;19802000000;20002000000
4030;19901903000;19802000000;20002000000
4031;19901904000;19802000000;20002000000
4032;19901905000;19802000000;20002000000
4033;19901905000;19802000000;20002000000
4034;19901906000;19802000000;20002000000
4035;19901907000;19802000000;20002000000
4036;19943510000;19802000000;20002000000
4037;19943524000;19843300000;20043300000
4038;19943525000;19843300000;20043300000
4039;19943526000;19843300000;20043300000
4040;19943527000;19843300000;20043300000
4041;19943528000;19843300000;20043300000
4042;19943529000;19843300000;20043300000
4043;19943530000;19843300000;20043300000
4044;19943531000;19843300000;20043300000
4045;19943532000;19843300000;20043300000
4046;19943533000;19843300000;20043300000
4047;19984813000;19843300000;20043300000
4048;19984819000;19885277777;20085277777
4049;19984820000;19885277777;20085277777
4050;19984821000;19885277777;20085277777
4052;20026955000;19885277777;20085277777
4053;20026957000;19885277777;20085277777
4054;20026958000;19885277777;20085277777
4055;20026959000;19885277777;20085277777
4056;20026960000;19885277777;20085277777
4057;20026961000;19885277777;20085277777
4058;20027034000;19885277777;20085277777
4059;20027048000;19927133333;20127133333
4060;20027049000;19927133333;20127133333
4061;20029396000;19927133333;20127133333
4062;20029398000;19927133333;20127133333
4063;20029399000;19927133333;20127133333
4064;20029400000;19927133333;20127133333
4065;20029401000;19927133333;20127133333
4066;20029402000;19927133333;20127133333
4067;20029413000;19927133333;20127133333
4068;20029414000;19927133333;20127133333
4069;20068641000;19927133333;20127133333
4070;20068647000;19968288888;20168288888
4072;20109960000;19968288888;20168288888
4074;20109963000;19968288888;20168288888
4075;20109964000;19968288888;20168288888
4076;20109965000;19968288888;20168288888
4078;20109966000;19968288888;20168288888
4080;20110039000;19968288888;20168288888
4081;20110052000;20009866666;20209866666
4082;20110053000;20009866666;20209866666
4083;20110054000;20009866666;20209866666
4084;20110055000;20009866666;20209866666
4085;20110056000;20009866666;20209866666
4086;20110057000;20009866666;20209866666
4087;20110058000;20009866666;20209866666
4088;20110059000;20009866666;20209866666
4089;20110060000;20009866666;20209866666
4090;20110061000;20009866666;20209866666
4091;20154368000;20009866666;20209866666
4092;20154382000;20051344444;20251344444
4093;20154383000;20051344444;20251344444
4094;20154384000;20051344444;20251344444
4095;20154385000;20051344444;20251344444
4096;20154386000;20051344444;20251344444
4097;20154387000;20051344444;20251344444
4098;20154388000;20051344444;20251344444
4099;20154389000;20051344444;20251344444
4100;20154390000;20051344444;20251344444
4101;20154390000;20051344444;20251344444
4102;20192840000;20051344444;20251344444
4103;20192846000;20093333333;20293333333
4104;20192847000;20093333333;20293333333
4105;20192848000;20093333333;20293333333
4106;20192849000;20093333333;20293333333
4107;20192850000;20093333333;20293333333
4108;20192851000;20093333333;20293333333
4109;20192852000;20093333333;20293333333
4110;20192853000;20093333333;20293333333
4111;20192854000;20093333333;20293333333
4112;20192855000;20093333333;20293333333
4113;20234851000;20093333333;20293333333
4114;20234857000;20135144444;20335144444
4115;20234858000;20135144444;20335144444
4118;20276847000;20135144444;20335144444
4120;20276850000;20135144444;20335144444
4121;20276862000;20135144444;20335144444
4122;20276863000;20135144444;20335144444
4124;20276933000;20135144444;20335144444
4125;20276946000;20176722222;20376722222
4126;20276948000;20176722222;20376722222
4127;20276949000;20176722222;20376722222
4128;20276949000;20176722222;20376722222
4129;20276950000;20176722222;20376722222
4130;20276951000;20176722222;20376722222
4131;20276952000;20176722222;20376722222
4132;20276953000;20176722222;20376722222
4133;20276954000;20176722222;20376722222
4134;20276955000;20176722222;20376722222
4135;20318239000;20176722222;20376722222
4136;20318245000;20218066666;20418066666
4137;20318246000;20218066666;20418066666
4138;20318247000;20218066666;20418066666
4139;20318248000;20218066666;20418066666
4141;20359750000;20218066666;20418066666
4143;20359761000;20218066666;20418066666
4144;20359762000;20218066666;20418066666
4145;20359763000;20218066666;20418066666
4146;20359823000;20218066666;20418066666
4147;20359827000;20260266666;20460266666
4148;20359828000;20260266666;20460266666
4149;20359829000;20260266666;20460266666
4151;20401778000;20260266666;20460266666
4153;20401780000;20260266666;20460266666
4155;20401782000;20260266666;20460266666
4157;20401852000;20260266666;20460266666
4158;20405430000;20301722222;20501722222
4159;20405432000;20301722222;20501722222
4160;20405433000;20301722222;20501722222
4161;20405434000;20301722222;20501722222
4162;20405436000;20301722222;20501722222
4163;20405437000;20301722222;20501722222
4164;20405438000;20301722222;20501722222
4165;20405439000;20301722222;20501722222
4166;20405450000;20301722222;20501722222
4168;20443239000;20301722222;20501722222
4169;20443243000;20343188888;20543188888
4170;20443244000;20343188888;20543188888
4171;20443245000;20343188888;20543188888
4172;20443246000;20343188888;20543188888
4173;20443247000;20343188888;20543188888
4174;20443248000;20343188888;20543188888
4175;20443249000;20343188888;20543188888
4176;20443250000;20343188888;20543188888
4177;20443251000;20343188888;20543188888
4178;20443252000;20343188888;20543188888
4179;20484705000;20343188888;20543188888
4180;20484711000;20385300000;20585300000
4181;20484712000;20385300000;20585300000
4182;20484713000;20385300000;20585300000
4183;20484714000;20385300000;20585300000
4184;20484715000;20385300000;20585300000
4185;20484716000;20385300000;20585300000
4186;20484716000;20385300000;20585300000
4187;20484717000;20385300000;20585300000
4188;20484718000;20385300000;20585300000
4189;20484719000;20385300000;20585300000
4190;20526789000;20385300000;20585300000
4191;20526795000;20427522222;20627522222
4192;20526796000;20427522222;20627522222
4193;20526797000;20427522222;20627522222
4194;20526798000;20427522222;20627522222
4195;20526799000;20427522222;20627522222
4196;20526800000;20427522222;20627522222
4197;20526801000;20427522222;20627522222
4198;20526802000;20427522222;20627522222
4199;20526803000;20427522222;20627522222
4201;20569263000;20427522222;20627522222
4202;20569276000;20468788888;20668788888
4203;20569277000;20468788888;20668788888
4204;20569278000;20468788888;20668788888
4205;20569279000;20468788888;20668788888
4207;20610292000;20468788888;20668788888
4208;20610294000;20468788888;20668788888
4209;20610295000;20468788888;20668788888
4211;20610296000;20468788888;20668788888
4212;20610366000;20468788888;20668788888
4213;20610379000;20510100000;20710100000
4214;20610381000;20510100000;20710100000
4215;20610381000;20510100000;20710100000
4216;20610382000;20510100000;20710100000
4217;20610383000;20510100000;20710100000
4218;20610384000;20510100000;20710100000
4220;20651609000;20510100000;20710100000
4222;20651623000;20510100000;20710100000
4223;20651684000;20510100000;20710100000
4225;20693029000;20551555555;20751555555
4226;20693031000;20551555555;20751555555
4227;20693032000;20551555555;20751555555
4228;20693033000;20551555555;20751555555
4229;20693034000;20551555555;20751555555
4230;20693035000;20551555555;20751555555
4231;20693036000;20551555555;20751555555
4232;20693037000;20551555555;20751555555
4233;20693038000;20551555555;20751555555
4234;20693111000;20551555555;20751555555
4235;20693124000;20593444444;20793444444
4236;20693125000;20593444444;20793444444
4237;20693126000;20593444444;20793444444
4238;20693127000;20593444444;20793444444
4239;20693128000;20593444444;20793444444
4240;20693129000;20593444444;20793444444
4242;20734952000;20593444444;20793444444
4244;20734954000;20593444444;20793444444
4245;20735025000;20593444444;20793444444
4247;20776892000;20635422222;20835422222
4248;20776895000;20635422222;20835422222
4249;20776895000;20635422222;20835422222
4250;20776897000;20635422222;20835422222
4251;20776897000;20635422222;20835422222
4252;20776898000;20635422222;20835422222
4253;20776899000;20635422222;20835422222
4254;20776900000;20635422222;20835422222
4255;20776902000;20635422222;20835422222
4256;20776974000;20635422222;20835422222
4257;20776987000;20676422222;20876422222
4258;20776988000;20676422222;20876422222
4259;20776989000;20676422222;20876422222
4260;20776990000;20676422222;20876422222
4261;20776991000;20676422222;20876422222
4262;20776992000;20676422222;20876422222
4263;20776993000;20676422222;20876422222
4264;20776994000;20676422222;20876422222
4265;20776995000;20676422222;20876422222
4266;20776996000;20676422222;20876422222
4267;20821387000;20676422222;20876422222
4268;20821401000;20718233333;20918233333
4269;20821402000;20718233333;20918233333
4270;20821403000;20718233333;20918233333
4271;20821404000;20718233333;20918233333
4272;20821405000;20718233333;20918233333
4274;20859725000;20718233333;20918233333
4275;20859728000;20718233333;20918233333
4276;20859740000;20718233333;20918233333
4277;20859747000;20718233333;20918233333
4278;20859818000;20718233333;20918233333
4279;20859831000;20760044444;20960044444
4280;20859833000;20760044444;20960044444
4281;20859834000;20760044444;20960044444
4282;20859834000;20760044444;20960044444
4283;20859835000;20760044444;20960044444
4284;20859836000;20760044444;20960044444
4285;20859837000;20760044444;20960044444
4286;20859838000;20760044444;20960044444
4287;20859839000;20760044444;20960044444
4288;20859840000;20760044444;20960044444
4289;20901563000;20760044444;20960044444
4291;20943759000;20802044444;21002044444
4292;20943762000;20802044444;21002044444
4293;20943763000;20802044444;21002044444
4294;20943764000;20802044444;21002044444
4295;20943765000;20802044444;21002044444
4296;20943766000;20802044444;21002044444
4297;20943767000;20802044444;21002044444
4298;20943768000;20802044444;21002044444
4299;20943769000;20802044444;21002044444
4301;20985319000;20843766666;21043766666
4302;20985322000;20843766666;21043766666
4303;20985323000;20843766666;21043766666
4304;20985324000;20843766666;21043766666
4305;20985325000;20843766666;21043766666
4306;20985326000;20843766666;21043766666
4307;20985327000;20843766666;21043766666
4308;20985328000;20843766666;21043766666
4309;20985329000;20843766666;21043766666
4310;20985330000;20843766666;21043766666
4311;20985340000;20843766666;21043766666
4313;21026892000;20885422222;21085422222
4314;21026894000;20885422222;21085422222
4315;21026895000;20885422222;21085422222
4317;21026896000;20885422222;21085422222
4318;21026897000;20885422222;21085422222
4319;21026898000;20885422222;21085422222
4320;21026899000;20885422222;21085422222
4321;21026900000;20885422222;21085422222
4322;21026972000;20885422222;21085422222
4323;21026986000;20927277777;21127277777
4324;21026987000;20927277777;21127277777
4325;21026988000;20927277777;21127277777
4326;21026989000;20927277777;21127277777
4327;21026990000;20927277777;21127277777
4328;21026991000;20927277777;21127277777
4329;21026992000;20927277777;21127277777
4330;21026993000;20927277777;21127277777
4331;21026994000;20927277777;21127277777
4332;21026995000;20927277777;21127277777
4333;21068797000;20927277777;21127277777
4334;21068803000;20969211111;21169211111
4335;21068804000;20969211111;21169211111
4336;21068805000;20969211111;21169211111
4337;21068806000;20969211111;21169211111
4338;21068807000;20969211111;21169211111
4339;21068808000;20969211111;21169211111
4340;21068809000;20969211111;21169211111
4341;21068810000;20969211111;21169211111
4342;21068811000;20969211111;21169211111
4344;21110936000;20969211111;21169211111
4345;21110950000;21010866666;21210866666
4346;21110952000;21010866666;21210866666
4347;21110953000;21010866666;21210866666
4348;21110954000;21010866666;21210866666
4349;21110955000;21010866666;21210866666
4350;21110955000;21010866666;21210866666
4351;21110956000;21010866666;21210866666
4352;21110957000;21010866666;21210866666
4353;21110958000;21010866666;21210866666
4354;21110959000;21010866666;21210866666
4355;21152384000;21010866666;21210866666
4356;21152390000;21051544444;21251544444
4357;21152391000;21051544444;21251544444
4358;21152392000;21051544444;21251544444
4359;21152393000;21051544444;21251544444
4360;21152394000;21051544444;21251544444
4361;21152395000;21051544444;21251544444
4362;21152396000;21051544444;21251544444
4363;21152397000;21051544444;21251544444
4364;21152397000;21051544444;21251544444
4366;21193328000;21051544444;21251544444
4367;21193342000;21093266666;21293266666
4368;21193343000;21093266666;21293266666
4369;21193344000;21093266666;21293266666
4370;21193345000;21093266666;21293266666
4371;21196757000;21093266666;21293266666
4372;21196763000;21093266666;21293266666
4373;21196764000;21093266666;21293266666
4374;21196785000;21093266666;21293266666
4375;21196797000;21093266666;21293266666
4377;21234838000;21093266666;21293266666
4378;21234852000;21135222222;21335222222
4379;21234853000;21135222222;21335222222
4380;21234854000;21135222222;21335222222
4381;21238331000;21135222222;21335222222
4382;21238335000;21135222222;21335222222
4383;21238336000;21135222222;21335222222
4384;21238356000;21135222222;21335222222
4385;21238357000;21135222222;21335222222
4386;21238358000;21135222222;21335222222
4387;21238358000;21135222222;21335222222
4389;21318591000;21176833333;21376833333
4390;21318594000;21176833333;21376833333
4391;21318595000;21176833333;21376833333
4392;21318596000;21176833333;21376833333
4393;21318597000;21176833333;21376833333
4394;21318598000;21176833333;21376833333
4395;21318599000;21176833333;21376833333
4397;21318600000;21176833333;21376833333
4398;21318601000;21176833333;21376833333
4399;21318609000;21176833333;21376833333
4400;21318611000;21218600000;21418600000
4401;21318622000;21218600000;21418600000
4403;21360072000;21218600000;21418600000
4405;21360074000;21218600000;21418600000
4407;21360075000;21218600000;21418600000
4408;21360076000;21218600000;21418600000
4409;21360077000;21218600000;21418600000
4411;21402098000;21260555555;21460555555
4413;21402101000;21260555555;21460555555
4414;21402102000;21260555555;21460555555
4415;21402104000;21260555555;21460555555
4416;21402104000;21260555555;21460555555
4417;21402105000;21260555555;21460555555
4419;21402106000;21260555555;21460555555
4421;21402115000;21260555555;21460555555
4422;21402116000;21301566666;21501566666
4423;21402127000;21301566666;21501566666
4424;21402128000;21301566666;21501566666
4425;21402129000;21301566666;21501566666
4426;21402130000;21301566666;21501566666
4427;21402131000;21301566666;21501566666
4428;21402132000;21301566666;21501566666
4429;21402133000;21301566666;21501566666
4430;21402134000;21301566666;21501566666
4431;21402135000;21301566666;21501566666
4432;21443079000;21301566666;21501566666
4433;21443085000;21343300000;21543300000
4595;22556107000;21926188888;22126188888
4701;22974588000;22342855555;22542855555
4816;23391338000;22759611111;22959611111
4926;23808007000;23176300000;23376300000
5031;24224705000;23592988888;23792988888
5138;24641298000;24009600000;24209600000
5243;25016123000;24384622222;24584622222
5336;25391125000;24759611111;24959611111
5439;25766106000;25134611111;25334611111
5452;25806125000;25176288888;25376288888
5453;25806128000;25176288888;25376288888
5454;25806129000;25176288888;25376288888
5455;25806190000;25176288888;25376288888
5456;25806204000;25217922222;25417922222
5457;25806205000;25217922222;25417922222
5458;25806206000;25217922222;25417922222
5459;25806207000;25217922222;25417922222
5460;25806208000;25217922222;25417922222
5461;25806208000;25217922222;25417922222
5462;25806210000;25217922222;25417922222
5463;25806211000;25217922222;25417922222
5464;25806212000;25217922222;25417922222
5465;25806212000;25217922222;25417922222
5466;25847763000;25217922222;25417922222
5467;25847769000;25259566666;25459566666
5468;25847771000;25259566666;25459566666
5469;25847771000;25259566666;25459566666
5470;25847772000;25259566666;25459566666
5471;25847773000;25259566666;25459566666
5472;25847774000;25259566666;25459566666
5473;25847775000;25259566666;25459566666
5474;25847776000;25259566666;25459566666
5475;25847777000;25259566666;25459566666
5476;25847778000;25259566666;25459566666
5477;25889407000;25259566666;25459566666
5478;25889413000;25301244444;25501244444
5479;25889414000;25301244444;25501244444
5480;25889415000;25301244444;25501244444
5481;25889416000;25301244444;25501244444
5482;25889417000;25301244444;25501244444
5483;25889418000;25301244444;25501244444
5484;25889419000;25301244444;25501244444
5485;25889420000;25301244444;25501244444
5486;25889421000;25301244444;25501244444
5487;25889422000;25301244444;25501244444
5488;25931086000;25301244444;25501244444
5489;25931092000;25342888888;25542888888
5490;25931093000;25342888888;25542888888
5491;25931094000;25342888888;25542888888
5492;25931095000;25342888888;25542888888
5493;25931096000;25342888888;25542888888
5494;25931097000;25342888888;25542888888
5495;25931097000;25342888888;25542888888
5496;25931098000;25342888888;25542888888
5497;25931099000;25342888888;25542888888
5498;25931100000;25342888888;25542888888
5499;25972730000;25342888888;25542888888
