seqnum;now;rtptime;deadline;packet_len;payload_len
0;12232873000;8891700000;9391700000;10240;10228
1;12233010000;8891700000;9391700000;10240;10228
2;12233231000;8891700000;9391700000;10240;10228
3;12233241000;8922933333;9422933333;10240;10228
4;12233419000;8922933333;9422933333;10240;10228
5;12233429000;8922933333;9422933333;10240;10228
6;12233624000;8922933333;9422933333;10240;10228
7;12233832000;8922933333;9422933333;10240;10228
8;12233839000;8922933333;9422933333;10240;10228
9;12234035000;8922933333;9422933333;10240;10228
10;12234066000;8922955555;9422955555;10240;10228
11;12234265000;8923300000;9423300000;10240;10228
12;12234277000;8923300000;9423300000;10240;10228
13;12234458000;8923300000;9423300000;10240;10228
14;12234478000;8964588888;9464588888;10240;10228
15;12234662000;8964588888;9464588888;10240;10228
16;12234854000;8964588888;9464588888;10240;10228
17;12234863000;8964588888;9464588888;10240;10228
18;12235057000;8964588888;9464588888;10240;10228
19;12235065000;8964588888;9464588888;10240;10228
20;12235307000;8964588888;9464588888;10240;10228
21;12235329000;8964600000;9464600000;10240;10228
22;12235483000;8965000000;9465000000;10240;10228
23;12235506000;8965000000;9465000000;10240;10228
24;12235695000;8965000000;9465000000;10240;10228
25;12235893000;9006255555;9506255555;10240;10228
26;12235914000;9006255555;9506255555;10240;10228
27;12236100000;9006255555;9506255555;10240;10228
28;12236121000;9006255555;9506255555;10240;10228
29;12236315000;9006255555;9506255555;10240;10228
30;12236508000;9006255555;9506255555;10240;10228
31;12236527000;9006255555;9506255555;10240;10228
32;12236722000;9006266666;9506266666;10240;10228
33;12236732000;9006600000;9506600000;10240;10228
34;12236918000;9006600000;9506600000;10240;10228
35;12236927000;9006600000;9506600000;10240;10228
36;12237135000;9047922222;9547922222;10240;10228
37;12237156000;9047922222;9547922222;10240;10228
38;12237337000;9047922222;9547922222;10240;10228
39;12237542000;9047922222;9547922222;10240;10228
40;12237551000;9047922222;9547922222;10240;10228
41;12237737000;9047922222;9547922222;10240;10228
42;12237747000;9047922222;9547922222;10240;10228
43;12237926000;9047933333;9547933333;10240;10228
44;12237938000;9048266666;9548266666;10240;10228
45;12238164000;9048266666;9548266666;10240;10228
46;12238184000;9048266666;9548266666;10240;10228
47;12238363000;9089588888;9589588888;10240;10228
48;12238540000;9089588888;9589588888;10240;10228
49;12238561000;9089588888;9589588888;10240;10228
50;12238759000;9089588888;9589588888;10240;10228
51;12238770000;9089588888;9589588888;10240;10228
52;12238949000;9089588888;9589588888;10240;10228
53;12239168000;9089588888;9589588888;10240;10228
54;12239188000;9089600000;9589600000;10240;10228
55;12239364000;9089911111;9589911111;10240;10228
56;12239371000;9089911111;9589911111;10240;10228
57;12239568000;9089911111;9589911111;10240;10228
58;12239575000;9131255555;9631255555;10240;10228
59;12239773000;9131255555;9631255555;10240;10228
60;12239779000;9131255555;9631255555;10240;10228
61;12239960000;9131255555;9631255555;10240;10228
62;12240183000;9131255555;9631255555;10240;10228
63;12240188000;9131255555;9631255555;10240;10228
64;12240388000;9131255555;9631255555;10240;10228
65;12240394000;9131266666;9631266666;10240;10228
66;12240593000;9131566666;9631566666;10240;10228
67;12240599000;9131566666;9631566666;10240;10228
68;12240797000;9131566666;9631566666;10240;10228
69;12240987000;9172922222;9672922222;10240;10228
70;12240992000;9172922222;9672922222;10240;10228
71;12241209000;9172922222;9672922222;10240;10228
72;12241214000;9172922222;9672922222;10240;10228
73;12241413000;9172922222;9672922222;10240;10228
74;12241418000;9172922222;9672922222;10240;10228
75;12241617000;9172922222;9672922222;10240;10228
76;12241623000;9172933333;9672933333;10240;10228
77;12241820000;9173266666;9673266666;10240;10228
78;12242010000;9173266666;9673266666;10240;10228
79;12353514000;9173266666;9673266666;10240;10228
80;12353691000;9214588888;9714588888;10240;10228
81;12353888000;9214588888;9714588888;10240;10228
82;12353901000;9214588888;9714588888;10240;10228
83;12354104000;9214588888;9714588888;10240;10228
84;12354127000;9214588888;9714588888;10240;10228
85;12354303000;9214588888;9714588888;10240;10228
86;12354503000;9214588888;9714588888;10240;10228
87;12354522000;9214600000;9714600000;10240;10228
88;12354706000;9214911111;9714911111;10240;10228
89;12354727000;9214911111;9714911111;10240;10228
90;12354910000;9214911111;9714911111;10240;10228
91;12354923000;9256255555;9756255555;10240;10228
92;12355104000;9256255555;9756255555;10240;10228
93;12355332000;9256255555;9756255555;10240;10228
94;12355343000;9256255555;9756255555;10240;10228
95;12355536000;9256255555;9756255555;10240;10228
96;12355545000;9256255555;9756255555;10240;10228
97;12355731000;9256255555;9756255555;10240;10228
98;12355750000;9256266666;9756266666;10240;10228
99;12355933000;9256566666;9756566666;10240;10228
100;12355945000;9256566666;9756566666;10240;10228
101;12356163000;9256566666;9756566666;10240;10228
102;12356185000;9297922222;9797922222;10240;10228
103;12356353000;9297922222;9797922222;10240;10228
104;12356562000;9297922222;9797922222;10240;10228
105;12356575000;9297922222;9797922222;10240;10228
106;12356767000;9297922222;9797922222;10240;10228
107;12356958000;9297922222;9797922222;10240;10228
108;12357168000;9297922222;9797922222;10240;10228
109;12357187000;9297933333;9797933333;10240;10228
110;12357379000;9298188888;9798188888;10240;10228
111;12357389000;9298188888;9798188888;10240;10228
112;12357573000;9298188888;9798188888;10240;10228
113;12357593000;9339588888;9839588888;10240;10228
114;12357768000;9339588888;9839588888;10240;10228
115;12357775000;9339588888;9839588888;10240;10228
116;12357959000;9339588888;9839588888;10240;10228
117;12358179000;9339588888;9839588888;10240;10228
118;12358184000;9339588888;9839588888;10240;10228
119;12358383000;9339588888;9839588888;10240;10228
120;12358388000;9339600000;9839600000;10240;10228
121;12358588000;9339900000;9839900000;10240;10228
122;12358593000;9339900000;9839900000;10240;10228
123;12358791000;9339900000;9839900000;10240;10228
124;12358985000;9381255555;9881255555;10240;10228
125;12358991000;9381255555;9881255555;10240;10228
126;12359202000;9381255555;9881255555;10240;10228
127;12359210000;9381255555;9881255555;10240;10228
128;12359406000;9381255555;9881255555;10240;10228
129;12359412000;9381255555;9881255555;10240;10228
130;12359611000;9381255555;9881255555;10240;10228
131;12359616000;9381266666;9881266666;10240;10228
132;12359816000;9381566666;9881566666;10240;10228
133;12360009000;9381566666;9881566666;10240;10228
134;12360016000;9381566666;9881566666;10240;10228
135;12360226000;9422922222;9922922222;10240;10228
136;12360233000;9422922222;9922922222;10240;10228
137;12360432000;9422922222;9922922222;10240;10228
138;12360634000;9422922222;9922922222;10240;10228
139;12360640000;9422922222;9922922222;10240;10228
140;12360840000;9422922222;9922922222;10240;10228
141;12360846000;9422922222;9922922222;10240;10228
142;12361031000;9422933333;9922933333;10240;10228
143;12361038000;9423222222;9923222222;10240;10228
144;12361248000;9423222222;9923222222;10240;10228
145;12361256000;9423222222;9923222222;10240;10228
146;12361456000;9464588888;9964588888;10240;10228
147;12361659000;9464588888;9964588888;10240;10228
148;12361664000;9464588888;9964588888;10240;10228
149;12361867000;9464588888;9964588888;10240;10228
150;12361872000;9464588888;9964588888;10240;10228
151;12362055000;9464588888;9964588888;10240;10228
152;12362274000;9464588888;9964588888;10240;10228
153;12362279000;9464600000;9964600000;10240;10228
154;12362477000;9464911111;9964911111;10240;10228
155;12362483000;9464911111;9964911111;10240;10228
156;12362683000;9464911111;9964911111;10240;10228
157;12362688000;9506266666;10006266666;10240;10228
158;12474004000;9506266666;10006266666;10240;10228
159;12474341000;9506266666;10006266666;10240;10228
160;12474537000;9506266666;10006266666;10240;10228
161;12474728000;9506266666;10006266666;10240;10228
162;12474744000;9506266666;10006266666;10240;10228
163;12474914000;9506266666;10006266666;10240;10228
164;12474927000;9506277777;10006277777;10240;10228
165;12475168000;9506655555;10006655555;10240;10228
166;12475191000;9506655555;10006655555;10240;10228
167;12475354000;9506655555;10006655555;10240;10228
168;12475376000;9547922222;10047922222;10240;10228
169;12475555000;9547922222;10047922222;10240;10228
170;12475747000;9547922222;10047922222;10240;10228
171;12475761000;9547922222;10047922222;10240;10228
172;12475936000;9547922222;10047922222;10240;10228
173;12475950000;9547922222;10047922222;10240;10228
174;12476149000;9547922222;10047922222;10240;10228
175;12476171000;9547933333;10047933333;10240;10228
176;12476374000;9548233333;10048233333;10240;10228
177;12476565000;9548233333;10048233333;10240;10228
178;12476587000;9548233333;10048233333;10240;10228
179;12476770000;9589588888;10089588888;10240;10228
180;12476785000;9589588888;10089588888;10240;10228
181;12476961000;9589588888;10089588888;10240;10228
182;12477185000;9589588888;10089588888;10240;10228
183;12477196000;9589588888;10089588888;10240;10228
184;12477396000;9589588888;10089588888;10240;10228
185;12477591000;9589588888;10089588888;10240;10228
186;12477613000;9589600000;10089600000;10240;10228
187;12477783000;9589888888;10089888888;10240;10228
188;12477796000;9589888888;10089888888;10240;10228
189;12477979000;9589888888;10089888888;10240;10228
190;12478193000;9631255555;10131255555;10240;10228
191;12478204000;9631255555;10131255555;10240;10228
192;12478403000;9631255555;10131255555;10240;10228
193;12478424000;9631255555;10131255555;10240;10228
194;12478606000;9631255555;10131255555;10240;10228
195;12478629000;9631255555;10131255555;10240;10228
196;12478811000;9631255555;10131255555;10240;10228
197;12478823000;9631266666;10131266666;10240;10228
198;12479003000;9631588888;10131588888;10240;10228
199;12479224000;9631588888;10131588888;10240;10228
200;12479244000;9631588888;10131588888;10240;10228
201;12479438000;9672922222;10172922222;10240;10228
202;12479449000;9672922222;10172922222;10240;10228
203;12479631000;9672922222;10172922222;10240;10228
204;12479651000;9672922222;10172922222;10240;10228
205;12479834000;9672922222;10172922222;10240;10228
206;12480030000;9672922222;10172922222;10240;10228
207;12480040000;9672922222;10172922222;10240;10228
208;12480256000;9672933333;10172933333;10240;10228
209;12480266000;9673222222;10173222222;10240;10228
210;12480461000;9673222222;10173222222;10240;10228
211;12480653000;9673222222;10173222222;10240;10228
212;12480675000;9714588888;10214588888;10240;10228
213;12480859000;9714588888;10214588888;10240;10228
214;12480871000;9714588888;10214588888;10240;10228
215;12481084000;9714588888;10214588888;10240;10228
216;12481261000;9714588888;10214588888;10240;10228
217;12481267000;9714588888;10214588888;10240;10228
218;12481466000;9714588888;10214588888;10240;10228
219;12481473000;9714600000;10214600000;10240;10228
220;12481671000;9714922222;10214922222;10240;10228
221;12481874000;9714922222;10214922222;10240;10228
222;12481880000;9714922222;10214922222;10240;10228
223;12482119000;9756255555;10256255555;10240;10228
224;12482135000;9756255555;10256255555;10240;10228
225;12482285000;9756255555;10256255555;10240;10228
226;12482290000;9756255555;10256255555;10240;10228
227;12482501000;9756255555;10256255555;10240;10228
228;12482691000;9756255555;10256255555;10240;10228
229;12482698000;9756255555;10256255555;10240;10228
230;12482896000;9756266666;10256266666;10240;10228
231;12482902000;9756566666;10256566666;10240;10228
232;12483133000;9756566666;10256566666;10240;10228
233;12483148000;9756566666;10256566666;10240;10228
234;12483308000;9797922222;10297922222;10240;10228
235;12483313000;9797922222;10297922222;10240;10228
236;12511153000;9797922222;10297922222;10240;10228
237;12511280000;9797922222;10297922222;10240;10228
238;12594821000;9797922222;10297922222;10240;10228
239;12595149000;9797922222;10297922222;10240;10228
240;12595349000;9797922222;10297922222;10240;10228
241;12595370000;9797933333;10297933333;10240;10228
242;12595561000;9798200000;10298200000;10240;10228
243;12595750000;9798200000;10298200000;10240;10228
244;12595771000;9798200000;10298200000;10240;10228
245;12595957000;9839588888;10339588888;10240;10228
246;12595983000;9839588888;10339588888;10240;10228
247;12596171000;9839588888;10339588888;10240;10228
248;12596191000;9839588888;10339588888;10240;10228
249;12596363000;9839588888;10339588888;10240;10228
250;12596558000;9839588888;10339588888;10240;10228
251;12596565000;9839588888;10339588888;10240;10228
252;12596763000;9839600000;10339600000;10240;10228
253;12596770000;9839922222;10339922222;10240;10228
254;12596968000;9839922222;10339922222;10240;10228
255;12596974000;9839922222;10339922222;10240;10228
256;12597175000;9881255555;10381255555;10240;10228
257;12597377000;9881255555;10381255555;10240;10228
258;12597384000;9881255555;10381255555;10240;10228
259;12597581000;9881255555;10381255555;10240;10228
260;12597789000;9881255555;10381255555;10240;10228
261;12597794000;9881255555;10381255555;10240;10228
262;12597978000;9881255555;10381255555;10240;10228
263;12597983000;9881277777;10381277777;10240;10228
264;12598200000;9881577777;10381577777;10240;10228
265;12598401000;9881577777;10381577777;10240;10228
266;12598407000;9881577777;10381577777;10240;10228
267;12598617000;9922922222;10422922222;10240;10228
268;12598624000;9922922222;10422922222;10240;10228
269;12598812000;9922922222;10422922222;10240;10228
270;12598818000;9922922222;10422922222;10240;10228
271;12599000000;9922922222;10422922222;10240;10228
272;12599220000;9922922222;10422922222;10240;10228
273;12599226000;9922922222;10422922222;10240;10228
274;12599425000;9922933333;10422933333;10240;10228
275;12599432000;9923211111;10423211111;10240;10228
276;12599629000;9923211111;10423211111;10240;10228
277;12599838000;9923211111;10423211111;10240;10228
278;12599845000;9964588888;10464588888;10240;10228
279;12600023000;9964588888;10464588888;10240;10228
280;12600245000;9964588888;10464588888;10240;10228
281;12600250000;9964588888;10464588888;10240;10228
282;12600453000;9964588888;10464588888;10240;10228
283;12600459000;9964588888;10464588888;10240;10228
284;12600656000;9964588888;10464588888;10240;10228
285;12600661000;9964600000;10464600000;10240;10228
286;12600859000;9964911111;10464911111;10240;10228
287;12601054000;9964911111;10464911111;10240;10228
288;12601061000;9964911111;10464911111;10240;10228
289;12601269000;10006255555;10506255555;10240;10228
290;12601276000;10006255555;10506255555;10240;10228
291;12601477000;10006255555;10506255555;10240;10228
292;12601482000;10006255555;10506255555;10240;10228
293;12601680000;10006255555;10506255555;10240;10228
294;12601883000;10006255555;10506255555;10240;10228
295;12601889000;10006255555;10506255555;10240;10228
296;12602107000;10006266666;10506266666;10240;10228
297;12602126000;10006566666;10506566666;10240;10228
298;12602292000;10006566666;10506566666;10240;10228
299;12602499000;10006566666;10506566666;10240;10228
300;12602505000;10047922222;10547922222;10240;10228
301;12602703000;10047922222;10547922222;10240;10228
302;12602907000;10047922222;10547922222;10240;10228
303;12602913000;10047922222;10547922222;10240;10228
304;12603144000;10047922222;10547922222;10240;10228
305;12603150000;10047922222;10547922222;10240;10228
306;12603317000;10047922222;10547922222;10240;10228
307;12603322000;10047933333;10547933333;10240;10228
308;12603522000;10048200000;10548200000;10240;10228
309;12603528000;10048200000;10548200000;10240;10228
310;12603728000;10048200000;10548200000;10240;10228
311;12603916000;10089600000;10589600000;10240;10228
312;12603924000;10089600000;10589600000;10240;10228
313;12604151000;10089600000;10589600000;10240;10228
314;12631679000;10089600000;10589600000;10240;10228
315;12631875000;10089600000;10589600000;10240;10228
316;12632093000;10089600000;10589600000;10240;10228
317;12715610000;10089600000;10589600000;10240;10228
318;12715772000;10089611111;10589611111;10240;10228
319;12715788000;10089933333;10589933333;10240;10228
320;12715964000;10089933333;10589933333;10240;10228
321;12716189000;10089933333;10589933333;10240;10228
322;12716397000;10131255555;10631255555;10240;10228
323;12716601000;10131255555;10631255555;10240;10228
324;12716611000;10131255555;10631255555;10240;10228
325;12716796000;10131255555;10631255555;10240;10228
326;12716806000;10131255555;10631255555;10240;10228
327;12716985000;10131255555;10631255555;10240;10228
328;12717203000;10131255555;10631255555;10240;10228
329;12717224000;10131266666;10631266666;10240;10228
330;12717419000;10131588888;10631588888;10240;10228
331;12717611000;10131588888;10631588888;10240;10228
332;12717632000;10131588888;10631588888;10240;10228
333;12717816000;10172922222;10672922222;10240;10228
334;12717832000;10172922222;10672922222;10240;10228
335;12718005000;10172922222;10672922222;10240;10228
336;12718237000;10172922222;10672922222;10240;10228
337;12718247000;10172922222;10672922222;10240;10228
338;12718443000;10172922222;10672922222;10240;10228
339;12718453000;10172922222;10672922222;10240;10228
340;12718647000;10172933333;10672933333;10240;10228
341;12718657000;10173222222;10673222222;10240;10228
342;12718842000;10173222222;10673222222;10240;10228
343;12719031000;10173222222;10673222222;10240;10228
344;12719054000;10214588888;10714588888;10240;10228
345;12719250000;10214588888;10714588888;10240;10228
346;12719270000;10214588888;10714588888;10240;10228
347;12719467000;10214588888;10714588888;10240;10228
348;12719669000;10214588888;10714588888;10240;10228
349;12719681000;10214588888;10714588888;10240;10228
350;12719865000;10214588888;10714588888;10240;10228
351;12719877000;10214600000;10714600000;10240;10228
352;12720064000;10214900000;10714900000;10240;10228
353;12720086000;10214900000;10714900000;10240;10228
354;12720293000;10214900000;10714900000;10240;10228
355;12720479000;10256255555;10756255555;10240;10228
356;12720500000;10256255555;10756255555;10240;10228
357;12720683000;10256255555;10756255555;10240;10228
358;12720704000;10256255555;10756255555;10240;10228
359;12720880000;10256255555;10756255555;10240;10228
360;12720887000;10256255555;10756255555;10240;10228
361;12721073000;10256255555;10756255555;10240;10228
362;12721290000;10256266666;10756266666;10240;10228
363;12721296000;10256555555;10756555555;10240;10228
364;12721493000;10256555555;10756555555;10240;10228
365;12721698000;10256555555;10756555555;10240;10228
366;12721704000;10297922222;10797922222;10240;10228
367;12721902000;10297922222;10797922222;10240;10228
368;12721909000;10297922222;10797922222;10240;10228
369;12722116000;10297922222;10797922222;10240;10228
370;12722122000;10297922222;10797922222;10240;10228
371;12722311000;10297922222;10797922222;10240;10228
372;12722519000;10297922222;10797922222;10240;10228
373;12722538000;10297933333;10797933333;10240;10228
374;12722723000;10298177777;10798177777;10240;10228
375;12722729000;10298177777;10798177777;10240;10228
376;12722910000;10298177777;10798177777;10240;10228
377;12723133000;10339588888;10839588888;10240;10228
378;12723139000;10339588888;10839588888;10240;10228
379;12723340000;10339588888;10839588888;10240;10228
380;12723344000;10339588888;10839588888;10240;10228
381;12723541000;10339588888;10839588888;10240;10228
382;12723547000;10339588888;10839588888;10240;10228
383;12723746000;10339588888;10839588888;10240;10228
384;12723752000;10339600000;10839600000;10240;10228
385;12723934000;10339900000;10839900000;10240;10228
386;12724157000;10339900000;10839900000;10240;10228
387;12724162000;10339900000;10839900000;10240;10228
388;12724362000;10381255555;10881255555;10240;10228
389;12724367000;10381255555;10881255555;10240;10228
390;12724568000;10381255555;10881255555;10240;10228
391;12752124000;10381255555;10881255555;10240;10228
392;12752301000;10381255555;10881255555;10240;10228
393;12752503000;10381255555;10881255555;10240;10228
394;12752510000;10381255555;10881255555;10240;10228
395;12752699000;10381266666;10881266666;10240;10228
396;12836065000;10381555555;10881555555;10240;10228
397;12836212000;10381555555;10881555555;10240;10228
398;12836413000;10381555555;10881555555;10240;10228
399;12836626000;10422922222;10922922222;10240;10228
400;12836823000;10422922222;10922922222;10240;10228
401;12837024000;10422922222;10922922222;10240;10228
402;12837233000;10422922222;10922922222;10240;10228
403;12837255000;10422922222;10922922222;10240;10228
404;12837438000;10422922222;10922922222;10240;10228
405;12837637000;10422922222;10922922222;10240;10228
406;12837656000;10422933333;10922933333;10240;10228
407;12837838000;10423211111;10923211111;10240;10228
408;12838026000;10423211111;10923211111;10240;10228
409;12838248000;10423211111;10923211111;10240;10228
410;12838269000;10464588888;10964588888;10240;10228
411;12838452000;10464588888;10964588888;10240;10228
412;12838474000;10464588888;10964588888;10240;10228
413;12838666000;10464588888;10964588888;10240;10228
414;12838865000;10464588888;10964588888;10240;10228
415;12838875000;10464588888;10964588888;10240;10228
416;12839069000;10464588888;10964588888;10240;10228
417;12839078000;10464600000;10964600000;10240;10228
418;12839286000;10464911111;10964911111;10240;10228
419;12839296000;10464911111;10964911111;10240;10228
420;12839486000;10464911111;10964911111;10240;10228
421;12839682000;10506255555;11006255555;10240;10228
422;12839703000;10506255555;11006255555;10240;10228
423;12839900000;10506255555;11006255555;10240;10228
424;12839910000;10506255555;11006255555;10240;10228
425;12840112000;10506255555;11006255555;10240;10228
426;12840297000;10506255555;11006255555;10240;10228
427;12840319000;10506255555;11006255555;10240;10228
428;12840491000;10506266666;11006266666;10240;10228
429;12840499000;10506588888;11006588888;10240;10228
430;12840696000;10506588888;11006588888;10240;10228
431;12840703000;10506588888;11006588888;10240;10228
432;12840901000;10547922222;11047922222;10240;10228
433;12840907000;10547922222;11047922222;10240;10228
434;12841098000;10547922222;11047922222;10240;10228
435;12841311000;10547922222;11047922222;10240;10228
436;12841317000;10547922222;11047922222;10240;10228
437;12841516000;10547922222;11047922222;10240;10228
438;12841522000;10547922222;11047922222;10240;10228
439;12841720000;10547933333;11047933333;10240;10228
440;12841727000;10548222222;11048222222;10240;10228
441;12841926000;10548222222;11048222222;10240;10228
442;12842132000;10548222222;11048222222;10240;10228
443;12842137000;10589588888;11089588888;10240;10228
444;12842339000;10589588888;11089588888;10240;10228
445;12842356000;10589588888;11089588888;10240;10228
446;12842540000;10589588888;11089588888;10240;10228
447;12842545000;10589588888;11089588888;10240;10228
448;12842743000;10589588888;11089588888;10240;10228
449;12842934000;10589588888;11089588888;10240;10228
450;12842940000;10589600000;11089600000;10240;10228
451;12843154000;10589888888;11089888888;10240;10228
452;12843160000;10589888888;11089888888;10240;10228
453;12843360000;10589888888;11089888888;10240;10228
454;12843365000;10631255555;11131255555;10240;10228
455;12843565000;10631255555;11131255555;10240;10228
456;12843768000;10631255555;11131255555;10240;10228
457;12843774000;10631255555;11131255555;10240;10228
458;12843956000;10631255555;11131255555;10240;10228
459;12843962000;10631255555;11131255555;10240;10228
460;12844179000;10631255555;11131255555;10240;10228
461;12844184000;10631266666;11131266666;10240;10228
462;12844386000;10631544444;11131544444;10240;10228
463;12844586000;10631544444;11131544444;10240;10228
464;12844793000;10631544444;11131544444;10240;10228
465;12844798000;10672922222;11172922222;10240;10228
466;12844982000;10672922222;11172922222;10240;10228
467;12844987000;10672922222;11172922222;10240;10228
468;12871066000;10672922222;11172922222;10240;10228
469;12871247000;10672922222;11172922222;10240;10228
470;12871452000;10672922222;11172922222;10240;10228
471;12872715000;10672922222;11172922222;10240;10228
472;12872919000;10672933333;11172933333;10240;10228
473;12873144000;10673222222;11173222222;10240;10228
474;12873338000;10673222222;11173222222;10240;10228
475;12956680000;10673222222;11173222222;10240;10228
476;12956808000;10714588888;11214588888;10240;10228
477;12957012000;10714588888;11214588888;10240;10228
478;12957224000;10714588888;11214588888;10240;10228
479;12957429000;10714588888;11214588888;10240;10228
480;12957626000;10714588888;11214588888;10240;10228
481;12957830000;10714588888;11214588888;10240;10228
482;12958020000;10714588888;11214588888;10240;10228
483;12958075000;10714600000;11214600000;10240;10228
484;12958248000;10714922222;11214922222;10240;10228
485;12958482000;10714922222;11214922222;10240;10228
486;12958675000;10714922222;11214922222;10240;10228
487;12958702000;10756255555;11256255555;10240;10228
488;12958880000;10756255555;11256255555;10240;10228
489;12958891000;10756255555;11256255555;10240;10228
490;12959076000;10756255555;11256255555;10240;10228
491;12959296000;10756255555;11256255555;10240;10228
492;12959319000;10756255555;11256255555;10240;10228
493;12959492000;10756255555;11256255555;10240;10228
494;12959514000;10756266666;11256266666;10240;10228
495;12959697000;10756566666;11256566666;10240;10228
496;12959720000;10756566666;11256566666;10240;10228
497;12959902000;10756566666;11256566666;10240;10228
498;12959915000;10797922222;11297922222;10240;10228
499;12960101000;10797922222;11297922222;10240;10228
500;12960312000;10797922222;11297922222;10240;10228
501;12960334000;10797922222;11297922222;10240;10228
502;12960528000;10797922222;11297922222;10240;10228
503;12960731000;10797922222;11297922222;10240;10228
504;12960925000;10797922222;11297922222;10240;10228
505;12960938000;10797933333;11297933333;10240;10228
506;12961133000;10798200000;11298200000;10240;10228
507;12961157000;10798200000;11298200000;10240;10228
508;12961325000;10798200000;11298200000;10240;10228
509;12961332000;10839588888;11339588888;10240;10228
510;12961529000;10839588888;11339588888;10240;10228
511;12961735000;10839588888;11339588888;10240;10228
512;12961741000;10839588888;11339588888;10240;10228
513;12961922000;10839588888;11339588888;10240;10228
514;12961929000;10839588888;11339588888;10240;10228
515;12962144000;10839588888;11339588888;10240;10228
516;12962151000;10839600000;11339600000;10240;10228
517;12962371000;10839922222;11339922222;10240;10228
518;12962566000;10839922222;11339922222;10240;10228
519;12962586000;10839922222;11339922222;10240;10228
520;12962760000;10881255555;11381255555;10240;10228
521;12962767000;10881255555;11381255555;10240;10228
522;12962947000;10881255555;11381255555;10240;10228
523;12962954000;10881255555;11381255555;10240;10228
524;12963192000;10881255555;11381255555;10240;10228
525;12963383000;10881255555;11381255555;10240;10228
526;12963404000;10881255555;11381255555;10240;10228
527;12963588000;10881266666;11381266666;10240;10228
528;12963611000;10881566666;11381566666;10240;10228
529;12963794000;10881566666;11381566666;10240;10228
530;12963805000;10881566666;11381566666;10240;10228
531;12963983000;10922922222;11422922222;10240;10228
532;12964201000;10922922222;11422922222;10240;10228
533;12964224000;10922922222;11422922222;10240;10228
534;12964407000;10922922222;11422922222;10240;10228
535;12964429000;10922922222;11422922222;10240;10228
536;12964613000;10922922222;11422922222;10240;10228
537;12964634000;10922922222;11422922222;10240;10228
538;12964816000;10922933333;11422933333;10240;10228
539;12964829000;10923222222;11423222222;10240;10228
540;12965006000;10923222222;11423222222;10240;10228
541;12965226000;10923222222;11423222222;10240;10228
542;12965248000;10964588888;11464588888;10240;10228
543;12965430000;10964588888;11464588888;10240;10228
544;12965452000;10964588888;11464588888;10240;10228
545;12965644000;10964588888;11464588888;10240;10228
546;12991548000;10964588888;11464588888;10240;10228
547;12991694000;10964588888;11464588888;10240;10228
548;12991899000;10964588888;11464588888;10240;10228
549;12992106000;10964600000;11464600000;10240;10228
550;12993163000;10964922222;11464922222;10240;10228
551;12993351000;10964922222;11464922222;10240;10228
552;12993724000;10964922222;11464922222;10240;10228
553;12993929000;11006255555;11506255555;10240;10228
554;13077128000;11006255555;11506255555;10240;10228
555;13077456000;11006255555;11506255555;10240;10228
556;13077658000;11006255555;11506255555;10240;10228
557;13077874000;11006255555;11506255555;10240;10228
558;13078058000;11006255555;11506255555;10240;10228
559;13078290000;11006255555;11506255555;10240;10228
560;13078483000;11006266666;11506266666;10240;10228
561;13078506000;11006555555;11506555555;10240;10228
562;13078697000;11006555555;11506555555;10240;10228
563;13078895000;11006555555;11506555555;10240;10228
564;13079104000;11047922222;11547922222;10240;10228
565;13079327000;11047922222;11547922222;10240;10228
566;13079350000;11047922222;11547922222;10240;10228
567;13079590000;11047922222;11547922222;10240;10228
568;13079621000;11047922222;11547922222;10240;10228
569;13079748000;11047922222;11547922222;10240;10228
570;13079760000;11047922222;11547922222;10240;10228
571;13079921000;11047933333;11547933333;10240;10228
572;13080161000;11048211111;11548211111;10240;10228
573;13080188000;11048211111;11548211111;10240;10228
574;13080338000;11048211111;11548211111;10240;10228
575;13080366000;11089588888;11589588888;10240;10228
576;13080543000;11089588888;11589588888;10240;10228
577;13080739000;11089588888;11589588888;10240;10228
578;13080746000;11089588888;11589588888;10240;10228
579;13080918000;11089588888;11589588888;10240;10228
580;13081151000;11089588888;11589588888;10240;10228
581;13081353000;11089588888;11589588888;10240;10228
582;13081358000;11089600000;11589600000;10240;10228
583;13081558000;11089922222;11589922222;10240;10228
584;13081563000;11089922222;11589922222;10240;10228
585;13081764000;11089922222;11589922222;10240;10228
586;13081941000;11131255555;11631255555;10240;10228
587;13081947000;11131255555;11631255555;10240;10228
588;13082171000;11131255555;11631255555;10240;10228
589;13082177000;11131255555;11631255555;10240;10228
590;13082379000;11131255555;11631255555;10240;10228
591;13082384000;11131255555;11631255555;10240;10228
592;13082581000;11131255555;11631255555;10240;10228
593;13082587000;11131266666;11631266666;10240;10228
594;13082786000;11131566666;11631566666;10240;10228
595;13082965000;11131566666;11631566666;10240;10228
596;13082973000;11131566666;11631566666;10240;10228
597;13083195000;11172922222;11672922222;10240;10228
598;13083201000;11172922222;11672922222;10240;10228
599;13083399000;11172922222;11672922222;10240;10228
600;13083604000;11172922222;11672922222;10240;10228
601;13083610000;11172922222;11672922222;10240;10228
602;13083809000;11172922222;11672922222;10240;10228
603;13083990000;11172922222;11672922222;10240;10228
604;13083996000;11172933333;11672933333;10240;10228
605;13084201000;11173233333;11673233333;10240;10228
606;13084207000;11173233333;11673233333;10240;10228
607;13084425000;11173233333;11673233333;10240;10228
608;13084430000;11214588888;11714588888;10240;10228
609;13084629000;11214588888;11714588888;10240;10228
610;13084834000;11214588888;11714588888;10240;10228
611;13084840000;11214588888;11714588888;10240;10228
612;13085014000;11214588888;11714588888;10240;10228
613;13085020000;11214588888;11714588888;10240;10228
614;13085243000;11214588888;11714588888;10240;10228
615;13085249000;11214600000;11714600000;10240;10228
616;13085449000;11214911111;11714911111;10240;10228
617;13085652000;11214911111;11714911111;10240;10228
618;13085658000;11214911111;11714911111;10240;10228
619;13085858000;11256255555;11756255555;10240;10228
620;13085864000;11256255555;11756255555;10240;10228
621;13086035000;11256255555;11756255555;10240;10228
622;13086268000;11256255555;11756255555;10240;10228
623;13086273000;11256255555;11756255555;10240;10228
624;13086472000;11256255555;11756255555;10240;10228
625;13112172000;11256255555;11756255555;10240;10228
626;13112334000;11256266666;11756266666;10240;10228
627;13112350000;11256566666;11756566666;10240;10228
628;13112534000;11256566666;11756566666;10240;10228
629;13113778000;11256566666;11756566666;10240;10228
630;13113978000;11297922222;11797922222;10240;10228
631;13114183000;11297922222;11797922222;10240;10228
632;13144712000;11297922222;11797922222;10240;10228
633;13144741000;11297922222;11797922222;10240;10228
634;13197940000;11297922222;11797922222;10240;10228
635;13198283000;11297922222;11797922222;10240;10228
636;13198480000;11297922222;11797922222;10240;10228
637;13198687000;11297933333;11797933333;10240;10228
638;13198885000;11298188888;11798188888;10240;10228
639;13198896000;11298188888;11798188888;10240;10228
640;13199117000;11298188888;11798188888;10240;10228
641;13199311000;11339588888;11839588888;10240;10228
642;13199510000;11339588888;11839588888;10240;10228
643;13199731000;11339588888;11839588888;10240;10228
644;13199923000;11339588888;11839588888;10240;10228
645;13200141000;11339588888;11839588888;10240;10228
646;13200164000;11339588888;11839588888;10240;10228
647;13200333000;11339588888;11839588888;10240;10228
648;13200354000;11339600000;11839600000;10240;10228
649;13200538000;11339900000;11839900000;10240;10228
650;13200559000;11339900000;11839900000;10240;10228
651;13200750000;11339900000;11839900000;10240;10228
652;13200947000;11381255555;11881255555;10240;10228
653;13200959000;11381255555;11881255555;10240;10228
654;13201167000;11381255555;11881255555;10240;10228
655;13201188000;11381255555;11881255555;10240;10228
656;13201369000;11381255555;11881255555;10240;10228
657;13201551000;11381255555;11881255555;10240;10228
658;13201758000;11381255555;11881255555;10240;10228
659;13201765000;11381266666;11881266666;10240;10228
660;13201944000;11381566666;11881566666;10240;10228
661;13202169000;11381566666;11881566666;10240;10228
662;13202174000;11381566666;11881566666;10240;10228
663;13202370000;11422933333;11922933333;10240;10228
664;13202376000;11422933333;11922933333;10240;10228
665;13202576000;11422933333;11922933333;10240;10228
666;13202583000;11422933333;11922933333;10240;10228
667;13202779000;11422933333;11922933333;10240;10228
668;13202969000;11422933333;11922933333;10240;10228
669;13202975000;11422933333;11922933333;10240;10228
670;13203189000;11422955555;11922955555;10240;10228
671;13203195000;11423244444;11923244444;10240;10228
672;13203394000;11423244444;11923244444;10240;10228
673;13203598000;11423244444;11923244444;10240;10228
674;13203605000;11464588888;11964588888;10240;10228
675;13203802000;11464588888;11964588888;10240;10228
676;13203809000;11464588888;11964588888;10240;10228
677;13203992000;11464588888;11964588888;10240;10228
678;13204213000;11464588888;11964588888;10240;10228
679;13204222000;11464588888;11964588888;10240;10228
680;13204419000;11464588888;11964588888;10240;10228
681;13204425000;11464600000;11964600000;10240;10228
682;13204606000;11464922222;11964922222;10240;10228
683;13204829000;11464922222;11964922222;10240;10228
684;13204834000;11464922222;11964922222;10240;10228
685;13205017000;11506255555;12006255555;10240;10228
686;13205022000;11506255555;12006255555;10240;10228
687;13205238000;11506255555;12006255555;10240;10228
688;13205243000;11506255555;12006255555;10240;10228
689;13205443000;11506255555;12006255555;10240;10228
690;13205647000;11506255555;12006255555;10240;10228
691;13205652000;11506255555;12006255555;10240;10228
692;13205850000;11506266666;12006266666;10240;10228
693;13205856000;11506577777;12006577777;10240;10228
694;13206040000;11506577777;12006577777;10240;10228
695;13206260000;11506577777;12006577777;10240;10228
696;13206467000;11547922222;12047922222;10240;10228
697;13206472000;11547922222;12047922222;10240;10228
698;13206672000;11547922222;12047922222;10240;10228
699;13206677000;11547922222;12047922222;10240;10228
700;13206876000;11547922222;12047922222;10240;10228
701;13206881000;11547922222;12047922222;10240;10228
702;13207066000;11547922222;12047922222;10240;10228
703;13207283000;11547933333;12047933333;10240;10228
704;13232680000;11548233333;12048233333;10240;10228
705;13232838000;11548233333;12048233333;10240;10228
706;13233025000;11548233333;12048233333;10240;10228
707;13233234000;11589588888;12089588888;10240;10228
708;13234223000;11589588888;12089588888;10240;10228
709;13234600000;11589588888;12089588888;10240;10228
710;13234798000;11589588888;12089588888;10240;10228
711;13265367000;11589588888;12089588888;10240;10228
712;13265521000;11589588888;12089588888;10240;10228
713;13318818000;11589588888;12089588888;10240;10228
714;13318963000;11589600000;12089600000;10240;10228
715;13318978000;11589900000;12089900000;10240;10228
716;13319178000;11589900000;12089900000;10240;10228
717;13319364000;11589900000;12089900000;10240;10228
718;13319577000;11631255555;12131255555;10240;10228
719;13319804000;11631255555;12131255555;10240;10228
720;13319989000;11631255555;12131255555;10240;10228
721;13320214000;11631255555;12131255555;10240;10228
722;13320421000;11631255555;12131255555;10240;10228
723;13320602000;11631255555;12131255555;10240;10228
724;13320634000;11631255555;12131255555;10240;10228
725;13320793000;11631266666;12131266666;10240;10228
726;13320977000;11631577777;12131577777;10240;10228
727;13320989000;11631577777;12131577777;10240;10228
728;13321203000;11631577777;12131577777;10240;10228
729;13321231000;11672922222;12172922222;10240;10228
730;13321408000;11672922222;12172922222;10240;10228
731;13321615000;11672922222;12172922222;10240;10228
732;13321641000;11672922222;12172922222;10240;10228
733;13321820000;11672922222;12172922222;10240;10228
734;13321995000;11672922222;12172922222;10240;10228
735;13322229000;11672922222;12172922222;10240;10228
736;13322255000;11672933333;12172933333;10240;10228
737;13322436000;11673222222;12173222222;10240;10228
738;13322462000;11673222222;12173222222;10240;10228
739;13322637000;11673222222;12173222222;10240;10228
740;13322842000;11714588888;12214588888;10240;10228
741;13322873000;11714588888;12214588888;10240;10228
742;13323066000;11714588888;12214588888;10240;10228
743;13323091000;11714588888;12214588888;10240;10228
744;13323255000;11714588888;12214588888;10240;10228
745;13323457000;11714588888;12214588888;10240;10228
746;13323663000;11714588888;12214588888;10240;10228
747;13323692000;11714600000;12214600000;10240;10228
748;13323868000;11714922222;12214922222;10240;10228
749;13323878000;11714922222;12214922222;10240;10228
750;13324074000;11714922222;12214922222;10240;10228
751;13324084000;11756255555;12256255555;10240;10228
752;13324267000;11756255555;12256255555;10240;10228
753;13324273000;11756255555;12256255555;10240;10228
754;13324471000;11756255555;12256255555;10240;10228
755;13324675000;11756255555;12256255555;10240;10228
756;13324682000;11756255555;12256255555;10240;10228
757;13324881000;11756255555;12256255555;10240;10228
758;13324887000;11756266666;12256266666;10240;10228
759;13325061000;11756577777;12256577777;10240;10228
760;13325066000;11756577777;12256577777;10240;10228
761;13325277000;11756577777;12256577777;10240;10228
762;13325468000;11797922222;12297922222;10240;10228
763;13325474000;11797922222;12297922222;10240;10228
764;13325686000;11797922222;12297922222;10240;10228
765;13325693000;11797922222;12297922222;10240;10228
766;13325889000;11797922222;12297922222;10240;10228
767;13326087000;11797922222;12297922222;10240;10228
768;13326300000;11797922222;12297922222;10240;10228
769;13326306000;11797933333;12297933333;10240;10228
770;13326506000;11798211111;12298211111;10240;10228
771;13326512000;11798211111;12298211111;10240;10228
772;13326711000;11798211111;12298211111;10240;10228
773;13326716000;11839588888;12339588888;10240;10228
774;13326915000;11839588888;12339588888;10240;10228
775;13327135000;11839588888;12339588888;10240;10228
776;13327142000;11839588888;12339588888;10240;10228
777;13327325000;11839588888;12339588888;10240;10228
778;13327333000;11839588888;12339588888;10240;10228
779;13327529000;11839588888;12339588888;10240;10228
780;13327535000;11839600000;12339600000;10240;10228
781;13327734000;11839944444;12339944444;10240;10228
782;13327740000;11839944444;12339944444;10240;10228
783;13353325000;11839944444;12339944444;10240;10228
784;13353494000;11881255555;12381255555;10240;10228
785;13353502000;11881255555;12381255555;10240;10228
786;13354671000;11881255555;12381255555;10240;10228
787;13354877000;11881255555;12381255555;10240;10228
788;13355216000;11881255555;12381255555;10240;10228
789;13355445000;11881255555;12381255555;10240;10228
790;13386098000;11881255555;12381255555;10240;10228
791;13386268000;11881266666;12381266666;10240;10228
792;13439268000;11881588888;12381588888;10240;10228
793;13439461000;11881588888;12381588888;10240;10228
794;13439678000;11881588888;12381588888;10240;10228
795;13439863000;11922922222;12422922222;10240;10228
796;13439885000;11922922222;12422922222;10240;10228
797;13440216000;11922922222;12422922222;10240;10228
798;13440409000;11922922222;12422922222;10240;10228
799;13440629000;11922922222;12422922222;10240;10228
800;13440820000;11922922222;12422922222;10240;10228
801;13441023000;11922922222;12422922222;10240;10228
802;13441239000;11922933333;12422933333;10240;10228
803;13441258000;11923222222;12423222222;10240;10228
804;13441441000;11923222222;12423222222;10240;10228
805;13441644000;11923222222;12423222222;10240;10228
806;13441664000;11964588888;12464588888;10240;10228
807;13441853000;11964588888;12464588888;10240;10228
808;13441863000;11964588888;12464588888;10240;10228
809;13442018000;11964588888;12464588888;10240;10228
810;13442284000;11964588888;12464588888;10240;10228
811;13442447000;11964588888;12464588888;10240;10228
812;13442660000;11964588888;12464588888;10240;10228
813;13442669000;11964600000;12464600000;10240;10228
814;13442862000;11964933333;12464933333;10240;10228
815;13443032000;11964933333;12464933333;10240;10228
816;13443266000;11964933333;12464933333;10240;10228
817;13443272000;12006255555;12506255555;10240;10228
818;13443470000;12006255555;12506255555;10240;10228
819;13443476000;12006255555;12506255555;10240;10228
820;13443682000;12006255555;12506255555;10240;10228
821;13443887000;12006255555;12506255555;10240;10228
822;13443893000;12006255555;12506255555;10240;10228
823;13444057000;12006255555;12506255555;10240;10228
824;13444063000;12006266666;12506266666;10240;10228
825;13444295000;12006566666;12506566666;10240;10228
826;13444302000;12006566666;12506566666;10240;10228
827;13444502000;12006566666;12506566666;10240;10228
828;13444711000;12047922222;12547922222;10240;10228
829;13444716000;12047922222;12547922222;10240;10228
830;13444905000;12047922222;12547922222;10240;10228
831;13444911000;12047922222;12547922222;10240;10228
832;13445106000;12047922222;12547922222;10240;10228
833;13445112000;12047922222;12547922222;10240;10228
834;13445322000;12047922222;12547922222;10240;10228
835;13445340000;12047933333;12547933333;10240;10228
836;13445490000;12048222222;12548222222;10240;10228
837;13445697000;12048222222;12548222222;10240;10228
838;13445705000;12048222222;12548222222;10240;10228
839;13445886000;12089622222;12589622222;10240;10228
840;13446089000;12089622222;12589622222;10240;10228
841;13446101000;12089622222;12589622222;10240;10228
842;13446310000;12089622222;12589622222;10240;10228
843;13446319000;12089622222;12589622222;10240;10228
844;13446513000;12089622222;12589622222;10240;10228
845;13446765000;12089622222;12589622222;10240;10228
846;13446785000;12089633333;12589633333;10240;10228
847;13446958000;12089955555;12589955555;10240;10228
848;13446965000;12089955555;12589955555;10240;10228
849;13447177000;12089955555;12589955555;10240;10228
850;13447197000;12131255555;12631255555;10240;10228
851;13447329000;12131255555;12631255555;10240;10228
852;13447562000;12131255555;12631255555;10240;10228
853;13447576000;12131255555;12631255555;10240;10228
854;13447773000;12131255555;12631255555;10240;10228
855;13447787000;12131255555;12631255555;10240;10228
856;13447960000;12131255555;12631255555;10240;10228
857;13447985000;12131266666;12631266666;10240;10228
858;13448184000;12131577777;12631577777;10240;10228
859;13448370000;12131577777;12631577777;10240;10228
860;13448380000;12131577777;12631577777;10240;10228
861;13473820000;12172900000;12672900000;10240;10228
862;13473977000;12172900000;12672900000;10240;10228
863;13474182000;12172900000;12672900000;10240;10228
864;13475361000;12172900000;12672900000;10240;10228
865;13475588000;12172900000;12672900000;10240;10228
866;13475774000;12172900000;12672900000;10240;10228
867;13475972000;12172900000;12672900000;10240;10228
868;13475983000;12172911111;12672911111;10240;10228
869;13506579000;12173222222;12673222222;10240;10228
870;13506803000;12173222222;12673222222;10240;10228
871;13559943000;12173222222;12673222222;10240;10228
872;13560152000;12214588888;12714588888;10240;10228
873;13560355000;12214588888;12714588888;10240;10228
874;13560377000;12214588888;12714588888;10240;10228
875;13560841000;12214588888;12714588888;10240;10228
876;13561053000;12214588888;12714588888;10240;10228
877;13561088000;12214588888;12714588888;10240;10228
878;13561269000;12214588888;12714588888;10240;10228
879;13561448000;12214600000;12714600000;10240;10228
880;13561469000;12214911111;12714911111;10240;10228
881;13561666000;12214911111;12714911111;10240;10228
882;13561861000;12214911111;12714911111;10240;10228
883;13562027000;12256233333;12756233333;10240;10228
884;13562034000;12256233333;12756233333;10240;10228
885;13562265000;12256233333;12756233333;10240;10228
886;13562468000;12256233333;12756233333;10240;10228
887;13562489000;12256233333;12756233333;10240;10228
888;13562670000;12256233333;12756233333;10240;10228
889;13562871000;12256233333;12756233333;10240;10228
890;13563030000;12256244444;12756244444;10240;10228
891;13563038000;12256644444;12756644444;10240;10228
892;13563305000;12256644444;12756644444;10240;10228
893;13563502000;12256644444;12756644444;10240;10228
894;13563705000;12297922222;12797922222;10240;10228
895;13563725000;12297922222;12797922222;10240;10228
896;13563910000;12297922222;12797922222;10240;10228
897;13564088000;12297922222;12797922222;10240;10228
898;13564109000;12297922222;12797922222;10240;10228
899;13564319000;12297922222;12797922222;10240;10228
900;13564339000;12297922222;12797922222;10240;10228
901;13564531000;12297933333;12797933333;10240;10228
902;13564742000;12298233333;12798233333;10240;10228
903;13564751000;12298233333;12798233333;10240;10228
904;13564935000;12298233333;12798233333;10240;10228
905;13564944000;12339588888;12839588888;10240;10228
906;13565168000;12339588888;12839588888;10240;10228
907;13565188000;12339588888;12839588888;10240;10228
908;13565352000;12339588888;12839588888;10240;10228
909;13565543000;12339588888;12839588888;10240;10228
910;13565562000;12339588888;12839588888;10240;10228
911;13565749000;12339588888;12839588888;10240;10228
912;13565758000;12339600000;12839600000;10240;10228
913;13565923000;12339900000;12839900000;10240;10228
914;13566161000;12339900000;12839900000;10240;10228
915;13566183000;12339900000;12839900000;10240;10228
916;13566367000;12381233333;12881233333;10240;10228
917;13566388000;12381233333;12881233333;10240;10228
918;13566570000;12381233333;12881233333;10240;10228
919;13566739000;12381233333;12881233333;10240;10228
920;13566945000;12381233333;12881233333;10240;10228
921;13567225000;12381233333;12881233333;10240;10228
922;13567236000;12381233333;12881233333;10240;10228
923;13567240000;12381244444;12881244444;10240;10228
924;13567420000;12381633333;12881633333;10240;10228
925;13567604000;12381633333;12881633333;10240;10228
926;13567802000;12381633333;12881633333;10240;10228
927;13567811000;12422922222;12922922222;10240;10228
928;13567973000;12422922222;12922922222;10240;10228
929;13567982000;12422922222;12922922222;10240;10228
930;13568223000;12422922222;12922922222;10240;10228
931;13568232000;12422922222;12922922222;10240;10228
932;13568423000;12422922222;12922922222;10240;10228
933;13568620000;12422922222;12922922222;10240;10228
934;13568639000;12422933333;12922933333;10240;10228
935;13568827000;12423222222;12923222222;10240;10228
936;13568837000;12423222222;12923222222;10240;10228
937;13568996000;12423222222;12923222222;10240;10228
938;13569233000;12464588888;12964588888;10240;10228
939;13569254000;12464588888;12964588888;10240;10228
940;13594461000;12464588888;12964588888;10240;10228
941;13594662000;12464588888;12964588888;10240;10228
942;13595842000;12464588888;12964588888;10240;10228
943;13596038000;12464588888;12964588888;10240;10228
944;13596249000;12464588888;12964588888;10240;10228
945;13596260000;12464600000;12964600000;10240;10228
946;13596455000;12464911111;12964911111;10240;10228
947;13627457000;12464911111;12964911111;10240;10228
948;13627469000;12464911111;12964911111;10240;10228
949;13627687000;12506233333;13006233333;10240;10228
950;13680424000;12506233333;13006233333;10240;10228
951;13680791000;12506233333;13006233333;10240;10228
952;13680998000;12506233333;13006233333;10240;10228
953;13681279000;12506233333;13006233333;10240;10228
954;13681485000;12506233333;13006233333;10240;10228
955;13681526000;12506233333;13006233333;10240;10228
956;13681696000;12506244444;13006244444;10240;10228
957;13681891000;12506655555;13006655555;10240;10228
958;13681902000;12506655555;13006655555;10240;10228
959;13682059000;12506655555;13006655555;10240;10228
960;13682310000;12547922222;13047922222;10240;10228
961;13682331000;12547922222;13047922222;10240;10228
962;13682534000;12547922222;13047922222;10240;10228
963;13682891000;12547922222;13047922222;10240;10228
964;13683065000;12547922222;13047922222;10240;10228
965;13683319000;12547922222;13047922222;10240;10228
966;13683328000;12547922222;13047922222;10240;10228
967;13683344000;12547933333;13047933333;10240;10228
968;13683538000;12548233333;13048233333;10240;10228
969;13683718000;12548233333;13048233333;10240;10228
970;13683737000;12548233333;13048233333;10240;10228
971;13683919000;12589588888;13089588888;10240;10228
972;13683930000;12589588888;13089588888;10240;10228
973;13684147000;12589588888;13089588888;10240;10228
974;13684523000;12589588888;13089588888;10240;10228
975;13684724000;12589588888;13089588888;10240;10228
976;13684744000;12589588888;13089588888;10240;10228
977;13684929000;12589588888;13089588888;10240;10228
978;13684940000;12589600000;13089600000;10240;10228
979;13685149000;12589900000;13089900000;10240;10228
980;13685336000;12589900000;13089900000;10240;10228
981;13685342000;12589900000;13089900000;10240;10228
982;13685536000;12631233333;13131233333;10240;10228
983;13685541000;12631233333;13131233333;10240;10228
984;13685740000;12631233333;13131233333;10240;10228
985;13685943000;12631233333;13131233333;10240;10228
986;13685949000;12631233333;13131233333;10240;10228
987;13686148000;12631233333;13131233333;10240;10228
988;13686153000;12631233333;13131233333;10240;10228
989;13686336000;12631244444;13131244444;10240;10228
990;13686344000;12631644444;13131644444;10240;10228
991;13686540000;12631644444;13131644444;10240;10228
992;13686746000;12631644444;13131644444;10240;10228
993;13686753000;12672922222;13172922222;10240;10228
994;13686933000;12672922222;13172922222;10240;10228
995;13687166000;12672922222;13172922222;10240;10228
996;13687172000;12672922222;13172922222;10240;10228
997;13687344000;12672922222;13172922222;10240;10228
998;13687350000;12672922222;13172922222;10240;10228
999;13687564000;12672922222;13172922222;10240;10228
1000;13687767000;12672933333;13172933333;10240;10228
1001;13687972000;12673222222;13173222222;10240;10228
1002;13688180000;12673222222;13173222222;10240;10228
1003;13688201000;12673222222;13173222222;10240;10228
1004;13688395000;12714588888;13214588888;10240;10228
1005;13688400000;12714588888;13214588888;10240;10228
1006;13688608000;12714588888;13214588888;10240;10228
1007;13688612000;12714588888;13214588888;10240;10228
1008;13688811000;12714588888;13214588888;10240;10228
1009;13688980000;12714588888;13214588888;10240;10228
1010;13688985000;12714588888;13214588888;10240;10228
1011;13689237000;12714600000;13214600000;10240;10228
1012;13689253000;12714911111;13214911111;10240;10228
1013;13689423000;12714911111;13214911111;10240;10228
1014;13689428000;12714911111;13214911111;10240;10228
1015;13689632000;12756233333;13256233333;10240;10228
1016;13689834000;12756233333;13256233333;10240;10228
1017;13689840000;12756233333;13256233333;10240;10228
1018;13715118000;12756233333;13256233333;10240;10228
1019;13715332000;12756233333;13256233333;10240;10228
1020;13715350000;12756233333;13256233333;10240;10228
1021;13716461000;12756233333;13256233333;10240;10228
1022;13716659000;12756244444;13256244444;10240;10228
1023;13716680000;12756655555;13256655555;10240;10228
1024;13716869000;12756655555;13256655555;10240;10228
1025;13743592000;12756655555;13256655555;10240;10228
1026;13743796000;12797922222;13297922222;10240;10228
1027;13774182000;12797922222;13297922222;10240;10228
1028;13774311000;12797922222;13297922222;10240;10228
1029;13774542000;12797922222;13297922222;10240;10228
1030;13801229000;12797922222;13297922222;10240;10228
1031;13801721000;12797922222;13297922222;10240;10228
1032;13801924000;12797922222;13297922222;10240;10228
1033;13801933000;12797933333;13297933333;10240;10228
1034;13802137000;12798211111;13298211111;10240;10228
1035;13802344000;12798211111;13298211111;10240;10228
1036;13802364000;12798211111;13298211111;10240;10228
1037;13802567000;12839566666;13339566666;10240;10228
1038;13802742000;12839566666;13339566666;10240;10228
1039;13802763000;12839566666;13339566666;10240;10228
1040;13803324000;12839566666;13339566666;10240;10228
1041;13803529000;12839566666;13339566666;10240;10228
1042;13803538000;12839566666;13339566666;10240;10228
1043;13803936000;12839566666;13339566666;10240;10228
1044;13803946000;12839588888;13339588888;10240;10228
1045;13804173000;12840000000;13340000000;10240;10228
1046;13804193000;12840000000;13340000000;10240;10228
1047;13804354000;12840000000;13340000000;10240;10228
1048;13804545000;12881222222;13381222222;10240;10228
1049;13804566000;12881222222;13381222222;10240;10228
1050;13804780000;12881222222;13381222222;10240;10228
1051;13804958000;12881222222;13381222222;10240;10228
1052;13805176000;12881222222;13381222222;10240;10228
1053;13805185000;12881222222;13381222222;10240;10228
1054;13805368000;12881222222;13381222222;10240;10228
1055;13805387000;12881244444;13381244444;10240;10228
1056;13805602000;12881611111;13381611111;10240;10228
1057;13805778000;12881611111;13381611111;10240;10228
1058;13805962000;12881611111;13381611111;10240;10228
1059;13806189000;12922922222;13422922222;10240;10228
1060;13806210000;12922922222;13422922222;10240;10228
1061;13806392000;12922922222;13422922222;10240;10228
1062;13806412000;12922922222;13422922222;10240;10228
1063;13806604000;12922922222;13422922222;10240;10228
1064;13806612000;12922922222;13422922222;10240;10228
1065;13806798000;12922922222;13422922222;10240;10228
1066;13806807000;12922933333;13422933333;10240;10228
1067;13806973000;12923211111;13423211111;10240;10228
1068;13807211000;12923211111;13423211111;10240;10228
1069;13807232000;12923211111;13423211111;10240;10228
1070;13807415000;12964566666;13464566666;10240;10228
1071;13807439000;12964566666;13464566666;10240;10228
1072;13807620000;12964566666;13464566666;10240;10228
1073;13807640000;12964566666;13464566666;10240;10228
1074;13807825000;12964566666;13464566666;10240;10228
1075;13807845000;12964566666;13464566666;10240;10228
1076;13808033000;12964566666;13464566666;10240;10228
1077;13808052000;12964577777;13464577777;10240;10228
1078;13808263000;12964988888;13464988888;10240;10228
1079;13808442000;12964988888;13464988888;10240;10228
1080;13808637000;12964988888;13464988888;10240;10228
1081;13808842000;13006222222;13506222222;10240;10228
1082;13808849000;13006222222;13506222222;10240;10228
1083;13809012000;13006222222;13506222222;10240;10228
1084;13809018000;13006222222;13506222222;10240;10228
1085;13809252000;13006222222;13506222222;10240;10228
1086;13809447000;13006222222;13506222222;10240;10228
1087;13809664000;13006222222;13506222222;10240;10228
1088;13809670000;13006244444;13506244444;10240;10228
1089;13809866000;13006600000;13506600000;10240;10228
1090;13809871000;13006600000;13506600000;10240;10228
1091;13810035000;13006600000;13506600000;10240;10228
1092;13810040000;13047922222;13547922222;10240;10228
1093;13810277000;13047922222;13547922222;10240;10228
1094;13810473000;13047922222;13547922222;10240;10228
1095;13810479000;13047922222;13547922222;10240;10228
1096;13835560000;13047922222;13547922222;10240;10228
1097;13835770000;13047922222;13547922222;10240;10228
1098;13835776000;13047922222;13547922222;10240;10228
1099;13836806000;13047933333;13547933333;10240;10228
1100;13837008000;13048200000;13548200000;10240;10228
1101;13837219000;13048200000;13548200000;10240;10228
1102;13837421000;13048200000;13548200000;10240;10228
1103;13837426000;13089588888;13589588888;10240;10228
1104;13864213000;13089588888;13589588888;10240;10228
1105;13890821000;13089588888;13589588888;10240;10228
1106;13891022000;13089588888;13589588888;10240;10228
1107;13894788000;13089588888;13589588888;10240;10228
1108;13921322000;13089588888;13589588888;10240;10228
1109;13921520000;13089588888;13589588888;10240;10228
1110;13922163000;13089611111;13589611111;10240;10228
1111;13922435000;13089911111;13589911111;10240;10228
1112;13922806000;13089911111;13589911111;10240;10228
1113;13923004000;13089911111;13589911111;10240;10228
1114;13923015000;13131255555;13631255555;10240;10228
1115;13923257000;13131255555;13631255555;10240;10228
1116;13923454000;13131255555;13631255555;10240;10228
1117;13923465000;13131255555;13631255555;10240;10228
1118;13923792000;13131255555;13631255555;10240;10228
1119;13923966000;13131255555;13631255555;10240;10228
1120;13923975000;13131255555;13631255555;10240;10228
1121;13924421000;13131266666;13631266666;10240;10228
1122;13924618000;13131555555;13631555555;10240;10228
1123;13924798000;13131555555;13631555555;10240;10228
1124;13924808000;13131555555;13631555555;10240;10228
1125;13924949000;13172933333;13672933333;10240;10228
1126;13925227000;13172933333;13672933333;10240;10228
1127;13925247000;13172933333;13672933333;10240;10228
1128;13925424000;13172933333;13672933333;10240;10228
1129;13925628000;13172933333;13672933333;10240;10228
1130;13925639000;13172933333;13672933333;10240;10228
1131;13925832000;13172933333;13672933333;10240;10228
1132;13925843000;13172944444;13672944444;10240;10228
1133;13926011000;13173233333;13673233333;10240;10228
1134;13926252000;13173233333;13673233333;10240;10228
1135;13926443000;13173233333;13673233333;10240;10228
1136;13926454000;13214588888;13714588888;10240;10228
1137;13926635000;13214588888;13714588888;10240;10228
1138;13926849000;13214588888;13714588888;10240;10228
1139;13926859000;13214588888;13714588888;10240;10228
1140;13927008000;13214588888;13714588888;10240;10228
1141;13927019000;13214588888;13714588888;10240;10228
1142;13927252000;13214588888;13714588888;10240;10228
1143;13927272000;13214600000;13714600000;10240;10228
1144;13927442000;13214900000;13714900000;10240;10228
1145;13927658000;13214900000;13714900000;10240;10228
1146;13927839000;13214900000;13714900000;10240;10228
1147;13927847000;13256255555;13756255555;10240;10228
1148;13927998000;13256255555;13756255555;10240;10228
1149;13928256000;13256255555;13756255555;10240;10228
1150;13928274000;13256255555;13756255555;10240;10228
1151;13928454000;13256255555;13756255555;10240;10228
1152;13928472000;13256255555;13756255555;10240;10228
1153;13928666000;13256255555;13756255555;10240;10228
1154;13928681000;13256266666;13756266666;10240;10228
1155;13928884000;13256555555;13756555555;10240;10228
1156;13928890000;13256555555;13756555555;10240;10228
1157;13929036000;13256555555;13756555555;10240;10228
1158;13929298000;13297922222;13797922222;10240;10228
1159;13929313000;13297922222;13797922222;10240;10228
1160;13929498000;13297922222;13797922222;10240;10228
1161;13929513000;13297922222;13797922222;10240;10228
1162;13929702000;13297922222;13797922222;10240;10228
1163;13929908000;13297922222;13797922222;10240;10228
1164;13930062000;13297922222;13797922222;10240;10228
1165;13930078000;13297933333;13797933333;10240;10228
1166;13930320000;13298188888;13798188888;10240;10228
1167;13930336000;13298188888;13798188888;10240;10228
1168;13930516000;13298188888;13798188888;10240;10228
1169;13930731000;13339588888;13839588888;10240;10228
1170;13930746000;13339588888;13839588888;10240;10228
1171;13930928000;13339588888;13839588888;10240;10228
1172;13930933000;13339588888;13839588888;10240;10228
1173;13931139000;13339588888;13839588888;10240;10228
1174;13956267000;13339588888;13839588888;10240;10228
1175;13956470000;13339588888;13839588888;10240;10228
1176;13956475000;13339600000;13839600000;10240;10228
1177;13956696000;13339888888;13839888888;10240;10228
1178;13957300000;13339888888;13839888888;10240;10228
1179;13957665000;13339888888;13839888888;10240;10228
1180;13957881000;13381277777;13881277777;10240;10228
1181;13957890000;13381277777;13881277777;10240;10228
1182;13984742000;13381277777;13881277777;10240;10228
1183;13984972000;13381277777;13881277777;10240;10228
1184;14011530000;13381277777;13881277777;10240;10228
1185;14011730000;13381277777;13881277777;10240;10228
1186;14041831000;13381277777;13881277777;10240;10228
1187;14042017000;13381288888;13881288888;10240;10228
1188;14042038000;13381611111;13881611111;10240;10228
1189;14042615000;13381611111;13881611111;10240;10228
1190;14043279000;13381611111;13881611111;10240;10228
1191;14043487000;13422933333;13922933333;10240;10228
1192;14043506000;13422933333;13922933333;10240;10228
1193;14043717000;13422933333;13922933333;10240;10228
1194;14043891000;13422933333;13922933333;10240;10228
1195;14043903000;13422933333;13922933333;10240;10228
1196;14044430000;13422933333;13922933333;10240;10228
1197;14044619000;13422933333;13922933333;10240;10228
1198;14044628000;13422944444;13922944444;10240;10228
1199;14045022000;13423211111;13923211111;10240;10228
1200;14045230000;13423211111;13923211111;10240;10228
1201;14045250000;13423211111;13923211111;10240;10228
1202;14045455000;13464588888;13964588888;10240;10228
1203;14045668000;13464588888;13964588888;10240;10228
1204;14045883000;13464588888;13964588888;10240;10228
1205;14045895000;13464588888;13964588888;10240;10228
1206;14046061000;13464588888;13964588888;10240;10228
1207;14046300000;13464588888;13964588888;10240;10228
1208;14046321000;13464588888;13964588888;10240;10228
1209;14046479000;13464600000;13964600000;10240;10228
1210;14046500000;13464900000;13964900000;10240;10228
1211;14046692000;13464900000;13964900000;10240;10228
1212;14046908000;13464900000;13964900000;10240;10228
1213;14046917000;13506233333;14006233333;10240;10228
1214;14047078000;13506233333;14006233333;10240;10228
1215;14047098000;13506233333;14006233333;10240;10228
1216;14047349000;13506233333;14006233333;10240;10228
1217;14047510000;13506233333;14006233333;10240;10228
1218;14047515000;13506233333;14006233333;10240;10228
1219;14047715000;13506233333;14006233333;10240;10228
1220;14047720000;13506244444;14006244444;10240;10228
1221;14047907000;13506611111;14006611111;10240;10228
1222;14048085000;13506611111;14006611111;10240;10228
1223;14048283000;13506611111;14006611111;10240;10228
1224;14048289000;13547922222;14047922222;10240;10228
1225;14048504000;13547922222;14047922222;10240;10228
1226;14048728000;13547922222;14047922222;10240;10228
1227;14048737000;13547922222;14047922222;10240;10228
1228;14048881000;13547922222;14047922222;10240;10228
1229;14048896000;13547922222;14047922222;10240;10228
1230;14049146000;13547922222;14047922222;10240;10228
1231;14049151000;13547933333;14047933333;10240;10228
1232;14049353000;13548222222;14048222222;10240;10228
1233;14049358000;13548222222;14048222222;10240;10228
1234;14049543000;13548222222;14048222222;10240;10228
1235;14049560000;13589588888;14089588888;10240;10228
1236;14049753000;13589588888;14089588888;10240;10228
1237;14049923000;13589588888;14089588888;10240;10228
1238;14049931000;13589588888;14089588888;10240;10228
1239;14050126000;13589588888;14089588888;10240;10228
1240;14050349000;13589588888;14089588888;10240;10228
1241;14050588000;13589588888;14089588888;10240;10228
1242;14050593000;13589600000;14089600000;10240;10228
1243;14050795000;13589888888;14089888888;10240;10228
1244;14050800000;13589888888;14089888888;10240;10228
1245;14050944000;13589888888;14089888888;10240;10228
1246;14050960000;13631255555;14131255555;10240;10228
1247;14051222000;13631255555;14131255555;10240;10228
1248;14051408000;13631255555;14131255555;10240;10228
1249;14051424000;13631255555;14131255555;10240;10228
1250;14051609000;13631255555;14131255555;10240;10228
1251;14076771000;13631255555;14131255555;10240;10228
1252;14076966000;13631255555;14131255555;10240;10228
1253;14076976000;13631266666;14131266666;10240;10228
1254;14077181000;13631555555;14131555555;10240;10228
1255;14077203000;13631555555;14131555555;10240;10228
1256;14077811000;13631555555;14131555555;10240;10228
1257;14077989000;13672922222;14172922222;10240;10228
1258;14078210000;13672922222;14172922222;10240;10228
1259;14078423000;13672922222;14172922222;10240;10228
1260;14105528000;13672922222;14172922222;10240;10228
1261;14105724000;13672922222;14172922222;10240;10228
1262;14105746000;13672922222;14172922222;10240;10228
1263;14132189000;13672922222;14172922222;10240;10228
1264;14132371000;13672933333;14172933333;10240;10228
1265;14162291000;13673211111;14173211111;10240;10228
1266;14162493000;13673211111;14173211111;10240;10228
1267;14163040000;13673211111;14173211111;10240;10228
1268;14163263000;13714566666;14214566666;10240;10228
1269;14163731000;13714566666;14214566666;10240;10228
1270;14163931000;13714566666;14214566666;10240;10228
1271;14164321000;13714566666;14214566666;10240;10228
1272;14164524000;13714566666;14214566666;10240;10228
1273;14164544000;13714566666;14214566666;10240;10228
1274;14164924000;13714566666;14214566666;10240;10228
1275;14164935000;13714577777;14214577777;10240;10228
1276;14165151000;13714911111;14214911111;10240;10228
1277;14165832000;13714911111;14214911111;10240;10228
1278;14166027000;13714911111;14214911111;10240;10228
1279;14166037000;13756255555;14256255555;10240;10228
1280;14166235000;13756255555;14256255555;10240;10228
1281;14166258000;13756255555;14256255555;10240;10228
1282;14166439000;13756255555;14256255555;10240;10228
1283;14166651000;13756255555;14256255555;10240;10228
1284;14166832000;13756255555;14256255555;10240;10228
1285;14166836000;13756255555;14256255555;10240;10228
1286;14167007000;13756266666;14256266666;10240;10228
1287;14167012000;13756566666;14256566666;10240;10228
1288;14167248000;13756566666;14256566666;10240;10228
1289;14167253000;13756566666;14256566666;10240;10228
1290;14167446000;13797922222;14297922222;10240;10228
1291;14167655000;13797922222;14297922222;10240;10228
1292;14167661000;13797922222;14297922222;10240;10228
1293;14167860000;13797922222;14297922222;10240;10228
1294;14167866000;13797922222;14297922222;10240;10228
1295;14168031000;13797922222;14297922222;10240;10228
1296;14168271000;13797922222;14297922222;10240;10228
1297;14168278000;13797933333;14297933333;10240;10228
1298;14168469000;13798200000;14298200000;10240;10228
1299;14168475000;13798200000;14298200000;10240;10228
1300;14168680000;13798200000;14298200000;10240;10228
1301;14168686000;13839566666;14339566666;10240;10228
1302;14168884000;13839566666;14339566666;10240;10228
1303;14169055000;13839566666;14339566666;10240;10228
1304;14169071000;13839566666;14339566666;10240;10228
1305;14169296000;13839566666;14339566666;10240;10228
1306;14169301000;13839566666;14339566666;10240;10228
1307;14169495000;13839566666;14339566666;10240;10228
1308;14169501000;13839588888;14339588888;10240;10228
1309;14169703000;13839888888;14339888888;10240;10228
1310;14169874000;13839888888;14339888888;10240;10228
1311;14169879000;13839888888;14339888888;10240;10228
1312;14170111000;13881255555;14381255555;10240;10228
1313;14170115000;13881255555;14381255555;10240;10228
1314;14170355000;13881255555;14381255555;10240;10228
1315;14170531000;13881255555;14381255555;10240;10228
1316;14170551000;13881255555;14381255555;10240;10228
1317;14170729000;13881255555;14381255555;10240;10228
1318;14170907000;13881255555;14381255555;10240;10228
1319;14170917000;13881266666;14381266666;10240;10228
1320;14171166000;13881555555;14381555555;10240;10228
1321;14171357000;13881555555;14381555555;10240;10228
1322;14171376000;13881555555;14381555555;10240;10228
1323;14171562000;13922922222;14422922222;10240;10228
1324;14171572000;13922922222;14422922222;10240;10228
1325;14171780000;13922922222;14422922222;10240;10228
1326;14171789000;13922922222;14422922222;10240;10228
1327;14171931000;13922922222;14422922222;10240;10228
1328;14197232000;13922922222;14422922222;10240;10228
1329;14197433000;13922922222;14422922222;10240;10228
1330;14197453000;13922933333;14422933333;10240;10228
1331;14197637000;13923211111;14423211111;10240;10228
1332;14197659000;13923211111;14423211111;10240;10228
1333;14197850000;13923211111;14423211111;10240;10228
1334;14198250000;13964588888;14464588888;10240;10228
1335;14198445000;13964588888;14464588888;10240;10228
1336;14198673000;13964588888;14464588888;10240;10228
1337;14198851000;13964588888;14464588888;10240;10228
1338;14226120000;13964588888;14464588888;10240;10228
1339;14226309000;13964588888;14464588888;10240;10228
1340;14226320000;13964588888;14464588888;10240;10228
1341;14252584000;13964600000;14464600000;10240;10228
1342;14252809000;13964900000;14464900000;10240;10228
1343;14252990000;13964900000;14464900000;10240;10228
1344;14282971000;13964900000;14464900000;10240;10228
1345;14283190000;14006255555;14506255555;10240;10228
1346;14283481000;14006255555;14506255555;10240;10228
1347;14284187000;14006255555;14506255555;10240;10228
1348;14284387000;14006255555;14506255555;10240;10228
1349;14284772000;14006255555;14506255555;10240;10228
1350;14284958000;14006255555;14506255555;10240;10228
1351;14284970000;14006255555;14506255555;10240;10228
1352;14285371000;14006266666;14506266666;10240;10228
1353;14285601000;14006555555;14506555555;10240;10228
1354;14286329000;14006555555;14506555555;10240;10228
1355;14286563000;14006555555;14506555555;10240;10228
1356;14286583000;14047900000;14547900000;10240;10228
1357;14286781000;14047900000;14547900000;10240;10228
1358;14286974000;14047900000;14547900000;10240;10228
1359;14286984000;14047900000;14547900000;10240;10228
1360;14287190000;14047900000;14547900000;10240;10228
1361;14287209000;14047900000;14547900000;10240;10228
1362;14287395000;14047900000;14547900000;10240;10228
1363;14287405000;14047911111;14547911111;10240;10228
1364;14287615000;14048277777;14548277777;10240;10228
1365;14287791000;14048277777;14548277777;10240;10228
1366;14287803000;14048277777;14548277777;10240;10228
1367;14287961000;14089588888;14589588888;10240;10228
1368;14287972000;14089588888;14589588888;10240;10228
1369;14288202000;14089588888;14589588888;10240;10228
1370;14288213000;14089588888;14589588888;10240;10228
1371;14288402000;14089588888;14589588888;10240;10228
1372;14288635000;14089588888;14589588888;10240;10228
1373;14288657000;14089588888;14589588888;10240;10228
1374;14288816000;14089600000;14589600000;10240;10228
1375;14288828000;14089900000;14589900000;10240;10228
1376;14288985000;14089900000;14589900000;10240;10228
1377;14289230000;14089900000;14589900000;10240;10228
1378;14289249000;14131255555;14631255555;10240;10228
1379;14289424000;14131255555;14631255555;10240;10228
1380;14289444000;14131255555;14631255555;10240;10228
1381;14289630000;14131255555;14631255555;10240;10228
1382;14289641000;14131255555;14631255555;10240;10228
1383;14289803000;14131255555;14631255555;10240;10228
1384;14290011000;14131255555;14631255555;10240;10228
1385;14290021000;14131266666;14631266666;10240;10228
1386;14290261000;14131566666;14631566666;10240;10228
1387;14290271000;14131566666;14631566666;10240;10228
1388;14290460000;14131566666;14631566666;10240;10228
1389;14290469000;14172933333;14672933333;10240;10228
1390;14290652000;14172933333;14672933333;10240;10228
1391;14290657000;14172933333;14672933333;10240;10228
1392;14290886000;14172933333;14672933333;10240;10228
1393;14291122000;14172933333;14672933333;10240;10228
1394;14291333000;14172933333;14672933333;10240;10228
1395;14291338000;14172933333;14672933333;10240;10228
1396;14291342000;14172944444;14672944444;10240;10228
1397;14291539000;14173233333;14673233333;10240;10228
1398;14291745000;14173233333;14673233333;10240;10228
1399;14291921000;14173233333;14673233333;10240;10228
1400;14292161000;14214588888;14714588888;10240;10228
1401;14292167000;14214588888;14714588888;10240;10228
1402;14292366000;14214588888;14714588888;10240;10228
1403;14292373000;14214588888;14714588888;10240;10228
1404;14292571000;14214588888;14714588888;10240;10228
1405;14317672000;14214588888;14714588888;10240;10228
1406;14317863000;14214588888;14714588888;10240;10228
1407;14317869000;14214600000;14714600000;10240;10228
1408;14318097000;14214900000;14714900000;10240;10228
1409;14318103000;14214900000;14714900000;10240;10228
1410;14318286000;14214900000;14714900000;10240;10228
1411;14318484000;14256255555;14756255555;10240;10228
1412;14318491000;14256255555;14756255555;10240;10228
1413;14318852000;14256255555;14756255555;10240;10228
1414;14319060000;14256255555;14756255555;10240;10228
1415;14319267000;14256255555;14756255555;10240;10228
1416;14319465000;14256255555;14756255555;10240;10228
1417;14346827000;14256255555;14756255555;10240;10228
1418;14346996000;14256266666;14756266666;10240;10228
1419;14358271000;14256555555;14756555555;10240;10228
1420;14373060000;14256555555;14756555555;10240;10228
1421;14373433000;14256555555;14756555555;10240;10228
1422;14373660000;14297944444;14797944444;10240;10228
1423;14403453000;14297944444;14797944444;10240;10228
1424;14403943000;14297944444;14797944444;10240;10228
1425;14404169000;14297944444;14797944444;10240;10228
1426;14404856000;14297944444;14797944444;10240;10228
1427;14405084000;14297944444;14797944444;10240;10228
1428;14405402000;14297944444;14797944444;10240;10228
1429;14405650000;14297955555;14797955555;10240;10228
1430;14405829000;14298222222;14798222222;10240;10228
1431;14406013000;14298222222;14798222222;10240;10228
1432;14406789000;14298222222;14798222222;10240;10228
1433;14406965000;14339588888;14839588888;10240;10228
1434;14407214000;14339588888;14839588888;10240;10228
1435;14407234000;14339588888;14839588888;10240;10228
1436;14407443000;14339588888;14839588888;10240;10228
1437;14407452000;14339588888;14839588888;10240;10228
1438;14407625000;14339588888;14839588888;10240;10228
1439;14407821000;14339588888;14839588888;10240;10228
1440;14407832000;14339600000;14839600000;10240;10228
1441;14441616000;14339888888;14839888888;10240;10228
1442;14441821000;14339888888;14839888888;10240;10228
1443;14441840000;14339888888;14839888888;10240;10228
1444;14442016000;14381277777;14881277777;10240;10228
1445;14442227000;14381277777;14881277777;10240;10228
1446;14442246000;14381277777;14881277777;10240;10228
1447;14442421000;14381277777;14881277777;10240;10228
1448;14442426000;14381277777;14881277777;10240;10228
1449;14442619000;14381277777;14881277777;10240;10228
1450;14442825000;14381277777;14881277777;10240;10228
1451;14442831000;14381344444;14881344444;10240;10228
1452;14483259000;14381644444;14881644444;10240;10228
1453;14483456000;14381644444;14881644444;10240;10228
1454;14483475000;14381644444;14881644444;10240;10228
1455;14483682000;14422922222;14922922222;10240;10228
1456;14483861000;14422922222;14922922222;10240;10228
1457;14483872000;14422922222;14922922222;10240;10228
1458;14484030000;14422922222;14922922222;10240;10228
1459;14484278000;14422922222;14922922222;10240;10228
1460;14484302000;14422922222;14922922222;10240;10228
1461;14484470000;14422922222;14922922222;10240;10228
1462;14484490000;14422977777;14922977777;10240;10228
1463;14524936000;14423355555;14923355555;10240;10228
1464;14525144000;14423355555;14923355555;10240;10228
1465;14525153000;14423355555;14923355555;10240;10228
1466;14525352000;14464611111;14964611111;10240;10228
1467;14525540000;14464611111;14964611111;10240;10228
1468;14525561000;14464611111;14964611111;10240;10228
1469;14525743000;14464611111;14964611111;10240;10228
1470;14525764000;14464611111;14964611111;10240;10228
1471;14525947000;14464611111;14964611111;10240;10228
1472;14526155000;14464611111;14964611111;10240;10228
1473;14526175000;14464655555;14964655555;10240;10228
1474;14566589000;14464977777;14964977777;10240;10228
1475;14566793000;14464977777;14964977777;10240;10228
1476;14566813000;14464977777;14964977777;10240;10228
1477;14566987000;14506266666;15006266666;10240;10228
1478;14567202000;14506266666;15006266666;10240;10228
1479;14567222000;14506266666;15006266666;10240;10228
1480;14567405000;14506266666;15006266666;10240;10228
1481;14567426000;14506266666;15006266666;10240;10228
1482;14567609000;14506266666;15006266666;10240;10228
1483;14567806000;14506266666;15006266666;10240;10228
1484;14567819000;14506311111;15006311111;10240;10228
1485;14608298000;14506666666;15006666666;10240;10228
1486;14608470000;14506666666;15006666666;10240;10228
1487;14608665000;14506666666;15006666666;10240;10228
1488;14608686000;14547944444;15047944444;10240;10228
1489;14608869000;14547944444;15047944444;10240;10228
1490;14608892000;14547944444;15047944444;10240;10228
1491;14609057000;14547944444;15047944444;10240;10228
1492;14609289000;14547944444;15047944444;10240;10228
1493;14609308000;14547944444;15047944444;10240;10228
1494;14609487000;14547944444;15047944444;10240;10228
1495;14609505000;14547988888;15047988888;10240;10228
1496;14649933000;14548277777;15048277777;10240;10228
1497;14650145000;14548277777;15048277777;10240;10228
1498;14650326000;14548277777;15048277777;10240;10228
1499;14650347000;14589633333;15089633333;10240;10228
1500;14650546000;14589633333;15089633333;10240;10228
1501;14650566000;14589633333;15089633333;10240;10228
1502;14650750000;14589633333;15089633333;10240;10228
1503;14650771000;14589633333;15089633333;10240;10228
1504;14650954000;14589633333;15089633333;10240;10228
1505;14651174000;14589633333;15089633333;10240;10228
1506;14651193000;14589677777;15089677777;10240;10228
1507;14691644000;14589966666;15089966666;10240;10228
1508;14691804000;14589966666;15089966666;10240;10228
1509;14692001000;14589966666;15089966666;10240;10228
1510;14692013000;14631277777;15131277777;10240;10228
1511;14692212000;14631277777;15131277777;10240;10228
1512;14692224000;14631277777;15131277777;10240;10228
1513;14692416000;14631277777;15131277777;10240;10228
1514;14692439000;14631277777;15131277777;10240;10228
1515;14692622000;14631277777;15131277777;10240;10228
1516;14692820000;14631277777;15131277777;10240;10228
1517;14692830000;14631322222;15131322222;10240;10228
1518;14733255000;14631633333;15131633333;10240;10228
1519;14733441000;14631633333;15131633333;10240;10228
1520;14733640000;14631633333;15131633333;10240;10228
1521;14733661000;14672911111;15172911111;10240;10228
1522;14733841000;14672911111;15172911111;10240;10228
1523;14733861000;14672911111;15172911111;10240;10228
1524;14734057000;14672911111;15172911111;10240;10228
1525;14734080000;14672911111;15172911111;10240;10228
1526;14734258000;14672911111;15172911111;10240;10228
1527;14734458000;14672911111;15172911111;10240;10228
1528;14734480000;14672955555;15172955555;10240;10228
1529;14774969000;14673244444;15173244444;10240;10228
1530;14775186000;14673244444;15173244444;10240;10228
1531;14775200000;14673244444;15173244444;10240;10228
1532;14775332000;14714611111;15214611111;10240;10228
1533;14775538000;14714611111;15214611111;10240;10228
1534;14775560000;14714611111;15214611111;10240;10228
1535;14775745000;14714611111;15214611111;10240;10228
1536;14775765000;14714611111;15214611111;10240;10228
1537;14775948000;14714611111;15214611111;10240;10228
1538;14776164000;14714611111;15214611111;10240;10228
1539;14776183000;14714655555;15214655555;10240;10228
1540;14816650000;14714977777;15214977777;10240;10228
1541;14816810000;14714977777;15214977777;10240;10228
1542;14817008000;14714977777;15214977777;10240;10228
1543;14817018000;14756277777;15256277777;10240;10228
1544;14817220000;14756277777;15256277777;10240;10228
1545;14817240000;14756277777;15256277777;10240;10228
1546;14817422000;14756277777;15256277777;10240;10228
1547;14817443000;14756277777;15256277777;10240;10228
1548;14817627000;14756277777;15256277777;10240;10228
1549;14817824000;14756277777;15256277777;10240;10228
1550;14817836000;14756322222;15256322222;10240;10228
1551;14858300000;14756644444;15256644444;10240;10228
1552;14858467000;14756644444;15256644444;10240;10228
1553;14858664000;14756644444;15256644444;10240;10228
1554;14858683000;14797966666;15297966666;10240;10228
1555;14858868000;14797966666;15297966666;10240;10228
1556;14858877000;14797966666;15297966666;10240;10228
1557;14859064000;14797966666;15297966666;10240;10228
1558;14859284000;14797966666;15297966666;10240;10228
1559;14859306000;14797966666;15297966666;10240;10228
1560;14859481000;14797966666;15297966666;10240;10228
1561;14859501000;14798011111;15298011111;10240;10228
1562;14899936000;14798288888;15298288888;10240;10228
1563;14900112000;14798288888;15298288888;10240;10228
1564;14900317000;14798288888;15298288888;10240;10228
1565;14900336000;14839577777;15339577777;10240;10228
1566;14900523000;14839577777;15339577777;10240;10228
1567;14900532000;14839577777;15339577777;10240;10228
1568;14900727000;14839577777;15339577777;10240;10228
1569;14900738000;14839577777;15339577777;10240;10228
1570;14900931000;14839577777;15339577777;10240;10228
1571;14901150000;14839577777;15339577777;10240;10228
1572;14901171000;14839622222;15339622222;10240;10228
1573;14941603000;14839933333;15339933333;10240;10228
1574;14941781000;14839933333;15339933333;10240;10228
1575;14941980000;14839933333;15339933333;10240;10228
1576;14941992000;14881277777;15381277777;10240;10228
1577;14942190000;14881277777;15381277777;10240;10228
1578;14942212000;14881277777;15381277777;10240;10228
1579;14942398000;14881277777;15381277777;10240;10228
1580;14942420000;14881277777;15381277777;10240;10228
1581;14942603000;14881277777;15381277777;10240;10228
1582;14942794000;14881277777;15381277777;10240;10228
1583;14942810000;14881322222;15381322222;10240;10228
1584;14983268000;14881644444;15381644444;10240;10228
1585;14983451000;14881644444;15381644444;10240;10228
1586;14983462000;14881644444;15381644444;10240;10228
1587;14983680000;14922911111;15422911111;10240;10228
1588;14983870000;14922911111;15422911111;10240;10228
1589;14983880000;14922911111;15422911111;10240;10228
1590;14984054000;14922911111;15422911111;10240;10228
1591;14984083000;14922911111;15422911111;10240;10228
1592;14984302000;14922911111;15422911111;10240;10228
1593;14984466000;14922911111;15422911111;10240;10228
1594;14984486000;14922955555;15422955555;10240;10228
1595;15024965000;14923244444;15423244444;10240;10228
1596;15025137000;14923244444;15423244444;10240;10228
1597;15025339000;14923244444;15423244444;10240;10228
1598;15025359000;14964611111;15464611111;10240;10228
1599;15025536000;14964611111;15464611111;10240;10228
1600;15025556000;14964611111;15464611111;10240;10228
1601;15025752000;14964611111;15464611111;10240;10228
1602;15025761000;14964611111;15464611111;10240;10228
1603;15025946000;14964611111;15464611111;10240;10228
1604;15026158000;14964611111;15464611111;10240;10228
1605;15026181000;14964655555;15464655555;10240;10228
1606;15066631000;14964966666;15464966666;10240;10228
1607;15066805000;14964966666;15464966666;10240;10228
1608;15066999000;14964966666;15464966666;10240;10228
1609;15067012000;15006277777;15506277777;10240;10228
1610;15067212000;15006277777;15506277777;10240;10228
1611;15067232000;15006277777;15506277777;10240;10228
1612;15067417000;15006277777;15506277777;10240;10228
1613;15067437000;15006277777;15506277777;10240;10228
1614;15067624000;15006277777;15506277777;10240;10228
1615;15067819000;15006277777;15506277777;10240;10228
1616;15067830000;15006322222;15506322222;10240;10228
1617;15108297000;15006644444;15506644444;10240;10228
1618;15108470000;15006644444;15506644444;10240;10228
1619;15108664000;15006644444;15506644444;10240;10228
1620;15108685000;15047944444;15547944444;10240;10228
1621;15108869000;15047944444;15547944444;10240;10228
1622;15108880000;15047944444;15547944444;10240;10228
1623;15109056000;15047944444;15547944444;10240;10228
1624;15109286000;15047944444;15547944444;10240;10228
1625;15109307000;15047944444;15547944444;10240;10228
1626;15109484000;15047944444;15547944444;10240;10228
1627;15109504000;15047988888;15547988888;10240;10228
1628;15149940000;15048277777;15548277777;10240;10228
1629;15150137000;15048277777;15548277777;10240;10228
1630;15150340000;15048277777;15548277777;10240;10228
1631;15150360000;15089611111;15589611111;10240;10228
1632;15150536000;15089611111;15589611111;10240;10228
1633;15150557000;15089611111;15589611111;10240;10228
1634;15150740000;15089611111;15589611111;10240;10228
1635;15150761000;15089611111;15589611111;10240;10228
1636;15150944000;15089611111;15589611111;10240;10228
1637;15151158000;15089611111;15589611111;10240;10228
1638;15151169000;15089655555;15589655555;10240;10228
1639;15191618000;15089966666;15589966666;10240;10228
1640;15191823000;15089966666;15589966666;10240;10228
1641;15191841000;15089966666;15589966666;10240;10228
1642;15192018000;15131277777;15631277777;10240;10228
1643;15192229000;15131277777;15631277777;10240;10228
1644;15192249000;15131277777;15631277777;10240;10228
1645;15192430000;15131277777;15631277777;10240;10228
1646;15192450000;15131277777;15631277777;10240;10228
1647;15192658000;15131277777;15631277777;10240;10228
1648;15192836000;15131277777;15631277777;10240;10228
1649;15192847000;15131322222;15631322222;10240;10228
1650;15233285000;15131644444;15631644444;10240;10228
1651;15233480000;15131644444;15631644444;10240;10228
1652;15233514000;15131644444;15631644444;10240;10228
1653;15233710000;15172944444;15672944444;10240;10228
1654;15233891000;15172944444;15672944444;10240;10228
1655;15233902000;15172944444;15672944444;10240;10228
1656;15234055000;15172944444;15672944444;10240;10228
1657;15234308000;15172944444;15672944444;10240;10228
1658;15234327000;15172944444;15672944444;10240;10228
1659;15234499000;15172944444;15672944444;10240;10228
1660;15234517000;15172988888;15672988888;10240;10228
1661;15274963000;15173288888;15673288888;10240;10228
1662;15275136000;15173288888;15673288888;10240;10228
1663;15275340000;15173288888;15673288888;10240;10228
1664;15275351000;15214611111;15714611111;10240;10228
1665;15275538000;15214611111;15714611111;10240;10228
1666;15275558000;15214611111;15714611111;10240;10228
1667;15275740000;15214611111;15714611111;10240;10228
1668;15275761000;15214611111;15714611111;10240;10228
1669;15275944000;15214611111;15714611111;10240;10228
1670;15276161000;15214611111;15714611111;10240;10228
1671;15276171000;15214655555;15714655555;10240;10228
1672;15316635000;15214966666;15714966666;10240;10228
1673;15316799000;15214966666;15714966666;10240;10228
1674;15316998000;15214966666;15714966666;10240;10228
1675;15317009000;15256277777;15756277777;10240;10228
1676;15317209000;15256277777;15756277777;10240;10228
1677;15317229000;15256277777;15756277777;10240;10228
1678;15317414000;15256277777;15756277777;10240;10228
1679;15317435000;15256277777;15756277777;10240;10228
1680;15317619000;15256277777;15756277777;10240;10228
1681;15317818000;15256277777;15756277777;10240;10228
1682;15317827000;15256322222;15756322222;10240;10228
1683;15358283000;15256644444;15756644444;10240;10228
1684;15358473000;15256644444;15756644444;10240;10228
1685;15358681000;15256644444;15756644444;10240;10228
1686;15358691000;15297944444;15797944444;10240;10228
1687;15358873000;15297944444;15797944444;10240;10228
1688;15358885000;15297944444;15797944444;10240;10228
1689;15359061000;15297944444;15797944444;10240;10228
1690;15359291000;15297944444;15797944444;10240;10228
1691;15359313000;15297944444;15797944444;10240;10228
1692;15359490000;15297944444;15797944444;10240;10228
1693;15359509000;15297988888;15797988888;10240;10228
1694;15399971000;15298255555;15798255555;10240;10228
1695;15400158000;15298255555;15798255555;10240;10228
1696;15400170000;15298255555;15798255555;10240;10228
1697;15400371000;15339611111;15839611111;10240;10228
1698;15400559000;15339611111;15839611111;10240;10228
1699;15400577000;15339611111;15839611111;10240;10228
1700;15400762000;15339611111;15839611111;10240;10228
1701;15400781000;15339611111;15839611111;10240;10228
1702;15400965000;15339611111;15839611111;10240;10228
1703;15401181000;15339611111;15839611111;10240;10228
1704;15401200000;15339655555;15839655555;10240;10228
1705;15441590000;15339966666;15839966666;10240;10228
1706;15441790000;15339966666;15839966666;10240;10228
1707;15441811000;15339966666;15839966666;10240;10228
1708;15441986000;15381277777;15881277777;10240;10228
1709;15442194000;15381277777;15881277777;10240;10228
1710;15442213000;15381277777;15881277777;10240;10228
1711;15442410000;15381277777;15881277777;10240;10228
1712;15442429000;15381277777;15881277777;10240;10228
1713;15442610000;15381277777;15881277777;10240;10228
1714;15442805000;15381277777;15881277777;10240;10228
1715;15442815000;15381322222;15881322222;10240;10228
1716;15483227000;15381644444;15881644444;10240;10228
1717;15483440000;15381644444;15881644444;10240;10228
1718;15483640000;15381644444;15881644444;10240;10228
1719;15483659000;15422911111;15922911111;10240;10228
1720;15483843000;15422911111;15922911111;10240;10228
1721;15483853000;15422911111;15922911111;10240;10228
1722;15484030000;15422911111;15922911111;10240;10228
1723;15484257000;15422911111;15922911111;10240;10228
1724;15484278000;15422911111;15922911111;10240;10228
1725;15484456000;15422911111;15922911111;10240;10228
1726;15484476000;15422955555;15922955555;10240;10228
1727;15524957000;15423244444;15923244444;10240;10228
1728;15525139000;15423244444;15923244444;10240;10228
1729;15525177000;15423244444;15923244444;10240;10228
1730;15525349000;15464611111;15964611111;10240;10228
1731;15525544000;15464611111;15964611111;10240;10228
1732;15525562000;15464611111;15964611111;10240;10228
1733;15525746000;15464611111;15964611111;10240;10228
1734;15525755000;15464611111;15964611111;10240;10228
1735;15525948000;15464611111;15964611111;10240;10228
1736;15526155000;15464611111;15964611111;10240;10228
1737;15526176000;15464655555;15964655555;10240;10228
1738;15566592000;15464966666;15964966666;10240;10228
1739;15566793000;15464966666;15964966666;10240;10228
1740;15566814000;15464966666;15964966666;10240;10228
1741;15566988000;15506277777;16006277777;10240;10228
1742;15567205000;15506277777;16006277777;10240;10228
1743;15567224000;15506277777;16006277777;10240;10228
1744;15567410000;15506277777;16006277777;10240;10228
1745;15567419000;15506277777;16006277777;10240;10228
1746;15567616000;15506277777;16006277777;10240;10228
1747;15567808000;15506277777;16006277777;10240;10228
1748;15567819000;15506322222;16006322222;10240;10228
1749;15608267000;15506666666;16006666666;10240;10228
1750;15608441000;15506666666;16006666666;10240;10228
1751;15608637000;15506666666;16006666666;10240;10228
1752;15608657000;15547911111;16047911111;10240;10228
1753;15608840000;15547911111;16047911111;10240;10228
1754;15608860000;15547911111;16047911111;10240;10228
1755;15609057000;15547911111;16047911111;10240;10228
1756;15609076000;15547911111;16047911111;10240;10228
1757;15609260000;15547911111;16047911111;10240;10228
1758;15609459000;15547911111;16047911111;10240;10228
1759;15609480000;15547955555;16047955555;10240;10228
1760;15649928000;15548255555;16048255555;10240;10228
1761;15650107000;15548255555;16048255555;10240;10228
1762;15650308000;15548255555;16048255555;10240;10228
1763;15650314000;15589611111;16089611111;10240;10228
1764;15650510000;15589611111;16089611111;10240;10228
1765;15650515000;15589611111;16089611111;10240;10228
1766;15650714000;15589611111;16089611111;10240;10228
1767;15650920000;15589611111;16089611111;10240;10228
1768;15650926000;15589611111;16089611111;10240;10228
1769;15651126000;15589611111;16089611111;10240;10228
1770;15651133000;15589655555;16089655555;10240;10228
1771;15691588000;15589955555;16089955555;10240;10228
1772;15691768000;15589955555;16089955555;10240;10228
1773;15691974000;15589955555;16089955555;10240;10228
1774;15691980000;15631277777;16131277777;10240;10228
1775;15692188000;15631277777;16131277777;10240;10228
1776;15692199000;15631277777;16131277777;10240;10228
1777;15692392000;15631277777;16131277777;10240;10228
1778;15692598000;15631277777;16131277777;10240;10228
1779;15692618000;15631277777;16131277777;10240;10228
1780;15692800000;15631277777;16131277777;10240;10228
1781;15692811000;15631322222;16131322222;10240;10228
1782;15733285000;15631644444;16131644444;10240;10228
1783;15733482000;15631644444;16131644444;10240;10228
1784;15733500000;15631644444;16131644444;10240;10228
1785;15733705000;15672944444;16172944444;10240;10228
1786;15733888000;15672944444;16172944444;10240;10228
1787;15733899000;15672944444;16172944444;10240;10228
1788;15734062000;15672944444;16172944444;10240;10228
1789;15734303000;15672944444;16172944444;10240;10228
1790;15734323000;15672944444;16172944444;10240;10228
1791;15734494000;15672944444;16172944444;10240;10228
1792;15734514000;15672988888;16172988888;10240;10228
1793;15774953000;15673288888;16173288888;10240;10228
1794;15775157000;15673288888;16173288888;10240;10228
1795;15775166000;15673288888;16173288888;10240;10228
1796;15775368000;15714611111;16214611111;10240;10228
1797;15775555000;15714611111;16214611111;10240;10228
1798;15775576000;15714611111;16214611111;10240;10228
1799;15775760000;15714611111;16214611111;10240;10228
1800;15775779000;15714611111;16214611111;10240;10228
1801;15775963000;15714611111;16214611111;10240;10228
1802;15776178000;15714611111;16214611111;10240;10228
1803;15776198000;15714655555;16214655555;10240;10228
1804;15816629000;15714977777;16214977777;10240;10228
1805;15816800000;15714977777;16214977777;10240;10228
1806;15816997000;15714977777;16214977777;10240;10228
1807;15817012000;15756277777;16256277777;10240;10228
1808;15817210000;15756277777;16256277777;10240;10228
1809;15817231000;15756277777;16256277777;10240;10228
1810;15817415000;15756277777;16256277777;10240;10228
1811;15817436000;15756277777;16256277777;10240;10228
1812;15817620000;15756277777;16256277777;10240;10228
1813;15817818000;15756277777;16256277777;10240;10228
1814;15817827000;15756322222;16256322222;10240;10228
1815;15858296000;15756655555;16256655555;10240;10228
1816;15858466000;15756655555;16256655555;10240;10228
1817;15858664000;15756655555;16256655555;10240;10228
1818;15858684000;15797944444;16297944444;10240;10228
1819;15858868000;15797944444;16297944444;10240;10228
1820;15858880000;15797944444;16297944444;10240;10228
1821;15859056000;15797944444;16297944444;10240;10228
1822;15859291000;15797944444;16297944444;10240;10228
1823;15859309000;15797944444;16297944444;10240;10228
1824;15859486000;15797944444;16297944444;10240;10228
1825;15859504000;15797988888;16297988888;10240;10228
1826;15899916000;15798266666;16298266666;10240;10228
1827;15900113000;15798266666;16298266666;10240;10228
1828;15900317000;15798266666;16298266666;10240;10228
1829;15900331000;15839611111;16339611111;10240;10228
1830;15900522000;15839611111;16339611111;10240;10228
1831;15900535000;15839611111;16339611111;10240;10228
1832;15900727000;15839611111;16339611111;10240;10228
1833;15900934000;15839611111;16339611111;10240;10228
1834;15900943000;15839611111;16339611111;10240;10228
1835;15901139000;15839611111;16339611111;10240;10228
1836;15901148000;15839655555;16339655555;10240;10228
1837;15941557000;15839977777;16339977777;10240;10228
1838;15941755000;15839977777;16339977777;10240;10228
1839;15941962000;15839977777;16339977777;10240;10228
1840;15941981000;15881277777;16381277777;10240;10228
1841;15942191000;15881277777;16381277777;10240;10228
1842;15942201000;15881277777;16381277777;10240;10228
1843;15942394000;15881277777;16381277777;10240;10228
1844;15942601000;15881277777;16381277777;10240;10228
1845;15942610000;15881277777;16381277777;10240;10228
1846;15942805000;15881277777;16381277777;10240;10228
1847;15942815000;15881322222;16381322222;10240;10228
1848;15983238000;15881644444;16381644444;10240;10228
1849;15983416000;15881644444;16381644444;10240;10228
1850;15983624000;15881644444;16381644444;10240;10228
1851;15983637000;15922944444;16422944444;10240;10228
1852;15983827000;15922944444;16422944444;10240;10228
1853;15983837000;15922944444;16422944444;10240;10228
1854;15984029000;15922944444;16422944444;10240;10228
1855;15984236000;15922944444;16422944444;10240;10228
1856;15984246000;15922944444;16422944444;10240;10228
1857;15984442000;15922944444;16422944444;10240;10228
1858;15984452000;15922988888;16422988888;10240;10228
1859;16024893000;15923266666;16423266666;10240;10228
1860;16025124000;15923266666;16423266666;10240;10228
1861;16025136000;15923266666;16423266666;10240;10228
1862;16025285000;15964577777;16464577777;10240;10228
1863;16025482000;15964577777;16464577777;10240;10228
1864;16025514000;15964577777;16464577777;10240;10228
1865;16025741000;15964577777;16464577777;10240;10228
1866;16025749000;15964577777;16464577777;10240;10228
1867;16025924000;15964577777;16464577777;10240;10228
1868;16026133000;15964577777;16464577777;10240;10228
1869;16026138000;15964622222;16464622222;10240;10228
1870;16066619000;15964922222;16464922222;10240;10228
1871;16066822000;15964922222;16464922222;10240;10228
1872;16066843000;15964922222;16464922222;10240;10228
1873;16067015000;16006277777;16506277777;10240;10228
1874;16067235000;16006277777;16506277777;10240;10228
1875;16067254000;16006277777;16506277777;10240;10228
1876;16067436000;16006277777;16506277777;10240;10228
1877;16067445000;16006277777;16506277777;10240;10228
1878;16067640000;16006277777;16506277777;10240;10228
1879;16067836000;16006277777;16506277777;10240;10228
1880;16067846000;16006322222;16506322222;10240;10228
1881;16108285000;16006622222;16506622222;10240;10228
1882;16108480000;16006622222;16506622222;10240;10228
1883;16108500000;16006622222;16506622222;10240;10228
1884;16108705000;16047944444;16547944444;10240;10228
1885;16108894000;16047944444;16547944444;10240;10228
1886;16108903000;16047944444;16547944444;10240;10228
1887;16109073000;16047944444;16547944444;10240;10228
1888;16109306000;16047944444;16547944444;10240;10228
1889;16109326000;16047944444;16547944444;10240;10228
1890;16109490000;16047944444;16547944444;10240;10228
1891;16109511000;16047988888;16547988888;10240;10228
1892;16149917000;16048255555;16548255555;10240;10228
1893;16150091000;16048255555;16548255555;10240;10228
1894;16150294000;16048255555;16548255555;10240;10228
1895;16150307000;16089611111;16589611111;10240;10228
1896;16150499000;16089611111;16589611111;10240;10228
1897;16150509000;16089611111;16589611111;10240;10228
1898;16150703000;16089611111;16589611111;10240;10228
1899;16150905000;16089611111;16589611111;10240;10228
1900;16150917000;16089611111;16589611111;10240;10228
1901;16151112000;16089611111;16589611111;10240;10228
1902;16151124000;16089655555;16589655555;10240;10228
1903;16191573000;16089944444;16589944444;10240;10228
1904;16191750000;16089944444;16589944444;10240;10228
1905;16191955000;16089944444;16589944444;10240;10228
1906;16191966000;16131244444;16631244444;10240;10228
1907;16192159000;16131244444;16631244444;10240;10228
1908;16192169000;16131244444;16631244444;10240;10228
1909;16192364000;16131244444;16631244444;10240;10228
1910;16192586000;16131244444;16631244444;10240;10228
1911;16192599000;16131244444;16631244444;10240;10228
1912;16192772000;16131244444;16631244444;10240;10228
1913;16192783000;16131288888;16631288888;10240;10228
1914;16233256000;16131600000;16631600000;10240;10228
1915;16233440000;16131600000;16631600000;10240;10228
1916;16233644000;16131600000;16631600000;10240;10228
1917;16233657000;16172933333;16672933333;10240;10228
1918;16233847000;16172933333;16672933333;10240;10228
1919;16233858000;16172933333;16672933333;10240;10228
1920;16234064000;16172933333;16672933333;10240;10228
1921;16234259000;16172933333;16672933333;10240;10228
1922;16234270000;16172933333;16672933333;10240;10228
1923;16234462000;16172933333;16672933333;10240;10228
1924;16234473000;16172977777;16672977777;10240;10228
1925;16274921000;16173266666;16673266666;10240;10228
1926;16275127000;16173266666;16673266666;10240;10228
1927;16275135000;16173266666;16673266666;10240;10228
1928;16275339000;16214611111;16714611111;10240;10228
1929;16275494000;16214611111;16714611111;10240;10228
1930;16275514000;16214611111;16714611111;10240;10228
1931;16275728000;16214611111;16714611111;10240;10228
1932;16275748000;16214611111;16714611111;10240;10228
1933;16275933000;16214611111;16714611111;10240;10228
1934;16276141000;16214611111;16714611111;10240;10228
1935;16276161000;16214655555;16714655555;10240;10228
1936;16316575000;16214966666;16714966666;10240;10228
1937;16316795000;16214966666;16714966666;10240;10228
1938;16316804000;16214966666;16714966666;10240;10228
1939;16316987000;16256244444;16756244444;10240;10228
1940;16317199000;16256244444;16756244444;10240;10228
1941;16317223000;16256244444;16756244444;10240;10228
1942;16317396000;16256244444;16756244444;10240;10228
1943;16317416000;16256244444;16756244444;10240;10228
1944;16317609000;16256244444;16756244444;10240;10228
1945;16317805000;16256244444;16756244444;10240;10228
1946;16317815000;16256288888;16756288888;10240;10228
1947;16358261000;16256600000;16756600000;10240;10228
1948;16358447000;16256600000;16756600000;10240;10228
1949;16358650000;16256600000;16756600000;10240;10228
1950;16358661000;16297944444;16797944444;10240;10228
1951;16358854000;16297944444;16797944444;10240;10228
1952;16358866000;16297944444;16797944444;10240;10228
1953;16359072000;16297944444;16797944444;10240;10228
1954;16359267000;16297944444;16797944444;10240;10228
1955;16359276000;16297944444;16797944444;10240;10228
1956;16359468000;16297944444;16797944444;10240;10228
1957;16359478000;16297988888;16797988888;10240;10228
1958;16399911000;16298233333;16798233333;10240;10228
1959;16400112000;16298233333;16798233333;10240;10228
1960;16400315000;16298233333;16798233333;10240;10228
1961;16400335000;16339611111;16839611111;10240;10228
1962;16400520000;16339611111;16839611111;10240;10228
1963;16400534000;16339611111;16839611111;10240;10228
1964;16400723000;16339611111;16839611111;10240;10228
1965;16400930000;16339611111;16839611111;10240;10228
1966;16400939000;16339611111;16839611111;10240;10228
1967;16401136000;16339611111;16839611111;10240;10228
1968;16401145000;16339655555;16839655555;10240;10228
1969;16441565000;16339944444;16839944444;10240;10228
1970;16441746000;16339944444;16839944444;10240;10228
1971;16441951000;16339944444;16839944444;10240;10228
1972;16441963000;16381277777;16881277777;10240;10228
1973;16442156000;16381277777;16881277777;10240;10228
1974;16442166000;16381277777;16881277777;10240;10228
1975;16442360000;16381277777;16881277777;10240;10228
1976;16442566000;16381277777;16881277777;10240;10228
1977;16442575000;16381277777;16881277777;10240;10228
1978;16442772000;16381277777;16881277777;10240;10228
1979;16442781000;16381322222;16881322222;10240;10228
1980;16483233000;16381622222;16881622222;10240;10228
1981;16483425000;16381622222;16881622222;10240;10228
1982;16483621000;16381622222;16881622222;10240;10228
1983;16483631000;16422911111;16922911111;10240;10228
1984;16483825000;16422911111;16922911111;10240;10228
1985;16483838000;16422911111;16922911111;10240;10228
1986;16484028000;16422911111;16922911111;10240;10228
1987;16484236000;16422911111;16922911111;10240;10228
1988;16484245000;16422911111;16922911111;10240;10228
1989;16484441000;16422911111;16922911111;10240;10228
1990;16484449000;16422955555;16922955555;10240;10228
1991;16524870000;16423244444;16923244444;10240;10228
1992;16525070000;16423244444;16923244444;10240;10228
1993;16525301000;16423244444;16923244444;10240;10228
1994;16525310000;16464611111;16964611111;10240;10228
1995;16525502000;16464611111;16964611111;10240;10228
1996;16525513000;16464611111;16964611111;10240;10228
1997;16525707000;16464611111;16964611111;10240;10228
1998;16525914000;16464611111;16964611111;10240;10228
1999;16525923000;16464611111;16964611111;10240;10228
2000;16526121000;16464611111;16964611111;10240;10228
2001;16526130000;16464655555;16964655555;10240;10228
2002;16566620000;16464955555;16964955555;10240;10228
2003;16566804000;16464955555;16964955555;10240;10228
2004;16567000000;16464955555;16964955555;10240;10228
2005;16567010000;16506277777;17006277777;10240;10228
2006;16567214000;16506277777;17006277777;10240;10228
2007;16567236000;16506277777;17006277777;10240;10228
2008;16567406000;16506277777;17006277777;10240;10228
2009;16567426000;16506277777;17006277777;10240;10228
2010;16567619000;16506277777;17006277777;10240;10228
2011;16567817000;16506277777;17006277777;10240;10228
2012;16567826000;16506322222;17006322222;10240;10228
2013;16608298000;16506655555;17006655555;10240;10228
2014;16608484000;16506655555;17006655555;10240;10228
2015;16608495000;16506655555;17006655555;10240;10228
2016;16608706000;16547944444;17047944444;10240;10228
2017;16608890000;16547944444;17047944444;10240;10228
2018;16608899000;16547944444;17047944444;10240;10228
2019;16609056000;16547944444;17047944444;10240;10228
2020;16609305000;16547944444;17047944444;10240;10228
2021;16609325000;16547944444;17047944444;10240;10228
2022;16609495000;16547944444;17047944444;10240;10228
2023;16609516000;16547988888;17047988888;10240;10228
2024;16649954000;16548266666;17048266666;10240;10228
2025;16650157000;16548266666;17048266666;10240;10228
2026;16650168000;16548266666;17048266666;10240;10228
2027;16650365000;16589611111;17089611111;10240;10228
2028;16650556000;16589611111;17089611111;10240;10228
2029;16650574000;16589611111;17089611111;10240;10228
2030;16650761000;16589611111;17089611111;10240;10228
2031;16650779000;16589611111;17089611111;10240;10228
2032;16650978000;16589611111;17089611111;10240;10228
2033;16651183000;16589611111;17089611111;10240;10228
2034;16651193000;16589655555;17089655555;10240;10228
2035;16691619000;16589933333;17089933333;10240;10228
2036;16691812000;16589933333;17089933333;10240;10228
2037;16691819000;16589933333;17089933333;10240;10228
2038;16692006000;16631277777;17131277777;10240;10228
2039;16692234000;16631277777;17131277777;10240;10228
2040;16692252000;16631277777;17131277777;10240;10228
2041;16692441000;16631277777;17131277777;10240;10228
2042;16692460000;16631277777;17131277777;10240;10228
2043;16692641000;16631277777;17131277777;10240;10228
2044;16692835000;16631277777;17131277777;10240;10228
2045;16692846000;16631333333;17131333333;10240;10228
2046;16733288000;16631633333;17131633333;10240;10228
2047;16733481000;16631633333;17131633333;10240;10228
2048;16733491000;16631633333;17131633333;10240;10228
2049;16733707000;16672944444;17172944444;10240;10228
2050;16733889000;16672944444;17172944444;10240;10228
2051;16733898000;16672944444;17172944444;10240;10228
2052;16734074000;16672944444;17172944444;10240;10228
2053;16734307000;16672944444;17172944444;10240;10228
2054;16734327000;16672944444;17172944444;10240;10228
2055;16734497000;16672944444;17172944444;10240;10228
2056;16734517000;16672988888;17172988888;10240;10228
2057;16774924000;16673255555;17173255555;10240;10228
2058;16775127000;16673255555;17173255555;10240;10228
2059;16775138000;16673255555;17173255555;10240;10228
2060;16775338000;16714611111;17214611111;10240;10228
2061;16775526000;16714611111;17214611111;10240;10228
2062;16775546000;16714611111;17214611111;10240;10228
2063;16775742000;16714611111;17214611111;10240;10228
2064;16775751000;16714611111;17214611111;10240;10228
2065;16775939000;16714611111;17214611111;10240;10228
2066;16776142000;16714611111;17214611111;10240;10228
2067;16776153000;16714655555;17214655555;10240;10228
2068;16816591000;16714966666;17214966666;10240;10228
2069;16816796000;16714966666;17214966666;10240;10228
2070;16816805000;16714966666;17214966666;10240;10228
2071;16816986000;16756244444;17256244444;10240;10228
2072;16817199000;16756244444;17256244444;10240;10228
2073;16817221000;16756244444;17256244444;10240;10228
2074;16817395000;16756244444;17256244444;10240;10228
2075;16817415000;16756244444;17256244444;10240;10228
2076;16817611000;16756244444;17256244444;10240;10228
2077;16817805000;16756244444;17256244444;10240;10228
2078;16817815000;16756288888;17256288888;10240;10228
2079;16858286000;16756600000;17256600000;10240;10228
2080;16858487000;16756600000;17256600000;10240;10228
2081;16858496000;16756600000;17256600000;10240;10228
2082;16858713000;16797944444;17297944444;10240;10228
2083;16858889000;16797944444;17297944444;10240;10228
2084;16858899000;16797944444;17297944444;10240;10228
2085;16859072000;16797944444;17297944444;10240;10228
2086;16859306000;16797944444;17297944444;10240;10228
2087;16859327000;16797944444;17297944444;10240;10228
2088;16859493000;16797944444;17297944444;10240;10228
2089;16859513000;16797988888;17297988888;10240;10228
2090;16899967000;16798255555;17298255555;10240;10228
2091;16900180000;16798255555;17298255555;10240;10228
2092;16900189000;16798255555;17298255555;10240;10228
2093;16900383000;16839633333;17339633333;10240;10228
2094;16900572000;16839633333;17339633333;10240;10228
2095;16900592000;16839633333;17339633333;10240;10228
2096;16900774000;16839633333;17339633333;10240;10228
2097;16900794000;16839633333;17339633333;10240;10228
2098;16900978000;16839633333;17339633333;10240;10228
2099;16901191000;16839633333;17339633333;10240;10228
2100;16901211000;16839677777;17339677777;10240;10228
2101;16941588000;16839977777;17339977777;10240;10228
2102;16941794000;16839977777;17339977777;10240;10228
2103;16941812000;16839977777;17339977777;10240;10228
2104;16941986000;16881277777;17381277777;10240;10228
2105;16942198000;16881277777;17381277777;10240;10228
2106;16942218000;16881277777;17381277777;10240;10228
2107;16942402000;16881277777;17381277777;10240;10228
2108;16942422000;16881277777;17381277777;10240;10228
2109;16942608000;16881277777;17381277777;10240;10228
2110;16942806000;16881277777;17381277777;10240;10228
2111;16942816000;16881311111;17381311111;10240;10228
2112;16983258000;16881644444;17381644444;10240;10228
2113;16983456000;16881644444;17381644444;10240;10228
2114;16983475000;16881644444;17381644444;10240;10228
2115;16983682000;16922911111;17422911111;10240;10228
2116;16983861000;16922911111;17422911111;10240;10228
2117;16983872000;16922911111;17422911111;10240;10228
2118;16984027000;16922911111;17422911111;10240;10228
2119;16984281000;16922911111;17422911111;10240;10228
2120;16984300000;16922911111;17422911111;10240;10228
2121;16984468000;16922911111;17422911111;10240;10228
2122;16984486000;16922955555;17422955555;10240;10228
2123;17024945000;16923255555;17423255555;10240;10228
2124;17025142000;16923255555;17423255555;10240;10228
2125;17025357000;16923255555;17423255555;10240;10228
2126;17025378000;16964611111;17464611111;10240;10228
2127;17025547000;16964611111;17464611111;10240;10228
2128;17025567000;16964611111;17464611111;10240;10228
2129;17025759000;16964611111;17464611111;10240;10228
2130;17025779000;16964611111;17464611111;10240;10228
2131;17025963000;16964611111;17464611111;10240;10228
2132;17026179000;16964611111;17464611111;10240;10228
2133;17026197000;16964655555;17464655555;10240;10228
2134;17066661000;16964977777;17464977777;10240;10228
2135;17066818000;16964977777;17464977777;10240;10228
2136;17066829000;16964977777;17464977777;10240;10228
2137;17067012000;17006277777;17506277777;10240;10228
2138;17067227000;17006277777;17506277777;10240;10228
2139;17067238000;17006277777;17506277777;10240;10228
2140;17067429000;17006277777;17506277777;10240;10228
2141;17067442000;17006277777;17506277777;10240;10228
2142;17067649000;17006277777;17506277777;10240;10228
2143;17067833000;17006277777;17506277777;10240;10228
2144;17067841000;17006322222;17506322222;10240;10228
2145;17108285000;17006644444;17506644444;10240;10228
2146;17108479000;17006644444;17506644444;10240;10228
2147;17108499000;17006644444;17506644444;10240;10228
2148;17108708000;17047933333;17547933333;10240;10228
2149;17108885000;17047933333;17547933333;10240;10228
2150;17108895000;17047933333;17547933333;10240;10228
2151;17109055000;17047933333;17547933333;10240;10228
2152;17109306000;17047933333;17547933333;10240;10228
2153;17109325000;17047933333;17547933333;10240;10228
2154;17109497000;17047933333;17547933333;10240;10228
2155;17109515000;17047977777;17547977777;10240;10228
2156;17149930000;17048277777;17548277777;10240;10228
2157;17150128000;17048277777;17548277777;10240;10228
2158;17150139000;17048277777;17548277777;10240;10228
2159;17150339000;17089611111;17589611111;10240;10228
2160;17150535000;17089611111;17589611111;10240;10228
2161;17150555000;17089611111;17589611111;10240;10228
2162;17150730000;17089611111;17589611111;10240;10228
2163;17150750000;17089611111;17589611111;10240;10228
2164;17150934000;17089611111;17589611111;10240;10228
2165;17151145000;17089611111;17589611111;10240;10228
2166;17151164000;17089655555;17589655555;10240;10228
2167;17191592000;17089977777;17589977777;10240;10228
2168;17191792000;17089977777;17589977777;10240;10228
2169;17191812000;17089977777;17589977777;10240;10228
2170;17191987000;17131244444;17631244444;10240;10228
2171;17192204000;17131244444;17631244444;10240;10228
2172;17192222000;17131244444;17631244444;10240;10228
2173;17192401000;17131244444;17631244444;10240;10228
2174;17192420000;17131244444;17631244444;10240;10228
2175;17192611000;17131244444;17631244444;10240;10228
2176;17192806000;17131244444;17631244444;10240;10228
2177;17192817000;17131288888;17631288888;10240;10228
2178;17233289000;17131622222;17631622222;10240;10228
2179;17233486000;17131622222;17631622222;10240;10228
2180;17233497000;17131622222;17631622222;10240;10228
2181;17233709000;17172944444;17672944444;10240;10228
2182;17233892000;17172944444;17672944444;10240;10228
2183;17233901000;17172944444;17672944444;10240;10228
2184;17234072000;17172944444;17672944444;10240;10228
2185;17234308000;17172944444;17672944444;10240;10228
2186;17234328000;17172944444;17672944444;10240;10228
2187;17234499000;17172944444;17672944444;10240;10228
2188;17234521000;17172988888;17672988888;10240;10228
2189;17274951000;17173300000;17673300000;10240;10228
2190;17275154000;17173300000;17673300000;10240;10228
2191;17275166000;17173300000;17673300000;10240;10228
2192;17275364000;17214611111;17714611111;10240;10228
2193;17275562000;17214611111;17714611111;10240;10228
2194;17275580000;17214611111;17714611111;10240;10228
2195;17275770000;17214611111;17714611111;10240;10228
2196;17275779000;17214611111;17714611111;10240;10228
2197;17275963000;17214611111;17714611111;10240;10228
2198;17276184000;17214611111;17714611111;10240;10228
2199;17276205000;17214655555;17714655555;10240;10228
2200;17316588000;17214966666;17714966666;10240;10228
2201;17316799000;17214966666;17714966666;10240;10228
2202;17316810000;17214966666;17714966666;10240;10228
2203;17316984000;17256277777;17756277777;10240;10228
2204;17317202000;17256277777;17756277777;10240;10228
2205;17317221000;17256277777;17756277777;10240;10228
2206;17317407000;17256277777;17756277777;10240;10228
2207;17317416000;17256277777;17756277777;10240;10228
2208;17317609000;17256277777;17756277777;10240;10228
2209;17317803000;17256277777;17756277777;10240;10228
2210;17317818000;17256322222;17756322222;10240;10228
2211;17358245000;17256655555;17756655555;10240;10228
2212;17358437000;17256655555;17756655555;10240;10228
2213;17358634000;17256655555;17756655555;10240;10228
2214;17358654000;17297911111;17797911111;10240;10228
2215;17358850000;17297911111;17797911111;10240;10228
2216;17358859000;17297911111;17797911111;10240;10228
2217;17359053000;17297911111;17797911111;10240;10228
2218;17359063000;17297911111;17797911111;10240;10228
2219;17359257000;17297911111;17797911111;10240;10228
2220;17359454000;17297911111;17797911111;10240;10228
2221;17359476000;17297955555;17797955555;10240;10228
2222;17399958000;17298233333;17798233333;10240;10228
2223;17400130000;17298233333;17798233333;10240;10228
2224;17400140000;17298233333;17798233333;10240;10228
2225;17400337000;17339611111;17839611111;10240;10228
2226;17400525000;17339611111;17839611111;10240;10228
2227;17400545000;17339611111;17839611111;10240;10228
2228;17400742000;17339611111;17839611111;10240;10228
2229;17400751000;17339611111;17839611111;10240;10228
2230;17400936000;17339611111;17839611111;10240;10228
2231;17401132000;17339611111;17839611111;10240;10228
2232;17401154000;17339655555;17839655555;10240;10228
2233;17441586000;17339966666;17839966666;10240;10228
2234;17441789000;17339966666;17839966666;10240;10228
2235;17441808000;17339966666;17839966666;10240;10228
2236;17441988000;17381244444;17881244444;10240;10228
2237;17442196000;17381244444;17881244444;10240;10228
2238;17442215000;17381244444;17881244444;10240;10228
2239;17442400000;17381244444;17881244444;10240;10228
2240;17442420000;17381244444;17881244444;10240;10228
2241;17442610000;17381244444;17881244444;10240;10228
2242;17442802000;17381244444;17881244444;10240;10228
2243;17442812000;17381288888;17881288888;10240;10228
2244;17483298000;17381622222;17881622222;10240;10228
2245;17483470000;17381622222;17881622222;10240;10228
2246;17483667000;17381622222;17881622222;10240;10228
2247;17483688000;17422944444;17922944444;10240;10228
2248;17483869000;17422944444;17922944444;10240;10228
2249;17483880000;17422944444;17922944444;10240;10228
2250;17484049000;17422944444;17922944444;10240;10228
2251;17484278000;17422944444;17922944444;10240;10228
2252;17484285000;17422944444;17922944444;10240;10228
2253;17484480000;17422944444;17922944444;10240;10228
2254;17484486000;17422988888;17922988888;10240;10228
2255;17524905000;17423288888;17923288888;10240;10228
2256;17525134000;17423288888;17923288888;10240;10228
2257;17525140000;17423288888;17923288888;10240;10228
2258;17525318000;17464611111;17964611111;10240;10228
2259;17525523000;17464611111;17964611111;10240;10228
2260;17525530000;17464611111;17964611111;10240;10228
2261;17525719000;17464611111;17964611111;10240;10228
2262;17525726000;17464611111;17964611111;10240;10228
2263;17525923000;17464611111;17964611111;10240;10228
2264;17526133000;17464611111;17964611111;10240;10228
2265;17526138000;17464655555;17964655555;10240;10228
2266;17566570000;17464977777;17964977777;10240;10228
2267;17566791000;17464977777;17964977777;10240;10228
2268;17566800000;17464977777;17964977777;10240;10228
2269;17566985000;17506244444;18006244444;10240;10228
2270;17567198000;17506244444;18006244444;10240;10228
2271;17567218000;17506244444;18006244444;10240;10228
2272;17567393000;17506244444;18006244444;10240;10228
2273;17567413000;17506244444;18006244444;10240;10228
2274;17567607000;17506244444;18006244444;10240;10228
2275;17567803000;17506244444;18006244444;10240;10228
2276;17567813000;17506288888;18006288888;10240;10228
2277;17608255000;17506633333;18006633333;10240;10228
2278;17608453000;17506633333;18006633333;10240;10228
2279;17608463000;17506633333;18006633333;10240;10228
2280;17608677000;17547944444;18047944444;10240;10228
2281;17608856000;17547944444;18047944444;10240;10228
2282;17608877000;17547944444;18047944444;10240;10228
2283;17609071000;17547944444;18047944444;10240;10228
2284;17609083000;17547944444;18047944444;10240;10228
2285;17609274000;17547944444;18047944444;10240;10228
2286;17609468000;17547944444;18047944444;10240;10228
2287;17609486000;17547988888;18047988888;10240;10228
2288;17649922000;17548300000;18048300000;10240;10228
2289;17650124000;17548300000;18048300000;10240;10228
2290;17650134000;17548300000;18048300000;10240;10228
2291;17650336000;17589577777;18089577777;10240;10228
2292;17650524000;17589577777;18089577777;10240;10228
2293;17650546000;17589577777;18089577777;10240;10228
2294;17650728000;17589577777;18089577777;10240;10228
2295;17650748000;17589577777;18089577777;10240;10228
2296;17650932000;17589577777;18089577777;10240;10228
2297;17651144000;17589577777;18089577777;10240;10228
2298;17651153000;17589622222;18089622222;10240;10228
2299;17691619000;17589933333;18089933333;10240;10228
2300;17691811000;17589933333;18089933333;10240;10228
2301;17691818000;17589933333;18089933333;10240;10228
2302;17692005000;17631277777;18131277777;10240;10228
2303;17692247000;17631277777;18131277777;10240;10228
2304;17692266000;17631277777;18131277777;10240;10228
2305;17692433000;17631277777;18131277777;10240;10228
2306;17692453000;17631277777;18131277777;10240;10228
2307;17692637000;17631277777;18131277777;10240;10228
2308;17692836000;17631277777;18131277777;10240;10228
2309;17692844000;17631322222;18131322222;10240;10228
2310;17733276000;17631644444;18131644444;10240;10228
2311;17733467000;17631644444;18131644444;10240;10228
2312;17733678000;17631644444;18131644444;10240;10228
2313;17733687000;17672944444;18172944444;10240;10228
2314;17733869000;17672944444;18172944444;10240;10228
2315;17733879000;17672944444;18172944444;10240;10228
2316;17734056000;17672944444;18172944444;10240;10228
2317;17734287000;17672944444;18172944444;10240;10228
2318;17734307000;17672944444;18172944444;10240;10228
2319;17734486000;17672944444;18172944444;10240;10228
2320;17734504000;17672988888;18172988888;10240;10228
2321;17774986000;17673288888;18173288888;10240;10228
2322;17775157000;17673288888;18173288888;10240;10228
2323;17775174000;17673288888;18173288888;10240;10228
2324;17775364000;17714611111;18214611111;10240;10228
2325;17775557000;17714611111;18214611111;10240;10228
2326;17775575000;17714611111;18214611111;10240;10228
2327;17775760000;17714611111;18214611111;10240;10228
2328;17775779000;17714611111;18214611111;10240;10228
2329;17775961000;17714611111;18214611111;10240;10228
2330;17776175000;17714611111;18214611111;10240;10228
2331;17776194000;17714655555;18214655555;10240;10228
2332;17816591000;17714977777;18214977777;10240;10228
2333;17816792000;17714977777;18214977777;10240;10228
2334;17816803000;17714977777;18214977777;10240;10228
2335;17816985000;17756277777;18256277777;10240;10228
2336;17817202000;17756277777;18256277777;10240;10228
2337;17817220000;17756277777;18256277777;10240;10228
2338;17817407000;17756277777;18256277777;10240;10228
2339;17817425000;17756277777;18256277777;10240;10228
2340;17817611000;17756277777;18256277777;10240;10228
2341;17817806000;17756277777;18256277777;10240;10228
2342;17817816000;17756322222;18256322222;10240;10228
2343;17858258000;17756655555;18256655555;10240;10228
2344;17858443000;17756655555;18256655555;10240;10228
2345;17858453000;17756655555;18256655555;10240;10228
2346;17858641000;17797911111;18297911111;10240;10228
2347;17858870000;17797911111;18297911111;10240;10228
2348;17858879000;17797911111;18297911111;10240;10228
2349;17859030000;17797911111;18297911111;10240;10228
2350;17859277000;17797911111;18297911111;10240;10228
2351;17859298000;17797911111;18297911111;10240;10228
2352;17859468000;17797911111;18297911111;10240;10228
2353;17859487000;17797955555;18297955555;10240;10228
2354;17899934000;17798244444;18298244444;10240;10228
2355;17900136000;17798244444;18298244444;10240;10228
2356;17900147000;17798244444;18298244444;10240;10228
2357;17900346000;17839588888;18339588888;10240;10228
2358;17900538000;17839588888;18339588888;10240;10228
2359;17900556000;17839588888;18339588888;10240;10228
2360;17900742000;17839588888;18339588888;10240;10228
2361;17900760000;17839588888;18339588888;10240;10228
2362;17900946000;17839588888;18339588888;10240;10228
2363;17901153000;17839588888;18339588888;10240;10228
2364;17901173000;17839633333;18339633333;10240;10228
2365;17941661000;17839988888;18339988888;10240;10228
2366;17941861000;17839988888;18339988888;10240;10228
2367;17941883000;17839988888;18339988888;10240;10228
2368;17942060000;17881344444;18381344444;10240;10228
2369;17942278000;17881344444;18381344444;10240;10228
2370;17942297000;17881344444;18381344444;10240;10228
2371;17942472000;17881344444;18381344444;10240;10228
2372;17942481000;17881344444;18381344444;10240;10228
2373;17942682000;17881344444;18381344444;10240;10228
2374;17942876000;17881344444;18381344444;10240;10228
2375;17942886000;17881411111;18381411111;10240;10228
2376;17983302000;17881844444;18381844444;10240;10228
2377;17983502000;17881844444;18381844444;10240;10228
2378;17983510000;17881844444;18381844444;10240;10228
2379;17983726000;17922966666;18422966666;10240;10228
2380;17983905000;17922966666;18422966666;10240;10228
2381;17983915000;17922966666;18422966666;10240;10228
2382;17984123000;17922966666;18422966666;10240;10228
2383;17984322000;17922966666;18422966666;10240;10228
2384;17984342000;17922966666;18422966666;10240;10228
2385;17984512000;17922966666;18422966666;10240;10228
2386;17984532000;17923022222;18423022222;10240;10228
2387;18024921000;17923388888;18423388888;10240;10228
2388;18025126000;17923388888;18423388888;10240;10228
2389;18025135000;17923388888;18423388888;10240;10228
2390;18025338000;17964611111;18464611111;10240;10228
2391;18025515000;17964611111;18464611111;10240;10228
2392;18025535000;17964611111;18464611111;10240;10228
2393;18025726000;17964611111;18464611111;10240;10228
2394;18025745000;17964611111;18464611111;10240;10228
2395;18025933000;17964611111;18464611111;10240;10228
2396;18026143000;17964611111;18464611111;10240;10228
2397;18026163000;17964655555;18464655555;10240;10228
2398;18066583000;17964988888;18464988888;10240;10228
2399;18066761000;17964988888;18464988888;10240;10228
2400;18066962000;17964988888;18464988888;10240;10228
2401;18066976000;18006244444;18506244444;10240;10228
2402;18067165000;18006244444;18506244444;10240;10228
2403;18067177000;18006244444;18506244444;10240;10228
2404;18067370000;18006244444;18506244444;10240;10228
2405;18067574000;18006244444;18506244444;10240;10228
2406;18067585000;18006244444;18506244444;10240;10228
2407;18067783000;18006244444;18506244444;10240;10228
2408;18067793000;18006288888;18506288888;10240;10228
2409;18108255000;18006611111;18506611111;10240;10228
2410;18108452000;18006611111;18506611111;10240;10228
2411;18108654000;18006611111;18506611111;10240;10228
2412;18108667000;18047944444;18547944444;10240;10228
2413;18108858000;18047944444;18547944444;10240;10228
2414;18108870000;18047944444;18547944444;10240;10228
2415;18109053000;18047944444;18547944444;10240;10228
2416;18109259000;18047944444;18547944444;10240;10228
2417;18109264000;18047944444;18547944444;10240;10228
2418;18109462000;18047944444;18547944444;10240;10228
2419;18109468000;18047988888;18547988888;10240;10228
2420;18149958000;18048288888;18548288888;10240;10228
2421;18150125000;18048288888;18548288888;10240;10228
2422;18150320000;18048288888;18548288888;10240;10228
2423;18150335000;18089611111;18589611111;10240;10228
2424;18150521000;18089611111;18589611111;10240;10228
2425;18150555000;18089611111;18589611111;10240;10228
2426;18150724000;18089611111;18589611111;10240;10228
2427;18150736000;18089611111;18589611111;10240;10228
2428;18150918000;18089611111;18589611111;10240;10228
2429;18151113000;18089611111;18589611111;10240;10228
2430;18151134000;18089655555;18589655555;10240;10228
2431;18191600000;18089966666;18589966666;10240;10228
2432;18191760000;18089966666;18589966666;10240;10228
2433;18191962000;18089966666;18589966666;10240;10228
2434;18191974000;18131244444;18631244444;10240;10228
2435;18192166000;18131244444;18631244444;10240;10228
2436;18192181000;18131244444;18631244444;10240;10228
2437;18192369000;18131244444;18631244444;10240;10228
2438;18192576000;18131244444;18631244444;10240;10228
2439;18192586000;18131244444;18631244444;10240;10228
2440;18192795000;18131244444;18631244444;10240;10228
2441;18192807000;18131288888;18631288888;10240;10228
2442;18233321000;18131622222;18631622222;10240;10228
2443;18233474000;18131622222;18631622222;10240;10228
2444;18233681000;18131622222;18631622222;10240;10228
2445;18233694000;18172944444;18672944444;10240;10228
2446;18233872000;18172944444;18672944444;10240;10228
2447;18233885000;18172944444;18672944444;10240;10228
2448;18234058000;18172944444;18672944444;10240;10228
2449;18234291000;18172944444;18672944444;10240;10228
2450;18234313000;18172944444;18672944444;10240;10228
2451;18234497000;18172944444;18672944444;10240;10228
2452;18234507000;18172988888;18672988888;10240;10228
2453;18274949000;18173288888;18673288888;10240;10228
2454;18275115000;18173288888;18673288888;10240;10228
2455;18275319000;18173288888;18673288888;10240;10228
2456;18275333000;18214611111;18714611111;10240;10228
2457;18275514000;18214611111;18714611111;10240;10228
2458;18275521000;18214611111;18714611111;10240;10228
2459;18275718000;18214611111;18714611111;10240;10228
2460;18275727000;18214611111;18714611111;10240;10228
2461;18275921000;18214611111;18714611111;10240;10228
2462;18276128000;18214611111;18714611111;10240;10228
2463;18276134000;18214655555;18714655555;10240;10228
2464;18316635000;18214966666;18714966666;10240;10228
2465;18316787000;18214966666;18714966666;10240;10228
2466;18316982000;18214966666;18714966666;10240;10228
2467;18316991000;18256277777;18756277777;10240;10228
2468;18317192000;18256277777;18756277777;10240;10228
2469;18317201000;18256277777;18756277777;10240;10228
2470;18317396000;18256277777;18756277777;10240;10228
2471;18317409000;18256277777;18756277777;10240;10228
2472;18317602000;18256277777;18756277777;10240;10228
2473;18317799000;18256277777;18756277777;10240;10228
2474;18317809000;18256322222;18756322222;10240;10228
2475;18358265000;18256666666;18756666666;10240;10228
2476;18358455000;18256666666;18756666666;10240;10228
2477;18358661000;18256666666;18756666666;10240;10228
2478;18358670000;18297955555;18797955555;10240;10228
2479;18358866000;18297955555;18797955555;10240;10228
2480;18358875000;18297955555;18797955555;10240;10228
2481;18359065000;18297955555;18797955555;10240;10228
2482;18359274000;18297955555;18797955555;10240;10228
2483;18359285000;18297955555;18797955555;10240;10228
2484;18359480000;18297955555;18797955555;10240;10228
2485;18359490000;18298000000;18798000000;10240;10228
2486;18399915000;18298300000;18798300000;10240;10228
2487;18400115000;18298300000;18798300000;10240;10228
2488;18400298000;18298300000;18798300000;10240;10228
2489;18400303000;18339611111;18839611111;10240;10228
2490;18400525000;18339611111;18839611111;10240;10228
2491;18400534000;18339611111;18839611111;10240;10228
2492;18400729000;18339611111;18839611111;10240;10228
2493;18400933000;18339611111;18839611111;10240;10228
2494;18400945000;18339611111;18839611111;10240;10228
2495;18401139000;18339611111;18839611111;10240;10228
2496;18401150000;18339655555;18839655555;10240;10228
2497;18441619000;18339955555;18839955555;10240;10228
2498;18441818000;18339955555;18839955555;10240;10228
2499;18441839000;18339955555;18839955555;10240;10228
2500;18441971000;18381277777;18881277777;10240;10228
2501;18442234000;18381277777;18881277777;10240;10228
2502;18442268000;18381277777;18881277777;10240;10228
2503;18442435000;18381277777;18881277777;10240;10228
2504;18442454000;18381277777;18881277777;10240;10228
2505;18442640000;18381277777;18881277777;10240;10228
2506;18442833000;18381277777;18881277777;10240;10228
2507;18442843000;18381311111;18881311111;10240;10228
2508;18483274000;18381644444;18881644444;10240;10228
2509;18483466000;18381644444;18881644444;10240;10228
2510;18483667000;18381644444;18881644444;10240;10228
2511;18483685000;18422944444;18922944444;10240;10228
2512;18483870000;18422944444;18922944444;10240;10228
2513;18483879000;18422944444;18922944444;10240;10228
2514;18484058000;18422944444;18922944444;10240;10228
2515;18484286000;18422944444;18922944444;10240;10228
2516;18484307000;18422944444;18922944444;10240;10228
2517;18484483000;18422944444;18922944444;10240;10228
2518;18484503000;18422988888;18922988888;10240;10228
2519;18524911000;18423277777;18923277777;10240;10228
2520;18525106000;18423277777;18923277777;10240;10228
2521;18525310000;18423277777;18923277777;10240;10228
2522;18525330000;18464611111;18964611111;10240;10228
2523;18525519000;18464611111;18964611111;10240;10228
2524;18525529000;18464611111;18964611111;10240;10228
2525;18525722000;18464611111;18964611111;10240;10228
2526;18525731000;18464611111;18964611111;10240;10228
2527;18525917000;18464611111;18964611111;10240;10228
2528;18526143000;18464611111;18964611111;10240;10228
2529;18526154000;18464655555;18964655555;10240;10228
2530;18566640000;18464988888;18964988888;10240;10228
2531;18566796000;18464988888;18964988888;10240;10228
2532;18566808000;18464988888;18964988888;10240;10228
2533;18566987000;18506244444;19006244444;10240;10228
2534;18567201000;18506244444;19006244444;10240;10228
2535;18567211000;18506244444;19006244444;10240;10228
2536;18567407000;18506244444;19006244444;10240;10228
2537;18567426000;18506244444;19006244444;10240;10228
2538;18567612000;18506244444;19006244444;10240;10228
2539;18567805000;18506244444;19006244444;10240;10228
2540;18567816000;18506288888;19006288888;10240;10228
2541;18608227000;18506622222;19006622222;10240;10228
2542;18608441000;18506622222;19006622222;10240;10228
2543;18608636000;18506622222;19006622222;10240;10228
2544;18608658000;18547944444;19047944444;10240;10228
2545;18608840000;18547944444;19047944444;10240;10228
2546;18608860000;18547944444;19047944444;10240;10228
2547;18609057000;18547944444;19047944444;10240;10228
2548;18609077000;18547944444;19047944444;10240;10228
2549;18609260000;18547944444;19047944444;10240;10228
2550;18609455000;18547944444;19047944444;10240;10228
2551;18609476000;18547988888;19047988888;10240;10228
2552;18649913000;18548288888;19048288888;10240;10228
2553;18650109000;18548288888;19048288888;10240;10228
2554;18650310000;18548288888;19048288888;10240;10228
2555;18650331000;18589577777;19089577777;10240;10228
2556;18650508000;18589577777;19089577777;10240;10228
2557;18650528000;18589577777;19089577777;10240;10228
2558;18650712000;18589577777;19089577777;10240;10228
2559;18650732000;18589577777;19089577777;10240;10228
2560;18650916000;18589577777;19089577777;10240;10228
2561;18651143000;18589577777;19089577777;10240;10228
2562;18651153000;18589622222;19089622222;10240;10228
2563;18691619000;18589922222;19089922222;10240;10228
2564;18691814000;18589922222;19089922222;10240;10228
2565;18691824000;18589922222;19089922222;10240;10228
2566;18692007000;18631277777;19131277777;10240;10228
2567;18692230000;18631277777;19131277777;10240;10228
2568;18692249000;18631277777;19131277777;10240;10228
2569;18692432000;18631277777;19131277777;10240;10228
2570;18692453000;18631277777;19131277777;10240;10228
2571;18692647000;18631277777;19131277777;10240;10228
2572;18692835000;18631277777;19131277777;10240;10228
2573;18692846000;18631322222;19131322222;10240;10228
2574;18733286000;18631633333;19131633333;10240;10228
2575;18733482000;18631633333;19131633333;10240;10228
2576;18733675000;18631633333;19131633333;10240;10228
2577;18733695000;18672966666;19172966666;10240;10228
2578;18733880000;18672966666;19172966666;10240;10228
2579;18733901000;18672966666;19172966666;10240;10228
2580;18734081000;18672966666;19172966666;10240;10228
2581;18734328000;18672966666;19172966666;10240;10228
2582;18734347000;18672966666;19172966666;10240;10228
2583;18734495000;18672966666;19172966666;10240;10228
2584;18734516000;18673000000;19173000000;10240;10228
2585;18774928000;18673300000;19173300000;10240;10228
2586;18775105000;18673300000;19173300000;10240;10228
2587;18775310000;18673300000;19173300000;10240;10228
2588;18775331000;18714611111;19214611111;10240;10228
2589;18775506000;18714611111;19214611111;10240;10228
2590;18775526000;18714611111;19214611111;10240;10228
2591;18775710000;18714611111;19214611111;10240;10228
2592;18775731000;18714611111;19214611111;10240;10228
2593;18775914000;18714611111;19214611111;10240;10228
2594;18776146000;18714611111;19214611111;10240;10228
2595;18776165000;18714655555;19214655555;10240;10228
2596;18816578000;18714977777;19214977777;10240;10228
2597;18816771000;18714977777;19214977777;10240;10228
2598;18816969000;18714977777;19214977777;10240;10228
2599;18816980000;18756244444;19256244444;10240;10228
2600;18817182000;18756244444;19256244444;10240;10228
2601;18817202000;18756244444;19256244444;10240;10228
2602;18817385000;18756244444;19256244444;10240;10228
2603;18817406000;18756244444;19256244444;10240;10228
2604;18817591000;18756244444;19256244444;10240;10228
2605;18817789000;18756244444;19256244444;10240;10228
2606;18817807000;18756288888;19256288888;10240;10228
2607;18858276000;18756622222;19256622222;10240;10228
2608;18858469000;18756622222;19256622222;10240;10228
2609;18858666000;18756622222;19256622222;10240;10228
2610;18858686000;18797944444;19297944444;10240;10228
2611;18858870000;18797944444;19297944444;10240;10228
2612;18858882000;18797944444;19297944444;10240;10228
2613;18859058000;18797944444;19297944444;10240;10228
2614;18859295000;18797944444;19297944444;10240;10228
2615;18859316000;18797944444;19297944444;10240;10228
2616;18859487000;18797944444;19297944444;10240;10228
2617;18859505000;18797988888;19297988888;10240;10228
2618;18899921000;18798266666;19298266666;10240;10228
2619;18900113000;18798266666;19298266666;10240;10228
2620;18900321000;18798266666;19298266666;10240;10228
2621;18900341000;18839611111;19339611111;10240;10228
2622;18900513000;18839611111;19339611111;10240;10228
2623;18900533000;18839611111;19339611111;10240;10228
2624;18900717000;18839611111;19339611111;10240;10228
2625;18900740000;18839611111;19339611111;10240;10228
2626;18900922000;18839611111;19339611111;10240;10228
2627;18901149000;18839611111;19339611111;10240;10228
2628;18901169000;18839655555;19339655555;10240;10228
2629;18941637000;18839966666;19339966666;10240;10228
2630;18941773000;18839966666;19339966666;10240;10228
2631;18941971000;18839966666;19339966666;10240;10228
2632;18941980000;18881266666;19381266666;10240;10228
2633;18942181000;18881266666;19381266666;10240;10228
2634;18942190000;18881266666;19381266666;10240;10228
2635;18942382000;18881266666;19381266666;10240;10228
2636;18942395000;18881266666;19381266666;10240;10228
2637;18942576000;18881266666;19381266666;10240;10228
2638;18942783000;18881266666;19381266666;10240;10228
2639;18942792000;18881322222;19381322222;10240;10228
2640;18983329000;18881655555;19381655555;10240;10228
2641;18983507000;18881655555;19381655555;10240;10228
2642;18983519000;18881655555;19381655555;10240;10228
2643;18983735000;18922977777;19422977777;10240;10228
2644;18983914000;18922977777;19422977777;10240;10228
2645;18983925000;18922977777;19422977777;10240;10228
2646;18984135000;18922977777;19422977777;10240;10228
2647;18984153000;18922977777;19422977777;10240;10228
2648;18984384000;18922977777;19422977777;10240;10228
2649;18984582000;18922977777;19422977777;10240;10228
2650;18984602000;18923033333;19423033333;10240;10228
2651;19024997000;18923366666;19423366666;10240;10228
2652;19025184000;18923366666;19423366666;10240;10228
2653;19025195000;18923366666;19423366666;10240;10228
2654;19025410000;18964611111;19464611111;10240;10228
2655;19025576000;18964611111;19464611111;10240;10228
2656;19025594000;18964611111;19464611111;10240;10228
2657;19025801000;18964611111;19464611111;10240;10228
2658;19025809000;18964611111;19464611111;10240;10228
2659;19025980000;18964611111;19464611111;10240;10228
2660;19026166000;18964611111;19464611111;10240;10228
2661;19026185000;18964655555;19464655555;10240;10228
2662;19066618000;18964955555;19464955555;10240;10228
2663;19066815000;18964955555;19464955555;10240;10228
2664;19067013000;18964955555;19464955555;10240;10228
2665;19067020000;19006288888;19506288888;10240;10228
2666;19067214000;19006288888;19506288888;10240;10228
2667;19067228000;19006288888;19506288888;10240;10228
2668;19067409000;19006288888;19506288888;10240;10228
2669;19067616000;19006288888;19506288888;10240;10228
2670;19067623000;19006288888;19506288888;10240;10228
2671;19067801000;19006288888;19506288888;10240;10228
2672;19067817000;19006333333;19506333333;10240;10228
2673;19108272000;19006622222;19506622222;10240;10228
2674;19108468000;19006622222;19506622222;10240;10228
2675;19108657000;19006622222;19506622222;10240;10228
2676;19108676000;19047944444;19547944444;10240;10228
2677;19108871000;19047944444;19547944444;10240;10228
2678;19108879000;19047944444;19547944444;10240;10228
2679;19109075000;19047944444;19547944444;10240;10228
2680;19109083000;19047944444;19547944444;10240;10228
2681;19109267000;19047944444;19547944444;10240;10228
2682;19109489000;19047944444;19547944444;10240;10228
2683;19109507000;19047988888;19547988888;10240;10228
2684;19149888000;19048255555;19548255555;10240;10228
2685;19150088000;19048255555;19548255555;10240;10228
2686;19150290000;19048255555;19548255555;10240;10228
2687;19150304000;19089600000;19589600000;10240;10228
2688;19150486000;19089600000;19589600000;10240;10228
2689;19150501000;19089600000;19589600000;10240;10228
2690;19150675000;19089600000;19589600000;10240;10228
2691;19150888000;19089600000;19589600000;10240;10228
2692;19150897000;19089600000;19589600000;10240;10228
2693;19151061000;19089600000;19589600000;10240;10228
2694;19151071000;19089644444;19589644444;10240;10228
2695;19191586000;19089988888;19589988888;10240;10228
2696;19191786000;19089988888;19589988888;10240;10228
2697;19191975000;19089988888;19589988888;10240;10228
2698;19191992000;19131266666;19631266666;10240;10228
2699;19192185000;19131266666;19631266666;10240;10228
2700;19192200000;19131266666;19631266666;10240;10228
2701;19192356000;19131266666;19631266666;10240;10228
2702;19192574000;19131266666;19631266666;10240;10228
2703;19192589000;19131266666;19631266666;10240;10228
2704;19192775000;19131266666;19631266666;10240;10228
2705;19192783000;19131311111;19631311111;10240;10228
2706;19233205000;19131633333;19631633333;10240;10228
2707;19233404000;19131633333;19631633333;10240;10228
2708;19233600000;19131633333;19631633333;10240;10228
2709;19233613000;19172933333;19672933333;10240;10228
2710;19233804000;19172933333;19672933333;10240;10228
2711;19233810000;19172933333;19672933333;10240;10228
2712;19234009000;19172933333;19672933333;10240;10228
2713;19234019000;19172933333;19672933333;10240;10228
2714;19234220000;19172933333;19672933333;10240;10228
2715;19234418000;19172933333;19672933333;10240;10228
2716;19234427000;19172977777;19672977777;10240;10228
2717;19274899000;19173277777;19673277777;10240;10228
2718;19275100000;19173277777;19673277777;10240;10228
2719;19275303000;19173277777;19673277777;10240;10228
2720;19275318000;19214611111;19714611111;10240;10228
2721;19275499000;19214611111;19714611111;10240;10228
2722;19275511000;19214611111;19714611111;10240;10228
2723;19275693000;19214611111;19714611111;10240;10228
2724;19275908000;19214611111;19714611111;10240;10228
2725;19275912000;19214611111;19714611111;10240;10228
2726;19276123000;19214611111;19714611111;10240;10228
2727;19276136000;19214655555;19714655555;10240;10228
2728;19316556000;19214955555;19714955555;10240;10228
2729;19316754000;19214955555;19714955555;10240;10228
2730;19316950000;19214955555;19714955555;10240;10228
2731;19316961000;19256266666;19756266666;10240;10228
2732;19317162000;19256266666;19756266666;10240;10228
2733;19317180000;19256266666;19756266666;10240;10228
2734;19317369000;19256266666;19756266666;10240;10228
2735;19317383000;19256266666;19756266666;10240;10228
2736;19317562000;19256266666;19756266666;10240;10228
2737;19317778000;19256266666;19756266666;10240;10228
2738;19317788000;19256311111;19756311111;10240;10228
2739;19358230000;19256633333;19756633333;10240;10228
2740;19358470000;19256633333;19756633333;10240;10228
2741;19358650000;19256633333;19756633333;10240;10228
2742;19358670000;19297944444;19797944444;10240;10228
2743;19358854000;19297944444;19797944444;10240;10228
2744;19358865000;19297944444;19797944444;10240;10228
2745;19359042000;19297944444;19797944444;10240;10228
2746;19359274000;19297944444;19797944444;10240;10228
2747;19359296000;19297944444;19797944444;10240;10228
2748;19359472000;19297944444;19797944444;10240;10228
2749;19359490000;19297988888;19797988888;10240;10228
2750;19399927000;19298244444;19798244444;10240;10228
2751;19400122000;19298244444;19798244444;10240;10228
2752;19400325000;19298244444;19798244444;10240;10228
2753;19400347000;19339622222;19839622222;10240;10228
2754;19400523000;19339622222;19839622222;10240;10228
2755;19400543000;19339622222;19839622222;10240;10228
2756;19400727000;19339622222;19839622222;10240;10228
2757;19400748000;19339622222;19839622222;10240;10228
2758;19400931000;19339622222;19839622222;10240;10228
2759;19401149000;19339622222;19839622222;10240;10228
2760;19401168000;19339666666;19839666666;10240;10228
2761;19441592000;19339966666;19839966666;10240;10228
2762;19441782000;19339966666;19839966666;10240;10228
2763;19441979000;19339966666;19839966666;10240;10228
2764;19441990000;19381288888;19881288888;10240;10228
2765;19442191000;19381288888;19881288888;10240;10228
2766;19442211000;19381288888;19881288888;10240;10228
2767;19442396000;19381288888;19881288888;10240;10228
2768;19442417000;19381288888;19881288888;10240;10228
2769;19442601000;19381288888;19881288888;10240;10228
2770;19442799000;19381288888;19881288888;10240;10228
2771;19442818000;19381333333;19881333333;10240;10228
2772;19483219000;19381655555;19881655555;10240;10228
2773;19483428000;19381655555;19881655555;10240;10228
2774;19483628000;19381655555;19881655555;10240;10228
2775;19483647000;19422933333;19922933333;10240;10228
2776;19483830000;19422933333;19922933333;10240;10228
2777;19483850000;19422933333;19922933333;10240;10228
2778;19484033000;19422933333;19922933333;10240;10228
2779;19484053000;19422933333;19922933333;10240;10228
2780;19484247000;19422933333;19922933333;10240;10228
2781;19484447000;19422933333;19922933333;10240;10228
2782;19484465000;19422977777;19922977777;10240;10228
2783;19524908000;19423266666;19923266666;10240;10228
2784;19525100000;19423266666;19923266666;10240;10228
2785;19525309000;19423266666;19923266666;10240;10228
2786;19525328000;19464600000;19964600000;10240;10228
2787;19525501000;19464600000;19964600000;10240;10228
2788;19525521000;19464600000;19964600000;10240;10228
2789;19525704000;19464600000;19964600000;10240;10228
2790;19525724000;19464600000;19964600000;10240;10228
2791;19525910000;19464600000;19964600000;10240;10228
2792;19526119000;19464600000;19964600000;10240;10228
2793;19526128000;19464644444;19964644444;10240;10228
2794;19566574000;19464955555;19964955555;10240;10228
2795;19566767000;19464955555;19964955555;10240;10228
2796;19566965000;19464955555;19964955555;10240;10228
2797;19566974000;19506277777;20006277777;10240;10228
2798;19567179000;19506277777;20006277777;10240;10228
2799;19567199000;19506277777;20006277777;10240;10228
2800;19567372000;19506277777;20006277777;10240;10228
2801;19567392000;19506277777;20006277777;10240;10228
2802;19567585000;19506277777;20006277777;10240;10228
2803;19567782000;19506277777;20006277777;10240;10228
2804;19567792000;19506322222;20006322222;10240;10228
2805;19608239000;19506677777;20006677777;10240;10228
2806;19608429000;19506677777;20006677777;10240;10228
2807;19608629000;19506677777;20006677777;10240;10228
2808;19608647000;19547933333;20047933333;10240;10228
2809;19608842000;19547933333;20047933333;10240;10228
2810;19608851000;19547933333;20047933333;10240;10228
2811;19609037000;19547933333;20047933333;10240;10228
2812;19609055000;19547933333;20047933333;10240;10228
2813;19609247000;19547933333;20047933333;10240;10228
2814;19609445000;19547933333;20047933333;10240;10228
2815;19609465000;19547977777;20047977777;10240;10228
2816;19649940000;19548266666;20048266666;10240;10228
2817;19650125000;19548266666;20048266666;10240;10228
2818;19650329000;19548266666;20048266666;10240;10228
2819;19650335000;19589655555;20089655555;10240;10228
2820;19650525000;19589655555;20089655555;10240;10228
2821;19650530000;19589655555;20089655555;10240;10228
2822;19650730000;19589655555;20089655555;10240;10228
2823;19650735000;19589655555;20089655555;10240;10228
2824;19650935000;19589655555;20089655555;10240;10228
2825;19651147000;19589655555;20089655555;10240;10228
2826;19651153000;19589700000;20089700000;10240;10228
2827;19691563000;19589977777;20089977777;10240;10228
2828;19691769000;19589977777;20089977777;10240;10228
2829;19691776000;19589977777;20089977777;10240;10228
2830;19691965000;19631266666;20131266666;10240;10228
2831;19692193000;19631266666;20131266666;10240;10228
2832;19692211000;19631266666;20131266666;10240;10228
2833;19692406000;19631266666;20131266666;10240;10228
2834;19692424000;19631266666;20131266666;10240;10228
2835;19692599000;19631266666;20131266666;10240;10228
2836;19692793000;19631266666;20131266666;10240;10228
2837;19692804000;19631311111;20131311111;10240;10228
2838;19733220000;19631611111;20131611111;10240;10228
2839;19733418000;19631611111;20131611111;10240;10228
2840;19733628000;19631611111;20131611111;10240;10228
2841;19733648000;19672933333;20172933333;10240;10228
2842;19733831000;19672933333;20172933333;10240;10228
2843;19733861000;19672933333;20172933333;10240;10228
2844;19734037000;19672933333;20172933333;10240;10228
2845;19734056000;19672933333;20172933333;10240;10228
2846;19734251000;19672933333;20172933333;10240;10228
2847;19734446000;19672933333;20172933333;10240;10228
2848;19734466000;19672977777;20172977777;10240;10228
2849;19774939000;19673288888;20173288888;10240;10228
2850;19775101000;19673288888;20173288888;10240;10228
2851;19775301000;19673288888;20173288888;10240;10228
2852;19775322000;19714600000;20214600000;10240;10228
2853;19775496000;19714600000;20214600000;10240;10228
2854;19775516000;19714600000;20214600000;10240;10228
2855;19775714000;19714600000;20214600000;10240;10228
2856;19775723000;19714600000;20214600000;10240;10228
2857;19775906000;19714600000;20214600000;10240;10228
2858;19776113000;19714600000;20214600000;10240;10228
2859;19776125000;19714644444;20214644444;10240;10228
2860;19816569000;19714955555;20214955555;10240;10228
2861;19816769000;19714955555;20214955555;10240;10228
2862;19816965000;19714955555;20214955555;10240;10228
2863;19816975000;19756266666;20256266666;10240;10228
2864;19817177000;19756266666;20256266666;10240;10228
2865;19817191000;19756266666;20256266666;10240;10228
2866;19817381000;19756266666;20256266666;10240;10228
2867;19817394000;19756266666;20256266666;10240;10228
2868;19817577000;19756266666;20256266666;10240;10228
2869;19817781000;19756266666;20256266666;10240;10228
2870;19817790000;19756311111;20256311111;10240;10228
2871;19858216000;19756633333;20256633333;10240;10228
2872;19858418000;19756633333;20256633333;10240;10228
2873;19858613000;19756633333;20256633333;10240;10228
2874;19858626000;19797944444;20297944444;10240;10228
2875;19858816000;19797944444;20297944444;10240;10228
2876;19858827000;19797944444;20297944444;10240;10228
2877;19859022000;19797944444;20297944444;10240;10228
2878;19859029000;19797944444;20297944444;10240;10228
2879;19859233000;19797944444;20297944444;10240;10228
2880;19859430000;19797944444;20297944444;10240;10228
2881;19859439000;19797988888;20297988888;10240;10228
2882;19899873000;19798255555;20298255555;10240;10228
2883;19900074000;19798255555;20298255555;10240;10228
2884;19900277000;19798255555;20298255555;10240;10228
2885;19900291000;19839600000;20339600000;10240;10228
2886;19900474000;19839600000;20339600000;10240;10228
2887;19900485000;19839600000;20339600000;10240;10228
2888;19900680000;19839600000;20339600000;10240;10228
2889;19900686000;19839600000;20339600000;10240;10228
2890;19900882000;19839600000;20339600000;10240;10228
2891;19901079000;19839600000;20339600000;10240;10228
2892;19901088000;19839644444;20339644444;10240;10228
2893;19941537000;19839955555;20339955555;10240;10228
2894;19941739000;19839955555;20339955555;10240;10228
2895;19941945000;19839955555;20339955555;10240;10228
2896;19941956000;19881266666;20381266666;10240;10228
2897;19942147000;19881266666;20381266666;10240;10228
2898;19942161000;19881266666;20381266666;10240;10228
2899;19942351000;19881266666;20381266666;10240;10228
2900;19942365000;19881266666;20381266666;10240;10228
2901;19942546000;19881266666;20381266666;10240;10228
2902;19942753000;19881266666;20381266666;10240;10228
2903;19942760000;19881311111;20381311111;10240;10228
2904;19983206000;19881622222;20381622222;10240;10228
2905;19983404000;19881622222;20381622222;10240;10228
2906;19983601000;19881622222;20381622222;10240;10228
2907;19983612000;19922933333;20422933333;10240;10228
2908;19983805000;19922933333;20422933333;10240;10228
2909;19983816000;19922933333;20422933333;10240;10228
2910;19984009000;19922933333;20422933333;10240;10228
2911;19984018000;19922933333;20422933333;10240;10228
2912;19984221000;19922933333;20422933333;10240;10228
2913;19984420000;19922933333;20422933333;10240;10228
2914;19984428000;19922977777;20422977777;10240;10228
2915;20024943000;19923255555;20423255555;10240;10228
2916;20025145000;19923255555;20423255555;10240;10228
2917;20025155000;19923255555;20423255555;10240;10228
2918;20025357000;19964600000;20464600000;10240;10228
2919;20025539000;19964600000;20464600000;10240;10228
2920;20025562000;19964600000;20464600000;10240;10228
2921;20025750000;19964600000;20464600000;10240;10228
2922;20025771000;19964600000;20464600000;10240;10228
2923;20025956000;19964600000;20464600000;10240;10228
2924;20026170000;19964600000;20464600000;10240;10228
2925;20026188000;19964644444;20464644444;10240;10228
2926;20066591000;19964944444;20464944444;10240;10228
2927;20066789000;19964944444;20464944444;10240;10228
2928;20066809000;19964944444;20464944444;10240;10228
2929;20066987000;20006277777;20506277777;10240;10228
2930;20067192000;20006277777;20506277777;10240;10228
2931;20067212000;20006277777;20506277777;10240;10228
2932;20067402000;20006277777;20506277777;10240;10228
2933;20067423000;20006277777;20506277777;10240;10228
2934;20067608000;20006277777;20506277777;10240;10228
2935;20067807000;20006277777;20506277777;10240;10228
2936;20067815000;20006322222;20506322222;10240;10228
2937;20108249000;20006600000;20506600000;10240;10228
2938;20108448000;20006600000;20506600000;10240;10228
2939;20108469000;20006600000;20506600000;10240;10228
2940;20108600000;20047933333;20547933333;10240;10228
2941;20108849000;20047933333;20547933333;10240;10228
2942;20108869000;20047933333;20547933333;10240;10228
2943;20109078000;20047933333;20547933333;10240;10228
2944;20109098000;20047933333;20547933333;10240;10228
2945;20109265000;20047933333;20547933333;10240;10228
2946;20109458000;20047933333;20547933333;10240;10228
2947;20109477000;20047977777;20547977777;10240;10228
2948;20150075000;20048244444;20548244444;10240;10228
2949;20150119000;20048244444;20548244444;10240;10228
2950;20150160000;20048244444;20548244444;10240;10228
2951;20150312000;20089600000;20589600000;10240;10228
2952;20150516000;20089600000;20589600000;10240;10228
2953;20150542000;20089600000;20589600000;10240;10228
2954;20150716000;20089600000;20589600000;10240;10228
2955;20150744000;20089600000;20589600000;10240;10228
2956;20150921000;20089600000;20589600000;10240;10228
2957;20151163000;20089600000;20589600000;10240;10228
2958;20151189000;20089644444;20589644444;10240;10228
2959;20191628000;20089933333;20589933333;10240;10228
2960;20191812000;20089933333;20589933333;10240;10228
2961;20191823000;20089933333;20589933333;10240;10228
2962;20192032000;20131266666;20631266666;10240;10228
2963;20192224000;20131266666;20631266666;10240;10228
2964;20192245000;20131266666;20631266666;10240;10228
2965;20192419000;20131266666;20631266666;10240;10228
2966;20192455000;20131266666;20631266666;10240;10228
2967;20192629000;20131266666;20631266666;10240;10228
2968;20192825000;20131266666;20631266666;10240;10228
2969;20192836000;20131311111;20631311111;10240;10228
2970;20233238000;20131622222;20631622222;10240;10228
2971;20233435000;20131622222;20631622222;10240;10228
2972;20233634000;20131622222;20631622222;10240;10228
2973;20233638000;20172933333;20672933333;10240;10228
2974;20233835000;20172933333;20672933333;10240;10228
2975;20233841000;20172933333;20672933333;10240;10228
2976;20234041000;20172933333;20672933333;10240;10228
2977;20234068000;20172933333;20672933333;10240;10228
2978;20234253000;20172933333;20672933333;10240;10228
2979;20234457000;20172933333;20672933333;10240;10228
2980;20234470000;20172977777;20672977777;10240;10228
2981;20274882000;20173266666;20673266666;10240;10228
2982;20275083000;20173266666;20673266666;10240;10228
2983;20275287000;20173266666;20673266666;10240;10228
2984;20275300000;20214611111;20714611111;10240;10228
2985;20275482000;20214611111;20714611111;10240;10228
2986;20275490000;20214611111;20714611111;10240;10228
2987;20275687000;20214611111;20714611111;10240;10228
2988;20275692000;20214611111;20714611111;10240;10228
2989;20275892000;20214611111;20714611111;10240;10228
2990;20276117000;20214611111;20714611111;10240;10228
2991;20276132000;20214655555;20714655555;10240;10228
2992;20316569000;20214933333;20714933333;10240;10228
2993;20316769000;20214933333;20714933333;10240;10228
2994;20316949000;20214933333;20714933333;10240;10228
2995;20316958000;20256266666;20756266666;10240;10228
2996;20317178000;20256266666;20756266666;10240;10228
2997;20317191000;20256266666;20756266666;10240;10228
2998;20317383000;20256266666;20756266666;10240;10228
2999;20317395000;20256266666;20756266666;10240;10228
3000;20317579000;20256266666;20756266666;10240;10228
3001;20317783000;20256266666;20756266666;10240;10228
3002;20317793000;20256311111;20756311111;10240;10228
3003;20358248000;20256622222;20756622222;10240;10228
3004;20358448000;20256622222;20756622222;10240;10228
3005;20358644000;20256622222;20756622222;10240;10228
3006;20358654000;20297944444;20797944444;10240;10228
3007;20358848000;20297944444;20797944444;10240;10228
3008;20358857000;20297944444;20797944444;10240;10228
3009;20359039000;20297944444;20797944444;10240;10228
3010;20359265000;20297944444;20797944444;10240;10228
3011;20359271000;20297944444;20797944444;10240;10228
3012;20359462000;20297944444;20797944444;10240;10228
3013;20359471000;20297988888;20797988888;10240;10228
3014;20399881000;20298244444;20798244444;10240;10228
3015;20400083000;20298244444;20798244444;10240;10228
3016;20400286000;20298244444;20798244444;10240;10228
3017;20400300000;20339611111;20839611111;10240;10228
3018;20400482000;20339611111;20839611111;10240;10228
3019;20400492000;20339611111;20839611111;10240;10228
3020;20400686000;20339611111;20839611111;10240;10228
3021;20400694000;20339611111;20839611111;10240;10228
3022;20400891000;20339611111;20839611111;10240;10228
3023;20401117000;20339611111;20839611111;10240;10228
3024;20401132000;20339655555;20839655555;10240;10228
3025;20441580000;20339933333;20839933333;10240;10228
3026;20441767000;20339933333;20839933333;10240;10228
3027;20441961000;20339933333;20839933333;10240;10228
3028;20441972000;20381266666;20881266666;10240;10228
3029;20442174000;20381266666;20881266666;10240;10228
3030;20442192000;20381266666;20881266666;10240;10228
3031;20442378000;20381266666;20881266666;10240;10228
3032;20442392000;20381266666;20881266666;10240;10228
3033;20442573000;20381266666;20881266666;10240;10228
3034;20442778000;20381266666;20881266666;10240;10228
3035;20442787000;20381311111;20881311111;10240;10228
3036;20483226000;20381622222;20881622222;10240;10228
3037;20483445000;20381622222;20881622222;10240;10228
3038;20483640000;20381622222;20881622222;10240;10228
3039;20483651000;20422944444;20922944444;10240;10228
3040;20483844000;20422944444;20922944444;10240;10228
3041;20483854000;20422944444;20922944444;10240;10228
3042;20484033000;20422944444;20922944444;10240;10228
3043;20484262000;20422944444;20922944444;10240;10228
3044;20484268000;20422944444;20922944444;10240;10228
3045;20484458000;20422944444;20922944444;10240;10228
3046;20484467000;20422988888;20922988888;10240;10228
3047;20524893000;20423255555;20923255555;10240;10228
3048;20525095000;20423255555;20923255555;10240;10228
3049;20525296000;20423255555;20923255555;10240;10228
3050;20525311000;20464611111;20964611111;10240;10228
3051;20525493000;20464611111;20964611111;10240;10228
3052;20525503000;20464611111;20964611111;10240;10228
3053;20525708000;20464611111;20964611111;10240;10228
3054;20525717000;20464611111;20964611111;10240;10228
3055;20525900000;20464611111;20964611111;10240;10228
3056;20526117000;20464611111;20964611111;10240;10228
3057;20526130000;20464655555;20964655555;10240;10228
3058;20566617000;20464966666;20964966666;10240;10228
3059;20566820000;20464966666;20964966666;10240;10228
3060;20566830000;20464966666;20964966666;10240;10228
3061;20567018000;20506277777;21006277777;10240;10228
3062;20567232000;20506277777;21006277777;10240;10228
3063;20567253000;20506277777;21006277777;10240;10228
3064;20567426000;20506277777;21006277777;10240;10228
3065;20567446000;20506277777;21006277777;10240;10228
3066;20567638000;20506277777;21006277777;10240;10228
3067;20567837000;20506277777;21006277777;10240;10228
3068;20567846000;20506311111;21006311111;10240;10228
3069;20608259000;20506622222;21006622222;10240;10228
3070;20608447000;20506622222;21006622222;10240;10228
3071;20608641000;20506622222;21006622222;10240;10228
3072;20608652000;20547944444;21047944444;10240;10228
3073;20608845000;20547944444;21047944444;10240;10228
3074;20608851000;20547944444;21047944444;10240;10228
3075;20609068000;20547944444;21047944444;10240;10228
3076;20609076000;20547944444;21047944444;10240;10228
3077;20609262000;20547944444;21047944444;10240;10228
3078;20609461000;20547944444;21047944444;10240;10228
3079;20609468000;20547988888;21047988888;10240;10228
3080;20649924000;20548255555;21048255555;10240;10228
3081;20650112000;20548255555;21048255555;10240;10228
3082;20650316000;20548255555;21048255555;10240;10228
3083;20650330000;20589611111;21089611111;10240;10228
3084;20650512000;20589611111;21089611111;10240;10228
3085;20650522000;20589611111;21089611111;10240;10228
3086;20650716000;20589611111;21089611111;10240;10228
3087;20650726000;20589611111;21089611111;10240;10228
3088;20650919000;20589611111;21089611111;10240;10228
3089;20651134000;20589611111;21089611111;10240;10228
3090;20651147000;20589655555;21089655555;10240;10228
3091;20691621000;20589922222;21089922222;10240;10228
3092;20691820000;20589922222;21089922222;10240;10228
3093;20691841000;20589922222;21089922222;10240;10228
3094;20692016000;20631277777;21131277777;10240;10228
3095;20692220000;20631277777;21131277777;10240;10228
3096;20692239000;20631277777;21131277777;10240;10228
3097;20692434000;20631277777;21131277777;10240;10228
3098;20692456000;20631277777;21131277777;10240;10228
3099;20692639000;20631277777;21131277777;10240;10228
3100;20692838000;20631277777;21131277777;10240;10228
3101;20692847000;20631322222;21131322222;10240;10228
3102;20733251000;20631611111;21131611111;10240;10228
3103;20733448000;20631611111;21131611111;10240;10228
3104;20733643000;20631611111;21131611111;10240;10228
3105;20733650000;20672944444;21172944444;10240;10228
3106;20733846000;20672944444;21172944444;10240;10228
3107;20733854000;20672944444;21172944444;10240;10228
3108;20734069000;20672944444;21172944444;10240;10228
3109;20734080000;20672944444;21172944444;10240;10228
3110;20734263000;20672944444;21172944444;10240;10228
3111;20734462000;20672944444;21172944444;10240;10228
3112;20734469000;20672988888;21172988888;10240;10228
3113;20774916000;20673266666;21173266666;10240;10228
3114;20775115000;20673266666;21173266666;10240;10228
3115;20775319000;20673266666;21173266666;10240;10228
3116;20775332000;20714611111;21214611111;10240;10228
3117;20775515000;20714611111;21214611111;10240;10228
3118;20775524000;20714611111;21214611111;10240;10228
3119;20775720000;20714611111;21214611111;10240;10228
3120;20775746000;20714611111;21214611111;10240;10228
3121;20775922000;20714611111;21214611111;10240;10228
3122;20776136000;20714611111;21214611111;10240;10228
3123;20776149000;20714655555;21214655555;10240;10228
3124;20816579000;20714966666;21214966666;10240;10228
3125;20816777000;20714966666;21214966666;10240;10228
3126;20816975000;20714966666;21214966666;10240;10228
3127;20816983000;20756277777;21256277777;10240;10228
3128;20817186000;20756277777;21256277777;10240;10228
3129;20817199000;20756277777;21256277777;10240;10228
3130;20817391000;20756277777;21256277777;10240;10228
3131;20817403000;20756277777;21256277777;10240;10228
3132;20817586000;20756277777;21256277777;10240;10228
3133;20817791000;20756277777;21256277777;10240;10228
3134;20817799000;20756322222;21256322222;10240;10228
3135;20858205000;20756622222;21256622222;10240;10228
3136;20858405000;20756622222;21256622222;10240;10228
3137;20858601000;20756622222;21256622222;10240;10228
3138;20858610000;20797933333;21297933333;10240;10228
3139;20858807000;20797933333;21297933333;10240;10228
3140;20858811000;20797933333;21297933333;10240;10228
3141;20859011000;20797933333;21297933333;10240;10228
3142;20859018000;20797933333;21297933333;10240;10228
3143;20859224000;20797933333;21297933333;10240;10228
3144;20859419000;20797933333;21297933333;10240;10228
3145;20859428000;20797977777;21297977777;10240;10228
3146;20899904000;20798244444;21298244444;10240;10228
3147;20900104000;20798244444;21298244444;10240;10228
3148;20900306000;20798244444;21298244444;10240;10228
3149;20900320000;20839600000;21339600000;10240;10228
3150;20900504000;20839600000;21339600000;10240;10228
3151;20900514000;20839600000;21339600000;10240;10228
3152;20900708000;20839600000;21339600000;10240;10228
3153;20900714000;20839600000;21339600000;10240;10228
3154;20900912000;20839600000;21339600000;10240;10228
3155;20901124000;20839600000;21339600000;10240;10228
3156;20901139000;20839644444;21339644444;10240;10228
3157;20941631000;20839944444;21339944444;10240;10228
3158;20941804000;20839944444;21339944444;10240;10228
3159;20942002000;20839944444;21339944444;10240;10228
3160;20942013000;20881288888;21381288888;10240;10228
3161;20942219000;20881288888;21381288888;10240;10228
3162;20942229000;20881288888;21381288888;10240;10228
3163;20942428000;20881288888;21381288888;10240;10228
3164;20942447000;20881288888;21381288888;10240;10228
3165;20942631000;20881288888;21381288888;10240;10228
3166;20942825000;20881288888;21381288888;10240;10228
3167;20942837000;20881333333;21381333333;10240;10228
3168;20983289000;20881644444;21381644444;10240;10228
3169;20983448000;20881644444;21381644444;10240;10228
3170;20983649000;20881644444;21381644444;10240;10228
3171;20983662000;20922944444;21422944444;10240;10228
3172;20983851000;20922944444;21422944444;10240;10228
3173;20983863000;20922944444;21422944444;10240;10228
3174;20984059000;20922944444;21422944444;10240;10228
3175;20984079000;20922944444;21422944444;10240;10228
3176;20984269000;20922944444;21422944444;10240;10228
3177;20984455000;20922944444;21422944444;10240;10228
3178;20984476000;20922988888;21422988888;10240;10228
3179;21024944000;20923255555;21423255555;10240;10228
3180;21025150000;20923255555;21423255555;10240;10228
3181;21025168000;20923255555;21423255555;10240;10228
3182;21025359000;20964600000;21464600000;10240;10228
3183;21025537000;20964600000;21464600000;10240;10228
3184;21025557000;20964600000;21464600000;10240;10228
3185;21025749000;20964600000;21464600000;10240;10228
3186;21025768000;20964600000;21464600000;10240;10228
3187;21025953000;20964600000;21464600000;10240;10228
3188;21026168000;20964600000;21464600000;10240;10228
3189;21026188000;20964644444;21464644444;10240;10228
3190;21066618000;20964955555;21464955555;10240;10228
3191;21066824000;20964955555;21464955555;10240;10228
3192;21066833000;20964955555;21464955555;10240;10228
3193;21067018000;21006277777;21506277777;10240;10228
3194;21067228000;21006277777;21506277777;10240;10228
3195;21067248000;21006277777;21506277777;10240;10228
3196;21067426000;21006277777;21506277777;10240;10228
3197;21067446000;21006277777;21506277777;10240;10228
3198;21067628000;21006277777;21506277777;10240;10228
3199;21067834000;21006277777;21506277777;10240;10228
3200;21067845000;21006322222;21506322222;10240;10228
3201;21108274000;21006611111;21506611111;10240;10228
3202;21108471000;21006611111;21506611111;10240;10228
3203;21108666000;21006611111;21506611111;10240;10228
3204;21108687000;21047944444;21547944444;10240;10228
3205;21108870000;21047944444;21547944444;10240;10228
3206;21108881000;21047944444;21547944444;10240;10228
3207;21109050000;21047944444;21547944444;10240;10228
3208;21109279000;21047944444;21547944444;10240;10228
3209;21109286000;21047944444;21547944444;10240;10228
3210;21109510000;21047944444;21547944444;10240;10228
3211;21109520000;21047988888;21547988888;10240;10228
3212;21149941000;21048255555;21548255555;10240;10228
3213;21150136000;21048255555;21548255555;10240;10228
3214;21150340000;21048255555;21548255555;10240;10228
3215;21150361000;21089611111;21589611111;10240;10228
3216;21150537000;21089611111;21589611111;10240;10228
3217;21150557000;21089611111;21589611111;10240;10228
3218;21150741000;21089611111;21589611111;10240;10228
3219;21150763000;21089611111;21589611111;10240;10228
3220;21150945000;21089611111;21589611111;10240;10228
3221;21151162000;21089611111;21589611111;10240;10228
3222;21151171000;21089655555;21589655555;10240;10228
3223;21191609000;21089944444;21589944444;10240;10228
3224;21191800000;21089944444;21589944444;10240;10228
3225;21191997000;21089944444;21589944444;10240;10228
3226;21192008000;21131277777;21631277777;10240;10228
3227;21192210000;21131277777;21631277777;10240;10228
3228;21192230000;21131277777;21631277777;10240;10228
3229;21192414000;21131277777;21631277777;10240;10228
3230;21192436000;21131277777;21631277777;10240;10228
3231;21192620000;21131277777;21631277777;10240;10228
3232;21192851000;21131277777;21631277777;10240;10228
3233;21192860000;21131322222;21631322222;10240;10228
3234;21233276000;21131633333;21631633333;10240;10228
3235;21233467000;21131633333;21631633333;10240;10228
3236;21233664000;21131633333;21631633333;10240;10228
3237;21233684000;21172944444;21672944444;10240;10228
3238;21233869000;21172944444;21672944444;10240;10228
3239;21233881000;21172944444;21672944444;10240;10228
3240;21234056000;21172944444;21672944444;10240;10228
3241;21234289000;21172944444;21672944444;10240;10228
3242;21234308000;21172944444;21672944444;10240;10228
3243;21234485000;21172944444;21672944444;10240;10228
3244;21234503000;21172988888;21672988888;10240;10228
3245;21274943000;21173266666;21673266666;10240;10228
3246;21275135000;21173266666;21673266666;10240;10228
3247;21275343000;21173266666;21673266666;10240;10228
3248;21275362000;21214611111;21714611111;10240;10228
3249;21275535000;21214611111;21714611111;10240;10228
3250;21275556000;21214611111;21714611111;10240;10228
3251;21275740000;21214611111;21714611111;10240;10228
3252;21275761000;21214611111;21714611111;10240;10228
3253;21275945000;21214611111;21714611111;10240;10228
3254;21276161000;21214611111;21714611111;10240;10228
3255;21276180000;21214655555;21714655555;10240;10228
3256;21316612000;21214944444;21714944444;10240;10228
3257;21316802000;21214944444;21714944444;10240;10228
3258;21316994000;21214944444;21714944444;10240;10228
3259;21317000000;21256277777;21756277777;10240;10228
3260;21317207000;21256277777;21756277777;10240;10228
3261;21317212000;21256277777;21756277777;10240;10228
3262;21317408000;21256277777;21756277777;10240;10228
3263;21317413000;21256277777;21756277777;10240;10228
3264;21317608000;21256277777;21756277777;10240;10228
3265;21317821000;21256277777;21756277777;10240;10228
3266;21317830000;21256322222;21756322222;10240;10228
3267;21358307000;21256622222;21756622222;10240;10228
3268;21358478000;21256622222;21756622222;10240;10228
3269;21358683000;21256622222;21756622222;10240;10228
3270;21358701000;21297944444;21797944444;10240;10228
3271;21358876000;21297944444;21797944444;10240;10228
3272;21358887000;21297944444;21797944444;10240;10228
3273;21359061000;21297944444;21797944444;10240;10228
3274;21359288000;21297944444;21797944444;10240;10228
3275;21359328000;21297944444;21797944444;10240;10228
3276;21359479000;21297944444;21797944444;10240;10228
3277;21359501000;21297988888;21797988888;10240;10228
3278;21399958000;21298233333;21798233333;10240;10228
3279;21400156000;21298233333;21798233333;10240;10228
3280;21400168000;21298233333;21798233333;10240;10228
3281;21400365000;21339611111;21839611111;10240;10228
3282;21400556000;21339611111;21839611111;10240;10228
3283;21400574000;21339611111;21839611111;10240;10228
3284;21400762000;21339611111;21839611111;10240;10228
3285;21400771000;21339611111;21839611111;10240;10228
3286;21400964000;21339611111;21839611111;10240;10228
3287;21401168000;21339611111;21839611111;10240;10228
3288;21401187000;21339655555;21839655555;10240;10228
3289;21441617000;21339944444;21839944444;10240;10228
3290;21441817000;21339944444;21839944444;10240;10228
3291;21441838000;21339944444;21839944444;10240;10228
3292;21442014000;21381277777;21881277777;10240;10228
3293;21442233000;21381277777;21881277777;10240;10228
3294;21442252000;21381277777;21881277777;10240;10228
3295;21442435000;21381277777;21881277777;10240;10228
3296;21442444000;21381277777;21881277777;10240;10228
3297;21442638000;21381277777;21881277777;10240;10228
3298;21442832000;21381277777;21881277777;10240;10228
3299;21442844000;21381311111;21881311111;10240;10228
