seqnum;now;rtptime;deadline
2;9090796000;8500577777;9000577777
26;9255465000;8615133333;9115133333
37;9295587000;8656788888;9156788888
38;9295592000;8656788888;9156788888
39;9295598000;8656788888;9156788888
40;9295599000;8656788888;9156788888
41;9295610000;8656788888;9156788888
42;9295612000;8656788888;9156788888
43;9295714000;8656800000;9156800000
44;9295729000;8657133333;9157133333
45;9295731000;8657133333;9157133333
46;9295732000;8657133333;9157133333
47;9325878000;8698455555;9198455555
48;9325881000;8698455555;9198455555
49;9325883000;8698455555;9198455555
50;9325884000;8698455555;9198455555
51;9325886000;8698455555;9198455555
52;9325887000;8698455555;9198455555
53;9325888000;8698455555;9198455555
54;9333837000;8698466666;9198466666
110;9333842000;8907055555;9407055555
111;9333843000;8907055555;9407055555
112;9333844000;8907055555;9407055555
113;9591860000;8948455555;9448455555
190;9812089000;9240122222;9740122222
215;9878280000;9323455555;9823455555
262;9975208000;9490122222;9990122222
263;10017586000;9490133333;9990133333
264;10017601000;9490411111;9990411111
265;10017602000;9490411111;9990411111
266;10017603000;9490411111;9990411111
267;10017717000;9531788888;10031788888
268;10017721000;9531788888;10031788888
269;10017722000;9531788888;10031788888
270;10017723000;9531788888;10031788888
271;10017724000;9531788888;10031788888
272;10017725000;9531788888;10031788888
273;10017726000;9531788888;10031788888
274;10053757000;9531800000;10031800000
332;10053762000;9740433333;10240433333
333;10268280000;9781788888;10281788888
348;10292176000;9823433333;10323433333
356;10338182000;9865122222;10365122222
410;10508635000;10073422222;10573422222
411;10508646000;10073422222;10573422222
412;10508647000;10073422222;10573422222
413;10508649000;10073422222;10573422222
414;10508650000;10073422222;10573422222
415;10508651000;10073422222;10573422222
416;10508653000;10073422222;10573422222
417;10582243000;10073444444;10573444444
467;10772923000;10281788888;10781788888
468;10772929000;10281788888;10781788888
469;10772945000;10281788888;10781788888
475;10822909000;10282077777;10782077777
516;10914924000;10448477777;10948477777
517;10914940000;10448766666;10948766666
518;10914941000;10448766666;10948766666
519;10914942000;10448766666;10948766666
520;10926035000;10490122222;10990122222
521;10926038000;10490122222;10990122222
522;10926039000;10490122222;10990122222
523;10926041000;10490122222;10990122222
524;10926052000;10490122222;10990122222
525;10926054000;10490122222;10990122222
526;10926055000;10490122222;10990122222
527;11030271000;10490133333;10990133333
575;11030286000;10698455555;11198455555
576;11030287000;10698455555;11198455555
577;11030288000;10698455555;11198455555
578;11030290000;10698455555;11198455555
579;11030291000;10698455555;11198455555
580;11030291000;10698455555;11198455555
581;11030292000;10698455555;11198455555
582;11178575000;10698466666;11198466666
583;11178591000;10698766666;11198766666
584;11178593000;10698766666;11198766666
585;11178594000;10698766666;11198766666
586;11178707000;10740122222;11240122222
587;11178710000;10740122222;11240122222
588;11178712000;10740122222;11240122222
589;11178713000;10740122222;11240122222
590;11178713000;10740122222;11240122222
591;11178715000;10740122222;11240122222
592;11178715000;10740122222;11240122222
593;11273575000;10740133333;11240133333
630;11273590000;10906788888;11406788888
631;11273591000;10906788888;11406788888
632;11273592000;10906788888;11406788888
633;11273593000;10906788888;11406788888
634;11273595000;10906788888;11406788888
635;11273595000;10906788888;11406788888
636;11273597000;10906788888;11406788888
637;11398315000;10906811111;11406811111
638;11398331000;10907066666;11407066666
639;11398332000;10907066666;11407066666
640;11398333000;10907066666;11407066666
641;11407597000;10948455555;11448455555
642;11407601000;10948455555;11448455555
643;11407602000;10948455555;11448455555
644;11407603000;10948455555;11448455555
645;11407604000;10948455555;11448455555
646;11407605000;10948455555;11448455555
648;11407792000;10948466666;11448466666
649;11407796000;10948766666;11448766666
650;11407823000;10948766666;11448766666
651;11407824000;10948766666;11448766666
652;11432674000;10990122222;11490122222
653;11493913000;10990122222;11490122222
671;11544686000;11032077777;11532077777
687;11669431000;11115122222;11615122222
688;11669435000;11115122222;11615122222
689;11669436000;11115122222;11615122222
690;11669437000;11115122222;11615122222
691;11669438000;11115122222;11615122222
692;11669641000;11115133333;11615133333
693;11669657000;11115433333;11615433333
694;11669658000;11115433333;11615433333
695;11669659000;11115433333;11615433333
696;11707882000;11156788888;11656788888
697;11707885000;11156788888;11656788888
698;11707886000;11156788888;11656788888
699;11707888000;11156788888;11656788888
700;11707889000;11156788888;11656788888
701;11707890000;11156788888;11656788888
702;11707891000;11156788888;11656788888
703;11708097000;11156800000;11656800000
704;11708113000;11157088888;11657088888
705;11708114000;11157088888;11657088888
706;11708115000;11157088888;11657088888
707;11745370000;11198455555;11698455555
742;11909908000;11323455555;11823455555
743;11909911000;11323455555;11823455555
744;11909912000;11323455555;11823455555
745;11909914000;11323455555;11823455555
746;11909915000;11323455555;11823455555
747;11910134000;11323466666;11823466666
749;11910150000;11323777777;11823777777
750;11910151000;11323777777;11823777777
751;11948210000;11365122222;11865122222
752;11948214000;11365122222;11865122222
753;11948215000;11365122222;11865122222
754;11948216000;11365122222;11865122222
755;11948217000;11365122222;11865122222
756;11948218000;11365122222;11865122222
757;11948219000;11365122222;11865122222
758;11948426000;11365133333;11865133333
759;11948442000;11365433333;11865433333
760;11948443000;11365433333;11865433333
761;11948444000;11365433333;11865433333
762;11985729000;11406788888;11906788888
797;12150211000;11531766666;12031766666
798;12150214000;11531766666;12031766666
799;12150215000;11531766666;12031766666
800;12150216000;11531766666;12031766666
801;12150217000;11531766666;12031766666
802;12150417000;11531777777;12031777777
803;12150432000;11532066666;12032066666
804;12150433000;11532066666;12032066666
805;12150434000;11532066666;12032066666
806;12189322000;11573455555;12073455555
807;12189326000;11573455555;12073455555
808;12189327000;11573455555;12073455555
809;12189327000;11573455555;12073455555
810;12189329000;11573455555;12073455555
813;12189529000;11573466666;12073466666
814;12189545000;11573777777;12073777777
815;12189546000;11573777777;12073777777
816;12189547000;11573777777;12073777777
817;12225260000;11615111111;12115111111
852;12333856000;11740088888;12240088888
853;12333859000;11740088888;12240088888
854;12333860000;11740088888;12240088888
855;12333861000;11740088888;12240088888
856;12333862000;11740088888;12240088888
857;12389776000;11740111111;12240111111
858;12389791000;11740400000;12240400000
859;12389792000;11740400000;12240400000
860;12389793000;11740400000;12240400000
862;12429257000;11781788888;12281788888
863;12429261000;11781788888;12281788888
864;12429262000;11781788888;12281788888
865;12429263000;11781788888;12281788888
866;12429264000;11781788888;12281788888
868;12429375000;11781800000;12281800000
870;12429391000;11782100000;12282100000
871;12429392000;11782100000;12282100000
876;12464847000;11823466666;12323466666
914;12631138000;11948766666;12448766666
915;12631142000;11948766666;12448766666
916;12670799000;11990122222;12490122222
917;12670803000;11990122222;12490122222
918;12670804000;11990122222;12490122222
919;12670805000;11990122222;12490122222
920;12670806000;11990122222;12490122222
921;12670807000;11990122222;12490122222
922;12670808000;11990122222;12490122222
923;12671014000;11990133333;12490133333
924;12671029000;11990433333;12490433333
925;12671031000;11990433333;12490433333
926;12671032000;11990433333;12490433333
927;12701234000;12031788888;12531788888
971;12909902000;12198455555;12698455555
972;12909906000;12198455555;12698455555
973;12909907000;12198455555;12698455555
974;12909908000;12198455555;12698455555
975;12909909000;12198455555;12698455555
976;12909910000;12198455555;12698455555
977;12909923000;12198455555;12698455555
978;12910033000;12198466666;12698466666
979;12910058000;12198766666;12698766666
980;12910060000;12198766666;12698766666
981;12910061000;12198766666;12698766666
982;12940509000;12240100000;12740100000
1019;13106918000;12365122222;12865122222
1026;13151586000;12406788888;12906788888
1027;13151589000;12406788888;12906788888
1028;13151590000;12406788888;12906788888
1029;13151592000;12406788888;12906788888
1030;13151592000;12406788888;12906788888
1033;13152032000;12406800000;12906800000
1034;13152057000;12407077777;12907077777
1035;13152058000;12407077777;12907077777
1036;13152059000;12407077777;12907077777
1037;13187491000;12448455555;12948455555
1082;13318845000;12615122222;13115122222
1083;13318849000;12615122222;13115122222
1084;13318850000;12615122222;13115122222
1085;13318851000;12615122222;13115122222
1088;13319057000;12615144444;13115144444
1089;13319064000;12615422222;13115422222
1090;13319065000;12615422222;13115422222
1091;13319066000;12615422222;13115422222
1092;13343502000;12656788888;13156788888
1093;13343506000;12656788888;13156788888
1094;13343507000;12656788888;13156788888
1095;13343508000;12656788888;13156788888
1096;13343509000;12656788888;13156788888
1097;13343510000;12656788888;13156788888
1098;13343511000;12656788888;13156788888
1100;13390504000;12657066666;13157066666
1101;13390508000;12657066666;13157066666
1102;13390509000;12657066666;13157066666
1103;13428752000;12698433333;13198433333
1141;13592028000;12823444444;13323444444
1142;13592032000;12823444444;13323444444
1143;13592249000;12823455555;13323455555
1144;13592264000;12823766666;13323766666
1147;13630979000;12865111111;13365111111
1148;13630982000;12865111111;13365111111
1149;13630983000;12865111111;13365111111
1150;13630984000;12865111111;13365111111
1151;13630995000;12865111111;13365111111
1152;13630996000;12865111111;13365111111
1153;13630997000;12865111111;13365111111
1154;13631085000;12865122222;13365122222
1155;13631088000;12865422222;13365422222
1156;13631089000;12865422222;13365422222
1157;13631090000;12865422222;13365422222
1158;13664086000;12906800000;13406800000
1197;13832104000;13031788888;13531788888
1198;13832305000;13031811111;13531811111
1199;13832320000;13032100000;13532100000
1200;13832321000;13032100000;13532100000
1201;13832322000;13032100000;13532100000
1202;13871156000;13073455555;13573455555
1203;13871160000;13073455555;13573455555
1204;13871161000;13073455555;13573455555
1205;13871162000;13073455555;13573455555
1206;13871163000;13073455555;13573455555
1207;13871164000;13073455555;13573455555
1208;13871165000;13073455555;13573455555
1209;13871363000;13073477777;13573477777
1210;13871378000;13073777777;13573777777
1211;13871380000;13073777777;13573777777
1212;13871380000;13073777777;13573777777
1213;13904988000;13115122222;13615122222
1257;14038810000;13281788888;13781788888
1258;14038814000;13281788888;13781788888
1259;14038815000;13281788888;13781788888
1260;14038816000;13281788888;13781788888
1261;14038817000;13281788888;13781788888
1262;14038817000;13281788888;13781788888
1263;14038818000;13281788888;13781788888
1264;14038943000;13281800000;13781800000
1265;14038948000;13282088888;13782088888
1266;14038949000;13282088888;13782088888
1267;14038950000;13282088888;13782088888
1268;14038969000;13323455555;13823455555
1269;14038970000;13323455555;13823455555
1270;14038971000;13323455555;13823455555
1271;14038972000;13323455555;13823455555
1272;14038984000;13323455555;13823455555
1273;14038985000;13323455555;13823455555
1274;14038986000;13323455555;13823455555
1275;14039039000;13323477777;13823477777
1276;14039050000;13323800000;13823800000
1277;14039052000;13323800000;13823800000
1278;14039053000;13323800000;13823800000
1279;14187466000;13365122222;13865122222
1317;14311782000;13490088888;13990088888
1318;14311785000;13490088888;13990088888
1319;14311992000;13490100000;13990100000
1320;14312008000;13490388888;13990388888
1321;14312009000;13490388888;13990388888
1324;14351245000;13531755555;14031755555
1325;14351258000;13531755555;14031755555
1326;14351259000;13531755555;14031755555
1327;14351270000;13531755555;14031755555
1328;14351271000;13531755555;14031755555
1329;14351273000;13531755555;14031755555
1330;14351376000;13531766666;14031766666
1331;14351379000;13532055555;14032055555
1332;14351381000;13532055555;14032055555
1333;14351382000;13532055555;14032055555
1334;14386199000;13573455555;14073455555
1375;14548256000;13698766666;14198766666
1376;14548259000;13698766666;14198766666
1378;14592843000;13740122222;14240122222
1379;14592855000;13740122222;14240122222
1380;14592856000;13740122222;14240122222
1381;14592857000;13740122222;14240122222
1382;14592858000;13740122222;14240122222
1383;14592859000;13740122222;14240122222
1384;14592860000;13740122222;14240122222
1385;14592944000;13740133333;14240133333
1386;14592946000;13740455555;14240455555
1387;14592947000;13740455555;14240455555
1388;14592948000;13740455555;14240455555
1392;14626683000;13781788888;14281788888
1435;14825863000;13948422222;14448422222
1436;14825867000;13948422222;14448422222
1437;14825868000;13948422222;14448422222
1438;14825869000;13948422222;14448422222
1439;14825870000;13948422222;14448422222
1440;14833029000;13948433333;14448433333
1441;14833052000;13948733333;14448733333
1442;14833053000;13948733333;14448733333
1443;14833054000;13948733333;14448733333
1444;14870649000;13990122222;14490122222
1492;14991560000;14156766666;14656766666
1493;14991563000;14156766666;14656766666
1494;14991564000;14156766666;14656766666
1495;14991770000;14156777777;14656777777
1499;15016481000;14198444444;14698444444
1500;15016493000;14198444444;14698444444
1501;15016494000;14198444444;14698444444
1503;15016495000;14198444444;14698444444
1504;15016496000;14198444444;14698444444
1505;15016497000;14198444444;14698444444
1506;15016698000;14198455555;14698455555
1507;15016713000;14198755555;14698755555
1508;15016714000;14198755555;14698755555
1509;15016715000;14198755555;14698755555
1510;15016726000;14240111111;14740111111
1511;15016727000;14240111111;14740111111
1512;15016738000;14240111111;14740111111
1513;15016739000;14240111111;14740111111
1514;15016740000;14240111111;14740111111
1516;15016741000;14240111111;14740111111
1517;15148768000;14240133333;14740133333
1554;15148783000;14406777777;14906777777
1555;15148784000;14406777777;14906777777
1556;15148785000;14406777777;14906777777
1557;15148786000;14406777777;14906777777
1558;15148787000;14406777777;14906777777
1559;15148788000;14406777777;14906777777
1560;15148789000;14406777777;14906777777
1561;15312584000;14406800000;14906800000
1562;15312592000;14407066666;14907066666
1563;15312593000;14407066666;14907066666
1564;15312594000;14407066666;14907066666
1568;15347564000;14448444444;14948444444
1615;15481134000;14615122222;15115122222
1616;15481268000;14615133333;15115133333
1617;15481274000;14615422222;15115422222
1618;15481275000;14615422222;15115422222
1619;15481276000;14615422222;15115422222
1620;15481296000;14656766666;15156766666
1621;15481297000;14656766666;15156766666
1623;15503603000;14656766666;15156766666
1624;15503605000;14656766666;15156766666
1626;15503606000;14656766666;15156766666
1627;15503704000;14656777777;15156777777
1628;15503710000;14657066666;15157066666
1629;15503711000;14657066666;15157066666
1630;15503713000;14657066666;15157066666
1631;15503778000;14698455555;15198455555
1632;15503780000;14698455555;15198455555
1633;15503782000;14698455555;15198455555
1634;15503783000;14698455555;15198455555
1635;15503784000;14698455555;15198455555
1636;15503785000;14698455555;15198455555
1639;15629611000;14698788888;15198788888
1675;15789586000;14865088888;15365088888
1676;15789590000;14865088888;15365088888
1677;15789591000;14865088888;15365088888
1678;15789592000;14865088888;15365088888
1680;15793035000;14865088888;15365088888
1681;15793037000;14865088888;15365088888
1682;15793259000;14865111111;15365111111
1683;15793275000;14865433333;15365433333
1684;15793277000;14865433333;15365433333
1685;15793278000;14865433333;15365433333
1686;15827660000;14906788888;15406788888
1734;15954600000;15073455555;15573455555
1735;15954604000;15073455555;15573455555
1736;15954605000;15073455555;15573455555
1737;15954822000;15073466666;15573466666
1738;15954838000;15073788888;15573788888
1739;15954839000;15073788888;15573788888
1740;15954840000;15073788888;15573788888
1741;15954852000;15115100000;15615100000
1742;15954854000;15115100000;15615100000
1743;15954855000;15115100000;15615100000
1744;15954857000;15115100000;15615100000
1745;15954858000;15115100000;15615100000
1746;15954860000;15115100000;15615100000
1747;15954862000;15115100000;15615100000
1748;15954966000;15115111111;15615111111
1749;15954982000;15115411111;15615411111
1750;15954983000;15115411111;15615411111
1751;15954984000;15115411111;15615411111
1752;15973995000;15156755555;15656755555
1753;15973999000;15156755555;15656755555
1754;15974000000;15156755555;15656755555
1755;15974001000;15156755555;15656755555
1756;15974002000;15156755555;15656755555
1758;16059596000;15156755555;15656755555
1763;16151521000;15198422222;15698422222
1796;16274310000;15323455555;15823455555
1797;16274313000;15323455555;15823455555
1798;16274314000;15323455555;15823455555
1799;16274315000;15323455555;15823455555
1800;16274316000;15323455555;15823455555
1801;16274317000;15323455555;15823455555
1804;16274427000;15323788888;15823788888
1805;16274430000;15323788888;15823788888
1808;16309298000;15365100000;15865100000
1853;16396896000;15531788888;16031788888
1854;16396900000;15531788888;16031788888
1855;16396901000;15531788888;16031788888
1856;16396902000;15531788888;16031788888
1857;16396903000;15531788888;16031788888
1858;16430275000;15531800000;16031800000
1859;16430291000;15532066666;16032066666
1860;16430292000;15532066666;16032066666
1861;16430293000;15532066666;16032066666
1862;16453853000;15573455555;16073455555
1863;16453857000;15573455555;16073455555
1864;16453858000;15573455555;16073455555
1865;16453859000;15573455555;16073455555
1866;16453860000;15573455555;16073455555
1867;16453861000;15573455555;16073455555
1868;16453862000;15573455555;16073455555
1870;16453874000;15573755555;16073755555
1871;16453876000;15573755555;16073755555
1872;16453877000;15573755555;16073755555
1873;16453996000;15615122222;16115122222
1874;16453999000;15615122222;16115122222
1876;16454000000;15615122222;16115122222
1877;16454001000;15615122222;16115122222
1879;16540246000;15615122222;16115122222
1889;16632206000;15656788888;16156788888
1917;16750719000;15781788888;16281788888
1918;16750722000;15781788888;16281788888
1919;16750723000;15781788888;16281788888
1920;16750724000;15781788888;16281788888
1921;16750725000;15781788888;16281788888
1922;16750726000;15781788888;16281788888
1923;16750727000;15781788888;16281788888
1924;16750918000;15781800000;16281800000
1925;16750924000;15782077777;16282077777
1926;16750925000;15782077777;16282077777
1927;16750926000;15782077777;16282077777
1928;16788877000;15823433333;16323433333
1977;16953509000;15990122222;16490122222
1981;16953625000;15990411111;16490411111
1982;16953629000;15990411111;16490411111
1983;16992923000;16031788888;16531788888
1984;16992926000;16031788888;16531788888
1986;16995667000;16031788888;16531788888
1987;16995669000;16031788888;16531788888
1988;16995670000;16031788888;16531788888
1989;16995671000;16031788888;16531788888
1990;16995878000;16031800000;16531800000
1991;16995894000;16032066666;16532066666
1992;16995895000;16032066666;16532066666
1993;16995896000;16032066666;16532066666
1994;17028476000;16073422222;16573422222
2037;17195508000;16198744444;16698744444
2038;17234601000;16240122222;16740122222
2039;17234604000;16240122222;16740122222
2040;17234605000;16240122222;16740122222
2041;17234607000;16240122222;16740122222
2042;17234608000;16240122222;16740122222
2043;17234608000;16240122222;16740122222
2044;17234609000;16240122222;16740122222
2045;17234817000;16240133333;16740133333
2046;17234833000;16240400000;16740400000
2047;17234834000;16240400000;16740400000
2048;17234835000;16240400000;16740400000
2049;17268953000;16281800000;16781800000
2096;17433751000;16448455555;16948455555
2100;17436241000;16448477777;16948477777
2101;17436257000;16448766666;16948766666
2102;17436258000;16448766666;16948766666
2103;17436259000;16448766666;16948766666
2106;17475940000;16490155555;16990155555
2107;17475944000;16490155555;16990155555
2108;17475945000;16490155555;16990155555
2110;17475946000;16490155555;16990155555
2111;17476055000;16490166666;16990166666
2112;17476062000;16490466666;16990466666
2113;17476063000;16490466666;16990466666
2114;17476064000;16490466666;16990466666
2115;17508639000;16531788888;17031788888
2158;17672398000;16657111111;17157111111
2162;17716012000;16698466666;17198466666
2163;17716016000;16698466666;17198466666
2164;17716016000;16698466666;17198466666
2165;17716018000;16698466666;17198466666
2166;17716218000;16698477777;17198477777
2167;17716233000;16698811111;17198811111
2172;17747601000;16740122222;17240122222
2225;17958058000;16948455555;17448455555
2227;17982174000;16948455555;17448455555
2228;17982177000;16948455555;17448455555
2229;17982178000;16948455555;17448455555
2230;17982179000;16948455555;17448455555
2231;17982180000;16948455555;17448455555
2232;17982392000;16948466666;17448466666
2245;17982408000;16990433333;17490433333
2247;18019928000;17031766666;17531766666
2287;18157519000;17156811111;17656811111
2288;18157535000;17157111111;17657111111
2289;18157536000;17157111111;17657111111
2290;18157537000;17157111111;17657111111
2292;18196482000;17198455555;17698455555
2293;18196485000;17198455555;17698455555
2294;18196486000;17198455555;17698455555
2295;18196488000;17198455555;17698455555
2296;18196488000;17198455555;17698455555
2297;18196489000;17198455555;17698455555
2298;18196609000;17198466666;17698466666
2299;18196624000;17198777777;17698777777
2300;18196625000;17198777777;17698777777
2303;18226364000;17240122222;17740122222
2346;18437069000;17406800000;17906800000
2351;18462735000;17406800000;17906800000
2352;18462739000;17406800000;17906800000
2353;18462998000;17406811111;17906811111
2365;18463005000;17448788888;17948788888
2367;18463006000;17448788888;17948788888
2368;18498193000;17490122222;17990122222
2412;18678612000;17656788888;18156788888
2414;18703052000;17656788888;18156788888
2415;18703054000;17656788888;18156788888
2416;18703055000;17656788888;18156788888
2417;18703057000;17656788888;18156788888
2418;18703073000;17656788888;18156788888
2419;18703343000;17656800000;18156800000
2429;18703361000;17698455555;18198455555
2431;18708188000;17698777777;18198777777
2471;18788782000;17865111111;18365111111
2477;18808524000;17865466666;18365466666
2478;18820065000;17906788888;18406788888
2479;18820078000;17906788888;18406788888
2480;18820079000;17906788888;18406788888
2481;18820080000;17906788888;18406788888
2482;18820081000;17906788888;18406788888
2483;18820082000;17906788888;18406788888
2484;18820083000;17906788888;18406788888
2485;18820316000;17906800000;18406800000
2486;18820332000;17907066666;18407066666
2487;18820333000;17907066666;18407066666
2488;18820334000;17907066666;18407066666
2489;18841022000;17948455555;18448455555
2490;18841025000;17948455555;18448455555
2491;18841026000;17948455555;18448455555
2492;18841027000;17948455555;18448455555
2493;18841028000;17948455555;18448455555
2494;18841029000;17948455555;18448455555
2495;18841030000;17948455555;18448455555
2496;18841215000;17948466666;18448466666
2497;18841220000;17948766666;18448766666
2498;18841221000;17948766666;18448766666
2499;18851447000;17948766666;18448766666
2500;18993673000;17990111111;18490111111
2538;19118253000;18115122222;18615122222
2543;19118365000;18115466666;18615466666
2544;19156451000;18156788888;18656788888
2545;19156454000;18156788888;18656788888
2547;19156456000;18156788888;18656788888
2548;19156457000;18156788888;18656788888
2549;19156458000;18156788888;18656788888
2550;19156459000;18156788888;18656788888
2551;19156658000;18156800000;18656800000
2552;19156673000;18157100000;18657100000
2553;19156674000;18157100000;18657100000
2554;19156675000;18157100000;18657100000
2555;19193873000;18198455555;18698455555
2604;19396708000;18365122222;18865122222
2606;19424249000;18365144444;18865144444
2616;19424259000;18406788888;18906788888
2617;19425200000;18406800000;18906800000
2642;19425218000;18490433333;18990433333
2644;19464770000;18531788888;19031788888
2667;19552003000;18615122222;19115122222
2668;19552006000;18615122222;19115122222
2669;19552007000;18615122222;19115122222
2670;19552008000;18615122222;19115122222
2671;19552010000;18615122222;19115122222
2672;19552133000;18615144444;19115144444
2673;19552138000;18615411111;19115411111
2674;19552140000;18615411111;19115411111
2675;19552141000;18615411111;19115411111
2676;19552150000;18656788888;19156788888
2677;19552151000;18656788888;19156788888
2678;19552162000;18656788888;19156788888
2679;19552163000;18656788888;19156788888
2681;19552164000;18656788888;19156788888
2682;19552165000;18656788888;19156788888
2683;19552219000;18656800000;19156800000
2684;19552224000;18657066666;19157066666
2685;19552226000;18657066666;19157066666
2686;19552227000;18657066666;19157066666
2687;19574122000;18698455555;19198455555
2688;19574126000;18698455555;19198455555
2689;19574127000;18698455555;19198455555
2692;19664348000;18698455555;19198455555
2693;19664351000;18698455555;19198455555
2694;19714828000;18698466666;19198466666
2731;19714833000;18865122222;19365122222
2732;19714834000;18865122222;19365122222
2733;19714835000;18865122222;19365122222
2734;19714836000;18865122222;19365122222
2737;19876136000;18865122222;19365122222
2738;19876346000;18865144444;19365144444
2739;19876361000;18865422222;19365422222
2741;19876363000;18865422222;19365422222
2742;19911397000;18906788888;19406788888
2791;20028815000;19073455555;19573455555
2796;20080271000;19073766666;19573766666
2798;20120425000;19115122222;19615122222
2799;20120429000;19115122222;19615122222
2800;20120430000;19115122222;19615122222
2801;20120431000;19115122222;19615122222
2802;20120432000;19115122222;19615122222
2803;20120433000;19115122222;19615122222
2804;20120650000;19115133333;19615133333
2805;20120665000;19115422222;19615422222
2806;20120666000;19115422222;19615422222
2807;20120667000;19115422222;19615422222
2808;20152532000;19156788888;19656788888
2853;20276986000;19323455555;19823455555
2862;20277112000;19323766666;19823766666
2863;20300835000;19365122222;19865122222
2864;20300839000;19365122222;19865122222
2865;20300840000;19365122222;19865122222
2866;20300841000;19365122222;19865122222
2867;20300842000;19365122222;19865122222
2870;20360675000;19365133333;19865133333
2871;20360690000;19365422222;19865422222
2872;20360692000;19365422222;19865422222
2873;20360692000;19365422222;19865422222
2874;20397711000;19406788888;19906788888
2923;20599245000;19573466666;20073466666
2924;20599249000;19573466666;20073466666
2925;20599450000;19573477777;20073477777
2926;20599465000;19573755555;20073755555
2927;20599466000;19573755555;20073755555
2928;20599467000;19573755555;20073755555
2929;20634111000;19615122222;20115122222
2986;20773426000;19823455555;20323455555
2989;20773429000;19823455555;20323455555
2990;20773430000;19823455555;20323455555
2991;20773637000;19823477777;20323477777
2992;20773653000;19823744444;20323744444
2993;20773654000;19823744444;20323744444
2994;20773655000;19823744444;20323744444
2995;20773667000;19865122222;20365122222
2996;20773669000;19865122222;20365122222
2997;20773670000;19865122222;20365122222
2998;20773672000;19865122222;20365122222
2999;20773674000;19865122222;20365122222
3001;20773676000;19865122222;20365122222
3004;20773685000;19865422222;20365422222
3005;20773687000;19865422222;20365422222
3006;20782630000;19906777777;20406777777
3007;20782633000;19906777777;20406777777
3008;20782634000;19906777777;20406777777
3009;20782635000;19906777777;20406777777
3010;20782636000;19906777777;20406777777
3011;20782637000;19906777777;20406777777
3012;20782638000;19906777777;20406777777
3013;20916189000;19906800000;20406800000
3057;21079058000;20073466666;20573466666
3058;21079064000;20073777777;20573777777
3062;21110573000;20115122222;20615122222
3113;21240730000;20282088888;20782088888
3119;21245552000;20323455555;20823455555
3120;21245555000;20323455555;20823455555
3121;21245557000;20323455555;20823455555
3122;21245558000;20323455555;20823455555
3123;21245765000;20323466666;20823466666
3124;21245781000;20323755555;20823755555
3125;21245806000;20323755555;20823755555
3126;21245807000;20323755555;20823755555
3127;21321987000;20365122222;20865122222
3128;21321991000;20365122222;20865122222
3129;21321992000;20365122222;20865122222
3130;21321993000;20365122222;20865122222
3131;21321994000;20365122222;20865122222
3132;21321996000;20365122222;20865122222
3133;21321997000;20365122222;20865122222
3135;21322120000;20365422222;20865422222
3136;21322124000;20365422222;20865422222
3137;21322125000;20365422222;20865422222
3138;21358814000;20406777777;20906777777
3187;21520150000;20573455555;21073455555
3188;21520154000;20573455555;21073455555
3189;21520360000;20573466666;21073466666
3190;21520375000;20573766666;21073766666
3191;21520377000;20573766666;21073766666
3192;21520378000;20573766666;21073766666
3193;21562102000;20615122222;21115122222
3194;21562106000;20615122222;21115122222
3195;21562107000;20615122222;21115122222
3197;21562108000;20615122222;21115122222
3198;21562109000;20615122222;21115122222
3199;21562110000;20615122222;21115122222
3200;21562309000;20615133333;21115133333
3201;21562325000;20615433333;21115433333
3202;21562326000;20615433333;21115433333
3203;21562327000;20615433333;21115433333
3204;21597677000;20656777777;21156777777
3253;21682409000;20823455555;21323455555
3254;21682413000;20823455555;21323455555
3255;21682612000;20823466666;21323466666
3256;21682628000;20823755555;21323755555
3257;21682629000;20823755555;21323755555
3258;21682630000;20823755555;21323755555
3259;21733728000;20865122222;21365122222
3260;21733731000;20865122222;21365122222
3261;21733732000;20865122222;21365122222
3262;21733733000;20865122222;21365122222
3263;21733734000;20865122222;21365122222
3264;21733735000;20865122222;21365122222
3265;21733736000;20865122222;21365122222
3266;21733943000;20865133333;21365133333
3267;21733959000;20865422222;21365422222
3268;21733960000;20865422222;21365422222
3269;21733961000;20865422222;21365422222
3270;21744265000;20906788888;21406788888
3271;21744269000;20906788888;21406788888
3272;21744270000;20906788888;21406788888
3273;21744271000;20906788888;21406788888
3274;21744272000;20906788888;21406788888
3275;21744273000;20906788888;21406788888
3276;21826854000;20906788888;21406788888
3277;21877320000;20906800000;21406800000
3319;22040129000;21073455555;21573455555
3320;22040131000;21073455555;21573455555
3321;22040339000;21073466666;21573466666
3322;22040355000;21073766666;21573766666
3323;22040356000;21073766666;21573766666
3324;22040357000;21073766666;21573766666
3325;22077065000;21115111111;21615111111
3384;22207978000;21323455555;21823455555
3387;22307658000;21323466666;21823466666
3397;22307674000;21365111111;21865111111
3398;22307786000;21365133333;21865133333
3405;22307804000;21406777777;21906777777
3407;22307806000;21406777777;21906777777
3408;22307807000;21406777777;21906777777
3409;22357842000;21406788888;21906788888
3454;22357857000;21573777777;22073777777
3455;22357858000;21573777777;22073777777
3456;22357859000;21573777777;22073777777
3457;22558127000;21615111111;22115111111
3516;22683590000;21823455555;22323455555
3520;22683702000;21823766666;22323766666
3521;22683705000;21823766666;22323766666
3522;22683706000;21823766666;22323766666
3523;22692828000;21865111111;22365111111
3524;22692841000;21865111111;22365111111
3525;22692842000;21865111111;22365111111
3526;22692843000;21865111111;22365111111
3528;22692844000;21865111111;22365111111
3529;22692845000;21865111111;22365111111
3530;22692920000;21865133333;22365133333
3531;22692923000;21865433333;22365433333
3532;22692924000;21865433333;22365433333
3533;22692925000;21865433333;22365433333
3534;22693000000;21906788888;22406788888
3536;22693001000;21906788888;22406788888
3537;22693002000;21906788888;22406788888
3538;22693003000;21906788888;22406788888
3539;22693004000;21906788888;22406788888
3540;22693005000;21906788888;22406788888
3541;22693067000;21906800000;22406800000
3542;22693071000;21907055555;22407055555
3543;22693072000;21907055555;22407055555
3544;22788109000;21907055555;22407055555
3545;22838467000;21948488888;22448488888
3587;22961560000;22073777777;22573777777
3588;22961572000;22073777777;22573777777
3589;23001447000;22115111111;22615111111
3590;23001450000;22115111111;22615111111
3591;23001451000;22115111111;22615111111
3592;23001453000;22115111111;22615111111
3593;23001454000;22115111111;22615111111
3594;23001455000;22115111111;22615111111
3595;23001455000;22115111111;22615111111
3596;23001655000;22115133333;22615133333
3598;23001670000;22115433333;22615433333
3599;23001672000;22115433333;22615433333
3602;23036799000;22156788888;22656788888
3648;23115835000;22323444444;22823444444
3654;23124419000;22323777777;22823777777
3655;23152752000;22365111111;22865111111
3656;23152755000;22365111111;22865111111
3657;23152756000;22365111111;22865111111
3658;23152757000;22365111111;22865111111
3659;23152758000;22365111111;22865111111
3661;23153125000;22365111111;22865111111
3662;23153335000;22365122222;22865122222
3663;23153351000;22365433333;22865433333
3664;23153352000;22365433333;22865433333
3665;23153353000;22365433333;22865433333
3666;23180996000;22406788888;22906788888
3667;23181000000;22406788888;22906788888
3668;23181001000;22406788888;22906788888
3669;23181002000;22406788888;22906788888
3670;23181003000;22406788888;22906788888
3672;23181004000;22406788888;22906788888
3673;23181212000;22406800000;22906800000
3674;23181228000;22407066666;22907066666
3675;23181229000;22407066666;22907066666
3676;23181230000;22407066666;22907066666
3677;23206229000;22448466666;22948466666
3678;23206233000;22448466666;22948466666
3679;23268675000;22448466666;22948466666
3680;23268677000;22448466666;22948466666
3681;23268693000;22448466666;22948466666
3682;23268757000;22448466666;22948466666
3683;23268759000;22448466666;22948466666
3684;23319294000;22448477777;22948477777
3723;23480653000;22615122222;23115122222
3724;23480655000;22615122222;23115122222
3725;23480656000;22615122222;23115122222
3726;23480657000;22615122222;23115122222
3727;23480658000;22615122222;23115122222
3728;23480866000;22615133333;23115133333
3729;23480881000;22615400000;23115400000
3730;23480883000;22615400000;23115400000
3731;23480884000;22615400000;23115400000
3737;23515128000;22656788888;23156788888
3782;23589814000;22823444444;23323444444
3793;23749483000;22865111111;23365111111
3800;23749504000;22906777777;23406777777
3802;23749506000;22906777777;23406777777
3803;23749508000;22906777777;23406777777
3804;23749510000;22906777777;23406777777
3807;23749524000;22907044444;23407044444
3809;23749532000;22948455555;23448455555
3811;23749534000;22948455555;23448455555
3812;23749536000;22948455555;23448455555
3813;23749537000;22948455555;23448455555
3814;23749539000;22948455555;23448455555
3815;23749541000;22948455555;23448455555
3816;23749613000;22948477777;23448477777
3823;23749616000;22990133333;23490133333
3824;23749617000;22990133333;23490133333
3825;23749618000;22990133333;23490133333
3828;23841409000;22990433333;23490433333
3863;23957536000;23115422222;23615422222
3864;23995846000;23156788888;23656788888
3918;24063024000;23323766666;23823766666
3931;24127282000;23406800000;23906800000
3932;24127286000;23406800000;23906800000
3933;24127287000;23406800000;23906800000
3934;24127288000;23406800000;23906800000
3935;24127289000;23406800000;23906800000
3937;24127495000;23406811111;23906811111
3940;24127511000;23407088888;23907088888
3941;24143903000;23448455555;23948455555
3942;24143906000;23448455555;23948455555
3943;24143908000;23448455555;23948455555
3944;24143909000;23448455555;23948455555
3945;24143910000;23448455555;23948455555
3946;24143911000;23448455555;23948455555
3947;24143911000;23448455555;23948455555
3948;24144118000;23448466666;23948466666
3949;24144134000;23448766666;23948766666
3950;24144135000;23448766666;23948766666
3951;24144136000;23448766666;23948766666
3952;24164759000;23490122222;23990122222
3953;24164761000;23490122222;23990122222
3954;24164762000;23490122222;23990122222
3955;24229766000;23490122222;23990122222
3957;24229796000;23490122222;23990122222
3958;24229798000;23490122222;23990122222
3959;24280295000;23490133333;23990133333
4000;24280311000;23656788888;24156788888
4001;24280312000;23656788888;24156788888
4002;24280320000;23656788888;24156788888
4003;24442437000;23656811111;24156811111
4004;24442453000;23657066666;24157066666
4006;24442454000;23657066666;24157066666
4007;24475532000;23698455555;24198455555
4062;24678713000;23906800000;24406800000
4069;24685617000;23906811111;24406811111
4071;24685621000;23907055555;24407055555
4072;24685623000;23907055555;24407055555
4073;24722164000;23948455555;24448455555
4139;24868717000;24198455555;24698455555
4141;24868721000;24198455555;24698455555
4142;24868722000;24198455555;24698455555
4143;24868723000;24198455555;24698455555
4144;24868724000;24198455555;24698455555
4145;24868725000;24198455555;24698455555
4146;24868931000;24198466666;24698466666
4147;24868947000;24198755555;24698755555
4148;24868948000;24198755555;24698755555
4149;24868949000;24198755555;24698755555
4150;24868961000;24240144444;24740144444
4151;24868963000;24240144444;24740144444
4152;24868964000;24240144444;24740144444
4153;24868966000;24240144444;24740144444
4154;24868968000;24240144444;24740144444
4155;24868969000;24240144444;24740144444
4157;24869100000;24240166666;24740166666
4158;24869116000;24240455555;24740455555
4159;24869117000;24240455555;24740455555
4160;24869118000;24240455555;24740455555
4161;24869131000;24281777777;24781777777
4162;24869133000;24281777777;24781777777
4163;24869135000;24281777777;24781777777
4164;24950708000;24281777777;24781777777
4167;24950750000;24281777777;24781777777
4168;25001211000;24281800000;24781800000
4212;25162991000;24448466666;24948466666
4213;25162997000;24448788888;24948788888
4214;25162998000;24448788888;24948788888
4215;25162999000;24448788888;24948788888
4216;25197846000;24490111111;24990111111
4268;25299711000;24657100000;25157100000
4282;25406763000;24740122222;25240122222
4283;25406766000;24740122222;25240122222
4284;25406767000;24740122222;25240122222
4285;25406768000;24740122222;25240122222
4287;25406770000;24740122222;25240122222
4288;25406771000;24740122222;25240122222
4290;25406884000;24740433333;25240433333
4291;25406888000;24740433333;25240433333
4292;25406889000;24740433333;25240433333
4293;25441270000;24781788888;25281788888
4342;25522196000;24948455555;25448455555
4351;25552855000;24990133333;25490133333
4352;25552859000;24990133333;25490133333
4353;25552861000;24990133333;25490133333
4354;25552862000;24990133333;25490133333
4355;25553023000;24990155555;25490155555
4356;25553030000;24990444444;25490444444
4357;25553031000;24990444444;25490444444
4358;25553032000;24990444444;25490444444
4359;25582135000;25031800000;25531800000
4360;25582139000;25031800000;25531800000
4361;25582140000;25031800000;25531800000
4362;25582141000;25031800000;25531800000
4363;25582142000;25031800000;25531800000
4364;25582143000;25031800000;25531800000
4365;25582144000;25031800000;25531800000
4366;25582321000;25031811111;25531811111
4367;25582326000;25032155555;25532155555
4368;25582327000;25032155555;25532155555
4369;25582328000;25032155555;25532155555
4370;25607528000;25073466666;25573466666
4371;25607530000;25073466666;25573466666
4372;25607532000;25073466666;25573466666
4373;25671544000;25073466666;25573466666
4374;25671610000;25073466666;25573466666
4375;25671612000;25073466666;25573466666
4376;25671613000;25073466666;25573466666
4377;25722143000;25073477777;25573477777
4420;25722158000;25240111111;25740111111
4421;25883894000;25240133333;25740133333
4422;25883910000;25240422222;25740422222
4423;25883911000;25240422222;25740422222
4425;25920121000;25281777777;25781777777
4480;26049385000;25490122222;25990122222
4491;26062051000;25531788888;26031788888
4492;26062054000;25531788888;26031788888
4493;26062055000;25531788888;26031788888
4494;26062056000;25531788888;26031788888
4495;26062058000;25531788888;26031788888
4496;26062059000;25531788888;26031788888
4497;26062060000;25531788888;26031788888
4499;26062071000;25532066666;26032066666
4500;26062073000;25532066666;26032066666
4501;26062074000;25532066666;26032066666
4502;26062218000;25573455555;26073455555
4503;26062222000;25573455555;26073455555
4504;26062223000;25573455555;26073455555
4506;26062224000;25573455555;26073455555
4507;26062233000;25573455555;26073455555
4508;26062234000;25573455555;26073455555
4509;26062342000;25573477777;26073477777
4510;26062358000;25573755555;26073755555
4511;26062359000;25573755555;26073755555
4512;26062360000;25573755555;26073755555
4513;26083728000;25615122222;26115122222
4514;26152125000;25615122222;26115122222
4515;26152127000;25615122222;26115122222
4516;26152143000;25615122222;26115122222
4517;26152157000;25615122222;26115122222
4518;26152163000;25615122222;26115122222
4519;26152232000;25615122222;26115122222
4520;26202770000;25615133333;26115133333
4562;26202786000;25781788888;26281788888
4563;26202787000;25781788888;26281788888
4564;26363476000;25781800000;26281800000
4565;26363491000;25782077777;26282077777
4566;26363492000;25782077777;26282077777
4567;26363493000;25782077777;26282077777
4568;26401290000;25823455555;26323455555
4622;26462419000;25990411111;26490411111
4630;26517161000;26031800000;26531800000
4632;26517178000;26032088888;26532088888
4633;26517179000;26032088888;26532088888
4635;26526752000;26073455555;26573455555
4636;26526756000;26073455555;26573455555
4638;26526758000;26073455555;26573455555
4639;26526759000;26073455555;26573455555
4640;26526760000;26073455555;26573455555
4641;26526885000;26073477777;26573477777
4642;26526901000;26073755555;26573755555
4643;26526903000;26073755555;26573755555
4644;26526904000;26073755555;26573755555
4645;26547885000;26115122222;26615122222
4646;26547889000;26115122222;26615122222
4648;26547890000;26115122222;26615122222
4649;26547891000;26115122222;26615122222
4650;26547893000;26115122222;26615122222
4651;26547894000;26115122222;26615122222
4652;26548077000;26115144444;26615144444
4653;26548081000;26115422222;26615422222
4654;26548082000;26115422222;26615422222
4657;26683143000;26156777777;26656777777
4702;26846113000;26323455555;26823455555
4703;26846116000;26323455555;26823455555
4704;26846118000;26323455555;26823455555
4705;26846119000;26323455555;26823455555
4706;26846120000;26323455555;26823455555
4707;26846325000;26323477777;26823477777
4709;26846341000;26323766666;26823766666
4713;26881966000;26365122222;26865122222
4765;27000291000;26532088888;27032088888
4775;27087279000;26573800000;27073800000
4776;27087283000;26573800000;27073800000
4780;27120959000;26615122222;27115122222
4836;27266039000;26823455555;27323455555
4844;27353865000;26865122222;27365122222
4850;27354004000;26865133333;27365133333
4854;27354012000;26906788888;27406788888
4856;27354013000;26906788888;27406788888
4857;27354014000;26906788888;27406788888
4859;27354015000;26906788888;27406788888
4860;27354017000;26906788888;27406788888
4861;27354135000;26906800000;27406800000
4867;27354142000;26948455555;27448455555
4868;27354143000;26948455555;27448455555
4870;27354144000;26948455555;27448455555
4871;27354146000;26948455555;27448455555
4879;27445673000;26990122222;27490122222
4918;27558131000;27115488888;27615488888
4919;27558135000;27115488888;27615488888
4920;27600182000;27156777777;27656777777
4969;27722867000;27323455555;27823455555
4978;27741805000;27365111111;27865111111
4979;27741808000;27365111111;27865111111
4980;27741809000;27365111111;27865111111
4981;27741810000;27365111111;27865111111
4982;27921742000;27365122222;27865122222
5031;27921757000;27573455555;28073455555
5032;27921758000;27573455555;28073455555
5033;27921759000;27573455555;28073455555
5034;27921760000;27573455555;28073455555
5035;27921761000;27573455555;28073455555
5036;27921762000;27573455555;28073455555
5037;28091853000;27573477777;28073477777
5085;28091869000;27781788888;28281788888
5086;28091870000;27781788888;28281788888
5087;28091871000;27781788888;28281788888
5089;28250015000;27781788888;28281788888
5091;28250017000;27781788888;28281788888
5092;28250240000;27781800000;28281800000
5094;28250256000;27782088888;28282088888
5095;28250257000;27782088888;28282088888
5096;28289681000;27823455555;28323455555
5098;28289684000;27823455555;28323455555
5099;28289685000;27823455555;28323455555
5100;28289686000;27823455555;28323455555
5101;28289687000;27823455555;28323455555
5102;28289688000;27823455555;28323455555
5103;28339929000;27823466666;28323466666
5142;28339933000;27990122222;28490122222
5143;28339935000;27990122222;28490122222
5144;28339936000;27990122222;28490122222
5145;28339937000;27990122222;28490122222
5146;28339938000;27990122222;28490122222
5147;28431491000;27990144444;28490144444
5148;28431506000;27990433333;28490433333
5149;28431508000;27990433333;28490433333
5150;28431509000;27990433333;28490433333
5151;28615411000;28031800000;28531800000
5195;28715245000;28198455555;28698455555
5196;28715248000;28198455555;28698455555
5197;28715249000;28198455555;28698455555
5198;28715250000;28198455555;28698455555
5199;28715251000;28198455555;28698455555
5200;28715252000;28198455555;28698455555
5201;28715253000;28198455555;28698455555
5202;28715451000;28198466666;28698466666
5203;28715466000;28198755555;28698755555
5204;28715468000;28198755555;28698755555
5205;28715469000;28198755555;28698755555
5206;28715480000;28240122222;28740122222
5207;28715491000;28240122222;28740122222
5208;28715492000;28240122222;28740122222
5209;28715493000;28240122222;28740122222
5210;28715494000;28240122222;28740122222
5211;28715495000;28240122222;28740122222
5213;28715598000;28240133333;28740133333
5215;28715613000;28240444444;28740444444
5216;28715614000;28240444444;28740444444
5217;28727407000;28281788888;28781788888
5218;28727410000;28281788888;28781788888
5219;28727411000;28281788888;28781788888
5220;28795514000;28281788888;28781788888
5222;28795523000;28281788888;28781788888
5225;28846195000;28282088888;28782088888
5252;28970623000;28406788888;28906788888
5253;28970627000;28406788888;28906788888
5254;28970628000;28406788888;28906788888
5257;28970826000;28406800000;28906800000
5258;28970841000;28407066666;28907066666
5259;28970842000;28407066666;28907066666
5260;28970843000;28407066666;28907066666
5261;29009228000;28448466666;28948466666
5262;29009231000;28448466666;28948466666
5263;29009233000;28448466666;28948466666
5264;29009234000;28448466666;28948466666
5265;29009234000;28448466666;28948466666
5266;29009235000;28448466666;28948466666
5267;29009236000;28448466666;28948466666
5268;29009434000;28448477777;28948477777
5269;29009450000;28448822222;28948822222
5270;29009451000;28448822222;28948822222
5273;29046857000;28490122222;28990122222
5299;29115452000;28573444444;29073444444
5308;29211062000;28615111111;29115111111
5309;29211066000;28615111111;29115111111
5310;29211067000;28615111111;29115111111
5311;29211068000;28615111111;29115111111
5312;29211274000;28615133333;29115133333
5314;29211289000;28615411111;29115411111
5315;29211290000;28615411111;29115411111
5316;29250014000;28656800000;29156800000
5317;29250018000;28656800000;29156800000
5318;29250019000;28656800000;29156800000
5319;29250020000;28656800000;29156800000
5320;29250021000;28656800000;29156800000
5321;29250022000;28656800000;29156800000
5322;29250023000;28656800000;29156800000
5323;29250214000;28656822222;29156822222
5324;29250230000;28657100000;29157100000
5325;29250231000;28657100000;29157100000
5326;29250232000;28657100000;29157100000
5327;29287565000;28698455555;29198455555
5351;29357920000;28781788888;29281788888
5363;29451329000;28823444444;29323444444
5364;29451332000;28823444444;29323444444
5365;29451334000;28823444444;29323444444
5366;29451335000;28823444444;29323444444
5367;29451533000;28823455555;29323455555
5368;29451548000;28823766666;29323766666
5369;29451549000;28823766666;29323766666
5370;29451550000;28823766666;29323766666
5371;29489623000;28865111111;29365111111
5372;29489626000;28865111111;29365111111
5375;29490004000;28865111111;29365111111
5377;29490006000;28865111111;29365111111
5378;29490215000;28865133333;29365133333
5379;29490231000;28865433333;29365433333
5380;29490233000;28865433333;29365433333
5381;29490234000;28865433333;29365433333
5382;29527243000;28906788888;29406788888
5406;29650485000;28990122222;29490122222
5419;29691034000;29031788888;29531788888
5420;29691038000;29031788888;29531788888
5421;29691039000;29031788888;29531788888
5422;29691244000;29031811111;29531811111
5423;29691259000;29032088888;29532088888
5424;29691260000;29032088888;29532088888
5425;29691268000;29032088888;29532088888
5426;29730069000;29073444444;29573444444
5427;29730081000;29073444444;29573444444
5428;29730082000;29073444444;29573444444
5430;29730193000;29073444444;29573444444
5431;29730196000;29073444444;29573444444
5432;29730197000;29073444444;29573444444
5433;29730396000;29073466666;29573466666
5434;29730411000;29073777777;29573777777
5435;29730412000;29073777777;29573777777
5436;29730413000;29073777777;29573777777
5437;29767735000;29115122222;29615122222
5465;29838813000;29198466666;29698466666
5476;29869150000;29240133333;29740133333
5477;29931885000;29240166666;29740166666
5479;29931900000;29240444444;29740444444
5480;29931901000;29240444444;29740444444
5481;29971487000;29281777777;29781777777
5482;29971490000;29281777777;29781777777
5483;29971491000;29281777777;29781777777
5484;29971492000;29281777777;29781777777
5485;29971493000;29281777777;29781777777
5486;29971494000;29281777777;29781777777
5487;29971495000;29281777777;29781777777
5488;29971694000;29281800000;29781800000
5489;29971710000;29282100000;29782100000
5491;29971711000;29282100000;29782100000
5492;30009182000;29323444444;29823444444
5493;30009185000;29323444444;29823444444
5494;30009186000;29323444444;29823444444
5495;30009187000;29323444444;29823444444
5496;30009188000;29323444444;29823444444
5497;30009189000;29323444444;29823444444
5498;30009190000;29323444444;29823444444
5499;30009327000;29323466666;29823466666
