seqnum;now;rtptime;deadline;packet_len;payload_len
0;3692663000;3651088888;4151088888;10240;10228
2;3692738000;3651088888;4151088888;10240;10228
4;3692747000;3682355555;4182355555;10240;10228
6;3692752000;3682355555;4182355555;10240;10228
8;3692756000;3682355555;4182355555;10240;10228
10;3692769000;3682411111;4182411111;10240;10228
1;3692847000;3651088888;4151088888;10240;10228
3;3693072000;3682355555;4182355555;10240;10228
5;3693253000;3682355555;4182355555;10240;10228
7;3693268000;3682355555;4182355555;10240;10228
9;3693456000;3682355555;4182355555;10240;10228
12;3734361000;3682733333;4182733333;10240;10228
14;3734392000;3724011111;4224011111;10240;10228
16;3734397000;3724011111;4224011111;10240;10228
18;3734416000;3724011111;4224011111;10240;10228
20;3734424000;3724011111;4224011111;10240;10228
11;3734487000;3682733333;4182733333;10240;10228
13;3734676000;3682733333;4182733333;10240;10228
15;3734881000;3724011111;4224011111;10240;10228
17;3734931000;3724011111;4224011111;10240;10228
21;3735129000;3724055555;4224055555;10240;10228
22;3775981000;3724466666;4224466666;10240;10228
24;3776006000;3724466666;4224466666;10240;10228
26;3776016000;3765677777;4265677777;10240;10228
28;3776029000;3765677777;4265677777;10240;10228
30;3776037000;3765677777;4265677777;10240;10228
32;3776068000;3765722222;4265722222;10240;10228
23;3776168000;3724466666;4224466666;10240;10228
25;3776369000;3765677777;4265677777;10240;10228
27;3776580000;3765677777;4265677777;10240;10228
29;3776589000;3765677777;4265677777;10240;10228
31;3776770000;3765677777;4265677777;10240;10228
19;3797086000;3724011111;4224011111;10240;10228
34;3817664000;3766044444;4266044444;10240;10228
36;3817707000;3807344444;4307344444;10240;10228
38;3817724000;3807344444;4307344444;10240;10228
42;3817728000;3807344444;4307344444;10240;10228
33;3817829000;3766044444;4266044444;10240;10228
35;3818020000;3766044444;4266044444;10240;10228
37;3818223000;3807344444;4307344444;10240;10228
39;3818260000;3807344444;4307344444;10240;10228
41;3818445000;3807344444;4307344444;10240;10228
43;3818465000;3807388888;4307388888;10240;10228
44;3859340000;3807733333;4307733333;10240;10228
48;3859374000;3849033333;4349033333;10240;10228
50;3859390000;3849033333;4349033333;10240;10228
52;3859398000;3849033333;4349033333;10240;10228
54;3859402000;3849077777;4349077777;10240;10228
45;3859525000;3807733333;4307733333;10240;10228
47;3859722000;3849033333;4349033333;10240;10228
49;3859917000;3849033333;4349033333;10240;10228
51;3859929000;3849033333;4349033333;10240;10228
53;3860115000;3849033333;4349033333;10240;10228
40;3879881000;3807344444;4307344444;10240;10228
58;3901022000;3890677777;4390677777;10240;10228
62;3901060000;3890677777;4390677777;10240;10228
64;3901066000;3890677777;4390677777;10240;10228
55;3901181000;3849466666;4349466666;10240;10228
57;3901372000;3849466666;4349466666;10240;10228
59;3901582000;3890677777;4390677777;10240;10228
61;3901592000;3890677777;4390677777;10240;10228
63;3901788000;3890677777;4390677777;10240;10228
65;3901799000;3890733333;4390733333;10240;10228
66;3942617000;3891022222;4391022222;10240;10228
68;3942645000;3891022222;4391022222;10240;10228
70;3942673000;3932311111;4432311111;10240;10228
72;3942678000;3932311111;4432311111;10240;10228
74;3942687000;3932311111;4432311111;10240;10228
76;3942718000;3932355555;4432355555;10240;10228
67;3942789000;3891022222;4391022222;10240;10228
69;3942994000;3932311111;4432311111;10240;10228
71;3943225000;3932311111;4432311111;10240;10228
73;3943234000;3932311111;4432311111;10240;10228
75;3943479000;3932311111;4432311111;10240;10228
60;3963170000;3890677777;4390677777;10240;10228
78;3984347000;3932688888;4432688888;10240;10228
80;3984383000;3974011111;4474011111;10240;10228
82;3984388000;3974011111;4474011111;10240;10228
84;3984404000;3974011111;4474011111;10240;10228
86;3984408000;3974011111;4474011111;10240;10228
77;3984515000;3932688888;4432688888;10240;10228
79;3984723000;3932688888;4432688888;10240;10228
81;3984746000;3974011111;4474011111;10240;10228
85;3984902000;3974011111;4474011111;10240;10228
87;3985161000;3974055555;4474055555;10240;10228
88;4025933000;3974400000;4474400000;10240;10228
90;4025947000;3974400000;4474400000;10240;10228
92;4025975000;4015644444;4515644444;10240;10228
94;4025984000;4015644444;4515644444;10240;10228
96;4026003000;4015644444;4515644444;10240;10228
98;4026019000;4015700000;4515700000;10240;10228
89;4026145000;3974400000;4474400000;10240;10228
91;4026343000;4015644444;4515644444;10240;10228
93;4026546000;4015644444;4515644444;10240;10228
95;4026558000;4015644444;4515644444;10240;10228
102;4067595000;4057344444;4557344444;10240;10228
104;4067612000;4057344444;4557344444;10240;10228
108;4067636000;4057344444;4557344444;10240;10228
99;4067814000;4016011111;4516011111;10240;10228
101;4068005000;4016011111;4516011111;10240;10228
103;4068220000;4057344444;4557344444;10240;10228
105;4068233000;4057344444;4557344444;10240;10228
107;4068422000;4057344444;4557344444;10240;10228
109;4068437000;4057388888;4557388888;10240;10228
100;4087848000;4016011111;4516011111;10240;10228
97;4088479000;4015644444;4515644444;10240;10228
110;4109295000;4057666666;4557666666;10240;10228
112;4109323000;4057666666;4557666666;10240;10228
114;4109354000;4098977777;4598977777;10240;10228
116;4109363000;4098977777;4598977777;10240;10228
118;4109387000;4098977777;4598977777;10240;10228
120;4109392000;4099022222;4599022222;10240;10228
111;4109524000;4057666666;4557666666;10240;10228
113;4109750000;4098977777;4598977777;10240;10228
117;4109777000;4098977777;4598977777;10240;10228
119;4109903000;4098977777;4598977777;10240;10228
106;4129540000;4057344444;4557344444;10240;10228
122;4150944000;4099377777;4599377777;10240;10228
124;4150962000;4140644444;4640644444;10240;10228
126;4150973000;4140644444;4640644444;10240;10228
128;4150982000;4140644444;4640644444;10240;10228
130;4150989000;4140644444;4640644444;10240;10228
121;4151170000;4099377777;4599377777;10240;10228
123;4151346000;4099377777;4599377777;10240;10228
125;4151549000;4140644444;4640644444;10240;10228
127;4151574000;4140644444;4640644444;10240;10228
129;4151751000;4140644444;4640644444;10240;10228
131;4151779000;4140688888;4640688888;10240;10228
115;4171615000;4098977777;4598977777;10240;10228
132;4192609000;4140977777;4640977777;10240;10228
134;4192624000;4140977777;4640977777;10240;10228
136;4192647000;4182311111;4682311111;10240;10228
138;4192662000;4182311111;4682311111;10240;10228
140;4192679000;4182311111;4682311111;10240;10228
142;4192686000;4182355555;4682355555;10240;10228
133;4192807000;4140977777;4640977777;10240;10228
135;4193006000;4182311111;4682311111;10240;10228
137;4193027000;4182311111;4682311111;10240;10228
139;4193210000;4182311111;4682311111;10240;10228
141;4193438000;4182311111;4682311111;10240;10228
144;4234339000;4182622222;4682622222;10240;10228
146;4234367000;4224022222;4724022222;10240;10228
148;4234377000;4224022222;4724022222;10240;10228
150;4234394000;4224022222;4724022222;10240;10228
152;4234402000;4224022222;4724022222;10240;10228
143;4234521000;4182622222;4682622222;10240;10228
145;4234725000;4182622222;4682622222;10240;10228
147;4234925000;4224022222;4724022222;10240;10228
149;4234953000;4224022222;4724022222;10240;10228
151;4235148000;4224022222;4724022222;10240;10228
153;4235183000;4224066666;4724066666;10240;10228
156;4275948000;4224433333;4724433333;10240;10228
158;4275968000;4265644444;4765644444;10240;10228
160;4275977000;4265644444;4765644444;10240;10228
162;4275985000;4265644444;4765644444;10240;10228
164;4275993000;4265688888;4765688888;10240;10228
155;4276152000;4224433333;4724433333;10240;10228
157;4276358000;4265644444;4765644444;10240;10228
159;4276561000;4265644444;4765644444;10240;10228
161;4276577000;4265644444;4765644444;10240;10228
163;4276755000;4265644444;4765644444;10240;10228
154;4296250000;4224433333;4724433333;10240;10228
166;4317635000;4266000000;4766000000;10240;10228
168;4317664000;4307344444;4807344444;10240;10228
170;4317674000;4307344444;4807344444;10240;10228
172;4317691000;4307344444;4807344444;10240;10228
174;4317699000;4307344444;4807344444;10240;10228
165;4317813000;4266000000;4766000000;10240;10228
167;4318087000;4266000000;4766000000;10240;10228
169;4318120000;4307344444;4807344444;10240;10228
171;4318262000;4307344444;4807344444;10240;10228
173;4318464000;4307344444;4807344444;10240;10228
175;4318491000;4307388888;4807388888;10240;10228
176;4359244000;4307700000;4807700000;10240;10228
178;4359260000;4307700000;4807700000;10240;10228
180;4359282000;4348977777;4848977777;10240;10228
182;4359299000;4348977777;4848977777;10240;10228
184;4359318000;4348977777;4848977777;10240;10228
186;4359326000;4349022222;4849022222;10240;10228
177;4359482000;4307700000;4807700000;10240;10228
179;4359690000;4348977777;4848977777;10240;10228
181;4359717000;4348977777;4848977777;10240;10228
183;4359896000;4348977777;4848977777;10240;10228
185;4360080000;4348977777;4848977777;10240;10228
190;4400916000;4390644444;4890644444;10240;10228
187;4401195000;4349344444;4849344444;10240;10228
189;4401346000;4349344444;4849344444;10240;10228
191;4401367000;4390644444;4890644444;10240;10228
193;4401557000;4390644444;4890644444;10240;10228
195;4401749000;4390644444;4890644444;10240;10228
197;4401769000;4390688888;4890688888;10240;10228
198;4442601000;4390966666;4890966666;10240;10228
200;4442616000;4390966666;4890966666;10240;10228
202;4442625000;4432344444;4932344444;10240;10228
206;4442639000;4432344444;4932344444;10240;10228
208;4442649000;4432388888;4932388888;10240;10228
201;4442842000;4432344444;4932344444;10240;10228
203;4443041000;4432344444;4932344444;10240;10228
205;4443061000;4432344444;4932344444;10240;10228
207;4443261000;4432344444;4932344444;10240;10228
188;4462870000;4349344444;4849344444;10240;10228
192;4462904000;4390644444;4890644444;10240;10228
194;4462927000;4390644444;4890644444;10240;10228
196;4462944000;4390644444;4890644444;10240;10228
210;4484297000;4432666666;4932666666;10240;10228
212;4484312000;4473977777;4973977777;10240;10228
214;4484320000;4473977777;4973977777;10240;10228
216;4484330000;4473977777;4973977777;10240;10228
218;4484339000;4473977777;4973977777;10240;10228
209;4484481000;4432666666;4932666666;10240;10228
211;4484683000;4432666666;4932666666;10240;10228
213;4484704000;4473977777;4973977777;10240;10228
215;4484885000;4473977777;4973977777;10240;10228
217;4485060000;4473977777;4973977777;10240;10228
219;4485079000;4474022222;4974022222;10240;10228
204;4504526000;4432344444;4932344444;10240;10228
220;4525966000;4474377777;4974377777;10240;10228
222;4525980000;4474377777;4974377777;10240;10228
224;4526007000;4515644444;5015644444;10240;10228
226;4526015000;4515644444;5015644444;10240;10228
228;4526033000;4515644444;5015644444;10240;10228
230;4526040000;4515688888;5015688888;10240;10228
221;4526150000;4474377777;4974377777;10240;10228
223;4526360000;4515644444;5015644444;10240;10228
227;4526387000;4515644444;5015644444;10240;10228
229;4526566000;4515644444;5015644444;10240;10228
232;4567611000;4515988888;5015988888;10240;10228
234;4567642000;4557344444;5057344444;10240;10228
236;4567660000;4557344444;5057344444;10240;10228
240;4567676000;4557344444;5057344444;10240;10228
231;4567836000;4515988888;5015988888;10240;10228
233;4568038000;4515988888;5015988888;10240;10228
235;4568048000;4557344444;5057344444;10240;10228
237;4568263000;4557344444;5057344444;10240;10228
239;4568463000;4557344444;5057344444;10240;10228
241;4568485000;4557388888;5057388888;10240;10228
225;4588077000;4515644444;5015644444;10240;10228
242;4609258000;4557688888;5057688888;10240;10228
244;4609273000;4557688888;5057688888;10240;10228
246;4609301000;4598977777;5098977777;10240;10228
248;4609312000;4598977777;5098977777;10240;10228
250;4609330000;4598977777;5098977777;10240;10228
252;4609338000;4599022222;5099022222;10240;10228
243;4609480000;4557688888;5057688888;10240;10228
245;4609683000;4598977777;5098977777;10240;10228
247;4609704000;4598977777;5098977777;10240;10228
249;4609890000;4598977777;5098977777;10240;10228
251;4610057000;4598977777;5098977777;10240;10228
238;4629742000;4557344444;5057344444;10240;10228
254;4650966000;4599377777;5099377777;10240;10228
258;4650996000;4640644444;5140644444;10240;10228
260;4651019000;4640644444;5140644444;10240;10228
262;4651037000;4640644444;5140644444;10240;10228
253;4651145000;4599377777;5099377777;10240;10228
255;4651357000;4599377777;5099377777;10240;10228
257;4651383000;4640644444;5140644444;10240;10228
259;4651562000;4640644444;5140644444;10240;10228
263;4651582000;4640688888;5140688888;10240;10228
256;4671317000;4640644444;5140644444;10240;10228
264;4692637000;4640977777;5140977777;10240;10228
266;4692652000;4640977777;5140977777;10240;10228
268;4692678000;4682344444;5182344444;10240;10228
270;4692699000;4682344444;5182344444;10240;10228
272;4692708000;4682344444;5182344444;10240;10228
274;4692724000;4682388888;5182388888;10240;10228
265;4692838000;4640977777;5140977777;10240;10228
267;4693041000;4682344444;5182344444;10240;10228
269;4693059000;4682344444;5182344444;10240;10228
271;4693259000;4682344444;5182344444;10240;10228
273;4693465000;4682344444;5182344444;10240;10228
261;4713512000;4640644444;5140644444;10240;10228
276;4734329000;4682644444;5182644444;10240;10228
278;4734361000;4724011111;5224011111;10240;10228
280;4734380000;4724011111;5224011111;10240;10228
282;4734389000;4724011111;5224011111;10240;10228
284;4734396000;4724011111;5224011111;10240;10228
275;4734510000;4682644444;5182644444;10240;10228
277;4734720000;4682644444;5182644444;10240;10228
279;4734748000;4724011111;5224011111;10240;10228
281;4734915000;4724011111;5224011111;10240;10228
283;4735157000;4724011111;5224011111;10240;10228
285;4735182000;4724055555;5224055555;10240;10228
288;4775984000;4724388888;5224388888;10240;10228
294;4776015000;4765644444;5265644444;10240;10228
296;4776034000;4765688888;5265688888;10240;10228
287;4776156000;4724388888;5224388888;10240;10228
289;4776366000;4765644444;5265644444;10240;10228
291;4776387000;4765644444;5265644444;10240;10228
293;4776572000;4765644444;5265644444;10240;10228
295;4776773000;4765644444;5265644444;10240;10228
286;4796519000;4724388888;5224388888;10240;10228
298;4817628000;4765955555;5265955555;10240;10228
300;4817658000;4807344444;5307344444;10240;10228
302;4817677000;4807344444;5307344444;10240;10228
304;4817686000;4807344444;5307344444;10240;10228
306;4817703000;4807344444;5307344444;10240;10228
297;4817841000;4765955555;5265955555;10240;10228
301;4818021000;4807344444;5307344444;10240;10228
303;4818237000;4807344444;5307344444;10240;10228
305;4818247000;4807344444;5307344444;10240;10228
307;4818449000;4807388888;5307388888;10240;10228
292;4838100000;4765644444;5265644444;10240;10228
308;4859261000;4807677777;5307677777;10240;10228
310;4859274000;4807677777;5307677777;10240;10228
312;4859304000;4849011111;5349011111;10240;10228
314;4859315000;4849011111;5349011111;10240;10228
316;4859323000;4849011111;5349011111;10240;10228
318;4859333000;4849055555;5349055555;10240;10228
313;4859494000;4849011111;5349011111;10240;10228
315;4859685000;4849011111;5349011111;10240;10228
317;4859889000;4849011111;5349011111;10240;10228
309;4880365000;4807677777;5307677777;10240;10228
311;4880573000;4849011111;5349011111;10240;10228
320;4900949000;4849388888;5349388888;10240;10228
322;4900963000;4890644444;5390644444;10240;10228
324;4900972000;4890644444;5390644444;10240;10228
326;4900993000;4890644444;5390644444;10240;10228
328;4901002000;4890644444;5390644444;10240;10228
319;4901115000;4849388888;5349388888;10240;10228
321;4901313000;4849388888;5349388888;10240;10228
323;4901519000;4890644444;5390644444;10240;10228
325;4901534000;4890644444;5390644444;10240;10228
327;4901716000;4890644444;5390644444;10240;10228
329;4901721000;4890688888;5390688888;10240;10228
330;4942564000;4890966666;5390966666;10240;10228
332;4942577000;4890966666;5390966666;10240;10228
334;4942599000;4932311111;5432311111;10240;10228
336;4942616000;4932311111;5432311111;10240;10228
338;4942646000;4932311111;5432311111;10240;10228
340;4942658000;4932355555;5432355555;10240;10228
331;4942782000;4890966666;5390966666;10240;10228
333;4942983000;4932311111;5432311111;10240;10228
335;4943002000;4932311111;5432311111;10240;10228
337;4943203000;4932311111;5432311111;10240;10228
339;4943411000;4932311111;5432311111;10240;10228
342;4984235000;4932633333;5432633333;10240;10228
344;4984272000;4973977777;5473977777;10240;10228
346;4984297000;4973977777;5473977777;10240;10228
348;4984311000;4973977777;5473977777;10240;10228
350;4984325000;4973977777;5473977777;10240;10228
341;4984458000;4932633333;5432633333;10240;10228
343;4984650000;4932633333;5432633333;10240;10228
345;4984853000;4973977777;5473977777;10240;10228
347;4984872000;4973977777;5473977777;10240;10228
349;4985050000;4973977777;5473977777;10240;10228
351;4985070000;4974022222;5474022222;10240;10228
352;5025994000;4974366666;5474366666;10240;10228
354;5026010000;4974366666;5474366666;10240;10228
356;5026024000;5015644444;5515644444;10240;10228
358;5026033000;5015644444;5515644444;10240;10228
360;5026041000;5015644444;5515644444;10240;10228
362;5026071000;5015700000;5515700000;10240;10228
353;5026163000;4974366666;5474366666;10240;10228
355;5026375000;5015644444;5515644444;10240;10228
357;5026401000;5015644444;5515644444;10240;10228
359;5026579000;5015644444;5515644444;10240;10228
361;5026767000;5015644444;5515644444;10240;10228
366;5067649000;5057366666;5557366666;10240;10228
368;5067678000;5057366666;5557366666;10240;10228
370;5067688000;5057366666;5557366666;10240;10228
372;5067704000;5057366666;5557366666;10240;10228
363;5067836000;5015977777;5515977777;10240;10228
367;5068037000;5057366666;5557366666;10240;10228
369;5068048000;5057366666;5557366666;10240;10228
371;5068258000;5057366666;5557366666;10240;10228
373;5068269000;5057411111;5557411111;10240;10228
364;5088167000;5015977777;5515977777;10240;10228
365;5088533000;5015977777;5515977777;10240;10228
376;5109369000;5057700000;5557700000;10240;10228
378;5109397000;5099022222;5599022222;10240;10228
380;5109406000;5099022222;5599022222;10240;10228
382;5109423000;5099022222;5599022222;10240;10228
384;5109430000;5099077777;5599077777;10240;10228
377;5109553000;5099022222;5599022222;10240;10228
379;5109758000;5099022222;5599022222;10240;10228
381;5109958000;5099022222;5599022222;10240;10228
383;5109969000;5099022222;5599022222;10240;10228
374;5129865000;5057700000;5557700000;10240;10228
375;5130234000;5057700000;5557700000;10240;10228
386;5150976000;5099400000;5599400000;10240;10228
388;5151004000;5140688888;5640688888;10240;10228
394;5151013000;5140688888;5640688888;10240;10228
385;5151201000;5099400000;5599400000;10240;10228
387;5151412000;5099400000;5599400000;10240;10228
389;5151438000;5140688888;5640688888;10240;10228
391;5151617000;5140688888;5640688888;10240;10228
393;5151813000;5140688888;5640688888;10240;10228
395;5151833000;5140733333;5640733333;10240;10228
398;5192634000;5141033333;5641033333;10240;10228
400;5192685000;5182311111;5682311111;10240;10228
402;5192710000;5182311111;5682311111;10240;10228
404;5192729000;5182311111;5682311111;10240;10228
406;5192733000;5182355555;5682355555;10240;10228
399;5192832000;5182311111;5682311111;10240;10228
401;5193034000;5182311111;5682311111;10240;10228
403;5193040000;5182311111;5682311111;10240;10228
405;5193253000;5182311111;5682311111;10240;10228
392;5212879000;5140688888;5640688888;10240;10228
396;5213134000;5141033333;5641033333;10240;10228
397;5213296000;5141033333;5641033333;10240;10228
408;5234329000;5182633333;5682633333;10240;10228
410;5234343000;5224022222;5724022222;10240;10228
412;5234352000;5224022222;5724022222;10240;10228
416;5234360000;5224022222;5724022222;10240;10228
407;5234537000;5182633333;5682633333;10240;10228
409;5234740000;5182633333;5682633333;10240;10228
411;5234752000;5224022222;5724022222;10240;10228
413;5234941000;5224022222;5724022222;10240;10228
415;5235158000;5224022222;5724022222;10240;10228
417;5235170000;5224066666;5724066666;10240;10228
418;5275981000;5224411111;5724411111;10240;10228
424;5276015000;5265644444;5765644444;10240;10228
426;5276023000;5265644444;5765644444;10240;10228
419;5276161000;5224411111;5724411111;10240;10228
421;5276336000;5265644444;5765644444;10240;10228
423;5276542000;5265644444;5765644444;10240;10228
425;5276557000;5265644444;5765644444;10240;10228
427;5276735000;5265644444;5765644444;10240;10228
432;5317710000;5307355555;5807355555;10240;10228
436;5317745000;5307355555;5807355555;10240;10228
438;5317772000;5307355555;5807355555;10240;10228
429;5317895000;5266000000;5766000000;10240;10228
431;5318030000;5266000000;5766000000;10240;10228
433;5318289000;5307355555;5807355555;10240;10228
435;5318303000;5307355555;5807355555;10240;10228
437;5318479000;5307355555;5807355555;10240;10228
439;5318505000;5307411111;5807411111;10240;10228
420;5337969000;5224411111;5724411111;10240;10228
422;5338030000;5265644444;5765644444;10240;10228
428;5338040000;5265700000;5765700000;10240;10228
430;5338201000;5266000000;5766000000;10240;10228
442;5359346000;5307733333;5807733333;10240;10228
444;5359382000;5348977777;5848977777;10240;10228
446;5359390000;5348977777;5848977777;10240;10228
448;5359396000;5348977777;5848977777;10240;10228
450;5359402000;5349033333;5849033333;10240;10228
441;5359534000;5307733333;5807733333;10240;10228
443;5359700000;5348977777;5848977777;10240;10228
445;5359902000;5348977777;5848977777;10240;10228
447;5359915000;5348977777;5848977777;10240;10228
449;5360094000;5348977777;5848977777;10240;10228
440;5379798000;5307733333;5807733333;10240;10228
452;5400967000;5349333333;5849333333;10240;10228
454;5401002000;5390644444;5890644444;10240;10228
456;5401010000;5390644444;5890644444;10240;10228
458;5401016000;5390644444;5890644444;10240;10228
460;5401020000;5390644444;5890644444;10240;10228
451;5401157000;5349333333;5849333333;10240;10228
453;5401355000;5349333333;5849333333;10240;10228
455;5401560000;5390644444;5890644444;10240;10228
457;5401584000;5390644444;5890644444;10240;10228
459;5401755000;5390644444;5890644444;10240;10228
461;5401776000;5390700000;5890700000;10240;10228
462;5442708000;5390966666;5890966666;10240;10228
464;5442748000;5390966666;5890966666;10240;10228
466;5442788000;5432366666;5932366666;10240;10228
468;5442795000;5432366666;5932366666;10240;10228
470;5442801000;5432366666;5932366666;10240;10228
472;5442827000;5432411111;5932411111;10240;10228
463;5442835000;5390966666;5890966666;10240;10228
465;5443016000;5432366666;5932366666;10240;10228
467;5443231000;5432366666;5932366666;10240;10228
469;5443266000;5432366666;5932366666;10240;10228
471;5443436000;5432366666;5932366666;10240;10228
474;5484321000;5432688888;5932688888;10240;10228
476;5484370000;5473988888;5973988888;10240;10228
478;5484379000;5473988888;5973988888;10240;10228
480;5484385000;5473988888;5973988888;10240;10228
482;5484390000;5473988888;5973988888;10240;10228
473;5484494000;5432688888;5932688888;10240;10228
475;5484676000;5432688888;5932688888;10240;10228
477;5484864000;5473988888;5973988888;10240;10228
479;5484897000;5473988888;5973988888;10240;10228
481;5485141000;5473988888;5973988888;10240;10228
483;5485173000;5474033333;5974033333;10240;10228
486;5525986000;5474388888;5974388888;10240;10228
488;5526029000;5515644444;6015644444;10240;10228
490;5526064000;5515644444;6015644444;10240;10228
492;5526091000;5515644444;6015644444;10240;10228
494;5526095000;5515688888;6015688888;10240;10228
485;5526246000;5474388888;5974388888;10240;10228
487;5526379000;5515644444;6015644444;10240;10228
491;5526403000;5515644444;6015644444;10240;10228
493;5526577000;5515644444;6015644444;10240;10228
484;5546441000;5474388888;5974388888;10240;10228
498;5567576000;5557311111;6057311111;10240;10228
502;5567589000;5557311111;6057311111;10240;10228
504;5567604000;5557311111;6057311111;10240;10228
495;5567810000;5516000000;6016000000;10240;10228
497;5568012000;5516000000;6016000000;10240;10228
499;5568226000;5557311111;6057311111;10240;10228
501;5568251000;5557311111;6057311111;10240;10228
503;5568431000;5557311111;6057311111;10240;10228
505;5568455000;5557355555;6057355555;10240;10228
489;5588072000;5515644444;6015644444;10240;10228
496;5588111000;5516000000;6016000000;10240;10228
506;5609303000;5557666666;6057666666;10240;10228
508;5609319000;5557666666;6057666666;10240;10228
510;5609347000;5599011111;6099011111;10240;10228
514;5609356000;5599011111;6099011111;10240;10228
516;5609364000;5599055555;6099055555;10240;10228
507;5609512000;5557666666;6057666666;10240;10228
509;5609717000;5599011111;6099011111;10240;10228
511;5609756000;5599011111;6099011111;10240;10228
513;5609921000;5599011111;6099011111;10240;10228
515;5610164000;5599011111;6099011111;10240;10228
500;5629852000;5557311111;6057311111;10240;10228
518;5651001000;5599444444;6099444444;10240;10228
520;5651025000;5640644444;6140644444;10240;10228
522;5651035000;5640644444;6140644444;10240;10228
524;5651067000;5640644444;6140644444;10240;10228
526;5651078000;5640644444;6140644444;10240;10228
517;5651105000;5599444444;6099444444;10240;10228
519;5651357000;5599444444;6099444444;10240;10228
521;5651369000;5640644444;6140644444;10240;10228
523;5651562000;5640644444;6140644444;10240;10228
525;5651754000;5640644444;6140644444;10240;10228
527;5651775000;5640688888;6140688888;10240;10228
512;5671530000;5599011111;6099011111;10240;10228
528;5692596000;5640988888;6140988888;10240;10228
530;5692610000;5640988888;6140988888;10240;10228
532;5692639000;5682311111;6182311111;10240;10228
534;5692649000;5682311111;6182311111;10240;10228
536;5692667000;5682311111;6182311111;10240;10228
538;5692676000;5682355555;6182355555;10240;10228
529;5692808000;5640988888;6140988888;10240;10228
531;5693010000;5682311111;6182311111;10240;10228
533;5693029000;5682311111;6182311111;10240;10228
535;5693231000;5682311111;6182311111;10240;10228
537;5693434000;5682311111;6182311111;10240;10228
540;5734261000;5682633333;6182633333;10240;10228
544;5734278000;5724011111;6224011111;10240;10228
539;5734481000;5682633333;6182633333;10240;10228
541;5734674000;5682633333;6182633333;10240;10228
543;5734876000;5724011111;6224011111;10240;10228
545;5734881000;5724011111;6224011111;10240;10228
547;5735127000;5724011111;6224011111;10240;10228
549;5735162000;5724055555;6224055555;10240;10228
552;5775963000;5724400000;6224400000;10240;10228
554;5775979000;5765677777;6265677777;10240;10228
556;5775987000;5765677777;6265677777;10240;10228
558;5775998000;5765677777;6265677777;10240;10228
560;5776011000;5765722222;6265722222;10240;10228
551;5776186000;5724400000;6224400000;10240;10228
553;5776393000;5765677777;6265677777;10240;10228
555;5776405000;5765677777;6265677777;10240;10228
557;5776600000;5765677777;6265677777;10240;10228
559;5776799000;5765677777;6265677777;10240;10228
542;5796314000;5724011111;6224011111;10240;10228
548;5796346000;5724011111;6224011111;10240;10228
550;5796356000;5724400000;6224400000;10240;10228
546;5796492000;5724011111;6224011111;10240;10228
562;5817667000;5766000000;6266000000;10240;10228
564;5817694000;5807344444;6307344444;10240;10228
566;5817704000;5807344444;6307344444;10240;10228
568;5817721000;5807344444;6307344444;10240;10228
561;5817837000;5766000000;6266000000;10240;10228
563;5818039000;5766000000;6266000000;10240;10228
565;5818074000;5807344444;6307344444;10240;10228
567;5818260000;5807344444;6307344444;10240;10228
569;5818453000;5807344444;6307344444;10240;10228
571;5818463000;5807388888;6307388888;10240;10228
572;5859322000;5807688888;6307688888;10240;10228
574;5859338000;5807688888;6307688888;10240;10228
576;5859346000;5849011111;6349011111;10240;10228
578;5859360000;5849011111;6349011111;10240;10228
580;5859372000;5849011111;6349011111;10240;10228
582;5859385000;5849055555;6349055555;10240;10228
573;5859512000;5807688888;6307688888;10240;10228
577;5859724000;5849011111;6349011111;10240;10228
570;5879714000;5807344444;6307344444;10240;10228
584;5900954000;5849400000;6349400000;10240;10228
586;5900969000;5890677777;6390677777;10240;10228
588;5900979000;5890677777;6390677777;10240;10228
590;5900986000;5890677777;6390677777;10240;10228
583;5901177000;5849400000;6349400000;10240;10228
585;5901388000;5849400000;6349400000;10240;10228
587;5901399000;5890677777;6390677777;10240;10228
589;5901596000;5890677777;6390677777;10240;10228
591;5901792000;5890677777;6390677777;10240;10228
575;5921677000;5849011111;6349011111;10240;10228
579;5921856000;5849011111;6349011111;10240;10228
581;5922062000;5849011111;6349011111;10240;10228
594;5942556000;5891011111;6391011111;10240;10228
596;5942585000;5891011111;6391011111;10240;10228
598;5942594000;5932311111;6432311111;10240;10228
600;5942617000;5932311111;6432311111;10240;10228
602;5942639000;5932311111;6432311111;10240;10228
595;5942781000;5891011111;6391011111;10240;10228
597;5942983000;5932311111;6432311111;10240;10228
599;5942989000;5932311111;6432311111;10240;10228
601;5943206000;5932311111;6432311111;10240;10228
603;5943409000;5932311111;6432311111;10240;10228
592;5963117000;5890677777;6390677777;10240;10228
593;5963408000;5890722222;6390722222;10240;10228
606;5984309000;5932644444;6432644444;10240;10228
608;5984336000;5973977777;6473977777;10240;10228
610;5984346000;5973977777;6473977777;10240;10228
612;5984363000;5973977777;6473977777;10240;10228
614;5984371000;5973977777;6473977777;10240;10228
605;5984483000;5932644444;6432644444;10240;10228
607;5984684000;5932644444;6432644444;10240;10228
609;5984706000;5973977777;6473977777;10240;10228
611;5984896000;5973977777;6473977777;10240;10228
613;5985111000;5973977777;6473977777;10240;10228
615;5985130000;5974022222;6474022222;10240;10228
604;6004759000;5932355555;6432355555;10240;10228
616;6025975000;5974366666;6474366666;10240;10228
618;6025990000;5974366666;6474366666;10240;10228
620;6026011000;6015677777;6515677777;10240;10228
622;6026022000;6015677777;6515677777;10240;10228
624;6026031000;6015677777;6515677777;10240;10228
626;6026077000;6015722222;6515722222;10240;10228
617;6026183000;5974366666;6474366666;10240;10228
621;6026389000;6015677777;6515677777;10240;10228
623;6026400000;6015677777;6515677777;10240;10228
625;6026594000;6015677777;6515677777;10240;10228
628;6067637000;6016011111;6516011111;10240;10228
634;6067677000;6057311111;6557311111;10240;10228
636;6067697000;6057311111;6557311111;10240;10228
627;6067805000;6016011111;6516011111;10240;10228
631;6068007000;6057311111;6557311111;10240;10228
633;6068013000;6057311111;6557311111;10240;10228
635;6068233000;6057311111;6557311111;10240;10228
637;6068243000;6057355555;6557355555;10240;10228
629;6088451000;6016011111;6516011111;10240;10228
619;6088476000;6015677777;6515677777;10240;10228
638;6109322000;6057633333;6557633333;10240;10228
640;6109337000;6057633333;6557633333;10240;10228
642;6109363000;6099011111;6599011111;10240;10228
644;6109372000;6099011111;6599011111;10240;10228
646;6109390000;6099011111;6599011111;10240;10228
648;6109409000;6099055555;6599055555;10240;10228
639;6109515000;6057633333;6557633333;10240;10228
641;6109718000;6099011111;6599011111;10240;10228
643;6109728000;6099011111;6599011111;10240;10228
645;6109921000;6099011111;6599011111;10240;10228
630;6129644000;6057311111;6557311111;10240;10228
632;6129675000;6057311111;6557311111;10240;10228
650;6150921000;6099411111;6599411111;10240;10228
654;6150951000;6140644444;6640644444;10240;10228
656;6150963000;6140644444;6640644444;10240;10228
658;6150982000;6140644444;6640644444;10240;10228
649;6151146000;6099411111;6599411111;10240;10228
651;6151356000;6099411111;6599411111;10240;10228
653;6151368000;6140644444;6640644444;10240;10228
655;6151561000;6140644444;6640644444;10240;10228
657;6151755000;6140644444;6640644444;10240;10228
659;6151774000;6140700000;6640700000;10240;10228
652;6171235000;6140644444;6640644444;10240;10228
647;6171841000;6099011111;6599011111;10240;10228
660;6192561000;6140988888;6640988888;10240;10228
662;6192576000;6140988888;6640988888;10240;10228
664;6192597000;6182311111;6682311111;10240;10228
666;6192631000;6182311111;6682311111;10240;10228
668;6192641000;6182311111;6682311111;10240;10228
670;6192649000;6182355555;6682355555;10240;10228
663;6192814000;6182311111;6682311111;10240;10228
665;6193021000;6182311111;6682311111;10240;10228
667;6193027000;6182311111;6682311111;10240;10228
669;6193238000;6182311111;6682311111;10240;10228
661;6213438000;6140988888;6640988888;10240;10228
672;6234335000;6182633333;6682633333;10240;10228
674;6234364000;6224011111;6724011111;10240;10228
676;6234374000;6224011111;6724011111;10240;10228
678;6234391000;6224011111;6724011111;10240;10228
680;6234399000;6224011111;6724011111;10240;10228
671;6234512000;6182633333;6682633333;10240;10228
673;6234715000;6182633333;6682633333;10240;10228
675;6234751000;6224011111;6724011111;10240;10228
677;6234889000;6224011111;6724011111;10240;10228
681;6235167000;6224055555;6724055555;10240;10228
682;6275967000;6224433333;6724433333;10240;10228
684;6275983000;6224433333;6724433333;10240;10228
686;6276009000;6265644444;6765644444;10240;10228
688;6276018000;6265644444;6765644444;10240;10228
690;6276026000;6265644444;6765644444;10240;10228
683;6276147000;6224433333;6724433333;10240;10228
685;6276358000;6265644444;6765644444;10240;10228
687;6276370000;6265644444;6765644444;10240;10228
689;6276566000;6265644444;6765644444;10240;10228
691;6276762000;6265644444;6765644444;10240;10228
679;6296613000;6224011111;6724011111;10240;10228
694;6317618000;6266000000;6766000000;10240;10228
696;6317647000;6307344444;6807344444;10240;10228
698;6317656000;6307344444;6807344444;10240;10228
700;6317679000;6307344444;6807344444;10240;10228
702;6317690000;6307344444;6807344444;10240;10228
693;6317836000;6266000000;6766000000;10240;10228
695;6318039000;6266000000;6766000000;10240;10228
701;6318056000;6307344444;6807344444;10240;10228
703;6318259000;6307388888;6807388888;10240;10228
692;6338100000;6265688888;6765688888;10240;10228
706;6359280000;6307711111;6807711111;10240;10228
708;6359301000;6348977777;6848977777;10240;10228
710;6359310000;6348977777;6848977777;10240;10228
707;6359494000;6348977777;6848977777;10240;10228
713;6359707000;6348977777;6848977777;10240;10228
697;6379788000;6307344444;6807344444;10240;10228
699;6379832000;6307344444;6807344444;10240;10228
704;6379847000;6307711111;6807711111;10240;10228
716;6400974000;6349355555;6849355555;10240;10228
718;6401004000;6390677777;6890677777;10240;10228
720;6401024000;6390677777;6890677777;10240;10228
722;6401033000;6390677777;6890677777;10240;10228
724;6401082000;6390677777;6890677777;10240;10228
715;6401182000;6349355555;6849355555;10240;10228
717;6401386000;6349355555;6849355555;10240;10228
719;6401398000;6390677777;6890677777;10240;10228
721;6401591000;6390677777;6890677777;10240;10228
723;6401784000;6390677777;6890677777;10240;10228
725;6401803000;6390722222;6890722222;10240;10228
712;6421339000;6348977777;6848977777;10240;10228
714;6421354000;6349022222;6849022222;10240;10228
705;6421440000;6307711111;6807711111;10240;10228
709;6421870000;6348977777;6848977777;10240;10228
711;6422087000;6348977777;6848977777;10240;10228
726;6442613000;6391000000;6891000000;10240;10228
728;6442628000;6391000000;6891000000;10240;10228
730;6442650000;6432311111;6932311111;10240;10228
732;6442666000;6432311111;6932311111;10240;10228
734;6442683000;6432311111;6932311111;10240;10228
736;6442690000;6432355555;6932355555;10240;10228
727;6442781000;6391000000;6891000000;10240;10228
729;6442985000;6432311111;6932311111;10240;10228
731;6443005000;6432311111;6932311111;10240;10228
733;6443188000;6432311111;6932311111;10240;10228
735;6443413000;6432311111;6932311111;10240;10228
738;6484306000;6432633333;6932633333;10240;10228
740;6484351000;6473977777;6973977777;10240;10228
742;6484375000;6473977777;6973977777;10240;10228
744;6484381000;6473977777;6973977777;10240;10228
746;6484385000;6473977777;6973977777;10240;10228
739;6484484000;6432633333;6932633333;10240;10228
741;6484667000;6473977777;6973977777;10240;10228
743;6484859000;6473977777;6973977777;10240;10228
745;6484892000;6473977777;6973977777;10240;10228
737;6505184000;6432633333;6932633333;10240;10228
748;6525998000;6474377777;6974377777;10240;10228
752;6526026000;6515677777;7015677777;10240;10228
754;6526036000;6515677777;7015677777;10240;10228
756;6526077000;6515677777;7015677777;10240;10228
758;6526086000;6515733333;7015733333;10240;10228
749;6526194000;6474377777;6974377777;10240;10228
751;6526390000;6515677777;7015677777;10240;10228
753;6526402000;6515677777;7015677777;10240;10228
755;6526594000;6515677777;7015677777;10240;10228
757;6526797000;6515677777;7015677777;10240;10228
750;6546348000;6474377777;6974377777;10240;10228
747;6546664000;6474022222;6974022222;10240;10228
760;6567589000;6516033333;7016033333;10240;10228
762;6567617000;6557311111;7057311111;10240;10228
764;6567626000;6557311111;7057311111;10240;10228
766;6567646000;6557311111;7057311111;10240;10228
768;6567674000;6557311111;7057311111;10240;10228
759;6567806000;6516033333;7016033333;10240;10228
761;6568006000;6516033333;7016033333;10240;10228
763;6568025000;6557311111;7057311111;10240;10228
765;6568232000;6557311111;7057311111;10240;10228
767;6568433000;6557311111;7057311111;10240;10228
769;6568460000;6557355555;7057355555;10240;10228
770;6609245000;6557655555;7057655555;10240;10228
772;6609261000;6557655555;7057655555;10240;10228
776;6609274000;6598977777;7098977777;10240;10228
778;6609294000;6598977777;7098977777;10240;10228
780;6609304000;6599022222;7099022222;10240;10228
771;6609470000;6557655555;7057655555;10240;10228
773;6609685000;6598977777;7098977777;10240;10228
775;6609721000;6598977777;7098977777;10240;10228
777;6609878000;6598977777;7098977777;10240;10228
779;6610077000;6598977777;7098977777;10240;10228
774;6629823000;6598977777;7098977777;10240;10228
782;6650974000;6599377777;7099377777;10240;10228
784;6650995000;6640677777;7140677777;10240;10228
788;6651014000;6640677777;7140677777;10240;10228
790;6651022000;6640677777;7140677777;10240;10228
781;6651181000;6599377777;7099377777;10240;10228
783;6651395000;6599377777;7099377777;10240;10228
785;6651421000;6640677777;7140677777;10240;10228
787;6651595000;6640677777;7140677777;10240;10228
789;6651789000;6640677777;7140677777;10240;10228
791;6651800000;6640722222;7140722222;10240;10228
792;6692626000;6641044444;7141044444;10240;10228
794;6692641000;6641044444;7141044444;10240;10228
796;6692669000;6682311111;7182311111;10240;10228
798;6692677000;6682311111;7182311111;10240;10228
800;6692686000;6682311111;7182311111;10240;10228
802;6692702000;6682355555;7182355555;10240;10228
793;6692806000;6641044444;7141044444;10240;10228
795;6693008000;6682311111;7182311111;10240;10228
797;6693015000;6682311111;7182311111;10240;10228
804;6734308000;6682633333;7182633333;10240;10228
806;6734325000;6724011111;7224011111;10240;10228
808;6734335000;6724011111;7224011111;10240;10228
810;6734342000;6724011111;7224011111;10240;10228
812;6734356000;6724011111;7224011111;10240;10228
803;6734510000;6682633333;7182633333;10240;10228
805;6734714000;6682633333;7182633333;10240;10228
807;6734734000;6724011111;7224011111;10240;10228
809;6734919000;6724011111;7224011111;10240;10228
813;6734929000;6724055555;7224055555;10240;10228
799;6755256000;6682311111;7182311111;10240;10228
801;6755270000;6682311111;7182311111;10240;10228
816;6776016000;6724411111;7224411111;10240;10228
818;6776029000;6765677777;7265677777;10240;10228
820;6776038000;6765677777;7265677777;10240;10228
822;6776069000;6765677777;7265677777;10240;10228
824;6776091000;6765722222;7265722222;10240;10228
817;6776193000;6765677777;7265677777;10240;10228
819;6776403000;6765677777;7265677777;10240;10228
821;6776415000;6765677777;7265677777;10240;10228
814;6796345000;6724411111;7224411111;10240;10228
815;6796714000;6724411111;7224411111;10240;10228
826;6817621000;6766011111;7266011111;10240;10228
832;6817638000;6807344444;7307344444;10240;10228
834;6817647000;6807344444;7307344444;10240;10228
825;6817838000;6766011111;7266011111;10240;10228
827;6818038000;6766011111;7266011111;10240;10228
829;6818054000;6807344444;7307344444;10240;10228
831;6818259000;6807344444;7307344444;10240;10228
833;6818468000;6807344444;7307344444;10240;10228
835;6818480000;6807388888;7307388888;10240;10228
823;6838556000;6765677777;7265677777;10240;10228
838;6859269000;6807700000;7307700000;10240;10228
840;6859301000;6848977777;7348977777;10240;10228
842;6859319000;6848977777;7348977777;10240;10228
844;6859339000;6848977777;7348977777;10240;10228
846;6859346000;6849022222;7349022222;10240;10228
837;6859488000;6807700000;7307700000;10240;10228
839;6859699000;6848977777;7348977777;10240;10228
841;6859709000;6848977777;7348977777;10240;10228
843;6859902000;6848977777;7348977777;10240;10228
845;6860185000;6848977777;7348977777;10240;10228
830;6879802000;6807344444;7307344444;10240;10228
848;6900957000;6849366666;7349366666;10240;10228
854;6900972000;6890677777;7390677777;10240;10228
856;6900981000;6890677777;7390677777;10240;10228
847;6901202000;6849366666;7349366666;10240;10228
849;6901358000;6849366666;7349366666;10240;10228
851;6901588000;6890677777;7390677777;10240;10228
853;6901609000;6890677777;7390677777;10240;10228
855;6901783000;6890677777;7390677777;10240;10228
857;6901804000;6890722222;7390722222;10240;10228
858;6942564000;6891033333;7391033333;10240;10228
862;6942580000;6932311111;7432311111;10240;10228
864;6942589000;6932311111;7432311111;10240;10228
866;6942622000;6932311111;7432311111;10240;10228
868;6942632000;6932355555;7432355555;10240;10228
859;6942781000;6891033333;7391033333;10240;10228
861;6942984000;6932311111;7432311111;10240;10228
863;6942990000;6932311111;7432311111;10240;10228
865;6943206000;6932311111;7432311111;10240;10228
867;6943410000;6932311111;7432311111;10240;10228
850;6963083000;6890677777;7390677777;10240;10228
852;6963291000;6890677777;7390677777;10240;10228
860;6963319000;6891033333;7391033333;10240;10228
870;6984256000;6932655555;7432655555;10240;10228
874;6984283000;6973977777;7473977777;10240;10228
876;6984292000;6973977777;7473977777;10240;10228
878;6984317000;6973977777;7473977777;10240;10228
869;6984480000;6932655555;7432655555;10240;10228
871;6984689000;6932655555;7432655555;10240;10228
875;6984716000;6973977777;7473977777;10240;10228
877;6984887000;6973977777;7473977777;10240;10228
879;6984908000;6974022222;7474022222;10240;10228
880;7025967000;6974377777;7474377777;10240;10228
882;7025982000;6974377777;7474377777;10240;10228
884;7025991000;7015644444;7515644444;10240;10228
886;7026001000;7015644444;7515644444;10240;10228
888;7026019000;7015644444;7515644444;10240;10228
890;7026028000;7015688888;7515688888;10240;10228
881;7026144000;6974377777;7474377777;10240;10228
885;7026355000;7015644444;7515644444;10240;10228
887;7026367000;7015644444;7515644444;10240;10228
889;7026560000;7015644444;7515644444;10240;10228
872;7046490000;6973977777;7473977777;10240;10228
883;7046860000;7015644444;7515644444;10240;10228
892;7067668000;7015988888;7515988888;10240;10228
894;7067682000;7057344444;7557344444;10240;10228
896;7067691000;7057344444;7557344444;10240;10228
898;7067699000;7057344444;7557344444;10240;10228
900;7067715000;7057344444;7557344444;10240;10228
895;7067845000;7057344444;7557344444;10240;10228
897;7068054000;7057344444;7557344444;10240;10228
899;7068062000;7057344444;7557344444;10240;10228
901;7068269000;7057388888;7557388888;10240;10228
891;7088406000;7015988888;7515988888;10240;10228
902;7109250000;7057677777;7557677777;10240;10228
904;7109270000;7057677777;7557677777;10240;10228
906;7109295000;7098977777;7598977777;10240;10228
908;7109304000;7098977777;7598977777;10240;10228
910;7109331000;7098977777;7598977777;10240;10228
912;7109341000;7099022222;7599022222;10240;10228
903;7109478000;7057677777;7557677777;10240;10228
909;7109681000;7098977777;7598977777;10240;10228
911;7109703000;7098977777;7598977777;10240;10228
914;7151005000;7099388888;7599388888;10240;10228
916;7151020000;7140677777;7640677777;10240;10228
918;7151028000;7140677777;7640677777;10240;10228
920;7151076000;7140677777;7640677777;10240;10228
922;7151087000;7140677777;7640677777;10240;10228
915;7151202000;7099388888;7599388888;10240;10228
917;7151397000;7140677777;7640677777;10240;10228
919;7151409000;7140677777;7640677777;10240;10228
921;7151594000;7140677777;7640677777;10240;10228
923;7151617000;7140722222;7640722222;10240;10228
907;7171528000;7098977777;7598977777;10240;10228
905;7171702000;7098977777;7598977777;10240;10228
913;7171919000;7099388888;7599388888;10240;10228
924;7192589000;7141033333;7641033333;10240;10228
928;7192603000;7182322222;7682322222;10240;10228
930;7192624000;7182322222;7682322222;10240;10228
934;7192635000;7182366666;7682366666;10240;10228
925;7192808000;7141033333;7641033333;10240;10228
927;7193011000;7182322222;7682322222;10240;10228
929;7193016000;7182322222;7682322222;10240;10228
931;7193234000;7182322222;7682322222;10240;10228
933;7193435000;7182322222;7682322222;10240;10228
926;7213003000;7141033333;7641033333;10240;10228
936;7234257000;7182644444;7682644444;10240;10228
938;7234288000;7223977777;7723977777;10240;10228
940;7234318000;7223977777;7723977777;10240;10228
942;7234327000;7223977777;7723977777;10240;10228
935;7234480000;7182644444;7682644444;10240;10228
939;7234685000;7223977777;7723977777;10240;10228
941;7234706000;7223977777;7723977777;10240;10228
943;7234887000;7223977777;7723977777;10240;10228
945;7234899000;7224022222;7724022222;10240;10228
932;7254580000;7182322222;7682322222;10240;10228
937;7255164000;7182644444;7682644444;10240;10228
946;7275949000;7224377777;7724377777;10240;10228
948;7275965000;7224377777;7724377777;10240;10228
950;7275990000;7265677777;7765677777;10240;10228
952;7276004000;7265677777;7765677777;10240;10228
954;7276027000;7265677777;7765677777;10240;10228
956;7276039000;7265722222;7765722222;10240;10228
947;7276163000;7224377777;7724377777;10240;10228
949;7276387000;7265677777;7765677777;10240;10228
951;7276411000;7265677777;7765677777;10240;10228
955;7276594000;7265677777;7765677777;10240;10228
960;7317649000;7307311111;7807311111;10240;10228
962;7317663000;7307311111;7807311111;10240;10228
964;7317672000;7307311111;7807311111;10240;10228
966;7317686000;7307311111;7807311111;10240;10228
959;7317820000;7266033333;7766033333;10240;10228
961;7318008000;7307311111;7807311111;10240;10228
963;7318242000;7307311111;7807311111;10240;10228
965;7318253000;7307311111;7807311111;10240;10228
967;7318258000;7307355555;7807355555;10240;10228
958;7338235000;7266033333;7766033333;10240;10228
953;7338349000;7265677777;7765677777;10240;10228
968;7359288000;7307688888;7807688888;10240;10228
972;7359301000;7349011111;7849011111;10240;10228
974;7359316000;7349011111;7849011111;10240;10228
978;7359329000;7349055555;7849055555;10240;10228
969;7359511000;7307688888;7807688888;10240;10228
971;7359723000;7349011111;7849011111;10240;10228
977;7359735000;7349011111;7849011111;10240;10228
970;7379682000;7307688888;7807688888;10240;10228
980;7400966000;7349388888;7849388888;10240;10228
982;7400980000;7390644444;7890644444;10240;10228
984;7400992000;7390644444;7890644444;10240;10228
986;7401001000;7390644444;7890644444;10240;10228
988;7401015000;7390644444;7890644444;10240;10228
979;7401169000;7349388888;7849388888;10240;10228
981;7401342000;7349388888;7849388888;10240;10228
987;7401556000;7390644444;7890644444;10240;10228
989;7401578000;7390688888;7890688888;10240;10228
973;7421619000;7349011111;7849011111;10240;10228
975;7421648000;7349011111;7849011111;10240;10228
990;7442622000;7390977777;7890977777;10240;10228
992;7442635000;7390977777;7890977777;10240;10228
994;7442659000;7432344444;7932344444;10240;10228
996;7442682000;7432344444;7932344444;10240;10228
998;7442692000;7432344444;7932344444;10240;10228
1000;7442726000;7432388888;7932388888;10240;10228
991;7442847000;7390977777;7890977777;10240;10228
993;7443051000;7432344444;7932344444;10240;10228
995;7443060000;7432344444;7932344444;10240;10228
997;7443263000;7432344444;7932344444;10240;10228
999;7443466000;7432344444;7932344444;10240;10228
983;7463126000;7390644444;7890644444;10240;10228
985;7463361000;7390644444;7890644444;10240;10228
1002;7484303000;7432688888;7932688888;10240;10228
1004;7484330000;7473977777;7973977777;10240;10228
1006;7484339000;7473977777;7973977777;10240;10228
1008;7484355000;7473977777;7973977777;10240;10228
1010;7484372000;7473977777;7973977777;10240;10228
1001;7484477000;7432688888;7932688888;10240;10228
1003;7484684000;7432688888;7932688888;10240;10228
1005;7484710000;7473977777;7973977777;10240;10228
1007;7484884000;7473977777;7973977777;10240;10228
1009;7485062000;7473977777;7973977777;10240;10228
1011;7485087000;7474022222;7974022222;10240;10228
1012;7525964000;7474388888;7974388888;10240;10228
1014;7525978000;7474388888;7974388888;10240;10228
1016;7525999000;7515644444;8015644444;10240;10228
1018;7526011000;7515644444;8015644444;10240;10228
1020;7526018000;7515644444;8015644444;10240;10228
1022;7526064000;7515688888;8015688888;10240;10228
1015;7526159000;7515644444;8015644444;10240;10228
1017;7526366000;7515644444;8015644444;10240;10228
1019;7526375000;7515644444;8015644444;10240;10228
1021;7526574000;7515644444;8015644444;10240;10228
1013;7546818000;7474388888;7974388888;10240;10228
1028;7567655000;7557311111;8057311111;10240;10228
1030;7567688000;7557311111;8057311111;10240;10228
1032;7567708000;7557311111;8057311111;10240;10228
1023;7567807000;7516000000;8016000000;10240;10228
1025;7568007000;7516000000;8016000000;10240;10228
1027;7568013000;7557311111;8057311111;10240;10228
1029;7568227000;7557311111;8057311111;10240;10228
1031;7568432000;7557311111;8057311111;10240;10228
1033;7568443000;7557355555;8057355555;10240;10228
1024;7588007000;7516000000;8016000000;10240;10228
1026;7588240000;7557311111;8057311111;10240;10228
1036;7609313000;7557666666;8057666666;10240;10228
1038;7609341000;7598977777;8098977777;10240;10228
1040;7609352000;7598977777;8098977777;10240;10228
1042;7609369000;7598977777;8098977777;10240;10228
1044;7609382000;7599022222;8099022222;10240;10228
1035;7609483000;7557666666;8057666666;10240;10228
1037;7609699000;7598977777;8098977777;10240;10228
1039;7609710000;7598977777;8098977777;10240;10228
1041;7609903000;7598977777;8098977777;10240;10228
1043;7610185000;7598977777;8098977777;10240;10228
1034;7629900000;7557666666;8057666666;10240;10228
1046;7651011000;7599400000;8099400000;10240;10228
1048;7651040000;7640677777;8140677777;10240;10228
1050;7651070000;7640677777;8140677777;10240;10228
1052;7651089000;7640677777;8140677777;10240;10228
1054;7651097000;7640677777;8140677777;10240;10228
1047;7651205000;7599400000;8099400000;10240;10228
1049;7651402000;7640677777;8140677777;10240;10228
1053;7651412000;7640677777;8140677777;10240;10228
1055;7651599000;7640722222;8140722222;10240;10228
1045;7671962000;7599400000;8099400000;10240;10228
1056;7692660000;7641011111;8141011111;10240;10228
1058;7692674000;7641011111;8141011111;10240;10228
1062;7692699000;7682344444;8182344444;10240;10228
1064;7692708000;7682344444;8182344444;10240;10228
1066;7692731000;7682388888;8182388888;10240;10228
1059;7692839000;7682344444;8182344444;10240;10228
1061;7693040000;7682344444;8182344444;10240;10228
1063;7693067000;7682344444;8182344444;10240;10228
1065;7693261000;7682344444;8182344444;10240;10228
1057;7713341000;7641011111;8141011111;10240;10228
1051;7713380000;7640677777;8140677777;10240;10228
1060;7713571000;7682344444;8182344444;10240;10228
1068;7734327000;7682655555;8182655555;10240;10228
1070;7734357000;7724011111;8224011111;10240;10228
1072;7734366000;7724011111;8224011111;10240;10228
1074;7734383000;7724011111;8224011111;10240;10228
1076;7734398000;7724011111;8224011111;10240;10228
1067;7734512000;7682655555;8182655555;10240;10228
1069;7734705000;7682655555;8182655555;10240;10228
1071;7734921000;7724011111;8224011111;10240;10228
1073;7734949000;7724011111;8224011111;10240;10228
1075;7735159000;7724011111;8224011111;10240;10228
1077;7735185000;7724055555;8224055555;10240;10228
1078;7775918000;7724400000;8224400000;10240;10228
1080;7775963000;7724400000;8224400000;10240;10228
1082;7775989000;7765677777;8265677777;10240;10228
1084;7776004000;7765677777;8265677777;10240;10228
1086;7776025000;7765677777;8265677777;10240;10228
1088;7776038000;7765722222;8265722222;10240;10228
1079;7776170000;7724400000;8224400000;10240;10228
1081;7776346000;7765677777;8265677777;10240;10228
1083;7776544000;7765677777;8265677777;10240;10228
1087;7776560000;7765677777;8265677777;10240;10228
1090;7817631000;7766000000;8266000000;10240;10228
1092;7817664000;7807311111;8307311111;10240;10228
1094;7817678000;7807311111;8307311111;10240;10228
1098;7817696000;7807311111;8307311111;10240;10228
1089;7817804000;7766000000;8266000000;10240;10228
1091;7818005000;7766000000;8266000000;10240;10228
1093;7818014000;7807311111;8307311111;10240;10228
1095;7818228000;7807311111;8307311111;10240;10228
1097;7818432000;7807311111;8307311111;10240;10228
1099;7818443000;7807355555;8307355555;10240;10228
1085;7838323000;7765677777;8265677777;10240;10228
1102;7859350000;7807644444;8307644444;10240;10228
1104;7859383000;7849011111;8349011111;10240;10228
1110;7859398000;7849066666;8349066666;10240;10228
1101;7859522000;7807644444;8307644444;10240;10228
1103;7859727000;7849011111;8349011111;10240;10228
1105;7859755000;7849011111;8349011111;10240;10228
1107;7859930000;7849011111;8349011111;10240;10228
1109;7860163000;7849011111;8349011111;10240;10228
1096;7879901000;7807311111;8307311111;10240;10228
1100;7880081000;7807644444;8307644444;10240;10228
1112;7900956000;7849411111;8349411111;10240;10228
1114;7900982000;7890644444;8390644444;10240;10228
1116;7901001000;7890644444;8390644444;10240;10228
1118;7901009000;7890644444;8390644444;10240;10228
1120;7901019000;7890644444;8390644444;10240;10228
1111;7901146000;7849411111;8349411111;10240;10228
1113;7901314000;7849411111;8349411111;10240;10228
1115;7901545000;7890644444;8390644444;10240;10228
1117;7901555000;7890644444;8390644444;10240;10228
1119;7901742000;7890644444;8390644444;10240;10228
1121;7901762000;7890688888;8390688888;10240;10228
1106;7921310000;7849011111;8349011111;10240;10228
1108;7921342000;7849011111;8349011111;10240;10228
1122;7942614000;7890977777;8390977777;10240;10228
1124;7942629000;7890977777;8390977777;10240;10228
1126;7942650000;7932344444;8432344444;10240;10228
1128;7942679000;7932344444;8432344444;10240;10228
1130;7942689000;7932344444;8432344444;10240;10228
1132;7942701000;7932400000;8432400000;10240;10228
1123;7942835000;7890977777;8390977777;10240;10228
1125;7943041000;7932344444;8432344444;10240;10228
1127;7943071000;7932344444;8432344444;10240;10228
1129;7943253000;7932344444;8432344444;10240;10228
1131;7943488000;7932344444;8432344444;10240;10228
1134;7984296000;7932677777;8432677777;10240;10228
1136;7984324000;7973977777;8473977777;10240;10228
1138;7984332000;7973977777;8473977777;10240;10228
1140;7984353000;7973977777;8473977777;10240;10228
1142;7984366000;7973977777;8473977777;10240;10228
1133;7984479000;7932677777;8432677777;10240;10228
1135;7984684000;7932677777;8432677777;10240;10228
1137;7984710000;7973977777;8473977777;10240;10228
1139;7984885000;7973977777;8473977777;10240;10228
1141;7985079000;7973977777;8473977777;10240;10228
1143;7985107000;7974033333;8474033333;10240;10228
1146;8025988000;7974366666;8474366666;10240;10228
1148;8026016000;8015644444;8515644444;10240;10228
1150;8026025000;8015644444;8515644444;10240;10228
1152;8026058000;8015644444;8515644444;10240;10228
1154;8026073000;8015688888;8515688888;10240;10228
1145;8026156000;7974366666;8474366666;10240;10228
1147;8026346000;8015644444;8515644444;10240;10228
1149;8026554000;8015644444;8515644444;10240;10228
1151;8026563000;8015644444;8515644444;10240;10228
1153;8026759000;8015644444;8515644444;10240;10228
1144;8046436000;7974366666;8474366666;10240;10228
1156;8067639000;8015966666;8515966666;10240;10228
1158;8067669000;8057344444;8557344444;10240;10228
1160;8067678000;8057344444;8557344444;10240;10228
1162;8067698000;8057344444;8557344444;10240;10228
1164;8067714000;8057344444;8557344444;10240;10228
1159;8067834000;8057344444;8557344444;10240;10228
1161;8068026000;8057344444;8557344444;10240;10228
1163;8068251000;8057344444;8557344444;10240;10228
1165;8068261000;8057388888;8557388888;10240;10228
1157;8088537000;8015966666;8515966666;10240;10228
1155;8088760000;8015966666;8515966666;10240;10228
1166;8109332000;8057655555;8557655555;10240;10228
1168;8109346000;8057655555;8557655555;10240;10228
1170;8109368000;8099011111;8599011111;10240;10228
1172;8109384000;8099011111;8599011111;10240;10228
1174;8109400000;8099011111;8599011111;10240;10228
1176;8109412000;8099055555;8599055555;10240;10228
1167;8109510000;8057655555;8557655555;10240;10228
1169;8109724000;8099011111;8599011111;10240;10228
1171;8109749000;8099011111;8599011111;10240;10228
1173;8109919000;8099011111;8599011111;10240;10228
1175;8110160000;8099011111;8599011111;10240;10228
1178;8150922000;8099400000;8599400000;10240;10228
1180;8150949000;8140644444;8640644444;10240;10228
1182;8150958000;8140644444;8640644444;10240;10228
1186;8150978000;8140644444;8640644444;10240;10228
1177;8151143000;8099400000;8599400000;10240;10228
1181;8151358000;8140644444;8640644444;10240;10228
1183;8151370000;8140644444;8640644444;10240;10228
1185;8151565000;8140644444;8640644444;10240;10228
1187;8151577000;8140688888;8640688888;10240;10228
1188;8192635000;8140977777;8640977777;10240;10228
1190;8192648000;8140977777;8640977777;10240;10228
1194;8192674000;8182311111;8682311111;10240;10228
1196;8192692000;8182311111;8682311111;10240;10228
1198;8192711000;8182355555;8682355555;10240;10228
1189;8192824000;8140977777;8640977777;10240;10228
1193;8193008000;8182311111;8682311111;10240;10228
1195;8193014000;8182311111;8682311111;10240;10228
1197;8193228000;8182311111;8682311111;10240;10228
1184;8212982000;8140644444;8640644444;10240;10228
1192;8213099000;8182311111;8682311111;10240;10228
1191;8213706000;8182311111;8682311111;10240;10228
1200;8234305000;8182622222;8682622222;10240;10228
1202;8234320000;8223977777;8723977777;10240;10228
1204;8234328000;8223977777;8723977777;10240;10228
1206;8234356000;8223977777;8723977777;10240;10228
1208;8234367000;8223977777;8723977777;10240;10228
1201;8234492000;8182622222;8682622222;10240;10228
1203;8234700000;8223977777;8723977777;10240;10228
1205;8234712000;8223977777;8723977777;10240;10228
1207;8234896000;8223977777;8723977777;10240;10228
1209;8234908000;8224022222;8724022222;10240;10228
1199;8255035000;8182622222;8682622222;10240;10228
1210;8275955000;8224377777;8724377777;10240;10228
1214;8275970000;8265677777;8765677777;10240;10228
1216;8275992000;8265677777;8765677777;10240;10228
1218;8276004000;8265677777;8765677777;10240;10228
1220;8276028000;8265722222;8765722222;10240;10228
1211;8276180000;8224377777;8724377777;10240;10228
1213;8276388000;8265677777;8765677777;10240;10228
1215;8276400000;8265677777;8765677777;10240;10228
1217;8276593000;8265677777;8765677777;10240;10228
1219;8276796000;8265677777;8765677777;10240;10228
1212;8296599000;8224377777;8724377777;10240;10228
1222;8317666000;8266022222;8766022222;10240;10228
1224;8317694000;8307344444;8807344444;10240;10228
1226;8317703000;8307344444;8807344444;10240;10228
1228;8317722000;8307344444;8807344444;10240;10228
1230;8317740000;8307344444;8807344444;10240;10228
1221;8317833000;8266022222;8766022222;10240;10228
1223;8318038000;8266022222;8766022222;10240;10228
1225;8318082000;8307344444;8807344444;10240;10228
1227;8318255000;8307344444;8807344444;10240;10228
1229;8318467000;8307344444;8807344444;10240;10228
1231;8318492000;8307388888;8807388888;10240;10228
1232;8359255000;8307700000;8807700000;10240;10228
1234;8359268000;8307700000;8807700000;10240;10228
1236;8359294000;8348977777;8848977777;10240;10228
1238;8359318000;8348977777;8848977777;10240;10228
1242;8359331000;8349022222;8849022222;10240;10228
1233;8359482000;8307700000;8807700000;10240;10228
1235;8359682000;8348977777;8848977777;10240;10228
1237;8359709000;8348977777;8848977777;10240;10228
1239;8359885000;8348977777;8848977777;10240;10228
1241;8360059000;8348977777;8848977777;10240;10228
1244;8400941000;8349344444;8849344444;10240;10228
1246;8400983000;8390677777;8890677777;10240;10228
1243;8401175000;8349344444;8849344444;10240;10228
1245;8401372000;8349344444;8849344444;10240;10228
1247;8401566000;8390677777;8890677777;10240;10228
1249;8401588000;8390677777;8890677777;10240;10228
1253;8401778000;8390722222;8890722222;10240;10228
1240;8421555000;8348977777;8848977777;10240;10228
1254;8442607000;8390988888;8890988888;10240;10228
1256;8442621000;8390988888;8890988888;10240;10228
1258;8442648000;8432322222;8932322222;10240;10228
1260;8442666000;8432322222;8932322222;10240;10228
1262;8442689000;8432322222;8932322222;10240;10228
1264;8442729000;8432366666;8932366666;10240;10228
1255;8442819000;8390988888;8890988888;10240;10228
1257;8443017000;8432322222;8932322222;10240;10228
1259;8443025000;8432322222;8932322222;10240;10228
1261;8443240000;8432322222;8932322222;10240;10228
1263;8443441000;8432322222;8932322222;10240;10228
1248;8463194000;8390677777;8890677777;10240;10228
1250;8463390000;8390677777;8890677777;10240;10228
1252;8463594000;8390677777;8890677777;10240;10228
1266;8484267000;8432644444;8932644444;10240;10228
1268;8484327000;8474011111;8974011111;10240;10228
1272;8484347000;8474011111;8974011111;10240;10228
1274;8484386000;8474011111;8974011111;10240;10228
1265;8484468000;8432644444;8932644444;10240;10228
1269;8484711000;8474011111;8974011111;10240;10228
1271;8484721000;8474011111;8974011111;10240;10228
1275;8484873000;8474055555;8974055555;10240;10228
1267;8505420000;8432644444;8932644444;10240;10228
1276;8525939000;8474411111;8974411111;10240;10228
1278;8525954000;8474411111;8974411111;10240;10228
1280;8525978000;8515644444;9015644444;10240;10228
1282;8526015000;8515644444;9015644444;10240;10228
1284;8526040000;8515644444;9015644444;10240;10228
1286;8526098000;8515688888;9015688888;10240;10228
1277;8526121000;8474411111;8974411111;10240;10228
1283;8526350000;8515644444;9015644444;10240;10228
1285;8526560000;8515644444;9015644444;10240;10228
1270;8546476000;8474011111;8974011111;10240;10228
1273;8546616000;8474011111;8974011111;10240;10228
1288;8567618000;8515988888;9015988888;10240;10228
1290;8567633000;8557344444;9057344444;10240;10228
1292;8567650000;8557344444;9057344444;10240;10228
1294;8567663000;8557344444;9057344444;10240;10228
1287;8567835000;8515988888;9015988888;10240;10228
1289;8568041000;8515988888;9015988888;10240;10228
1291;8568052000;8557344444;9057344444;10240;10228
1293;8568260000;8557344444;9057344444;10240;10228
1295;8568465000;8557344444;9057344444;10240;10228
1297;8568476000;8557388888;9057388888;10240;10228
1279;8588132000;8515644444;9015644444;10240;10228
1281;8588346000;8515644444;9015644444;10240;10228
1298;8609256000;8557688888;9057688888;10240;10228
1300;8609272000;8557688888;9057688888;10240;10228
1302;8609292000;8598977777;9098977777;10240;10228
1304;8609302000;8598977777;9098977777;10240;10228
1306;8609318000;8598977777;9098977777;10240;10228
1308;8609327000;8599022222;9099022222;10240;10228
1301;8609450000;8598977777;9098977777;10240;10228
1305;8609692000;8598977777;9098977777;10240;10228
1296;8629907000;8557344444;9057344444;10240;10228
1310;8650940000;8599366666;9099366666;10240;10228
1312;8650958000;8640677777;9140677777;10240;10228
1314;8650981000;8640677777;9140677777;10240;10228
1316;8650993000;8640677777;9140677777;10240;10228
1318;8651009000;8640677777;9140677777;10240;10228
1309;8651183000;8599366666;9099366666;10240;10228
1311;8651389000;8599366666;9099366666;10240;10228
1313;8651401000;8640677777;9140677777;10240;10228
1315;8651593000;8640677777;9140677777;10240;10228
1317;8651785000;8640677777;9140677777;10240;10228
1319;8651808000;8640722222;9140722222;10240;10228
1303;8671668000;8598977777;9098977777;10240;10228
1299;8671692000;8557688888;9057688888;10240;10228
1320;8692633000;8641033333;9141033333;10240;10228
1322;8692649000;8641033333;9141033333;10240;10228
1324;8692657000;8682311111;9182311111;10240;10228
1326;8692673000;8682311111;9182311111;10240;10228
1328;8692685000;8682311111;9182311111;10240;10228
1330;8692700000;8682355555;9182355555;10240;10228
1323;8692806000;8682311111;9182311111;10240;10228
1325;8693009000;8682311111;9182311111;10240;10228
1327;8693015000;8682311111;9182311111;10240;10228
1329;8693230000;8682311111;9182311111;10240;10228
1321;8713572000;8641033333;9141033333;10240;10228
1332;8734271000;8682622222;9182622222;10240;10228
1334;8734301000;8724011111;9224011111;10240;10228
1336;8734332000;8724011111;9224011111;10240;10228
1338;8734342000;8724011111;9224011111;10240;10228
1340;8734358000;8724011111;9224011111;10240;10228
1331;8734510000;8682622222;9182622222;10240;10228
1333;8734720000;8682622222;9182622222;10240;10228
1335;8734747000;8724011111;9224011111;10240;10228
1337;8734918000;8724011111;9224011111;10240;10228
1339;8735135000;8724011111;9224011111;10240;10228
1344;8775986000;8724400000;9224400000;10240;10228
1346;8776013000;8765644444;9265644444;10240;10228
1348;8776023000;8765644444;9265644444;10240;10228
1350;8776040000;8765644444;9265644444;10240;10228
1343;8776153000;8724400000;9224400000;10240;10228
1345;8776353000;8765644444;9265644444;10240;10228
1347;8776570000;8765644444;9265644444;10240;10228
1349;8776579000;8765644444;9265644444;10240;10228
1351;8776769000;8765644444;9265644444;10240;10228
1342;8796639000;8724400000;9224400000;10240;10228
1341;8797013000;8724055555;9224055555;10240;10228
1354;8817624000;8765966666;9265966666;10240;10228
1356;8817662000;8807344444;9307344444;10240;10228
1358;8817672000;8807344444;9307344444;10240;10228
1360;8817689000;8807344444;9307344444;10240;10228
1353;8817836000;8765966666;9265966666;10240;10228
1355;8818036000;8765966666;9265966666;10240;10228
1357;8818063000;8807344444;9307344444;10240;10228
1359;8818257000;8807344444;9307344444;10240;10228
1361;8818469000;8807344444;9307344444;10240;10228
1363;8818490000;8807388888;9307388888;10240;10228
1352;8837999000;8765688888;9265688888;10240;10228
1364;8859253000;8807688888;9307688888;10240;10228
1366;8859273000;8807688888;9307688888;10240;10228
1368;8859299000;8848977777;9348977777;10240;10228
1370;8859323000;8848977777;9348977777;10240;10228
1372;8859358000;8848977777;9348977777;10240;10228
1374;8859384000;8849022222;9349022222;10240;10228
1365;8859495000;8807688888;9307688888;10240;10228
1369;8859694000;8848977777;9348977777;10240;10228
1371;8859716000;8848977777;9348977777;10240;10228
1373;8859887000;8848977777;9348977777;10240;10228
1362;8879843000;8807344444;9307344444;10240;10228
1367;8880371000;8848977777;9348977777;10240;10228
1376;8900912000;8849377777;9349377777;10240;10228
1378;8900937000;8890644444;9390644444;10240;10228
1380;8900969000;8890644444;9390644444;10240;10228
1382;8900979000;8890644444;9390644444;10240;10228
1384;8900994000;8890644444;9390644444;10240;10228
1375;8901145000;8849377777;9349377777;10240;10228
1377;8901360000;8849377777;9349377777;10240;10228
1379;8901387000;8890644444;9390644444;10240;10228
1381;8901560000;8890644444;9390644444;10240;10228
1383;8901755000;8890644444;9390644444;10240;10228
1385;8901781000;8890688888;9390688888;10240;10228
1386;8942609000;8890988888;9390988888;10240;10228
1388;8942622000;8890988888;9390988888;10240;10228
1390;8942643000;8932311111;9432311111;10240;10228
1392;8942654000;8932311111;9432311111;10240;10228
1394;8942682000;8932311111;9432311111;10240;10228
1396;8942692000;8932355555;9432355555;10240;10228
1387;8942781000;8890988888;9390988888;10240;10228
1389;8942984000;8932311111;9432311111;10240;10228
1398;8984235000;8932655555;9432655555;10240;10228
1400;8984283000;8973977777;9473977777;10240;10228
1402;8984305000;8973977777;9473977777;10240;10228
1404;8984334000;8973977777;9473977777;10240;10228
1406;8984343000;8973977777;9473977777;10240;10228
1399;8984479000;8932655555;9432655555;10240;10228
1401;8984673000;8973977777;9473977777;10240;10228
1403;8984877000;8973977777;9473977777;10240;10228
1405;8984888000;8973977777;9473977777;10240;10228
1407;8985066000;8974022222;9474022222;10240;10228
1391;9005184000;8932311111;9432311111;10240;10228
1393;9005199000;8932311111;9432311111;10240;10228
1395;9005217000;8932311111;9432311111;10240;10228
1408;9025908000;8974366666;9474366666;10240;10228
1410;9025929000;8974366666;9474366666;10240;10228
1412;9025950000;9015644444;9515644444;10240;10228
1414;9025968000;9015644444;9515644444;10240;10228
1416;9025990000;9015644444;9515644444;10240;10228
1418;9026008000;9015688888;9515688888;10240;10228
1409;9026147000;8974366666;9474366666;10240;10228
1411;9026356000;9015644444;9515644444;10240;10228
1413;9026383000;9015644444;9515644444;10240;10228
1415;9026564000;9015644444;9515644444;10240;10228
1417;9026814000;9015644444;9515644444;10240;10228
1420;9067637000;9015988888;9515988888;10240;10228
1422;9067671000;9057344444;9557344444;10240;10228
1424;9067691000;9057344444;9557344444;10240;10228
1426;9067701000;9057344444;9557344444;10240;10228
1428;9067717000;9057344444;9557344444;10240;10228
1419;9067822000;9015988888;9515988888;10240;10228
1421;9068036000;9015988888;9515988888;10240;10228
1423;9068062000;9057344444;9557344444;10240;10228
1425;9068259000;9057344444;9557344444;10240;10228
1427;9068461000;9057344444;9557344444;10240;10228
1429;9068490000;9057400000;9557400000;10240;10228
1430;9109325000;9057688888;9557688888;10240;10228
1432;9109340000;9057688888;9557688888;10240;10228
1434;9109361000;9099011111;9599011111;10240;10228
1436;9109378000;9099011111;9599011111;10240;10228
1438;9109400000;9099011111;9599011111;10240;10228
1440;9109418000;9099055555;9599055555;10240;10228
1431;9109524000;9057688888;9557688888;10240;10228
1433;9109719000;9099011111;9599011111;10240;10228
1435;9109743000;9099011111;9599011111;10240;10228
1437;9109919000;9099011111;9599011111;10240;10228
1439;9110117000;9099011111;9599011111;10240;10228
1442;9150938000;9099411111;9599411111;10240;10228
1444;9150966000;9140644444;9640644444;10240;10228
1446;9150975000;9140644444;9640644444;10240;10228
1448;9150998000;9140644444;9640644444;10240;10228
1450;9151016000;9140644444;9640644444;10240;10228
1441;9151116000;9099411111;9599411111;10240;10228
1443;9151313000;9099411111;9599411111;10240;10228
1445;9151520000;9140644444;9640644444;10240;10228
1447;9151557000;9140644444;9640644444;10240;10228
1449;9151715000;9140644444;9640644444;10240;10228
1451;9151735000;9140688888;9640688888;10240;10228
1452;9192637000;9140988888;9640988888;10240;10228
1454;9192650000;9140988888;9640988888;10240;10228
1456;9192672000;9182311111;9682311111;10240;10228
1458;9192688000;9182311111;9682311111;10240;10228
1462;9192704000;9182355555;9682355555;10240;10228
1453;9192804000;9140988888;9640988888;10240;10228
1455;9193013000;9182311111;9682311111;10240;10228
1457;9193032000;9182311111;9682311111;10240;10228
1459;9193230000;9182311111;9682311111;10240;10228
1464;9234306000;9182622222;9682622222;10240;10228
1470;9234338000;9224011111;9724011111;10240;10228
1472;9234352000;9224011111;9724011111;10240;10228
1463;9234510000;9182622222;9682622222;10240;10228
1465;9234716000;9182622222;9682622222;10240;10228
1467;9234735000;9224011111;9724011111;10240;10228
1469;9234914000;9224011111;9724011111;10240;10228
1471;9235155000;9224011111;9724011111;10240;10228
1473;9235175000;9224055555;9724055555;10240;10228
1461;9255087000;9182311111;9682311111;10240;10228
1474;9275907000;9224411111;9724411111;10240;10228
1476;9275930000;9224411111;9724411111;10240;10228
1478;9275943000;9265644444;9765644444;10240;10228
1480;9275961000;9265644444;9765644444;10240;10228
1482;9275975000;9265644444;9765644444;10240;10228
1475;9276120000;9224411111;9724411111;10240;10228
1477;9276358000;9265644444;9765644444;10240;10228
1479;9276369000;9265644444;9765644444;10240;10228
1483;9276563000;9265644444;9765644444;10240;10228
1466;9296287000;9224011111;9724011111;10240;10228
1468;9296301000;9224011111;9724011111;10240;10228
1486;9317617000;9266000000;9766000000;10240;10228
1490;9317633000;9307344444;9807344444;10240;10228
1492;9317649000;9307344444;9807344444;10240;10228
1494;9317667000;9307344444;9807344444;10240;10228
1485;9317835000;9266000000;9766000000;10240;10228
1487;9318038000;9266000000;9766000000;10240;10228
1489;9318053000;9307344444;9807344444;10240;10228
1491;9318259000;9307344444;9807344444;10240;10228
1493;9318463000;9307344444;9807344444;10240;10228
1484;9338188000;9265688888;9765688888;10240;10228
1488;9338315000;9307344444;9807344444;10240;10228
1481;9338613000;9265644444;9765644444;10240;10228
1497;9359315000;9307711111;9807711111;10240;10228
1499;9359343000;9348977777;9848977777;10240;10228
1501;9359355000;9348977777;9848977777;10240;10228
1503;9359372000;9348977777;9848977777;10240;10228
1505;9359392000;9348977777;9848977777;10240;10228
1496;9359490000;9307711111;9807711111;10240;10228
1498;9359691000;9307711111;9807711111;10240;10228
1500;9359710000;9348977777;9848977777;10240;10228
1504;9359896000;9348977777;9848977777;10240;10228
1506;9359906000;9349033333;9849033333;10240;10228
1495;9380392000;9307388888;9807388888;10240;10228
1507;9400953000;9349355555;9849355555;10240;10228
1509;9400968000;9349355555;9849355555;10240;10228
1511;9400992000;9390677777;9890677777;10240;10228
1513;9401032000;9390677777;9890677777;10240;10228
1515;9401072000;9390677777;9890677777;10240;10228
1517;9401106000;9390722222;9890722222;10240;10228
1510;9401170000;9390677777;9890677777;10240;10228
1512;9401383000;9390677777;9890677777;10240;10228
1514;9401395000;9390677777;9890677777;10240;10228
1516;9401596000;9390677777;9890677777;10240;10228
1502;9421803000;9348977777;9848977777;10240;10228
1508;9422080000;9349355555;9849355555;10240;10228
1519;9442531000;9391000000;9891000000;10240;10228
1521;9442593000;9432311111;9932311111;10240;10228
1527;9442631000;9432311111;9932311111;10240;10228
1518;9442750000;9391000000;9891000000;10240;10228
1520;9442942000;9391000000;9891000000;10240;10228
1522;9443158000;9432311111;9932311111;10240;10228
1524;9443180000;9432311111;9932311111;10240;10228
1526;9443361000;9432311111;9932311111;10240;10228
1528;9443376000;9432366666;9932366666;10240;10228
1529;9484301000;9432633333;9932633333;10240;10228
1531;9484314000;9432633333;9932633333;10240;10228
1533;9484340000;9473977777;9973977777;10240;10228
1535;9484358000;9473977777;9973977777;10240;10228
1537;9484383000;9473977777;9973977777;10240;10228
1539;9484432000;9474022222;9974022222;10240;10228
1530;9484506000;9432633333;9932633333;10240;10228
1532;9484693000;9473977777;9973977777;10240;10228
1534;9484705000;9473977777;9973977777;10240;10228
1536;9484887000;9473977777;9973977777;10240;10228
1538;9485055000;9473977777;9973977777;10240;10228
1523;9504675000;9432311111;9932311111;10240;10228
1525;9504859000;9432311111;9932311111;10240;10228
1541;9525965000;9474377777;9974377777;10240;10228
1543;9525993000;9515644444;10015644444;10240;10228
1545;9526003000;9515644444;10015644444;10240;10228
1547;9526021000;9515644444;10015644444;10240;10228
1549;9526038000;9515644444;10015644444;10240;10228
1540;9526144000;9474377777;9974377777;10240;10228
1542;9526356000;9474377777;9974377777;10240;10228
1544;9526383000;9515644444;10015644444;10240;10228
1546;9526563000;9515644444;10015644444;10240;10228
1548;9526797000;9515644444;10015644444;10240;10228
1550;9526821000;9515688888;10015688888;10240;10228
1551;9567591000;9515988888;10015988888;10240;10228
1553;9567609000;9515988888;10015988888;10240;10228
1555;9567638000;9557311111;10057311111;10240;10228
1557;9567660000;9557311111;10057311111;10240;10228
1559;9567679000;9557311111;10057311111;10240;10228
1561;9567688000;9557366666;10057366666;10240;10228
1552;9567811000;9515988888;10015988888;10240;10228
1554;9568012000;9557311111;10057311111;10240;10228
1558;9568031000;9557311111;10057311111;10240;10228
1560;9568232000;9557311111;10057311111;10240;10228
1563;9609246000;9557666666;10057666666;10240;10228
1565;9609287000;9598977777;10098977777;10240;10228
1567;9609312000;9598977777;10098977777;10240;10228
1569;9609346000;9598977777;10098977777;10240;10228
1562;9609447000;9557666666;10057666666;10240;10228
1564;9609640000;9557666666;10057666666;10240;10228
1566;9609843000;9598977777;10098977777;10240;10228
1568;9609854000;9598977777;10098977777;10240;10228
1570;9610066000;9598977777;10098977777;10240;10228
1572;9610073000;9599033333;10099033333;10240;10228
1573;9650901000;9599422222;10099422222;10240;10228
1575;9650918000;9599422222;10099422222;10240;10228
1577;9650931000;9640644444;10140644444;10240;10228
1579;9650954000;9640644444;10140644444;10240;10228
1581;9650968000;9640644444;10140644444;10240;10228
1583;9650981000;9640688888;10140688888;10240;10228
1574;9651115000;9599422222;10099422222;10240;10228
1582;9651313000;9640644444;10140644444;10240;10228
1571;9671566000;9598977777;10098977777;10240;10228
1585;9692636000;9641000000;10141000000;10240;10228
1587;9692677000;9682344444;10182344444;10240;10228
1589;9692686000;9682344444;10182344444;10240;10228
1591;9692726000;9682344444;10182344444;10240;10228
1593;9692760000;9682344444;10182344444;10240;10228
1584;9692849000;9641000000;10141000000;10240;10228
1586;9693039000;9641000000;10141000000;10240;10228
1588;9693066000;9682344444;10182344444;10240;10228
1592;9693266000;9682344444;10182344444;10240;10228
1594;9693275000;9682388888;10182388888;10240;10228
1576;9713390000;9640644444;10140644444;10240;10228
1580;9713586000;9640644444;10140644444;10240;10228
1595;9734285000;9682666666;10182666666;10240;10228
1597;9734298000;9682666666;10182666666;10240;10228
1599;9734325000;9724011111;10224011111;10240;10228
1601;9734360000;9724011111;10224011111;10240;10228
1605;9734385000;9724055555;10224055555;10240;10228
1596;9734509000;9682666666;10182666666;10240;10228
1598;9734720000;9724011111;10224011111;10240;10228
1600;9734731000;9724011111;10224011111;10240;10228
1602;9734916000;9724011111;10224011111;10240;10228
1604;9735167000;9724011111;10224011111;10240;10228
1590;9755123000;9682344444;10182344444;10240;10228
1609;9775959000;9765677777;10265677777;10240;10228
1611;9775973000;9765677777;10265677777;10240;10228
1613;9775990000;9765677777;10265677777;10240;10228
1615;9776004000;9765677777;10265677777;10240;10228
1606;9776178000;9724411111;10224411111;10240;10228
1608;9776384000;9724411111;10224411111;10240;10228
1610;9776395000;9765677777;10265677777;10240;10228
1612;9776588000;9765677777;10265677777;10240;10228
1614;9776779000;9765677777;10265677777;10240;10228
1616;9776799000;9765722222;10265722222;10240;10228
1617;9817640000;9766011111;10266011111;10240;10228
1619;9817657000;9766011111;10266011111;10240;10228
1623;9817666000;9807311111;10307311111;10240;10228
1627;9817686000;9807355555;10307355555;10240;10228
1620;9817803000;9807311111;10307311111;10240;10228
1624;9818012000;9807311111;10307311111;10240;10228
1626;9818017000;9807311111;10307311111;10240;10228
1607;9838021000;9724411111;10224411111;10240;10228
1618;9838395000;9766011111;10266011111;10240;10228
1629;9859287000;9807666666;10307666666;10240;10228
1631;9859307000;9849011111;10349011111;10240;10228
1633;9859325000;9849011111;10349011111;10240;10228
1635;9859336000;9849011111;10349011111;10240;10228
1637;9859353000;9849011111;10349011111;10240;10228
1628;9859517000;9807666666;10307666666;10240;10228
1630;9859718000;9807666666;10307666666;10240;10228
1632;9859739000;9849011111;10349011111;10240;10228
1634;9859919000;9849011111;10349011111;10240;10228
1636;9860156000;9849011111;10349011111;10240;10228
1638;9860175000;9849066666;10349066666;10240;10228
1621;9879878000;9807311111;10307311111;10240;10228
1622;9880036000;9807311111;10307311111;10240;10228
1639;9900923000;9849433333;10349433333;10240;10228
1641;9900937000;9849433333;10349433333;10240;10228
1643;9900957000;9890644444;10390644444;10240;10228
1645;9900967000;9890644444;10390644444;10240;10228
1647;9900984000;9890644444;10390644444;10240;10228
1649;9900994000;9890688888;10390688888;10240;10228
1640;9901143000;9849433333;10349433333;10240;10228
1642;9901357000;9890644444;10390644444;10240;10228
1644;9901367000;9890644444;10390644444;10240;10228
1646;9901566000;9890644444;10390644444;10240;10228
1648;9901760000;9890644444;10390644444;10240;10228
1651;9942633000;9891000000;10391000000;10240;10228
1653;9942660000;9932311111;10432311111;10240;10228
1655;9942668000;9932311111;10432311111;10240;10228
1657;9942696000;9932311111;10432311111;10240;10228
1650;9942796000;9891000000;10391000000;10240;10228
1654;9942999000;9932311111;10432311111;10240;10228
1656;9943004000;9932311111;10432311111;10240;10228
1658;9943224000;9932311111;10432311111;10240;10228
1660;9943233000;9932366666;10432366666;10240;10228
1652;9963752000;9891000000;10391000000;10240;10228
1663;9984304000;9932666666;10432666666;10240;10228
1665;9984346000;9973977777;10473977777;10240;10228
1667;9984356000;9973977777;10473977777;10240;10228
1669;9984395000;9973977777;10473977777;10240;10228
1662;9984503000;9932666666;10432666666;10240;10228
1659;10004811000;9932311111;10432311111;10240;10228
1661;10004987000;9932666666;10432666666;10240;10228
1673;10025950000;9974377777;10474377777;10240;10228
1675;10025992000;10015677777;10515677777;10240;10228
1677;10026003000;10015677777;10515677777;10240;10228
1679;10026063000;10015677777;10515677777;10240;10228
1681;10026074000;10015677777;10515677777;10240;10228
1672;10026181000;9974377777;10474377777;10240;10228
1674;10026364000;9974377777;10474377777;10240;10228
1676;10026593000;10015677777;10515677777;10240;10228
1678;10026603000;10015677777;10515677777;10240;10228
1680;10026774000;10015677777;10515677777;10240;10228
1682;10026781000;10015722222;10515722222;10240;10228
1664;10047114000;9973977777;10473977777;10240;10228
1666;10047311000;9973977777;10473977777;10240;10228
1668;10047514000;9973977777;10473977777;10240;10228
1670;10047532000;9973977777;10473977777;10240;10228
1683;10067661000;10016022222;10516022222;10240;10228
1685;10067689000;10016022222;10516022222;10240;10228
1687;10067702000;10057422222;10557422222;10240;10228
1689;10067723000;10057422222;10557422222;10240;10228
1691;10067843000;10057422222;10557422222;10240;10228
1684;10067898000;10016022222;10516022222;10240;10228
1693;10068040000;10057777777;10557777777;10240;10228
1686;10068082000;10057422222;10557422222;10240;10228
1688;10068332000;10057422222;10557422222;10240;10228
1690;10068343000;10057422222;10557422222;10240;10228
1692;10068538000;10057422222;10557422222;10240;10228
1695;10109245000;10058077777;10558077777;10240;10228
1697;10109279000;10098977777;10598977777;10240;10228
1699;10109306000;10098977777;10598977777;10240;10228
1703;10109317000;10098977777;10598977777;10240;10228
1694;10109448000;10058077777;10558077777;10240;10228
1696;10109642000;10058077777;10558077777;10240;10228
1698;10109845000;10098977777;10598977777;10240;10228
1700;10109868000;10098977777;10598977777;10240;10228
1702;10110033000;10098977777;10598977777;10240;10228
1704;10110039000;10099033333;10599033333;10240;10228
1705;10150978000;10099400000;10599400000;10240;10228
1707;10150992000;10099400000;10599400000;10240;10228
1709;10151016000;10140677777;10640677777;10240;10228
1711;10151041000;10140677777;10640677777;10240;10228
1715;10151099000;10140722222;10640722222;10240;10228
1706;10151135000;10099400000;10599400000;10240;10228
1708;10151368000;10140677777;10640677777;10240;10228
1710;10151379000;10140677777;10640677777;10240;10228
1712;10151577000;10140677777;10640677777;10240;10228
1714;10151773000;10140677777;10640677777;10240;10228
1701;10171591000;10098977777;10598977777;10240;10228
1717;10192605000;10141033333;10641033333;10240;10228
1719;10192633000;10182344444;10682344444;10240;10228
1721;10192687000;10182344444;10682344444;10240;10228
1723;10192707000;10182344444;10682344444;10240;10228
1725;10192734000;10182344444;10682344444;10240;10228
1716;10192825000;10141033333;10641033333;10240;10228
1718;10193014000;10141033333;10641033333;10240;10228
1720;10193238000;10182344444;10682344444;10240;10228
1722;10193251000;10182344444;10682344444;10240;10228
1724;10193450000;10182344444;10682344444;10240;10228
1726;10193475000;10182388888;10682388888;10240;10228
1713;10212944000;10140677777;10640677777;10240;10228
1727;10234260000;10182666666;10682666666;10240;10228
1729;10234273000;10182666666;10682666666;10240;10228
1733;10234300000;10223977777;10723977777;10240;10228
1735;10234327000;10223977777;10723977777;10240;10228
1737;10234337000;10224022222;10724022222;10240;10228
1728;10234484000;10182666666;10682666666;10240;10228
1730;10234685000;10223977777;10723977777;10240;10228
1732;10234712000;10223977777;10723977777;10240;10228
1734;10234886000;10223977777;10723977777;10240;10228
1736;10235060000;10223977777;10723977777;10240;10228
1731;10254829000;10223977777;10723977777;10240;10228
1739;10276000000;10224488888;10724488888;10240;10228
1741;10276026000;10265677777;10765677777;10240;10228
1745;10276037000;10265677777;10765677777;10240;10228
1747;10276082000;10265677777;10765677777;10240;10228
1738;10276189000;10224488888;10724488888;10240;10228
1740;10276389000;10224488888;10724488888;10240;10228
1742;10276416000;10265677777;10765677777;10240;10228
1744;10276596000;10265677777;10765677777;10240;10228
1746;10276791000;10265677777;10765677777;10240;10228
1749;10317634000;10266055555;10766055555;10240;10228
1751;10317676000;10266055555;10766055555;10240;10228
1753;10317696000;10307311111;10807311111;10240;10228
1757;10317703000;10307311111;10807311111;10240;10228
1759;10317746000;10307366666;10807366666;10240;10228
1750;10317802000;10266055555;10766055555;10240;10228
1752;10318009000;10307311111;10807311111;10240;10228
1754;10318015000;10307311111;10807311111;10240;10228
1756;10318232000;10307311111;10807311111;10240;10228
1758;10318433000;10307311111;10807311111;10240;10228
1743;10338218000;10265677777;10765677777;10240;10228
1748;10338549000;10265722222;10765722222;10240;10228
1761;10359253000;10307688888;10807688888;10240;10228
1763;10359268000;10348977777;10848977777;10240;10228
1765;10359288000;10348977777;10848977777;10240;10228
1767;10359310000;10348977777;10848977777;10240;10228
1760;10359482000;10307688888;10807688888;10240;10228
1762;10359683000;10307688888;10807688888;10240;10228
1764;10359703000;10348977777;10848977777;10240;10228
1766;10359887000;10348977777;10848977777;10240;10228
1755;10379788000;10307311111;10807311111;10240;10228
1773;10400914000;10349366666;10849366666;10240;10228
1775;10400954000;10390644444;10890644444;10240;10228
1777;10400978000;10390644444;10890644444;10240;10228
1779;10400995000;10390644444;10890644444;10240;10228
1781;10401007000;10390688888;10890688888;10240;10228
1772;10401156000;10349366666;10849366666;10240;10228
1774;10401368000;10390644444;10890644444;10240;10228
1776;10401380000;10390644444;10890644444;10240;10228
1778;10401569000;10390644444;10890644444;10240;10228
1780;10401771000;10390644444;10890644444;10240;10228
1769;10421617000;10348977777;10848977777;10240;10228
1768;10421736000;10348977777;10848977777;10240;10228
1771;10421835000;10349366666;10849366666;10240;10228
1770;10422011000;10349022222;10849022222;10240;10228
1783;10442616000;10390988888;10890988888;10240;10228
1785;10442643000;10432344444;10932344444;10240;10228
1789;10442671000;10432344444;10932344444;10240;10228
1791;10442681000;10432344444;10932344444;10240;10228
1782;10442830000;10390988888;10890988888;10240;10228
1784;10443032000;10390988888;10890988888;10240;10228
1786;10443073000;10432344444;10932344444;10240;10228
1788;10443252000;10432344444;10932344444;10240;10228
1790;10443459000;10432344444;10932344444;10240;10228
1792;10443469000;10432388888;10932388888;10240;10228
1793;10484261000;10432677777;10932677777;10240;10228
1795;10484276000;10432677777;10932677777;10240;10228
1797;10484301000;10473977777;10973977777;10240;10228
1799;10484341000;10473977777;10973977777;10240;10228
1801;10484363000;10473977777;10973977777;10240;10228
1803;10484398000;10474022222;10974022222;10240;10228
1794;10484477000;10432677777;10932677777;10240;10228
1796;10484684000;10473977777;10973977777;10240;10228
1798;10484703000;10473977777;10973977777;10240;10228
1800;10484890000;10473977777;10973977777;10240;10228
1802;10485068000;10473977777;10973977777;10240;10228
1787;10504799000;10432344444;10932344444;10240;10228
1805;10525908000;10474388888;10974388888;10240;10228
1807;10525946000;10515644444;11015644444;10240;10228
1809;10525973000;10515644444;11015644444;10240;10228
1811;10525986000;10515644444;11015644444;10240;10228
1813;10526003000;10515644444;11015644444;10240;10228
1804;10526144000;10474388888;10974388888;10240;10228
1806;10526359000;10474388888;10974388888;10240;10228
1810;10526385000;10515644444;11015644444;10240;10228
1812;10526567000;10515644444;11015644444;10240;10228
1815;10567619000;10516011111;11016011111;10240;10228
1817;10567668000;10516011111;11016011111;10240;10228
1819;10567688000;10557311111;11057311111;10240;10228
1821;10567710000;10557311111;11057311111;10240;10228
1823;10567748000;10557311111;11057311111;10240;10228
1825;10567759000;10557355555;11057355555;10240;10228
1818;10567776000;10557311111;11057311111;10240;10228
1824;10567979000;10557311111;11057311111;10240;10228
1808;10588447000;10515644444;11015644444;10240;10228
1827;10609255000;10557666666;11057666666;10240;10228
1829;10609276000;10598977777;11098977777;10240;10228
1831;10609295000;10598977777;11098977777;10240;10228
1833;10609309000;10598977777;11098977777;10240;10228
1835;10609326000;10598977777;11098977777;10240;10228
1826;10609445000;10557666666;11057666666;10240;10228
1832;10609645000;10598977777;11098977777;10240;10228
1834;10609843000;10598977777;11098977777;10240;10228
1836;10609853000;10599022222;11099022222;10240;10228
1820;10629976000;10557311111;11057311111;10240;10228
1822;10630014000;10557311111;11057311111;10240;10228
1814;10630037000;10515700000;11015700000;10240;10228
1828;10630217000;10557666666;11057666666;10240;10228
1830;10630449000;10598977777;11098977777;10240;10228
1837;10650910000;10599411111;11099411111;10240;10228
1839;10650927000;10599411111;11099411111;10240;10228
1841;10650962000;10640644444;11140644444;10240;10228
1843;10650985000;10640644444;11140644444;10240;10228
1845;10650998000;10640644444;11140644444;10240;10228
1847;10651005000;10640688888;11140688888;10240;10228
1838;10651144000;10599411111;11099411111;10240;10228
1840;10651361000;10640644444;11140644444;10240;10228
1842;10651390000;10640644444;11140644444;10240;10228
1844;10651560000;10640644444;11140644444;10240;10228
1846;10651739000;10640644444;11140644444;10240;10228
1849;10692601000;10640966666;11140966666;10240;10228
1851;10692628000;10682311111;11182311111;10240;10228
1853;10692639000;10682311111;11182311111;10240;10228
1855;10692667000;10682311111;11182311111;10240;10228
1857;10692678000;10682311111;11182311111;10240;10228
1848;10692803000;10640966666;11140966666;10240;10228
1850;10693006000;10640966666;11140966666;10240;10228
1852;10693025000;10682311111;11182311111;10240;10228
1854;10693228000;10682311111;11182311111;10240;10228
1856;10693425000;10682311111;11182311111;10240;10228
1858;10693445000;10682355555;11182355555;10240;10228
1859;10734284000;10682622222;11182622222;10240;10228
1861;10734303000;10682622222;11182622222;10240;10228
1863;10734333000;10724011111;11224011111;10240;10228
1867;10734354000;10724011111;11224011111;10240;10228
1869;10734372000;10724055555;11224055555;10240;10228
1860;10734514000;10682622222;11182622222;10240;10228
1864;10734690000;10724011111;11224011111;10240;10228
1866;10734919000;10724011111;11224011111;10240;10228
1868;10734931000;10724011111;11224011111;10240;10228
1871;10775996000;10724388888;11224388888;10240;10228
1873;10776059000;10765677777;11265677777;10240;10228
1875;10776083000;10765677777;11265677777;10240;10228
1877;10776105000;10765677777;11265677777;10240;10228
1879;10776154000;10765677777;11265677777;10240;10228
1870;10776163000;10724388888;11224388888;10240;10228
1872;10776380000;10724388888;11224388888;10240;10228
1874;10776591000;10765677777;11265677777;10240;10228
1876;10776604000;10765677777;11265677777;10240;10228
1878;10776785000;10765677777;11265677777;10240;10228
1880;10776796000;10765722222;11265722222;10240;10228
1865;10796633000;10724011111;11224011111;10240;10228
1862;10796756000;10724011111;11224011111;10240;10228
1882;10817673000;10765988888;11265988888;10240;10228
1884;10817701000;10807344444;11307344444;10240;10228
1886;10817710000;10807344444;11307344444;10240;10228
1888;10817739000;10807344444;11307344444;10240;10228
1890;10817749000;10807344444;11307344444;10240;10228
1883;10817841000;10765988888;11265988888;10240;10228
1885;10818057000;10807344444;11307344444;10240;10228
1887;10818063000;10807344444;11307344444;10240;10228
1889;10818270000;10807344444;11307344444;10240;10228
1891;10818280000;10807388888;11307388888;10240;10228
1881;10838462000;10765988888;11265988888;10240;10228
1892;10859285000;10807677777;11307677777;10240;10228
1894;10859307000;10807677777;11307677777;10240;10228
1896;10859329000;10849011111;11349011111;10240;10228
1898;10859345000;10849011111;11349011111;10240;10228
1900;10859372000;10849011111;11349011111;10240;10228
1902;10859382000;10849055555;11349055555;10240;10228
1893;10859510000;10807677777;11307677777;10240;10228
1895;10859716000;10849011111;11349011111;10240;10228
1897;10859743000;10849011111;11349011111;10240;10228
1899;10859915000;10849011111;11349011111;10240;10228
1901;10860179000;10849011111;11349011111;10240;10228
1904;10900930000;10849388888;11349388888;10240;10228
1906;10900960000;10890644444;11390644444;10240;10228
1908;10900989000;10890644444;11390644444;10240;10228
1910;10901004000;10890644444;11390644444;10240;10228
1912;10901018000;10890644444;11390644444;10240;10228
1903;10901114000;10849388888;11349388888;10240;10228
1907;10901312000;10890644444;11390644444;10240;10228
1909;10901508000;10890644444;11390644444;10240;10228
1911;10901521000;10890644444;11390644444;10240;10228
1913;10901711000;10890688888;11390688888;10240;10228
1905;10922058000;10849388888;11349388888;10240;10228
1914;10942601000;10890977777;11390977777;10240;10228
1916;10942617000;10890977777;11390977777;10240;10228
1918;10942638000;10932311111;11432311111;10240;10228
1920;10942668000;10932311111;11432311111;10240;10228
1922;10942675000;10932311111;11432311111;10240;10228
1924;10942694000;10932355555;11432355555;10240;10228
1915;10942782000;10890977777;11390977777;10240;10228
1917;10942986000;10932311111;11432311111;10240;10228
1919;10943006000;10932311111;11432311111;10240;10228
1921;10943204000;10932311111;11432311111;10240;10228
1923;10943409000;10932311111;11432311111;10240;10228
1926;10984270000;10932633333;11432633333;10240;10228
1928;10984299000;10973977777;11473977777;10240;10228
1930;10984308000;10973977777;11473977777;10240;10228
1934;10984340000;10973977777;11473977777;10240;10228
1925;10984467000;10932633333;11432633333;10240;10228
1927;10984683000;10932633333;11432633333;10240;10228
1929;10984708000;10973977777;11473977777;10240;10228
1931;10984895000;10973977777;11473977777;10240;10228
1933;10985179000;10973977777;11473977777;10240;10228
1935;10985205000;10974022222;11474022222;10240;10228
1936;11025968000;10974355555;11474355555;10240;10228
1938;11025979000;10974355555;11474355555;10240;10228
1940;11026002000;11015644444;11515644444;10240;10228
1942;11026009000;11015644444;11515644444;10240;10228
1944;11026018000;11015644444;11515644444;10240;10228
1946;11026023000;11015688888;11515688888;10240;10228
1939;11026152000;11015644444;11515644444;10240;10228
1941;11026361000;11015644444;11515644444;10240;10228
1943;11026373000;11015644444;11515644444;10240;10228
1945;11026557000;11015644444;11515644444;10240;10228
1932;11046627000;10973977777;11473977777;10240;10228
1937;11047071000;10974355555;11474355555;10240;10228
1948;11067636000;11015966666;11515966666;10240;10228
1950;11067663000;11057344444;11557344444;10240;10228
1952;11067668000;11057344444;11557344444;10240;10228
1954;11067687000;11057344444;11557344444;10240;10228
1956;11067717000;11057344444;11557344444;10240;10228
1947;11067846000;11015966666;11515966666;10240;10228
1951;11068028000;11057344444;11557344444;10240;10228
1953;11068267000;11057344444;11557344444;10240;10228
1955;11068277000;11057344444;11557344444;10240;10228
1957;11068283000;11057400000;11557400000;10240;10228
1949;11088660000;11015966666;11515966666;10240;10228
1958;11109275000;11057677777;11557677777;10240;10228
1960;11109289000;11057677777;11557677777;10240;10228
1964;11109307000;11098977777;11598977777;10240;10228
1966;11109319000;11098977777;11598977777;10240;10228
1968;11109342000;11099022222;11599022222;10240;10228
1959;11109480000;11057677777;11557677777;10240;10228
1961;11109677000;11098977777;11598977777;10240;10228
1963;11109697000;11098977777;11598977777;10240;10228
1965;11109885000;11098977777;11598977777;10240;10228
1967;11110069000;11098977777;11598977777;10240;10228
1962;11129909000;11098977777;11598977777;10240;10228
1970;11150984000;11099366666;11599366666;10240;10228
1972;11151006000;11140644444;11640644444;10240;10228
1974;11151013000;11140644444;11640644444;10240;10228
1976;11151018000;11140644444;11640644444;10240;10228
1978;11151023000;11140644444;11640644444;10240;10228
1969;11151150000;11099366666;11599366666;10240;10228
1971;11151356000;11099366666;11599366666;10240;10228
1973;11151385000;11140644444;11640644444;10240;10228
1975;11151553000;11140644444;11640644444;10240;10228
1977;11151756000;11140644444;11640644444;10240;10228
1979;11151786000;11140688888;11640688888;10240;10228
1980;11192593000;11140966666;11640966666;10240;10228
1982;11192602000;11140966666;11640966666;10240;10228
1984;11192620000;11182311111;11682311111;10240;10228
1986;11192631000;11182311111;11682311111;10240;10228
1988;11192638000;11182311111;11682311111;10240;10228
1990;11192665000;11182355555;11682355555;10240;10228
1981;11192813000;11140966666;11640966666;10240;10228
1983;11193010000;11182311111;11682311111;10240;10228
1985;11193229000;11182311111;11682311111;10240;10228
1987;11193261000;11182311111;11682311111;10240;10228
1989;11193433000;11182311111;11682311111;10240;10228
1992;11234263000;11182622222;11682622222;10240;10228
1994;11234289000;11223977777;11723977777;10240;10228
1996;11234295000;11223977777;11723977777;10240;10228
1998;11234304000;11223977777;11723977777;10240;10228
2000;11234329000;11223977777;11723977777;10240;10228
1991;11234479000;11182622222;11682622222;10240;10228
1993;11234686000;11182622222;11682622222;10240;10228
1995;11234723000;11223977777;11723977777;10240;10228
1997;11234866000;11223977777;11723977777;10240;10228
1999;11235066000;11223977777;11723977777;10240;10228
2001;11235106000;11224022222;11724022222;10240;10228
2002;11275978000;11224366666;11724366666;10240;10228
2004;11275988000;11224366666;11724366666;10240;10228
2006;11275997000;11265644444;11765644444;10240;10228
2008;11276002000;11265644444;11765644444;10240;10228
2010;11276023000;11265644444;11765644444;10240;10228
2003;11276138000;11224366666;11724366666;10240;10228
2007;11276326000;11265644444;11765644444;10240;10228
2009;11276544000;11265644444;11765644444;10240;10228
2011;11276556000;11265644444;11765644444;10240;10228
2014;11317597000;11265977777;11765977777;10240;10228
2016;11317617000;11307311111;11807311111;10240;10228
2018;11317622000;11307311111;11807311111;10240;10228
2020;11317650000;11307311111;11807311111;10240;10228
2022;11317658000;11307311111;11807311111;10240;10228
2015;11317813000;11265977777;11765977777;10240;10228
2017;11318020000;11307311111;11807311111;10240;10228
2019;11318025000;11307311111;11807311111;10240;10228
2021;11318230000;11307311111;11807311111;10240;10228
2023;11318240000;11307355555;11807355555;10240;10228
2005;11337959000;11265644444;11765644444;10240;10228
2013;11338717000;11265977777;11765977777;10240;10228
2024;11359306000;11307666666;11807666666;10240;10228
2026;11359316000;11307666666;11807666666;10240;10228
2028;11359323000;11349011111;11849011111;10240;10228
2030;11359335000;11349011111;11849011111;10240;10228
2025;11359510000;11307666666;11807666666;10240;10228
2027;11359718000;11349011111;11849011111;10240;10228
2029;11359746000;11349011111;11849011111;10240;10228
2031;11359921000;11349011111;11849011111;10240;10228
2033;11360154000;11349011111;11849011111;10240;10228
2036;11401013000;11349366666;11849366666;10240;10228
2040;11401023000;11390677777;11890677777;10240;10228
2042;11401030000;11390677777;11890677777;10240;10228
2044;11401034000;11390677777;11890677777;10240;10228
2035;11401179000;11349366666;11849366666;10240;10228
2037;11401387000;11349366666;11849366666;10240;10228
2039;11401398000;11390677777;11890677777;10240;10228
2041;11401583000;11390677777;11890677777;10240;10228
2043;11401781000;11390677777;11890677777;10240;10228
2045;11401801000;11390722222;11890722222;10240;10228
2032;11421480000;11349011111;11849011111;10240;10228
2034;11421500000;11349055555;11849055555;10240;10228
2038;11421515000;11390677777;11890677777;10240;10228
2046;11442586000;11390988888;11890988888;10240;10228
2048;11442605000;11390988888;11890988888;10240;10228
2050;11442618000;11432322222;11932322222;10240;10228
2052;11442630000;11432322222;11932322222;10240;10228
2054;11442639000;11432322222;11932322222;10240;10228
2056;11442649000;11432366666;11932366666;10240;10228
2049;11442790000;11432322222;11932322222;10240;10228
2051;11442984000;11432322222;11932322222;10240;10228
2053;11443197000;11432322222;11932322222;10240;10228
2055;11443214000;11432322222;11932322222;10240;10228
2058;11484243000;11432644444;11932644444;10240;10228
2060;11484263000;11473977777;11973977777;10240;10228
2062;11484273000;11473977777;11973977777;10240;10228
2064;11484282000;11473977777;11973977777;10240;10228
2066;11484292000;11473977777;11973977777;10240;10228
2057;11484445000;11432644444;11932644444;10240;10228
2059;11484639000;11432644444;11932644444;10240;10228
2061;11484844000;11473977777;11973977777;10240;10228
2063;11484855000;11473977777;11973977777;10240;10228
2065;11485065000;11473977777;11973977777;10240;10228
2067;11485088000;11474022222;11974022222;10240;10228
2068;11525947000;11474377777;11974377777;10240;10228
2070;11525957000;11474377777;11974377777;10240;10228
2072;11525971000;11515644444;12015644444;10240;10228
2074;11525986000;11515644444;12015644444;10240;10228
2076;11525996000;11515644444;12015644444;10240;10228
2078;11526004000;11515688888;12015688888;10240;10228
2069;11526151000;11474377777;11974377777;10240;10228
2071;11526359000;11515644444;12015644444;10240;10228
2073;11526387000;11515644444;12015644444;10240;10228
2075;11526552000;11515644444;12015644444;10240;10228
2077;11526722000;11515644444;12015644444;10240;10228
2080;11567606000;11515977777;12015977777;10240;10228
2082;11567619000;11557311111;12057311111;10240;10228
2084;11567624000;11557311111;12057311111;10240;10228
2086;11567657000;11557311111;12057311111;10240;10228
2088;11567662000;11557311111;12057311111;10240;10228
2079;11567813000;11515977777;12015977777;10240;10228
2081;11568016000;11515977777;12015977777;10240;10228
2083;11568049000;11557311111;12057311111;10240;10228
2087;11568229000;11557311111;12057311111;10240;10228
2089;11568241000;11557355555;12057355555;10240;10228
2090;11609267000;11557644444;12057644444;10240;10228
2092;11609281000;11557644444;12057644444;10240;10228
2094;11609294000;11598977777;12098977777;10240;10228
2098;11609302000;11598977777;12098977777;10240;10228
2100;11609308000;11599022222;12099022222;10240;10228
2091;11609481000;11557644444;12057644444;10240;10228
2093;11609643000;11598977777;12098977777;10240;10228
2095;11609844000;11598977777;12098977777;10240;10228
2097;11609857000;11598977777;12098977777;10240;10228
2099;11610077000;11598977777;12098977777;10240;10228
2085;11630415000;11557311111;12057311111;10240;10228
2102;11650979000;11599400000;12099400000;10240;10228
2104;11651000000;11640644444;12140644444;10240;10228
2106;11651008000;11640644444;12140644444;10240;10228
2108;11651014000;11640644444;12140644444;10240;10228
2110;11651018000;11640644444;12140644444;10240;10228
2101;11651143000;11599400000;12099400000;10240;10228
2103;11651352000;11599400000;12099400000;10240;10228
2105;11651363000;11640644444;12140644444;10240;10228
2107;11651564000;11640644444;12140644444;10240;10228
2109;11651751000;11640644444;12140644444;10240;10228
2111;11651772000;11640688888;12140688888;10240;10228
2096;11671628000;11598977777;12098977777;10240;10228
2112;11692608000;11641000000;12141000000;10240;10228
2114;11692617000;11641000000;12141000000;10240;10228
2116;11692630000;11682311111;12182311111;10240;10228
2118;11692635000;11682311111;12182311111;10240;10228
2120;11692664000;11682311111;12182311111;10240;10228
2122;11692670000;11682355555;12182355555;10240;10228
2113;11692814000;11641000000;12141000000;10240;10228
2115;11693020000;11682311111;12182311111;10240;10228
2117;11693057000;11682311111;12182311111;10240;10228
2119;11693231000;11682311111;12182311111;10240;10228
2121;11693425000;11682311111;12182311111;10240;10228
2124;11734337000;11682655555;12182655555;10240;10228
2126;11734349000;11724011111;12224011111;10240;10228
2128;11734355000;11724011111;12224011111;10240;10228
2130;11734361000;11724011111;12224011111;10240;10228
2132;11734393000;11724011111;12224011111;10240;10228
2123;11734509000;11682655555;12182655555;10240;10228
2125;11734694000;11682655555;12182655555;10240;10228
2129;11734918000;11724011111;12224011111;10240;10228
2131;11734929000;11724011111;12224011111;10240;10228
2133;11734934000;11724055555;12224055555;10240;10228
2127;11755676000;11724011111;12224011111;10240;10228
2134;11775964000;11724422222;12224422222;10240;10228
2136;11775978000;11724422222;12224422222;10240;10228
2138;11776070000;11765766666;12265766666;10240;10228
2140;11776095000;11765766666;12265766666;10240;10228
2142;11776104000;11765766666;12265766666;10240;10228
2144;11776110000;11765811111;12265811111;10240;10228
2135;11776233000;11724422222;12224422222;10240;10228
2137;11776437000;11765766666;12265766666;10240;10228
2139;11776468000;11765766666;12265766666;10240;10228
2141;11776645000;11765766666;12265766666;10240;10228
2143;11776837000;11765766666;12265766666;10240;10228
2146;11817608000;11766111111;12266111111;10240;10228
2148;11817620000;11807311111;12307311111;10240;10228
2150;11817625000;11807311111;12307311111;10240;10228
2152;11817655000;11807311111;12307311111;10240;10228
2154;11817663000;11807311111;12307311111;10240;10228
2145;11817811000;11766111111;12266111111;10240;10228
2147;11818020000;11766111111;12266111111;10240;10228
2149;11818057000;11807311111;12307311111;10240;10228
2151;11818258000;11807311111;12307311111;10240;10228
2153;11818426000;11807311111;12307311111;10240;10228
2155;11818454000;11807355555;12307355555;10240;10228
2156;11859270000;11807677777;12307677777;10240;10228
2158;11859281000;11807677777;12307677777;10240;10228
2160;11859292000;11848977777;12348977777;10240;10228
2164;11859296000;11848977777;12348977777;10240;10228
2166;11859333000;11849022222;12349022222;10240;10228
2157;11859480000;11807677777;12307677777;10240;10228
2159;11859683000;11848977777;12348977777;10240;10228
2161;11859720000;11848977777;12348977777;10240;10228
2163;11859882000;11848977777;12348977777;10240;10228
2165;11860068000;11848977777;12348977777;10240;10228
2168;11900991000;11849388888;12349388888;10240;10228
2170;11901013000;11890644444;12390644444;10240;10228
2174;11901022000;11890644444;12390644444;10240;10228
2176;11901026000;11890644444;12390644444;10240;10228
2167;11901150000;11849388888;12349388888;10240;10228
2169;11901358000;11849388888;12349388888;10240;10228
2171;11901367000;11890644444;12390644444;10240;10228
2173;11901564000;11890644444;12390644444;10240;10228
2175;11901752000;11890644444;12390644444;10240;10228
2177;11901772000;11890688888;12390688888;10240;10228
2162;11921581000;11848977777;12348977777;10240;10228
2178;11942670000;11891000000;12391000000;10240;10228
2180;11942680000;11891000000;12391000000;10240;10228
2182;11942687000;11932344444;12432344444;10240;10228
2184;11942691000;11932344444;12432344444;10240;10228
2186;11942704000;11932344444;12432344444;10240;10228
2188;11942712000;11932388888;12432388888;10240;10228
2179;11942841000;11891000000;12391000000;10240;10228
2181;11943063000;11932344444;12432344444;10240;10228
2183;11943096000;11932344444;12432344444;10240;10228
2185;11943259000;11932344444;12432344444;10240;10228
2187;11943460000;11932344444;12432344444;10240;10228
2172;11963008000;11890644444;12390644444;10240;10228
2190;11984293000;11932700000;12432700000;10240;10228
2192;11984313000;11974011111;12474011111;10240;10228
2194;11984324000;11974011111;12474011111;10240;10228
2196;11984335000;11974011111;12474011111;10240;10228
2198;11984345000;11974011111;12474011111;10240;10228
2189;11984474000;11932700000;12432700000;10240;10228
2191;11984677000;11932700000;12432700000;10240;10228
2195;11984919000;11974011111;12474011111;10240;10228
2197;11984931000;11974011111;12474011111;10240;10228
2199;11984935000;11974055555;12474055555;10240;10228
2193;12005384000;11974011111;12474011111;10240;10228
2200;12025933000;11974422222;12474422222;10240;10228
2204;12025993000;12015677777;12515677777;10240;10228
2206;12026006000;12015677777;12515677777;10240;10228
2208;12026012000;12015677777;12515677777;10240;10228
2210;12026016000;12015722222;12515722222;10240;10228
2201;12026197000;11974422222;12474422222;10240;10228
2203;12026404000;12015677777;12515677777;10240;10228
2205;12026415000;12015677777;12515677777;10240;10228
2207;12026603000;12015677777;12515677777;10240;10228
2209;12026801000;12015677777;12515677777;10240;10228
2202;12046562000;11974422222;12474422222;10240;10228
2212;12067617000;12016033333;12516033333;10240;10228
2214;12067631000;12057333333;12557333333;10240;10228
2216;12067636000;12057333333;12557333333;10240;10228
2220;12067658000;12057333333;12557333333;10240;10228
2211;12067822000;12016033333;12516033333;10240;10228
2213;12068027000;12016033333;12516033333;10240;10228
2215;12068059000;12057333333;12557333333;10240;10228
2217;12068237000;12057333333;12557333333;10240;10228
2219;12068441000;12057333333;12557333333;10240;10228
2222;12109257000;12057700000;12557700000;10240;10228
2224;12109276000;12057700000;12557700000;10240;10228
2226;12109284000;12098977777;12598977777;10240;10228
2228;12109289000;12098977777;12598977777;10240;10228
2230;12109312000;12098977777;12598977777;10240;10228
2232;12109320000;12099033333;12599033333;10240;10228
2223;12109468000;12057700000;12557700000;10240;10228
2225;12109679000;12098977777;12598977777;10240;10228
2227;12109706000;12098977777;12598977777;10240;10228
2229;12109878000;12098977777;12598977777;10240;10228
2231;12110063000;12098977777;12598977777;10240;10228
2218;12129697000;12057333333;12557333333;10240;10228
2221;12130399000;12057388888;12557388888;10240;10228
2234;12150931000;12099411111;12599411111;10240;10228
2236;12150944000;12140655555;12640655555;10240;10228
2238;12150948000;12140655555;12640655555;10240;10228
2240;12150981000;12140655555;12640655555;10240;10228
2233;12151140000;12099411111;12599411111;10240;10228
2235;12151347000;12099411111;12599411111;10240;10228
2237;12151376000;12140655555;12640655555;10240;10228
2239;12151550000;12140655555;12640655555;10240;10228
2241;12151739000;12140655555;12640655555;10240;10228
2243;12151755000;12140700000;12640700000;10240;10228
2244;12192637000;12141022222;12641022222;10240;10228
2246;12192649000;12141022222;12641022222;10240;10228
2248;12192654000;12182311111;12682311111;10240;10228
2250;12192658000;12182311111;12682311111;10240;10228
2252;12192670000;12182311111;12682311111;10240;10228
2254;12192681000;12182366666;12682366666;10240;10228
2245;12192804000;12141022222;12641022222;10240;10228
2247;12193003000;12182311111;12682311111;10240;10228
2249;12193016000;12182311111;12682311111;10240;10228
2251;12193216000;12182311111;12682311111;10240;10228
2253;12193422000;12182311111;12682311111;10240;10228
2242;12213362000;12140655555;12640655555;10240;10228
2256;12234280000;12182666666;12682666666;10240;10228
2258;12234297000;12224000000;12724000000;10240;10228
2260;12234310000;12224000000;12724000000;10240;10228
2262;12234320000;12224000000;12724000000;10240;10228
2264;12234330000;12224000000;12724000000;10240;10228
2255;12234465000;12182666666;12682666666;10240;10228
2257;12234666000;12182666666;12682666666;10240;10228
2259;12234863000;12224000000;12724000000;10240;10228
2261;12234885000;12224000000;12724000000;10240;10228
2263;12235080000;12224000000;12724000000;10240;10228
2265;12235091000;12224044444;12724044444;10240;10228
2266;12275963000;12224422222;12724422222;10240;10228
2268;12275973000;12224422222;12724422222;10240;10228
2270;12275989000;12265677777;12765677777;10240;10228
2272;12276000000;12265677777;12765677777;10240;10228
2276;12276007000;12265722222;12765722222;10240;10228
2267;12276147000;12224422222;12724422222;10240;10228
2271;12276349000;12265677777;12765677777;10240;10228
2273;12276546000;12265677777;12765677777;10240;10228
2275;12276557000;12265677777;12765677777;10240;10228
2269;12297068000;12265677777;12765677777;10240;10228
2278;12317633000;12266066666;12766066666;10240;10228
2280;12317653000;12307344444;12807344444;10240;10228
2282;12317661000;12307344444;12807344444;10240;10228
2284;12317668000;12307344444;12807344444;10240;10228
2286;12317676000;12307344444;12807344444;10240;10228
2277;12317845000;12266066666;12766066666;10240;10228
2279;12318005000;12266066666;12766066666;10240;10228
2281;12318216000;12307344444;12807344444;10240;10228
2287;12318232000;12307388888;12807388888;10240;10228
2274;12338298000;12265677777;12765677777;10240;10228
2288;12359304000;12307722222;12807722222;10240;10228
2290;12359314000;12307722222;12807722222;10240;10228
2292;12359329000;12349011111;12849011111;10240;10228
2294;12359341000;12349011111;12849011111;10240;10228
2296;12359347000;12349011111;12849011111;10240;10228
2298;12359353000;12349055555;12849055555;10240;10228
2289;12359477000;12307722222;12807722222;10240;10228
2291;12359707000;12349011111;12849011111;10240;10228
2293;12359724000;12349011111;12849011111;10240;10228
2297;12359908000;12349011111;12849011111;10240;10228
2283;12380402000;12307344444;12807344444;10240;10228
2300;12400935000;12349400000;12849400000;10240;10228
2302;12400954000;12390644444;12890644444;10240;10228
2304;12400963000;12390644444;12890644444;10240;10228
2306;12400968000;12390644444;12890644444;10240;10228
2308;12400991000;12390644444;12890644444;10240;10228
2299;12401142000;12349400000;12849400000;10240;10228
2301;12401353000;12349400000;12849400000;10240;10228
2303;12401362000;12390644444;12890644444;10240;10228
2305;12401561000;12390644444;12890644444;10240;10228
2309;12401587000;12390688888;12890688888;10240;10228
2295;12421932000;12349011111;12849011111;10240;10228
2310;12442666000;12390988888;12890988888;10240;10228
2312;12442677000;12390988888;12890988888;10240;10228
2314;12442683000;12432344444;12932344444;10240;10228
2316;12442688000;12432344444;12932344444;10240;10228
2318;12442709000;12432344444;12932344444;10240;10228
2320;12442716000;12432388888;12932388888;10240;10228
2311;12442845000;12390988888;12890988888;10240;10228
2313;12443061000;12432344444;12932344444;10240;10228
2315;12443085000;12432344444;12932344444;10240;10228
2317;12443256000;12432344444;12932344444;10240;10228
2319;12443466000;12432344444;12932344444;10240;10228
2307;12463725000;12390644444;12890644444;10240;10228
2322;12484290000;12432677777;12932677777;10240;10228
2324;12484304000;12474011111;12974011111;10240;10228
2326;12484309000;12474011111;12974011111;10240;10228
2321;12484504000;12432677777;12932677777;10240;10228
2323;12484717000;12432677777;12932677777;10240;10228
2325;12484740000;12474011111;12974011111;10240;10228
2327;12484918000;12474011111;12974011111;10240;10228
2329;12485154000;12474011111;12974011111;10240;10228
2331;12485176000;12474055555;12974055555;10240;10228
2332;12525980000;12474433333;12974433333;10240;10228
2334;12525990000;12474433333;12974433333;10240;10228
2336;12525995000;12515644444;13015644444;10240;10228
2338;12526000000;12515644444;13015644444;10240;10228
2340;12526014000;12515644444;13015644444;10240;10228
2342;12526019000;12515688888;13015688888;10240;10228
2333;12526143000;12474433333;12974433333;10240;10228
2335;12526352000;12515644444;13015644444;10240;10228
2337;12526364000;12515644444;13015644444;10240;10228
2339;12526564000;12515644444;13015644444;10240;10228
2341;12526750000;12515644444;13015644444;10240;10228
2328;12546563000;12474011111;12974011111;10240;10228
2330;12546591000;12474011111;12974011111;10240;10228
2344;12567604000;12516011111;13016011111;10240;10228
2346;12567615000;12557311111;13057311111;10240;10228
2348;12567621000;12557311111;13057311111;10240;10228
2350;12567641000;12557311111;13057311111;10240;10228
2352;12567648000;12557311111;13057311111;10240;10228
2343;12567812000;12516011111;13016011111;10240;10228
2345;12568014000;12516011111;13016011111;10240;10228
2347;12568047000;12557311111;13057311111;10240;10228
2349;12568225000;12557311111;13057311111;10240;10228
2351;12568403000;12557311111;13057311111;10240;10228
2353;12568425000;12557366666;13057366666;10240;10228
2354;12609312000;12557688888;13057688888;10240;10228
2356;12609322000;12557688888;13057688888;10240;10228
2358;12609334000;12598977777;13098977777;10240;10228
2360;12609340000;12598977777;13098977777;10240;10228
2362;12609372000;12598977777;13098977777;10240;10228
2364;12609377000;12599022222;13099022222;10240;10228
2355;12609485000;12557688888;13057688888;10240;10228
2357;12609647000;12598977777;13098977777;10240;10228
2359;12609847000;12598977777;13098977777;10240;10228
2361;12609870000;12598977777;13098977777;10240;10228
2363;12610067000;12598977777;13098977777;10240;10228
2368;12651022000;12640688888;13140688888;10240;10228
2370;12651035000;12640688888;13140688888;10240;10228
2372;12651041000;12640688888;13140688888;10240;10228
2374;12651069000;12640688888;13140688888;10240;10228
2365;12651183000;12599388888;13099388888;10240;10228
2367;12651387000;12599388888;13099388888;10240;10228
2369;12651399000;12640688888;13140688888;10240;10228
2371;12651588000;12640688888;13140688888;10240;10228
2373;12651791000;12640688888;13140688888;10240;10228
2375;12651811000;12640733333;13140733333;10240;10228
2366;12671800000;12599388888;13099388888;10240;10228
2376;12692606000;12641044444;13141044444;10240;10228
2378;12692616000;12641044444;13141044444;10240;10228
2380;12692628000;12682311111;13182311111;10240;10228
2382;12692634000;12682311111;13182311111;10240;10228
2384;12692666000;12682311111;13182311111;10240;10228
2386;12692673000;12682355555;13182355555;10240;10228
2377;12692818000;12641044444;13141044444;10240;10228
2379;12693018000;12682311111;13182311111;10240;10228
2381;12693060000;12682311111;13182311111;10240;10228
2383;12693228000;12682311111;13182311111;10240;10228
2385;12693432000;12682311111;13182311111;10240;10228
2388;12734314000;12682644444;13182644444;10240;10228
2390;12734329000;12724011111;13224011111;10240;10228
2396;12734335000;12724011111;13224011111;10240;10228
2387;12734479000;12682644444;13182644444;10240;10228
2389;12734705000;12682644444;13182644444;10240;10228
2391;12734909000;12724011111;13224011111;10240;10228
2393;12734932000;12724011111;13224011111;10240;10228
2395;12735145000;12724011111;13224011111;10240;10228
2397;12735152000;12724055555;13224055555;10240;10228
2398;12775979000;12724411111;13224411111;10240;10228
2400;12775991000;12724411111;13224411111;10240;10228
2402;12776004000;12765644444;13265644444;10240;10228
2404;12776011000;12765644444;13265644444;10240;10228
2406;12776019000;12765644444;13265644444;10240;10228
2408;12776041000;12765688888;13265688888;10240;10228
2399;12776152000;12724411111;13224411111;10240;10228
2401;12776347000;12765644444;13265644444;10240;10228
2403;12776564000;12765644444;13265644444;10240;10228
2405;12776574000;12765644444;13265644444;10240;10228
2407;12776764000;12765644444;13265644444;10240;10228
2392;12796476000;12724011111;13224011111;10240;10228
2394;12796498000;12724011111;13224011111;10240;10228
2410;12817627000;12765988888;13265988888;10240;10228
2412;12817642000;12807344444;13307344444;10240;10228
2414;12817648000;12807344444;13307344444;10240;10228
2418;12817669000;12807344444;13307344444;10240;10228
2409;12817813000;12765988888;13265988888;10240;10228
2411;12818063000;12765988888;13265988888;10240;10228
2413;12818092000;12807344444;13307344444;10240;10228
2415;12818217000;12807344444;13307344444;10240;10228
2417;12818464000;12807344444;13307344444;10240;10228
2419;12818474000;12807388888;13307388888;10240;10228
2420;12859313000;12807700000;13307700000;10240;10228
2422;12859323000;12807700000;13307700000;10240;10228
2424;12859337000;12849022222;13349022222;10240;10228
2426;12859349000;12849022222;13349022222;10240;10228
2428;12859373000;12849022222;13349022222;10240;10228
2430;12859379000;12849066666;13349066666;10240;10228
2421;12859521000;12807700000;13307700000;10240;10228
2423;12859689000;12849022222;13349022222;10240;10228
2425;12859887000;12849022222;13349022222;10240;10228
2427;12859900000;12849022222;13349022222;10240;10228
2429;12860126000;12849022222;13349022222;10240;10228
2416;12879827000;12807344444;13307344444;10240;10228
2432;12900935000;12849422222;13349422222;10240;10228
2434;12900949000;12890644444;13390644444;10240;10228
2436;12900954000;12890644444;13390644444;10240;10228
2440;12900975000;12890644444;13390644444;10240;10228
2431;12901143000;12849422222;13349422222;10240;10228
2433;12901351000;12849422222;13349422222;10240;10228
2437;12901381000;12890644444;13390644444;10240;10228
2442;12942620000;12891000000;13391000000;10240;10228
2444;12942640000;12891000000;13391000000;10240;10228
2446;12942649000;12932344444;13432344444;10240;10228
2448;12942655000;12932344444;13432344444;10240;10228
2450;12942677000;12932344444;13432344444;10240;10228
2452;12942686000;12932388888;13432388888;10240;10228
2443;12942841000;12891000000;13391000000;10240;10228
2445;12943064000;12932344444;13432344444;10240;10228
2447;12943075000;12932344444;13432344444;10240;10228
2449;12943257000;12932344444;13432344444;10240;10228
2438;12963082000;12890644444;13390644444;10240;10228
2439;12963733000;12890644444;13390644444;10240;10228
2441;12963893000;12890700000;13390700000;10240;10228
2454;12984312000;12932688888;13432688888;10240;10228
2460;12984324000;12974022222;13474022222;10240;10228
2462;12984330000;12974022222;13474022222;10240;10228
2453;12984524000;12932688888;13432688888;10240;10228
2455;12984726000;12932688888;13432688888;10240;10228
2459;12984739000;12974022222;13474022222;10240;10228
2461;12984921000;12974022222;13474022222;10240;10228
2463;12984927000;12974066666;13474066666;10240;10228
2457;13005569000;12974022222;13474022222;10240;10228
2464;13025990000;12974422222;13474422222;10240;10228
2466;13026007000;12974422222;13474422222;10240;10228
2468;13026017000;13015655555;13515655555;10240;10228
2470;13026021000;13015655555;13515655555;10240;10228
2474;13026026000;13015700000;13515700000;10240;10228
2465;13026152000;12974422222;13474422222;10240;10228
2467;13026364000;13015655555;13515655555;10240;10228
2469;13026376000;13015655555;13515655555;10240;10228
2471;13026569000;13015655555;13515655555;10240;10228
2473;13026771000;13015655555;13515655555;10240;10228
2456;13046358000;12974022222;13474022222;10240;10228
2458;13046589000;12974022222;13474022222;10240;10228
2476;13067638000;13016000000;13516000000;10240;10228
2478;13067658000;13057344444;13557344444;10240;10228
2480;13067667000;13057344444;13557344444;10240;10228
2482;13067673000;13057344444;13557344444;10240;10228
2484;13067682000;13057344444;13557344444;10240;10228
2477;13067856000;13016000000;13516000000;10240;10228
2479;13068070000;13057344444;13557344444;10240;10228
2481;13068093000;13057344444;13557344444;10240;10228
2483;13068274000;13057344444;13557344444;10240;10228
2485;13068283000;13057400000;13557400000;10240;10228
2472;13088310000;13015655555;13515655555;10240;10228
2475;13088565000;13016000000;13516000000;10240;10228
2486;13109348000;13057688888;13557688888;10240;10228
2488;13109358000;13057688888;13557688888;10240;10228
2490;13109371000;13099011111;13599011111;10240;10228
2492;13109376000;13099011111;13599011111;10240;10228
2494;13109405000;13099011111;13599011111;10240;10228
2496;13109411000;13099055555;13599055555;10240;10228
2487;13109512000;13057688888;13557688888;10240;10228
2489;13109717000;13099011111;13599011111;10240;10228
2491;13109748000;13099011111;13599011111;10240;10228
2493;13109917000;13099011111;13599011111;10240;10228
2495;13110154000;13099011111;13599011111;10240;10228
2498;13150992000;13099422222;13599422222;10240;10228
2500;13151004000;13140644444;13640644444;10240;10228
2502;13151015000;13140644444;13640644444;10240;10228
2506;13151021000;13140644444;13640644444;10240;10228
2497;13151142000;13099422222;13599422222;10240;10228
2501;13151336000;13140644444;13640644444;10240;10228
2503;13151535000;13140644444;13640644444;10240;10228
2505;13151546000;13140644444;13640644444;10240;10228
2507;13151737000;13140700000;13640700000;10240;10228
2499;13172064000;13099422222;13599422222;10240;10228
2508;13192683000;13141011111;13641011111;10240;10228
2510;13192695000;13141011111;13641011111;10240;10228
2512;13192716000;13182344444;13682344444;10240;10228
2514;13192722000;13182344444;13682344444;10240;10228
2516;13192752000;13182344444;13682344444;10240;10228
2518;13192759000;13182400000;13682400000;10240;10228
2509;13192852000;13141011111;13641011111;10240;10228
2511;13193015000;13182344444;13682344444;10240;10228
2513;13193260000;13182344444;13682344444;10240;10228
2515;13193271000;13182344444;13682344444;10240;10228
2517;13193455000;13182344444;13682344444;10240;10228
2504;13213387000;13140644444;13640644444;10240;10228
2520;13234275000;13182677777;13682677777;10240;10228
2522;13234287000;13223977777;13723977777;10240;10228
2524;13234294000;13223977777;13723977777;10240;10228
2526;13234325000;13223977777;13723977777;10240;10228
2528;13234333000;13223977777;13723977777;10240;10228
2519;13234478000;13182677777;13682677777;10240;10228
2521;13234666000;13182677777;13682677777;10240;10228
2523;13234845000;13223977777;13723977777;10240;10228
2525;13234866000;13223977777;13723977777;10240;10228
2527;13235068000;13223977777;13723977777;10240;10228
2529;13235089000;13224022222;13724022222;10240;10228
2530;13275936000;13224388888;13724388888;10240;10228
2532;13275948000;13224388888;13724388888;10240;10228
2534;13275966000;13265644444;13765644444;10240;10228
2536;13275977000;13265644444;13765644444;10240;10228
2538;13275984000;13265644444;13765644444;10240;10228
2540;13276011000;13265688888;13765688888;10240;10228
2531;13276157000;13224388888;13724388888;10240;10228
2533;13276356000;13265644444;13765644444;10240;10228
2535;13276388000;13265644444;13765644444;10240;10228
2537;13276551000;13265644444;13765644444;10240;10228
2539;13276760000;13265644444;13765644444;10240;10228
2542;13317596000;13266000000;13766000000;10240;10228
2544;13317626000;13307311111;13807311111;10240;10228
2546;13317634000;13307311111;13807311111;10240;10228
2548;13317639000;13307311111;13807311111;10240;10228
2541;13317813000;13266000000;13766000000;10240;10228
2543;13318014000;13266000000;13766000000;10240;10228
2545;13318042000;13307311111;13807311111;10240;10228
2547;13318199000;13307311111;13807311111;10240;10228
2549;13318427000;13307311111;13807311111;10240;10228
2551;13318446000;13307355555;13807355555;10240;10228
2552;13359272000;13307688888;13807688888;10240;10228
2554;13359286000;13307688888;13807688888;10240;10228
2558;13359291000;13348977777;13848977777;10240;10228
2562;13359301000;13349022222;13849022222;10240;10228
2553;13359482000;13307688888;13807688888;10240;10228
2555;13359685000;13348977777;13848977777;10240;10228
2557;13359706000;13348977777;13848977777;10240;10228
2561;13359889000;13348977777;13848977777;10240;10228
2550;13379884000;13307311111;13807311111;10240;10228
2564;13401016000;13349366666;13849366666;10240;10228
2566;13401049000;13390677777;13890677777;10240;10228
2568;13401068000;13390677777;13890677777;10240;10228
2570;13401075000;13390677777;13890677777;10240;10228
2572;13401108000;13390677777;13890677777;10240;10228
2563;13401216000;13349366666;13849366666;10240;10228
2567;13401413000;13390677777;13890677777;10240;10228
2569;13401440000;13390677777;13890677777;10240;10228
2571;13401592000;13390677777;13890677777;10240;10228
2573;13401616000;13390722222;13890722222;10240;10228
2556;13421641000;13348977777;13848977777;10240;10228
2559;13421966000;13348977777;13848977777;10240;10228
2565;13422332000;13349366666;13849366666;10240;10228
2574;13442743000;13391011111;13891011111;10240;10228
2576;13442753000;13391011111;13891011111;10240;10228
2580;13442762000;13432488888;13932488888;10240;10228
2582;13442783000;13432488888;13932488888;10240;10228
2584;13442789000;13432533333;13932533333;10240;10228
2575;13442963000;13391011111;13891011111;10240;10228
2577;13443175000;13432488888;13932488888;10240;10228
2579;13443207000;13432488888;13932488888;10240;10228
2581;13443379000;13432488888;13932488888;10240;10228
2583;13443575000;13432488888;13932488888;10240;10228
2578;13463562000;13432488888;13932488888;10240;10228
2586;13484285000;13432833333;13932833333;10240;10228
2588;13484298000;13473977777;13973977777;10240;10228
2590;13484303000;13473977777;13973977777;10240;10228
2592;13484323000;13473977777;13973977777;10240;10228
2594;13484331000;13473977777;13973977777;10240;10228
2585;13484479000;13432833333;13932833333;10240;10228
2587;13484686000;13432833333;13932833333;10240;10228
2589;13484710000;13473977777;13973977777;10240;10228
2591;13484885000;13473977777;13973977777;10240;10228
2593;13485075000;13473977777;13973977777;10240;10228
2595;13485103000;13474022222;13974022222;10240;10228
2596;13525983000;13474400000;13974400000;10240;10228
2598;13525994000;13474400000;13974400000;10240;10228
2602;13526006000;13515644444;14015644444;10240;10228
2604;13526012000;13515644444;14015644444;10240;10228
2606;13526031000;13515700000;14015700000;10240;10228
2597;13526149000;13474400000;13974400000;10240;10228
2599;13526358000;13515644444;14015644444;10240;10228
2601;13526385000;13515644444;14015644444;10240;10228
2603;13526568000;13515644444;14015644444;10240;10228
2605;13526760000;13515644444;14015644444;10240;10228
2600;13546964000;13515644444;14015644444;10240;10228
2608;13567645000;13516011111;14016011111;10240;10228
2610;13567658000;13557311111;14057311111;10240;10228
2612;13567663000;13557311111;14057311111;10240;10228
2614;13567686000;13557311111;14057311111;10240;10228
2616;13567692000;13557311111;14057311111;10240;10228
2607;13567811000;13516011111;14016011111;10240;10228
2609;13567984000;13516011111;14016011111;10240;10228
2613;13568227000;13557311111;14057311111;10240;10228
2615;13568239000;13557311111;14057311111;10240;10228
2617;13568244000;13557355555;14057355555;10240;10228
2611;13588798000;13557311111;14057311111;10240;10228
2618;13609344000;13557666666;14057666666;10240;10228
2620;13609365000;13557666666;14057666666;10240;10228
2622;13609372000;13599011111;14099011111;10240;10228
2624;13609383000;13599011111;14099011111;10240;10228
2626;13609387000;13599011111;14099011111;10240;10228
2628;13609394000;13599055555;14099055555;10240;10228
2623;13609529000;13599011111;14099011111;10240;10228
2625;13609725000;13599011111;14099011111;10240;10228
2627;13609736000;13599011111;14099011111;10240;10228
2619;13630393000;13557666666;14057666666;10240;10228
2621;13630404000;13599011111;14099011111;10240;10228
2630;13650986000;13599433333;14099433333;10240;10228
2634;13651000000;13640655555;14140655555;10240;10228
2629;13651143000;13599433333;14099433333;10240;10228
2631;13651355000;13599433333;14099433333;10240;10228
2633;13651386000;13640655555;14140655555;10240;10228
2635;13651560000;13640655555;14140655555;10240;10228
2637;13651752000;13640655555;14140655555;10240;10228
2639;13651776000;13640700000;14140700000;10240;10228
2640;13692687000;13640977777;14140977777;10240;10228
2642;13692697000;13640977777;14140977777;10240;10228
2644;13692702000;13682344444;14182344444;10240;10228
2646;13692707000;13682344444;14182344444;10240;10228
2641;13692846000;13640977777;14140977777;10240;10228
2643;13693060000;13682344444;14182344444;10240;10228
2645;13693073000;13682344444;14182344444;10240;10228
2647;13693256000;13682344444;14182344444;10240;10228
2648;13693463000;13682344444;14182344444;10240;10228
2649;13693474000;13682344444;14182344444;10240;10228
2650;13693657000;13682388888;14182388888;10240;10228
2636;13713255000;13640655555;14140655555;10240;10228
2632;13713438000;13640655555;14140655555;10240;10228
2638;13713642000;13640655555;14140655555;10240;10228
2652;13734315000;13682644444;14182644444;10240;10228
2654;13734331000;13724011111;14224011111;10240;10228
2658;13734338000;13724011111;14224011111;10240;10228
2660;13734343000;13724011111;14224011111;10240;10228
2651;13734498000;13682644444;14182644444;10240;10228
2653;13734713000;13682644444;14182644444;10240;10228
2655;13734737000;13724011111;14224011111;10240;10228
2657;13734913000;13724011111;14224011111;10240;10228
2659;13735163000;13724011111;14224011111;10240;10228
2662;13775963000;13724400000;14224400000;10240;10228
2664;13776005000;13724400000;14224400000;10240;10228
2666;13776014000;13765644444;14265644444;10240;10228
2668;13776090000;13765644444;14265644444;10240;10228
2670;13776113000;13765644444;14265644444;10240;10228
2672;13776142000;13765688888;14265688888;10240;10228
2663;13776156000;13724400000;14224400000;10240;10228
2665;13776362000;13765644444;14265644444;10240;10228
2667;13776373000;13765644444;14265644444;10240;10228
2669;13776565000;13765644444;14265644444;10240;10228
2671;13776753000;13765644444;14265644444;10240;10228
2656;13796584000;13724011111;14224011111;10240;10228
2661;13797148000;13724055555;14224055555;10240;10228
2674;13817619000;13765955555;14265955555;10240;10228
2676;13817652000;13807344444;14307344444;10240;10228
2678;13817680000;13807344444;14307344444;10240;10228
2680;13817700000;13807344444;14307344444;10240;10228
2682;13817712000;13807344444;14307344444;10240;10228
2673;13817835000;13765955555;14265955555;10240;10228
2675;13818036000;13765955555;14265955555;10240;10228
2677;13818079000;13807344444;14307344444;10240;10228
2679;13818250000;13807344444;14307344444;10240;10228
2681;13818462000;13807344444;14307344444;10240;10228
2683;13818488000;13807388888;14307388888;10240;10228
2684;13859269000;13807677777;14307677777;10240;10228
2686;13859294000;13807677777;14307677777;10240;10228
2688;13859317000;13848988888;14348988888;10240;10228
2690;13859345000;13848988888;14348988888;10240;10228
2692;13859362000;13848988888;14348988888;10240;10228
2694;13859380000;13849033333;14349033333;10240;10228
2685;13859481000;13807677777;14307677777;10240;10228
2687;13859693000;13848988888;14348988888;10240;10228
2689;13859718000;13848988888;14348988888;10240;10228
2691;13859886000;13848988888;14348988888;10240;10228
2693;13860077000;13848988888;14348988888;10240;10228
2696;13900920000;13849388888;14349388888;10240;10228
2698;13900957000;13890644444;14390644444;10240;10228
2700;13900965000;13890644444;14390644444;10240;10228
2702;13900997000;13890644444;14390644444;10240;10228
2704;13901010000;13890644444;14390644444;10240;10228
2695;13901116000;13849388888;14349388888;10240;10228
2697;13901315000;13849388888;14349388888;10240;10228
2699;13901519000;13890644444;14390644444;10240;10228
2701;13901558000;13890644444;14390644444;10240;10228
2703;13901716000;13890644444;14390644444;10240;10228
2705;13901736000;13890688888;14390688888;10240;10228
2708;13942585000;13890977777;14390977777;10240;10228
2710;13942612000;13932311111;14432311111;10240;10228
2712;13942644000;13932311111;14432311111;10240;10228
2714;13942655000;13932311111;14432311111;10240;10228
2716;13942675000;13932355555;14432355555;10240;10228
2709;13942823000;13932311111;14432311111;10240;10228
2711;13943025000;13932311111;14432311111;10240;10228
2713;13943032000;13932311111;14432311111;10240;10228
2715;13943245000;13932311111;14432311111;10240;10228
2706;13963423000;13890977777;14390977777;10240;10228
2707;13963605000;13890977777;14390977777;10240;10228
2718;13984296000;13932644444;14432644444;10240;10228
2720;13984326000;13973977777;14473977777;10240;10228
2722;13984338000;13973977777;14473977777;10240;10228
2724;13984361000;13973977777;14473977777;10240;10228
2726;13984380000;13973977777;14473977777;10240;10228
2717;13984477000;13932644444;14432644444;10240;10228
2721;13984682000;13973977777;14473977777;10240;10228
2723;13984693000;13973977777;14473977777;10240;10228
2725;13984886000;13973977777;14473977777;10240;10228
2727;13984897000;13974022222;14474022222;10240;10228
2719;14005608000;13932644444;14432644444;10240;10228
2728;14025993000;13974355555;14474355555;10240;10228
2730;14026014000;13974355555;14474355555;10240;10228
2732;14026054000;14015722222;14515722222;10240;10228
2734;14026105000;14015722222;14515722222;10240;10228
2736;14026123000;14015722222;14515722222;10240;10228
2738;14026138000;14015766666;14515766666;10240;10228
2729;14026207000;13974355555;14474355555;10240;10228
2735;14026385000;14015722222;14515722222;10240;10228
2737;14026588000;14015722222;14515722222;10240;10228
2740;14067577000;14016044444;14516044444;10240;10228
2742;14067617000;14057311111;14557311111;10240;10228
2744;14067663000;14057311111;14557311111;10240;10228
2746;14067682000;14057311111;14557311111;10240;10228
2739;14067782000;14016044444;14516044444;10240;10228
2741;14067973000;14016044444;14516044444;10240;10228
2743;14068234000;14057311111;14557311111;10240;10228
2745;14068244000;14057311111;14557311111;10240;10228
2747;14068436000;14057311111;14557311111;10240;10228
2749;14068446000;14057355555;14557355555;10240;10228
2731;14088570000;14015722222;14515722222;10240;10228
2733;14088766000;14015722222;14515722222;10240;10228
2752;14109299000;14057633333;14557633333;10240;10228
2756;14109339000;14099011111;14599011111;10240;10228
2758;14109381000;14099011111;14599011111;10240;10228
2760;14109404000;14099055555;14599055555;10240;10228
2753;14109525000;14099011111;14599011111;10240;10228
2755;14109727000;14099011111;14599011111;10240;10228
2759;14109737000;14099011111;14599011111;10240;10228
2748;14130073000;14057311111;14557311111;10240;10228
2750;14130261000;14057633333;14557633333;10240;10228
2754;14130467000;14099011111;14599011111;10240;10228
2751;14130661000;14057633333;14557633333;10240;10228
2762;14151086000;14099400000;14599400000;10240;10228
2764;14151107000;14140822222;14640822222;10240;10228
2766;14151131000;14140822222;14640822222;10240;10228
2768;14151147000;14140822222;14640822222;10240;10228
2770;14151162000;14140822222;14640822222;10240;10228
2761;14151288000;14099400000;14599400000;10240;10228
2763;14151487000;14099400000;14599400000;10240;10228
2765;14151732000;14140822222;14640822222;10240;10228
2767;14151742000;14140822222;14640822222;10240;10228
2769;14151934000;14140822222;14640822222;10240;10228
2771;14151943000;14140866666;14640866666;10240;10228
2757;14172210000;14099011111;14599011111;10240;10228
2772;14192609000;14141166666;14641166666;10240;10228
2774;14192633000;14141166666;14641166666;10240;10228
2776;14192653000;14182311111;14682311111;10240;10228
2778;14192683000;14182311111;14682311111;10240;10228
2780;14192698000;14182311111;14682311111;10240;10228
2773;14192805000;14141166666;14641166666;10240;10228
2775;14193010000;14182311111;14682311111;10240;10228
2777;14193028000;14182311111;14682311111;10240;10228
2779;14193230000;14182311111;14682311111;10240;10228
2781;14193433000;14182311111;14682311111;10240;10228
2784;14234259000;14182622222;14682622222;10240;10228
2786;14234313000;14224011111;14724011111;10240;10228
2788;14234333000;14224011111;14724011111;10240;10228
2792;14234347000;14224011111;14724011111;10240;10228
2783;14234481000;14182622222;14682622222;10240;10228
2785;14234673000;14182622222;14682622222;10240;10228
2787;14234877000;14224011111;14724011111;10240;10228
2789;14234890000;14224011111;14724011111;10240;10228
2791;14235068000;14224011111;14724011111;10240;10228
2793;14235074000;14224055555;14724055555;10240;10228
2782;14254913000;14182355555;14682355555;10240;10228
2794;14275941000;14224400000;14724400000;10240;10228
2796;14275960000;14224400000;14724400000;10240;10228
2798;14276000000;14265644444;14765644444;10240;10228
2800;14276028000;14265644444;14765644444;10240;10228
2802;14276098000;14265644444;14765644444;10240;10228
2804;14276111000;14265688888;14765688888;10240;10228
2795;14276139000;14224400000;14724400000;10240;10228
2797;14276357000;14265644444;14765644444;10240;10228
2799;14276369000;14265644444;14765644444;10240;10228
2801;14276561000;14265644444;14765644444;10240;10228
2803;14276714000;14265644444;14765644444;10240;10228
2790;14296471000;14224011111;14724011111;10240;10228
2806;14317617000;14265988888;14765988888;10240;10228
2808;14317644000;14307344444;14807344444;10240;10228
2810;14317675000;14307344444;14807344444;10240;10228
2814;14317690000;14307344444;14807344444;10240;10228
2805;14317838000;14265988888;14765988888;10240;10228
2807;14318036000;14265988888;14765988888;10240;10228
2809;14318078000;14307344444;14807344444;10240;10228
2811;14318254000;14307344444;14807344444;10240;10228
2813;14318444000;14307344444;14807344444;10240;10228
2815;14318455000;14307388888;14807388888;10240;10228
2816;14359276000;14307700000;14807700000;10240;10228
2818;14359289000;14307700000;14807700000;10240;10228
2820;14359316000;14348977777;14848977777;10240;10228
2822;14359356000;14348977777;14848977777;10240;10228
2824;14359380000;14348977777;14848977777;10240;10228
2826;14359407000;14349022222;14849022222;10240;10228
2821;14359509000;14348977777;14848977777;10240;10228
2823;14359694000;14348977777;14848977777;10240;10228
2825;14359705000;14348977777;14848977777;10240;10228
2812;14379947000;14307344444;14807344444;10240;10228
2817;14380595000;14307700000;14807700000;10240;10228
2819;14380793000;14348977777;14848977777;10240;10228
2828;14400946000;14349333333;14849333333;10240;10228
2830;14400975000;14390677777;14890677777;10240;10228
2832;14401002000;14390677777;14890677777;10240;10228
2834;14401020000;14390677777;14890677777;10240;10228
2836;14401037000;14390677777;14890677777;10240;10228
2827;14401142000;14349333333;14849333333;10240;10228
2829;14401339000;14349333333;14849333333;10240;10228
2831;14401543000;14390677777;14890677777;10240;10228
2833;14401584000;14390677777;14890677777;10240;10228
2835;14401738000;14390677777;14890677777;10240;10228
2837;14401761000;14390733333;14890733333;10240;10228
2838;14442557000;14391022222;14891022222;10240;10228
2840;14442582000;14391022222;14891022222;10240;10228
2842;14442608000;14432311111;14932311111;10240;10228
2844;14442646000;14432311111;14932311111;10240;10228
2846;14442659000;14432311111;14932311111;10240;10228
2848;14442679000;14432355555;14932355555;10240;10228
2839;14442781000;14391022222;14891022222;10240;10228
2841;14442967000;14432311111;14932311111;10240;10228
2843;14443202000;14432311111;14932311111;10240;10228
2845;14443234000;14432311111;14932311111;10240;10228
2847;14443408000;14432311111;14932311111;10240;10228
2850;14484252000;14432622222;14932622222;10240;10228
2852;14484289000;14473977777;14973977777;10240;10228
2854;14484318000;14473977777;14973977777;10240;10228
2856;14484327000;14473977777;14973977777;10240;10228
2858;14484348000;14473977777;14973977777;10240;10228
2849;14484481000;14432622222;14932622222;10240;10228
2855;14484680000;14473977777;14973977777;10240;10228
2857;14484703000;14473977777;14973977777;10240;10228
2859;14484882000;14474022222;14974022222;10240;10228
2860;14525893000;14474366666;14974366666;10240;10228
2862;14525906000;14474366666;14974366666;10240;10228
2864;14525968000;14515644444;15015644444;10240;10228
2866;14525990000;14515644444;15015644444;10240;10228
2868;14526029000;14515644444;15015644444;10240;10228
2870;14526062000;14515688888;15015688888;10240;10228
2861;14526097000;14474366666;14974366666;10240;10228
2863;14526314000;14515644444;15015644444;10240;10228
2865;14526518000;14515644444;15015644444;10240;10228
2867;14526537000;14515644444;15015644444;10240;10228
2869;14526713000;14515644444;15015644444;10240;10228
2853;14546882000;14473977777;14973977777;10240;10228
2851;14547080000;14432622222;14932622222;10240;10228
2872;14567634000;14515977777;15015977777;10240;10228
2874;14567661000;14557311111;15057311111;10240;10228
2876;14567685000;14557311111;15057311111;10240;10228
2878;14567705000;14557311111;15057311111;10240;10228
2880;14567723000;14557311111;15057311111;10240;10228
2871;14567812000;14515977777;15015977777;10240;10228
2875;14568008000;14557311111;15057311111;10240;10228
2877;14568261000;14557311111;15057311111;10240;10228
2879;14568273000;14557311111;15057311111;10240;10228
2881;14568430000;14557355555;15057355555;10240;10228
2888;14609257000;14598977777;15098977777;10240;10228
2890;14609282000;14598977777;15098977777;10240;10228
2892;14609303000;14599022222;15099022222;10240;10228
2883;14609491000;14557644444;15057644444;10240;10228
2885;14609688000;14598977777;15098977777;10240;10228
2887;14609699000;14598977777;15098977777;10240;10228
2889;14609891000;14598977777;15098977777;10240;10228
2891;14610064000;14598977777;15098977777;10240;10228
2884;14629918000;14557644444;15057644444;10240;10228
2894;14650955000;14599366666;15099366666;10240;10228
2896;14650970000;14640677777;15140677777;10240;10228
2900;14650990000;14640677777;15140677777;10240;10228
2893;14651184000;14599366666;15099366666;10240;10228
2895;14651394000;14599366666;15099366666;10240;10228
2897;14651406000;14640677777;15140677777;10240;10228
2901;14651589000;14640677777;15140677777;10240;10228
2902;14651789000;14640677777;15140677777;10240;10228
2903;14651808000;14640733333;15140733333;10240;10228
2899;14672468000;14640677777;15140677777;10240;10228
2904;14692613000;14641011111;15141011111;10240;10228
2906;14692629000;14641011111;15141011111;10240;10228
2908;14692649000;14682344444;15182344444;10240;10228
2905;14692836000;14641011111;15141011111;10240;10228
2907;14693037000;14682344444;15182344444;10240;10228
2909;14693051000;14682344444;15182344444;10240;10228
2910;14693258000;14682344444;15182344444;10240;10228
2911;14693460000;14682344444;15182344444;10240;10228
2912;14693480000;14682344444;15182344444;10240;10228
2913;14693654000;14682344444;15182344444;10240;10228
2914;14693660000;14682400000;15182400000;10240;10228
2898;14713120000;14640677777;15140677777;10240;10228
2916;14734290000;14682666666;15182666666;10240;10228
2918;14734304000;14724011111;15224011111;10240;10228
2920;14734326000;14724011111;15224011111;10240;10228
2922;14734342000;14724011111;15224011111;10240;10228
2915;14734508000;14682666666;15182666666;10240;10228
2917;14734713000;14682666666;15182666666;10240;10228
2919;14734722000;14724011111;15224011111;10240;10228
2921;14734915000;14724011111;15224011111;10240;10228
2923;14735156000;14724011111;15224011111;10240;10228
2924;14735168000;14724011111;15224011111;10240;10228
2925;14735329000;14724055555;15224055555;10240;10228
2926;14775967000;14724377777;15224377777;10240;10228
2928;14775980000;14724377777;15224377777;10240;10228
2930;14776008000;14765644444;15265644444;10240;10228
2932;14776036000;14765644444;15265644444;10240;10228
2927;14776144000;14724377777;15224377777;10240;10228
2929;14776355000;14765644444;15265644444;10240;10228
2931;14776382000;14765644444;15265644444;10240;10228
2933;14776565000;14765644444;15265644444;10240;10228
2934;14776751000;14765644444;15265644444;10240;10228
2935;14776763000;14765644444;15265644444;10240;10228
2936;14776960000;14765688888;15265688888;10240;10228
2940;14817588000;14807311111;15307311111;10240;10228
2942;14817615000;14807311111;15307311111;10240;10228
2944;14817655000;14807311111;15307311111;10240;10228
2937;14817802000;14765944444;15265944444;10240;10228
2939;14818007000;14765944444;15265944444;10240;10228
2941;14818013000;14807311111;15307311111;10240;10228
2943;14818226000;14807311111;15307311111;10240;10228
2945;14818434000;14807311111;15307311111;10240;10228
2946;14818445000;14807311111;15307311111;10240;10228
2947;14818627000;14807355555;15307355555;10240;10228
2948;14859280000;14807633333;15307633333;10240;10228
2950;14859295000;14807633333;15307633333;10240;10228
2952;14859322000;14849011111;15349011111;10240;10228
2949;14859510000;14807633333;15307633333;10240;10228
2953;14859711000;14849011111;15349011111;10240;10228
2954;14859722000;14849011111;15349011111;10240;10228
2955;14859913000;14849011111;15349011111;10240;10228
2956;14860157000;14849011111;15349011111;10240;10228
2957;14860168000;14849011111;15349011111;10240;10228
2958;14860330000;14849055555;15349055555;10240;10228
2951;14880508000;14849011111;15349011111;10240;10228
2960;14900953000;14849377777;15349377777;10240;10228
2962;14900981000;14890677777;15390677777;10240;10228
2964;14900999000;14890677777;15390677777;10240;10228
2959;14901180000;14849377777;15349377777;10240;10228
2961;14901384000;14849377777;15349377777;10240;10228
2963;14901396000;14890677777;15390677777;10240;10228
2965;14901588000;14890677777;15390677777;10240;10228
2966;14901783000;14890677777;15390677777;10240;10228
2967;14901792000;14890677777;15390677777;10240;10228
2968;14901993000;14890677777;15390677777;10240;10228
2969;14902004000;14890722222;15390722222;10240;10228
2970;14942553000;14890988888;15390988888;10240;10228
2974;14942578000;14932311111;15432311111;10240;10228
2971;14942780000;14890988888;15390988888;10240;10228
2973;14942983000;14932311111;15432311111;10240;10228
2975;14942989000;14932311111;15432311111;10240;10228
2976;14943160000;14932311111;15432311111;10240;10228
2977;14943407000;14932311111;15432311111;10240;10228
2980;14943418000;14932355555;15432355555;10240;10228
2984;14984347000;14974011111;15474011111;10240;10228
2983;14984525000;14932622222;15432622222;10240;10228
2987;14984724000;14974011111;15474011111;10240;10228
2988;14984736000;14974011111;15474011111;10240;10228
2990;14984930000;14974011111;15474011111;10240;10228
2991;14984941000;14974055555;15474055555;10240;10228
2978;15005112000;14932311111;15432311111;10240;10228
2979;15005141000;14932311111;15432311111;10240;10228
2986;15005437000;14974011111;15474011111;10240;10228
2981;15005513000;14932622222;15432622222;10240;10228
2985;15005718000;14974011111;15474011111;10240;10228
2972;15025551000;14890988888;15390988888;10240;10228
2992;15025956000;14974377777;15474377777;10240;10228
2993;15026204000;14974377777;15474377777;10240;10228
2994;15026415000;14974377777;15474377777;10240;10228
2995;15026424000;15015677777;15515677777;10240;10228
2997;15026607000;15015677777;15515677777;10240;10228
2999;15026805000;15015677777;15515677777;10240;10228
2982;15046567000;14932622222;15432622222;10240;10228
3004;15067620000;15016122222;15516122222;10240;10228
3006;15067661000;15057344444;15557344444;10240;10228
3008;15067687000;15057344444;15557344444;10240;10228
3003;15067837000;15016122222;15516122222;10240;10228
3005;15068041000;15016122222;15516122222;10240;10228
3007;15068067000;15057344444;15557344444;10240;10228
3009;15068262000;15057344444;15557344444;10240;10228
3010;15068469000;15057344444;15557344444;10240;10228
3011;15068480000;15057344444;15557344444;10240;10228
3012;15068662000;15057344444;15557344444;10240;10228
3013;15087982000;15057400000;15557400000;10240;10228
2996;15088555000;15015677777;15515677777;10240;10228
3000;15088638000;15015677777;15515677777;10240;10228
3001;15088676000;15015677777;15515677777;10240;10228
3002;15088848000;15015855555;15515855555;10240;10228
3014;15109287000;15057666666;15557666666;10240;10228
3016;15109299000;15057666666;15557666666;10240;10228
3015;15109514000;15057666666;15557666666;10240;10228
3017;15109714000;15099011111;15599011111;10240;10228
3018;15109736000;15099011111;15599011111;10240;10228
3019;15109915000;15099011111;15599011111;10240;10228
3020;15110156000;15099011111;15599011111;10240;10228
3022;15110165000;15099011111;15599011111;10240;10228
3023;15110335000;15099011111;15599011111;10240;10228
3024;15110346000;15099055555;15599055555;10240;10228
3026;15150923000;15099388888;15599388888;10240;10228
3028;15150939000;15140644444;15640644444;10240;10228
3025;15151142000;15099388888;15599388888;10240;10228
3027;15151358000;15099388888;15599388888;10240;10228
3029;15151368000;15140644444;15640644444;10240;10228
3030;15151563000;15140644444;15640644444;10240;10228
3031;15151750000;15140644444;15640644444;10240;10228
3032;15151762000;15140644444;15640644444;10240;10228
3033;15151963000;15140644444;15640644444;10240;10228
3035;15151974000;15140688888;15640688888;10240;10228
3021;15171951000;15099011111;15599011111;10240;10228
3036;15192589000;15140966666;15640966666;10240;10228
3038;15192604000;15140966666;15640966666;10240;10228
3037;15192807000;15140966666;15640966666;10240;10228
3039;15193007000;15182311111;15682311111;10240;10228
3040;15193012000;15182311111;15682311111;10240;10228
3041;15193229000;15182311111;15682311111;10240;10228
3042;15193434000;15182311111;15682311111;10240;10228
3043;15193446000;15182311111;15682311111;10240;10228
3044;15193627000;15182311111;15682311111;10240;10228
3045;15193639000;15182311111;15682311111;10240;10228
3046;15193824000;15182355555;15682355555;10240;10228
3034;15213637000;15140644444;15640644444;10240;10228
3048;15234285000;15182611111;15682611111;10240;10228
3050;15234312000;15224011111;15724011111;10240;10228
3047;15234507000;15182611111;15682611111;10240;10228
3049;15234710000;15182611111;15682611111;10240;10228
3051;15234738000;15224011111;15724011111;10240;10228
3052;15234918000;15224011111;15724011111;10240;10228
3053;15235157000;15224011111;15724011111;10240;10228
3054;15235166000;15224011111;15724011111;10240;10228
3055;15235334000;15224011111;15724011111;10240;10228
3056;15235343000;15224011111;15724011111;10240;10228
3057;15235541000;15224055555;15724055555;10240;10228
3058;15275920000;15224388888;15724388888;10240;10228
3060;15275936000;15224388888;15724388888;10240;10228
3059;15276123000;15224388888;15724388888;10240;10228
3061;15276365000;15265655555;15765655555;10240;10228
3062;15276376000;15265655555;15765655555;10240;10228
3063;15276526000;15265655555;15765655555;10240;10228
3064;15276762000;15265655555;15765655555;10240;10228
3065;15276781000;15265655555;15765655555;10240;10228
3066;15276986000;15265655555;15765655555;10240;10228
3067;15276996000;15265655555;15765655555;10240;10228
3068;15277209000;15265700000;15765700000;10240;10228
3070;15317636000;15265977777;15765977777;10240;10228
3069;15317805000;15265977777;15765977777;10240;10228
3071;15318004000;15265977777;15765977777;10240;10228
3074;15318010000;15307311111;15807311111;10240;10228
3075;15318223000;15307311111;15807311111;10240;10228
3076;15318433000;15307311111;15807311111;10240;10228
3077;15318443000;15307311111;15807311111;10240;10228
3078;15318584000;15307311111;15807311111;10240;10228
3079;15318605000;15307355555;15807355555;10240;10228
3073;15339032000;15307311111;15807311111;10240;10228
3080;15359250000;15307655555;15807655555;10240;10228
3081;15359478000;15307655555;15807655555;10240;10228
3082;15359682000;15307655555;15807655555;10240;10228
3084;15359692000;15348988888;15848988888;10240;10228
3085;15359884000;15348988888;15848988888;10240;10228
3086;15360072000;15348988888;15848988888;10240;10228
3087;15360093000;15348988888;15848988888;10240;10228
3088;15360301000;15348988888;15848988888;10240;10228
3089;15360312000;15348988888;15848988888;10240;10228
3090;15360504000;15349188888;15849188888;10240;10228
3083;15380505000;15348988888;15848988888;10240;10228
3092;15400955000;15349466666;15849466666;10240;10228
3091;15401175000;15349466666;15849466666;10240;10228
3093;15401388000;15349466666;15849466666;10240;10228
3094;15401397000;15390677777;15890677777;10240;10228
3095;15401592000;15390677777;15890677777;10240;10228
3096;15401779000;15390677777;15890677777;10240;10228
3097;15401800000;15390677777;15890677777;10240;10228
3098;15401993000;15390677777;15890677777;10240;10228
3099;15402004000;15390677777;15890677777;10240;10228
3100;15402202000;15390677777;15890677777;10240;10228
3101;15402213000;15390722222;15890722222;10240;10228
3072;15421345000;15307311111;15807311111;10240;10228
3102;15442590000;15390977777;15890977777;10240;10228
3103;15442802000;15390977777;15890977777;10240;10228
3105;15443033000;15432344444;15932344444;10240;10228
3106;15443040000;15432344444;15932344444;10240;10228
3107;15443253000;15432344444;15932344444;10240;10228
3108;15443469000;15432344444;15932344444;10240;10228
3109;15443481000;15432344444;15932344444;10240;10228
3110;15443614000;15432344444;15932344444;10240;10228
3111;15443632000;15432344444;15932344444;10240;10228
3112;15443853000;15432388888;15932388888;10240;10228
3114;15484285000;15432644444;15932644444;10240;10228
3115;15484489000;15432644444;15932644444;10240;10228
3116;15484688000;15473977777;15973977777;10240;10228
3118;15484699000;15473977777;15973977777;10240;10228
3121;15484893000;15473977777;15973977777;10240;10228
3122;15485064000;15473977777;15973977777;10240;10228
3123;15485076000;15474022222;15974022222;10240;10228
3113;15505301000;15432644444;15932644444;10240;10228
3117;15505715000;15473977777;15973977777;10240;10228
3119;15505914000;15473977777;15973977777;10240;10228
3120;15505926000;15473977777;15973977777;10240;10228
3124;15526011000;15474355555;15974355555;10240;10228
3125;15526185000;15474355555;15974355555;10240;10228
3126;15526387000;15474355555;15974355555;10240;10228
3127;15526406000;15515822222;16015822222;10240;10228
3128;15526594000;15515822222;16015822222;10240;10228
3129;15526790000;15515822222;16015822222;10240;10228
3130;15526801000;15515822222;16015822222;10240;10228
3131;15527001000;15515822222;16015822222;10240;10228
3132;15527015000;15515822222;16015822222;10240;10228
3133;15527213000;15515822222;16015822222;10240;10228
3104;15546454000;15390977777;15890977777;10240;10228
3136;15567615000;15516433333;16016433333;10240;10228
3138;15567631000;15557344444;16057344444;10240;10228
3135;15567835000;15516433333;16016433333;10240;10228
3137;15568037000;15516433333;16016433333;10240;10228
3139;15568048000;15557344444;16057344444;10240;10228
3140;15568257000;15557344444;16057344444;10240;10228
3141;15568464000;15557344444;16057344444;10240;10228
3142;15568475000;15557344444;16057344444;10240;10228
3143;15568665000;15557344444;16057344444;10240;10228
3144;15568674000;15557344444;16057344444;10240;10228
3145;15568865000;15557388888;16057388888;10240;10228
3134;15588541000;15516111111;16016111111;10240;10228
3147;15609319000;15557666666;16057666666;10240;10228
3149;15609350000;15598977777;16098977777;10240;10228
3146;15609485000;15557666666;16057666666;10240;10228
3148;15609685000;15557666666;16057666666;10240;10228
3150;15609712000;15598977777;16098977777;10240;10228
3151;15609889000;15598977777;16098977777;10240;10228
3152;15610061000;15598977777;16098977777;10240;10228
3153;15610075000;15598977777;16098977777;10240;10228
3154;15610295000;15598977777;16098977777;10240;10228
3155;15610306000;15598977777;16098977777;10240;10228
3156;15610502000;15599022222;16099022222;10240;10228
3157;15650980000;15599377777;16099377777;10240;10228
3159;15650993000;15599377777;16099377777;10240;10228
3158;15651144000;15599377777;16099377777;10240;10228
3160;15651355000;15640644444;16140644444;10240;10228
3161;15651367000;15640644444;16140644444;10240;10228
3162;15651551000;15640644444;16140644444;10240;10228
3163;15651750000;15640644444;16140644444;10240;10228
3164;15651761000;15640644444;16140644444;10240;10228
3165;15651965000;15640644444;16140644444;10240;10228
3166;15651984000;15640644444;16140644444;10240;10228
3167;15652176000;15640688888;16140688888;10240;10228
3169;15692638000;15640977777;16140977777;10240;10228
3171;15692664000;15682311111;16182311111;10240;10228
3172;15692815000;15682311111;16182311111;10240;10228
3173;15693016000;15682311111;16182311111;10240;10228
3174;15693022000;15682311111;16182311111;10240;10228
3175;15693236000;15682311111;16182311111;10240;10228
3176;15693445000;15682311111;16182311111;10240;10228
3177;15693454000;15682311111;16182311111;10240;10228
3178;15693628000;15682355555;16182355555;10240;10228
3179;15734279000;15682622222;16182622222;10240;10228
3181;15734294000;15682622222;16182622222;10240;10228
3180;15734510000;15682622222;16182622222;10240;10228
3182;15734709000;15724011111;16224011111;10240;10228
3183;15734721000;15724011111;16224011111;10240;10228
3184;15734913000;15724011111;16224011111;10240;10228
3185;15735157000;15724011111;16224011111;10240;10228
3186;15735166000;15724011111;16224011111;10240;10228
3187;15735336000;15724011111;16224011111;10240;10228
3188;15735346000;15724011111;16224011111;10240;10228
3191;15775931000;15724400000;16224400000;10240;10228
3193;15775945000;15765644444;16265644444;10240;10228
3192;15776157000;15724400000;16224400000;10240;10228
3194;15776364000;15765644444;16265644444;10240;10228
3195;15776376000;15765644444;16265644444;10240;10228
3196;15776572000;15765644444;16265644444;10240;10228
3197;15776760000;15765644444;16265644444;10240;10228
3200;15776772000;15765688888;16265688888;10240;10228
3189;15796881000;15724055555;16224055555;10240;10228
3201;15817668000;15765955555;16265955555;10240;10228
3202;15817834000;15765955555;16265955555;10240;10228
3203;15818038000;15765955555;16265955555;10240;10228
3204;15818052000;15807344444;16307344444;10240;10228
3205;15818259000;15807344444;16307344444;10240;10228
3207;15818464000;15807344444;16307344444;10240;10228
3208;15818475000;15807344444;16307344444;10240;10228
3209;15837993000;15807344444;16307344444;10240;10228
3210;15838456000;15807344444;16307344444;10240;10228
3198;15838471000;15765644444;16265644444;10240;10228
3199;15838489000;15765644444;16265644444;10240;10228
3211;15838681000;15807377777;16307377777;10240;10228
3206;15858879000;15807344444;16307344444;10240;10228
3212;15859513000;15807666666;16307666666;10240;10228
3213;15859712000;15807666666;16307666666;10240;10228
3214;15859723000;15807666666;16307666666;10240;10228
3220;15859915000;15849011111;16349011111;10240;10228
3221;15879234000;15849011111;16349011111;10240;10228
3222;15880006000;15849055555;16349055555;10240;10228
3224;15900951000;15849400000;16349400000;10240;10228
3223;15901175000;15849400000;16349400000;10240;10228
3225;15901388000;15849400000;16349400000;10240;10228
3226;15901400000;15890677777;16390677777;10240;10228
3227;15901591000;15890677777;16390677777;10240;10228
3215;15921612000;15849011111;16349011111;10240;10228
3216;15921644000;15849011111;16349011111;10240;10228
3218;15921918000;15849011111;16349011111;10240;10228
3219;15922151000;15849011111;16349011111;10240;10228
3229;15922340000;15890677777;16390677777;10240;10228
3230;15922350000;15890677777;16390677777;10240;10228
3232;15922544000;15890677777;16390677777;10240;10228
3233;15922555000;15890700000;16390700000;10240;10228
3234;15942936000;15890977777;16390977777;10240;10228
3235;15943139000;15890977777;16390977777;10240;10228
3236;15943354000;15890977777;16390977777;10240;10228
3237;15943365000;15932444444;16432444444;10240;10228
3238;15943553000;15932444444;16432444444;10240;10228
3239;15943563000;15932444444;16432444444;10240;10228
3240;15943713000;15932444444;16432444444;10240;10228
3241;15943732000;15932444444;16432444444;10240;10228
3231;15963505000;15890677777;16390677777;10240;10228
3242;15963754000;15932444444;16432444444;10240;10228
3243;15963947000;15932444444;16432444444;10240;10228
3244;15964117000;15932488888;16432488888;10240;10228
3245;15984536000;15932766666;16432766666;10240;10228
3246;15984737000;15932766666;16432766666;10240;10228
3247;15984750000;15932766666;16432766666;10240;10228
3248;15984940000;15974044444;16474044444;10240;10228
3249;15985146000;15974044444;16474044444;10240;10228
3250;15985155000;15974044444;16474044444;10240;10228
3251;15985361000;15974044444;16474044444;10240;10228
3252;15985370000;15974044444;16474044444;10240;10228
3253;15985567000;15974044444;16474044444;10240;10228
3255;16005240000;15974211111;16474211111;10240;10228
3256;16026194000;15974511111;16474511111;10240;10228
3257;16026364000;15974511111;16474511111;10240;10228
3258;16026562000;15974511111;16474511111;10240;10228
3259;16026573000;16015677777;16515677777;10240;10228
3260;16026767000;16015677777;16515677777;10240;10228
3261;16026777000;16015677777;16515677777;10240;10228
3262;16026970000;16015677777;16515677777;10240;10228
3263;16026982000;16015677777;16515677777;10240;10228
3254;16046802000;15974044444;16474044444;10240;10228
3264;16046818000;16015677777;16515677777;10240;10228
3265;16046992000;16015677777;16515677777;10240;10228
3266;16047205000;16015711111;16515711111;10240;10228
3267;16067906000;16015977777;16515977777;10240;10228
3268;16068109000;16015977777;16515977777;10240;10228
3269;16068321000;16015977777;16515977777;10240;10228
3271;16068332000;16057411111;16557411111;10240;10228
3272;16068527000;16057411111;16557411111;10240;10228
3273;16068538000;16057411111;16557411111;10240;10228
3274;16068724000;16057411111;16557411111;10240;10228
3275;16068734000;16057411111;16557411111;10240;10228
3276;16088486000;16057411111;16557411111;10240;10228
3277;16088685000;16057455555;16557455555;10240;10228
3270;16089154000;16057411111;16557411111;10240;10228
3278;16109507000;16057711111;16557711111;10240;10228
3279;16109713000;16057711111;16557711111;10240;10228
3280;16109722000;16057711111;16557711111;10240;10228
3281;16109917000;16099011111;16599011111;10240;10228
3282;16110128000;16099011111;16599011111;10240;10228
3283;16110139000;16099011111;16599011111;10240;10228
3284;16110330000;16099011111;16599011111;10240;10228
3285;16110341000;16099011111;16599011111;10240;10228
3286;16110539000;16099011111;16599011111;10240;10228
3290;16151153000;16099422222;16599422222;10240;10228
3291;16151369000;16099422222;16599422222;10240;10228
3293;16151378000;16140644444;16640644444;10240;10228
3294;16151571000;16140644444;16640644444;10240;10228
3295;16151756000;16140644444;16640644444;10240;10228
3288;16171891000;16099044444;16599044444;10240;10228
3289;16171913000;16099422222;16599422222;10240;10228
3298;16171944000;16140644444;16640644444;10240;10228
3287;16172157000;16099011111;16599011111;10240;10228
3299;16172184000;16140677777;16640677777;10240;10228
3292;16172404000;16140644444;16640644444;10240;10228
3228;16192523000;15890677777;16390677777;10240;10228
3300;16192886000;16140955555;16640955555;10240;10228
3301;16193208000;16140955555;16640955555;10240;10228
3302;16193412000;16140955555;16640955555;10240;10228
3303;16193609000;16182788888;16682788888;10240;10228
3304;16193623000;16182788888;16682788888;10240;10228
3305;16193812000;16182788888;16682788888;10240;10228
3306;16213081000;16182788888;16682788888;10240;10228
3296;16213632000;16140644444;16640644444;10240;10228
3297;16213949000;16140644444;16640644444;10240;10228
3307;16214171000;16182788888;16682788888;10240;10228
3308;16214181000;16182788888;16682788888;10240;10228
3309;16214371000;16182788888;16682788888;10240;10228
3310;16214381000;16182811111;16682811111;10240;10228
3311;16234604000;16183077777;16683077777;10240;10228
3312;16234797000;16183077777;16683077777;10240;10228
3313;16235010000;16183077777;16683077777;10240;10228
3315;16235019000;16224122222;16724122222;10240;10228
3316;16235217000;16224122222;16724122222;10240;10228
3317;16235420000;16224122222;16724122222;10240;10228
3318;16235432000;16224122222;16724122222;10240;10228
3319;16235622000;16224122222;16724122222;10240;10228
3320;16255235000;16224122222;16724122222;10240;10228
3321;16255440000;16224722222;16724722222;10240;10228
3314;16255998000;16224122222;16724122222;10240;10228
3322;16276179000;16225044444;16725044444;10240;10228
3323;16276388000;16225044444;16725044444;10240;10228
3324;16276407000;16225044444;16725044444;10240;10228
3325;16276592000;16265677777;16765677777;10240;10228
3326;16276787000;16265677777;16765677777;10240;10228
3327;16276797000;16265677777;16765677777;10240;10228
3328;16276996000;16265677777;16765677777;10240;10228
3329;16277006000;16265677777;16765677777;10240;10228
3330;16277212000;16265677777;16765677777;10240;10228
3331;16296764000;16265677777;16765677777;10240;10228
3332;16296967000;16265722222;16765722222;10240;10228
3333;16317842000;16266044444;16766044444;10240;10228
3334;16318063000;16266044444;16766044444;10240;10228
3335;16318075000;16266044444;16766044444;10240;10228
3336;16318256000;16307344444;16807344444;10240;10228
3337;16318475000;16307344444;16807344444;10240;10228
3338;16318484000;16307344444;16807344444;10240;10228
3339;16318664000;16307344444;16807344444;10240;10228
3340;16318673000;16307344444;16807344444;10240;10228
3341;16318865000;16307344444;16807344444;10240;10228
3342;16338436000;16307344444;16807344444;10240;10228
3343;16338639000;16307377777;16807377777;10240;10228
3344;16359511000;16307688888;16807688888;10240;10228
3345;16359712000;16307688888;16807688888;10240;10228
3347;16359723000;16349011111;16849011111;10240;10228
3348;16359914000;16349011111;16849011111;10240;10228
3349;16360125000;16349011111;16849011111;10240;10228
3352;16360136000;16349011111;16849011111;10240;10228
3353;16380114000;16349011111;16849011111;10240;10228
3354;16380406000;16349044444;16849044444;10240;10228
3346;16380838000;16307688888;16807688888;10240;10228
3350;16400807000;16349011111;16849011111;10240;10228
3351;16400848000;16349011111;16849011111;10240;10228
3355;16401171000;16349366666;16849366666;10240;10228
3356;16401388000;16349366666;16849366666;10240;10228
3357;16401398000;16349366666;16849366666;10240;10228
3358;16401581000;16390677777;16890677777;10240;10228
3359;16401778000;16390677777;16890677777;10240;10228
3360;16401789000;16390677777;16890677777;10240;10228
3361;16401990000;16390677777;16890677777;10240;10228
3362;16402001000;16390677777;16890677777;10240;10228
3363;16402205000;16390677777;16890677777;10240;10228
3364;16421777000;16390677777;16890677777;10240;10228
3365;16421982000;16390711111;16890711111;10240;10228
3366;16442836000;16391000000;16891000000;10240;10228
3367;16443041000;16391000000;16891000000;10240;10228
3368;16443069000;16391000000;16891000000;10240;10228
3371;16443252000;16432344444;16932344444;10240;10228
3374;16443453000;16432344444;16932344444;10240;10228
3375;16463443000;16432344444;16932344444;10240;10228
3376;16463645000;16432388888;16932388888;10240;10228
3370;16483875000;16432344444;16932344444;10240;10228
3372;16483995000;16432344444;16932344444;10240;10228
3369;16484054000;16432344444;16932344444;10240;10228
3373;16484288000;16432344444;16932344444;10240;10228
3377;16484460000;16432644444;16932644444;10240;10228
3378;16484694000;16432644444;16932644444;10240;10228
3379;16484714000;16432644444;16932644444;10240;10228
3380;16484898000;16474011111;16974011111;10240;10228
3382;16485067000;16474011111;16974011111;10240;10228
3383;16485097000;16474011111;16974011111;10240;10228
3384;16504724000;16474011111;16974011111;10240;10228
3385;16504925000;16474011111;16974011111;10240;10228
3386;16505124000;16474011111;16974011111;10240;10228
3387;16505341000;16474044444;16974044444;10240;10228
3381;16525372000;16474011111;16974011111;10240;10228
3388;16526172000;16474388888;16974388888;10240;10228
3389;16526388000;16474388888;16974388888;10240;10228
3390;16526397000;16474388888;16974388888;10240;10228
3391;16526593000;16515677777;17015677777;10240;10228
3392;16526780000;16515677777;17015677777;10240;10228
3393;16526791000;16515677777;17015677777;10240;10228
3394;16526991000;16515677777;17015677777;10240;10228
3395;16527003000;16515677777;17015677777;10240;10228
3396;16545963000;16515677777;17015677777;10240;10228
3397;16546979000;16515677777;17015677777;10240;10228
3398;16547187000;16515711111;17015711111;10240;10228
3399;16567840000;16516000000;17016000000;10240;10228
3402;16568046000;16557344444;17057344444;10240;10228
3403;16568071000;16557344444;17057344444;10240;10228
3404;16568255000;16557344444;17057344444;10240;10228
3405;16568460000;16557344444;17057344444;10240;10228
3406;16568472000;16557344444;17057344444;10240;10228
3407;16568655000;16557344444;17057344444;10240;10228
3408;16588643000;16557344444;17057344444;10240;10228
3400;16588737000;16516000000;17016000000;10240;10228
3409;16588853000;16557377777;17057377777;10240;10228
3401;16589050000;16516000000;17016000000;10240;10228
3410;16609510000;16557666666;17057666666;10240;10228
3411;16609711000;16557666666;17057666666;10240;10228
3412;16609722000;16557666666;17057666666;10240;10228
3414;16609917000;16599022222;17099022222;10240;10228
3415;16610126000;16599022222;17099022222;10240;10228
3416;16610138000;16599022222;17099022222;10240;10228
3418;16610332000;16599022222;17099022222;10240;10228
3419;16630117000;16599022222;17099022222;10240;10228
3420;16630321000;16599200000;17099200000;10240;10228
3413;16630812000;16599022222;17099022222;10240;10228
3421;16651179000;16599511111;17099511111;10240;10228
3422;16651383000;16599511111;17099511111;10240;10228
3423;16651392000;16599511111;17099511111;10240;10228
3424;16651581000;16640677777;17140677777;10240;10228
3425;16651772000;16640677777;17140677777;10240;10228
3426;16651798000;16640677777;17140677777;10240;10228
3427;16651964000;16640677777;17140677777;10240;10228
3428;16652200000;16640677777;17140677777;10240;10228
3417;16671836000;16599022222;17099022222;10240;10228
3429;16671996000;16640677777;17140677777;10240;10228
3430;16672220000;16640677777;17140677777;10240;10228
3431;16672229000;16640711111;17140711111;10240;10228
3432;16692834000;16641022222;17141022222;10240;10228
3434;16693050000;16641022222;17141022222;10240;10228
3435;16693265000;16682555555;17182555555;10240;10228
3436;16693275000;16682555555;17182555555;10240;10228
3437;16693465000;16682555555;17182555555;10240;10228
3438;16693664000;16682555555;17182555555;10240;10228
3439;16693674000;16682555555;17182555555;10240;10228
3440;16693859000;16682555555;17182555555;10240;10228
3441;16713417000;16682555555;17182555555;10240;10228
3442;16713618000;16682588888;17182588888;10240;10228
3433;16713864000;16641022222;17141022222;10240;10228
3443;16734512000;16682855555;17182855555;10240;10228
3444;16734710000;16682855555;17182855555;10240;10228
3446;16734721000;16724011111;17224011111;10240;10228
3447;16734912000;16724011111;17224011111;10240;10228
3448;16735127000;16724011111;17224011111;10240;10228
3449;16735137000;16724011111;17224011111;10240;10228
3450;16735335000;16724011111;17224011111;10240;10228
3451;16735345000;16724011111;17224011111;10240;10228
3452;16755089000;16724011111;17224011111;10240;10228
3453;16755297000;16724044444;17224044444;10240;10228
3445;16755506000;16682855555;17182855555;10240;10228
3454;16776147000;16724388888;17224388888;10240;10228
3455;16776353000;16724388888;17224388888;10240;10228
3456;16776364000;16724388888;17224388888;10240;10228
3457;16776553000;16765644444;17265644444;10240;10228
3458;16776753000;16765644444;17265644444;10240;10228
3459;16776762000;16765644444;17265644444;10240;10228
3461;16776962000;16765644444;17265644444;10240;10228
3462;16776985000;16765644444;17265644444;10240;10228
3463;16796742000;16765644444;17265644444;10240;10228
3464;16796940000;16765688888;17265688888;10240;10228
3460;16817153000;16765644444;17265644444;10240;10228
3465;16817811000;16765955555;17265955555;10240;10228
3466;16818012000;16765955555;17265955555;10240;10228
3467;16818023000;16765955555;17265955555;10240;10228
3468;16818223000;16807311111;17307311111;10240;10228
3470;16818432000;16807311111;17307311111;10240;10228
3471;16818454000;16807311111;17307311111;10240;10228
3472;16818633000;16807311111;17307311111;10240;10228
3473;16818643000;16807311111;17307311111;10240;10228
3474;16838395000;16807311111;17307311111;10240;10228
3475;16838600000;16807355555;17307355555;10240;10228
3469;16839035000;16807311111;17307311111;10240;10228
3476;16859519000;16807644444;17307644444;10240;10228
3477;16859721000;16807644444;17307644444;10240;10228
3478;16859733000;16807644444;17307644444;10240;10228
3479;16859922000;16849233333;17349233333;10240;10228
3480;16860127000;16849233333;17349233333;10240;10228
3481;16860136000;16849233333;17349233333;10240;10228
3482;16860343000;16849233333;17349233333;10240;10228
3483;16860353000;16849233333;17349233333;10240;10228
3484;16860541000;16849233333;17349233333;10240;10228
3485;16880108000;16849233333;17349233333;10240;10228
3486;16880315000;16849266666;17349266666;10240;10228
3487;16901178000;16849577777;17349577777;10240;10228
3488;16901383000;16849577777;17349577777;10240;10228
3489;16901394000;16849577777;17349577777;10240;10228
3494;16901580000;16890677777;17390677777;10240;10228
3495;16901792000;16890677777;17390677777;10240;10228
3496;16921788000;16890677777;17390677777;10240;10228
3490;16942223000;16890677777;17390677777;10240;10228
3491;16942252000;16890677777;17390677777;10240;10228
3492;16942533000;16890677777;17390677777;10240;10228
3493;16942726000;16890677777;17390677777;10240;10228
3498;16942930000;16891011111;17391011111;10240;10228
3499;16942954000;16891011111;17391011111;10240;10228
3500;16943095000;16891011111;17391011111;10240;10228
3502;16943340000;16932344444;17432344444;10240;10228
3503;16943360000;16932344444;17432344444;10240;10228
3504;16943536000;16932344444;17432344444;10240;10228
3505;16963123000;16932344444;17432344444;10240;10228
3506;16963334000;16932344444;17432344444;10240;10228
3507;16963536000;16932344444;17432344444;10240;10228
3497;16963557000;16890722222;17390722222;10240;10228
3508;16963714000;16932377777;17432377777;10240;10228
3501;16964307000;16932344444;17432344444;10240;10228
3510;16984524000;16932655555;17432655555;10240;10228
3513;16984735000;16974011111;17474011111;10240;10228
3514;16984748000;16974011111;17474011111;10240;10228
3515;16984941000;16974011111;17474011111;10240;10228
3516;16985171000;16974011111;17474011111;10240;10228
3517;16985190000;16974011111;17474011111;10240;10228
3518;17005340000;16974011111;17474011111;10240;10228
3519;17005527000;16974055555;17474055555;10240;10228
3512;17005552000;16974011111;17474011111;10240;10228
3511;17005751000;16932655555;17432655555;10240;10228
3520;17026228000;16974411111;17474411111;10240;10228
3521;17026541000;16974411111;17474411111;10240;10228
3522;17026741000;16974411111;17474411111;10240;10228
3523;17026768000;17016066666;17516066666;10240;10228
3524;17026944000;17016066666;17516066666;10240;10228
3525;17027147000;17016066666;17516066666;10240;10228
3526;17027162000;17016066666;17516066666;10240;10228
3527;17027367000;17016066666;17516066666;10240;10228
3528;17046874000;17016066666;17516066666;10240;10228
3531;17067847000;17016411111;17516411111;10240;10228
3532;17068063000;17016411111;17516411111;10240;10228
3533;17068110000;17016411111;17516411111;10240;10228
3534;17068279000;17057344444;17557344444;10240;10228
3535;17068471000;17057344444;17557344444;10240;10228
3536;17068484000;17057344444;17557344444;10240;10228
3537;17068675000;17057344444;17557344444;10240;10228
3538;17088480000;17057344444;17557344444;10240;10228
3539;17088732000;17057344444;17557344444;10240;10228
3529;17088927000;17016066666;17516066666;10240;10228
3530;17088964000;17016111111;17516111111;10240;10228
3541;17089141000;17057377777;17557377777;10240;10228
3542;17109765000;17057677777;17557677777;10240;10228
3543;17109960000;17057677777;17557677777;10240;10228
3544;17109969000;17057677777;17557677777;10240;10228
3545;17110177000;17099433333;17599433333;10240;10228
3547;17110375000;17099433333;17599433333;10240;10228
3548;17110403000;17099433333;17599433333;10240;10228
3549;17130411000;17099433333;17599433333;10240;10228
3540;17130648000;17057344444;17557344444;10240;10228
3550;17130819000;17099433333;17599433333;10240;10228
3551;17130831000;17099433333;17599433333;10240;10228
3552;17130985000;17099466666;17599466666;10240;10228
3546;17151066000;17099433333;17599433333;10240;10228
3554;17151350000;17099766666;17599766666;10240;10228
3555;17151527000;17099766666;17599766666;10240;10228
3556;17151737000;17140811111;17640811111;10240;10228
3557;17151756000;17140811111;17640811111;10240;10228
3558;17151950000;17140811111;17640811111;10240;10228
3559;17151960000;17140811111;17640811111;10240;10228
3560;17171720000;17140811111;17640811111;10240;10228
3561;17171931000;17140811111;17640811111;10240;10228
3562;17172141000;17140811111;17640811111;10240;10228
3553;17172593000;17099766666;17599766666;10240;10228
3564;17192885000;17141588888;17641588888;10240;10228
3566;17193036000;17141588888;17641588888;10240;10228
3567;17193282000;17182344444;17682344444;10240;10228
3568;17193293000;17182344444;17682344444;10240;10228
3569;17193476000;17182344444;17682344444;10240;10228
3570;17193488000;17182344444;17682344444;10240;10228
3571;17193635000;17182344444;17682344444;10240;10228
3572;17203897000;17182344444;17682344444;10240;10228
3573;17203910000;17182344444;17682344444;10240;10228
3574;17203932000;17182377777;17682377777;10240;10228
3576;17234286000;17182655555;17682655555;10240;10228
3578;17234320000;17224011111;17724011111;10240;10228
3580;17234348000;17224011111;17724011111;10240;10228
3582;17234368000;17224011111;17724011111;10240;10228
3584;17234385000;17224011111;17724011111;10240;10228
3575;17234518000;17182655555;17682655555;10240;10228
3577;17234720000;17182655555;17682655555;10240;10228
3579;17234746000;17224011111;17724011111;10240;10228
3581;17234917000;17224011111;17724011111;10240;10228
3583;17235150000;17224011111;17724011111;10240;10228
3585;17235190000;17224055555;17724055555;10240;10228
3586;17275953000;17224400000;17724400000;10240;10228
3588;17275981000;17224400000;17724400000;10240;10228
3590;17276007000;17265677777;17765677777;10240;10228
3592;17276038000;17265677777;17765677777;10240;10228
3594;17276075000;17265677777;17765677777;10240;10228
3596;17276102000;17265722222;17765722222;10240;10228
3587;17276153000;17224400000;17724400000;10240;10228
3589;17276353000;17265677777;17765677777;10240;10228
3591;17276558000;17265677777;17765677777;10240;10228
3593;17276588000;17265677777;17765677777;10240;10228
3595;17276750000;17265677777;17765677777;10240;10228
3598;17317639000;17266011111;17766011111;10240;10228
3600;17317667000;17307344444;17807344444;10240;10228
3602;17317696000;17307344444;17807344444;10240;10228
3604;17317715000;17307344444;17807344444;10240;10228
3606;17317731000;17307344444;17807344444;10240;10228
3597;17317854000;17266011111;17766011111;10240;10228
3599;17318066000;17266011111;17766011111;10240;10228
3601;17318096000;17307344444;17807344444;10240;10228
3603;17318251000;17307344444;17807344444;10240;10228
3605;17318457000;17307344444;17807344444;10240;10228
3607;17318484000;17307388888;17807388888;10240;10228
3608;17359265000;17307688888;17807688888;10240;10228
3610;17359285000;17307688888;17807688888;10240;10228
3612;17359322000;17349011111;17849011111;10240;10228
3618;17359348000;17349055555;17849055555;10240;10228
3609;17359510000;17307688888;17807688888;10240;10228
3611;17359715000;17349011111;17849011111;10240;10228
3613;17359740000;17349011111;17849011111;10240;10228
3615;17359939000;17349011111;17849011111;10240;10228
3617;17360153000;17349011111;17849011111;10240;10228
3620;17400994000;17349377777;17849377777;10240;10228
3624;17401034000;17390677777;17890677777;10240;10228
3626;17401084000;17390677777;17890677777;10240;10228
3628;17401124000;17390677777;17890677777;10240;10228
3619;17401163000;17349377777;17849377777;10240;10228
3621;17401373000;17349377777;17849377777;10240;10228
3623;17401574000;17390677777;17890677777;10240;10228
3625;17401587000;17390677777;17890677777;10240;10228
3627;17401746000;17390677777;17890677777;10240;10228
3629;17401760000;17390722222;17890722222;10240;10228
3614;17421771000;17349011111;17849011111;10240;10228
3616;17421975000;17349011111;17849011111;10240;10228
3622;17422184000;17390677777;17890677777;10240;10228
3630;17442627000;17391000000;17891000000;10240;10228
3632;17442648000;17391000000;17891000000;10240;10228
3634;17442679000;17432355555;17932355555;10240;10228
3636;17442707000;17432355555;17932355555;10240;10228
3638;17442725000;17432355555;17932355555;10240;10228
3640;17442741000;17432400000;17932400000;10240;10228
3633;17442821000;17432355555;17932355555;10240;10228
3635;17443013000;17432355555;17932355555;10240;10228
3637;17443226000;17432355555;17932355555;10240;10228
3639;17443310000;17432355555;17932355555;10240;10228
3631;17464168000;17391000000;17891000000;10240;10228
3642;17484239000;17432666666;17932666666;10240;10228
3644;17484275000;17473988888;17973988888;10240;10228
3646;17484303000;17473988888;17973988888;10240;10228
3648;17484322000;17473988888;17973988888;10240;10228
3641;17484504000;17432666666;17932666666;10240;10228
3643;17484706000;17432666666;17932666666;10240;10228
3647;17484745000;17473988888;17973988888;10240;10228
3649;17484895000;17473988888;17973988888;10240;10228
3651;17484912000;17474033333;17974033333;10240;10228
3645;17505750000;17473988888;17973988888;10240;10228
3652;17525919000;17474411111;17974411111;10240;10228
3654;17525946000;17474411111;17974411111;10240;10228
3656;17525971000;17515644444;18015644444;10240;10228
3658;17526023000;17515644444;18015644444;10240;10228
3660;17526085000;17515644444;18015644444;10240;10228
3662;17526114000;17515700000;18015700000;10240;10228
3653;17526140000;17474411111;17974411111;10240;10228
3655;17526317000;17515644444;18015644444;10240;10228
3657;17526517000;17515644444;18015644444;10240;10228
3659;17526583000;17515644444;18015644444;10240;10228
3661;17526716000;17515644444;18015644444;10240;10228
3650;17546589000;17473988888;17973988888;10240;10228
3664;17567592000;17516011111;18016011111;10240;10228
3668;17567618000;17557311111;18057311111;10240;10228
3670;17567648000;17557311111;18057311111;10240;10228
3663;17567802000;17516011111;18016011111;10240;10228
3665;17568006000;17516011111;18016011111;10240;10228
3667;17568024000;17557311111;18057311111;10240;10228
3669;17568225000;17557311111;18057311111;10240;10228
3671;17568430000;17557311111;18057311111;10240;10228
3673;17568441000;17557355555;18057355555;10240;10228
3676;17609258000;17557644444;18057644444;10240;10228
3678;17609273000;17598977777;18098977777;10240;10228
3680;17609300000;17598977777;18098977777;10240;10228
3682;17609311000;17598977777;18098977777;10240;10228
3675;17609490000;17557644444;18057644444;10240;10228
3677;17609690000;17598977777;18098977777;10240;10228
3679;17609703000;17598977777;18098977777;10240;10228
3681;17609894000;17598977777;18098977777;10240;10228
3683;17610078000;17598977777;18098977777;10240;10228
3666;17629885000;17557311111;18057311111;10240;10228
3672;17630174000;17557311111;18057311111;10240;10228
3686;17650963000;17599411111;18099411111;10240;10228
3688;17650978000;17640644444;18140644444;10240;10228
3690;17651002000;17640644444;18140644444;10240;10228
3692;17651017000;17640644444;18140644444;10240;10228
3694;17651037000;17640644444;18140644444;10240;10228
3685;17651171000;17599411111;18099411111;10240;10228
3687;17651358000;17599411111;18099411111;10240;10228
3691;17651368000;17640644444;18140644444;10240;10228
3693;17651565000;17640644444;18140644444;10240;10228
3695;17651576000;17640688888;18140688888;10240;10228
3684;17671559000;17599022222;18099022222;10240;10228
3689;17672397000;17640644444;18140644444;10240;10228
3696;17692605000;17640966666;18140966666;10240;10228
3698;17692619000;17640966666;18140966666;10240;10228
3700;17692653000;17682322222;18182322222;10240;10228
3702;17692782000;17682322222;18182322222;10240;10228
3704;17692808000;17682322222;18182322222;10240;10228
3706;17692827000;17682533333;18182533333;10240;10228
3697;17692845000;17640966666;18140966666;10240;10228
3699;17693010000;17682322222;18182322222;10240;10228
3701;17693031000;17682322222;18182322222;10240;10228
3703;17693219000;17682322222;18182322222;10240;10228
3705;17693421000;17682322222;18182322222;10240;10228
3708;17734318000;17682788888;18182788888;10240;10228
3710;17734360000;17724011111;18224011111;10240;10228
3712;17734371000;17724011111;18224011111;10240;10228
3716;17734410000;17724011111;18224011111;10240;10228
3717;17734427000;17724055555;18224055555;10240;10228
3707;17734497000;17682788888;18182788888;10240;10228
3709;17734710000;17682788888;18182788888;10240;10228
3711;17734747000;17724011111;18224011111;10240;10228
3713;17734904000;17724011111;18224011111;10240;10228
3715;17735154000;17724011111;18224011111;10240;10228
3718;17775906000;17724377777;18224377777;10240;10228
3720;17775932000;17724377777;18224377777;10240;10228
3722;17775978000;17765644444;18265644444;10240;10228
3724;17776022000;17765644444;18265644444;10240;10228
3726;17776058000;17765644444;18265644444;10240;10228
3728;17776093000;17765688888;18265688888;10240;10228
3719;17776118000;17724377777;18224377777;10240;10228
3721;17776316000;17765644444;18265644444;10240;10228
3723;17776517000;17765644444;18265644444;10240;10228
3725;17776536000;17765644444;18265644444;10240;10228
3727;17776712000;17765644444;18265644444;10240;10228
3714;17796351000;17724011111;18224011111;10240;10228
3734;17817630000;17807344444;18307344444;10240;10228
3736;17817662000;17807344444;18307344444;10240;10228
3729;17817838000;17765955555;18265955555;10240;10228
3731;17818040000;17765955555;18265955555;10240;10228
3733;17818058000;17807344444;18307344444;10240;10228
3735;17818258000;17807344444;18307344444;10240;10228
3737;17818463000;17807344444;18307344444;10240;10228
3739;17818474000;17807388888;18307388888;10240;10228
3740;17859259000;17807666666;18307666666;10240;10228
3742;17859285000;17807666666;18307666666;10240;10228
3744;17859302000;17848977777;18348977777;10240;10228
3746;17859322000;17848977777;18348977777;10240;10228
3748;17859340000;17848977777;18348977777;10240;10228
3750;17859359000;17849022222;18349022222;10240;10228
3741;17859482000;17807666666;18307666666;10240;10228
3743;17859726000;17848977777;18348977777;10240;10228
3745;17859752000;17848977777;18348977777;10240;10228
3747;17859902000;17848977777;18348977777;10240;10228
3749;17860066000;17848977777;18348977777;10240;10228
3730;17879660000;17765955555;18265955555;10240;10228
3732;17879688000;17807344444;18307344444;10240;10228
3738;17879983000;17807344444;18307344444;10240;10228
3752;17901067000;17849344444;18349344444;10240;10228
3754;17901092000;17890688888;18390688888;10240;10228
3756;17901112000;17890688888;18390688888;10240;10228
3760;17901117000;17890688888;18390688888;10240;10228
3751;17901227000;17849344444;18349344444;10240;10228
3753;17901406000;17849344444;18349344444;10240;10228
3755;17901449000;17890688888;18390688888;10240;10228
3757;17901600000;17890688888;18390688888;10240;10228
3759;17901833000;17890688888;18390688888;10240;10228
3761;17901844000;17890733333;18390733333;10240;10228
3762;17942626000;17891022222;18391022222;10240;10228
3764;17942637000;17891022222;18391022222;10240;10228
3766;17942657000;17932311111;18432311111;10240;10228
3768;17942669000;17932311111;18432311111;10240;10228
3770;17942755000;17932311111;18432311111;10240;10228
3772;17942777000;17932355555;18432355555;10240;10228
3763;17942791000;17891022222;18391022222;10240;10228
3765;17942996000;17932311111;18432311111;10240;10228
3771;17943006000;17932311111;18432311111;10240;10228
3758;17963403000;17890688888;18390688888;10240;10228
3774;17984341000;17932633333;18432633333;10240;10228
3776;17984369000;17974011111;18474011111;10240;10228
3778;17984375000;17974011111;18474011111;10240;10228
3780;17984398000;17974011111;18474011111;10240;10228
3782;17984409000;17974011111;18474011111;10240;10228
3773;17984505000;17932633333;18432633333;10240;10228
3775;17984720000;17932633333;18432633333;10240;10228
3777;17984730000;17974011111;18474011111;10240;10228
3781;17984917000;17974011111;18474011111;10240;10228
3783;17984927000;17974055555;18474055555;10240;10228
3767;18005397000;17932311111;18432311111;10240;10228
3769;18005424000;17932311111;18432311111;10240;10228
3784;18025938000;17974377777;18474377777;10240;10228
3786;18025948000;17974377777;18474377777;10240;10228
3788;18025969000;18015644444;18515644444;10240;10228
3790;18026001000;18015644444;18515644444;10240;10228
3792;18026007000;18015644444;18515644444;10240;10228
3794;18026025000;18015688888;18515688888;10240;10228
3785;18026148000;17974377777;18474377777;10240;10228
3787;18026360000;18015644444;18515644444;10240;10228
3789;18026371000;18015644444;18515644444;10240;10228
3791;18026559000;18015644444;18515644444;10240;10228
3793;18026755000;18015644444;18515644444;10240;10228
3779;18047027000;17974011111;18474011111;10240;10228
3796;18067650000;18015966666;18515966666;10240;10228
3798;18067666000;18057311111;18557311111;10240;10228
3800;18067671000;18057311111;18557311111;10240;10228
3802;18067691000;18057311111;18557311111;10240;10228
3804;18067697000;18057311111;18557311111;10240;10228
3797;18067818000;18015966666;18515966666;10240;10228
3799;18068027000;18057311111;18557311111;10240;10228
3801;18068037000;18057311111;18557311111;10240;10228
3803;18068237000;18057311111;18557311111;10240;10228
3805;18068248000;18057355555;18557355555;10240;10228
3795;18088770000;18015966666;18515966666;10240;10228
3806;18109342000;18057622222;18557622222;10240;10228
3808;18109354000;18057622222;18557622222;10240;10228
3810;18109361000;18099011111;18599011111;10240;10228
3814;18109372000;18099011111;18599011111;10240;10228
3816;18109391000;18099055555;18599055555;10240;10228
3811;18109522000;18099011111;18599011111;10240;10228
3813;18109726000;18099011111;18599011111;10240;10228
3815;18109737000;18099011111;18599011111;10240;10228
3807;18130617000;18057622222;18557622222;10240;10228
3809;18130799000;18099011111;18599011111;10240;10228
3818;18151096000;18099400000;18599400000;10240;10228
3820;18151262000;18140766666;18640766666;10240;10228
3822;18151275000;18140766666;18640766666;10240;10228
3824;18151280000;18140766666;18640766666;10240;10228
3826;18151290000;18140766666;18640766666;10240;10228
3817;18151312000;18099400000;18599400000;10240;10228
3819;18151507000;18099400000;18599400000;10240;10228
3821;18151517000;18140766666;18640766666;10240;10228
3827;18151665000;18140955555;18640955555;10240;10228
3812;18171730000;18099011111;18599011111;10240;10228
3828;18192645000;18141266666;18641266666;10240;10228
3830;18192662000;18141266666;18641266666;10240;10228
3832;18192683000;18182311111;18682311111;10240;10228
3834;18192698000;18182311111;18682311111;10240;10228
3836;18192726000;18182311111;18682311111;10240;10228
3838;18192733000;18182355555;18682355555;10240;10228
3829;18192829000;18141266666;18641266666;10240;10228
3831;18193017000;18182311111;18682311111;10240;10228
3835;18193027000;18182311111;18682311111;10240;10228
3837;18193227000;18182311111;18682311111;10240;10228
3823;18214131000;18140766666;18640766666;10240;10228
3825;18214334000;18140766666;18640766666;10240;10228
3840;18234260000;18182622222;18682622222;10240;10228
3842;18234317000;18224011111;18724011111;10240;10228
3844;18234324000;18224011111;18724011111;10240;10228
3846;18234342000;18224011111;18724011111;10240;10228
3848;18234349000;18224011111;18724011111;10240;10228
3849;18234359000;18224055555;18724055555;10240;10228
3839;18234499000;18182622222;18682622222;10240;10228
3841;18234690000;18182622222;18682622222;10240;10228
3843;18234899000;18224011111;18724011111;10240;10228
3845;18234910000;18224011111;18724011111;10240;10228
3847;18235112000;18224011111;18724011111;10240;10228
3833;18255518000;18182311111;18682311111;10240;10228
3850;18275953000;18224377777;18724377777;10240;10228
3852;18275964000;18224377777;18724377777;10240;10228
3854;18275971000;18265655555;18765655555;10240;10228
3856;18275987000;18265655555;18765655555;10240;10228
3858;18276006000;18265655555;18765655555;10240;10228
3860;18276012000;18265711111;18765711111;10240;10228
3851;18276150000;18224377777;18724377777;10240;10228
3853;18276355000;18265655555;18765655555;10240;10228
3855;18276557000;18265655555;18765655555;10240;10228
3857;18276590000;18265655555;18765655555;10240;10228
3859;18276753000;18265655555;18765655555;10240;10228
3862;18317605000;18266011111;18766011111;10240;10228
3864;18317619000;18307311111;18807311111;10240;10228
3866;18317632000;18307311111;18807311111;10240;10228
3868;18317644000;18307311111;18807311111;10240;10228
3870;18317663000;18307311111;18807311111;10240;10228
3861;18317813000;18266011111;18766011111;10240;10228
3863;18318016000;18266011111;18766011111;10240;10228
3865;18318061000;18307311111;18807311111;10240;10228
3867;18318232000;18307311111;18807311111;10240;10228
3869;18318435000;18307311111;18807311111;10240;10228
3871;18318462000;18307355555;18807355555;10240;10228
3872;18359282000;18307655555;18807655555;10240;10228
3874;18359292000;18307655555;18807655555;10240;10228
3876;18359314000;18348977777;18848977777;10240;10228
3880;18359334000;18348977777;18848977777;10240;10228
3882;18359341000;18349022222;18849022222;10240;10228
3873;18359479000;18307655555;18807655555;10240;10228
3875;18359681000;18348977777;18848977777;10240;10228
3877;18359709000;18348977777;18848977777;10240;10228
3879;18359884000;18348977777;18848977777;10240;10228
3881;18360068000;18348977777;18848977777;10240;10228
3884;18400981000;18349333333;18849333333;10240;10228
3886;18401009000;18390644444;18890644444;10240;10228
3888;18401015000;18390644444;18890644444;10240;10228
3890;18401053000;18390644444;18890644444;10240;10228
3892;18401060000;18390644444;18890644444;10240;10228
3883;18401155000;18349333333;18849333333;10240;10228
3885;18401355000;18349333333;18849333333;10240;10228
3887;18401366000;18390644444;18890644444;10240;10228
3889;18401552000;18390644444;18890644444;10240;10228
3891;18401757000;18390644444;18890644444;10240;10228
3893;18401767000;18390688888;18890688888;10240;10228
3878;18421631000;18348977777;18848977777;10240;10228
3894;18442626000;18390955555;18890955555;10240;10228
3896;18442637000;18390955555;18890955555;10240;10228
3900;18442649000;18432344444;18932344444;10240;10228
3902;18442669000;18432344444;18932344444;10240;10228
3904;18442675000;18432388888;18932388888;10240;10228
3895;18442839000;18390955555;18890955555;10240;10228
3897;18443061000;18432344444;18932344444;10240;10228
3901;18443090000;18432344444;18932344444;10240;10228
3903;18443255000;18432344444;18932344444;10240;10228
3908;18484273000;18473977777;18973977777;10240;10228
3910;18484285000;18473977777;18973977777;10240;10228
3912;18484291000;18473977777;18973977777;10240;10228
3914;18484311000;18473977777;18973977777;10240;10228
3905;18484480000;18432655555;18932655555;10240;10228
3907;18484680000;18432655555;18932655555;10240;10228
3909;18484691000;18473977777;18973977777;10240;10228
3911;18484883000;18473977777;18973977777;10240;10228
3913;18485073000;18473977777;18973977777;10240;10228
3915;18485093000;18474022222;18974022222;10240;10228
3898;18504745000;18432344444;18932344444;10240;10228
3906;18505223000;18432655555;18932655555;10240;10228
3899;18505633000;18432344444;18932344444;10240;10228
3916;18526064000;18474366666;18974366666;10240;10228
3918;18526076000;18474366666;18974366666;10240;10228
3924;18526095000;18515766666;19015766666;10240;10228
3926;18526115000;18515811111;19015811111;10240;10228
3917;18526262000;18474366666;18974366666;10240;10228
3919;18526471000;18515766666;19015766666;10240;10228
3921;18526504000;18515766666;19015766666;10240;10228
3923;18526667000;18515766666;19015766666;10240;10228
3925;18526873000;18515766666;19015766666;10240;10228
3928;18567656000;18516088888;19016088888;10240;10228
3930;18567687000;18557311111;19057311111;10240;10228
3932;18567693000;18557311111;19057311111;10240;10228
3934;18567734000;18557311111;19057311111;10240;10228
3936;18567741000;18557311111;19057311111;10240;10228
3929;18567819000;18516088888;19016088888;10240;10228
3931;18568028000;18557311111;19057311111;10240;10228
3935;18568038000;18557311111;19057311111;10240;10228
3937;18568239000;18557355555;19057355555;10240;10228
3920;18588124000;18515766666;19015766666;10240;10228
3922;18588370000;18515766666;19015766666;10240;10228
3927;18589265000;18516088888;19016088888;10240;10228
3938;18609337000;18557644444;19057644444;10240;10228
3940;18609348000;18557644444;19057644444;10240;10228
3942;18609369000;18599011111;19099011111;10240;10228
3944;18609374000;18599011111;19099011111;10240;10228
3948;18609474000;18599055555;19099055555;10240;10228
3939;18609503000;18557644444;19057644444;10240;10228
3941;18609712000;18599011111;19099011111;10240;10228
3943;18609724000;18599011111;19099011111;10240;10228
3945;18609913000;18599011111;19099011111;10240;10228
3947;18610165000;18599011111;19099011111;10240;10228
3950;18651002000;18599411111;19099411111;10240;10228
3952;18651022000;18640688888;19140688888;10240;10228
3954;18651051000;18640688888;19140688888;10240;10228
3956;18651093000;18640688888;19140688888;10240;10228
3958;18651120000;18640688888;19140688888;10240;10228
3959;18651138000;18640733333;19140733333;10240;10228
3949;18651166000;18599411111;19099411111;10240;10228
3951;18651351000;18599411111;19099411111;10240;10228
3953;18651553000;18640688888;19140688888;10240;10228
3955;18651620000;18640688888;19140688888;10240;10228
3957;18651750000;18640688888;19140688888;10240;10228
3946;18671805000;18599011111;19099011111;10240;10228
3960;18692606000;18641033333;19141033333;10240;10228
3962;18692627000;18641033333;19141033333;10240;10228
3964;18692666000;18682344444;19182344444;10240;10228
3966;18692692000;18682344444;19182344444;10240;10228
3968;18692712000;18682344444;19182344444;10240;10228
3970;18692729000;18682388888;19182388888;10240;10228
3961;18692810000;18641033333;19141033333;10240;10228
3963;18693003000;18682344444;19182344444;10240;10228
3965;18693258000;18682344444;19182344444;10240;10228
3967;18693285000;18682344444;19182344444;10240;10228
3969;18693462000;18682344444;19182344444;10240;10228
3972;18734277000;18682666666;19182666666;10240;10228
3974;18734314000;18724011111;19224011111;10240;10228
3976;18734345000;18724011111;19224011111;10240;10228
3978;18734363000;18724011111;19224011111;10240;10228
3980;18734383000;18724011111;19224011111;10240;10228
3971;18734477000;18682666666;19182666666;10240;10228
3973;18734671000;18682666666;19182666666;10240;10228
3975;18734872000;18724011111;19224011111;10240;10228
3977;18734899000;18724011111;19224011111;10240;10228
3981;18735066000;18724055555;19224055555;10240;10228
3982;18776021000;18724388888;19224388888;10240;10228
3984;18776041000;18724388888;19224388888;10240;10228
3986;18776105000;18765677777;19265677777;10240;10228
3988;18776145000;18765677777;19265677777;10240;10228
3990;18776187000;18765677777;19265677777;10240;10228
3992;18776216000;18765722222;19265722222;10240;10228
3983;18776233000;18724388888;19224388888;10240;10228
3985;18776391000;18765677777;19265677777;10240;10228
3987;18776582000;18765677777;19265677777;10240;10228
3991;18776594000;18765677777;19265677777;10240;10228
3979;18797322000;18724011111;19224011111;10240;10228
3994;18817823000;18765988888;19265988888;10240;10228
3996;18817863000;18807511111;19307511111;10240;10228
3998;18817893000;18807511111;19307511111;10240;10228
4000;18817945000;18807511111;19307511111;10240;10228
4002;18817972000;18807511111;19307511111;10240;10228
3993;18818002000;18765988888;19265988888;10240;10228
3995;18818195000;18765988888;19265988888;10240;10228
3997;18818207000;18807511111;19307511111;10240;10228
3999;18818395000;18807511111;19307511111;10240;10228
4001;18818603000;18807511111;19307511111;10240;10228
4003;18818613000;18807566666;19307566666;10240;10228
4004;18859341000;18807855555;19307855555;10240;10228
4006;18859362000;18807855555;19307855555;10240;10228
4008;18859386000;18849022222;19349022222;10240;10228
4010;18859406000;18849022222;19349022222;10240;10228
4012;18859428000;18849022222;19349022222;10240;10228
4014;18859457000;18849066666;19349066666;10240;10228
4005;18859486000;18807855555;19307855555;10240;10228
4007;18859738000;18849022222;19349022222;10240;10228
4009;18859749000;18849022222;19349022222;10240;10228
4011;18859947000;18849022222;19349022222;10240;10228
4013;18860114000;18849022222;19349022222;10240;10228
4020;18900965000;18890644444;19390644444;10240;10228
4022;18900993000;18890644444;19390644444;10240;10228
4024;18901023000;18890644444;19390644444;10240;10228
4015;18901144000;18849411111;19349411111;10240;10228
4017;18901354000;18849411111;19349411111;10240;10228
4019;18901364000;18890644444;19390644444;10240;10228
4021;18901557000;18890644444;19390644444;10240;10228
4023;18901759000;18890644444;19390644444;10240;10228
4025;18901768000;18890688888;19390688888;10240;10228
4018;18921681000;18890644444;19390644444;10240;10228
4016;18921882000;18849411111;19349411111;10240;10228
4026;18942603000;18890966666;19390966666;10240;10228
4028;18942628000;18890966666;19390966666;10240;10228
4030;18942659000;18932344444;19432344444;10240;10228
4032;18942686000;18932344444;19432344444;10240;10228
4034;18942705000;18932344444;19432344444;10240;10228
4036;18942723000;18932388888;19432388888;10240;10228
4027;18942806000;18890966666;19390966666;10240;10228
4029;18943032000;18932344444;19432344444;10240;10228
4031;18943075000;18932344444;19432344444;10240;10228
4033;18943203000;18932344444;19432344444;10240;10228
4035;18943406000;18932344444;19432344444;10240;10228
4038;18984239000;18932666666;19432666666;10240;10228
4040;18984274000;18973977777;19473977777;10240;10228
4042;18984305000;18973977777;19473977777;10240;10228
4044;18984323000;18973977777;19473977777;10240;10228
4037;18984446000;18932666666;19432666666;10240;10228
4039;18984638000;18932666666;19432666666;10240;10228
4041;18984842000;18973977777;19473977777;10240;10228
4043;18984866000;18973977777;19473977777;10240;10228
4048;19025941000;18974366666;19474366666;10240;10228
4050;19025974000;18974366666;19474366666;10240;10228
4052;19026004000;19015644444;19515644444;10240;10228
4054;19026024000;19015644444;19515644444;10240;10228
4056;19026049000;19015644444;19515644444;10240;10228
4058;19026107000;19015688888;19515688888;10240;10228
4051;19026133000;19015644444;19515644444;10240;10228
4053;19026361000;19015644444;19515644444;10240;10228
4055;19026371000;19015644444;19515644444;10240;10228
4057;19026519000;19015644444;19515644444;10240;10228
4046;19046622000;18973977777;19473977777;10240;10228
4045;19047396000;18973977777;19473977777;10240;10228
4047;19047437000;18974022222;19474022222;10240;10228
4049;19047458000;18974366666;19474366666;10240;10228
4060;19067620000;19015966666;19515966666;10240;10228
4062;19067780000;19057355555;19557355555;10240;10228
4059;19067837000;19015966666;19515966666;10240;10228
4061;19068034000;19015966666;19515966666;10240;10228
4064;19068119000;19057355555;19557355555;10240;10228
4066;19068171000;19057355555;19557355555;10240;10228
4068;19068201000;19057355555;19557355555;10240;10228
4063;19068319000;19057355555;19557355555;10240;10228
4065;19068534000;19057355555;19557355555;10240;10228
4067;19068560000;19057355555;19557355555;10240;10228
4069;19068684000;19057877777;19557877777;10240;10228
4070;19109295000;19058177777;19558177777;10240;10228
4072;19109314000;19058177777;19558177777;10240;10228
4074;19109348000;19098977777;19598977777;10240;10228
4076;19109374000;19098977777;19598977777;10240;10228
4080;19109392000;19099022222;19599022222;10240;10228
4071;19109503000;19058177777;19558177777;10240;10228
4073;19109681000;19098977777;19598977777;10240;10228
4075;19109865000;19098977777;19598977777;10240;10228
4077;19109893000;19098977777;19598977777;10240;10228
4079;19110068000;19098977777;19598977777;10240;10228
4082;19150954000;19099366666;19599366666;10240;10228
4086;19150983000;19140688888;19640688888;10240;10228
4088;19151041000;19140688888;19640688888;10240;10228
4090;19151101000;19140688888;19640688888;10240;10228
4081;19151210000;19099366666;19599366666;10240;10228
4083;19151433000;19099366666;19599366666;10240;10228
4085;19151443000;19140688888;19640688888;10240;10228
4087;19151593000;19140688888;19640688888;10240;10228
4089;19151763000;19140688888;19640688888;10240;10228
4091;19151775000;19140733333;19640733333;10240;10228
4078;19171764000;19098977777;19598977777;10240;10228
4084;19172069000;19140688888;19640688888;10240;10228
4094;19192611000;19141033333;19641033333;10240;10228
4096;19192661000;19182344444;19682344444;10240;10228
4098;19192680000;19182344444;19682344444;10240;10228
4100;19192700000;19182344444;19682344444;10240;10228
4102;19192717000;19182388888;19682388888;10240;10228
4093;19192839000;19141033333;19641033333;10240;10228
4095;19193068000;19182344444;19682344444;10240;10228
4097;19193074000;19182344444;19682344444;10240;10228
4104;19234323000;19182644444;19682644444;10240;10228
4106;19234336000;19224011111;19724011111;10240;10228
4108;19234362000;19224011111;19724011111;10240;10228
4110;19234382000;19224011111;19724011111;10240;10228
4111;19234399000;19224011111;19724011111;10240;10228
4112;19234417000;19224011111;19724011111;10240;10228
4113;19234446000;19224055555;19724055555;10240;10228
4103;19234474000;19182644444;19682644444;10240;10228
4107;19234669000;19224011111;19724011111;10240;10228
4109;19234862000;19224011111;19724011111;10240;10228
4101;19255795000;19182344444;19682344444;10240;10228
4099;19255996000;19182344444;19682344444;10240;10228
4114;19275964000;19224400000;19724400000;10240;10228
4116;19275984000;19224400000;19724400000;10240;10228
4118;19276024000;19265644444;19765644444;10240;10228
4120;19276088000;19265644444;19765644444;10240;10228
4122;19276127000;19265644444;19765644444;10240;10228
4123;19276155000;19265644444;19765644444;10240;10228
4124;19276172000;19265688888;19765688888;10240;10228
4115;19276189000;19224400000;19724400000;10240;10228
4117;19276348000;19265644444;19765644444;10240;10228
4119;19276367000;19265644444;19765644444;10240;10228
4121;19276517000;19265644444;19765644444;10240;10228
4105;19297470000;19182644444;19682644444;10240;10228
4132;19317650000;19307344444;19807344444;10240;10228
4134;19317684000;19307344444;19807344444;10240;10228
4125;19317834000;19266022222;19766022222;10240;10228
4127;19318034000;19266022222;19766022222;10240;10228
4129;19318041000;19307344444;19807344444;10240;10228
4131;19318254000;19307344444;19807344444;10240;10228
4133;19318461000;19307344444;19807344444;10240;10228
4136;19359240000;19307722222;19807722222;10240;10228
4138;19359280000;19307722222;19807722222;10240;10228
4140;19359309000;19348977777;19848977777;10240;10228
4142;19359328000;19348977777;19848977777;10240;10228
4144;19359358000;19348977777;19848977777;10240;10228
4146;19359385000;19349022222;19849022222;10240;10228
4137;19359445000;19307722222;19807722222;10240;10228
4141;19359637000;19348977777;19848977777;10240;10228
4143;19359846000;19348977777;19848977777;10240;10228
4145;19359859000;19348977777;19848977777;10240;10228
4130;19379712000;19307344444;19807344444;10240;10228
4126;19379821000;19266022222;19766022222;10240;10228
4128;19380016000;19307344444;19807344444;10240;10228
4135;19380035000;19307388888;19807388888;10240;10228
4139;19381219000;19348977777;19848977777;10240;10228
4148;19400939000;19349344444;19849344444;10240;10228
4150;19400972000;19390644444;19890644444;10240;10228
4152;19401002000;19390644444;19890644444;10240;10228
4154;19401021000;19390644444;19890644444;10240;10228
4156;19401041000;19390644444;19890644444;10240;10228
4157;19401089000;19390688888;19890688888;10240;10228
4147;19401128000;19349344444;19849344444;10240;10228
4149;19401314000;19349344444;19849344444;10240;10228
4151;19401561000;19390644444;19890644444;10240;10228
4153;19401590000;19390644444;19890644444;10240;10228
4155;19401713000;19390644444;19890644444;10240;10228
4158;19442554000;19390955555;19890955555;10240;10228
4160;19442579000;19390955555;19890955555;10240;10228
4162;19442617000;19432311111;19932311111;10240;10228
4164;19442645000;19432311111;19932311111;10240;10228
4166;19442664000;19432311111;19932311111;10240;10228
4168;19442683000;19432366666;19932366666;10240;10228
4159;19442778000;19390955555;19890955555;10240;10228
4161;19443004000;19432311111;19932311111;10240;10228
4163;19443024000;19432311111;19932311111;10240;10228
4165;19443182000;19432311111;19932311111;10240;10228
4170;19484283000;19432633333;19932633333;10240;10228
4172;19484321000;19474011111;19974011111;10240;10228
4174;19484372000;19474011111;19974011111;10240;10228
4176;19484404000;19474011111;19974011111;10240;10228
4178;19484425000;19474011111;19974011111;10240;10228
4179;19484442000;19474066666;19974066666;10240;10228
4171;19484490000;19432633333;19932633333;10240;10228
4173;19484682000;19474011111;19974011111;10240;10228
4175;19484886000;19474011111;19974011111;10240;10228
4177;19484900000;19474011111;19974011111;10240;10228
4169;19505749000;19432633333;19932633333;10240;10228
4167;19505929000;19432311111;19932311111;10240;10228
4180;19525917000;19474433333;19974433333;10240;10228
4182;19525942000;19474433333;19974433333;10240;10228
4184;19525974000;19515644444;20015644444;10240;10228
4186;19526003000;19515644444;20015644444;10240;10228
4188;19526021000;19515644444;20015644444;10240;10228
4190;19526039000;19515700000;20015700000;10240;10228
4181;19526162000;19474433333;19974433333;10240;10228
4183;19526354000;19515644444;20015644444;10240;10228
4187;19526382000;19515644444;20015644444;10240;10228
4189;19526559000;19515644444;20015644444;10240;10228
4192;19567614000;19516000000;20016000000;10240;10228
4194;19567662000;19557344444;20057344444;10240;10228
4196;19567700000;19557344444;20057344444;10240;10228
4198;19567718000;19557344444;20057344444;10240;10228
4200;19567739000;19557344444;20057344444;10240;10228
4201;19567756000;19557388888;20057388888;10240;10228
4191;19567814000;19516000000;20016000000;10240;10228
4193;19568006000;19516000000;20016000000;10240;10228
4195;19568218000;19557344444;20057344444;10240;10228
4197;19568237000;19557344444;20057344444;10240;10228
4199;19568421000;19557344444;20057344444;10240;10228
4185;19588951000;19515644444;20015644444;10240;10228
4204;19609400000;19557688888;20057688888;10240;10228
4206;19609456000;19599133333;20099133333;10240;10228
4208;19609474000;19599133333;20099133333;10240;10228
4210;19609499000;19599133333;20099133333;10240;10228
4203;19609608000;19557688888;20057688888;10240;10228
4205;19609799000;19599133333;20099133333;10240;10228
4207;19610004000;19599133333;20099133333;10240;10228
4209;19610019000;19599133333;20099133333;10240;10228
4211;19610216000;19599133333;20099133333;10240;10228
4202;19630123000;19557688888;20057688888;10240;10228
4214;19650964000;19599577777;20099577777;10240;10228
4216;19650992000;19640644444;20140644444;10240;10228
4218;19651026000;19640644444;20140644444;10240;10228
4220;19651052000;19640644444;20140644444;10240;10228
4222;19651104000;19640644444;20140644444;10240;10228
4213;19651132000;19599577777;20099577777;10240;10228
4215;19651357000;19599577777;20099577777;10240;10228
4217;19651367000;19640644444;20140644444;10240;10228
4219;19651559000;19640644444;20140644444;10240;10228
4221;19651727000;19640644444;20140644444;10240;10228
4223;19651752000;19640688888;20140688888;10240;10228
4224;19692590000;19640977777;20140977777;10240;10228
4226;19692601000;19640977777;20140977777;10240;10228
4228;19692622000;19682311111;20182311111;10240;10228
4230;19692629000;19682311111;20182311111;10240;10228
4232;19692640000;19682311111;20182311111;10240;10228
4234;19692651000;19682355555;20182355555;10240;10228
4225;19692805000;19640977777;20140977777;10240;10228
4227;19692997000;19682311111;20182311111;10240;10228
4229;19693212000;19682311111;20182311111;10240;10228
4231;19693222000;19682311111;20182311111;10240;10228
4233;19693416000;19682311111;20182311111;10240;10228
4236;19734321000;19682633333;20182633333;10240;10228
4238;19734351000;19724011111;20224011111;10240;10228
4240;19734358000;19724011111;20224011111;10240;10228
4242;19734372000;19724011111;20224011111;10240;10228
4244;19734391000;19724011111;20224011111;10240;10228
4235;19734506000;19682633333;20182633333;10240;10228
4237;19734712000;19682633333;20182633333;10240;10228
4239;19734737000;19724011111;20224011111;10240;10228
4241;19734915000;19724011111;20224011111;10240;10228
4243;19735158000;19724011111;20224011111;10240;10228
4245;19735188000;19724055555;20224055555;10240;10228
4246;19775946000;19724411111;20224411111;10240;10228
4248;19775973000;19724411111;20224411111;10240;10228
4250;19776001000;19765677777;20265677777;10240;10228
4252;19776031000;19765677777;20265677777;10240;10228
4254;19776069000;19765677777;20265677777;10240;10228
4256;19776097000;19765722222;20265722222;10240;10228
4247;19776174000;19724411111;20224411111;10240;10228
4249;19776338000;19765677777;20265677777;10240;10228
4251;19776539000;19765677777;20265677777;10240;10228
4253;19776563000;19765677777;20265677777;10240;10228
4258;19817579000;19766000000;20266000000;10240;10228
4260;19817608000;19807311111;20307311111;10240;10228
4262;19817679000;19807311111;20307311111;10240;10228
4264;19817702000;19807311111;20307311111;10240;10228
4267;19817721000;19807355555;20307355555;10240;10228
4257;19817779000;19766000000;20266000000;10240;10228
4259;19817971000;19766000000;20266000000;10240;10228
4261;19818184000;19807311111;20307311111;10240;10228
4263;19818202000;19807311111;20307311111;10240;10228
4265;19818386000;19807311111;20307311111;10240;10228
4255;19839117000;19765677777;20265677777;10240;10228
4268;19859277000;19807655555;20307655555;10240;10228
4270;19859297000;19807655555;20307655555;10240;10228
4272;19859323000;19849022222;20349022222;10240;10228
4274;19859340000;19849022222;20349022222;10240;10228
4269;19859485000;19807655555;20307655555;10240;10228
4278;19859576000;19849088888;20349088888;10240;10228
4271;19859678000;19849022222;20349022222;10240;10228
4273;19859879000;19849022222;20349022222;10240;10228
4275;19859894000;19849022222;20349022222;10240;10228
4277;19860123000;19849022222;20349022222;10240;10228
4266;19880184000;19807311111;20307311111;10240;10228
4280;19900948000;19849644444;20349644444;10240;10228
4282;19900973000;19890677777;20390677777;10240;10228
4284;19900996000;19890677777;20390677777;10240;10228
4286;19901013000;19890677777;20390677777;10240;10228
4279;19901175000;19849644444;20349644444;10240;10228
4285;19901384000;19890677777;20390677777;10240;10228
4287;19901395000;19890677777;20390677777;10240;10228
4289;19901587000;19890722222;20390722222;10240;10228
4276;19921629000;19849022222;20349022222;10240;10228
4283;19922479000;19890677777;20390677777;10240;10228
4281;19922625000;19849644444;20349644444;10240;10228
4290;19942608000;19891011111;20391011111;10240;10228
4292;19942632000;19891011111;20391011111;10240;10228
4294;19942658000;19932344444;20432344444;10240;10228
4296;19942713000;19932344444;20432344444;10240;10228
4298;19942753000;19932344444;20432344444;10240;10228
4300;19942780000;19932388888;20432388888;10240;10228
4291;19942809000;19891011111;20391011111;10240;10228
4295;19943004000;19932344444;20432344444;10240;10228
4297;19943212000;19932344444;20432344444;10240;10228
4299;19943280000;19932344444;20432344444;10240;10228
4288;19963295000;19890677777;20390677777;10240;10228
4293;19964477000;19932344444;20432344444;10240;10228
4302;19984283000;19932722222;20432722222;10240;10228
4304;19984331000;19974011111;20474011111;10240;10228
4306;19984375000;19974011111;20474011111;10240;10228
4308;19984395000;19974011111;20474011111;10240;10228
4310;19984414000;19974011111;20474011111;10240;10228
4311;19984432000;19974055555;20474055555;10240;10228
4301;19984475000;19932722222;20432722222;10240;10228
4303;19984676000;19932722222;20432722222;10240;10228
4305;19984872000;19974011111;20474011111;10240;10228
4307;19984899000;19974011111;20474011111;10240;10228
4309;19985067000;19974011111;20474011111;10240;10228
4312;20025910000;19974411111;20474411111;10240;10228
4314;20025925000;19974411111;20474411111;10240;10228
4316;20025977000;20015644444;20515644444;10240;10228
4318;20025996000;20015644444;20515644444;10240;10228
4320;20026016000;20015644444;20515644444;10240;10228
4322;20026035000;20015688888;20515688888;10240;10228
4313;20026125000;19974411111;20474411111;10240;10228
4315;20026313000;20015644444;20515644444;10240;10228
4317;20026517000;20015644444;20515644444;10240;10228
4319;20026560000;20015644444;20515644444;10240;10228
4324;20067568000;20015977777;20515977777;10240;10228
4326;20067595000;20057311111;20557311111;10240;10228
4328;20067656000;20057311111;20557311111;10240;10228
4330;20067694000;20057311111;20557311111;10240;10228
4332;20067712000;20057311111;20557311111;10240;10228
4333;20067731000;20057355555;20557355555;10240;10228
4323;20067779000;20015977777;20515977777;10240;10228
4325;20067970000;20015977777;20515977777;10240;10228
4327;20068185000;20057311111;20557311111;10240;10228
4329;20068202000;20057311111;20557311111;10240;10228
4331;20068386000;20057311111;20557311111;10240;10228
4334;20109263000;20057633333;20557633333;10240;10228
4336;20109290000;20057633333;20557633333;10240;10228
4338;20109308000;20098977777;20598977777;10240;10228
4340;20109329000;20098977777;20598977777;10240;10228
4342;20109350000;20098977777;20598977777;10240;10228
4344;20109367000;20099022222;20599022222;10240;10228
4335;20109457000;20057633333;20557633333;10240;10228
4337;20109649000;20098977777;20598977777;10240;10228
4339;20109853000;20098977777;20598977777;10240;10228
4341;20109868000;20098977777;20598977777;10240;10228
4343;20110041000;20098977777;20598977777;10240;10228
4346;20150912000;20099400000;20599400000;10240;10228
4348;20150962000;20140644444;20640644444;10240;10228
4350;20150981000;20140644444;20640644444;10240;10228
4352;20151002000;20140644444;20640644444;10240;10228
4354;20151020000;20140644444;20640644444;10240;10228
4355;20151041000;20140688888;20640688888;10240;10228
4345;20151130000;20099400000;20599400000;10240;10228
4347;20151315000;20099400000;20599400000;10240;10228
4349;20151519000;20140644444;20640644444;10240;10228
4351;20151561000;20140644444;20640644444;10240;10228
4353;20151714000;20140644444;20640644444;10240;10228
4356;20192606000;20140988888;20640988888;10240;10228
4358;20192631000;20140988888;20640988888;10240;10228
4360;20192666000;20182344444;20682344444;10240;10228
4362;20192695000;20182344444;20682344444;10240;10228
4366;20192714000;20182388888;20682388888;10240;10228
4357;20192811000;20140988888;20640988888;10240;10228
4359;20193002000;20182344444;20682344444;10240;10228
4361;20193217000;20182344444;20682344444;10240;10228
4363;20193257000;20182344444;20682344444;10240;10228
4365;20193419000;20182344444;20682344444;10240;10228
4368;20234315000;20182655555;20682655555;10240;10228
4370;20234356000;20224011111;20724011111;10240;10228
4372;20234401000;20224011111;20724011111;10240;10228
4376;20234431000;20224011111;20724011111;10240;10228
4377;20234460000;20224055555;20724055555;10240;10228
4367;20234480000;20182655555;20682655555;10240;10228
4369;20234684000;20182655555;20682655555;10240;10228
4371;20234916000;20224011111;20724011111;10240;10228
4373;20234928000;20224011111;20724011111;10240;10228
4375;20235154000;20224011111;20724011111;10240;10228
4364;20255067000;20182344444;20682344444;10240;10228
4378;20275905000;20224411111;20724411111;10240;10228
4382;20275928000;20265644444;20765644444;10240;10228
4384;20275955000;20265644444;20765644444;10240;10228
4386;20275973000;20265644444;20765644444;10240;10228
4388;20275992000;20265688888;20765688888;10240;10228
4379;20276142000;20224411111;20724411111;10240;10228
4381;20276358000;20265644444;20765644444;10240;10228
4383;20276369000;20265644444;20765644444;10240;10228
4385;20276566000;20265644444;20765644444;10240;10228
4387;20276714000;20265644444;20765644444;10240;10228
4374;20296365000;20224011111;20724011111;10240;10228
4380;20296874000;20224411111;20724411111;10240;10228
4390;20317666000;20265988888;20765988888;10240;10228
4392;20317691000;20307344444;20807344444;10240;10228
4389;20317831000;20265988888;20765988888;10240;10228
4391;20318035000;20265988888;20765988888;10240;10228
4451;21355345000;20515655555;21015655555;10240;10228
4452;21355554000;20515655555;21015655555;10240;10228
4453;21355575000;20515655555;21015655555;10240;10228
4454;21355751000;20515666666;21015666666;10240;10228
4455;21355772000;20515966666;21015966666;10240;10228
4456;21355957000;20515966666;21015966666;10240;10228
4457;21356164000;20515966666;21015966666;10240;10228
4458;21356175000;20557322222;21057322222;10240;10228
4459;21356376000;20557322222;21057322222;10240;10228
4460;21356397000;20557322222;21057322222;10240;10228
4461;21356579000;20557322222;21057322222;10240;10228
4462;21356767000;20557322222;21057322222;10240;10228
4463;21356788000;20557322222;21057322222;10240;10228
4464;21356979000;20557322222;21057322222;10240;10228
4465;21356990000;20557333333;21057333333;10240;10228
4466;21357177000;20557633333;21057633333;10240;10228
4467;21357198000;20557633333;21057633333;10240;10228
4468;21357388000;20557633333;21057633333;10240;10228
4470;21357409000;20598988888;21098988888;10240;10228
4471;21357602000;20598988888;21098988888;10240;10228
4472;21357794000;20598988888;21098988888;10240;10228
4473;21357804000;20598988888;21098988888;10240;10228
4474;21357970000;20598988888;21098988888;10240;10228
4475;21358208000;20598988888;21098988888;10240;10228
4476;21358229000;20599000000;21099000000;10240;10228
4477;21358234000;20599355555;21099355555;10240;10228
4478;21358422000;20599355555;21099355555;10240;10228
4481;21378480000;20640655555;21140655555;10240;10228
4482;21378495000;20640655555;21140655555;10240;10228
4483;21378527000;20640655555;21140655555;10240;10228
4484;21378537000;20640655555;21140655555;10240;10228
4485;21378547000;20640655555;21140655555;10240;10228
4486;21378555000;20640655555;21140655555;10240;10228
4487;21378574000;20640666666;21140666666;10240;10228
4488;21378584000;20640933333;21140933333;10240;10228
4480;21378718000;20640655555;21140655555;10240;10228
4489;21378726000;20640933333;21140933333;10240;10228
4490;21378731000;20640933333;21140933333;10240;10228
4491;21378739000;20682322222;21182322222;10240;10228
4492;21378744000;20682322222;21182322222;10240;10228
4493;21378779000;20682322222;21182322222;10240;10228
4494;21378789000;20682322222;21182322222;10240;10228
4495;21378797000;20682322222;21182322222;10240;10228
4496;21378819000;20682322222;21182322222;10240;10228
4497;21378829000;20682322222;21182322222;10240;10228
4498;21378839000;20682344444;21182344444;10240;10228
4499;21378848000;20682600000;21182600000;10240;10228
4500;21378875000;20682600000;21182600000;10240;10228
4501;21378885000;20682600000;21182600000;10240;10228
4502;21378893000;20723988888;21223988888;10240;10228
4503;21378906000;20723988888;21223988888;10240;10228
4504;21378915000;20723988888;21223988888;10240;10228
4508;21378929000;20723988888;21223988888;10240;10228
4509;21378938000;20724011111;21224011111;10240;10228
4505;21378980000;20723988888;21223988888;10240;10228
4506;21378992000;20723988888;21223988888;10240;10228
4507;21379000000;20723988888;21223988888;10240;10228
4510;21379118000;20724311111;21224311111;10240;10228
4511;21379304000;20724311111;21224311111;10240;10228
4512;21379386000;20724311111;21224311111;10240;10228
4513;21379500000;20765655555;21265655555;10240;10228
4514;21379507000;20765655555;21265655555;10240;10228
4515;21379746000;20765655555;21265655555;10240;10228
4516;21379766000;20765655555;21265655555;10240;10228
4517;21379951000;20765655555;21265655555;10240;10228
4518;21380175000;20765655555;21265655555;10240;10228
4519;21380187000;20765655555;21265655555;10240;10228
4520;21380201000;20765666666;21265666666;10240;10228
4521;21380372000;20765922222;21265922222;10240;10228
4522;21380558000;20765922222;21265922222;10240;10228
4523;21380580000;20765922222;21265922222;10240;10228
4524;21380767000;20807322222;21307322222;10240;10228
4525;21380788000;20807322222;21307322222;10240;10228
4526;21380973000;20807322222;21307322222;10240;10228
4527;21381192000;20807322222;21307322222;10240;10228
4528;21381201000;20807322222;21307322222;10240;10228
4529;21381384000;20807322222;21307322222;10240;10228
4530;21381405000;20807322222;21307322222;10240;10228
4531;21381588000;20807333333;21307333333;10240;10228
4534;21381601000;20807611111;21307611111;10240;10228
4537;21398917000;20848988888;21348988888;10240;10228
4538;21398935000;20848988888;21348988888;10240;10228
4539;21398944000;20848988888;21348988888;10240;10228
4540;21398964000;20848988888;21348988888;10240;10228
4541;21398975000;20848988888;21348988888;10240;10228
4542;21398984000;20849000000;21349000000;10240;10228
4543;21398992000;20849300000;21349300000;10240;10228
4544;21399013000;20849300000;21349300000;10240;10228
4545;21399022000;20849300000;21349300000;10240;10228
4546;21399034000;20890655555;21390655555;10240;10228
4547;21399078000;20890655555;21390655555;10240;10228
4548;21399101000;20890655555;21390655555;10240;10228
4549;21399128000;20890655555;21390655555;10240;10228
4550;21399138000;20890655555;21390655555;10240;10228
4551;21399160000;20890655555;21390655555;10240;10228
4535;21399169000;20848988888;21348988888;10240;10228
4552;21399179000;20890655555;21390655555;10240;10228
4553;21399187000;20890666666;21390666666;10240;10228
4554;21399207000;20890944444;21390944444;10240;10228
4555;21399217000;20890944444;21390944444;10240;10228
4556;21399239000;20890944444;21390944444;10240;10228
4557;21399247000;20932322222;21432322222;10240;10228
4559;21399255000;20932322222;21432322222;10240;10228
4560;21399263000;20932322222;21432322222;10240;10228
4562;21399271000;20932322222;21432322222;10240;10228
4563;21399280000;20932322222;21432322222;10240;10228
4564;21399288000;20932333333;21432333333;10240;10228
4561;21399392000;20932322222;21432322222;10240;10228
4565;21399587000;20932611111;21432611111;10240;10228
4566;21399803000;20932611111;21432611111;10240;10228
4567;21399809000;20932611111;21432611111;10240;10228
4568;21400011000;20973988888;21473988888;10240;10228
4569;21400249000;20973988888;21473988888;10240;10228
4570;21400271000;20973988888;21473988888;10240;10228
4571;21400445000;20973988888;21473988888;10240;10228
4572;21400466000;20973988888;21473988888;10240;10228
4573;21400644000;20973988888;21473988888;10240;10228
4574;21400841000;20973988888;21473988888;10240;10228
4575;21400848000;20974000000;21474000000;10240;10228
4576;21401007000;20974300000;21474300000;10240;10228
4577;21401016000;20974300000;21474300000;10240;10228
4578;21401242000;20974300000;21474300000;10240;10228
4580;21401254000;21015655555;21515655555;10240;10228
4581;21401432000;21015655555;21515655555;10240;10228
4582;21401638000;21015655555;21515655555;10240;10228
4583;21401645000;21015655555;21515655555;10240;10228
4584;21401876000;21015655555;21515655555;10240;10228
4586;21401883000;21015677777;21515677777;10240;10228
4587;21402040000;21015933333;21515933333;10240;10228
4588;21402280000;21015933333;21515933333;10240;10228
4589;21402286000;21015933333;21515933333;10240;10228
4590;21402485000;21057322222;21557322222;10240;10228
4592;21419185000;21057322222;21557322222;10240;10228
4595;21419201000;21057322222;21557322222;10240;10228
4596;21419216000;21057322222;21557322222;10240;10228
4597;21419230000;21057344444;21557344444;10240;10228
4598;21419239000;21057622222;21557622222;10240;10228
4599;21419247000;21057622222;21557622222;10240;10228
4600;21419269000;21057622222;21557622222;10240;10228
4601;21419280000;21098988888;21598988888;10240;10228
4602;21419288000;21098988888;21598988888;10240;10228
4603;21419300000;21098988888;21598988888;10240;10228
4604;21419321000;21098988888;21598988888;10240;10228
4606;21419334000;21098988888;21598988888;10240;10228
4607;21419344000;21098988888;21598988888;10240;10228
4608;21419353000;21099000000;21599000000;10240;10228
4609;21419361000;21099344444;21599344444;10240;10228
4591;21419369000;21057322222;21557322222;10240;10228
4610;21419393000;21099344444;21599344444;10240;10228
4611;21419402000;21099344444;21599344444;10240;10228
4613;21419486000;21140655555;21640655555;10240;10228
4614;21419501000;21140655555;21640655555;10240;10228
4615;21419511000;21140655555;21640655555;10240;10228
4616;21419520000;21140655555;21640655555;10240;10228
4618;21419527000;21140655555;21640655555;10240;10228
4619;21419535000;21140666666;21640666666;10240;10228
4558;21419688000;20932322222;21432322222;10240;10228
4620;21419963000;21140944444;21640944444;10240;10228
4621;21420212000;21140944444;21640944444;10240;10228
4622;21420429000;21140944444;21640944444;10240;10228
4623;21420438000;21182322222;21682322222;10240;10228
4624;21420668000;21182322222;21682322222;10240;10228
4625;21420869000;21182322222;21682322222;10240;10228
4626;21420880000;21182322222;21682322222;10240;10228
4627;21421037000;21182322222;21682322222;10240;10228
4628;21421285000;21182322222;21682322222;10240;10228
4629;21421306000;21182322222;21682322222;10240;10228
4630;21421521000;21182333333;21682333333;10240;10228
4632;21421676000;21182588888;21682588888;10240;10228
4579;21421820000;21015655555;21515655555;10240;10228
4633;21421929000;21182588888;21682588888;10240;10228
4634;21421944000;21223988888;21723988888;10240;10228
4635;21422147000;21223988888;21723988888;10240;10228
4636;21422153000;21223988888;21723988888;10240;10228
4637;21422327000;21223988888;21723988888;10240;10228
4585;21422489000;21015655555;21515655555;10240;10228
4638;21422530000;21223988888;21723988888;10240;10228
4639;21422558000;21223988888;21723988888;10240;10228
4640;21422739000;21223988888;21723988888;10240;10228
4641;21422744000;21224000000;21724000000;10240;10228
4642;21422905000;21224322222;21724322222;10240;10228
4643;21422913000;21224322222;21724322222;10240;10228
4645;21423142000;21265655555;21765655555;10240;10228
4646;21439437000;21265655555;21765655555;10240;10228
4593;21439453000;21057322222;21557322222;10240;10228
4594;21439493000;21057322222;21557322222;10240;10228
4647;21439521000;21265655555;21765655555;10240;10228
4649;21439561000;21265655555;21765655555;10240;10228
4650;21439581000;21265655555;21765655555;10240;10228
4651;21439600000;21265655555;21765655555;10240;10228
4652;21439609000;21265666666;21765666666;10240;10228
4653;21439617000;21265944444;21765944444;10240;10228
4654;21439629000;21265944444;21765944444;10240;10228
4655;21439648000;21265944444;21765944444;10240;10228
4658;21439658000;21307322222;21807322222;10240;10228
4659;21439666000;21307322222;21807322222;10240;10228
4605;21439674000;21098988888;21598988888;10240;10228
4660;21439697000;21307322222;21807322222;10240;10228
4661;21439751000;21307322222;21807322222;10240;10228
4662;21439774000;21307322222;21807322222;10240;10228
4663;21439801000;21307333333;21807333333;10240;10228
4664;21439819000;21307633333;21807633333;10240;10228
4666;21439829000;21307633333;21807633333;10240;10228
4667;21439841000;21349000000;21849000000;10240;10228
4656;21439849000;21307322222;21807322222;10240;10228
4668;21439856000;21349000000;21849000000;10240;10228
4612;21439944000;21140655555;21640655555;10240;10228
4669;21440316000;21349000000;21849000000;10240;10228
4670;21440619000;21349000000;21849000000;10240;10228
4671;21440870000;21349000000;21849000000;10240;10228
4672;21441037000;21349000000;21849000000;10240;10228
4673;21441289000;21349000000;21849000000;10240;10228
4674;21441308000;21349011111;21849011111;10240;10228
4675;21441477000;21349288888;21849288888;10240;10228
4676;21441497000;21349288888;21849288888;10240;10228
4677;21441702000;21349288888;21849288888;10240;10228
4679;21441920000;21390644444;21890644444;10240;10228
4681;21442093000;21390644444;21890644444;10240;10228
4680;21442153000;21390644444;21890644444;10240;10228
4683;21442322000;21390644444;21890644444;10240;10228
4631;21442561000;21182588888;21682588888;10240;10228
4687;21442718000;21390955555;21890955555;10240;10228
4684;21442743000;21390644444;21890644444;10240;10228
4685;21442749000;21390666666;21890666666;10240;10228
4686;21442939000;21390955555;21890955555;10240;10228
4688;21443187000;21390955555;21890955555;10240;10228
4689;21443195000;21432344444;21932344444;10240;10228
4690;21443385000;21432344444;21932344444;10240;10228
4691;21443391000;21432344444;21932344444;10240;10228
4692;21443588000;21432344444;21932344444;10240;10228
4693;21443594000;21432344444;21932344444;10240;10228
4694;21443786000;21432344444;21932344444;10240;10228
4617;21459739000;21140655555;21640655555;10240;10228
4695;21459767000;21432344444;21932344444;10240;10228
4696;21459786000;21432355555;21932355555;10240;10228
4657;21460167000;21307322222;21807322222;10240;10228
4644;21460754000;21224322222;21724322222;10240;10228
4678;21462545000;21390644444;21890644444;10240;10228
4665;21462567000;21307633333;21807633333;10240;10228
4682;21462989000;21390644444;21890644444;10240;10228
4698;21484288000;21432666666;21932666666;10240;10228
4700;21484304000;21474011111;21974011111;10240;10228
4702;21484313000;21474011111;21974011111;10240;10228
4706;21484321000;21474011111;21974011111;10240;10228
4697;21484509000;21432666666;21932666666;10240;10228
4703;21484720000;21474011111;21974011111;10240;10228
4705;21484742000;21474011111;21974011111;10240;10228
4707;21484915000;21474055555;21974055555;10240;10228
4708;21525910000;21474388888;21974388888;10240;10228
4710;21525924000;21474388888;21974388888;10240;10228
4712;21525935000;21515644444;22015644444;10240;10228
4714;21525944000;21515644444;22015644444;10240;10228
4716;21525963000;21515644444;22015644444;10240;10228
4718;21525972000;21515688888;22015688888;10240;10228
4709;21526142000;21474388888;21974388888;10240;10228
4711;21526355000;21515644444;22015644444;10240;10228
4713;21526376000;21515644444;22015644444;10240;10228
4715;21526560000;21515644444;22015644444;10240;10228
4717;21526763000;21515644444;22015644444;10240;10228
4704;21546422000;21474011111;21974011111;10240;10228
4720;21567658000;21515966666;22015966666;10240;10228
4724;21567675000;21557344444;22057344444;10240;10228
4726;21567684000;21557344444;22057344444;10240;10228
4728;21567693000;21557344444;22057344444;10240;10228
4719;21567832000;21515966666;22015966666;10240;10228
4721;21568039000;21515966666;22015966666;10240;10228
4723;21568056000;21557344444;22057344444;10240;10228
4725;21568256000;21557344444;22057344444;10240;10228
4727;21568462000;21557344444;22057344444;10240;10228
4729;21568484000;21557388888;22057388888;10240;10228
4722;21588108000;21557344444;22057344444;10240;10228
4730;21609237000;21557666666;22057666666;10240;10228
4732;21609250000;21557666666;22057666666;10240;10228
4734;21609263000;21598977777;22098977777;10240;10228
4736;21609288000;21598977777;22098977777;10240;10228
4738;21609297000;21598977777;22098977777;10240;10228
4740;21609307000;21599022222;22099022222;10240;10228
4731;21609478000;21557666666;22057666666;10240;10228
4737;21609693000;21598977777;22098977777;10240;10228
4739;21609703000;21598977777;22098977777;10240;10228
4742;21650953000;21599366666;22099366666;10240;10228
4744;21650969000;21640677777;22140677777;10240;10228
4746;21650978000;21640677777;22140677777;10240;10228
4748;21650985000;21640677777;22140677777;10240;10228
4750;21650999000;21640677777;22140677777;10240;10228
4741;21651145000;21599366666;22099366666;10240;10228
4743;21651342000;21599366666;22099366666;10240;10228
4745;21651548000;21640677777;22140677777;10240;10228
4747;21651562000;21640677777;22140677777;10240;10228
4749;21651746000;21640677777;22140677777;10240;10228
4751;21651750000;21640722222;22140722222;10240;10228
4733;21671778000;21598977777;22098977777;10240;10228
4752;21692596000;21641022222;22141022222;10240;10228
4754;21692614000;21641022222;22141022222;10240;10228
4756;21692623000;21682311111;22182311111;10240;10228
4758;21692632000;21682311111;22182311111;10240;10228
4760;21692639000;21682311111;22182311111;10240;10228
4762;21692653000;21682355555;22182355555;10240;10228
4755;21692810000;21682311111;22182311111;10240;10228
4759;21693006000;21682311111;22182311111;10240;10228
4761;21693013000;21682311111;22182311111;10240;10228
4753;21713476000;21641022222;22141022222;10240;10228
4764;21734287000;21682633333;22182633333;10240;10228
4766;21734301000;21724011111;22224011111;10240;10228
4768;21734309000;21724011111;22224011111;10240;10228
4770;21734317000;21724011111;22224011111;10240;10228
4772;21734331000;21724011111;22224011111;10240;10228
4763;21734506000;21682633333;22182633333;10240;10228
4765;21734723000;21682633333;22182633333;10240;10228
4767;21734732000;21724011111;22224011111;10240;10228
4769;21734917000;21724011111;22224011111;10240;10228
4771;21735153000;21724011111;22224011111;10240;10228
4773;21735174000;21724055555;22224055555;10240;10228
4775;21775990000;21724400000;22224400000;10240;10228
4777;21776007000;21765677777;22265677777;10240;10228
4779;21776016000;21765677777;22265677777;10240;10228
4781;21776025000;21765677777;22265677777;10240;10228
4783;21776033000;21765677777;22265677777;10240;10228
4774;21776180000;21724400000;22224400000;10240;10228
4776;21776395000;21724400000;22224400000;10240;10228
4778;21776404000;21765677777;22265677777;10240;10228
4780;21776598000;21765677777;22265677777;10240;10228
4782;21776784000;21765677777;22265677777;10240;10228
4784;21776805000;21765722222;22265722222;10240;10228
4785;21817573000;21766011111;22266011111;10240;10228
4787;21817589000;21766011111;22266011111;10240;10228
4789;21817600000;21807311111;22307311111;10240;10228
4791;21817616000;21807311111;22307311111;10240;10228
4793;21817625000;21807311111;22307311111;10240;10228
4795;21817636000;21807355555;22307355555;10240;10228
4786;21817803000;21766011111;22266011111;10240;10228
4788;21818005000;21807311111;22307311111;10240;10228
4790;21818012000;21807311111;22307311111;10240;10228
4792;21818229000;21807311111;22307311111;10240;10228
4794;21818433000;21807311111;22307311111;10240;10228
4797;21859290000;21807655555;22307655555;10240;10228
4799;21859321000;21849011111;22349011111;10240;10228
4801;21859330000;21849011111;22349011111;10240;10228
4803;21859348000;21849011111;22349011111;10240;10228
4805;21859356000;21849011111;22349011111;10240;10228
4796;21859517000;21807655555;22307655555;10240;10228
4798;21859718000;21807655555;22307655555;10240;10228
4800;21859754000;21849011111;22349011111;10240;10228
4802;21859914000;21849011111;22349011111;10240;10228
4804;21860155000;21849011111;22349011111;10240;10228
4806;21860191000;21849066666;22349066666;10240;10228
4807;21900909000;21849422222;22349422222;10240;10228
4809;21900925000;21849422222;22349422222;10240;10228
4815;21900947000;21890644444;22390644444;10240;10228
4817;21900959000;21890688888;22390688888;10240;10228
4808;21901144000;21849422222;22349422222;10240;10228
4810;21901365000;21890644444;22390644444;10240;10228
4812;21901390000;21890644444;22390644444;10240;10228
4816;21901565000;21890644444;22390644444;10240;10228
4823;21942635000;21932344444;22432344444;10240;10228
4825;21942650000;21932344444;22432344444;10240;10228
4827;21942659000;21932344444;22432344444;10240;10228
4818;21942826000;21890988888;22390988888;10240;10228
4828;21943026000;21932388888;22432388888;10240;10228
4811;21962907000;21890644444;22390644444;10240;10228
4813;21962923000;21890644444;22390644444;10240;10228
4819;21963169000;21890988888;22390988888;10240;10228
4814;21963317000;21890644444;22390644444;10240;10228
4821;21963338000;21932344444;22432344444;10240;10228
4829;21984329000;21932677777;22432677777;10240;10228
4831;21984342000;21932677777;22432677777;10240;10228
4833;21984351000;21974011111;22474011111;10240;10228
4835;21984360000;21974011111;22474011111;10240;10228
4837;21984367000;21974011111;22474011111;10240;10228
4839;21984380000;21974055555;22474055555;10240;10228
4830;21984509000;21932677777;22432677777;10240;10228
4832;21984712000;21974011111;22474011111;10240;10228
4834;21984731000;21974011111;22474011111;10240;10228
4836;21984916000;21974011111;22474011111;10240;10228
4838;21985162000;21974011111;22474011111;10240;10228
4820;22004728000;21890988888;22390988888;10240;10228
4824;22004939000;21932344444;22432344444;10240;10228
4826;22005163000;21932344444;22432344444;10240;10228
4841;22025923000;21974400000;22474400000;10240;10228
4843;22025951000;22015644444;22515644444;10240;10228
4845;22025960000;22015644444;22515644444;10240;10228
4847;22025977000;22015644444;22515644444;10240;10228
4849;22025986000;22015644444;22515644444;10240;10228
4840;22026141000;21974400000;22474400000;10240;10228
4842;22026359000;21974400000;22474400000;10240;10228
4844;22026383000;22015644444;22515644444;10240;10228
4846;22026560000;22015644444;22515644444;10240;10228
4848;22026738000;22015644444;22515644444;10240;10228
4851;22067608000;22015977777;22515977777;10240;10228
4853;22067641000;22015977777;22515977777;10240;10228
4855;22067652000;22057311111;22557311111;10240;10228
4857;22067669000;22057311111;22557311111;10240;10228
4859;22067678000;22057311111;22557311111;10240;10228
4861;22067685000;22057355555;22557355555;10240;10228
4852;22067803000;22015977777;22515977777;10240;10228
4854;22068006000;22057311111;22557311111;10240;10228
4856;22068012000;22057311111;22557311111;10240;10228
4858;22068229000;22057311111;22557311111;10240;10228
4860;22068431000;22057311111;22557311111;10240;10228
4850;22088648000;22015688888;22515688888;10240;10228
4863;22109254000;22057644444;22557644444;10240;10228
4865;22109283000;22098977777;22598977777;10240;10228
4867;22109292000;22098977777;22598977777;10240;10228
4869;22109310000;22098977777;22598977777;10240;10228
4871;22109319000;22098977777;22598977777;10240;10228
4862;22109477000;22057644444;22557644444;10240;10228
4864;22109681000;22057644444;22557644444;10240;10228
4866;22109717000;22098977777;22598977777;10240;10228
4868;22109884000;22098977777;22598977777;10240;10228
4870;22110073000;22098977777;22598977777;10240;10228
4872;22110109000;22099022222;22599022222;10240;10228
4873;22150962000;22099388888;22599388888;10240;10228
4875;22150977000;22099388888;22599388888;10240;10228
4877;22151009000;22140644444;22640644444;10240;10228
4879;22151019000;22140644444;22640644444;10240;10228
4881;22151038000;22140644444;22640644444;10240;10228
4883;22151077000;22140688888;22640688888;10240;10228
4874;22151164000;22099388888;22599388888;10240;10228
4876;22151351000;22140644444;22640644444;10240;10228
4878;22151378000;22140644444;22640644444;10240;10228
4880;22151560000;22140644444;22640644444;10240;10228
4882;22151766000;22140644444;22640644444;10240;10228
4885;22192611000;22140988888;22640988888;10240;10228
4889;22192639000;22182344444;22682344444;10240;10228
4891;22192648000;22182344444;22682344444;10240;10228
4893;22192673000;22182344444;22682344444;10240;10228
4884;22192835000;22140988888;22640988888;10240;10228
4886;22193041000;22140988888;22640988888;10240;10228
4888;22193073000;22182344444;22682344444;10240;10228
4890;22193257000;22182344444;22682344444;10240;10228
4892;22193463000;22182344444;22682344444;10240;10228
4894;22193484000;22182388888;22682388888;10240;10228
4887;22212982000;22182344444;22682344444;10240;10228
4895;22234331000;22182666666;22682666666;10240;10228
4897;22234346000;22182666666;22682666666;10240;10228
4899;22234367000;22224011111;22724011111;10240;10228
4901;22234379000;22224011111;22724011111;10240;10228
4905;22234388000;22224055555;22724055555;10240;10228
4896;22234511000;22182666666;22682666666;10240;10228
4898;22234714000;22224011111;22724011111;10240;10228
4902;22234751000;22224011111;22724011111;10240;10228
4904;22234917000;22224011111;22724011111;10240;10228
4907;22276001000;22224400000;22724400000;10240;10228
4909;22276041000;22265677777;22765677777;10240;10228
4913;22276091000;22265677777;22765677777;10240;10228
4915;22276107000;22265677777;22765677777;10240;10228
4906;22276189000;22224400000;22724400000;10240;10228
4908;22276400000;22224400000;22724400000;10240;10228
4910;22276419000;22265677777;22765677777;10240;10228
4914;22276590000;22265677777;22765677777;10240;10228
4916;22276610000;22265733333;22765733333;10240;10228
4903;22296372000;22224011111;22724011111;10240;10228
4900;22296661000;22224011111;22724011111;10240;10228
4917;22317634000;22266044444;22766044444;10240;10228
4919;22317647000;22266044444;22766044444;10240;10228
4921;22317673000;22307311111;22807311111;10240;10228
4923;22317691000;22307311111;22807311111;10240;10228
4925;22317709000;22307311111;22807311111;10240;10228
4927;22317728000;22307355555;22807355555;10240;10228
4918;22317832000;22266044444;22766044444;10240;10228
4920;22318010000;22307311111;22807311111;10240;10228
4922;22318015000;22307311111;22807311111;10240;10228
4924;22318229000;22307311111;22807311111;10240;10228
4926;22318430000;22307311111;22807311111;10240;10228
4911;22338120000;22265677777;22765677777;10240;10228
4912;22338318000;22265677777;22765677777;10240;10228
4931;22359332000;22349000000;22849000000;10240;10228
4933;22359364000;22349000000;22849000000;10240;10228
4935;22359387000;22349000000;22849000000;10240;10228
4937;22359392000;22349000000;22849000000;10240;10228
4928;22359491000;22307666666;22807666666;10240;10228
4930;22359698000;22307666666;22807666666;10240;10228
4932;22359720000;22349000000;22849000000;10240;10228
4934;22359903000;22349000000;22849000000;10240;10228
4936;22360089000;22349000000;22849000000;10240;10228
4938;22360110000;22349044444;22849044444;10240;10228
4929;22379840000;22307666666;22807666666;10240;10228
4939;22400958000;22349377777;22849377777;10240;10228
4941;22400971000;22349377777;22849377777;10240;10228
4943;22400995000;22390644444;22890644444;10240;10228
4947;22401010000;22390644444;22890644444;10240;10228
4949;22401026000;22390688888;22890688888;10240;10228
4940;22401143000;22349377777;22849377777;10240;10228
4942;22401338000;22390644444;22890644444;10240;10228
4944;22401560000;22390644444;22890644444;10240;10228
4946;22401587000;22390644444;22890644444;10240;10228
4948;22401750000;22390644444;22890644444;10240;10228
4951;22442592000;22390977777;22890977777;10240;10228
4953;22442625000;22432311111;22932311111;10240;10228
4955;22442652000;22432311111;22932311111;10240;10228
4957;22442670000;22432311111;22932311111;10240;10228
4959;22442674000;22432311111;22932311111;10240;10228
4950;22442772000;22390977777;22890977777;10240;10228
4952;22442975000;22390977777;22890977777;10240;10228
4954;22442984000;22432311111;22932311111;10240;10228
4956;22443196000;22432311111;22932311111;10240;10228
4958;22443401000;22432311111;22932311111;10240;10228
4960;22443412000;22432355555;22932355555;10240;10228
4945;22463070000;22390644444;22890644444;10240;10228
4961;22484283000;22432633333;22932633333;10240;10228
4963;22484296000;22432633333;22932633333;10240;10228
4965;22484318000;22473977777;22973977777;10240;10228
4967;22484335000;22473977777;22973977777;10240;10228
4969;22484351000;22473977777;22973977777;10240;10228
4962;22484477000;22432633333;22932633333;10240;10228
4964;22484693000;22473977777;22973977777;10240;10228
4966;22484717000;22473977777;22973977777;10240;10228
4968;22484884000;22473977777;22973977777;10240;10228
4970;22485061000;22473977777;22973977777;10240;10228
4973;22525925000;22474366666;22974366666;10240;10228
4975;22525958000;22515644444;23015644444;10240;10228
4977;22525977000;22515644444;23015644444;10240;10228
4979;22525986000;22515644444;23015644444;10240;10228
4981;22525992000;22515644444;23015644444;10240;10228
4972;22526143000;22474366666;22974366666;10240;10228
4974;22526355000;22474366666;22974366666;10240;10228
4976;22526376000;22515644444;23015644444;10240;10228
4978;22526551000;22515644444;23015644444;10240;10228
4982;22526571000;22515688888;23015688888;10240;10228
4971;22546405000;22474022222;22974022222;10240;10228
4983;22567618000;22515988888;23015988888;10240;10228
4985;22567633000;22515988888;23015988888;10240;10228
4987;22567659000;22557344444;23057344444;10240;10228
4989;22567677000;22557344444;23057344444;10240;10228
4991;22567686000;22557344444;23057344444;10240;10228
4993;22567718000;22557388888;23057388888;10240;10228
4984;22567834000;22515988888;23015988888;10240;10228
4986;22568038000;22557344444;23057344444;10240;10228
4988;22568063000;22557344444;23057344444;10240;10228
4990;22568261000;22557344444;23057344444;10240;10228
4992;22568463000;22557344444;23057344444;10240;10228
4980;22588497000;22515644444;23015644444;10240;10228
4995;22609255000;22557688888;23057688888;10240;10228
4997;22609325000;22599011111;23099011111;10240;10228
4999;22609345000;22599011111;23099011111;10240;10228
5001;22609357000;22599011111;23099011111;10240;10228
5003;22609371000;22599011111;23099011111;10240;10228
4998;22609485000;22599011111;23099011111;10240;10228
5000;22609685000;22599011111;23099011111;10240;10228
5004;22609698000;22599055555;23099055555;10240;10228
4994;22629955000;22557688888;23057688888;10240;10228
4996;22629983000;22557688888;23057688888;10240;10228
5005;22650992000;22599411111;23099411111;10240;10228
5007;22651006000;22599411111;23099411111;10240;10228
5009;22651033000;22640677777;23140677777;10240;10228
5011;22651053000;22640677777;23140677777;10240;10228
5013;22651079000;22640677777;23140677777;10240;10228
5006;22651187000;22599411111;23099411111;10240;10228
5008;22651388000;22640677777;23140677777;10240;10228
5010;22651399000;22640677777;23140677777;10240;10228
5012;22651590000;22640677777;23140677777;10240;10228
5002;22671679000;22599011111;23099011111;10240;10228
5017;22692594000;22641011111;23141011111;10240;10228
5019;22692638000;22682311111;23182311111;10240;10228
5021;22692657000;22682311111;23182311111;10240;10228
5023;22692670000;22682311111;23182311111;10240;10228
5025;22692680000;22682311111;23182311111;10240;10228
5016;22692803000;22641011111;23141011111;10240;10228
5018;22693005000;22641011111;23141011111;10240;10228
5020;22693011000;22682311111;23182311111;10240;10228
5022;22693225000;22682311111;23182311111;10240;10228
5024;22693431000;22682311111;23182311111;10240;10228
5026;22693453000;22682355555;23182355555;10240;10228
5015;22713028000;22640722222;23140722222;10240;10228
5014;22713702000;22640677777;23140677777;10240;10228
5027;22734285000;22682633333;23182633333;10240;10228
5029;22734300000;22682633333;23182633333;10240;10228
5031;22734321000;22724011111;23224011111;10240;10228
5033;22734333000;22724011111;23224011111;10240;10228
5037;22734341000;22724055555;23224055555;10240;10228
5028;22734509000;22682633333;23182633333;10240;10228
5030;22734713000;22724011111;23224011111;10240;10228
5032;22734741000;22724011111;23224011111;10240;10228
5034;22734914000;22724011111;23224011111;10240;10228
5036;22735175000;22724011111;23224011111;10240;10228
5039;22775990000;22724388888;23224388888;10240;10228
5041;22776031000;22765677777;23265677777;10240;10228
5043;22776063000;22765677777;23265677777;10240;10228
5045;22776085000;22765677777;23265677777;10240;10228
5047;22776103000;22765677777;23265677777;10240;10228
5038;22776198000;22724388888;23224388888;10240;10228
5040;22776390000;22724388888;23224388888;10240;10228
5042;22776400000;22765677777;23265677777;10240;10228
5046;22776588000;22765677777;23265677777;10240;10228
5048;22776607000;22765722222;23265722222;10240;10228
5035;22796496000;22724011111;23224011111;10240;10228
5049;22817631000;22766000000;23266000000;10240;10228
5051;22817645000;22766000000;23266000000;10240;10228
5053;22817672000;22807311111;23307311111;10240;10228
5055;22817690000;22807311111;23307311111;10240;10228
5057;22817710000;22807311111;23307311111;10240;10228
5059;22817730000;22807355555;23307355555;10240;10228
5050;22817830000;22766000000;23266000000;10240;10228
5054;22818007000;22807311111;23307311111;10240;10228
5056;22818014000;22807311111;23307311111;10240;10228
5058;22818226000;22807311111;23307311111;10240;10228
5044;22838079000;22765677777;23265677777;10240;10228
5052;22858362000;22807311111;23307311111;10240;10228
5061;22859268000;22807644444;23307644444;10240;10228
5063;22859296000;22848977777;23348977777;10240;10228
5065;22859305000;22848977777;23348977777;10240;10228
5067;22859324000;22848977777;23348977777;10240;10228
5069;22859337000;22848977777;23348977777;10240;10228
5060;22859483000;22807644444;23307644444;10240;10228
5062;22859691000;22807644444;23307644444;10240;10228
5064;22859718000;22848977777;23348977777;10240;10228
5066;22859889000;22848977777;23348977777;10240;10228
5068;22860109000;22848977777;23348977777;10240;10228
5070;22860142000;22849022222;23349022222;10240;10228
5071;22900956000;22849355555;23349355555;10240;10228
5073;22900966000;22849355555;23349355555;10240;10228
5075;22901000000;22890644444;23390644444;10240;10228
5077;22901012000;22890644444;23390644444;10240;10228
5079;22901019000;22890644444;23390644444;10240;10228
5072;22901113000;22849355555;23349355555;10240;10228
5074;22901330000;22890644444;23390644444;10240;10228
5076;22901542000;22890644444;23390644444;10240;10228
5078;22901567000;22890644444;23390644444;10240;10228
5080;22901731000;22890644444;23390644444;10240;10228
5083;22942652000;22890977777;23390977777;10240;10228
5085;22942677000;22932344444;23432344444;10240;10228
5087;22942689000;22932344444;23432344444;10240;10228
5089;22942694000;22932344444;23432344444;10240;10228
5091;22942708000;22932344444;23432344444;10240;10228
5082;22942836000;22890977777;23390977777;10240;10228
5086;22943039000;22932344444;23432344444;10240;10228
5088;22943069000;22932344444;23432344444;10240;10228
5090;22943255000;22932344444;23432344444;10240;10228
5092;22943265000;22932388888;23432388888;10240;10228
5081;22962929000;22890688888;23390688888;10240;10228
5084;22963527000;22890977777;23390977777;10240;10228
5093;22984268000;22932666666;23432666666;10240;10228
5095;22984278000;22932666666;23432666666;10240;10228
5097;22984295000;22973977777;23473977777;10240;10228
5099;22984306000;22973977777;23473977777;10240;10228
5101;22984312000;22973977777;23473977777;10240;10228
5103;22984317000;22974022222;23474022222;10240;10228
5094;22984478000;22932666666;23432666666;10240;10228
5096;22984679000;22973977777;23473977777;10240;10228
5098;22984715000;22973977777;23473977777;10240;10228
5100;22984889000;22973977777;23473977777;10240;10228
5102;22985071000;22973977777;23473977777;10240;10228
5105;23025943000;22974355555;23474355555;10240;10228
5107;23025965000;23015644444;23515644444;10240;10228
5109;23025971000;23015644444;23515644444;10240;10228
5111;23025976000;23015644444;23515644444;10240;10228
5113;23025981000;23015644444;23515644444;10240;10228
5104;23026141000;22974355555;23474355555;10240;10228
5108;23026317000;23015644444;23515644444;10240;10228
5110;23026508000;23015644444;23515644444;10240;10228
5112;23026514000;23015644444;23515644444;10240;10228
5114;23026745000;23015688888;23515688888;10240;10228
5106;23047028000;22974355555;23474355555;10240;10228
5115;23067657000;23015966666;23515966666;10240;10228
5117;23067668000;23015966666;23515966666;10240;10228
5123;23067689000;23057311111;23557311111;10240;10228
5125;23067710000;23057366666;23557366666;10240;10228
5116;23067820000;23015966666;23515966666;10240;10228
5118;23067977000;23057311111;23557311111;10240;10228
5122;23068182000;23057311111;23557311111;10240;10228
5124;23068188000;23057311111;23557311111;10240;10228
5127;23109329000;23057644444;23557644444;10240;10228
5129;23109359000;23098977777;23598977777;10240;10228
5131;23109365000;23098977777;23598977777;10240;10228
5133;23109375000;23098977777;23598977777;10240;10228
5135;23109393000;23098977777;23598977777;10240;10228
5126;23109501000;23057644444;23557644444;10240;10228
5128;23109694000;23057644444;23557644444;10240;10228
5130;23109853000;23098977777;23598977777;10240;10228
5132;23109863000;23098977777;23598977777;10240;10228
5134;23110068000;23098977777;23598977777;10240;10228
5136;23110079000;23099022222;23599022222;10240;10228
5120;23129723000;23057311111;23557311111;10240;10228
5119;23129813000;23057311111;23557311111;10240;10228
5121;23129991000;23057311111;23557311111;10240;10228
5137;23150952000;23099377777;23599377777;10240;10228
5139;23150964000;23099377777;23599377777;10240;10228
5141;23150982000;23140644444;23640644444;10240;10228
5143;23150992000;23140644444;23640644444;10240;10228
5145;23150999000;23140644444;23640644444;10240;10228
5147;23151003000;23140688888;23640688888;10240;10228
5138;23151145000;23099377777;23599377777;10240;10228
5140;23151357000;23140644444;23640644444;10240;10228
5142;23151384000;23140644444;23640644444;10240;10228
5144;23151544000;23140644444;23640644444;10240;10228
5146;23151749000;23140644444;23640644444;10240;10228
5149;23192675000;23140977777;23640977777;10240;10228
5151;23192700000;23182344444;23682344444;10240;10228
5153;23192711000;23182344444;23682344444;10240;10228
5155;23192716000;23182344444;23682344444;10240;10228
5157;23192730000;23182344444;23682344444;10240;10228
5148;23192842000;23140977777;23640977777;10240;10228
5150;23193013000;23140977777;23640977777;10240;10228
5152;23193258000;23182344444;23682344444;10240;10228
5154;23193285000;23182344444;23682344444;10240;10228
5156;23193455000;23182344444;23682344444;10240;10228
5158;23193492000;23182388888;23682388888;10240;10228
5159;23234258000;23182655555;23682655555;10240;10228
5161;23234275000;23182655555;23682655555;10240;10228
5163;23234293000;23223977777;23723977777;10240;10228
5165;23234298000;23223977777;23723977777;10240;10228
5169;23234327000;23224022222;23724022222;10240;10228
5160;23234479000;23182655555;23682655555;10240;10228
5162;23234682000;23223977777;23723977777;10240;10228
5164;23234717000;23223977777;23723977777;10240;10228
5166;23234886000;23223977777;23723977777;10240;10228
5168;23235067000;23223977777;23723977777;10240;10228
5171;23275958000;23224355555;23724355555;10240;10228
5173;23275985000;23265677777;23765677777;10240;10228
5175;23275991000;23265677777;23765677777;10240;10228
5177;23276001000;23265677777;23765677777;10240;10228
5179;23276006000;23265677777;23765677777;10240;10228
5170;23276176000;23224355555;23724355555;10240;10228
5172;23276386000;23224355555;23724355555;10240;10228
5174;23276397000;23265677777;23765677777;10240;10228
5176;23276593000;23265677777;23765677777;10240;10228
5178;23276782000;23265677777;23765677777;10240;10228
5180;23276801000;23265722222;23765722222;10240;10228
5181;23317591000;23266011111;23766011111;10240;10228
5183;23317601000;23266011111;23766011111;10240;10228
5185;23317608000;23307311111;23807311111;10240;10228
5187;23317612000;23307311111;23807311111;10240;10228
5189;23317619000;23307311111;23807311111;10240;10228
5191;23317623000;23307355555;23807355555;10240;10228
5182;23317807000;23266011111;23766011111;10240;10228
5184;23317996000;23307311111;23807311111;10240;10228
5186;23318208000;23307311111;23807311111;10240;10228
5188;23318220000;23307311111;23807311111;10240;10228
5190;23318412000;23307311111;23807311111;10240;10228
5193;23359279000;23307666666;23807666666;10240;10228
5195;23359309000;23348977777;23848977777;10240;10228
5197;23359316000;23348977777;23848977777;10240;10228
5199;23359321000;23348977777;23848977777;10240;10228
5201;23359336000;23348977777;23848977777;10240;10228
5194;23359486000;23307666666;23807666666;10240;10228
5196;23359691000;23348977777;23848977777;10240;10228
5198;23359711000;23348977777;23848977777;10240;10228
5200;23359896000;23348977777;23848977777;10240;10228
5202;23359906000;23349022222;23849022222;10240;10228
5192;23379980000;23307666666;23807666666;10240;10228
5203;23401010000;23349344444;23849344444;10240;10228
5205;23401021000;23349344444;23849344444;10240;10228
5207;23401041000;23390677777;23890677777;10240;10228
5209;23401066000;23390677777;23890677777;10240;10228
5211;23401073000;23390677777;23890677777;10240;10228
5213;23401078000;23390722222;23890722222;10240;10228
5204;23401243000;23349344444;23849344444;10240;10228
5206;23401392000;23390677777;23890677777;10240;10228
5208;23401420000;23390677777;23890677777;10240;10228
5212;23401590000;23390677777;23890677777;10240;10228
5217;23442651000;23432311111;23932311111;10240;10228
5219;23442661000;23432311111;23932311111;10240;10228
5221;23442666000;23432311111;23932311111;10240;10228
5223;23442669000;23432311111;23932311111;10240;10228
5214;23442778000;23391000000;23891000000;10240;10228
5216;23442986000;23391000000;23891000000;10240;10228
5218;23442995000;23432311111;23932311111;10240;10228
5220;23443197000;23432311111;23932311111;10240;10228
5222;23443402000;23432311111;23932311111;10240;10228
5224;23443413000;23432355555;23932355555;10240;10228
5215;23462980000;23391000000;23891000000;10240;10228
5210;23463296000;23390677777;23890677777;10240;10228
5225;23484312000;23432633333;23932633333;10240;10228
5227;23484324000;23432633333;23932633333;10240;10228
5229;23484342000;23473977777;23973977777;10240;10228
5231;23484348000;23473977777;23973977777;10240;10228
5233;23484352000;23473977777;23973977777;10240;10228
5235;23484356000;23474033333;23974033333;10240;10228
5226;23484535000;23432633333;23932633333;10240;10228
5230;23484708000;23473977777;23973977777;10240;10228
5234;23484719000;23473977777;23973977777;10240;10228
5237;23525942000;23474388888;23974388888;10240;10228
5239;23525954000;23515644444;24015644444;10240;10228
5241;23525960000;23515644444;24015644444;10240;10228
5243;23525965000;23515644444;24015644444;10240;10228
5245;23525969000;23515644444;24015644444;10240;10228
5236;23526186000;23474388888;23974388888;10240;10228
5238;23526400000;23474388888;23974388888;10240;10228
5240;23526582000;23515644444;24015644444;10240;10228
5242;23526603000;23515644444;24015644444;10240;10228
5244;23526784000;23515644444;24015644444;10240;10228
5246;23526804000;23515688888;24015688888;10240;10228
5228;23546670000;23473977777;23973977777;10240;10228
5232;23546907000;23473977777;23973977777;10240;10228
5247;23567677000;23515988888;24015988888;10240;10228
5249;23567688000;23515988888;24015988888;10240;10228
5253;23567707000;23557344444;24057344444;10240;10228
5255;23567718000;23557344444;24057344444;10240;10228
5257;23567739000;23557388888;24057388888;10240;10228
5248;23567875000;23515988888;24015988888;10240;10228
5250;23568066000;23557344444;24057344444;10240;10228
5252;23568107000;23557344444;24057344444;10240;10228
5254;23568267000;23557344444;24057344444;10240;10228
5256;23568460000;23557344444;24057344444;10240;10228
5251;23588294000;23557344444;24057344444;10240;10228
5259;23609290000;23557677777;24057677777;10240;10228
5261;23609316000;23598977777;24098977777;10240;10228
5263;23609322000;23598977777;24098977777;10240;10228
5265;23609328000;23598977777;24098977777;10240;10228
5267;23609342000;23598977777;24098977777;10240;10228
5258;23609479000;23557677777;24057677777;10240;10228
5260;23609687000;23557677777;24057677777;10240;10228
5262;23609714000;23598977777;24098977777;10240;10228
5266;23609888000;23598977777;24098977777;10240;10228
5268;23609908000;23599022222;24099022222;10240;10228
5269;23650925000;23599377777;24099377777;10240;10228
5271;23650937000;23599377777;24099377777;10240;10228
5273;23650959000;23640644444;24140644444;10240;10228
5275;23650964000;23640644444;24140644444;10240;10228
5277;23650971000;23640644444;24140644444;10240;10228
5279;23650977000;23640688888;24140688888;10240;10228
5270;23651144000;23599377777;24099377777;10240;10228
5272;23651359000;23640644444;24140644444;10240;10228
5274;23651372000;23640644444;24140644444;10240;10228
5276;23651542000;23640644444;24140644444;10240;10228
5278;23651746000;23640644444;24140644444;10240;10228
5264;23671609000;23598977777;24098977777;10240;10228
5281;23692609000;23640977777;24140977777;10240;10228
5283;23692633000;23682311111;24182311111;10240;10228
5285;23692640000;23682311111;24182311111;10240;10228
5287;23692646000;23682311111;24182311111;10240;10228
5289;23692651000;23682311111;24182311111;10240;10228
5280;23692804000;23640977777;24140977777;10240;10228
5282;23693015000;23640977777;24140977777;10240;10228
5284;23693041000;23682311111;24182311111;10240;10228
5286;23693225000;23682311111;24182311111;10240;10228
5288;23693429000;23682311111;24182311111;10240;10228
5290;23693443000;23682355555;24182355555;10240;10228
5291;23734288000;23682622222;24182622222;10240;10228
5293;23734299000;23682622222;24182622222;10240;10228
5295;23734318000;23723977777;24223977777;10240;10228
5297;23734324000;23723977777;24223977777;10240;10228
5299;23734334000;23723977777;24223977777;10240;10228
5301;23734340000;23724022222;24224022222;10240;10228
5292;23734478000;23682622222;24182622222;10240;10228
5294;23734683000;23723977777;24223977777;10240;10228
5296;23734709000;23723977777;24223977777;10240;10228
5298;23734873000;23723977777;24223977777;10240;10228
5300;23735064000;23723977777;24223977777;10240;10228
5303;23775929000;23724366666;24224366666;10240;10228
5305;23775953000;23765644444;24265644444;10240;10228
5307;23775960000;23765644444;24265644444;10240;10228
5309;23775965000;23765644444;24265644444;10240;10228
5311;23775969000;23765644444;24265644444;10240;10228
5302;23776141000;23724366666;24224366666;10240;10228
5304;23776385000;23724366666;24224366666;10240;10228
5306;23776412000;23765644444;24265644444;10240;10228
5308;23776603000;23765644444;24265644444;10240;10228
5310;23776755000;23765644444;24265644444;10240;10228
5312;23776780000;23765688888;24265688888;10240;10228
5313;23817613000;23765966666;24265966666;10240;10228
5315;23817623000;23765966666;24265966666;10240;10228
5317;23817641000;23807311111;24307311111;10240;10228
5319;23817646000;23807311111;24307311111;10240;10228
5321;23817657000;23807311111;24307311111;10240;10228
5323;23817661000;23807355555;24307355555;10240;10228
5314;23817801000;23765966666;24265966666;10240;10228
5316;23818051000;23807311111;24307311111;10240;10228
5318;23818076000;23807311111;24307311111;10240;10228
5320;23818220000;23807311111;24307311111;10240;10228
5322;23818453000;23807311111;24307311111;10240;10228
5325;23859255000;23807644444;24307644444;10240;10228
5327;23859285000;23848977777;24348977777;10240;10228
5329;23859292000;23848977777;24348977777;10240;10228
5331;23859297000;23848977777;24348977777;10240;10228
5333;23859312000;23848977777;24348977777;10240;10228
5324;23859510000;23807644444;24307644444;10240;10228
5326;23859687000;23807644444;24307644444;10240;10228
5330;23859721000;23848977777;24348977777;10240;10228
5332;23859883000;23848977777;24348977777;10240;10228
5334;23859894000;23849022222;24349022222;10240;10228
5328;23880116000;23848977777;24348977777;10240;10228
5335;23900983000;23849355555;24349355555;10240;10228
5337;23900994000;23849355555;24349355555;10240;10228
5339;23901012000;23890644444;24390644444;10240;10228
5341;23901017000;23890644444;24390644444;10240;10228
5343;23901028000;23890644444;24390644444;10240;10228
5345;23901033000;23890688888;24390688888;10240;10228
5336;23901199000;23849355555;24349355555;10240;10228
5338;23901386000;23890644444;24390644444;10240;10228
5340;23901411000;23890644444;24390644444;10240;10228
5342;23901611000;23890644444;24390644444;10240;10228
5344;23901827000;23890644444;24390644444;10240;10228
5347;23942635000;23890977777;24390977777;10240;10228
5349;23942665000;23932344444;24432344444;10240;10228
5351;23942672000;23932344444;24432344444;10240;10228
5353;23942676000;23932344444;24432344444;10240;10228
5355;23942690000;23932344444;24432344444;10240;10228
5346;23942835000;23890977777;24390977777;10240;10228
5348;23943059000;23890977777;24390977777;10240;10228
5350;23943085000;23932344444;24432344444;10240;10228
5352;23943232000;23932344444;24432344444;10240;10228
5354;23943448000;23932344444;24432344444;10240;10228
5356;23943474000;23932388888;24432388888;10240;10228
5357;23984265000;23932666666;24432666666;10240;10228
5359;23984277000;23932666666;24432666666;10240;10228
5361;23984296000;23973977777;24473977777;10240;10228
5363;23984304000;23973977777;24473977777;10240;10228
5365;23984309000;23973977777;24473977777;10240;10228
5367;23984313000;23974022222;24474022222;10240;10228
5358;23984482000;23932666666;24432666666;10240;10228
5360;23984682000;23973977777;24473977777;10240;10228
5362;23984718000;23973977777;24473977777;10240;10228
5364;23984885000;23973977777;24473977777;10240;10228
5366;23985067000;23973977777;24473977777;10240;10228
5369;24025974000;23974355555;24474355555;10240;10228
5371;24025998000;24015677777;24515677777;10240;10228
5373;24026009000;24015677777;24515677777;10240;10228
5375;24026013000;24015677777;24515677777;10240;10228
5377;24026027000;24015677777;24515677777;10240;10228
5368;24026176000;23974355555;24474355555;10240;10228
5370;24026393000;23974355555;24474355555;10240;10228
5372;24026417000;24015677777;24515677777;10240;10228
5374;24026599000;24015677777;24515677777;10240;10228
5376;24026774000;24015677777;24515677777;10240;10228
5378;24026801000;24015722222;24515722222;10240;10228
5379;24067642000;24016011111;24516011111;10240;10228
5381;24067657000;24016011111;24516011111;10240;10228
5383;24067674000;24057311111;24557311111;10240;10228
5385;24067680000;24057311111;24557311111;10240;10228
5387;24067685000;24057311111;24557311111;10240;10228
5389;24067690000;24057355555;24557355555;10240;10228
5380;24067817000;24016011111;24516011111;10240;10228
5382;24068006000;24057311111;24557311111;10240;10228
5386;24068027000;24057311111;24557311111;10240;10228
5388;24068216000;24057311111;24557311111;10240;10228
5391;24109272000;24057633333;24557633333;10240;10228
5393;24109298000;24098977777;24598977777;10240;10228
5395;24109304000;24098977777;24598977777;10240;10228
5397;24109309000;24098977777;24598977777;10240;10228
5399;24109314000;24098977777;24598977777;10240;10228
5390;24109477000;24057633333;24557633333;10240;10228
5392;24109672000;24057633333;24557633333;10240;10228
5396;24109866000;24098977777;24598977777;10240;10228
5398;24109887000;24098977777;24598977777;10240;10228
5400;24110081000;24099022222;24599022222;10240;10228
5384;24129765000;24057311111;24557311111;10240;10228
5401;24150935000;24099377777;24599377777;10240;10228
5403;24150944000;24099377777;24599377777;10240;10228
5405;24150950000;24140644444;24640644444;10240;10228
5407;24150954000;24140644444;24640644444;10240;10228
5411;24150959000;24140688888;24640688888;10240;10228
5402;24151142000;24099377777;24599377777;10240;10228
5404;24151355000;24140644444;24640644444;10240;10228
5406;24151366000;24140644444;24640644444;10240;10228
5410;24151562000;24140644444;24640644444;10240;10228
5394;24171625000;24098977777;24598977777;10240;10228
5413;24192671000;24140977777;24640977777;10240;10228
5415;24192699000;24182344444;24682344444;10240;10228
5417;24192704000;24182344444;24682344444;10240;10228
5419;24192717000;24182344444;24682344444;10240;10228
5421;24192731000;24182344444;24682344444;10240;10228
5414;24192845000;24140977777;24640977777;10240;10228
5416;24193037000;24182344444;24682344444;10240;10228
5418;24193252000;24182344444;24682344444;10240;10228
5420;24193261000;24182344444;24682344444;10240;10228
5422;24193453000;24182388888;24682388888;10240;10228
5409;24213214000;24140644444;24640644444;10240;10228
5408;24213519000;24140644444;24640644444;10240;10228
5412;24213727000;24140977777;24640977777;10240;10228
5423;24234319000;24182655555;24682655555;10240;10228
5425;24234332000;24182655555;24682655555;10240;10228
5427;24234350000;24224011111;24724011111;10240;10228
5429;24234355000;24224011111;24724011111;10240;10228
5431;24234363000;24224011111;24724011111;10240;10228
5433;24234368000;24224055555;24724055555;10240;10228
5424;24234509000;24182655555;24682655555;10240;10228
5428;24234717000;24224011111;24724011111;10240;10228
5432;24234737000;24224011111;24724011111;10240;10228
5435;24275939000;24224400000;24724400000;10240;10228
5437;24275966000;24265644444;24765644444;10240;10228
5439;24275976000;24265644444;24765644444;10240;10228
5441;24275984000;24265644444;24765644444;10240;10228
5443;24275997000;24265644444;24765644444;10240;10228
5434;24276148000;24224400000;24724400000;10240;10228
5436;24276362000;24224400000;24724400000;10240;10228
5438;24276375000;24265644444;24765644444;10240;10228
5440;24276547000;24265644444;24765644444;10240;10228
5442;24276745000;24265644444;24765644444;10240;10228
5444;24276765000;24265700000;24765700000;10240;10228
5426;24296415000;24224011111;24724011111;10240;10228
5430;24296600000;24224011111;24724011111;10240;10228
5445;24317650000;24266000000;24766000000;10240;10228
5447;24317665000;24266000000;24766000000;10240;10228
5449;24317681000;24307311111;24807311111;10240;10228
5451;24317693000;24307311111;24807311111;10240;10228
5453;24317698000;24307311111;24807311111;10240;10228
5446;24317815000;24266000000;24766000000;10240;10228
5448;24318016000;24307311111;24807311111;10240;10228
5450;24318061000;24307311111;24807311111;10240;10228
5452;24318226000;24307311111;24807311111;10240;10228
5454;24318443000;24307311111;24807311111;10240;10228
5459;24359260000;24348977777;24848977777;10240;10228
5461;24359290000;24348977777;24848977777;10240;10228
5463;24359297000;24348977777;24848977777;10240;10228
5465;24359301000;24348977777;24848977777;10240;10228
5456;24359470000;24307666666;24807666666;10240;10228
5458;24359672000;24307666666;24807666666;10240;10228
5460;24359869000;24348977777;24848977777;10240;10228
5462;24359880000;24348977777;24848977777;10240;10228
5464;24360069000;24348977777;24848977777;10240;10228
5466;24360081000;24349022222;24849022222;10240;10228
5455;24379606000;24307355555;24807355555;10240;10228
5457;24379631000;24307666666;24807666666;10240;10228
5467;24400941000;24349344444;24849344444;10240;10228
5469;24400950000;24349344444;24849344444;10240;10228
5471;24400968000;24390644444;24890644444;10240;10228
5473;24400979000;24390644444;24890644444;10240;10228
5475;24400986000;24390644444;24890644444;10240;10228
5477;24400990000;24390688888;24890688888;10240;10228
5468;24401187000;24349344444;24849344444;10240;10228
5470;24401384000;24390644444;24890644444;10240;10228
5472;24401408000;24390644444;24890644444;10240;10228
5474;24401610000;24390644444;24890644444;10240;10228
5476;24401829000;24390644444;24890644444;10240;10228
5479;24442628000;24390966666;24890966666;10240;10228
5487;24442651000;24432311111;24932311111;10240;10228
5478;24442818000;24390966666;24890966666;10240;10228
5480;24443014000;24390966666;24890966666;10240;10228
5482;24443042000;24432311111;24932311111;10240;10228
5484;24443224000;24432311111;24932311111;10240;10228
5486;24443417000;24432311111;24932311111;10240;10228
5488;24443428000;24432355555;24932355555;10240;10228
5489;24484283000;24432633333;24932633333;10240;10228
5491;24484296000;24432633333;24932633333;10240;10228
5493;24484317000;24473977777;24973977777;10240;10228
5495;24484323000;24473977777;24973977777;10240;10228
5497;24484337000;24473977777;24973977777;10240;10228
5499;24484343000;24474022222;24974022222;10240;10228
5490;24484492000;24432633333;24932633333;10240;10228
5492;24484687000;24473977777;24973977777;10240;10228
5494;24484698000;24473977777;24973977777;10240;10228
5496;24484857000;24473977777;24973977777;10240;10228
5498;24485124000;24473977777;24973977777;10240;10228
5481;24504572000;24432311111;24932311111;10240;10228
5483;24504600000;24432311111;24932311111;10240;10228
5485;24504804000;24432311111;24932311111;10240;10228
