seqnum;now;rtptime;deadline
1;11293949000;10785166666;11285166666
2;11293952000;10785166666;11285166666
3;11537150000;10816144444;11316144444
55;11692622000;10983111111;11483111111
97;11806267000;11149488888;11649488888
129;11877209000;11274477777;11774477777
152;11894558000;11357777777;11857777777
153;11906722000;11357844444;11857844444
154;11906727000;11358311111;11858311111
155;11906729000;11358311111;11858311111
156;11906730000;11358311111;11858311111
157;11928705000;11399433333;11899433333
165;11928817000;11399800000;11899800000
166;11928820000;11399800000;11899800000
167;11928821000;11399800000;11899800000
168;11949273000;11441100000;11941100000
169;11949279000;11441100000;11941100000
170;11949280000;11441100000;11941100000
171;11949281000;11441100000;11941100000
172;11949282000;11441100000;11941100000
173;11949283000;11441100000;11941100000
174;11949284000;11441100000;11941100000
175;11955792000;11441166666;11941166666
176;11955807000;11441477777;11941477777
177;11955809000;11441477777;11941477777
178;11955810000;11441477777;11941477777
179;11987309000;11482766666;11982766666
180;11987313000;11482766666;11982766666
181;11987314000;11482766666;11982766666
182;11987315000;11482766666;11982766666
183;11987316000;11482766666;11982766666
184;11987317000;11482766666;11982766666
185;11987318000;11482766666;11982766666
186;11987516000;11482822222;11982822222
187;11987531000;11483111111;11983111111
188;11987533000;11483111111;11983111111
189;11987533000;11483111111;11983111111
190;12019904000;11524433333;12024433333
191;12019917000;11524433333;12024433333
192;12019919000;11524433333;12024433333
193;12019921000;11524433333;12024433333
194;12019922000;11524433333;12024433333
195;12019923000;11524433333;12024433333
196;12019925000;11524433333;12024433333
197;12022379000;11524477777;12024477777
198;12022383000;11524755555;12024755555
199;12022385000;11524755555;12024755555
200;12022386000;11524755555;12024755555
201;12060388000;11566166666;12066166666
202;12060391000;11566166666;12066166666
203;12060392000;11566166666;12066166666
204;12060393000;11566166666;12066166666
205;12060394000;11566166666;12066166666
206;12060395000;11566166666;12066166666
207;12060396000;11566166666;12066166666
208;12060594000;11566222222;12066222222
209;12060610000;11566511111;12066511111
210;12060612000;11566511111;12066511111
211;12060613000;11566511111;12066511111
212;12099134000;11607800000;12107800000
213;12099137000;11607800000;12107800000
214;12099138000;11607800000;12107800000
215;12099139000;11607800000;12107800000
216;12099140000;11607800000;12107800000
217;12099141000;11607800000;12107800000
218;12099142000;11607800000;12107800000
219;12099876000;11607866666;12107866666
220;12099891000;11608244444;12108244444
221;12099892000;11608244444;12108244444
222;12099893000;11608244444;12108244444
223;12140601000;11649477777;12149477777
224;12140604000;11649477777;12149477777
225;12140605000;11649477777;12149477777
226;12140606000;11649477777;12149477777
227;12140607000;11649477777;12149477777
228;12140608000;11649477777;12149477777
229;12140609000;11649477777;12149477777
230;12140808000;11649522222;12149522222
231;12140823000;11649822222;12149822222
232;12140824000;11649822222;12149822222
233;12140825000;11649822222;12149822222
234;12181598000;11691133333;12191133333
235;12181601000;11691133333;12191133333
236;12181602000;11691133333;12191133333
237;12181603000;11691133333;12191133333
238;12181604000;11691133333;12191133333
239;12181605000;11691133333;12191133333
240;12181606000;11691133333;12191133333
241;12181775000;11691200000;12191200000
242;12181779000;11691488888;12191488888
243;12181781000;11691488888;12191488888
244;12181781000;11691488888;12191488888
245;12223357000;11732822222;12232822222
246;12223360000;11732822222;12232822222
247;12223361000;11732822222;12232822222
248;12223362000;11732822222;12232822222
249;12223363000;11732822222;12232822222
250;12223364000;11732822222;12232822222
251;12223365000;11732822222;12232822222
252;12223536000;11732877777;12232877777
253;12223540000;11733244444;12233244444
254;12223541000;11733244444;12233244444
255;12223563000;11733244444;12233244444
256;12264976000;11774477777;12274477777
257;12264980000;11774477777;12274477777
258;12264981000;11774477777;12274477777
259;12264982000;11774477777;12274477777
260;12264983000;11774477777;12274477777
261;12264984000;11774477777;12274477777
262;12264985000;11774477777;12274477777
263;12265192000;11774533333;12274533333
264;12265197000;11774811111;12274811111
265;12265198000;11774811111;12274811111
266;12265199000;11774811111;12274811111
267;12306485000;11816166666;12316166666
268;12306489000;11816166666;12316166666
269;12306490000;11816166666;12316166666
270;12306491000;11816166666;12316166666
271;12306492000;11816166666;12316166666
272;12306493000;11816166666;12316166666
273;12306494000;11816166666;12316166666
274;12306629000;11816222222;12316222222
275;12306631000;11816522222;12316522222
276;12306633000;11816522222;12316522222
277;12306634000;11816522222;12316522222
278;12348127000;11857811111;12357811111
279;12348131000;11857811111;12357811111
280;12348132000;11857811111;12357811111
281;12348133000;11857811111;12357811111
282;12348134000;11857811111;12357811111
283;12348135000;11857811111;12357811111
284;12348136000;11857811111;12357811111
285;12348347000;11857855555;12357855555
286;12348351000;11858200000;12358200000
287;12348352000;11858200000;12358200000
288;12348353000;11858200000;12358200000
289;12389816000;11899477777;12399477777
290;12389819000;11899477777;12399477777
291;12389820000;11899477777;12399477777
292;12389821000;11899477777;12399477777
293;12389822000;11899477777;12399477777
294;12389823000;11899477777;12399477777
295;12389824000;11899477777;12399477777
296;12389979000;11899533333;12399533333
297;12389985000;11899800000;12399800000
298;12389987000;11899800000;12399800000
299;12389988000;11899800000;12399800000
300;12431624000;11941166666;12441166666
301;12431628000;11941166666;12441166666
302;12431629000;11941166666;12441166666
303;12431630000;11941166666;12441166666
304;12431631000;11941166666;12441166666
305;12431632000;11941166666;12441166666
306;12431633000;11941166666;12441166666
307;12431803000;11941222222;12441222222
308;12431807000;11941500000;12441500000
309;12431808000;11941500000;12441500000
310;12431809000;11941500000;12441500000
311;12473242000;11982811111;12482811111
312;12473255000;11982811111;12482811111
313;12473256000;11982811111;12482811111
314;12473257000;11982811111;12482811111
315;12473258000;11982811111;12482811111
316;12473258000;11982811111;12482811111
317;12473259000;11982811111;12482811111
318;12473464000;11982866666;12482866666
319;12473467000;11983200000;12483200000
320;12473468000;11983200000;12483200000
321;12473469000;11983200000;12483200000
322;12514895000;12024455555;12524455555
323;12514898000;12024455555;12524455555
324;12514908000;12024455555;12524455555
325;12514909000;12024455555;12524455555
326;12514910000;12024455555;12524455555
327;12514911000;12024455555;12524455555
328;12514912000;12024455555;12524455555
329;12515122000;12024511111;12524511111
330;12515126000;12024811111;12524811111
331;12515126000;12024811111;12524811111
332;12515127000;12024811111;12524811111
333;12561131000;12066133333;12566133333
334;12561140000;12066133333;12566133333
335;12561155000;12066133333;12566133333
336;12561157000;12066133333;12566133333
337;12561159000;12066133333;12566133333
338;12561161000;12066133333;12566133333
339;12561162000;12066133333;12566133333
340;12561407000;12066200000;12566200000
341;12561415000;12066511111;12566511111
342;12561426000;12066511111;12566511111
343;12561427000;12066511111;12566511111
344;12598300000;12107811111;12607811111
345;12598311000;12107811111;12607811111
346;12598312000;12107811111;12607811111
347;12598314000;12107811111;12607811111
348;12598317000;12107811111;12607811111
349;12598319000;12107811111;12607811111
350;12598322000;12107811111;12607811111
351;12598556000;12107866666;12607866666
352;12598574000;12108188888;12608188888
353;12598576000;12108188888;12608188888
354;12598578000;12108188888;12608188888
355;12642105000;12149477777;12649477777
356;12642117000;12149477777;12649477777
357;12642119000;12149477777;12649477777
358;12642142000;12149477777;12649477777
359;12642144000;12149477777;12649477777
360;12642146000;12149477777;12649477777
361;12642148000;12149477777;12649477777
362;12642397000;12149533333;12649533333
363;12642415000;12149811111;12649811111
364;12642417000;12149811111;12649811111
365;12642418000;12149811111;12649811111
366;12681688000;12191166666;12691166666
367;12681698000;12191166666;12691166666
368;12681700000;12191166666;12691166666
369;12681702000;12191166666;12691166666
370;12681703000;12191166666;12691166666
371;12681705000;12191166666;12691166666
372;12681707000;12191166666;12691166666
373;12681940000;12191222222;12691222222
374;12681958000;12191477777;12691477777
375;12681960000;12191477777;12691477777
376;12681961000;12191477777;12691477777
377;12725850000;12232788888;12732788888
378;12725864000;12232788888;12732788888
379;12725867000;12232788888;12732788888
380;12725868000;12232788888;12732788888
381;12725870000;12232788888;12732788888
382;12725873000;12232788888;12732788888
383;12725875000;12232788888;12732788888
384;12726171000;12232833333;12732833333
385;12726193000;12233133333;12733133333
386;12726195000;12233133333;12733133333
387;12726196000;12233133333;12733133333
388;12764993000;12274477777;12774477777
389;12765000000;12274477777;12774477777
390;12765002000;12274477777;12774477777
391;12765013000;12274477777;12774477777
392;12765015000;12274477777;12774477777
393;12765016000;12274477777;12774477777
394;12765018000;12274477777;12774477777
395;12765244000;12274522222;12774522222
396;12765260000;12274811111;12774811111
397;12765262000;12274811111;12774811111
398;12765263000;12274811111;12774811111
399;12806581000;12316133333;12816133333
400;12806585000;12316133333;12816133333
401;12806586000;12316133333;12816133333
402;12806588000;12316133333;12816133333
403;12806589000;12316133333;12816133333
404;12806591000;12316133333;12816133333
405;12806592000;12316133333;12816133333
406;12806800000;12316200000;12816200000
407;12806815000;12316500000;12816500000
408;12806817000;12316500000;12816500000
409;12806818000;12316500000;12816500000
410;12848104000;12357811111;12857811111
411;12848108000;12357811111;12857811111
412;12848109000;12357811111;12857811111
413;12848111000;12357811111;12857811111
414;12848113000;12357811111;12857811111
415;12848114000;12357811111;12857811111
416;12848115000;12357811111;12857811111
417;12848277000;12357866666;12857866666
418;12848284000;12358188888;12858188888
419;12848285000;12358188888;12858188888
420;12848287000;12358188888;12858188888
421;12889697000;12399455555;12899455555
422;12889700000;12399455555;12899455555
423;12889701000;12399455555;12899455555
424;12889702000;12399455555;12899455555
425;12889713000;12399455555;12899455555
426;12889715000;12399455555;12899455555
427;12889716000;12399455555;12899455555
428;12889871000;12399500000;12899500000
429;12889874000;12399800000;12899800000
430;12889875000;12399800000;12899800000
431;12889876000;12399800000;12899800000
432;12931577000;12441166666;12941166666
433;12931581000;12441166666;12941166666
434;12931583000;12441166666;12941166666
435;12931584000;12441166666;12941166666
436;12931585000;12441166666;12941166666
437;12931586000;12441166666;12941166666
438;12931588000;12441166666;12941166666
439;12931743000;12441222222;12941222222
440;12931749000;12441522222;12941522222
441;12931751000;12441522222;12941522222
442;12931752000;12441522222;12941522222
443;12973090000;12482811111;12982811111
444;12973094000;12482811111;12982811111
445;12973095000;12482811111;12982811111
446;12973096000;12482811111;12982811111
447;12973097000;12482811111;12982811111
448;12973099000;12482811111;12982811111
449;12973100000;12482811111;12982811111
450;12973315000;12482855555;12982855555
451;12973321000;12483155555;12983155555
452;12973323000;12483155555;12983155555
453;12973324000;12483155555;12983155555
454;13014913000;12524466666;13024466666
455;13014917000;12524466666;13024466666
456;13014919000;12524466666;13024466666
457;13014920000;12524466666;13024466666
458;13014921000;12524466666;13024466666
459;13014922000;12524466666;13024466666
460;13014932000;12524466666;13024466666
461;13015140000;12524511111;13024511111
462;13015147000;12524800000;13024800000
463;13015148000;12524800000;13024800000
464;13015150000;12524800000;13024800000
465;13056594000;12566155555;13066155555
466;13056607000;12566155555;13066155555
467;13056608000;12566155555;13066155555
468;13056609000;12566155555;13066155555
469;13056611000;12566155555;13066155555
470;13056612000;12566155555;13066155555
471;13056613000;12566155555;13066155555
472;13056824000;12566211111;13066211111
473;13056827000;12566488888;13066488888
474;13056829000;12566488888;13066488888
475;13056830000;12566488888;13066488888
476;13098224000;12607811111;13107811111
477;13098236000;12607811111;13107811111
478;13098237000;12607811111;13107811111
479;13098238000;12607811111;13107811111
480;13098240000;12607811111;13107811111
481;13098241000;12607811111;13107811111
482;13098242000;12607811111;13107811111
483;13098449000;12607866666;13107866666
484;13098452000;12608188888;13108188888
485;13098454000;12608188888;13108188888
486;13098455000;12608188888;13108188888
487;13139803000;12649477777;13149477777
488;13139807000;12649477777;13149477777
489;13139808000;12649477777;13149477777
490;13139810000;12649477777;13149477777
491;13139811000;12649477777;13149477777
492;13139812000;12649477777;13149477777
493;13139814000;12649477777;13149477777
494;13140008000;12649522222;13149522222
495;13140011000;12649822222;13149822222
496;13140012000;12649822222;13149822222
497;13140013000;12649822222;13149822222
498;13181556000;12691166666;13191166666
499;13181571000;12691166666;13191166666
500;13181572000;12691166666;13191166666
501;13181573000;12691166666;13191166666
502;13181574000;12691166666;13191166666
503;13181575000;12691166666;13191166666
504;13181576000;12691166666;13191166666
505;13181738000;12691233333;13191233333
506;13181741000;12691522222;13191522222
507;13181742000;12691522222;13191522222
508;13181743000;12691522222;13191522222
509;13223173000;12732811111;13232811111
510;13223176000;12732811111;13232811111
511;13223178000;12732811111;13232811111
512;13223179000;12732811111;13232811111
513;13223180000;12732811111;13232811111
514;13223180000;12732811111;13232811111
515;13223191000;12732811111;13232811111
516;13223330000;12732866666;13232866666
517;13223333000;12733222222;13233222222
518;13223334000;12733222222;13233222222
519;13223335000;12733222222;13233222222
520;13264701000;12774455555;13274455555
521;13264703000;12774455555;13274455555
522;13264705000;12774455555;13274455555
523;13264706000;12774455555;13274455555
524;13264707000;12774455555;13274455555
525;13264708000;12774455555;13274455555
526;13264709000;12774455555;13274455555
527;13264857000;12774500000;13274500000
528;13264859000;12774800000;13274800000
529;13264860000;12774800000;13274800000
530;13264861000;12774800000;13274800000
531;13306511000;12816133333;13316133333
532;13306513000;12816133333;13316133333
533;13306514000;12816133333;13316133333
534;13306515000;12816133333;13316133333
535;13306516000;12816133333;13316133333
536;13306517000;12816133333;13316133333
537;13306518000;12816133333;13316133333
538;13306661000;12816200000;13316200000
539;13306664000;12816500000;13316500000
540;13306665000;12816500000;13316500000
541;13306666000;12816500000;13316500000
542;13348055000;12857811111;13357811111
543;13348058000;12857811111;13357811111
544;13348059000;12857811111;13357811111
545;13348060000;12857811111;13357811111
546;13348061000;12857811111;13357811111
547;13348062000;12857811111;13357811111
548;13348063000;12857811111;13357811111
549;13348211000;12857855555;13357855555
550;13348214000;12858188888;13358188888
551;13348215000;12858188888;13358188888
552;13348216000;12858188888;13358188888
553;13389829000;12899466666;13399466666
554;13389831000;12899466666;13399466666
555;13389833000;12899466666;13399466666
556;13389833000;12899466666;13399466666
557;13389834000;12899466666;13399466666
558;13389836000;12899466666;13399466666
559;13389837000;12899466666;13399466666
560;13389985000;12899511111;13399511111
561;13389987000;12899822222;13399822222
562;13389988000;12899822222;13399822222
563;13389997000;12899822222;13399822222
564;13431562000;12941177777;13441177777
565;13431565000;12941177777;13441177777
566;13431566000;12941177777;13441177777
567;13431566000;12941177777;13441177777
568;13431567000;12941177777;13441177777
569;13431568000;12941177777;13441177777
570;13431569000;12941177777;13441177777
571;13431718000;12941233333;13441233333
572;13431720000;12941533333;13441533333
573;13431721000;12941533333;13441533333
574;13431722000;12941533333;13441533333
575;13473231000;12982777777;13482777777
576;13473240000;12982777777;13482777777
577;13473243000;12982777777;13482777777
578;13473244000;12982777777;13482777777
579;13473246000;12982777777;13482777777
580;13473247000;12982777777;13482777777
581;13473249000;12982777777;13482777777
582;13473401000;12982822222;13482822222
583;13473404000;12983177777;13483177777
584;13473405000;12983177777;13483177777
585;13473407000;12983177777;13483177777
586;13514879000;13024433333;13524433333
587;13514883000;13024433333;13524433333
588;13514885000;13024433333;13524433333
589;13514886000;13024433333;13524433333
590;13514888000;13024433333;13524433333
591;13514889000;13024433333;13524433333
592;13514891000;13024433333;13524433333
593;13515033000;13024488888;13524488888
594;13515036000;13024777777;13524777777
595;13515037000;13024777777;13524777777
596;13515038000;13024777777;13524777777
597;13556552000;13066155555;13566155555
598;13556554000;13066155555;13566155555
599;13556556000;13066155555;13566155555
600;13556557000;13066155555;13566155555
601;13556558000;13066155555;13566155555
602;13556560000;13066155555;13566155555
603;13556571000;13066155555;13566155555
604;13556705000;13066211111;13566211111
605;13556707000;13066511111;13566511111
606;13556709000;13066511111;13566511111
607;13556710000;13066511111;13566511111
608;13598183000;13107800000;13607800000
609;13598186000;13107800000;13607800000
610;13598188000;13107800000;13607800000
611;13598189000;13107800000;13607800000
612;13598191000;13107800000;13607800000
613;13598192000;13107800000;13607800000
614;13598202000;13107800000;13607800000
615;13598341000;13107844444;13607844444
616;13598344000;13108177777;13608177777
617;13598345000;13108177777;13608177777
618;13598347000;13108177777;13608177777
619;13639838000;13149455555;13649455555
620;13639841000;13149455555;13649455555
621;13639843000;13149455555;13649455555
622;13639844000;13149455555;13649455555
623;13639845000;13149455555;13649455555
624;13639847000;13149455555;13649455555
625;13639848000;13149455555;13649455555
626;13639999000;13149511111;13649511111
627;13640002000;13149800000;13649800000
628;13640004000;13149800000;13649800000
629;13640005000;13149800000;13649800000
630;13681530000;13191133333;13691133333
632;13682334000;13191133333;13691133333
633;13682347000;13191133333;13691133333
634;13682348000;13191133333;13691133333
635;13682349000;13191133333;13691133333
636;13682351000;13191133333;13691133333
637;13682554000;13191188888;13691188888
638;13682569000;13191455555;13691455555
639;13682570000;13191455555;13691455555
640;13682572000;13191455555;13691455555
641;13723292000;13232800000;13732800000
642;13723295000;13232800000;13732800000
643;13723306000;13232800000;13732800000
644;13723308000;13232800000;13732800000
645;13723309000;13232800000;13732800000
646;13723310000;13232800000;13732800000
647;13723312000;13232800000;13732800000
648;13723520000;13232844444;13732844444
649;13723536000;13233155555;13733155555
650;13723537000;13233155555;13733155555
651;13723539000;13233155555;13733155555
652;13764935000;13274466666;13774466666
653;13764938000;13274466666;13774466666
654;13764940000;13274466666;13774466666
655;13764941000;13274466666;13774466666
656;13764943000;13274466666;13774466666
657;13764944000;13274466666;13774466666
658;13764945000;13274466666;13774466666
659;13765152000;13274511111;13774511111
660;13765167000;13274811111;13774811111
661;13765169000;13274811111;13774811111
662;13765170000;13274811111;13774811111
663;13806586000;13316133333;13816133333
664;13806590000;13316133333;13816133333
665;13806591000;13316133333;13816133333
666;13806601000;13316133333;13816133333
667;13806603000;13316133333;13816133333
668;13806604000;13316133333;13816133333
669;13806605000;13316133333;13816133333
670;13806805000;13316188888;13816188888
671;13806812000;13316500000;13816500000
672;13806813000;13316500000;13816500000
673;13806815000;13316500000;13816500000
674;13848200000;13357800000;13857800000
675;13848204000;13357800000;13857800000
676;13848205000;13357800000;13857800000
677;13848206000;13357800000;13857800000
678;13848208000;13357800000;13857800000
679;13848209000;13357800000;13857800000
680;13848210000;13357800000;13857800000
681;13848384000;13357844444;13857844444
682;13848387000;13358166666;13858166666
683;13848388000;13358166666;13858166666
684;13848389000;13358166666;13858166666
685;13889912000;13399466666;13899466666
686;13889915000;13399466666;13899466666
687;13889916000;13399466666;13899466666
688;13889918000;13399466666;13899466666
689;13889919000;13399466666;13899466666
690;13889920000;13399466666;13899466666
691;13889921000;13399466666;13899466666
692;13890130000;13399511111;13899511111
693;13890136000;13399833333;13899833333
694;13890137000;13399833333;13899833333
695;13890138000;13399833333;13899833333
696;13931537000;13441133333;13941133333
697;13931541000;13441133333;13941133333
698;13931542000;13441133333;13941133333
699;13931543000;13441133333;13941133333
700;13931544000;13441133333;13941133333
701;13931545000;13441133333;13941133333
702;13931546000;13441133333;13941133333
703;13931745000;13441200000;13941200000
704;13931751000;13441500000;13941500000
705;13931752000;13441500000;13941500000
706;13931754000;13441500000;13941500000
707;13973203000;13482800000;13982800000
708;13973207000;13482800000;13982800000
709;13973208000;13482800000;13982800000
710;13973209000;13482800000;13982800000
711;13973210000;13482800000;13982800000
712;13973211000;13482800000;13982800000
713;13973212000;13482800000;13982800000
714;13973410000;13482844444;13982844444
715;13973416000;13483166666;13983166666
716;13973418000;13483166666;13983166666
717;13973418000;13483166666;13983166666
718;14014871000;13524466666;14024466666
719;14014875000;13524466666;14024466666
720;14014876000;13524466666;14024466666
721;14014877000;13524466666;14024466666
722;14014878000;13524466666;14024466666
723;14014879000;13524466666;14024466666
724;14014879000;13524466666;14024466666
725;14015086000;13524511111;14024511111
726;14015092000;13524800000;14024800000
727;14015094000;13524800000;14024800000
728;14015095000;13524800000;14024800000
729;14056580000;13566133333;14066133333
730;14056583000;13566133333;14066133333
731;14056584000;13566133333;14066133333
732;14056585000;13566133333;14066133333
733;14056586000;13566133333;14066133333
734;14056587000;13566133333;14066133333
735;14056588000;13566133333;14066133333
736;14056786000;13566188888;14066188888
737;14056792000;13566477777;14066477777
738;14056793000;13566477777;14066477777
739;14056795000;13566477777;14066477777
740;14098268000;13607800000;14107800000
741;14098272000;13607800000;14107800000
742;14098273000;13607800000;14107800000
743;14098273000;13607800000;14107800000
744;14098274000;13607800000;14107800000
745;14098275000;13607800000;14107800000
746;14098276000;13607800000;14107800000
747;14098485000;13607844444;14107844444
748;14098489000;13608166666;14108166666
749;14098490000;13608166666;14108166666
750;14098491000;13608166666;14108166666
751;14139934000;13649466666;14149466666
752;14139938000;13649466666;14149466666
753;14139939000;13649466666;14149466666
754;14139940000;13649466666;14149466666
755;14139940000;13649466666;14149466666
756;14139941000;13649466666;14149466666
757;14139942000;13649466666;14149466666
758;14140149000;13649511111;14149511111
759;14140164000;13649811111;14149811111
760;14140165000;13649811111;14149811111
761;14140166000;13649811111;14149811111
762;14181584000;13691133333;14191133333
763;14181588000;13691133333;14191133333
764;14181589000;13691133333;14191133333
765;14181590000;13691133333;14191133333
766;14181591000;13691133333;14191133333
767;14181592000;13691133333;14191133333
768;14181600000;13691133333;14191133333
769;14181800000;13691211111;14191211111
770;14181806000;13691488888;14191488888
771;14181807000;13691488888;14191488888
773;14225198000;13732800000;14232800000
774;14225201000;13732800000;14232800000
775;14225202000;13732800000;14232800000
776;14225204000;13732800000;14232800000
777;14225205000;13732800000;14232800000
778;14225206000;13732800000;14232800000
779;14225206000;13732800000;14232800000
780;14225331000;13732855555;14232855555
781;14225346000;13733211111;14233211111
782;14225347000;13733211111;14233211111
783;14225348000;13733211111;14233211111
784;14264769000;13774433333;14274433333
785;14264772000;13774433333;14274433333
786;14264773000;13774433333;14274433333
787;14264774000;13774433333;14274433333
788;14264775000;13774433333;14274433333
789;14264776000;13774433333;14274433333
790;14264777000;13774433333;14274433333
791;14264976000;13774488888;14274488888
792;14264991000;13774777777;14274777777
793;14264993000;13774777777;14274777777
794;14264994000;13774777777;14274777777
795;14306573000;13816133333;14316133333
796;14306576000;13816133333;14316133333
797;14306577000;13816133333;14316133333
798;14306578000;13816133333;14316133333
799;14306579000;13816133333;14316133333
800;14306580000;13816133333;14316133333
801;14306581000;13816133333;14316133333
802;14306780000;13816211111;14316211111
803;14306795000;13816500000;14316500000
804;14306797000;13816500000;14316500000
805;14306797000;13816500000;14316500000
806;14348269000;13857800000;14357800000
807;14348272000;13857800000;14357800000
808;14348273000;13857800000;14357800000
809;14348274000;13857800000;14357800000
810;14348275000;13857800000;14357800000
811;14348276000;13857800000;14357800000
812;14348277000;13857800000;14357800000
813;14348476000;13857844444;14357844444
814;14348491000;13858188888;14358188888
815;14348492000;13858188888;14358188888
816;14348493000;13858188888;14358188888
817;14389708000;13899466666;14399466666
818;14389712000;13899466666;14399466666
819;14389713000;13899466666;14399466666
820;14389723000;13899466666;14399466666
821;14389724000;13899466666;14399466666
822;14389725000;13899466666;14399466666
823;14389726000;13899466666;14399466666
824;14389861000;13899511111;14399511111
825;14389864000;13899800000;14399800000
826;14389865000;13899800000;14399800000
827;14389866000;13899800000;14399800000
828;14431600000;13941133333;14441133333
829;14431603000;13941133333;14441133333
830;14431605000;13941133333;14441133333
831;14431606000;13941133333;14441133333
832;14431607000;13941133333;14441133333
833;14431607000;13941133333;14441133333
834;14431608000;13941133333;14441133333
835;14431774000;13941211111;14441211111
836;14431777000;13941500000;14441500000
837;14431778000;13941500000;14441500000
838;14431780000;13941500000;14441500000
839;14473072000;13982766666;14482766666
840;14473076000;13982766666;14482766666
841;14473077000;13982766666;14482766666
842;14473078000;13982766666;14482766666
843;14473079000;13982766666;14482766666
844;14473080000;13982766666;14482766666
845;14473080000;13982766666;14482766666
846;14473255000;13982822222;14482822222
847;14473261000;13983122222;14483122222
848;14473263000;13983122222;14483122222
849;14473263000;13983122222;14483122222
850;14514740000;14024433333;14524433333
851;14514743000;14024433333;14524433333
852;14514745000;14024433333;14524433333
853;14514745000;14024433333;14524433333
854;14514747000;14024433333;14524433333
855;14514747000;14024433333;14524433333
856;14514748000;14024433333;14524433333
857;14514940000;14024477777;14524477777
858;14514946000;14024766666;14524766666
859;14514947000;14024766666;14524766666
860;14514948000;14024766666;14524766666
861;14556405000;14066100000;14566100000
862;14556408000;14066100000;14566100000
863;14556409000;14066100000;14566100000
864;14556410000;14066100000;14566100000
865;14556411000;14066100000;14566100000
866;14556412000;14066100000;14566100000
867;14556413000;14066100000;14566100000
868;14556564000;14066166666;14566166666
869;14556568000;14066466666;14566466666
870;14556569000;14066466666;14566466666
871;14556570000;14066466666;14566466666
872;14598220000;14107766666;14607766666
873;14598224000;14107766666;14607766666
874;14598225000;14107766666;14607766666
875;14598226000;14107766666;14607766666
876;14598227000;14107766666;14607766666
877;14598228000;14107766666;14607766666
878;14598229000;14107766666;14607766666
879;14598429000;14107811111;14607811111
880;14598444000;14108122222;14608122222
881;14598445000;14108122222;14608122222
882;14598446000;14108122222;14608122222
883;14639954000;14149477777;14649477777
884;14639958000;14149477777;14649477777
885;14639959000;14149477777;14649477777
886;14639959000;14149477777;14649477777
887;14639960000;14149477777;14649477777
888;14639961000;14149477777;14649477777
889;14639962000;14149477777;14649477777
890;14640163000;14149522222;14649522222
891;14640178000;14149844444;14649844444
892;14640179000;14149844444;14649844444
893;14640180000;14149844444;14649844444
894;14681568000;14191100000;14691100000
895;14681571000;14191100000;14691100000
896;14681572000;14191100000;14691100000
897;14681573000;14191100000;14691100000
898;14681574000;14191100000;14691100000
899;14681575000;14191100000;14691100000
900;14681576000;14191100000;14691100000
901;14681776000;14191166666;14691166666
902;14681792000;14191444444;14691444444
903;14681793000;14191444444;14691444444
904;14681794000;14191444444;14691444444
905;14723102000;14232766666;14732766666
906;14723105000;14232766666;14732766666
907;14723106000;14232766666;14732766666
908;14723107000;14232766666;14732766666
909;14723108000;14232766666;14732766666
910;14723109000;14232766666;14732766666
911;14723110000;14232766666;14732766666
912;14723309000;14232822222;14732822222
913;14723324000;14233122222;14733122222
914;14723326000;14233122222;14733122222
915;14723326000;14233122222;14733122222
916;14764773000;14274466666;14774466666
917;14764776000;14274466666;14774466666
918;14764777000;14274466666;14774466666
919;14764778000;14274466666;14774466666
920;14764779000;14274466666;14774466666
921;14764780000;14274466666;14774466666
922;14764781000;14274466666;14774466666
923;14764981000;14274511111;14774511111
924;14764996000;14274822222;14774822222
925;14764997000;14274822222;14774822222
926;14764999000;14274822222;14774822222
927;14806611000;14316133333;14816133333
928;14806614000;14316133333;14816133333
929;14806615000;14316133333;14816133333
930;14806616000;14316133333;14816133333
931;14806617000;14316133333;14816133333
932;14806618000;14316133333;14816133333
933;14806619000;14316133333;14816133333
934;14806819000;14316188888;14816188888
935;14806834000;14316488888;14816488888
936;14806835000;14316488888;14816488888
937;14806836000;14316488888;14816488888
938;14848253000;14357800000;14857800000
939;14848256000;14357800000;14857800000
940;14848257000;14357800000;14857800000
941;14848258000;14357800000;14857800000
942;14848259000;14357800000;14857800000
943;14848260000;14357800000;14857800000
944;14848261000;14357800000;14857800000
945;14848461000;14357844444;14857844444
946;14848476000;14358200000;14858200000
947;14848477000;14358200000;14858200000
948;14848478000;14358200000;14858200000
949;14889919000;14399466666;14899466666
950;14889923000;14399466666;14899466666
951;14889924000;14399466666;14899466666
952;14889925000;14399466666;14899466666
953;14889926000;14399466666;14899466666
954;14889927000;14399466666;14899466666
955;14889928000;14399466666;14899466666
956;14890134000;14399511111;14899511111
957;14890149000;14399822222;14899822222
958;14890150000;14399822222;14899822222
959;14890151000;14399822222;14899822222
960;14931436000;14441100000;14941100000
961;14931439000;14441100000;14941100000
962;14931441000;14441100000;14941100000
963;14931441000;14441100000;14941100000
964;14931442000;14441100000;14941100000
965;14931443000;14441100000;14941100000
966;14931444000;14441100000;14941100000
967;14931644000;14441166666;14941166666
968;14931659000;14441488888;14941488888
969;14931660000;14441488888;14941488888
970;14931661000;14441488888;14941488888
971;14973115000;14482800000;14982800000
972;14973119000;14482800000;14982800000
973;14973120000;14482800000;14982800000
974;14973129000;14482800000;14982800000
975;14973130000;14482800000;14982800000
976;14973131000;14482800000;14982800000
977;14973132000;14482800000;14982800000
978;14973301000;14482844444;14982844444
979;14973306000;14483177777;14983177777
980;14973307000;14483177777;14983177777
981;14973308000;14483177777;14983177777
982;15014885000;14524433333;15024433333
983;15014889000;14524433333;15024433333
984;15014890000;14524433333;15024433333
985;15014891000;14524433333;15024433333
986;15014892000;14524433333;15024433333
987;15014893000;14524433333;15024433333
988;15014894000;14524433333;15024433333
989;15015086000;14524488888;15024488888
990;15015101000;14524777777;15024777777
991;15015102000;14524777777;15024777777
992;15015103000;14524777777;15024777777
993;15056443000;14566133333;15066133333
994;15056446000;14566133333;15066133333
995;15056447000;14566133333;15066133333
996;15056448000;14566133333;15066133333
997;15056449000;14566133333;15066133333
998;15056450000;14566133333;15066133333
999;15056451000;14566133333;15066133333
1000;15056651000;14566211111;15066211111
1001;15056667000;14566533333;15066533333
1002;15056668000;14566533333;15066533333
1003;15056669000;14566533333;15066533333
1004;15098130000;14607800000;15107800000
1005;15098133000;14607800000;15107800000
1006;15098134000;14607800000;15107800000
1007;15098135000;14607800000;15107800000
1008;15098136000;14607800000;15107800000
1009;15098137000;14607800000;15107800000
1010;15098138000;14607800000;15107800000
1011;15098337000;14607844444;15107844444
1012;15098352000;14608211111;15108211111
1013;15098353000;14608211111;15108211111
1014;15098354000;14608211111;15108211111
1015;15139775000;14649466666;15149466666
1016;15139779000;14649466666;15149466666
1017;15139780000;14649466666;15149466666
1018;15139781000;14649466666;15149466666
1019;15139781000;14649466666;15149466666
1020;15139782000;14649466666;15149466666
1021;15139783000;14649466666;15149466666
1022;15139999000;14649511111;15149511111
1023;15140014000;14649822222;15149822222
1024;15140015000;14649822222;15149822222
1025;15140016000;14649822222;15149822222
1026;15181459000;14691133333;15191133333
1027;15181463000;14691133333;15191133333
1028;15181464000;14691133333;15191133333
1029;15181465000;14691133333;15191133333
1030;15181466000;14691133333;15191133333
1031;15181467000;14691133333;15191133333
1032;15181467000;14691133333;15191133333
1033;15181694000;14691188888;15191188888
1034;15181700000;14691477777;15191477777
1035;15181701000;14691477777;15191477777
1036;15181702000;14691477777;15191477777
1037;15223227000;14732800000;15232800000
1038;15223231000;14732800000;15232800000
1039;15223232000;14732800000;15232800000
1040;15223233000;14732800000;15232800000
1041;15223234000;14732800000;15232800000
1042;15223235000;14732800000;15232800000
1043;15223236000;14732800000;15232800000
1044;15223443000;14732844444;15232844444
1045;15223449000;14733211111;15233211111
1046;15223451000;14733211111;15233211111
1047;15223452000;14733211111;15233211111
1048;15264857000;14774433333;15274433333
1049;15264860000;14774433333;15274433333
1050;15264861000;14774433333;15274433333
1051;15264862000;14774433333;15274433333
1052;15264864000;14774433333;15274433333
1053;15264864000;14774433333;15274433333
1054;15264865000;14774433333;15274433333
1055;15265080000;14774488888;15274488888
1056;15265087000;14774800000;15274800000
1057;15265088000;14774800000;15274800000
1058;15265089000;14774800000;15274800000
1059;15306554000;14816111111;15316111111
1060;15306558000;14816111111;15316111111
1061;15306559000;14816111111;15316111111
1062;15306560000;14816111111;15316111111
1063;15306561000;14816111111;15316111111
1064;15306562000;14816111111;15316111111
1065;15306563000;14816111111;15316111111
1066;15306762000;14816177777;15316177777
1067;15306768000;14816466666;15316466666
1068;15306770000;14816466666;15316466666
1069;15306771000;14816466666;15316466666
1070;15348071000;14857766666;15357766666
1071;15348074000;14857766666;15357766666
1072;15348075000;14857766666;15357766666
1073;15348076000;14857766666;15357766666
1074;15348077000;14857766666;15357766666
1075;15348085000;14857766666;15357766666
1076;15348087000;14857766666;15357766666
1077;15348286000;14857811111;15357811111
1078;15348293000;14858122222;15358122222
1079;15348294000;14858122222;15358122222
1080;15348295000;14858122222;15358122222
1081;15389735000;14899433333;15399433333
1082;15389738000;14899433333;15399433333
1083;15389739000;14899433333;15399433333
1084;15389740000;14899433333;15399433333
1085;15389741000;14899433333;15399433333
1086;15389742000;14899433333;15399433333
1087;15389743000;14899433333;15399433333
1088;15389964000;14899488888;15399488888
1089;15389970000;14899755555;15399755555
1090;15389971000;14899755555;15399755555
1091;15389972000;14899755555;15399755555
1092;15431411000;14941111111;15441111111
1093;15431414000;14941111111;15441111111
1094;15431415000;14941111111;15441111111
1095;15431416000;14941111111;15441111111
1096;15431417000;14941111111;15441111111
1097;15431418000;14941111111;15441111111
1098;15431419000;14941111111;15441111111
1099;15431619000;14941177777;15441177777
1100;15431625000;14941455555;15441455555
1101;15431626000;14941455555;15441455555
1102;15431627000;14941455555;15441455555
1103;15473109000;14982777777;15482777777
1104;15473112000;14982777777;15482777777
1105;15473113000;14982777777;15482777777
1106;15473114000;14982777777;15482777777
1107;15473115000;14982777777;15482777777
1108;15473116000;14982777777;15482777777
1109;15473117000;14982777777;15482777777
1110;15473317000;14982822222;15482822222
1111;15473332000;14983122222;15483122222
1112;15473333000;14983122222;15483122222
1113;15473334000;14983122222;15483122222
1114;15514776000;15024466666;15524466666
1115;15514779000;15024466666;15524466666
1116;15514780000;15024466666;15524466666
1117;15514781000;15024466666;15524466666
1118;15514782000;15024466666;15524466666
1119;15514783000;15024466666;15524466666
1120;15514784000;15024466666;15524466666
1121;15514985000;15024511111;15524511111
1122;15515000000;15024800000;15524800000
1123;15515001000;15024800000;15524800000
1124;15515003000;15024800000;15524800000
1125;15556586000;15066133333;15566133333
1126;15556589000;15066133333;15566133333
1127;15556590000;15066133333;15566133333
1128;15556591000;15066133333;15566133333
1129;15556592000;15066133333;15566133333
1130;15556593000;15066133333;15566133333
1131;15556594000;15066133333;15566133333
1132;15556794000;15066211111;15566211111
1133;15556810000;15066511111;15566511111
1134;15556811000;15066511111;15566511111
1135;15556812000;15066511111;15566511111
1136;15598252000;15107800000;15607800000
1137;15598255000;15107800000;15607800000
1138;15598256000;15107800000;15607800000
1139;15598257000;15107800000;15607800000
1140;15598258000;15107800000;15607800000
1141;15598259000;15107800000;15607800000
1142;15598260000;15107800000;15607800000
1143;15598460000;15107844444;15607844444
1144;15598466000;15108177777;15608177777
1145;15598467000;15108177777;15608177777
1146;15598468000;15108177777;15608177777
1147;15639910000;15149466666;15649466666
1148;15639914000;15149466666;15649466666
1149;15639915000;15149466666;15649466666
1150;15639915000;15149466666;15649466666
1151;15639916000;15149466666;15649466666
1152;15639917000;15149466666;15649466666
1153;15639918000;15149466666;15649466666
1154;15640127000;15149511111;15649511111
1155;15640133000;15149800000;15649800000
1156;15640134000;15149800000;15649800000
1157;15640135000;15149800000;15649800000
1158;15681433000;15191100000;15691100000
1159;15681436000;15191100000;15691100000
1160;15681437000;15191100000;15691100000
1161;15681438000;15191100000;15691100000
1162;15681439000;15191100000;15691100000
1163;15681440000;15191100000;15691100000
1164;15681441000;15191100000;15691100000
1165;15681641000;15191200000;15691200000
1166;15681656000;15191455555;15691455555
1167;15681657000;15191455555;15691455555
1168;15681658000;15191455555;15691455555
1169;15723109000;15232766666;15732766666
1170;15723112000;15232766666;15732766666
1171;15723113000;15232766666;15732766666
1172;15723115000;15232766666;15732766666
1173;15723115000;15232766666;15732766666
1174;15723116000;15232766666;15732766666
1175;15723125000;15232766666;15732766666
1176;15723326000;15232811111;15732811111
1177;15723341000;15233100000;15733100000
1178;15723343000;15233100000;15733100000
1179;15723344000;15233100000;15733100000
1180;15764908000;15274466666;15774466666
1181;15764912000;15274466666;15774466666
1182;15764913000;15274466666;15774466666
1183;15764914000;15274466666;15774466666
1184;15764915000;15274466666;15774466666
1185;15764916000;15274466666;15774466666
1186;15764917000;15274466666;15774466666
1187;15765155000;15274511111;15774511111
1188;15765170000;15274800000;15774800000
1189;15765171000;15274800000;15774800000
1190;15765173000;15274800000;15774800000
1191;15806626000;15316155555;15816155555
1192;15806630000;15316155555;15816155555
1193;15806630000;15316155555;15816155555
1194;15806631000;15316155555;15816155555
1195;15806632000;15316155555;15816155555
1196;15806634000;15316155555;15816155555
1197;15806634000;15316155555;15816155555
1198;15806834000;15316200000;15816200000
1199;15806840000;15316488888;15816488888
1200;15806842000;15316488888;15816488888
1201;15806842000;15316488888;15816488888
1202;15848251000;15357800000;15857800000
1203;15848254000;15357800000;15857800000
1204;15848255000;15357800000;15857800000
1205;15848256000;15357800000;15857800000
1206;15848257000;15357800000;15857800000
1207;15848258000;15357800000;15857800000
1208;15848259000;15357800000;15857800000
1209;15848458000;15357844444;15857844444
1210;15848473000;15358188888;15858188888
1211;15848475000;15358188888;15858188888
1212;15848475000;15358188888;15858188888
1213;15889775000;15399466666;15899466666
1214;15889779000;15399466666;15899466666
1215;15889780000;15399466666;15899466666
1216;15889781000;15399466666;15899466666
1217;15889781000;15399466666;15899466666
1218;15889782000;15399466666;15899466666
1219;15889783000;15399466666;15899466666
1220;15889983000;15399533333;15899533333
1221;15889998000;15399833333;15899833333
1222;15889999000;15399833333;15899833333
1223;15890000000;15399833333;15899833333
1224;15931406000;15441100000;15941100000
1225;15931410000;15441100000;15941100000
1226;15931411000;15441100000;15941100000
1227;15931412000;15441100000;15941100000
1228;15931413000;15441100000;15941100000
1229;15931414000;15441100000;15941100000
1230;15931415000;15441100000;15941100000
1231;15931614000;15441177777;15941177777
1232;15931629000;15441477777;15941477777
1233;15931631000;15441477777;15941477777
1234;15931631000;15441477777;15941477777
1235;15973101000;15482800000;15982800000
1236;15973104000;15482800000;15982800000
1237;15973105000;15482800000;15982800000
1238;15973107000;15482800000;15982800000
1239;15973108000;15482800000;15982800000
1240;15973109000;15482800000;15982800000
1241;15973109000;15482800000;15982800000
1242;15973229000;15482844444;15982844444
1243;15973233000;15483133333;15983133333
1244;15973234000;15483133333;15983133333
1245;15973235000;15483133333;15983133333
1246;16014749000;15524444444;16024444444
1247;16014752000;15524444444;16024444444
1248;16014753000;15524444444;16024444444
1249;16014754000;15524444444;16024444444
1250;16014756000;15524444444;16024444444
1251;16014756000;15524444444;16024444444
1252;16014757000;15524444444;16024444444
1253;16014957000;15524488888;16024488888
1254;16014972000;15524755555;16024755555
1255;16014973000;15524755555;16024755555
1256;16014974000;15524755555;16024755555
1257;16056440000;15566133333;16066133333
1258;16056443000;15566133333;16066133333
1259;16056444000;15566133333;16066133333
1260;16056445000;15566133333;16066133333
1261;16056446000;15566133333;16066133333
1262;16056447000;15566133333;16066133333
1263;16056448000;15566133333;16066133333
1264;16056647000;15566211111;16066211111
1265;16056662000;15566488888;16066488888
1266;16056663000;15566488888;16066488888
1267;16056664000;15566488888;16066488888
1268;16098137000;15607811111;16107811111
1269;16098141000;15607811111;16107811111
1270;16098142000;15607811111;16107811111
1271;16098143000;15607811111;16107811111
1272;16098144000;15607811111;16107811111
1273;16098145000;15607811111;16107811111
1274;16098147000;15607811111;16107811111
1275;16098358000;15607866666;16107866666
1276;16098373000;15608222222;16108222222
1277;16098375000;15608222222;16108222222
1278;16098376000;15608222222;16108222222
1279;16139774000;15649466666;16149466666
1280;16139777000;15649466666;16149466666
1281;16139778000;15649466666;16149466666
1282;16139780000;15649466666;16149466666
1283;16139781000;15649466666;16149466666
1284;16139782000;15649466666;16149466666
1285;16139783000;15649466666;16149466666
1286;16139983000;15649511111;16149511111
1287;16139998000;15649811111;16149811111
1288;16139999000;15649811111;16149811111
1289;16140000000;15649811111;16149811111
1290;16181586000;15691133333;16191133333
1291;16181590000;15691133333;16191133333
1292;16181591000;15691133333;16191133333
1293;16181592000;15691133333;16191133333
1294;16181593000;15691133333;16191133333
1295;16181594000;15691133333;16191133333
1296;16181595000;15691133333;16191133333
1297;16181795000;15691200000;16191200000
1298;16181810000;15691466666;16191466666
1299;16181812000;15691466666;16191466666
1300;16181813000;15691466666;16191466666
1301;16223252000;15732800000;16232800000
1302;16223255000;15732800000;16232800000
1303;16223257000;15732800000;16232800000
1304;16223258000;15732800000;16232800000
1305;16223259000;15732800000;16232800000
1306;16223260000;15732800000;16232800000
1307;16223261000;15732800000;16232800000
1308;16223460000;15732844444;16232844444
1309;16223475000;15733200000;16233200000
1310;16223477000;15733200000;16233200000
1311;16223478000;15733200000;16233200000
1312;16264918000;15774466666;16274466666
1313;16264921000;15774466666;16274466666
1314;16264922000;15774466666;16274466666
1315;16264923000;15774466666;16274466666
1316;16264924000;15774466666;16274466666
1317;16264925000;15774466666;16274466666
1318;16264926000;15774466666;16274466666
1319;16265132000;15774511111;16274511111
1320;16265139000;15774811111;16274811111
1321;16265140000;15774811111;16274811111
1322;16265141000;15774811111;16274811111
1323;16306467000;15816133333;16316133333
1324;16306470000;15816133333;16316133333
1325;16306471000;15816133333;16316133333
1326;16306472000;15816133333;16316133333
1327;16306474000;15816133333;16316133333
1328;16306475000;15816133333;16316133333
1329;16306476000;15816133333;16316133333
1330;16306676000;15816244444;16316244444
1331;16306691000;15816544444;16316544444
1332;16306692000;15816544444;16316544444
1333;16306693000;15816544444;16316544444
1334;16348254000;15857800000;16357800000
1335;16348257000;15857800000;16357800000
1336;16348258000;15857800000;16357800000
1337;16348259000;15857800000;16357800000
1338;16348260000;15857800000;16357800000
1339;16348261000;15857800000;16357800000
1340;16348262000;15857800000;16357800000
1341;16348462000;15857844444;16357844444
1342;16348477000;15858177777;16358177777
1343;16348478000;15858177777;16358177777
1344;16348479000;15858177777;16358177777
1345;16389776000;15899466666;16399466666
1346;16389780000;15899466666;16399466666
1347;16389781000;15899466666;16399466666
1348;16389782000;15899466666;16399466666
1349;16389783000;15899466666;16399466666
1350;16389784000;15899466666;16399466666
1351;16389785000;15899466666;16399466666
1352;16389985000;15899511111;16399511111
1353;16390001000;15899788888;16399788888
1354;16390002000;15899788888;16399788888
1355;16390003000;15899788888;16399788888
1356;16431443000;15941133333;16441133333
1357;16431447000;15941133333;16441133333
1358;16431448000;15941133333;16441133333
1359;16431449000;15941133333;16441133333
1360;16431450000;15941133333;16441133333
1361;16431451000;15941133333;16441133333
1362;16431452000;15941133333;16441133333
1363;16431651000;15941211111;16441211111
1364;16431658000;15941488888;16441488888
1365;16431659000;15941488888;16441488888
1366;16431660000;15941488888;16441488888
1367;16473141000;15982800000;16482800000
1368;16473154000;15982800000;16482800000
1369;16473155000;15982800000;16482800000
1370;16473157000;15982800000;16482800000
1371;16473158000;15982800000;16482800000
1372;16473159000;15982800000;16482800000
1373;16473160000;15982800000;16482800000
1374;16473402000;15982844444;16482844444
1375;16473417000;15983188888;16483188888
1376;16473418000;15983188888;16483188888
1377;16473419000;15983188888;16483188888
1378;16514921000;16024466666;16524466666
1379;16514925000;16024466666;16524466666
1380;16514926000;16024466666;16524466666
1381;16514926000;16024466666;16524466666
1382;16514928000;16024466666;16524466666
1383;16514928000;16024466666;16524466666
1384;16514929000;16024466666;16524466666
1385;16515137000;16024511111;16524511111
1386;16515152000;16024833333;16524833333
1387;16515153000;16024833333;16524833333
1388;16515154000;16024833333;16524833333
1389;16556555000;16066100000;16566100000
1390;16556558000;16066100000;16566100000
1391;16556559000;16066100000;16566100000
1392;16556560000;16066100000;16566100000
1393;16556561000;16066100000;16566100000
1394;16556562000;16066100000;16566100000
1395;16556563000;16066100000;16566100000
1396;16556763000;16066166666;16566166666
1397;16556769000;16066488888;16566488888
1398;16556770000;16066488888;16566488888
1399;16556771000;16066488888;16566488888
1400;16598246000;16107800000;16607800000
1401;16598250000;16107800000;16607800000
1402;16598251000;16107800000;16607800000
1403;16598252000;16107800000;16607800000
1404;16598252000;16107800000;16607800000
1405;16598253000;16107800000;16607800000
1406;16598254000;16107800000;16607800000
1407;16598456000;16107844444;16607844444
1408;16598462000;16108188888;16608188888
1409;16598463000;16108188888;16608188888
1410;16598464000;16108188888;16608188888
1411;16639815000;16149477777;16649477777
1412;16639819000;16149477777;16649477777
1413;16639820000;16149477777;16649477777
1414;16639821000;16149477777;16649477777
1415;16639822000;16149477777;16649477777
1416;16639823000;16149477777;16649477777
1417;16639823000;16149477777;16649477777
1418;16640024000;16149522222;16649522222
1419;16640039000;16149822222;16649822222
1420;16640040000;16149822222;16649822222
1421;16640041000;16149822222;16649822222
1422;16681590000;16191133333;16691133333
1423;16681593000;16191133333;16691133333
1424;16681595000;16191133333;16691133333
1425;16681596000;16191133333;16691133333
1426;16681596000;16191133333;16691133333
1427;16681597000;16191133333;16691133333
1428;16681598000;16191133333;16691133333
1429;16681846000;16191211111;16691211111
1430;16681852000;16191477777;16691477777
1431;16681853000;16191477777;16691477777
1432;16681854000;16191477777;16691477777
1433;16723270000;16232800000;16732800000
1434;16723273000;16232800000;16732800000
1435;16723274000;16232800000;16732800000
1436;16723275000;16232800000;16732800000
1437;16723276000;16232800000;16732800000
1438;16723277000;16232800000;16732800000
1439;16723278000;16232800000;16732800000
1440;16723478000;16232844444;16732844444
1441;16723493000;16233200000;16733200000
1442;16723494000;16233200000;16733200000
1443;16723495000;16233200000;16733200000
1444;16764823000;16274466666;16774466666
1445;16764826000;16274466666;16774466666
1446;16764827000;16274466666;16774466666
1447;16764828000;16274466666;16774466666
1448;16764829000;16274466666;16774466666
1449;16764830000;16274466666;16774466666
1450;16764831000;16274466666;16774466666
1451;16765014000;16274511111;16774511111
1452;16765029000;16274811111;16774811111
1453;16765030000;16274811111;16774811111
1454;16765031000;16274811111;16774811111
1455;16806590000;16316133333;16816133333
1456;16806593000;16316133333;16816133333
1457;16806594000;16316133333;16816133333
1458;16806595000;16316133333;16816133333
1459;16806596000;16316133333;16816133333
1460;16806597000;16316133333;16816133333
1461;16806598000;16316133333;16816133333
1462;16806797000;16316188888;16816188888
1463;16806803000;16316477777;16816477777
1464;16806804000;16316477777;16816477777
1465;16806805000;16316477777;16816477777
1466;16848138000;16357800000;16857800000
1467;16848141000;16357800000;16857800000
1468;16848142000;16357800000;16857800000
1469;16848143000;16357800000;16857800000
1470;16848144000;16357800000;16857800000
1471;16848145000;16357800000;16857800000
1472;16848146000;16357800000;16857800000
1473;16848345000;16357844444;16857844444
1474;16848367000;16358177777;16858177777
1475;16848369000;16358177777;16858177777
1476;16848369000;16358177777;16858177777
1477;16889938000;16399466666;16899466666
1478;16889941000;16399466666;16899466666
1479;16889942000;16399466666;16899466666
1480;16889943000;16399466666;16899466666
1481;16889944000;16399466666;16899466666
1482;16889945000;16399466666;16899466666
1483;16889946000;16399466666;16899466666
1484;16890155000;16399522222;16899522222
1485;16890170000;16399822222;16899822222
1486;16890171000;16399822222;16899822222
1487;16890172000;16399822222;16899822222
1488;16931605000;16441133333;16941133333
1489;16931608000;16441133333;16941133333
1490;16931609000;16441133333;16941133333
1491;16931610000;16441133333;16941133333
1492;16931611000;16441133333;16941133333
1493;16931612000;16441133333;16941133333
1494;16931613000;16441133333;16941133333
1495;16931813000;16441211111;16941211111
1496;16931819000;16441533333;16941533333
1497;16931820000;16441533333;16941533333
1498;16931821000;16441533333;16941533333
1499;16973144000;16482800000;16982800000
1500;16973148000;16482800000;16982800000
1501;16973149000;16482800000;16982800000
1502;16973150000;16482800000;16982800000
1503;16973151000;16482800000;16982800000
1504;16973152000;16482800000;16982800000
1505;16973153000;16482800000;16982800000
1506;16973353000;16482844444;16982844444
1507;16973368000;16483166666;16983166666
1508;16973370000;16483166666;16983166666
1509;16973370000;16483166666;16983166666
1510;17014901000;16524444444;17024444444
1511;17014904000;16524444444;17024444444
1512;17014905000;16524444444;17024444444
1513;17014906000;16524444444;17024444444
1514;17014907000;16524444444;17024444444
1515;17014908000;16524444444;17024444444
1516;17014909000;16524444444;17024444444
1517;17015109000;16524488888;17024488888
1518;17015124000;16524777777;17024777777
1519;17015126000;16524777777;17024777777
1520;17015127000;16524777777;17024777777
1521;17056590000;16566133333;17066133333
1522;17056594000;16566133333;17066133333
1523;17056595000;16566133333;17066133333
1524;17056596000;16566133333;17066133333
1525;17056597000;16566133333;17066133333
1526;17056598000;16566133333;17066133333
1527;17056599000;16566133333;17066133333
1528;17056798000;16566188888;17066188888
1529;17056814000;16566488888;17066488888
1530;17056815000;16566488888;17066488888
1531;17056816000;16566488888;17066488888
1532;17098122000;16607800000;17107800000
1533;17098126000;16607800000;17107800000
1534;17098127000;16607800000;17107800000
1535;17098128000;16607800000;17107800000
1536;17098129000;16607800000;17107800000
1537;17098130000;16607800000;17107800000
1538;17098131000;16607800000;17107800000
1539;17098330000;16607844444;17107844444
1540;17098346000;16608188888;17108188888
1541;17098347000;16608188888;17108188888
1542;17098348000;16608188888;17108188888
1543;17139799000;16649466666;17149466666
1544;17139802000;16649466666;17149466666
1545;17139803000;16649466666;17149466666
1546;17139804000;16649466666;17149466666
1547;17139805000;16649466666;17149466666
1548;17139806000;16649466666;17149466666
1549;17139807000;16649466666;17149466666
1550;17139959000;16649511111;17149511111
1551;17139963000;16649833333;17149833333
1552;17139964000;16649833333;17149833333
1553;17139965000;16649833333;17149833333
1554;17181591000;16691133333;17191133333
1555;17181594000;16691133333;17191133333
1556;17181595000;16691133333;17191133333
1557;17181596000;16691133333;17191133333
1558;17181597000;16691133333;17191133333
1559;17181598000;16691133333;17191133333
1560;17181599000;16691133333;17191133333
1561;17181799000;16691188888;17191188888
1562;17181814000;16691466666;17191466666
1563;17181815000;16691466666;17191466666
1564;17181816000;16691466666;17191466666
1565;17223256000;16732800000;17232800000
1566;17223259000;16732800000;17232800000
1567;17223260000;16732800000;17232800000
1568;17223261000;16732800000;17232800000
1569;17223262000;16732800000;17232800000
1570;17223263000;16732800000;17232800000
1571;17223264000;16732800000;17232800000
1572;17223463000;16732844444;17232844444
1573;17223479000;16733222222;17233222222
1574;17223488000;16733222222;17233222222
1575;17223489000;16733222222;17233222222
1576;17264757000;16774444444;17274444444
1577;17264761000;16774444444;17274444444
1578;17264762000;16774444444;17274444444
1579;17264763000;16774444444;17274444444
1580;17264764000;16774444444;17274444444
1581;17264765000;16774444444;17274444444
1582;17264766000;16774444444;17274444444
1583;17264966000;16774488888;17274488888
1584;17264981000;16774800000;17274800000
1585;17264983000;16774800000;17274800000
1586;17264984000;16774800000;17274800000
1587;17306462000;16816133333;17316133333
1588;17306466000;16816133333;17316133333
1589;17306467000;16816133333;17316133333
1590;17306467000;16816133333;17316133333
1591;17306468000;16816133333;17316133333
1592;17306469000;16816133333;17316133333
1593;17306470000;16816133333;17316133333
1594;17306670000;16816211111;17316211111
1595;17306685000;16816511111;17316511111
1596;17306686000;16816511111;17316511111
1597;17306687000;16816511111;17316511111
1598;17348149000;16857800000;17357800000
1599;17348152000;16857800000;17357800000
1600;17348153000;16857800000;17357800000
1601;17348154000;16857800000;17357800000
1602;17348155000;16857800000;17357800000
1603;17348156000;16857800000;17357800000
1604;17348157000;16857800000;17357800000
1605;17348357000;16857844444;17357844444
1606;17348372000;16858222222;17358222222
1607;17348373000;16858222222;17358222222
1608;17348374000;16858222222;17358222222
1609;17389786000;16899466666;17399466666
1610;17389805000;16899466666;17399466666
1611;17389806000;16899466666;17399466666
1612;17389807000;16899466666;17399466666
1613;17389808000;16899466666;17399466666
1614;17389809000;16899466666;17399466666
1615;17389810000;16899466666;17399466666
1616;17390030000;16899511111;17399511111
1617;17390054000;16899811111;17399811111
1618;17390055000;16899811111;17399811111
1619;17390056000;16899811111;17399811111
1620;17431591000;16941133333;17441133333
1621;17431595000;16941133333;17441133333
1622;17431596000;16941133333;17441133333
1623;17431597000;16941133333;17441133333
1624;17431598000;16941133333;17441133333
1625;17431599000;16941133333;17441133333
1626;17431599000;16941133333;17441133333
1627;17431798000;16941200000;17441200000
1628;17431814000;16941488888;17441488888
1629;17431815000;16941488888;17441488888
1630;17431816000;16941488888;17441488888
1631;17473133000;16982800000;17482800000
1632;17473136000;16982800000;17482800000
1633;17473137000;16982800000;17482800000
1634;17473138000;16982800000;17482800000
1635;17473139000;16982800000;17482800000
1636;17473140000;16982800000;17482800000
1637;17473141000;16982800000;17482800000
1638;17473353000;16982844444;17482844444
1639;17473357000;16983177777;17483177777
1640;17473358000;16983177777;17483177777
1641;17473359000;16983177777;17483177777
1642;17514777000;17024466666;17524466666
1643;17514780000;17024466666;17524466666
1644;17514781000;17024466666;17524466666
1645;17514782000;17024466666;17524466666
1646;17514783000;17024466666;17524466666
1647;17514784000;17024466666;17524466666
1648;17514785000;17024466666;17524466666
1649;17514997000;17024511111;17524511111
1650;17515000000;17024822222;17524822222
1651;17515001000;17024822222;17524822222
1652;17515002000;17024822222;17524822222
1653;17556459000;17066133333;17566133333
1654;17556462000;17066133333;17566133333
1655;17556463000;17066133333;17566133333
1656;17556464000;17066133333;17566133333
1657;17556465000;17066133333;17566133333
1658;17556466000;17066133333;17566133333
1659;17556467000;17066133333;17566133333
1660;17556702000;17066200000;17566200000
1661;17556705000;17066533333;17566533333
1662;17556706000;17066533333;17566533333
1663;17556707000;17066533333;17566533333
1664;17598121000;17107800000;17607800000
1665;17598124000;17107800000;17607800000
1666;17598125000;17107800000;17607800000
1667;17598126000;17107800000;17607800000
1668;17598127000;17107800000;17607800000
1669;17598128000;17107800000;17607800000
1670;17598129000;17107800000;17607800000
1671;17598328000;17107844444;17607844444
1672;17598343000;17108188888;17608188888
1673;17598344000;17108188888;17608188888
1674;17598353000;17108188888;17608188888
1675;17639893000;17149433333;17649433333
1676;17639896000;17149433333;17649433333
1677;17639897000;17149433333;17649433333
1678;17639898000;17149433333;17649433333
1679;17639899000;17149433333;17649433333
1680;17639900000;17149433333;17649433333
1681;17639901000;17149433333;17649433333
1682;17640073000;17149488888;17649488888
1683;17640077000;17149788888;17649788888
1684;17640078000;17149788888;17649788888
1685;17640079000;17149788888;17649788888
1686;17681535000;17191133333;17691133333
1687;17681538000;17191133333;17691133333
1688;17681539000;17191133333;17691133333
1689;17681540000;17191133333;17691133333
1690;17681541000;17191133333;17691133333
1691;17681542000;17191133333;17691133333
1692;17681543000;17191133333;17691133333
1693;17681685000;17191211111;17691211111
1694;17681688000;17191477777;17691477777
1695;17681689000;17191477777;17691477777
1696;17681690000;17191477777;17691477777
1697;17723240000;17232800000;17732800000
1698;17723252000;17232800000;17732800000
1699;17723253000;17232800000;17732800000
1700;17723254000;17232800000;17732800000
1701;17723255000;17232800000;17732800000
1702;17723256000;17232800000;17732800000
1703;17723257000;17232800000;17732800000
1704;17723469000;17232844444;17732844444
1705;17723472000;17233200000;17733200000
1706;17723473000;17233200000;17733200000
1707;17723474000;17233200000;17733200000
1708;17764757000;17274433333;17774433333
1709;17764761000;17274433333;17774433333
1710;17764762000;17274433333;17774433333
1711;17764763000;17274433333;17774433333
1712;17764764000;17274433333;17774433333
1713;17764765000;17274433333;17774433333
1714;17764766000;17274433333;17774433333
1715;17764986000;17274488888;17774488888
1716;17764990000;17274800000;17774800000
1717;17764991000;17274800000;17774800000
1718;17764992000;17274800000;17774800000
1719;17806432000;17316122222;17816122222
1720;17806436000;17316122222;17816122222
1721;17806437000;17316122222;17816122222
1722;17806438000;17316122222;17816122222
1723;17806438000;17316122222;17816122222
1724;17806440000;17316122222;17816122222
1725;17806441000;17316122222;17816122222
1726;17806656000;17316211111;17816211111
1727;17806660000;17316533333;17816533333
1728;17806661000;17316533333;17816533333
1729;17806661000;17316533333;17816533333
1730;17848019000;17357777777;17857777777
1731;17848021000;17357777777;17857777777
1732;17848022000;17357777777;17857777777
1733;17848023000;17357777777;17857777777
1734;17848024000;17357777777;17857777777
1735;17848025000;17357777777;17857777777
1736;17848026000;17357777777;17857777777
1737;17848176000;17357822222;17857822222
1738;17848179000;17358200000;17858200000
1739;17848180000;17358200000;17858200000
1740;17848180000;17358200000;17858200000
1741;17889683000;17399444444;17899444444
1742;17889685000;17399444444;17899444444
1743;17889686000;17399444444;17899444444
1744;17889687000;17399444444;17899444444
1745;17889688000;17399444444;17899444444
1746;17889689000;17399444444;17899444444
1747;17889690000;17399444444;17899444444
1748;17889832000;17399488888;17899488888
1749;17889834000;17399822222;17899822222
1750;17889835000;17399822222;17899822222
1751;17889836000;17399822222;17899822222
1752;17931373000;17441133333;17941133333
1753;17931375000;17441133333;17941133333
1754;17931376000;17441133333;17941133333
1755;17931377000;17441133333;17941133333
1756;17931378000;17441133333;17941133333
1757;17931379000;17441133333;17941133333
1758;17931380000;17441133333;17941133333
1759;17931523000;17441211111;17941211111
1760;17931525000;17441522222;17941522222
1761;17931526000;17441522222;17941522222
1762;17931527000;17441522222;17941522222
1763;17973276000;17482800000;17982800000
1764;17973279000;17482800000;17982800000
1765;17973280000;17482800000;17982800000
1766;17973281000;17482800000;17982800000
1767;17973282000;17482800000;17982800000
1768;17973283000;17482800000;17982800000
1769;17973284000;17482800000;17982800000
1770;17973454000;17482844444;17982844444
1771;17973458000;17483177777;17983177777
1772;17973460000;17483177777;17983177777
1773;17973461000;17483177777;17983177777
1774;18014908000;17524466666;18024466666
1775;18014920000;17524466666;18024466666
1776;18014921000;17524466666;18024466666
1777;18014922000;17524466666;18024466666
1778;18014923000;17524466666;18024466666
1779;18014924000;17524466666;18024466666
1780;18014925000;17524466666;18024466666
1781;18015143000;17524511111;18024511111
1782;18015146000;17524811111;18024811111
1783;18015147000;17524811111;18024811111
1784;18015148000;17524811111;18024811111
1785;18056574000;17566133333;18066133333
1786;18056576000;17566133333;18066133333
1787;18056586000;17566133333;18066133333
1788;18056587000;17566133333;18066133333
1789;18056588000;17566133333;18066133333
1790;18056589000;17566133333;18066133333
1791;18056590000;17566133333;18066133333
1792;18056799000;17566211111;18066211111
1793;18056802000;17566511111;18066511111
1794;18056803000;17566511111;18066511111
1795;18056804000;17566511111;18066511111
1796;18098123000;17607777777;18107777777
1797;18098126000;17607777777;18107777777
1798;18098127000;17607777777;18107777777
1799;18098128000;17607777777;18107777777
1800;18098129000;17607777777;18107777777
1801;18098130000;17607777777;18107777777
1802;18098131000;17607777777;18107777777
1803;18098330000;17607822222;18107822222
1804;18098345000;17608188888;18108188888
1805;18098346000;17608188888;18108188888
1806;18098347000;17608188888;18108188888
1807;18139783000;17649444444;18149444444
1808;18139786000;17649444444;18149444444
1809;18139787000;17649444444;18149444444
1810;18139788000;17649444444;18149444444
1811;18139789000;17649444444;18149444444
1812;18139790000;17649444444;18149444444
1813;18139791000;17649444444;18149444444
1814;18139990000;17649488888;18149488888
1815;18140006000;17649800000;18149800000
1816;18140007000;17649800000;18149800000
1817;18140008000;17649800000;18149800000
1818;18181556000;17691133333;18191133333
1819;18181559000;17691133333;18191133333
1820;18181570000;17691133333;18191133333
1821;18181571000;17691133333;18191133333
1822;18181572000;17691133333;18191133333
1823;18181573000;17691133333;18191133333
1824;18181574000;17691133333;18191133333
1825;18181745000;17691211111;18191211111
1826;18181761000;17691500000;18191500000
1827;18181763000;17691500000;18191500000
1828;18181764000;17691500000;18191500000
1829;18223125000;17732811111;18232811111
1830;18223129000;17732811111;18232811111
1831;18223130000;17732811111;18232811111
1832;18223131000;17732811111;18232811111
1833;18223132000;17732811111;18232811111
1834;18223133000;17732811111;18232811111
1835;18223134000;17732811111;18232811111
1836;18223347000;17732855555;18232855555
1837;18223350000;17733233333;18233233333
1838;18223351000;17733233333;18233233333
1839;18223352000;17733233333;18233233333
1840;18264937000;17774466666;18274466666
1841;18264941000;17774466666;18274466666
1842;18264942000;17774466666;18274466666
1843;18264943000;17774466666;18274466666
1844;18264944000;17774466666;18274466666
1845;18264945000;17774466666;18274466666
1846;18264945000;17774466666;18274466666
1847;18265082000;17774511111;18274511111
1848;18265085000;17774788888;18274788888
1849;18265086000;17774788888;18274788888
1850;18265087000;17774788888;18274788888
1851;18306535000;17816133333;18316133333
1852;18306538000;17816133333;18316133333
1853;18306539000;17816133333;18316133333
1854;18306540000;17816133333;18316133333
1855;18306541000;17816133333;18316133333
1856;18306542000;17816133333;18316133333
1857;18306543000;17816133333;18316133333
1858;18306686000;17816211111;18316211111
1859;18306688000;17816477777;18316477777
1860;18306689000;17816477777;18316477777
1861;18306690000;17816477777;18316477777
1862;18348202000;17857800000;18357800000
1863;18348204000;17857800000;18357800000
1864;18348205000;17857800000;18357800000
1865;18348206000;17857800000;18357800000
1866;18348207000;17857800000;18357800000
1867;18348208000;17857800000;18357800000
1868;18348209000;17857800000;18357800000
1869;18348351000;17857844444;18357844444
1870;18348354000;17858177777;18358177777
1871;18348355000;17858177777;18358177777
1872;18348356000;17858177777;18358177777
1873;18389787000;17899444444;18399444444
1874;18389798000;17899444444;18399444444
1875;18389799000;17899444444;18399444444
1876;18389800000;17899444444;18399444444
1877;18389801000;17899444444;18399444444
1878;18389802000;17899444444;18399444444
1879;18389803000;17899444444;18399444444
1880;18390024000;17899488888;18399488888
1881;18390039000;17899755555;18399755555
1882;18390040000;17899755555;18399755555
1883;18390041000;17899755555;18399755555
1884;18431558000;17941100000;18441100000
1885;18431562000;17941100000;18441100000
1886;18431563000;17941100000;18441100000
1887;18431564000;17941100000;18441100000
1888;18431565000;17941100000;18441100000
1889;18431566000;17941100000;18441100000
1890;18431567000;17941100000;18441100000
1891;18431768000;17941166666;18441166666
1892;18431783000;17941433333;18441433333
1893;18431784000;17941433333;18441433333
1894;18431785000;17941433333;18441433333
1895;18473101000;17982766666;18482766666
1896;18473105000;17982766666;18482766666
1897;18473106000;17982766666;18482766666
1898;18473107000;17982766666;18482766666
1899;18473108000;17982766666;18482766666
1900;18473109000;17982766666;18482766666
1901;18473109000;17982766666;18482766666
1902;18473273000;17982811111;18482811111
1903;18473276000;17983111111;18483111111
1904;18473278000;17983111111;18483111111
1905;18473278000;17983111111;18483111111
1906;18514780000;18024466666;18524466666
1907;18514783000;18024466666;18524466666
1908;18514784000;18024466666;18524466666
1909;18514785000;18024466666;18524466666
1910;18514786000;18024466666;18524466666
1911;18514787000;18024466666;18524466666
1912;18514788000;18024466666;18524466666
1913;18514994000;18024511111;18524511111
1914;18514997000;18024800000;18524800000
1915;18515008000;18024800000;18524800000
1916;18515009000;18024800000;18524800000
1917;18556399000;18066133333;18566133333
1918;18556402000;18066133333;18566133333
1919;18556403000;18066133333;18566133333
1920;18556414000;18066133333;18566133333
1921;18556415000;18066133333;18566133333
1922;18556416000;18066133333;18566133333
1923;18556417000;18066133333;18566133333
1924;18556551000;18066211111;18566211111
1925;18556554000;18066500000;18566500000
1926;18556555000;18066500000;18566500000
1927;18556556000;18066500000;18566500000
1928;18598258000;18107800000;18607800000
1929;18598262000;18107800000;18607800000
1930;18598263000;18107800000;18607800000
1931;18598264000;18107800000;18607800000
1932;18598264000;18107800000;18607800000
1933;18598265000;18107800000;18607800000
1934;18598266000;18107800000;18607800000
1935;18598489000;18107844444;18607844444
1936;18598505000;18108166666;18608166666
1937;18598506000;18108166666;18608166666
1938;18598507000;18108166666;18608166666
1939;18639890000;18149433333;18649433333
1940;18639894000;18149433333;18649433333
1941;18639895000;18149433333;18649433333
1942;18639895000;18149433333;18649433333
1943;18639896000;18149433333;18649433333
1944;18639897000;18149433333;18649433333
1945;18639898000;18149433333;18649433333
1946;18640122000;18149488888;18649488888
1947;18640137000;18149755555;18649755555
1948;18640138000;18149755555;18649755555
1949;18640139000;18149755555;18649755555
1950;18681538000;18191133333;18691133333
1951;18681541000;18191133333;18691133333
1952;18681543000;18191133333;18691133333
1953;18681544000;18191133333;18691133333
1954;18681544000;18191133333;18691133333
1955;18681554000;18191133333;18691133333
1956;18681555000;18191133333;18691133333
1957;18681733000;18191211111;18691211111
1958;18681748000;18191455555;18691455555
1959;18681749000;18191455555;18691455555
1960;18681750000;18191455555;18691455555
1961;18723146000;18232800000;18732800000
1962;18723150000;18232800000;18732800000
1963;18723151000;18232800000;18732800000
1964;18723152000;18232800000;18732800000
1965;18723153000;18232800000;18732800000
1966;18723154000;18232800000;18732800000
1967;18723155000;18232800000;18732800000
1968;18723354000;18232855555;18732855555
1969;18723369000;18233166666;18733166666
1970;18723371000;18233166666;18733166666
1971;18723372000;18233166666;18733166666
1972;18764809000;18274466666;18774466666
1973;18764812000;18274466666;18774466666
1974;18764822000;18274466666;18774466666
1975;18764823000;18274466666;18774466666
1976;18764824000;18274466666;18774466666
1977;18764825000;18274466666;18774466666
1978;18764826000;18274466666;18774466666
1979;18764988000;18274511111;18774511111
1980;18764993000;18274788888;18774788888
1981;18764994000;18274788888;18774788888
1982;18764995000;18274788888;18774788888
1983;18806591000;18316133333;18816133333
1984;18806595000;18316133333;18816133333
1985;18806596000;18316133333;18816133333
1986;18806597000;18316133333;18816133333
1987;18806597000;18316133333;18816133333
1988;18806599000;18316133333;18816133333
1989;18806599000;18316133333;18816133333
1990;18806815000;18316188888;18816188888
1991;18806821000;18316466666;18816466666
1992;18806822000;18316466666;18816466666
1993;18806823000;18316466666;18816466666
1994;18848161000;18357800000;18857800000
1995;18848164000;18357800000;18857800000
1996;18848165000;18357800000;18857800000
1997;18848166000;18357800000;18857800000
1998;18848167000;18357800000;18857800000
1999;18848168000;18357800000;18857800000
2000;18848169000;18357800000;18857800000
2001;18848382000;18357844444;18857844444
2002;18848385000;18358166666;18858166666
2003;18848386000;18358166666;18858166666
2004;18848387000;18358166666;18858166666
2005;18889890000;18399466666;18899466666
2006;18889894000;18399466666;18899466666
2007;18889895000;18399466666;18899466666
2008;18889905000;18399466666;18899466666
2009;18889906000;18399466666;18899466666
2010;18889907000;18399466666;18899466666
2011;18889908000;18399466666;18899466666
2012;18890049000;18399511111;18899511111
2013;18890052000;18399800000;18899800000
2014;18890053000;18399800000;18899800000
2015;18890054000;18399800000;18899800000
2016;18931536000;18441133333;18941133333
2017;18931539000;18441133333;18941133333
2018;18931540000;18441133333;18941133333
2019;18931541000;18441133333;18941133333
2020;18931542000;18441133333;18941133333
2021;18931543000;18441133333;18941133333
2022;18931544000;18441133333;18941133333
2023;18931686000;18441188888;18941188888
2024;18931688000;18441477777;18941477777
2025;18931689000;18441477777;18941477777
2026;18931690000;18441477777;18941477777
2027;18973122000;18482800000;18982800000
2028;18973126000;18482800000;18982800000
2029;18973127000;18482800000;18982800000
2030;18973128000;18482800000;18982800000
2031;18973129000;18482800000;18982800000
2032;18973130000;18482800000;18982800000
2033;18973131000;18482800000;18982800000
2034;18973329000;18482844444;18982844444
2035;18973344000;18483133333;18983133333
2036;18973345000;18483133333;18983133333
2037;18973346000;18483133333;18983133333
2038;19014761000;18524444444;19024444444
2039;19014764000;18524444444;19024444444
2040;19014765000;18524444444;19024444444
2041;19014766000;18524444444;19024444444
2042;19014767000;18524444444;19024444444
2043;19014768000;18524444444;19024444444
2044;19014769000;18524444444;19024444444
2045;19014907000;18524488888;19024488888
2046;19014909000;18524766666;19024766666
2047;19014910000;18524766666;19024766666
2048;19014911000;18524766666;19024766666
2049;19056447000;18566133333;19066133333
2050;19056450000;18566133333;19066133333
2051;19056451000;18566133333;19066133333
2052;19056453000;18566133333;19066133333
2053;19056454000;18566133333;19066133333
2054;19056455000;18566133333;19066133333
2055;19056456000;18566133333;19066133333
2056;19056655000;18566211111;19066211111
2057;19056671000;18566488888;19066488888
2058;19056672000;18566488888;19066488888
2059;19056673000;18566488888;19066488888
2060;19101005000;18607800000;19107800000
2061;19101015000;18607800000;19107800000
2062;19101017000;18607800000;19107800000
2063;19101029000;18607800000;19107800000
2064;19101030000;18607800000;19107800000
2065;19101032000;18607800000;19107800000
2066;19101033000;18607800000;19107800000
2067;19101194000;18607844444;19107844444
2068;19101201000;18608188888;19108188888
2069;19101202000;18608188888;19108188888
2070;19101203000;18608188888;19108188888
2071;19139918000;18649466666;19149466666
2072;19139925000;18649466666;19149466666
2073;19139926000;18649466666;19149466666
2074;19139938000;18649466666;19149466666
2075;19139939000;18649466666;19149466666
2076;19139941000;18649466666;19149466666
2077;19139943000;18649466666;19149466666
2078;19140095000;18649511111;19149511111
2079;19140101000;18649800000;19149800000
2080;19140103000;18649800000;19149800000
2081;19140104000;18649800000;19149800000
2082;19181545000;18691133333;19191133333
2083;19181548000;18691133333;19191133333
2084;19181550000;18691133333;19191133333
2085;19181551000;18691133333;19191133333
2086;19181552000;18691133333;19191133333
2087;19181553000;18691133333;19191133333
2088;19181555000;18691133333;19191133333
2089;19181677000;18691188888;19191188888
2090;19181683000;18691455555;19191455555
2091;19181684000;18691455555;19191455555
2092;19181685000;18691455555;19191455555
2093;19223211000;18732800000;19232800000
2094;19223214000;18732800000;19232800000
2095;19223216000;18732800000;19232800000
2096;19223217000;18732800000;19232800000
2097;19223218000;18732800000;19232800000
2098;19223220000;18732800000;19232800000
2099;19223221000;18732800000;19232800000
2100;19223341000;18732844444;19232844444
2101;19223346000;18733188888;19233188888
2102;19223348000;18733188888;19233188888
2103;19223349000;18733188888;19233188888
2104;19264736000;18774466666;19274466666
2105;19264740000;18774466666;19274466666
2106;19264741000;18774466666;19274466666
2107;19264742000;18774466666;19274466666
2108;19264744000;18774466666;19274466666
2109;19264745000;18774466666;19274466666
2110;19264746000;18774466666;19274466666
2111;19264845000;18774511111;19274511111
2112;19264850000;18774822222;19274822222
2113;19264851000;18774822222;19274822222
2114;19264853000;18774822222;19274822222
2115;19306530000;18816133333;19316133333
2116;19306542000;18816133333;19316133333
2117;19306543000;18816133333;19316133333
2118;19306544000;18816133333;19316133333
2119;19306546000;18816133333;19316133333
2120;19306547000;18816133333;19316133333
2121;19306548000;18816133333;19316133333
2122;19306656000;18816200000;19316200000
2123;19306660000;18816500000;19316500000
2124;19306662000;18816500000;19316500000
2125;19306663000;18816500000;19316500000
2126;19348162000;18857777777;19357777777
2127;19348165000;18857777777;19357777777
2128;19348166000;18857777777;19357777777
2129;19348168000;18857777777;19357777777
2130;19348169000;18857777777;19357777777
2131;19348170000;18857777777;19357777777
2132;19348171000;18857777777;19357777777
2133;19348259000;18857822222;19357822222
2134;19348263000;18858166666;19358166666
2135;19348264000;18858166666;19358166666
2136;19348266000;18858166666;19358166666
2137;19389744000;18899466666;19399466666
2138;19389756000;18899466666;19399466666
2139;19389758000;18899466666;19399466666
2140;19389759000;18899466666;19399466666
2141;19389760000;18899466666;19399466666
2142;19389761000;18899466666;19399466666
2143;19389762000;18899466666;19399466666
2144;19389850000;18899511111;19399511111
2145;19389855000;18899811111;19399811111
2146;19389856000;18899811111;19399811111
2147;19389857000;18899811111;19399811111
2148;19431417000;18941155555;19441155555
2149;19431429000;18941155555;19441155555
2150;19431431000;18941155555;19441155555
2151;19431432000;18941155555;19441155555
2152;19431433000;18941155555;19441155555
2153;19431434000;18941155555;19441155555
2154;19431435000;18941155555;19441155555
2155;19431553000;18941200000;19441200000
2156;19431558000;18941511111;19441511111
2157;19431560000;18941511111;19441511111
2158;19431561000;18941511111;19441511111
2159;19473222000;18982811111;19482811111
2160;19473226000;18982811111;19482811111
2161;19473227000;18982811111;19482811111
2162;19473228000;18982811111;19482811111
2163;19473230000;18982811111;19482811111
2164;19473231000;18982811111;19482811111
2165;19473232000;18982811111;19482811111
2166;19473354000;18982866666;19482866666
2167;19473360000;18983211111;19483211111
2168;19473361000;18983211111;19483211111
2169;19473363000;18983211111;19483211111
2170;19514876000;19024466666;19524466666
2171;19514880000;19024466666;19524466666
2172;19514881000;19024466666;19524466666
2173;19514882000;19024466666;19524466666
2174;19514892000;19024466666;19524466666
2175;19514893000;19024466666;19524466666
2176;19514894000;19024466666;19524466666
2177;19515017000;19024522222;19524522222
2178;19515022000;19024833333;19524833333
2179;19515023000;19024833333;19524833333
2180;19515025000;19024833333;19524833333
2181;19556425000;19066133333;19566133333
2182;19556428000;19066133333;19566133333
2183;19556429000;19066133333;19566133333
2184;19556430000;19066133333;19566133333
2185;19556431000;19066133333;19566133333
2186;19556432000;19066133333;19566133333
2187;19556433000;19066133333;19566133333
2188;19556544000;19066188888;19566188888
2189;19556549000;19066511111;19566511111
2190;19556550000;19066511111;19566511111
2191;19556551000;19066511111;19566511111
2192;19598060000;19107811111;19607811111
2193;19598063000;19107811111;19607811111
2194;19598064000;19107811111;19607811111
2195;19598065000;19107811111;19607811111
2196;19598066000;19107811111;19607811111
2197;19598067000;19107811111;19607811111
2198;19598068000;19107811111;19607811111
2199;19598187000;19107866666;19607866666
2200;19598192000;19108233333;19608233333
2201;19598193000;19108233333;19608233333
2202;19598194000;19108233333;19608233333
2203;19639716000;19149455555;19649455555
2204;19639719000;19149455555;19649455555
2205;19639720000;19149455555;19649455555
2206;19639721000;19149455555;19649455555
2207;19639722000;19149455555;19649455555
2208;19639723000;19149455555;19649455555
2209;19639724000;19149455555;19649455555
2210;19639845000;19149511111;19649511111
2211;19639850000;19149822222;19649822222
2212;19639851000;19149822222;19649822222
2213;19639852000;19149822222;19649822222
2214;19681384000;19191133333;19691133333
2215;19681396000;19191133333;19691133333
2216;19681397000;19191133333;19691133333
2217;19681398000;19191133333;19691133333
2218;19681399000;19191133333;19691133333
2219;19681400000;19191133333;19691133333
2220;19681401000;19191133333;19691133333
2221;19681507000;19191200000;19691200000
2222;19681512000;19191488888;19691488888
2223;19681513000;19191488888;19691488888
2224;19681514000;19191488888;19691488888
2225;19723200000;19232788888;19732788888
2226;19723203000;19232788888;19732788888
2227;19723205000;19232788888;19732788888
2228;19723206000;19232788888;19732788888
2229;19723207000;19232788888;19732788888
2230;19723207000;19232788888;19732788888
2231;19723208000;19232788888;19732788888
2232;19723320000;19232844444;19732844444
2233;19723325000;19233188888;19733188888
2234;19723326000;19233188888;19733188888
2235;19723327000;19233188888;19733188888
2236;19764875000;19274466666;19774466666
2237;19764879000;19274466666;19774466666
2238;19764880000;19274466666;19774466666
2239;19764881000;19274466666;19774466666
2240;19764882000;19274466666;19774466666
2241;19764883000;19274466666;19774466666
2242;19764884000;19274466666;19774466666
2243;19764986000;19274511111;19774511111
2244;19764991000;19274833333;19774833333
2245;19764992000;19274833333;19774833333
2246;19764993000;19274833333;19774833333
2247;19806543000;19316133333;19816133333
2248;19806546000;19316133333;19816133333
2249;19806547000;19316133333;19816133333
2250;19806548000;19316133333;19816133333
2251;19806549000;19316133333;19816133333
2252;19806550000;19316133333;19816133333
2253;19806551000;19316133333;19816133333
2254;19806653000;19316200000;19816200000
2255;19806658000;19316500000;19816500000
2256;19806659000;19316500000;19816500000
2257;19806660000;19316500000;19816500000
2258;19848064000;19357800000;19857800000
2259;19848067000;19357800000;19857800000
2260;19848068000;19357800000;19857800000
2261;19848069000;19357800000;19857800000
2262;19848070000;19357800000;19857800000
2263;19848071000;19357800000;19857800000
2264;19848072000;19357800000;19857800000
2265;19848160000;19357844444;19857844444
2266;19848164000;19358200000;19858200000
2267;19848165000;19358200000;19858200000
2268;19848166000;19358200000;19858200000
2269;19889856000;19399466666;19899466666
2270;19889869000;19399466666;19899466666
2271;19889870000;19399466666;19899466666
2272;19889870000;19399466666;19899466666
2273;19889871000;19399466666;19899466666
2274;19889892000;19399466666;19899466666
2275;19889893000;19399466666;19899466666
2276;19890020000;19399511111;19899511111
2277;19890025000;19399855555;19899855555
2278;19890026000;19399855555;19899855555
2279;19890027000;19399855555;19899855555
2280;19931540000;19441133333;19941133333
2281;19931544000;19441133333;19941133333
2282;19931545000;19441133333;19941133333
2283;19931546000;19441133333;19941133333
2284;19931547000;19441133333;19941133333
2285;19931548000;19441133333;19941133333
2286;19931548000;19441133333;19941133333
2287;19931666000;19441211111;19941211111
2288;19931672000;19441522222;19941522222
2289;19931673000;19441522222;19941522222
2290;19931674000;19441522222;19941522222
2291;19973208000;19482800000;19982800000
2292;19973212000;19482800000;19982800000
2293;19973213000;19482800000;19982800000
2294;19973214000;19482800000;19982800000
2295;19973215000;19482800000;19982800000
2296;19973216000;19482800000;19982800000
2297;19973217000;19482800000;19982800000
2298;19973318000;19482844444;19982844444
2299;19973323000;19483166666;19983166666
2300;19973324000;19483166666;19983166666
2301;19973325000;19483166666;19983166666
2302;20014876000;19524466666;20024466666
2303;20014880000;19524466666;20024466666
2304;20014881000;19524466666;20024466666
2305;20014881000;19524466666;20024466666
2306;20014883000;19524466666;20024466666
2307;20014883000;19524466666;20024466666
2308;20014884000;19524466666;20024466666
2309;20015006000;19524511111;20024511111
2310;20015010000;19524811111;20024811111
2311;20015012000;19524811111;20024811111
2312;20015013000;19524811111;20024811111
2313;20056517000;19566133333;20066133333
2314;20056520000;19566133333;20066133333
2315;20056521000;19566133333;20066133333
2316;20056522000;19566133333;20066133333
2317;20056523000;19566133333;20066133333
2318;20056524000;19566133333;20066133333
2319;20056525000;19566133333;20066133333
2320;20056642000;19566211111;20066211111
2321;20056647000;19566522222;20066522222
2322;20056648000;19566522222;20066522222
2323;20056649000;19566522222;20066522222
2324;20098040000;19607777777;20107777777
2325;20098049000;19607777777;20107777777
2326;20098050000;19607777777;20107777777
2327;20098051000;19607777777;20107777777
2328;20098052000;19607777777;20107777777
2329;20098053000;19607777777;20107777777
2330;20098054000;19607777777;20107777777
2331;20098142000;19607822222;20107822222
2332;20098147000;19608200000;20108200000
2333;20098148000;19608200000;20108200000
2334;20098149000;19608200000;20108200000
2335;20139862000;19649466666;20149466666
2336;20139874000;19649466666;20149466666
2337;20139875000;19649466666;20149466666
2338;20139876000;19649466666;20149466666
2339;20139877000;19649466666;20149466666
2340;20139878000;19649466666;20149466666
2341;20139878000;19649466666;20149466666
2342;20139986000;19649511111;20149511111
2343;20139990000;19649833333;20149833333
2344;20139991000;19649833333;20149833333
2345;20139992000;19649833333;20149833333
2346;20181410000;19691133333;20191133333
2347;20181422000;19691133333;20191133333
2348;20181423000;19691133333;20191133333
2349;20181424000;19691133333;20191133333
2350;20181425000;19691133333;20191133333
2351;20181426000;19691133333;20191133333
2352;20181427000;19691133333;20191133333
2353;20181514000;19691211111;20191211111
2354;20181518000;19691511111;20191511111
2355;20181519000;19691511111;20191511111
2356;20181520000;19691511111;20191511111
2357;20223205000;19732811111;20232811111
2358;20223217000;19732811111;20232811111
2359;20223218000;19732811111;20232811111
2360;20223219000;19732811111;20232811111
2361;20223220000;19732811111;20232811111
2362;20223221000;19732811111;20232811111
2363;20223222000;19732811111;20232811111
2364;20223329000;19732855555;20232855555
2365;20223333000;19733255555;20233255555
2366;20223334000;19733255555;20233255555
2367;20223335000;19733255555;20233255555
2368;20264860000;19774466666;20274466666
2369;20264872000;19774466666;20274466666
2370;20264873000;19774466666;20274466666
2371;20264874000;19774466666;20274466666
2372;20264875000;19774466666;20274466666
2373;20264884000;19774466666;20274466666
2374;20264885000;19774466666;20274466666
2375;20264984000;19774511111;20274511111
2376;20264989000;19774811111;20274811111
2377;20264990000;19774811111;20274811111
2378;20264991000;19774811111;20274811111
2379;20306406000;19816133333;20316133333
2380;20306418000;19816133333;20316133333
2381;20306419000;19816133333;20316133333
2382;20306420000;19816133333;20316133333
2383;20306421000;19816133333;20316133333
2384;20306422000;19816133333;20316133333
2385;20306423000;19816133333;20316133333
2386;20306529000;19816188888;20316188888
2387;20306534000;19816488888;20316488888
2388;20306535000;19816488888;20316488888
2389;20306536000;19816488888;20316488888
2390;20348080000;19857800000;20357800000
2391;20348092000;19857800000;20357800000
2392;20348093000;19857800000;20357800000
2393;20348094000;19857800000;20357800000
2394;20348095000;19857800000;20357800000
2395;20348096000;19857800000;20357800000
2396;20348096000;19857800000;20357800000
2397;20348181000;19857844444;20357844444
2398;20348185000;19858188888;20358188888
2399;20348186000;19858188888;20358188888
2400;20348187000;19858188888;20358188888
2401;20389714000;19899466666;20399466666
2402;20389717000;19899466666;20399466666
2403;20389727000;19899466666;20399466666
2404;20389728000;19899466666;20399466666
2405;20389729000;19899466666;20399466666
2406;20389729000;19899466666;20399466666
2407;20389730000;19899466666;20399466666
2408;20389815000;19899511111;20399511111
2409;20389819000;19899811111;20399811111
2410;20389820000;19899811111;20399811111
2411;20389821000;19899811111;20399811111
2412;20431526000;19941133333;20441133333
2413;20431538000;19941133333;20441133333
2414;20431539000;19941133333;20441133333
2415;20431540000;19941133333;20441133333
2416;20431541000;19941133333;20441133333
2417;20431542000;19941133333;20441133333
2418;20431542000;19941133333;20441133333
2419;20431628000;19941188888;20441188888
2420;20431633000;19941488888;20441488888
2421;20431634000;19941488888;20441488888
2422;20431634000;19941488888;20441488888
2423;20473209000;19982800000;20482800000
2424;20473213000;19982800000;20482800000
2425;20473214000;19982800000;20482800000
2426;20473215000;19982800000;20482800000
2427;20473216000;19982800000;20482800000
2428;20473217000;19982800000;20482800000
2429;20473218000;19982800000;20482800000
2430;20473340000;19982844444;20482844444
2431;20473345000;19983200000;20483200000
2432;20473346000;19983200000;20483200000
2433;20473347000;19983200000;20483200000
2434;20514755000;20024466666;20524466666
2435;20514758000;20024466666;20524466666
2436;20514759000;20024466666;20524466666
2437;20514760000;20024466666;20524466666
2438;20514761000;20024466666;20524466666
2439;20514762000;20024466666;20524466666
2440;20514763000;20024466666;20524466666
2441;20514865000;20024511111;20524511111
2442;20514870000;20024822222;20524822222
2443;20514871000;20024822222;20524822222
2444;20514873000;20024822222;20524822222
2445;20556545000;20066133333;20566133333
2446;20556548000;20066133333;20566133333
2447;20556549000;20066133333;20566133333
2448;20556550000;20066133333;20566133333
2449;20556551000;20066133333;20566133333
2450;20556552000;20066133333;20566133333
2451;20556553000;20066133333;20566133333
2452;20556675000;20066211111;20566211111
2453;20556679000;20066522222;20566522222
2454;20556681000;20066522222;20566522222
2455;20556682000;20066522222;20566522222
2456;20598081000;20107800000;20607800000
2457;20598093000;20107800000;20607800000
2458;20598094000;20107800000;20607800000
2459;20598095000;20107800000;20607800000
2460;20598096000;20107800000;20607800000
2461;20598096000;20107800000;20607800000
2462;20598097000;20107800000;20607800000
2463;20598203000;20107844444;20607844444
2464;20598208000;20108177777;20608177777
2465;20598209000;20108177777;20608177777
2466;20598210000;20108177777;20608177777
2467;20639869000;20149477777;20649477777
2468;20639871000;20149477777;20649477777
2469;20639881000;20149477777;20649477777
2470;20639882000;20149477777;20649477777
2471;20639883000;20149477777;20649477777
2472;20639884000;20149477777;20649477777
2473;20639893000;20149477777;20649477777
2474;20640011000;20149522222;20649522222
2475;20640016000;20149822222;20649822222
2476;20640017000;20149822222;20649822222
2477;20640018000;20149822222;20649822222
2478;20681507000;20191100000;20691100000
2479;20681510000;20191100000;20691100000
2480;20681512000;20191100000;20691100000
2481;20681512000;20191100000;20691100000
2482;20681513000;20191100000;20691100000
2483;20681514000;20191100000;20691100000
2484;20681515000;20191100000;20691100000
2485;20681637000;20191166666;20691166666
2486;20681642000;20191444444;20691444444
2487;20681643000;20191444444;20691444444
2488;20681644000;20191444444;20691444444
2489;20723083000;20232788888;20732788888
2490;20723086000;20232788888;20732788888
2491;20723087000;20232788888;20732788888
2492;20723088000;20232788888;20732788888
2493;20723089000;20232788888;20732788888
2494;20723090000;20232788888;20732788888
2495;20723091000;20232788888;20732788888
2496;20723213000;20232844444;20732844444
2497;20723218000;20233188888;20733188888
2498;20723220000;20233188888;20733188888
2499;20723220000;20233188888;20733188888
2500;20764755000;20274466666;20774466666
2501;20764758000;20274466666;20774466666
2502;20764759000;20274466666;20774466666
2503;20764760000;20274466666;20774466666
2504;20764761000;20274466666;20774466666
2505;20764762000;20274466666;20774466666
2506;20764763000;20274466666;20774466666
2507;20764885000;20274511111;20774511111
2508;20764890000;20274822222;20774822222
2509;20764891000;20274822222;20774822222
2510;20764892000;20274822222;20774822222
2511;20806411000;20316133333;20816133333
2512;20806415000;20316133333;20816133333
2513;20806416000;20316133333;20816133333
2514;20806417000;20316133333;20816133333
2515;20806418000;20316133333;20816133333
2516;20806419000;20316133333;20816133333
2517;20806420000;20316133333;20816133333
2518;20806544000;20316188888;20816188888
2519;20806549000;20316488888;20816488888
2520;20806551000;20316488888;20816488888
2521;20806552000;20316488888;20816488888
2522;20848170000;20357777777;20857777777
2523;20848172000;20357777777;20857777777
2524;20848173000;20357777777;20857777777
2525;20848184000;20357777777;20857777777
2526;20848185000;20357777777;20857777777
2527;20848186000;20357777777;20857777777
2528;20848187000;20357777777;20857777777
2529;20848283000;20357822222;20857822222
2530;20848287000;20358166666;20858166666
2531;20848288000;20358166666;20858166666
2532;20848289000;20358166666;20858166666
2533;20889862000;20399500000;20899500000
2534;20889864000;20399500000;20899500000
2535;20889865000;20399500000;20899500000
2536;20889866000;20399500000;20899500000
2537;20889867000;20399500000;20899500000
2538;20889868000;20399500000;20899500000
2539;20889869000;20399500000;20899500000
2540;20889980000;20399555555;20899555555
2541;20889985000;20399877777;20899877777
2542;20889986000;20399877777;20899877777
2543;20889987000;20399877777;20899877777
2544;20931380000;20441133333;20941133333
2545;20931382000;20441133333;20941133333
2546;20931393000;20441133333;20941133333
2547;20931394000;20441133333;20941133333
2548;20931395000;20441133333;20941133333
2549;20931395000;20441133333;20941133333
2550;20931396000;20441133333;20941133333
2551;20931511000;20441211111;20941211111
2552;20931516000;20441522222;20941522222
2553;20931517000;20441522222;20941522222
2554;20931518000;20441522222;20941522222
2555;20973182000;20482800000;20982800000
2556;20973184000;20482800000;20982800000
2557;20973185000;20482800000;20982800000
2558;20973186000;20482800000;20982800000
2559;20973187000;20482800000;20982800000
2560;20973188000;20482800000;20982800000
2561;20973189000;20482800000;20982800000
2562;20973274000;20482844444;20982844444
2563;20973279000;20483211111;20983211111
2564;20973280000;20483211111;20983211111
2565;20973281000;20483211111;20983211111
2566;21014858000;20524466666;21024466666
2567;21014869000;20524466666;21024466666
2568;21014870000;20524466666;21024466666
2569;21014871000;20524466666;21024466666
2570;21014872000;20524466666;21024466666
2571;21014873000;20524466666;21024466666
2572;21014874000;20524466666;21024466666
2573;21014999000;20524511111;21024511111
2574;21015003000;20524800000;21024800000
2575;21015005000;20524800000;21024800000
2576;21015006000;20524800000;21024800000
2577;21056590000;20566133333;21066133333
2578;21056594000;20566133333;21066133333
2579;21056595000;20566133333;21066133333
2580;21056596000;20566133333;21066133333
2581;21056597000;20566133333;21066133333
2582;21056598000;20566133333;21066133333
2583;21056599000;20566133333;21066133333
2584;21056720000;20566211111;21066211111
2585;21056725000;20566511111;21066511111
2586;21056726000;20566511111;21066511111
2587;21056727000;20566511111;21066511111
2588;21098208000;20607800000;21107800000
2589;21098211000;20607800000;21107800000
2590;21098212000;20607800000;21107800000
2591;21098213000;20607800000;21107800000
2592;21098214000;20607800000;21107800000
2593;21098215000;20607800000;21107800000
2594;21098216000;20607800000;21107800000
2595;21098337000;20607844444;21107844444
2596;21098342000;20608211111;21108211111
2597;21098343000;20608211111;21108211111
2598;21098344000;20608211111;21108211111
2599;21139876000;20649466666;21149466666
2600;21139879000;20649466666;21149466666
2601;21139880000;20649466666;21149466666
2602;21139881000;20649466666;21149466666
2603;21139882000;20649466666;21149466666
2604;21139883000;20649466666;21149466666
2605;21139884000;20649466666;21149466666
2606;21140005000;20649511111;21149511111
2607;21140010000;20649822222;21149822222
2608;21140011000;20649822222;21149822222
2609;21140012000;20649822222;21149822222
2610;21181519000;20691133333;21191133333
2611;21181521000;20691133333;21191133333
2612;21181523000;20691133333;21191133333
2613;21181524000;20691133333;21191133333
2614;21181524000;20691133333;21191133333
2615;21181525000;20691133333;21191133333
2616;21181526000;20691133333;21191133333
2617;21181645000;20691188888;21191188888
2618;21181649000;20691500000;21191500000
2619;21181651000;20691500000;21191500000
2620;21181652000;20691500000;21191500000
2621;21223195000;20732800000;21232800000
2622;21223207000;20732800000;21232800000
2623;21223208000;20732800000;21232800000
2624;21223209000;20732800000;21232800000
2625;21223210000;20732800000;21232800000
2626;21223211000;20732800000;21232800000
2627;21223212000;20732800000;21232800000
2628;21223319000;20732844444;21232844444
2629;21223324000;20733244444;21233244444
2630;21223325000;20733244444;21233244444
2631;21223326000;20733244444;21233244444
2632;21264872000;20774477777;21274477777
2633;21264884000;20774477777;21274477777
2634;21264885000;20774477777;21274477777
2635;21264886000;20774477777;21274477777
2636;21264887000;20774477777;21274477777
2637;21264888000;20774477777;21274477777
2638;21264888000;20774477777;21274477777
2639;21264985000;20774522222;21274522222
2640;21264989000;20774800000;21274800000
2641;21264991000;20774800000;21274800000
2642;21264992000;20774800000;21274800000
2643;21306561000;20816133333;21316133333
2644;21306565000;20816133333;21316133333
2645;21306566000;20816133333;21316133333
2646;21306567000;20816133333;21316133333
2647;21306568000;20816133333;21316133333
2648;21306569000;20816133333;21316133333
2649;21306570000;20816133333;21316133333
2650;21306672000;20816211111;21316211111
2651;21306677000;20816488888;21316488888
2652;21306678000;20816488888;21316488888
2653;21306679000;20816488888;21316488888
2654;21348210000;20857800000;21357800000
2655;21348213000;20857800000;21357800000
2656;21348214000;20857800000;21357800000
2657;21348215000;20857800000;21357800000
2658;21348216000;20857800000;21357800000
2660;21350173000;20857800000;21357800000
2661;21350297000;20857844444;21357844444
2662;21350302000;20858166666;21358166666
2663;21350303000;20858166666;21358166666
2664;21350304000;20858166666;21358166666
2665;21389866000;20899466666;21399466666
2666;21389869000;20899466666;21399466666
2667;21389871000;20899466666;21399466666
2668;21389872000;20899466666;21399466666
2669;21389873000;20899466666;21399466666
2670;21389873000;20899466666;21399466666
2671;21389874000;20899466666;21399466666
2672;21389976000;20899511111;21399511111
2673;21389981000;20899788888;21399788888
2674;21389999000;20899788888;21399788888
2675;21390000000;20899788888;21399788888
2676;21431423000;20941133333;21441133333
2677;21431427000;20941133333;21441133333
2678;21431428000;20941133333;21441133333
2679;21431429000;20941133333;21441133333
2680;21431430000;20941133333;21441133333
2681;21431431000;20941133333;21441133333
2682;21431432000;20941133333;21441133333
2683;21431533000;20941211111;21441211111
2684;21431538000;20941488888;21441488888
2685;21431540000;20941488888;21441488888
2686;21431541000;20941488888;21441488888
2687;21473210000;20982800000;21482800000
2688;21473214000;20982800000;21482800000
2689;21473215000;20982800000;21482800000
2690;21473216000;20982800000;21482800000
2691;21473217000;20982800000;21482800000
2692;21473218000;20982800000;21482800000
2693;21473219000;20982800000;21482800000
2694;21473319000;20982844444;21482844444
2695;21473325000;20983166666;21483166666
2696;21473326000;20983166666;21483166666
2697;21473327000;20983166666;21483166666
2698;21514876000;21024466666;21524466666
2699;21514880000;21024466666;21524466666
2700;21514881000;21024466666;21524466666
2701;21514882000;21024466666;21524466666
2702;21514883000;21024466666;21524466666
2703;21514884000;21024466666;21524466666
2704;21514885000;21024466666;21524466666
2705;21515007000;21024511111;21524511111
2706;21515012000;21024800000;21524800000
2707;21515013000;21024800000;21524800000
2708;21515014000;21024800000;21524800000
2709;21556426000;21066133333;21566133333
2710;21556430000;21066133333;21566133333
2711;21556431000;21066133333;21566133333
2712;21556432000;21066133333;21566133333
2713;21556433000;21066133333;21566133333
2714;21556434000;21066133333;21566133333
2715;21556435000;21066133333;21566133333
2716;21556556000;21066211111;21566211111
2717;21556561000;21066500000;21566500000
2718;21556562000;21066500000;21566500000
2719;21556563000;21066500000;21566500000
2720;21598145000;21107800000;21607800000
2721;21598149000;21107800000;21607800000
2722;21598150000;21107800000;21607800000
2723;21598151000;21107800000;21607800000
2724;21598152000;21107800000;21607800000
2725;21598153000;21107800000;21607800000
2726;21598154000;21107800000;21607800000
2727;21598346000;21107844444;21607844444
2728;21598352000;21108155555;21608155555
2729;21598353000;21108155555;21608155555
2730;21598354000;21108155555;21608155555
2731;21639794000;21149466666;21649466666
2732;21639798000;21149466666;21649466666
2733;21639799000;21149466666;21649466666
2734;21639800000;21149466666;21649466666
2735;21639801000;21149466666;21649466666
2736;21639802000;21149466666;21649466666
2737;21639803000;21149466666;21649466666
2738;21639978000;21149511111;21649511111
2739;21639981000;21149788888;21649788888
2740;21639984000;21149788888;21649788888
2741;21639985000;21149788888;21649788888
2742;21681594000;21191133333;21691133333
2743;21681597000;21191133333;21691133333
2744;21681598000;21191133333;21691133333
2745;21681600000;21191133333;21691133333
2746;21681600000;21191133333;21691133333
2747;21681601000;21191133333;21691133333
2748;21681602000;21191133333;21691133333
2749;21681802000;21191211111;21691211111
2750;21681818000;21191455555;21691455555
2751;21681819000;21191455555;21691455555
2752;21681820000;21191455555;21691455555
2753;21723246000;21232800000;21732800000
2754;21723250000;21232800000;21732800000
2755;21723251000;21232800000;21732800000
2756;21723252000;21232800000;21732800000
2757;21723253000;21232800000;21732800000
2758;21723254000;21232800000;21732800000
2759;21723255000;21232800000;21732800000
2760;21723411000;21232844444;21732844444
2761;21723417000;21233133333;21733133333
2762;21723418000;21233133333;21733133333
2763;21723420000;21233133333;21733133333
2764;21764926000;21274466666;21774466666
2765;21764929000;21274466666;21774466666
2766;21764930000;21274466666;21774466666
2767;21764931000;21274466666;21774466666
2768;21764932000;21274466666;21774466666
2769;21764933000;21274466666;21774466666
2770;21764934000;21274466666;21774466666
2771;21765138000;21274511111;21774511111
2772;21765144000;21274788888;21774788888
2773;21765145000;21274788888;21774788888
2774;21765154000;21274788888;21774788888
2775;21806555000;21316133333;21816133333
2776;21806558000;21316133333;21816133333
2777;21806559000;21316133333;21816133333
2778;21806560000;21316133333;21816133333
2779;21806562000;21316133333;21816133333
2780;21806563000;21316133333;21816133333
2781;21806564000;21316133333;21816133333
2782;21806719000;21316211111;21816211111
2783;21806725000;21316488888;21816488888
2784;21806726000;21316488888;21816488888
2785;21806727000;21316488888;21816488888
2786;21848126000;21357811111;21857811111
2787;21848130000;21357811111;21857811111
2788;21848131000;21357811111;21857811111
2789;21848132000;21357811111;21857811111
2790;21848133000;21357811111;21857811111
2791;21848134000;21357811111;21857811111
2792;21848135000;21357811111;21857811111
2793;21848273000;21357866666;21857866666
2794;21848275000;21358200000;21858200000
2795;21848276000;21358200000;21858200000
2796;21848277000;21358200000;21858200000
2797;21889919000;21399466666;21899466666
2798;21889923000;21399466666;21899466666
2799;21889924000;21399466666;21899466666
2800;21889925000;21399466666;21899466666
2801;21889926000;21399466666;21899466666
2802;21889927000;21399466666;21899466666
2803;21889928000;21399466666;21899466666
2804;21890160000;21399511111;21899511111
2805;21890167000;21399811111;21899811111
2806;21890168000;21399811111;21899811111
2807;21890169000;21399811111;21899811111
2808;21931575000;21441133333;21941133333
2809;21931578000;21441133333;21941133333
2810;21931579000;21441133333;21941133333
2811;21931580000;21441133333;21941133333
2812;21931581000;21441133333;21941133333
2813;21931582000;21441133333;21941133333
2814;21931583000;21441133333;21941133333
2815;21931783000;21441211111;21941211111
2816;21931789000;21441500000;21941500000
2817;21931791000;21441500000;21941500000
2818;21931792000;21441500000;21941500000
2819;21973251000;21482800000;21982800000
2820;21973255000;21482800000;21982800000
2821;21973256000;21482800000;21982800000
2822;21973257000;21482800000;21982800000
2823;21973258000;21482800000;21982800000
2824;21973259000;21482800000;21982800000
2825;21973260000;21482800000;21982800000
2826;21973459000;21482844444;21982844444
2827;21973466000;21483133333;21983133333
2828;21973467000;21483133333;21983133333
2829;21973468000;21483133333;21983133333
2830;22014920000;21524466666;22024466666
2831;22014923000;21524466666;22024466666
2832;22014924000;21524466666;22024466666
2833;22014925000;21524466666;22024466666
2834;22014926000;21524466666;22024466666
2835;22014927000;21524466666;22024466666
2836;22014928000;21524466666;22024466666
2837;22015136000;21524511111;22024511111
2838;22015142000;21524788888;22024788888
2839;22015143000;21524788888;22024788888
2840;22015144000;21524788888;22024788888
2841;22056469000;21566133333;22066133333
2842;22056472000;21566133333;22066133333
2843;22056473000;21566133333;22066133333
2844;22056474000;21566133333;22066133333
2845;22056475000;21566133333;22066133333
2846;22056476000;21566133333;22066133333
2847;22056477000;21566133333;22066133333
2848;22056677000;21566188888;22066188888
2849;22056683000;21566488888;22066488888
2850;22056684000;21566488888;22066488888
2851;22056685000;21566488888;22066488888
2852;22098252000;21607800000;22107800000
2853;22098257000;21607800000;22107800000
2854;22098258000;21607800000;22107800000
2855;22098259000;21607800000;22107800000
2856;22098259000;21607800000;22107800000
2857;22098260000;21607800000;22107800000
2858;22098262000;21607800000;22107800000
2859;22098468000;21607844444;22107844444
2860;22098484000;21608177777;22108177777
2861;22098485000;21608177777;22108177777
2862;22098486000;21608177777;22108177777
2863;22139975000;21649477777;22149477777
2864;22139979000;21649477777;22149477777
2865;22139980000;21649477777;22149477777
2866;22139981000;21649477777;22149477777
2867;22139982000;21649477777;22149477777
2868;22139983000;21649477777;22149477777
2869;22139984000;21649477777;22149477777
2870;22140191000;21649533333;22149533333
2871;22140206000;21649844444;22149844444
2872;22140207000;21649844444;22149844444
2873;22140209000;21649844444;22149844444
2874;22181476000;21691133333;22191133333
2875;22181479000;21691133333;22191133333
2876;22181480000;21691133333;22191133333
2877;22181482000;21691133333;22191133333
2878;22181482000;21691133333;22191133333
2879;22181484000;21691133333;22191133333
2880;22181484000;21691133333;22191133333
2881;22181683000;21691211111;22191211111
2882;22181690000;21691477777;22191477777
2883;22181691000;21691477777;22191477777
2884;22181692000;21691477777;22191477777
2885;22223101000;21732800000;22232800000
2886;22223104000;21732800000;22232800000
2887;22223105000;21732800000;22232800000
2888;22223106000;21732800000;22232800000
2889;22223108000;21732800000;22232800000
2890;22223109000;21732800000;22232800000
2891;22223110000;21732800000;22232800000
2892;22223265000;21732844444;22232844444
2893;22223271000;21733200000;22233200000
2894;22223273000;21733200000;22233200000
2895;22223274000;21733200000;22233200000
2896;22264924000;21774455555;22274455555
2897;22264928000;21774455555;22274455555
2898;22264929000;21774455555;22274455555
2899;22264930000;21774455555;22274455555
2900;22264931000;21774455555;22274455555
2901;22264932000;21774455555;22274455555
2902;22264933000;21774455555;22274455555
2903;22265136000;21774500000;22274500000
2904;22265142000;21774777777;22274777777
2905;22265143000;21774777777;22274777777
2906;22265144000;21774777777;22274777777
2907;22306414000;21816133333;22316133333
2908;22306418000;21816133333;22316133333
2909;22306419000;21816133333;22316133333
2910;22306420000;21816133333;22316133333
2911;22306421000;21816133333;22316133333
2912;22306422000;21816133333;22316133333
2913;22306423000;21816133333;22316133333
2914;22306594000;21816211111;22316211111
2915;22306598000;21816477777;22316477777
2916;22306599000;21816477777;22316477777
2917;22306600000;21816477777;22316477777
2918;22348227000;21857822222;22357822222
2919;22348231000;21857822222;22357822222
2920;22348232000;21857822222;22357822222
2921;22348233000;21857822222;22357822222
2922;22348234000;21857822222;22357822222
2923;22348235000;21857822222;22357822222
2924;22348236000;21857822222;22357822222
2925;22348406000;21857866666;22357866666
2926;22348410000;21858211111;22358211111
2927;22348412000;21858211111;22358211111
2928;22348413000;21858211111;22358211111
2929;22389906000;21899433333;22399433333
2930;22389910000;21899433333;22399433333
2931;22389911000;21899433333;22399433333
2932;22389912000;21899433333;22399433333
2933;22389913000;21899433333;22399433333
2934;22389914000;21899433333;22399433333
2935;22389915000;21899433333;22399433333
2936;22390115000;21899488888;22399488888
2937;22390121000;21899744444;22399744444
2938;22390123000;21899744444;22399744444
2939;22390124000;21899744444;22399744444
2940;22431551000;21941100000;22441100000
2941;22431555000;21941100000;22441100000
2942;22431556000;21941100000;22441100000
2943;22431557000;21941100000;22441100000
2944;22431558000;21941100000;22441100000
2945;22431559000;21941100000;22441100000
2946;22431560000;21941100000;22441100000
2947;22431760000;21941177777;22441177777
2948;22431767000;21941433333;22441433333
2949;22431768000;21941433333;22441433333
2950;22431769000;21941433333;22441433333
2951;22473264000;21982788888;22482788888
2952;22473267000;21982788888;22482788888
2953;22473269000;21982788888;22482788888
2954;22473269000;21982788888;22482788888
2955;22473271000;21982788888;22482788888
2956;22473271000;21982788888;22482788888
2957;22473272000;21982788888;22482788888
2958;22473472000;21982844444;22482844444
2959;22473487000;21983133333;22483133333
2960;22473488000;21983133333;22483133333
2961;22473490000;21983133333;22483133333
2962;22514805000;22024466666;22524466666
2963;22514809000;22024466666;22524466666
2964;22514810000;22024466666;22524466666
2965;22514811000;22024466666;22524466666
2966;22514812000;22024466666;22524466666
2967;22514813000;22024466666;22524466666
2968;22514814000;22024466666;22524466666
2969;22515013000;22024522222;22524522222
2970;22515029000;22024800000;22524800000
2971;22515030000;22024800000;22524800000
2972;22515031000;22024800000;22524800000
2973;22556594000;22066133333;22566133333
2974;22556605000;22066133333;22566133333
2975;22556606000;22066133333;22566133333
2976;22556607000;22066133333;22566133333
2977;22556609000;22066133333;22566133333
2978;22556610000;22066133333;22566133333
2979;22556611000;22066133333;22566133333
2980;22556782000;22066211111;22566211111
2981;22556786000;22066488888;22566488888
2982;22556787000;22066488888;22566488888
2983;22556788000;22066488888;22566488888
2984;22598251000;22107800000;22607800000
2985;22598254000;22107800000;22607800000
2986;22598256000;22107800000;22607800000
2987;22598256000;22107800000;22607800000
2988;22598257000;22107800000;22607800000
2989;22598258000;22107800000;22607800000
2990;22598259000;22107800000;22607800000
2991;22598460000;22107844444;22607844444
2992;22598466000;22108144444;22608144444
2993;22598467000;22108144444;22608144444
2994;22598468000;22108144444;22608144444
2995;22639782000;22149466666;22649466666
2996;22639787000;22149466666;22649466666
2997;22639788000;22149466666;22649466666
2998;22639789000;22149466666;22649466666
2999;22639790000;22149466666;22649466666
3000;22639791000;22149466666;22649466666
3001;22639792000;22149466666;22649466666
3002;22639969000;22149522222;22649522222
3003;22639974000;22149788888;22649788888
3004;22639976000;22149788888;22649788888
3005;22639977000;22149788888;22649788888
3006;22681505000;22191166666;22691166666
3007;22681509000;22191166666;22691166666
3008;22681510000;22191166666;22691166666
3009;22681511000;22191166666;22691166666
3010;22681512000;22191166666;22691166666
3011;22681513000;22191166666;22691166666
3012;22681514000;22191166666;22691166666
3013;22681721000;22191211111;22691211111
3014;22681737000;22191455555;22691455555
3015;22681739000;22191455555;22691455555
3016;22681740000;22191455555;22691455555
3017;22723134000;22232800000;22732800000
3018;22723138000;22232800000;22732800000
3019;22723139000;22232800000;22732800000
3020;22723140000;22232800000;22732800000
3021;22723141000;22232800000;22732800000
3022;22723143000;22232800000;22732800000
3023;22723144000;22232800000;22732800000
3024;22723350000;22232844444;22732844444
3025;22723365000;22233133333;22733133333
3026;22723367000;22233133333;22733133333
3027;22723368000;22233133333;22733133333
3028;22764892000;22274433333;22774433333
3029;22764895000;22274433333;22774433333
3030;22764896000;22274433333;22774433333
3031;22764897000;22274433333;22774433333
3032;22764898000;22274433333;22774433333
3033;22764900000;22274433333;22774433333
3034;22764901000;22274433333;22774433333
3035;22765101000;22274488888;22774488888
3036;22765107000;22274766666;22774766666
3037;22765108000;22274766666;22774766666
3038;22765109000;22274766666;22774766666
3039;22806585000;22316133333;22816133333
3040;22806589000;22316133333;22816133333
3041;22806590000;22316133333;22816133333
3042;22806591000;22316133333;22816133333
3043;22806592000;22316133333;22816133333
3044;22806593000;22316133333;22816133333
3045;22806594000;22316133333;22816133333
3046;22806795000;22316211111;22816211111
3047;22806801000;22316477777;22816477777
3048;22806803000;22316477777;22816477777
3049;22806804000;22316477777;22816477777
3050;22848190000;22357766666;22857766666
3051;22848195000;22357766666;22857766666
3052;22848196000;22357766666;22857766666
3053;22848197000;22357766666;22857766666
3054;22848198000;22357766666;22857766666
3055;22848199000;22357766666;22857766666
3056;22848200000;22357766666;22857766666
3057;22848362000;22357822222;22857822222
3058;22848369000;22358111111;22858111111
3059;22848370000;22358111111;22858111111
3060;22848371000;22358111111;22858111111
3061;22889859000;22399433333;22899433333
3062;22889864000;22399433333;22899433333
3063;22889866000;22399433333;22899433333
3064;22889867000;22399433333;22899433333
3065;22889868000;22399433333;22899433333
3066;22889869000;22399433333;22899433333
3067;22889870000;22399433333;22899433333
3068;22890011000;22399477777;22899477777
3069;22890015000;22399755555;22899755555
3070;22890016000;22399755555;22899755555
3071;22890017000;22399755555;22899755555
3072;22931598000;22441144444;22941144444
3073;22931601000;22441144444;22941144444
3074;22931609000;22441144444;22941144444
3075;22931611000;22441144444;22941144444
3076;22931612000;22441144444;22941144444
3077;22931613000;22441144444;22941144444
3078;22931614000;22441144444;22941144444
3079;22931812000;22441200000;22941200000
3080;22931827000;22441477777;22941477777
3081;22931829000;22441477777;22941477777
3082;22931830000;22441477777;22941477777
3083;22973144000;22482811111;22982811111
3084;22973147000;22482811111;22982811111
3085;22973149000;22482811111;22982811111
3086;22973149000;22482811111;22982811111
3087;22973151000;22482811111;22982811111
3088;22973152000;22482811111;22982811111
3089;22973153000;22482811111;22982811111
3090;22973351000;22482866666;22982866666
3091;22973366000;22483166666;22983166666
3092;22973367000;22483166666;22983166666
3093;22973369000;22483166666;22983166666
3094;23014918000;22524466666;23024466666
3095;23014921000;22524466666;23024466666
3096;23014922000;22524466666;23024466666
3097;23014924000;22524466666;23024466666
3098;23014924000;22524466666;23024466666
3099;23014926000;22524466666;23024466666
3100;23014927000;22524466666;23024466666
3101;23015168000;22524522222;23024522222
3102;23015175000;22524777777;23024777777
3103;23015186000;22524777777;23024777777
3104;23015188000;22524777777;23024777777
3105;23056567000;22566133333;23066133333
3106;23056570000;22566133333;23066133333
3107;23056572000;22566133333;23066133333
3108;23056573000;22566133333;23066133333
3109;23056574000;22566133333;23066133333
3110;23056575000;22566133333;23066133333
3111;23056576000;22566133333;23066133333
3112;23056781000;22566200000;23066200000
3113;23056787000;22566466666;23066466666
3114;23056788000;22566466666;23066466666
3115;23056790000;22566466666;23066466666
3116;23098231000;22607811111;23107811111
3117;23098235000;22607811111;23107811111
3118;23098236000;22607811111;23107811111
3119;23098238000;22607811111;23107811111
3120;23098239000;22607811111;23107811111
3121;23098240000;22607811111;23107811111
3122;23098241000;22607811111;23107811111
3123;23098315000;22607866666;23107866666
3124;23098318000;22608188888;23108188888
3125;23098319000;22608188888;23108188888
3126;23098320000;22608188888;23108188888
3127;23139801000;22649466666;23149466666
3128;23139804000;22649466666;23149466666
3129;23139806000;22649466666;23149466666
3130;23139807000;22649466666;23149466666
3131;23139807000;22649466666;23149466666
3132;23139808000;22649466666;23149466666
3133;23139809000;22649466666;23149466666
3134;23140008000;22649511111;23149511111
3135;23140024000;22649788888;23149788888
3136;23140025000;22649788888;23149788888
3137;23140026000;22649788888;23149788888
3138;23181574000;22691122222;23191122222
3139;23181577000;22691122222;23191122222
3140;23181578000;22691122222;23191122222
3141;23181579000;22691122222;23191122222
3142;23181580000;22691122222;23191122222
3143;23181581000;22691122222;23191122222
3144;23181582000;22691122222;23191122222
3145;23181789000;22691211111;23191211111
3146;23181804000;22691466666;23191466666
3147;23181806000;22691466666;23191466666
3148;23181807000;22691466666;23191466666
3149;23223117000;22732800000;23232800000
3150;23223121000;22732800000;23232800000
3151;23223122000;22732800000;23232800000
3152;23223123000;22732800000;23232800000
3153;23223125000;22732800000;23232800000
3154;23223126000;22732800000;23232800000
3155;23223127000;22732800000;23232800000
3156;23223332000;22732844444;23232844444
3157;23223339000;22733177777;23233177777
3158;23223340000;22733177777;23233177777
3159;23223341000;22733177777;23233177777
3160;23264919000;22774466666;23274466666
3161;23264922000;22774466666;23274466666
3162;23264923000;22774466666;23274466666
3163;23264924000;22774466666;23274466666
3164;23264925000;22774466666;23274466666
3165;23264926000;22774466666;23274466666
3166;23264927000;22774466666;23274466666
3167;23265130000;22774511111;23274511111
3168;23265136000;22774788888;23274788888
3169;23265137000;22774788888;23274788888
3170;23265138000;22774788888;23274788888
3171;23306575000;22816166666;23316166666
3172;23306579000;22816166666;23316166666
3173;23306580000;22816166666;23316166666
3174;23306589000;22816166666;23316166666
3175;23306590000;22816166666;23316166666
3176;23306591000;22816166666;23316166666
3177;23306592000;22816166666;23316166666
3178;23306723000;22816233333;23316233333
3179;23306729000;22816511111;23316511111
3180;23306730000;22816511111;23316511111
3181;23306731000;22816511111;23316511111
3182;23348201000;22857800000;23357800000
3183;23348205000;22857800000;23357800000
3184;23348206000;22857800000;23357800000
3185;23348207000;22857800000;23357800000
3186;23348208000;22857800000;23357800000
3187;23348209000;22857800000;23357800000
3188;23348210000;22857800000;23357800000
3189;23348365000;22857844444;23357844444
3190;23348372000;22858166666;23358166666
3191;23348373000;22858166666;23358166666
3192;23348374000;22858166666;23358166666
3193;23389939000;22899466666;23399466666
3194;23389942000;22899466666;23399466666
3195;23389943000;22899466666;23399466666
3196;23389945000;22899466666;23399466666
3197;23389946000;22899466666;23399466666
3198;23389947000;22899466666;23399466666
3199;23389948000;22899466666;23399466666
3200;23390155000;22899511111;23399511111
3201;23390171000;22899788888;23399788888
3202;23390172000;22899788888;23399788888
3203;23390173000;22899788888;23399788888
3204;23431464000;22941133333;23441133333
3205;23431468000;22941133333;23441133333
3206;23431469000;22941133333;23441133333
3207;23431470000;22941133333;23441133333
3208;23431471000;22941133333;23441133333
3209;23431472000;22941133333;23441133333
3210;23431473000;22941133333;23441133333
3211;23431644000;22941211111;23441211111
3212;23431648000;22941477777;23441477777
3213;23431649000;22941477777;23441477777
3214;23431650000;22941477777;23441477777
3215;23473124000;22982800000;23482800000
3216;23473127000;22982800000;23482800000
3217;23473128000;22982800000;23482800000
3218;23473129000;22982800000;23482800000
3219;23473130000;22982800000;23482800000
3220;23473131000;22982800000;23482800000
3221;23473132000;22982800000;23482800000
3222;23473332000;22982844444;23482844444
3223;23473347000;22983166666;23483166666
3224;23473349000;22983166666;23483166666
3225;23473350000;22983166666;23483166666
3226;23514952000;23024477777;23524477777
3227;23514956000;23024477777;23524477777
3228;23514957000;23024477777;23524477777
3229;23514958000;23024477777;23524477777
3230;23514959000;23024477777;23524477777
3231;23514960000;23024477777;23524477777
3232;23514961000;23024477777;23524477777
3233;23515186000;23024522222;23524522222
3234;23515201000;23024822222;23524822222
3235;23515203000;23024822222;23524822222
3236;23515203000;23024822222;23524822222
3237;23556449000;23066133333;23566133333
3238;23556452000;23066133333;23566133333
3239;23556453000;23066133333;23566133333
3240;23556454000;23066133333;23566133333
3241;23556455000;23066133333;23566133333
3242;23556456000;23066133333;23566133333
3243;23556457000;23066133333;23566133333
3244;23556712000;23066188888;23566188888
3245;23556718000;23066477777;23566477777
3246;23556720000;23066477777;23566477777
3247;23556721000;23066477777;23566477777
3248;23598252000;23107800000;23607800000
3249;23598256000;23107800000;23607800000
3250;23598257000;23107800000;23607800000
3251;23598258000;23107800000;23607800000
3252;23598259000;23107800000;23607800000
3253;23598260000;23107800000;23607800000
3254;23598261000;23107800000;23607800000
3255;23598432000;23107844444;23607844444
3256;23598436000;23108166666;23608166666
3257;23598437000;23108166666;23608166666
3258;23598438000;23108166666;23608166666
3259;23639776000;23149466666;23649466666
3260;23639780000;23149466666;23649466666
3261;23639781000;23149466666;23649466666
3262;23639782000;23149466666;23649466666
3263;23639783000;23149466666;23649466666
3264;23639784000;23149466666;23649466666
3265;23639785000;23149466666;23649466666
3266;23639955000;23149511111;23649511111
3267;23639960000;23149788888;23649788888
3268;23639961000;23149788888;23649788888
3269;23639962000;23149788888;23649788888
3270;23681610000;23191133333;23691133333
3271;23681613000;23191133333;23691133333
3272;23681614000;23191133333;23691133333
3273;23681615000;23191133333;23691133333
3274;23681624000;23191133333;23691133333
3275;23681625000;23191133333;23691133333
3276;23681626000;23191133333;23691133333
3277;23681826000;23191188888;23691188888
3278;23681842000;23191444444;23691444444
3279;23681843000;23191444444;23691444444
3280;23681844000;23191444444;23691444444
3281;23723130000;23232811111;23732811111
3282;23723133000;23232811111;23732811111
3283;23723134000;23232811111;23732811111
3284;23723135000;23232811111;23732811111
3285;23723136000;23232811111;23732811111
3286;23723137000;23232811111;23732811111
3287;23723138000;23232811111;23732811111
3288;23723337000;23232866666;23732866666
3289;23723352000;23233200000;23733200000
3290;23723354000;23233200000;23733200000
3291;23723355000;23233200000;23733200000
3292;23764860000;23274466666;23774466666
3293;23764863000;23274466666;23774466666
3294;23764864000;23274466666;23774466666
3295;23764874000;23274466666;23774466666
3296;23764875000;23274466666;23774466666
3297;23764877000;23274466666;23774466666
3298;23764877000;23274466666;23774466666
3299;23765017000;23274511111;23774511111
3300;23765020000;23274800000;23774800000
3301;23765021000;23274800000;23774800000
3302;23765022000;23274800000;23774800000
3303;23806627000;23316166666;23816166666
3304;23806631000;23316166666;23816166666
3305;23806632000;23316166666;23816166666
3306;23806633000;23316166666;23816166666
3307;23806634000;23316166666;23816166666
3308;23806635000;23316166666;23816166666
3309;23806636000;23316166666;23816166666
3310;23806835000;23316244444;23816244444
3311;23806841000;23316522222;23816522222
3312;23806843000;23316522222;23816522222
3313;23806843000;23316522222;23816522222
3314;23848113000;23357800000;23857800000
3315;23848117000;23357800000;23857800000
3316;23848118000;23357800000;23857800000
3317;23848119000;23357800000;23857800000
3318;23848120000;23357800000;23857800000
3319;23848121000;23357800000;23857800000
3320;23848122000;23357800000;23857800000
3321;23848321000;23357855555;23857855555
3322;23848327000;23358200000;23858200000
3323;23848328000;23358200000;23858200000
3324;23848329000;23358200000;23858200000
3325;23889753000;23399444444;23899444444
3326;23889756000;23399444444;23899444444
3327;23889758000;23399444444;23899444444
3328;23889759000;23399444444;23899444444
3329;23889760000;23399444444;23899444444
3330;23889760000;23399444444;23899444444
3331;23889761000;23399444444;23899444444
3332;23889971000;23399488888;23899488888
3333;23889975000;23399777777;23899777777
3334;23889976000;23399777777;23899777777
3335;23889977000;23399777777;23899777777
3336;23931391000;23441100000;23941100000
3337;23931394000;23441100000;23941100000
3338;23931396000;23441100000;23941100000
3339;23931397000;23441100000;23941100000
3340;23931398000;23441100000;23941100000
3341;23931399000;23441100000;23941100000
3342;23931400000;23441100000;23941100000
3343;23931606000;23441166666;23941166666
3344;23931612000;23441466666;23941466666
3345;23931614000;23441466666;23941466666
3346;23931615000;23441466666;23941466666
3347;23973059000;23482766666;23982766666
3348;23973063000;23482766666;23982766666
3349;23973064000;23482766666;23982766666
3350;23973065000;23482766666;23982766666
3351;23973066000;23482766666;23982766666
3352;23973067000;23482766666;23982766666
3353;23973068000;23482766666;23982766666
3354;23973268000;23482811111;23982811111
3355;23973274000;23483100000;23983100000
3356;23973275000;23483100000;23983100000
3357;23973276000;23483100000;23983100000
3358;24014753000;23524444444;24024444444
3359;24014756000;23524444444;24024444444
3360;24014757000;23524444444;24024444444
3361;24014758000;23524444444;24024444444
3362;24014759000;23524444444;24024444444
3363;24014760000;23524444444;24024444444
3364;24014761000;23524444444;24024444444
3365;24014960000;23524488888;24024488888
3366;24014966000;23524777777;24024777777
3367;24014968000;23524777777;24024777777
3368;24014969000;23524777777;24024777777
3369;24056328000;23566100000;24066100000
3370;24056332000;23566100000;24066100000
3371;24056342000;23566100000;24066100000
3372;24056343000;23566100000;24066100000
3373;24056344000;23566100000;24066100000
3374;24056353000;23566100000;24066100000
3375;24056354000;23566100000;24066100000
3376;24056520000;23566166666;24066166666
3377;24056523000;23566455555;24066455555
3378;24056524000;23566455555;24066455555
3379;24056525000;23566455555;24066455555
3380;24098152000;23607777777;24107777777
3381;24098155000;23607777777;24107777777
3382;24098165000;23607777777;24107777777
3383;24098166000;23607777777;24107777777
3384;24098167000;23607777777;24107777777
3385;24098168000;23607777777;24107777777
3386;24098169000;23607777777;24107777777
3387;24098308000;23607822222;24107822222
3388;24098311000;23608133333;24108133333
3389;24098312000;23608133333;24108133333
3390;24098313000;23608133333;24108133333
3391;24139836000;23649466666;24149466666
3392;24139839000;23649466666;24149466666
3393;24139840000;23649466666;24149466666
3394;24139841000;23649466666;24149466666
3395;24139851000;23649466666;24149466666
3396;24139852000;23649466666;24149466666
3397;24139853000;23649466666;24149466666
3398;24139990000;23649511111;24149511111
3399;24139993000;23649800000;24149800000
3400;24139994000;23649800000;24149800000
3401;24139995000;23649800000;24149800000
3402;24181501000;23691133333;24191133333
3403;24181504000;23691133333;24191133333
3404;24181505000;23691133333;24191133333
3405;24181506000;23691133333;24191133333
3406;24181516000;23691133333;24191133333
3407;24181518000;23691133333;24191133333
3408;24181518000;23691133333;24191133333
3409;24181655000;23691211111;24191211111
3410;24181658000;23691477777;24191477777
3411;24181659000;23691477777;24191477777
3412;24181660000;23691477777;24191477777
3413;24223126000;23732800000;24232800000
3414;24223129000;23732800000;24232800000
3415;24223130000;23732800000;24232800000
3416;24223131000;23732800000;24232800000
3417;24223132000;23732800000;24232800000
3418;24223133000;23732800000;24232800000
3419;24223134000;23732800000;24232800000
3420;24223288000;23732855555;24232855555
3421;24223294000;23733266666;24233266666
3422;24223296000;23733266666;24233266666
3423;24223297000;23733266666;24233266666
3424;24264814000;23774466666;24274466666
3425;24264817000;23774466666;24274466666
3426;24264818000;23774466666;24274466666
3427;24264819000;23774466666;24274466666
3428;24264820000;23774466666;24274466666
3429;24264821000;23774466666;24274466666
3430;24264822000;23774466666;24274466666
3431;24265021000;23774511111;24274511111
3432;24265027000;23774800000;24274800000
3433;24265028000;23774800000;24274800000
3434;24265029000;23774800000;24274800000
3435;24306459000;23816133333;24316133333
3436;24306463000;23816133333;24316133333
3437;24306464000;23816133333;24316133333
3438;24306465000;23816133333;24316133333
3439;24306466000;23816133333;24316133333
3440;24306467000;23816133333;24316133333
3441;24306468000;23816133333;24316133333
3442;24306622000;23816188888;24316188888
3443;24306628000;23816477777;24316477777
3444;24306629000;23816477777;24316477777
3445;24306630000;23816477777;24316477777
3446;24348186000;23857788888;24357788888
3447;24348190000;23857788888;24357788888
3448;24348191000;23857788888;24357788888
3449;24348192000;23857788888;24357788888
3450;24348193000;23857788888;24357788888
3451;24348194000;23857788888;24357788888
3452;24348195000;23857788888;24357788888
3453;24348323000;23857844444;24357844444
3454;24348338000;23858177777;24358177777
3455;24348339000;23858177777;24358177777
3456;24348340000;23858177777;24358177777
3457;24389670000;23899444444;24399444444
3458;24389674000;23899444444;24399444444
3459;24389675000;23899444444;24399444444
3460;24389676000;23899444444;24399444444
3461;24389677000;23899444444;24399444444
3462;24389678000;23899444444;24399444444
3463;24389679000;23899444444;24399444444
3464;24389797000;23899488888;24399488888
3465;24389802000;23899777777;24399777777
3466;24389804000;23899777777;24399777777
3467;24389805000;23899777777;24399777777
3468;24431372000;23941122222;24441122222
3469;24431384000;23941122222;24441122222
3470;24431385000;23941122222;24441122222
3471;24431386000;23941122222;24441122222
3472;24431387000;23941122222;24441122222
3473;24431395000;23941122222;24441122222
3474;24431396000;23941122222;24441122222
3475;24431513000;23941200000;24441200000
3476;24431518000;23941488888;24441488888
3477;24431520000;23941488888;24441488888
3478;24431520000;23941488888;24441488888
3479;24473035000;23982766666;24482766666
3480;24473038000;23982766666;24482766666
3481;24473039000;23982766666;24482766666
3482;24473040000;23982766666;24482766666
3483;24473041000;23982766666;24482766666
3484;24473051000;23982766666;24482766666
3485;24473052000;23982766666;24482766666
3486;24473165000;23982822222;24482822222
3487;24473170000;23983133333;24483133333
3488;24473171000;23983133333;24483133333
3489;24473172000;23983133333;24483133333
3490;24514879000;24024466666;24524466666
3491;24514882000;24024466666;24524466666
3492;24514883000;24024466666;24524466666
3493;24514884000;24024466666;24524466666
3494;24514885000;24024466666;24524466666
3495;24514886000;24024466666;24524466666
3496;24514887000;24024466666;24524466666
3497;24515008000;24024511111;24524511111
3498;24515014000;24024800000;24524800000
3499;24515015000;24024800000;24524800000
3500;24515016000;24024800000;24524800000
3501;24556536000;24066133333;24566133333
3502;24556540000;24066133333;24566133333
3503;24556541000;24066133333;24566133333
3504;24556542000;24066133333;24566133333
3505;24556543000;24066133333;24566133333
3506;24556544000;24066133333;24566133333
3507;24556545000;24066133333;24566133333
3508;24556649000;24066211111;24566211111
3509;24556655000;24066511111;24566511111
3510;24556656000;24066511111;24566511111
3511;24556657000;24066511111;24566511111
3512;24598165000;24107788888;24607788888
3513;24598168000;24107788888;24607788888
3514;24598169000;24107788888;24607788888
3515;24598170000;24107788888;24607788888
3516;24598172000;24107788888;24607788888
3517;24598173000;24107788888;24607788888
3518;24598174000;24107788888;24607788888
3519;24598302000;24107844444;24607844444
3520;24598307000;24108177777;24608177777
3521;24598309000;24108177777;24608177777
3522;24598310000;24108177777;24608177777
3523;24639688000;24149455555;24649455555
3524;24639691000;24149455555;24649455555
3525;24639701000;24149455555;24649455555
3526;24639702000;24149455555;24649455555
3527;24639703000;24149455555;24649455555
3528;24639704000;24149455555;24649455555
3529;24639705000;24149455555;24649455555
3530;24639791000;24149511111;24649511111
3531;24639796000;24149800000;24649800000
3532;24639797000;24149800000;24649800000
3533;24639798000;24149800000;24649800000
3534;24681390000;24191122222;24691122222
3535;24681393000;24191122222;24691122222
3536;24681394000;24191122222;24691122222
3537;24681395000;24191122222;24691122222
3538;24681396000;24191122222;24691122222
3539;24681397000;24191122222;24691122222
3540;24681398000;24191122222;24691122222
3541;24681500000;24191188888;24691188888
3542;24681505000;24191444444;24691444444
3543;24681507000;24191444444;24691444444
3544;24681508000;24191444444;24691444444
3545;24723063000;24232788888;24732788888
3546;24723067000;24232788888;24732788888
3547;24723068000;24232788888;24732788888
3548;24723069000;24232788888;24732788888
3549;24723070000;24232788888;24732788888
3550;24723071000;24232788888;24732788888
3551;24723072000;24232788888;24732788888
3552;24723193000;24232833333;24732833333
3553;24723199000;24233166666;24733166666
3554;24723200000;24233166666;24733166666
3555;24723201000;24233166666;24733166666
3556;24764722000;24274455555;24774455555
3557;24764726000;24274455555;24774455555
3558;24764727000;24274455555;24774455555
3559;24764728000;24274455555;24774455555
3560;24764729000;24274455555;24774455555
3561;24764730000;24274455555;24774455555
3562;24764731000;24274455555;24774455555
3563;24764832000;24274511111;24774511111
3564;24764837000;24274811111;24774811111
3565;24764839000;24274811111;24774811111
3566;24764840000;24274811111;24774811111
3567;24806587000;24316133333;24816133333
3568;24806591000;24316133333;24816133333
3569;24806592000;24316133333;24816133333
3570;24806593000;24316133333;24816133333
3571;24806594000;24316133333;24816133333
3572;24806595000;24316133333;24816133333
3573;24806603000;24316133333;24816133333
3574;24806802000;24316188888;24816188888
3575;24806808000;24316477777;24816477777
3576;24806809000;24316477777;24816477777
3577;24806810000;24316477777;24816477777
3578;24848253000;24357800000;24857800000
3579;24848257000;24357800000;24857800000
3580;24848258000;24357800000;24857800000
3581;24848259000;24357800000;24857800000
3582;24848260000;24357800000;24857800000
3583;24848261000;24357800000;24857800000
3584;24848262000;24357800000;24857800000
3585;24848461000;24357844444;24857844444
3586;24848467000;24358200000;24858200000
3587;24848468000;24358200000;24858200000
3588;24848469000;24358200000;24858200000
3589;24889909000;24399455555;24899455555
3590;24889912000;24399455555;24899455555
3591;24889914000;24399455555;24899455555
3592;24889915000;24399455555;24899455555
3593;24889916000;24399455555;24899455555
3594;24889916000;24399455555;24899455555
3595;24889917000;24399455555;24899455555
3596;24890116000;24399522222;24899522222
3597;24890123000;24399844444;24899844444
3598;24890124000;24399844444;24899844444
3599;24890125000;24399844444;24899844444
3600;24931536000;24441100000;24941100000
3601;24931540000;24441100000;24941100000
3602;24931542000;24441100000;24941100000
3603;24931543000;24441100000;24941100000
3604;24931544000;24441100000;24941100000
3605;24931545000;24441100000;24941100000
3606;24931546000;24441100000;24941100000
3607;24931751000;24441166666;24941166666
3608;24931758000;24441477777;24941477777
3609;24931759000;24441477777;24941477777
3610;24931760000;24441477777;24941477777
3611;24973254000;24482800000;24982800000
3612;24973258000;24482800000;24982800000
3613;24973259000;24482800000;24982800000
3614;24973260000;24482800000;24982800000
3615;24973261000;24482800000;24982800000
3616;24973262000;24482800000;24982800000
3617;24973263000;24482800000;24982800000
3618;24973476000;24482844444;24982844444
3619;24973479000;24483166666;24983166666
3620;24973480000;24483166666;24983166666
3621;24973481000;24483166666;24983166666
3622;25014808000;24524511111;25024511111
3623;25014811000;24524511111;25024511111
3624;25014812000;24524511111;25024511111
3625;25014813000;24524511111;25024511111
3626;25014814000;24524511111;25024511111
3627;25014815000;24524511111;25024511111
3628;25014816000;24524511111;25024511111
3629;25015014000;24524566666;25024566666
3630;25015020000;24524844444;25024844444
3631;25015022000;24524844444;25024844444
3632;25015022000;24524844444;25024844444
3633;25056446000;24566133333;25066133333
3634;25056450000;24566133333;25066133333
3635;25056451000;24566133333;25066133333
3636;25056452000;24566133333;25066133333
3637;25056453000;24566133333;25066133333
3638;25056454000;24566133333;25066133333
3639;25056455000;24566133333;25066133333
3640;25056662000;24566211111;25066211111
3641;25056677000;24566500000;25066500000
3642;25056678000;24566500000;25066500000
3643;25056679000;24566500000;25066500000
3644;25098138000;24607800000;25107800000
3645;25098141000;24607800000;25107800000
3646;25098142000;24607800000;25107800000
3647;25098143000;24607800000;25107800000
3648;25098144000;24607800000;25107800000
3649;25098145000;24607800000;25107800000
3650;25098146000;24607800000;25107800000
3651;25098345000;24607844444;25107844444
3652;25098360000;24608200000;25108200000
3653;25098361000;24608200000;25108200000
3654;25098362000;24608200000;25108200000
3655;25139924000;24649466666;25149466666
3656;25139928000;24649466666;25149466666
3657;25139929000;24649466666;25149466666
3658;25139930000;24649466666;25149466666
3659;25139931000;24649466666;25149466666
3660;25139932000;24649466666;25149466666
3661;25139933000;24649466666;25149466666
3662;25140148000;24649511111;25149511111
3663;25140154000;24649844444;25149844444
3664;25140156000;24649844444;25149844444
3665;25140157000;24649844444;25149844444
3666;25181417000;24691122222;25191122222
3667;25181421000;24691122222;25191122222
3668;25181422000;24691122222;25191122222
3669;25181423000;24691122222;25191122222
3670;25181424000;24691122222;25191122222
3671;25181425000;24691122222;25191122222
3672;25181426000;24691122222;25191122222
3673;25181649000;24691211111;25191211111
3674;25181653000;24691488888;25191488888
3675;25181655000;24691488888;25191488888
3676;25181656000;24691488888;25191488888
3677;25223101000;24732800000;25232800000
3678;25223104000;24732800000;25232800000
3679;25223105000;24732800000;25232800000
3680;25223106000;24732800000;25232800000
3681;25223108000;24732800000;25232800000
3682;25223109000;24732800000;25232800000
3683;25223110000;24732800000;25232800000
3684;25223264000;24732855555;25232855555
3685;25223270000;24733222222;25233222222
3686;25223271000;24733222222;25233222222
3687;25223273000;24733222222;25233222222
3688;25264947000;24774466666;25274466666
3689;25264951000;24774466666;25274466666
3690;25264952000;24774466666;25274466666
3691;25264953000;24774466666;25274466666
3692;25264954000;24774466666;25274466666
3693;25264955000;24774466666;25274466666
3694;25264956000;24774466666;25274466666
3695;25265161000;24774511111;25274511111
3696;25265177000;24774788888;25274788888
3697;25265178000;24774788888;25274788888
3698;25265179000;24774788888;25274788888
3699;25306538000;24816088888;25316088888
3700;25306542000;24816088888;25316088888
3701;25306543000;24816088888;25316088888
3702;25306544000;24816088888;25316088888
3703;25306545000;24816088888;25316088888
3704;25306546000;24816088888;25316088888
3705;25306547000;24816088888;25316088888
3706;25306752000;24816177777;25316177777
3707;25306759000;24816533333;25316533333
3708;25306760000;24816533333;25316533333
3709;25306761000;24816533333;25316533333
3710;25348235000;24857777777;25357777777
3711;25348238000;24857777777;25357777777
3712;25348239000;24857777777;25357777777
3713;25348240000;24857777777;25357777777
3714;25348241000;24857777777;25357777777
3715;25348242000;24857777777;25357777777
3716;25348243000;24857777777;25357777777
3717;25348441000;24857833333;25357833333
3718;25348447000;24858255555;25358255555
3719;25348449000;24858255555;25358255555
3720;25348450000;24858255555;25358255555
3721;25389760000;24899444444;25399444444
3722;25389763000;24899444444;25399444444
3723;25389764000;24899444444;25399444444
3724;25389765000;24899444444;25399444444
3725;25389766000;24899444444;25399444444
3726;25389767000;24899444444;25399444444
3727;25389768000;24899444444;25399444444
3728;25389984000;24899500000;25399500000
3729;25389987000;24899855555;25399855555
3730;25389988000;24899855555;25399855555
3731;25389989000;24899855555;25399855555
3732;25431545000;24941111111;25441111111
3733;25431549000;24941111111;25441111111
3734;25431550000;24941111111;25441111111
3735;25431551000;24941111111;25441111111
3736;25431552000;24941111111;25441111111
3737;25431553000;24941111111;25441111111
3738;25431554000;24941111111;25441111111
3739;25431921000;24941200000;25441200000
3740;25431927000;24941555555;25441555555
3741;25431929000;24941555555;25441555555
3742;25431930000;24941555555;25441555555
3743;25473122000;24982777777;25482777777
3744;25473125000;24982777777;25482777777
3745;25473126000;24982777777;25482777777
3746;25473128000;24982777777;25482777777
3747;25473129000;24982777777;25482777777
3748;25473130000;24982777777;25482777777
3749;25473131000;24982777777;25482777777
3750;25473329000;24982833333;25482833333
3751;25473345000;24983255555;25483255555
3752;25473346000;24983255555;25483255555
3753;25473347000;24983255555;25483255555
3754;25514804000;25024466666;25524466666
3755;25514808000;25024466666;25524466666
3756;25514809000;25024466666;25524466666
3757;25514810000;25024466666;25524466666
3758;25514811000;25024466666;25524466666
3759;25514812000;25024466666;25524466666
3760;25514813000;25024466666;25524466666
3761;25515011000;25024522222;25524522222
3762;25515026000;25024877777;25524877777
3763;25515027000;25024877777;25524877777
3764;25515028000;25024877777;25524877777
3765;25556603000;25066122222;25566122222
3766;25556607000;25066122222;25566122222
3767;25556608000;25066122222;25566122222
3768;25556609000;25066122222;25566122222
3769;25556610000;25066122222;25566122222
3770;25556611000;25066122222;25566122222
3771;25556612000;25066122222;25566122222
3772;25556811000;25066188888;25566188888
3773;25556824000;25066477777;25566477777
3774;25556825000;25066477777;25566477777
3775;25556826000;25066477777;25566477777
3776;25598139000;25107800000;25607800000
3777;25598143000;25107800000;25607800000
3778;25598144000;25107800000;25607800000
3779;25598145000;25107800000;25607800000
3780;25598146000;25107800000;25607800000
3781;25598147000;25107800000;25607800000
3782;25598148000;25107800000;25607800000
3783;25598362000;25107844444;25607844444
3784;25598366000;25108166666;25608166666
3785;25598367000;25108166666;25608166666
3786;25598368000;25108166666;25608166666
3787;25639922000;25149466666;25649466666
3788;25639926000;25149466666;25649466666
3789;25639927000;25149466666;25649466666
3790;25639928000;25149466666;25649466666
3791;25639929000;25149466666;25649466666
3792;25639930000;25149466666;25649466666
3793;25639931000;25149466666;25649466666
3794;25640146000;25149511111;25649511111
3795;25640161000;25149788888;25649788888
3796;25640163000;25149788888;25649788888
3797;25640164000;25149788888;25649788888
3798;25681582000;25191122222;25691122222
3799;25681586000;25191122222;25691122222
3800;25681587000;25191122222;25691122222
3801;25681588000;25191122222;25691122222
3802;25681589000;25191122222;25691122222
3803;25681590000;25191122222;25691122222
3804;25681591000;25191122222;25691122222
3805;25681797000;25191188888;25691188888
3806;25681813000;25191444444;25691444444
3807;25681814000;25191444444;25691444444
3808;25681815000;25191444444;25691444444
3809;25723249000;25232788888;25732788888
3810;25723253000;25232788888;25732788888
3811;25723254000;25232788888;25732788888
3812;25723255000;25232788888;25732788888
3813;25723256000;25232788888;25732788888
3814;25723257000;25232788888;25732788888
3815;25723258000;25232788888;25732788888
3816;25723466000;25232844444;25732844444
3817;25723482000;25233177777;25733177777
3818;25723483000;25233177777;25733177777
3819;25723484000;25233177777;25733177777
3820;25764817000;25274455555;25774455555
3821;25764821000;25274455555;25774455555
3822;25764822000;25274455555;25774455555
3823;25764823000;25274455555;25774455555
3824;25764824000;25274455555;25774455555
3825;25764825000;25274455555;25774455555
3826;25764826000;25274455555;25774455555
3827;25765025000;25274511111;25774511111
3828;25765031000;25274800000;25774800000
3829;25765032000;25274800000;25774800000
3830;25765033000;25274800000;25774800000
3831;25806549000;25316111111;25816111111
3832;25806553000;25316111111;25816111111
3833;25806554000;25316111111;25816111111
3834;25806555000;25316111111;25816111111
3835;25806556000;25316111111;25816111111
3836;25806557000;25316111111;25816111111
3837;25806559000;25316111111;25816111111
3838;25806724000;25316200000;25816200000
3839;25806727000;25316555555;25816555555
3840;25806728000;25316555555;25816555555
3841;25806729000;25316555555;25816555555
3842;25848144000;25357822222;25857822222
3843;25848148000;25357822222;25857822222
3844;25848149000;25357822222;25857822222
3845;25848150000;25357822222;25857822222
3846;25848151000;25357822222;25857822222
3847;25848152000;25357822222;25857822222
3848;25848153000;25357822222;25857822222
3849;25848358000;25357866666;25857866666
3850;25848365000;25358211111;25858211111
3851;25848366000;25358211111;25858211111
3852;25848367000;25358211111;25858211111
3853;25889911000;25399466666;25899466666
3854;25889915000;25399466666;25899466666
3855;25889916000;25399466666;25899466666
3856;25889917000;25399466666;25899466666
3857;25889918000;25399466666;25899466666
3858;25889919000;25399466666;25899466666
3859;25889920000;25399466666;25899466666
3860;25890134000;25399511111;25899511111
3861;25890141000;25399811111;25899811111
3862;25890142000;25399811111;25899811111
3863;25890143000;25399811111;25899811111
3864;25931576000;25441133333;25941133333
3865;25931579000;25441133333;25941133333
3866;25931580000;25441133333;25941133333
3867;25931582000;25441133333;25941133333
3868;25931583000;25441133333;25941133333
3869;25931584000;25441133333;25941133333
3870;25931585000;25441133333;25941133333
3871;25931790000;25441188888;25941188888
3872;25931796000;25441500000;25941500000
3873;25931806000;25441500000;25941500000
3874;25931807000;25441500000;25941500000
3875;25973238000;25482777777;25982777777
3876;25973241000;25482777777;25982777777
3877;25973243000;25482777777;25982777777
3878;25973244000;25482777777;25982777777
3879;25973245000;25482777777;25982777777
3880;25973246000;25482777777;25982777777
3881;25973247000;25482777777;25982777777
3882;25973445000;25482844444;25982844444
3883;25973451000;25483244444;25983244444
3884;25973453000;25483244444;25983244444
3885;25973454000;25483244444;25983244444
3886;26014783000;25524444444;26024444444
3887;26014787000;25524444444;26024444444
3888;26014788000;25524444444;26024444444
3889;26014789000;25524444444;26024444444
3890;26014790000;25524444444;26024444444
3891;26014791000;25524444444;26024444444
3892;26014792000;25524444444;26024444444
3893;26014956000;25524500000;26024500000
3894;26014963000;25524844444;26024844444
3895;26014964000;25524844444;26024844444
3896;26014965000;25524844444;26024844444
3897;26056572000;25566111111;26066111111
3898;26056575000;25566111111;26066111111
3899;26056576000;25566111111;26066111111
3900;26056577000;25566111111;26066111111
3901;26056579000;25566111111;26066111111
3902;26056579000;25566111111;26066111111
3903;26056581000;25566111111;26066111111
3904;26056779000;25566188888;26066188888
3905;26056785000;25566544444;26066544444
3906;26056786000;25566544444;26066544444
3907;26056787000;25566544444;26066544444
3908;26098151000;25607800000;26107800000
3909;26098156000;25607800000;26107800000
3910;26098157000;25607800000;26107800000
3911;26098158000;25607800000;26107800000
3912;26098159000;25607800000;26107800000
3913;26098160000;25607800000;26107800000
3914;26098161000;25607800000;26107800000
3915;26098367000;25607844444;26107844444
3916;26098383000;25608177777;26108177777
3917;26098384000;25608177777;26108177777
3918;26098385000;25608177777;26108177777
3919;26139924000;25649455555;26149455555
3920;26139928000;25649455555;26149455555
3921;26139929000;25649455555;26149455555
3922;26139930000;25649455555;26149455555
3923;26139931000;25649455555;26149455555
3924;26139932000;25649455555;26149455555
3925;26139933000;25649455555;26149455555
3926;26140150000;25649511111;26149511111
3927;26140154000;25649822222;26149822222
3928;26140155000;25649822222;26149822222
3929;26140156000;25649822222;26149822222
3930;26181585000;25691122222;26191122222
3931;26181589000;25691122222;26191122222
3932;26181590000;25691122222;26191122222
3933;26181591000;25691122222;26191122222
3934;26181592000;25691122222;26191122222
3935;26181593000;25691122222;26191122222
3936;26181594000;25691122222;26191122222
3937;26181799000;25691188888;26191188888
3938;26181806000;25691455555;26191455555
3939;26181807000;25691455555;26191455555
3940;26181808000;25691455555;26191455555
3941;26223102000;25732800000;26232800000
3942;26223105000;25732800000;26232800000
3943;26223115000;25732800000;26232800000
3944;26223116000;25732800000;26232800000
3945;26223118000;25732800000;26232800000
3946;26223119000;25732800000;26232800000
3947;26223120000;25732800000;26232800000
3948;26223315000;25732855555;26232855555
3949;26223322000;25733211111;26233211111
3950;26223323000;25733211111;26233211111
3951;26223324000;25733211111;26233211111
3952;26264912000;25774444444;26274444444
3953;26264916000;25774444444;26274444444
3954;26264917000;25774444444;26274444444
3955;26264918000;25774444444;26274444444
3956;26264919000;25774444444;26274444444
3957;26264920000;25774444444;26274444444
3958;26264921000;25774444444;26274444444
3959;26265142000;25774488888;26274488888
3960;26265157000;25774777777;26274777777
3961;26265158000;25774777777;26274777777
3962;26265160000;25774777777;26274777777
3963;26306452000;25816133333;26316133333
3964;26306456000;25816133333;26316133333
3965;26306457000;25816133333;26316133333
3966;26306458000;25816133333;26316133333
3967;26306459000;25816133333;26316133333
3968;26306460000;25816133333;26316133333
3969;26306461000;25816133333;26316133333
3970;26306666000;25816211111;26316211111
3971;26306682000;25816488888;26316488888
3972;26306683000;25816488888;26316488888
3973;26306692000;25816488888;26316488888
3974;26348112000;25857777777;26357777777
3975;26348116000;25857777777;26357777777
3976;26348117000;25857777777;26357777777
3977;26348118000;25857777777;26357777777
3978;26348119000;25857777777;26357777777
3979;26348120000;25857777777;26357777777
3980;26348121000;25857777777;26357777777
3981;26348291000;25857844444;26357844444
3982;26348295000;25858288888;26358288888
3983;26348296000;25858288888;26358288888
3984;26348297000;25858288888;26358288888
3985;26389943000;25899466666;26399466666
3986;26389947000;25899466666;26399466666
3987;26389948000;25899466666;26399466666
3988;26389949000;25899466666;26399466666
3989;26389950000;25899466666;26399466666
3990;26389951000;25899466666;26399466666
3991;26389952000;25899466666;26399466666
3992;26390158000;25899522222;26399522222
3993;26390165000;25899788888;26399788888
3994;26390166000;25899788888;26399788888
3995;26390167000;25899788888;26399788888
3996;26431570000;25941111111;26441111111
3997;26431574000;25941111111;26441111111
3998;26431575000;25941111111;26441111111
3999;26431576000;25941111111;26441111111
4000;26431577000;25941111111;26441111111
4001;26431578000;25941111111;26441111111
4002;26431579000;25941111111;26441111111
4003;26431777000;25941200000;26441200000
4004;26431783000;25941555555;26441555555
4005;26431784000;25941555555;26441555555
4006;26431785000;25941555555;26441555555
4007;26473231000;25982777777;26482777777
4008;26473234000;25982777777;26482777777
4009;26473235000;25982777777;26482777777
4010;26473236000;25982777777;26482777777
4011;26473237000;25982777777;26482777777
4012;26473238000;25982777777;26482777777
4013;26473239000;25982777777;26482777777
4014;26473438000;25982833333;26482833333
4015;26473453000;25983255555;26483255555
4016;26473454000;25983255555;26483255555
4017;26473455000;25983255555;26483255555
4018;26514912000;26024444444;26524444444
4019;26514915000;26024444444;26524444444
4020;26514916000;26024444444;26524444444
4021;26514917000;26024444444;26524444444
4022;26514918000;26024444444;26524444444
4023;26514919000;26024444444;26524444444
4024;26514920000;26024444444;26524444444
4025;26515125000;26024500000;26524500000
4026;26515140000;26024866666;26524866666
4027;26515142000;26024866666;26524866666
4028;26515143000;26024866666;26524866666
4029;26556478000;26066111111;26566111111
4030;26556482000;26066111111;26566111111
4031;26556483000;26066111111;26566111111
4032;26556484000;26066111111;26566111111
4033;26556485000;26066111111;26566111111
4034;26556486000;26066111111;26566111111
4035;26556487000;26066111111;26566111111
4036;26556686000;26066200000;26566200000
4037;26556701000;26066577777;26566577777
4038;26556702000;26066577777;26566577777
4039;26556703000;26066577777;26566577777
4040;26598110000;26107777777;26607777777
4041;26598114000;26107777777;26607777777
4042;26598115000;26107777777;26607777777
4043;26598116000;26107777777;26607777777
4044;26598117000;26107777777;26607777777
4045;26598118000;26107777777;26607777777
4046;26598119000;26107777777;26607777777
4047;26598317000;26107833333;26607833333
4048;26598323000;26108255555;26608255555
4049;26598325000;26108255555;26608255555
4050;26598326000;26108255555;26608255555
4051;26639928000;26149444444;26649444444
4052;26639931000;26149444444;26649444444
4053;26639932000;26149444444;26649444444
4054;26639933000;26149444444;26649444444
4055;26639934000;26149444444;26649444444
4056;26639935000;26149444444;26649444444
4057;26639936000;26149444444;26649444444
4058;26640153000;26149488888;26649488888
4059;26640157000;26149777777;26649777777
4060;26640158000;26149777777;26649777777
4061;26640159000;26149777777;26649777777
4062;26681600000;26191133333;26691133333
4063;26681603000;26191133333;26691133333
4064;26681604000;26191133333;26691133333
4065;26681606000;26191133333;26691133333
4066;26681607000;26191133333;26691133333
4067;26681608000;26191133333;26691133333
4068;26681609000;26191133333;26691133333
4069;26681808000;26191188888;26691188888
4070;26681823000;26191455555;26691455555
4071;26681825000;26191455555;26691455555
4072;26681826000;26191455555;26691455555
4073;26723260000;26232777777;26732777777
4074;26723264000;26232777777;26732777777
4075;26723265000;26232777777;26732777777
4076;26723266000;26232777777;26732777777
4077;26723267000;26232777777;26732777777
4078;26723268000;26232777777;26732777777
4079;26723269000;26232777777;26732777777
4080;26723468000;26232844444;26732844444
4081;26723483000;26233255555;26733255555
4082;26723484000;26233255555;26733255555
4083;26723485000;26233255555;26733255555
4084;26764791000;26274444444;26774444444
4085;26764794000;26274444444;26774444444
4086;26764795000;26274444444;26774444444
4087;26764796000;26274444444;26774444444
4088;26764797000;26274444444;26774444444
4089;26764798000;26274444444;26774444444
4090;26764799000;26274444444;26774444444
4091;26764998000;26274500000;26774500000
4092;26765004000;26274866666;26774866666
4093;26765005000;26274866666;26774866666
4094;26765006000;26274866666;26774866666
4095;26806429000;26316111111;26816111111
4096;26806432000;26316111111;26816111111
4097;26806433000;26316111111;26816111111
4098;26806434000;26316111111;26816111111
4099;26806435000;26316111111;26816111111
4100;26806436000;26316111111;26816111111
4101;26806437000;26316111111;26816111111
4102;26806574000;26316200000;26816200000
4103;26806576000;26316555555;26816555555
4104;26806577000;26316555555;26816555555
4105;26806578000;26316555555;26816555555
4106;26848219000;26357777777;26857777777
4107;26848223000;26357777777;26857777777
4108;26848224000;26357777777;26857777777
4109;26848225000;26357777777;26857777777
4110;26848226000;26357777777;26857777777
4111;26848228000;26357777777;26857777777
4112;26848229000;26357777777;26857777777
4113;26848419000;26357833333;26857833333
4114;26848422000;26358288888;26858288888
4115;26848423000;26358288888;26858288888
4116;26848424000;26358288888;26858288888
4117;26889926000;26399466666;26899466666
4118;26889929000;26399466666;26899466666
4119;26889930000;26399466666;26899466666
4120;26889931000;26399466666;26899466666
4121;26889932000;26399466666;26899466666
4122;26889933000;26399466666;26899466666
4123;26889934000;26399466666;26899466666
4124;26890142000;26399511111;26899511111
4125;26890148000;26399800000;26899800000
4126;26890150000;26399800000;26899800000
4127;26890151000;26399800000;26899800000
4128;26931575000;26441133333;26941133333
4129;26931578000;26441133333;26941133333
4130;26931580000;26441133333;26941133333
4131;26931581000;26441133333;26941133333
4132;26931582000;26441133333;26941133333
4133;26931583000;26441133333;26941133333
4134;26931584000;26441133333;26941133333
4135;26931790000;26441211111;26941211111
4136;26931796000;26441500000;26941500000
4137;26931798000;26441500000;26941500000
4138;26931799000;26441500000;26941500000
4139;26973139000;26482777777;26982777777
4140;26973143000;26482777777;26982777777
4141;26973144000;26482777777;26982777777
4142;26973145000;26482777777;26982777777
4143;26973146000;26482777777;26982777777
4144;26973147000;26482777777;26982777777
4145;26973148000;26482777777;26982777777
4146;26973347000;26482844444;26982844444
4147;26973353000;26483255555;26983255555
4148;26973354000;26483255555;26983255555
4149;26973355000;26483255555;26983255555
4150;27014784000;26524444444;27024444444
4151;27014788000;26524444444;27024444444
4152;27014789000;26524444444;27024444444
4153;27014790000;26524444444;27024444444
4154;27014791000;26524444444;27024444444
4155;27014792000;26524444444;27024444444
4156;27014793000;26524444444;27024444444
4157;27015008000;26524500000;27024500000
4158;27015011000;26524855555;27024855555
4159;27015012000;26524855555;27024855555
4160;27015013000;26524855555;27024855555
4161;27056454000;26566111111;27066111111
4162;27056458000;26566111111;27066111111
4163;27056458000;26566111111;27066111111
4164;27056460000;26566111111;27066111111
4165;27056460000;26566111111;27066111111
4166;27056461000;26566111111;27066111111
4167;27056462000;26566111111;27066111111
4168;27056622000;26566200000;27066200000
4169;27056625000;26566555555;27066555555
4170;27056626000;26566555555;27066555555
4171;27056627000;26566555555;27066555555
4172;27098229000;26607777777;27107777777
4173;27098240000;26607777777;27107777777
4174;27098241000;26607777777;27107777777
4175;27098242000;26607777777;27107777777
4176;27098243000;26607777777;27107777777
4177;27098244000;26607777777;27107777777
4178;27098245000;26607777777;27107777777
4179;27098362000;26607833333;27107833333
4180;27098366000;26608277777;27108277777
4181;27098368000;26608277777;27108277777
4182;27098368000;26608277777;27108277777
4183;27139945000;26649466666;27149466666
4184;27139949000;26649466666;27149466666
4185;27139950000;26649466666;27149466666
4186;27139951000;26649466666;27149466666
4187;27139952000;26649466666;27149466666
4188;27139953000;26649466666;27149466666
4189;27139954000;26649466666;27149466666
4190;27140158000;26649511111;27149511111
4191;27140164000;26649811111;27149811111
4192;27140165000;26649811111;27149811111
4193;27140166000;26649811111;27149811111
4194;27181607000;26691111111;27191111111
4195;27181610000;26691111111;27191111111
4196;27181611000;26691111111;27191111111
4197;27181612000;26691111111;27191111111
4198;27181613000;26691111111;27191111111
4199;27181614000;26691111111;27191111111
4200;27181615000;26691111111;27191111111
4201;27181815000;26691200000;27191200000
4202;27181830000;26691555555;27191555555
4203;27181832000;26691555555;27191555555
4204;27181832000;26691555555;27191555555
4205;27223289000;26732822222;27232822222
4206;27223293000;26732822222;27232822222
4207;27223293000;26732822222;27232822222
4208;27223294000;26732822222;27232822222
4209;27223296000;26732822222;27232822222
4210;27223297000;26732822222;27232822222
4211;27223297000;26732822222;27232822222
4212;27223496000;26732866666;27232866666
4213;27223511000;26733200000;27233200000
4214;27223512000;26733200000;27233200000
4215;27223513000;26733200000;27233200000
4216;27264926000;26774444444;27274444444
4217;27264929000;26774444444;27274444444
4218;27264930000;26774444444;27274444444
4219;27264931000;26774444444;27274444444
4220;27264932000;26774444444;27274444444
4221;27264933000;26774444444;27274444444
4222;27264934000;26774444444;27274444444
4223;27265140000;26774500000;27274500000
4224;27265146000;26774800000;27274800000
4225;27265148000;26774800000;27274800000
4226;27265149000;26774800000;27274800000
4227;27306593000;26816133333;27316133333
4228;27306596000;26816133333;27316133333
4229;27306597000;26816133333;27316133333
4230;27306598000;26816133333;27316133333
4231;27306599000;26816133333;27316133333
4232;27306600000;26816133333;27316133333
4233;27306601000;26816133333;27316133333
4234;27306800000;26816211111;27316211111
4235;27306806000;26816500000;27316500000
4236;27306807000;26816500000;27316500000
4237;27306808000;26816500000;27316500000
4238;27348126000;26857800000;27357800000
4239;27348130000;26857800000;27357800000
4240;27348131000;26857800000;27357800000
4241;27348132000;26857800000;27357800000
4242;27348133000;26857800000;27357800000
4243;27348134000;26857800000;27357800000
4244;27348135000;26857800000;27357800000
4245;27348341000;26857844444;27357844444
4246;27348348000;26858200000;27358200000
4247;27348349000;26858200000;27358200000
4248;27348350000;26858200000;27358200000
4249;27389782000;26899466666;27399466666
4250;27389786000;26899466666;27399466666
4251;27389787000;26899466666;27399466666
4252;27389788000;26899466666;27399466666
4253;27389789000;26899466666;27399466666
4254;27389790000;26899466666;27399466666
4255;27389791000;26899466666;27399466666
4256;27390014000;26899511111;27399511111
4257;27390020000;26899800000;27399800000
4258;27390021000;26899800000;27399800000
4259;27390022000;26899800000;27399800000
4260;27431616000;26941155555;27441155555
4261;27431620000;26941155555;27441155555
4262;27431621000;26941155555;27441155555
4263;27431622000;26941155555;27441155555
4264;27431623000;26941155555;27441155555
4265;27431624000;26941155555;27441155555
4266;27431625000;26941155555;27441155555
4267;27431823000;26941211111;27441211111
4268;27431829000;26941522222;27441522222
4269;27431831000;26941522222;27441522222
4270;27431832000;26941522222;27441522222
4271;27473259000;26982800000;27482800000
4272;27473262000;26982800000;27482800000
4273;27473270000;26982800000;27482800000
4274;27473271000;26982800000;27482800000
4275;27473273000;26982800000;27482800000
4276;27473274000;26982800000;27482800000
4277;27473275000;26982800000;27482800000
4278;27473474000;26982844444;27482844444
4279;27473480000;26983188888;27483188888
4280;27473482000;26983188888;27483188888
4281;27473483000;26983188888;27483188888
4282;27514949000;27024466666;27524466666
4283;27514952000;27024466666;27524466666
4284;27514953000;27024466666;27524466666
4285;27514954000;27024466666;27524466666
4286;27514955000;27024466666;27524466666
4287;27514956000;27024466666;27524466666
4288;27514957000;27024466666;27524466666
4289;27515160000;27024511111;27524511111
4290;27515176000;27024822222;27524822222
4291;27515177000;27024822222;27524822222
4292;27515178000;27024822222;27524822222
4293;27556594000;27066133333;27566133333
4294;27556598000;27066133333;27566133333
4295;27556599000;27066133333;27566133333
4296;27556600000;27066133333;27566133333
4297;27556601000;27066133333;27566133333
4298;27556602000;27066133333;27566133333
4299;27556604000;27066133333;27566133333
4300;27556810000;27066211111;27566211111
4301;27556825000;27066511111;27566511111
4302;27556827000;27066511111;27566511111
4303;27556828000;27066511111;27566511111
4304;27598087000;27107800000;27607800000
4305;27598091000;27107800000;27607800000
4306;27598092000;27107800000;27607800000
4307;27598093000;27107800000;27607800000
4308;27598094000;27107800000;27607800000
4309;27598094000;27107800000;27607800000
4310;27598096000;27107800000;27607800000
4311;27598216000;27107844444;27607844444
4312;27598221000;27108188888;27608188888
4313;27598222000;27108188888;27608188888
4314;27598223000;27108188888;27608188888
4315;27639698000;27149455555;27649455555
4316;27639710000;27149455555;27649455555
4317;27639711000;27149455555;27649455555
4318;27639712000;27149455555;27649455555
4319;27639713000;27149455555;27649455555
4320;27639714000;27149455555;27649455555
4321;27639715000;27149455555;27649455555
4322;27639830000;27149500000;27649500000
4323;27639835000;27149788888;27649788888
4324;27639836000;27149788888;27649788888
4325;27639837000;27149788888;27649788888
4326;27681368000;27191133333;27691133333
4327;27681370000;27191133333;27691133333
4328;27681371000;27191133333;27691133333
4329;27681373000;27191133333;27691133333
4330;27681373000;27191133333;27691133333
4331;27681374000;27191133333;27691133333
4332;27681376000;27191133333;27691133333
4333;27681460000;27191211111;27691211111
4334;27681465000;27191477777;27691477777
4335;27681467000;27191477777;27691477777
4336;27681468000;27191477777;27691477777
4337;27723201000;27232788888;27732788888
4338;27723205000;27232788888;27732788888
4339;27723206000;27232788888;27732788888
4340;27723207000;27232788888;27732788888
4341;27723208000;27232788888;27732788888
4342;27723209000;27232788888;27732788888
4343;27723210000;27232788888;27732788888
4344;27723325000;27232833333;27732833333
4345;27723330000;27233166666;27733166666
4346;27723331000;27233166666;27733166666
4347;27723332000;27233166666;27733166666
4348;27764885000;27274466666;27774466666
4349;27764889000;27274466666;27774466666
4350;27764890000;27274466666;27774466666
4351;27764891000;27274466666;27774466666
4352;27764892000;27274466666;27774466666
4353;27764893000;27274466666;27774466666
4354;27764894000;27274466666;27774466666
4355;27765005000;27274511111;27774511111
4356;27765010000;27274811111;27774811111
4357;27765011000;27274811111;27774811111
4358;27765012000;27274811111;27774811111
4359;27806503000;27316111111;27816111111
4360;27806506000;27316111111;27816111111
4361;27806507000;27316111111;27816111111
4362;27806508000;27316111111;27816111111
4363;27806509000;27316111111;27816111111
4364;27806510000;27316111111;27816111111
4365;27806511000;27316111111;27816111111
4366;27806642000;27316211111;27816211111
4367;27806647000;27316577777;27816577777
4368;27806649000;27316577777;27816577777
4369;27806650000;27316577777;27816577777
4370;27848204000;27357811111;27857811111
4371;27848207000;27357811111;27857811111
4372;27848208000;27357811111;27857811111
4373;27848217000;27357811111;27857811111
4374;27848218000;27357811111;27857811111
4375;27848219000;27357811111;27857811111
4376;27848220000;27357811111;27857811111
4377;27848328000;27357855555;27857855555
4378;27848333000;27358222222;27858222222
4379;27848334000;27358222222;27858222222
4380;27848335000;27358222222;27858222222
4381;27889870000;27399466666;27899466666
4382;27889881000;27399466666;27899466666
4383;27889883000;27399466666;27899466666
4384;27889884000;27399466666;27899466666
4385;27889884000;27399466666;27899466666
4386;27889885000;27399466666;27899466666
4387;27889886000;27399466666;27899466666
4388;27889984000;27399511111;27899511111
4389;27889989000;27399844444;27899844444
4390;27889990000;27399844444;27899844444
4391;27889991000;27399844444;27899844444
4392;27931522000;27441133333;27941133333
4393;27931534000;27441133333;27941133333
4394;27931535000;27441133333;27941133333
4395;27931537000;27441133333;27941133333
4396;27931538000;27441133333;27941133333
4397;27931539000;27441133333;27941133333
4398;27931540000;27441133333;27941133333
4399;27931629000;27441211111;27941211111
4400;27931633000;27441511111;27941511111
4401;27931635000;27441511111;27941511111
4402;27931636000;27441511111;27941511111
4403;27973193000;27482788888;27982788888
4404;27973205000;27482788888;27982788888
4405;27973206000;27482788888;27982788888
4406;27973207000;27482788888;27982788888
4407;27973208000;27482788888;27982788888
4408;27973209000;27482788888;27982788888
4409;27973210000;27482788888;27982788888
4410;27973327000;27482844444;27982844444
4411;27973332000;27483288888;27983288888
4412;27973333000;27483288888;27983288888
4413;27973334000;27483288888;27983288888
4414;28014833000;27524444444;28024444444
4415;28014845000;27524444444;28024444444
4416;28014846000;27524444444;28024444444
4417;28014847000;27524444444;28024444444
4418;28014848000;27524444444;28024444444
4419;28014849000;27524444444;28024444444
4420;28014850000;27524444444;28024444444
4421;28014952000;27524500000;28024500000
4422;28014957000;27524866666;28024866666
4423;28014958000;27524866666;28024866666
4424;28014959000;27524866666;28024866666
4425;28056538000;27566133333;28066133333
4426;28056550000;27566133333;28066133333
4427;28056551000;27566133333;28066133333
4428;28056552000;27566133333;28066133333
4429;28056553000;27566133333;28066133333
4430;28056554000;27566133333;28066133333
4431;28056555000;27566133333;28066133333
4432;28056653000;27566211111;28066211111
4433;28056657000;27566500000;28066500000
4434;28056658000;27566500000;28066500000
4435;28056659000;27566500000;28066500000
4436;28098192000;27607788888;28107788888
4437;28098205000;27607788888;28107788888
4438;28098205000;27607788888;28107788888
4439;28098206000;27607788888;28107788888
4440;28098207000;27607788888;28107788888
4441;28098208000;27607788888;28107788888
4442;28098209000;27607788888;28107788888
4443;28098327000;27607844444;28107844444
4445;28100340000;27608211111;28108211111
4446;28100341000;27608211111;28108211111
4447;28139748000;27649466666;28149466666
4448;28139759000;27649466666;28149466666
4449;28139760000;27649466666;28149466666
4450;28139762000;27649466666;28149466666
4451;28139762000;27649466666;28149466666
4452;28139764000;27649466666;28149466666
4453;28139765000;27649466666;28149466666
4454;28139882000;27649511111;28149511111
4455;28139887000;27649811111;28149811111
4456;28139888000;27649811111;28149811111
4457;28139889000;27649811111;28149811111
4458;28181537000;27691133333;28191133333
4459;28181549000;27691133333;28191133333
4460;28181550000;27691133333;28191133333
4461;28181551000;27691133333;28191133333
4462;28181552000;27691133333;28191133333
4463;28181553000;27691133333;28191133333
4464;28181554000;27691133333;28191133333
4465;28181641000;27691188888;28191188888
4466;28181646000;27691477777;28191477777
4467;28181647000;27691477777;28191477777
4468;28181648000;27691477777;28191477777
4469;28223035000;27732788888;28232788888
4470;28223053000;27732788888;28232788888
4471;28223054000;27732788888;28232788888
4472;28223055000;27732788888;28232788888
4473;28223064000;27732788888;28232788888
4474;28223065000;27732788888;28232788888
4475;28223066000;27732788888;28232788888
4476;28223178000;27732844444;28232844444
4477;28223183000;27733200000;28233200000
4478;28223184000;27733200000;28233200000
4479;28223185000;27733200000;28233200000
4480;28264861000;27774466666;28274466666
4481;28264864000;27774466666;28274466666
4482;28264865000;27774466666;28274466666
4483;28264866000;27774466666;28274466666
4484;28264866000;27774466666;28274466666
4485;28264867000;27774466666;28274466666
4486;28264868000;27774466666;28274466666
4487;28264985000;27774511111;28274511111
4488;28264990000;27774788888;28274788888
4489;28264991000;27774788888;28274788888
4490;28264992000;27774788888;28274788888
4491;28306520000;27816133333;28316133333
4492;28306532000;27816133333;28316133333
4493;28306533000;27816133333;28316133333
4494;28306534000;27816133333;28316133333
4495;28306535000;27816133333;28316133333
4496;28306536000;27816133333;28316133333
4497;28306537000;27816133333;28316133333
4498;28306626000;27816244444;28316244444
4499;28306630000;27816511111;28316511111
4500;28306631000;27816511111;28316511111
4501;28306632000;27816511111;28316511111
4502;28348200000;27857800000;28357800000
4503;28348203000;27857800000;28357800000
4504;28348213000;27857800000;28357800000
4505;28348214000;27857800000;28357800000
4506;28348215000;27857800000;28357800000
4507;28348216000;27857800000;28357800000
4508;28348217000;27857800000;28357800000
4509;28348302000;27857844444;28357844444
4510;28348306000;27858166666;28358166666
4511;28348307000;27858166666;28358166666
4512;28348308000;27858166666;28358166666
4513;28389684000;27899444444;28399444444
4514;28389687000;27899444444;28399444444
4515;28389688000;27899444444;28399444444
4516;28389698000;27899444444;28399444444
4517;28389699000;27899444444;28399444444
4518;28389700000;27899444444;28399444444
4519;28389701000;27899444444;28399444444
4520;28389816000;27899500000;28399500000
4521;28389821000;27899855555;28399855555
4522;28389822000;27899855555;28399855555
4523;28389823000;27899855555;28399855555
4524;28431353000;27941111111;28441111111
4525;28431356000;27941111111;28441111111
4526;28431366000;27941111111;28441111111
4527;28431368000;27941111111;28441111111
4528;28431369000;27941111111;28441111111
4529;28431370000;27941111111;28441111111
4530;28431371000;27941111111;28441111111
4531;28431486000;27941200000;28441200000
4532;28431490000;27941533333;28441533333
4533;28431492000;27941533333;28441533333
4534;28431493000;27941533333;28441533333
4535;28473035000;27982777777;28482777777
4536;28473037000;27982777777;28482777777
4537;28473053000;27982777777;28482777777
4538;28473054000;27982777777;28482777777
4539;28473055000;27982777777;28482777777
4540;28473056000;27982777777;28482777777
4541;28473057000;27982777777;28482777777
4542;28473144000;27982833333;28482833333
4543;28473149000;27983233333;28483233333
4544;28473150000;27983233333;28483233333
4545;28473150000;27983233333;28483233333
4546;28514765000;28024466666;28524466666
4547;28514768000;28024466666;28524466666
4548;28514769000;28024466666;28524466666
4549;28514770000;28024466666;28524466666
4550;28514771000;28024466666;28524466666
4551;28514772000;28024466666;28524466666
4552;28514773000;28024466666;28524466666
4553;28514865000;28024511111;28524511111
4554;28514870000;28024800000;28524800000
4555;28514871000;28024800000;28524800000
4556;28514872000;28024800000;28524800000
4557;28556598000;28066177777;28566177777
4558;28556601000;28066177777;28566177777
4559;28556602000;28066177777;28566177777
4560;28556603000;28066177777;28566177777
4561;28556604000;28066177777;28566177777
4562;28556605000;28066177777;28566177777
4563;28556606000;28066177777;28566177777
4564;28556719000;28066233333;28566233333
4565;28556724000;28066511111;28566511111
4566;28556725000;28066511111;28566511111
4567;28556726000;28066511111;28566511111
4568;28598208000;28107788888;28607788888
4569;28598212000;28107788888;28607788888
4570;28598213000;28107788888;28607788888
4571;28598214000;28107788888;28607788888
4572;28598215000;28107788888;28607788888
4573;28598224000;28107788888;28607788888
4574;28598225000;28107788888;28607788888
4575;28598329000;28107833333;28607833333
4576;28598334000;28108122222;28608122222
4577;28598336000;28108122222;28608122222
4578;28598337000;28108122222;28608122222
4579;28639845000;28149466666;28649466666
4580;28639847000;28149466666;28649466666
4581;28639848000;28149466666;28649466666
4582;28639849000;28149466666;28649466666
4583;28639850000;28149466666;28649466666
4584;28639851000;28149466666;28649466666
4585;28639852000;28149466666;28649466666
4586;28639960000;28149511111;28649511111
4587;28639965000;28149800000;28649800000
4588;28639966000;28149800000;28649800000
4589;28639967000;28149800000;28649800000
4590;28681424000;28191133333;28691133333
4591;28681427000;28191133333;28691133333
4592;28681428000;28191133333;28691133333
4593;28681429000;28191133333;28691133333
4594;28681431000;28191133333;28691133333
4595;28681432000;28191133333;28691133333
4596;28681433000;28191133333;28691133333
4597;28681554000;28191211111;28691211111
4598;28681559000;28191455555;28691455555
4599;28681561000;28191455555;28691455555
4600;28681562000;28191455555;28691455555
4601;28723059000;28232777777;28732777777
4602;28723063000;28232777777;28732777777
4603;28723064000;28232777777;28732777777
4604;28723065000;28232777777;28732777777
4605;28723066000;28232777777;28732777777
4606;28723067000;28232777777;28732777777
4607;28723068000;28232777777;28732777777
4608;28723191000;28232844444;28732844444
4609;28723196000;28233244444;28733244444
4610;28723197000;28233244444;28733244444
4611;28723198000;28233244444;28733244444
4612;28764720000;28274444444;28774444444
4613;28764724000;28274444444;28774444444
4614;28764725000;28274444444;28774444444
4615;28764726000;28274444444;28774444444
4616;28764727000;28274444444;28774444444
4617;28764727000;28274444444;28774444444
4618;28764728000;28274444444;28774444444
4619;28764820000;28274500000;28774500000
4620;28764825000;28274888888;28774888888
4621;28764826000;28274888888;28774888888
4622;28764827000;28274888888;28774888888
4623;28806517000;28316111111;28816111111
4624;28806529000;28316111111;28816111111
4625;28806530000;28316111111;28816111111
4626;28806531000;28316111111;28816111111
4627;28806532000;28316111111;28816111111
4628;28806533000;28316111111;28816111111
4629;28806534000;28316111111;28816111111
4630;28806652000;28316200000;28816200000
4631;28806657000;28316533333;28816533333
4632;28806658000;28316533333;28816533333
4633;28806659000;28316533333;28816533333
4634;28848174000;28357777777;28857777777
4635;28848177000;28357777777;28857777777
4636;28848178000;28357777777;28857777777
4637;28848179000;28357777777;28857777777
4638;28848180000;28357777777;28857777777
4639;28848181000;28357777777;28857777777
4640;28848182000;28357777777;28857777777
4641;28848300000;28357833333;28857833333
4642;28848305000;28358255555;28858255555
4643;28848307000;28358255555;28858255555
4644;28848308000;28358255555;28858255555
4645;28889848000;28399444444;28899444444
4646;28889860000;28399444444;28899444444
4647;28889861000;28399444444;28899444444
4648;28889862000;28399444444;28899444444
4649;28889863000;28399444444;28899444444
4650;28889864000;28399444444;28899444444
4651;28889865000;28399444444;28899444444
4652;28889963000;28399511111;28899511111
4653;28889967000;28399900000;28899900000
4654;28889969000;28399900000;28899900000
4655;28889970000;28399900000;28899900000
4656;28931525000;28441122222;28941122222
4657;28931536000;28441122222;28941122222
4658;28931537000;28441122222;28941122222
4659;28931538000;28441122222;28941122222
4660;28931539000;28441122222;28941122222
4661;28931540000;28441122222;28941122222
4662;28931541000;28441122222;28941122222
4663;28931647000;28441188888;28941188888
4664;28931652000;28441477777;28941477777
4665;28931653000;28441477777;28941477777
4666;28931654000;28441477777;28941477777
4667;28973192000;28482800000;28982800000
4668;28973195000;28482800000;28982800000
4669;28973196000;28482800000;28982800000
4670;28973197000;28482800000;28982800000
4671;28973198000;28482800000;28982800000
4672;28973199000;28482800000;28982800000
4673;28973207000;28482800000;28982800000
4674;28973315000;28482844444;28982844444
4675;28973319000;28483122222;28983122222
4676;28973321000;28483122222;28983122222
4677;28973322000;28483122222;28983122222
4678;29014855000;28524466666;29024466666
4679;29014857000;28524466666;29024466666
4680;29014858000;28524466666;29024466666
4681;29014859000;28524466666;29024466666
4682;29014860000;28524466666;29024466666
4683;29014861000;28524466666;29024466666
4684;29014862000;28524466666;29024466666
4685;29014957000;28524511111;29024511111
4686;29014961000;28524777777;29024777777
4687;29014963000;28524777777;29024777777
4688;29014963000;28524777777;29024777777
4689;29056563000;28566144444;29066144444
4690;29056567000;28566144444;29066144444
4691;29056568000;28566144444;29066144444
4692;29056569000;28566144444;29066144444
4693;29056570000;28566144444;29066144444
4694;29056571000;28566144444;29066144444
4695;29056572000;28566144444;29066144444
4696;29056694000;28566222222;29066222222
4697;29056699000;28566500000;29066500000
4698;29056700000;28566500000;29066500000
4699;29056701000;28566500000;29066500000
4700;29098219000;28607800000;29107800000
4701;29098222000;28607800000;29107800000
4702;29098223000;28607800000;29107800000
4703;29098225000;28607800000;29107800000
4704;29098226000;28607800000;29107800000
4705;29098227000;28607800000;29107800000
4706;29098227000;28607800000;29107800000
4707;29098349000;28607844444;29107844444
4708;29098354000;28608166666;29108166666
4709;29098356000;28608166666;29108166666
4710;29098357000;28608166666;29108166666
4711;29139885000;28649466666;29149466666
4712;29139888000;28649466666;29149466666
4713;29139889000;28649466666;29149466666
4714;29139890000;28649466666;29149466666
4715;29139891000;28649466666;29149466666
4716;29139892000;28649466666;29149466666
4717;29139893000;28649466666;29149466666
4718;29139985000;28649511111;29149511111
4719;29139990000;28649788888;29149788888
4720;29139991000;28649788888;29149788888
4721;29139992000;28649788888;29149788888
4722;29181514000;28691122222;29191122222
4723;29181516000;28691122222;29191122222
4724;29181517000;28691122222;29191122222
4725;29181518000;28691122222;29191122222
4801;30320139000;28982777777;29482777777
4932;30679173000;29482777777;29982777777
5032;30745467000;29857788888;30357788888
5045;30748225000;29899433333;30399433333
5046;30748238000;29899433333;30399433333
5047;30748239000;29899433333;30399433333
5048;30748360000;29899455555;30399455555
5049;30748365000;29899733333;30399733333
5050;30748367000;29899733333;30399733333
5051;30748368000;29899733333;30399733333
5052;30776814000;29941122222;30441122222
5064;30798063000;29982777777;30482777777
5075;30816098000;30024422222;30524422222
5076;30816102000;30024422222;30524422222
5077;30816103000;30024422222;30524422222
5078;30816104000;30024422222;30524422222
5079;30816106000;30024422222;30524422222
5080;30816107000;30024422222;30524422222
5081;30816208000;30024444444;30524444444
5082;30816214000;30024822222;30524822222
5083;30816215000;30024822222;30524822222
5084;30816216000;30024822222;30524822222
5085;30816238000;30066111111;30566111111
5086;30816240000;30066111111;30566111111
5087;30816242000;30066111111;30566111111
5088;30816244000;30066111111;30566111111
5089;30816246000;30066111111;30566111111
5090;30816248000;30066111111;30566111111
5091;30816250000;30066111111;30566111111
5092;30831212000;30066122222;30566122222
5093;30831218000;30066444444;30566444444
5094;30831219000;30066444444;30566444444
5095;30831220000;30066444444;30566444444
5096;30847939000;30107777777;30607777777
5114;30848051000;30149466666;30649466666
5115;30848066000;30149844444;30649844444
5116;30848068000;30149844444;30649844444
5117;30848069000;30149844444;30649844444
5118;30869912000;30191088888;30691088888
5119;30869924000;30191088888;30691088888
5120;30869926000;30191088888;30691088888
5121;30869927000;30191088888;30691088888
5122;30869928000;30191088888;30691088888
5123;30869929000;30191088888;30691088888
5124;30869930000;30191088888;30691088888
5125;30870017000;30191111111;30691111111
5126;30870022000;30191466666;30691466666
5127;30870032000;30191466666;30691466666
5128;30870033000;30191466666;30691466666
5129;30906309000;30232766666;30732766666
5139;30906374000;30233188888;30733188888
5140;30937310000;30274422222;30774422222
5152;30957237000;30316122222;30816122222
5154;30957240000;30316122222;30816122222
5155;30957242000;30316122222;30816122222
5156;30957243000;30316122222;30816122222
5157;30957244000;30316122222;30816122222
5158;30957364000;30316133333;30816133333
5159;30957370000;30316511111;30816511111
5160;30957371000;30316511111;30816511111
5161;30957372000;30316511111;30816511111
5162;30967762000;30357755555;30857755555
5174;30988631000;30399422222;30899422222
5175;30988634000;30399422222;30899422222
5176;30988636000;30399422222;30899422222
5177;30988637000;30399422222;30899422222
5178;30988638000;30399422222;30899422222
5179;30988639000;30399422222;30899422222
5180;30988742000;30399444444;30899444444
5181;30988747000;30399844444;30899844444
5182;30988749000;30399844444;30899844444
5183;30988750000;30399844444;30899844444
5184;31024910000;30441100000;30941100000
5195;31054165000;30482777777;30982777777
5208;31073408000;30524444444;31024444444
5209;31073412000;30524444444;31024444444
5210;31073414000;30524444444;31024444444
5211;31073415000;30524444444;31024444444
5212;31073417000;30524444444;31024444444
5213;31073522000;30524466666;31024466666
5214;31073528000;30524744444;31024744444
5215;31073529000;30524744444;31024744444
5216;31073531000;30524744444;31024744444
5217;31079529000;30566122222;31066122222
5218;31079533000;30566122222;31066122222
5219;31079534000;30566122222;31066122222
5220;31079536000;30566122222;31066122222
5221;31079537000;30566122222;31066122222
5222;31079538000;30566122222;31066122222
5223;31079539000;30566122222;31066122222
5224;31079642000;30566133333;31066133333
5225;31079648000;30566455555;31066455555
5226;31079649000;30566455555;31066455555
5227;31079651000;30566455555;31066455555
5228;31105559000;30607777777;31107777777
5229;31105563000;30607777777;31107777777
5230;31105564000;30607777777;31107777777
5231;31105566000;30607777777;31107777777
5232;31105567000;30607777777;31107777777
5233;31105568000;30607777777;31107777777
5234;31105569000;30607777777;31107777777
5235;31105684000;30607788888;31107788888
5236;31105689000;30608111111;31108111111
5237;31105690000;30608111111;31108111111
5238;31105691000;30608111111;31108111111
5239;31139870000;30649466666;31149466666
5240;31139882000;30649466666;31149466666
5241;31139883000;30649466666;31149466666
5242;31139884000;30649466666;31149466666
5243;31139885000;30649466666;31149466666
5244;31139887000;30649466666;31149466666
5245;31139888000;30649466666;31149466666
5246;31144401000;30649488888;31149488888
5247;31144408000;30649777777;31149777777
5248;31144409000;30649777777;31149777777
5249;31144410000;30649777777;31149777777
5250;31182627000;30691133333;31191133333
5251;31182631000;30691133333;31191133333
5252;31182632000;30691133333;31191133333
5253;31182633000;30691133333;31191133333
5254;31182634000;30691133333;31191133333
5255;31182635000;30691133333;31191133333
5256;31182636000;30691133333;31191133333
5257;31182731000;30691200000;31191200000
5258;31182736000;30691466666;31191466666
5259;31182737000;30691466666;31191466666
5260;31182739000;30691466666;31191466666
5261;31223263000;30732800000;31232800000
5262;31223267000;30732800000;31232800000
5263;31223268000;30732800000;31232800000
5264;31223269000;30732800000;31232800000
5265;31223270000;30732800000;31232800000
5266;31223271000;30732800000;31232800000
5267;31223272000;30732800000;31232800000
5268;31223393000;30732844444;31232844444
5269;31223398000;30733177777;31233177777
5270;31223399000;30733177777;31233177777
5271;31223400000;30733177777;31233177777
5272;31264932000;30774466666;31274466666
5273;31264936000;30774466666;31274466666
5274;31264937000;30774466666;31274466666
5275;31264938000;30774466666;31274466666
5276;31264939000;30774466666;31274466666
5277;31264940000;30774466666;31274466666
5278;31264941000;30774466666;31274466666
5279;31265073000;30774511111;31274511111
5280;31265078000;30774822222;31274822222
5281;31265096000;30774822222;31274822222
5282;31265097000;30774822222;31274822222
5283;31306579000;30816133333;31316133333
5284;31306582000;30816133333;31316133333
5285;31306584000;30816133333;31316133333
5286;31306594000;30816133333;31316133333
5287;31306595000;30816133333;31316133333
5289;31307789000;30816133333;31316133333
5290;31307932000;30816211111;31316211111
5291;31307938000;30816500000;31316500000
5292;31307939000;30816500000;31316500000
5293;31307940000;30816500000;31316500000
5294;31348275000;30857800000;31357800000
5295;31348278000;30857800000;31357800000
5296;31348279000;30857800000;31357800000
5297;31348280000;30857800000;31357800000
5298;31348281000;30857800000;31357800000
5299;31348283000;30857800000;31357800000
5300;31348283000;30857800000;31357800000
5301;31348401000;30857844444;31357844444
5302;31348406000;30858166666;31358166666
5303;31348408000;30858166666;31358166666
5304;31348409000;30858166666;31358166666
5305;31389933000;30899466666;31399466666
5306;31389936000;30899466666;31399466666
5307;31389937000;30899466666;31399466666
5308;31389938000;30899466666;31399466666
5309;31389940000;30899466666;31399466666
5310;31389941000;30899466666;31399466666
5311;31389942000;30899466666;31399466666
5312;31390034000;30899511111;31399511111
5313;31390039000;30899788888;31399788888
5314;31390040000;30899788888;31399788888
5315;31390041000;30899788888;31399788888
5316;31431516000;30941166666;31441166666
5317;31431519000;30941166666;31441166666
5318;31431520000;30941166666;31441166666
5319;31431521000;30941166666;31441166666
5320;31431523000;30941166666;31441166666
5321;31431524000;30941166666;31441166666
5322;31431525000;30941166666;31441166666
5323;31431627000;30941222222;31441222222
5324;31431632000;30941511111;31441511111
5325;31431633000;30941511111;31441511111
5326;31431634000;30941511111;31441511111
5327;31473240000;30982800000;31482800000
5328;31473243000;30982800000;31482800000
5329;31473243000;30982800000;31482800000
5330;31473244000;30982800000;31482800000
5331;31473245000;30982800000;31482800000
5332;31473246000;30982800000;31482800000
5333;31473247000;30982800000;31482800000
5334;31473341000;30982844444;31482844444
5335;31473346000;30983166666;31483166666
5336;31473347000;30983166666;31483166666
5337;31473348000;30983166666;31483166666
5338;31514816000;31024466666;31524466666
5339;31514819000;31024466666;31524466666
5340;31514820000;31024466666;31524466666
5341;31514821000;31024466666;31524466666
5342;31514822000;31024466666;31524466666
5343;31514823000;31024466666;31524466666
5344;31514824000;31024466666;31524466666
5345;31514946000;31024511111;31524511111
5346;31514951000;31024800000;31524800000
5347;31514953000;31024800000;31524800000
5348;31514954000;31024800000;31524800000
5349;31556440000;31066133333;31566133333
5350;31556444000;31066133333;31566133333
5351;31556445000;31066133333;31566133333
5352;31556446000;31066133333;31566133333
5353;31556447000;31066133333;31566133333
5354;31556448000;31066133333;31566133333
5355;31556449000;31066133333;31566133333
5356;31556573000;31066200000;31566200000
5357;31556579000;31066488888;31566488888
5358;31556580000;31066488888;31566488888
5359;31556581000;31066488888;31566488888
5360;31598265000;31107800000;31607800000
5361;31598269000;31107800000;31607800000
5362;31598270000;31107800000;31607800000
5363;31598271000;31107800000;31607800000
5364;31598272000;31107800000;31607800000
5365;31598273000;31107800000;31607800000
5366;31598274000;31107800000;31607800000
5367;31598394000;31107844444;31607844444
5368;31598399000;31108166666;31608166666
5369;31598401000;31108166666;31608166666
5370;31598402000;31108166666;31608166666
5371;31639930000;31149466666;31649466666
5372;31639934000;31149466666;31649466666
5373;31639935000;31149466666;31649466666
5374;31639936000;31149466666;31649466666
5375;31639937000;31149466666;31649466666
5376;31639938000;31149466666;31649466666
5377;31639939000;31149466666;31649466666
5378;31640061000;31149511111;31649511111
5379;31640067000;31149800000;31649800000
5380;31640069000;31149800000;31649800000
5381;31640071000;31149800000;31649800000
5382;31681594000;31191133333;31691133333
5383;31681598000;31191133333;31691133333
5384;31681599000;31191133333;31691133333
5385;31681600000;31191133333;31691133333
5386;31681601000;31191133333;31691133333
5387;31681602000;31191133333;31691133333
5388;31681603000;31191133333;31691133333
5389;31681714000;31191211111;31691211111
5390;31681719000;31191477777;31691477777
5391;31681720000;31191477777;31691477777
5392;31681722000;31191477777;31691477777
5393;31723144000;31232800000;31732800000
5394;31723147000;31232800000;31732800000
5395;31723149000;31232800000;31732800000
5396;31723150000;31232800000;31732800000
5397;31723151000;31232800000;31732800000
5398;31723152000;31232800000;31732800000
5399;31723153000;31232800000;31732800000
5400;31723255000;31232844444;31732844444
5401;31723260000;31233155555;31733155555
5402;31723261000;31233155555;31733155555
5403;31723262000;31233155555;31733155555
5404;31764931000;31274466666;31774466666
5405;31764935000;31274466666;31774466666
5406;31764936000;31274466666;31774466666
5407;31764937000;31274466666;31774466666
5408;31764938000;31274466666;31774466666
5409;31764939000;31274466666;31774466666
5410;31764940000;31274466666;31774466666
5411;31765099000;31274511111;31774511111
5412;31765104000;31274811111;31774811111
5413;31765105000;31274811111;31774811111
5414;31765106000;31274811111;31774811111
5415;31806592000;31316133333;31816133333
5416;31806596000;31316133333;31816133333
5417;31806597000;31316133333;31816133333
5418;31806598000;31316133333;31816133333
5419;31806599000;31316133333;31816133333
5420;31806600000;31316133333;31816133333
5421;31806601000;31316133333;31816133333
5422;31806702000;31316211111;31816211111
5423;31806708000;31316500000;31816500000
5424;31806709000;31316500000;31816500000
5425;31806710000;31316500000;31816500000
5426;31848227000;31357800000;31857800000
5427;31848229000;31357800000;31857800000
5428;31848230000;31357800000;31857800000
5429;31848231000;31357800000;31857800000
5430;31848232000;31357800000;31857800000
5431;31848233000;31357800000;31857800000
5432;31848234000;31357800000;31857800000
5433;31848319000;31357844444;31857844444
5434;31848324000;31358166666;31858166666
5435;31848325000;31358166666;31858166666
5436;31848326000;31358166666;31858166666
5437;31889873000;31399466666;31899466666
5438;31889875000;31399466666;31899466666
5439;31889876000;31399466666;31899466666
5440;31889877000;31399466666;31899466666
5441;31889878000;31399466666;31899466666
5442;31889879000;31399466666;31899466666
5443;31889880000;31399466666;31899466666
5444;31889990000;31399511111;31899511111
5445;31889995000;31399811111;31899811111
5446;31889996000;31399811111;31899811111
5447;31889997000;31399811111;31899811111
5448;31931526000;31441122222;31941122222
5449;31931528000;31441122222;31941122222
5450;31931529000;31441122222;31941122222
5451;31931530000;31441122222;31941122222
5452;31931531000;31441122222;31941122222
5453;31931532000;31441122222;31941122222
5454;31931533000;31441122222;31941122222
5455;31931643000;31441188888;31941188888
5456;31931647000;31441488888;31941488888
5457;31931649000;31441488888;31941488888
5458;31931650000;31441488888;31941488888
5459;31973203000;31482800000;31982800000
5460;31973205000;31482800000;31982800000
5461;31973206000;31482800000;31982800000
5462;31973207000;31482800000;31982800000
5463;31973208000;31482800000;31982800000
5464;31973209000;31482800000;31982800000
5465;31973210000;31482800000;31982800000
5466;31973320000;31482844444;31982844444
5467;31973324000;31483155555;31983155555
5468;31973326000;31483155555;31983155555
5469;31973327000;31483155555;31983155555
5470;32014867000;31524466666;32024466666
5471;32014869000;31524466666;32024466666
5472;32014870000;31524466666;32024466666
5473;32014871000;31524466666;32024466666
5474;32014872000;31524466666;32024466666
5475;32014873000;31524466666;32024466666
5476;32014874000;31524466666;32024466666
5477;32014984000;31524522222;32024522222
5478;32014988000;31524800000;32024800000
5479;32014989000;31524800000;32024800000
5480;32014990000;31524800000;32024800000
5481;32056554000;31566133333;32066133333
5482;32056564000;31566133333;32066133333
5483;32056566000;31566133333;32066133333
5484;32056567000;31566133333;32066133333
5485;32056568000;31566133333;32066133333
5486;32056569000;31566133333;32066133333
5487;32056570000;31566133333;32066133333
5488;32056686000;31566211111;32066211111
5489;32056691000;31566500000;32066500000
5490;32056692000;31566500000;32066500000
5491;32056693000;31566500000;32066500000
5493;32100032000;31607800000;32107800000
5495;32100035000;31607800000;32107800000
5496;32100036000;31607800000;32107800000
5497;32100037000;31607800000;32107800000
5498;32100038000;31607800000;32107800000
5499;32100109000;31607844444;32107844444
