seqnum;now;rtptime;deadline;packet_len;payload_len
0;9272199000;8982622222;9482622222;10240;10228
3;9272321000;9013522222;9513522222;10240;10228
4;9272356000;9013522222;9513522222;10240;10228
7;9272371000;9013522222;9513522222;10240;10228
1;9272377000;8982622222;9482622222;10240;10228
2;9272544000;8982622222;9482622222;10240;10228
5;9272742000;9013522222;9513522222;10240;10228
6;9272762000;9013522222;9513522222;10240;10228
8;9392514000;9013522222;9513522222;10240;10228
9;9392543000;9013522222;9513522222;10240;10228
10;9392573000;9013544444;9513544444;10240;10228
11;9392593000;9013900000;9513900000;10240;10228
12;9392602000;9013900000;9513900000;10240;10228
13;9392607000;9013900000;9513900000;10240;10228
14;9392611000;9055177777;9555177777;10240;10228
15;9392615000;9055177777;9555177777;10240;10228
16;9392838000;9055177777;9555177777;10240;10228
17;9393090000;9055177777;9555177777;10240;10228
18;9393116000;9055177777;9555177777;10240;10228
19;9393246000;9055177777;9555177777;10240;10228
20;9393442000;9055177777;9555177777;10240;10228
21;9393463000;9055188888;9555188888;10240;10228
22;9393637000;9055577777;9555577777;10240;10228
23;9393660000;9055577777;9555577777;10240;10228
24;9509248000;9055577777;9555577777;10240;10228
25;9509282000;9096844444;9596844444;10240;10228
26;9509290000;9096844444;9596844444;10240;10228
27;9509294000;9096844444;9596844444;10240;10228
28;9509298000;9096844444;9596844444;10240;10228
29;9509302000;9096844444;9596844444;10240;10228
36;9512806000;9138511111;9638511111;10240;10228
37;9512818000;9138511111;9638511111;10240;10228
38;9512823000;9138511111;9638511111;10240;10228
39;9512837000;9138511111;9638511111;10240;10228
30;9512991000;9096844444;9596844444;10240;10228
31;9513193000;9096844444;9596844444;10240;10228
32;9513215000;9096855555;9596855555;10240;10228
33;9513404000;9097200000;9597200000;10240;10228
34;9513425000;9097200000;9597200000;10240;10228
35;9513614000;9097200000;9597200000;10240;10228
40;9513806000;9138511111;9638511111;10240;10228
41;9513827000;9138511111;9638511111;10240;10228
42;9514010000;9138511111;9638511111;10240;10228
43;9514020000;9138522222;9638522222;10240;10228
44;9514222000;9138855555;9638855555;10240;10228
45;9514242000;9138855555;9638855555;10240;10228
46;9514428000;9138855555;9638855555;10240;10228
47;9514627000;9180177777;9680177777;10240;10228
48;9514647000;9180177777;9680177777;10240;10228
49;9514821000;9180177777;9680177777;10240;10228
50;9514831000;9180177777;9680177777;10240;10228
51;9514999000;9180177777;9680177777;10240;10228
52;9515240000;9180177777;9680177777;10240;10228
53;9515261000;9180177777;9680177777;10240;10228
54;9515267000;9180188888;9680188888;10240;10228
55;9515468000;9180500000;9680500000;10240;10228
56;9549989000;9180500000;9680500000;10240;10228
57;9629740000;9180500000;9680500000;10240;10228
58;9629943000;9221844444;9721844444;10240;10228
59;9629954000;9221844444;9721844444;10240;10228
60;9630154000;9221844444;9721844444;10240;10228
61;9630360000;9221844444;9721844444;10240;10228
62;9630380000;9221844444;9721844444;10240;10228
63;9630557000;9221844444;9721844444;10240;10228
64;9630578000;9221844444;9721844444;10240;10228
65;9630760000;9221855555;9721855555;10240;10228
66;9630784000;9222155555;9722155555;10240;10228
67;9630965000;9222155555;9722155555;10240;10228
68;9631178000;9222155555;9722155555;10240;10228
69;9632234000;9263511111;9763511111;10240;10228
70;9632256000;9263511111;9763511111;10240;10228
71;9632457000;9263511111;9763511111;10240;10228
72;9633315000;9263511111;9763511111;10240;10228
73;9633496000;9263511111;9763511111;10240;10228
74;9633517000;9263511111;9763511111;10240;10228
80;9633625000;9305177777;9805177777;10240;10228
81;9633649000;9305177777;9805177777;10240;10228
82;9633654000;9305177777;9805177777;10240;10228
75;9633669000;9263511111;9763511111;10240;10228
83;9633857000;9305177777;9805177777;10240;10228
84;9633879000;9305177777;9805177777;10240;10228
76;9633883000;9263522222;9763522222;10240;10228
77;9633888000;9263844444;9763844444;10240;10228
85;9634012000;9305177777;9805177777;10240;10228
86;9634024000;9305177777;9805177777;10240;10228
87;9634075000;9305188888;9805188888;10240;10228
88;9634080000;9305500000;9805500000;10240;10228
78;9634084000;9263844444;9763844444;10240;10228
79;9634098000;9263844444;9763844444;10240;10228
89;9634225000;9305500000;9805500000;10240;10228
90;9634237000;9305500000;9805500000;10240;10228
91;9634241000;9346844444;9846844444;10240;10228
92;9634259000;9346844444;9846844444;10240;10228
93;9634447000;9346844444;9846844444;10240;10228
94;9634458000;9346844444;9846844444;10240;10228
95;9634472000;9346844444;9846844444;10240;10228
96;9634479000;9346844444;9846844444;10240;10228
97;9634659000;9346844444;9846844444;10240;10228
98;9634679000;9346855555;9846855555;10240;10228
99;9635121000;9347177777;9847177777;10240;10228
100;9635302000;9347177777;9847177777;10240;10228
101;9635311000;9347177777;9847177777;10240;10228
102;9635523000;9388511111;9888511111;10240;10228
103;9635698000;9388511111;9888511111;10240;10228
104;9635719000;9388511111;9888511111;10240;10228
105;9635904000;9388511111;9888511111;10240;10228
106;9635915000;9388511111;9888511111;10240;10228
107;9636106000;9388511111;9888511111;10240;10228
108;9636313000;9388511111;9888511111;10240;10228
109;9636333000;9388533333;9888533333;10240;10228
110;9636517000;9388833333;9888833333;10240;10228
111;9636538000;9388833333;9888833333;10240;10228
112;9636717000;9388833333;9888833333;10240;10228
113;9636736000;9430166666;9930166666;10240;10228
114;9636929000;9430166666;9930166666;10240;10228
115;9663102000;9430166666;9930166666;10240;10228
116;9663304000;9430166666;9930166666;10240;10228
117;9670409000;9430166666;9930166666;10240;10228
118;9670429000;9430166666;9930166666;10240;10228
119;9677438000;9430166666;9930166666;10240;10228
120;9718036000;9430188888;9930188888;10240;10228
121;9718275000;9430600000;9930600000;10240;10228
122;9718459000;9430600000;9930600000;10240;10228
123;9718482000;9430600000;9930600000;10240;10228
124;9718654000;9471844444;9971844444;10240;10228
125;9718674000;9471844444;9971844444;10240;10228
126;9750220000;9471844444;9971844444;10240;10228
127;9750423000;9471844444;9971844444;10240;10228
128;9750446000;9471844444;9971844444;10240;10228
129;9750627000;9471844444;9971844444;10240;10228
131;9750831000;9471855555;9971855555;10240;10228
132;9750843000;9472133333;9972133333;10240;10228
133;9750853000;9472133333;9972133333;10240;10228
134;9750858000;9472133333;9972133333;10240;10228
135;9750863000;9513500000;10013500000;10240;10228
130;9750867000;9471844444;9971844444;10240;10228
136;9750973000;9513500000;10013500000;10240;10228
137;9751202000;9513500000;10013500000;10240;10228
138;9751213000;9513500000;10013500000;10240;10228
139;9751219000;9513500000;10013500000;10240;10228
140;9751233000;9513500000;10013500000;10240;10228
141;9751385000;9513500000;10013500000;10240;10228
142;9751404000;9513511111;10013511111;10240;10228
144;9752684000;9513822222;10013822222;10240;10228
145;9752880000;9513822222;10013822222;10240;10228
146;9753069000;9555177777;10055177777;10240;10228
147;9753669000;9555177777;10055177777;10240;10228
148;9753897000;9555177777;10055177777;10240;10228
149;9753907000;9555177777;10055177777;10240;10228
153;9753912000;9555188888;10055188888;10240;10228
157;9753918000;9596844444;10096844444;10240;10228
150;9754040000;9555177777;10055177777;10240;10228
160;9754140000;9596844444;10096844444;10240;10228
163;9754151000;9596844444;10096844444;10240;10228
151;9754294000;9555177777;10055177777;10240;10228
152;9754305000;9555177777;10055177777;10240;10228
167;9754510000;9597155555;10097155555;10240;10228
168;9754520000;9638500000;10138500000;10240;10228
154;9754526000;9555511111;10055511111;10240;10228
169;9754530000;9638500000;10138500000;10240;10228
155;9754546000;9555511111;10055511111;10240;10228
170;9754647000;9638500000;10138500000;10240;10228
171;9754669000;9638500000;10138500000;10240;10228
172;9754674000;9638500000;10138500000;10240;10228
173;9754679000;9638500000;10138500000;10240;10228
156;9754684000;9555511111;10055511111;10240;10228
174;9754857000;9638500000;10138500000;10240;10228
175;9754872000;9638511111;10138511111;10240;10228
176;9754889000;9638822222;10138822222;10240;10228
158;9754894000;9596844444;10096844444;10240;10228
159;9754900000;9596844444;10096844444;10240;10228
161;9755070000;9596844444;10096844444;10240;10228
162;9755102000;9596844444;10096844444;10240;10228
164;9755299000;9596855555;10096855555;10240;10228
166;9755319000;9597155555;10097155555;10240;10228
177;9755518000;9638822222;10138822222;10240;10228
178;9755733000;9638822222;10138822222;10240;10228
179;9755945000;9680177777;10180177777;10240;10228
180;9755954000;9680177777;10180177777;10240;10228
182;9755958000;9680177777;10180177777;10240;10228
181;9756138000;9680177777;10180177777;10240;10228
184;9756145000;9680177777;10180177777;10240;10228
186;9756271000;9680188888;10180188888;10240;10228
183;9756346000;9680177777;10180177777;10240;10228
185;9756541000;9680177777;10180177777;10240;10228
187;9781992000;9680477777;10180477777;10240;10228
189;9782004000;9680477777;10180477777;10240;10228
191;9782010000;9721866666;10221866666;10240;10228
188;9782232000;9680477777;10180477777;10240;10228
190;9782441000;9721866666;10221866666;10240;10228
192;9782462000;9721866666;10221866666;10240;10228
193;9782650000;9721866666;10221866666;10240;10228
194;9783754000;9721866666;10221866666;10240;10228
195;9783953000;9721866666;10221866666;10240;10228
196;9790892000;9721866666;10221866666;10240;10228
197;9797493000;9721900000;10221900000;10240;10228
198;9823836000;9722222222;10222222222;10240;10228
199;9838175000;9722222222;10222222222;10240;10228
200;9838441000;9722222222;10222222222;10240;10228
201;9838902000;9763500000;10263500000;10240;10228
202;9839118000;9763500000;10263500000;10240;10228
203;9839312000;9763500000;10263500000;10240;10228
204;9870892000;9763500000;10263500000;10240;10228
209;9871107000;9763877777;10263877777;10240;10228
212;9871133000;9805188888;10305188888;10240;10228
205;9871141000;9763500000;10263500000;10240;10228
206;9871147000;9763500000;10263500000;10240;10228
207;9871307000;9763500000;10263500000;10240;10228
208;9871328000;9763522222;10263522222;10240;10228
214;9871423000;9805188888;10305188888;10240;10228
215;9871451000;9805188888;10305188888;10240;10228
217;9871466000;9805188888;10305188888;10240;10228
210;9871553000;9763877777;10263877777;10240;10228
218;9871569000;9805188888;10305188888;10240;10228
211;9871713000;9763877777;10263877777;10240;10228
213;9871725000;9805188888;10305188888;10240;10228
216;9871906000;9805188888;10305188888;10240;10228
219;9871917000;9805200000;10305200000;10240;10228
143;9873503000;9513822222;10013822222;10240;10228
165;9876194000;9597155555;10097155555;10240;10228
220;9907064000;9805500000;10305500000;10240;10228
221;9907079000;9805500000;10305500000;10240;10228
222;9907094000;9805500000;10305500000;10240;10228
223;9907098000;9846866666;10346866666;10240;10228
224;9907102000;9846866666;10346866666;10240;10228
225;9907107000;9846866666;10346866666;10240;10228
226;9907111000;9846866666;10346866666;10240;10228
227;9907115000;9846866666;10346866666;10240;10228
228;9907119000;9846866666;10346866666;10240;10228
229;9907343000;9846866666;10346866666;10240;10228
230;9907354000;9846911111;10346911111;10240;10228
231;9948643000;9847233333;10347233333;10240;10228
233;9948656000;9847233333;10347233333;10240;10228
234;9948663000;9888511111;10388511111;10240;10228
235;9948668000;9888511111;10388511111;10240;10228
236;9948677000;9888511111;10388511111;10240;10228
237;9948690000;9888511111;10388511111;10240;10228
238;9948695000;9888511111;10388511111;10240;10228
239;9948699000;9888511111;10388511111;10240;10228
240;9948704000;9888511111;10388511111;10240;10228
241;9948711000;9888577777;10388577777;10240;10228
232;9948848000;9847233333;10347233333;10240;10228
243;9990365000;9888955555;10388955555;10240;10228
245;9990380000;9930188888;10430188888;10240;10228
247;9990385000;9930188888;10430188888;10240;10228
248;9990391000;9930188888;10430188888;10240;10228
249;9990395000;9930188888;10430188888;10240;10228
250;9990402000;9930188888;10430188888;10240;10228
251;9990411000;9930188888;10430188888;10240;10228
252;9990416000;9930244444;10430244444;10240;10228
242;9990550000;9888955555;10388955555;10240;10228
244;9990731000;9888955555;10388955555;10240;10228
246;9990929000;9930188888;10430188888;10240;10228
254;10032238000;9930655555;10430655555;10240;10228
253;10032268000;9930655555;10430655555;10240;10228
255;10032292000;9930655555;10430655555;10240;10228
257;10032298000;9971866666;10471866666;10240;10228
259;10032318000;9971866666;10471866666;10240;10228
261;10032325000;9971866666;10471866666;10240;10228
263;10032338000;9971911111;10471911111;10240;10228
256;10032431000;9971866666;10471866666;10240;10228
258;10032456000;9971866666;10471866666;10240;10228
260;10032627000;9971866666;10471866666;10240;10228
262;10032814000;9971866666;10471866666;10240;10228
265;10073852000;9972222222;10472222222;10240;10228
267;10073871000;10013533333;10513533333;10240;10228
264;10073877000;9972222222;10472222222;10240;10228
269;10073898000;10013533333;10513533333;10240;10228
271;10073904000;10013533333;10513533333;10240;10228
273;10073909000;10013533333;10513533333;10240;10228
266;10074068000;9972222222;10472222222;10240;10228
268;10074081000;10013533333;10513533333;10240;10228
270;10074253000;10013533333;10513533333;10240;10228
272;10074452000;10013533333;10513533333;10240;10228
274;10074478000;10013577777;10513577777;10240;10228
275;10115526000;10013844444;10513844444;10240;10228
277;10115537000;10013844444;10513844444;10240;10228
279;10115549000;10055166666;10555166666;10240;10228
281;10115555000;10055166666;10555166666;10240;10228
283;10115563000;10055166666;10555166666;10240;10228
276;10115569000;10013844444;10513844444;10240;10228
284;10115588000;10055166666;10555166666;10240;10228
285;10115602000;10055222222;10555222222;10240;10228
278;10115739000;10055166666;10555166666;10240;10228
280;10115906000;10055166666;10555166666;10240;10228
282;10115932000;10055166666;10555166666;10240;10228
287;10157155000;10055522222;10555522222;10240;10228
289;10157168000;10096833333;10596833333;10240;10228
286;10157174000;10055522222;10555522222;10240;10228
291;10157194000;10096833333;10596833333;10240;10228
293;10157199000;10096833333;10596833333;10240;10228
295;10157209000;10096833333;10596833333;10240;10228
288;10157358000;10055522222;10555522222;10240;10228
290;10157381000;10096833333;10596833333;10240;10228
292;10157612000;10096833333;10596833333;10240;10228
294;10157752000;10096833333;10596833333;10240;10228
296;10157787000;10096877777;10596877777;10240;10228
297;10198851000;10097166666;10597166666;10240;10228
299;10198862000;10097166666;10597166666;10240;10228
301;10198870000;10138500000;10638500000;10240;10228
303;10198875000;10138500000;10638500000;10240;10228
305;10198880000;10138500000;10638500000;10240;10228
307;10198884000;10138544444;10638544444;10240;10228
298;10198889000;10097166666;10597166666;10240;10228
300;10199071000;10138500000;10638500000;10240;10228
302;10199089000;10138500000;10638500000;10240;10228
304;10199262000;10138500000;10638500000;10240;10228
306;10199466000;10138500000;10638500000;10240;10228
309;10240571000;10138811111;10638811111;10240;10228
308;10240585000;10138811111;10638811111;10240;10228
311;10240607000;10180233333;10680233333;10240;10228
313;10240613000;10180233333;10680233333;10240;10228
315;10240618000;10180233333;10680233333;10240;10228
317;10240633000;10180233333;10680233333;10240;10228
310;10240768000;10138811111;10638811111;10240;10228
312;10240792000;10180233333;10680233333;10240;10228
314;10240925000;10180233333;10680233333;10240;10228
316;10241128000;10180233333;10680233333;10240;10228
318;10241155000;10180277777;10680277777;10240;10228
319;10282197000;10180577777;10680577777;10240;10228
321;10282207000;10180577777;10680577777;10240;10228
323;10282220000;10221844444;10721844444;10240;10228
325;10282225000;10221844444;10721844444;10240;10228
327;10282231000;10221844444;10721844444;10240;10228
329;10282244000;10221911111;10721911111;10240;10228
320;10282249000;10180577777;10680577777;10240;10228
322;10282352000;10221844444;10721844444;10240;10228
324;10282575000;10221844444;10721844444;10240;10228
326;10282609000;10221844444;10721844444;10240;10228
328;10282744000;10221844444;10721844444;10240;10228
331;10323836000;10222322222;10722322222;10240;10228
330;10323851000;10222322222;10722322222;10240;10228
333;10323872000;10263500000;10763500000;10240;10228
335;10323879000;10263500000;10763500000;10240;10228
337;10323885000;10263500000;10763500000;10240;10228
339;10323889000;10263500000;10763500000;10240;10228
332;10324029000;10222322222;10722322222;10240;10228
334;10324076000;10263500000;10763500000;10240;10228
336;10324274000;10263500000;10763500000;10240;10228
338;10324462000;10263500000;10763500000;10240;10228
340;10324490000;10263544444;10763544444;10240;10228
341;10365503000;10263822222;10763822222;10240;10228
343;10365514000;10263822222;10763822222;10240;10228
345;10365523000;10305177777;10805177777;10240;10228
347;10365534000;10305177777;10805177777;10240;10228
349;10365539000;10305177777;10805177777;10240;10228
351;10365543000;10305233333;10805233333;10240;10228
342;10365548000;10263822222;10763822222;10240;10228
344;10365686000;10305177777;10805177777;10240;10228
346;10365890000;10305177777;10805177777;10240;10228
348;10365906000;10305177777;10805177777;10240;10228
350;10366139000;10305177777;10805177777;10240;10228
353;10407304000;10305622222;10805622222;10240;10228
355;10407339000;10346833333;10846833333;10240;10228
357;10407346000;10346833333;10846833333;10240;10228
359;10407360000;10346833333;10846833333;10240;10228
361;10407364000;10346833333;10846833333;10240;10228
352;10407369000;10305622222;10805622222;10240;10228
354;10407392000;10305622222;10805622222;10240;10228
356;10407398000;10346833333;10846833333;10240;10228
358;10407562000;10346833333;10846833333;10240;10228
360;10407759000;10346833333;10846833333;10240;10228
362;10407795000;10346888888;10846888888;10240;10228
363;10448852000;10347288888;10847288888;10240;10228
365;10448864000;10347288888;10847288888;10240;10228
367;10448885000;10388500000;10888500000;10240;10228
369;10448890000;10388500000;10888500000;10240;10228
371;10448895000;10388500000;10888500000;10240;10228
364;10448899000;10347288888;10847288888;10240;10228
373;10448918000;10388566666;10888566666;10240;10228
366;10449076000;10388500000;10888500000;10240;10228
368;10449111000;10388500000;10888500000;10240;10228
370;10449223000;10388500000;10888500000;10240;10228
372;10449442000;10388500000;10888500000;10240;10228
375;10490508000;10388911111;10888911111;10240;10228
374;10490538000;10388911111;10888911111;10240;10228
377;10490549000;10430166666;10930166666;10240;10228
379;10490555000;10430166666;10930166666;10240;10228
381;10490563000;10430166666;10930166666;10240;10228
383;10490568000;10430166666;10930166666;10240;10228
376;10490691000;10388911111;10888911111;10240;10228
378;10490717000;10430166666;10930166666;10240;10228
380;10490892000;10430166666;10930166666;10240;10228
382;10491073000;10430166666;10930166666;10240;10228
384;10491091000;10430222222;10930222222;10240;10228
385;10532194000;10430511111;10930511111;10240;10228
386;10532205000;10430511111;10930511111;10240;10228
387;10532215000;10430511111;10930511111;10240;10228
389;10532220000;10471822222;10971822222;10240;10228
391;10532227000;10471822222;10971822222;10240;10228
393;10532243000;10471822222;10971822222;10240;10228
395;10532257000;10471877777;10971877777;10240;10228
388;10532387000;10471822222;10971822222;10240;10228
390;10532414000;10471822222;10971822222;10240;10228
392;10532589000;10471822222;10971822222;10240;10228
394;10532798000;10471822222;10971822222;10240;10228
397;10573810000;10472166666;10972166666;10240;10228
399;10573835000;10513500000;11013500000;10240;10228
401;10573841000;10513500000;11013500000;10240;10228
403;10573847000;10513500000;11013500000;10240;10228
405;10573851000;10513500000;11013500000;10240;10228
396;10573866000;10472166666;10972166666;10240;10228
398;10574010000;10472166666;10972166666;10240;10228
400;10574233000;10513500000;11013500000;10240;10228
402;10574259000;10513500000;11013500000;10240;10228
404;10574411000;10513500000;11013500000;10240;10228
406;10574451000;10513544444;11013544444;10240;10228
407;10615517000;10513800000;11013800000;10240;10228
409;10615537000;10513800000;11013800000;10240;10228
411;10615555000;10555177777;11055177777;10240;10228
413;10615566000;10555177777;11055177777;10240;10228
415;10615571000;10555177777;11055177777;10240;10228
417;10615576000;10555244444;11055244444;10240;10228
408;10615590000;10513800000;11013800000;10240;10228
410;10615744000;10555177777;11055177777;10240;10228
412;10615768000;10555177777;11055177777;10240;10228
414;10615906000;10555177777;11055177777;10240;10228
416;10616101000;10555177777;11055177777;10240;10228
419;10657156000;10555633333;11055633333;10240;10228
421;10657186000;10596833333;11096833333;10240;10228
423;10657192000;10596833333;11096833333;10240;10228
425;10657198000;10596833333;11096833333;10240;10228
427;10657211000;10596833333;11096833333;10240;10228
418;10657216000;10555633333;11055633333;10240;10228
420;10657354000;10555633333;11055633333;10240;10228
422;10657382000;10596833333;11096833333;10240;10228
426;10657566000;10596833333;11096833333;10240;10228
428;10657587000;10596888888;11096888888;10240;10228
429;10698871000;10597233333;11097233333;10240;10228
430;10698893000;10597233333;11097233333;10240;10228
431;10698898000;10597233333;11097233333;10240;10228
433;10698912000;10638500000;11138500000;10240;10228
435;10698916000;10638500000;11138500000;10240;10228
437;10698920000;10638500000;11138500000;10240;10228
432;10699034000;10638500000;11138500000;10240;10228
434;10699066000;10638500000;11138500000;10240;10228
436;10699239000;10638500000;11138500000;10240;10228
438;10699441000;10638500000;11138500000;10240;10228
441;10740543000;10638833333;11138833333;10240;10228
440;10740564000;10638833333;11138833333;10240;10228
443;10740577000;10680166666;11180166666;10240;10228
445;10740583000;10680166666;11180166666;10240;10228
447;10740588000;10680166666;11180166666;10240;10228
449;10740593000;10680166666;11180166666;10240;10228
442;10740717000;10638833333;11138833333;10240;10228
444;10740912000;10680166666;11180166666;10240;10228
446;10740925000;10680166666;11180166666;10240;10228
448;10741105000;10680166666;11180166666;10240;10228
450;10741127000;10680211111;11180211111;10240;10228
451;10782261000;10680488888;11180488888;10240;10228
452;10782279000;10680488888;11180488888;10240;10228
453;10782285000;10680488888;11180488888;10240;10228
455;10782290000;10721866666;11221866666;10240;10228
457;10782295000;10721866666;11221866666;10240;10228
459;10782310000;10721866666;11221866666;10240;10228
461;10782315000;10721911111;11221911111;10240;10228
454;10782413000;10721866666;11221866666;10240;10228
456;10782424000;10721866666;11221866666;10240;10228
458;10782624000;10721866666;11221866666;10240;10228
460;10782812000;10721866666;11221866666;10240;10228
424;10819401000;10596833333;11096833333;10240;10228
462;10823835000;10722244444;11222244444;10240;10228
463;10823858000;10722244444;11222244444;10240;10228
464;10823876000;10722244444;11222244444;10240;10228
465;10823887000;10763533333;11263533333;10240;10228
466;10823906000;10763533333;11263533333;10240;10228
467;10823913000;10763533333;11263533333;10240;10228
468;10823933000;10763533333;11263533333;10240;10228
469;10823939000;10763533333;11263533333;10240;10228
470;10823960000;10763533333;11263533333;10240;10228
471;10823965000;10763533333;11263533333;10240;10228
472;10823970000;10763577777;11263577777;10240;10228
439;10861025000;10638544444;11138544444;10240;10228
474;10865576000;10763844444;11263844444;10240;10228
473;10865602000;10763844444;11263844444;10240;10228
475;10865620000;10763844444;11263844444;10240;10228
476;10865749000;10805188888;11305188888;10240;10228
477;10865937000;10805188888;11305188888;10240;10228
478;10865946000;10805188888;11305188888;10240;10228
479;10866148000;10805188888;11305188888;10240;10228
481;10902529000;10805188888;11305188888;10240;10228
482;10902709000;10805188888;11305188888;10240;10228
483;10902730000;10805222222;11305222222;10240;10228
485;10907056000;10805544444;11305544444;10240;10228
487;10907067000;10846866666;11346866666;10240;10228
489;10907084000;10846866666;11346866666;10240;10228
484;10907211000;10805544444;11305544444;10240;10228
486;10907419000;10805544444;11305544444;10240;10228
488;10907430000;10846866666;11346866666;10240;10228
490;10907621000;10846866666;11346866666;10240;10228
491;10907827000;10846866666;11346866666;10240;10228
492;10939687000;10846866666;11346866666;10240;10228
493;10944119000;10846866666;11346866666;10240;10228
494;10944138000;10846900000;11346900000;10240;10228
495;10948708000;10847211111;11347211111;10240;10228
496;10948719000;10847211111;11347211111;10240;10228
497;10948724000;10847211111;11347211111;10240;10228
498;10948729000;10888522222;11388522222;10240;10228
499;10948733000;10888522222;11388522222;10240;10228
500;10948738000;10888522222;11388522222;10240;10228
501;10948742000;10888522222;11388522222;10240;10228
502;10948747000;10888522222;11388522222;10240;10228
503;10948752000;10888522222;11388522222;10240;10228
505;10985900000;10888566666;11388566666;10240;10228
504;10986064000;10888522222;11388522222;10240;10228
506;10990346000;10888844444;11388844444;10240;10228
508;10990356000;10888844444;11388844444;10240;10228
510;10990364000;10930222222;11430222222;10240;10228
507;10990578000;10888844444;11388844444;10240;10228
509;10990782000;10930222222;11430222222;10240;10228
511;10990793000;10930222222;11430222222;10240;10228
512;10990986000;10930222222;11430222222;10240;10228
513;11022968000;10930222222;11430222222;10240;10228
514;11022978000;10930222222;11430222222;10240;10228
515;11022984000;10930222222;11430222222;10240;10228
516;11027385000;10930255555;11430255555;10240;10228
480;11027644000;10805188888;11305188888;10240;10228
517;11032071000;10930544444;11430544444;10240;10228
518;11032235000;10930544444;11430544444;10240;10228
519;11032442000;10930544444;11430544444;10240;10228
520;11059984000;10971866666;11471866666;10240;10228
521;11064328000;10971866666;11471866666;10240;10228
522;11064338000;10971866666;11471866666;10240;10228
523;11068966000;10971866666;11471866666;10240;10228
524;11068975000;10971866666;11471866666;10240;10228
525;11068981000;10971866666;11471866666;10240;10228
526;11068986000;10971866666;11471866666;10240;10228
527;11068990000;10971877777;11471877777;10240;10228
528;11073664000;10972188888;11472188888;10240;10228
529;11073678000;10972188888;11472188888;10240;10228
530;11073683000;10972188888;11472188888;10240;10228
531;11073687000;11013522222;11513522222;10240;10228
532;11106171000;11013522222;11513522222;10240;10228
533;11106557000;11013522222;11513522222;10240;10228
534;11110640000;11013522222;11513522222;10240;10228
535;11110652000;11013522222;11513522222;10240;10228
536;11110657000;11013522222;11513522222;10240;10228
537;11110671000;11013522222;11513522222;10240;10228
538;11110991000;11013544444;11513544444;10240;10228
539;11115624000;11013833333;11513833333;10240;10228
540;11115785000;11013833333;11513833333;10240;10228
541;11115804000;11013833333;11513833333;10240;10228
542;11143240000;11055222222;11555222222;10240;10228
543;11143250000;11055222222;11555222222;10240;10228
544;11143255000;11055222222;11555222222;10240;10228
545;11147927000;11055222222;11555222222;10240;10228
546;11152556000;11055222222;11555222222;10240;10228
547;11152754000;11055222222;11555222222;10240;10228
548;11152955000;11055222222;11555222222;10240;10228
549;11152966000;11055233333;11555233333;10240;10228
550;11157277000;11055533333;11555533333;10240;10228
551;11184645000;11055533333;11555533333;10240;10228
552;11184666000;11055533333;11555533333;10240;10228
553;11189268000;11096855555;11596855555;10240;10228
555;11189278000;11096855555;11596855555;10240;10228
556;11189299000;11096855555;11596855555;10240;10228
557;11189304000;11096855555;11596855555;10240;10228
558;11189328000;11096855555;11596855555;10240;10228
559;11193902000;11096855555;11596855555;10240;10228
560;11193912000;11096866666;11596866666;10240;10228
561;11198660000;11097155555;11597155555;10240;10228
562;11223537000;11097155555;11597155555;10240;10228
564;11226799000;11138522222;11638522222;10240;10228
563;11227001000;11097155555;11597155555;10240;10228
565;11230891000;11138522222;11638522222;10240;10228
566;11230900000;11138522222;11638522222;10240;10228
567;11230917000;11138522222;11638522222;10240;10228
568;11230921000;11138522222;11638522222;10240;10228
569;11230925000;11138522222;11638522222;10240;10228
570;11236231000;11138522222;11638522222;10240;10228
571;11236433000;11138533333;11638533333;10240;10228
572;11240550000;11138822222;11638822222;10240;10228
573;11240745000;11138822222;11638822222;10240;10228
574;11263508000;11138822222;11638822222;10240;10228
575;11263518000;11180211111;11680211111;10240;10228
576;11268184000;11180211111;11680211111;10240;10228
577;11268194000;11180211111;11680211111;10240;10228
579;11272997000;11180211111;11680211111;10240;10228
578;11273182000;11180211111;11680211111;10240;10228
580;11273384000;11180211111;11680211111;10240;10228
581;11273588000;11180211111;11680211111;10240;10228
582;11304890000;11180222222;11680222222;10240;10228
584;11304899000;11180522222;11680522222;10240;10228
585;11304905000;11180522222;11680522222;10240;10228
583;11305115000;11180522222;11680522222;10240;10228
586;11309484000;11221844444;11721844444;10240;10228
587;11309490000;11221844444;11721844444;10240;10228
588;11309500000;11221844444;11721844444;10240;10228
554;11309506000;11096855555;11596855555;10240;10228
589;11347424000;11221844444;11721844444;10240;10228
590;11351172000;11221844444;11721844444;10240;10228
591;11356714000;11221844444;11721844444;10240;10228
592;11356887000;11221844444;11721844444;10240;10228
593;11360948000;11221855555;11721855555;10240;10228
594;11361174000;11222144444;11722144444;10240;10228
595;11383758000;11222144444;11722144444;10240;10228
596;11383771000;11222144444;11722144444;10240;10228
597;11388409000;11263511111;11763511111;10240;10228
598;11388420000;11263511111;11763511111;10240;10228
599;11388425000;11263511111;11763511111;10240;10228
600;11393230000;11263511111;11763511111;10240;10228
601;11393670000;11263511111;11763511111;10240;10228
602;11393838000;11263511111;11763511111;10240;10228
603;11394037000;11263511111;11763511111;10240;10228
604;11394059000;11263522222;11763522222;10240;10228
605;11394256000;11263800000;11763800000;10240;10228
606;11425181000;11263800000;11763800000;10240;10228
607;11425192000;11263800000;11763800000;10240;10228
608;11425196000;11305188888;11805188888;10240;10228
609;11425578000;11305188888;11805188888;10240;10228
610;11429736000;11305188888;11805188888;10240;10228
611;11429747000;11305188888;11805188888;10240;10228
612;11429751000;11305188888;11805188888;10240;10228
613;11429760000;11305188888;11805188888;10240;10228
615;11471426000;11305211111;11805211111;10240;10228
614;11471624000;11305188888;11805188888;10240;10228
616;11477405000;11305511111;11805511111;10240;10228
617;11477582000;11305511111;11805511111;10240;10228
619;11504086000;11346844444;11846844444;10240;10228
620;11504113000;11346844444;11846844444;10240;10228
618;11504271000;11305511111;11805511111;10240;10228
621;11508698000;11346844444;11846844444;10240;10228
622;11508719000;11346844444;11846844444;10240;10228
623;11508724000;11346844444;11846844444;10240;10228
624;11513466000;11346844444;11846844444;10240;10228
625;11513486000;11346844444;11846844444;10240;10228
626;11514267000;11346855555;11846855555;10240;10228
627;11514507000;11347188888;11847188888;10240;10228
628;11514700000;11347188888;11847188888;10240;10228
629;11514711000;11347188888;11847188888;10240;10228
630;11514908000;11388511111;11888511111;10240;10228
631;11544209000;11388511111;11888511111;10240;10228
632;11545450000;11388511111;11888511111;10240;10228
633;11545471000;11388511111;11888511111;10240;10228
634;11545810000;11388511111;11888511111;10240;10228
635;11546116000;11388511111;11888511111;10240;10228
636;11550016000;11388511111;11888511111;10240;10228
637;11550027000;11388522222;11888522222;10240;10228
638;11550032000;11388811111;11888811111;10240;10228
639;11550036000;11388811111;11888811111;10240;10228
640;11591675000;11388811111;11888811111;10240;10228
641;11592091000;11430166666;11930166666;10240;10228
642;11598113000;11430166666;11930166666;10240;10228
643;11598333000;11430166666;11930166666;10240;10228
644;11624375000;11430166666;11930166666;10240;10228
645;11624393000;11430166666;11930166666;10240;10228
646;11624766000;11430166666;11930166666;10240;10228
647;11629013000;11430166666;11930166666;10240;10228
648;11629025000;11430188888;11930188888;10240;10228
649;11629030000;11430566666;11930566666;10240;10228
650;11629034000;11430566666;11930566666;10240;10228
651;11633743000;11430566666;11930566666;10240;10228
652;11633753000;11471844444;11971844444;10240;10228
653;11633768000;11471844444;11971844444;10240;10228
654;11634784000;11471844444;11971844444;10240;10228
655;11635212000;11471844444;11971844444;10240;10228
656;11635354000;11471844444;11971844444;10240;10228
657;11635375000;11471844444;11971844444;10240;10228
658;11635577000;11471844444;11971844444;10240;10228
659;11661075000;11471855555;11971855555;10240;10228
660;11665734000;11472144444;11972144444;10240;10228
661;11665962000;11472144444;11972144444;10240;10228
662;11665977000;11472144444;11972144444;10240;10228
663;11666060000;11513500000;12013500000;10240;10228
665;11670344000;11513500000;12013500000;10240;10228
666;11670359000;11513500000;12013500000;10240;10228
667;11670364000;11513500000;12013500000;10240;10228
664;11670528000;11513500000;12013500000;10240;10228
668;11711933000;11513500000;12013500000;10240;10228
669;11718599000;11513500000;12013500000;10240;10228
670;11718784000;11513511111;12013511111;10240;10228
671;11718793000;11513788888;12013788888;10240;10228
673;11744661000;11513788888;12013788888;10240;10228
672;11744897000;11513788888;12013788888;10240;10228
675;11745013000;11555177777;12055177777;10240;10228
674;11745231000;11555177777;12055177777;10240;10228
676;11749281000;11555177777;12055177777;10240;10228
677;11749293000;11555177777;12055177777;10240;10228
678;11749298000;11555177777;12055177777;10240;10228
679;11749302000;11555177777;12055177777;10240;10228
680;11749306000;11555177777;12055177777;10240;10228
681;11754008000;11555188888;12055188888;10240;10228
682;11754021000;11555500000;12055500000;10240;10228
683;11754028000;11555500000;12055500000;10240;10228
684;11755661000;11555500000;12055500000;10240;10228
685;11755843000;11596844444;12096844444;10240;10228
686;11756054000;11596844444;12096844444;10240;10228
687;11756068000;11596844444;12096844444;10240;10228
688;11756241000;11596844444;12096844444;10240;10228
689;11756252000;11596844444;12096844444;10240;10228
690;11781530000;11596844444;12096844444;10240;10228
691;11786219000;11596844444;12096844444;10240;10228
693;11786230000;11597155555;12097155555;10240;10228
692;11786440000;11596855555;12096855555;10240;10228
694;11790605000;11597155555;12097155555;10240;10228
695;11790615000;11597155555;12097155555;10240;10228
696;11790620000;11638511111;12138511111;10240;10228
697;11790635000;11638511111;12138511111;10240;10228
698;11790984000;11638511111;12138511111;10240;10228
700;11838837000;11638511111;12138511111;10240;10228
699;11839058000;11638511111;12138511111;10240;10228
701;11839300000;11638511111;12138511111;10240;10228
703;11864971000;11638522222;12138522222;10240;10228
704;11864985000;11638822222;12138822222;10240;10228
702;11865202000;11638511111;12138511111;10240;10228
706;11865231000;11638822222;12138822222;10240;10228
705;11865408000;11638822222;12138822222;10240;10228
707;11865710000;11680177777;12180177777;10240;10228
708;11869597000;11680177777;12180177777;10240;10228
709;11869611000;11680177777;12180177777;10240;10228
710;11869617000;11680177777;12180177777;10240;10228
711;11869622000;11680177777;12180177777;10240;10228
712;11869625000;11680177777;12180177777;10240;10228
713;11869639000;11680177777;12180177777;10240;10228
714;11874298000;11680188888;12180188888;10240;10228
715;11874309000;11680477777;12180477777;10240;10228
716;11874323000;11680477777;12180477777;10240;10228
717;11876148000;11680477777;12180477777;10240;10228
718;11876526000;11721844444;12221844444;10240;10228
719;11876686000;11721844444;12221844444;10240;10228
720;11876707000;11721844444;12221844444;10240;10228
721;11876881000;11721844444;12221844444;10240;10228
722;11877080000;11721844444;12221844444;10240;10228
723;11902028000;11721844444;12221844444;10240;10228
724;11902249000;11721844444;12221844444;10240;10228
725;11906481000;11721855555;12221855555;10240;10228
726;11906501000;11722133333;12222133333;10240;10228
727;11910880000;11722133333;12222133333;10240;10228
728;11910891000;11722133333;12222133333;10240;10228
729;11910896000;11763500000;12263500000;10240;10228
730;11910900000;11763500000;12263500000;10240;10228
731;11940852000;11763500000;12263500000;10240;10228
732;11959112000;11763500000;12263500000;10240;10228
733;11959544000;11763500000;12263500000;10240;10228
735;11985264000;11763500000;12263500000;10240;10228
736;11985278000;11763511111;12263511111;10240;10228
738;11985471000;11763788888;12263788888;10240;10228
734;11985494000;11763500000;12263500000;10240;10228
737;11985716000;11763788888;12263788888;10240;10228
739;11985873000;11763788888;12263788888;10240;10228
741;11989858000;11805166666;12305166666;10240;10228
742;11989871000;11805166666;12305166666;10240;10228
743;11989876000;11805166666;12305166666;10240;10228
744;11989880000;11805166666;12305166666;10240;10228
745;11989885000;11805166666;12305166666;10240;10228
746;11989889000;11805166666;12305166666;10240;10228
747;11989950000;11805200000;12305200000;10240;10228
740;11990066000;11805166666;12305166666;10240;10228
748;11994587000;11805533333;12305533333;10240;10228
749;11994597000;11805533333;12305533333;10240;10228
750;11994611000;11805533333;12305533333;10240;10228
751;11996660000;11846844444;12346844444;10240;10228
752;11997207000;11846844444;12346844444;10240;10228
753;11997367000;11846844444;12346844444;10240;10228
754;11997390000;11846844444;12346844444;10240;10228
755;11997593000;11846844444;12346844444;10240;10228
756;11997765000;11846844444;12346844444;10240;10228
757;12022506000;11846844444;12346844444;10240;10228
758;12022692000;11846855555;12346855555;10240;10228
759;12022713000;11847155555;12347155555;10240;10228
760;12022894000;11847155555;12347155555;10240;10228
761;12026749000;11847155555;12347155555;10240;10228
762;12031136000;11888511111;12388511111;10240;10228
763;12031148000;11888511111;12388511111;10240;10228
764;12031152000;11888511111;12388511111;10240;10228
765;12031156000;11888511111;12388511111;10240;10228
766;12031169000;11888511111;12388511111;10240;10228
768;12079383000;11888511111;12388511111;10240;10228
767;12079645000;11888511111;12388511111;10240;10228
770;12105556000;11888811111;12388811111;10240;10228
771;12105677000;11888811111;12388811111;10240;10228
769;12105691000;11888522222;12388522222;10240;10228
772;12105873000;11888811111;12388811111;10240;10228
773;12106104000;11930188888;12430188888;10240;10228
774;12106309000;11930188888;12430188888;10240;10228
775;12110136000;11930188888;12430188888;10240;10228
776;12110156000;11930188888;12430188888;10240;10228
777;12110162000;11930188888;12430188888;10240;10228
778;12110167000;11930188888;12430188888;10240;10228
779;12110172000;11930188888;12430188888;10240;10228
780;12110176000;11930211111;12430211111;10240;10228
781;12110186000;11930511111;12430511111;10240;10228
782;12110192000;11930511111;12430511111;10240;10228
783;12110495000;11930511111;12430511111;10240;10228
784;12114866000;11971844444;12471844444;10240;10228
785;12114878000;11971844444;12471844444;10240;10228
786;12114892000;11971844444;12471844444;10240;10228
787;12117624000;11971844444;12471844444;10240;10228
788;12117826000;11971844444;12471844444;10240;10228
789;12117836000;11971844444;12471844444;10240;10228
790;12118005000;11971844444;12471844444;10240;10228
791;12118231000;11971855555;12471855555;10240;10228
792;12118252000;11972155555;12472155555;10240;10228
793;12118463000;11972155555;12472155555;10240;10228
794;12142982000;11972155555;12472155555;10240;10228
795;12143219000;12013500000;12513500000;10240;10228
796;12143405000;12013500000;12513500000;10240;10228
797;12143625000;12013500000;12513500000;10240;10228
798;12147027000;12013500000;12513500000;10240;10228
799;12151426000;12013500000;12513500000;10240;10228
800;12151437000;12013500000;12513500000;10240;10228
801;12151442000;12013500000;12513500000;10240;10228
802;12151464000;12013511111;12513511111;10240;10228
803;12151469000;12013788888;12513788888;10240;10228
804;12179865000;12013788888;12513788888;10240;10228
805;12199755000;12013788888;12513788888;10240;10228
806;12200027000;12055188888;12555188888;10240;10228
807;12225877000;12055188888;12555188888;10240;10228
808;12225896000;12055188888;12555188888;10240;10228
809;12226170000;12055188888;12555188888;10240;10228
810;12226359000;12055188888;12555188888;10240;10228
811;12226758000;12055188888;12555188888;10240;10228
812;12226961000;12055188888;12555188888;10240;10228
813;12230433000;12055211111;12555211111;10240;10228
814;12230442000;12055511111;12555511111;10240;10228
815;12230448000;12055511111;12555511111;10240;10228
816;12230452000;12055511111;12555511111;10240;10228
817;12230456000;12096844444;12596844444;10240;10228
818;12230461000;12096844444;12596844444;10240;10228
819;12230481000;12096844444;12596844444;10240;10228
820;12230490000;12096844444;12596844444;10240;10228
821;12230494000;12096844444;12596844444;10240;10228
822;12230907000;12096844444;12596844444;10240;10228
823;12235138000;12096844444;12596844444;10240;10228
824;12235149000;12096855555;12596855555;10240;10228
825;12237879000;12097133333;12597133333;10240;10228
826;12238075000;12097133333;12597133333;10240;10228
827;12238272000;12097133333;12597133333;10240;10228
828;12238471000;12138500000;12638500000;10240;10228
829;12238492000;12138500000;12638500000;10240;10228
830;12238895000;12138500000;12638500000;10240;10228
831;12239087000;12138500000;12638500000;10240;10228
832;12239105000;12138500000;12638500000;10240;10228
833;12263466000;12138500000;12638500000;10240;10228
834;12263853000;12138500000;12638500000;10240;10228
835;12264022000;12138511111;12638511111;10240;10228
836;12264029000;12138811111;12638811111;10240;10228
838;12267340000;12138811111;12638811111;10240;10228
837;12267545000;12138811111;12638811111;10240;10228
839;12271717000;12180188888;12680188888;10240;10228
840;12271728000;12180188888;12680188888;10240;10228
841;12271732000;12180188888;12680188888;10240;10228
842;12271746000;12180188888;12680188888;10240;10228
843;12300131000;12180188888;12680188888;10240;10228
844;12300151000;12180188888;12680188888;10240;10228
845;12320032000;12180188888;12680188888;10240;10228
847;12346203000;12180511111;12680511111;10240;10228
846;12346317000;12180211111;12680211111;10240;10228
848;12346471000;12180511111;12680511111;10240;10228
849;12346629000;12180511111;12680511111;10240;10228
850;12347181000;12221844444;12721844444;10240;10228
851;12347381000;12221844444;12721844444;10240;10228
852;12347402000;12221844444;12721844444;10240;10228
853;12350708000;12221844444;12721844444;10240;10228
854;12350719000;12221844444;12721844444;10240;10228
855;12350727000;12221844444;12721844444;10240;10228
856;12350731000;12221844444;12721844444;10240;10228
857;12350735000;12221855555;12721855555;10240;10228
858;12350748000;12222155555;12722155555;10240;10228
859;12350756000;12222155555;12722155555;10240;10228
860;12350760000;12222155555;12722155555;10240;10228
861;12350765000;12263522222;12763522222;10240;10228
863;12351170000;12263522222;12763522222;10240;10228
862;12351353000;12263522222;12763522222;10240;10228
864;12355407000;12263522222;12763522222;10240;10228
865;12355431000;12263522222;12763522222;10240;10228
867;12358387000;12263522222;12763522222;10240;10228
866;12358544000;12263522222;12763522222;10240;10228
868;12358757000;12263555555;12763555555;10240;10228
869;12365552000;12263844444;12763844444;10240;10228
870;12365747000;12263844444;12763844444;10240;10228
871;12365765000;12263844444;12763844444;10240;10228
872;12365950000;12305222222;12805222222;10240;10228
873;12383932000;12305222222;12805222222;10240;10228
874;12384150000;12305222222;12805222222;10240;10228
875;12384344000;12305222222;12805222222;10240;10228
876;12384364000;12305222222;12805222222;10240;10228
877;12384548000;12305222222;12805222222;10240;10228
878;12387632000;12305222222;12805222222;10240;10228
879;12387782000;12305244444;12805244444;10240;10228
881;12407012000;12305544444;12805544444;10240;10228
882;12407034000;12305544444;12805544444;10240;10228
883;12407039000;12346877777;12846877777;10240;10228
884;12407054000;12346877777;12846877777;10240;10228
880;12407220000;12305544444;12805544444;10240;10228
885;12420377000;12346877777;12846877777;10240;10228
886;12420386000;12346877777;12846877777;10240;10228
887;12440344000;12346877777;12846877777;10240;10228
888;12466486000;12346877777;12846877777;10240;10228
889;12466744000;12346877777;12846877777;10240;10228
890;12466854000;12346922222;12846922222;10240;10228
891;12467077000;12347344444;12847344444;10240;10228
892;12467814000;12347344444;12847344444;10240;10228
893;12468019000;12347344444;12847344444;10240;10228
894;12471007000;12388511111;12888511111;10240;10228
896;12471018000;12388511111;12888511111;10240;10228
897;12471026000;12388511111;12888511111;10240;10228
898;12471036000;12388511111;12888511111;10240;10228
899;12471042000;12388511111;12888511111;10240;10228
900;12471068000;12388511111;12888511111;10240;10228
901;12471073000;12388522222;12888522222;10240;10228
895;12471176000;12388511111;12888511111;10240;10228
903;12490381000;12388800000;12888800000;10240;10228
905;12490393000;12430200000;12930200000;10240;10228
907;12490399000;12430200000;12930200000;10240;10228
909;12490404000;12430200000;12930200000;10240;10228
911;12490408000;12430200000;12930200000;10240;10228
902;12490546000;12388800000;12888800000;10240;10228
904;12490746000;12388800000;12888800000;10240;10228
906;12490782000;12430200000;12930200000;10240;10228
908;12490947000;12430200000;12930200000;10240;10228
910;12491129000;12430200000;12930200000;10240;10228
912;12491154000;12430244444;12930244444;10240;10228
913;12531935000;12430544444;12930544444;10240;10228
915;12531945000;12430544444;12930544444;10240;10228
917;12531958000;12471844444;12971844444;10240;10228
919;12531978000;12471844444;12971844444;10240;10228
921;12531984000;12471844444;12971844444;10240;10228
914;12532161000;12430544444;12930544444;10240;10228
916;12532372000;12471844444;12971844444;10240;10228
918;12532400000;12471844444;12971844444;10240;10228
920;12532578000;12471844444;12971844444;10240;10228
922;12532765000;12471844444;12971844444;10240;10228
925;12573631000;12472333333;12972333333;10240;10228
927;12573646000;12513511111;13013511111;10240;10228
929;12573650000;12513511111;13013511111;10240;10228
924;12573851000;12472333333;12972333333;10240;10228
926;12574072000;12472333333;12972333333;10240;10228
928;12574093000;12513511111;13013511111;10240;10228
930;12574262000;12513511111;13013511111;10240;10228
931;12586469000;12513511111;13013511111;10240;10228
932;12587078000;12513511111;13013511111;10240;10228
934;12587104000;12513555555;13013555555;10240;10228
933;12587216000;12513511111;13013511111;10240;10228
936;12615378000;12513933333;13013933333;10240;10228
938;12615391000;12555200000;13055200000;10240;10228
940;12615396000;12555200000;13055200000;10240;10228
942;12615400000;12555200000;13055200000;10240;10228
944;12615404000;12555200000;13055200000;10240;10228
935;12615598000;12513933333;13013933333;10240;10228
937;12615775000;12513933333;13013933333;10240;10228
939;12615796000;12555200000;13055200000;10240;10228
941;12615957000;12555200000;13055200000;10240;10228
943;12616192000;12555200000;13055200000;10240;10228
945;12616211000;12555244444;13055244444;10240;10228
946;12657023000;12555555555;13055555555;10240;10228
948;12657035000;12555555555;13055555555;10240;10228
950;12657040000;12596888888;13096888888;10240;10228
952;12657064000;12596888888;13096888888;10240;10228
954;12657070000;12596888888;13096888888;10240;10228
956;12657075000;12596933333;13096933333;10240;10228
947;12657218000;12555555555;13055555555;10240;10228
949;12657423000;12596888888;13096888888;10240;10228
951;12657616000;12596888888;13096888888;10240;10228
953;12657640000;12596888888;13096888888;10240;10228
955;12657829000;12596888888;13096888888;10240;10228
923;12693860000;12471900000;12971900000;10240;10228
957;12698884000;12597277777;13097277777;10240;10228
958;12699087000;12597277777;13097277777;10240;10228
959;12699116000;12597277777;13097277777;10240;10228
960;12699297000;12638533333;13138533333;10240;10228
961;12699497000;12638533333;13138533333;10240;10228
962;12699516000;12638533333;13138533333;10240;10228
963;12699703000;12638533333;13138533333;10240;10228
964;12699711000;12638533333;13138533333;10240;10228
965;12707317000;12638533333;13138533333;10240;10228
966;12707326000;12638533333;13138533333;10240;10228
967;12707562000;12638566666;13138566666;10240;10228
968;12740316000;12638877777;13138877777;10240;10228
970;12740328000;12638877777;13138877777;10240;10228
972;12740346000;12680177777;13180177777;10240;10228
974;12740351000;12680177777;13180177777;10240;10228
976;12740371000;12680177777;13180177777;10240;10228
969;12740547000;12638877777;13138877777;10240;10228
971;12740772000;12680177777;13180177777;10240;10228
973;12740795000;12680177777;13180177777;10240;10228
975;12740965000;12680177777;13180177777;10240;10228
977;12741128000;12680177777;13180177777;10240;10228
978;12741140000;12680222222;13180222222;10240;10228
980;12782066000;12680522222;13180522222;10240;10228
982;12782081000;12721866666;13221866666;10240;10228
984;12782086000;12721866666;13221866666;10240;10228
986;12782103000;12721866666;13221866666;10240;10228
988;12782108000;12721866666;13221866666;10240;10228
979;12782212000;12680522222;13180522222;10240;10228
981;12782426000;12680522222;13180522222;10240;10228
983;12782450000;12721866666;13221866666;10240;10228
985;12782628000;12721866666;13221866666;10240;10228
987;12782818000;12721866666;13221866666;10240;10228
989;12782845000;12721922222;13221922222;10240;10228
990;12823718000;12722244444;13222244444;10240;10228
992;12823740000;12722244444;13222244444;10240;10228
991;12823884000;12722244444;13222244444;10240;10228
993;12824069000;12763522222;13263522222;10240;10228
994;12824300000;12763522222;13263522222;10240;10228
995;12824320000;12763522222;13263522222;10240;10228
996;12824496000;12763522222;13263522222;10240;10228
997;12824516000;12763522222;13263522222;10240;10228
998;12824701000;12763522222;13263522222;10240;10228
999;12824723000;12763522222;13263522222;10240;10228
1000;12827602000;12763577777;13263577777;10240;10228
1002;12865381000;12763855555;13263855555;10240;10228
1004;12865411000;12805200000;13305200000;10240;10228
1006;12865417000;12805200000;13305200000;10240;10228
1008;12865422000;12805200000;13305200000;10240;10228
1010;12865435000;12805200000;13305200000;10240;10228
1001;12865543000;12763855555;13263855555;10240;10228
1003;12865747000;12763855555;13263855555;10240;10228
1005;12865782000;12805200000;13305200000;10240;10228
1007;12865950000;12805200000;13305200000;10240;10228
1009;12866158000;12805200000;13305200000;10240;10228
1011;12866184000;12805244444;13305244444;10240;10228
1012;12907008000;12805566666;13305566666;10240;10228
1014;12907020000;12805566666;13305566666;10240;10228
1016;12907038000;12846866666;13346866666;10240;10228
1018;12907053000;12846866666;13346866666;10240;10228
1020;12907068000;12846866666;13346866666;10240;10228
1022;12907074000;12846911111;13346911111;10240;10228
1013;12907201000;12805566666;13305566666;10240;10228
1015;12907404000;12846866666;13346866666;10240;10228
1017;12907616000;12846866666;13346866666;10240;10228
1019;12907643000;12846866666;13346866666;10240;10228
1021;12907814000;12846866666;13346866666;10240;10228
1024;12948691000;12847222222;13347222222;10240;10228
1026;12948718000;12888533333;13388533333;10240;10228
1028;12948741000;12888533333;13388533333;10240;10228
1023;12948845000;12847222222;13347222222;10240;10228
1025;12949070000;12847222222;13347222222;10240;10228
1027;12949095000;12888533333;13388533333;10240;10228
1029;12949255000;12888533333;13388533333;10240;10228
1030;12949469000;12888533333;13388533333;10240;10228
1031;12949488000;12888533333;13388533333;10240;10228
1032;12949664000;12888533333;13388533333;10240;10228
1033;12949683000;12888577777;13388577777;10240;10228
1034;12990324000;12888877777;13388877777;10240;10228
1036;12990336000;12888877777;13388877777;10240;10228
1038;12990354000;12930177777;13430177777;10240;10228
1040;12990360000;12930177777;13430177777;10240;10228
1042;12990384000;12930177777;13430177777;10240;10228
1044;12990389000;12930222222;13430222222;10240;10228
1035;12990495000;12888877777;13388877777;10240;10228
1037;12990705000;12930177777;13430177777;10240;10228
1039;12990739000;12930177777;13430177777;10240;10228
1041;12990902000;12930177777;13430177777;10240;10228
1043;12991101000;12930177777;13430177777;10240;10228
1046;13031947000;12930555555;13430555555;10240;10228
1048;13031972000;12971833333;13471833333;10240;10228
1050;13031983000;12971833333;13471833333;10240;10228
1052;13031988000;12971833333;13471833333;10240;10228
1054;13032002000;12971833333;13471833333;10240;10228
1045;13032136000;12930555555;13430555555;10240;10228
1047;13032349000;12930555555;13430555555;10240;10228
1049;13032369000;12971833333;13471833333;10240;10228
1051;13032564000;12971833333;13471833333;10240;10228
1053;13032775000;12971833333;13471833333;10240;10228
1055;13032800000;12971877777;13471877777;10240;10228
1056;13073599000;12972177777;13472177777;10240;10228
1058;13073608000;12972177777;13472177777;10240;10228
1060;13073631000;13013500000;13513500000;10240;10228
1062;13073644000;13013500000;13513500000;10240;10228
1057;13073816000;12972177777;13472177777;10240;10228
1059;13074014000;13013500000;13513500000;10240;10228
1061;13074240000;13013500000;13513500000;10240;10228
1063;13074256000;13013500000;13513500000;10240;10228
1064;13074446000;13013500000;13513500000;10240;10228
1065;13074467000;13013500000;13513500000;10240;10228
1066;13074650000;13013555555;13513555555;10240;10228
1068;13115276000;13013822222;13513822222;10240;10228
1070;13115298000;13055166666;13555166666;10240;10228
1072;13115306000;13055166666;13555166666;10240;10228
1074;13115311000;13055166666;13555166666;10240;10228
1076;13115315000;13055166666;13555166666;10240;10228
1067;13115488000;13013822222;13513822222;10240;10228
1069;13115692000;13013822222;13513822222;10240;10228
1071;13115727000;13055166666;13555166666;10240;10228
1073;13115891000;13055166666;13555166666;10240;10228
1075;13116077000;13055166666;13555166666;10240;10228
1077;13116106000;13055211111;13555211111;10240;10228
1078;13157000000;13055511111;13555511111;10240;10228
1080;13157013000;13055511111;13555511111;10240;10228
1082;13157032000;13096822222;13596822222;10240;10228
1084;13157037000;13096822222;13596822222;10240;10228
1086;13157052000;13096822222;13596822222;10240;10228
1088;13157066000;13096877777;13596877777;10240;10228
1079;13157170000;13055511111;13555511111;10240;10228
1081;13157374000;13096822222;13596822222;10240;10228
1083;13157401000;13096822222;13596822222;10240;10228
1085;13157583000;13096822222;13596822222;10240;10228
1087;13157784000;13096822222;13596822222;10240;10228
1090;13198673000;13097166666;13597166666;10240;10228
1092;13198703000;13138500000;13638500000;10240;10228
1094;13198710000;13138500000;13638500000;10240;10228
1096;13198727000;13138500000;13638500000;10240;10228
1098;13198731000;13138500000;13638500000;10240;10228
1089;13198836000;13097166666;13597166666;10240;10228
1091;13199024000;13097166666;13597166666;10240;10228
1093;13199061000;13138500000;13638500000;10240;10228
1095;13199233000;13138500000;13638500000;10240;10228
1097;13199427000;13138500000;13638500000;10240;10228
1099;13199453000;13138544444;13638544444;10240;10228
1100;13240324000;13138822222;13638822222;10240;10228
1102;13240334000;13138822222;13638822222;10240;10228
1104;13240356000;13180166666;13680166666;10240;10228
1106;13240361000;13180166666;13680166666;10240;10228
1108;13240366000;13180166666;13680166666;10240;10228
1110;13240370000;13180211111;13680211111;10240;10228
1101;13240548000;13138822222;13638822222;10240;10228
1103;13240726000;13180166666;13680166666;10240;10228
1105;13240762000;13180166666;13680166666;10240;10228
1107;13240928000;13180166666;13680166666;10240;10228
1109;13241133000;13180166666;13680166666;10240;10228
1112;13281945000;13180511111;13680511111;10240;10228
1114;13281958000;13221833333;13721833333;10240;10228
1116;13281968000;13221833333;13721833333;10240;10228
1118;13281974000;13221833333;13721833333;10240;10228
1120;13281988000;13221833333;13721833333;10240;10228
1111;13282170000;13180511111;13680511111;10240;10228
1113;13282363000;13180511111;13680511111;10240;10228
1115;13282534000;13221833333;13721833333;10240;10228
1117;13282556000;13221833333;13721833333;10240;10228
1119;13282750000;13221833333;13721833333;10240;10228
1121;13282771000;13221877777;13721877777;10240;10228
1122;13323615000;13222177777;13722177777;10240;10228
1124;13323627000;13222177777;13722177777;10240;10228
1126;13323640000;13263500000;13763500000;10240;10228
1128;13323645000;13263500000;13763500000;10240;10228
1130;13323651000;13263500000;13763500000;10240;10228
1132;13323655000;13263544444;13763544444;10240;10228
1123;13323873000;13222177777;13722177777;10240;10228
1125;13324074000;13263500000;13763500000;10240;10228
1127;13324115000;13263500000;13763500000;10240;10228
1129;13324279000;13263500000;13763500000;10240;10228
1131;13324472000;13263500000;13763500000;10240;10228
1134;13365271000;13263822222;13763822222;10240;10228
1136;13365285000;13305166666;13805166666;10240;10228
1138;13365295000;13305166666;13805166666;10240;10228
1140;13365300000;13305166666;13805166666;10240;10228
1142;13365304000;13305166666;13805166666;10240;10228
1133;13365480000;13263822222;13763822222;10240;10228
1135;13365726000;13263822222;13763822222;10240;10228
1137;13365760000;13305166666;13805166666;10240;10228
1139;13365971000;13305166666;13805166666;10240;10228
1141;13365996000;13305166666;13805166666;10240;10228
1143;13366126000;13305211111;13805211111;10240;10228
1144;13406936000;13305511111;13805511111;10240;10228
1146;13406948000;13305511111;13805511111;10240;10228
1148;13406966000;13346822222;13846822222;10240;10228
1150;13406976000;13346822222;13846822222;10240;10228
1152;13406985000;13346822222;13846822222;10240;10228
1154;13406990000;13346877777;13846877777;10240;10228
1145;13407154000;13305511111;13805511111;10240;10228
1147;13407362000;13346822222;13846822222;10240;10228
1149;13407389000;13346822222;13846822222;10240;10228
1151;13407571000;13346822222;13846822222;10240;10228
1153;13407776000;13346822222;13846822222;10240;10228
1156;13448643000;13347166666;13847166666;10240;10228
1158;13448669000;13388500000;13888500000;10240;10228
1160;13448680000;13388500000;13888500000;10240;10228
1162;13448685000;13388500000;13888500000;10240;10228
1164;13448700000;13388500000;13888500000;10240;10228
1155;13448819000;13347166666;13847166666;10240;10228
1157;13449029000;13347166666;13847166666;10240;10228
1159;13449074000;13388500000;13888500000;10240;10228
1161;13449210000;13388500000;13888500000;10240;10228
1163;13449440000;13388500000;13888500000;10240;10228
1165;13449465000;13388544444;13888544444;10240;10228
1166;13490277000;13388811111;13888811111;10240;10228
1168;13490289000;13388811111;13888811111;10240;10228
1170;13490309000;13430166666;13930166666;10240;10228
1172;13490314000;13430166666;13930166666;10240;10228
1174;13490420000;13430166666;13930166666;10240;10228
1176;13490457000;13430211111;13930211111;10240;10228
1167;13490479000;13388811111;13888811111;10240;10228
1169;13490698000;13430166666;13930166666;10240;10228
1171;13490733000;13430166666;13930166666;10240;10228
1173;13490893000;13430166666;13930166666;10240;10228
1175;13491083000;13430166666;13930166666;10240;10228
1178;13531949000;13430500000;13930500000;10240;10228
1180;13531981000;13471833333;13971833333;10240;10228
1182;13531987000;13471833333;13971833333;10240;10228
1184;13532002000;13471833333;13971833333;10240;10228
1186;13532007000;13471833333;13971833333;10240;10228
1179;13532152000;13430500000;13930500000;10240;10228
1181;13532362000;13471833333;13971833333;10240;10228
1183;13532368000;13471833333;13971833333;10240;10228
1185;13532559000;13471833333;13971833333;10240;10228
1187;13532564000;13471877777;13971877777;10240;10228
1188;13573678000;13472177777;13972177777;10240;10228
1190;13573689000;13472177777;13972177777;10240;10228
1192;13573695000;13513500000;14013500000;10240;10228
1194;13573700000;13513500000;14013500000;10240;10228
1196;13573706000;13513500000;14013500000;10240;10228
1198;13573728000;13513544444;14013544444;10240;10228
1189;13573846000;13472177777;13972177777;10240;10228
1191;13574067000;13513500000;14013500000;10240;10228
1193;13574089000;13513500000;14013500000;10240;10228
1195;13574259000;13513500000;14013500000;10240;10228
1197;13574467000;13513500000;14013500000;10240;10228
1200;13615351000;13513822222;14013822222;10240;10228
1202;13615363000;13555166666;14055166666;10240;10228
1204;13615372000;13555166666;14055166666;10240;10228
1206;13615376000;13555166666;14055166666;10240;10228
1208;13615390000;13555166666;14055166666;10240;10228
1199;13615516000;13513822222;14013822222;10240;10228
1201;13615724000;13513822222;14013822222;10240;10228
1203;13615733000;13555166666;14055166666;10240;10228
1205;13615918000;13555166666;14055166666;10240;10228
1207;13616127000;13555166666;14055166666;10240;10228
1209;13616142000;13555211111;14055211111;10240;10228
1177;13652837000;13430500000;13930500000;10240;10228
1210;13657005000;13555511111;14055511111;10240;10228
1211;13657014000;13555511111;14055511111;10240;10228
1212;13657024000;13555511111;14055511111;10240;10228
1213;13657028000;13596855555;14096855555;10240;10228
1214;13657032000;13596855555;14096855555;10240;10228
1215;13657037000;13596855555;14096855555;10240;10228
1216;13693989000;13596855555;14096855555;10240;10228
1217;13694001000;13596855555;14096855555;10240;10228
1218;13694005000;13596855555;14096855555;10240;10228
1219;13694010000;13596855555;14096855555;10240;10228
1220;13694013000;13596888888;14096888888;10240;10228
1221;13698668000;13597200000;14097200000;10240;10228
1223;13698681000;13597200000;14097200000;10240;10228
1225;13698700000;13638533333;14138533333;10240;10228
1227;13698719000;13638533333;14138533333;10240;10228
1229;13698724000;13638533333;14138533333;10240;10228
1222;13698877000;13597200000;14097200000;10240;10228
1224;13699111000;13638533333;14138533333;10240;10228
1226;13699137000;13638533333;14138533333;10240;10228
1228;13699297000;13638533333;14138533333;10240;10228
1230;13699515000;13638533333;14138533333;10240;10228
1231;13735606000;13638577777;14138577777;10240;10228
1233;13740394000;13638877777;14138877777;10240;10228
1235;13740417000;13680200000;14180200000;10240;10228
1237;13740423000;13680200000;14180200000;10240;10228
1239;13740428000;13680200000;14180200000;10240;10228
1232;13740542000;13638877777;14138877777;10240;10228
1234;13740748000;13638877777;14138877777;10240;10228
1236;13740783000;13680200000;14180200000;10240;10228
1238;13740949000;13680200000;14180200000;10240;10228
1240;13741166000;13680200000;14180200000;10240;10228
1241;13741187000;13680200000;14180200000;10240;10228
1242;13773220000;13680244444;14180244444;10240;10228
1243;13782066000;13680522222;14180522222;10240;10228
1245;13782077000;13680522222;14180522222;10240;10228
1246;13782097000;13721866666;14221866666;10240;10228
1247;13782111000;13721866666;14221866666;10240;10228
1248;13782117000;13721866666;14221866666;10240;10228
1244;13782226000;13680522222;14180522222;10240;10228
1249;13806054000;13721866666;14221866666;10240;10228
1250;13806074000;13721866666;14221866666;10240;10228
1251;13814318000;13721866666;14221866666;10240;10228
1252;13814328000;13721866666;14221866666;10240;10228
1253;13814342000;13721888888;14221888888;10240;10228
1255;13823715000;13722211111;14222211111;10240;10228
1257;13823737000;13763533333;14263533333;10240;10228
1259;13823743000;13763533333;14263533333;10240;10228
1261;13823748000;13763533333;14263533333;10240;10228
1263;13823754000;13763533333;14263533333;10240;10228
1264;13823772000;13763577777;14263577777;10240;10228
1254;13823881000;13722211111;14222211111;10240;10228
1256;13824112000;13722211111;14222211111;10240;10228
1258;13824147000;13763533333;14263533333;10240;10228
1260;13824282000;13763533333;14263533333;10240;10228
1262;13824494000;13763533333;14263533333;10240;10228
1265;13865324000;13763844444;14263844444;10240;10228
1267;13865335000;13763844444;14263844444;10240;10228
1269;13865358000;13805200000;14305200000;10240;10228
1271;13865368000;13805200000;14305200000;10240;10228
1273;13865391000;13805200000;14305200000;10240;10228
1275;13865405000;13805244444;14305244444;10240;10228
1266;13865548000;13763844444;14263844444;10240;10228
1268;13865750000;13805200000;14305200000;10240;10228
1270;13865786000;13805200000;14305200000;10240;10228
1272;13865952000;13805200000;14305200000;10240;10228
1274;13866180000;13805200000;14305200000;10240;10228
1277;13906990000;13805566666;14305566666;10240;10228
1279;13907006000;13846866666;14346866666;10240;10228
1281;13907021000;13846866666;14346866666;10240;10228
1282;13907026000;13846866666;14346866666;10240;10228
1283;13907030000;13846866666;14346866666;10240;10228
1276;13907209000;13805566666;14305566666;10240;10228
1278;13907423000;13805566666;14305566666;10240;10228
1280;13907447000;13846866666;14346866666;10240;10228
1284;13926288000;13846866666;14346866666;10240;10228
1285;13926298000;13846866666;14346866666;10240;10228
1286;13926313000;13846900000;14346900000;10240;10228
1287;13948647000;13847222222;14347222222;10240;10228
1289;13948659000;13847222222;14347222222;10240;10228
1291;13948680000;13888533333;14388533333;10240;10228
1293;13948685000;13888533333;14388533333;10240;10228
1295;13948692000;13888533333;14388533333;10240;10228
1297;13948697000;13888577777;14388577777;10240;10228
1288;13948850000;13847222222;14347222222;10240;10228
1290;13949112000;13888533333;14388533333;10240;10228
1292;13949147000;13888533333;14388533333;10240;10228
1294;13949292000;13888533333;14388533333;10240;10228
1296;13949496000;13888533333;14388533333;10240;10228
1299;13990315000;13888866666;14388866666;10240;10228
1301;13990341000;13930200000;14430200000;10240;10228
1303;13990347000;13930200000;14430200000;10240;10228
1305;13990353000;13930200000;14430200000;10240;10228
1307;13990357000;13930200000;14430200000;10240;10228
1298;13990512000;13888866666;14388866666;10240;10228
1300;13990717000;13888866666;14388866666;10240;10228
1302;13990751000;13930200000;14430200000;10240;10228
1304;13990921000;13930200000;14430200000;10240;10228
1306;13991132000;13930200000;14430200000;10240;10228
1308;13991171000;13930244444;14430244444;10240;10228
1309;14031930000;13930577777;14430577777;10240;10228
1311;14031942000;13930577777;14430577777;10240;10228
1313;14031963000;13971833333;14471833333;10240;10228
1315;14031969000;13971833333;14471833333;10240;10228
1317;14031974000;13971833333;14471833333;10240;10228
1318;14032056000;13971833333;14471833333;10240;10228
1319;14032075000;13971877777;14471877777;10240;10228
1310;14032172000;13930577777;14430577777;10240;10228
1312;14032374000;13971833333;14471833333;10240;10228
1314;14032398000;13971833333;14471833333;10240;10228
1316;14032574000;13971833333;14471833333;10240;10228
1321;14073664000;13972200000;14472200000;10240;10228
1323;14073692000;14013500000;14513500000;10240;10228
1325;14073697000;14013500000;14513500000;10240;10228
1327;14073702000;14013500000;14513500000;10240;10228
1329;14073715000;14013500000;14513500000;10240;10228
1320;14073819000;13972200000;14472200000;10240;10228
1322;14074022000;13972200000;14472200000;10240;10228
1324;14074067000;14013500000;14513500000;10240;10228
1326;14074222000;14013500000;14513500000;10240;10228
1328;14074437000;14013500000;14513500000;10240;10228
1330;14074462000;14013544444;14513544444;10240;10228
1331;14115281000;14013811111;14513811111;10240;10228
1333;14115294000;14013811111;14513811111;10240;10228
1335;14115312000;14055166666;14555166666;10240;10228
1337;14115320000;14055166666;14555166666;10240;10228
1339;14115334000;14055166666;14555166666;10240;10228
1341;14115440000;14055211111;14555211111;10240;10228
1332;14115476000;14013811111;14513811111;10240;10228
1334;14115699000;14055166666;14555166666;10240;10228
1336;14115733000;14055166666;14555166666;10240;10228
1338;14115894000;14055166666;14555166666;10240;10228
1340;14116081000;14055166666;14555166666;10240;10228
1343;14157015000;14055522222;14555522222;10240;10228
1345;14157041000;14096833333;14596833333;10240;10228
1347;14157055000;14096833333;14596833333;10240;10228
1349;14157061000;14096833333;14596833333;10240;10228
1351;14157077000;14096833333;14596833333;10240;10228
1352;14157099000;14096877777;14596877777;10240;10228
1342;14157174000;14055522222;14555522222;10240;10228
1344;14157395000;14055522222;14555522222;10240;10228
1346;14157419000;14096833333;14596833333;10240;10228
1348;14157594000;14096833333;14596833333;10240;10228
1350;14157779000;14096833333;14596833333;10240;10228
1353;14198692000;14097188888;14597188888;10240;10228
1355;14198703000;14097188888;14597188888;10240;10228
1357;14198726000;14138533333;14638533333;10240;10228
1359;14198757000;14138533333;14638533333;10240;10228
1361;14198770000;14138533333;14638533333;10240;10228
1363;14198775000;14138600000;14638600000;10240;10228
1354;14198864000;14097188888;14597188888;10240;10228
1356;14199070000;14138533333;14638533333;10240;10228
1358;14199097000;14138533333;14638533333;10240;10228
1360;14199263000;14138533333;14638533333;10240;10228
1362;14199479000;14138533333;14638533333;10240;10228
1365;14240292000;14138888888;14638888888;10240;10228
1367;14240322000;14180177777;14680177777;10240;10228
1369;14240329000;14180177777;14680177777;10240;10228
1371;14240333000;14180177777;14680177777;10240;10228
1373;14240347000;14180177777;14680177777;10240;10228
1364;14240492000;14138888888;14638888888;10240;10228
1366;14240698000;14138888888;14638888888;10240;10228
1368;14240734000;14180177777;14680177777;10240;10228
1370;14240889000;14180177777;14680177777;10240;10228
1372;14241080000;14180177777;14680177777;10240;10228
1374;14241095000;14180222222;14680222222;10240;10228
1375;14281944000;14180522222;14680522222;10240;10228
1377;14281954000;14180522222;14680522222;10240;10228
1379;14281973000;14221833333;14721833333;10240;10228
1381;14281981000;14221833333;14721833333;10240;10228
1383;14281986000;14221833333;14721833333;10240;10228
1385;14282004000;14221877777;14721877777;10240;10228
1376;14282156000;14180522222;14680522222;10240;10228
1378;14282370000;14221833333;14721833333;10240;10228
1380;14282395000;14221833333;14721833333;10240;10228
1382;14282558000;14221833333;14721833333;10240;10228
1384;14282759000;14221833333;14721833333;10240;10228
1387;14323662000;14222200000;14722200000;10240;10228
1389;14323683000;14263500000;14763500000;10240;10228
1391;14323690000;14263500000;14763500000;10240;10228
1393;14323695000;14263500000;14763500000;10240;10228
1395;14323701000;14263500000;14763500000;10240;10228
1386;14323794000;14222200000;14722200000;10240;10228
1388;14323984000;14222200000;14722200000;10240;10228
1390;14324231000;14263500000;14763500000;10240;10228
1392;14324257000;14263500000;14763500000;10240;10228
1394;14324437000;14263500000;14763500000;10240;10228
1396;14324461000;14263544444;14763544444;10240;10228
1397;14365280000;14263822222;14763822222;10240;10228
1399;14365290000;14263822222;14763822222;10240;10228
1401;14365308000;14305166666;14805166666;10240;10228
1403;14365313000;14305166666;14805166666;10240;10228
1405;14365436000;14305166666;14805166666;10240;10228
1407;14365457000;14305211111;14805211111;10240;10228
1398;14365500000;14263822222;14763822222;10240;10228
1400;14365723000;14305166666;14805166666;10240;10228
1402;14365758000;14305166666;14805166666;10240;10228
1404;14365908000;14305166666;14805166666;10240;10228
1406;14366100000;14305166666;14805166666;10240;10228
1409;14406937000;14305511111;14805511111;10240;10228
1411;14406960000;14346822222;14846822222;10240;10228
1413;14406966000;14346822222;14846822222;10240;10228
1415;14406971000;14346822222;14846822222;10240;10228
1417;14406991000;14346822222;14846822222;10240;10228
1408;14407197000;14305511111;14805511111;10240;10228
1410;14407386000;14305511111;14805511111;10240;10228
1412;14407420000;14346822222;14846822222;10240;10228
1414;14407614000;14346822222;14846822222;10240;10228
1416;14407770000;14346822222;14846822222;10240;10228
1418;14407806000;14346877777;14846877777;10240;10228
1419;14448648000;14347177777;14847177777;10240;10228
1421;14448658000;14347177777;14847177777;10240;10228
1423;14448677000;14388500000;14888500000;10240;10228
1425;14448687000;14388500000;14888500000;10240;10228
1427;14448710000;14388500000;14888500000;10240;10228
1429;14448731000;14388544444;14888544444;10240;10228
1420;14448827000;14347177777;14847177777;10240;10228
1422;14449030000;14388500000;14888500000;10240;10228
1424;14449078000;14388500000;14888500000;10240;10228
1426;14449234000;14388500000;14888500000;10240;10228
1428;14449450000;14388500000;14888500000;10240;10228
1431;14490285000;14388811111;14888811111;10240;10228
1433;14490310000;14430166666;14930166666;10240;10228
1435;14490322000;14430166666;14930166666;10240;10228
1437;14490327000;14430166666;14930166666;10240;10228
1439;14490341000;14430166666;14930166666;10240;10228
1430;14490487000;14388811111;14888811111;10240;10228
1432;14490684000;14388811111;14888811111;10240;10228
1434;14490880000;14430166666;14930166666;10240;10228
1436;14490914000;14430166666;14930166666;10240;10228
1438;14491066000;14430166666;14930166666;10240;10228
1440;14491092000;14430211111;14930211111;10240;10228
1441;14531983000;14430500000;14930500000;10240;10228
1443;14531995000;14430500000;14930500000;10240;10228
1445;14532015000;14471822222;14971822222;10240;10228
1447;14532021000;14471822222;14971822222;10240;10228
1449;14532029000;14471822222;14971822222;10240;10228
1451;14532033000;14471877777;14971877777;10240;10228
1442;14532153000;14430500000;14930500000;10240;10228
1444;14532366000;14471822222;14971822222;10240;10228
1446;14532393000;14471822222;14971822222;10240;10228
1448;14532570000;14471822222;14971822222;10240;10228
1450;14532777000;14471822222;14971822222;10240;10228
1453;14573664000;14472177777;14972177777;10240;10228
1455;14573694000;14513500000;15013500000;10240;10228
1457;14573701000;14513500000;15013500000;10240;10228
1459;14573715000;14513500000;15013500000;10240;10228
1461;14573719000;14513500000;15013500000;10240;10228
1452;14573822000;14472177777;14972177777;10240;10228
1454;14574023000;14472177777;14972177777;10240;10228
1456;14574066000;14513500000;15013500000;10240;10228
1458;14574232000;14513500000;15013500000;10240;10228
1460;14574417000;14513500000;15013500000;10240;10228
1462;14574445000;14513544444;15013544444;10240;10228
1463;14615280000;14513800000;15013800000;10240;10228
1465;14615292000;14513800000;15013800000;10240;10228
1467;14615312000;14555166666;15055166666;10240;10228
1469;14615317000;14555166666;15055166666;10240;10228
1471;14615426000;14555166666;15055166666;10240;10228
1473;14615451000;14555211111;15055211111;10240;10228
1464;14615530000;14513800000;15013800000;10240;10228
1466;14615708000;14555166666;15055166666;10240;10228
1468;14615904000;14555166666;15055166666;10240;10228
1470;14615929000;14555166666;15055166666;10240;10228
1472;14616107000;14555166666;15055166666;10240;10228
1475;14656997000;14555511111;15055511111;10240;10228
1477;14657027000;14596822222;15096822222;10240;10228
1479;14657034000;14596822222;15096822222;10240;10228
1481;14657039000;14596822222;15096822222;10240;10228
1483;14657061000;14596822222;15096822222;10240;10228
1474;14657158000;14555511111;15055511111;10240;10228
1476;14657357000;14555511111;15055511111;10240;10228
1478;14657384000;14596822222;15096822222;10240;10228
1480;14657563000;14596822222;15096822222;10240;10228
1482;14657758000;14596822222;15096822222;10240;10228
1484;14657793000;14596877777;15096877777;10240;10228
1485;14698608000;14597200000;15097200000;10240;10228
1487;14698620000;14597200000;15097200000;10240;10228
1489;14698638000;14638500000;15138500000;10240;10228
1491;14698644000;14638500000;15138500000;10240;10228
1493;14698653000;14638500000;15138500000;10240;10228
1495;14698670000;14638544444;15138544444;10240;10228
1486;14698821000;14597200000;15097200000;10240;10228
1488;14699025000;14638500000;15138500000;10240;10228
1490;14699070000;14638500000;15138500000;10240;10228
1492;14699225000;14638500000;15138500000;10240;10228
1494;14699439000;14638500000;15138500000;10240;10228
1497;14740348000;14638844444;15138844444;10240;10228
1499;14740376000;14680188888;15180188888;10240;10228
1501;14740381000;14680188888;15180188888;10240;10228
1503;14740386000;14680188888;15180188888;10240;10228
1505;14740390000;14680188888;15180188888;10240;10228
1496;14740513000;14638844444;15138844444;10240;10228
1498;14740719000;14638844444;15138844444;10240;10228
1500;14740748000;14680188888;15180188888;10240;10228
1502;14740919000;14680188888;15180188888;10240;10228
1504;14741130000;14680188888;15180188888;10240;10228
1506;14741159000;14680233333;15180233333;10240;10228
1507;14781988000;14680522222;15180522222;10240;10228
1509;14782000000;14680522222;15180522222;10240;10228
1511;14782017000;14721866666;15221866666;10240;10228
1513;14782028000;14721866666;15221866666;10240;10228
1515;14782034000;14721866666;15221866666;10240;10228
1508;14782225000;14680522222;15180522222;10240;10228
1510;14782420000;14721866666;15221866666;10240;10228
1512;14782448000;14721866666;15221866666;10240;10228
1514;14782627000;14721866666;15221866666;10240;10228
1516;14782834000;14721866666;15221866666;10240;10228
1519;14823652000;14722244444;15222244444;10240;10228
1521;14823663000;14763533333;15263533333;10240;10228
1523;14823668000;14763533333;15263533333;10240;10228
1525;14823682000;14763533333;15263533333;10240;10228
1527;14823694000;14763533333;15263533333;10240;10228
1518;14823876000;14722244444;15222244444;10240;10228
1520;14824117000;14722244444;15222244444;10240;10228
1522;14824135000;14763533333;15263533333;10240;10228
1524;14824293000;14763533333;15263533333;10240;10228
1526;14824496000;14763533333;15263533333;10240;10228
1528;14824517000;14763577777;15263577777;10240;10228
1529;14865348000;14763855555;15263855555;10240;10228
1531;14865360000;14763855555;15263855555;10240;10228
1533;14865365000;14805200000;15305200000;10240;10228
1535;14865370000;14805200000;15305200000;10240;10228
1537;14865374000;14805200000;15305200000;10240;10228
1539;14865379000;14805244444;15305244444;10240;10228
1530;14865520000;14763855555;15263855555;10240;10228
1532;14865724000;14805200000;15305200000;10240;10228
1534;14865745000;14805200000;15305200000;10240;10228
1536;14865927000;14805200000;15305200000;10240;10228
1538;14866134000;14805200000;15305200000;10240;10228
1541;14907016000;14805555555;15305555555;10240;10228
1543;14907029000;14846833333;15346833333;10240;10228
1545;14907034000;14846833333;15346833333;10240;10228
1547;14907038000;14846833333;15346833333;10240;10228
1549;14907065000;14846833333;15346833333;10240;10228
1540;14907165000;14805555555;15305555555;10240;10228
1542;14907388000;14805555555;15305555555;10240;10228
1544;14907399000;14846833333;15346833333;10240;10228
1546;14907597000;14846833333;15346833333;10240;10228
1548;14907789000;14846833333;15346833333;10240;10228
1550;14907809000;14846877777;15346877777;10240;10228
1517;14943938000;14721911111;15221911111;10240;10228
1551;14948671000;14847200000;15347200000;10240;10228
1552;14948875000;14847200000;15347200000;10240;10228
1553;14949089000;14847200000;15347200000;10240;10228
1554;14949108000;14888522222;15388522222;10240;10228
1555;14949292000;14888522222;15388522222;10240;10228
1556;14949496000;14888522222;15388522222;10240;10228
1557;14949515000;14888522222;15388522222;10240;10228
1558;14949718000;14888522222;15388522222;10240;10228
1559;14985611000;14888522222;15388522222;10240;10228
1560;14985623000;14888522222;15388522222;10240;10228
1561;14985637000;14888566666;15388566666;10240;10228
1563;14990312000;14888855555;15388855555;10240;10228
1565;14990335000;14930200000;15430200000;10240;10228
1562;14990518000;14888855555;15388855555;10240;10228
1564;14990720000;14888855555;15388855555;10240;10228
1566;14990755000;14930200000;15430200000;10240;10228
1568;14990922000;14930200000;15430200000;10240;10228
1569;14991126000;14930200000;15430200000;10240;10228
1570;14991134000;14930200000;15430200000;10240;10228
1571;15027308000;14930200000;15430200000;10240;10228
1572;15027329000;14930244444;15430244444;10240;10228
1574;15032018000;14930566666;15430566666;10240;10228
1576;15032030000;14971855555;15471855555;10240;10228
1578;15032034000;14971855555;15471855555;10240;10228
1573;15032211000;14930566666;15430566666;10240;10228
1575;15032419000;14930566666;15430566666;10240;10228
1577;15032440000;14971855555;15471855555;10240;10228
1579;15032626000;14971855555;15471855555;10240;10228
1580;15032834000;14971855555;15471855555;10240;10228
1581;15032843000;14971855555;15471855555;10240;10228
1582;15033028000;14971855555;15471855555;10240;10228
1583;15064225000;14971911111;15471911111;10240;10228
1585;15073719000;14972211111;15472211111;10240;10228
1587;15073740000;15013533333;15513533333;10240;10228
1584;15073876000;14972211111;15472211111;10240;10228
1586;15074064000;14972211111;15472211111;10240;10228
1588;15074292000;15013533333;15513533333;10240;10228
1589;15074312000;15013533333;15513533333;10240;10228
1590;15074494000;15013533333;15513533333;10240;10228
1591;15074515000;15013533333;15513533333;10240;10228
1592;15074702000;15013533333;15513533333;10240;10228
1593;15096506000;15013533333;15513533333;10240;10228
1594;15096732000;15013577777;15513577777;10240;10228
1595;15115384000;15013855555;15513855555;10240;10228
1597;15115394000;15013855555;15513855555;10240;10228
1599;15115400000;15055200000;15555200000;10240;10228
1601;15115404000;15055200000;15555200000;10240;10228
1603;15115408000;15055200000;15555200000;10240;10228
1596;15115546000;15013855555;15513855555;10240;10228
1598;15115751000;15055200000;15555200000;10240;10228
1600;15115772000;15055200000;15555200000;10240;10228
1602;15115949000;15055200000;15555200000;10240;10228
1604;15116163000;15055200000;15555200000;10240;10228
1605;15116182000;15055244444;15555244444;10240;10228
1567;15152505000;14930200000;15430200000;10240;10228
1606;15157190000;15055566666;15555566666;10240;10228
1607;15157392000;15055566666;15555566666;10240;10228
1608;15157403000;15055566666;15555566666;10240;10228
1609;15157606000;15096844444;15596844444;10240;10228
1610;15157796000;15096844444;15596844444;10240;10228
1611;15157816000;15096844444;15596844444;10240;10228
1612;15158000000;15096844444;15596844444;10240;10228
1613;15184492000;15096844444;15596844444;10240;10228
1614;15194040000;15096844444;15596844444;10240;10228
1615;15194058000;15096844444;15596844444;10240;10228
1616;15194251000;15096888888;15596888888;10240;10228
1617;15198884000;15097266666;15597266666;10240;10228
1618;15199088000;15097266666;15597266666;10240;10228
1619;15199097000;15097266666;15597266666;10240;10228
1620;15199300000;15138533333;15638533333;10240;10228
1621;15199497000;15138533333;15638533333;10240;10228
1622;15199517000;15138533333;15638533333;10240;10228
1623;15199725000;15138533333;15638533333;10240;10228
1624;15216953000;15138533333;15638533333;10240;10228
1625;15217157000;15138533333;15638533333;10240;10228
1626;15235629000;15138533333;15638533333;10240;10228
1627;15235649000;15138566666;15638566666;10240;10228
1628;15240302000;15138877777;15638877777;10240;10228
1630;15240313000;15138877777;15638877777;10240;10228
1632;15240331000;15180200000;15680200000;10240;10228
1629;15240524000;15138877777;15638877777;10240;10228
1631;15240725000;15180200000;15680200000;10240;10228
1633;15240761000;15180200000;15680200000;10240;10228
1634;15240927000;15180200000;15680200000;10240;10228
1635;15241145000;15180200000;15680200000;10240;10228
1636;15241155000;15180200000;15680200000;10240;10228
1637;15272925000;15180200000;15680200000;10240;10228
1638;15277757000;15180244444;15680244444;10240;10228
1639;15282179000;15180544444;15680544444;10240;10228
1640;15282378000;15180544444;15680544444;10240;10228
1641;15282581000;15180544444;15680544444;10240;10228
1642;15282603000;15221844444;15721844444;10240;10228
1643;15282778000;15221844444;15721844444;10240;10228
1644;15282799000;15221844444;15721844444;10240;10228
1645;15314289000;15221844444;15721844444;10240;10228
1646;15314301000;15221844444;15721844444;10240;10228
1647;15314309000;15221844444;15721844444;10240;10228
1648;15314322000;15221844444;15721844444;10240;10228
1649;15314578000;15221877777;15721877777;10240;10228
1650;15323874000;15222300000;15722300000;10240;10228
1651;15324070000;15222300000;15722300000;10240;10228
1652;15324272000;15222300000;15722300000;10240;10228
1653;15324293000;15263522222;15763522222;10240;10228
1654;15324478000;15263522222;15763522222;10240;10228
1655;15324500000;15263522222;15763522222;10240;10228
1656;15324688000;15263522222;15763522222;10240;10228
1657;15324710000;15263522222;15763522222;10240;10228
1658;15337576000;15263522222;15763522222;10240;10228
1659;15337759000;15263522222;15763522222;10240;10228
1660;15355905000;15263566666;15763566666;10240;10228
1662;15365332000;15263855555;15763855555;10240;10228
1664;15365357000;15305200000;15805200000;10240;10228
1666;15365366000;15305200000;15805200000;10240;10228
1668;15365386000;15305200000;15805200000;10240;10228
1661;15365530000;15263855555;15763855555;10240;10228
1663;15365739000;15263855555;15763855555;10240;10228
1665;15365935000;15305200000;15805200000;10240;10228
1667;15365964000;15305200000;15805200000;10240;10228
1669;15366145000;15305200000;15805200000;10240;10228
1670;15366166000;15305200000;15805200000;10240;10228
1671;15393291000;15305244444;15805244444;10240;10228
1672;15407211000;15305555555;15805555555;10240;10228
1673;15407401000;15305555555;15805555555;10240;10228
1674;15407606000;15305555555;15805555555;10240;10228
1675;15407628000;15346866666;15846866666;10240;10228
1676;15407804000;15346866666;15846866666;10240;10228
1677;15407825000;15346866666;15846866666;10240;10228
1678;15431593000;15346866666;15846866666;10240;10228
1679;15434542000;15346866666;15846866666;10240;10228
1680;15434551000;15346866666;15846866666;10240;10228
1681;15434556000;15346866666;15846866666;10240;10228
1682;15434560000;15346888888;15846888888;10240;10228
1684;15448704000;15347233333;15847233333;10240;10228
1686;15448726000;15388533333;15888533333;10240;10228
1683;15448924000;15347233333;15847233333;10240;10228
1685;15449155000;15347233333;15847233333;10240;10228
1687;15449181000;15388533333;15888533333;10240;10228
1688;15449329000;15388533333;15888533333;10240;10228
1689;15449526000;15388533333;15888533333;10240;10228
1690;15449547000;15388533333;15888533333;10240;10228
1691;15449725000;15388533333;15888533333;10240;10228
1692;15449748000;15388533333;15888533333;10240;10228
1693;15458007000;15388577777;15888577777;10240;10228
1694;15490348000;15388866666;15888866666;10240;10228
1696;15490359000;15388866666;15888866666;10240;10228
1698;15490377000;15430200000;15930200000;10240;10228
1700;15490382000;15430200000;15930200000;10240;10228
1695;15490575000;15388866666;15888866666;10240;10228
1697;15490757000;15430200000;15930200000;10240;10228
1699;15490791000;15430200000;15930200000;10240;10228
1701;15490940000;15430200000;15930200000;10240;10228
1702;15491167000;15430200000;15930200000;10240;10228
1703;15491187000;15430200000;15930200000;10240;10228
1704;15491398000;15430244444;15930244444;10240;10228
1705;15532222000;15430555555;15930555555;10240;10228
1706;15532421000;15430555555;15930555555;10240;10228
1707;15532441000;15430555555;15930555555;10240;10228
1708;15532668000;15471844444;15971844444;10240;10228
1709;15532824000;15471844444;15971844444;10240;10228
1710;15532843000;15471844444;15971844444;10240;10228
1711;15533017000;15471844444;15971844444;10240;10228
1712;15533028000;15471844444;15971844444;10240;10228
1713;15552086000;15471844444;15971844444;10240;10228
1714;15552310000;15471844444;15971844444;10240;10228
1715;15554800000;15471888888;15971888888;10240;10228
1717;15573672000;15472311111;15972311111;10240;10228
1719;15573695000;15513533333;16013533333;10240;10228
1721;15573702000;15513533333;16013533333;10240;10228
1723;15573706000;15513533333;16013533333;10240;10228
1725;15573711000;15513533333;16013533333;10240;10228
1716;15573914000;15472311111;15972311111;10240;10228
1718;15574163000;15472311111;15972311111;10240;10228
1720;15574187000;15513533333;16013533333;10240;10228
1722;15574327000;15513533333;16013533333;10240;10228
1724;15574522000;15513533333;16013533333;10240;10228
1726;15574559000;15513577777;16013577777;10240;10228
1727;15615366000;15513855555;16013855555;10240;10228
1729;15615376000;15513855555;16013855555;10240;10228
1731;15615395000;15555200000;16055200000;10240;10228
1733;15615405000;15555200000;16055200000;10240;10228
1735;15615420000;15555200000;16055200000;10240;10228
1728;15615598000;15513855555;16013855555;10240;10228
1730;15615804000;15555200000;16055200000;10240;10228
1732;15615838000;15555200000;16055200000;10240;10228
1734;15615969000;15555200000;16055200000;10240;10228
1736;15616184000;15555200000;16055200000;10240;10228
1737;15616194000;15555244444;16055244444;10240;10228
1738;15657208000;15555577777;16055577777;10240;10228
1739;15657396000;15555577777;16055577777;10240;10228
1740;15657417000;15555577777;16055577777;10240;10228
1741;15657624000;15596844444;16096844444;10240;10228
1742;15657797000;15596844444;16096844444;10240;10228
1743;15657806000;15596844444;16096844444;10240;10228
1744;15657969000;15596844444;16096844444;10240;10228
1745;15658200000;15596844444;16096844444;10240;10228
1746;15658221000;15596844444;16096844444;10240;10228
1747;15658395000;15596844444;16096844444;10240;10228
1748;15658415000;15596900000;16096900000;10240;10228
1749;15698650000;15597333333;16097333333;10240;10228
1751;15698662000;15597333333;16097333333;10240;10228
1753;15698680000;15638500000;16138500000;10240;10228
1755;15698690000;15638500000;16138500000;10240;10228
1757;15698710000;15638500000;16138500000;10240;10228
1759;15698714000;15638544444;16138544444;10240;10228
1750;15698872000;15597333333;16097333333;10240;10228
1752;15699055000;15638500000;16138500000;10240;10228
1754;15699090000;15638500000;16138500000;10240;10228
1756;15699290000;15638500000;16138500000;10240;10228
1758;15699505000;15638500000;16138500000;10240;10228
1761;15740328000;15638855555;16138855555;10240;10228
1763;15740358000;15680166666;16180166666;10240;10228
1765;15740364000;15680166666;16180166666;10240;10228
1767;15740369000;15680166666;16180166666;10240;10228
1769;15740382000;15680166666;16180166666;10240;10228
1760;15740570000;15638855555;16138855555;10240;10228
1762;15740767000;15638855555;16138855555;10240;10228
1764;15740925000;15680166666;16180166666;10240;10228
1766;15740956000;15680166666;16180166666;10240;10228
1768;15741166000;15680166666;16180166666;10240;10228
1770;15741194000;15680211111;16180211111;10240;10228
1771;15781996000;15680511111;16180511111;10240;10228
1773;15782008000;15680511111;16180511111;10240;10228
1772;15782263000;15680511111;16180511111;10240;10228
1774;15782461000;15721866666;16221866666;10240;10228
1775;15782645000;15721866666;16221866666;10240;10228
1776;15782656000;15721866666;16221866666;10240;10228
1777;15782849000;15721866666;16221866666;10240;10228
1778;15782859000;15721866666;16221866666;10240;10228
1779;15783023000;15721866666;16221866666;10240;10228
1780;15783032000;15721866666;16221866666;10240;10228
1781;15783295000;15721911111;16221911111;10240;10228
1783;15823616000;15722233333;16222233333;10240;10228
1785;15823646000;15763500000;16263500000;10240;10228
1787;15823652000;15763500000;16263500000;10240;10228
1789;15823658000;15763500000;16263500000;10240;10228
1791;15823671000;15763500000;16263500000;10240;10228
1782;15823869000;15722233333;16222233333;10240;10228
1784;15824035000;15722233333;16222233333;10240;10228
1786;15824260000;15763500000;16263500000;10240;10228
1788;15824285000;15763500000;16263500000;10240;10228
1790;15824457000;15763500000;16263500000;10240;10228
1792;15824492000;15763544444;16263544444;10240;10228
1793;15865326000;15763855555;16263855555;10240;10228
1795;15865338000;15763855555;16263855555;10240;10228
1797;15865355000;15805166666;16305166666;10240;10228
1799;15865363000;15805166666;16305166666;10240;10228
1801;15865367000;15805166666;16305166666;10240;10228
1803;15865372000;15805222222;16305222222;10240;10228
1794;15865550000;15763855555;16263855555;10240;10228
1796;15865731000;15805166666;16305166666;10240;10228
1798;15865766000;15805166666;16305166666;10240;10228
1800;15865925000;15805166666;16305166666;10240;10228
1802;15866108000;15805166666;16305166666;10240;10228
1805;15907021000;15805544444;16305544444;10240;10228
1807;15907055000;15846833333;16346833333;10240;10228
1809;15907061000;15846833333;16346833333;10240;10228
1804;15907240000;15805544444;16305544444;10240;10228
1806;15907427000;15805544444;16305544444;10240;10228
1808;15907453000;15846833333;16346833333;10240;10228
1810;15907608000;15846833333;16346833333;10240;10228
1811;15907813000;15846833333;16346833333;10240;10228
1812;15907818000;15846833333;16346833333;10240;10228
1813;15908018000;15846833333;16346833333;10240;10228
1814;15908024000;15846877777;16346877777;10240;10228
1815;15948592000;15847222222;16347222222;10240;10228
1817;15948604000;15847222222;16347222222;10240;10228
1819;15948622000;15888500000;16388500000;10240;10228
1821;15948632000;15888500000;16388500000;10240;10228
1823;15948645000;15888500000;16388500000;10240;10228
1816;15948852000;15847222222;16347222222;10240;10228
1818;15949058000;15888500000;16388500000;10240;10228
1820;15949094000;15888500000;16388500000;10240;10228
1822;15949290000;15888500000;16388500000;10240;10228
1824;15949494000;15888500000;16388500000;10240;10228
1825;15949515000;15888544444;16388544444;10240;10228
1827;15990330000;15888833333;16388833333;10240;10228
1829;15990354000;15930166666;16430166666;10240;10228
1831;15990366000;15930166666;16430166666;10240;10228
1833;15990380000;15930166666;16430166666;10240;10228
1835;15990384000;15930166666;16430166666;10240;10228
1826;15990529000;15888833333;16388833333;10240;10228
1828;15990698000;15888833333;16388833333;10240;10228
1830;15990920000;15930166666;16430166666;10240;10228
1832;15990945000;15930166666;16430166666;10240;10228
1834;15991125000;15930166666;16430166666;10240;10228
1836;15991150000;15930222222;16430222222;10240;10228
1837;16032069000;15930533333;16430533333;10240;10228
1839;16032080000;15930533333;16430533333;10240;10228
1841;16032098000;15971833333;16471833333;10240;10228
1843;16032112000;15971833333;16471833333;10240;10228
1838;16032228000;15930533333;16430533333;10240;10228
1840;16032400000;15971833333;16471833333;10240;10228
1842;16032424000;15971833333;16471833333;10240;10228
1844;16032623000;15971833333;16471833333;10240;10228
1845;16032797000;15971833333;16471833333;10240;10228
1846;16032809000;15971833333;16471833333;10240;10228
1847;16032966000;15971888888;16471888888;10240;10228
1849;16073643000;15972177777;16472177777;10240;10228
1851;16073665000;16013522222;16513522222;10240;10228
1853;16073672000;16013522222;16513522222;10240;10228
1855;16073677000;16013522222;16513522222;10240;10228
1857;16073681000;16013522222;16513522222;10240;10228
1848;16073846000;15972177777;16472177777;10240;10228
1850;16074071000;15972177777;16472177777;10240;10228
1852;16074107000;16013522222;16513522222;10240;10228
1854;16074259000;16013522222;16513522222;10240;10228
1856;16074467000;16013522222;16513522222;10240;10228
1858;16074491000;16013577777;16513577777;10240;10228
1859;16115336000;16013833333;16513833333;10240;10228
1861;16115346000;16013833333;16513833333;10240;10228
1863;16115365000;16055177777;16555177777;10240;10228
1865;16115375000;16055177777;16555177777;10240;10228
1867;16115395000;16055177777;16555177777;10240;10228
1869;16115399000;16055222222;16555222222;10240;10228
1860;16115502000;16013833333;16513833333;10240;10228
1862;16115705000;16055177777;16555177777;10240;10228
1864;16115733000;16055177777;16555177777;10240;10228
1866;16115905000;16055177777;16555177777;10240;10228
1868;16116106000;16055177777;16555177777;10240;10228
1871;16157024000;16055533333;16555533333;10240;10228
1873;16157056000;16096833333;16596833333;10240;10228
1875;16157074000;16096833333;16596833333;10240;10228
1877;16157093000;16096833333;16596833333;10240;10228
1879;16157098000;16096833333;16596833333;10240;10228
1870;16157202000;16055533333;16555533333;10240;10228
1872;16157377000;16055533333;16555533333;10240;10228
1874;16157585000;16096833333;16596833333;10240;10228
1876;16157621000;16096833333;16596833333;10240;10228
1878;16157789000;16096833333;16596833333;10240;10228
1880;16157824000;16096877777;16596877777;10240;10228
1881;16198614000;16097133333;16597133333;10240;10228
1883;16198625000;16097133333;16597133333;10240;10228
1885;16198643000;16138488888;16638488888;10240;10228
1887;16198649000;16138488888;16638488888;10240;10228
1889;16198654000;16138488888;16638488888;10240;10228
1882;16198822000;16097133333;16597133333;10240;10228
1884;16199030000;16138488888;16638488888;10240;10228
1886;16199086000;16138488888;16638488888;10240;10228
1888;16199228000;16138488888;16638488888;10240;10228
1890;16199432000;16138488888;16638488888;10240;10228
1891;16199440000;16138544444;16638544444;10240;10228
1893;16240331000;16138811111;16638811111;10240;10228
1895;16240355000;16180177777;16680177777;10240;10228
1897;16240367000;16180177777;16680177777;10240;10228
1899;16240372000;16180177777;16680177777;10240;10228
1901;16240387000;16180177777;16680177777;10240;10228
1892;16240493000;16138811111;16638811111;10240;10228
1894;16240697000;16138811111;16638811111;10240;10228
1896;16240731000;16180177777;16680177777;10240;10228
1898;16240892000;16180177777;16680177777;10240;10228
1900;16241079000;16180177777;16680177777;10240;10228
1902;16241110000;16180222222;16680222222;10240;10228
1903;16281963000;16180522222;16680522222;10240;10228
1905;16281972000;16180522222;16680522222;10240;10228
1907;16281989000;16221833333;16721833333;10240;10228
1909;16281994000;16221833333;16721833333;10240;10228
1911;16282009000;16221833333;16721833333;10240;10228
1913;16282023000;16221877777;16721877777;10240;10228
1904;16282208000;16180522222;16680522222;10240;10228
1906;16282409000;16221833333;16721833333;10240;10228
1908;16282435000;16221833333;16721833333;10240;10228
1910;16282650000;16221833333;16721833333;10240;10228
1912;16282857000;16221833333;16721833333;10240;10228
1915;16323630000;16222188888;16722188888;10240;10228
1917;16323656000;16263533333;16763533333;10240;10228
1919;16323671000;16263533333;16763533333;10240;10228
1921;16323685000;16263533333;16763533333;10240;10228
1923;16323689000;16263533333;16763533333;10240;10228
1914;16323895000;16222188888;16722188888;10240;10228
1916;16324084000;16222188888;16722188888;10240;10228
1918;16324114000;16263533333;16763533333;10240;10228
1920;16324290000;16263533333;16763533333;10240;10228
1922;16324468000;16263533333;16763533333;10240;10228
1924;16324494000;16263577777;16763577777;10240;10228
1925;16365335000;16263855555;16763855555;10240;10228
1927;16365348000;16263855555;16763855555;10240;10228
1929;16365366000;16305166666;16805166666;10240;10228
1931;16365371000;16305166666;16805166666;10240;10228
1933;16365391000;16305166666;16805166666;10240;10228
1935;16365395000;16305222222;16805222222;10240;10228
1926;16365502000;16263855555;16763855555;10240;10228
1928;16365701000;16305166666;16805166666;10240;10228
1930;16365737000;16305166666;16805166666;10240;10228
1932;16365898000;16305166666;16805166666;10240;10228
1934;16366115000;16305166666;16805166666;10240;10228
1937;16407015000;16305511111;16805511111;10240;10228
1939;16407053000;16346833333;16846833333;10240;10228
1941;16407059000;16346833333;16846833333;10240;10228
1943;16407073000;16346833333;16846833333;10240;10228
1945;16407077000;16346833333;16846833333;10240;10228
1936;16407181000;16305511111;16805511111;10240;10228
1938;16407391000;16305511111;16805511111;10240;10228
1940;16407417000;16346833333;16846833333;10240;10228
1942;16407584000;16346833333;16846833333;10240;10228
1944;16407758000;16346833333;16846833333;10240;10228
1946;16407784000;16346877777;16846877777;10240;10228
1947;16448611000;16347177777;16847177777;10240;10228
1949;16448624000;16347177777;16847177777;10240;10228
1951;16448644000;16388500000;16888500000;10240;10228
1953;16448649000;16388500000;16888500000;10240;10228
1955;16448780000;16388500000;16888500000;10240;10228
1957;16448791000;16388544444;16888544444;10240;10228
1948;16448813000;16347177777;16847177777;10240;10228
1950;16449024000;16388500000;16888500000;10240;10228
1952;16449060000;16388500000;16888500000;10240;10228
1954;16449226000;16388500000;16888500000;10240;10228
1956;16449436000;16388500000;16888500000;10240;10228
1959;16490330000;16388800000;16888800000;10240;10228
1961;16490360000;16430166666;16930166666;10240;10228
1963;16490369000;16430166666;16930166666;10240;10228
1965;16490383000;16430166666;16930166666;10240;10228
1967;16490387000;16430166666;16930166666;10240;10228
1958;16490492000;16388800000;16888800000;10240;10228
1960;16490701000;16388800000;16888800000;10240;10228
1962;16490744000;16430166666;16930166666;10240;10228
1964;16490891000;16430166666;16930166666;10240;10228
1966;16491078000;16430166666;16930166666;10240;10228
1968;16491095000;16430222222;16930222222;10240;10228
1969;16531964000;16430500000;16930500000;10240;10228
1971;16531976000;16430500000;16930500000;10240;10228
1973;16531994000;16471833333;16971833333;10240;10228
1975;16532004000;16471833333;16971833333;10240;10228
1977;16532010000;16471833333;16971833333;10240;10228
1979;16532015000;16471877777;16971877777;10240;10228
1970;16532164000;16430500000;16930500000;10240;10228
1972;16532380000;16471833333;16971833333;10240;10228
1974;16532405000;16471833333;16971833333;10240;10228
1976;16532583000;16471833333;16971833333;10240;10228
1978;16532778000;16471833333;16971833333;10240;10228
1981;16573650000;16472166666;16972166666;10240;10228
1983;16573673000;16513511111;17013511111;10240;10228
1985;16573681000;16513511111;17013511111;10240;10228
1987;16573687000;16513511111;17013511111;10240;10228
1989;16573691000;16513511111;17013511111;10240;10228
1980;16573867000;16472166666;16972166666;10240;10228
1982;16574034000;16472166666;16972166666;10240;10228
1984;16574274000;16513511111;17013511111;10240;10228
1986;16574298000;16513511111;17013511111;10240;10228
1988;16574465000;16513511111;17013511111;10240;10228
1990;16574484000;16513566666;17013566666;10240;10228
1991;16615352000;16513822222;17013822222;10240;10228
1993;16615364000;16513822222;17013822222;10240;10228
1995;16615382000;16555166666;17055166666;10240;10228
1997;16615387000;16555166666;17055166666;10240;10228
1999;16615407000;16555166666;17055166666;10240;10228
2001;16615411000;16555211111;17055211111;10240;10228
1992;16615515000;16513822222;17013822222;10240;10228
1994;16615724000;16555166666;17055166666;10240;10228
1996;16615758000;16555166666;17055166666;10240;10228
1998;16615919000;16555166666;17055166666;10240;10228
2000;16616128000;16555166666;17055166666;10240;10228
2003;16656944000;16555522222;17055522222;10240;10228
2005;16656966000;16596833333;17096833333;10240;10228
2007;16656975000;16596833333;17096833333;10240;10228
2009;16656980000;16596833333;17096833333;10240;10228
2011;16656984000;16596833333;17096833333;10240;10228
2002;16657156000;16555522222;17055522222;10240;10228
2004;16657364000;16555522222;17055522222;10240;10228
2006;16657392000;16596833333;17096833333;10240;10228
2008;16657570000;16596833333;17096833333;10240;10228
2010;16657758000;16596833333;17096833333;10240;10228
2012;16657777000;16596888888;17096888888;10240;10228
2013;16698655000;16597222222;17097222222;10240;10228
2015;16698665000;16597222222;17097222222;10240;10228
2017;16698684000;16638500000;17138500000;10240;10228
2019;16698690000;16638500000;17138500000;10240;10228
2021;16698695000;16638500000;17138500000;10240;10228
2023;16698712000;16638544444;17138544444;10240;10228
2014;16698825000;16597222222;17097222222;10240;10228
2016;16699028000;16638500000;17138500000;10240;10228
2018;16699073000;16638500000;17138500000;10240;10228
2020;16699245000;16638500000;17138500000;10240;10228
2022;16699448000;16638500000;17138500000;10240;10228
2025;16740361000;16638844444;17138844444;10240;10228
2027;16740383000;16680166666;17180166666;10240;10228
2029;16740391000;16680166666;17180166666;10240;10228
2031;16740395000;16680166666;17180166666;10240;10228
2033;16740401000;16680166666;17180166666;10240;10228
2024;16740514000;16638844444;17138844444;10240;10228
2026;16740722000;16638844444;17138844444;10240;10228
2028;16740757000;16680166666;17180166666;10240;10228
2030;16740924000;16680166666;17180166666;10240;10228
2032;16741130000;16680166666;17180166666;10240;10228
2034;16741159000;16680211111;17180211111;10240;10228
2035;16782002000;16680488888;17180488888;10240;10228
2037;16782015000;16680488888;17180488888;10240;10228
2039;16782033000;16721866666;17221866666;10240;10228
2041;16782050000;16721866666;17221866666;10240;10228
2043;16782069000;16721866666;17221866666;10240;10228
2045;16782074000;16721911111;17221911111;10240;10228
2036;16782211000;16680488888;17180488888;10240;10228
2038;16782421000;16721866666;17221866666;10240;10228
2040;16782438000;16721866666;17221866666;10240;10228
2042;16782625000;16721866666;17221866666;10240;10228
2044;16782830000;16721866666;17221866666;10240;10228
2047;16823673000;16722244444;17222244444;10240;10228
2049;16823699000;16763555555;17263555555;10240;10228
2051;16823707000;16763555555;17263555555;10240;10228
2053;16823712000;16763555555;17263555555;10240;10228
2055;16823726000;16763555555;17263555555;10240;10228
2046;16823888000;16722244444;17222244444;10240;10228
2048;16824069000;16722244444;17222244444;10240;10228
2050;16824296000;16763555555;17263555555;10240;10228
2052;16824317000;16763555555;17263555555;10240;10228
2054;16824492000;16763555555;17263555555;10240;10228
2056;16824512000;16763600000;17263600000;10240;10228
2057;16865351000;16763866666;17263866666;10240;10228
2059;16865362000;16763866666;17263866666;10240;10228
2061;16865382000;16805200000;17305200000;10240;10228
2063;16865387000;16805200000;17305200000;10240;10228
2065;16865392000;16805200000;17305200000;10240;10228
2067;16865408000;16805244444;17305244444;10240;10228
2058;16865524000;16763866666;17263866666;10240;10228
2060;16865729000;16805200000;17305200000;10240;10228
2062;16865758000;16805200000;17305200000;10240;10228
2064;16865920000;16805200000;17305200000;10240;10228
2066;16866120000;16805200000;17305200000;10240;10228
2069;16906936000;16805544444;17305544444;10240;10228
2071;16906966000;16846833333;17346833333;10240;10228
2073;16906972000;16846833333;17346833333;10240;10228
2075;16906977000;16846833333;17346833333;10240;10228
2077;16906991000;16846833333;17346833333;10240;10228
2068;16907151000;16805544444;17305544444;10240;10228
2070;16907360000;16805544444;17305544444;10240;10228
2072;16907374000;16846833333;17346833333;10240;10228
2074;16907566000;16846833333;17346833333;10240;10228
2076;16907752000;16846833333;17346833333;10240;10228
2079;16948681000;16847188888;17347188888;10240;10228
2081;16948704000;16847188888;17347188888;10240;10228
2083;16948711000;16888500000;17388500000;10240;10228
2085;16948716000;16888500000;17388500000;10240;10228
2087;16948720000;16888500000;17388500000;10240;10228
2089;16948733000;16888544444;17388544444;10240;10228
2082;16948847000;16888500000;17388500000;10240;10228
2084;16949072000;16888500000;17388500000;10240;10228
2086;16949091000;16888500000;17388500000;10240;10228
2088;16949263000;16888500000;17388500000;10240;10228
2091;16990337000;16888822222;17388822222;10240;10228
2093;16990352000;16930200000;17430200000;10240;10228
2095;16990357000;16930200000;17430200000;10240;10228
2097;16990362000;16930200000;17430200000;10240;10228
2099;16990366000;16930200000;17430200000;10240;10228
2090;16990545000;16888822222;17388822222;10240;10228
2092;16990747000;16888822222;17388822222;10240;10228
2094;16990767000;16930200000;17430200000;10240;10228
2096;16990949000;16930200000;17430200000;10240;10228
2098;16991157000;16930200000;17430200000;10240;10228
2100;16991168000;16930244444;17430244444;10240;10228
2102;17031965000;16930544444;17430544444;10240;10228
2104;17031978000;16971855555;17471855555;10240;10228
2106;17031988000;16971855555;17471855555;10240;10228
2108;17031993000;16971855555;17471855555;10240;10228
2110;17031998000;16971855555;17471855555;10240;10228
2101;17032181000;16930544444;17430544444;10240;10228
2103;17032390000;16930544444;17430544444;10240;10228
2105;17032411000;16971855555;17471855555;10240;10228
2107;17032596000;16971855555;17471855555;10240;10228
2109;17032792000;16971855555;17471855555;10240;10228
2111;17032812000;16971911111;17471911111;10240;10228
2078;17069420000;16846877777;17346877777;10240;10228
2080;17069678000;16847188888;17347188888;10240;10228
2112;17073680000;16972233333;17472233333;10240;10228
2114;17073696000;16972233333;17472233333;10240;10228
2115;17073714000;17013500000;17513500000;10240;10228
2116;17073724000;17013500000;17513500000;10240;10228
2117;17073731000;17013500000;17513500000;10240;10228
2118;17073736000;17013500000;17513500000;10240;10228
2119;17073750000;17013500000;17513500000;10240;10228
2120;17073772000;17013500000;17513500000;10240;10228
2113;17073845000;16972233333;17472233333;10240;10228
2121;17110806000;17013500000;17513500000;10240;10228
2122;17110827000;17013544444;17513544444;10240;10228
2124;17115539000;17013822222;17513822222;10240;10228
2126;17115564000;17055200000;17555200000;10240;10228
2123;17115569000;17013822222;17513822222;10240;10228
2128;17115589000;17055200000;17555200000;10240;10228
2130;17115604000;17055200000;17555200000;10240;10228
2132;17115609000;17055200000;17555200000;10240;10228
2125;17115751000;17013822222;17513822222;10240;10228
2127;17115778000;17055200000;17555200000;10240;10228
2129;17115947000;17055200000;17555200000;10240;10228
2131;17116160000;17055200000;17555200000;10240;10228
2133;17116188000;17055244444;17555244444;10240;10228
2134;17156993000;17055566666;17555566666;10240;10228
2136;17157006000;17055566666;17555566666;10240;10228
2138;17157023000;17096833333;17596833333;10240;10228
2140;17157030000;17096833333;17596833333;10240;10228
2142;17157035000;17096833333;17596833333;10240;10228
2144;17157040000;17096877777;17596877777;10240;10228
2135;17157180000;17055566666;17555566666;10240;10228
2137;17157394000;17096833333;17596833333;10240;10228
2139;17157419000;17096833333;17596833333;10240;10228
2141;17157598000;17096833333;17596833333;10240;10228
2143;17157800000;17096833333;17596833333;10240;10228
2146;17198639000;17097188888;17597188888;10240;10228
2148;17198664000;17138500000;17638500000;10240;10228
2150;17198676000;17138500000;17638500000;10240;10228
2151;17198681000;17138500000;17638500000;10240;10228
2152;17198694000;17138500000;17638500000;10240;10228
2153;17198700000;17138500000;17638500000;10240;10228
2154;17198704000;17138500000;17638500000;10240;10228
2155;17198708000;17138544444;17638544444;10240;10228
2145;17198846000;17097188888;17597188888;10240;10228
2147;17199071000;17097188888;17597188888;10240;10228
2149;17199104000;17138500000;17638500000;10240;10228
2156;17240345000;17138855555;17638855555;10240;10228
2158;17240355000;17138855555;17638855555;10240;10228
2160;17240364000;17180200000;17680200000;10240;10228
2162;17240369000;17180200000;17680200000;10240;10228
2164;17240374000;17180200000;17680200000;10240;10228
2166;17240387000;17180244444;17680244444;10240;10228
2157;17240532000;17138855555;17638855555;10240;10228
2159;17240737000;17180200000;17680200000;10240;10228
2161;17240771000;17180200000;17680200000;10240;10228
2163;17240940000;17180200000;17680200000;10240;10228
2165;17241155000;17180200000;17680200000;10240;10228
2168;17282025000;17180555555;17680555555;10240;10228
2170;17282038000;17221833333;17721833333;10240;10228
2172;17282063000;17221833333;17721833333;10240;10228
2174;17282070000;17221833333;17721833333;10240;10228
2176;17282084000;17221833333;17721833333;10240;10228
2167;17282204000;17180555555;17680555555;10240;10228
2169;17282393000;17180555555;17680555555;10240;10228
2171;17282419000;17221833333;17721833333;10240;10228
2173;17282598000;17221833333;17721833333;10240;10228
2175;17282777000;17221833333;17721833333;10240;10228
2177;17282812000;17221888888;17721888888;10240;10228
2178;17323686000;17222233333;17722233333;10240;10228
2180;17323696000;17222233333;17722233333;10240;10228
2182;17323715000;17263533333;17763533333;10240;10228
2184;17323720000;17263533333;17763533333;10240;10228
2186;17323725000;17263533333;17763533333;10240;10228
2188;17323742000;17263577777;17763577777;10240;10228
2179;17323855000;17222233333;17722233333;10240;10228
2181;17324071000;17263533333;17763533333;10240;10228
2183;17324099000;17263533333;17763533333;10240;10228
2185;17324275000;17263533333;17763533333;10240;10228
2187;17324467000;17263533333;17763533333;10240;10228
2190;17365303000;17263877777;17763877777;10240;10228
2192;17365327000;17305166666;17805166666;10240;10228
2194;17365342000;17305166666;17805166666;10240;10228
2196;17365355000;17305166666;17805166666;10240;10228
2198;17365360000;17305166666;17805166666;10240;10228
2189;17365518000;17263877777;17763877777;10240;10228
2191;17365725000;17263877777;17763877777;10240;10228
2193;17365759000;17305166666;17805166666;10240;10228
2195;17365923000;17305166666;17805166666;10240;10228
2197;17366135000;17305166666;17805166666;10240;10228
2199;17366165000;17305222222;17805222222;10240;10228
2200;17406977000;17305533333;17805533333;10240;10228
2202;17406987000;17305533333;17805533333;10240;10228
2204;17407006000;17346866666;17846866666;10240;10228
2206;17407016000;17346866666;17846866666;10240;10228
2208;17407022000;17346866666;17846866666;10240;10228
2210;17407027000;17346911111;17846911111;10240;10228
2201;17407191000;17305533333;17805533333;10240;10228
2203;17407399000;17346866666;17846866666;10240;10228
2205;17407428000;17346866666;17846866666;10240;10228
2207;17407605000;17346866666;17846866666;10240;10228
2209;17407810000;17346866666;17846866666;10240;10228
2212;17448621000;17347244444;17847244444;10240;10228
2214;17448645000;17388500000;17888500000;10240;10228
2216;17448658000;17388500000;17888500000;10240;10228
2218;17448662000;17388500000;17888500000;10240;10228
2220;17448677000;17388500000;17888500000;10240;10228
2211;17448818000;17347244444;17847244444;10240;10228
2213;17449027000;17347244444;17847244444;10240;10228
2215;17449072000;17388500000;17888500000;10240;10228
2217;17449212000;17388500000;17888500000;10240;10228
2219;17449439000;17388500000;17888500000;10240;10228
2221;17449465000;17388544444;17888544444;10240;10228
2222;17490317000;17388844444;17888844444;10240;10228
2224;17490329000;17388844444;17888844444;10240;10228
2226;17490347000;17430177777;17930177777;10240;10228
2228;17490357000;17430177777;17930177777;10240;10228
2230;17490364000;17430177777;17930177777;10240;10228
2232;17490378000;17430222222;17930222222;10240;10228
2223;17490550000;17388844444;17888844444;10240;10228
2229;17490726000;17430177777;17930177777;10240;10228
2231;17490929000;17430177777;17930177777;10240;10228
2234;17532005000;17430544444;17930544444;10240;10228
2236;17532019000;17471866666;17971866666;10240;10228
2238;17532024000;17471866666;17971866666;10240;10228
2240;17532030000;17471866666;17971866666;10240;10228
2242;17532034000;17471866666;17971866666;10240;10228
2233;17532210000;17430544444;17930544444;10240;10228
2235;17532420000;17430544444;17930544444;10240;10228
2237;17532440000;17471866666;17971866666;10240;10228
2239;17532628000;17471866666;17971866666;10240;10228
2241;17532822000;17471866666;17971866666;10240;10228
2243;17532843000;17471911111;17971911111;10240;10228
2244;17573694000;17472244444;17972244444;10240;10228
2246;17573706000;17472244444;17972244444;10240;10228
2248;17573711000;17513533333;18013533333;10240;10228
2250;17573717000;17513533333;18013533333;10240;10228
2252;17573721000;17513533333;18013533333;10240;10228
2254;17573726000;17513577777;18013577777;10240;10228
2245;17573854000;17472244444;17972244444;10240;10228
2247;17574069000;17513533333;18013533333;10240;10228
2249;17574081000;17513533333;18013533333;10240;10228
2251;17574271000;17513533333;18013533333;10240;10228
2253;17574475000;17513533333;18013533333;10240;10228
2256;17615355000;17513866666;18013866666;10240;10228
2258;17615367000;17555166666;18055166666;10240;10228
2260;17615372000;17555166666;18055166666;10240;10228
2262;17615377000;17555166666;18055166666;10240;10228
2264;17615381000;17555166666;18055166666;10240;10228
2265;17615386000;17555222222;18055222222;10240;10228
2255;17615518000;17513866666;18013866666;10240;10228
2257;17615726000;17513866666;18013866666;10240;10228
2259;17615737000;17555166666;18055166666;10240;10228
2261;17615919000;17555166666;18055166666;10240;10228
2263;17616126000;17555166666;18055166666;10240;10228
2225;17652457000;17430177777;17930177777;10240;10228
2227;17652487000;17430177777;17930177777;10240;10228
2266;17656987000;17555544444;18055544444;10240;10228
2267;17657001000;17555544444;18055544444;10240;10228
2268;17657006000;17555544444;18055544444;10240;10228
2269;17657011000;17596866666;18096866666;10240;10228
2270;17657016000;17596866666;18096866666;10240;10228
2271;17657021000;17596866666;18096866666;10240;10228
2272;17657050000;17596866666;18096866666;10240;10228
2273;17657057000;17596866666;18096866666;10240;10228
2274;17693987000;17596866666;18096866666;10240;10228
2275;17693998000;17596866666;18096866666;10240;10228
2276;17694002000;17596900000;18096900000;10240;10228
2277;17698637000;17597233333;18097233333;10240;10228
2279;17698649000;17597233333;18097233333;10240;10228
2281;17698655000;17638500000;18138500000;10240;10228
2283;17698667000;17638500000;18138500000;10240;10228
2285;17698671000;17638500000;18138500000;10240;10228
2287;17698676000;17638544444;18138544444;10240;10228
2278;17698845000;17597233333;18097233333;10240;10228
2280;17699069000;17638500000;18138500000;10240;10228
2282;17699104000;17638500000;18138500000;10240;10228
2284;17699261000;17638500000;18138500000;10240;10228
2286;17699466000;17638500000;18138500000;10240;10228
2289;17740350000;17638866666;18138866666;10240;10228
2291;17740366000;17680200000;18180200000;10240;10228
2293;17740372000;17680200000;18180200000;10240;10228
2295;17740378000;17680200000;18180200000;10240;10228
2297;17740382000;17680200000;18180200000;10240;10228
2288;17740539000;17638866666;18138866666;10240;10228
2290;17740746000;17638866666;18138866666;10240;10228
2292;17740781000;17680200000;18180200000;10240;10228
2294;17740959000;17680200000;18180200000;10240;10228
2296;17741168000;17680200000;18180200000;10240;10228
2298;17741191000;17680244444;18180244444;10240;10228
2299;17781971000;17680555555;18180555555;10240;10228
2300;17781982000;17680555555;18180555555;10240;10228
2301;17781987000;17680555555;18180555555;10240;10228
2302;17781991000;17721833333;18221833333;10240;10228
2303;17781995000;17721833333;18221833333;10240;10228
2304;17782017000;17721833333;18221833333;10240;10228
2305;17782022000;17721833333;18221833333;10240;10228
2306;17782027000;17721833333;18221833333;10240;10228
2307;17782031000;17721833333;18221833333;10240;10228
2308;17782035000;17721833333;18221833333;10240;10228
2309;17782160000;17721877777;18221877777;10240;10228
2311;17823631000;17722200000;18222200000;10240;10228
2313;17823644000;17763500000;18263500000;10240;10228
2315;17823650000;17763500000;18263500000;10240;10228
2317;17823658000;17763500000;18263500000;10240;10228
2319;17823667000;17763500000;18263500000;10240;10228
2320;17823672000;17763544444;18263544444;10240;10228
2310;17823848000;17722200000;18222200000;10240;10228
2312;17824072000;17722200000;18222200000;10240;10228
2316;17824105000;17763500000;18263500000;10240;10228
2318;17824261000;17763500000;18263500000;10240;10228
2321;17865380000;17763833333;18263833333;10240;10228
2323;17865393000;17763833333;18263833333;10240;10228
2325;17865399000;17805200000;18305200000;10240;10228
2327;17865404000;17805200000;18305200000;10240;10228
2329;17865408000;17805200000;18305200000;10240;10228
2331;17865412000;17805244444;18305244444;10240;10228
2322;17865548000;17763833333;18263833333;10240;10228
2324;17865752000;17805200000;18305200000;10240;10228
2326;17865773000;17805200000;18305200000;10240;10228
2328;17865954000;17805200000;18305200000;10240;10228
2330;17866164000;17805200000;18305200000;10240;10228
2333;17906992000;17805577777;18305577777;10240;10228
2334;17907004000;17805577777;18305577777;10240;10228
2335;17907011000;17846833333;18346833333;10240;10228
2336;17907018000;17846833333;18346833333;10240;10228
2337;17907022000;17846833333;18346833333;10240;10228
2338;17907027000;17846833333;18346833333;10240;10228
2339;17907031000;17846833333;18346833333;10240;10228
2340;17907050000;17846833333;18346833333;10240;10228
2341;17907074000;17846833333;18346833333;10240;10228
2342;17907080000;17846877777;18346877777;10240;10228
2332;17907181000;17805577777;18305577777;10240;10228
2343;17948655000;17847211111;18347211111;10240;10228
2345;17948667000;17847211111;18347211111;10240;10228
2347;17948673000;17888500000;18388500000;10240;10228
2349;17948680000;17888500000;18388500000;10240;10228
2351;17948684000;17888500000;18388500000;10240;10228
2353;17948689000;17888544444;18388544444;10240;10228
2344;17948836000;17847211111;18347211111;10240;10228
2346;17949033000;17888500000;18388500000;10240;10228
2348;17949244000;17888500000;18388500000;10240;10228
2350;17949273000;17888500000;18388500000;10240;10228
2352;17949447000;17888500000;18388500000;10240;10228
2314;17985778000;17763500000;18263500000;10240;10228
2355;17990327000;17888855555;18388855555;10240;10228
2356;17990340000;17888855555;18388855555;10240;10228
2357;17990347000;17930188888;18430188888;10240;10228
2358;17990353000;17930188888;18430188888;10240;10228
2359;17990358000;17930188888;18430188888;10240;10228
2360;17990362000;17930188888;18430188888;10240;10228
2361;17990384000;17930188888;18430188888;10240;10228
2362;17990390000;17930188888;18430188888;10240;10228
2363;17990395000;17930188888;18430188888;10240;10228
2364;17990399000;17930244444;18430244444;10240;10228
2354;17990509000;17888855555;18388855555;10240;10228
2365;18031989000;17930566666;18430566666;10240;10228
2367;18032000000;17930566666;18430566666;10240;10228
2368;18032013000;17971833333;18471833333;10240;10228
2369;18032018000;17971833333;18471833333;10240;10228
2370;18032023000;17971833333;18471833333;10240;10228
2371;18032028000;17971833333;18471833333;10240;10228
2372;18032035000;17971833333;18471833333;10240;10228
2373;18032040000;17971833333;18471833333;10240;10228
2374;18032052000;17971833333;18471833333;10240;10228
2366;18032159000;17930566666;18430566666;10240;10228
2375;18032294000;17971877777;18471877777;10240;10228
2377;18073606000;17972211111;18472211111;10240;10228
2379;18073620000;18013500000;18513500000;10240;10228
2381;18073625000;18013500000;18513500000;10240;10228
2383;18073631000;18013500000;18513500000;10240;10228
2385;18073636000;18013500000;18513500000;10240;10228
2386;18073641000;18013544444;18513544444;10240;10228
2376;18073821000;17972211111;18472211111;10240;10228
2378;18074022000;17972211111;18472211111;10240;10228
2380;18074067000;18013500000;18513500000;10240;10228
2382;18074227000;18013500000;18513500000;10240;10228
2384;18074444000;18013500000;18513500000;10240;10228
2387;18115330000;18013822222;18513822222;10240;10228
2389;18115341000;18013822222;18513822222;10240;10228
2391;18115349000;18055166666;18555166666;10240;10228
2392;18115354000;18055166666;18555166666;10240;10228
2393;18115359000;18055166666;18555166666;10240;10228
2394;18115363000;18055166666;18555166666;10240;10228
2395;18115368000;18055166666;18555166666;10240;10228
2396;18115373000;18055166666;18555166666;10240;10228
2397;18115380000;18055211111;18555211111;10240;10228
2388;18115497000;18013822222;18513822222;10240;10228
2390;18115714000;18055166666;18555166666;10240;10228
2399;18157164000;18055522222;18555522222;10240;10228
2398;18157179000;18055522222;18555522222;10240;10228
2400;18157199000;18055522222;18555522222;10240;10228
2401;18157206000;18096822222;18596822222;10240;10228
2402;18157210000;18096822222;18596822222;10240;10228
2403;18157215000;18096822222;18596822222;10240;10228
2404;18157228000;18096822222;18596822222;10240;10228
2405;18157233000;18096822222;18596822222;10240;10228
2406;18157238000;18096822222;18596822222;10240;10228
2407;18157241000;18096822222;18596822222;10240;10228
2408;18157246000;18096877777;18596877777;10240;10228
2409;18198845000;18097177777;18597177777;10240;10228
2411;18198860000;18097177777;18597177777;10240;10228
2413;18198872000;18138500000;18638500000;10240;10228
2415;18198879000;18138500000;18638500000;10240;10228
2417;18198884000;18138500000;18638500000;10240;10228
2419;18198888000;18138544444;18638544444;10240;10228
2410;18198892000;18097177777;18597177777;10240;10228
2412;18199061000;18138500000;18638500000;10240;10228
2414;18199092000;18138500000;18638500000;10240;10228
2416;18199263000;18138500000;18638500000;10240;10228
2418;18199457000;18138500000;18638500000;10240;10228
2421;18240544000;18138833333;18638833333;10240;10228
2423;18240559000;18180166666;18680166666;10240;10228
2425;18240564000;18180166666;18680166666;10240;10228
2426;18240569000;18180166666;18680166666;10240;10228
2427;18240573000;18180166666;18680166666;10240;10228
2428;18240577000;18180166666;18680166666;10240;10228
2429;18240581000;18180166666;18680166666;10240;10228
2430;18240586000;18180233333;18680233333;10240;10228
2420;18240590000;18138833333;18638833333;10240;10228
2422;18240725000;18138833333;18638833333;10240;10228
2424;18240745000;18180166666;18680166666;10240;10228
2431;18282197000;18180533333;18680533333;10240;10228
2433;18282209000;18180533333;18680533333;10240;10228
2434;18282216000;18221866666;18721866666;10240;10228
2435;18282230000;18221866666;18721866666;10240;10228
2436;18282235000;18221866666;18721866666;10240;10228
2437;18282240000;18221866666;18721866666;10240;10228
2438;18282244000;18221866666;18721866666;10240;10228
2439;18282251000;18221866666;18721866666;10240;10228
2440;18282255000;18221866666;18721866666;10240;10228
2441;18282259000;18221911111;18721911111;10240;10228
2432;18282264000;18180533333;18680533333;10240;10228
2443;18323842000;18222233333;18722233333;10240;10228
2449;18323856000;18263500000;18763500000;10240;10228
2451;18323861000;18263500000;18763500000;10240;10228
2452;18323866000;18263544444;18763544444;10240;10228
2442;18323870000;18222233333;18722233333;10240;10228
2444;18324033000;18222233333;18722233333;10240;10228
2446;18324068000;18263500000;18763500000;10240;10228
2448;18324235000;18263500000;18763500000;10240;10228
2450;18324437000;18263500000;18763500000;10240;10228
2453;18365336000;18263833333;18763833333;10240;10228
2455;18365346000;18263833333;18763833333;10240;10228
2457;18365351000;18305166666;18805166666;10240;10228
2459;18365355000;18305166666;18805166666;10240;10228
2461;18365359000;18305166666;18805166666;10240;10228
2462;18365369000;18305166666;18805166666;10240;10228
2463;18365373000;18305211111;18805211111;10240;10228
2454;18365510000;18263833333;18763833333;10240;10228
2456;18365710000;18305166666;18805166666;10240;10228
2458;18365908000;18305166666;18805166666;10240;10228
2460;18365918000;18305166666;18805166666;10240;10228
2465;18406985000;18305511111;18805511111;10240;10228
2466;18406995000;18305511111;18805511111;10240;10228
2467;18407002000;18346822222;18846822222;10240;10228
2468;18407012000;18346822222;18846822222;10240;10228
2469;18407020000;18346822222;18846822222;10240;10228
2470;18407028000;18346822222;18846822222;10240;10228
2471;18407033000;18346822222;18846822222;10240;10228
2472;18407039000;18346822222;18846822222;10240;10228
2473;18407059000;18346822222;18846822222;10240;10228
2474;18407065000;18346877777;18846877777;10240;10228
2464;18407176000;18305511111;18805511111;10240;10228
2475;18448659000;18347188888;18847188888;10240;10228
2477;18448669000;18347188888;18847188888;10240;10228
2479;18448675000;18388533333;18888533333;10240;10228
2481;18448680000;18388533333;18888533333;10240;10228
2483;18448685000;18388533333;18888533333;10240;10228
2485;18448693000;18388577777;18888577777;10240;10228
2476;18448875000;18347188888;18847188888;10240;10228
2478;18449127000;18388533333;18888533333;10240;10228
2480;18449156000;18388533333;18888533333;10240;10228
2482;18449295000;18388533333;18888533333;10240;10228
2484;18449496000;18388533333;18888533333;10240;10228
2445;18485604000;18263500000;18763500000;10240;10228
2447;18485633000;18263500000;18763500000;10240;10228
2486;18490555000;18388866666;18888866666;10240;10228
2487;18490754000;18388866666;18888866666;10240;10228
2488;18490774000;18388866666;18888866666;10240;10228
2489;18490950000;18430200000;18930200000;10240;10228
2490;18491160000;18430200000;18930200000;10240;10228
2491;18491166000;18430200000;18930200000;10240;10228
2492;18527259000;18430200000;18930200000;10240;10228
2493;18527271000;18430200000;18930200000;10240;10228
2494;18527282000;18430200000;18930200000;10240;10228
2495;18527291000;18430200000;18930200000;10240;10228
2496;18527304000;18430222222;18930222222;10240;10228
2497;18532010000;18430522222;18930522222;10240;10228
2499;18532020000;18430522222;18930522222;10240;10228
2498;18532182000;18430522222;18930522222;10240;10228
2500;18568931000;18471855555;18971855555;10240;10228
2501;18568943000;18471855555;18971855555;10240;10228
2502;18568948000;18471855555;18971855555;10240;10228
2503;18568953000;18471855555;18971855555;10240;10228
2504;18568957000;18471855555;18971855555;10240;10228
2505;18568967000;18471855555;18971855555;10240;10228
2506;18568980000;18471855555;18971855555;10240;10228
2507;18569256000;18471877777;18971877777;10240;10228
2508;18573856000;18472177777;18972177777;10240;10228
2509;18574055000;18472177777;18972177777;10240;10228
2510;18574075000;18472177777;18972177777;10240;10228
2511;18574267000;18513500000;19013500000;10240;10228
2512;18605902000;18513500000;19013500000;10240;10228
2513;18605922000;18513500000;19013500000;10240;10228
2514;18611233000;18513500000;19013500000;10240;10228
2515;18611433000;18513500000;19013500000;10240;10228
2516;18611453000;18513500000;19013500000;10240;10228
2517;18611636000;18513500000;19013500000;10240;10228
2518;18611656000;18513522222;19013522222;10240;10228
2519;18615582000;18513788888;19013788888;10240;10228
2520;18637625000;18513788888;19013788888;10240;10228
2521;18647544000;18513788888;19013788888;10240;10228
2522;18647554000;18555211111;19055211111;10240;10228
2523;18647561000;18555211111;19055211111;10240;10228
2524;18647565000;18555211111;19055211111;10240;10228
2525;18647579000;18555211111;19055211111;10240;10228
2527;18652506000;18555211111;19055211111;10240;10228
2528;18652525000;18555211111;19055211111;10240;10228
2526;18652667000;18555211111;19055211111;10240;10228
2529;18689412000;18555222222;19055222222;10240;10228
2530;18689423000;18555533333;19055533333;10240;10228
2531;18689428000;18555533333;19055533333;10240;10228
2532;18689432000;18555533333;19055533333;10240;10228
2533;18689436000;18596844444;19096844444;10240;10228
2534;18689506000;18596844444;19096844444;10240;10228
2535;18689515000;18596844444;19096844444;10240;10228
2536;18689520000;18596844444;19096844444;10240;10228
2537;18689672000;18596844444;19096844444;10240;10228
2538;18694516000;18596844444;19096844444;10240;10228
2539;18694711000;18596844444;19096844444;10240;10228
2540;18694732000;18596855555;19096855555;10240;10228
2541;18724128000;18597211111;19097211111;10240;10228
2542;18726185000;18597211111;19097211111;10240;10228
2543;18726195000;18597211111;19097211111;10240;10228
2544;18731906000;18638511111;19138511111;10240;10228
2545;18732109000;18638511111;19138511111;10240;10228
2546;18732129000;18638511111;19138511111;10240;10228
2547;18732313000;18638511111;19138511111;10240;10228
2548;18732517000;18638511111;19138511111;10240;10228
2549;18732538000;18638511111;19138511111;10240;10228
2550;18758083000;18638511111;19138511111;10240;10228
2551;18758264000;18638522222;19138522222;10240;10228
2552;18767831000;18638844444;19138844444;10240;10228
2553;18767844000;18638844444;19138844444;10240;10228
2554;18767848000;18638844444;19138844444;10240;10228
2555;18767853000;18680177777;19180177777;10240;10228
2556;18767867000;18680177777;19180177777;10240;10228
2557;18772841000;18680177777;19180177777;10240;10228
2558;18772861000;18680177777;19180177777;10240;10228
2559;18773127000;18680177777;19180177777;10240;10228
2560;18809708000;18680177777;19180177777;10240;10228
2561;18809719000;18680177777;19180177777;10240;10228
2562;18809724000;18680188888;19180188888;10240;10228
2563;18809730000;18680488888;19180488888;10240;10228
2564;18809735000;18680488888;19180488888;10240;10228
2565;18809739000;18680488888;19180488888;10240;10228
2566;18809745000;18721844444;19221844444;10240;10228
2567;18809749000;18721844444;19221844444;10240;10228
2568;18809753000;18721844444;19221844444;10240;10228
2569;18814956000;18721844444;19221844444;10240;10228
2570;18815164000;18721844444;19221844444;10240;10228
2571;18815373000;18721844444;19221844444;10240;10228
2572;18815382000;18721844444;19221844444;10240;10228
2573;18846495000;18721855555;19221855555;10240;10228
2575;18846507000;18722133333;19222133333;10240;10228
2576;18846528000;18722133333;19222133333;10240;10228
2574;18846685000;18722133333;19222133333;10240;10228
2577;18852604000;18763511111;19263511111;10240;10228
2578;18852799000;18763511111;19263511111;10240;10228
2579;18852811000;18763511111;19263511111;10240;10228
2580;18852999000;18763511111;19263511111;10240;10228
2581;18853216000;18763511111;19263511111;10240;10228
2582;18853235000;18763511111;19263511111;10240;10228
2583;18853415000;18763511111;19263511111;10240;10228
2584;18878430000;18763533333;19263533333;10240;10228
2585;18878702000;18763811111;19263811111;10240;10228
2586;18888098000;18763811111;19263811111;10240;10228
2587;18888108000;18763811111;19263811111;10240;10228
2588;18888114000;18805200000;19305200000;10240;10228
2589;18888119000;18805200000;19305200000;10240;10228
2590;18888124000;18805200000;19305200000;10240;10228
2591;18893135000;18805200000;19305200000;10240;10228
2592;18893156000;18805200000;19305200000;10240;10228
2593;18922489000;18805200000;19305200000;10240;10228
2594;18930009000;18805200000;19305200000;10240;10228
2595;18930020000;18805222222;19305222222;10240;10228
2596;18930025000;18805533333;19305533333;10240;10228
2597;18930033000;18805533333;19305533333;10240;10228
2598;18930038000;18805533333;19305533333;10240;10228
2599;18930056000;18846844444;19346844444;10240;10228
2600;18930063000;18846844444;19346844444;10240;10228
2601;18930068000;18846844444;19346844444;10240;10228
2602;18930072000;18846844444;19346844444;10240;10228
2603;18935192000;18846844444;19346844444;10240;10228
2604;18935381000;18846844444;19346844444;10240;10228
2605;18935810000;18846844444;19346844444;10240;10228
2606;18935980000;18846877777;19346877777;10240;10228
2607;18948898000;18847177777;19347177777;10240;10228
2608;18966797000;18847177777;19347177777;10240;10228
2609;18966817000;18847177777;19347177777;10240;10228
2610;18967148000;18888522222;19388522222;10240;10228
2611;18973239000;18888522222;19388522222;10240;10228
2612;18973454000;18888522222;19388522222;10240;10228
2613;18973639000;18888522222;19388522222;10240;10228
2614;18973661000;18888522222;19388522222;10240;10228
2615;18973843000;18888522222;19388522222;10240;10228
2616;18973864000;18888522222;19388522222;10240;10228
2617;18974055000;18888533333;19388533333;10240;10228
2618;18990527000;18888833333;19388833333;10240;10228
2619;18990697000;18888833333;19388833333;10240;10228
2620;19008389000;18888833333;19388833333;10240;10228
2622;19008401000;18930177777;19430177777;10240;10228
2623;19008410000;18930177777;19430177777;10240;10228
2624;19008415000;18930177777;19430177777;10240;10228
2621;19008578000;18930177777;19430177777;10240;10228
2625;19013483000;18930177777;19430177777;10240;10228
2626;19013502000;18930177777;19430177777;10240;10228
2627;19039156000;18930177777;19430177777;10240;10228
2629;19050297000;18930611111;19430611111;10240;10228
2631;19050312000;18930611111;19430611111;10240;10228
2632;19050316000;18971844444;19471844444;10240;10228
2633;19050321000;18971844444;19471844444;10240;10228
2634;19050391000;18971844444;19471844444;10240;10228
2635;19050402000;18971844444;19471844444;10240;10228
2636;19050407000;18971844444;19471844444;10240;10228
2637;19050422000;18971844444;19471844444;10240;10228
2638;19050427000;18971844444;19471844444;10240;10228
2639;19050440000;18971855555;19471855555;10240;10228
2628;19050445000;18930200000;19430200000;10240;10228
2630;19050647000;18930611111;19430611111;10240;10228
2641;19073674000;18972133333;19472133333;10240;10228
2640;19073873000;18972133333;19472133333;10240;10228
2642;19074104000;18972133333;19472133333;10240;10228
2643;19087087000;19013533333;19513533333;10240;10228
2645;19087108000;19013533333;19513533333;10240;10228
2644;19087344000;19013533333;19513533333;10240;10228
2646;19093720000;19013533333;19513533333;10240;10228
2647;19093913000;19013533333;19513533333;10240;10228
2648;19094174000;19013533333;19513533333;10240;10228
2649;19094332000;19013533333;19513533333;10240;10228
2650;19094350000;19013544444;19513544444;10240;10228
2651;19115513000;19013833333;19513833333;10240;10228
2652;19115704000;19013833333;19513833333;10240;10228
2653;19115904000;19013833333;19513833333;10240;10228
2654;19115914000;19055177777;19555177777;10240;10228
2655;19116111000;19055177777;19555177777;10240;10228
2656;19116123000;19055177777;19555177777;10240;10228
2657;19128653000;19055177777;19555177777;10240;10228
2658;19128663000;19055177777;19555177777;10240;10228
2659;19128668000;19055177777;19555177777;10240;10228
2660;19128679000;19055177777;19555177777;10240;10228
2661;19128963000;19055222222;19555222222;10240;10228
2662;19157062000;19055611111;19555611111;10240;10228
2664;19157081000;19055611111;19555611111;10240;10228
2663;19157210000;19055611111;19555611111;10240;10228
2665;19159496000;19096866666;19596866666;10240;10228
2666;19170660000;19096866666;19596866666;10240;10228
2667;19170673000;19096866666;19596866666;10240;10228
2668;19170678000;19096866666;19596866666;10240;10228
2669;19170683000;19096866666;19596866666;10240;10228
2670;19170688000;19096866666;19596866666;10240;10228
2671;19170692000;19096866666;19596866666;10240;10228
2672;19170705000;19096877777;19596877777;10240;10228
2674;19198708000;19097144444;19597144444;10240;10228
2676;19198723000;19138533333;19638533333;10240;10228
2678;19198731000;19138533333;19638533333;10240;10228
2679;19198735000;19138533333;19638533333;10240;10228
2680;19198740000;19138533333;19638533333;10240;10228
2673;19198866000;19097144444;19597144444;10240;10228
2675;19199116000;19097144444;19597144444;10240;10228
2677;19199149000;19138533333;19638533333;10240;10228
2681;19207380000;19138533333;19638533333;10240;10228
2682;19207398000;19138533333;19638533333;10240;10228
2683;19207669000;19138566666;19638566666;10240;10228
2684;19240550000;19138844444;19638844444;10240;10228
2685;19240741000;19138844444;19638844444;10240;10228
2686;19240938000;19138844444;19638844444;10240;10228
2687;19240951000;19180200000;19680200000;10240;10228
2688;19241154000;19180200000;19680200000;10240;10228
2689;19241173000;19180200000;19680200000;10240;10228
2690;19241358000;19180200000;19680200000;10240;10228
2691;19241379000;19180200000;19680200000;10240;10228
2692;19241563000;19180200000;19680200000;10240;10228
2693;19241765000;19180200000;19680200000;10240;10228
2694;19249016000;19180244444;19680244444;10240;10228
2695;19281995000;19180533333;19680533333;10240;10228
2697;19282007000;19180533333;19680533333;10240;10228
2699;19282015000;19221866666;19721866666;10240;10228
2701;19282024000;19221866666;19721866666;10240;10228
2702;19282030000;19221866666;19721866666;10240;10228
2703;19282034000;19221866666;19721866666;10240;10228
2696;19282204000;19180533333;19680533333;10240;10228
2698;19282404000;19221866666;19721866666;10240;10228
2700;19282628000;19221866666;19721866666;10240;10228
2704;19290916000;19221866666;19721866666;10240;10228
2705;19290938000;19221911111;19721911111;10240;10228
2707;19323652000;19222222222;19722222222;10240;10228
2709;19323667000;19263533333;19763533333;10240;10228
2711;19323675000;19263533333;19763533333;10240;10228
2712;19323679000;19263533333;19763533333;10240;10228
2713;19323683000;19263533333;19763533333;10240;10228
2714;19323696000;19263533333;19763533333;10240;10228
2715;19323702000;19263533333;19763533333;10240;10228
2716;19323706000;19263577777;19763577777;10240;10228
2706;19323855000;19222222222;19722222222;10240;10228
2708;19324069000;19222222222;19722222222;10240;10228
2710;19324097000;19263533333;19763533333;10240;10228
2717;19365319000;19263855555;19763855555;10240;10228
2719;19365331000;19263855555;19763855555;10240;10228
2721;19365339000;19305177777;19805177777;10240;10228
2723;19365345000;19305177777;19805177777;10240;10228
2725;19365349000;19305177777;19805177777;10240;10228
2727;19365353000;19305244444;19805244444;10240;10228
2718;19365511000;19263855555;19763855555;10240;10228
2720;19365718000;19305177777;19805177777;10240;10228
2722;19365916000;19305177777;19805177777;10240;10228
2724;19365942000;19305177777;19805177777;10240;10228
2726;19366119000;19305177777;19805177777;10240;10228
2729;19406986000;19305633333;19805633333;10240;10228
2731;19407006000;19346833333;19846833333;10240;10228
2733;19407012000;19346833333;19846833333;10240;10228
2735;19407020000;19346833333;19846833333;10240;10228
2737;19407025000;19346833333;19846833333;10240;10228
2728;19407171000;19305633333;19805633333;10240;10228
2730;19407367000;19305633333;19805633333;10240;10228
2732;19407567000;19346833333;19846833333;10240;10228
2734;19407604000;19346833333;19846833333;10240;10228
2736;19407773000;19346833333;19846833333;10240;10228
2738;19407807000;19346877777;19846877777;10240;10228
2739;19448642000;19347166666;19847166666;10240;10228
2741;19448654000;19347166666;19847166666;10240;10228
2743;19448662000;19388500000;19888500000;10240;10228
2745;19448668000;19388500000;19888500000;10240;10228
2747;19448672000;19388500000;19888500000;10240;10228
2749;19448677000;19388544444;19888544444;10240;10228
2740;19448839000;19347166666;19847166666;10240;10228
2742;19449035000;19388500000;19888500000;10240;10228
2744;19449238000;19388500000;19888500000;10240;10228
2746;19449259000;19388500000;19888500000;10240;10228
2748;19449441000;19388500000;19888500000;10240;10228
2751;19490299000;19388811111;19888811111;10240;10228
2753;19490311000;19430166666;19930166666;10240;10228
2755;19490317000;19430166666;19930166666;10240;10228
2757;19490326000;19430166666;19930166666;10240;10228
2759;19490331000;19430166666;19930166666;10240;10228
2750;19490524000;19388811111;19888811111;10240;10228
2752;19490713000;19388811111;19888811111;10240;10228
2754;19490902000;19430166666;19930166666;10240;10228
2756;19490923000;19430166666;19930166666;10240;10228
2758;19491097000;19430166666;19930166666;10240;10228
2760;19491117000;19430222222;19930222222;10240;10228
2761;19531922000;19430511111;19930511111;10240;10228
2763;19531931000;19430511111;19930511111;10240;10228
2765;19531942000;19471833333;19971833333;10240;10228
2767;19531954000;19471833333;19971833333;10240;10228
2769;19532023000;19471833333;19971833333;10240;10228
2771;19532036000;19471877777;19971877777;10240;10228
2762;19532157000;19430511111;19930511111;10240;10228
2764;19532382000;19471833333;19971833333;10240;10228
2766;19532406000;19471833333;19971833333;10240;10228
2768;19532575000;19471833333;19971833333;10240;10228
2770;19532821000;19471833333;19971833333;10240;10228
2773;19573657000;19472188888;19972188888;10240;10228
2775;19573671000;19513500000;20013500000;10240;10228
2777;19573676000;19513500000;20013500000;10240;10228
2779;19573680000;19513500000;20013500000;10240;10228
2781;19573687000;19513500000;20013500000;10240;10228
2772;19573849000;19472188888;19972188888;10240;10228
2774;19574069000;19472188888;19972188888;10240;10228
2776;19574104000;19513500000;20013500000;10240;10228
2778;19574259000;19513500000;20013500000;10240;10228
2780;19574452000;19513500000;20013500000;10240;10228
2782;19574477000;19513544444;20013544444;10240;10228
2783;19615291000;19513811111;20013811111;10240;10228
2785;19615301000;19513811111;20013811111;10240;10228
2787;19615312000;19555166666;20055166666;10240;10228
2789;19615317000;19555166666;20055166666;10240;10228
2791;19615323000;19555166666;20055166666;10240;10228
2793;19615327000;19555211111;20055211111;10240;10228
2784;19615486000;19513811111;20013811111;10240;10228
2786;19615703000;19555166666;20055166666;10240;10228
2788;19615737000;19555166666;20055166666;10240;10228
2790;19615908000;19555166666;20055166666;10240;10228
2792;19616083000;19555166666;20055166666;10240;10228
2795;19657018000;19555511111;20055511111;10240;10228
2797;19657030000;19596833333;20096833333;10240;10228
2799;19657036000;19596833333;20096833333;10240;10228
2801;19657041000;19596833333;20096833333;10240;10228
2803;19657057000;19596833333;20096833333;10240;10228
2794;19657179000;19555511111;20055511111;10240;10228
2796;19657391000;19555511111;20055511111;10240;10228
2798;19657417000;19596833333;20096833333;10240;10228
2800;19657597000;19596833333;20096833333;10240;10228
2802;19657787000;19596833333;20096833333;10240;10228
2804;19657818000;19596877777;20096877777;10240;10228
2805;19698675000;19597200000;20097200000;10240;10228
2807;19698686000;19597200000;20097200000;10240;10228
2809;19698698000;19638533333;20138533333;10240;10228
2811;19698704000;19638533333;20138533333;10240;10228
2813;19698709000;19638533333;20138533333;10240;10228
2815;19698712000;19638577777;20138577777;10240;10228
2806;19698854000;19597200000;20097200000;10240;10228
2808;19699067000;19638533333;20138533333;10240;10228
2810;19699096000;19638533333;20138533333;10240;10228
2812;19699268000;19638533333;20138533333;10240;10228
2814;19699479000;19638533333;20138533333;10240;10228
2817;19740331000;19638877777;20138877777;10240;10228
2819;19740343000;19680166666;20180166666;10240;10228
2821;19740349000;19680166666;20180166666;10240;10228
2823;19740354000;19680166666;20180166666;10240;10228
2825;19740362000;19680166666;20180166666;10240;10228
2816;19740509000;19638877777;20138877777;10240;10228
2818;19740715000;19638877777;20138877777;10240;10228
2820;19740911000;19680166666;20180166666;10240;10228
2822;19740932000;19680166666;20180166666;10240;10228
2824;19741126000;19680166666;20180166666;10240;10228
2826;19741152000;19680222222;20180222222;10240;10228
2827;19782015000;19680500000;20180500000;10240;10228
2829;19782023000;19680500000;20180500000;10240;10228
2831;19782036000;19721866666;20221866666;10240;10228
2833;19782051000;19721866666;20221866666;10240;10228
2835;19782067000;19721866666;20221866666;10240;10228
2837;19782072000;19721911111;20221911111;10240;10228
2828;19782203000;19680500000;20180500000;10240;10228
2830;19782405000;19721866666;20221866666;10240;10228
2832;19782622000;19721866666;20221866666;10240;10228
2834;19782656000;19721866666;20221866666;10240;10228
2836;19782817000;19721866666;20221866666;10240;10228
2839;19823684000;19722211111;20222211111;10240;10228
2841;19823698000;19763500000;20263500000;10240;10228
2843;19823708000;19763500000;20263500000;10240;10228
2845;19823712000;19763500000;20263500000;10240;10228
2847;19823729000;19763500000;20263500000;10240;10228
2838;19823851000;19722211111;20222211111;10240;10228
2840;19824069000;19722211111;20222211111;10240;10228
2842;19824095000;19763500000;20263500000;10240;10228
2844;19824260000;19763500000;20263500000;10240;10228
2846;19824468000;19763500000;20263500000;10240;10228
2848;19824494000;19763555555;20263555555;10240;10228
2849;19865361000;19763822222;20263822222;10240;10228
2851;19865372000;19763822222;20263822222;10240;10228
2853;19865379000;19805200000;20305200000;10240;10228
2855;19865385000;19805200000;20305200000;10240;10228
2857;19865389000;19805200000;20305200000;10240;10228
2859;19865393000;19805244444;20305244444;10240;10228
2850;19865529000;19763822222;20263822222;10240;10228
2852;19865730000;19805200000;20305200000;10240;10228
2854;19865758000;19805200000;20305200000;10240;10228
2856;19865915000;19805200000;20305200000;10240;10228
2858;19866125000;19805200000;20305200000;10240;10228
2861;19906942000;19805555555;20305555555;10240;10228
2863;19906957000;19846833333;20346833333;10240;10228
2865;19906962000;19846833333;20346833333;10240;10228
2867;19906980000;19846833333;20346833333;10240;10228
2869;19906986000;19846833333;20346833333;10240;10228
2860;19907146000;19805555555;20305555555;10240;10228
2862;19907352000;19805555555;20305555555;10240;10228
2864;19907548000;19846833333;20346833333;10240;10228
2866;19907568000;19846833333;20346833333;10240;10228
2868;19907752000;19846833333;20346833333;10240;10228
2871;19948681000;19847200000;20347200000;10240;10228
2873;19948693000;19847200000;20347200000;10240;10228
2875;19948698000;19888500000;20388500000;10240;10228
2877;19948703000;19888500000;20388500000;10240;10228
2879;19948708000;19888500000;20388500000;10240;10228
2881;19948712000;19888544444;20388544444;10240;10228
2872;19948846000;19847200000;20347200000;10240;10228
2874;19949069000;19888500000;20388500000;10240;10228
2876;19949090000;19888500000;20388500000;10240;10228
2878;19949262000;19888500000;20388500000;10240;10228
2880;19949465000;19888500000;20388500000;10240;10228
2883;19990351000;19888822222;20388822222;10240;10228
2885;19990361000;19930166666;20430166666;10240;10228
2887;19990367000;19930166666;20430166666;10240;10228
2889;19990373000;19930166666;20430166666;10240;10228
2891;19990378000;19930166666;20430166666;10240;10228
2882;19990487000;19888822222;20388822222;10240;10228
2884;19990681000;19888822222;20388822222;10240;10228
2886;19990886000;19930166666;20430166666;10240;10228
2888;19990894000;19930166666;20430166666;10240;10228
2890;19991099000;19930166666;20430166666;10240;10228
2892;19991116000;19930222222;20430222222;10240;10228
2893;20032005000;19930522222;20430522222;10240;10228
2895;20032015000;19930522222;20430522222;10240;10228
2897;20032021000;19971866666;20471866666;10240;10228
2903;20032025000;19971911111;20471911111;10240;10228
2894;20032212000;19930522222;20430522222;10240;10228
2896;20032421000;19971866666;20471866666;10240;10228
2898;20032442000;19971866666;20471866666;10240;10228
2900;20032628000;19971866666;20471866666;10240;10228
2902;20032831000;19971866666;20471866666;10240;10228
2870;20069275000;19846877777;20346877777;10240;10228
2904;20073716000;19972211111;20472211111;10240;10228
2905;20073727000;19972211111;20472211111;10240;10228
2906;20073732000;19972211111;20472211111;10240;10228
2907;20073737000;20013522222;20513522222;10240;10228
2908;20073745000;20013522222;20513522222;10240;10228
2909;20073750000;20013522222;20513522222;10240;10228
2910;20073760000;20013522222;20513522222;10240;10228
2911;20073768000;20013522222;20513522222;10240;10228
2912;20073772000;20013522222;20513522222;10240;10228
2913;20074015000;20013522222;20513522222;10240;10228
2914;20074024000;20013577777;20513577777;10240;10228
2915;20115335000;20013833333;20513833333;10240;10228
2917;20115346000;20013833333;20513833333;10240;10228
2919;20115351000;20055166666;20555166666;10240;10228
2921;20115356000;20055166666;20555166666;10240;10228
2923;20115361000;20055166666;20555166666;10240;10228
2925;20115365000;20055222222;20555222222;10240;10228
2916;20115518000;20013833333;20513833333;10240;10228
2918;20115724000;20055166666;20555166666;10240;10228
2920;20115743000;20055166666;20555166666;10240;10228
2922;20115919000;20055166666;20555166666;10240;10228
2924;20116137000;20055166666;20555166666;10240;10228
2927;20156996000;20055511111;20555511111;10240;10228
2929;20157012000;20096866666;20596866666;10240;10228
2931;20157019000;20096866666;20596866666;10240;10228
2933;20157024000;20096866666;20596866666;10240;10228
2935;20157028000;20096866666;20596866666;10240;10228
2926;20157205000;20055511111;20555511111;10240;10228
2928;20157405000;20055511111;20555511111;10240;10228
2930;20157605000;20096866666;20596866666;10240;10228
2932;20157627000;20096866666;20596866666;10240;10228
2934;20157818000;20096866666;20596866666;10240;10228
2936;20189524000;20096911111;20596911111;10240;10228
2899;20194056000;19971866666;20471866666;10240;10228
2901;20194081000;19971866666;20471866666;10240;10228
2937;20198701000;20097200000;20597200000;10240;10228
2938;20235609000;20097200000;20597200000;10240;10228
2939;20235620000;20097200000;20597200000;10240;10228
2940;20235625000;20138522222;20638522222;10240;10228
2941;20235634000;20138522222;20638522222;10240;10228
2942;20235645000;20138522222;20638522222;10240;10228
2943;20235986000;20138522222;20638522222;10240;10228
2944;20236197000;20138522222;20638522222;10240;10228
2945;20236215000;20138522222;20638522222;10240;10228
2946;20236403000;20138522222;20638522222;10240;10228
2947;20236422000;20138533333;20638533333;10240;10228
2948;20240567000;20138800000;20638800000;10240;10228
2949;20240759000;20138800000;20638800000;10240;10228
2950;20277304000;20138800000;20638800000;10240;10228
2951;20277314000;20180211111;20680211111;10240;10228
2952;20277320000;20180211111;20680211111;10240;10228
2953;20277324000;20180211111;20680211111;10240;10228
2954;20277329000;20180211111;20680211111;10240;10228
2955;20277335000;20180211111;20680211111;10240;10228
2956;20277648000;20180211111;20680211111;10240;10228
2957;20277857000;20180211111;20680211111;10240;10228
2958;20278067000;20180233333;20680233333;10240;10228
2959;20282211000;20180511111;20680511111;10240;10228
2960;20282393000;20180511111;20680511111;10240;10228
2961;20282599000;20180511111;20680511111;10240;10228
2962;20309855000;20221866666;20721866666;10240;10228
2963;20314359000;20221866666;20721866666;10240;10228
2964;20314377000;20221866666;20721866666;10240;10228
2965;20345318000;20221866666;20721866666;10240;10228
2966;20355926000;20221866666;20721866666;10240;10228
2967;20355937000;20221866666;20721866666;10240;10228
2968;20355942000;20221866666;20721866666;10240;10228
2969;20355947000;20221877777;20721877777;10240;10228
2971;20356228000;20222211111;20722211111;10240;10228
2970;20356445000;20222211111;20722211111;10240;10228
2972;20356660000;20222211111;20722211111;10240;10228
2973;20356847000;20263511111;20763511111;10240;10228
2974;20356868000;20263511111;20763511111;10240;10228
2975;20357108000;20263511111;20763511111;10240;10228
2976;20361204000;20263511111;20763511111;10240;10228
2977;20361420000;20263511111;20763511111;10240;10228
2978;20397568000;20263511111;20763511111;10240;10228
2979;20397580000;20263511111;20763511111;10240;10228
2980;20397585000;20263522222;20763522222;10240;10228
2981;20397590000;20263788888;20763788888;10240;10228
2982;20397596000;20263788888;20763788888;10240;10228
2983;20397601000;20263788888;20763788888;10240;10228
2984;20397605000;20305188888;20805188888;10240;10228
2985;20397851000;20305188888;20805188888;10240;10228
2986;20398083000;20305188888;20805188888;10240;10228
2987;20398260000;20305188888;20805188888;10240;10228
2988;20402869000;20305188888;20805188888;10240;10228
2989;20403018000;20305188888;20805188888;10240;10228
2990;20403229000;20305188888;20805188888;10240;10228
2991;20403240000;20305211111;20805211111;10240;10228
2992;20407184000;20305488888;20805488888;10240;10228
2993;20434638000;20305488888;20805488888;10240;10228
2994;20434659000;20305488888;20805488888;10240;10228
2995;20462091000;20346855555;20846855555;10240;10228
2996;20476259000;20346855555;20846855555;10240;10228
2997;20476270000;20346855555;20846855555;10240;10228
2998;20476277000;20346855555;20846855555;10240;10228
2999;20476291000;20346855555;20846855555;10240;10228
3000;20476456000;20346855555;20846855555;10240;10228
3001;20476892000;20346855555;20846855555;10240;10228
3002;20477069000;20346866666;20846866666;10240;10228
3003;20477303000;20347133333;20847133333;10240;10228
3004;20477488000;20347133333;20847133333;10240;10228
3005;20481681000;20347133333;20847133333;10240;10228
3006;20481869000;20388477777;20888477777;10240;10228
3007;20508086000;20388477777;20888477777;10240;10228
3008;20517877000;20388477777;20888477777;10240;10228
3009;20517889000;20388477777;20888477777;10240;10228
3010;20517894000;20388477777;20888477777;10240;10228
3011;20517900000;20388477777;20888477777;10240;10228
3012;20517904000;20388477777;20888477777;10240;10228
3013;20517909000;20388488888;20888488888;10240;10228
3014;20517914000;20388744444;20888744444;10240;10228
3015;20518037000;20388744444;20888744444;10240;10228
3016;20518056000;20388744444;20888744444;10240;10228
3017;20518750000;20430177777;20930177777;10240;10228
3018;20518923000;20430177777;20930177777;10240;10228
3019;20523494000;20430177777;20930177777;10240;10228
3020;20523669000;20430177777;20930177777;10240;10228
3021;20523865000;20430177777;20930177777;10240;10228
3022;20523886000;20430177777;20930177777;10240;10228
3023;20524083000;20430177777;20930177777;10240;10228
3024;20553830000;20430188888;20930188888;10240;10228
3025;20554930000;20430488888;20930488888;10240;10228
3026;20554943000;20430488888;20930488888;10240;10228
3027;20596499000;20430488888;20930488888;10240;10228
3028;20596511000;20471844444;20971844444;10240;10228
3029;20596516000;20471844444;20971844444;10240;10228
3030;20596520000;20471844444;20971844444;10240;10228
3031;20596684000;20471844444;20971844444;10240;10228
3032;20596704000;20471844444;20971844444;10240;10228
3033;20597352000;20471844444;20971844444;10240;10228
3034;20597553000;20471844444;20971844444;10240;10228
3035;20597860000;20471855555;20971855555;10240;10228
3036;20598072000;20472122222;20972122222;10240;10228
3037;20602137000;20472122222;20972122222;10240;10228
3038;20628579000;20472122222;20972122222;10240;10228
3039;20628766000;20513511111;21013511111;10240;10228
3040;20638182000;20513511111;21013511111;10240;10228
3041;20638194000;20513511111;21013511111;10240;10228
3042;20638199000;20513511111;21013511111;10240;10228
3043;20638208000;20513511111;21013511111;10240;10228
3044;20638213000;20513511111;21013511111;10240;10228
3045;20638218000;20513511111;21013511111;10240;10228
3046;20638222000;20513522222;21013522222;10240;10228
3047;20638238000;20513766666;21013766666;10240;10228
3048;20638244000;20513766666;21013766666;10240;10228
3049;20638248000;20513766666;21013766666;10240;10228
3050;20639403000;20555177777;21055177777;10240;10228
3051;20639595000;20555177777;21055177777;10240;10228
3052;20644146000;20555177777;21055177777;10240;10228
3053;20644339000;20555177777;21055177777;10240;10228
3054;20644537000;20555177777;21055177777;10240;10228
3055;20644544000;20555177777;21055177777;10240;10228
3056;20644733000;20555177777;21055177777;10240;10228
3057;20644739000;20555188888;21055188888;10240;10228
3058;20674301000;20555477777;21055477777;10240;10228
3059;20675250000;20555477777;21055477777;10240;10228
3060;20675259000;20555477777;21055477777;10240;10228
3061;20716973000;20596844444;21096844444;10240;10228
3062;20716982000;20596844444;21096844444;10240;10228
3063;20716987000;20596844444;21096844444;10240;10228
3064;20716992000;20596844444;21096844444;10240;10228
3065;20716998000;20596844444;21096844444;10240;10228
3066;20717547000;20596844444;21096844444;10240;10228
3067;20717803000;20596844444;21096844444;10240;10228
3068;20717995000;20596855555;21096855555;10240;10228
3069;20718279000;20597177777;21097177777;10240;10228
3070;20722579000;20597177777;21097177777;10240;10228
3071;20722790000;20597177777;21097177777;10240;10228
3072;20749072000;20638511111;21138511111;10240;10228
3074;20758554000;20638511111;21138511111;10240;10228
3075;20758568000;20638511111;21138511111;10240;10228
3076;20758573000;20638511111;21138511111;10240;10228
3077;20758581000;20638511111;21138511111;10240;10228
3078;20758590000;20638511111;21138511111;10240;10228
3079;20758596000;20638522222;21138522222;10240;10228
3080;20758601000;20638833333;21138833333;10240;10228
3081;20758623000;20638833333;21138833333;10240;10228
3082;20758629000;20638833333;21138833333;10240;10228
3083;20758639000;20680177777;21180177777;10240;10228
3084;20758650000;20680177777;21180177777;10240;10228
3085;20758664000;20680177777;21180177777;10240;10228
3073;20758675000;20638511111;21138511111;10240;10228
3086;20760083000;20680177777;21180177777;10240;10228
3087;20760253000;20680177777;21180177777;10240;10228
3088;20764816000;20680177777;21180177777;10240;10228
3089;20764983000;20680177777;21180177777;10240;10228
3090;20764993000;20680188888;21180188888;10240;10228
3091;20782237000;20680455555;21180455555;10240;10228
3092;20782399000;20680455555;21180455555;10240;10228
3093;20782609000;20680455555;21180455555;10240;10228
3094;20782629000;20721866666;21221866666;10240;10228
3096;20795601000;20721866666;21221866666;10240;10228
3097;20795630000;20721866666;21221866666;10240;10228
3095;20795765000;20721866666;21221866666;10240;10228
3098;20837279000;20721866666;21221866666;10240;10228
3099;20837299000;20721866666;21221866666;10240;10228
3100;20837305000;20721866666;21221866666;10240;10228
3101;20837309000;20721877777;21221877777;10240;10228
3102;20837783000;20722133333;21222133333;10240;10228
3103;20837793000;20722133333;21222133333;10240;10228
3104;20838254000;20722133333;21222133333;10240;10228
3105;20838462000;20763511111;21263511111;10240;10228
3106;20843008000;20763511111;21263511111;10240;10228
3107;20843209000;20763511111;21263511111;10240;10228
3108;20843405000;20763511111;21263511111;10240;10228
3109;20878877000;20763511111;21263511111;10240;10228
3111;20878888000;20763511111;21263511111;10240;10228
3112;20878907000;20763522222;21263522222;10240;10228
3113;20878915000;20763766666;21263766666;10240;10228
3114;20878920000;20763766666;21263766666;10240;10228
3115;20878925000;20763766666;21263766666;10240;10228
3116;20878929000;20805177777;21305177777;10240;10228
3117;20878934000;20805177777;21305177777;10240;10228
3118;20878981000;20805177777;21305177777;10240;10228
3119;20878986000;20805177777;21305177777;10240;10228
3120;20878992000;20805177777;21305177777;10240;10228
3121;20878996000;20805177777;21305177777;10240;10228
3122;20879000000;20805177777;21305177777;10240;10228
3110;20879031000;20763511111;21263511111;10240;10228
3123;20879266000;20805188888;21305188888;10240;10228
3124;20907233000;20805477777;21305477777;10240;10228
3125;20907403000;20805477777;21305477777;10240;10228
3126;20907611000;20805477777;21305477777;10240;10228
3127;20907630000;20846866666;21346866666;10240;10228
3128;20907817000;20846866666;21346866666;10240;10228
3129;20907826000;20846866666;21346866666;10240;10228
3130;20908012000;20846866666;21346866666;10240;10228
3131;20908021000;20846866666;21346866666;10240;10228
3133;20915858000;20846866666;21346866666;10240;10228
3132;20916022000;20846866666;21346866666;10240;10228
3134;20916239000;20846900000;21346900000;10240;10228
3136;20948653000;20847188888;21347188888;10240;10228
3135;20948847000;20847188888;21347188888;10240;10228
3137;20957568000;20847188888;21347188888;10240;10228
3138;20957577000;20888500000;21388500000;10240;10228
3139;20957583000;20888500000;21388500000;10240;10228
3140;20957596000;20888500000;21388500000;10240;10228
3141;20958083000;20888500000;21388500000;10240;10228
3142;20958104000;20888500000;21388500000;10240;10228
3143;20958732000;20888500000;21388500000;10240;10228
3144;20963489000;20888500000;21388500000;10240;10228
3145;20963700000;20888522222;21388522222;10240;10228
3146;20990515000;20888877777;21388877777;10240;10228
3147;20990746000;20888877777;21388877777;10240;10228
3148;20999180000;20888877777;21388877777;10240;10228
3149;20999190000;20930177777;21430177777;10240;10228
3150;20999196000;20930177777;21430177777;10240;10228
3151;20999205000;20930177777;21430177777;10240;10228
3152;20999210000;20930177777;21430177777;10240;10228
3153;20999214000;20930177777;21430177777;10240;10228
3154;20999219000;20930177777;21430177777;10240;10228
3155;20999224000;20930177777;21430177777;10240;10228
3156;20999238000;20930200000;21430200000;10240;10228
3158;21032240000;20930488888;21430488888;10240;10228
3157;21032254000;20930488888;21430488888;10240;10228
3160;21032276000;20971866666;21471866666;10240;10228
3162;21032282000;20971866666;21471866666;10240;10228
3164;21032287000;20971866666;21471866666;10240;10228
3166;21032291000;20971866666;21471866666;10240;10228
3159;21032432000;20930488888;21430488888;10240;10228
3161;21032457000;20971866666;21471866666;10240;10228
3163;21032634000;20971866666;21471866666;10240;10228
3165;21032829000;20971866666;21471866666;10240;10228
3167;21032865000;20971911111;21471911111;10240;10228
3168;21073913000;20972211111;21472211111;10240;10228
3170;21073926000;20972211111;21472211111;10240;10228
3169;21073943000;20972211111;21472211111;10240;10228
3171;21074123000;21013533333;21513533333;10240;10228
3172;21074306000;21013533333;21513533333;10240;10228
3173;21074325000;21013533333;21513533333;10240;10228
3174;21074514000;21013533333;21513533333;10240;10228
3175;21074534000;21013533333;21513533333;10240;10228
3176;21074717000;21013533333;21513533333;10240;10228
3177;21078072000;21013533333;21513533333;10240;10228
3178;21078098000;21013577777;21513577777;10240;10228
3179;21115374000;21013844444;21513844444;10240;10228
3181;21115386000;21013844444;21513844444;10240;10228
3183;21115394000;21055200000;21555200000;10240;10228
3185;21115400000;21055200000;21555200000;10240;10228
3180;21115556000;21013844444;21513844444;10240;10228
3182;21115770000;21055200000;21555200000;10240;10228
3184;21115969000;21055200000;21555200000;10240;10228
3186;21115996000;21055200000;21555200000;10240;10228
3189;21119484000;21055244444;21555244444;10240;10228
3191;21157011000;21055555555;21555555555;10240;10228
3193;21157023000;21096866666;21596866666;10240;10228
3195;21157028000;21096866666;21596866666;10240;10228
3197;21157033000;21096866666;21596866666;10240;10228
3199;21157037000;21096866666;21596866666;10240;10228
3192;21157242000;21055555555;21555555555;10240;10228
3194;21157451000;21096866666;21596866666;10240;10228
3196;21157462000;21096866666;21596866666;10240;10228
3198;21157649000;21096866666;21596866666;10240;10228
3200;21157669000;21096911111;21596911111;10240;10228
3201;21198719000;21097211111;21597211111;10240;10228
3203;21198730000;21097211111;21597211111;10240;10228
3205;21198737000;21138533333;21638533333;10240;10228
3207;21198751000;21138533333;21638533333;10240;10228
3209;21198765000;21138533333;21638533333;10240;10228
3211;21198769000;21138577777;21638577777;10240;10228
3202;21198902000;21097211111;21597211111;10240;10228
3204;21199078000;21138533333;21638533333;10240;10228
3206;21199317000;21138533333;21638533333;10240;10228
3208;21199335000;21138533333;21638533333;10240;10228
3210;21199520000;21138533333;21638533333;10240;10228
3213;21240367000;21138855555;21638855555;10240;10228
3215;21240380000;21180200000;21680200000;10240;10228
3217;21240387000;21180200000;21680200000;10240;10228
3219;21240391000;21180200000;21680200000;10240;10228
3221;21240396000;21180200000;21680200000;10240;10228
3212;21240539000;21138855555;21638855555;10240;10228
3214;21240747000;21138855555;21638855555;10240;10228
3216;21240941000;21180200000;21680200000;10240;10228
3218;21240954000;21180200000;21680200000;10240;10228
3220;21241173000;21180200000;21680200000;10240;10228
3222;21241185000;21180244444;21680244444;10240;10228
3187;21277697000;21055200000;21555200000;10240;10228
3188;21277716000;21055200000;21555200000;10240;10228
3190;21277723000;21055555555;21555555555;10240;10228
3223;21282001000;21180533333;21680533333;10240;10228
3224;21282013000;21180533333;21680533333;10240;10228
3225;21282017000;21180533333;21680533333;10240;10228
3226;21282022000;21221866666;21721866666;10240;10228
3227;21282026000;21221866666;21721866666;10240;10228
3228;21282031000;21221866666;21721866666;10240;10228
3229;21282040000;21221866666;21721866666;10240;10228
3230;21282058000;21221866666;21721866666;10240;10228
3231;21319014000;21221866666;21721866666;10240;10228
3232;21319025000;21221866666;21721866666;10240;10228
3233;21319030000;21221900000;21721900000;10240;10228
3234;21323664000;21222211111;21722211111;10240;10228
3236;21323675000;21222211111;21722211111;10240;10228
3238;21323683000;21263533333;21763533333;10240;10228
3240;21323689000;21263533333;21763533333;10240;10228
3242;21323693000;21263533333;21763533333;10240;10228
3235;21323880000;21222211111;21722211111;10240;10228
3237;21324063000;21263533333;21763533333;10240;10228
3239;21324296000;21263533333;21763533333;10240;10228
3241;21324320000;21263533333;21763533333;10240;10228
3243;21324503000;21263533333;21763533333;10240;10228
3244;21360794000;21263577777;21763577777;10240;10228
3246;21365367000;21263844444;21763844444;10240;10228
3248;21365380000;21305222222;21805222222;10240;10228
3250;21365385000;21305222222;21805222222;10240;10228
3252;21365390000;21305222222;21805222222;10240;10228
3245;21365549000;21263844444;21763844444;10240;10228
3247;21365756000;21263844444;21763844444;10240;10228
3249;21365966000;21305222222;21805222222;10240;10228
3251;21365994000;21305222222;21805222222;10240;10228
3253;21366180000;21305222222;21805222222;10240;10228
3254;21366200000;21305222222;21805222222;10240;10228
3255;21397959000;21305266666;21805266666;10240;10228
3256;21406970000;21305555555;21805555555;10240;10228
3257;21406980000;21305555555;21805555555;10240;10228
3258;21406986000;21305555555;21805555555;10240;10228
3259;21406990000;21346833333;21846833333;10240;10228
3261;21407000000;21346833333;21846833333;10240;10228
3262;21407007000;21346833333;21846833333;10240;10228
3263;21407019000;21346833333;21846833333;10240;10228
3264;21407024000;21346833333;21846833333;10240;10228
3265;21428383000;21346833333;21846833333;10240;10228
3266;21439309000;21346877777;21846877777;10240;10228
3267;21448678000;21347155555;21847155555;10240;10228
3269;21448693000;21347155555;21847155555;10240;10228
3271;21448698000;21388500000;21888500000;10240;10228
3273;21448704000;21388500000;21888500000;10240;10228
3275;21448709000;21388500000;21888500000;10240;10228
3277;21448714000;21388544444;21888544444;10240;10228
3268;21448835000;21347155555;21847155555;10240;10228
3270;21449030000;21388500000;21888500000;10240;10228
3272;21449243000;21388500000;21888500000;10240;10228
3274;21449255000;21388500000;21888500000;10240;10228
3276;21449449000;21388500000;21888500000;10240;10228
3279;21490329000;21388822222;21888822222;10240;10228
3281;21490342000;21430200000;21930200000;10240;10228
3283;21490355000;21430200000;21930200000;10240;10228
3285;21490371000;21430200000;21930200000;10240;10228
3287;21490375000;21430200000;21930200000;10240;10228
3278;21490510000;21388822222;21888822222;10240;10228
3280;21490712000;21388822222;21888822222;10240;10228
3282;21490907000;21430200000;21930200000;10240;10228
3284;21490919000;21430200000;21930200000;10240;10228
3286;21491133000;21430200000;21930200000;10240;10228
3288;21491149000;21430244444;21930244444;10240;10228
3260;21527323000;21346833333;21846833333;10240;10228
3289;21532222000;21430544444;21930544444;10240;10228
3290;21548719000;21430544444;21930544444;10240;10228
3291;21559649000;21430544444;21930544444;10240;10228
3292;21569011000;21471855555;21971855555;10240;10228
3293;21569022000;21471855555;21971855555;10240;10228
3294;21569027000;21471855555;21971855555;10240;10228
3295;21569032000;21471855555;21971855555;10240;10228
3296;21569035000;21471855555;21971855555;10240;10228
3297;21569040000;21471855555;21971855555;10240;10228
3298;21569286000;21471855555;21971855555;10240;10228
3299;21569495000;21471866666;21971866666;10240;10228
3300;21573885000;21472144444;21972144444;10240;10228
3301;21574086000;21472144444;21972144444;10240;10228
3302;21574106000;21472144444;21972144444;10240;10228
3303;21574300000;21513522222;22013522222;10240;10228
3304;21610599000;21513522222;22013522222;10240;10228
3305;21610609000;21513522222;22013522222;10240;10228
3306;21610614000;21513522222;22013522222;10240;10228
3307;21610628000;21513522222;22013522222;10240;10228
3308;21610632000;21513522222;22013522222;10240;10228
3309;21610994000;21513522222;22013522222;10240;10228
3310;21611174000;21513544444;22013544444;10240;10228
3311;21615558000;21513811111;22013811111;10240;10228
3312;21615721000;21513811111;22013811111;10240;10228
3313;21615926000;21513811111;22013811111;10240;10228
3314;21615937000;21555222222;22055222222;10240;10228
3315;21647654000;21555222222;22055222222;10240;10228
3316;21647673000;21555222222;22055222222;10240;10228
3317;21669068000;21555222222;22055222222;10240;10228
3318;21669210000;21555222222;22055222222;10240;10228
3319;21669453000;21555222222;22055222222;10240;10228
3320;21679938000;21555222222;22055222222;10240;10228
3321;21689288000;21555233333;22055233333;10240;10228
3322;21689299000;21555533333;22055533333;10240;10228
3323;21689306000;21555533333;22055533333;10240;10228
3324;21689311000;21555533333;22055533333;10240;10228
3325;21689315000;21596844444;22096844444;10240;10228
3326;21689319000;21596844444;22096844444;10240;10228
3327;21689723000;21596844444;22096844444;10240;10228
3328;21689895000;21596844444;22096844444;10240;10228
3329;21694576000;21596844444;22096844444;10240;10228
3330;21694762000;21596844444;22096844444;10240;10228
3331;21694945000;21596844444;22096844444;10240;10228
3332;21723572000;21596855555;22096855555;10240;10228
3333;21730927000;21597144444;22097144444;10240;10228
3334;21730940000;21597144444;22097144444;10240;10228
3335;21730944000;21597144444;22097144444;10240;10228
3336;21730948000;21638511111;22138511111;10240;10228
3338;21731234000;21638511111;22138511111;10240;10228
3337;21731427000;21638511111;22138511111;10240;10228
3339;21731640000;21638511111;22138511111;10240;10228
3340;21736192000;21638511111;22138511111;10240;10228
3341;21736407000;21638511111;22138511111;10240;10228
3342;21736425000;21638511111;22138511111;10240;10228
3343;21764324000;21638522222;22138522222;10240;10228
3344;21767984000;21638822222;22138822222;10240;10228
3345;21767996000;21638822222;22138822222;10240;10228
3346;21768001000;21638822222;22138822222;10240;10228
3348;21789506000;21680188888;22180188888;10240;10228
3347;21789679000;21680188888;22180188888;10240;10228
3350;21800217000;21680188888;22180188888;10240;10228
3349;21800429000;21680188888;22180188888;10240;10228
3351;21800660000;21680188888;22180188888;10240;10228
3352;21809566000;21680188888;22180188888;10240;10228
3353;21809576000;21680188888;22180188888;10240;10228
3354;21809580000;21680211111;22180211111;10240;10228
3355;21809585000;21680488888;22180488888;10240;10228
3356;21809609000;21680488888;22180488888;10240;10228
3357;21809613000;21680488888;22180488888;10240;10228
3358;21810373000;21721811111;22221811111;10240;10228
3359;21810573000;21721811111;22221811111;10240;10228
3360;21815221000;21721811111;22221811111;10240;10228
3361;21815423000;21721811111;22221811111;10240;10228
3362;21815443000;21721811111;22221811111;10240;10228
3363;21844067000;21721811111;22221811111;10240;10228
3364;21851253000;21721811111;22221811111;10240;10228
3365;21851264000;21721822222;22221822222;10240;10228
3366;21851278000;21722088888;22222088888;10240;10228
3367;21851516000;21722088888;22222088888;10240;10228
3368;21851525000;21722088888;22222088888;10240;10228
3369;21851874000;21763511111;22263511111;10240;10228
3370;21856593000;21763511111;22263511111;10240;10228
3371;21856809000;21763511111;22263511111;10240;10228
3372;21856818000;21763511111;22263511111;10240;10228
3373;21857001000;21763511111;22263511111;10240;10228
3374;21884784000;21763511111;22263511111;10240;10228
3375;21888240000;21763511111;22263511111;10240;10228
3376;21888252000;21763522222;22263522222;10240;10228
3377;21888258000;21763788888;22263788888;10240;10228
3378;21888263000;21763788888;22263788888;10240;10228
3379;21888356000;21763788888;22263788888;10240;10228
3380;21909776000;21805177777;22305177777;10240;10228
3381;21910142000;21805177777;22305177777;10240;10228
3382;21920491000;21805177777;22305177777;10240;10228
3383;21920914000;21805177777;22305177777;10240;10228
3384;21929882000;21805177777;22305177777;10240;10228
3387;21929892000;21805188888;22305188888;10240;10228
3388;21929906000;21805488888;22305488888;10240;10228
3389;21929912000;21805488888;22305488888;10240;10228
3390;21929916000;21805488888;22305488888;10240;10228
3391;21929920000;21846844444;22346844444;10240;10228
3385;21930066000;21805177777;22305177777;10240;10228
3386;21930283000;21805177777;22305177777;10240;10228
3392;21931023000;21846844444;22346844444;10240;10228
3393;21931237000;21846844444;22346844444;10240;10228
3394;21935882000;21846844444;22346844444;10240;10228
3395;21936120000;21846844444;22346844444;10240;10228
3396;21962850000;21846844444;22346844444;10240;10228
3397;21971559000;21846844444;22346844444;10240;10228
3398;21971723000;21846855555;22346855555;10240;10228
3399;21971817000;21847133333;22347133333;10240;10228
3400;21971838000;21847133333;22347133333;10240;10228
3401;21971842000;21847133333;22347133333;10240;10228
3402;21977122000;21888477777;22388477777;10240;10228
3403;21977292000;21888477777;22388477777;10240;10228
3404;21977312000;21888477777;22388477777;10240;10228
3405;21977497000;21888477777;22388477777;10240;10228
3406;22003591000;21888477777;22388477777;10240;10228
3408;22008554000;21888477777;22388477777;10240;10228
3409;22008568000;21888500000;22388500000;10240;10228
3410;22008574000;21888877777;22388877777;10240;10228
3411;22008579000;21888877777;22388877777;10240;10228
3412;22008583000;21888877777;22388877777;10240;10228
3413;22008589000;21930177777;22430177777;10240;10228
3407;22008750000;21888477777;22388477777;10240;10228
3414;22030405000;21930177777;22430177777;10240;10228
3415;22030646000;21930177777;22430177777;10240;10228
3417;22041141000;21930177777;22430177777;10240;10228
3416;22041388000;21930177777;22430177777;10240;10228
3418;22050159000;21930177777;22430177777;10240;10228
3419;22050175000;21930177777;22430177777;10240;10228
3420;22050180000;21930188888;22430188888;10240;10228
3421;22050186000;21930477777;22430477777;10240;10228
3422;22050190000;21930477777;22430477777;10240;10228
3423;22050195000;21930477777;22430477777;10240;10228
3424;22050556000;21971844444;22471844444;10240;10228
3425;22050720000;21971844444;22471844444;10240;10228
3426;22050740000;21971844444;22471844444;10240;10228
3427;22051756000;21971844444;22471844444;10240;10228
3428;22051934000;21971844444;22471844444;10240;10228
3430;22056649000;21971844444;22471844444;10240;10228
3432;22091861000;21972133333;22472133333;10240;10228
3431;22091957000;21971855555;22471855555;10240;10228
3434;22092041000;21972133333;22472133333;10240;10228
3435;22092078000;22013511111;22513511111;10240;10228
3436;22092094000;22013511111;22513511111;10240;10228
3433;22092197000;21972133333;22472133333;10240;10228
3437;22097794000;22013511111;22513511111;10240;10228
3438;22097933000;22013511111;22513511111;10240;10228
3439;22098160000;22013511111;22513511111;10240;10228
3440;22098166000;22013511111;22513511111;10240;10228
3442;22128846000;22013522222;22513522222;10240;10228
3443;22128858000;22013788888;22513788888;10240;10228
3444;22128874000;22013788888;22513788888;10240;10228
3445;22128895000;22013788888;22513788888;10240;10228
3446;22128901000;22055177777;22555177777;10240;10228
3447;22128907000;22055177777;22555177777;10240;10228
3448;22128924000;22055177777;22555177777;10240;10228
3441;22129060000;22013511111;22513511111;10240;10228
3449;22129302000;22055177777;22555177777;10240;10228
3450;22150925000;22055177777;22555177777;10240;10228
3451;22151104000;22055177777;22555177777;10240;10228
3452;22161384000;22055177777;22555177777;10240;10228
3453;22161799000;22055188888;22555188888;10240;10228
3454;22161962000;22055488888;22555488888;10240;10228
3455;22170506000;22055488888;22555488888;10240;10228
3456;22170534000;22055488888;22555488888;10240;10228
3457;22170549000;22096844444;22596844444;10240;10228
3458;22170554000;22096844444;22596844444;10240;10228
3459;22170559000;22096844444;22596844444;10240;10228
3460;22170563000;22096844444;22596844444;10240;10228
3461;22171203000;22096844444;22596844444;10240;10228
3462;22171403000;22096844444;22596844444;10240;10228
3463;22171620000;22096844444;22596844444;10240;10228
3464;22172188000;22096855555;22596855555;10240;10228
3465;22198875000;22097133333;22597133333;10240;10228
3466;22199106000;22097133333;22597133333;10240;10228
3467;22199275000;22097133333;22597133333;10240;10228
3468;22212248000;22138522222;22638522222;10240;10228
3470;22212263000;22138522222;22638522222;10240;10228
3471;22212284000;22138522222;22638522222;10240;10228
3472;22212299000;22138522222;22638522222;10240;10228
3469;22212405000;22138522222;22638522222;10240;10228
3429;22212439000;21971844444;22471844444;10240;10228
3473;22249243000;22138522222;22638522222;10240;10228
3474;22249252000;22138522222;22638522222;10240;10228
3475;22249257000;22138544444;22638544444;10240;10228
3476;22249262000;22138833333;22638833333;10240;10228
3477;22249275000;22138833333;22638833333;10240;10228
3478;22249278000;22138833333;22638833333;10240;10228
3479;22249282000;22180177777;22680177777;10240;10228
3480;22271232000;22180177777;22680177777;10240;10228
3481;22271527000;22180177777;22680177777;10240;10228
3482;22281703000;22180177777;22680177777;10240;10228
3483;22282244000;22180177777;22680177777;10240;10228
3484;22282442000;22180177777;22680177777;10240;10228
3485;22290784000;22180177777;22680177777;10240;10228
3486;22290797000;22180188888;22680188888;10240;10228
3487;22290803000;22180488888;22680488888;10240;10228
3488;22290808000;22180488888;22680488888;10240;10228
3489;22290813000;22180488888;22680488888;10240;10228
3490;22290817000;22221855555;22721855555;10240;10228
3491;22291665000;22221855555;22721855555;10240;10228
3492;22291875000;22221855555;22721855555;10240;10228
3493;22292077000;22221855555;22721855555;10240;10228
3494;22292288000;22221855555;22721855555;10240;10228
3495;22319328000;22221855555;22721855555;10240;10228
3496;22319527000;22221855555;22721855555;10240;10228
3497;22319734000;22221955555;22721955555;10240;10228
3498;22323878000;22222277777;22722277777;10240;10228
3499;22332546000;22222277777;22722277777;10240;10228
3500;22332557000;22222277777;22722277777;10240;10228
3501;22332563000;22263522222;22763522222;10240;10228
3502;22332568000;22263522222;22763522222;10240;10228
3503;22332583000;22263522222;22763522222;10240;10228
3504;22332783000;22263522222;22763522222;10240;10228
3505;22369473000;22263522222;22763522222;10240;10228
3506;22369486000;22263522222;22763522222;10240;10228
3507;22369497000;22263522222;22763522222;10240;10228
3508;22369503000;22263533333;22763533333;10240;10228
3509;22369509000;22263811111;22763811111;10240;10228
3510;22369514000;22263811111;22763811111;10240;10228
3511;22369537000;22263811111;22763811111;10240;10228
3512;22369544000;22305177777;22805177777;10240;10228
3513;22391463000;22305177777;22805177777;10240;10228
3514;22391484000;22305177777;22805177777;10240;10228
3515;22401946000;22305177777;22805177777;10240;10228
3516;22402150000;22305177777;22805177777;10240;10228
3517;22402911000;22305177777;22805177777;10240;10228
3518;22403082000;22305177777;22805177777;10240;10228
3519;22411084000;22305188888;22805188888;10240;10228
3520;22411117000;22305477777;22805477777;10240;10228
3521;22411123000;22305477777;22805477777;10240;10228
3522;22411127000;22305477777;22805477777;10240;10228
3523;22411132000;22346844444;22846844444;10240;10228
3524;22411948000;22346844444;22846844444;10240;10228
3525;22412150000;22346844444;22846844444;10240;10228
3526;22412481000;22346844444;22846844444;10240;10228
3527;22412700000;22346844444;22846844444;10240;10228
3528;22439760000;22346844444;22846844444;10240;10228
3529;22439955000;22346844444;22846844444;10240;10228
3530;22439965000;22346855555;22846855555;10240;10228
3531;22448861000;22347133333;22847133333;10240;10228
3532;22452801000;22347133333;22847133333;10240;10228
3534;22452812000;22388500000;22888500000;10240;10228
3535;22452821000;22388500000;22888500000;10240;10228
3536;22452825000;22388500000;22888500000;10240;10228
3538;22452995000;22388500000;22888500000;10240;10228
3533;22453005000;22347133333;22847133333;10240;10228
3537;22453233000;22388500000;22888500000;10240;10228
3539;22453445000;22388500000;22888500000;10240;10228
3540;22489770000;22388500000;22888500000;10240;10228
3541;22489790000;22388522222;22888522222;10240;10228
3542;22490361000;22388877777;22888877777;10240;10228
3543;22490372000;22388877777;22888877777;10240;10228
3544;22490377000;22388877777;22888877777;10240;10228
3545;22490382000;22430188888;22930188888;10240;10228
3546;22490386000;22430188888;22930188888;10240;10228
3547;22511752000;22430188888;22930188888;10240;10228
3548;22511772000;22430188888;22930188888;10240;10228
3549;22511777000;22430188888;22930188888;10240;10228
3550;22522278000;22430188888;22930188888;10240;10228
3551;22522300000;22430188888;22930188888;10240;10228
3552;22523308000;22430222222;22930222222;10240;10228
3554;22532064000;22430511111;22930511111;10240;10228
3556;22532087000;22471866666;22971866666;10240;10228
3557;22532092000;22471866666;22971866666;10240;10228
3558;22532235000;22471866666;22971866666;10240;10228
3559;22532246000;22471866666;22971866666;10240;10228
3553;22532252000;22430511111;22930511111;10240;10228
3555;22532474000;22430511111;22930511111;10240;10228
3560;22532974000;22471866666;22971866666;10240;10228
3561;22533150000;22471866666;22971866666;10240;10228
3562;22560226000;22471866666;22971866666;10240;10228
3563;22560432000;22471888888;22971888888;10240;10228
3564;22573662000;22472200000;22972200000;10240;10228
3566;22573672000;22472200000;22972200000;10240;10228
3568;22573679000;22513533333;23013533333;10240;10228
3570;22573698000;22513533333;23013533333;10240;10228
3572;22573703000;22513533333;23013533333;10240;10228
3565;22573897000;22472200000;22972200000;10240;10228
3567;22574153000;22513533333;23013533333;10240;10228
3569;22574193000;22513533333;23013533333;10240;10228
3571;22574310000;22513533333;23013533333;10240;10228
3573;22574538000;22513533333;23013533333;10240;10228
3574;22602558000;22513577777;23013577777;10240;10228
3576;22615449000;22513844444;23013844444;10240;10228
3577;22615462000;22513844444;23013844444;10240;10228
3578;22615467000;22555211111;23055211111;10240;10228
3579;22615471000;22555211111;23055211111;10240;10228
3580;22615476000;22555211111;23055211111;10240;10228
3581;22615481000;22555211111;23055211111;10240;10228
3582;22615485000;22555211111;23055211111;10240;10228
3575;22615569000;22513844444;23013844444;10240;10228
3583;22632264000;22555211111;23055211111;10240;10228
3584;22632276000;22555211111;23055211111;10240;10228
3585;22632289000;22555255555;23055255555;10240;10228
3586;22657066000;22555555555;23055555555;10240;10228
3588;22657077000;22555555555;23055555555;10240;10228
3590;22657102000;22596855555;23096855555;10240;10228
3592;22657107000;22596855555;23096855555;10240;10228
3594;22657112000;22596855555;23096855555;10240;10228
3596;22657115000;22596911111;23096911111;10240;10228
3587;22657223000;22555555555;23055555555;10240;10228
3589;22657437000;22596855555;23096855555;10240;10228
3591;22657464000;22596855555;23096855555;10240;10228
3593;22657646000;22596855555;23096855555;10240;10228
3595;22657837000;22596855555;23096855555;10240;10228
3598;22698693000;22597344444;23097344444;10240;10228
3600;22698711000;22638533333;23138533333;10240;10228
3602;22698717000;22638533333;23138533333;10240;10228
3604;22698722000;22638533333;23138533333;10240;10228
3606;22698727000;22638533333;23138533333;10240;10228
3597;22698875000;22597344444;23097344444;10240;10228
3599;22699108000;22597344444;23097344444;10240;10228
3601;22699130000;22638533333;23138533333;10240;10228
3603;22699256000;22638533333;23138533333;10240;10228
3605;22699503000;22638533333;23138533333;10240;10228
3607;22699518000;22638577777;23138577777;10240;10228
3608;22740354000;22638888888;23138888888;10240;10228
3612;22740366000;22680211111;23180211111;10240;10228
3614;22740374000;22680211111;23180211111;10240;10228
3615;22740379000;22680211111;23180211111;10240;10228
3616;22740389000;22680211111;23180211111;10240;10228
3617;22740394000;22680211111;23180211111;10240;10228
3618;22740406000;22680255555;23180255555;10240;10228
3609;22740576000;22638888888;23138888888;10240;10228
3611;22740782000;22680211111;23180211111;10240;10228
3613;22740801000;22680211111;23180211111;10240;10228
3620;22782013000;22680544444;23180544444;10240;10228
3622;22782025000;22721866666;23221866666;10240;10228
3624;22782031000;22721866666;23221866666;10240;10228
3626;22782037000;22721866666;23221866666;10240;10228
3628;22782041000;22721866666;23221866666;10240;10228
3619;22782221000;22680544444;23180544444;10240;10228
3621;22782427000;22680544444;23180544444;10240;10228
3623;22782450000;22721866666;23221866666;10240;10228
3625;22782633000;22721866666;23221866666;10240;10228
3627;22782830000;22721866666;23221866666;10240;10228
3629;22782849000;22721911111;23221911111;10240;10228
3630;22823728000;22722255555;23222255555;10240;10228
3632;22823738000;22722255555;23222255555;10240;10228
3634;22823743000;22763533333;23263533333;10240;10228
3636;22823747000;22763533333;23263533333;10240;10228
3638;22823754000;22763533333;23263533333;10240;10228
3640;22823759000;22763577777;23263577777;10240;10228
3631;22823895000;22722255555;23222255555;10240;10228
3633;22824107000;22763533333;23263533333;10240;10228
3635;22824302000;22763533333;23263533333;10240;10228
3637;22824314000;22763533333;23263533333;10240;10228
3639;22824505000;22763533333;23263533333;10240;10228
3610;22860647000;22638888888;23138888888;10240;10228
3642;22865379000;22763877777;23263877777;10240;10228
3641;22865558000;22763877777;23263877777;10240;10228
3643;22865758000;22763877777;23263877777;10240;10228
3644;22865778000;22805200000;23305200000;10240;10228
3645;22865960000;22805200000;23305200000;10240;10228
3646;22902316000;22805200000;23305200000;10240;10228
3647;22902328000;22805200000;23305200000;10240;10228
3648;22902334000;22805200000;23305200000;10240;10228
3649;22902339000;22805200000;23305200000;10240;10228
3650;22902343000;22805200000;23305200000;10240;10228
3651;22902588000;22805222222;23305222222;10240;10228
3652;22907220000;22805533333;23305533333;10240;10228
3653;22907422000;22805533333;23305533333;10240;10228
3654;22907441000;22805533333;23305533333;10240;10228
3655;22907635000;22846855555;23346855555;10240;10228
3656;22907822000;22846855555;23346855555;10240;10228
3657;22907842000;22846855555;23346855555;10240;10228
3658;22943992000;22846855555;23346855555;10240;10228
3659;22944002000;22846855555;23346855555;10240;10228
3660;22944008000;22846855555;23346855555;10240;10228
3661;22944012000;22846855555;23346855555;10240;10228
3662;22944017000;22846888888;23346888888;10240;10228
3663;22948693000;22847211111;23347211111;10240;10228
3665;22948715000;22847211111;23347211111;10240;10228
3664;22948903000;22847211111;23347211111;10240;10228
3666;22949099000;22888533333;23388533333;10240;10228
3667;22949309000;22888533333;23388533333;10240;10228
3668;22949315000;22888533333;23388533333;10240;10228
3669;22949513000;22888533333;23388533333;10240;10228
3670;22980884000;22888533333;23388533333;10240;10228
3671;22985650000;22888533333;23388533333;10240;10228
3672;22985992000;22888533333;23388533333;10240;10228
3673;22986194000;22888566666;23388566666;10240;10228
3674;22990548000;22888855555;23388855555;10240;10228
3675;22990765000;22888855555;23388855555;10240;10228
3676;22990784000;22888855555;23388855555;10240;10228
3677;23022614000;22930222222;23430222222;10240;10228
3678;23022624000;22930222222;23430222222;10240;10228
3679;23022629000;22930222222;23430222222;10240;10228
3680;23022642000;22930222222;23430222222;10240;10228
3681;23022647000;22930222222;23430222222;10240;10228
3682;23023093000;22930222222;23430222222;10240;10228
3683;23027891000;22930222222;23430222222;10240;10228
3684;23028074000;22930233333;23430233333;10240;10228
3685;23032219000;22930533333;23430533333;10240;10228
3686;23032426000;22930533333;23430533333;10240;10228
3687;23032444000;22930533333;23430533333;10240;10228
3688;23054971000;22971855555;23471855555;10240;10228
3689;23064297000;22971855555;23471855555;10240;10228
3690;23064309000;22971855555;23471855555;10240;10228
3691;23064313000;22971855555;23471855555;10240;10228
3692;23064319000;22971855555;23471855555;10240;10228
3693;23064332000;22971855555;23471855555;10240;10228
3694;23068978000;22971855555;23471855555;10240;10228
3695;23068988000;22971877777;23471877777;10240;10228
3696;23073674000;22972200000;23472200000;10240;10228
3697;23073904000;22972200000;23472200000;10240;10228
3698;23074152000;22972200000;23472200000;10240;10228
3699;23074162000;23013522222;23513522222;10240;10228
3700;23074318000;23013522222;23513522222;10240;10228
3701;23074533000;23013522222;23513522222;10240;10228
3702;23105907000;23013522222;23513522222;10240;10228
3703;23105928000;23013522222;23513522222;10240;10228
3704;23106473000;23013522222;23513522222;10240;10228
3705;23106676000;23013522222;23513522222;10240;10228
3706;23111211000;23013555555;23513555555;10240;10228
3707;23115567000;23013811111;23513811111;10240;10228
3708;23115769000;23013811111;23513811111;10240;10228
3709;23115789000;23013811111;23513811111;10240;10228
3710;23142928000;23055211111;23555211111;10240;10228
3711;23142939000;23055211111;23555211111;10240;10228
3712;23142944000;23055211111;23555211111;10240;10228
3713;23142948000;23055211111;23555211111;10240;10228
3715;23143327000;23055211111;23555211111;10240;10228
3714;23143597000;23055211111;23555211111;10240;10228
3716;23148394000;23055211111;23555211111;10240;10228
3717;23148618000;23055233333;23555233333;10240;10228
3718;23157249000;23055522222;23555522222;10240;10228
3719;23157449000;23055522222;23555522222;10240;10228
3720;23157468000;23055522222;23555522222;10240;10228
3722;23184613000;23096855555;23596855555;10240;10228
3723;23184627000;23096855555;23596855555;10240;10228
3724;23184632000;23096855555;23596855555;10240;10228
3725;23184637000;23096855555;23596855555;10240;10228
3726;23184643000;23096855555;23596855555;10240;10228
3721;23184838000;23096855555;23596855555;10240;10228
3727;23189241000;23096855555;23596855555;10240;10228
3728;23189259000;23096877777;23596877777;10240;10228
3729;23198729000;23097133333;23597133333;10240;10228
3731;23198751000;23097133333;23597133333;10240;10228
3730;23198931000;23097133333;23597133333;10240;10228
3732;23199176000;23138533333;23638533333;10240;10228
3733;23199195000;23138533333;23638533333;10240;10228
3734;23199391000;23138533333;23638533333;10240;10228
3735;23222836000;23138533333;23638533333;10240;10228
3736;23226184000;23138533333;23638533333;10240;10228
3737;23226202000;23138533333;23638533333;10240;10228
3738;23227233000;23138533333;23638533333;10240;10228
3739;23227385000;23138555555;23638555555;10240;10228
3740;23240598000;23138833333;23638833333;10240;10228
3741;23240782000;23138833333;23638833333;10240;10228
3742;23240810000;23138833333;23638833333;10240;10228
3743;23240986000;23180200000;23680200000;10240;10228
3745;23263207000;23180200000;23680200000;10240;10228
3746;23263219000;23180200000;23680200000;10240;10228
3747;23263223000;23180200000;23680200000;10240;10228
3748;23263560000;23180200000;23680200000;10240;10228
3749;23264058000;23180200000;23680200000;10240;10228
3750;23264295000;23180211111;23680211111;10240;10228
3751;23282256000;23180511111;23680511111;10240;10228
3752;23282468000;23180511111;23680511111;10240;10228
3753;23282487000;23180511111;23680511111;10240;10228
3754;23282681000;23221866666;23721866666;10240;10228
3755;23282839000;23221866666;23721866666;10240;10228
3756;23304891000;23221866666;23721866666;10240;10228
3757;23304901000;23221866666;23721866666;10240;10228
3758;23304906000;23221866666;23721866666;10240;10228
3759;23304911000;23221866666;23721866666;10240;10228
3760;23304915000;23221866666;23721866666;10240;10228
3761;23305219000;23221888888;23721888888;10240;10228
3763;23323662000;23222177777;23722177777;10240;10228
3765;23323674000;23263522222;23763522222;10240;10228
3767;23323679000;23263522222;23763522222;10240;10228
3769;23323684000;23263522222;23763522222;10240;10228
3762;23323904000;23222177777;23722177777;10240;10228
3766;23324077000;23263522222;23763522222;10240;10228
3768;23324343000;23263522222;23763522222;10240;10228
3770;23343207000;23263522222;23763522222;10240;10228
3771;23343439000;23263522222;23763522222;10240;10228
3772;23346468000;23263566666;23763566666;10240;10228
3774;23365344000;23263877777;23763877777;10240;10228
3776;23365355000;23305200000;23805200000;10240;10228
3773;23365586000;23263877777;23763877777;10240;10228
3775;23365763000;23263877777;23763877777;10240;10228
3777;23365784000;23305200000;23805200000;10240;10228
3778;23365960000;23305200000;23805200000;10240;10228
3780;23383551000;23305200000;23805200000;10240;10228
3782;23383561000;23305200000;23805200000;10240;10228
3779;23383700000;23305200000;23805200000;10240;10228
3781;23383880000;23305200000;23805200000;10240;10228
3744;23384096000;23180200000;23680200000;10240;10228
3783;23384722000;23305222222;23805222222;10240;10228
3784;23407211000;23305511111;23805511111;10240;10228
3785;23407448000;23305511111;23805511111;10240;10228
3786;23407468000;23305511111;23805511111;10240;10228
3787;23407626000;23346855555;23846855555;10240;10228
3788;23407829000;23346855555;23846855555;10240;10228
3789;23425240000;23346855555;23846855555;10240;10228
3790;23425860000;23346855555;23846855555;10240;10228
3791;23443917000;23346855555;23846855555;10240;10228
3792;23443926000;23346855555;23846855555;10240;10228
3793;23443932000;23346855555;23846855555;10240;10228
3794;23443936000;23346888888;23846888888;10240;10228
3795;23448873000;23347166666;23847166666;10240;10228
3796;23449079000;23347166666;23847166666;10240;10228
3797;23449100000;23347166666;23847166666;10240;10228
3764;23463676000;23222177777;23722177777;10240;10228
3798;23466805000;23388522222;23888522222;10240;10228
3799;23466825000;23388522222;23888522222;10240;10228
3800;23485614000;23388522222;23888522222;10240;10228
3801;23485634000;23388522222;23888522222;10240;10228
3802;23503847000;23388522222;23888522222;10240;10228
3803;23503868000;23388522222;23888522222;10240;10228
3804;23505162000;23388522222;23888522222;10240;10228
3805;23527593000;23388544444;23888544444;10240;10228
3806;23527888000;23388800000;23888800000;10240;10228
3807;23528081000;23388800000;23888800000;10240;10228
3808;23528291000;23388800000;23888800000;10240;10228
3809;23528312000;23430177777;23930177777;10240;10228
3810;23528496000;23430177777;23930177777;10240;10228
3811;23528516000;23430177777;23930177777;10240;10228
3812;23545493000;23430177777;23930177777;10240;10228
3813;23546326000;23430177777;23930177777;10240;10228
3814;23564143000;23430177777;23930177777;10240;10228
3815;23564153000;23430177777;23930177777;10240;10228
3816;23564159000;23430188888;23930188888;10240;10228
3817;23564164000;23430477777;23930477777;10240;10228
3818;23569317000;23430477777;23930477777;10240;10228
3819;23569524000;23430477777;23930477777;10240;10228
3820;23569746000;23471844444;23971844444;10240;10228
3821;23584120000;23471844444;23971844444;10240;10228
3822;23587078000;23471844444;23971844444;10240;10228
3823;23587103000;23471844444;23971844444;10240;10228
3824;23587107000;23471844444;23971844444;10240;10228
3825;23605816000;23471844444;23971844444;10240;10228
3826;23605827000;23471844444;23971844444;10240;10228
3827;23624119000;23471855555;23971855555;10240;10228
3828;23624129000;23472122222;23972122222;10240;10228
3829;23625594000;23472122222;23972122222;10240;10228
3830;23648518000;23472122222;23972122222;10240;10228
3831;23648732000;23513511111;24013511111;10240;10228
3832;23648742000;23513511111;24013511111;10240;10228
3833;23648919000;23513511111;24013511111;10240;10228
3834;23649123000;23513511111;24013511111;10240;10228
3835;23649143000;23513511111;24013511111;10240;10228
3836;23665804000;23513511111;24013511111;10240;10228
3837;23665987000;23513511111;24013511111;10240;10228
3838;23684330000;23513522222;24013522222;10240;10228
3840;23684342000;23513777777;24013777777;10240;10228
3841;23684350000;23513777777;24013777777;10240;10228
3839;23684574000;23513777777;24013777777;10240;10228
3842;23689592000;23555177777;24055177777;10240;10228
3843;23689801000;23555177777;24055177777;10240;10228
3844;23690004000;23555177777;24055177777;10240;10228
3845;23704593000;23555177777;24055177777;10240;10228
3846;23704820000;23555177777;24055177777;10240;10228
3847;23707442000;23555177777;24055177777;10240;10228
3848;23707453000;23555177777;24055177777;10240;10228
3849;23707457000;23555188888;24055188888;10240;10228
3850;23707472000;23555477777;24055477777;10240;10228
3851;23725984000;23555477777;24055477777;10240;10228
3852;23726030000;23555477777;24055477777;10240;10228
3853;23726037000;23596844444;24096844444;10240;10228
3854;23744393000;23596844444;24096844444;10240;10228
3856;23745890000;23596844444;24096844444;10240;10228
3855;23746072000;23596844444;24096844444;10240;10228
3857;23768990000;23596844444;24096844444;10240;10228
3858;23769191000;23596844444;24096844444;10240;10228
3859;23769396000;23596844444;24096844444;10240;10228
3860;23769601000;23596855555;24096855555;10240;10228
3861;23769622000;23597133333;24097133333;10240;10228
3862;23769805000;23597133333;24097133333;10240;10228
3863;23770000000;23597133333;24097133333;10240;10228
3864;23786056000;23638522222;24138522222;10240;10228
3865;23786271000;23638522222;24138522222;10240;10228
3866;23786491000;23638522222;24138522222;10240;10228
3867;23804585000;23638522222;24138522222;10240;10228
3868;23804594000;23638522222;24138522222;10240;10228
3869;23804994000;23638522222;24138522222;10240;10228
3871;23810062000;23638533333;24138533333;10240;10228
3872;23810076000;23638822222;24138822222;10240;10228
3870;23810266000;23638522222;24138522222;10240;10228
3873;23825066000;23638822222;24138822222;10240;10228
3874;23825276000;23638822222;24138822222;10240;10228
3875;23827749000;23680177777;24180177777;10240;10228
3877;23827769000;23680177777;24180177777;10240;10228
3876;23827971000;23680177777;24180177777;10240;10228
3878;23846287000;23680177777;24180177777;10240;10228
3879;23846299000;23680177777;24180177777;10240;10228
3880;23846303000;23680177777;24180177777;10240;10228
3881;23846318000;23680177777;24180177777;10240;10228
3882;23864661000;23680188888;24180188888;10240;10228
3883;23864672000;23680466666;24180466666;10240;10228
3884;23864677000;23680466666;24180466666;10240;10228
3885;23866240000;23680466666;24180466666;10240;10228
3886;23866543000;23721844444;24221844444;10240;10228
3887;23889633000;23721844444;24221844444;10240;10228
3888;23889848000;23721844444;24221844444;10240;10228
3889;23889858000;23721844444;24221844444;10240;10228
3890;23890299000;23721844444;24221844444;10240;10228
3891;23890461000;23721844444;24221844444;10240;10228
3892;23890482000;23721844444;24221844444;10240;10228
3893;23890661000;23721855555;24221855555;10240;10228
3894;23890683000;23722111111;24222111111;10240;10228
3896;23906576000;23722111111;24222111111;10240;10228
3895;23906776000;23722111111;24222111111;10240;10228
3897;23924856000;23763511111;24263511111;10240;10228
3898;23925099000;23763511111;24263511111;10240;10228
3899;23925253000;23763511111;24263511111;10240;10228
3900;23925535000;23763511111;24263511111;10240;10228
3901;23930402000;23763511111;24263511111;10240;10228
3902;23930734000;23763511111;24263511111;10240;10228
3903;23945789000;23763511111;24263511111;10240;10228
3904;23945967000;23763522222;24263522222;10240;10228
3905;23948064000;23763777777;24263777777;10240;10228
3906;23948073000;23763777777;24263777777;10240;10228
3907;23948428000;23763777777;24263777777;10240;10228
3908;23966643000;23805177777;24305177777;10240;10228
3909;23966655000;23805177777;24305177777;10240;10228
3910;23966659000;23805177777;24305177777;10240;10228
3911;23966664000;23805177777;24305177777;10240;10228
3912;23966668000;23805177777;24305177777;10240;10228
3913;23985007000;23805177777;24305177777;10240;10228
3914;23985018000;23805177777;24305177777;10240;10228
3915;23985022000;23805188888;24305188888;10240;10228
3916;23986567000;23805500000;24305500000;10240;10228
3917;24010124000;23805500000;24305500000;10240;10228
3918;24010336000;23805500000;24305500000;10240;10228
3919;24010354000;23846844444;24346844444;10240;10228
3920;24010565000;23846844444;24346844444;10240;10228
3921;24010900000;23846844444;24346844444;10240;10228
3922;24011107000;23846844444;24346844444;10240;10228
3923;24011336000;23846844444;24346844444;10240;10228
3924;24011356000;23846844444;24346844444;10240;10228
3925;24011567000;23846844444;24346844444;10240;10228
3926;24026825000;23846855555;24346855555;10240;10228
3928;24026846000;23847133333;24347133333;10240;10228
3927;24027107000;23847133333;24347133333;10240;10228
3929;24027299000;23847133333;24347133333;10240;10228
3930;24045294000;23888511111;24388511111;10240;10228
3931;24045607000;23888511111;24388511111;10240;10228
3932;24045761000;23888511111;24388511111;10240;10228
3933;24045997000;23888511111;24388511111;10240;10228
3934;24051053000;23888511111;24388511111;10240;10228
3935;24051241000;23888511111;24388511111;10240;10228
3936;24066265000;23888511111;24388511111;10240;10228
3937;24068367000;23888522222;24388522222;10240;10228
3938;24068389000;23888800000;24388800000;10240;10228
3939;24068913000;23888800000;24388800000;10240;10228
3940;24086889000;23888800000;24388800000;10240;10228
3941;24086900000;23930177777;24430177777;10240;10228
3942;24086906000;23930177777;24430177777;10240;10228
3943;24086915000;23930177777;24430177777;10240;10228
3944;24086920000;23930177777;24430177777;10240;10228
3945;24105293000;23930177777;24430177777;10240;10228
3946;24105304000;23930177777;24430177777;10240;10228
3947;24105309000;23930177777;24430177777;10240;10228
3948;24105323000;23930188888;24430188888;10240;10228
3949;24130356000;23930522222;24430522222;10240;10228
3950;24130613000;23930522222;24430522222;10240;10228
3951;24130791000;23930522222;24430522222;10240;10228
3952;24130986000;23971844444;24471844444;10240;10228
3953;24131233000;23971844444;24471844444;10240;10228
3954;24131590000;23971844444;24471844444;10240;10228
3955;24131754000;23971844444;24471844444;10240;10228
3956;24131947000;23971844444;24471844444;10240;10228
3957;24131959000;23971844444;24471844444;10240;10228
3958;24132154000;23971844444;24471844444;10240;10228
3959;24132174000;23971855555;24471855555;10240;10228
3960;24132395000;23972133333;24472133333;10240;10228
3961;24147067000;23972133333;24472133333;10240;10228
3962;24147076000;23972133333;24472133333;10240;10228
3963;24147616000;24013511111;24513511111;10240;10228
3964;24147811000;24013511111;24513511111;10240;10228
3966;24165866000;24013511111;24513511111;10240;10228
3965;24166108000;24013511111;24513511111;10240;10228
3968;24166243000;24013511111;24513511111;10240;10228
3967;24166468000;24013511111;24513511111;10240;10228
3970;24171530000;24013522222;24513522222;10240;10228
3971;24186784000;24013777777;24513777777;10240;10228
3972;24188682000;24013777777;24513777777;10240;10228
3974;24189202000;24055188888;24555188888;10240;10228
3973;24189403000;24013777777;24513777777;10240;10228
3975;24207213000;24055188888;24555188888;10240;10228
3976;24207223000;24055188888;24555188888;10240;10228
3977;24207228000;24055188888;24555188888;10240;10228
3978;24207233000;24055188888;24555188888;10240;10228
3979;24207238000;24055188888;24555188888;10240;10228
3980;24207243000;24055188888;24555188888;10240;10228
3981;24225558000;24055211111;24555211111;10240;10228
3982;24225571000;24055511111;24555511111;10240;10228
3983;24225576000;24055511111;24555511111;10240;10228
3984;24225582000;24055511111;24555511111;10240;10228
3985;24251067000;24096844444;24596844444;10240;10228
3987;24251241000;24096844444;24596844444;10240;10228
3988;24251629000;24096844444;24596844444;10240;10228
3989;24251805000;24096844444;24596844444;10240;10228
3990;24252181000;24096844444;24596844444;10240;10228
3991;24252384000;24096844444;24596844444;10240;10228
3992;24252398000;24096855555;24596855555;10240;10228
3993;24252582000;24097122222;24597122222;10240;10228
3994;24252787000;24097122222;24597122222;10240;10228
3995;24252792000;24097122222;24597122222;10240;10228
3996;24252969000;24138511111;24638511111;10240;10228
3998;24267283000;24138511111;24638511111;10240;10228
3999;24267294000;24138511111;24638511111;10240;10228
3997;24267500000;24138511111;24638511111;10240;10228
4000;24268203000;24138511111;24638511111;10240;10228
4001;24268407000;24138511111;24638511111;10240;10228
4002;24286097000;24138511111;24638511111;10240;10228
4003;24286479000;24138522222;24638522222;10240;10228
4004;24286494000;24138800000;24638800000;10240;10228
4005;24286890000;24138800000;24638800000;10240;10228
4006;24307296000;24138800000;24638800000;10240;10228
4007;24308994000;24180177777;24680177777;10240;10228
4008;24309482000;24180177777;24680177777;10240;10228
4009;24309840000;24180177777;24680177777;10240;10228
4010;24327433000;24180177777;24680177777;10240;10228
4011;24327445000;24180177777;24680177777;10240;10228
4012;24327450000;24180177777;24680177777;10240;10228
4013;24327455000;24180177777;24680177777;10240;10228
4014;24327459000;24180188888;24680188888;10240;10228
4015;24327474000;24180477777;24680477777;10240;10228
4016;24327486000;24180477777;24680477777;10240;10228
4017;24327491000;24180477777;24680477777;10240;10228
4018;24345885000;24221844444;24721844444;10240;10228
4019;24345897000;24221844444;24721844444;10240;10228
4020;24345903000;24221844444;24721844444;10240;10228
4021;24345907000;24221844444;24721844444;10240;10228
3969;24371553000;24013511111;24513511111;10240;10228
4022;24373276000;24221844444;24721844444;10240;10228
4023;24373490000;24221844444;24721844444;10240;10228
4024;24373510000;24221844444;24721844444;10240;10228
4025;24387528000;24221855555;24721855555;10240;10228
4026;24387554000;24222133333;24722133333;10240;10228
4027;24387959000;24222133333;24722133333;10240;10228
4028;24388689000;24222133333;24722133333;10240;10228
4029;24388859000;24263511111;24763511111;10240;10228
4030;24388870000;24263511111;24763511111;10240;10228
3986;24406388000;24096844444;24596844444;10240;10228
4031;24406987000;24263511111;24763511111;10240;10228
4032;24407316000;24263511111;24763511111;10240;10228
4033;24427789000;24263511111;24763511111;10240;10228
4034;24430312000;24263511111;24763511111;10240;10228
4035;24447666000;24263511111;24763511111;10240;10228
4036;24447675000;24263522222;24763522222;10240;10228
4037;24447681000;24263811111;24763811111;10240;10228
4038;24447691000;24263811111;24763811111;10240;10228
4039;24466221000;24263811111;24763811111;10240;10228
4040;24466232000;24305177777;24805177777;10240;10228
4041;24466236000;24305177777;24805177777;10240;10228
4042;24466240000;24305177777;24805177777;10240;10228
4043;24466244000;24305177777;24805177777;10240;10228
4044;24492017000;24305177777;24805177777;10240;10228
4045;24493743000;24305177777;24805177777;10240;10228
4046;24493939000;24305177777;24805177777;10240;10228
4047;24494151000;24305188888;24805188888;10240;10228
4048;24507773000;24305477777;24805477777;10240;10228
4049;24507782000;24305477777;24805477777;10240;10228
4050;24508414000;24305477777;24805477777;10240;10228
4051;24509122000;24346844444;24846844444;10240;10228
4052;24509324000;24346844444;24846844444;10240;10228
4053;24509527000;24346844444;24846844444;10240;10228
4054;24509532000;24346844444;24846844444;10240;10228
4055;24526676000;24346844444;24846844444;10240;10228
4056;24527770000;24346844444;24846844444;10240;10228
4057;24527943000;24346844444;24846844444;10240;10228
4058;24550706000;24346855555;24846855555;10240;10228
4059;24550874000;24347166666;24847166666;10240;10228
4060;24567905000;24347166666;24847166666;10240;10228
4061;24567919000;24347166666;24847166666;10240;10228
4062;24567928000;24388500000;24888500000;10240;10228
4063;24586520000;24388500000;24888500000;10240;10228
4064;24586533000;24388500000;24888500000;10240;10228
4065;24586538000;24388500000;24888500000;10240;10228
4066;24586542000;24388500000;24888500000;10240;10228
4067;24586547000;24388500000;24888500000;10240;10228
4068;24586551000;24388500000;24888500000;10240;10228
4069;24614144000;24388511111;24888511111;10240;10228
4070;24614320000;24388811111;24888811111;10240;10228
4071;24614515000;24388811111;24888811111;10240;10228
4072;24614528000;24388811111;24888811111;10240;10228
4073;24628018000;24430200000;24930200000;10240;10228
4074;24628024000;24430200000;24930200000;10240;10228
4075;24628912000;24430200000;24930200000;10240;10228
4076;24629798000;24430200000;24930200000;10240;10228
4077;24629999000;24430200000;24930200000;10240;10228
4078;24630010000;24430200000;24930200000;10240;10228
4079;24630210000;24430200000;24930200000;10240;10228
4080;24630221000;24430222222;24930222222;10240;10228
4081;24630424000;24430511111;24930511111;10240;10228
4083;24648067000;24430511111;24930511111;10240;10228
4082;24648259000;24430511111;24930511111;10240;10228
4084;24648476000;24471844444;24971844444;10240;10228
4086;24688237000;24471844444;24971844444;10240;10228
4087;24688249000;24471844444;24971844444;10240;10228
4085;24688431000;24471844444;24971844444;10240;10228
4088;24706811000;24471844444;24971844444;10240;10228
4089;24706824000;24471844444;24971844444;10240;10228
4090;24706829000;24471844444;24971844444;10240;10228
4091;24706834000;24471855555;24971855555;10240;10228
4092;24706839000;24472166666;24972166666;10240;10228
4093;24706843000;24472166666;24972166666;10240;10228
4094;24706847000;24472166666;24972166666;10240;10228
4095;24706851000;24513511111;25013511111;10240;10228
4096;24706856000;24513511111;25013511111;10240;10228
4097;24734653000;24513511111;25013511111;10240;10228
4098;24734977000;24513511111;25013511111;10240;10228
4099;24735187000;24513511111;25013511111;10240;10228
4100;24735207000;24513511111;25013511111;10240;10228
4101;24748346000;24513511111;25013511111;10240;10228
4102;24748366000;24513522222;25013522222;10240;10228
4103;24750276000;24513777777;25013777777;10240;10228
4104;24750477000;24513777777;25013777777;10240;10228
4105;24750487000;24513777777;25013777777;10240;10228
4106;24750690000;24555188888;25055188888;10240;10228
4107;24750880000;24555188888;25055188888;10240;10228
4108;24750889000;24555188888;25055188888;10240;10228
4109;24751067000;24555188888;25055188888;10240;10228
4111;24768322000;24555188888;25055188888;10240;10228
4110;24768523000;24555188888;25055188888;10240;10228
4112;24768723000;24555188888;25055188888;10240;10228
4113;24799080000;24555211111;25055211111;10240;10228
4114;24808534000;24555500000;25055500000;10240;10228
4115;24808555000;24555500000;25055500000;10240;10228
4116;24808896000;24555500000;25055500000;10240;10228
4117;24827108000;24596844444;25096844444;10240;10228
4118;24827119000;24596844444;25096844444;10240;10228
4119;24827124000;24596844444;25096844444;10240;10228
4120;24827129000;24596844444;25096844444;10240;10228
4121;24827133000;24596844444;25096844444;10240;10228
4122;24827240000;24596844444;25096844444;10240;10228
4123;24827250000;24596844444;25096844444;10240;10228
4124;24827255000;24596855555;25096855555;10240;10228
4125;24827260000;24597144444;25097144444;10240;10228
4126;24827265000;24597144444;25097144444;10240;10228
4127;24855443000;24597144444;25097144444;10240;10228
4128;24855609000;24638511111;25138511111;10240;10228
4129;24855813000;24638511111;25138511111;10240;10228
4130;24855819000;24638511111;25138511111;10240;10228
4131;24868594000;24638511111;25138511111;10240;10228
4132;24868611000;24638511111;25138511111;10240;10228
4133;24870926000;24638511111;25138511111;10240;10228
4134;24871098000;24638511111;25138511111;10240;10228
4135;24871106000;24638522222;25138522222;10240;10228
4136;24871307000;24638833333;25138833333;10240;10228
4137;24871514000;24638833333;25138833333;10240;10228
4138;24871530000;24638833333;25138833333;10240;10228
4139;24871710000;24680177777;25180177777;10240;10228
4140;24871913000;24680177777;25180177777;10240;10228
4142;24888758000;24680177777;25180177777;10240;10228
4141;24888948000;24680177777;25180177777;10240;10228
4143;24889148000;24680177777;25180177777;10240;10228
4144;24919502000;24680177777;25180177777;10240;10228
4145;24928783000;24680177777;25180177777;10240;10228
4146;24928793000;24680188888;25180188888;10240;10228
4147;24929343000;24680466666;25180466666;10240;10228
4148;24947401000;24680466666;25180466666;10240;10228
4149;24947414000;24680466666;25180466666;10240;10228
4150;24947420000;24721844444;25221844444;10240;10228
4151;24947424000;24721844444;25221844444;10240;10228
4152;24947433000;24721844444;25221844444;10240;10228
4153;24947460000;24721844444;25221844444;10240;10228
4154;24947468000;24721844444;25221844444;10240;10228
4155;24947472000;24721844444;25221844444;10240;10228
4156;24947476000;24721844444;25221844444;10240;10228
4157;24947481000;24721855555;25221855555;10240;10228
4158;24947488000;24722122222;25222122222;10240;10228
4159;24975929000;24722122222;25222122222;10240;10228
4160;24976235000;24722122222;25222122222;10240;10228
4161;24976438000;24763511111;25263511111;10240;10228
4163;24988888000;24763511111;25263511111;10240;10228
4162;24989114000;24763511111;25263511111;10240;10228
4164;24991175000;24763511111;25263511111;10240;10228
4165;24991406000;24763511111;25263511111;10240;10228
4166;24991608000;24763511111;25263511111;10240;10228
4167;24991805000;24763511111;25263511111;10240;10228
4168;24992010000;24763522222;25263522222;10240;10228
4169;24992016000;24763777777;25263777777;10240;10228
4170;24992222000;24763777777;25263777777;10240;10228
4171;24992431000;24763777777;25263777777;10240;10228
4172;24992443000;24805177777;25305177777;10240;10228
4173;24992623000;24805177777;25305177777;10240;10228
4174;25009104000;24805177777;25305177777;10240;10228
4175;25009452000;24805177777;25305177777;10240;10228
4176;25038142000;24805177777;25305177777;10240;10228
4177;25049088000;24805177777;25305177777;10240;10228
4179;25049109000;24805188888;25305188888;10240;10228
4178;25049430000;24805177777;25305177777;10240;10228
4180;25067718000;24805488888;25305488888;10240;10228
4182;25067729000;24805488888;25305488888;10240;10228
4183;25067736000;24846844444;25346844444;10240;10228
4184;25067741000;24846844444;25346844444;10240;10228
4185;25067745000;24846844444;25346844444;10240;10228
4186;25067760000;24846844444;25346844444;10240;10228
4187;25067764000;24846844444;25346844444;10240;10228
4188;25067770000;24846844444;25346844444;10240;10228
4189;25067777000;24846844444;25346844444;10240;10228
4190;25067786000;24846855555;25346855555;10240;10228
4191;25067868000;24847133333;25347133333;10240;10228
4181;25067947000;24805488888;25305488888;10240;10228
4192;25093960000;24847133333;25347133333;10240;10228
4193;25096685000;24847133333;25347133333;10240;10228
4194;25096855000;24888511111;25388511111;10240;10228
4195;25109140000;24888511111;25388511111;10240;10228
4196;25109354000;24888511111;25388511111;10240;10228
4197;25109761000;24888511111;25388511111;10240;10228
4198;25111661000;24888511111;25388511111;10240;10228
4199;25111869000;24888511111;25388511111;10240;10228
4200;25112228000;24888511111;25388511111;10240;10228
4201;25112434000;24888522222;25388522222;10240;10228
4202;25112447000;24888844444;25388844444;10240;10228
4203;25112638000;24888844444;25388844444;10240;10228
4204;25112842000;24888844444;25388844444;10240;10228
4205;25113065000;24930177777;25430177777;10240;10228
4206;25113101000;24930177777;25430177777;10240;10228
4207;25113258000;24930177777;25430177777;10240;10228
4208;25113263000;24930177777;25430177777;10240;10228
4210;25129683000;24930177777;25430177777;10240;10228
4209;25129886000;24930177777;25430177777;10240;10228
4211;25169381000;24930177777;25430177777;10240;10228
4214;25169400000;24930488888;25430488888;10240;10228
4212;25169539000;24930188888;25430188888;10240;10228
4213;25169704000;24930488888;25430488888;10240;10228
4215;25169911000;24930488888;25430488888;10240;10228
4216;25188062000;24971844444;25471844444;10240;10228
4217;25188075000;24971844444;25471844444;10240;10228
4218;25188089000;24971844444;25471844444;10240;10228
4219;25188098000;24971844444;25471844444;10240;10228
4220;25188102000;24971844444;25471844444;10240;10228
4221;25188107000;24971844444;25471844444;10240;10228
4222;25188111000;24971844444;25471844444;10240;10228
4223;25188115000;24971855555;25471855555;10240;10228
4224;25188121000;24972144444;25472144444;10240;10228
4225;25188126000;24972144444;25472144444;10240;10228
4226;25188139000;24972144444;25472144444;10240;10228
4227;25188143000;25013511111;25513511111;10240;10228
4228;25188395000;25013511111;25513511111;10240;10228
4230;25216999000;25013511111;25513511111;10240;10228
4229;25217150000;25013511111;25513511111;10240;10228
4232;25229485000;25013511111;25513511111;10240;10228
4231;25229802000;25013511111;25513511111;10240;10228
4233;25230218000;25013511111;25513511111;10240;10228
4234;25230422000;25013522222;25513522222;10240;10228
4235;25232231000;25013800000;25513800000;10240;10228
4236;25232357000;25013800000;25513800000;10240;10228
4237;25232679000;25013800000;25513800000;10240;10228
4239;25233039000;25055200000;25555200000;10240;10228
4240;25233290000;25055200000;25555200000;10240;10228
4241;25233299000;25055200000;25555200000;10240;10228
4242;25233496000;25055200000;25555200000;10240;10228
4243;25233687000;25055200000;25555200000;10240;10228
4244;25233708000;25055200000;25555200000;10240;10228
4245;25233886000;25055211111;25555211111;10240;10228
4246;25233897000;25055511111;25555511111;10240;10228
4247;25249955000;25055511111;25555511111;10240;10228
4248;25250324000;25055511111;25555511111;10240;10228
4249;25289729000;25096811111;25596811111;10240;10228
4250;25289738000;25096811111;25596811111;10240;10228
4251;25290083000;25096811111;25596811111;10240;10228
4252;25290257000;25096811111;25596811111;10240;10228
4253;25290491000;25096811111;25596811111;10240;10228
4254;25308463000;25096811111;25596811111;10240;10228
4255;25308476000;25096811111;25596811111;10240;10228
4256;25308491000;25096833333;25596833333;10240;10228
4257;25308497000;25097211111;25597211111;10240;10228
4258;25308501000;25097211111;25597211111;10240;10228
4259;25308505000;25097211111;25597211111;10240;10228
4260;25308510000;25138511111;25638511111;10240;10228
4261;25308514000;25138511111;25638511111;10240;10228
4262;25308522000;25138511111;25638511111;10240;10228
4263;25308528000;25138511111;25638511111;10240;10228
4264;25308533000;25138511111;25638511111;10240;10228
4265;25308538000;25138511111;25638511111;10240;10228
4267;25308819000;25138522222;25638522222;10240;10228
4266;25308829000;25138511111;25638511111;10240;10228
4268;25337321000;25138811111;25638811111;10240;10228
4269;25337582000;25138811111;25638811111;10240;10228
4270;25349715000;25138811111;25638811111;10240;10228
4271;25350365000;25180188888;25680188888;10240;10228
4272;25350783000;25180188888;25680188888;10240;10228
4274;25352728000;25180188888;25680188888;10240;10228
4273;25352854000;25180188888;25680188888;10240;10228
4275;25353091000;25180188888;25680188888;10240;10228
4276;25353453000;25180188888;25680188888;10240;10228
4277;25353698000;25180188888;25680188888;10240;10228
4238;25353907000;25055200000;25555200000;10240;10228
4278;25370229000;25180211111;25680211111;10240;10228
4279;25370238000;25180511111;25680511111;10240;10228
4280;25409978000;25180511111;25680511111;10240;10228
4281;25409987000;25180511111;25680511111;10240;10228
4282;25410807000;25221844444;25721844444;10240;10228
4283;25410981000;25221844444;25721844444;10240;10228
4284;25428702000;25221844444;25721844444;10240;10228
4285;25428713000;25221844444;25721844444;10240;10228
4286;25428718000;25221844444;25721844444;10240;10228
4287;25428724000;25221844444;25721844444;10240;10228
4288;25428728000;25221844444;25721844444;10240;10228
4289;25428733000;25221855555;25721855555;10240;10228
4290;25428738000;25222155555;25722155555;10240;10228
4291;25428744000;25222155555;25722155555;10240;10228
4292;25428748000;25222155555;25722155555;10240;10228
4293;25428753000;25263511111;25763511111;10240;10228
4294;25428846000;25263511111;25763511111;10240;10228
4295;25428867000;25263511111;25763511111;10240;10228
4296;25428871000;25263511111;25763511111;10240;10228
4298;25428980000;25263511111;25763511111;10240;10228
4297;25429213000;25263511111;25763511111;10240;10228
4299;25457616000;25263511111;25763511111;10240;10228
4300;25457975000;25263522222;25763522222;10240;10228
4301;25470855000;25263800000;25763800000;10240;10228
4302;25471023000;25263800000;25763800000;10240;10228
4303;25471231000;25263800000;25763800000;10240;10228
4304;25473080000;25305177777;25805177777;10240;10228
4305;25473239000;25305177777;25805177777;10240;10228
4306;25473511000;25305177777;25805177777;10240;10228
4307;25473884000;25305177777;25805177777;10240;10228
4308;25474121000;25305177777;25805177777;10240;10228
4309;25474320000;25305177777;25805177777;10240;10228
4310;25490445000;25305177777;25805177777;10240;10228
4311;25520678000;25305188888;25805188888;10240;10228
4312;25530325000;25305488888;25805488888;10240;10228
4313;25530347000;25305488888;25805488888;10240;10228
4314;25531539000;25305488888;25805488888;10240;10228
4315;25531760000;25346844444;25846844444;10240;10228
4316;25549068000;25346844444;25846844444;10240;10228
4317;25549081000;25346844444;25846844444;10240;10228
4318;25549094000;25346844444;25846844444;10240;10228
4319;25549104000;25346844444;25846844444;10240;10228
4320;25549109000;25346844444;25846844444;10240;10228
4321;25549113000;25346844444;25846844444;10240;10228
4322;25549119000;25346855555;25846855555;10240;10228
4323;25549123000;25347133333;25847133333;10240;10228
4324;25549127000;25347133333;25847133333;10240;10228
4325;25549357000;25347133333;25847133333;10240;10228
4326;25549369000;25388511111;25888511111;10240;10228
4327;25549375000;25388511111;25888511111;10240;10228
4328;25549380000;25388511111;25888511111;10240;10228
4329;25549384000;25388511111;25888511111;10240;10228
4330;25549389000;25388511111;25888511111;10240;10228
4331;25549393000;25388511111;25888511111;10240;10228
4332;25549670000;25388511111;25888511111;10240;10228
4333;25578089000;25388522222;25888522222;10240;10228
4334;25578493000;25388800000;25888800000;10240;10228
4335;25591490000;25388800000;25888800000;10240;10228
4336;25591701000;25388800000;25888800000;10240;10228
4337;25591721000;25430155555;25930155555;10240;10228
4338;25591900000;25430155555;25930155555;10240;10228
4340;25593516000;25430155555;25930155555;10240;10228
4339;25593732000;25430155555;25930155555;10240;10228
4341;25594352000;25430155555;25930155555;10240;10228
4342;25594550000;25430155555;25930155555;10240;10228
4343;25594764000;25430155555;25930155555;10240;10228
4344;25594961000;25430177777;25930177777;10240;10228
4345;25610690000;25430511111;25930511111;10240;10228
4346;25640938000;25430511111;25930511111;10240;10228
4347;25650628000;25430511111;25930511111;10240;10228
4348;25650641000;25471844444;25971844444;10240;10228
4349;25651977000;25471844444;25971844444;10240;10228
4350;25669321000;25471844444;25971844444;10240;10228
4352;25669327000;25471844444;25971844444;10240;10228
4353;25669342000;25471844444;25971844444;10240;10228
4354;25669350000;25471844444;25971844444;10240;10228
4355;25669366000;25471855555;25971855555;10240;10228
4356;25669371000;25472166666;25972166666;10240;10228
4357;25669376000;25472166666;25972166666;10240;10228
4358;25669386000;25472166666;25972166666;10240;10228
4359;25669393000;25513511111;26013511111;10240;10228
4360;25669397000;25513511111;26013511111;10240;10228
4351;25669517000;25471844444;25971844444;10240;10228
4361;25669583000;25513511111;26013511111;10240;10228
4362;25669589000;25513511111;26013511111;10240;10228
4363;25669607000;25513511111;26013511111;10240;10228
4364;25669611000;25513511111;26013511111;10240;10228
4365;25669617000;25513511111;26013511111;10240;10228
4366;25669621000;25513522222;26013522222;10240;10228
4367;25669632000;25513788888;26013788888;10240;10228
4368;25670023000;25513788888;26013788888;10240;10228
4369;25698407000;25513788888;26013788888;10240;10228
4370;25711970000;25555177777;26055177777;10240;10228
4371;25712185000;25555177777;26055177777;10240;10228
4372;25712204000;25555177777;26055177777;10240;10228
4373;25712408000;25555177777;26055177777;10240;10228
4374;25712598000;25555177777;26055177777;10240;10228
4375;25712609000;25555177777;26055177777;10240;10228
4376;25713839000;25555177777;26055177777;10240;10228
4377;25714067000;25555188888;26055188888;10240;10228
4378;25714274000;25555500000;26055500000;10240;10228
4379;25715005000;25555500000;26055500000;10240;10228
4380;25715212000;25555500000;26055500000;10240;10228
4381;25715230000;25596844444;26096844444;10240;10228
4383;25770916000;25596844444;26096844444;10240;10228
4384;25770938000;25596844444;26096844444;10240;10228
4386;25772275000;25596844444;26096844444;10240;10228
4385;25772494000;25596844444;26096844444;10240;10228
4387;25789667000;25596844444;26096844444;10240;10228
4388;25789677000;25596855555;26096855555;10240;10228
4389;25789683000;25597177777;26097177777;10240;10228
4390;25789688000;25597177777;26097177777;10240;10228
4391;25789692000;25597177777;26097177777;10240;10228
4392;25789702000;25638511111;26138511111;10240;10228
4393;25789706000;25638511111;26138511111;10240;10228
4394;25789713000;25638511111;26138511111;10240;10228
4395;25789717000;25638511111;26138511111;10240;10228
4398;25789974000;25638511111;26138511111;10240;10228
4396;25789984000;25638511111;26138511111;10240;10228
4397;25789991000;25638511111;26138511111;10240;10228
4399;25789995000;25638522222;26138522222;10240;10228
4400;25790000000;25638822222;26138822222;10240;10228
4401;25790005000;25638822222;26138822222;10240;10228
4402;25790009000;25638822222;26138822222;10240;10228
4403;25790015000;25680155555;26180155555;10240;10228
4404;25790021000;25680155555;26180155555;10240;10228
4406;25790295000;25680155555;26180155555;10240;10228
4405;25790447000;25680155555;26180155555;10240;10228
4407;25818850000;25680155555;26180155555;10240;10228
4408;25832751000;25680155555;26180155555;10240;10228
4409;25832947000;25680155555;26180155555;10240;10228
4410;25832952000;25680177777;26180177777;10240;10228
4411;25833160000;25680555555;26180555555;10240;10228
4412;25833173000;25680555555;26180555555;10240;10228
4413;25833362000;25680555555;26180555555;10240;10228
4414;25833560000;25721844444;26221844444;10240;10228
4415;25833570000;25721844444;26221844444;10240;10228
4416;25834085000;25721844444;26221844444;10240;10228
4417;25835406000;25721844444;26221844444;10240;10228
4418;25835603000;25721844444;26221844444;10240;10228
4419;25835807000;25721844444;26221844444;10240;10228
4420;25861505000;25721844444;26221844444;10240;10228
4421;25891190000;25721855555;26221855555;10240;10228
4422;25891203000;25722133333;26222133333;10240;10228
4382;25892615000;25596844444;26096844444;10240;10228
4423;25893029000;25722133333;26222133333;10240;10228
4425;25910242000;25763511111;26263511111;10240;10228
4426;25910259000;25763511111;26263511111;10240;10228
4427;25910268000;25763511111;26263511111;10240;10228
4428;25910283000;25763511111;26263511111;10240;10228
4429;25910290000;25763511111;26263511111;10240;10228
4430;25910297000;25763511111;26263511111;10240;10228
4431;25910304000;25763511111;26263511111;10240;10228
4432;25910309000;25763522222;26263522222;10240;10228
4424;25910365000;25722133333;26222133333;10240;10228
4433;25910503000;25763788888;26263788888;10240;10228
4434;25910844000;25763788888;26263788888;10240;10228
4435;25939162000;25763788888;26263788888;10240;10228
4436;25953399000;25805166666;26305166666;10240;10228
4437;25953601000;25805166666;26305166666;10240;10228
4438;25953640000;25805166666;26305166666;10240;10228
4439;25953787000;25805166666;26305166666;10240;10228
4440;25954000000;25805166666;26305166666;10240;10228
4441;25954011000;25805166666;26305166666;10240;10228
4442;25954198000;25805166666;26305166666;10240;10228
4443;25954205000;25805188888;26305188888;10240;10228
4445;25954431000;25805622222;26305622222;10240;10228
4444;25954441000;25805622222;26305622222;10240;10228
4446;25955874000;25805622222;26305622222;10240;10228
4447;25956102000;25846833333;26346833333;10240;10228
4448;25956282000;25846833333;26346833333;10240;10228
4449;25982000000;25846833333;26346833333;10240;10228
4450;26011478000;25846833333;26346833333;10240;10228
4451;26011500000;25846833333;26346833333;10240;10228
4452;26012971000;25846833333;26346833333;10240;10228
4453;26030575000;25846833333;26346833333;10240;10228
4456;26030587000;25847155555;26347155555;10240;10228
4457;26030595000;25847155555;26347155555;10240;10228
4458;26030605000;25888511111;26388511111;10240;10228
4459;26030621000;25888511111;26388511111;10240;10228
4460;26030626000;25888511111;26388511111;10240;10228
4461;26030630000;25888511111;26388511111;10240;10228
4462;26030635000;25888511111;26388511111;10240;10228
4463;26030640000;25888511111;26388511111;10240;10228
4454;26030655000;25846844444;26346844444;10240;10228
4455;26030880000;25847155555;26347155555;10240;10228
4464;26031070000;25888511111;26388511111;10240;10228
4465;26031280000;25888522222;26388522222;10240;10228
4466;26031300000;25888811111;26388811111;10240;10228
4467;26059506000;25888811111;26388811111;10240;10228
4468;26074031000;25888811111;26388811111;10240;10228
4469;26074212000;25930155555;26430155555;10240;10228
4470;26074417000;25930155555;26430155555;10240;10228
4471;26074431000;25930155555;26430155555;10240;10228
4472;26074624000;25930155555;26430155555;10240;10228
4473;26074635000;25930155555;26430155555;10240;10228
4476;26074640000;25930177777;26430177777;10240;10228
4478;26074657000;25930600000;26430600000;10240;10228
4474;26074819000;25930155555;26430155555;10240;10228
4475;26074839000;25930155555;26430155555;10240;10228
4477;26075010000;25930600000;26430600000;10240;10228
4479;26076292000;25930600000;26430600000;10240;10228
4480;26076698000;25971844444;26471844444;10240;10228
4481;26076924000;25971844444;26471844444;10240;10228
4482;26131098000;25971844444;26471844444;10240;10228
4483;26131788000;25971844444;26471844444;10240;10228
4484;26131808000;25971844444;26471844444;10240;10228
4485;26150921000;25971844444;26471844444;10240;10228
4486;26150932000;25971844444;26471844444;10240;10228
4487;26150937000;25971855555;26471855555;10240;10228
4488;26150942000;25972122222;26472122222;10240;10228
4489;26150946000;25972122222;26472122222;10240;10228
4490;26150950000;25972122222;26472122222;10240;10228
4491;26150955000;26013511111;26513511111;10240;10228
4492;26150959000;26013511111;26513511111;10240;10228
4493;26150964000;26013511111;26513511111;10240;10228
4496;26151140000;26013511111;26513511111;10240;10228
4494;26151230000;26013511111;26513511111;10240;10228
4495;26151264000;26013511111;26513511111;10240;10228
4497;26151375000;26013511111;26513511111;10240;10228
4498;26151581000;26013522222;26513522222;10240;10228
4499;26151601000;26013788888;26513788888;10240;10228
4501;26179737000;26013788888;26513788888;10240;10228
4500;26179949000;26013788888;26513788888;10240;10228
4502;26194545000;26055177777;26555177777;10240;10228
4503;26194896000;26055177777;26555177777;10240;10228
4509;26194907000;26055188888;26555188888;10240;10228
4510;26194926000;26055477777;26555477777;10240;10228
4504;26195084000;26055177777;26555177777;10240;10228
4505;26195108000;26055177777;26555177777;10240;10228
4506;26195292000;26055177777;26555177777;10240;10228
4507;26195495000;26055177777;26555177777;10240;10228
4508;26195522000;26055177777;26555177777;10240;10228
4511;26195692000;26055477777;26555477777;10240;10228
4512;26195713000;26055477777;26555477777;10240;10228
4513;26195882000;26096844444;26596844444;10240;10228
4514;26196734000;26096844444;26596844444;10240;10228
4515;26197317000;26096844444;26596844444;10240;10228
4516;26197527000;26096844444;26596844444;10240;10228
4517;26252059000;26096844444;26596844444;10240;10228
4518;26252292000;26096844444;26596844444;10240;10228
4519;26271226000;26096844444;26596844444;10240;10228
4520;26271236000;26096855555;26596855555;10240;10228
4521;26271243000;26097111111;26597111111;10240;10228
4522;26271247000;26097111111;26597111111;10240;10228
4523;26271257000;26097111111;26597111111;10240;10228
4524;26271262000;26138511111;26638511111;10240;10228
4525;26271267000;26138511111;26638511111;10240;10228
4526;26271271000;26138511111;26638511111;10240;10228
4527;26271280000;26138511111;26638511111;10240;10228
4528;26271284000;26138511111;26638511111;10240;10228
4530;26271366000;26138511111;26638511111;10240;10228
4531;26271380000;26138522222;26638522222;10240;10228
4532;26271463000;26138811111;26638811111;10240;10228
4529;26271567000;26138511111;26638511111;10240;10228
4533;26271834000;26138811111;26638811111;10240;10228
4534;26272010000;26138811111;26638811111;10240;10228
4535;26298604000;26180155555;26680155555;10240;10228
4536;26300041000;26180155555;26680155555;10240;10228
4537;26300418000;26180155555;26680155555;10240;10228
4540;26315232000;26180155555;26680155555;10240;10228
4541;26315243000;26180155555;26680155555;10240;10228
4538;26315387000;26180155555;26680155555;10240;10228
4539;26315580000;26180155555;26680155555;10240;10228
4542;26315607000;26180177777;26680177777;10240;10228
4543;26315805000;26180555555;26680555555;10240;10228
4544;26315814000;26180555555;26680555555;10240;10228
4545;26315999000;26180555555;26680555555;10240;10228
4546;26316205000;26221844444;26721844444;10240;10228
4547;26316225000;26221844444;26721844444;10240;10228
4548;26316416000;26221844444;26721844444;10240;10228
4549;26316437000;26221844444;26721844444;10240;10228
4550;26316639000;26221844444;26721844444;10240;10228
4551;26317200000;26221844444;26721844444;10240;10228
4552;26317411000;26221844444;26721844444;10240;10228
4553;26317908000;26221855555;26721855555;10240;10228
4554;26323891000;26222133333;26722133333;10240;10228
4555;26372565000;26222133333;26722133333;10240;10228
4556;26372789000;26222133333;26722133333;10240;10228
4557;26391510000;26263522222;26763522222;10240;10228
4558;26391522000;26263522222;26763522222;10240;10228
4559;26391528000;26263522222;26763522222;10240;10228
4560;26391534000;26263522222;26763522222;10240;10228
4561;26391538000;26263522222;26763522222;10240;10228
4562;26391543000;26263522222;26763522222;10240;10228
4563;26391564000;26263522222;26763522222;10240;10228
4564;26391573000;26263533333;26763533333;10240;10228
4565;26391578000;26263800000;26763800000;10240;10228
4566;26391582000;26263800000;26763800000;10240;10228
4567;26391587000;26263800000;26763800000;10240;10228
4568;26391646000;26305177777;26805177777;10240;10228
4569;26391658000;26305177777;26805177777;10240;10228
4570;26392006000;26305177777;26805177777;10240;10228
4571;26392438000;26305177777;26805177777;10240;10228
4572;26392622000;26305177777;26805177777;10240;10228
4573;26420274000;26305177777;26805177777;10240;10228
4574;26420292000;26305177777;26805177777;10240;10228
4576;26435469000;26305466666;26805466666;10240;10228
4577;26435480000;26305466666;26805466666;10240;10228
4575;26435609000;26305188888;26805188888;10240;10228
4578;26435817000;26305466666;26805466666;10240;10228
4579;26436010000;26346844444;26846844444;10240;10228
4580;26436230000;26346844444;26846844444;10240;10228
4581;26436250000;26346844444;26846844444;10240;10228
4582;26436437000;26346844444;26846844444;10240;10228
4583;26436627000;26346844444;26846844444;10240;10228
4584;26436647000;26346844444;26846844444;10240;10228
4585;26436832000;26346844444;26846844444;10240;10228
4586;26436844000;26346855555;26846855555;10240;10228
4587;26448877000;26347122222;26847122222;10240;10228
4588;26449086000;26347122222;26847122222;10240;10228
4589;26449104000;26347122222;26847122222;10240;10228
4590;26449291000;26388533333;26888533333;10240;10228
4591;26449490000;26388533333;26888533333;10240;10228
4592;26449510000;26388533333;26888533333;10240;10228
4593;26471578000;26388533333;26888533333;10240;10228
4595;26493055000;26388533333;26888533333;10240;10228
4594;26493237000;26388533333;26888533333;10240;10228
4596;26511797000;26388533333;26888533333;10240;10228
4597;26511810000;26388555555;26888555555;10240;10228
4598;26511818000;26388811111;26888811111;10240;10228
4599;26511823000;26388811111;26888811111;10240;10228
4600;26511827000;26388811111;26888811111;10240;10228
4601;26511841000;26430155555;26930155555;10240;10228
4602;26511846000;26430155555;26930155555;10240;10228
4603;26511852000;26430155555;26930155555;10240;10228
4604;26511857000;26430155555;26930155555;10240;10228
4605;26511860000;26430155555;26930155555;10240;10228
4606;26511967000;26430155555;26930155555;10240;10228
4607;26511978000;26430155555;26930155555;10240;10228
4608;26511982000;26430177777;26930177777;10240;10228
4610;26532035000;26430533333;26930533333;10240;10228
4612;26532059000;26471866666;26971866666;10240;10228
4609;26532198000;26430533333;26930533333;10240;10228
4611;26532410000;26430533333;26930533333;10240;10228
4614;26540564000;26471866666;26971866666;10240;10228
4615;26540578000;26471866666;26971866666;10240;10228
4613;26540728000;26471866666;26971866666;10240;10228
4616;26555706000;26471866666;26971866666;10240;10228
4617;26555726000;26471866666;26971866666;10240;10228
4618;26556108000;26471866666;26971866666;10240;10228
4619;26556288000;26471888888;26971888888;10240;10228
4620;26573852000;26472166666;26972166666;10240;10228
4621;26574056000;26472166666;26972166666;10240;10228
4622;26574251000;26472166666;26972166666;10240;10228
4623;26574272000;26513511111;27013511111;10240;10228
4624;26574456000;26513511111;27013511111;10240;10228
4625;26574477000;26513511111;27013511111;10240;10228
4626;26574652000;26513511111;27013511111;10240;10228
4627;26574673000;26513511111;27013511111;10240;10228
4628;26574879000;26513511111;27013511111;10240;10228
4629;26575064000;26513511111;27013511111;10240;10228
4630;26575075000;26513566666;27013566666;10240;10228
4632;26615374000;26513900000;27013900000;10240;10228
4631;26615567000;26513900000;27013900000;10240;10228
4633;26615821000;26513900000;27013900000;10240;10228
4634;26615841000;26555200000;27055200000;10240;10228
4635;26615955000;26555200000;27055200000;10240;10228
4636;26616163000;26555200000;27055200000;10240;10228
4637;26632113000;26555200000;27055200000;10240;10228
4638;26632125000;26555200000;27055200000;10240;10228
4639;26632129000;26555200000;27055200000;10240;10228
4640;26632134000;26555200000;27055200000;10240;10228
4641;26632137000;26555233333;27055233333;10240;10228
4642;26657004000;26555533333;27055533333;10240;10228
4644;26657015000;26555533333;27055533333;10240;10228
4646;26657028000;26596866666;27096866666;10240;10228
4648;26657034000;26596866666;27096866666;10240;10228
4649;26657038000;26596866666;27096866666;10240;10228
4650;26657052000;26596866666;27096866666;10240;10228
4651;26657096000;26596866666;27096866666;10240;10228
4652;26657103000;26596911111;27096911111;10240;10228
4643;26657234000;26555533333;27055533333;10240;10228
4645;26657449000;26596866666;27096866666;10240;10228
4647;26657473000;26596866666;27096866666;10240;10228
4654;26698739000;26597200000;27097200000;10240;10228
4656;26698753000;26638533333;27138533333;10240;10228
4658;26698758000;26638533333;27138533333;10240;10228
4660;26698762000;26638533333;27138533333;10240;10228
4662;26698767000;26638533333;27138533333;10240;10228
4653;26698888000;26597200000;27097200000;10240;10228
4655;26699065000;26597200000;27097200000;10240;10228
4657;26699307000;26638533333;27138533333;10240;10228
4659;26699332000;26638533333;27138533333;10240;10228
4661;26699504000;26638533333;27138533333;10240;10228
4663;26699528000;26638577777;27138577777;10240;10228
4664;26740356000;26638866666;27138866666;10240;10228
4666;26740374000;26638866666;27138866666;10240;10228
4665;26740588000;26638866666;27138866666;10240;10228
4667;26740790000;26680211111;27180211111;10240;10228
4668;26740810000;26680211111;27180211111;10240;10228
4669;26740993000;26680211111;27180211111;10240;10228
4670;26741207000;26680211111;27180211111;10240;10228
4671;26741227000;26680211111;27180211111;10240;10228
4672;26741411000;26680211111;27180211111;10240;10228
4673;26741432000;26680211111;27180211111;10240;10228
4674;26741616000;26680288888;27180288888;10240;10228
4676;26782032000;26680600000;27180600000;10240;10228
4678;26782054000;26721866666;27221866666;10240;10228
4680;26782071000;26721866666;27221866666;10240;10228
4682;26782076000;26721866666;27221866666;10240;10228
4684;26782081000;26721866666;27221866666;10240;10228
4675;26782218000;26680600000;27180600000;10240;10228
4677;26782428000;26680600000;27180600000;10240;10228
4679;26782455000;26721866666;27221866666;10240;10228
4681;26782628000;26721866666;27221866666;10240;10228
4685;26782662000;26721911111;27221911111;10240;10228
4687;26823689000;26722244444;27222244444;10240;10228
4689;26823701000;26763533333;27263533333;10240;10228
4691;26823706000;26763533333;27263533333;10240;10228
4693;26823711000;26763533333;27263533333;10240;10228
4695;26823715000;26763533333;27263533333;10240;10228
4686;26823890000;26722244444;27222244444;10240;10228
4688;26824065000;26722244444;27222244444;10240;10228
4690;26824302000;26763533333;27263533333;10240;10228
4692;26824313000;26763533333;27263533333;10240;10228
4694;26824507000;26763533333;27263533333;10240;10228
4696;26824517000;26763577777;27263577777;10240;10228
4697;26865339000;26763855555;27263855555;10240;10228
4699;26865351000;26763855555;27263855555;10240;10228
4701;26865357000;26805200000;27305200000;10240;10228
4703;26865363000;26805200000;27305200000;10240;10228
4705;26865368000;26805200000;27305200000;10240;10228
4707;26865373000;26805244444;27305244444;10240;10228
4698;26865619000;26763855555;27263855555;10240;10228
4700;26865802000;26805200000;27305200000;10240;10228
4702;26865821000;26805200000;27305200000;10240;10228
4704;26865988000;26805200000;27305200000;10240;10228
4706;26866230000;26805200000;27305200000;10240;10228
4709;26907039000;26805533333;27305533333;10240;10228
4711;26907070000;26846866666;27346866666;10240;10228
4713;26907075000;26846866666;27346866666;10240;10228
4715;26907081000;26846866666;27346866666;10240;10228
4717;26907094000;26846866666;27346866666;10240;10228
4708;26907276000;26805533333;27305533333;10240;10228
4710;26907458000;26805533333;27305533333;10240;10228
4712;26907479000;26846866666;27346866666;10240;10228
4714;26907654000;26846866666;27346866666;10240;10228
4716;26907857000;26846866666;27346866666;10240;10228
4718;26907866000;26846911111;27346911111;10240;10228
4683;26944594000;26721866666;27221866666;10240;10228
4719;26948661000;26847222222;27347222222;10240;10228
4720;26948673000;26847222222;27347222222;10240;10228
4721;26948677000;26847222222;27347222222;10240;10228
4722;26948683000;26888533333;27388533333;10240;10228
4723;26948687000;26888533333;27388533333;10240;10228
4724;26948696000;26888533333;27388533333;10240;10228
4725;26948701000;26888533333;27388533333;10240;10228
4726;26948708000;26888533333;27388533333;10240;10228
4727;26948714000;26888533333;27388533333;10240;10228
4728;26948718000;26888533333;27388533333;10240;10228
4729;26985568000;26888577777;27388577777;10240;10228
4731;26990376000;26888844444;27388844444;10240;10228
4733;26990390000;26930200000;27430200000;10240;10228
4735;26990395000;26930200000;27430200000;10240;10228
4737;26990400000;26930200000;27430200000;10240;10228
4739;26990410000;26930200000;27430200000;10240;10228
4740;26990414000;26930244444;27430244444;10240;10228
4730;26990603000;26888844444;27388844444;10240;10228
4732;26990777000;26888844444;27388844444;10240;10228
4734;26990813000;26930200000;27430200000;10240;10228
4736;26990996000;26930200000;27430200000;10240;10228
4738;26991211000;26930200000;27430200000;10240;10228
4741;27031966000;26930544444;27430544444;10240;10228
4743;27031977000;26930544444;27430544444;10240;10228
4745;27031986000;26971833333;27471833333;10240;10228
4747;27031992000;26971833333;27471833333;10240;10228
4749;27031997000;26971833333;27471833333;10240;10228
4751;27032001000;26971877777;27471877777;10240;10228
4742;27032246000;26930544444;27430544444;10240;10228
4744;27032438000;26971833333;27471833333;10240;10228
4746;27032474000;26971833333;27471833333;10240;10228
4748;27032672000;26971833333;27471833333;10240;10228
4750;27032858000;26971833333;27471833333;10240;10228
4753;27073701000;26972211111;27472211111;10240;10228
4755;27073716000;27013533333;27513533333;10240;10228
4756;27073720000;27013533333;27513533333;10240;10228
4757;27073725000;27013533333;27513533333;10240;10228
4758;27073734000;27013533333;27513533333;10240;10228
4759;27073740000;27013533333;27513533333;10240;10228
4760;27073751000;27013533333;27513533333;10240;10228
4761;27073756000;27013533333;27513533333;10240;10228
4762;27073760000;27013577777;27513577777;10240;10228
4752;27073916000;26972211111;27472211111;10240;10228
4754;27074172000;26972211111;27472211111;10240;10228
4763;27115329000;27013866666;27513866666;10240;10228
4765;27115340000;27013866666;27513866666;10240;10228
4767;27115348000;27055200000;27555200000;10240;10228
4769;27115354000;27055200000;27555200000;10240;10228
4771;27115367000;27055200000;27555200000;10240;10228
4773;27115374000;27055244444;27555244444;10240;10228
4764;27115595000;27013866666;27513866666;10240;10228
4766;27115819000;27055200000;27555200000;10240;10228
4768;27115985000;27055200000;27555200000;10240;10228
4770;27116011000;27055200000;27555200000;10240;10228
4772;27116242000;27055200000;27555200000;10240;10228
4775;27156986000;27055555555;27555555555;10240;10228
4777;27157000000;27096833333;27596833333;10240;10228
4779;27157006000;27096833333;27596833333;10240;10228
4781;27157011000;27096833333;27596833333;10240;10228
4783;27157015000;27096833333;27596833333;10240;10228
4774;27157184000;27055555555;27555555555;10240;10228
4776;27157386000;27055555555;27555555555;10240;10228
4778;27157626000;27096833333;27596833333;10240;10228
4780;27157659000;27096833333;27596833333;10240;10228
4782;27157829000;27096833333;27596833333;10240;10228
4784;27157863000;27096877777;27596877777;10240;10228
4785;27198695000;27097200000;27597200000;10240;10228
4787;27198708000;27097200000;27597200000;10240;10228
4789;27198721000;27138533333;27638533333;10240;10228
4791;27198729000;27138533333;27638533333;10240;10228
4792;27198736000;27138533333;27638533333;10240;10228
4793;27198741000;27138533333;27638533333;10240;10228
4794;27198745000;27138533333;27638533333;10240;10228
4795;27198750000;27138577777;27638577777;10240;10228
4786;27198928000;27097200000;27597200000;10240;10228
4788;27199126000;27138533333;27638533333;10240;10228
4790;27199372000;27138533333;27638533333;10240;10228
4797;27240353000;27138877777;27638877777;10240;10228
4799;27240368000;27180200000;27680200000;10240;10228
4801;27240373000;27180200000;27680200000;10240;10228
4803;27240379000;27180200000;27680200000;10240;10228
4805;27240384000;27180200000;27680200000;10240;10228
4806;27240389000;27180244444;27680244444;10240;10228
4796;27240558000;27138877777;27638877777;10240;10228
4798;27240769000;27138877777;27638877777;10240;10228
4800;27240802000;27180200000;27680200000;10240;10228
4802;27240972000;27180200000;27680200000;10240;10228
4804;27241170000;27180200000;27680200000;10240;10228
4807;27281964000;27180577777;27680577777;10240;10228
4809;27281976000;27180577777;27680577777;10240;10228
4811;27281984000;27221833333;27721833333;10240;10228
4813;27281995000;27221833333;27721833333;10240;10228
4815;27281999000;27221833333;27721833333;10240;10228
4817;27282005000;27221877777;27721877777;10240;10228
4808;27282199000;27180577777;27680577777;10240;10228
4810;27282421000;27221833333;27721833333;10240;10228
4812;27282666000;27221833333;27721833333;10240;10228
4814;27282692000;27221833333;27721833333;10240;10228
4816;27282816000;27221833333;27721833333;10240;10228
4819;27323607000;27222211111;27722211111;10240;10228
4821;27323620000;27263500000;27763500000;10240;10228
4823;27323625000;27263500000;27763500000;10240;10228
4825;27323634000;27263500000;27763500000;10240;10228
4826;27323642000;27263500000;27763500000;10240;10228
4827;27323647000;27263500000;27763500000;10240;10228
4828;27323659000;27263544444;27763544444;10240;10228
4818;27323863000;27222211111;27722211111;10240;10228
4820;27324051000;27222211111;27722211111;10240;10228
4822;27324078000;27263500000;27763500000;10240;10228
4824;27324321000;27263500000;27763500000;10240;10228
4829;27365328000;27263822222;27763822222;10240;10228
4831;27365338000;27263822222;27763822222;10240;10228
4833;27365352000;27305166666;27805166666;10240;10228
4835;27365357000;27305166666;27805166666;10240;10228
4837;27365363000;27305166666;27805166666;10240;10228
4839;27365376000;27305222222;27805222222;10240;10228
4830;27365552000;27263822222;27763822222;10240;10228
4832;27365711000;27305166666;27805166666;10240;10228
4834;27365739000;27305166666;27805166666;10240;10228
4836;27365974000;27305166666;27805166666;10240;10228
4838;27366179000;27305166666;27805166666;10240;10228
4841;27406954000;27305533333;27805533333;10240;10228
4843;27406967000;27346833333;27846833333;10240;10228
4845;27406973000;27346833333;27846833333;10240;10228
4847;27406978000;27346833333;27846833333;10240;10228
4849;27406983000;27346833333;27846833333;10240;10228
4840;27407162000;27305533333;27805533333;10240;10228
4842;27407353000;27305533333;27805533333;10240;10228
4844;27407589000;27346833333;27846833333;10240;10228
4846;27407608000;27346833333;27846833333;10240;10228
4848;27407794000;27346833333;27846833333;10240;10228
4850;27407813000;27346877777;27846877777;10240;10228
4851;27448604000;27347200000;27847200000;10240;10228
4853;27448611000;27347200000;27847200000;10240;10228
4855;27448622000;27388500000;27888500000;10240;10228
4857;27448641000;27388500000;27888500000;10240;10228
4859;27448648000;27388500000;27888500000;10240;10228
4860;27448653000;27388500000;27888500000;10240;10228
4861;27448658000;27388544444;27888544444;10240;10228
4852;27448843000;27347200000;27847200000;10240;10228
4854;27449013000;27388500000;27888500000;10240;10228
4856;27449217000;27388500000;27888500000;10240;10228
4858;27449251000;27388500000;27888500000;10240;10228
4863;27490338000;27388822222;27888822222;10240;10228
4865;27490357000;27430177777;27930177777;10240;10228
4867;27490364000;27430177777;27930177777;10240;10228
4869;27490368000;27430177777;27930177777;10240;10228
4871;27490373000;27430177777;27930177777;10240;10228
4862;27490510000;27388822222;27888822222;10240;10228
4864;27490715000;27388822222;27888822222;10240;10228
4866;27490741000;27430177777;27930177777;10240;10228
4868;27490884000;27430177777;27930177777;10240;10228
4870;27491123000;27430177777;27930177777;10240;10228
4872;27491154000;27430222222;27930222222;10240;10228
4873;27532020000;27430522222;27930522222;10240;10228
4875;27532031000;27430522222;27930522222;10240;10228
4877;27532039000;27471833333;27971833333;10240;10228
4879;27532054000;27471833333;27971833333;10240;10228
4881;27532071000;27471833333;27971833333;10240;10228
4883;27532075000;27471877777;27971877777;10240;10228
4874;27532205000;27430522222;27930522222;10240;10228
4876;27532410000;27471833333;27971833333;10240;10228
4878;27532437000;27471833333;27971833333;10240;10228
4880;27532610000;27471833333;27971833333;10240;10228
4882;27532782000;27471833333;27971833333;10240;10228
4885;27573713000;27472200000;27972200000;10240;10228
4887;27573726000;27513533333;28013533333;10240;10228
4889;27573731000;27513533333;28013533333;10240;10228
4891;27573737000;27513533333;28013533333;10240;10228
4893;27573742000;27513533333;28013533333;10240;10228
4894;27573747000;27513577777;28013577777;10240;10228
4884;27573889000;27472200000;27972200000;10240;10228
4886;27574065000;27472200000;27972200000;10240;10228
4888;27574293000;27513533333;28013533333;10240;10228
4890;27574316000;27513533333;28013533333;10240;10228
4892;27574490000;27513533333;28013533333;10240;10228
4895;27615402000;27513855555;28013855555;10240;10228
4897;27615409000;27513855555;28013855555;10240;10228
4899;27615426000;27555200000;28055200000;10240;10228
4901;27615431000;27555200000;28055200000;10240;10228
4903;27615451000;27555200000;28055200000;10240;10228
4905;27615465000;27555244444;28055244444;10240;10228
4896;27615577000;27513855555;28013855555;10240;10228
4898;27615771000;27555200000;28055200000;10240;10228
4900;27615806000;27555200000;28055200000;10240;10228
4902;27615968000;27555200000;28055200000;10240;10228
4904;27616188000;27555200000;28055200000;10240;10228
4907;27657035000;27555555555;28055555555;10240;10228
4909;27657069000;27596866666;28096866666;10240;10228
4911;27657075000;27596866666;28096866666;10240;10228
4913;27657082000;27596866666;28096866666;10240;10228
4915;27657086000;27596866666;28096866666;10240;10228
4906;27657246000;27555555555;28055555555;10240;10228
4908;27657420000;27555555555;28055555555;10240;10228
4910;27657646000;27596866666;28096866666;10240;10228
4912;27657682000;27596866666;28096866666;10240;10228
4914;27657839000;27596866666;28096866666;10240;10228
4916;27657866000;27596911111;28096911111;10240;10228
4917;27698690000;27597244444;28097244444;10240;10228
4919;27698702000;27597244444;28097244444;10240;10228
4921;27698710000;27638533333;28138533333;10240;10228
4923;27698716000;27638533333;28138533333;10240;10228
4925;27698721000;27638533333;28138533333;10240;10228
4927;27698726000;27638577777;28138577777;10240;10228
4918;27698951000;27597244444;28097244444;10240;10228
4920;27699138000;27638533333;28138533333;10240;10228
4922;27699164000;27638533333;28138533333;10240;10228
4924;27699334000;27638533333;28138533333;10240;10228
4926;27699592000;27638533333;28138533333;10240;10228
4929;27740360000;27638888888;28138888888;10240;10228
4931;27740376000;27680200000;28180200000;10240;10228
4933;27740381000;27680200000;28180200000;10240;10228
4935;27740386000;27680200000;28180200000;10240;10228
4937;27740390000;27680200000;28180200000;10240;10228
4928;27740605000;27638888888;28138888888;10240;10228
4930;27740778000;27638888888;28138888888;10240;10228
4932;27740803000;27680200000;28180200000;10240;10228
4934;27740984000;27680200000;28180200000;10240;10228
4936;27741191000;27680200000;28180200000;10240;10228
4938;27741215000;27680244444;28180244444;10240;10228
4939;27782031000;27680544444;28180544444;10240;10228
4941;27782067000;27680544444;28180544444;10240;10228
4943;27782081000;27721855555;28221855555;10240;10228
4945;27782098000;27721855555;28221855555;10240;10228
4947;27782102000;27721855555;28221855555;10240;10228
4949;27782116000;27721900000;28221900000;10240;10228
4940;27782214000;27680544444;28180544444;10240;10228
4942;27782403000;27721855555;28221855555;10240;10228
4944;27782602000;27721855555;28221855555;10240;10228
4946;27782638000;27721855555;28221855555;10240;10228
4948;27782851000;27721855555;28221855555;10240;10228
4951;27823678000;27722244444;28222244444;10240;10228
4953;27823692000;27763533333;28263533333;10240;10228
4955;27823698000;27763533333;28263533333;10240;10228
4957;27823703000;27763533333;28263533333;10240;10228
4959;27823707000;27763533333;28263533333;10240;10228
4950;27823927000;27722244444;28222244444;10240;10228
4952;27824126000;27722244444;28222244444;10240;10228
4954;27824345000;27763533333;28263533333;10240;10228
4956;27824381000;27763533333;28263533333;10240;10228
4958;27824538000;27763533333;28263533333;10240;10228
4960;27824574000;27763577777;28263577777;10240;10228
4961;27865342000;27763855555;28263855555;10240;10228
4963;27865354000;27763855555;28263855555;10240;10228
4965;27865370000;27805200000;28305200000;10240;10228
4967;27865380000;27805200000;28305200000;10240;10228
4969;27865385000;27805200000;28305200000;10240;10228
4971;27865390000;27805244444;28305244444;10240;10228
4962;27865622000;27763855555;28263855555;10240;10228
4964;27865804000;27805200000;28305200000;10240;10228
4966;27865841000;27805200000;28305200000;10240;10228
4968;27866005000;27805200000;28305200000;10240;10228
4970;27866175000;27805200000;28305200000;10240;10228
4973;27907015000;27805555555;28305555555;10240;10228
4977;27907038000;27846866666;28346866666;10240;10228
4979;27907053000;27846866666;28346866666;10240;10228
4981;27907058000;27846866666;28346866666;10240;10228
4972;27907271000;27805555555;28305555555;10240;10228
4974;27907449000;27805555555;28305555555;10240;10228
4976;27907485000;27846866666;28346866666;10240;10228
4978;27907653000;27846866666;28346866666;10240;10228
4980;27907821000;27846866666;28346866666;10240;10228
4982;27907841000;27846911111;28346911111;10240;10228
4983;27948716000;27847244444;28347244444;10240;10228
4985;27948729000;27847244444;28347244444;10240;10228
4987;27948734000;27888533333;28388533333;10240;10228
4989;27948739000;27888533333;28388533333;10240;10228
4991;27948743000;27888533333;28388533333;10240;10228
4993;27948748000;27888577777;28388577777;10240;10228
4984;27948949000;27847244444;28347244444;10240;10228
4986;27949149000;27888533333;28388533333;10240;10228
4988;27949180000;27888533333;28388533333;10240;10228
4990;27949343000;27888533333;28388533333;10240;10228
4992;27949575000;27888533333;28388533333;10240;10228
4995;27990352000;27888877777;28388877777;10240;10228
4997;27990364000;27930200000;28430200000;10240;10228
4999;27990369000;27930200000;28430200000;10240;10228
5001;27990374000;27930200000;28430200000;10240;10228
5003;27990379000;27930200000;28430200000;10240;10228
4994;27990541000;27888877777;28388877777;10240;10228
4996;27990737000;27888877777;28388877777;10240;10228
4998;27990932000;27930200000;28430200000;10240;10228
5000;27990947000;27930200000;28430200000;10240;10228
5002;27991153000;27930200000;28430200000;10240;10228
5004;27991167000;27930244444;28430244444;10240;10228
4975;28027270000;27846866666;28346866666;10240;10228
5005;28032285000;27930555555;28430555555;10240;10228
5006;28032450000;27930555555;28430555555;10240;10228
5007;28032470000;27930555555;28430555555;10240;10228
5008;28032681000;27971855555;28471855555;10240;10228
5009;28032853000;27971855555;28471855555;10240;10228
5010;28032871000;27971855555;28471855555;10240;10228
5011;28033056000;27971855555;28471855555;10240;10228
5012;28069032000;27971855555;28471855555;10240;10228
5013;28069053000;27971855555;28471855555;10240;10228
5014;28069058000;27971855555;28471855555;10240;10228
5015;28069071000;27971900000;28471900000;10240;10228
5017;28073694000;27972188888;28472188888;10240;10228
5019;28073719000;28013533333;28513533333;10240;10228
5021;28073735000;28013533333;28513533333;10240;10228
5016;28073904000;27972188888;28472188888;10240;10228
5018;28074166000;27972188888;28472188888;10240;10228
5020;28074203000;28013533333;28513533333;10240;10228
5022;28074374000;28013533333;28513533333;10240;10228
5023;28074528000;28013533333;28513533333;10240;10228
5024;28074539000;28013533333;28513533333;10240;10228
5025;28110623000;28013533333;28513533333;10240;10228
5026;28110643000;28013577777;28513577777;10240;10228
5028;28115410000;28013844444;28513844444;10240;10228
5030;28115439000;28055200000;28555200000;10240;10228
5032;28115454000;28055200000;28555200000;10240;10228
5027;28115577000;28013844444;28513844444;10240;10228
5029;28115796000;28013844444;28513844444;10240;10228
5031;28115823000;28055200000;28555200000;10240;10228
5033;28115992000;28055200000;28555200000;10240;10228
5034;28116202000;28055200000;28555200000;10240;10228
5035;28116223000;28055200000;28555200000;10240;10228
5036;28147551000;28055200000;28555200000;10240;10228
5037;28152860000;28055244444;28555244444;10240;10228
5038;28157264000;28055544444;28555544444;10240;10228
5039;28157449000;28055544444;28555544444;10240;10228
5040;28157469000;28055544444;28555544444;10240;10228
5041;28157657000;28096866666;28596866666;10240;10228
5042;28157868000;28096866666;28596866666;10240;10228
5043;28157876000;28096866666;28596866666;10240;10228
5044;28158065000;28096866666;28596866666;10240;10228
5045;28158083000;28096866666;28596866666;10240;10228
5046;28189332000;28096866666;28596866666;10240;10228
5047;28189340000;28096866666;28596866666;10240;10228
5048;28189345000;28096900000;28596900000;10240;10228
5049;28198662000;28097211111;28597211111;10240;10228
5051;28198668000;28097211111;28597211111;10240;10228
5053;28198693000;28138533333;28638533333;10240;10228
5055;28198699000;28138533333;28638533333;10240;10228
5057;28198704000;28138533333;28638533333;10240;10228
5050;28198875000;28097211111;28597211111;10240;10228
5052;28199095000;28138533333;28638533333;10240;10228
5054;28199124000;28138533333;28638533333;10240;10228
5056;28199373000;28138533333;28638533333;10240;10228
5058;28199531000;28138533333;28638533333;10240;10228
5059;28199552000;28138577777;28638577777;10240;10228
5061;28240393000;28138866666;28638866666;10240;10228
5063;28240419000;28180200000;28680200000;10240;10228
5065;28240424000;28180200000;28680200000;10240;10228
5067;28240430000;28180200000;28680200000;10240;10228
5069;28240434000;28180200000;28680200000;10240;10228
5060;28240543000;28138866666;28638866666;10240;10228
5062;28240781000;28138866666;28638866666;10240;10228
5064;28240818000;28180200000;28680200000;10240;10228
5066;28240946000;28180200000;28680200000;10240;10228
5068;28241156000;28180200000;28680200000;10240;10228
5070;28241177000;28180244444;28680244444;10240;10228
5071;28282061000;28180544444;28680544444;10240;10228
5072;28282269000;28180544444;28680544444;10240;10228
5073;28282480000;28180544444;28680544444;10240;10228
5074;28282491000;28221866666;28721866666;10240;10228
5075;28282710000;28221866666;28721866666;10240;10228
5076;28282870000;28221866666;28721866666;10240;10228
5077;28282881000;28221866666;28721866666;10240;10228
5078;28283032000;28221866666;28721866666;10240;10228
5079;28283287000;28221866666;28721866666;10240;10228
5080;28283309000;28221866666;28721866666;10240;10228
5081;28306217000;28221911111;28721911111;10240;10228
5083;28323683000;28222233333;28722233333;10240;10228
5085;28323705000;28263533333;28763533333;10240;10228
5087;28323710000;28263533333;28763533333;10240;10228
5089;28323720000;28263533333;28763533333;10240;10228
5091;28323734000;28263533333;28763533333;10240;10228
5082;28323867000;28222233333;28722233333;10240;10228
5084;28324135000;28222233333;28722233333;10240;10228
5086;28324173000;28263533333;28763533333;10240;10228
5088;28324343000;28263533333;28763533333;10240;10228
5090;28324523000;28263533333;28763533333;10240;10228
5092;28324561000;28263577777;28763577777;10240;10228
5093;28365372000;28263866666;28763866666;10240;10228
5095;28365383000;28263866666;28763866666;10240;10228
5097;28365401000;28305200000;28805200000;10240;10228
5099;28365407000;28305200000;28805200000;10240;10228
5101;28365432000;28305200000;28805200000;10240;10228
5103;28365436000;28305244444;28805244444;10240;10228
5094;28365623000;28263866666;28763866666;10240;10228
5096;28365807000;28305200000;28805200000;10240;10228
5100;28365843000;28305200000;28805200000;10240;10228
5102;28366009000;28305200000;28805200000;10240;10228
5105;28407014000;28305544444;28805544444;10240;10228
5107;28407025000;28346866666;28846866666;10240;10228
5109;28407030000;28346866666;28846866666;10240;10228
5111;28407034000;28346866666;28846866666;10240;10228
5104;28407249000;28305544444;28805544444;10240;10228
5106;28407457000;28305544444;28805544444;10240;10228
5108;28407478000;28346866666;28846866666;10240;10228
5110;28407683000;28346866666;28846866666;10240;10228
5112;28407864000;28346866666;28846866666;10240;10228
5113;28407879000;28346866666;28846866666;10240;10228
5114;28408000000;28346911111;28846911111;10240;10228
5115;28448678000;28347222222;28847222222;10240;10228
5117;28448694000;28347222222;28847222222;10240;10228
5119;28448700000;28388533333;28888533333;10240;10228
5121;28448704000;28388533333;28888533333;10240;10228
5123;28448708000;28388533333;28888533333;10240;10228
5116;28448894000;28347222222;28847222222;10240;10228
5118;28449101000;28388533333;28888533333;10240;10228
5120;28449301000;28388533333;28888533333;10240;10228
5122;28449314000;28388533333;28888533333;10240;10228
5124;28449503000;28388533333;28888533333;10240;10228
5125;28449524000;28388577777;28888577777;10240;10228
5127;28490346000;28388855555;28888855555;10240;10228
5129;28490357000;28430200000;28930200000;10240;10228
5131;28490362000;28430200000;28930200000;10240;10228
5133;28490367000;28430200000;28930200000;10240;10228
5135;28490375000;28430200000;28930200000;10240;10228
5126;28490519000;28388855555;28888855555;10240;10228
5128;28490714000;28388855555;28888855555;10240;10228
5130;28490917000;28430200000;28930200000;10240;10228
5132;28490924000;28430200000;28930200000;10240;10228
5134;28491132000;28430200000;28930200000;10240;10228
5136;28491147000;28430244444;28930244444;10240;10228
5098;28527667000;28305200000;28805200000;10240;10228
5137;28531971000;28430544444;28930544444;10240;10228
5138;28531977000;28430544444;28930544444;10240;10228
5139;28531989000;28430544444;28930544444;10240;10228
5140;28532011000;28471866666;28971866666;10240;10228
5141;28532016000;28471866666;28971866666;10240;10228
5142;28532021000;28471866666;28971866666;10240;10228
5143;28568885000;28471866666;28971866666;10240;10228
5144;28568894000;28471866666;28971866666;10240;10228
5145;28568898000;28471866666;28971866666;10240;10228
5146;28568930000;28471866666;28971866666;10240;10228
5147;28568936000;28471888888;28971888888;10240;10228
5148;28573870000;28472211111;28972211111;10240;10228
5149;28574056000;28472211111;28972211111;10240;10228
5150;28574254000;28472211111;28972211111;10240;10228
5151;28574267000;28513522222;29013522222;10240;10228
5152;28574458000;28513522222;29013522222;10240;10228
5153;28574473000;28513522222;29013522222;10240;10228
5154;28610586000;28513522222;29013522222;10240;10228
5155;28610594000;28513522222;29013522222;10240;10228
5156;28610602000;28513522222;29013522222;10240;10228
5157;28610607000;28513522222;29013522222;10240;10228
5158;28610611000;28513555555;29013555555;10240;10228
5159;28615540000;28513822222;29013822222;10240;10228
5160;28615719000;28513822222;29013822222;10240;10228
5161;28615915000;28513822222;29013822222;10240;10228
5162;28615921000;28555200000;29055200000;10240;10228
5163;28616128000;28555200000;29055200000;10240;10228
5164;28616141000;28555200000;29055200000;10240;10228
5165;28648145000;28555200000;29055200000;10240;10228
5166;28648317000;28555200000;29055200000;10240;10228
5167;28652214000;28555200000;29055200000;10240;10228
5168;28652219000;28555200000;29055200000;10240;10228
5169;28652232000;28555222222;29055222222;10240;10228
5170;28656981000;28555533333;29055533333;10240;10228
5171;28656985000;28555533333;29055533333;10240;10228
5172;28656992000;28555533333;29055533333;10240;10228
5173;28656999000;28596866666;29096866666;10240;10228
5174;28682454000;28596866666;29096866666;10240;10228
5175;28689156000;28596866666;29096866666;10240;10228
5176;28689167000;28596866666;29096866666;10240;10228
5177;28689172000;28596866666;29096866666;10240;10228
5178;28689182000;28596866666;29096866666;10240;10228
5179;28694590000;28596866666;29096866666;10240;10228
5180;28694747000;28596888888;29096888888;10240;10228
5181;28698889000;28597233333;29097233333;10240;10228
5182;28699113000;28597233333;29097233333;10240;10228
5183;28699134000;28597233333;29097233333;10240;10228
5184;28723462000;28638533333;29138533333;10240;10228
5185;28730859000;28638533333;29138533333;10240;10228
5186;28730868000;28638533333;29138533333;10240;10228
5187;28730874000;28638533333;29138533333;10240;10228
5188;28730878000;28638533333;29138533333;10240;10228
5189;28730882000;28638533333;29138533333;10240;10228
5190;28736188000;28638533333;29138533333;10240;10228
5191;28736397000;28638544444;29138544444;10240;10228
5192;28740569000;28638855555;29138855555;10240;10228
5193;28740764000;28638855555;29138855555;10240;10228
5194;28740784000;28638855555;29138855555;10240;10228
5195;28740969000;28680222222;29180222222;10240;10228
5196;28764124000;28680222222;29180222222;10240;10228
5197;28768797000;28680222222;29180222222;10240;10228
5198;28768985000;28680222222;29180222222;10240;10228
5199;28772497000;28680222222;29180222222;10240;10228
5200;28772508000;28680222222;29180222222;10240;10228
5201;28772512000;28680222222;29180222222;10240;10228
5202;28772517000;28680244444;29180244444;10240;10228
5203;28782026000;28680533333;29180533333;10240;10228
5204;28782037000;28680533333;29180533333;10240;10228
5205;28782042000;28680533333;29180533333;10240;10228
5206;28802740000;28721866666;29221866666;10240;10228
5207;28802761000;28721866666;29221866666;10240;10228
5208;28809444000;28721866666;29221866666;10240;10228
5209;28809455000;28721866666;29221866666;10240;10228
5210;28809459000;28721866666;29221866666;10240;10228
5211;28809481000;28721866666;29221866666;10240;10228
5212;28815040000;28721866666;29221866666;10240;10228
5213;28815252000;28721877777;29221877777;10240;10228
5214;28823889000;28722188888;29222188888;10240;10228
5215;28824085000;28722188888;29222188888;10240;10228
5216;28824094000;28722188888;29222188888;10240;10228
5217;28851178000;28763522222;29263522222;10240;10228
5219;28851193000;28763522222;29263522222;10240;10228
5220;28851215000;28763522222;29263522222;10240;10228
5221;28851228000;28763522222;29263522222;10240;10228
5222;28851241000;28763522222;29263522222;10240;10228
5218;28851342000;28763522222;29263522222;10240;10228
5223;28856637000;28763522222;29263522222;10240;10228
5224;28856809000;28763544444;29263544444;10240;10228
5225;28865544000;28763833333;29263833333;10240;10228
5226;28865726000;28763833333;29263833333;10240;10228
5227;28865923000;28763833333;29263833333;10240;10228
5228;28865934000;28805200000;29305200000;10240;10228
5229;28884542000;28805200000;29305200000;10240;10228
5230;28884711000;28805200000;29305200000;10240;10228
5231;28889417000;28805200000;29305200000;10240;10228
5232;28889588000;28805200000;29305200000;10240;10228
5233;28892734000;28805200000;29305200000;10240;10228
5234;28892748000;28805200000;29305200000;10240;10228
5235;28892753000;28805211111;29305211111;10240;10228
5236;28906960000;28805522222;29305522222;10240;10228
5237;28906967000;28805522222;29305522222;10240;10228
5238;28906972000;28805522222;29305522222;10240;10228
5239;28906991000;28846877777;29346877777;10240;10228
5240;28906996000;28846877777;29346877777;10240;10228
5241;28923041000;28846877777;29346877777;10240;10228
5242;28923067000;28846877777;29346877777;10240;10228
5243;28929691000;28846877777;29346877777;10240;10228
5244;28929697000;28846877777;29346877777;10240;10228
5245;28929701000;28846877777;29346877777;10240;10228
5246;28929721000;28846911111;29346911111;10240;10228
5247;28948842000;28847233333;29347233333;10240;10228
5248;28949028000;28847233333;29347233333;10240;10228
5249;28949232000;28847233333;29347233333;10240;10228
5250;28949248000;28888522222;29388522222;10240;10228
5251;28949439000;28888522222;29388522222;10240;10228
5252;28971416000;28888522222;29388522222;10240;10228
5253;28971424000;28888522222;29388522222;10240;10228
5254;28971429000;28888522222;29388522222;10240;10228
5255;28971433000;28888522222;29388522222;10240;10228
5256;28971444000;28888522222;29388522222;10240;10228
5257;28971652000;28888544444;29388544444;10240;10228
5258;28990521000;28888844444;29388844444;10240;10228
5259;28990702000;28888844444;29388844444;10240;10228
5260;28990906000;28888844444;29388844444;10240;10228
5261;28990921000;28930200000;29430200000;10240;10228
5262;28991110000;28930200000;29430200000;10240;10228
5263;29005032000;28930200000;29430200000;10240;10228
5264;29005231000;28930200000;29430200000;10240;10228
5265;29005434000;28930200000;29430200000;10240;10228
5266;29009870000;28930200000;29430200000;10240;10228
5267;29010057000;28930200000;29430200000;10240;10228
5268;29013155000;28930222222;29430222222;10240;10228
5269;29032002000;28930522222;29430522222;10240;10228
5270;29032007000;28930522222;29430522222;10240;10228
5271;29032020000;28930522222;29430522222;10240;10228
5272;29032026000;28971866666;29471866666;10240;10228
5273;29032038000;28971866666;29471866666;10240;10228
5274;29032049000;28971866666;29471866666;10240;10228
5275;29032068000;28971866666;29471866666;10240;10228
5276;29032073000;28971866666;29471866666;10240;10228
5277;29043298000;28971866666;29471866666;10240;10228
5278;29043312000;28971866666;29471866666;10240;10228
5279;29043317000;28971900000;29471900000;10240;10228
5281;29073693000;28972211111;29472211111;10240;10228
5283;29073717000;29013533333;29513533333;10240;10228
5285;29073731000;29013533333;29513533333;10240;10228
5287;29073745000;29013533333;29513533333;10240;10228
5280;29073862000;28972211111;29472211111;10240;10228
5282;29074131000;28972211111;29472211111;10240;10228
5284;29074167000;29013533333;29513533333;10240;10228
5286;29074349000;29013533333;29513533333;10240;10228
5288;29074484000;29013533333;29513533333;10240;10228
5289;29091715000;29013533333;29513533333;10240;10228
5290;29091724000;29013577777;29513577777;10240;10228
5291;29115317000;29013833333;29513833333;10240;10228
5293;29115327000;29013833333;29513833333;10240;10228
5295;29115345000;29055166666;29555166666;10240;10228
5292;29115516000;29013833333;29513833333;10240;10228
5294;29115720000;29055166666;29555166666;10240;10228
5296;29115927000;29055166666;29555166666;10240;10228
5297;29115937000;29055166666;29555166666;10240;10228
5298;29116134000;29055166666;29555166666;10240;10228
5299;29116142000;29055166666;29555166666;10240;10228
5300;29125682000;29055166666;29555166666;10240;10228
5301;29125869000;29055233333;29555233333;10240;10228
5303;29156938000;29055544444;29555544444;10240;10228
5305;29156966000;29096833333;29596833333;10240;10228
5307;29156974000;29096833333;29596833333;10240;10228
5309;29156989000;29096833333;29596833333;10240;10228
5311;29156996000;29096833333;29596833333;10240;10228
5312;29157001000;29096877777;29596877777;10240;10228
5302;29157163000;29055544444;29555544444;10240;10228
5304;29157403000;29055544444;29555544444;10240;10228
5306;29157427000;29096833333;29596833333;10240;10228
5308;29157568000;29096833333;29596833333;10240;10228
5310;29157811000;29096833333;29596833333;10240;10228
5313;29198646000;29097188888;29597188888;10240;10228
5315;29198656000;29097188888;29597188888;10240;10228
5317;29198673000;29138500000;29638500000;10240;10228
5319;29198685000;29138500000;29638500000;10240;10228
5321;29198692000;29138500000;29638500000;10240;10228
5322;29198697000;29138500000;29638500000;10240;10228
5323;29198711000;29138544444;29638544444;10240;10228
5314;29198833000;29097188888;29597188888;10240;10228
5316;29199092000;29138500000;29638500000;10240;10228
5318;29199126000;29138500000;29638500000;10240;10228
5320;29199315000;29138500000;29638500000;10240;10228
5325;29240306000;29138844444;29638844444;10240;10228
5327;29240329000;29180166666;29680166666;10240;10228
5329;29240345000;29180166666;29680166666;10240;10228
5331;29240364000;29180166666;29680166666;10240;10228
5333;29240369000;29180166666;29680166666;10240;10228
5324;29240574000;29138844444;29638844444;10240;10228
5326;29240748000;29138844444;29638844444;10240;10228
5328;29240785000;29180166666;29680166666;10240;10228
5330;29240922000;29180166666;29680166666;10240;10228
5332;29241127000;29180166666;29680166666;10240;10228
5334;29241156000;29180222222;29680222222;10240;10228
5335;29281979000;29180522222;29680522222;10240;10228
5337;29281990000;29180522222;29680522222;10240;10228
5339;29282009000;29221833333;29721833333;10240;10228
5341;29282019000;29221833333;29721833333;10240;10228
5343;29282025000;29221833333;29721833333;10240;10228
5345;29282029000;29221877777;29721877777;10240;10228
5336;29282179000;29180522222;29680522222;10240;10228
5338;29282379000;29221833333;29721833333;10240;10228
5340;29282580000;29221833333;29721833333;10240;10228
5342;29282602000;29221833333;29721833333;10240;10228
5344;29282771000;29221833333;29721833333;10240;10228
5346;29323637000;29222200000;29722200000;10240;10228
5348;29323646000;29222200000;29722200000;10240;10228
5350;29323664000;29263511111;29763511111;10240;10228
5352;29323673000;29263511111;29763511111;10240;10228
5354;29323702000;29263511111;29763511111;10240;10228
5356;29323707000;29263555555;29763555555;10240;10228
5347;29323858000;29222200000;29722200000;10240;10228
5349;29324068000;29263511111;29763511111;10240;10228
5351;29324236000;29263511111;29763511111;10240;10228
5353;29324259000;29263511111;29763511111;10240;10228
5355;29324437000;29263511111;29763511111;10240;10228
5358;29365279000;29263833333;29763833333;10240;10228
5360;29365301000;29305166666;29805166666;10240;10228
5362;29365306000;29305166666;29805166666;10240;10228
5364;29365319000;29305166666;29805166666;10240;10228
5366;29365333000;29305166666;29805166666;10240;10228
5357;29365481000;29263833333;29763833333;10240;10228
5359;29365704000;29263833333;29763833333;10240;10228
5361;29365925000;29305166666;29805166666;10240;10228
5363;29365952000;29305166666;29805166666;10240;10228
5365;29366096000;29305166666;29805166666;10240;10228
5367;29366116000;29305222222;29805222222;10240;10228
5368;29406999000;29305522222;29805522222;10240;10228
5370;29407013000;29305522222;29805522222;10240;10228
5372;29407031000;29346866666;29846866666;10240;10228
5374;29407037000;29346866666;29846866666;10240;10228
5376;29407055000;29346866666;29846866666;10240;10228
5378;29407061000;29346911111;29846911111;10240;10228
5369;29407196000;29305522222;29805522222;10240;10228
5371;29407398000;29346866666;29846866666;10240;10228
5373;29407573000;29346866666;29846866666;10240;10228
5375;29407604000;29346866666;29846866666;10240;10228
5377;29407810000;29346866666;29846866666;10240;10228
5380;29448653000;29347222222;29847222222;10240;10228
5382;29448676000;29388533333;29888533333;10240;10228
5384;29448682000;29388533333;29888533333;10240;10228
5386;29448691000;29388533333;29888533333;10240;10228
5388;29448706000;29388533333;29888533333;10240;10228
5379;29448840000;29347222222;29847222222;10240;10228
5381;29449065000;29347222222;29847222222;10240;10228
5383;29449282000;29388533333;29888533333;10240;10228
5385;29449311000;29388533333;29888533333;10240;10228
5387;29449487000;29388533333;29888533333;10240;10228
5389;29449516000;29388577777;29888577777;10240;10228
5390;29490321000;29388855555;29888855555;10240;10228
5392;29490336000;29388855555;29888855555;10240;10228
5394;29490358000;29430177777;29930177777;10240;10228
5396;29490373000;29430177777;29930177777;10240;10228
5398;29490388000;29430177777;29930177777;10240;10228
5400;29490392000;29430222222;29930222222;10240;10228
5391;29490516000;29388855555;29888855555;10240;10228
5393;29490720000;29430177777;29930177777;10240;10228
5395;29490915000;29430177777;29930177777;10240;10228
5397;29490934000;29430177777;29930177777;10240;10228
5399;29491142000;29430177777;29930177777;10240;10228
5402;29532009000;29430533333;29930533333;10240;10228
5404;29532032000;29471877777;29971877777;10240;10228
5406;29532038000;29471877777;29971877777;10240;10228
5408;29532066000;29471877777;29971877777;10240;10228
5410;29532082000;29471877777;29971877777;10240;10228
5401;29532202000;29430533333;29930533333;10240;10228
5403;29532395000;29430533333;29930533333;10240;10228
5405;29532615000;29471877777;29971877777;10240;10228
5407;29532646000;29471877777;29971877777;10240;10228
5409;29532818000;29471877777;29971877777;10240;10228
5411;29532849000;29471922222;29971922222;10240;10228
5412;29573627000;29472244444;29972244444;10240;10228
5414;29573639000;29472244444;29972244444;10240;10228
5416;29573657000;29513500000;30013500000;10240;10228
5418;29573666000;29513500000;30013500000;10240;10228
5420;29573671000;29513500000;30013500000;10240;10228
5422;29573677000;29513544444;30013544444;10240;10228
5413;29573901000;29472244444;29972244444;10240;10228
5415;29574085000;29513500000;30013500000;10240;10228
5417;29574114000;29513500000;30013500000;10240;10228
5419;29574254000;29513500000;30013500000;10240;10228
5421;29574454000;29513500000;30013500000;10240;10228
5424;29615333000;29513822222;30013822222;10240;10228
5426;29615357000;29555166666;30055166666;10240;10228
5428;29615369000;29555166666;30055166666;10240;10228
5430;29615375000;29555166666;30055166666;10240;10228
5432;29615388000;29555166666;30055166666;10240;10228
5423;29615578000;29513822222;30013822222;10240;10228
5425;29615753000;29513822222;30013822222;10240;10228
5427;29615791000;29555166666;30055166666;10240;10228
5429;29615951000;29555166666;30055166666;10240;10228
5431;29616129000;29555166666;30055166666;10240;10228
5433;29616156000;29555222222;30055222222;10240;10228
5434;29656976000;29555533333;30055533333;10240;10228
5436;29656985000;29555533333;30055533333;10240;10228
5438;29657003000;29596833333;30096833333;10240;10228
5440;29657008000;29596833333;30096833333;10240;10228
5442;29657023000;29596833333;30096833333;10240;10228
5444;29657027000;29596877777;30096877777;10240;10228
5435;29657214000;29555533333;30055533333;10240;10228
5437;29657424000;29596833333;30096833333;10240;10228
5439;29657461000;29596833333;30096833333;10240;10228
5441;29657650000;29596833333;30096833333;10240;10228
5443;29657766000;29596833333;30096833333;10240;10228
5446;29698665000;29597200000;30097200000;10240;10228
5448;29698688000;29638500000;30138500000;10240;10228
5450;29698695000;29638500000;30138500000;10240;10228
5452;29698699000;29638500000;30138500000;10240;10228
5454;29698713000;29638500000;30138500000;10240;10228
5445;29698897000;29597200000;30097200000;10240;10228
5447;29699069000;29597200000;30097200000;10240;10228
5449;29699302000;29638500000;30138500000;10240;10228
5451;29699338000;29638500000;30138500000;10240;10228
5453;29699479000;29638500000;30138500000;10240;10228
5455;29699507000;29638544444;30138544444;10240;10228
5456;29740331000;29638855555;30138855555;10240;10228
5458;29740341000;29638855555;30138855555;10240;10228
5460;29740359000;29680200000;30180200000;10240;10228
5462;29740370000;29680200000;30180200000;10240;10228
5464;29740377000;29680200000;30180200000;10240;10228
5466;29740381000;29680244444;30180244444;10240;10228
5457;29740576000;29638855555;30138855555;10240;10228
5459;29740779000;29680200000;30180200000;10240;10228
5461;29740817000;29680200000;30180200000;10240;10228
5463;29740980000;29680200000;30180200000;10240;10228
5465;29741127000;29680200000;30180200000;10240;10228
5468;29781940000;29680533333;30180533333;10240;10228
5470;29781975000;29721833333;30221833333;10240;10228
5472;29781993000;29721833333;30221833333;10240;10228
5474;29781998000;29721833333;30221833333;10240;10228
5476;29782005000;29721833333;30221833333;10240;10228
5467;29782238000;29680533333;30180533333;10240;10228
5469;29782380000;29680533333;30180533333;10240;10228
5471;29782629000;29721833333;30221833333;10240;10228
5473;29782658000;29721833333;30221833333;10240;10228
5475;29782822000;29721833333;30221833333;10240;10228
5477;29782850000;29721877777;30221877777;10240;10228
5478;29823661000;29722211111;30222211111;10240;10228
5480;29823671000;29722211111;30222211111;10240;10228
5482;29823689000;29763533333;30263533333;10240;10228
5484;29823700000;29763533333;30263533333;10240;10228
5486;29823707000;29763533333;30263533333;10240;10228
5488;29823723000;29763577777;30263577777;10240;10228
5479;29823930000;29722211111;30222211111;10240;10228
5481;29824121000;29763533333;30263533333;10240;10228
5483;29824159000;29763533333;30263533333;10240;10228
5485;29824349000;29763533333;30263533333;10240;10228
5487;29824522000;29763533333;30263533333;10240;10228
5490;29865346000;29763855555;30263855555;10240;10228
5492;29865369000;29805166666;30305166666;10240;10228
5494;29865383000;29805166666;30305166666;10240;10228
5496;29865388000;29805166666;30305166666;10240;10228
5498;29865402000;29805166666;30305166666;10240;10228
5489;29865510000;29763855555;30263855555;10240;10228
5491;29865755000;29763855555;30263855555;10240;10228
5495;29865792000;29805166666;30305166666;10240;10228
5497;29865916000;29805166666;30305166666;10240;10228
5499;29866141000;29805222222;30305222222;10240;10228
5493;29986373000;29805166666;30305166666;10240;10228
