seqnum;now;rtptime;deadline;packet_len;payload_len
3;11733256000;10004977777;10504977777;10240;10228
4;11733361000;10004977777;10504977777;10240;10228
7;11733390000;10004977777;10504977777;10240;10228
8;11733396000;10004977777;10504977777;10240;10228
11;11733400000;10005344444;10505344444;10240;10228
12;11733406000;10005344444;10505344444;10240;10228
15;11733411000;10046644444;10546644444;10240;10228
16;11733415000;10046644444;10546644444;10240;10228
20;11733420000;10046644444;10546644444;10240;10228
23;11733427000;10047066666;10547066666;10240;10228
24;11733431000;10047066666;10547066666;10240;10228
27;11733436000;10088311111;10588311111;10240;10228
28;11733442000;10088311111;10588311111;10240;10228
31;11733446000;10088311111;10588311111;10240;10228
1;11733463000;9973477777;10473477777;10240;10228
2;11733573000;9973477777;10473477777;10240;10228
35;11733584000;10088644444;10588644444;10240;10228
36;11733591000;10129966666;10629966666;10240;10228
39;11733595000;10129966666;10629966666;10240;10228
40;11733600000;10129966666;10629966666;10240;10228
43;11733604000;10129988888;10629988888;10240;10228
44;11733612000;10130311111;10630311111;10240;10228
48;11733618000;10171644444;10671644444;10240;10228
51;11733622000;10171644444;10671644444;10240;10228
55;11733630000;10171977777;10671977777;10240;10228
58;11733636000;10213311111;10713311111;10240;10228
59;11733640000;10213311111;10713311111;10240;10228
62;11733648000;10213311111;10713311111;10240;10228
63;11733654000;10213311111;10713311111;10240;10228
5;11733781000;10004977777;10504977777;10240;10228
9;11733801000;10004977777;10504977777;10240;10228
10;11733820000;10005000000;10505000000;10240;10228
66;11733847000;10213611111;10713611111;10240;10228
67;11733853000;10213611111;10713611111;10240;10228
70;11733858000;10254977777;10754977777;10240;10228
71;11733863000;10254977777;10754977777;10240;10228
74;11733868000;10254977777;10754977777;10240;10228
75;11733874000;10254977777;10754977777;10240;10228
78;11733879000;10255333333;10755333333;10240;10228
79;11733895000;10255333333;10755333333;10240;10228
13;11733989000;10005344444;10505344444;10240;10228
14;11734173000;10046644444;10546644444;10240;10228
17;11734183000;10046644444;10546644444;10240;10228
18;11734344000;10046644444;10546644444;10240;10228
21;11734352000;10046655555;10546655555;10240;10228
25;11734584000;10088311111;10588311111;10240;10228
26;11734591000;10088311111;10588311111;10240;10228
29;11734788000;10088311111;10588311111;10240;10228
30;11734991000;10088311111;10588311111;10240;10228
33;11734998000;10088644444;10588644444;10240;10228
34;11735190000;10088644444;10588644444;10240;10228
38;11735196000;10129966666;10629966666;10240;10228
41;11735367000;10129966666;10629966666;10240;10228
42;11735614000;10129966666;10629966666;10240;10228
45;11735622000;10130311111;10630311111;10240;10228
46;11735810000;10130311111;10630311111;10240;10228
49;11735816000;10171644444;10671644444;10240;10228
50;11736014000;10171644444;10671644444;10240;10228
53;11736019000;10171644444;10671644444;10240;10228
54;11736217000;10171655555;10671655555;10240;10228
56;11736224000;10171977777;10671977777;10240;10228
57;11736391000;10171977777;10671977777;10240;10228
60;11736642000;10213311111;10713311111;10240;10228
61;11736655000;10213311111;10713311111;10240;10228
64;11736801000;10213311111;10713311111;10240;10228
65;11736806000;10213322222;10713322222;10240;10228
68;11737045000;10213611111;10713611111;10240;10228
69;11737062000;10254977777;10754977777;10240;10228
72;11737244000;10254977777;10754977777;10240;10228
73;11737250000;10254977777;10754977777;10240;10228
76;11737398000;10254988888;10754988888;10240;10228
77;11737673000;10255333333;10755333333;10240;10228
32;11973781000;10088322222;10588322222;10240;10228
37;11973873000;10129966666;10629966666;10240;10228
85;11974011000;10296644444;10796644444;10240;10228
86;11974018000;10296644444;10796644444;10240;10228
89;11974083000;10296977777;10796977777;10240;10228
90;11974088000;10296977777;10796977777;10240;10228
93;11974093000;10338311111;10838311111;10240;10228
94;11974098000;10338311111;10838311111;10240;10228
97;11974146000;10338311111;10838311111;10240;10228
98;11974151000;10338322222;10838322222;10240;10228
101;11974166000;10338611111;10838611111;10240;10228
103;11974180000;10379977777;10879977777;10240;10228
104;11974186000;10379977777;10879977777;10240;10228
107;11974194000;10379977777;10879977777;10240;10228
108;11974200000;10379977777;10879977777;10240;10228
113;11974205000;10421644444;10921644444;10240;10228
115;11974209000;10421644444;10921644444;10240;10228
120;11974215000;10421655555;10921655555;10240;10228
121;11974219000;10421966666;10921966666;10240;10228
122;11974225000;10421966666;10921966666;10240;10228
123;11974230000;10421966666;10921966666;10240;10228
126;11974235000;10463311111;10963311111;10240;10228
131;11974241000;10463322222;10963322222;10240;10228
132;11974245000;10463611111;10963611111;10240;10228
134;11974315000;10463611111;10963611111;10240;10228
139;11974322000;10504977777;11004977777;10240;10228
140;11974331000;10504977777;11004977777;10240;10228
142;11974335000;10504988888;11004988888;10240;10228
143;11974351000;10505277777;11005277777;10240;10228
147;11974358000;10546644444;11046644444;10240;10228
149;11974365000;10546644444;11046644444;10240;10228
150;11974370000;10546644444;11046644444;10240;10228
153;11974375000;10546655555;11046655555;10240;10228
154;11974387000;10546977777;11046977777;10240;10228
155;11974393000;10546977777;11046977777;10240;10228
47;11974635000;10171644444;10671644444;10240;10228
52;11974960000;10171644444;10671644444;10240;10228
80;11976094000;10296644444;10796644444;10240;10228
83;11976105000;10296644444;10796644444;10240;10228
84;11976112000;10296644444;10796644444;10240;10228
87;11976116000;10296655555;10796655555;10240;10228
88;11976122000;10296977777;10796977777;10240;10228
91;11976127000;10338311111;10838311111;10240;10228
92;11976133000;10338311111;10838311111;10240;10228
95;11976138000;10338311111;10838311111;10240;10228
96;11976143000;10338311111;10838311111;10240;10228
99;11976161000;10338611111;10838611111;10240;10228
100;11976167000;10338611111;10838611111;10240;10228
102;11976172000;10379977777;10879977777;10240;10228
105;11976177000;10379977777;10879977777;10240;10228
106;11976182000;10379977777;10879977777;10240;10228
111;11976188000;10380244444;10880244444;10240;10228
116;11976195000;10421644444;10921644444;10240;10228
117;11976204000;10421644444;10921644444;10240;10228
118;11976210000;10421644444;10921644444;10240;10228
119;11976217000;10421644444;10921644444;10240;10228
124;11976223000;10463311111;10963311111;10240;10228
125;11976233000;10463311111;10963311111;10240;10228
128;11976239000;10463311111;10963311111;10240;10228
129;11976244000;10463311111;10963311111;10240;10228
130;11976315000;10463311111;10963311111;10240;10228
133;11976327000;10463611111;10963611111;10240;10228
135;11976333000;10504977777;11004977777;10240;10228
136;11976340000;10504977777;11004977777;10240;10228
137;11976345000;10504977777;11004977777;10240;10228
138;11976351000;10504977777;11004977777;10240;10228
141;11976355000;10504977777;11004977777;10240;10228
144;11976360000;10505277777;11005277777;10240;10228
145;11976364000;10505277777;11005277777;10240;10228
146;11976369000;10546644444;11046644444;10240;10228
151;11976376000;10546644444;11046644444;10240;10228
152;11976382000;10546644444;11046644444;10240;10228
156;11976389000;10546977777;11046977777;10240;10228
157;11976394000;10588311111;11088311111;10240;10228
158;11976399000;10588311111;11088311111;10240;10228
109;11978095000;10379988888;10879988888;10240;10228
110;11978266000;10380244444;10880244444;10240;10228
112;11978440000;10380244444;10880244444;10240;10228
82;11980969000;10296644444;10796644444;10240;10228
114;11982806000;10421644444;10921644444;10240;10228
148;11984388000;10546644444;11046644444;10240;10228
159;12214332000;10588311111;11088311111;10240;10228
160;12214346000;10588311111;11088311111;10240;10228
163;12214352000;10588311111;11088311111;10240;10228
164;12214368000;10588322222;11088322222;10240;10228
165;12214373000;10588622222;11088622222;10240;10228
166;12214378000;10588622222;11088622222;10240;10228
171;12214396000;10629988888;11129988888;10240;10228
172;12214401000;10629988888;11129988888;10240;10228
173;12214405000;10629988888;11129988888;10240;10228
174;12214410000;10629988888;11129988888;10240;10228
178;12214414000;10630344444;11130344444;10240;10228
161;12214420000;10588311111;11088311111;10240;10228
182;12214599000;10671644444;11171644444;10240;10228
183;12214611000;10671644444;11171644444;10240;10228
184;12214616000;10671644444;11171644444;10240;10228
185;12214621000;10671644444;11171644444;10240;10228
188;12214625000;10671966666;11171966666;10240;10228
192;12214630000;10713311111;11213311111;10240;10228
193;12214635000;10713311111;11213311111;10240;10228
199;12214639000;10713600000;11213600000;10240;10228
162;12214644000;10588311111;11088311111;10240;10228
203;12214652000;10754977777;11254977777;10240;10228
206;12214657000;10754977777;11254977777;10240;10228
207;12214661000;10754977777;11254977777;10240;10228
209;12214671000;10755277777;11255277777;10240;10228
210;12214676000;10755277777;11255277777;10240;10228
212;12214680000;10796655555;11296655555;10240;10228
167;12214813000;10588622222;11088622222;10240;10228
169;12214826000;10629988888;11129988888;10240;10228
213;12214841000;10796655555;11296655555;10240;10228
214;12214847000;10796655555;11296655555;10240;10228
224;12214851000;10838311111;11338311111;10240;10228
226;12214856000;10838311111;11338311111;10240;10228
231;12214861000;10838611111;11338611111;10240;10228
232;12214865000;10838611111;11338611111;10240;10228
233;12214871000;10838611111;11338611111;10240;10228
234;12214876000;10879977777;11379977777;10240;10228
170;12215007000;10629988888;11129988888;10240;10228
175;12215027000;10630011111;11130011111;10240;10228
177;12215211000;10630344444;11130344444;10240;10228
179;12215232000;10671644444;11171644444;10240;10228
180;12215415000;10671644444;11171644444;10240;10228
186;12215425000;10671655555;11171655555;10240;10228
187;12215628000;10671966666;11171966666;10240;10228
189;12215639000;10671966666;11171966666;10240;10228
191;12215798000;10713311111;11213311111;10240;10228
194;12216028000;10713311111;11213311111;10240;10228
195;12216049000;10713311111;11213311111;10240;10228
196;12216234000;10713311111;11213311111;10240;10228
197;12216244000;10713322222;11213322222;10240;10228
198;12216405000;10713600000;11213600000;10240;10228
200;12216415000;10713600000;11213600000;10240;10228
204;12216640000;10754977777;11254977777;10240;10228
205;12216659000;10754977777;11254977777;10240;10228
208;12216860000;10754988888;11254988888;10240;10228
211;12216870000;10755277777;11255277777;10240;10228
236;12216876000;10879977777;11379977777;10240;10228
237;12216889000;10879977777;11379977777;10240;10228
238;12216893000;10879977777;11379977777;10240;10228
215;12217043000;10796655555;11296655555;10240;10228
216;12217247000;10796655555;11296655555;10240;10228
218;12217255000;10796655555;11296655555;10240;10228
219;12217417000;10796677777;11296677777;10240;10228
221;12217423000;10797011111;11297011111;10240;10228
222;12217657000;10797011111;11297011111;10240;10228
225;12217666000;10838311111;11338311111;10240;10228
227;12217862000;10838311111;11338311111;10240;10228
228;12218069000;10838311111;11338311111;10240;10228
229;12218075000;10838311111;11338311111;10240;10228
230;12218079000;10838322222;11338322222;10240;10228
235;12218265000;10879977777;11379977777;10240;10228
168;12224656000;10629988888;11129988888;10240;10228
176;12224717000;10630344444;11130344444;10240;10228
181;12224730000;10671644444;11171644444;10240;10228
190;12226266000;10713311111;11213311111;10240;10228
201;12226881000;10754977777;11254977777;10240;10228
202;12226901000;10754977777;11254977777;10240;10228
217;12227903000;10796655555;11296655555;10240;10228
220;12227923000;10797011111;11297011111;10240;10228
241;12454615000;10879988888;11379988888;10240;10228
243;12454662000;10880266666;11380266666;10240;10228
244;12454674000;10880266666;11380266666;10240;10228
245;12454683000;10921644444;11421644444;10240;10228
248;12454692000;10921644444;11421644444;10240;10228
249;12454710000;10921644444;11421644444;10240;10228
250;12454732000;10921644444;11421644444;10240;10228
253;12454740000;10921988888;11421988888;10240;10228
254;12454753000;10921988888;11421988888;10240;10228
257;12454757000;10963311111;11463311111;10240;10228
239;12454853000;10879977777;11379977777;10240;10228
259;12454879000;10963311111;11463311111;10240;10228
260;12454885000;10963311111;11463311111;10240;10228
262;12454901000;10963311111;11463311111;10240;10228
265;12454905000;10963600000;11463600000;10240;10228
268;12454920000;11004977777;11504977777;10240;10228
270;12454925000;11004977777;11504977777;10240;10228
272;12454934000;11004977777;11504977777;10240;10228
276;12454949000;11005277777;11505277777;10240;10228
277;12454977000;11005277777;11505277777;10240;10228
278;12454985000;11046655555;11546655555;10240;10228
281;12454989000;11046655555;11546655555;10240;10228
240;12455004000;10879977777;11379977777;10240;10228
283;12455012000;11046655555;11546655555;10240;10228
285;12455027000;11046666666;11546666666;10240;10228
287;12455102000;11047011111;11547011111;10240;10228
289;12455115000;11088311111;11588311111;10240;10228
290;12455120000;11088311111;11588311111;10240;10228
292;12455125000;11088311111;11588311111;10240;10228
297;12455132000;11088588888;11588588888;10240;10228
301;12455137000;11129977777;11629977777;10240;10228
302;12455142000;11129977777;11629977777;10240;10228
306;12455151000;11129977777;11629977777;10240;10228
246;12455257000;10921644444;11421644444;10240;10228
247;12455268000;10921644444;11421644444;10240;10228
252;12455274000;10921655555;11421655555;10240;10228
307;12455279000;11129988888;11629988888;10240;10228
311;12455284000;11171644444;11671644444;10240;10228
312;12455299000;11171644444;11671644444;10240;10228
255;12455420000;10921988888;11421988888;10240;10228
256;12455631000;10963311111;11463311111;10240;10228
261;12455644000;10963311111;11463311111;10240;10228
264;12455829000;10963600000;11463600000;10240;10228
267;12455851000;11004977777;11504977777;10240;10228
274;12456034000;11004988888;11504988888;10240;10228
275;12456056000;11005277777;11505277777;10240;10228
279;12456240000;11046655555;11546655555;10240;10228
280;12456419000;11046655555;11546655555;10240;10228
284;12456427000;11046655555;11546655555;10240;10228
286;12456646000;11047011111;11547011111;10240;10228
288;12456658000;11047011111;11547011111;10240;10228
291;12456862000;11088311111;11588311111;10240;10228
299;12457052000;11088588888;11588588888;10240;10228
300;12457059000;11129977777;11629977777;10240;10228
314;12457124000;11171644444;11671644444;10240;10228
315;12457263000;11171644444;11671644444;10240;10228
303;12457269000;11129977777;11629977777;10240;10228
305;12457274000;11129977777;11629977777;10240;10228
308;12457445000;11130255555;11630255555;10240;10228
309;12457692000;11130255555;11630255555;10240;10228
310;12457712000;11130255555;11630255555;10240;10228
316;12457895000;11171644444;11671644444;10240;10228
317;12457915000;11171644444;11671644444;10240;10228
318;12465023000;11171655555;11671655555;10240;10228
320;12694984000;11171977777;11671977777;10240;10228
321;12694996000;11171977777;11671977777;10240;10228
324;12695001000;11213311111;11713311111;10240;10228
325;12695005000;11213311111;11713311111;10240;10228
328;12695009000;11213311111;11713311111;10240;10228
329;12695013000;11213322222;11713322222;10240;10228
332;12695023000;11213611111;11713611111;10240;10228
336;12695029000;11254977777;11754977777;10240;10228
337;12695034000;11254977777;11754977777;10240;10228
340;12695041000;11254988888;11754988888;10240;10228
341;12695050000;11255277777;11755277777;10240;10228
344;12695068000;11296644444;11796644444;10240;10228
349;12695074000;11296644444;11796644444;10240;10228
352;12695079000;11296966666;11796966666;10240;10228
353;12695084000;11296966666;11796966666;10240;10228
356;12695088000;11338311111;11838311111;10240;10228
327;12695197000;11213311111;11713311111;10240;10228
357;12695219000;11338311111;11838311111;10240;10228
360;12695225000;11338311111;11838311111;10240;10228
365;12695241000;11338600000;11838600000;10240;10228
368;12695246000;11379977777;11879977777;10240;10228
369;12695264000;11379977777;11879977777;10240;10228
372;12695271000;11379977777;11879977777;10240;10228
373;12695284000;11379988888;11879988888;10240;10228
376;12695289000;11380233333;11880233333;10240;10228
377;12695294000;11421644444;11921644444;10240;10228
381;12695299000;11421644444;11921644444;10240;10228
385;12695304000;11421966666;11921966666;10240;10228
330;12695322000;11213611111;11713611111;10240;10228
388;12695545000;11463311111;11963311111;10240;10228
389;12695566000;11463311111;11963311111;10240;10228
392;12695571000;11463311111;11963311111;10240;10228
393;12695579000;11463311111;11963311111;10240;10228
396;12695588000;11463611111;11963611111;10240;10228
401;12695594000;11504977777;12004977777;10240;10228
404;12695606000;11504977777;12004977777;10240;10228
405;12695611000;11504977777;12004977777;10240;10228
408;12695616000;11505255555;12005255555;10240;10228
409;12695622000;11505255555;12005255555;10240;10228
412;12695626000;11546644444;12046644444;10240;10228
417;12695631000;11546655555;12046655555;10240;10228
420;12695636000;11546966666;12046966666;10240;10228
421;12695641000;11588300000;12088300000;10240;10228
424;12695645000;11588300000;12088300000;10240;10228
425;12695650000;11588300000;12088300000;10240;10228
428;12695654000;11588311111;12088311111;10240;10228
429;12695660000;11588611111;12088611111;10240;10228
432;12695665000;11629966666;12129966666;10240;10228
437;12695669000;11629966666;12129966666;10240;10228
441;12695675000;11630277777;12130277777;10240;10228
444;12695684000;11671633333;12171633333;10240;10228
445;12695690000;11671633333;12171633333;10240;10228
331;12695695000;11213611111;11713611111;10240;10228
334;12695727000;11254977777;11754977777;10240;10228
448;12695733000;11671633333;12171633333;10240;10228
449;12695738000;11671633333;12171633333;10240;10228
452;12695753000;11671944444;12171944444;10240;10228
453;12695758000;11671944444;12171944444;10240;10228
456;12695763000;11713311111;12213311111;10240;10228
457;12695767000;11713311111;12213311111;10240;10228
460;12695773000;11713311111;12213311111;10240;10228
335;12695781000;11254977777;11754977777;10240;10228
338;12695787000;11254977777;11754977777;10240;10228
461;12695856000;11713322222;12213322222;10240;10228
464;12695871000;11713588888;12213588888;10240;10228
465;12695877000;11754977777;12254977777;10240;10228
468;12695887000;11754977777;12254977777;10240;10228
469;12695894000;11754977777;12254977777;10240;10228
472;12695899000;11754988888;12254988888;10240;10228
473;12695908000;11755255555;12255255555;10240;10228
339;12695958000;11254977777;11754977777;10240;10228
342;12695974000;11255277777;11755277777;10240;10228
343;12696143000;11255277777;11755277777;10240;10228
346;12696349000;11296644444;11796644444;10240;10228
347;12696355000;11296644444;11796644444;10240;10228
350;12696573000;11296644444;11796644444;10240;10228
351;12696594000;11296655555;11796655555;10240;10228
355;12696796000;11338311111;11838311111;10240;10228
358;12696817000;11338311111;11838311111;10240;10228
359;12697007000;11338311111;11838311111;10240;10228
363;12697029000;11338600000;11838600000;10240;10228
366;12697210000;11379977777;11879977777;10240;10228
367;12697380000;11379977777;11879977777;10240;10228
370;12697392000;11379977777;11879977777;10240;10228
371;12697635000;11379977777;11879977777;10240;10228
374;12697646000;11380233333;11880233333;10240;10228
375;12697837000;11380233333;11880233333;10240;10228
378;12698029000;11421644444;11921644444;10240;10228
379;12698051000;11421644444;11921644444;10240;10228
382;12698228000;11421644444;11921644444;10240;10228
383;12698241000;11421644444;11921644444;10240;10228
386;12698395000;11421966666;11921966666;10240;10228
387;12698642000;11421966666;11921966666;10240;10228
390;12698648000;11463311111;11963311111;10240;10228
394;12698842000;11463311111;11963311111;10240;10228
395;12698849000;11463333333;11963333333;10240;10228
398;12699045000;11463611111;11963611111;10240;10228
399;12699053000;11504977777;12004977777;10240;10228
402;12699215000;11504977777;12004977777;10240;10228
403;12699233000;11504977777;12004977777;10240;10228
407;12699419000;11505255555;12005255555;10240;10228
410;12699663000;11546644444;12046644444;10240;10228
411;12699669000;11546644444;12046644444;10240;10228
415;12699867000;11546644444;12046644444;10240;10228
418;12699873000;11546966666;12046966666;10240;10228
419;12700085000;11546966666;12046966666;10240;10228
422;12700091000;11588300000;12088300000;10240;10228
423;12700243000;11588300000;12088300000;10240;10228
426;12700444000;11588300000;12088300000;10240;10228
427;12700449000;11588300000;12088300000;10240;10228
430;12700680000;11588611111;12088611111;10240;10228
431;12700686000;11588611111;12088611111;10240;10228
434;12700892000;11629966666;12129966666;10240;10228
435;12700897000;11629966666;12129966666;10240;10228
438;12701094000;11629966666;12129966666;10240;10228
439;12701099000;11629977777;12129977777;10240;10228
442;12701263000;11630277777;12130277777;10240;10228
443;12701467000;11671633333;12171633333;10240;10228
446;12701473000;11671633333;12171633333;10240;10228
447;12701717000;11671633333;12171633333;10240;10228
450;12701737000;11671644444;12171644444;10240;10228
451;12701913000;11671944444;12171944444;10240;10228
454;12701919000;11713311111;12213311111;10240;10228
455;12702117000;11713311111;12213311111;10240;10228
458;12702315000;11713311111;12213311111;10240;10228
459;12702322000;11713311111;12213311111;10240;10228
462;12702492000;11713588888;12213588888;10240;10228
463;12702510000;11713588888;12213588888;10240;10228
466;12702732000;11754977777;12254977777;10240;10228
467;12702739000;11754977777;12254977777;10240;10228
470;12702936000;11754977777;12254977777;10240;10228
471;12703141000;11754977777;12254977777;10240;10228
474;12703146000;11755255555;12255255555;10240;10228
319;12726429000;11171977777;11671977777;10240;10228
475;12935372000;11755255555;12255255555;10240;10228
478;12935386000;11796644444;12296644444;10240;10228
479;12935392000;11796644444;12296644444;10240;10228
482;12935398000;11796644444;12296644444;10240;10228
483;12935404000;11796655555;12296655555;10240;10228
486;12935410000;11796955555;12296955555;10240;10228
494;12935415000;11838322222;12338322222;10240;10228
495;12935421000;11838644444;12338644444;10240;10228
498;12935427000;11879966666;12379966666;10240;10228
499;12935434000;11879966666;12379966666;10240;10228
502;12935448000;11879966666;12379966666;10240;10228
503;12935454000;11879966666;12379966666;10240;10228
506;12935459000;11880266666;12380266666;10240;10228
507;12935464000;11880266666;12380266666;10240;10228
510;12935475000;11921655555;12421655555;10240;10228
511;12935501000;11921655555;12421655555;10240;10228
514;12935596000;11921655555;12421655555;10240;10228
515;12935616000;11921655555;12421655555;10240;10228
518;12935622000;11921977777;12421977777;10240;10228
519;12935628000;11921977777;12421977777;10240;10228
476;12935633000;11796644444;12296644444;10240;10228
522;12935648000;11963311111;12463311111;10240;10228
523;12935654000;11963311111;12463311111;10240;10228
526;12935659000;11963311111;12463311111;10240;10228
527;12935665000;11963322222;12463322222;10240;10228
530;12935669000;11963611111;12463611111;10240;10228
531;12935683000;12004977777;12504977777;10240;10228
534;12935703000;12004977777;12504977777;10240;10228
535;12935708000;12004977777;12504977777;10240;10228
538;12935717000;12004988888;12504988888;10240;10228
539;12935722000;12005266666;12505266666;10240;10228
542;12935740000;12046644444;12546644444;10240;10228
543;12935747000;12046644444;12546644444;10240;10228
546;12935753000;12046644444;12546644444;10240;10228
547;12935757000;12046644444;12546644444;10240;10228
550;12935763000;12046988888;12546988888;10240;10228
477;12935768000;11796644444;12296644444;10240;10228
551;12935999000;12046988888;12546988888;10240;10228
554;12936011000;12088300000;12588300000;10240;10228
555;12936021000;12088300000;12588300000;10240;10228
558;12936027000;12088300000;12588300000;10240;10228
559;12936031000;12088300000;12588300000;10240;10228
562;12936036000;12088588888;12588588888;10240;10228
563;12936041000;12088588888;12588588888;10240;10228
566;12936055000;12129966666;12629966666;10240;10228
480;12936063000;11796644444;12296644444;10240;10228
567;12936069000;12129966666;12629966666;10240;10228
570;12936073000;12129966666;12629966666;10240;10228
481;12936078000;11796644444;12296644444;10240;10228
574;12936083000;12130255555;12630255555;10240;10228
575;12936088000;12171633333;12671633333;10240;10228
578;12936092000;12171633333;12671633333;10240;10228
586;12936097000;12213322222;12713322222;10240;10228
587;12936115000;12213322222;12713322222;10240;10228
590;12936122000;12213322222;12713322222;10240;10228
591;12936127000;12213322222;12713322222;10240;10228
594;12936144000;12213633333;12713633333;10240;10228
595;12936204000;12213633333;12713633333;10240;10228
598;12936214000;12254977777;12754977777;10240;10228
599;12936221000;12254977777;12754977777;10240;10228
602;12936225000;12254977777;12754977777;10240;10228
603;12936230000;12254977777;12754977777;10240;10228
606;12936235000;12255288888;12755288888;10240;10228
607;12936240000;12255288888;12755288888;10240;10228
484;12936244000;11796955555;12296955555;10240;10228
485;12936249000;11796955555;12296955555;10240;10228
611;12936255000;12296644444;12796644444;10240;10228
614;12936259000;12296644444;12796644444;10240;10228
615;12936267000;12296655555;12796655555;10240;10228
618;12936272000;12296966666;12796966666;10240;10228
623;12936278000;12338300000;12838300000;10240;10228
626;12936282000;12338311111;12838311111;10240;10228
627;12936288000;12338600000;12838600000;10240;10228
630;12936292000;12379966666;12879966666;10240;10228
631;12936316000;12379966666;12879966666;10240;10228
634;12936321000;12379966666;12879966666;10240;10228
635;12936328000;12379966666;12879966666;10240;10228
638;12936333000;12380244444;12880244444;10240;10228
641;12936352000;12421811111;12921811111;10240;10228
642;12936359000;12421811111;12921811111;10240;10228
645;12936364000;12421811111;12921811111;10240;10228
650;12936375000;12422266666;12922266666;10240;10228
653;12936381000;12463277777;12963277777;10240;10228
654;12936390000;12463277777;12963277777;10240;10228
488;12936409000;11838311111;12338311111;10240;10228
489;12936416000;11838311111;12338311111;10240;10228
658;12936423000;12463277777;12963277777;10240;10228
661;12936429000;12463555555;12963555555;10240;10228
665;12936438000;12504944444;13004944444;10240;10228
669;12936443000;12504944444;13004944444;10240;10228
670;12936451000;12504955555;13004955555;10240;10228
673;12936459000;12505222222;13005222222;10240;10228
674;12936465000;12546633333;13046633333;10240;10228
677;12936473000;12546633333;13046633333;10240;10228
678;12936497000;12546633333;13046633333;10240;10228
681;12936503000;12546644444;13046644444;10240;10228
682;12936526000;12547011111;13047011111;10240;10228
685;12936541000;12588311111;13088311111;10240;10228
686;12936549000;12588311111;13088311111;10240;10228
689;12936566000;12588311111;13088311111;10240;10228
690;12936573000;12588311111;13088311111;10240;10228
694;12936581000;12588611111;13088611111;10240;10228
697;12936589000;12629977777;13129977777;10240;10228
698;12936597000;12629977777;13129977777;10240;10228
701;12936604000;12629977777;13129977777;10240;10228
702;12936612000;12629977777;13129977777;10240;10228
492;12936617000;11838311111;12338311111;10240;10228
496;12936753000;11838644444;12338644444;10240;10228
497;12936769000;11838644444;12338644444;10240;10228
500;12936948000;11879966666;12379966666;10240;10228
501;12936957000;11879966666;12379966666;10240;10228
504;12937152000;11879966666;12379966666;10240;10228
505;12937158000;11879988888;12379988888;10240;10228
512;12937369000;11921655555;12421655555;10240;10228
513;12937601000;11921655555;12421655555;10240;10228
516;12937608000;11921666666;12421666666;10240;10228
517;12937618000;11921977777;12421977777;10240;10228
520;12937797000;11963311111;12463311111;10240;10228
521;12938008000;11963311111;12463311111;10240;10228
524;12938014000;11963311111;12463311111;10240;10228
525;12938210000;11963311111;12463311111;10240;10228
536;12938217000;12004977777;12504977777;10240;10228
537;12938378000;12004977777;12504977777;10240;10228
540;12938621000;12005266666;12505266666;10240;10228
541;12938641000;12005266666;12505266666;10240;10228
544;12938789000;12046644444;12546644444;10240;10228
545;12938796000;12046644444;12546644444;10240;10228
548;12938977000;12046644444;12546644444;10240;10228
552;12939197000;12046988888;12546988888;10240;10228
553;12939208000;12088300000;12588300000;10240;10228
557;12939437000;12088300000;12588300000;10240;10228
560;12939444000;12088311111;12588311111;10240;10228
561;12939642000;12088588888;12588588888;10240;10228
564;12939650000;12129966666;12629966666;10240;10228
568;12939843000;12129966666;12629966666;10240;10228
569;12939850000;12129966666;12629966666;10240;10228
573;12940016000;12130255555;12630255555;10240;10228
576;12940266000;12171633333;12671633333;10240;10228
577;12940277000;12171633333;12671633333;10240;10228
580;12940426000;12171633333;12671633333;10240;10228
581;12940445000;12171633333;12671633333;10240;10228
584;12940666000;12171955555;12671955555;10240;10228
585;12940674000;12171955555;12671955555;10240;10228
588;12940870000;12213322222;12713322222;10240;10228
589;12941077000;12213322222;12713322222;10240;10228
592;12941083000;12213322222;12713322222;10240;10228
593;12941248000;12213333333;12713333333;10240;10228
596;12941255000;12213633333;12713633333;10240;10228
597;12941451000;12254977777;12754977777;10240;10228
600;12941458000;12254977777;12754977777;10240;10228
601;12941684000;12254977777;12754977777;10240;10228
604;12941690000;12254988888;12754988888;10240;10228
605;12941895000;12255288888;12755288888;10240;10228
608;12941901000;12296644444;12796644444;10240;10228
609;12942098000;12296644444;12796644444;10240;10228
612;12942300000;12296644444;12796644444;10240;10228
613;12942305000;12296644444;12796644444;10240;10228
616;12942474000;12296966666;12796966666;10240;10228
617;12942715000;12296966666;12796966666;10240;10228
620;12942722000;12338300000;12838300000;10240;10228
624;12942918000;12338300000;12838300000;10240;10228
625;12942925000;12338300000;12838300000;10240;10228
628;12943116000;12338600000;12838600000;10240;10228
629;12943126000;12338600000;12838600000;10240;10228
632;12943320000;12379966666;12879966666;10240;10228
637;12943327000;12379977777;12879977777;10240;10228
639;12943499000;12380244444;12880244444;10240;10228
640;12943738000;12380244444;12880244444;10240;10228
643;12943745000;12421811111;12921811111;10240;10228
644;12943942000;12421811111;12921811111;10240;10228
647;12943949000;12421811111;12921811111;10240;10228
648;12944147000;12421922222;12921922222;10240;10228
655;12944154000;12463277777;12963277777;10240;10228
656;12944345000;12463277777;12963277777;10240;10228
659;12944352000;12463288888;12963288888;10240;10228
660;12944544000;12463555555;12963555555;10240;10228
663;12944561000;12504944444;13004944444;10240;10228
667;12944760000;12504944444;13004944444;10240;10228
668;12944966000;12504944444;13004944444;10240;10228
671;12944972000;12505222222;13005222222;10240;10228
672;12945165000;12505222222;13005222222;10240;10228
675;12945172000;12546633333;13046633333;10240;10228
676;12945385000;12546633333;13046633333;10240;10228
679;12945398000;12546633333;13046633333;10240;10228
680;12945580000;12546633333;13046633333;10240;10228
683;12945786000;12547011111;13047011111;10240;10228
684;12945794000;12547011111;13047011111;10240;10228
687;12945986000;12588311111;13088311111;10240;10228
688;12945991000;12588311111;13088311111;10240;10228
691;12946195000;12588311111;13088311111;10240;10228
692;12946201000;12588322222;13088322222;10240;10228
695;12946364000;12588611111;13088611111;10240;10228
696;12946604000;12629977777;13129977777;10240;10228
699;12946610000;12629977777;13129977777;10240;10228
700;12946811000;12629977777;13129977777;10240;10228
703;12946816000;12629988888;13129988888;10240;10228
706;13176020000;12630277777;13130277777;10240;10228
709;13176040000;12671644444;13171644444;10240;10228
710;13176045000;12671644444;13171644444;10240;10228
713;13176050000;12671644444;13171644444;10240;10228
714;13176055000;12671655555;13171655555;10240;10228
717;13176059000;12671955555;13171955555;10240;10228
718;13176082000;12713311111;13213311111;10240;10228
721;13176097000;12713311111;13213311111;10240;10228
722;13176101000;12713311111;13213311111;10240;10228
725;13176107000;12713322222;13213322222;10240;10228
729;13176113000;12754977777;13254977777;10240;10228
730;13176118000;12754977777;13254977777;10240;10228
733;13176134000;12754977777;13254977777;10240;10228
737;13176140000;12755266666;13255266666;10240;10228
741;13176144000;12796644444;13296644444;10240;10228
742;13176150000;12796644444;13296644444;10240;10228
745;13176154000;12796644444;13296644444;10240;10228
749;13176160000;12796966666;13296966666;10240;10228
750;13176165000;12796966666;13296966666;10240;10228
754;13176170000;12838311111;13338311111;10240;10228
704;13176176000;12630277777;13130277777;10240;10228
757;13176181000;12838311111;13338311111;10240;10228
758;13176186000;12838322222;13338322222;10240;10228
761;13176191000;12838633333;13338633333;10240;10228
762;13176196000;12879977777;13379977777;10240;10228
765;13176205000;12879977777;13379977777;10240;10228
766;13176212000;12879977777;13379977777;10240;10228
769;13176216000;12879988888;13379988888;10240;10228
707;13176356000;12671644444;13171644444;10240;10228
708;13176367000;12671644444;13171644444;10240;10228
711;13176535000;12671644444;13171644444;10240;10228
712;13176555000;12671644444;13171644444;10240;10228
716;13176761000;12671955555;13171955555;10240;10228
719;13176774000;12713311111;13213311111;10240;10228
720;13176998000;12713311111;13213311111;10240;10228
723;13177014000;12713311111;13213311111;10240;10228
724;13177152000;12713311111;13213311111;10240;10228
727;13177361000;12713588888;13213588888;10240;10228
728;13177370000;12713588888;13213588888;10240;10228
731;13177586000;12754977777;13254977777;10240;10228
732;13177607000;12754977777;13254977777;10240;10228
739;13177763000;12755266666;13255266666;10240;10228
740;13177964000;12796644444;13296644444;10240;10228
743;13177987000;12796644444;13296644444;10240;10228
744;13178168000;12796644444;13296644444;10240;10228
747;13178190000;12796655555;13296655555;10240;10228
748;13178378000;12796966666;13296966666;10240;10228
751;13178391000;12838311111;13338311111;10240;10228
752;13178628000;12838311111;13338311111;10240;10228
756;13178638000;12838311111;13338311111;10240;10228
759;13178877000;12838633333;13338633333;10240;10228
760;13179036000;12838633333;13338633333;10240;10228
763;13179064000;12879977777;13379977777;10240;10228
764;13179236000;12879977777;13379977777;10240;10228
767;13179264000;12879977777;13379977777;10240;10228
693;13186045000;12588611111;13088611111;10240;10228
770;13195632000;12880255555;13380255555;10240;10228
772;13195647000;12880255555;13380255555;10240;10228
774;13195654000;12921677777;13421677777;10240;10228
780;13195671000;12921733333;13421733333;10240;10228
771;13195822000;12880255555;13380255555;10240;10228
773;13196025000;12921677777;13421677777;10240;10228
775;13196229000;12921677777;13421677777;10240;10228
777;13196257000;12921677777;13421677777;10240;10228
715;13416309000;12671955555;13171955555;10240;10228
782;13416424000;12922066666;13422066666;10240;10228
705;13416441000;12630277777;13130277777;10240;10228
784;13416460000;12963311111;13463311111;10240;10228
786;13416466000;12963311111;13463311111;10240;10228
788;13416471000;12963311111;13463311111;10240;10228
789;13416558000;12963311111;13463311111;10240;10228
790;13416570000;12963311111;13463311111;10240;10228
794;13416575000;12963611111;13463611111;10240;10228
795;13416583000;13004977777;13504977777;10240;10228
799;13416664000;13004977777;13504977777;10240;10228
800;13416676000;13004977777;13504977777;10240;10228
804;13416681000;13005266666;13505266666;10240;10228
806;13416687000;13046633333;13546633333;10240;10228
811;13416749000;13046633333;13546633333;10240;10228
812;13416761000;13046633333;13546633333;10240;10228
817;13416782000;13088300000;13588300000;10240;10228
818;13416789000;13088300000;13588300000;10240;10228
820;13416898000;13088300000;13588300000;10240;10228
822;13416909000;13088300000;13588300000;10240;10228
826;13416986000;13088600000;13588600000;10240;10228
726;13417460000;12713588888;13213588888;10240;10228
734;13417901000;12754977777;13254977777;10240;10228
738;13418092000;12755266666;13255266666;10240;10228
781;13418280000;12922066666;13422066666;10240;10228
783;13418467000;12922066666;13422066666;10240;10228
785;13418480000;12963311111;13463311111;10240;10228
793;13418696000;12963611111;13463611111;10240;10228
797;13418708000;13004977777;13504977777;10240;10228
798;13418893000;13004977777;13504977777;10240;10228
801;13418915000;13004977777;13504977777;10240;10228
803;13419108000;13005266666;13505266666;10240;10228
805;13419302000;13005266666;13505266666;10240;10228
808;13419315000;13046633333;13546633333;10240;10228
809;13419518000;13046633333;13546633333;10240;10228
810;13419540000;13046633333;13546633333;10240;10228
813;13419731000;13046655555;13546655555;10240;10228
814;13419753000;13047000000;13547000000;10240;10228
815;13419952000;13047000000;13547000000;10240;10228
746;13420149000;12796644444;13296644444;10240;10228
816;13420342000;13047000000;13547000000;10240;10228
819;13420353000;13088300000;13588300000;10240;10228
753;13420540000;12838311111;13338311111;10240;10228
823;13420562000;13088300000;13588300000;10240;10228
824;13420749000;13088311111;13588311111;10240;10228
825;13420770000;13088600000;13588600000;10240;10228
827;13420961000;13088600000;13588600000;10240;10228
828;13420981000;13129966666;13629966666;10240;10228
829;13421173000;13129966666;13629966666;10240;10228
830;13421363000;13129966666;13629966666;10240;10228
832;13421587000;13129966666;13629966666;10240;10228
833;13421607000;13129966666;13629966666;10240;10228
834;13421790000;13129966666;13629966666;10240;10228
835;13421802000;13129977777;13629977777;10240;10228
755;13421990000;12838311111;13338311111;10240;10228
768;13436654000;12879977777;13379977777;10240;10228
839;13445678000;13171666666;13671666666;10240;10228
841;13445691000;13171666666;13671666666;10240;10228
845;13445696000;13171666666;13671666666;10240;10228
836;13445803000;13130266666;13630266666;10240;10228
838;13446012000;13130266666;13630266666;10240;10228
840;13446034000;13171666666;13671666666;10240;10228
842;13446217000;13171666666;13671666666;10240;10228
844;13446415000;13171666666;13671666666;10240;10228
846;13446425000;13171722222;13671722222;10240;10228
847;13487305000;13172055555;13672055555;10240;10228
849;13487314000;13172055555;13672055555;10240;10228
848;13487466000;13172055555;13672055555;10240;10228
850;13487682000;13213333333;13713333333;10240;10228
779;13656661000;12921677777;13421677777;10240;10228
787;13656692000;12963311111;13463311111;10240;10228
791;13656701000;12963322222;13463322222;10240;10228
796;13656711000;13004977777;13504977777;10240;10228
776;13656815000;12921677777;13421677777;10240;10228
853;13657011000;13213333333;13713333333;10240;10228
856;13657037000;13213333333;13713333333;10240;10228
858;13657043000;13213644444;13713644444;10240;10228
861;13657048000;13254977777;13754977777;10240;10228
863;13657053000;13254977777;13754977777;10240;10228
865;13657058000;13254977777;13754977777;10240;10228
868;13657064000;13254988888;13754988888;10240;10228
872;13657069000;13296633333;13796633333;10240;10228
873;13657169000;13296633333;13796633333;10240;10228
875;13657190000;13296633333;13796633333;10240;10228
876;13657196000;13296633333;13796633333;10240;10228
778;13657200000;12921677777;13421677777;10240;10228
792;13657870000;12963611111;13463611111;10240;10228
877;13657888000;13296633333;13796633333;10240;10228
802;13658415000;13004988888;13504988888;10240;10228
852;13658656000;13213333333;13713333333;10240;10228
854;13658676000;13213333333;13713333333;10240;10228
855;13658873000;13213333333;13713333333;10240;10228
857;13658882000;13213355555;13713355555;10240;10228
880;13658979000;13296977777;13796977777;10240;10228
859;13659088000;13213644444;13713644444;10240;10228
883;13659105000;13338300000;13838300000;10240;10228
860;13659267000;13213644444;13713644444;10240;10228
864;13659291000;13254977777;13754977777;10240;10228
884;13659314000;13338300000;13838300000;10240;10228
867;13659439000;13254977777;13754977777;10240;10228
886;13659452000;13338300000;13838300000;10240;10228
869;13659692000;13255277777;13755277777;10240;10228
870;13659715000;13255277777;13755277777;10240;10228
887;13659721000;13338300000;13838300000;10240;10228
871;13659895000;13255277777;13755277777;10240;10228
892;13660191000;13338600000;13838600000;10240;10228
874;13660301000;13296633333;13796633333;10240;10228
878;13660312000;13296633333;13796633333;10240;10228
893;13660317000;13338600000;13838600000;10240;10228
885;13660462000;13338300000;13838300000;10240;10228
894;13660474000;13379977777;13879977777;10240;10228
888;13660712000;13338300000;13838300000;10240;10228
807;13660733000;13046633333;13546633333;10240;10228
895;13660740000;13379977777;13879977777;10240;10228
890;13660915000;13338311111;13838311111;10240;10228
897;13661049000;13379977777;13879977777;10240;10228
896;13661075000;13379977777;13879977777;10240;10228
899;13661204000;13379977777;13879977777;10240;10228
898;13661318000;13379977777;13879977777;10240;10228
901;13661334000;13379988888;13879988888;10240;10228
900;13661492000;13379977777;13879977777;10240;10228
831;13662035000;13129966666;13629966666;10240;10228
821;13686219000;13088300000;13588300000;10240;10228
837;13686424000;13130266666;13630266666;10240;10228
906;13695643000;13421677777;13921677777;10240;10228
908;13695654000;13421677777;13921677777;10240;10228
910;13695659000;13421677777;13921677777;10240;10228
903;13695837000;13380244444;13880244444;10240;10228
905;13696048000;13421677777;13921677777;10240;10228
909;13696068000;13421677777;13921677777;10240;10228
843;13727637000;13171666666;13671666666;10240;10228
914;13737377000;13422111111;13922111111;10240;10228
916;13737390000;13463333333;13963333333;10240;10228
918;13737396000;13463333333;13963333333;10240;10228
920;13737401000;13463333333;13963333333;10240;10228
922;13737405000;13463333333;13963333333;10240;10228
913;13737495000;13422111111;13922111111;10240;10228
915;13737673000;13422111111;13922111111;10240;10228
917;13737911000;13463333333;13963333333;10240;10228
919;13737932000;13463333333;13963333333;10240;10228
921;13738119000;13463333333;13963333333;10240;10228
862;13897041000;13254977777;13754977777;10240;10228
851;13897154000;13213333333;13713333333;10240;10228
923;13897317000;13463388888;13963388888;10240;10228
924;13897329000;13463677777;13963677777;10240;10228
925;13897335000;13463677777;13963677777;10240;10228
932;13897356000;13504988888;14004988888;10240;10228
866;13897423000;13254977777;13754977777;10240;10228
940;13897618000;13546633333;14046633333;10240;10228
926;13898193000;13463677777;13963677777;10240;10228
928;13898218000;13504988888;14004988888;10240;10228
929;13898371000;13504988888;14004988888;10240;10228
930;13898588000;13504988888;14004988888;10240;10228
931;13898609000;13504988888;14004988888;10240;10228
933;13898780000;13504988888;14004988888;10240;10228
934;13898786000;13505000000;14005000000;10240;10228
935;13898987000;13505322222;14005322222;10240;10228
936;13899007000;13505322222;14005322222;10240;10228
938;13899402000;13546633333;14046633333;10240;10228
947;13899511000;13546966666;14046966666;10240;10228
939;13899623000;13546633333;14046633333;10240;10228
941;13899629000;13546633333;14046633333;10240;10228
881;13899659000;13296977777;13796977777;10240;10228
882;13899674000;13296977777;13796977777;10240;10228
942;13899768000;13546633333;14046633333;10240;10228
945;13899777000;13546644444;14046644444;10240;10228
952;13899911000;13588311111;14088311111;10240;10228
946;13899973000;13546966666;14046966666;10240;10228
948;13899981000;13546966666;14046966666;10240;10228
949;13900176000;13588311111;14088311111;10240;10228
950;13900366000;13588311111;14088311111;10240;10228
951;13900377000;13588311111;14088311111;10240;10228
953;13900632000;13588311111;14088311111;10240;10228
954;13900653000;13588311111;14088311111;10240;10228
957;13903956000;13588622222;14088622222;10240;10228
959;13903969000;13588622222;14088622222;10240;10228
963;13903974000;13630044444;14130044444;10240;10228
965;13903978000;13630044444;14130044444;10240;10228
967;13904110000;13630111111;14130111111;10240;10228
958;13904178000;13588622222;14088622222;10240;10228
960;13904369000;13630044444;14130044444;10240;10228
962;13904580000;13630044444;14130044444;10240;10228
964;13904587000;13630044444;14130044444;10240;10228
966;13904758000;13630044444;14130044444;10240;10228
902;13936079000;13380244444;13880244444;10240;10228
904;13936288000;13380244444;13880244444;10240;10228
969;13945596000;13630422222;14130422222;10240;10228
973;13945606000;13671666666;14171666666;10240;10228
975;13945612000;13671666666;14171666666;10240;10228
977;13945714000;13671666666;14171666666;10240;10228
968;13945826000;13630422222;14130422222;10240;10228
970;13946006000;13630422222;14130422222;10240;10228
972;13946018000;13671666666;14171666666;10240;10228
974;13946214000;13671666666;14171666666;10240;10228
976;13946407000;13671666666;14171666666;10240;10228
978;13968007000;13671722222;14171722222;10240;10228
912;13977771000;13421733333;13921733333;10240;10228
907;13978381000;13421677777;13921677777;10240;10228
980;13987287000;13672066666;14172066666;10240;10228
982;13987300000;13713333333;14213333333;10240;10228
984;13987305000;13713333333;14213333333;10240;10228
986;13987310000;13713333333;14213333333;10240;10228
988;13987314000;13713333333;14213333333;10240;10228
979;13987459000;13672066666;14172066666;10240;10228
981;13987703000;13672066666;14172066666;10240;10228
987;13987714000;13713333333;14213333333;10240;10228
989;13987907000;13713388888;14213388888;10240;10228
911;14137266000;13421677777;13921677777;10240;10228
990;14137285000;13713677777;14213677777;10240;10228
991;14137293000;13713677777;14213677777;10240;10228
992;14137526000;13713677777;14213677777;10240;10228
993;14137565000;13754966666;14254966666;10240;10228
994;14137571000;13754966666;14254966666;10240;10228
996;14137575000;13754966666;14254966666;10240;10228
1000;14138730000;13754977777;14254977777;10240;10228
1001;14138820000;13755266666;14255266666;10240;10228
1002;14138847000;13755266666;14255266666;10240;10228
1003;14139078000;13755266666;14255266666;10240;10228
1004;14139242000;13796633333;14296633333;10240;10228
1006;14139440000;13796633333;14296633333;10240;10228
1005;14139450000;13796633333;14296633333;10240;10228
1007;14139662000;13796633333;14296633333;10240;10228
1008;14139829000;13796633333;14296633333;10240;10228
1009;14139841000;13796633333;14296633333;10240;10228
1010;14139847000;13796633333;14296633333;10240;10228
1011;14139852000;13796644444;14296644444;10240;10228
1012;14139856000;13796977777;14296977777;10240;10228
1013;14140048000;13796977777;14296977777;10240;10228
1014;14140076000;13796977777;14296977777;10240;10228
1015;14140211000;13838300000;14338300000;10240;10228
937;14140386000;13505322222;14005322222;10240;10228
1016;14140399000;13838300000;14338300000;10240;10228
944;14140637000;13546633333;14046633333;10240;10228
1018;14140648000;13838300000;14338300000;10240;10228
943;14140830000;13546633333;14046633333;10240;10228
1019;14141031000;13838300000;14338300000;10240;10228
1020;14141060000;13838300000;14338300000;10240;10228
1021;14141243000;13838300000;14338300000;10240;10228
1022;14141443000;13838311111;14338311111;10240;10228
961;14144271000;13630044444;14130044444;10240;10228
956;14144975000;13588322222;14088322222;10240;10228
1023;14153922000;13838611111;14338611111;10240;10228
1025;14153944000;13838611111;14338611111;10240;10228
1027;14153951000;13880000000;14380000000;10240;10228
1029;14153955000;13880000000;14380000000;10240;10228
1031;14154051000;13880000000;14380000000;10240;10228
1024;14154150000;13838611111;14338611111;10240;10228
1026;14154349000;13880000000;14380000000;10240;10228
1028;14154584000;13880000000;14380000000;10240;10228
1030;14154595000;13880000000;14380000000;10240;10228
1033;14176329000;13880055555;14380055555;10240;10228
971;14185941000;13671666666;14171666666;10240;10228
1035;14195639000;13880333333;14380333333;10240;10228
1037;14195651000;13921666666;14421666666;10240;10228
1039;14195659000;13921666666;14421666666;10240;10228
1041;14195664000;13921666666;14421666666;10240;10228
1043;14195691000;13921666666;14421666666;10240;10228
1034;14195798000;13880333333;14380333333;10240;10228
1038;14196012000;13921666666;14421666666;10240;10228
1040;14196032000;13921666666;14421666666;10240;10228
1042;14196219000;13921666666;14421666666;10240;10228
1044;14208237000;13921722222;14421722222;10240;10228
1045;14237282000;13922066666;14422066666;10240;10228
1047;14237291000;13922066666;14422066666;10240;10228
1049;14237298000;13963344444;14463344444;10240;10228
1051;14237302000;13963344444;14463344444;10240;10228
1053;14237362000;13963344444;14463344444;10240;10228
1055;14237373000;13963400000;14463400000;10240;10228
1046;14237473000;13922066666;14422066666;10240;10228
1048;14237692000;13963344444;14463344444;10240;10228
1050;14237702000;13963344444;14463344444;10240;10228
1052;14237895000;13963344444;14463344444;10240;10228
1054;14238100000;13963344444;14463344444;10240;10228
983;14377568000;13713333333;14213333333;10240;10228
985;14377579000;13713333333;14213333333;10240;10228
1058;14377587000;13963677777;14463677777;10240;10228
1060;14377744000;14004977777;14504977777;10240;10228
1056;14378168000;13963677777;14463677777;10240;10228
1057;14378362000;13963677777;14463677777;10240;10228
1061;14378388000;14004977777;14504977777;10240;10228
1062;14378554000;14004977777;14504977777;10240;10228
1063;14378780000;14004977777;14504977777;10240;10228
995;14379090000;13754966666;14254966666;10240;10228
1064;14379198000;14004977777;14504977777;10240;10228
997;14379315000;13754966666;14254966666;10240;10228
998;14379326000;13754966666;14254966666;10240;10228
1066;14379332000;14005000000;14505000000;10240;10228
1065;14379353000;14004977777;14504977777;10240;10228
999;14379579000;13754966666;14254966666;10240;10228
1068;14379722000;14005277777;14505277777;10240;10228
1067;14379761000;14005277777;14505277777;10240;10228
1069;14379993000;14005277777;14505277777;10240;10228
1071;14380187000;14046633333;14546633333;10240;10228
1076;14380233000;14046633333;14546633333;10240;10228
1077;14380243000;14046644444;14546644444;10240;10228
1078;14380373000;14046955555;14546955555;10240;10228
1072;14380384000;14046633333;14546633333;10240;10228
1073;14380390000;14046633333;14546633333;10240;10228
1080;14380619000;14046955555;14546955555;10240;10228
1074;14380647000;14046633333;14546633333;10240;10228
1081;14380662000;14088300000;14588300000;10240;10228
1075;14380679000;14046633333;14546633333;10240;10228
1082;14380805000;14088300000;14588300000;10240;10228
1079;14380827000;14046955555;14546955555;10240;10228
1083;14381283000;14088300000;14588300000;10240;10228
1017;14381380000;13838300000;14338300000;10240;10228
1087;14381433000;14088300000;14588300000;10240;10228
1086;14381637000;14088300000;14588300000;10240;10228
1088;14381830000;14088311111;14588311111;10240;10228
1089;14403936000;14088588888;14588588888;10240;10228
1091;14403949000;14088588888;14588588888;10240;10228
1093;14403954000;14130000000;14630000000;10240;10228
1095;14403960000;14130000000;14630000000;10240;10228
1097;14403964000;14130000000;14630000000;10240;10228
1090;14404140000;14088588888;14588588888;10240;10228
1092;14404334000;14130000000;14630000000;10240;10228
1094;14404539000;14130000000;14630000000;10240;10228
1096;14404559000;14130000000;14630000000;10240;10228
1098;14404757000;14130000000;14630000000;10240;10228
1099;14416597000;14130055555;14630055555;10240;10228
1032;14436507000;13880000000;14380000000;10240;10228
1036;14436532000;13880333333;14380333333;10240;10228
1101;14445643000;14130322222;14630322222;10240;10228
1103;14445656000;14171666666;14671666666;10240;10228
1105;14445661000;14171666666;14671666666;10240;10228
1107;14445666000;14171666666;14671666666;10240;10228
1109;14445670000;14171666666;14671666666;10240;10228
1100;14445805000;14130322222;14630322222;10240;10228
1102;14446010000;14130322222;14630322222;10240;10228
1104;14446031000;14171666666;14671666666;10240;10228
1108;14446207000;14171666666;14671666666;10240;10228
1110;14446227000;14171733333;14671733333;10240;10228
1111;14487280000;14172066666;14672066666;10240;10228
1113;14487299000;14172066666;14672066666;10240;10228
1115;14487305000;14213344444;14713344444;10240;10228
1117;14487310000;14213344444;14713344444;10240;10228
1119;14487315000;14213344444;14713344444;10240;10228
1121;14487319000;14213411111;14713411111;10240;10228
1112;14487450000;14172066666;14672066666;10240;10228
1114;14487694000;14213344444;14713344444;10240;10228
1116;14487706000;14213344444;14713344444;10240;10228
1118;14487899000;14213344444;14713344444;10240;10228
1123;14617917000;14213744444;14713744444;10240;10228
1125;14618021000;14254988888;14754988888;10240;10228
1124;14618262000;14213744444;14713744444;10240;10228
1126;14618612000;14254988888;14754988888;10240;10228
1127;14618621000;14254988888;14754988888;10240;10228
1059;14619012000;14004977777;14504977777;10240;10228
1129;14619032000;14254988888;14754988888;10240;10228
1130;14619327000;14254988888;14754988888;10240;10228
1131;14619337000;14254988888;14754988888;10240;10228
1132;14619454000;14255000000;14755000000;10240;10228
1133;14619597000;14255300000;14755300000;10240;10228
1134;14619819000;14255300000;14755300000;10240;10228
1135;14619999000;14255300000;14755300000;10240;10228
1136;14620205000;14296633333;14796633333;10240;10228
1137;14620217000;14296633333;14796633333;10240;10228
1138;14620402000;14296633333;14796633333;10240;10228
1139;14620618000;14296633333;14796633333;10240;10228
1140;14620627000;14296633333;14796633333;10240;10228
1141;14620850000;14296633333;14796633333;10240;10228
1142;14620869000;14296633333;14796633333;10240;10228
1146;14620874000;14296955555;14796955555;10240;10228
1144;14621031000;14296955555;14796955555;10240;10228
1149;14621053000;14338300000;14838300000;10240;10228
1150;14621058000;14338300000;14838300000;10240;10228
1145;14621231000;14296955555;14796955555;10240;10228
1147;14621241000;14338300000;14838300000;10240;10228
1148;14621396000;14338300000;14838300000;10240;10228
1151;14621497000;14338300000;14838300000;10240;10228
1154;14621625000;14338311111;14838311111;10240;10228
1152;14621700000;14338300000;14838300000;10240;10228
1084;14644407000;14088300000;14588300000;10240;10228
1085;14644420000;14088300000;14588300000;10240;10228
1156;14653930000;14338600000;14838600000;10240;10228
1158;14653942000;14380011111;14880011111;10240;10228
1160;14653948000;14380011111;14880011111;10240;10228
1162;14653953000;14380011111;14880011111;10240;10228
1164;14654037000;14380011111;14880011111;10240;10228
1155;14654140000;14338600000;14838600000;10240;10228
1157;14654337000;14338600000;14838600000;10240;10228
1159;14654349000;14380011111;14880011111;10240;10228
1161;14654522000;14380011111;14880011111;10240;10228
1163;14654745000;14380011111;14880011111;10240;10228
1165;14654757000;14380066666;14880066666;10240;10228
1166;14695605000;14380322222;14880322222;10240;10228
1168;14695618000;14380322222;14880322222;10240;10228
1170;14695623000;14421666666;14921666666;10240;10228
1172;14695628000;14421666666;14921666666;10240;10228
1174;14695720000;14421666666;14921666666;10240;10228
1176;14695732000;14421733333;14921733333;10240;10228
1167;14695804000;14380322222;14880322222;10240;10228
1169;14696022000;14421666666;14921666666;10240;10228
1171;14696042000;14421666666;14921666666;10240;10228
1173;14696222000;14421666666;14921666666;10240;10228
1106;14727937000;14171666666;14671666666;10240;10228
1178;14737302000;14422055555;14922055555;10240;10228
1180;14737314000;14463344444;14963344444;10240;10228
1182;14737319000;14463344444;14963344444;10240;10228
1184;14737324000;14463344444;14963344444;10240;10228
1186;14737328000;14463344444;14963344444;10240;10228
1177;14737507000;14422055555;14922055555;10240;10228
1181;14737705000;14463344444;14963344444;10240;10228
1183;14737728000;14463344444;14963344444;10240;10228
1185;14737929000;14463344444;14963344444;10240;10228
1188;14778962000;14463688888;14963688888;10240;10228
1189;14779136000;14463688888;14963688888;10240;10228
1120;14858140000;14213344444;14713344444;10240;10228
1190;14858156000;14463688888;14963688888;10240;10228
1191;14858162000;14504988888;15004988888;10240;10228
1192;14858277000;14504988888;15004988888;10240;10228
1193;14858871000;14504988888;15004988888;10240;10228
1194;14858884000;14504988888;15004988888;10240;10228
1195;14859282000;14504988888;15004988888;10240;10228
1196;14859293000;14504988888;15004988888;10240;10228
1197;14859546000;14504988888;15004988888;10240;10228
1199;14859636000;14505288888;15005288888;10240;10228
1128;14859788000;14254988888;14754988888;10240;10228
1198;14860008000;14505011111;15005011111;10240;10228
1201;14860231000;14505288888;15005288888;10240;10228
1122;14860451000;14213744444;14713744444;10240;10228
1202;14860462000;14546633333;15046633333;10240;10228
1203;14860661000;14546633333;15046633333;10240;10228
1204;14860868000;14546633333;15046633333;10240;10228
1205;14860887000;14546633333;15046633333;10240;10228
1206;14861027000;14546633333;15046633333;10240;10228
1207;14861275000;14546633333;15046633333;10240;10228
1208;14861286000;14546633333;15046633333;10240;10228
1209;14861442000;14546644444;15046644444;10240;10228
1143;14861695000;14296644444;14796644444;10240;10228
1210;14862285000;14546955555;15046955555;10240;10228
1212;14862297000;14546955555;15046955555;10240;10228
1216;14862302000;14588333333;15088333333;10240;10228
1218;14862307000;14588333333;15088333333;10240;10228
1211;14862503000;14546955555;15046955555;10240;10228
1213;14862706000;14588333333;15088333333;10240;10228
1215;14862728000;14588333333;15088333333;10240;10228
1217;14862890000;14588333333;15088333333;10240;10228
1219;14863096000;14588333333;15088333333;10240;10228
1220;14884715000;14588400000;15088400000;10240;10228
1153;14894410000;14338300000;14838300000;10240;10228
1226;14903991000;14630011111;15130011111;10240;10228
1228;14904004000;14630011111;15130011111;10240;10228
1230;14904008000;14630011111;15130011111;10240;10228
1221;14904143000;14588711111;15088711111;10240;10228
1223;14904346000;14588711111;15088711111;10240;10228
1225;14904357000;14630011111;15130011111;10240;10228
1227;14904552000;14630011111;15130011111;10240;10228
1229;14904764000;14630011111;15130011111;10240;10228
1231;14904774000;14630088888;15130088888;10240;10228
1232;14945622000;14630388888;15130388888;10240;10228
1234;14945634000;14630388888;15130388888;10240;10228
1236;14945640000;14671677777;15171677777;10240;10228
1238;14945646000;14671677777;15171677777;10240;10228
1240;14945651000;14671677777;15171677777;10240;10228
1233;14945835000;14630388888;15130388888;10240;10228
1235;14946042000;14671677777;15171677777;10240;10228
1237;14946064000;14671677777;15171677777;10240;10228
1239;14946247000;14671677777;15171677777;10240;10228
1241;14946442000;14671677777;15171677777;10240;10228
1242;14968229000;14671744444;15171744444;10240;10228
1175;14978407000;14421666666;14921666666;10240;10228
1246;14987323000;14713333333;15213333333;10240;10228
1248;14987333000;14713333333;15213333333;10240;10228
1250;14987340000;14713333333;15213333333;10240;10228
1252;14987344000;14713333333;15213333333;10240;10228
1243;14987453000;14672055555;15172055555;10240;10228
1245;14987696000;14672055555;15172055555;10240;10228
1247;14987718000;14713333333;15213333333;10240;10228
1249;14987901000;14713333333;15213333333;10240;10228
1179;15019414000;14422055555;14922055555;10240;10228
1254;15028999000;14713677777;15213677777;10240;10228
1258;15098507000;14755022222;15255022222;10240;10228
1257;15098725000;14755022222;15255022222;10240;10228
1261;15099341000;14755022222;15255022222;10240;10228
1259;15099419000;14755022222;15255022222;10240;10228
1260;15099603000;14755022222;15255022222;10240;10228
1262;15099816000;14755022222;15255022222;10240;10228
1263;15099986000;14755022222;15255022222;10240;10228
1265;15100086000;14755311111;15255311111;10240;10228
1266;15100106000;14755311111;15255311111;10240;10228
1264;15100223000;14755033333;15255033333;10240;10228
1267;15100247000;14755311111;15255311111;10240;10228
1187;15100700000;14463400000;14963400000;10240;10228
1268;15100723000;14796633333;15296633333;10240;10228
1269;15100912000;14796633333;15296633333;10240;10228
1273;15101311000;14796633333;15296633333;10240;10228
1200;15101331000;14505288888;15005288888;10240;10228
1271;15101548000;14796633333;15296633333;10240;10228
1272;15101768000;14796633333;15296633333;10240;10228
1274;15101790000;14796633333;15296633333;10240;10228
1275;15101974000;14796644444;15296644444;10240;10228
1276;15112300000;14796966666;15296966666;10240;10228
1278;15112312000;14796966666;15296966666;10240;10228
1280;15112318000;14838333333;15338333333;10240;10228
1282;15112322000;14838333333;15338333333;10240;10228
1277;15112506000;14796966666;15296966666;10240;10228
1279;15112700000;14838333333;15338333333;10240;10228
1281;15112711000;14838333333;15338333333;10240;10228
1283;15112904000;14838333333;15338333333;10240;10228
1286;15124976000;14838400000;15338400000;10240;10228
1214;15125192000;14588333333;15088333333;10240;10228
1285;15125383000;14838333333;15338333333;10240;10228
1224;15144307000;14630011111;15130011111;10240;10228
1222;15144508000;14588711111;15088711111;10240;10228
1287;15153939000;14838688888;15338688888;10240;10228
1289;15153957000;14838688888;15338688888;10240;10228
1291;15153964000;14880011111;15380011111;10240;10228
1293;15153968000;14880011111;15380011111;10240;10228
1295;15153972000;14880011111;15380011111;10240;10228
1297;15153984000;14880077777;15380077777;10240;10228
1288;15154143000;14838688888;15338688888;10240;10228
1290;15154357000;14880011111;15380011111;10240;10228
1299;15195625000;14880355555;15380355555;10240;10228
1301;15195639000;14921677777;15421677777;10240;10228
1303;15195644000;14921677777;15421677777;10240;10228
1298;15195804000;14880355555;15380355555;10240;10228
1300;15196012000;14880355555;15380355555;10240;10228
1302;15196024000;14921677777;15421677777;10240;10228
1304;15196217000;14921677777;15421677777;10240;10228
1305;15218827000;14921677777;15421677777;10240;10228
1308;15218846000;14921722222;15421722222;10240;10228
1306;15219035000;14921677777;15421677777;10240;10228
1307;15219231000;14921677777;15421677777;10240;10228
1311;15237282000;14922055555;15422055555;10240;10228
1313;15237295000;14963344444;15463344444;10240;10228
1315;15237300000;14963344444;15463344444;10240;10228
1317;15237305000;14963344444;15463344444;10240;10228
1310;15237496000;14922055555;15422055555;10240;10228
1312;15237712000;14963344444;15463344444;10240;10228
1314;15237722000;14963344444;15463344444;10240;10228
1316;15237914000;14963344444;15463344444;10240;10228
1244;15269465000;14672055555;15172055555;10240;10228
1321;15339347000;14963688888;15463688888;10240;10228
1322;15339825000;14963688888;15463688888;10240;10228
1253;15339836000;14713400000;15213400000;10240;10228
1255;15339857000;14713677777;15213677777;10240;10228
1323;15340034000;15004966666;15504966666;10240;10228
1251;15340055000;14713333333;15213333333;10240;10228
1256;15340227000;14713677777;15213677777;10240;10228
1324;15340429000;15004966666;15504966666;10240;10228
1325;15340439000;15004966666;15504966666;10240;10228
1330;15340444000;15004977777;15504977777;10240;10228
1326;15340577000;15004966666;15504966666;10240;10228
1328;15340783000;15004966666;15504966666;10240;10228
1329;15340802000;15004966666;15504966666;10240;10228
1331;15341156000;15005266666;15505266666;10240;10228
1332;15341352000;15005266666;15505266666;10240;10228
1333;15341564000;15005266666;15505266666;10240;10228
1335;15341838000;15046633333;15546633333;10240;10228
1336;15342049000;15046633333;15546633333;10240;10228
1337;15342245000;15046633333;15546633333;10240;10228
1338;15342413000;15046633333;15546633333;10240;10228
1339;15342425000;15046633333;15546633333;10240;10228
1340;15352640000;15046633333;15546633333;10240;10228
1270;15352652000;14796633333;15296633333;10240;10228
1341;15352667000;15046644444;15546644444;10240;10228
1343;15362323000;15046966666;15546966666;10240;10228
1345;15362334000;15088333333;15588333333;10240;10228
1347;15362339000;15088333333;15588333333;10240;10228
1342;15362441000;15046966666;15546966666;10240;10228
1344;15362686000;15046966666;15546966666;10240;10228
1346;15362698000;15088333333;15588333333;10240;10228
1349;15365573000;15088333333;15588333333;10240;10228
1348;15365685000;15088333333;15588333333;10240;10228
1350;15365881000;15088333333;15588333333;10240;10228
1351;15384772000;15088333333;15588333333;10240;10228
1352;15384982000;15088377777;15588377777;10240;10228
1284;15394489000;14838333333;15338333333;10240;10228
1353;15404010000;15088655555;15588655555;10240;10228
1355;15404023000;15088655555;15588655555;10240;10228
1357;15404028000;15130011111;15630011111;10240;10228
1359;15404044000;15130011111;15630011111;10240;10228
1354;15404167000;15088655555;15588655555;10240;10228
1356;15404358000;15130011111;15630011111;10240;10228
1358;15404579000;15130011111;15630011111;10240;10228
1360;15404590000;15130011111;15630011111;10240;10228
1361;15436058000;15130011111;15630011111;10240;10228
1363;15436077000;15130066666;15630066666;10240;10228
1362;15436177000;15130011111;15630011111;10240;10228
1292;15436675000;14880011111;15380011111;10240;10228
1294;15436915000;14880011111;15380011111;10240;10228
1296;15436940000;14880011111;15380011111;10240;10228
1365;15445707000;15130333333;15630333333;10240;10228
1367;15445727000;15171677777;15671677777;10240;10228
1364;15445825000;15130333333;15630333333;10240;10228
1366;15446038000;15130333333;15630333333;10240;10228
1368;15459343000;15171677777;15671677777;10240;10228
1370;15459446000;15171677777;15671677777;10240;10228
1369;15459746000;15171677777;15671677777;10240;10228
1371;15459758000;15171677777;15671677777;10240;10228
1372;15477626000;15171677777;15671677777;10240;10228
1373;15477647000;15171677777;15671677777;10240;10228
1374;15477757000;15171700000;15671700000;10240;10228
1375;15487326000;15172033333;15672033333;10240;10228
1379;15487345000;15213344444;15713344444;10240;10228
1376;15487447000;15172033333;15672033333;10240;10228
1380;15509966000;15213344444;15713344444;10240;10228
1381;15580041000;15213344444;15713344444;10240;10228
1382;15580290000;15213344444;15713344444;10240;10228
1318;15580300000;14963344444;15463344444;10240;10228
1385;15580331000;15213377777;15713377777;10240;10228
1383;15580491000;15213344444;15713344444;10240;10228
1320;15580705000;14963688888;15463688888;10240;10228
1384;15580725000;15213344444;15713344444;10240;10228
1390;15580901000;15254977777;15754977777;10240;10228
1391;15580921000;15254977777;15754977777;10240;10228
1387;15580926000;15213666666;15713666666;10240;10228
1392;15581108000;15254977777;15754977777;10240;10228
1388;15581119000;15213666666;15713666666;10240;10228
1389;15581318000;15254977777;15754977777;10240;10228
1393;15581339000;15254977777;15754977777;10240;10228
1395;15581549000;15254977777;15754977777;10240;10228
1327;15581570000;15004966666;15504966666;10240;10228
1396;15581777000;15254988888;15754988888;10240;10228
1394;15581797000;15254977777;15754977777;10240;10228
1397;15582120000;15255277777;15755277777;10240;10228
1398;15582285000;15255277777;15755277777;10240;10228
1334;15582685000;15046633333;15546633333;10240;10228
1399;15582705000;15255277777;15755277777;10240;10228
1400;15582858000;15296644444;15796644444;10240;10228
1401;15592978000;15296644444;15796644444;10240;10228
1403;15592999000;15296644444;15796644444;10240;10228
1402;15593134000;15296644444;15796644444;10240;10228
1319;15593334000;14963411111;15463411111;10240;10228
1405;15602696000;15296644444;15796644444;10240;10228
1404;15602808000;15296644444;15796644444;10240;10228
1406;15603018000;15296644444;15796644444;10240;10228
1407;15603036000;15296655555;15796655555;10240;10228
1408;15612349000;15296955555;15796955555;10240;10228
1410;15612359000;15296955555;15796955555;10240;10228
1412;15612365000;15338344444;15838344444;10240;10228
1409;15612463000;15296955555;15796955555;10240;10228
1411;15612711000;15338344444;15838344444;10240;10228
1413;15612721000;15338344444;15838344444;10240;10228
1415;15625326000;15338344444;15838344444;10240;10228
1416;15634816000;15338344444;15838344444;10240;10228
1417;15644327000;15338344444;15838344444;10240;10228
1418;15644348000;15338388888;15838388888;10240;10228
1420;15654034000;15338666666;15838666666;10240;10228
1422;15654047000;15380011111;15880011111;10240;10228
1424;15654063000;15380011111;15880011111;10240;10228
1421;15654171000;15338666666;15838666666;10240;10228
1423;15654359000;15380011111;15880011111;10240;10228
1425;15676544000;15380011111;15880011111;10240;10228
1426;15676721000;15380011111;15880011111;10240;10228
1428;15677171000;15380011111;15880011111;10240;10228
1429;15677341000;15380055555;15880055555;10240;10228
1432;15695765000;15380311111;15880311111;10240;10228
1431;15695866000;15380311111;15880311111;10240;10228
1433;15696078000;15421733333;15921733333;10240;10228
1435;15699815000;15421733333;15921733333;10240;10228
1436;15700021000;15421733333;15921733333;10240;10228
1438;15718093000;15421733333;15921733333;10240;10228
1440;15718302000;15421777777;15921777777;10240;10228
1443;15737355000;15422122222;15922122222;10240;10228
1442;15737475000;15422122222;15922122222;10240;10228
1444;15737725000;15463344444;15963344444;10240;10228
1445;15750231000;15463344444;15963344444;10240;10228
1446;15820283000;15463344444;15963344444;10240;10228
1377;15820494000;15172033333;15672033333;10240;10228
1447;15820525000;15463344444;15963344444;10240;10228
1378;15820711000;15213344444;15713344444;10240;10228
1448;15820985000;15463344444;15963344444;10240;10228
1451;15820996000;15463377777;15963377777;10240;10228
1452;15821001000;15463655555;15963655555;10240;10228
1454;15821212000;15463655555;15963655555;10240;10228
1450;15821231000;15463344444;15963344444;10240;10228
1456;15821371000;15504966666;16004966666;10240;10228
1455;15821387000;15504966666;16004966666;10240;10228
1457;15821578000;15504966666;16004966666;10240;10228
1386;15821587000;15213666666;15713666666;10240;10228
1459;15821609000;15504966666;16004966666;10240;10228
1460;15821795000;15504966666;16004966666;10240;10228
1458;15821807000;15504966666;16004966666;10240;10228
1461;15822072000;15504966666;16004966666;10240;10228
1462;15822173000;15504977777;16004977777;10240;10228
1465;15822553000;15505266666;16005266666;10240;10228
1464;15822565000;15505266666;16005266666;10240;10228
1466;15822946000;15546633333;16046633333;10240;10228
1467;15823124000;15546633333;16046633333;10240;10228
1468;15823299000;15546633333;16046633333;10240;10228
1469;15833339000;15546633333;16046633333;10240;10228
1471;15833640000;15546633333;16046633333;10240;10228
1472;15833805000;15546633333;16046633333;10240;10228
1473;15842991000;15546655555;16046655555;10240;10228
1477;15862306000;15588344444;16088344444;10240;10228
1479;15862318000;15588344444;16088344444;10240;10228
1481;15862323000;15588344444;16088344444;10240;10228
1474;15862502000;15546988888;16046988888;10240;10228
1476;15862694000;15546988888;16046988888;10240;10228
1478;15862705000;15588344444;16088344444;10240;10228
1480;15862900000;15588344444;16088344444;10240;10228
1482;15863105000;15588344444;16088344444;10240;10228
1483;15865573000;15588344444;16088344444;10240;10228
1484;15875047000;15588422222;16088422222;10240;10228
1414;15884806000;15338344444;15838344444;10240;10228
1486;15903954000;15588711111;16088711111;10240;10228
1488;15903966000;15630011111;16130011111;10240;10228
1490;15903970000;15630011111;16130011111;10240;10228
1485;15904155000;15588711111;16088711111;10240;10228
1487;15904356000;15588711111;16088711111;10240;10228
1489;15904363000;15630011111;16130011111;10240;10228
1491;15904582000;15630011111;16130011111;10240;10228
1492;15916841000;15630011111;16130011111;10240;10228
1493;15917011000;15630011111;16130011111;10240;10228
1419;15917047000;15338666666;15838666666;10240;10228
1494;15917438000;15630011111;16130011111;10240;10228
1495;15917602000;15630066666;16130066666;10240;10228
1497;15945626000;15630355555;16130355555;10240;10228
1499;15945646000;15671677777;16171677777;10240;10228
1498;15945839000;15630355555;16130355555;10240;10228
1500;15946050000;15671677777;16171677777;10240;10228
1501;15958585000;15671677777;16171677777;10240;10228
1502;15958794000;15671677777;16171677777;10240;10228
1503;15977844000;15671677777;16171677777;10240;10228
1504;15978053000;15671677777;16171677777;10240;10228
1506;16060570000;15671722222;16171722222;10240;10228
1508;16060598000;15672033333;16172033333;10240;10228
1430;16060811000;15380311111;15880311111;10240;10228
1434;16060832000;15421733333;15921733333;10240;10228
1439;16060847000;15421733333;15921733333;10240;10228
1441;16060853000;15422122222;15922122222;10240;10228
1509;16060986000;15672033333;16172033333;10240;10228
1510;16061191000;15713300000;16213300000;10240;10228
1511;16061211000;15713300000;16213300000;10240;10228
1512;16061441000;15713300000;16213300000;10240;10228
1514;16061463000;15713300000;16213300000;10240;10228
1516;16061597000;15713300000;16213300000;10240;10228
1518;16061615000;15713588888;16213588888;10240;10228
1513;16061630000;15713300000;16213300000;10240;10228
1515;16061635000;15713300000;16213300000;10240;10228
1453;16061841000;15463655555;15963655555;10240;10228
1519;16061854000;15713588888;16213588888;10240;10228
1517;16061859000;15713311111;16213311111;10240;10228
1520;16062078000;15713588888;16213588888;10240;10228
1449;16062088000;15463344444;15963344444;10240;10228
1523;16062095000;15754977777;16254977777;10240;10228
1522;16062223000;15754977777;16254977777;10240;10228
1524;16062293000;15754977777;16254977777;10240;10228
1525;16062337000;15754977777;16254977777;10240;10228
1526;16062799000;15754977777;16254977777;10240;10228
1527;16062829000;15754977777;16254977777;10240;10228
1528;16063178000;15754988888;16254988888;10240;10228
1463;16063311000;15505266666;16005266666;10240;10228
1530;16070620000;15755266666;16255266666;10240;10228
1529;16070834000;15755266666;16255266666;10240;10228
1532;16073947000;15796677777;16296677777;10240;10228
1531;16074161000;15755266666;16255266666;10240;10228
1533;16074362000;15796677777;16296677777;10240;10228
1534;16083464000;15796677777;16296677777;10240;10228
1470;16102668000;15546633333;16046633333;10240;10228
1535;16102681000;15796677777;16296677777;10240;10228
1536;16102685000;15796677777;16296677777;10240;10228
1538;16102786000;15796677777;16296677777;10240;10228
1475;16102874000;15546988888;16046988888;10240;10228
1537;16103072000;15796677777;16296677777;10240;10228
1539;16103083000;15796688888;16296688888;10240;10228
1540;16112275000;15797022222;16297022222;10240;10228
1542;16112296000;15797022222;16297022222;10240;10228
1541;16112504000;15797022222;16297022222;10240;10228
1543;16112700000;15838355555;16338355555;10240;10228
1544;16115372000;15838355555;16338355555;10240;10228
1549;16144500000;15838355555;16338355555;10240;10228
1546;16144511000;15838355555;16338355555;10240;10228
1548;16144688000;15838355555;16338355555;10240;10228
1550;16144891000;15838377777;16338377777;10240;10228
1551;16154041000;15838677777;16338677777;10240;10228
1552;16154199000;15838677777;16338677777;10240;10228
1553;16157336000;15838677777;16338677777;10240;10228
1555;16157348000;15880033333;16380033333;10240;10228
1554;16157519000;15880033333;16380033333;10240;10228
1556;16157787000;15880033333;16380033333;10240;10228
1557;16157887000;15880033333;16380033333;10240;10228
1558;16186109000;15880033333;16380033333;10240;10228
1560;16186289000;15880033333;16380033333;10240;10228
1561;16186493000;15880055555;16380055555;10240;10228
1562;16198938000;15880322222;16380322222;10240;10228
1563;16199079000;15880322222;16380322222;10240;10228
1496;16199253000;15630355555;16130355555;10240;10228
1564;16218194000;15880322222;16380322222;10240;10228
1565;16218348000;15921633333;16421633333;10240;10228
1566;16300908000;15921633333;16421633333;10240;10228
1567;16300929000;15921633333;16421633333;10240;10228
1568;16301115000;15921633333;16421633333;10240;10228
1569;16301136000;15921633333;16421633333;10240;10228
1570;16301305000;15921633333;16421633333;10240;10228
1573;16301476000;15921955555;16421955555;10240;10228
1571;16301494000;15921633333;16421633333;10240;10228
1505;16301739000;15671677777;16171677777;10240;10228
1575;16301751000;15921955555;16421955555;10240;10228
1576;16301756000;15963311111;16463311111;10240;10228
1578;16301934000;15963311111;16463311111;10240;10228
1579;16301945000;15963311111;16463311111;10240;10228
1580;16301960000;15963311111;16463311111;10240;10228
1507;16301967000;15672033333;16172033333;10240;10228
1574;16302151000;15921955555;16421955555;10240;10228
1582;16302170000;15963311111;16463311111;10240;10228
1583;16302393000;15963322222;16463322222;10240;10228
1585;16302403000;15963611111;16463611111;10240;10228
1584;16302532000;15963611111;16463611111;10240;10228
1586;16302551000;15963611111;16463611111;10240;10228
1521;16302556000;15754977777;16254977777;10240;10228
1587;16302762000;16004977777;16504977777;10240;10228
1588;16302947000;16004977777;16504977777;10240;10228
1589;16302967000;16004977777;16504977777;10240;10228
1591;16303578000;16004977777;16504977777;10240;10228
1592;16303600000;16004977777;16504977777;10240;10228
1590;16303785000;16004977777;16504977777;10240;10228
1593;16303997000;16004977777;16504977777;10240;10228
1594;16311031000;16004988888;16504988888;10240;10228
1595;16320669000;16005277777;16505277777;10240;10228
1596;16320834000;16005277777;16505277777;10240;10228
1598;16321047000;16046700000;16546700000;10240;10228
1599;16323775000;16046700000;16546700000;10240;10228
1600;16343007000;16046700000;16546700000;10240;10228
1601;16343021000;16046700000;16546700000;10240;10228
1602;16343035000;16046700000;16546700000;10240;10228
1604;16343176000;16046700000;16546700000;10240;10228
1603;16343279000;16046700000;16546700000;10240;10228
1605;16343326000;16046733333;16546733333;10240;10228
1607;16362359000;16047077777;16547077777;10240;10228
1609;16362372000;16088355555;16588355555;10240;10228
1611;16362376000;16088355555;16588355555;10240;10228
1606;16362450000;16047077777;16547077777;10240;10228
1608;16362694000;16047077777;16547077777;10240;10228
1610;16362706000;16088355555;16588355555;10240;10228
1612;16385047000;16088355555;16588355555;10240;10228
1613;16385254000;16088355555;16588355555;10240;10228
1614;16385265000;16088355555;16588355555;10240;10228
1615;16394362000;16088355555;16588355555;10240;10228
1547;16394431000;15838355555;16338355555;10240;10228
1616;16394443000;16088400000;16588400000;10240;10228
1545;16397694000;15838355555;16338355555;10240;10228
1618;16404038000;16088677777;16588677777;10240;10228
1620;16404050000;16130044444;16630044444;10240;10228
1622;16404065000;16130044444;16630044444;10240;10228
1617;16404194000;16088677777;16588677777;10240;10228
1623;16426575000;16130044444;16630044444;10240;10228
1624;16426792000;16130044444;16630044444;10240;10228
1625;16439259000;16130044444;16630044444;10240;10228
1627;16439281000;16130088888;16630088888;10240;10228
1626;16439402000;16130044444;16630044444;10240;10228
1628;16445850000;16130366666;16630366666;10240;10228
1631;16541285000;16171655555;16671655555;10240;10228
1633;16541387000;16171655555;16671655555;10240;10228
1632;16541399000;16171655555;16671655555;10240;10228
1635;16541535000;16171655555;16671655555;10240;10228
1634;16541678000;16171655555;16671655555;10240;10228
1637;16541687000;16171655555;16671655555;10240;10228
1636;16541854000;16171655555;16671655555;10240;10228
1642;16542236000;16213311111;16713311111;10240;10228
1577;16542248000;15963311111;16463311111;10240;10228
1639;16542254000;16172011111;16672011111;10240;10228
1645;16542396000;16213311111;16713311111;10240;10228
1646;16542408000;16213311111;16713311111;10240;10228
1640;16542413000;16172011111;16672011111;10240;10228
1647;16542428000;16213311111;16713311111;10240;10228
1648;16542657000;16213311111;16713311111;10240;10228
1641;16542678000;16172011111;16672011111;10240;10228
1643;16542683000;16213311111;16713311111;10240;10228
1581;16542771000;15963311111;16463311111;10240;10228
1649;16542784000;16213322222;16713322222;10240;10228
1644;16542881000;16213311111;16713311111;10240;10228
1651;16543077000;16213611111;16713611111;10240;10228
1650;16543089000;16213611111;16713611111;10240;10228
1572;16543233000;15921655555;16421655555;10240;10228
1653;16543261000;16254988888;16754988888;10240;10228
1654;16543438000;16254988888;16754988888;10240;10228
1656;16543927000;16254988888;16754988888;10240;10228
1655;16544045000;16254988888;16754988888;10240;10228
1658;16544338000;16254988888;16754988888;10240;10228
1659;16544345000;16254988888;16754988888;10240;10228
1657;16544431000;16254988888;16754988888;10240;10228
1660;16551319000;16255000000;16755000000;10240;10228
1662;16570698000;16255311111;16755311111;10240;10228
1664;16570719000;16296688888;16796688888;10240;10228
1661;16570830000;16255311111;16755311111;10240;10228
1663;16571043000;16255311111;16755311111;10240;10228
1597;16583394000;16005277777;16505277777;10240;10228
1668;16583422000;16296688888;16796688888;10240;10228
1665;16583508000;16296688888;16796688888;10240;10228
1666;16583722000;16296688888;16796688888;10240;10228
1670;16583927000;16296688888;16796688888;10240;10228
1671;16602718000;16296711111;16796711111;10240;10228
1673;16612332000;16297055555;16797055555;10240;10228
1675;16612351000;16338355555;16838355555;10240;10228
1672;16612462000;16297055555;16797055555;10240;10228
1674;16612677000;16297055555;16797055555;10240;10228
1676;16612688000;16338355555;16838355555;10240;10228
1677;16625398000;16338355555;16838355555;10240;10228
1678;16625547000;16338355555;16838355555;10240;10228
1679;16625566000;16338355555;16838355555;10240;10228
1680;16634633000;16338355555;16838355555;10240;10228
1681;16634643000;16338355555;16838355555;10240;10228
1682;16637977000;16338388888;16838388888;10240;10228
1684;16653995000;16338677777;16838677777;10240;10228
1686;16654015000;16380022222;16880022222;10240;10228
1683;16654144000;16338677777;16838677777;10240;10228
1685;16654345000;16338677777;16838677777;10240;10228
1687;16654572000;16380022222;16880022222;10240;10228
1690;16679536000;16380022222;16880022222;10240;10228
1691;16679547000;16380022222;16880022222;10240;10228
1692;16679680000;16380022222;16880022222;10240;10228
1619;16679932000;16088677777;16588677777;10240;10228
1621;16680124000;16130044444;16630044444;10240;10228
1693;16686149000;16380055555;16880055555;10240;10228
1629;16781811000;16130366666;16630366666;10240;10228
1699;16781970000;16421644444;16921644444;10240;10228
1630;16781985000;16130366666;16630366666;10240;10228
1694;16781998000;16380322222;16880322222;10240;10228
1695;16782234000;16380322222;16880322222;10240;10228
1696;16782384000;16380322222;16880322222;10240;10228
1697;16782395000;16421644444;16921644444;10240;10228
1702;16782582000;16421644444;16921644444;10240;10228
1698;16782676000;16421644444;16921644444;10240;10228
1701;16782840000;16421644444;16921644444;10240;10228
1708;16782852000;16463300000;16963300000;10240;10228
1711;16783009000;16463300000;16963300000;10240;10228
1703;16783020000;16421644444;16921644444;10240;10228
1704;16783026000;16421655555;16921655555;10240;10228
1638;16783030000;16171677777;16671677777;10240;10228
1713;16783051000;16463300000;16963300000;10240;10228
1705;16783247000;16421966666;16921966666;10240;10228
1706;16783387000;16421966666;16921966666;10240;10228
1707;16783397000;16421966666;16921966666;10240;10228
1709;16783666000;16463300000;16963300000;10240;10228
1710;16783676000;16463300000;16963300000;10240;10228
1718;16783684000;16463611111;16963611111;10240;10228
1712;16783876000;16463300000;16963300000;10240;10228
1714;16784045000;16463300000;16963300000;10240;10228
1715;16784051000;16463311111;16963311111;10240;10228
1716;16784233000;16463611111;16963611111;10240;10228
1717;16784239000;16463611111;16963611111;10240;10228
1652;16784257000;16213611111;16713611111;10240;10228
1719;16784386000;16504966666;17004966666;10240;10228
1720;16784659000;16504966666;17004966666;10240;10228
1721;16784864000;16504966666;17004966666;10240;10228
1723;16791612000;16504966666;17004966666;10240;10228
1724;16791623000;16504966666;17004966666;10240;10228
1722;16791846000;16504966666;17004966666;10240;10228
1725;16811208000;16504966666;17004966666;10240;10228
1726;16811407000;16504977777;17004977777;10240;10228
1727;16823722000;16505266666;17005266666;10240;10228
1731;16823733000;16546644444;17046644444;10240;10228
1728;16823954000;16505266666;17005266666;10240;10228
1729;16824156000;16505266666;17005266666;10240;10228
1730;16824176000;16546644444;17046644444;10240;10228
1732;16824364000;16546644444;17046644444;10240;10228
1734;16843285000;16546644444;17046644444;10240;10228
1735;16852657000;16546644444;17046644444;10240;10228
1736;16852668000;16546644444;17046644444;10240;10228
1737;16852916000;16546655555;17046655555;10240;10228
1669;16853011000;16296688888;16796688888;10240;10228
1739;16862337000;16546977777;17046977777;10240;10228
1738;16862533000;16546977777;17046977777;10240;10228
1740;16865929000;16546977777;17046977777;10240;10228
1741;16866163000;16588344444;17088344444;10240;10228
1743;16874989000;16588344444;17088344444;10240;10228
1742;16875227000;16588344444;17088344444;10240;10228
1744;16875416000;16588344444;17088344444;10240;10228
1745;16878588000;16588344444;17088344444;10240;10228
1746;16894566000;16588344444;17088344444;10240;10228
1747;16894772000;16588344444;17088344444;10240;10228
1748;16894791000;16588355555;17088355555;10240;10228
1749;16903915000;16588655555;17088655555;10240;10228
1750;16904304000;16588655555;17088655555;10240;10228
1751;16919886000;16588655555;17088655555;10240;10228
1752;16919896000;16630011111;17130011111;10240;10228
1688;16919902000;16380022222;16880022222;10240;10228
1689;16920188000;16380022222;16880022222;10240;10228
1754;16920200000;16630011111;17130011111;10240;10228
1755;16920388000;16630011111;17130011111;10240;10228
1756;16926461000;16630011111;17130011111;10240;10228
1757;17022362000;16630011111;17130011111;10240;10228
1760;17022371000;16630366666;17130366666;10240;10228
1761;17022394000;16630366666;17130366666;10240;10228
1758;17022513000;16630011111;17130011111;10240;10228
1759;17022549000;16630033333;17130033333;10240;10228
1762;17022724000;16630366666;17130366666;10240;10228
1763;17022736000;16671633333;17171633333;10240;10228
1765;17022890000;16671633333;17171633333;10240;10228
1764;17023005000;16671633333;17171633333;10240;10228
1766;17023159000;16671633333;17171633333;10240;10228
1767;17023180000;16671633333;17171633333;10240;10228
1768;17023288000;16671633333;17171633333;10240;10228
1771;17023298000;16671955555;17171955555;10240;10228
1772;17023304000;16671955555;17171955555;10240;10228
1700;17023507000;16421644444;16921644444;10240;10228
1773;17023544000;16671955555;17171955555;10240;10228
1769;17023549000;16671633333;17171633333;10240;10228
1774;17023727000;16713311111;17213311111;10240;10228
1770;17023737000;16671655555;17171655555;10240;10228
1775;17023837000;16713311111;17213311111;10240;10228
1777;17023932000;16713311111;17213311111;10240;10228
1776;17024130000;16713311111;17213311111;10240;10228
1778;17024288000;16713311111;17213311111;10240;10228
1779;17024636000;16713311111;17213311111;10240;10228
1780;17024827000;16713311111;17213311111;10240;10228
1781;17024836000;16713322222;17213322222;10240;10228
1782;17028995000;16713600000;17213600000;10240;10228
1786;17029005000;16755066666;17255066666;10240;10228
1783;17029244000;16713600000;17213600000;10240;10228
1788;17031951000;16755066666;17255066666;10240;10228
1789;17031963000;16755066666;17255066666;10240;10228
1790;17032125000;16755066666;17255066666;10240;10228
1791;17051553000;16755066666;17255066666;10240;10228
1792;17051660000;16755122222;17255122222;10240;10228
1794;17070636000;16755411111;17255411111;10240;10228
1796;17070648000;16796688888;17296688888;10240;10228
1798;17070653000;16796688888;17296688888;10240;10228
1795;17070879000;16755411111;17255411111;10240;10228
1800;17093200000;16796688888;17296688888;10240;10228
1801;17093423000;16796688888;17296688888;10240;10228
1733;17103063000;16546644444;17046644444;10240;10228
1804;17112287000;16797088888;17297088888;10240;10228
1806;17112298000;16797088888;17297088888;10240;10228
1805;17112575000;16797088888;17297088888;10240;10228
1807;17112751000;16838355555;17338355555;10240;10228
1808;17115277000;16838355555;17338355555;10240;10228
1809;17115434000;16838355555;17338355555;10240;10228
1810;17115629000;16838355555;17338355555;10240;10228
1811;17118838000;16838355555;17338355555;10240;10228
1814;17144381000;16838388888;17338388888;10240;10228
1815;17153976000;16838688888;17338688888;10240;10228
1816;17154215000;16838688888;17338688888;10240;10228
1817;17160242000;16838688888;17338688888;10240;10228
1818;17160252000;16880022222;17380022222;10240;10228
1819;17160586000;16880022222;17380022222;10240;10228
1821;17160603000;16880022222;17380022222;10240;10228
1822;17160618000;16880022222;17380022222;10240;10228
1820;17160716000;16880022222;17380022222;10240;10228
1825;17262689000;16880044444;17380044444;10240;10228
1753;17262700000;16630011111;17130011111;10240;10228
1824;17262876000;16880022222;17380022222;10240;10228
1826;17262887000;16880322222;17380322222;10240;10228
1827;17263077000;16880322222;17380322222;10240;10228
1828;17263282000;16880322222;17380322222;10240;10228
1829;17263302000;16921655555;17421655555;10240;10228
1830;17263476000;16921655555;17421655555;10240;10228
1831;17263505000;16921655555;17421655555;10240;10228
1832;17263704000;16921655555;17421655555;10240;10228
1838;17263800000;16922000000;17422000000;10240;10228
1833;17263887000;16921655555;17421655555;10240;10228
1834;17263907000;16921655555;17421655555;10240;10228
1840;17264029000;16963311111;17463311111;10240;10228
1841;17264040000;16963311111;17463311111;10240;10228
1842;17264045000;16963311111;17463311111;10240;10228
1837;17264063000;16922000000;17422000000;10240;10228
1843;17264153000;16963311111;17463311111;10240;10228
1844;17264165000;16963311111;17463311111;10240;10228
1839;17264262000;16922000000;17422000000;10240;10228
1845;17264440000;16963311111;17463311111;10240;10228
1784;17272467000;16713600000;17213600000;10240;10228
1849;17278998000;16963588888;17463588888;10240;10228
1851;17279009000;17005055555;17505055555;10240;10228
1853;17279014000;17005055555;17505055555;10240;10228
1855;17279133000;17005055555;17505055555;10240;10228
1848;17279155000;16963588888;17463588888;10240;10228
1850;17279366000;16963588888;17463588888;10240;10228
1852;17279377000;17005055555;17505055555;10240;10228
1854;17279574000;17005055555;17505055555;10240;10228
1856;17292093000;17005055555;17505055555;10240;10228
1857;17292294000;17005055555;17505055555;10240;10228
1860;17320853000;17005400000;17505400000;10240;10228
1793;17333744000;16755411111;17255411111;10240;10228
1862;17333764000;17046700000;17546700000;10240;10228
1785;17333930000;16755066666;17255066666;10240;10228
1787;17334127000;16755066666;17255066666;10240;10228
1863;17334165000;17046700000;17546700000;10240;10228
1864;17343548000;17046700000;17546700000;10240;10228
1865;17352651000;17046700000;17546700000;10240;10228
1866;17352671000;17046700000;17546700000;10240;10228
1797;17352893000;16796688888;17296688888;10240;10228
1799;17352905000;16796688888;17296688888;10240;10228
1867;17352910000;17046700000;17546700000;10240;10228
1868;17353101000;17046700000;17546700000;10240;10228
1869;17355591000;17046711111;17546711111;10240;10228
1871;17362387000;17047044444;17547044444;10240;10228
1870;17362451000;17047044444;17547044444;10240;10228
1802;17394325000;16796688888;17296688888;10240;10228
1874;17394431000;17088355555;17588355555;10240;10228
1875;17400644000;17088355555;17588355555;10240;10228
1812;17400654000;16838355555;17338355555;10240;10228
1813;17400673000;16838355555;17338355555;10240;10228
1876;17400798000;17088355555;17588355555;10240;10228
1878;17400830000;17088355555;17588355555;10240;10228
1879;17400901000;17088355555;17588355555;10240;10228
1880;17400918000;17088377777;17588377777;10240;10228
1881;17404166000;17088655555;17588655555;10240;10228
1882;17503071000;17088655555;17588655555;10240;10228
1883;17503092000;17088655555;17588655555;10240;10228
1884;17503227000;17130033333;17630033333;10240;10228
1885;17503263000;17130033333;17630033333;10240;10228
1886;17503451000;17130033333;17630033333;10240;10228
1887;17503643000;17130033333;17630033333;10240;10228
1888;17503830000;17130033333;17630033333;10240;10228
1889;17504042000;17130033333;17630033333;10240;10228
1890;17504070000;17130033333;17630033333;10240;10228
1892;17504090000;17130300000;17630300000;10240;10228
1891;17504230000;17130044444;17630044444;10240;10228
1893;17504251000;17130300000;17630300000;10240;10228
1894;17504341000;17130300000;17630300000;10240;10228
1897;17504466000;17171644444;17671644444;10240;10228
1823;17504478000;16880022222;17380022222;10240;10228
1901;17504620000;17171644444;17671644444;10240;10228
1895;17504721000;17171644444;17671644444;10240;10228
1898;17504934000;17171644444;17671644444;10240;10228
1899;17504956000;17171644444;17671644444;10240;10228
1900;17505144000;17171644444;17671644444;10240;10228
1902;17505154000;17171655555;17671655555;10240;10228
1904;17519352000;17171944444;17671944444;10240;10228
1847;17519364000;16963322222;17463322222;10240;10228
1906;17519397000;17213300000;17713300000;10240;10228
1903;17519512000;17171944444;17671944444;10240;10228
1836;17519524000;16921666666;17421666666;10240;10228
1908;17519539000;17213300000;17713300000;10240;10228
1909;17519658000;17213300000;17713300000;10240;10228
1905;17519668000;17171944444;17671944444;10240;10228
1911;17519894000;17213300000;17713300000;10240;10228
1846;17519904000;16963311111;17463311111;10240;10228
1907;17519910000;17213300000;17713300000;10240;10228
1910;17520126000;17213300000;17713300000;10240;10228
1914;17532626000;17213588888;17713588888;10240;10228
1912;17532637000;17213300000;17713300000;10240;10228
1913;17532805000;17213311111;17713311111;10240;10228
1915;17561381000;17213588888;17713588888;10240;10228
1918;17574513000;17254977777;17754977777;10240;10228
1919;17574525000;17254977777;17754977777;10240;10228
1917;17574631000;17254977777;17754977777;10240;10228
1920;17583932000;17254977777;17754977777;10240;10228
1921;17584097000;17254977777;17754977777;10240;10228
1922;17593031000;17254977777;17754977777;10240;10228
1923;17593050000;17254977777;17754977777;10240;10228
1925;17593377000;17255288888;17755288888;10240;10228
1859;17593589000;17005400000;17505400000;10240;10228
1861;17593600000;17005400000;17505400000;10240;10228
1927;17596141000;17255288888;17755288888;10240;10228
1930;17602738000;17296633333;17796633333;10240;10228
1931;17634683000;17296633333;17796633333;10240;10228
1932;17634692000;17296633333;17796633333;10240;10228
1933;17641025000;17296633333;17796633333;10240;10228
1934;17641035000;17296633333;17796633333;10240;10228
1935;17641040000;17296644444;17796644444;10240;10228
1938;17641232000;17296944444;17796944444;10240;10228
1936;17641248000;17296944444;17796944444;10240;10228
1873;17641505000;17088355555;17588355555;10240;10228
1940;17644506000;17338311111;17838311111;10240;10228
1872;17644660000;17047044444;17547044444;10240;10228
1941;17743423000;17338311111;17838311111;10240;10228
1942;17743433000;17338311111;17838311111;10240;10228
1943;17743438000;17338311111;17838311111;10240;10228
1944;17743999000;17338311111;17838311111;10240;10228
1947;17744008000;17338588888;17838588888;10240;10228
1946;17744116000;17338322222;17838322222;10240;10228
1948;17744358000;17338588888;17838588888;10240;10228
1949;17744370000;17338588888;17838588888;10240;10228
1952;17744474000;17379977777;17879977777;10240;10228
1954;17744774000;17379977777;17879977777;10240;10228
1956;17744887000;17379977777;17879977777;10240;10228
1957;17744908000;17379988888;17879988888;10240;10228
1955;17744982000;17379977777;17879977777;10240;10228
1958;17745154000;17380222222;17880222222;10240;10228
1959;17745341000;17380222222;17880222222;10240;10228
1960;17745583000;17380222222;17880222222;10240;10228
1961;17759661000;17421644444;17921644444;10240;10228
1963;17759671000;17421644444;17921644444;10240;10228
1964;17759817000;17421644444;17921644444;10240;10228
1965;17759827000;17421644444;17921644444;10240;10228
1896;17759843000;17171644444;17671644444;10240;10228
1966;17759996000;17421644444;17921644444;10240;10228
1968;17760031000;17421655555;17921655555;10240;10228
1962;17760041000;17421644444;17921644444;10240;10228
1969;17760142000;17421933333;17921933333;10240;10228
1970;17760193000;17421933333;17921933333;10240;10228
1967;17760244000;17421644444;17921644444;10240;10228
1971;17760381000;17421933333;17921933333;10240;10228
1973;17773172000;17463311111;17963311111;10240;10228
1974;17773345000;17463311111;17963311111;10240;10228
1975;17773563000;17463311111;17963311111;10240;10228
1977;17814892000;17463311111;17963311111;10240;10228
1978;17814903000;17463311111;17963311111;10240;10228
1979;17814995000;17463322222;17963322222;10240;10228
1980;17824467000;17463588888;17963588888;10240;10228
1981;17824650000;17463588888;17963588888;10240;10228
1982;17833569000;17463588888;17963588888;10240;10228
1984;17833719000;17504977777;18004977777;10240;10228
1916;17833907000;17213588888;17713588888;10240;10228
1983;17834123000;17504977777;18004977777;10240;10228
1985;17834134000;17504977777;18004977777;10240;10228
1986;17834320000;17504977777;18004977777;10240;10228
1987;17836658000;17504977777;18004977777;10240;10228
1988;17843260000;17504977777;18004977777;10240;10228
1989;17874999000;17504977777;18004977777;10240;10228
1924;17875219000;17255000000;17755000000;10240;10228
1926;17875389000;17255288888;17755288888;10240;10228
1929;17875618000;17296633333;17796633333;10240;10228
1991;17881344000;17505255555;18005255555;10240;10228
1992;17881355000;17505255555;18005255555;10240;10228
1993;17881364000;17505255555;18005255555;10240;10228
1990;17881372000;17504988888;18004988888;10240;10228
1996;17881800000;17546644444;18046644444;10240;10228
1997;17884871000;17546644444;18046644444;10240;10228
1998;17884882000;17546644444;18046644444;10240;10228
1939;17983746000;17338311111;17838311111;10240;10228
1945;17983757000;17338311111;17838311111;10240;10228
2000;17983841000;17546644444;18046644444;10240;10228
2002;17983851000;17546977777;18046977777;10240;10228
2003;17983971000;17546977777;18046977777;10240;10228
2005;17984375000;17588311111;18088311111;10240;10228
1999;17984575000;17546644444;18046644444;10240;10228
2001;17984777000;17546655555;18046655555;10240;10228
2004;17984799000;17546977777;18046977777;10240;10228
2006;17984946000;17588311111;18088311111;10240;10228
2009;17985079000;17588311111;18088311111;10240;10228
1950;17985222000;17379977777;17879977777;10240;10228
1937;17985248000;17296944444;17796944444;10240;10228
1951;17985254000;17379977777;17879977777;10240;10228
2010;17985271000;17588311111;18088311111;10240;10228
1953;17985377000;17379977777;17879977777;10240;10228
2011;17985636000;17588311111;18088311111;10240;10228
2012;17985643000;17588322222;18088322222;10240;10228
2013;17985872000;17588600000;18088600000;10240;10228
2014;17985889000;17588600000;18088600000;10240;10228
2015;17986108000;17588600000;18088600000;10240;10228
2016;18000188000;17629977777;18129977777;10240;10228
2021;18000322000;17629977777;18129977777;10240;10228
2017;18000360000;17629977777;18129977777;10240;10228
2023;18000367000;17629988888;18129988888;10240;10228
2018;18000611000;17629977777;18129977777;10240;10228
2019;18000622000;17629977777;18129977777;10240;10228
2020;18000802000;17629977777;18129977777;10240;10228
2022;18000814000;17629977777;18129977777;10240;10228
2024;18000970000;17630266666;18130266666;10240;10228
2025;18000987000;17630266666;18130266666;10240;10228
2026;18001175000;17630266666;18130266666;10240;10228
2028;18013500000;17671644444;18171644444;10240;10228
2027;18013735000;17671644444;18171644444;10240;10228
2030;18013842000;17671644444;18171644444;10240;10228
2029;18014128000;17671644444;18171644444;10240;10228
2031;18055208000;17671644444;18171644444;10240;10228
2032;18055465000;17671644444;18171644444;10240;10228
2035;18064976000;17671933333;18171933333;10240;10228
1976;18073875000;17463311111;17963311111;10240;10228
2036;18073886000;17671933333;18171933333;10240;10228
2037;18074020000;17671933333;18171933333;10240;10228
2038;18074165000;17713311111;18213311111;10240;10228
2039;18074366000;17713311111;18213311111;10240;10228
2040;18074568000;17713311111;18213311111;10240;10228
2044;18115559000;17713311111;18213311111;10240;10228
2045;18115776000;17713322222;18213322222;10240;10228
2047;18116105000;17713577777;18213577777;10240;10228
2048;18121898000;17713577777;18213577777;10240;10228
2049;18122113000;17754977777;18254977777;10240;10228
2050;18122125000;17754977777;18254977777;10240;10228
2052;18122346000;17754977777;18254977777;10240;10228
1994;18125255000;17546644444;18046644444;10240;10228
2053;18125469000;17754977777;18254977777;10240;10228
1995;18125646000;17546644444;18046644444;10240;10228
2054;18125671000;17754977777;18254977777;10240;10228
2057;18224260000;17755255555;18255255555;10240;10228
2060;18224288000;17796644444;18296644444;10240;10228
2055;18224718000;17754977777;18254977777;10240;10228
2056;18224738000;17754988888;18254988888;10240;10228
2061;18224942000;17796644444;18296644444;10240;10228
2064;18225493000;17796644444;18296644444;10240;10228
2065;18225687000;17796644444;18296644444;10240;10228
2066;18225698000;17796644444;18296644444;10240;10228
2070;18225703000;17796977777;18296977777;10240;10228
2067;18225909000;17796655555;18296655555;10240;10228
2068;18226098000;17796977777;18296977777;10240;10228
2069;18226110000;17796977777;18296977777;10240;10228
2071;18226258000;17838300000;18338300000;10240;10228
2072;18226270000;17838300000;18338300000;10240;10228
2074;18226365000;17838300000;18338300000;10240;10228
2073;18226415000;17838300000;18338300000;10240;10228
2007;18226713000;17588311111;18088311111;10240;10228
2008;18226740000;17588311111;18088311111;10240;10228
2075;18226942000;17838300000;18338300000;10240;10228
2076;18240532000;17838300000;18338300000;10240;10228
2077;18240646000;17838300000;18338300000;10240;10228
2078;18240655000;17838322222;18338322222;10240;10228
2079;18240927000;17838633333;18338633333;10240;10228
2080;18240937000;17838633333;18338633333;10240;10228
2081;18241069000;17838633333;18338633333;10240;10228
2083;18241255000;17879977777;18379977777;10240;10228
2082;18241264000;17879977777;18379977777;10240;10228
2085;18241440000;17879977777;18379977777;10240;10228
2084;18241448000;17879977777;18379977777;10240;10228
2086;18241726000;17879977777;18379977777;10240;10228
2087;18253866000;17879977777;18379977777;10240;10228
2090;18254414000;17880244444;18380244444;10240;10228
2091;18295801000;17880244444;18380244444;10240;10228
2092;18296012000;17880244444;18380244444;10240;10228
2093;18305559000;17921644444;18421644444;10240;10228
2094;18314261000;17921644444;18421644444;10240;10228
2095;18314270000;17921644444;18421644444;10240;10228
2096;18314386000;17921644444;18421644444;10240;10228
2033;18314395000;17671644444;18171644444;10240;10228
2098;18314595000;17921644444;18421644444;10240;10228
2097;18314861000;17921644444;18421644444;10240;10228
2099;18314873000;17921644444;18421644444;10240;10228
2034;18315071000;17671655555;18171655555;10240;10228
2041;18355893000;17713311111;18213311111;10240;10228
2101;18355995000;17921977777;18421977777;10240;10228
2042;18356045000;17713311111;18213311111;10240;10228
2100;18356270000;17921655555;18421655555;10240;10228
2102;18356291000;17921977777;18421977777;10240;10228
2104;18362233000;17963311111;18463311111;10240;10228
2105;18362602000;17963311111;18463311111;10240;10228
2106;18362818000;17963311111;18463311111;10240;10228
2108;18365777000;17963311111;18463311111;10240;10228
2109;18366008000;17963311111;18463311111;10240;10228
2110;18366234000;17963311111;18463311111;10240;10228
2043;18366390000;17713311111;18213311111;10240;10228
2046;18366623000;17713577777;18213577777;10240;10228
2058;18464434000;17755255555;18255255555;10240;10228
2059;18464447000;17755255555;18255255555;10240;10228
2062;18464453000;17796644444;18296644444;10240;10228
2063;18464474000;17796644444;18296644444;10240;10228
2112;18464732000;17963611111;18463611111;10240;10228
2051;18464744000;17754977777;18254977777;10240;10228
2113;18464752000;17963611111;18463611111;10240;10228
2114;18464760000;17963611111;18463611111;10240;10228
2118;18464767000;18004977777;18504977777;10240;10228
2119;18464783000;18004977777;18504977777;10240;10228
2120;18464814000;18004977777;18504977777;10240;10228
2111;18465074000;17963322222;18463322222;10240;10228
2115;18465306000;18004977777;18504977777;10240;10228
2116;18465467000;18004977777;18504977777;10240;10228
2121;18465783000;18004977777;18504977777;10240;10228
2124;18465794000;18005277777;18505277777;10240;10228
2123;18466016000;18005277777;18505277777;10240;10228
2125;18466209000;18005277777;18505277777;10240;10228
2127;18466220000;18046644444;18546644444;10240;10228
2128;18466227000;18046644444;18546644444;10240;10228
2126;18466344000;18046644444;18546644444;10240;10228
2129;18466636000;18046644444;18546644444;10240;10228
2131;18466722000;18046644444;18546644444;10240;10228
2133;18466729000;18046655555;18546655555;10240;10228
2130;18466734000;18046644444;18546644444;10240;10228
2132;18466956000;18046644444;18546644444;10240;10228
2134;18467130000;18047000000;18547000000;10240;10228
2135;18467152000;18047000000;18547000000;10240;10228
2137;18467157000;18088311111;18588311111;10240;10228
2136;18467350000;18047000000;18547000000;10240;10228
2138;18480930000;18088311111;18588311111;10240;10228
2139;18480952000;18088311111;18588311111;10240;10228
2141;18481277000;18088311111;18588311111;10240;10228
2142;18481417000;18088311111;18588311111;10240;10228
2143;18481656000;18088311111;18588311111;10240;10228
2144;18481677000;18088322222;18588322222;10240;10228
2146;18481682000;18088622222;18588622222;10240;10228
2145;18481866000;18088622222;18588622222;10240;10228
2148;18482034000;18129977777;18629977777;10240;10228
2149;18494312000;18129977777;18629977777;10240;10228
2150;18494817000;18129977777;18629977777;10240;10228
2152;18536236000;18129977777;18629977777;10240;10228
2151;18536392000;18129977777;18629977777;10240;10228
2153;18536551000;18129977777;18629977777;10240;10228
2154;18546145000;18129977777;18629977777;10240;10228
2156;18554814000;18130266666;18630266666;10240;10228
2157;18554852000;18130266666;18630266666;10240;10228
2159;18554858000;18171655555;18671655555;10240;10228
2155;18554864000;18129988888;18629988888;10240;10228
2160;18554869000;18171655555;18671655555;10240;10228
2158;18555139000;18130266666;18630266666;10240;10228
2161;18555257000;18171655555;18671655555;10240;10228
2162;18555338000;18171655555;18671655555;10240;10228
2103;18596638000;17921977777;18421977777;10240;10228
2163;18596658000;18171655555;18671655555;10240;10228
2164;18596868000;18171655555;18671655555;10240;10228
2165;18602766000;18171655555;18671655555;10240;10228
2107;18606179000;17963311111;18463311111;10240;10228
2168;18606787000;18172000000;18672000000;10240;10228
2169;18606998000;18172000000;18672000000;10240;10228
2170;18607017000;18213311111;18713311111;10240;10228
2171;18607194000;18213311111;18713311111;10240;10228
2173;18607204000;18213311111;18713311111;10240;10228
2122;18704879000;18004988888;18504988888;10240;10228
2176;18705273000;18213311111;18713311111;10240;10228
2177;18705293000;18213322222;18713322222;10240;10228
2178;18705477000;18213622222;18713622222;10240;10228
2183;18705496000;18254977777;18754977777;10240;10228
2186;18705585000;18254977777;18754977777;10240;10228
2187;18706125000;18254977777;18754977777;10240;10228
2174;18706163000;18213311111;18713311111;10240;10228
2175;18706348000;18213311111;18713311111;10240;10228
2179;18706355000;18213622222;18713622222;10240;10228
2180;18706604000;18213622222;18713622222;10240;10228
2181;18706615000;18254977777;18754977777;10240;10228
2182;18706852000;18254977777;18754977777;10240;10228
2196;18707067000;18296644444;18796644444;10240;10228
2185;18707079000;18254977777;18754977777;10240;10228
2188;18707084000;18254988888;18754988888;10240;10228
2189;18707089000;18255300000;18755300000;10240;10228
2198;18707103000;18296644444;18796644444;10240;10228
2190;18707261000;18255300000;18755300000;10240;10228
2193;18707396000;18296644444;18796644444;10240;10228
2194;18707409000;18296644444;18796644444;10240;10228
2200;18707508000;18296977777;18796977777;10240;10228
2201;18707531000;18296977777;18796977777;10240;10228
2197;18707677000;18296644444;18796644444;10240;10228
2199;18707689000;18296655555;18796655555;10240;10228
2202;18721323000;18296977777;18796977777;10240;10228
2204;18721500000;18338311111;18838311111;10240;10228
2205;18721789000;18338311111;18838311111;10240;10228
2206;18722000000;18338311111;18838311111;10240;10228
2207;18722186000;18338311111;18838311111;10240;10228
2140;18722205000;18088311111;18588311111;10240;10228
2209;18734708000;18338311111;18838311111;10240;10228
2210;18734726000;18338322222;18838322222;10240;10228
2147;18734925000;18088622222;18588622222;10240;10228
2211;18735134000;18338611111;18838611111;10240;10228
2212;18735155000;18338611111;18838611111;10240;10228
2213;18735359000;18338611111;18838611111;10240;10228
2214;18776622000;18379977777;18879977777;10240;10228
2215;18776889000;18379977777;18879977777;10240;10228
2216;18777172000;18379977777;18879977777;10240;10228
2217;18786472000;18379977777;18879977777;10240;10228
2218;18786666000;18379977777;18879977777;10240;10228
2219;18795197000;18379977777;18879977777;10240;10228
2221;18795216000;18379988888;18879988888;10240;10228
2222;18795318000;18380255555;18880255555;10240;10228
2220;18795342000;18379977777;18879977777;10240;10228
2223;18795530000;18380255555;18880255555;10240;10228
2225;18836627000;18421655555;18921655555;10240;10228
2226;18836639000;18421655555;18921655555;10240;10228
2166;18836653000;18171666666;18671666666;10240;10228
2167;18836860000;18172000000;18672000000;10240;10228
2224;18837046000;18380255555;18880255555;10240;10228
2227;18837058000;18421655555;18921655555;10240;10228
2228;18837116000;18421655555;18921655555;10240;10228
2229;18843084000;18421655555;18921655555;10240;10228
2230;18846590000;18421655555;18921655555;10240;10228
2231;18847120000;18421655555;18921655555;10240;10228
2234;18847593000;18421988888;18921988888;10240;10228
2233;18847709000;18421988888;18921988888;10240;10228
2172;18945136000;18213311111;18713311111;10240;10228
2191;18945370000;18255300000;18755300000;10240;10228
2192;18945383000;18296644444;18796644444;10240;10228
2184;18945768000;18254977777;18754977777;10240;10228
2238;18946055000;18463311111;18963311111;10240;10228
2242;18946190000;18463311111;18963311111;10240;10228
2245;18946284000;18463622222;18963622222;10240;10228
2246;18946292000;18463622222;18963622222;10240;10228
2247;18946297000;18505000000;19005000000;10240;10228
2235;18946580000;18421988888;18921988888;10240;10228
2241;18946768000;18463311111;18963311111;10240;10228
2243;18946780000;18463322222;18963322222;10240;10228
2248;18946982000;18505000000;19005000000;10240;10228
2250;18947002000;18505000000;19005000000;10240;10228
2252;18947331000;18505000000;19005000000;10240;10228
2251;18947503000;18505000000;19005000000;10240;10228
2254;18947513000;18505022222;19005022222;10240;10228
2255;18947604000;18505322222;19005322222;10240;10228
2253;18947784000;18505000000;19005000000;10240;10228
2257;18947809000;18505322222;19005322222;10240;10228
2258;18947819000;18546644444;19046644444;10240;10228
2259;18947950000;18546644444;19046644444;10240;10228
2262;18961845000;18546644444;19046644444;10240;10228
2263;18962044000;18546644444;19046644444;10240;10228
2264;18962072000;18546644444;19046644444;10240;10228
2265;18962259000;18546655555;19046655555;10240;10228
2203;18962270000;18338311111;18838311111;10240;10228
2266;18962287000;18546977777;19046977777;10240;10228
2267;18962501000;18546977777;19046977777;10240;10228
2208;18975099000;18338311111;18838311111;10240;10228
2269;18975144000;18588300000;19088300000;10240;10228
2268;18975280000;18546977777;19046977777;10240;10228
2273;18975620000;18588300000;19088300000;10240;10228
2271;18975636000;18588300000;19088300000;10240;10228
2272;18976013000;18588300000;19088300000;10240;10228
2274;19017087000;18588300000;19088300000;10240;10228
2275;19017284000;18588300000;19088300000;10240;10228
2276;19017491000;18588322222;19088322222;10240;10228
2279;19035576000;18588622222;19088622222;10240;10228
2280;19035602000;18629966666;19129966666;10240;10228
2281;19035631000;18629966666;19129966666;10240;10228
2282;19035869000;18629966666;19129966666;10240;10228
2287;19077319000;18629977777;19129977777;10240;10228
2284;19077896000;18629966666;19129966666;10240;10228
2288;19077910000;18630288888;19130288888;10240;10228
2289;19078096000;18630288888;19130288888;10240;10228
2290;19083591000;18630288888;19130288888;10240;10228
2291;19087046000;18671788888;19171788888;10240;10228
2292;19087624000;18671788888;19171788888;10240;10228
2294;19087899000;18671788888;19171788888;10240;10228
2293;19088046000;18671788888;19171788888;10240;10228
2295;19088231000;18671788888;19171788888;10240;10228
2237;19185518000;18463311111;18963311111;10240;10228
2244;19185574000;18463622222;18963622222;10240;10228
2249;19185618000;18505000000;19005000000;10240;10228
2236;19185648000;18463311111;18963311111;10240;10228
2240;19186035000;18463311111;18963311111;10240;10228
2299;19186543000;18672488888;19172488888;10240;10228
2303;19186554000;18713288888;19213288888;10240;10228
2304;19186664000;18713288888;19213288888;10240;10228
2306;19186674000;18713288888;19213288888;10240;10228
2307;19186728000;18713288888;19213288888;10240;10228
2309;19186838000;18713300000;19213300000;10240;10228
2310;19186847000;18713577777;19213577777;10240;10228
2256;19186852000;18505322222;19005322222;10240;10228
2260;19187271000;18546644444;19046644444;10240;10228
2312;19187306000;18713577777;19213577777;10240;10228
2261;19187438000;18546644444;19046644444;10240;10228
2314;19187672000;18754966666;19254966666;10240;10228
2316;19187819000;18754966666;19254966666;10240;10228
2318;19187854000;18754966666;19254966666;10240;10228
2296;19187867000;18671788888;19171788888;10240;10228
2297;19187888000;18671788888;19171788888;10240;10228
2319;19188104000;18754966666;19254966666;10240;10228
2298;19188124000;18672133333;19172133333;10240;10228
2301;19188151000;18672488888;19172488888;10240;10228
2320;19188163000;18754988888;19254988888;10240;10228
2321;19188210000;18755266666;19255266666;10240;10228
2302;19188259000;18713288888;19213288888;10240;10228
2322;19188381000;18755266666;19255266666;10240;10228
2305;19188462000;18713288888;19213288888;10240;10228
2308;19188475000;18713288888;19213288888;10240;10228
2311;19188667000;18713577777;19213577777;10240;10228
2313;19188682000;18754966666;19254966666;10240;10228
2315;19188881000;18754966666;19254966666;10240;10228
2317;19188909000;18754966666;19254966666;10240;10228
2323;19202178000;18755266666;19255266666;10240;10228
2325;19202354000;18796633333;19296633333;10240;10228
2324;19202375000;18796633333;19296633333;10240;10228
2326;19202393000;18796633333;19296633333;10240;10228
2327;19202615000;18796633333;19296633333;10240;10228
2328;19202631000;18796633333;19296633333;10240;10228
2329;19202648000;18796633333;19296633333;10240;10228
2330;19202815000;18796633333;19296633333;10240;10228
2331;19215440000;18796644444;19296644444;10240;10228
2333;19215633000;18797011111;19297011111;10240;10228
2334;19215978000;18797011111;19297011111;10240;10228
2335;19216002000;18838300000;19338300000;10240;10228
2336;19216156000;18838300000;19338300000;10240;10228
2338;19257488000;18838300000;19338300000;10240;10228
2277;19257653000;18588622222;19088622222;10240;10228
2278;19257860000;18588622222;19088622222;10240;10228
2337;19258057000;18838300000;19338300000;10240;10228
2339;19258261000;18838300000;19338300000;10240;10228
2340;19258272000;18838300000;19338300000;10240;10228
2341;19267333000;18838300000;19338300000;10240;10228
2285;19276029000;18629966666;19129966666;10240;10228
2286;19276044000;18629966666;19129966666;10240;10228
2283;19276537000;18629966666;19129966666;10240;10228
2342;19276569000;18838311111;19338311111;10240;10228
2343;19276760000;18838622222;19338622222;10240;10228
2344;19276776000;18838622222;19338622222;10240;10228
2300;19317376000;18672488888;19172488888;10240;10228
2345;19317392000;18838622222;19338622222;10240;10228
2346;19317627000;18879966666;19379966666;10240;10228
2349;19317642000;18879966666;19379966666;10240;10228
2348;19317822000;18879966666;19379966666;10240;10228
2352;19324113000;18879966666;19379966666;10240;10228
2354;19328370000;18880266666;19380266666;10240;10228
2355;19328494000;18880266666;19380266666;10240;10228
2356;19328732000;18880266666;19380266666;10240;10228
2357;19328746000;18921644444;19421644444;10240;10228
2358;19426273000;18921644444;19421644444;10240;10228
2359;19426854000;18921644444;19421644444;10240;10228
2363;19426869000;18921644444;19421644444;10240;10228
2364;19426879000;18921655555;19421655555;10240;10228
2366;19427006000;18921977777;19421977777;10240;10228
2367;19427026000;18921977777;19421977777;10240;10228
2369;19427042000;18963311111;19463311111;10240;10228
2370;19427176000;18963311111;19463311111;10240;10228
2371;19427226000;18963311111;19463311111;10240;10228
2360;19427446000;18921644444;19421644444;10240;10228
2361;19427646000;18921644444;19421644444;10240;10228
2362;19427656000;18921644444;19421644444;10240;10228
2365;19427894000;18921977777;19421977777;10240;10228
2368;19427914000;18963311111;19463311111;10240;10228
2377;19428027000;18963633333;19463633333;10240;10228
2372;19428066000;18963311111;19463311111;10240;10228
2381;19428121000;19004988888;19504988888;10240;10228
2373;19428259000;18963311111;19463311111;10240;10228
2374;19428269000;18963311111;19463311111;10240;10228
2378;19428463000;18963633333;19463633333;10240;10228
2379;19428703000;19004988888;19504988888;10240;10228
2380;19428714000;19004988888;19504988888;10240;10228
2382;19428917000;19004988888;19504988888;10240;10228
2383;19428937000;19004988888;19504988888;10240;10228
2384;19429087000;19004988888;19504988888;10240;10228
2385;19429113000;19004988888;19504988888;10240;10228
2386;19442704000;19005011111;19505011111;10240;10228
2387;19442744000;19005288888;19505288888;10240;10228
2388;19442756000;19005288888;19505288888;10240;10228
2389;19442931000;19005288888;19505288888;10240;10228
2391;19442957000;19046644444;19546644444;10240;10228
2392;19442966000;19046644444;19546644444;10240;10228
2332;19443465000;18797011111;19297011111;10240;10228
2390;19443715000;19046644444;19546644444;10240;10228
2393;19455815000;19046644444;19546644444;10240;10228
2395;19455838000;19046644444;19546644444;10240;10228
2394;19455980000;19046644444;19546644444;10240;10228
2396;19456368000;19046644444;19546644444;10240;10228
2397;19456378000;19046655555;19546655555;10240;10228
2399;19498021000;19047022222;19547022222;10240;10228
2400;19498039000;19047022222;19547022222;10240;10228
2401;19498059000;19088322222;19588322222;10240;10228
2402;19498090000;19088322222;19588322222;10240;10228
2403;19498144000;19088322222;19588322222;10240;10228
2404;19498195000;19088322222;19588322222;10240;10228
2398;19498405000;19047022222;19547022222;10240;10228
2405;19498652000;19088322222;19588322222;10240;10228
2406;19507677000;19088322222;19588322222;10240;10228
2407;19516327000;19088322222;19588322222;10240;10228
2347;19557686000;18879966666;19379966666;10240;10228
2350;19557727000;18879966666;19379966666;10240;10228
2351;19557739000;18879966666;19379966666;10240;10228
2353;19557771000;18879977777;19379977777;10240;10228
2409;19557822000;19088622222;19588622222;10240;10228
2410;19557847000;19088622222;19588622222;10240;10228
2408;19558068000;19088333333;19588333333;10240;10228
2411;19558249000;19088622222;19588622222;10240;10228
2412;19558282000;19129966666;19629966666;10240;10228
2413;19558866000;19129966666;19629966666;10240;10228
2414;19559061000;19129966666;19629966666;10240;10228
2416;19564419000;19129966666;19629966666;10240;10228
2417;19564433000;19129966666;19629966666;10240;10228
2415;19564582000;19129966666;19629966666;10240;10228
2418;19568777000;19129966666;19629966666;10240;10228
2420;19568800000;19130266666;19630266666;10240;10228
2419;19568826000;19129977777;19629977777;10240;10228
2421;19569129000;19130266666;19630266666;10240;10228
2422;19569151000;19130266666;19630266666;10240;10228
2375;19666293000;18963322222;19463322222;10240;10228
2376;19666336000;18963633333;19463633333;10240;10228
2424;19666700000;19171644444;19671644444;10240;10228
2425;19667272000;19171644444;19671644444;10240;10228
2428;19667281000;19171644444;19671644444;10240;10228
2426;19667680000;19171644444;19671644444;10240;10228
2427;19667692000;19171644444;19671644444;10240;10228
2437;19667702000;19213311111;19713311111;10240;10228
2429;19667712000;19171644444;19671644444;10240;10228
2430;19667844000;19171655555;19671655555;10240;10228
2431;19668044000;19172011111;19672011111;10240;10228
2432;19668061000;19172011111;19672011111;10240;10228
2433;19668248000;19172011111;19672011111;10240;10228
2435;19668265000;19213311111;19713311111;10240;10228
2439;19668356000;19213311111;19713311111;10240;10228
2440;19668366000;19213311111;19713311111;10240;10228
2444;19668386000;19213611111;19713611111;10240;10228
2445;19668392000;19254977777;19754977777;10240;10228
2436;19668461000;19213311111;19713311111;10240;10228
2441;19668700000;19213322222;19713322222;10240;10228
2442;19668711000;19213611111;19713611111;10240;10228
2443;19668898000;19213611111;19713611111;10240;10228
2446;19668919000;19254977777;19754977777;10240;10228
2447;19669245000;19254977777;19754977777;10240;10228
2448;19669255000;19254977777;19754977777;10240;10228
2449;19669391000;19254977777;19754977777;10240;10228
2450;19682995000;19254977777;19754977777;10240;10228
2452;19683006000;19254988888;19754988888;10240;10228
2453;19683071000;19255277777;19755277777;10240;10228
2454;19683124000;19255277777;19755277777;10240;10228
2451;19683142000;19254977777;19754977777;10240;10228
2455;19683212000;19255277777;19755277777;10240;10228
2456;19683253000;19296644444;19796644444;10240;10228
2457;19683303000;19296644444;19796644444;10240;10228
2458;19697027000;19296644444;19796644444;10240;10228
2459;19697224000;19296644444;19796644444;10240;10228
2461;19697245000;19296644444;19796644444;10240;10228
2462;19697425000;19296644444;19796644444;10240;10228
2463;19738439000;19296655555;19796655555;10240;10228
2464;19738684000;19297000000;19797000000;10240;10228
2465;19738692000;19297000000;19797000000;10240;10228
2466;19738697000;19297000000;19797000000;10240;10228
2467;19738798000;19338311111;19838311111;10240;10228
2468;19738939000;19338311111;19838311111;10240;10228
2469;19738960000;19338311111;19838311111;10240;10228
2470;19739055000;19338311111;19838311111;10240;10228
2471;19748028000;19338311111;19838311111;10240;10228
2472;19756714000;19338311111;19838311111;10240;10228
2475;19798433000;19338622222;19838622222;10240;10228
2476;19798446000;19338622222;19838622222;10240;10228
2477;19798724000;19338622222;19838622222;10240;10228
2478;19798737000;19379966666;19879966666;10240;10228
2479;19799461000;19379966666;19879966666;10240;10228
2480;19804765000;19379966666;19879966666;10240;10228
2482;19804786000;19379966666;19879966666;10240;10228
2481;19804919000;19379966666;19879966666;10240;10228
2423;19809380000;19171644444;19671644444;10240;10228
2485;19809430000;19379977777;19879977777;10240;10228
2486;19809452000;19380244444;19880244444;10240;10228
2483;19810008000;19379966666;19879966666;10240;10228
2484;19810020000;19379966666;19879966666;10240;10228
2438;19906792000;19213311111;19713311111;10240;10228
2487;19907124000;19380244444;19880244444;10240;10228
2489;19907404000;19421644444;19921644444;10240;10228
2490;19907433000;19421644444;19921644444;10240;10228
2491;19907654000;19421644444;19921644444;10240;10228
2496;19907993000;19421666666;19921666666;10240;10228
2497;19908008000;19421988888;19921988888;10240;10228
2500;19908015000;19463311111;19963311111;10240;10228
2501;19908019000;19463311111;19963311111;10240;10228
2503;19908180000;19463311111;19963311111;10240;10228
2488;19908318000;19380244444;19880244444;10240;10228
2492;19908330000;19421644444;19921644444;10240;10228
2493;19908512000;19421644444;19921644444;10240;10228
2494;19908523000;19421644444;19921644444;10240;10228
2504;19908661000;19463311111;19963311111;10240;10228
2505;19908736000;19463311111;19963311111;10240;10228
2498;19908758000;19421988888;19921988888;10240;10228
2506;19908763000;19463311111;19963311111;10240;10228
2499;19908934000;19421988888;19921988888;10240;10228
2502;19908954000;19463311111;19963311111;10240;10228
2507;19909138000;19463322222;19963322222;10240;10228
2508;19909149000;19463622222;19963622222;10240;10228
2509;19909327000;19463622222;19963622222;10240;10228
2510;19909338000;19463622222;19963622222;10240;10228
2512;19909575000;19504977777;20004977777;10240;10228
2517;19923478000;19504977777;20004977777;10240;10228
2515;19923602000;19504977777;20004977777;10240;10228
2519;19923614000;19505277777;20005277777;10240;10228
2520;19923708000;19505277777;20005277777;10240;10228
2521;19923719000;19505277777;20005277777;10240;10228
2516;19923810000;19504977777;20004977777;10240;10228
2518;19923824000;19504988888;20004988888;10240;10228
2522;19923830000;19546655555;20046655555;10240;10228
2460;19936624000;19296644444;19796644444;10240;10228
2523;19937251000;19546655555;20046655555;10240;10228
2524;19937703000;19546655555;20046655555;10240;10228
2526;19937907000;19546655555;20046655555;10240;10228
2527;19978981000;19546655555;20046655555;10240;10228
2528;19979037000;19546655555;20046655555;10240;10228
2529;19979123000;19546666666;20046666666;10240;10228
2530;19979264000;19547000000;20047000000;10240;10228
2533;19979379000;19588322222;20088322222;10240;10228
2534;19979541000;19588322222;20088322222;10240;10228
2473;19979551000;19338311111;19838311111;10240;10228
2535;19979575000;19588322222;20088322222;10240;10228
2474;19979752000;19338322222;19838322222;10240;10228
2531;19980188000;19547000000;20047000000;10240;10228
2537;19997040000;19588322222;20088322222;10240;10228
2540;20038683000;19588333333;20088333333;10240;10228
2542;20038819000;19588655555;20088655555;10240;10228
2544;20039085000;19629988888;20129988888;10240;10228
2539;20039335000;19588322222;20088322222;10240;10228
2541;20039349000;19588655555;20088655555;10240;10228
2543;20039575000;19588655555;20088655555;10240;10228
2547;20045142000;19629988888;20129988888;10240;10228
2545;20045274000;19629988888;20129988888;10240;10228
2546;20045465000;19629988888;20129988888;10240;10228
2548;20049745000;19629988888;20129988888;10240;10228
2550;20049845000;19629988888;20129988888;10240;10228
2552;20049859000;19630322222;20130322222;10240;10228
2549;20050002000;19629988888;20129988888;10240;10228
2551;20050196000;19630000000;20130000000;10240;10228
2495;20147090000;19421644444;19921644444;10240;10228
2511;20147328000;19504977777;20004977777;10240;10228
2513;20147349000;19504977777;20004977777;10240;10228
2514;20147358000;19504977777;20004977777;10240;10228
2553;20147769000;19630322222;20130322222;10240;10228
2557;20148116000;19671655555;20171655555;10240;10228
2558;20148229000;19671655555;20171655555;10240;10228
2561;20148240000;19671655555;20171655555;10240;10228
2563;20148365000;19672000000;20172000000;10240;10228
2564;20148377000;19672000000;20172000000;10240;10228
2566;20148452000;19713311111;20213311111;10240;10228
2568;20148464000;19713311111;20213311111;10240;10228
2569;20148997000;19713311111;20213311111;10240;10228
2570;20149011000;19713311111;20213311111;10240;10228
2559;20149238000;19671655555;20171655555;10240;10228
2560;20149251000;19671655555;20171655555;10240;10228
2562;20149442000;19671666666;20171666666;10240;10228
2565;20149455000;19672000000;20172000000;10240;10228
2573;20149620000;19713322222;20213322222;10240;10228
2567;20149661000;19713311111;20213311111;10240;10228
2572;20149669000;19713311111;20213311111;10240;10228
2575;20149827000;19713633333;20213633333;10240;10228
2574;20149833000;19713633333;20213633333;10240;10228
2576;20150063000;19713633333;20213633333;10240;10228
2577;20163809000;19754966666;20254966666;10240;10228
2580;20163821000;19754966666;20254966666;10240;10228
2581;20163828000;19754966666;20254966666;10240;10228
2583;20163897000;19754966666;20254966666;10240;10228
2578;20163998000;19754966666;20254966666;10240;10228
2579;20164213000;19754966666;20254966666;10240;10228
2582;20164420000;19754966666;20254966666;10240;10228
2584;20164431000;19754977777;20254977777;10240;10228
2585;20164625000;19755288888;20255288888;10240;10228
2586;20164646000;19755288888;20255288888;10240;10228
2587;20164821000;19755288888;20255288888;10240;10228
2590;20178420000;19796644444;20296644444;10240;10228
2525;20219321000;19546655555;20046655555;10240;10228
2591;20219429000;19796644444;20296644444;10240;10228
2592;20219551000;19796644444;20296644444;10240;10228
2593;20219667000;19796644444;20296644444;10240;10228
2594;20219683000;19796644444;20296644444;10240;10228
2595;20219762000;19796655555;20296655555;10240;10228
2596;20219871000;19797000000;20297000000;10240;10228
2532;20219911000;19547000000;20047000000;10240;10228
2538;20237464000;19588322222;20088322222;10240;10228
2536;20237589000;19588322222;20088322222;10240;10228
2600;20237994000;19838300000;20338300000;10240;10228
2601;20278881000;19838300000;20338300000;10240;10228
2602;20279099000;19838300000;20338300000;10240;10228
2605;20279110000;19838300000;20338300000;10240;10228
2606;20279125000;19838311111;20338311111;10240;10228
2607;20279299000;19838611111;20338611111;10240;10228
2608;20279419000;19838611111;20338611111;10240;10228
2554;20279430000;19630322222;20130322222;10240;10228
2603;20279453000;19838300000;20338300000;10240;10228
2604;20279675000;19838300000;20338300000;10240;10228
2609;20285447000;19838611111;20338611111;10240;10228
2612;20285458000;19880022222;20380022222;10240;10228
2610;20285682000;19880022222;20380022222;10240;10228
2611;20285891000;19880022222;20380022222;10240;10228
2615;20290255000;19880022222;20380022222;10240;10228
2613;20290265000;19880022222;20380022222;10240;10228
2617;20290271000;19880033333;20380033333;10240;10228
2614;20290455000;19880022222;20380022222;10240;10228
2618;20290467000;19880300000;20380300000;10240;10228
2616;20290656000;19880022222;20380022222;10240;10228
2555;20387545000;19671655555;20171655555;10240;10228
2556;20387757000;19671655555;20171655555;10240;10228
2621;20388438000;19921644444;20421644444;10240;10228
2622;20388447000;19921644444;20421644444;10240;10228
2623;20388476000;19921644444;20421644444;10240;10228
2624;20388566000;19921644444;20421644444;10240;10228
2571;20388772000;19713311111;20213311111;10240;10228
2629;20388792000;19921977777;20421977777;10240;10228
2631;20388923000;19921977777;20421977777;10240;10228
2632;20388944000;19963322222;20463322222;10240;10228
2633;20388954000;19963322222;20463322222;10240;10228
2619;20389190000;19880300000;20380300000;10240;10228
2620;20389202000;19880300000;20380300000;10240;10228
2635;20389310000;19963322222;20463322222;10240;10228
2636;20389324000;19963322222;20463322222;10240;10228
2625;20389383000;19921644444;20421644444;10240;10228
2627;20389612000;19921644444;20421644444;10240;10228
2630;20389631000;19921977777;20421977777;10240;10228
2634;20389823000;19963322222;20463322222;10240;10228
2637;20389921000;19963322222;20463322222;10240;10228
2638;20390116000;19963322222;20463322222;10240;10228
2639;20390125000;19963588888;20463588888;10240;10228
2640;20390219000;19963855555;20463855555;10240;10228
2641;20390294000;19963855555;20463855555;10240;10228
2645;20404516000;20005233333;20505233333;10240;10228
2646;20404528000;20005233333;20505233333;10240;10228
2647;20404550000;20005233333;20505233333;10240;10228
2648;20404742000;20005233333;20505233333;10240;10228
2642;20404755000;19963855555;20463855555;10240;10228
2649;20404873000;20005233333;20505233333;10240;10228
2643;20404975000;20005233333;20505233333;10240;10228
2644;20404997000;20005233333;20505233333;10240;10228
2652;20405148000;20005844444;20505844444;10240;10228
2650;20405160000;20005544444;20505544444;10240;10228
2651;20405383000;20005844444;20505844444;10240;10228
2653;20418979000;20005844444;20505844444;10240;10228
2588;20459720000;19796644444;20296644444;10240;10228
2589;20459738000;19796644444;20296644444;10240;10228
2655;20459972000;20046622222;20546622222;10240;10228
2656;20459990000;20046622222;20546622222;10240;10228
2658;20460010000;20046622222;20546622222;10240;10228
2659;20460043000;20046622222;20546622222;10240;10228
2660;20460149000;20046622222;20546622222;10240;10228
2661;20460326000;20046633333;20546633333;10240;10228
2597;20460493000;19797000000;20297000000;10240;10228
2598;20460723000;19797000000;20297000000;10240;10228
2654;20460751000;20046622222;20546622222;10240;10228
2657;20460885000;20046622222;20546622222;10240;10228
2599;20477999000;19838300000;20338300000;10240;10228
2662;20478176000;20046911111;20546911111;10240;10228
2667;20519446000;20088277777;20588277777;10240;10228
2668;20519547000;20088277777;20588277777;10240;10228
2672;20519568000;20088288888;20588288888;10240;10228
2663;20519659000;20046911111;20546911111;10240;10228
2664;20519669000;20046911111;20546911111;10240;10228
2669;20519863000;20088277777;20588277777;10240;10228
2670;20519882000;20088277777;20588277777;10240;10228
2671;20520103000;20088277777;20588277777;10240;10228
2673;20520124000;20088544444;20588544444;10240;10228
2674;20525924000;20088544444;20588544444;10240;10228
2675;20526116000;20088544444;20588544444;10240;10228
2677;20530725000;20129966666;20629966666;10240;10228
2678;20530744000;20129966666;20629966666;10240;10228
2679;20530748000;20129966666;20629966666;10240;10228
2676;20530859000;20129966666;20629966666;10240;10228
2680;20530864000;20129966666;20629966666;10240;10228
2681;20531024000;20129966666;20629966666;10240;10228
2682;20531235000;20129966666;20629966666;10240;10228
2684;20628154000;20130255555;20630255555;10240;10228
2626;20628342000;19921644444;20421644444;10240;10228
2628;20628547000;19921655555;20421655555;10240;10228
2685;20628793000;20130255555;20630255555;10240;10228
2692;20629211000;20171644444;20671644444;10240;10228
2693;20629222000;20171644444;20671644444;10240;10228
2695;20629229000;20171955555;20671955555;10240;10228
2699;20629381000;20213311111;20713311111;10240;10228
2700;20629632000;20213311111;20713311111;10240;10228
2683;20629644000;20129977777;20629977777;10240;10228
2686;20629660000;20130255555;20630255555;10240;10228
2701;20629665000;20213311111;20713311111;10240;10228
2688;20629798000;20171644444;20671644444;10240;10228
2690;20629821000;20171644444;20671644444;10240;10228
2694;20630002000;20171655555;20671655555;10240;10228
2696;20630023000;20171955555;20671955555;10240;10228
2698;20630207000;20213311111;20713311111;10240;10228
2703;20630465000;20213311111;20713311111;10240;10228
2704;20630609000;20213311111;20713311111;10240;10228
2706;20630716000;20213600000;20713600000;10240;10228
2705;20630727000;20213322222;20713322222;10240;10228
2707;20644517000;20213600000;20713600000;10240;10228
2708;20644853000;20213600000;20713600000;10240;10228
2709;20644984000;20255000000;20755000000;10240;10228
2710;20645021000;20255000000;20755000000;10240;10228
2711;20645050000;20255000000;20755000000;10240;10228
2712;20645147000;20255000000;20755000000;10240;10228
2713;20645361000;20255000000;20755000000;10240;10228
2717;20645497000;20255311111;20755311111;10240;10228
2714;20645691000;20255000000;20755000000;10240;10228
2715;20645898000;20255000000;20755000000;10240;10228
2716;20645907000;20255022222;20755022222;10240;10228
2718;20700241000;20255311111;20755311111;10240;10228
2719;20700263000;20255311111;20755311111;10240;10228
2720;20700421000;20296644444;20796644444;10240;10228
2723;20700567000;20296644444;20796644444;10240;10228
2724;20700648000;20296644444;20796644444;10240;10228
2722;20701125000;20296644444;20796644444;10240;10228
2725;20701284000;20296644444;20796644444;10240;10228
2728;20718750000;20296955555;20796955555;10240;10228
2665;20759569000;20088277777;20588277777;10240;10228
2666;20759772000;20088277777;20588277777;10240;10228
2731;20759838000;20338300000;20838300000;10240;10228
2737;20759989000;20338300000;20838300000;10240;10228
2729;20760168000;20296955555;20796955555;10240;10228
2732;20760175000;20338300000;20838300000;10240;10228
2733;20760383000;20338300000;20838300000;10240;10228
2734;20760394000;20338300000;20838300000;10240;10228
2738;20766196000;20338311111;20838311111;10240;10228
2739;20766412000;20338611111;20838611111;10240;10228
2740;20766617000;20338611111;20838611111;10240;10228
2741;20771173000;20338611111;20838611111;10240;10228
2745;20771381000;20379977777;20879977777;10240;10228
2747;20771499000;20379977777;20879977777;10240;10228
2742;20771698000;20379977777;20879977777;10240;10228
2744;20771886000;20379977777;20879977777;10240;10228
2746;20771898000;20379977777;20879977777;10240;10228
2687;20868226000;20171644444;20671644444;10240;10228
2689;20868259000;20171644444;20671644444;10240;10228
2691;20868275000;20171644444;20671644444;10240;10228
2748;20868640000;20379977777;20879977777;10240;10228
2697;20868983000;20171955555;20671955555;10240;10228
2749;20869009000;20379988888;20879988888;10240;10228
2750;20869123000;20380255555;20880255555;10240;10228
2702;20869152000;20213311111;20713311111;10240;10228
2752;20869475000;20380255555;20880255555;10240;10228
2755;20869493000;20421633333;20921633333;10240;10228
2756;20869508000;20421633333;20921633333;10240;10228
2758;20869647000;20421633333;20921633333;10240;10228
2759;20869668000;20421633333;20921633333;10240;10228
2761;20869779000;20421966666;20921966666;10240;10228
2764;20869798000;20463311111;20963311111;10240;10228
2753;20869803000;20421633333;20921633333;10240;10228
2754;20869966000;20421633333;20921633333;10240;10228
2757;20869988000;20421633333;20921633333;10240;10228
2760;20870170000;20421644444;20921644444;10240;10228
2762;20870183000;20421966666;20921966666;10240;10228
2763;20870360000;20421966666;20921966666;10240;10228
2765;20870373000;20463311111;20963311111;10240;10228
2766;20870597000;20463311111;20963311111;10240;10228
2767;20870620000;20463311111;20963311111;10240;10228
2768;20870980000;20463311111;20963311111;10240;10228
2771;20871001000;20463322222;20963322222;10240;10228
2769;20871174000;20463311111;20963311111;10240;10228
2770;20871181000;20463311111;20963311111;10240;10228
2772;20884835000;20463588888;20963588888;10240;10228
2773;20885162000;20463588888;20963588888;10240;10228
2774;20885274000;20463588888;20963588888;10240;10228
2776;20885363000;20505000000;21005000000;10240;10228
2777;20885431000;20505000000;21005000000;10240;10228
2778;20885506000;20505000000;21005000000;10240;10228
2779;20885781000;20505000000;21005000000;10240;10228
2780;20886024000;20505000000;21005000000;10240;10228
2781;20886131000;20505000000;21005000000;10240;10228
2726;20940693000;20296644444;20796644444;10240;10228
2727;20940705000;20296655555;20796655555;10240;10228
2782;20940789000;20505011111;21005011111;10240;10228
2784;20940958000;20505288888;21005288888;10240;10228
2785;20940970000;20505288888;21005288888;10240;10228
2721;20941104000;20296644444;20796644444;10240;10228
2786;20941141000;20546644444;21046644444;10240;10228
2787;20941276000;20546644444;21046644444;10240;10228
2788;20941290000;20546644444;21046644444;10240;10228
2730;20941452000;20296955555;20796955555;10240;10228
2789;20941630000;20546644444;21046644444;10240;10228
2783;20941688000;20505288888;21005288888;10240;10228
2790;20959100000;20546644444;21046644444;10240;10228
2793;20959109000;20546655555;21046655555;10240;10228
2791;20959339000;20546644444;21046644444;10240;10228
2792;20959508000;20546644444;21046644444;10240;10228
2735;21000233000;20338300000;20838300000;10240;10228
2795;21000260000;20547000000;21047000000;10240;10228
2736;21000277000;20338300000;20838300000;10240;10228
2798;21000489000;20588300000;21088300000;10240;10228
2802;21000525000;20588300000;21088300000;10240;10228
2796;21000823000;20547000000;21047000000;10240;10228
2799;21000833000;20588300000;21088300000;10240;10228
2800;21001033000;20588300000;21088300000;10240;10228
2803;21006508000;20588300000;21088300000;10240;10228
2804;21006826000;20588322222;21088322222;10240;10228
2805;21007153000;20588600000;21088600000;10240;10228
2806;21011558000;20588600000;21088600000;10240;10228
2807;21011944000;20588600000;21088600000;10240;10228
2808;21012149000;20629977777;21129977777;10240;10228
2809;21012170000;20629977777;21129977777;10240;10228
2810;21012549000;20629977777;21129977777;10240;10228
2811;21012569000;20629977777;21129977777;10240;10228
2743;21108777000;20379977777;20879977777;10240;10228
2751;21108994000;20380255555;20880255555;10240;10228
2819;21109837000;20671644444;21171644444;10240;10228
2823;21110039000;20671644444;21171644444;10240;10228
2824;21110058000;20671644444;21171644444;10240;10228
2827;21110228000;20671933333;21171933333;10240;10228
2828;21110237000;20671933333;21171933333;10240;10228
2812;21110375000;20629977777;21129977777;10240;10228
2813;21110611000;20629977777;21129977777;10240;10228
2814;21110622000;20629977777;21129977777;10240;10228
2829;21110642000;20671933333;21171933333;10240;10228
2815;21110810000;20629988888;21129988888;10240;10228
2816;21110827000;20630311111;21130311111;10240;10228
2830;21110832000;20713311111;21213311111;10240;10228
2817;21111007000;20630311111;21130311111;10240;10228
2820;21111013000;20671644444;21171644444;10240;10228
2821;21111176000;20671644444;21171644444;10240;10228
2832;21111317000;20713311111;21213311111;10240;10228
2834;21111328000;20713311111;21213311111;10240;10228
2835;21111465000;20713311111;21213311111;10240;10228
2833;21111495000;20713311111;21213311111;10240;10228
2836;21111509000;20713311111;21213311111;10240;10228
2837;21125198000;20713322222;21213322222;10240;10228
2839;21125682000;20713577777;21213577777;10240;10228
2838;21125834000;20713577777;21213577777;10240;10228
2775;21125845000;20505000000;21005000000;10240;10228
2840;21125994000;20713577777;21213577777;10240;10228
2841;21126214000;20754977777;21254977777;10240;10228
2842;21126220000;20754977777;21254977777;10240;10228
2843;21126450000;20754977777;21254977777;10240;10228
2845;21126456000;20754977777;21254977777;10240;10228
2844;21126653000;20754977777;21254977777;10240;10228
2848;21181545000;20754988888;21254988888;10240;10228
2849;21181556000;20755255555;21255255555;10240;10228
2850;21181709000;20755255555;21255255555;10240;10228
2851;21181970000;20755255555;21255255555;10240;10228
2852;21182128000;20796655555;21296655555;10240;10228
2853;21182162000;20796655555;21296655555;10240;10228
2855;21199590000;20796655555;21296655555;10240;10228
2794;21199701000;20547000000;21047000000;10240;10228
2854;21199940000;20796655555;21296655555;10240;10228
2856;21200119000;20796655555;21296655555;10240;10228
2857;21200315000;20796655555;21296655555;10240;10228
2858;21240327000;20796655555;21296655555;10240;10228
2797;21240339000;20588300000;21088300000;10240;10228
2859;21240715000;20796666666;21296666666;10240;10228
2861;21241037000;20797011111;21297011111;10240;10228
2860;21241171000;20797011111;21297011111;10240;10228
2862;21241373000;20797011111;21297011111;10240;10228
2863;21241578000;20838311111;21338311111;10240;10228
2865;21247567000;20838311111;21338311111;10240;10228
2866;21247579000;20838311111;21338311111;10240;10228
2864;21247662000;20838311111;21338311111;10240;10228
2867;21247875000;20838311111;21338311111;10240;10228
2868;21248112000;20838311111;21338311111;10240;10228
2871;21252589000;20838600000;21338600000;10240;10228
2870;21252600000;20838322222;21338322222;10240;10228
2872;21252866000;20838600000;21338600000;10240;10228
2873;21252888000;20838600000;21338600000;10240;10228
2874;21252918000;20879977777;21379977777;10240;10228
2818;21349172000;20630311111;21130311111;10240;10228
2826;21349284000;20671655555;21171655555;10240;10228
2875;21349399000;20879977777;21379977777;10240;10228
2822;21349563000;20671644444;21171644444;10240;10228
2825;21349971000;20671644444;21171644444;10240;10228
2876;21350381000;20879977777;21379977777;10240;10228
2879;21350396000;20879977777;21379977777;10240;10228
2880;21350402000;20879977777;21379977777;10240;10228
2883;21350407000;20880244444;21380244444;10240;10228
2885;21350431000;20921644444;21421644444;10240;10228
2886;21350514000;20921644444;21421644444;10240;10228
2877;21350589000;20879977777;21379977777;10240;10228
2887;21350715000;20921644444;21421644444;10240;10228
2892;21350800000;20921655555;21421655555;10240;10228
2878;21350811000;20879977777;21379977777;10240;10228
2881;21350816000;20879988888;21379988888;10240;10228
2882;21350956000;20880244444;21380244444;10240;10228
2884;21350967000;20880244444;21380244444;10240;10228
2888;21351158000;20921644444;21421644444;10240;10228
2889;21351343000;20921644444;21421644444;10240;10228
2891;21351352000;20921644444;21421644444;10240;10228
2831;21351545000;20713311111;21213311111;10240;10228
2893;21351572000;20921955555;21421955555;10240;10228
2895;21352046000;20921955555;21421955555;10240;10228
2897;21352161000;20963300000;21463300000;10240;10228
2896;21352627000;20963300000;21463300000;10240;10228
2898;21352647000;20963300000;21463300000;10240;10228
2899;21365646000;20963300000;21463300000;10240;10228
2900;21366066000;20963300000;21463300000;10240;10228
2902;21366388000;20963300000;21463300000;10240;10228
2903;21366400000;20963311111;21463311111;10240;10228
2904;21366768000;20963600000;21463600000;10240;10228
2905;21367005000;20963600000;21463600000;10240;10228
2906;21367014000;20963600000;21463600000;10240;10228
2908;21367019000;21004977777;21504977777;10240;10228
2907;21367186000;21004977777;21504977777;10240;10228
2909;21421739000;21004977777;21504977777;10240;10228
2846;21421750000;20754977777;21254977777;10240;10228
2910;21421932000;21004977777;21504977777;10240;10228
2847;21421960000;20754977777;21254977777;10240;10228
2912;21421981000;21004977777;21504977777;10240;10228
2913;21422103000;21004977777;21504977777;10240;10228
2914;21422228000;21004988888;21504988888;10240;10228
2915;21422446000;21005244444;21505244444;10240;10228
2916;21422464000;21005244444;21505244444;10240;10228
2917;21440595000;21005244444;21505244444;10240;10228
2918;21440605000;21046633333;21546633333;10240;10228
2919;21440800000;21046633333;21546633333;10240;10228
2920;21440809000;21046633333;21546633333;10240;10228
2921;21440994000;21046633333;21546633333;10240;10228
2869;21480662000;20838311111;21338311111;10240;10228
2925;21481489000;21046644444;21546644444;10240;10228
2926;21481681000;21046966666;21546966666;10240;10228
2928;21488131000;21046966666;21546966666;10240;10228
2929;21488336000;21088311111;21588311111;10240;10228
2930;21488345000;21088311111;21588311111;10240;10228
2931;21488494000;21088311111;21588311111;10240;10228
2932;21488748000;21088311111;21588311111;10240;10228
2934;21493014000;21088311111;21588311111;10240;10228
2935;21493033000;21088311111;21588311111;10240;10228
2933;21493203000;21088311111;21588311111;10240;10228
2936;21493222000;21088322222;21588322222;10240;10228
2937;21493494000;21088566666;21588566666;10240;10228
2938;21493713000;21088566666;21588566666;10240;10228
2890;21590637000;20921644444;21421644444;10240;10228
2942;21590696000;21129977777;21629977777;10240;10228
2943;21590712000;21129977777;21629977777;10240;10228
2894;21590859000;20921955555;21421955555;10240;10228
2944;21590883000;21129977777;21629977777;10240;10228
2940;21591078000;21129977777;21629977777;10240;10228
2941;21591282000;21129977777;21629977777;10240;10228
2945;21591295000;21129977777;21629977777;10240;10228
2953;21591300000;21171644444;21671644444;10240;10228
2954;21591306000;21171644444;21671644444;10240;10228
2946;21591430000;21129977777;21629977777;10240;10228
2947;21591441000;21129988888;21629988888;10240;10228
2949;21591673000;21130233333;21630233333;10240;10228
2950;21591684000;21130233333;21630233333;10240;10228
2951;21591885000;21171644444;21671644444;10240;10228
2952;21592092000;21171644444;21671644444;10240;10228
2955;21592103000;21171644444;21671644444;10240;10228
2959;21592108000;21171933333;21671933333;10240;10228
2958;21592250000;21171655555;21671655555;10240;10228
2960;21592710000;21171933333;21671933333;10240;10228
2961;21592921000;21171933333;21671933333;10240;10228
2963;21606561000;21213311111;21713311111;10240;10228
2964;21606573000;21213311111;21713311111;10240;10228
2901;21606577000;20963300000;21463300000;10240;10228
2965;21606805000;21213311111;21713311111;10240;10228
2962;21606816000;21213311111;21713311111;10240;10228
2966;21606830000;21213311111;21713311111;10240;10228
2967;21607151000;21213311111;21713311111;10240;10228
2968;21607406000;21213311111;21713311111;10240;10228
2969;21607418000;21213322222;21713322222;10240;10228
2971;21607612000;21213577777;21713577777;10240;10228
2970;21607793000;21213577777;21713577777;10240;10228
2911;21662180000;21004977777;21504977777;10240;10228
2972;21662321000;21213577777;21713577777;10240;10228
2974;21662436000;21254977777;21754977777;10240;10228
2975;21662550000;21254977777;21754977777;10240;10228
2976;21662608000;21254977777;21754977777;10240;10228
2978;21662639000;21254977777;21754977777;10240;10228
2979;21662762000;21254977777;21754977777;10240;10228
2980;21662773000;21254988888;21754988888;10240;10228
2973;21662896000;21254977777;21754977777;10240;10228
2977;21662906000;21254977777;21754977777;10240;10228
2981;21680259000;21255255555;21755255555;10240;10228
2982;21681118000;21255255555;21755255555;10240;10228
2983;21681139000;21255255555;21755255555;10240;10228
2984;21681255000;21296655555;21796655555;10240;10228
2985;21681313000;21296655555;21796655555;10240;10228
2922;21720978000;21046633333;21546633333;10240;10228
2924;21721176000;21046633333;21546633333;10240;10228
2927;21721390000;21046966666;21546966666;10240;10228
2986;21721589000;21296655555;21796655555;10240;10228
2988;21721754000;21296655555;21796655555;10240;10228
2989;21721781000;21296655555;21796655555;10240;10228
2990;21721977000;21296655555;21796655555;10240;10228
2987;21721986000;21296655555;21796655555;10240;10228
2939;21728728000;21088566666;21588566666;10240;10228
2992;21728859000;21296966666;21796966666;10240;10228
2993;21729073000;21296966666;21796966666;10240;10228
2995;21729145000;21338311111;21838311111;10240;10228
2991;21729233000;21296666666;21796666666;10240;10228
2996;21733416000;21338311111;21838311111;10240;10228
3000;21733924000;21338311111;21838311111;10240;10228
2998;21734263000;21338311111;21838311111;10240;10228
2999;21734274000;21338311111;21838311111;10240;10228
2956;21830245000;21171644444;21671644444;10240;10228
2957;21830274000;21171644444;21671644444;10240;10228
2948;21830572000;21130233333;21630233333;10240;10228
3002;21830972000;21338322222;21838322222;10240;10228
3004;21831092000;21338577777;21838577777;10240;10228
3005;21831104000;21338577777;21838577777;10240;10228
3006;21831119000;21379966666;21879966666;10240;10228
3003;21831263000;21338577777;21838577777;10240;10228
3008;21831285000;21379966666;21879966666;10240;10228
3007;21831441000;21379966666;21879966666;10240;10228
3009;21831684000;21379966666;21879966666;10240;10228
3010;21831697000;21379966666;21879966666;10240;10228
3013;21831702000;21379977777;21879977777;10240;10228
3014;21831714000;21380211111;21880211111;10240;10228
3018;21831825000;21421633333;21921633333;10240;10228
3011;21831848000;21379966666;21879966666;10240;10228
3012;21832074000;21379966666;21879966666;10240;10228
3015;21832085000;21380211111;21880211111;10240;10228
3016;21832275000;21380211111;21880211111;10240;10228
3017;21832447000;21421633333;21921633333;10240;10228
3021;21832594000;21421633333;21921633333;10240;10228
3022;21832615000;21421633333;21921633333;10240;10228
3019;21832730000;21421633333;21921633333;10240;10228
3020;21832892000;21421633333;21921633333;10240;10228
3023;21832912000;21421633333;21921633333;10240;10228
3024;21833242000;21421644444;21921644444;10240;10228
3030;21847249000;21463311111;21963311111;10240;10228
3031;21847508000;21463311111;21963311111;10240;10228
3032;21847876000;21463311111;21963311111;10240;10228
3033;21848089000;21463311111;21963311111;10240;10228
3035;21848101000;21463322222;21963322222;10240;10228
3034;21848284000;21463311111;21963311111;10240;10228
3036;21902856000;21463611111;21963611111;10240;10228
3037;21902967000;21463611111;21963611111;10240;10228
3038;21902994000;21463611111;21963611111;10240;10228
3039;21903126000;21504977777;22004977777;10240;10228
3040;21903251000;21504977777;22004977777;10240;10228
3041;21903262000;21504977777;22004977777;10240;10228
3042;21903357000;21504977777;22004977777;10240;10228
3043;21903424000;21504977777;22004977777;10240;10228
3044;21920593000;21504977777;22004977777;10240;10228
3045;21920778000;21504977777;22004977777;10240;10228
3046;21921447000;21504988888;22004988888;10240;10228
3047;21921519000;21505244444;22005244444;10240;10228
3049;21921651000;21505244444;22005244444;10240;10228
2994;21961414000;21296966666;21796966666;10240;10228
3050;21961626000;21546655555;22046655555;10240;10228
3051;21961895000;21546655555;22046655555;10240;10228
3052;21962013000;21546655555;22046655555;10240;10228
3054;21962103000;21546655555;22046655555;10240;10228
3055;21962203000;21546655555;22046655555;10240;10228
3053;21962285000;21546655555;22046655555;10240;10228
3056;21968770000;21546655555;22046655555;10240;10228
3058;21969594000;21546966666;22046966666;10240;10228
3060;21969798000;21546966666;22046966666;10240;10228
3061;21974555000;21588311111;22088311111;10240;10228
3062;21974785000;21588311111;22088311111;10240;10228
3025;22071000000;21421922222;21921922222;10240;10228
3026;22071040000;21421922222;21921922222;10240;10228
3027;22071046000;21421922222;21921922222;10240;10228
3063;22071052000;21588311111;22088311111;10240;10228
3064;22071858000;21588311111;22088311111;10240;10228
3065;22071879000;21588311111;22088311111;10240;10228
3068;22072251000;21588322222;22088322222;10240;10228
3066;22072331000;21588311111;22088311111;10240;10228
3070;22072380000;21588588888;22088588888;10240;10228
3067;22072600000;21588311111;22088311111;10240;10228
3072;22072622000;21630000000;22130000000;10240;10228
3069;22072762000;21588588888;22088588888;10240;10228
3076;22072938000;21630000000;22130000000;10240;10228
3077;22072958000;21630000000;22130000000;10240;10228
3078;22072965000;21630000000;22130000000;10240;10228
3073;22072969000;21630000000;22130000000;10240;10228
3079;22073106000;21630011111;22130011111;10240;10228
3075;22073153000;21630000000;22130000000;10240;10228
3080;22073240000;21630288888;22130288888;10240;10228
3082;22073344000;21630288888;22130288888;10240;10228
3083;22073436000;21671644444;22171644444;10240;10228
3084;22073493000;21671644444;22171644444;10240;10228
3087;22073799000;21671644444;22171644444;10240;10228
3088;22074017000;21671644444;22171644444;10240;10228
3090;22087877000;21671655555;22171655555;10240;10228
3091;22088414000;21671933333;22171933333;10240;10228
3028;22088682000;21463311111;21963311111;10240;10228
3029;22088921000;21463311111;21963311111;10240;10228
3092;22088955000;21671933333;22171933333;10240;10228
3094;22089102000;21713322222;22213322222;10240;10228
3095;22143081000;21713322222;22213322222;10240;10228
3096;22143348000;21713322222;22213322222;10240;10228
3097;22143513000;21713322222;22213322222;10240;10228
3099;22143688000;21713322222;22213322222;10240;10228
3100;22143699000;21713322222;22213322222;10240;10228
3101;22143888000;21713333333;22213333333;10240;10228
3104;22144191000;21713588888;22213588888;10240;10228
3106;22144390000;21754988888;22254988888;10240;10228
3048;22161617000;21505244444;22005244444;10240;10228
3107;22161815000;21754988888;22254988888;10240;10228
3108;22162063000;21754988888;22254988888;10240;10228
3109;22162264000;21754988888;22254988888;10240;10228
3110;22162275000;21754988888;22254988888;10240;10228
3059;22201742000;21546966666;22046966666;10240;10228
3111;22201819000;21754988888;22254988888;10240;10228
3112;22201974000;21755000000;22255000000;10240;10228
3113;22202115000;21755288888;22255288888;10240;10228
3114;22202137000;21755288888;22255288888;10240;10228
3115;22202233000;21755288888;22255288888;10240;10228
3116;22202418000;21797277777;22297277777;10240;10228
3057;22202614000;21546666666;22046666666;10240;10228
3117;22202642000;21797277777;22297277777;10240;10228
3118;22209110000;21797277777;22297277777;10240;10228
3119;22209385000;21797277777;22297277777;10240;10228
3122;22210159000;21797277777;22297277777;10240;10228
3121;22210171000;21797277777;22297277777;10240;10228
3123;22214970000;21797766666;22297766666;10240;10228
3124;22215323000;21798122222;22298122222;10240;10228
3071;22310854000;21588588888;22088588888;10240;10228
3074;22310987000;21630000000;22130000000;10240;10228
3093;22311470000;21671933333;22171933333;10240;10228
3125;22311490000;21798122222;22298122222;10240;10228
3081;22311851000;21630288888;22130288888;10240;10228
3126;22312177000;21798122222;22298122222;10240;10228
3127;22312191000;21838288888;22338288888;10240;10228
3085;22312447000;21671644444;22171644444;10240;10228
3086;22312474000;21671644444;22171644444;10240;10228
3128;22312494000;21838288888;22338288888;10240;10228
3129;22312601000;21838288888;22338288888;10240;10228
3089;22312671000;21671644444;22171644444;10240;10228
3133;22312688000;21838288888;22338288888;10240;10228
3130;22312855000;21838288888;22338288888;10240;10228
3131;22313075000;21838288888;22338288888;10240;10228
3132;22313087000;21838288888;22338288888;10240;10228
3137;22313283000;21838566666;22338566666;10240;10228
3138;22313296000;21879955555;22379955555;10240;10228
3140;22313365000;21879955555;22379955555;10240;10228
3136;22313496000;21838566666;22338566666;10240;10228
3141;22313515000;21879955555;22379955555;10240;10228
3143;22313722000;21879955555;22379955555;10240;10228
3144;22313732000;21879955555;22379955555;10240;10228
3142;22313738000;21879955555;22379955555;10240;10228
3145;22313908000;21879966666;22379966666;10240;10228
3146;22314043000;21880211111;22380211111;10240;10228
3147;22314074000;21880211111;22380211111;10240;10228
3148;22314329000;21880211111;22380211111;10240;10228
3149;22328210000;21921611111;22421611111;10240;10228
3152;22328220000;21921611111;22421611111;10240;10228
3150;22328436000;21921611111;22421611111;10240;10228
3151;22328637000;21921611111;22421611111;10240;10228
3153;22328923000;21921611111;22421611111;10240;10228
3155;22329406000;21921611111;22421611111;10240;10228
3157;22329513000;21921911111;22421911111;10240;10228
3156;22329608000;21921622222;22421622222;10240;10228
3098;22383543000;21713322222;22213322222;10240;10228
3102;22383588000;21713588888;22213588888;10240;10228
3103;22383609000;21713588888;22213588888;10240;10228
3158;22383906000;21921911111;22421911111;10240;10228
3160;22384110000;21963300000;22463300000;10240;10228
3161;22384132000;21963300000;22463300000;10240;10228
3162;22384313000;21963300000;22463300000;10240;10228
3164;22384502000;21963300000;22463300000;10240;10228
3166;22384531000;21963300000;22463300000;10240;10228
3165;22384731000;21963300000;22463300000;10240;10228
3167;22384932000;21963322222;22463322222;10240;10228
3105;22401428000;21754988888;22254988888;10240;10228
3168;22401762000;21963588888;22463588888;10240;10228
3169;22402406000;21963588888;22463588888;10240;10228
3170;22402646000;21963588888;22463588888;10240;10228
3171;22402797000;22004977777;22504977777;10240;10228
3176;22442729000;22004977777;22504977777;10240;10228
3172;22442814000;22004977777;22504977777;10240;10228
3173;22443001000;22004977777;22504977777;10240;10228
3174;22443011000;22004977777;22504977777;10240;10228
3175;22443205000;22004977777;22504977777;10240;10228
3177;22443410000;22004977777;22504977777;10240;10228
3178;22443422000;22004988888;22504988888;10240;10228
3179;22449648000;22005255555;22505255555;10240;10228
3180;22449857000;22005255555;22505255555;10240;10228
3182;22450533000;22046644444;22546644444;10240;10228
3181;22450692000;22005255555;22505255555;10240;10228
3184;22455343000;22046644444;22546644444;10240;10228
3183;22455520000;22046644444;22546644444;10240;10228
3185;22455832000;22046644444;22546644444;10240;10228
3134;22551183000;21838300000;22338300000;10240;10228
3135;22551213000;21838566666;22338566666;10240;10228
3139;22551237000;21879955555;22379955555;10240;10228
3190;22552592000;22046966666;22546966666;10240;10228
3186;22552824000;22046644444;22546644444;10240;10228
3187;22552836000;22046644444;22546644444;10240;10228
3191;22552935000;22046966666;22546966666;10240;10228
3192;22553025000;22046966666;22546966666;10240;10228
3195;22553034000;22088322222;22588322222;10240;10228
3188;22553040000;22046644444;22546644444;10240;10228
3189;22553044000;22046655555;22546655555;10240;10228
3193;22553232000;22088322222;22588322222;10240;10228
3194;22553439000;22088322222;22588322222;10240;10228
3197;22553608000;22088322222;22588322222;10240;10228
3198;22553620000;22088322222;22588322222;10240;10228
3200;22553772000;22088333333;22588333333;10240;10228
3196;22553784000;22088322222;22588322222;10240;10228
3199;22553998000;22088322222;22588322222;10240;10228
3204;22554012000;22129988888;22629988888;10240;10228
3205;22554035000;22129988888;22629988888;10240;10228
3206;22554118000;22129988888;22629988888;10240;10228
3201;22554168000;22088588888;22588588888;10240;10228
3202;22554179000;22088588888;22588588888;10240;10228
3208;22554298000;22129988888;22629988888;10240;10228
3203;22554387000;22088588888;22588588888;10240;10228
3209;22554452000;22129988888;22629988888;10240;10228
3210;22554540000;22129988888;22629988888;10240;10228
3154;22568658000;21921611111;22421611111;10240;10228
3159;22568993000;21921911111;22421911111;10240;10228
3211;22569181000;22130011111;22630011111;10240;10228
3212;22569201000;22130277777;22630277777;10240;10228
3213;22569385000;22130277777;22630277777;10240;10228
3214;22569553000;22130277777;22630277777;10240;10228
3216;22569834000;22171644444;22671644444;10240;10228
3215;22569998000;22171644444;22671644444;10240;10228
3217;22570210000;22171644444;22671644444;10240;10228
3218;22570425000;22171644444;22671644444;10240;10228
3163;22624153000;21963300000;22463300000;10240;10228
3219;22624189000;22171644444;22671644444;10240;10228
3220;22624420000;22171644444;22671644444;10240;10228
3221;22624511000;22171644444;22671644444;10240;10228
3222;22624691000;22171655555;22671655555;10240;10228
3223;22624730000;22171966666;22671966666;10240;10228
3225;22624857000;22171966666;22671966666;10240;10228
3226;22624928000;22213311111;22713311111;10240;10228
3224;22624939000;22171966666;22671966666;10240;10228
3228;22625247000;22213311111;22713311111;10240;10228
3231;22625258000;22213311111;22713311111;10240;10228
3230;22625432000;22213311111;22713311111;10240;10228
3232;22641874000;22213311111;22713311111;10240;10228
3233;22641884000;22213322222;22713322222;10240;10228
3234;22642200000;22213600000;22713600000;10240;10228
3235;22643363000;22213600000;22713600000;10240;10228
3236;22643532000;22213600000;22713600000;10240;10228
3239;22683160000;22254966666;22754966666;10240;10228
3240;22683183000;22254966666;22754966666;10240;10228
3238;22683283000;22254966666;22754966666;10240;10228
3241;22683492000;22254966666;22754966666;10240;10228
3243;22684150000;22254966666;22754966666;10240;10228
3242;22684507000;22254966666;22754966666;10240;10228
3245;22690112000;22255266666;22755266666;10240;10228
3244;22690274000;22254977777;22754977777;10240;10228
3247;22690982000;22255266666;22755266666;10240;10228
3248;22695688000;22296688888;22796688888;10240;10228
3250;22696138000;22296688888;22796688888;10240;10228
3251;22791941000;22296688888;22796688888;10240;10228
3207;22792473000;22129988888;22629988888;10240;10228
3252;22792831000;22296688888;22796688888;10240;10228
3255;22792844000;22296711111;22796711111;10240;10228
3253;22793047000;22296688888;22796688888;10240;10228
3254;22793250000;22296688888;22796688888;10240;10228
3259;22793409000;22338311111;22838311111;10240;10228
3256;22793422000;22297044444;22797044444;10240;10228
3257;22793667000;22297044444;22797044444;10240;10228
3258;22793679000;22297044444;22797044444;10240;10228
3260;22793864000;22338311111;22838311111;10240;10228
3262;22793885000;22338311111;22838311111;10240;10228
3263;22793891000;22338311111;22838311111;10240;10228
3264;22794097000;22338311111;22838311111;10240;10228
3261;22794109000;22338311111;22838311111;10240;10228
3265;22794301000;22338311111;22838311111;10240;10228
3266;22794375000;22338322222;22838322222;10240;10228
3269;22794385000;22338611111;22838611111;10240;10228
3267;22794612000;22338611111;22838611111;10240;10228
3273;22794745000;22379977777;22879977777;10240;10228
3268;22794766000;22338611111;22838611111;10240;10228
3270;22794991000;22379977777;22879977777;10240;10228
3272;22795003000;22379977777;22879977777;10240;10228
3274;22795172000;22379977777;22879977777;10240;10228
3276;22808872000;22379977777;22879977777;10240;10228
3275;22809109000;22379977777;22879977777;10240;10228
3278;22809779000;22380233333;22880233333;10240;10228
3277;22809885000;22379988888;22879988888;10240;10228
3280;22810095000;22380233333;22880233333;10240;10228
3281;22810317000;22421655555;22921655555;10240;10228
3282;22810505000;22421655555;22921655555;10240;10228
3283;22811534000;22421655555;22921655555;10240;10228
3284;22864519000;22421655555;22921655555;10240;10228
3227;22864613000;22213311111;22713311111;10240;10228
3229;22864828000;22213311111;22713311111;10240;10228
3286;22865088000;22421655555;22921655555;10240;10228
3287;22865180000;22421655555;22921655555;10240;10228
3288;22865200000;22421988888;22921988888;10240;10228
3289;22865303000;22422300000;22922300000;10240;10228
3290;22865447000;22422300000;22922300000;10240;10228
3291;22865627000;22422300000;22922300000;10240;10228
3293;22865815000;22463311111;22963311111;10240;10228
3292;22865834000;22463311111;22963311111;10240;10228
3294;22866026000;22463311111;22963311111;10240;10228
3295;22882250000;22463311111;22963311111;10240;10228
3296;22882432000;22463311111;22963311111;10240;10228
3297;22882635000;22463311111;22963311111;10240;10228
3299;22882645000;22463322222;22963322222;10240;10228
3301;22884124000;22463600000;22963600000;10240;10228
3302;22923720000;22463600000;22963600000;10240;10228
3246;22924117000;22255266666;22755266666;10240;10228
3303;22924333000;22504966666;23004966666;10240;10228
3305;22924507000;22504966666;23004966666;10240;10228
3306;22924740000;22504966666;23004966666;10240;10228
3307;22924750000;22504966666;23004966666;10240;10228
3308;22924946000;22504966666;23004966666;10240;10228
3310;22930388000;22504977777;23004977777;10240;10228
3309;22930600000;22504966666;23004966666;10240;10228
3311;22930610000;22505255555;23005255555;10240;10228
3249;22936303000;22296688888;22796688888;10240;10228
3312;22936913000;22505255555;23005255555;10240;10228
3271;23032079000;22379977777;22879977777;10240;10228
3314;23032350000;22546644444;23046644444;10240;10228
3315;23032362000;22546644444;23046644444;10240;10228
3317;23032894000;22546644444;23046644444;10240;10228
3279;23033030000;22380233333;22880233333;10240;10228
3318;23033240000;22546644444;23046644444;10240;10228
3313;23033419000;22505255555;23005255555;10240;10228
3316;23033431000;22546644444;23046644444;10240;10228
3319;23033622000;22546644444;23046644444;10240;10228
3322;23033757000;22546977777;23046977777;10240;10228
3323;23033767000;22546977777;23046977777;10240;10228
3324;23033953000;22546977777;23046977777;10240;10228
3325;23034194000;22588300000;23088300000;10240;10228
3326;23034419000;22588300000;23088300000;10240;10228
3327;23034632000;22588300000;23088300000;10240;10228
3328;23034650000;22588300000;23088300000;10240;10228
3332;23034761000;22588322222;23088322222;10240;10228
3329;23034809000;22588300000;23088300000;10240;10228
3330;23035068000;22588300000;23088300000;10240;10228
3331;23035078000;22588300000;23088300000;10240;10228
3335;23035083000;22588600000;23088600000;10240;10228
3338;23035088000;22629977777;23129977777;10240;10228
3334;23035244000;22588600000;23088600000;10240;10228
3336;23035412000;22629977777;23129977777;10240;10228
3339;23035745000;22629977777;23129977777;10240;10228
3341;23049271000;22629977777;23129977777;10240;10228
3340;23049464000;22629977777;23129977777;10240;10228
3343;23050141000;22629988888;23129988888;10240;10228
3342;23050336000;22629977777;23129977777;10240;10228
3345;23050584000;22630277777;23130277777;10240;10228
3346;23050733000;22630277777;23130277777;10240;10228
3285;23104872000;22421655555;22921655555;10240;10228
3298;23104997000;22463311111;22963311111;10240;10228
3300;23105034000;22463600000;22963600000;10240;10228
3348;23105148000;22671644444;23171644444;10240;10228
3349;23105313000;22671644444;23171644444;10240;10228
3350;23105406000;22671644444;23171644444;10240;10228
3351;23105532000;22671644444;23171644444;10240;10228
3352;23105611000;22671644444;23171644444;10240;10228
3353;23105683000;22671644444;23171644444;10240;10228
3354;23105716000;22671655555;23171655555;10240;10228
3355;23105827000;22671955555;23171955555;10240;10228
3356;23105893000;22671955555;23171955555;10240;10228
3357;23106113000;22671955555;23171955555;10240;10228
3358;23106211000;22713322222;23213322222;10240;10228
3359;23122596000;22713322222;23213322222;10240;10228
3361;23122739000;22713322222;23213322222;10240;10228
3360;23122765000;22713322222;23213322222;10240;10228
3362;23122963000;22713322222;23213322222;10240;10228
3363;23123057000;22713322222;23213322222;10240;10228
3364;23123279000;22713322222;23213322222;10240;10228
3365;23124468000;22713333333;23213333333;10240;10228
3304;23163861000;22504966666;23004966666;10240;10228
3366;23164531000;22713611111;23213611111;10240;10228
3367;23164541000;22713611111;23213611111;10240;10228
3368;23164730000;22713611111;23213611111;10240;10228
3370;23164845000;22754988888;23254988888;10240;10228
3369;23165061000;22754988888;23254988888;10240;10228
3371;23165262000;22754988888;23254988888;10240;10228
3372;23165471000;22754988888;23254988888;10240;10228
3373;23165488000;22754988888;23254988888;10240;10228
3375;23170750000;22754988888;23254988888;10240;10228
3374;23170927000;22754988888;23254988888;10240;10228
3376;23171129000;22755000000;23255000000;10240;10228
3377;23176504000;22755277777;23255277777;10240;10228
3320;23272417000;22546644444;23046644444;10240;10228
3321;23272428000;22546655555;23046655555;10240;10228
3337;23272814000;22629977777;23129977777;10240;10228
3333;23273276000;22588600000;23088600000;10240;10228
3344;23273920000;22630277777;23130277777;10240;10228
3378;23274068000;22755277777;23255277777;10240;10228
3379;23274088000;22755277777;23255277777;10240;10228
3381;23274273000;22796655555;23296655555;10240;10228
3386;23274283000;22796655555;23296655555;10240;10228
3387;23274289000;22796677777;23296677777;10240;10228
3388;23274375000;22796988888;23296988888;10240;10228
3389;23274470000;22796988888;23296988888;10240;10228
3382;23274489000;22796655555;23296655555;10240;10228
3383;23274495000;22796655555;23296655555;10240;10228
3384;23274693000;22796655555;23296655555;10240;10228
3391;23274702000;22838311111;23338311111;10240;10228
3385;23274708000;22796655555;23296655555;10240;10228
3390;23274952000;22796988888;23296988888;10240;10228
3392;23274973000;22838311111;23338311111;10240;10228
3396;23275087000;22838311111;23338311111;10240;10228
3397;23275099000;22838311111;23338311111;10240;10228
3394;23275253000;22838311111;23338311111;10240;10228
3395;23275445000;22838311111;23338311111;10240;10228
3398;23275527000;22838322222;23338322222;10240;10228
3399;23275801000;22838600000;23338600000;10240;10228
3400;23275994000;22838600000;23338600000;10240;10228
3401;23276014000;22838600000;23338600000;10240;10228
3402;23276326000;22879966666;23379966666;10240;10228
3404;23289693000;22879966666;23379966666;10240;10228
3405;23289704000;22879966666;23379966666;10240;10228
3407;23290517000;22879966666;23379966666;10240;10228
3408;23290744000;22879966666;23379966666;10240;10228
3409;23290903000;22879977777;23379977777;10240;10228
3410;23291467000;22880266666;23380266666;10240;10228
3347;23345379000;22671644444;23171644444;10240;10228
3411;23345570000;22880266666;23380266666;10240;10228
3412;23346119000;22880266666;23380266666;10240;10228
3414;23346140000;22921644444;23421644444;10240;10228
3415;23346377000;22921644444;23421644444;10240;10228
3416;23346389000;22921644444;23421644444;10240;10228
3417;23346636000;22921644444;23421644444;10240;10228
3418;23346654000;22921644444;23421644444;10240;10228
3419;23346954000;22921644444;23421644444;10240;10228
3420;23346979000;22921655555;23421655555;10240;10228
3421;23347108000;22921955555;23421955555;10240;10228
3422;23347196000;22921955555;23421955555;10240;10228
3423;23347284000;22921955555;23421955555;10240;10228
3424;23363808000;22963300000;23463300000;10240;10228
3425;23363820000;22963300000;23463300000;10240;10228
3426;23364009000;22963300000;23463300000;10240;10228
3427;23364019000;22963300000;23463300000;10240;10228
3428;23364212000;22963300000;23463300000;10240;10228
3429;23364415000;22963300000;23463300000;10240;10228
3430;23364996000;22963300000;23463300000;10240;10228
3431;23404439000;22963311111;23463311111;10240;10228
3432;23405043000;22963622222;23463622222;10240;10228
3434;23405146000;22963622222;23463622222;10240;10228
3433;23405276000;22963622222;23463622222;10240;10228
3435;23405322000;23005000000;23505000000;10240;10228
3436;23405569000;23005000000;23505000000;10240;10228
3437;23405782000;23005000000;23505000000;10240;10228
3438;23411146000;23005000000;23505000000;10240;10228
3439;23411308000;23005000000;23505000000;10240;10228
3440;23411489000;23005000000;23505000000;10240;10228
3441;23411730000;23005000000;23505000000;10240;10228
3380;23512706000;22796655555;23296655555;10240;10228
3443;23513215000;23005300000;23505300000;10240;10228
3393;23513608000;22838311111;23338311111;10240;10228
3444;23514715000;23005300000;23505300000;10240;10228
3448;23514797000;23046644444;23546644444;10240;10228
3445;23514809000;23005300000;23505300000;10240;10228
3453;23515005000;23046655555;23546655555;10240;10228
3446;23515018000;23046644444;23546644444;10240;10228
3447;23515249000;23046644444;23546644444;10240;10228
3450;23515260000;23046644444;23546644444;10240;10228
3451;23515417000;23046644444;23546644444;10240;10228
3452;23515428000;23046644444;23546644444;10240;10228
3458;23515532000;23088322222;23588322222;10240;10228
3459;23515552000;23088322222;23588322222;10240;10228
3454;23515653000;23046977777;23546977777;10240;10228
3455;23515680000;23046977777;23546977777;10240;10228
3456;23515873000;23046977777;23546977777;10240;10228
3457;23516058000;23088322222;23588322222;10240;10228
3460;23516067000;23088322222;23588322222;10240;10228
3461;23516255000;23088322222;23588322222;10240;10228
3462;23516261000;23088322222;23588322222;10240;10228
3463;23516434000;23088322222;23588322222;10240;10228
3464;23516439000;23088333333;23588333333;10240;10228
3465;23516672000;23088611111;23588611111;10240;10228
3466;23516678000;23088611111;23588611111;10240;10228
3467;23516878000;23088611111;23588611111;10240;10228
3403;23530024000;22879966666;23379966666;10240;10228
3406;23530055000;22879966666;23379966666;10240;10228
3468;23530211000;23129966666;23629966666;10240;10228
3469;23530841000;23129966666;23629966666;10240;10228
3470;23531053000;23129966666;23629966666;10240;10228
3471;23531066000;23129966666;23629966666;10240;10228
3472;23531167000;23129966666;23629966666;10240;10228
3413;23585772000;22921644444;23421644444;10240;10228
3474;23586084000;23129966666;23629966666;10240;10228
3475;23586106000;23129977777;23629977777;10240;10228
3476;23586111000;23130255555;23630255555;10240;10228
3477;23586120000;23130255555;23630255555;10240;10228
3478;23586606000;23130255555;23630255555;10240;10228
3473;23586982000;23129966666;23629966666;10240;10228
3479;23587179000;23171644444;23671644444;10240;10228
3484;23587331000;23171644444;23671644444;10240;10228
3481;23587338000;23171644444;23671644444;10240;10228
3487;23587819000;23171955555;23671955555;10240;10228
3488;23588029000;23171955555;23671955555;10240;10228
3489;23603738000;23171955555;23671955555;10240;10228
3492;23604529000;23213300000;23713300000;10240;10228
3493;23604549000;23213300000;23713300000;10240;10228
3494;23604846000;23213300000;23713300000;10240;10228
3442;23644664000;23005033333;23505033333;10240;10228
3496;23644827000;23213300000;23713300000;10240;10228
3498;23645463000;23213622222;23713622222;10240;10228
3495;23645548000;23213300000;23713300000;10240;10228
3497;23645571000;23213311111;23713311111;10240;10228
3499;23645584000;23213622222;23713622222;10240;10228
3500;23645771000;23213622222;23713622222;10240;10228
3501;23645882000;23254966666;23754966666;10240;10228
3502;23651477000;23254966666;23754966666;10240;10228
3504;23651643000;23254966666;23754966666;10240;10228
3505;23651903000;23254966666;23754966666;10240;10228
3506;23652142000;23254966666;23754966666;10240;10228
3449;23753474000;23046644444;23546644444;10240;10228
3509;23754061000;23255277777;23755277777;10240;10228
3511;23755158000;23255277777;23755277777;10240;10228
3512;23755181000;23296633333;23796633333;10240;10228
3514;23755355000;23296633333;23796633333;10240;10228
3517;23755368000;23296633333;23796633333;10240;10228
3518;23755373000;23296633333;23796633333;10240;10228
3510;23755383000;23255277777;23755277777;10240;10228
3513;23755602000;23296633333;23796633333;10240;10228
3515;23755614000;23296633333;23796633333;10240;10228
3516;23755804000;23296633333;23796633333;10240;10228
3519;23755912000;23296644444;23796644444;10240;10228
3522;23755933000;23296955555;23796955555;10240;10228
3524;23756033000;23338311111;23838311111;10240;10228
3520;23756134000;23296955555;23796955555;10240;10228
3521;23756342000;23296955555;23796955555;10240;10228
3525;23756424000;23338311111;23838311111;10240;10228
3526;23756537000;23338311111;23838311111;10240;10228
3527;23756703000;23338311111;23838311111;10240;10228
3528;23756801000;23338311111;23838311111;10240;10228
3529;23756920000;23338311111;23838311111;10240;10228
3530;23757019000;23338322222;23838322222;10240;10228
3531;23757442000;23338600000;23838600000;10240;10228
3532;23757649000;23338600000;23838600000;10240;10228
3533;23771578000;23338600000;23838600000;10240;10228
3480;23826160000;23171644444;23671644444;10240;10228
3482;23826292000;23171644444;23671644444;10240;10228
3483;23826328000;23171644444;23671644444;10240;10228
3485;23826362000;23171644444;23671644444;10240;10228
3486;23826373000;23171655555;23671655555;10240;10228
3536;23826511000;23380011111;23880011111;10240;10228
3538;23826572000;23380011111;23880011111;10240;10228
3539;23826706000;23380011111;23880011111;10240;10228
3540;23826743000;23380011111;23880011111;10240;10228
3541;23826952000;23380022222;23880022222;10240;10228
3542;23827037000;23380266666;23880266666;10240;10228
3543;23827059000;23380266666;23880266666;10240;10228
3544;23827212000;23380266666;23880266666;10240;10228
3545;23827736000;23421644444;23921644444;10240;10228
3547;23827949000;23421644444;23921644444;10240;10228
3550;23828219000;23421644444;23921644444;10240;10228
3551;23828398000;23421644444;23921644444;10240;10228
3552;23828608000;23421655555;23921655555;10240;10228
3553;23828620000;23421955555;23921955555;10240;10228
3554;23844075000;23421955555;23921955555;10240;10228
3555;23844473000;23421955555;23921955555;10240;10228
3556;23845184000;23463300000;23963300000;10240;10228
3557;23845378000;23463300000;23963300000;10240;10228
3558;23885198000;23463300000;23963300000;10240;10228
3490;23885217000;23213300000;23713300000;10240;10228
3491;23885397000;23213300000;23713300000;10240;10228
3559;23885426000;23463300000;23963300000;10240;10228
3560;23886009000;23463300000;23963300000;10240;10228
3564;23886021000;23463622222;23963622222;10240;10228
3561;23886027000;23463300000;23963300000;10240;10228
3565;23886033000;23463622222;23963622222;10240;10228
3566;23886112000;23463622222;23963622222;10240;10228
3562;23886243000;23463300000;23963300000;10240;10228
3567;23891836000;23504977777;24004977777;10240;10228
3568;23891988000;23504977777;24004977777;10240;10228
3569;23892263000;23504977777;24004977777;10240;10228
3570;23892453000;23504977777;24004977777;10240;10228
3503;23993436000;23254966666;23754966666;10240;10228
3507;23993449000;23254966666;23754966666;10240;10228
3508;23993477000;23254977777;23754977777;10240;10228
3523;23994331000;23338311111;23838311111;10240;10228
3571;23994946000;23504977777;24004977777;10240;10228
3574;23995558000;23504988888;24004988888;10240;10228
3572;23995737000;23504977777;24004977777;10240;10228
3575;23995938000;23505266666;24005266666;10240;10228
3577;23995961000;23505266666;24005266666;10240;10228
3578;23996155000;23546644444;24046644444;10240;10228
3583;23996167000;23546644444;24046644444;10240;10228
3584;23996267000;23546644444;24046644444;10240;10228
3580;23996305000;23546644444;24046644444;10240;10228
3585;23996393000;23546655555;24046655555;10240;10228
3586;23996652000;23546966666;24046966666;10240;10228
3587;23996866000;23546966666;24046966666;10240;10228
3588;23996878000;23546966666;24046966666;10240;10228
3590;23997080000;23588311111;24088311111;10240;10228
3591;23997274000;23588311111;24088311111;10240;10228
3592;23997285000;23588311111;24088311111;10240;10228
3593;23997443000;23588311111;24088311111;10240;10228
3594;23997686000;23588311111;24088311111;10240;10228
3595;23997704000;23588311111;24088311111;10240;10228
3596;23998201000;23588322222;24088322222;10240;10228
3546;24066961000;23421644444;23921644444;10240;10228
3599;24067300000;23588611111;24088611111;10240;10228
3600;24067658000;23629966666;24129966666;10240;10228
3602;24067809000;23629966666;24129966666;10240;10228
3604;24067926000;23629966666;24129966666;10240;10228
3548;24068021000;23421644444;23921644444;10240;10228
3605;24068034000;23629966666;24129966666;10240;10228
3606;24068104000;23629966666;24129966666;10240;10228
3603;24068200000;23629966666;24129966666;10240;10228
3608;24068405000;23630266666;24130266666;10240;10228
3609;24068501000;23630266666;24130266666;10240;10228
3610;24068638000;23630266666;24130266666;10240;10228
3611;24068714000;23671633333;24171633333;10240;10228
3612;24068823000;23671633333;24171633333;10240;10228
3613;24068942000;23671633333;24171633333;10240;10228
3614;24069089000;23671633333;24171633333;10240;10228
3615;24069214000;23671633333;24171633333;10240;10228
3616;24084881000;23671633333;24171633333;10240;10228
3619;24084892000;23671944444;24171944444;10240;10228
3617;24085077000;23671633333;24171633333;10240;10228
3618;24085264000;23671644444;24171644444;10240;10228
3620;24085751000;23671944444;24171944444;10240;10228
3621;24085947000;23671944444;24171944444;10240;10228
3563;24125553000;23463311111;23963311111;10240;10228
3622;24125676000;23713322222;24213322222;10240;10228
3623;24125949000;23713322222;24213322222;10240;10228
3624;24126385000;23713322222;24213322222;10240;10228
3627;24126396000;23713322222;24213322222;10240;10228
3628;24126401000;23713322222;24213322222;10240;10228
3629;24126624000;23713333333;24213333333;10240;10228
3625;24126635000;23713322222;24213322222;10240;10228
3630;24126871000;23713611111;24213611111;10240;10228
3631;24132496000;23713611111;24213611111;10240;10228
3632;24132640000;23713611111;24213611111;10240;10228
3633;24132914000;23754977777;24254977777;10240;10228
3634;24133070000;23754977777;24254977777;10240;10228
3576;24233881000;23505266666;24005266666;10240;10228
3573;24234068000;23504977777;24004977777;10240;10228
3582;24234408000;23546644444;24046644444;10240;10228
3589;24234813000;23588311111;24088311111;10240;10228
3597;24234828000;23588611111;24088611111;10240;10228
3598;24235017000;23588611111;24088611111;10240;10228
3635;24235232000;23754977777;24254977777;10240;10228
3637;24235927000;23754977777;24254977777;10240;10228
3638;24235939000;23754977777;24254977777;10240;10228
3636;24236106000;23754977777;24254977777;10240;10228
3639;24236274000;23754977777;24254977777;10240;10228
3640;24236392000;23754988888;24254988888;10240;10228
3642;24236499000;23755266666;24255266666;10240;10228
3641;24236622000;23755266666;24255266666;10240;10228
3643;24236736000;23755266666;24255266666;10240;10228
3646;24236759000;23796644444;24296644444;10240;10228
3647;24236765000;23796644444;24296644444;10240;10228
3648;24236770000;23796644444;24296644444;10240;10228
3644;24236857000;23796644444;24296644444;10240;10228
3649;24236990000;23796644444;24296644444;10240;10228
3650;24237024000;23796644444;24296644444;10240;10228
3645;24237056000;23796644444;24296644444;10240;10228
3651;24237427000;23796655555;24296655555;10240;10228
3652;24237632000;23796988888;24296988888;10240;10228
3653;24237853000;23796988888;24296988888;10240;10228
3654;24238048000;23796988888;24296988888;10240;10228
3655;24238060000;23838311111;24338311111;10240;10228
3656;24238251000;23838311111;24338311111;10240;10228
3659;24238606000;23838311111;24338311111;10240;10228
3658;24238770000;23838311111;24338311111;10240;10228
3601;24307467000;23629966666;24129966666;10240;10228
3660;24307917000;23838311111;24338311111;10240;10228
3661;24307937000;23838311111;24338311111;10240;10228
3607;24308238000;23629977777;24129977777;10240;10228
3664;24308458000;23838611111;24338611111;10240;10228
3663;24308670000;23838611111;24338611111;10240;10228
3665;24308861000;23838611111;24338611111;10240;10228
3667;24308882000;23879977777;24379977777;10240;10228
3666;24309036000;23879977777;24379977777;10240;10228
3668;24309256000;23879977777;24379977777;10240;10228
3669;24309266000;23879977777;24379977777;10240;10228
3670;24309415000;23879977777;24379977777;10240;10228
3675;24309705000;23880255555;24380255555;10240;10228
3671;24309718000;23879977777;24379977777;10240;10228
3672;24309723000;23879977777;24379977777;10240;10228
3677;24309729000;23921655555;24421655555;10240;10228
3679;24309892000;23921655555;24421655555;10240;10228
3673;24309903000;23879988888;24379988888;10240;10228
3674;24309909000;23880255555;24380255555;10240;10228
3676;24310083000;23880255555;24380255555;10240;10228
3678;24310095000;23921655555;24421655555;10240;10228
3681;24310253000;23921655555;24421655555;10240;10228
3682;24325830000;23921655555;24421655555;10240;10228
3683;24326014000;23921655555;24421655555;10240;10228
3685;24326025000;23921988888;24421988888;10240;10228
3626;24365977000;23713322222;24213322222;10240;10228
3688;24366513000;23963311111;24463311111;10240;10228
3689;24366651000;23963311111;24463311111;10240;10228
3690;24366958000;23963311111;24463311111;10240;10228
3691;24367032000;23963311111;24463311111;10240;10228
3693;24367164000;23963311111;24463311111;10240;10228
3692;24367194000;23963311111;24463311111;10240;10228
3694;24367221000;23963311111;24463311111;10240;10228
3695;24372875000;23963322222;24463322222;10240;10228
3697;24373033000;23963633333;24463633333;10240;10228
3698;24373260000;23963633333;24463633333;10240;10228
3699;24474680000;24005000000;24505000000;10240;10228
3700;24475629000;24005000000;24505000000;10240;10228
3701;24476194000;24005000000;24505000000;10240;10228
3703;24476297000;24005000000;24505000000;10240;10228
3702;24476391000;24005000000;24505000000;10240;10228
3704;24476544000;24005000000;24505000000;10240;10228
3705;24476746000;24005000000;24505000000;10240;10228
3706;24476881000;24005011111;24505011111;10240;10228
3707;24477089000;24005277777;24505277777;10240;10228
3710;24477157000;24046644444;24546644444;10240;10228
3712;24477258000;24046644444;24546644444;10240;10228
3713;24477268000;24046644444;24546644444;10240;10228
3708;24477274000;24005277777;24505277777;10240;10228
3714;24477373000;24046644444;24546644444;10240;10228
3715;24477490000;24046644444;24546644444;10240;10228
3709;24477510000;24005277777;24505277777;10240;10228
3711;24477515000;24046644444;24546644444;10240;10228
3718;24478965000;24046955555;24546955555;10240;10228
3721;24479162000;24088311111;24588311111;10240;10228
3722;24479367000;24088311111;24588311111;10240;10228
3723;24479572000;24088311111;24588311111;10240;10228
3724;24548580000;24088311111;24588311111;10240;10228
3727;24548758000;24088311111;24588311111;10240;10228
3725;24548773000;24088311111;24588311111;10240;10228
3729;24548973000;24088577777;24588577777;10240;10228
3726;24548985000;24088311111;24588311111;10240;10228
3728;24549189000;24088322222;24588322222;10240;10228
3730;24549395000;24088577777;24588577777;10240;10228
3731;24549600000;24088577777;24588577777;10240;10228
3735;24549787000;24129977777;24629977777;10240;10228
3732;24549799000;24129977777;24629977777;10240;10228
3733;24549805000;24129977777;24629977777;10240;10228
3737;24549984000;24129977777;24629977777;10240;10228
3738;24549994000;24129977777;24629977777;10240;10228
3734;24550001000;24129977777;24629977777;10240;10228
3739;24550089000;24129988888;24629988888;10240;10228
3736;24550214000;24129977777;24629977777;10240;10228
3740;24550327000;24130244444;24630244444;10240;10228
3742;24550516000;24130244444;24630244444;10240;10228
3741;24550539000;24130244444;24630244444;10240;10228
3743;24550649000;24171633333;24671633333;10240;10228
3744;24550757000;24171633333;24671633333;10240;10228
3745;24550842000;24171633333;24671633333;10240;10228
3680;24565679000;23921655555;24421655555;10240;10228
3686;24565864000;23921988888;24421988888;10240;10228
3684;24565876000;23921666666;24421666666;10240;10228
3687;24566091000;23921988888;24421988888;10240;10228
3746;24566298000;24171633333;24671633333;10240;10228
3747;24566540000;24171633333;24671633333;10240;10228
3748;24566745000;24171633333;24671633333;10240;10228
3696;24606427000;23963633333;24463633333;10240;10228
3749;24606520000;24171633333;24671633333;10240;10228
3751;24607515000;24171988888;24671988888;10240;10228
3752;24607742000;24171988888;24671988888;10240;10228
3753;24607753000;24171988888;24671988888;10240;10228
3754;24607934000;24213300000;24713300000;10240;10228
3755;24608139000;24213300000;24713300000;10240;10228
3756;24608150000;24213300000;24713300000;10240;10228
3757;24613635000;24213300000;24713300000;10240;10228
3759;24613834000;24213300000;24713300000;10240;10228
3720;24715303000;24046955555;24546955555;10240;10228
3716;24715913000;24046644444;24546644444;10240;10228
3717;24715933000;24046655555;24546655555;10240;10228
3762;24715942000;24213611111;24713611111;10240;10228
3763;24715949000;24213611111;24713611111;10240;10228
3760;24716133000;24213300000;24713300000;10240;10228
3761;24716145000;24213311111;24713311111;10240;10228
3764;24716517000;24213611111;24713611111;10240;10228
3765;24716613000;24254977777;24754977777;10240;10228
3767;24716825000;24254977777;24754977777;10240;10228
3766;24716837000;24254977777;24754977777;10240;10228
3768;24717065000;24254977777;24754977777;10240;10228
3769;24717171000;24254977777;24754977777;10240;10228
3770;24717387000;24254977777;24754977777;10240;10228
3771;24717561000;24254977777;24754977777;10240;10228
3775;24717700000;24255288888;24755288888;10240;10228
3772;24717720000;24254988888;24754988888;10240;10228
3773;24717912000;24255288888;24755288888;10240;10228
3777;24717996000;24296644444;24796644444;10240;10228
3774;24718105000;24255288888;24755288888;10240;10228
3776;24718295000;24296644444;24796644444;10240;10228
3778;24718307000;24296644444;24796644444;10240;10228
3781;24719341000;24296644444;24796644444;10240;10228
3780;24719496000;24296644444;24796644444;10240;10228
3782;24719726000;24296644444;24796644444;10240;10228
3784;24719857000;24296955555;24796955555;10240;10228
3783;24719945000;24296655555;24796655555;10240;10228
3785;24788733000;24296955555;24796955555;10240;10228
3786;24789233000;24296955555;24796955555;10240;10228
3788;24789293000;24338311111;24838311111;10240;10228
3792;24789438000;24338311111;24838311111;10240;10228
3787;24789563000;24338311111;24838311111;10240;10228
3789;24789575000;24338311111;24838311111;10240;10228
3790;24789766000;24338311111;24838311111;10240;10228
3791;24789972000;24338311111;24838311111;10240;10228
3793;24789984000;24338311111;24838311111;10240;10228
3796;24790106000;24338588888;24838588888;10240;10228
3797;24790119000;24338588888;24838588888;10240;10228
3794;24790184000;24338322222;24838322222;10240;10228
3799;24790284000;24379977777;24879977777;10240;10228
3795;24790381000;24338588888;24838588888;10240;10228
3801;24790410000;24379977777;24879977777;10240;10228
3798;24790586000;24379977777;24879977777;10240;10228
3800;24790598000;24379977777;24879977777;10240;10228
3802;24790604000;24379977777;24879977777;10240;10228
3803;24790774000;24379977777;24879977777;10240;10228
3804;24790918000;24379977777;24879977777;10240;10228
3805;24791057000;24379988888;24879988888;10240;10228
3806;24791169000;24380222222;24880222222;10240;10228
3807;24791281000;24380222222;24880222222;10240;10228
3808;24791395000;24380222222;24880222222;10240;10228
3809;24806012000;24421633333;24921633333;10240;10228
3810;24806083000;24421633333;24921633333;10240;10228
3811;24806607000;24421633333;24921633333;10240;10228
3813;24807074000;24421633333;24921633333;10240;10228
3750;24846920000;24171644444;24671644444;10240;10228
3814;24846950000;24421633333;24921633333;10240;10228
3815;24847069000;24421633333;24921633333;10240;10228
3816;24847840000;24421644444;24921644444;10240;10228
3817;24848202000;24421933333;24921933333;10240;10228
3818;24848487000;24421933333;24921933333;10240;10228
3820;24848707000;24463322222;24963322222;10240;10228
3821;24848904000;24463322222;24963322222;10240;10228
3822;24854397000;24463322222;24963322222;10240;10228
3758;24854406000;24213300000;24713300000;10240;10228
3823;24854999000;24463322222;24963322222;10240;10228
3779;24955383000;24296644444;24796644444;10240;10228
3824;24955691000;24463322222;24963322222;10240;10228
3825;24956473000;24463322222;24963322222;10240;10228
3828;24956508000;24463611111;24963611111;10240;10228
3827;24956648000;24463344444;24963344444;10240;10228
3829;24956843000;24463611111;24963611111;10240;10228
3832;24957112000;24504977777;25004977777;10240;10228
3830;24957206000;24463611111;24963611111;10240;10228
3831;24957386000;24504977777;25004977777;10240;10228
3833;24957619000;24504977777;25004977777;10240;10228
3834;24957794000;24504977777;25004977777;10240;10228
3835;24958039000;24504977777;25004977777;10240;10228
3836;24958051000;24504977777;25004977777;10240;10228
3838;24958055000;24504988888;25004988888;10240;10228
3839;24958061000;24505244444;25005244444;10240;10228
3837;24958220000;24504977777;25004977777;10240;10228
3842;24958557000;24546644444;25046644444;10240;10228
3843;24958676000;24546644444;25046644444;10240;10228
3844;24959670000;24546644444;25046644444;10240;10228
3845;24959899000;24546644444;25046644444;10240;10228
3848;24960251000;24546644444;25046644444;10240;10228
3847;24960448000;24546644444;25046644444;10240;10228
3850;24960663000;24546955555;25046955555;10240;10228
3852;25030440000;24546955555;25046955555;10240;10228
3854;25030467000;24588300000;25088300000;10240;10228
3855;25030637000;24588300000;25088300000;10240;10228
3853;25030655000;24588300000;25088300000;10240;10228
3856;25030859000;24588300000;25088300000;10240;10228
3857;25031075000;24588300000;25088300000;10240;10228
3860;25031087000;24588322222;25088322222;10240;10228
3858;25031267000;24588300000;25088300000;10240;10228
3859;25031279000;24588300000;25088300000;10240;10228
3861;25031469000;24588600000;25088600000;10240;10228
3862;25031676000;24588600000;25088600000;10240;10228
3863;25031687000;24588600000;25088600000;10240;10228
3868;25032044000;24629977777;25129977777;10240;10228
3867;25032197000;24629977777;25129977777;10240;10228
3870;25032401000;24629977777;25129977777;10240;10228
3871;25032414000;24629988888;25129988888;10240;10228
3873;25032604000;24630266666;25130266666;10240;10228
3874;25046569000;24630266666;25130266666;10240;10228
3875;25046748000;24671633333;25171633333;10240;10228
3876;25047566000;24671633333;25171633333;10240;10228
3819;25087503000;24421933333;24921933333;10240;10228
3812;25087527000;24421633333;24921633333;10240;10228
3879;25088301000;24671633333;25171633333;10240;10228
3880;25088431000;24671633333;25171633333;10240;10228
3881;25088643000;24671633333;25171633333;10240;10228
3882;25088854000;24671644444;25171644444;10240;10228
3883;25089098000;24671955555;25171955555;10240;10228
3885;25089263000;24671955555;25171955555;10240;10228
3884;25089274000;24671955555;25171955555;10240;10228
3886;25094596000;24713322222;25213322222;10240;10228
3887;25095056000;24713322222;25213322222;10240;10228
3840;25195750000;24505244444;25005244444;10240;10228
3846;25195939000;24546644444;25046644444;10240;10228
3888;25196126000;24713322222;25213322222;10240;10228
3841;25196232000;24505244444;25005244444;10240;10228
3851;25196663000;24546955555;25046955555;10240;10228
3889;25197203000;24713322222;25213322222;10240;10228
3890;25197280000;24713322222;25213322222;10240;10228
3891;25197725000;24713322222;25213322222;10240;10228
3892;25197909000;24713322222;25213322222;10240;10228
3896;25198033000;24713600000;25213600000;10240;10228
3897;25198048000;24755633333;25255633333;10240;10228
3893;25198146000;24713333333;25213333333;10240;10228
3894;25198160000;24713600000;25213600000;10240;10228
3895;25198317000;24713600000;25213600000;10240;10228
3899;25198394000;24755633333;25255633333;10240;10228
3901;25198509000;24755633333;25255633333;10240;10228
3903;25198644000;24755633333;25255633333;10240;10228
3902;25198749000;24755633333;25255633333;10240;10228
3904;25198763000;24755788888;25255788888;10240;10228
3905;25198921000;24756200000;25256200000;10240;10228
3906;25199033000;24756200000;25256200000;10240;10228
3910;25200787000;24796644444;25296644444;10240;10228
3914;25200957000;24796644444;25296644444;10240;10228
3911;25200966000;24796644444;25296644444;10240;10228
3912;25201183000;24796644444;25296644444;10240;10228
3913;25201398000;24796644444;25296644444;10240;10228
3865;25269538000;24629977777;25129977777;10240;10228
3866;25269570000;24629977777;25129977777;10240;10228
3869;25270047000;24629977777;25129977777;10240;10228
3872;25270266000;24630266666;25130266666;10240;10228
3915;25270284000;24796655555;25296655555;10240;10228
3916;25270753000;24796955555;25296955555;10240;10228
3917;25270917000;24796955555;25296955555;10240;10228
3919;25270926000;24838311111;25338311111;10240;10228
3918;25271129000;24796955555;25296955555;10240;10228
3920;25271156000;24838311111;25338311111;10240;10228
3921;25271412000;24838311111;25338311111;10240;10228
3922;25271512000;24838311111;25338311111;10240;10228
3923;25271777000;24838311111;25338311111;10240;10228
3924;25271976000;24838311111;25338311111;10240;10228
3925;25272189000;24838311111;25338311111;10240;10228
3926;25272215000;24838322222;25338322222;10240;10228
3927;25272412000;24838600000;25338600000;10240;10228
3928;25272627000;24838600000;25338600000;10240;10228
3929;25272830000;24838600000;25338600000;10240;10228
3930;25273036000;24879966666;25379966666;10240;10228
3864;25273051000;24629977777;25129977777;10240;10228
3931;25273408000;24879966666;25379966666;10240;10228
3932;25273417000;24879966666;25379966666;10240;10228
3934;25287112000;24879966666;25379966666;10240;10228
3935;25287129000;24879966666;25379966666;10240;10228
3877;25328053000;24671633333;25171633333;10240;10228
3937;25328085000;24879977777;25379977777;10240;10228
3938;25328097000;24880255555;25380255555;10240;10228
3878;25328205000;24671633333;25171633333;10240;10228
3936;25328664000;24879966666;25379966666;10240;10228
3939;25328678000;24880255555;25380255555;10240;10228
3941;25328761000;24922366666;25422366666;10240;10228
3942;25328988000;24922366666;25422366666;10240;10228
3943;25329158000;24922366666;25422366666;10240;10228
3944;25329382000;24922366666;25422366666;10240;10228
3945;25329580000;24922366666;25422366666;10240;10228
3946;25329676000;24922366666;25422366666;10240;10228
3947;25334992000;24922366666;25422366666;10240;10228
3948;25335443000;24922900000;25422900000;10240;10228
3900;25436307000;24755633333;25255633333;10240;10228
3898;25436841000;24755633333;25255633333;10240;10228
3907;25437386000;24756200000;25256200000;10240;10228
3908;25437584000;24796644444;25296644444;10240;10228
3909;25437614000;24796644444;25296644444;10240;10228
3949;25438192000;24923277777;25423277777;10240;10228
3950;25438367000;24923277777;25423277777;10240;10228
3951;25438381000;24923277777;25423277777;10240;10228
3953;25438493000;24963288888;25463288888;10240;10228
3952;25438713000;24963288888;25463288888;10240;10228
3956;25438745000;24963288888;25463288888;10240;10228
3959;25438941000;24963300000;25463300000;10240;10228
3954;25438948000;24963288888;25463288888;10240;10228
3955;25439116000;24963288888;25463288888;10240;10228
3960;25439287000;24963566666;25463566666;10240;10228
3963;25439339000;25005022222;25505022222;10240;10228
3965;25439407000;25005022222;25505022222;10240;10228
3961;25439508000;24963566666;25463566666;10240;10228
3962;25439731000;24963566666;25463566666;10240;10228
3964;25439750000;25005022222;25505022222;10240;10228
3966;25439936000;25005022222;25505022222;10240;10228
3967;25439956000;25005022222;25505022222;10240;10228
3968;25440139000;25005022222;25505022222;10240;10228
3970;25441372000;25005033333;25505033333;10240;10228
3972;25441535000;25005300000;25505300000;10240;10228
3969;25441545000;25005022222;25505022222;10240;10228
3971;25441758000;25005300000;25505300000;10240;10228
3974;25509806000;25046633333;25546633333;10240;10228
3975;25510394000;25046633333;25546633333;10240;10228
3976;25510416000;25046633333;25546633333;10240;10228
3977;25510766000;25046633333;25546633333;10240;10228
3978;25510973000;25046633333;25546633333;10240;10228
3979;25511174000;25046633333;25546633333;10240;10228
3980;25511378000;25046633333;25546633333;10240;10228
3982;25511446000;25047044444;25547044444;10240;10228
3983;25511458000;25047044444;25547044444;10240;10228
3981;25511549000;25046655555;25546655555;10240;10228
3985;25511699000;25088311111;25588311111;10240;10228
3986;25511823000;25088311111;25588311111;10240;10228
3987;25512773000;25088311111;25588311111;10240;10228
3990;25512783000;25088311111;25588311111;10240;10228
3991;25512788000;25088311111;25588311111;10240;10228
3992;25512954000;25088322222;25588322222;10240;10228
3989;25512969000;25088311111;25588311111;10240;10228
3993;25513176000;25088588888;25588588888;10240;10228
3994;25513268000;25088588888;25588588888;10240;10228
3996;25513668000;25129966666;25629966666;10240;10228
3997;25513882000;25129966666;25629966666;10240;10228
3933;25527475000;24879966666;25379966666;10240;10228
3940;25527722000;24880255555;25380255555;10240;10228
3998;25528138000;25129966666;25629966666;10240;10228
3999;25528343000;25129966666;25629966666;10240;10228
4000;25568717000;25129966666;25629966666;10240;10228
4002;25569270000;25129966666;25629966666;10240;10228
4004;25569447000;25130244444;25630244444;10240;10228
4005;25569752000;25130244444;25630244444;10240;10228
4007;25569986000;25171644444;25671644444;10240;10228
4008;25570196000;25171644444;25671644444;10240;10228
4009;25570216000;25171644444;25671644444;10240;10228
4011;25575466000;25171644444;25671644444;10240;10228
4010;25575600000;25171644444;25671644444;10240;10228
3958;25676442000;24963288888;25463288888;10240;10228
3957;25676892000;24963288888;25463288888;10240;10228
3973;25676939000;25005300000;25505300000;10240;10228
4013;25676975000;25171644444;25671644444;10240;10228
4015;25678849000;25171966666;25671966666;10240;10228
4016;25678962000;25171966666;25671966666;10240;10228
4017;25679056000;25171966666;25671966666;10240;10228
4019;25679220000;25213300000;25713300000;10240;10228
4023;25679291000;25213300000;25713300000;10240;10228
4024;25679342000;25213300000;25713300000;10240;10228
4020;25679416000;25213300000;25713300000;10240;10228
4021;25679599000;25213300000;25713300000;10240;10228
4025;25679750000;25213311111;25713311111;10240;10228
4028;25679759000;25213588888;25713588888;10240;10228
4022;25679833000;25213300000;25713300000;10240;10228
4030;25679939000;25255000000;25755000000;10240;10228
4026;25680045000;25213588888;25713588888;10240;10228
4027;25680063000;25213588888;25713588888;10240;10228
4029;25680246000;25255000000;25755000000;10240;10228
4031;25680504000;25255000000;25755000000;10240;10228
4032;25680740000;25255000000;25755000000;10240;10228
4033;25680953000;25255000000;25755000000;10240;10228
4035;25681941000;25255000000;25755000000;10240;10228
4036;25681952000;25255011111;25755011111;10240;10228
4034;25682126000;25255000000;25755000000;10240;10228
4037;25682331000;25255300000;25755300000;10240;10228
3984;25750358000;25047044444;25547044444;10240;10228
3988;25750475000;25088311111;25588311111;10240;10228
3995;25751806000;25088588888;25588588888;10240;10228
4038;25752005000;25255300000;25755300000;10240;10228
4039;25752024000;25255300000;25755300000;10240;10228
4041;25752198000;25296644444;25796644444;10240;10228
4047;25752244000;25296655555;25796655555;10240;10228
4042;25752379000;25296644444;25796644444;10240;10228
4043;25752399000;25296644444;25796644444;10240;10228
4044;25752617000;25296644444;25796644444;10240;10228
4045;25752638000;25296644444;25796644444;10240;10228
4046;25752797000;25296644444;25796644444;10240;10228
4048;25753030000;25296966666;25796966666;10240;10228
4049;25753039000;25296966666;25796966666;10240;10228
4050;25753237000;25296966666;25796966666;10240;10228
4051;25753261000;25338311111;25838311111;10240;10228
4054;25753279000;25338311111;25838311111;10240;10228
4055;25753316000;25338311111;25838311111;10240;10228
4056;25753371000;25338311111;25838311111;10240;10228
4052;25753401000;25338311111;25838311111;10240;10228
4057;25753472000;25338311111;25838311111;10240;10228
4053;25753608000;25338311111;25838311111;10240;10228
4058;25753677000;25338322222;25838322222;10240;10228
4060;25754000000;25338588888;25838588888;10240;10228
4061;25754196000;25338588888;25838588888;10240;10228
4006;25768175000;25130244444;25630244444;10240;10228
4062;25768308000;25379966666;25879966666;10240;10228
4001;25768315000;25129966666;25629966666;10240;10228
4063;25768807000;25379966666;25879966666;10240;10228
4064;25808893000;25379966666;25879966666;10240;10228
4065;25809024000;25379966666;25879966666;10240;10228
4066;25809151000;25379966666;25879966666;10240;10228
4067;25809628000;25379966666;25879966666;10240;10228
4069;25809953000;25379977777;25879977777;10240;10228
4070;25810306000;25380255555;25880255555;10240;10228
4071;25810504000;25380255555;25880255555;10240;10228
4012;25810696000;25171644444;25671644444;10240;10228
4072;25810963000;25380255555;25880255555;10240;10228
4014;25811087000;25171655555;25671655555;10240;10228
4018;25916746000;25213300000;25713300000;10240;10228
4075;25917371000;25421633333;25921633333;10240;10228
4076;25917746000;25421633333;25921633333;10240;10228
4077;25917760000;25421633333;25921633333;10240;10228
4078;25918290000;25421633333;25921633333;10240;10228
4080;25919344000;25421644444;25921644444;10240;10228
4084;25919625000;25463311111;25963311111;10240;10228
4082;25919637000;25421933333;25921933333;10240;10228
4086;25919766000;25463311111;25963311111;10240;10228
4087;25919776000;25463311111;25963311111;10240;10228
4089;25919874000;25463311111;25963311111;10240;10228
4083;25919884000;25421933333;25921933333;10240;10228
4085;25920098000;25463311111;25963311111;10240;10228
4088;25920118000;25463311111;25963311111;10240;10228
4090;25920140000;25463311111;25963311111;10240;10228
4091;25920254000;25463322222;25963322222;10240;10228
4095;25920366000;25504988888;26004988888;10240;10228
4092;25920437000;25463600000;25963600000;10240;10228
4094;25920664000;25463600000;25963600000;10240;10228
4096;25921030000;25504988888;26004988888;10240;10228
4097;25921307000;25504988888;26004988888;10240;10228
4098;25921500000;25504988888;26004988888;10240;10228
4100;25922326000;25504988888;26004988888;10240;10228
4099;25922507000;25504988888;26004988888;10240;10228
4101;25922708000;25504988888;26004988888;10240;10228
4040;25990543000;25296644444;25796644444;10240;10228
4059;25991811000;25338588888;25838588888;10240;10228
4102;25992187000;25505000000;26005000000;10240;10228
4109;25992770000;25546633333;26046633333;10240;10228
4112;25992781000;25546633333;26046633333;10240;10228
4105;25992792000;25505277777;26005277777;10240;10228
4106;25992984000;25546633333;26046633333;10240;10228
4107;25993008000;25546633333;26046633333;10240;10228
4110;25993185000;25546633333;26046633333;10240;10228
4111;25993390000;25546633333;26046633333;10240;10228
4113;25993593000;25546655555;26046655555;10240;10228
4116;25993785000;25546977777;26046977777;10240;10228
4117;25993805000;25588300000;26088300000;10240;10228
4114;25993811000;25546977777;26046977777;10240;10228
4115;25993969000;25546977777;26046977777;10240;10228
4118;25994197000;25588300000;26088300000;10240;10228
4119;25994214000;25588300000;26088300000;10240;10228
4120;25994380000;25588300000;26088300000;10240;10228
4121;25994398000;25588300000;26088300000;10240;10228
4122;25994619000;25588300000;26088300000;10240;10228
4123;25994638000;25588300000;26088300000;10240;10228
4124;25994832000;25588322222;26088322222;10240;10228
4128;26049472000;25629966666;26129966666;10240;10228
4130;26049598000;25629966666;26129966666;10240;10228
4131;26049654000;25629966666;26129966666;10240;10228
4068;26049857000;25379966666;25879966666;10240;10228
4132;26049929000;25629966666;26129966666;10240;10228
4133;26050338000;25629966666;26129966666;10240;10228
4134;26050575000;25629966666;26129966666;10240;10228
4135;26050700000;25629977777;26129977777;10240;10228
4136;26050871000;25630288888;26130288888;10240;10228
4137;26050937000;25630288888;26130288888;10240;10228
4138;26051424000;25630288888;26130288888;10240;10228
4079;26157254000;25421633333;25921633333;10240;10228
4073;26157267000;25421633333;25921633333;10240;10228
4081;26157306000;25421933333;25921933333;10240;10228
4093;26157710000;25463600000;25963600000;10240;10228
4104;26158477000;25505277777;26005277777;10240;10228
4140;26158855000;25671655555;26171655555;10240;10228
4139;26159062000;25671655555;26171655555;10240;10228
4141;26159262000;25671655555;26171655555;10240;10228
4143;26159854000;25671655555;26171655555;10240;10228
4144;26159872000;25671655555;26171655555;10240;10228
4146;26159972000;25671677777;26171677777;10240;10228
4149;26159990000;25671988888;26171988888;10240;10228
4142;26160016000;25671655555;26171655555;10240;10228
4151;26160187000;25713322222;26213322222;10240;10228
4147;26160220000;25671988888;26171988888;10240;10228
4150;26160426000;25713322222;26213322222;10240;10228
4154;26160468000;25713322222;26213322222;10240;10228
4152;26160632000;25713322222;26213322222;10240;10228
4153;26160880000;25713322222;26213322222;10240;10228
4158;26161097000;25713622222;26213622222;10240;10228
4155;26161113000;25713322222;26213322222;10240;10228
4157;26161244000;25713333333;26213333333;10240;10228
4159;26161449000;25713622222;26213622222;10240;10228
4160;26161466000;25713622222;26213622222;10240;10228
4161;26161655000;25755000000;26255000000;10240;10228
4163;26161831000;25755000000;26255000000;10240;10228
4162;26162041000;25755000000;26255000000;10240;10228
4165;26162666000;25755000000;26255000000;10240;10228
4164;26162889000;25755000000;26255000000;10240;10228
4166;26163309000;25755000000;26255000000;10240;10228
4108;26231208000;25546633333;26046633333;10240;10228
4125;26231647000;25588600000;26088600000;10240;10228
4126;26231690000;25588600000;26088600000;10240;10228
4127;26231738000;25588600000;26088600000;10240;10228
4167;26231889000;25755000000;26255000000;10240;10228
4168;26233168000;25755022222;26255022222;10240;10228
4175;26233187000;25796644444;26296644444;10240;10228
4176;26233206000;25796644444;26296644444;10240;10228
4169;26233368000;25755288888;26255288888;10240;10228
4178;26234070000;25796644444;26296644444;10240;10228
4179;26234185000;25796655555;26296655555;10240;10228
4180;26234310000;25796966666;26296966666;10240;10228
4181;26234386000;25796966666;26296966666;10240;10228
4182;26234565000;25796966666;26296966666;10240;10228
4183;26234716000;25838300000;26338300000;10240;10228
4188;26235281000;25838300000;26338300000;10240;10228
4189;26235291000;25838300000;26338300000;10240;10228
4186;26235372000;25838300000;26338300000;10240;10228
4187;26235608000;25838300000;26338300000;10240;10228
4129;26289815000;25629966666;26129966666;10240;10228
4192;26290344000;25838622222;26338622222;10240;10228
4193;26290395000;25838622222;26338622222;10240;10228
4194;26290424000;25879966666;26379966666;10240;10228
4195;26290450000;25879966666;26379966666;10240;10228
4196;26290613000;25879966666;26379966666;10240;10228
4197;26290620000;25879966666;26379966666;10240;10228
4190;26290959000;25838311111;26338311111;10240;10228
4199;26291121000;25879966666;26379966666;10240;10228
4200;26291232000;25879966666;26379966666;10240;10228
4201;26291241000;25879977777;26379977777;10240;10228
4203;26291942000;25880244444;26380244444;10240;10228
4145;26397755000;25671655555;26171655555;10240;10228
4148;26397832000;25671988888;26171988888;10240;10228
4156;26398118000;25713322222;26213322222;10240;10228
4170;26398570000;25755288888;26255288888;10240;10228
4204;26398583000;25880244444;26380244444;10240;10228
4171;26399146000;25755288888;26255288888;10240;10228
4205;26399748000;25921644444;26421644444;10240;10228
4206;26399874000;25921644444;26421644444;10240;10228
4207;26400217000;25921644444;26421644444;10240;10228
4209;26400261000;25921644444;26421644444;10240;10228
4210;26400372000;25921644444;26421644444;10240;10228
4213;26400397000;25921955555;26421955555;10240;10228
4214;26400416000;25921955555;26421955555;10240;10228
4215;26400616000;25921955555;26421955555;10240;10228
4211;26400634000;25921644444;26421644444;10240;10228
4212;26400821000;25921655555;26421655555;10240;10228
4216;26400838000;25963300000;26463300000;10240;10228
4217;26400995000;25963300000;26463300000;10240;10228
4218;26401205000;25963300000;26463300000;10240;10228
4219;26401399000;25963300000;26463300000;10240;10228
4221;26401455000;25963300000;26463300000;10240;10228
4224;26401656000;25963622222;26463622222;10240;10228
4220;26401679000;25963300000;26463300000;10240;10228
4223;26401881000;25963322222;26463322222;10240;10228
4225;26402020000;25963622222;26463622222;10240;10228
4226;26402156000;25963622222;26463622222;10240;10228
4227;26402229000;26004966666;26504966666;10240;10228
4228;26402360000;26004966666;26504966666;10240;10228
4229;26403063000;26004966666;26504966666;10240;10228
4230;26403183000;26004966666;26504966666;10240;10228
4231;26403650000;26004966666;26504966666;10240;10228
4173;26471340000;25796644444;26296644444;10240;10228
4174;26471363000;25796644444;26296644444;10240;10228
4177;26471413000;25796644444;26296644444;10240;10228
4232;26472377000;26004966666;26504966666;10240;10228
4233;26473757000;26004966666;26504966666;10240;10228
4235;26473771000;26005300000;26505300000;10240;10228
4239;26473804000;26046644444;26546644444;10240;10228
4234;26473969000;26004977777;26504977777;10240;10228
4236;26474158000;26005300000;26505300000;10240;10228
4237;26474176000;26005300000;26505300000;10240;10228
4240;26474369000;26046644444;26546644444;10240;10228
4243;26474539000;26046644444;26546644444;10240;10228
4244;26474568000;26046644444;26546644444;10240;10228
4245;26474691000;26046655555;26546655555;10240;10228
4242;26474747000;26046644444;26546644444;10240;10228
4246;26474822000;26046966666;26546966666;10240;10228
4247;26475001000;26046966666;26546966666;10240;10228
4248;26475137000;26046966666;26546966666;10240;10228
4249;26475719000;26088300000;26588300000;10240;10228
4250;26475832000;26088300000;26588300000;10240;10228
4251;26475981000;26088300000;26588300000;10240;10228
4252;26476104000;26088300000;26588300000;10240;10228
4191;26530235000;25838622222;26338622222;10240;10228
4184;26530350000;25838300000;26338300000;10240;10228
4185;26530564000;25838300000;26338300000;10240;10228
4202;26530580000;25880244444;26380244444;10240;10228
4255;26530985000;26088300000;26588300000;10240;10228
4256;26531001000;26088311111;26588311111;10240;10228
4257;26531081000;26088588888;26588588888;10240;10228
4260;26531420000;26130000000;26630000000;10240;10228
4253;26531587000;26088300000;26588300000;10240;10228
4261;26531599000;26130000000;26630000000;10240;10228
4262;26531680000;26130000000;26630000000;10240;10228
4254;26531762000;26088300000;26588300000;10240;10228
4263;26531993000;26130000000;26630000000;10240;10228
4198;26532290000;25879966666;26379966666;10240;10228
4264;26532342000;26130000000;26630000000;10240;10228
4265;26532550000;26130000000;26630000000;10240;10228
4208;26638161000;25921644444;26421644444;10240;10228
4266;26638956000;26130000000;26630000000;10240;10228
4222;26639376000;25963300000;26463300000;10240;10228
4267;26640044000;26130011111;26630011111;10240;10228
4269;26640060000;26130277777;26630277777;10240;10228
4268;26640233000;26130277777;26630277777;10240;10228
4270;26640438000;26130277777;26630277777;10240;10228
4271;26640501000;26171644444;26671644444;10240;10228
4274;26640760000;26171644444;26671644444;10240;10228
4275;26640865000;26171644444;26671644444;10240;10228
4273;26640884000;26171644444;26671644444;10240;10228
4276;26641063000;26171644444;26671644444;10240;10228
4279;26641104000;26171988888;26671988888;10240;10228
4280;26641194000;26171988888;26671988888;10240;10228
4277;26641238000;26171644444;26671644444;10240;10228
4278;26641257000;26171655555;26671655555;10240;10228
4281;26641399000;26171988888;26671988888;10240;10228
4282;26641565000;26213311111;26713311111;10240;10228
4283;26641814000;26213311111;26713311111;10240;10228
4284;26642003000;26213311111;26713311111;10240;10228
4286;26642189000;26213311111;26713311111;10240;10228
4289;26642393000;26213322222;26713322222;10240;10228
4290;26642502000;26213600000;26713600000;10240;10228
4291;26642576000;26213600000;26713600000;10240;10228
4292;26643490000;26213600000;26713600000;10240;10228
4293;26643664000;26254966666;26754966666;10240;10228
4295;26644089000;26254966666;26754966666;10240;10228
4238;26712203000;26046644444;26546644444;10240;10228
4299;26714360000;26254966666;26754966666;10240;10228
4297;26714375000;26254966666;26754966666;10240;10228
4302;26714454000;26255311111;26755311111;10240;10228
4304;26714526000;26296644444;26796644444;10240;10228
4298;26714554000;26254966666;26754966666;10240;10228
4300;26714572000;26254988888;26754988888;10240;10228
4303;26714795000;26255311111;26755311111;10240;10228
4305;26715018000;26296644444;26796644444;10240;10228
4306;26715185000;26296644444;26796644444;10240;10228
4307;26715379000;26296644444;26796644444;10240;10228
4308;26715584000;26296644444;26796644444;10240;10228
4309;26715605000;26296644444;26796644444;10240;10228
4310;26715826000;26296644444;26796644444;10240;10228
4312;26715855000;26296966666;26796966666;10240;10228
4313;26716319000;26296966666;26796966666;10240;10228
4314;26716505000;26296966666;26796966666;10240;10228
4315;26716744000;26338300000;26838300000;10240;10228
4316;26716772000;26338300000;26838300000;10240;10228
4259;26771058000;26088588888;26588588888;10240;10228
4319;26771787000;26338300000;26838300000;10240;10228
4321;26772278000;26338300000;26838300000;10240;10228
4322;26772295000;26338311111;26838311111;10240;10228
4323;26772352000;26338600000;26838600000;10240;10228
4324;26772390000;26338600000;26838600000;10240;10228
4258;26772812000;26088588888;26588588888;10240;10228
4325;26773026000;26338600000;26838600000;10240;10228
4326;26773216000;26379977777;26879977777;10240;10228
4327;26773385000;26379977777;26879977777;10240;10228
4328;26773405000;26379977777;26879977777;10240;10228
4272;26878834000;26171644444;26671644444;10240;10228
4285;26879187000;26213311111;26713311111;10240;10228
4329;26879699000;26379977777;26879977777;10240;10228
4287;26879845000;26213311111;26713311111;10240;10228
4288;26880050000;26213311111;26713311111;10240;10228
4330;26880106000;26379977777;26879977777;10240;10228
4331;26880732000;26379977777;26879977777;10240;10228
4333;26880830000;26379988888;26879988888;10240;10228
4332;26880983000;26379977777;26879977777;10240;10228
4334;26880997000;26380266666;26880266666;10240;10228
4335;26881154000;26380266666;26880266666;10240;10228
4336;26881358000;26380266666;26880266666;10240;10228
4337;26881581000;26421633333;26921633333;10240;10228
4338;26881603000;26421633333;26921633333;10240;10228
4341;26881634000;26421633333;26921633333;10240;10228
4342;26881653000;26421633333;26921633333;10240;10228
4343;26881757000;26421633333;26921633333;10240;10228
4339;26881764000;26421633333;26921633333;10240;10228
4340;26881972000;26421633333;26921633333;10240;10228
4344;26882054000;26421644444;26921644444;10240;10228
4345;26882183000;26421977777;26921977777;10240;10228
4346;26882288000;26421977777;26921977777;10240;10228
4347;26882441000;26421977777;26921977777;10240;10228
4348;26882610000;26463311111;26963311111;10240;10228
4350;26882701000;26463311111;26963311111;10240;10228
4349;26882807000;26463311111;26963311111;10240;10228
4352;26883007000;26463311111;26963311111;10240;10228
4354;26883256000;26463311111;26963311111;10240;10228
4356;26884093000;26463611111;26963611111;10240;10228
4355;26884210000;26463322222;26963322222;10240;10228
4357;26884493000;26463611111;26963611111;10240;10228
4296;26952217000;26254966666;26754966666;10240;10228
4294;26952350000;26254966666;26754966666;10240;10228
4301;26952634000;26255311111;26755311111;10240;10228
4311;26952902000;26296655555;26796655555;10240;10228
4358;26953068000;26463611111;26963611111;10240;10228
4359;26954760000;26505000000;27005000000;10240;10228
4362;26954770000;26505000000;27005000000;10240;10228
4364;26954974000;26505000000;27005000000;10240;10228
4365;26954986000;26505000000;27005000000;10240;10228
4360;26954991000;26505000000;27005000000;10240;10228
4366;26955099000;26505011111;27005011111;10240;10228
4361;26955186000;26505000000;27005000000;10240;10228
4368;26955270000;26505288888;27005288888;10240;10228
4363;26955381000;26505000000;27005000000;10240;10228
4367;26955405000;26505288888;27005288888;10240;10228
4369;26955589000;26505288888;27005288888;10240;10228
4370;26955789000;26546644444;27046644444;10240;10228
4371;26955938000;26546644444;27046644444;10240;10228
4372;26956151000;26546644444;27046644444;10240;10228
4373;26956341000;26546644444;27046644444;10240;10228
4374;26956461000;26546644444;27046644444;10240;10228
4376;26956637000;26546644444;27046644444;10240;10228
4375;26956685000;26546644444;27046644444;10240;10228
4377;26956819000;26546655555;27046655555;10240;10228
4378;26957040000;26546966666;27046966666;10240;10228
4379;26957244000;26546966666;27046966666;10240;10228
4317;27010968000;26338300000;26838300000;10240;10228
4318;27010996000;26338300000;26838300000;10240;10228
4320;27011013000;26338300000;26838300000;10240;10228
4380;27011611000;26546966666;27046966666;10240;10228
4381;27011794000;26588300000;27088300000;10240;10228
4383;27012235000;26588300000;27088300000;10240;10228
4384;27012499000;26588300000;27088300000;10240;10228
4385;27012946000;26588300000;27088300000;10240;10228
4386;27013145000;26588300000;27088300000;10240;10228
4389;27013358000;26588611111;27088611111;10240;10228
4387;27013377000;26588300000;27088300000;10240;10228
4388;27013389000;26588322222;27088322222;10240;10228
4391;27013712000;26588611111;27088611111;10240;10228
4393;27014005000;26629966666;27129966666;10240;10228
4351;27120034000;26463311111;26963311111;10240;10228
4353;27120151000;26463311111;26963311111;10240;10228
4394;27121085000;26629966666;27129966666;10240;10228
4395;27121271000;26629966666;27129966666;10240;10228
4396;27121508000;26629966666;27129966666;10240;10228
4398;27121655000;26629966666;27129966666;10240;10228
4397;27121856000;26629966666;27129966666;10240;10228
4401;27121985000;26630277777;27130277777;10240;10228
4402;27121992000;26630277777;27130277777;10240;10228
4399;27122038000;26629977777;27129977777;10240;10228
4403;27122127000;26671644444;27171644444;10240;10228
4406;27122134000;26671644444;27171644444;10240;10228
4407;27122153000;26671644444;27171644444;10240;10228
4400;27122255000;26630277777;27130277777;10240;10228
4408;27122276000;26671644444;27171644444;10240;10228
4404;27122438000;26671644444;27171644444;10240;10228
4405;27122456000;26671644444;27171644444;10240;10228
4410;27122665000;26671655555;27171655555;10240;10228
4411;27122761000;26671966666;27171966666;10240;10228
4412;27122919000;26671966666;27171966666;10240;10228
4413;27123007000;26671966666;27171966666;10240;10228
4414;27123137000;26713311111;27213311111;10240;10228
4415;27123312000;26713311111;27213311111;10240;10228
4416;27123372000;26713311111;27213311111;10240;10228
4417;27123638000;26713311111;27213311111;10240;10228
4418;27123651000;26713311111;27213311111;10240;10228
4419;27123813000;26713311111;27213311111;10240;10228
4420;27124577000;26713311111;27213311111;10240;10228
4421;27124627000;26713322222;27213322222;10240;10228
4422;27124818000;26713600000;27213600000;10240;10228
4423;27193714000;26713600000;27213600000;10240;10228
4424;27194568000;26713600000;27213600000;10240;10228
4425;27195272000;26754977777;27254977777;10240;10228
4426;27195439000;26754977777;27254977777;10240;10228
4428;27195649000;26754977777;27254977777;10240;10228
4429;27195840000;26754977777;27254977777;10240;10228
4430;27195860000;26754977777;27254977777;10240;10228
4432;27196102000;26754988888;27254988888;10240;10228
4433;27196430000;26755266666;27255266666;10240;10228
4434;27196653000;26755266666;27255266666;10240;10228
4435;27196846000;26755266666;27255266666;10240;10228
4436;27197018000;26796644444;27296644444;10240;10228
4437;27197035000;26796644444;27296644444;10240;10228
4438;27197255000;26796644444;27296644444;10240;10228
4439;27197425000;26796644444;27296644444;10240;10228
4440;27197442000;26796644444;27296644444;10240;10228
4441;27197630000;26796644444;27296644444;10240;10228
4442;27197868000;26796644444;27296644444;10240;10228
4443;27197886000;26796655555;27296655555;10240;10228
4444;27198072000;26796977777;27296977777;10240;10228
4390;27251942000;26588611111;27088611111;10240;10228
4445;27252174000;26796977777;27296977777;10240;10228
4447;27252733000;26838311111;27338311111;10240;10228
4449;27253095000;26838311111;27338311111;10240;10228
4450;27253551000;26838311111;27338311111;10240;10228
4451;27253768000;26838311111;27338311111;10240;10228
4453;27253789000;26838311111;27338311111;10240;10228
4454;27253809000;26838322222;27338322222;10240;10228
4452;27253941000;26838311111;27338311111;10240;10228
4455;27254144000;26838633333;27338633333;10240;10228
4456;27254546000;26838633333;27338633333;10240;10228
4392;27359733000;26629966666;27129966666;10240;10228
4409;27360820000;26671644444;27171644444;10240;10228
4457;27360995000;26838633333;27338633333;10240;10228
4458;27362345000;26879977777;27379977777;10240;10228
4460;27362431000;26879977777;27379977777;10240;10228
4459;27362516000;26879977777;27379977777;10240;10228
4461;27362679000;26879977777;27379977777;10240;10228
4462;27362837000;26879977777;27379977777;10240;10228
4463;27363037000;26879977777;27379977777;10240;10228
4465;27363216000;26879988888;27379988888;10240;10228
4471;27363372000;26921644444;27421644444;10240;10228
4466;27363413000;26880255555;27380255555;10240;10228
4472;27363435000;26921644444;27421644444;10240;10228
4467;27363676000;26880255555;27380255555;10240;10228
4469;27363696000;26921644444;27421644444;10240;10228
4474;27363719000;26921644444;27421644444;10240;10228
4473;27363816000;26921644444;27421644444;10240;10228
4477;27363910000;26922655555;27422655555;10240;10228
4478;27364021000;26922655555;27422655555;10240;10228
4475;27364030000;26921644444;27421644444;10240;10228
4479;27364132000;26922655555;27422655555;10240;10228
4480;27364215000;26963311111;27463311111;10240;10228
4481;27364344000;26963311111;27463311111;10240;10228
4482;27364456000;26963311111;27463311111;10240;10228
4483;27364596000;26963311111;27463311111;10240;10228
4484;27364654000;26963311111;27463311111;10240;10228
4485;27364800000;26963311111;27463311111;10240;10228
4486;27364918000;26963311111;27463311111;10240;10228
4427;27433456000;26754977777;27254977777;10240;10228
4446;27433790000;26796977777;27296977777;10240;10228
4488;27434047000;26963577777;27463577777;10240;10228
4489;27434747000;26963577777;27463577777;10240;10228
4490;27435842000;26963577777;27463577777;10240;10228
4491;27436002000;27004977777;27504977777;10240;10228
4493;27436201000;27004977777;27504977777;10240;10228
4494;27436208000;27004977777;27504977777;10240;10228
4495;27436377000;27004977777;27504977777;10240;10228
4496;27436601000;27004977777;27504977777;10240;10228
4497;27436837000;27004977777;27504977777;10240;10228
4500;27437234000;27005244444;27505244444;10240;10228
4501;27437386000;27005244444;27505244444;10240;10228
4502;27437614000;27046633333;27546633333;10240;10228
4504;27437799000;27046633333;27546633333;10240;10228
4503;27437814000;27046633333;27546633333;10240;10228
4505;27437975000;27046633333;27546633333;10240;10228
4506;27438155000;27046633333;27546633333;10240;10228
4507;27438314000;27046633333;27546633333;10240;10228
4508;27438373000;27046633333;27546633333;10240;10228
4510;27491736000;27046933333;27546933333;10240;10228
4513;27491747000;27088433333;27588433333;10240;10228
4514;27491752000;27088433333;27588433333;10240;10228
4518;27491757000;27088433333;27588433333;10240;10228
4521;27491778000;27089300000;27589300000;10240;10228
4511;27491915000;27046933333;27546933333;10240;10228
4512;27492119000;27046933333;27546933333;10240;10228
4515;27492138000;27088433333;27588433333;10240;10228
4516;27492348000;27088433333;27588433333;10240;10228
4519;27492508000;27088433333;27588433333;10240;10228
4520;27492558000;27088922222;27588922222;10240;10228
4523;27493095000;27089300000;27589300000;10240;10228
4524;27493287000;27129966666;27629966666;10240;10228
4525;27493468000;27129966666;27629966666;10240;10228
4526;27493659000;27129966666;27629966666;10240;10228
4464;27600685000;26879977777;27379977777;10240;10228
4468;27600868000;26880255555;27380255555;10240;10228
4470;27600910000;26921644444;27421644444;10240;10228
4476;27601258000;26922166666;27422166666;10240;10228
4487;27602441000;26963322222;27463322222;10240;10228
4529;27602667000;27129966666;27629966666;10240;10228
4532;27602783000;27130233333;27630233333;10240;10228
4533;27602931000;27130233333;27630233333;10240;10228
4530;27602939000;27129966666;27629966666;10240;10228
4534;27603102000;27130233333;27630233333;10240;10228
4535;27603397000;27171644444;27671644444;10240;10228
4536;27603583000;27171644444;27671644444;10240;10228
4538;27603736000;27171644444;27671644444;10240;10228
4541;27603744000;27171644444;27671644444;10240;10228
4542;27603764000;27171655555;27671655555;10240;10228
4537;27603771000;27171644444;27671644444;10240;10228
4544;27603829000;27171933333;27671933333;10240;10228
4539;27603979000;27171644444;27671644444;10240;10228
4545;27604075000;27171933333;27671933333;10240;10228
4540;27604197000;27171644444;27671644444;10240;10228
4543;27604224000;27171933333;27671933333;10240;10228
4547;27604350000;27213322222;27713322222;10240;10228
4546;27604372000;27213322222;27713322222;10240;10228
4548;27604618000;27213322222;27713322222;10240;10228
4549;27604826000;27213322222;27713322222;10240;10228
4551;27604855000;27213322222;27713322222;10240;10228
4554;27604874000;27213600000;27713600000;10240;10228
4552;27605029000;27213322222;27713322222;10240;10228
4553;27605056000;27213333333;27713333333;10240;10228
4556;27605396000;27213600000;27713600000;10240;10228
4492;27673802000;27004977777;27504977777;10240;10228
4559;27674190000;27254977777;27754977777;10240;10228
4498;27674742000;27004988888;27504988888;10240;10228
4499;27674771000;27005244444;27505244444;10240;10228
4560;27675337000;27254977777;27754977777;10240;10228
4561;27676249000;27254977777;27754977777;10240;10228
4562;27676380000;27254977777;27754977777;10240;10228
4563;27676437000;27254977777;27754977777;10240;10228
4564;27676628000;27254988888;27754988888;10240;10228
4565;27676832000;27255255555;27755255555;10240;10228
4567;27677034000;27255255555;27755255555;10240;10228
4569;27677255000;27296633333;27796633333;10240;10228
4568;27677348000;27296633333;27796633333;10240;10228
4570;27677895000;27296633333;27796633333;10240;10228
4571;27678107000;27296633333;27796633333;10240;10228
4572;27678334000;27296633333;27796633333;10240;10228
4576;27678478000;27296933333;27796933333;10240;10228
4573;27678522000;27296633333;27796633333;10240;10228
4577;27678672000;27296933333;27796933333;10240;10228
4578;27678714000;27296933333;27796933333;10240;10228
4574;27678734000;27296633333;27796633333;10240;10228
4575;27678753000;27296644444;27796644444;10240;10228
4509;27729184000;27046644444;27546644444;10240;10228
4579;27729514000;27338300000;27838300000;10240;10228
4517;27729782000;27088433333;27588433333;10240;10228
4522;27730178000;27089300000;27589300000;10240;10228
4580;27732243000;27338300000;27838300000;10240;10228
4581;27732257000;27338300000;27838300000;10240;10228
4582;27732501000;27338300000;27838300000;10240;10228
4584;27732529000;27338300000;27838300000;10240;10228
4583;27732690000;27338300000;27838300000;10240;10228
4587;27732998000;27338577777;27838577777;10240;10228
4591;27733320000;27379977777;27879977777;10240;10228
4592;27733820000;27379977777;27879977777;10240;10228
4593;27734021000;27379977777;27879977777;10240;10228
4594;27734444000;27379977777;27879977777;10240;10228
4527;27840713000;27129966666;27629966666;10240;10228
4528;27840940000;27129966666;27629966666;10240;10228
4531;27840969000;27129977777;27629977777;10240;10228
4595;27842360000;27379977777;27879977777;10240;10228
4597;27843057000;27379988888;27879988888;10240;10228
4598;27843069000;27380222222;27880222222;10240;10228
4599;27843196000;27380222222;27880222222;10240;10228
4596;27843233000;27379977777;27879977777;10240;10228
4604;27843865000;27421644444;27921644444;10240;10228
4603;27843913000;27421644444;27921644444;10240;10228
4605;27844105000;27421644444;27921644444;10240;10228
4607;27844209000;27421644444;27921644444;10240;10228
4610;27844216000;27421922222;27921922222;10240;10228
4606;27844304000;27421644444;27921644444;10240;10228
4611;27844528000;27421922222;27921922222;10240;10228
4612;27844885000;27463311111;27963311111;10240;10228
4616;27845064000;27463311111;27963311111;10240;10228
4613;27845073000;27463311111;27963311111;10240;10228
4619;27845264000;27463322222;27963322222;10240;10228
4615;27845270000;27463311111;27963311111;10240;10228
4618;27845497000;27463311111;27963311111;10240;10228
4622;27845747000;27463600000;27963600000;10240;10228
4550;27845920000;27213322222;27713322222;10240;10228
4558;27914180000;27254977777;27754977777;10240;10228
4557;27914313000;27254977777;27754977777;10240;10228
4566;27914473000;27255255555;27755255555;10240;10228
4624;27914960000;27504977777;28004977777;10240;10228
4627;27914975000;27504977777;28004977777;10240;10228
4625;27915132000;27504977777;28004977777;10240;10228
4626;27915344000;27504977777;28004977777;10240;10228
4628;27916794000;27504977777;28004977777;10240;10228
4629;27917000000;27504977777;28004977777;10240;10228
4631;27917028000;27505266666;28005266666;10240;10228
4632;27917050000;27505266666;28005266666;10240;10228
4630;27917197000;27504988888;28004988888;10240;10228
4633;27917350000;27505266666;28005266666;10240;10228
4634;27917621000;27546644444;28046644444;10240;10228
4635;27917726000;27546644444;28046644444;10240;10228
4636;27918298000;27546644444;28046644444;10240;10228
4637;27918734000;27546644444;28046644444;10240;10228
4639;27918915000;27546644444;28046644444;10240;10228
4638;27918926000;27546644444;28046644444;10240;10228
4641;27919083000;27546655555;28046655555;10240;10228
4642;27919314000;27546955555;28046955555;10240;10228
4643;27919505000;27546955555;28046955555;10240;10228
4644;27919729000;27546955555;28046955555;10240;10228
4645;27919751000;27588311111;28088311111;10240;10228
4646;27970235000;27588311111;28088311111;10240;10228
4647;27970458000;27588311111;28088311111;10240;10228
4648;27970846000;27588311111;28088311111;10240;10228
4650;27972686000;27588311111;28088311111;10240;10228
4649;27972838000;27588311111;28088311111;10240;10228
4653;27973048000;27588588888;28088588888;10240;10228
4651;27973138000;27588311111;28088311111;10240;10228
4652;27973332000;27588322222;28088322222;10240;10228
4654;27973539000;27588588888;28088588888;10240;10228
4655;27973891000;27588588888;28088588888;10240;10228
4656;27974383000;27629977777;28129977777;10240;10228
4657;27974590000;27629977777;28129977777;10240;10228
4658;27974762000;27629977777;28129977777;10240;10228
4600;28081312000;27380222222;27880222222;10240;10228
4608;28081739000;27421655555;27921655555;10240;10228
4609;28081751000;27421922222;27921922222;10240;10228
4601;28081756000;27421644444;27921644444;10240;10228
4602;28081778000;27421644444;27921644444;10240;10228
4659;28081948000;27629977777;28129977777;10240;10228
4662;28081957000;27629977777;28129977777;10240;10228
4663;28081976000;27629988888;28129988888;10240;10228
4660;28082381000;27629977777;28129977777;10240;10228
4661;28082399000;27629977777;28129977777;10240;10228
4664;28082600000;27630255555;28130255555;10240;10228
4666;28083478000;27630255555;28130255555;10240;10228
4665;28083661000;27630255555;28130255555;10240;10228
4667;28083927000;27671644444;28171644444;10240;10228
4669;28084314000;27671644444;28171644444;10240;10228
4670;28084327000;27671644444;28171644444;10240;10228
4668;28084503000;27671644444;28171644444;10240;10228
4675;28084680000;27671922222;28171922222;10240;10228
4676;28084691000;27671922222;28171922222;10240;10228
4671;28084697000;27671644444;28171644444;10240;10228
4677;28084789000;27671922222;28171922222;10240;10228
4672;28084938000;27671644444;28171644444;10240;10228
4673;28084971000;27671644444;28171644444;10240;10228
4674;28084992000;27671655555;28171655555;10240;10228
4678;28085010000;27713311111;28213311111;10240;10228
4679;28085322000;27713311111;28213311111;10240;10228
4680;28085440000;27713311111;28213311111;10240;10228
4682;28085841000;27713311111;28213311111;10240;10228
4683;28086069000;27713311111;28213311111;10240;10228
4684;28086167000;27713311111;28213311111;10240;10228
4614;28086300000;27463311111;27963311111;10240;10228
4685;28086307000;27713322222;28213322222;10240;10228
4620;28154895000;27463600000;27963600000;10240;10228
4621;28155096000;27463600000;27963600000;10240;10228
4623;28155298000;27504977777;28004977777;10240;10228
4686;28155338000;27713577777;28213577777;10240;10228
4687;28155452000;27713577777;28213577777;10240;10228
4688;28155781000;27713577777;28213577777;10240;10228
4689;28156120000;27754977777;28254977777;10240;10228
4690;28156321000;27754977777;28254977777;10240;10228
4691;28156510000;27754977777;28254977777;10240;10228
4692;28156746000;27754977777;28254977777;10240;10228
4694;28157558000;27754977777;28254977777;10240;10228
4695;28157570000;27754977777;28254977777;10240;10228
4693;28157728000;27754977777;28254977777;10240;10228
4696;28157739000;27754988888;28254988888;10240;10228
4698;28157950000;27755244444;28255244444;10240;10228
4697;28158130000;27755244444;28255244444;10240;10228
4700;28158315000;27796644444;28296644444;10240;10228
4701;28158671000;27796644444;28296644444;10240;10228
4702;28159081000;27796644444;28296644444;10240;10228
4703;28159256000;27796644444;28296644444;10240;10228
4704;28159385000;27796644444;28296644444;10240;10228
4705;28159594000;27796644444;28296644444;10240;10228
4706;28159689000;27796644444;28296644444;10240;10228
4709;28160542000;27796955555;28296955555;10240;10228
4710;28210872000;27796955555;28296955555;10240;10228
4711;28211077000;27838311111;28338311111;10240;10228
4712;28211333000;27838311111;28338311111;10240;10228
4714;28213263000;27838311111;28338311111;10240;10228
4715;28213465000;27838311111;28338311111;10240;10228
4717;28213590000;27838311111;28338311111;10240;10228
4719;28213725000;27838600000;28338600000;10240;10228
4716;28213735000;27838311111;28338311111;10240;10228
4718;28213943000;27838322222;28338322222;10240;10228
4720;28214471000;27838600000;28338600000;10240;10228
4721;28214988000;27838600000;28338600000;10240;10228
4722;28215188000;27879977777;28379977777;10240;10228
4723;28322368000;27879977777;28379977777;10240;10228
4724;28322794000;27879977777;28379977777;10240;10228
4725;28323012000;27879977777;28379977777;10240;10228
4726;28323113000;27879977777;28379977777;10240;10228
4727;28323356000;27879977777;28379977777;10240;10228
4728;28323579000;27879977777;28379977777;10240;10228
4729;28323592000;27879988888;28379988888;10240;10228
4732;28324060000;27880244444;28380244444;10240;10228
4733;28324303000;27921644444;28421644444;10240;10228
4734;28324693000;27921644444;28421644444;10240;10228
4735;28324837000;27921644444;28421644444;10240;10228
4736;28325004000;27921644444;28421644444;10240;10228
4737;28325131000;27921644444;28421644444;10240;10228
4738;28325262000;27921644444;28421644444;10240;10228
4739;28325372000;27921644444;28421644444;10240;10228
4740;28325510000;27921655555;28421655555;10240;10228
4742;28325613000;27921955555;28421955555;10240;10228
4741;28325735000;27921955555;28421955555;10240;10228
4744;28325760000;27963311111;28463311111;10240;10228
4745;28325902000;27963311111;28463311111;10240;10228
4746;28326106000;27963311111;28463311111;10240;10228
4747;28326187000;27963311111;28463311111;10240;10228
4748;28326395000;27963311111;28463311111;10240;10228
4681;28326513000;27713311111;28213311111;10240;10228
4749;28326608000;27963311111;28463311111;10240;10228
4750;28326694000;27963311111;28463311111;10240;10228
4751;28326795000;27963322222;28463322222;10240;10228
4752;28327053000;27963633333;28463633333;10240;10228
4753;28395752000;27963633333;28463633333;10240;10228
4754;28396726000;27963633333;28463633333;10240;10228
4755;28397005000;28004977777;28504977777;10240;10228
4699;28397014000;27755244444;28255244444;10240;10228
4756;28397216000;28004977777;28504977777;10240;10228
4757;28397279000;28004977777;28504977777;10240;10228
4758;28397587000;28004977777;28504977777;10240;10228
4759;28397694000;28004977777;28504977777;10240;10228
4761;28397872000;28004977777;28504977777;10240;10228
4760;28397909000;28004977777;28504977777;10240;10228
4762;28398015000;28004988888;28504988888;10240;10228
4764;28398193000;28005300000;28505300000;10240;10228
4763;28398219000;28005300000;28505300000;10240;10228
4765;28398276000;28005300000;28505300000;10240;10228
4767;28398853000;28046644444;28546644444;10240;10228
4768;28399046000;28046644444;28546644444;10240;10228
4769;28399247000;28046644444;28546644444;10240;10228
4770;28399446000;28046644444;28546644444;10240;10228
4771;28399765000;28046644444;28546644444;10240;10228
4773;28399925000;28046655555;28546655555;10240;10228
4772;28399959000;28046644444;28546644444;10240;10228
4774;28400180000;28046977777;28546977777;10240;10228
4775;28400384000;28046977777;28546977777;10240;10228
4776;28401212000;28046977777;28546977777;10240;10228
4708;28451246000;27796955555;28296955555;10240;10228
4777;28451260000;28088311111;28588311111;10240;10228
4779;28451469000;28088311111;28588311111;10240;10228
4778;28451489000;28088311111;28588311111;10240;10228
4780;28451685000;28088311111;28588311111;10240;10228
4781;28453727000;28088311111;28588311111;10240;10228
4782;28453922000;28088311111;28588311111;10240;10228
4783;28454104000;28088311111;28588311111;10240;10228
4784;28454221000;28088322222;28588322222;10240;10228
4713;28454385000;27838311111;28338311111;10240;10228
4785;28454475000;28088600000;28588600000;10240;10228
4786;28454670000;28088600000;28588600000;10240;10228
4787;28454872000;28088600000;28588600000;10240;10228
4788;28455610000;28130000000;28630000000;10240;10228
4789;28455811000;28130000000;28630000000;10240;10228
4731;28562654000;27880244444;28380244444;10240;10228
4743;28563057000;27921955555;28421955555;10240;10228
4790;28563112000;28130000000;28630000000;10240;10228
4791;28564070000;28130000000;28630000000;10240;10228
4794;28564686000;28130000000;28630000000;10240;10228
4795;28564698000;28130022222;28630022222;10240;10228
4797;28564884000;28130300000;28630300000;10240;10228
4730;28565363000;27880244444;28380244444;10240;10228
4800;28565393000;28171644444;28671644444;10240;10228
4801;28565476000;28171644444;28671644444;10240;10228
4802;28565659000;28171644444;28671644444;10240;10228
4803;28565757000;28171644444;28671644444;10240;10228
4804;28565950000;28171644444;28671644444;10240;10228
4805;28566082000;28171644444;28671644444;10240;10228
4806;28566164000;28171677777;28671677777;10240;10228
4807;28566372000;28172011111;28672011111;10240;10228
4808;28566600000;28172011111;28672011111;10240;10228
4810;28566846000;28213311111;28713311111;10240;10228
4811;28567025000;28213311111;28713311111;10240;10228
4812;28567257000;28213311111;28713311111;10240;10228
4813;28567284000;28213311111;28713311111;10240;10228
4814;28567422000;28213311111;28713311111;10240;10228
4818;28567529000;28213633333;28713633333;10240;10228
4816;28567686000;28213311111;28713311111;10240;10228
4817;28567696000;28213322222;28713322222;10240;10228
4819;28636360000;28213633333;28713633333;10240;10228
4820;28636497000;28213633333;28713633333;10240;10228
4821;28637247000;28254977777;28754977777;10240;10228
4823;28637807000;28254977777;28754977777;10240;10228
4824;28638005000;28254977777;28754977777;10240;10228
4825;28638382000;28254977777;28754977777;10240;10228
4829;28638582000;28255277777;28755277777;10240;10228
4826;28638619000;28254977777;28754977777;10240;10228
4830;28638859000;28255277777;28755277777;10240;10228
4827;28638870000;28254977777;28754977777;10240;10228
4828;28638875000;28254988888;28754988888;10240;10228
4831;28639070000;28255277777;28755277777;10240;10228
4832;28639315000;28296644444;28796644444;10240;10228
4833;28639327000;28296644444;28796644444;10240;10228
4834;28639774000;28296644444;28796644444;10240;10228
4835;28639971000;28296644444;28796644444;10240;10228
4766;28640062000;28046644444;28546644444;10240;10228
4837;28640330000;28296644444;28796644444;10240;10228
4838;28640336000;28296644444;28796644444;10240;10228
4839;28640655000;28296655555;28796655555;10240;10228
4840;28640826000;28296988888;28796988888;10240;10228
4841;28641747000;28296988888;28796988888;10240;10228
4842;28691691000;28296988888;28796988888;10240;10228
4843;28691882000;28338311111;28838311111;10240;10228
4844;28692035000;28338311111;28838311111;10240;10228
4845;28692091000;28338311111;28838311111;10240;10228
4846;28694235000;28338311111;28838311111;10240;10228
4848;28694518000;28338311111;28838311111;10240;10228
4849;28694690000;28338311111;28838311111;10240;10228
4850;28694797000;28338322222;28838322222;10240;10228
4851;28695121000;28338600000;28838600000;10240;10228
4852;28695326000;28338600000;28838600000;10240;10228
4853;28695506000;28338600000;28838600000;10240;10228
4854;28696285000;28379977777;28879977777;10240;10228
4855;28696454000;28379977777;28879977777;10240;10228
4796;28802760000;28130300000;28630300000;10240;10228
4792;28802890000;28130000000;28630000000;10240;10228
4793;28803066000;28130000000;28630000000;10240;10228
4798;28803437000;28130300000;28630300000;10240;10228
4856;28803687000;28379977777;28879977777;10240;10228
4857;28803697000;28379977777;28879977777;10240;10228
4858;28803924000;28379977777;28879977777;10240;10228
4859;28803934000;28379977777;28879977777;10240;10228
4861;28805131000;28379988888;28879988888;10240;10228
4862;28805142000;28380244444;28880244444;10240;10228
4860;28805296000;28379977777;28879977777;10240;10228
4864;28805307000;28380244444;28880244444;10240;10228
4863;28805432000;28380244444;28880244444;10240;10228
4865;28805846000;28421644444;28921644444;10240;10228
4866;28805857000;28421644444;28921644444;10240;10228
4867;28806144000;28421644444;28921644444;10240;10228
4799;28806312000;28171644444;28671644444;10240;10228
4869;28806408000;28421644444;28921644444;10240;10228
4870;28806556000;28421644444;28921644444;10240;10228
4871;28806675000;28421644444;28921644444;10240;10228
4872;28806805000;28421655555;28921655555;10240;10228
4874;28807029000;28422000000;28922000000;10240;10228
4873;28807039000;28422000000;28922000000;10240;10228
4875;28807126000;28422000000;28922000000;10240;10228
4876;28807657000;28463311111;28963311111;10240;10228
4878;28807775000;28463311111;28963311111;10240;10228
4877;28807966000;28463311111;28963311111;10240;10228
4879;28808173000;28463311111;28963311111;10240;10228
4880;28808374000;28463311111;28963311111;10240;10228
4881;28808584000;28463311111;28963311111;10240;10228
4882;28808775000;28463311111;28963311111;10240;10228
4883;28877212000;28463322222;28963322222;10240;10228
4885;28877224000;28463611111;28963611111;10240;10228
4886;28877421000;28463611111;28963611111;10240;10228
4887;28878427000;28504977777;29004977777;10240;10228
4822;28878992000;28254977777;28754977777;10240;10228
4889;28879197000;28504977777;29004977777;10240;10228
4890;28879208000;28504977777;29004977777;10240;10228
4891;28879398000;28504977777;29004977777;10240;10228
4892;28879612000;28504977777;29004977777;10240;10228
4895;28879732000;28505266666;29005266666;10240;10228
4896;28879754000;28505266666;29005266666;10240;10228
4894;28879764000;28504988888;29004988888;10240;10228
4898;28880230000;28546644444;29046644444;10240;10228
4899;28880386000;28546644444;29046644444;10240;10228
4901;28880804000;28546644444;29046644444;10240;10228
4902;28880928000;28546644444;29046644444;10240;10228
4903;28881144000;28546644444;29046644444;10240;10228
4904;28881251000;28546644444;29046644444;10240;10228
4836;28881263000;28296644444;28796644444;10240;10228
4905;28882181000;28546655555;29046655555;10240;10228
4906;28932226000;28546966666;29046966666;10240;10228
4908;28932508000;28546966666;29046966666;10240;10228
4909;28932528000;28588300000;29088300000;10240;10228
4907;28932686000;28546966666;29046966666;10240;10228
4910;28934697000;28588300000;29088300000;10240;10228
4911;28935112000;28588300000;29088300000;10240;10228
4913;28935605000;28588300000;29088300000;10240;10228
4915;28936017000;28588300000;29088300000;10240;10228
4916;28936126000;28588322222;29088322222;10240;10228
4917;28936927000;28588611111;29088611111;10240;10228
4919;29043548000;28588611111;29088611111;10240;10228
4920;29043559000;28629977777;29129977777;10240;10228
4921;29043802000;28629977777;29129977777;10240;10228
4918;29043964000;28588611111;29088611111;10240;10228
4922;29044329000;28629977777;29129977777;10240;10228
4924;29044451000;28629977777;29129977777;10240;10228
4923;29044581000;28629977777;29129977777;10240;10228
4925;29045569000;28629977777;29129977777;10240;10228
4928;29045580000;28630277777;29130277777;10240;10228
4926;29045792000;28629977777;29129977777;10240;10228
4929;29045880000;28630277777;29130277777;10240;10228
4927;29045984000;28629988888;29129988888;10240;10228
4930;29046085000;28630277777;29130277777;10240;10228
4931;29046236000;28671644444;29171644444;10240;10228
4932;29046358000;28671644444;29171644444;10240;10228
4933;29046590000;28671644444;29171644444;10240;10228
4934;29046691000;28671644444;29171644444;10240;10228
4935;29046900000;28671644444;29171644444;10240;10228
4936;29047019000;28671644444;29171644444;10240;10228
4938;29047198000;28671655555;29171655555;10240;10228
4940;29047567000;28672011111;29172011111;10240;10228
4943;29048269000;28713311111;29213311111;10240;10228
4945;29048606000;28713311111;29213311111;10240;10228
4946;29048749000;28713311111;29213311111;10240;10228
4947;29048936000;28713311111;29213311111;10240;10228
4949;29117577000;28713322222;29213322222;10240;10228
4884;29117665000;28463611111;28963611111;10240;10228
4950;29117877000;28713600000;29213600000;10240;10228
4951;29117988000;28713600000;29213600000;10240;10228
4952;29118859000;28713600000;29213600000;10240;10228
4953;29119345000;28754977777;29254977777;10240;10228
4954;29119622000;28754977777;29254977777;10240;10228
4955;29119827000;28754977777;29254977777;10240;10228
4956;29120045000;28754977777;29254977777;10240;10228
4957;29120238000;28754977777;29254977777;10240;10228
4888;29120248000;28504977777;29004977777;10240;10228
4958;29120331000;28754977777;29254977777;10240;10228
4960;29120740000;28754988888;29254988888;10240;10228
4897;29121249000;28505266666;29005266666;10240;10228
4962;29121260000;28755277777;29255277777;10240;10228
4963;29121433000;28755277777;29255277777;10240;10228
4964;29121661000;28796644444;29296644444;10240;10228
4900;29121872000;28546644444;29046644444;10240;10228
4965;29122073000;28796644444;29296644444;10240;10228
4966;29122083000;28796644444;29296644444;10240;10228
4967;29122277000;28796644444;29296644444;10240;10228
4968;29122813000;28796644444;29296644444;10240;10228
4969;29172701000;28796644444;29296644444;10240;10228
4970;29172914000;28796644444;29296644444;10240;10228
4912;29283540000;28588300000;29088300000;10240;10228
4914;29283558000;28588300000;29088300000;10240;10228
4942;29289340000;28713311111;29213311111;10240;10228
4937;29357798000;28671644444;29171644444;10240;10228
4948;29358147000;28713311111;29213311111;10240;10228
4941;29360414000;28672011111;29172011111;10240;10228
4961;29362208000;28755277777;29255277777;10240;10228
5102;33247096000;29296644444;29796644444;10240;10228
5103;33247140000;29296655555;29796655555;10240;10228
5104;33247324000;29296955555;29796955555;10240;10228
5105;33247507000;29296955555;29796955555;10240;10228
5106;33247529000;29296955555;29796955555;10240;10228
5107;33247737000;29338311111;29838311111;10240;10228
5108;33247759000;29338311111;29838311111;10240;10228
5109;33247944000;29338311111;29838311111;10240;10228
5110;33248140000;29338311111;29838311111;10240;10228
5111;33248160000;29338311111;29838311111;10240;10228
5112;33487685000;29338311111;29838311111;10240;10228
5115;33487696000;29338600000;29838600000;10240;10228
5116;33487702000;29338600000;29838600000;10240;10228
5119;33487708000;29379966666;29879966666;10240;10228
5120;33487712000;29379966666;29879966666;10240;10228
5123;33487736000;29379966666;29879966666;10240;10228
5124;33487743000;29379966666;29879966666;10240;10228
5127;33487748000;29380255555;29880255555;10240;10228
5131;33487752000;29421655555;29921655555;10240;10228
5132;33487759000;29421655555;29921655555;10240;10228
5135;33487778000;29421655555;29921655555;10240;10228
5136;33487785000;29421666666;29921666666;10240;10228
5139;33487790000;29421977777;29921977777;10240;10228
5140;33487795000;29463300000;29963300000;10240;10228
5143;33487920000;29463300000;29963300000;10240;10228
5144;33487932000;29463300000;29963300000;10240;10228
5147;33487939000;29463311111;29963311111;10240;10228
5148;33487945000;29463600000;29963600000;10240;10228
5151;33487951000;29504966666;30004966666;10240;10228
5155;33487956000;29504966666;30004966666;10240;10228
5156;33487962000;29504966666;30004966666;10240;10228
5159;33487967000;29505266666;30005266666;10240;10228
5160;33487972000;29505266666;30005266666;10240;10228
5113;33487976000;29338311111;29838311111;10240;10228
5114;33488100000;29338322222;29838322222;10240;10228
5117;33488121000;29338600000;29838600000;10240;10228
5163;33488299000;29546633333;30046633333;10240;10228
5164;33488311000;29546633333;30046633333;10240;10228
5167;33488316000;29546633333;30046633333;10240;10228
5168;33488326000;29546633333;30046633333;10240;10228
5171;33488331000;29546966666;30046966666;10240;10228
5172;33488337000;29546966666;30046966666;10240;10228
5175;33488341000;29588300000;30088300000;10240;10228
5180;33488347000;29588322222;30088322222;10240;10228
5182;33488351000;29588633333;30088633333;10240;10228
5183;33488359000;29588633333;30088633333;10240;10228
5184;33488364000;29629977777;30129977777;10240;10228
5185;33488368000;29629977777;30129977777;10240;10228
5187;33488373000;29629977777;30129977777;10240;10228
5118;33488378000;29379966666;29879966666;10240;10228
5121;33488512000;29379966666;29879966666;10240;10228
5122;33488537000;29379966666;29879966666;10240;10228
5125;33488719000;29379977777;29879977777;10240;10228
5126;33488731000;29380255555;29880255555;10240;10228
5130;33488924000;29421655555;29921655555;10240;10228
5133;33488944000;29421655555;29921655555;10240;10228
5134;33489124000;29421655555;29921655555;10240;10228
5137;33489145000;29421977777;29921977777;10240;10228
5138;33489336000;29421977777;29921977777;10240;10228
5141;33489554000;29463300000;29963300000;10240;10228
5142;33489575000;29463300000;29963300000;10240;10228
5145;33489728000;29463300000;29963300000;10240;10228
5146;33489749000;29463300000;29963300000;10240;10228
5149;33489945000;29463600000;29963600000;10240;10228
5150;33489966000;29463600000;29963600000;10240;10228
5153;33490155000;29504966666;30004966666;10240;10228
5157;33490350000;29504966666;30004966666;10240;10228
5158;33490373000;29504977777;30004977777;10240;10228
5161;33490573000;29505266666;30005266666;10240;10228
5162;33490585000;29546633333;30046633333;10240;10228
5165;33490759000;29546633333;30046633333;10240;10228
5166;33490781000;29546633333;30046633333;10240;10228
5173;33490974000;29588300000;30088300000;10240;10228
5174;33491166000;29588300000;30088300000;10240;10228
5177;33491186000;29588300000;30088300000;10240;10228
5181;33491367000;29588633333;30088633333;10240;10228
5186;33491379000;29629977777;30129977777;10240;10228
5190;33728104000;29629977777;30129977777;10240;10228
5192;33728115000;29630277777;30130277777;10240;10228
5196;33728121000;29671644444;30171644444;10240;10228
5197;33728127000;29671644444;30171644444;10240;10228
5205;33728136000;29671944444;30171944444;10240;10228
5191;33728275000;29629988888;30129988888;10240;10228
5206;33728285000;29713311111;30213311111;10240;10228
5209;33728301000;29713311111;30213311111;10240;10228
5210;33728306000;29713311111;30213311111;10240;10228
5213;33728310000;29713322222;30213322222;10240;10228
5214;33728314000;29713588888;30213588888;10240;10228
5215;33728319000;29713588888;30213588888;10240;10228
5218;33728328000;29754977777;30254977777;10240;10228
5221;33728334000;29754977777;30254977777;10240;10228
5223;33728341000;29754977777;30254977777;10240;10228
5224;33728345000;29754988888;30254988888;10240;10228
5226;33728367000;29755266666;30255266666;10240;10228
5230;33728373000;29796644444;30296644444;10240;10228
5193;33728378000;29630277777;30130277777;10240;10228
5231;33728569000;29796644444;30296644444;10240;10228
5236;33728582000;29796977777;30296977777;10240;10228
5237;33728588000;29796977777;30296977777;10240;10228
5238;33728607000;29796977777;30296977777;10240;10228
5239;33728612000;29838333333;30338333333;10240;10228
5240;33728617000;29838333333;30338333333;10240;10228
5244;33728626000;29838333333;30338333333;10240;10228
5245;33728632000;29838333333;30338333333;10240;10228
5246;33728654000;29838355555;30338355555;10240;10228
5248;33728660000;29838666666;30338666666;10240;10228
5249;33728666000;29838666666;30338666666;10240;10228
5194;33728670000;29630277777;30130277777;10240;10228
5195;33728675000;29671644444;30171644444;10240;10228
5253;33728681000;29879977777;30379977777;10240;10228
5254;33728689000;29879977777;30379977777;10240;10228
5258;33728696000;29880266666;30380266666;10240;10228
5262;33728716000;29921644444;30421644444;10240;10228
5266;33728831000;29921644444;30421644444;10240;10228
5198;33728843000;29671644444;30171644444;10240;10228
5201;33728849000;29671644444;30171644444;10240;10228
5203;33729042000;29671944444;30171944444;10240;10228
5204;33729247000;29671944444;30171944444;10240;10228
5207;33729267000;29713311111;30213311111;10240;10228
5208;33729444000;29713311111;30213311111;10240;10228
5211;33729455000;29713311111;30213311111;10240;10228
5212;33729663000;29713311111;30213311111;10240;10228
5216;33729683000;29713588888;30213588888;10240;10228
5219;33729857000;29754977777;30254977777;10240;10228
5222;33730064000;29754977777;30254977777;10240;10228
5225;33730085000;29755266666;30255266666;10240;10228
5227;33730267000;29755266666;30255266666;10240;10228
5228;33730279000;29796644444;30296644444;10240;10228
5229;33730438000;29796644444;30296644444;10240;10228
5232;33730677000;29796644444;30296644444;10240;10228
5233;33730699000;29796644444;30296644444;10240;10228
5234;33730881000;29796644444;30296644444;10240;10228
5235;33730902000;29796655555;30296655555;10240;10228
5241;33731079000;29838333333;30338333333;10240;10228
5242;33731102000;29838333333;30338333333;10240;10228
5243;33731291000;29838333333;30338333333;10240;10228
5247;33731303000;29838666666;30338666666;10240;10228
5250;33731460000;29879977777;30379977777;10240;10228
5251;33731701000;29879977777;30379977777;10240;10228
5252;33731721000;29879977777;30379977777;10240;10228
5255;33731933000;29879977777;30379977777;10240;10228
5256;33731950000;29879977777;30379977777;10240;10228
5257;33732084000;29879988888;30379988888;10240;10228
5259;33732102000;29880266666;30380266666;10240;10228
5260;33732306000;29880266666;30380266666;10240;10228
5261;33732505000;29921644444;30421644444;10240;10228
5264;33732511000;29921644444;30421644444;10240;10228
5265;33732721000;29921644444;30421644444;10240;10228
5267;33732726000;29921644444;30421644444;10240;10228
5269;33968381000;29921988888;30421988888;10240;10228
5271;33968406000;29921988888;30421988888;10240;10228
5273;33968413000;29963300000;30463300000;10240;10228
5274;33968419000;29963300000;30463300000;10240;10228
5276;33968424000;29963300000;30463300000;10240;10228
5277;33968430000;29963300000;30463300000;10240;10228
5280;33968453000;29963611111;30463611111;10240;10228
5281;33968472000;29963611111;30463611111;10240;10228
5284;33968478000;30004977777;30504977777;10240;10228
5287;33968541000;30004977777;30504977777;10240;10228
5289;33968551000;30004977777;30504977777;10240;10228
5290;33968558000;30004988888;30504988888;10240;10228
5268;33968563000;29921655555;30421655555;10240;10228
5291;33968569000;30005266666;30505266666;10240;10228
5292;33968573000;30005266666;30505266666;10240;10228
5294;33968578000;30046644444;30546644444;10240;10228
5298;33968593000;30046644444;30546644444;10240;10228
5299;33968632000;30046644444;30546644444;10240;10228
5301;33968639000;30046655555;30546655555;10240;10228
5304;33968671000;30046977777;30546977777;10240;10228
5306;33968681000;30088311111;30588311111;10240;10228
5309;33968694000;30088311111;30588311111;10240;10228
5270;33968710000;29921988888;30421988888;10240;10228
5272;33968903000;29963300000;30463300000;10240;10228
5275;33968920000;29963300000;30463300000;10240;10228
5320;33968937000;30129977777;30629977777;10240;10228
5321;33968973000;30129977777;30629977777;10240;10228
5324;33968981000;30130255555;30630255555;10240;10228
5330;33969020000;30171644444;30671644444;10240;10228
5333;33969031000;30171644444;30671644444;10240;10228
5335;33969081000;30171955555;30671955555;10240;10228
5336;33969089000;30171955555;30671955555;10240;10228
5338;33969106000;30213311111;30713311111;10240;10228
5278;33969120000;29963300000;30463300000;10240;10228
5279;33969125000;29963322222;30463322222;10240;10228
5339;33969134000;30213311111;30713311111;10240;10228
5343;33969142000;30213311111;30713311111;10240;10228
5344;33969148000;30213311111;30713311111;10240;10228
5285;33969303000;30004977777;30504977777;10240;10228
5286;33969313000;30004977777;30504977777;10240;10228
5288;33969497000;30004977777;30504977777;10240;10228
5293;33969719000;30005266666;30505266666;10240;10228
5295;33969739000;30046644444;30546644444;10240;10228
5297;33969941000;30046644444;30546644444;10240;10228
5300;33969963000;30046644444;30546644444;10240;10228
5302;33970152000;30046977777;30546977777;10240;10228
5305;33970350000;30088311111;30588311111;10240;10228
5307;33970361000;30088311111;30588311111;10240;10228
5308;33970582000;30088311111;30588311111;10240;10228
5310;33970592000;30088311111;30588311111;10240;10228
5311;33970783000;30088311111;30588311111;10240;10228
5314;33970789000;30088600000;30588600000;10240;10228
5316;33970974000;30129977777;30629977777;10240;10228
5317;33971178000;30129977777;30629977777;10240;10228
5319;33971184000;30129977777;30629977777;10240;10228
5322;33971348000;30129977777;30629977777;10240;10228
5323;33971353000;30129988888;30629988888;10240;10228
5325;33971580000;30130255555;30630255555;10240;10228
5326;33971585000;30130255555;30630255555;10240;10228
5328;33971793000;30171644444;30671644444;10240;10228
5331;33971798000;30171644444;30671644444;10240;10228
5332;33971999000;30171644444;30671644444;10240;10228
5334;33972003000;30171655555;30671655555;10240;10228
5337;33972201000;30171955555;30671955555;10240;10228
5340;33972371000;30213311111;30713311111;10240;10228
5341;33972377000;30213311111;30713311111;10240;10228
5342;33972604000;30213311111;30713311111;10240;10228
5345;33972609000;30213322222;30713322222;10240;10228
5346;34208698000;30213600000;30713600000;10240;10228
5350;34208707000;30254988888;30754988888;10240;10228
5354;34208717000;30254988888;30754988888;10240;10228
5356;34208722000;30255000000;30755000000;10240;10228
5360;34208744000;30296655555;30796655555;10240;10228
5361;34208750000;30296655555;30796655555;10240;10228
5347;34208904000;30213600000;30713600000;10240;10228
5373;34208914000;30338322222;30838322222;10240;10228
5375;34208921000;30338322222;30838322222;10240;10228
5376;34208925000;30338322222;30838322222;10240;10228
5378;34208929000;30338333333;30838333333;10240;10228
5382;34209044000;30379977777;30879977777;10240;10228
5383;34209057000;30379977777;30879977777;10240;10228
5384;34209076000;30379977777;30879977777;10240;10228
5386;34209082000;30379977777;30879977777;10240;10228
5349;34209088000;30254988888;30754988888;10240;10228
5351;34209093000;30254988888;30754988888;10240;10228
5388;34209155000;30379977777;30879977777;10240;10228
5390;34209230000;30380244444;30880244444;10240;10228
5393;34209248000;30421644444;30921644444;10240;10228
5394;34209263000;30421644444;30921644444;10240;10228
5397;34209268000;30421644444;30921644444;10240;10228
5398;34209274000;30421644444;30921644444;10240;10228
5400;34209278000;30421655555;30921655555;10240;10228
5352;34209285000;30254988888;30754988888;10240;10228
5406;34209291000;30463311111;30963311111;10240;10228
5409;34209300000;30463311111;30963311111;10240;10228
5411;34209310000;30463322222;30963322222;10240;10228
5412;34209374000;30463611111;30963611111;10240;10228
5413;34209390000;30463611111;30963611111;10240;10228
5415;34209396000;30504988888;31004988888;10240;10228
5416;34209401000;30504988888;31004988888;10240;10228
5418;34209406000;30504988888;31004988888;10240;10228
5419;34209410000;30504988888;31004988888;10240;10228
5357;34209498000;30255322222;30755322222;10240;10228
5362;34209510000;30296655555;30796655555;10240;10228
5366;34209688000;30296655555;30796655555;10240;10228
5367;34209700000;30296666666;30796666666;10240;10228
5368;34209894000;30297000000;30797000000;10240;10228
5369;34209916000;30297000000;30797000000;10240;10228
5371;34210099000;30338322222;30838322222;10240;10228
5372;34210297000;30338322222;30838322222;10240;10228
5374;34210308000;30338322222;30838322222;10240;10228
5377;34210493000;30338322222;30838322222;10240;10228
5379;34210512000;30338622222;30838622222;10240;10228
5380;34210714000;30338622222;30838622222;10240;10228
5381;34210910000;30338622222;30838622222;10240;10228
5385;34210931000;30379977777;30879977777;10240;10228
5391;34211114000;30380244444;30880244444;10240;10228
5392;34211135000;30380244444;30880244444;10240;10228
5395;34211319000;30421644444;30921644444;10240;10228
5396;34211331000;30421644444;30921644444;10240;10228
5399;34211519000;30421644444;30921644444;10240;10228
5402;34211754000;30421966666;30921966666;10240;10228
5403;34211776000;30421966666;30921966666;10240;10228
5404;34211945000;30463311111;30963311111;10240;10228
5407;34211966000;30463311111;30963311111;10240;10228
5408;34212156000;30463311111;30963311111;10240;10228
5410;34212177000;30463311111;30963311111;10240;10228
5417;34212359000;30504988888;31004988888;10240;10228
5420;34212611000;30504988888;31004988888;10240;10228
5421;34212621000;30504988888;31004988888;10240;10228
5423;34212780000;30505288888;31005288888;10240;10228
5424;34213064000;30505288888;31005288888;10240;10228
5425;34213468000;30505288888;31005288888;10240;10228
5427;34449016000;30546655555;31046655555;10240;10228
5428;34449027000;30546655555;31046655555;10240;10228
5430;34449037000;30546655555;31046655555;10240;10228
5435;34449041000;30547000000;31047000000;10240;10228
5437;34449047000;30588300000;31088300000;10240;10228
5438;34449053000;30588300000;31088300000;10240;10228
5440;34449059000;30588300000;31088300000;10240;10228
5449;34449126000;30629977777;31129977777;10240;10228
5450;34449139000;30629977777;31129977777;10240;10228
5453;34449144000;30629977777;31129977777;10240;10228
5454;34449160000;30629977777;31129977777;10240;10228
5426;34449221000;30546655555;31046655555;10240;10228
5456;34449310000;30630277777;31130277777;10240;10228
5459;34449322000;30671644444;31171644444;10240;10228
5460;34449326000;30671644444;31171644444;10240;10228
5463;34449345000;30671644444;31171644444;10240;10228
5464;34449352000;30671644444;31171644444;10240;10228
5465;34449373000;30671644444;31171644444;10240;10228
5429;34449388000;30546655555;31046655555;10240;10228
5469;34449477000;30671966666;31171966666;10240;10228
5471;34449589000;30713311111;31213311111;10240;10228
5474;34449602000;30713311111;31213311111;10240;10228
5475;34449621000;30713311111;31213311111;10240;10228
5476;34449627000;30713311111;31213311111;10240;10228
5477;34449642000;30713322222;31213322222;10240;10228
5479;34449648000;30713600000;31213600000;10240;10228
5480;34449659000;30713600000;31213600000;10240;10228
5483;34449671000;30754977777;31254977777;10240;10228
5484;34449678000;30754977777;31254977777;10240;10228
5486;34449697000;30754977777;31254977777;10240;10228
5432;34449707000;30546655555;31046655555;10240;10228
5434;34449714000;30547000000;31047000000;10240;10228
5490;34449723000;30755277777;31255277777;10240;10228
5493;34449796000;30796644444;31296644444;10240;10228
5495;34449818000;30796644444;31296644444;10240;10228
5498;34449824000;30796644444;31296644444;10240;10228
5436;34449829000;30547000000;31047000000;10240;10228
5439;34449843000;30588300000;31088300000;10240;10228
5441;34450015000;30588300000;31088300000;10240;10228
5443;34450037000;30588300000;31088300000;10240;10228
5444;34450223000;30588322222;31088322222;10240;10228
5447;34450246000;30588611111;31088611111;10240;10228
5448;34450424000;30629977777;31129977777;10240;10228
5451;34450639000;30629977777;31129977777;10240;10228
5452;34450660000;30629977777;31129977777;10240;10228
5455;34450836000;30629988888;31129988888;10240;10228
5457;34450857000;30630277777;31130277777;10240;10228
5458;34451040000;30630277777;31130277777;10240;10228
5461;34451061000;30671644444;31171644444;10240;10228
5462;34451244000;30671644444;31171644444;10240;10228
5466;34451256000;30671655555;31171655555;10240;10228
5467;34451432000;30671966666;31171966666;10240;10228
5468;34451655000;30671966666;31171966666;10240;10228
5470;34451675000;30713311111;31213311111;10240;10228
5472;34451870000;30713311111;31213311111;10240;10228
5473;34451880000;30713311111;31213311111;10240;10228
5478;34452065000;30713600000;31213600000;10240;10228
5481;34452085000;30754977777;31254977777;10240;10228
5482;34452269000;30754977777;31254977777;10240;10228
5485;34452456000;30754977777;31254977777;10240;10228
5487;34452468000;30754977777;31254977777;10240;10228
5488;34452694000;30754988888;31254988888;10240;10228
5489;34452715000;30755277777;31255277777;10240;10228
5491;34452911000;30755277777;31255277777;10240;10228
5499;34452985000;30796655555;31296655555;10240;10228
