seqnum;now;rtptime;deadline;packet_len;payload_len
0;7810028000;7219188888;7719188888;10240;10228
1;7810172000;7219188888;7719188888;10240;10228
2;7810181000;7219188888;7719188888;10240;10228
0;7810255000;7219188888;7719188888;10240;10228
3;7810336000;7250211111;7750211111;10240;10228
1;7810519000;7219188888;7719188888;10240;10228
2;7810539000;7219188888;7719188888;10240;10228
3;7810550000;7250211111;7750211111;10240;10228
4;7810554000;7250211111;7750211111;10240;10228
5;7810576000;7250211111;7750211111;10240;10228
6;7810763000;7250211111;7750211111;10240;10228
7;7810778000;7250211111;7750211111;10240;10228
4;7810786000;7250211111;7750211111;10240;10228
5;7810794000;7250211111;7750211111;10240;10228
8;7810951000;7250211111;7750211111;10240;10228
6;7811016000;7250211111;7750211111;10240;10228
7;7811031000;7250211111;7750211111;10240;10228
9;7811155000;7250211111;7750211111;10240;10228
10;7811165000;7250233333;7750233333;10240;10228
8;7811245000;7250211111;7750211111;10240;10228
9;7811255000;7250211111;7750211111;10240;10228
11;7811360000;7250577777;7750577777;10240;10228
12;7811367000;7250577777;7750577777;10240;10228
10;7811507000;7250233333;7750233333;10240;10228
11;7811538000;7250577777;7750577777;10240;10228
13;7811643000;7250577777;7750577777;10240;10228
14;7811653000;7291855555;7791855555;10240;10228
12;7811828000;7250577777;7750577777;10240;10228
13;7811843000;7250577777;7750577777;10240;10228
14;7811856000;7291855555;7791855555;10240;10228
15;7811874000;7291855555;7791855555;10240;10228
16;7811879000;7291855555;7791855555;10240;10228
17;7811993000;7291855555;7791855555;10240;10228
15;7812012000;7291855555;7791855555;10240;10228
18;7812221000;7291855555;7791855555;10240;10228
19;7812235000;7291855555;7791855555;10240;10228
16;7812245000;7291855555;7791855555;10240;10228
17;7812252000;7291855555;7791855555;10240;10228
20;7812387000;7291855555;7791855555;10240;10228
21;7812405000;7291877777;7791877777;10240;10228
18;7812506000;7291855555;7791855555;10240;10228
19;7812544000;7291855555;7791855555;10240;10228
20;7812562000;7291855555;7791855555;10240;10228
22;7812600000;7292288888;7792288888;10240;10228
23;7812612000;7292288888;7792288888;10240;10228
21;7812741000;7291877777;7791877777;10240;10228
22;7812750000;7292288888;7792288888;10240;10228
24;7812797000;7292288888;7792288888;10240;10228
23;7813009000;7292288888;7792288888;10240;10228
24;7813021000;7292288888;7792288888;10240;10228
25;7813028000;7333522222;7833522222;10240;10228
26;7813036000;7333522222;7833522222;10240;10228
27;7813207000;7333522222;7833522222;10240;10228
28;7813212000;7333522222;7833522222;10240;10228
25;7813251000;7333522222;7833522222;10240;10228
26;7813270000;7333522222;7833522222;10240;10228
29;7813398000;7333522222;7833522222;10240;10228
27;7813514000;7333522222;7833522222;10240;10228
28;7813534000;7333522222;7833522222;10240;10228
30;7813648000;7333522222;7833522222;10240;10228
31;7813655000;7333522222;7833522222;10240;10228
32;7813659000;7333533333;7833533333;10240;10228
29;7813774000;7333522222;7833522222;10240;10228
30;7813787000;7333522222;7833522222;10240;10228
31;7813805000;7333522222;7833522222;10240;10228
33;7813825000;7333877777;7833877777;10240;10228
32;7814029000;7333533333;7833533333;10240;10228
33;7814049000;7333877777;7833877777;10240;10228
34;7814062000;7333877777;7833877777;10240;10228
35;7814072000;7333877777;7833877777;10240;10228
36;7814254000;7375188888;7875188888;10240;10228
37;7814261000;7375188888;7875188888;10240;10228
34;7814266000;7333877777;7833877777;10240;10228
35;7814271000;7333877777;7833877777;10240;10228
38;7814417000;7375188888;7875188888;10240;10228
36;7814529000;7375188888;7875188888;10240;10228
37;7814539000;7375188888;7875188888;10240;10228
38;7814779000;7375188888;7875188888;10240;10228
39;7814791000;7375188888;7875188888;10240;10228
40;8050824000;7375188888;7875188888;10240;10228
41;8051081000;7375188888;7875188888;10240;10228
42;8051107000;7375188888;7875188888;10240;10228
39;8051117000;7375188888;7875188888;10240;10228
40;8051289000;7375188888;7875188888;10240;10228
46;8051391000;7375544444;7875544444;10240;10228
41;8051461000;7375188888;7875188888;10240;10228
47;8051655000;7416855555;7916855555;10240;10228
48;8051678000;7416855555;7916855555;10240;10228
49;8051689000;7416855555;7916855555;10240;10228
42;8051697000;7375188888;7875188888;10240;10228
43;8051904000;7375200000;7875200000;10240;10228
50;8051935000;7416855555;7916855555;10240;10228
51;8051951000;7416855555;7916855555;10240;10228
44;8052077000;7375544444;7875544444;10240;10228
52;8052160000;7416855555;7916855555;10240;10228
53;8052167000;7416855555;7916855555;10240;10228
45;8052280000;7375544444;7875544444;10240;10228
54;8052358000;7416877777;7916877777;10240;10228
55;8052370000;7417200000;7917200000;10240;10228
46;8052485000;7375544444;7875544444;10240;10228
56;8052632000;7417200000;7917200000;10240;10228
57;8052648000;7417200000;7917200000;10240;10228
58;8052893000;7458522222;7958522222;10240;10228
59;8052903000;7458522222;7958522222;10240;10228
47;8052911000;7416855555;7916855555;10240;10228
48;8053085000;7416855555;7916855555;10240;10228
60;8053120000;7458522222;7958522222;10240;10228
61;8053130000;7458522222;7958522222;10240;10228
49;8053327000;7416855555;7916855555;10240;10228
50;8053333000;7416855555;7916855555;10240;10228
62;8053361000;7458522222;7958522222;10240;10228
63;8053370000;7458522222;7958522222;10240;10228
51;8053517000;7416855555;7916855555;10240;10228
64;8053643000;7458522222;7958522222;10240;10228
65;8053658000;7458533333;7958533333;10240;10228
66;8053666000;7458833333;7958833333;10240;10228
67;8053902000;7458833333;7958833333;10240;10228
68;8053920000;7458833333;7958833333;10240;10228
52;8054091000;7416855555;7916855555;10240;10228
69;8054135000;7500188888;8000188888;10240;10228
70;8054154000;7500188888;8000188888;10240;10228
53;8054298000;7416855555;7916855555;10240;10228
71;8054383000;7500188888;8000188888;10240;10228
72;8054392000;7500188888;8000188888;10240;10228
54;8054533000;7416877777;7916877777;10240;10228
73;8054638000;7500188888;8000188888;10240;10228
74;8054648000;7500188888;8000188888;10240;10228
75;8054890000;7500188888;8000188888;10240;10228
76;8054900000;7500200000;8000200000;10240;10228
77;8054919000;7500544444;8000544444;10240;10228
55;8054971000;7417200000;7917200000;10240;10228
78;8055150000;7500544444;8000544444;10240;10228
79;8055169000;7500544444;8000544444;10240;10228
80;8055362000;7541855555;8041855555;10240;10228
81;8055370000;7541855555;8041855555;10240;10228
82;8055648000;7541855555;8041855555;10240;10228
83;8055657000;7541855555;8041855555;10240;10228
84;8055908000;7541855555;8041855555;10240;10228
85;8055926000;7541855555;8041855555;10240;10228
86;8056152000;7541855555;8041855555;10240;10228
87;8056170000;7541877777;8041877777;10240;10228
88;8056183000;7542200000;8042200000;10240;10228
89;8056363000;7542200000;8042200000;10240;10228
90;8056645000;7542200000;8042200000;10240;10228
91;8056656000;7583522222;8083522222;10240;10228
92;8056666000;7583522222;8083522222;10240;10228
93;8056894000;7583522222;8083522222;10240;10228
94;8056903000;7583522222;8083522222;10240;10228
95;8057156000;7583522222;8083522222;10240;10228
96;8057174000;7583522222;8083522222;10240;10228
97;8057413000;7583522222;8083522222;10240;10228
98;8057431000;7583533333;8083533333;10240;10228
99;8057614000;7583833333;8083833333;10240;10228
56;8083825000;7417200000;7917200000;10240;10228
100;8084160000;7583833333;8083833333;10240;10228
101;8084170000;7583833333;8083833333;10240;10228
57;8291626000;7417200000;7917200000;10240;10228
102;8291950000;7625200000;8125200000;10240;10228
103;8291964000;7625200000;8125200000;10240;10228
58;8291976000;7458522222;7958522222;10240;10228
59;8292156000;7458522222;7958522222;10240;10228
104;8292167000;7625200000;8125200000;10240;10228
105;8292172000;7625200000;8125200000;10240;10228
60;8292376000;7458522222;7958522222;10240;10228
106;8292415000;7625200000;8125200000;10240;10228
61;8292601000;7458522222;7958522222;10240;10228
107;8292696000;7625200000;8125200000;10240;10228
108;8292710000;7625200000;8125200000;10240;10228
109;8292721000;7625211111;8125211111;10240;10228
62;8292820000;7458522222;7958522222;10240;10228
63;8292860000;7458522222;7958522222;10240;10228
64;8293011000;7458522222;7958522222;10240;10228
110;8293022000;7625500000;8125500000;10240;10228
111;8293027000;7625500000;8125500000;10240;10228
112;8293258000;7625500000;8125500000;10240;10228
65;8293269000;7458533333;7958533333;10240;10228
113;8293288000;7666855555;8166855555;10240;10228
114;8293500000;7666855555;8166855555;10240;10228
116;8293511000;7666855555;8166855555;10240;10228
118;8293771000;7666855555;8166855555;10240;10228
119;8293796000;7666855555;8166855555;10240;10228
66;8293806000;7458833333;7958833333;10240;10228
67;8293998000;7458833333;7958833333;10240;10228
120;8294019000;7666888888;8166888888;10240;10228
121;8294024000;7667211111;8167211111;10240;10228
122;8294224000;7667211111;8167211111;10240;10228
123;8294237000;7667211111;8167211111;10240;10228
124;8294483000;7708522222;8208522222;10240;10228
68;8294502000;7458833333;7958833333;10240;10228
125;8294523000;7708522222;8208522222;10240;10228
69;8294692000;7500188888;8000188888;10240;10228
126;8294776000;7708522222;8208522222;10240;10228
127;8294796000;7708522222;8208522222;10240;10228
129;8294806000;7708522222;8208522222;10240;10228
130;8295007000;7708522222;8208522222;10240;10228
131;8295018000;7708533333;8208533333;10240;10228
132;8295263000;7708833333;8208833333;10240;10228
133;8295273000;7708833333;8208833333;10240;10228
70;8295346000;7500188888;8000188888;10240;10228
134;8295495000;7708833333;8208833333;10240;10228
135;8295506000;7750188888;8250188888;10240;10228
71;8295602000;7500188888;8000188888;10240;10228
136;8295772000;7750188888;8250188888;10240;10228
137;8295787000;7750188888;8250188888;10240;10228
138;8296014000;7750188888;8250188888;10240;10228
139;8296024000;7750188888;8250188888;10240;10228
140;8296228000;7750188888;8250188888;10240;10228
141;8296239000;7750188888;8250188888;10240;10228
142;8296492000;7750200000;8250200000;10240;10228
143;8296514000;7750500000;8250500000;10240;10228
144;8296521000;7750500000;8250500000;10240;10228
145;8296771000;7750500000;8250500000;10240;10228
146;8296784000;7791855555;8291855555;10240;10228
147;8297019000;7791855555;8291855555;10240;10228
148;8297029000;7791855555;8291855555;10240;10228
149;8297266000;7791855555;8291855555;10240;10228
150;8297276000;7791855555;8291855555;10240;10228
151;8297508000;7791855555;8291855555;10240;10228
152;8297526000;7791855555;8291855555;10240;10228
154;8297776000;7792200000;8292200000;10240;10228
155;8297795000;7792200000;8292200000;10240;10228
156;8297994000;7792200000;8292200000;10240;10228
157;8298018000;7833500000;8333500000;10240;10228
158;8298268000;7833500000;8333500000;10240;10228
159;8298279000;7833500000;8333500000;10240;10228
160;8298292000;7833500000;8333500000;10240;10228
161;8298499000;7833500000;8333500000;10240;10228
162;8298779000;7833500000;8333500000;10240;10228
163;8324638000;7833500000;8333500000;10240;10228
164;8325096000;7833522222;8333522222;10240;10228
165;8325338000;7833844444;8333844444;10240;10228
72;8532507000;7500188888;8000188888;10240;10228
166;8532517000;7833844444;8333844444;10240;10228
167;8532774000;7833844444;8333844444;10240;10228
168;8532788000;7875177777;8375177777;10240;10228
73;8532886000;7500188888;8000188888;10240;10228
169;8533049000;7875177777;8375177777;10240;10228
74;8533065000;7500188888;8000188888;10240;10228
75;8533297000;7500188888;8000188888;10240;10228
170;8533304000;7875177777;8375177777;10240;10228
171;8533309000;7875177777;8375177777;10240;10228
172;8533517000;7875177777;8375177777;10240;10228
173;8533528000;7875177777;8375177777;10240;10228
76;8533686000;7500200000;8000200000;10240;10228
174;8533785000;7875177777;8375177777;10240;10228
175;8533798000;7875188888;8375188888;10240;10228
176;8533808000;7875500000;8375500000;10240;10228
177;8534016000;7875500000;8375500000;10240;10228
178;8534027000;7875500000;8375500000;10240;10228
179;8534237000;7916855555;8416855555;10240;10228
180;8534248000;7916855555;8416855555;10240;10228
181;8534531000;7916855555;8416855555;10240;10228
182;8534542000;7916855555;8416855555;10240;10228
78;8534638000;7500544444;8000544444;10240;10228
183;8534795000;7916855555;8416855555;10240;10228
184;8534819000;7916855555;8416855555;10240;10228
79;8534827000;7500544444;8000544444;10240;10228
80;8535059000;7541855555;8041855555;10240;10228
185;8535065000;7916855555;8416855555;10240;10228
186;8535070000;7916877777;8416877777;10240;10228
187;8535075000;7917177777;8417177777;10240;10228
81;8535243000;7541855555;8041855555;10240;10228
188;8535259000;7917177777;8417177777;10240;10228
189;8535280000;7917177777;8417177777;10240;10228
190;8535501000;7958522222;8458522222;10240;10228
191;8535513000;7958522222;8458522222;10240;10228
82;8535751000;7541855555;8041855555;10240;10228
192;8535763000;7958522222;8458522222;10240;10228
193;8535768000;7958522222;8458522222;10240;10228
83;8535949000;7541855555;8041855555;10240;10228
194;8536035000;7958522222;8458522222;10240;10228
195;8536050000;7958522222;8458522222;10240;10228
196;8536279000;7958522222;8458522222;10240;10228
197;8536288000;7958533333;8458533333;10240;10228
198;8536516000;7958811111;8458811111;10240;10228
199;8536526000;7958811111;8458811111;10240;10228
200;8536745000;7958811111;8458811111;10240;10228
201;8536754000;8000177777;8500177777;10240;10228
202;8536994000;8000177777;8500177777;10240;10228
203;8537003000;8000177777;8500177777;10240;10228
204;8537255000;8000177777;8500177777;10240;10228
205;8537274000;8000177777;8500177777;10240;10228
206;8537522000;8000177777;8500177777;10240;10228
207;8537533000;8000177777;8500177777;10240;10228
208;8537545000;8000200000;8500200000;10240;10228
209;8537782000;8000588888;8500588888;10240;10228
210;8537792000;8000588888;8500588888;10240;10228
211;8538032000;8000588888;8500588888;10240;10228
212;8538042000;8041855555;8541855555;10240;10228
213;8538283000;8041855555;8541855555;10240;10228
214;8538293000;8041855555;8541855555;10240;10228
215;8538506000;8041855555;8541855555;10240;10228
216;8538525000;8041855555;8541855555;10240;10228
84;8538541000;7541855555;8041855555;10240;10228
217;8538777000;8041855555;8541855555;10240;10228
218;8538787000;8041855555;8541855555;10240;10228
219;8538801000;8041888888;8541888888;10240;10228
220;8539034000;8042200000;8542200000;10240;10228
221;8539046000;8042200000;8542200000;10240;10228
222;8539248000;8042200000;8542200000;10240;10228
223;8539258000;8083533333;8583533333;10240;10228
224;8539505000;8083533333;8583533333;10240;10228
225;8539525000;8083533333;8583533333;10240;10228
226;8539749000;8083533333;8583533333;10240;10228
227;8539764000;8083533333;8583533333;10240;10228
228;8540011000;8083533333;8583533333;10240;10228
229;8565799000;8083533333;8583533333;10240;10228
230;8566076000;8083555555;8583555555;10240;10228
231;8566400000;8083877777;8583877777;10240;10228
232;8773386000;8083877777;8583877777;10240;10228
85;8773398000;7541855555;8041855555;10240;10228
233;8773408000;8083877777;8583877777;10240;10228
86;8773594000;7541855555;8041855555;10240;10228
234;8773691000;8125200000;8625200000;10240;10228
235;8773705000;8125200000;8625200000;10240;10228
236;8773939000;8125200000;8625200000;10240;10228
87;8774086000;7541877777;8041877777;10240;10228
237;8774173000;8125200000;8625200000;10240;10228
88;8774288000;7542200000;8042200000;10240;10228
238;8774442000;8125200000;8625200000;10240;10228
239;8774461000;8125200000;8625200000;10240;10228
240;8774655000;8125200000;8625200000;10240;10228
241;8774675000;8125211111;8625211111;10240;10228
242;8774970000;8125522222;8625522222;10240;10228
243;8774986000;8125522222;8625522222;10240;10228
89;8775120000;7542200000;8042200000;10240;10228
244;8775208000;8125522222;8625522222;10240;10228
245;8775218000;8166855555;8666855555;10240;10228
90;8775391000;7542200000;8042200000;10240;10228
246;8775489000;8166855555;8666855555;10240;10228
247;8775511000;8166855555;8666855555;10240;10228
248;8775749000;8166855555;8666855555;10240;10228
249;8775765000;8166855555;8666855555;10240;10228
92;8775773000;7583522222;8083522222;10240;10228
93;8775944000;7583522222;8083522222;10240;10228
250;8775965000;8166855555;8666855555;10240;10228
251;8775970000;8166855555;8666855555;10240;10228
94;8776221000;7583522222;8083522222;10240;10228
252;8776245000;8166877777;8666877777;10240;10228
253;8776250000;8167211111;8667211111;10240;10228
254;8776254000;8167211111;8667211111;10240;10228
95;8776448000;7583522222;8083522222;10240;10228
255;8776454000;8167211111;8667211111;10240;10228
256;8776459000;8208522222;8708522222;10240;10228
257;8776726000;8208522222;8708522222;10240;10228
258;8776740000;8208522222;8708522222;10240;10228
259;8776960000;8208522222;8708522222;10240;10228
260;8776971000;8208522222;8708522222;10240;10228
261;8777228000;8208522222;8708522222;10240;10228
262;8777246000;8208522222;8708522222;10240;10228
263;8777432000;8208544444;8708544444;10240;10228
264;8777442000;8208833333;8708833333;10240;10228
265;8777720000;8208833333;8708833333;10240;10228
266;8777730000;8208833333;8708833333;10240;10228
267;8777973000;8250188888;8750188888;10240;10228
268;8777982000;8250188888;8750188888;10240;10228
269;8777999000;8250188888;8750188888;10240;10228
270;8778183000;8250188888;8750188888;10240;10228
271;8778468000;8250188888;8750188888;10240;10228
272;8778493000;8250188888;8750188888;10240;10228
273;8778731000;8250188888;8750188888;10240;10228
274;8778746000;8250200000;8750200000;10240;10228
275;8778984000;8250466666;8750466666;10240;10228
276;8779005000;8250466666;8750466666;10240;10228
277;8779033000;8250466666;8750466666;10240;10228
96;8779055000;7583522222;8083522222;10240;10228
278;8779232000;8291888888;8791888888;10240;10228
97;8779253000;7583522222;8083522222;10240;10228
98;8779270000;7583533333;8083533333;10240;10228
279;8779449000;8291888888;8791888888;10240;10228
280;8779467000;8291888888;8791888888;10240;10228
281;8779723000;8291888888;8791888888;10240;10228
282;8779988000;8291888888;8791888888;10240;10228
283;8780008000;8291888888;8791888888;10240;10228
284;8780227000;8291888888;8791888888;10240;10228
285;8780236000;8291900000;8791900000;10240;10228
286;8780254000;8292244444;8792244444;10240;10228
287;8780439000;8292244444;8792244444;10240;10228
288;8780723000;8292244444;8792244444;10240;10228
289;8780733000;8333511111;8833511111;10240;10228
290;8780751000;8333511111;8833511111;10240;10228
291;8780971000;8333511111;8833511111;10240;10228
292;8780981000;8333511111;8833511111;10240;10228
293;8781236000;8333511111;8833511111;10240;10228
294;8806951000;8333511111;8833511111;10240;10228
295;8807213000;8333511111;8833511111;10240;10228
296;8807449000;8333522222;8833522222;10240;10228
99;9014005000;7583833333;8083833333;10240;10228
100;9014195000;7583833333;8083833333;10240;10228
297;9014318000;8333800000;8833800000;10240;10228
298;9014537000;8333800000;8833800000;10240;10228
101;9014638000;7583833333;8083833333;10240;10228
102;9014820000;7625200000;8125200000;10240;10228
299;9014832000;8333800000;8833800000;10240;10228
300;9014838000;8375177777;8875177777;10240;10228
301;9015097000;8375177777;8875177777;10240;10228
302;9015111000;8375177777;8875177777;10240;10228
303;9015616000;8375177777;8875177777;10240;10228
304;9015640000;8375177777;8875177777;10240;10228
103;9015654000;7625200000;8125200000;10240;10228
305;9015874000;8375177777;8875177777;10240;10228
306;9015887000;8375177777;8875177777;10240;10228
104;9015897000;7625200000;8125200000;10240;10228
307;9016092000;8375188888;8875188888;10240;10228
308;9016103000;8375466666;8875466666;10240;10228
105;9016348000;7625200000;8125200000;10240;10228
309;9016365000;8375466666;8875466666;10240;10228
310;9016376000;8375466666;8875466666;10240;10228
311;9016611000;8416866666;8916866666;10240;10228
312;9016621000;8416866666;8916866666;10240;10228
106;9016754000;7625200000;8125200000;10240;10228
313;9016866000;8416866666;8916866666;10240;10228
314;9016884000;8416866666;8916866666;10240;10228
107;9016927000;7625200000;8125200000;10240;10228
315;9017088000;8416866666;8916866666;10240;10228
108;9017186000;7625200000;8125200000;10240;10228
109;9017192000;7625211111;8125211111;10240;10228
316;9017375000;8416866666;8916866666;10240;10228
317;9017393000;8416866666;8916866666;10240;10228
318;9017412000;8417122222;8917122222;10240;10228
319;9017624000;8417477777;8917477777;10240;10228
320;9017639000;8417477777;8917477777;10240;10228
321;9017877000;8417477777;8917477777;10240;10228
322;9017897000;8458522222;8958522222;10240;10228
323;9018113000;8458522222;8958522222;10240;10228
324;9018122000;8458522222;8958522222;10240;10228
325;9018330000;8458522222;8958522222;10240;10228
326;9018345000;8458522222;8958522222;10240;10228
327;9018622000;8458522222;8958522222;10240;10228
328;9018635000;8458522222;8958522222;10240;10228
329;9018645000;8458544444;8958544444;10240;10228
330;9018876000;8458833333;8958833333;10240;10228
331;9018898000;8458833333;8958833333;10240;10228
332;9019081000;8458833333;8958833333;10240;10228
333;9019375000;8500188888;9000188888;10240;10228
334;9019394000;8500188888;9000188888;10240;10228
335;9019414000;8500188888;9000188888;10240;10228
110;9019652000;7625500000;8125500000;10240;10228
336;9019658000;8500188888;9000188888;10240;10228
337;9019667000;8500188888;9000188888;10240;10228
111;9019829000;7625500000;8125500000;10240;10228
112;9019839000;7625500000;8125500000;10240;10228
338;9019856000;8500188888;9000188888;10240;10228
339;9020121000;8500188888;9000188888;10240;10228
340;9020130000;8500200000;9000200000;10240;10228
341;9020149000;8500477777;9000477777;10240;10228
342;9020386000;8500477777;9000477777;10240;10228
343;9020409000;8500477777;9000477777;10240;10228
344;9020640000;8541855555;9041855555;10240;10228
345;9020650000;8541855555;9041855555;10240;10228
346;9020902000;8541855555;9041855555;10240;10228
347;9021144000;8541855555;9041855555;10240;10228
348;9021164000;8541855555;9041855555;10240;10228
349;9021356000;8541855555;9041855555;10240;10228
350;9021369000;8541855555;9041855555;10240;10228
351;9021643000;8541877777;9041877777;10240;10228
352;9021654000;8542188888;9042188888;10240;10228
353;9021907000;8542188888;9042188888;10240;10228
354;9021926000;8542188888;9042188888;10240;10228
355;9022148000;8583522222;9083522222;10240;10228
356;9022173000;8583522222;9083522222;10240;10228
357;9022360000;8583522222;9083522222;10240;10228
358;9022369000;8583522222;9083522222;10240;10228
359;9048168000;8583522222;9083522222;10240;10228
360;9048418000;8583522222;9083522222;10240;10228
361;9048672000;8583522222;9083522222;10240;10228
362;9254869000;8583533333;9083533333;10240;10228
363;9255126000;8583811111;9083811111;10240;10228
113;9255235000;7666855555;8166855555;10240;10228
364;9255543000;8583811111;9083811111;10240;10228
365;9255554000;8583811111;9083811111;10240;10228
366;9255794000;8625211111;9125211111;10240;10228
367;9256076000;8625211111;9125211111;10240;10228
368;9256092000;8625211111;9125211111;10240;10228
114;9256303000;7666855555;8166855555;10240;10228
369;9256318000;8625211111;9125211111;10240;10228
370;9256333000;8625211111;9125211111;10240;10228
115;9256468000;7666855555;8166855555;10240;10228
371;9256613000;8625211111;9125211111;10240;10228
372;9256627000;8625211111;9125211111;10240;10228
373;9256855000;8625233333;9125233333;10240;10228
374;9256869000;8625466666;9125466666;10240;10228
116;9256960000;7666855555;8166855555;10240;10228
375;9257272000;8625466666;9125466666;10240;10228
376;9257297000;8625466666;9125466666;10240;10228
117;9257317000;7666855555;8166855555;10240;10228
118;9257567000;7666855555;8166855555;10240;10228
377;9257603000;8666855555;9166855555;10240;10228
119;9257777000;7666855555;8166855555;10240;10228
378;9257877000;8666855555;9166855555;10240;10228
379;9257890000;8666855555;9166855555;10240;10228
380;9257906000;8666855555;9166855555;10240;10228
381;9258126000;8666855555;9166855555;10240;10228
382;9258155000;8666855555;9166855555;10240;10228
120;9258163000;7666888888;8166888888;10240;10228
383;9258374000;8666855555;9166855555;10240;10228
384;9258397000;8666888888;9166888888;10240;10228
385;9258634000;8667177777;9167177777;10240;10228
386;9258644000;8667177777;9167177777;10240;10228
387;9258884000;8667177777;9167177777;10240;10228
388;9258899000;8708522222;9208522222;10240;10228
389;9259128000;8708522222;9208522222;10240;10228
390;9259146000;8708522222;9208522222;10240;10228
391;9259398000;8708522222;9208522222;10240;10228
392;9259418000;8708522222;9208522222;10240;10228
393;9259639000;8708522222;9208522222;10240;10228
394;9259649000;8708522222;9208522222;10240;10228
395;9259885000;8708533333;9208533333;10240;10228
396;9259896000;8708811111;9208811111;10240;10228
397;9260143000;8708811111;9208811111;10240;10228
398;9260163000;8708811111;9208811111;10240;10228
399;9260183000;8750188888;9250188888;10240;10228
121;9260248000;7667211111;8167211111;10240;10228
400;9260354000;8750188888;9250188888;10240;10228
122;9260444000;7667211111;8167211111;10240;10228
401;9260640000;8750188888;9250188888;10240;10228
402;9260654000;8750188888;9250188888;10240;10228
403;9260674000;8750188888;9250188888;10240;10228
404;9260881000;8750188888;9250188888;10240;10228
405;9260910000;8750188888;9250188888;10240;10228
406;9261120000;8750200000;9250200000;10240;10228
407;9261145000;8750466666;9250466666;10240;10228
408;9261370000;8750466666;9250466666;10240;10228
409;9261392000;8750466666;9250466666;10240;10228
410;9261622000;8791844444;9291844444;10240;10228
411;9261639000;8791844444;9291844444;10240;10228
412;9261872000;8791844444;9291844444;10240;10228
413;9261886000;8791844444;9291844444;10240;10228
414;9262124000;8791844444;9291844444;10240;10228
415;9262133000;8791844444;9291844444;10240;10228
416;9262375000;8791844444;9291844444;10240;10228
417;9262385000;8791855555;9291855555;10240;10228
418;9262662000;8792188888;9292188888;10240;10228
419;9262673000;8792188888;9292188888;10240;10228
420;9262913000;8792188888;9292188888;10240;10228
421;9262923000;8833522222;9333522222;10240;10228
422;9263197000;8833522222;9333522222;10240;10228
423;9263218000;8833522222;9333522222;10240;10228
424;9263406000;8833522222;9333522222;10240;10228
425;9263438000;8833522222;9333522222;10240;10228
426;9263671000;8833522222;9333522222;10240;10228
427;9263683000;8833522222;9333522222;10240;10228
428;9289340000;8833533333;9333533333;10240;10228
429;9289673000;8833855555;9333855555;10240;10228
430;9289949000;8833855555;9333855555;10240;10228
123;9495926000;7667211111;8167211111;10240;10228
431;9496130000;8833855555;9333855555;10240;10228
432;9496149000;8875188888;9375188888;10240;10228
433;9496807000;8875188888;9375188888;10240;10228
434;9496821000;8875188888;9375188888;10240;10228
124;9497007000;7708522222;8208522222;10240;10228
435;9497018000;8875188888;9375188888;10240;10228
125;9497219000;7708522222;8208522222;10240;10228
436;9497334000;8875188888;9375188888;10240;10228
437;9497357000;8875188888;9375188888;10240;10228
438;9497568000;8875188888;9375188888;10240;10228
439;9497583000;8875200000;9375200000;10240;10228
126;9497705000;7708522222;8208522222;10240;10228
440;9497966000;8875500000;9375500000;10240;10228
127;9497979000;7708522222;8208522222;10240;10228
441;9497998000;8875500000;9375500000;10240;10228
442;9498191000;8875500000;9375500000;10240;10228
443;9498208000;8916866666;9416866666;10240;10228
128;9498398000;7708522222;8208522222;10240;10228
444;9498406000;8916866666;9416866666;10240;10228
445;9498665000;8916866666;9416866666;10240;10228
446;9498674000;8916866666;9416866666;10240;10228
447;9498697000;8916866666;9416866666;10240;10228
129;9498840000;7708522222;8208522222;10240;10228
130;9499069000;7708522222;8208522222;10240;10228
448;9499104000;8916866666;9416866666;10240;10228
449;9499123000;8916866666;9416866666;10240;10228
450;9499344000;8916888888;9416888888;10240;10228
451;9499363000;8917166666;9417166666;10240;10228
452;9499648000;8917166666;9417166666;10240;10228
453;9499662000;8917166666;9417166666;10240;10228
454;9499896000;8958511111;9458511111;10240;10228
455;9499915000;8958511111;9458511111;10240;10228
456;9500129000;8958511111;9458511111;10240;10228
457;9500138000;8958511111;9458511111;10240;10228
458;9500350000;8958511111;9458511111;10240;10228
459;9500367000;8958511111;9458511111;10240;10228
460;9500637000;8958511111;9458511111;10240;10228
461;9500646000;8958533333;9458533333;10240;10228
131;9500858000;7708533333;8208533333;10240;10228
462;9500865000;8958800000;9458800000;10240;10228
132;9501051000;7708833333;8208833333;10240;10228
463;9501154000;8958800000;9458800000;10240;10228
464;9501178000;8958800000;9458800000;10240;10228
465;9501215000;9000188888;9500188888;10240;10228
133;9501230000;7708833333;8208833333;10240;10228
466;9501387000;9000188888;9500188888;10240;10228
467;9501401000;9000188888;9500188888;10240;10228
468;9501656000;9000188888;9500188888;10240;10228
469;9501902000;9000188888;9500188888;10240;10228
470;9501916000;9000188888;9500188888;10240;10228
471;9502146000;9000188888;9500188888;10240;10228
472;9502157000;9000200000;9500200000;10240;10228
473;9502367000;9000466666;9500466666;10240;10228
474;9502379000;9000466666;9500466666;10240;10228
475;9502654000;9000466666;9500466666;10240;10228
476;9502664000;9041844444;9541844444;10240;10228
134;9502854000;7708833333;8208833333;10240;10228
477;9502863000;9041844444;9541844444;10240;10228
478;9502884000;9041844444;9541844444;10240;10228
479;9503148000;9041844444;9541844444;10240;10228
480;9503166000;9041844444;9541844444;10240;10228
481;9503369000;9041844444;9541844444;10240;10228
482;9503622000;9041844444;9541844444;10240;10228
483;9503634000;9041855555;9541855555;10240;10228
484;9503655000;9042188888;9542188888;10240;10228
485;9503935000;9042188888;9542188888;10240;10228
486;9503961000;9042188888;9542188888;10240;10228
487;9504174000;9083511111;9583511111;10240;10228
488;9504190000;9083511111;9583511111;10240;10228
489;9504408000;9083511111;9583511111;10240;10228
490;9504694000;9083511111;9583511111;10240;10228
491;9504713000;9083511111;9583511111;10240;10228
492;9504944000;9083511111;9583511111;10240;10228
493;9504962000;9083511111;9583511111;10240;10228
494;9504978000;9083522222;9583522222;10240;10228
495;9530699000;9083822222;9583822222;10240;10228
496;9530950000;9083822222;9583822222;10240;10228
497;9531207000;9083822222;9583822222;10240;10228
498;9736964000;9125177777;9625177777;10240;10228
499;9737453000;9125177777;9625177777;10240;10228
500;9737464000;9125177777;9625177777;10240;10228
135;9737713000;7750188888;8250188888;10240;10228
136;9737925000;7750188888;8250188888;10240;10228
501;9737971000;9125177777;9625177777;10240;10228
502;9738257000;9125177777;9625177777;10240;10228
503;9738269000;9125177777;9625177777;10240;10228
137;9738404000;7750188888;8250188888;10240;10228
138;9738666000;7750188888;8250188888;10240;10228
504;9738677000;9125177777;9625177777;10240;10228
505;9738683000;9125188888;9625188888;10240;10228
506;9738915000;9125466666;9625466666;10240;10228
507;9738928000;9125466666;9625466666;10240;10228
139;9739076000;7750188888;8250188888;10240;10228
508;9739157000;9125466666;9625466666;10240;10228
509;9739186000;9166855555;9666855555;10240;10228
511;9739408000;9166855555;9666855555;10240;10228
140;9739540000;7750188888;8250188888;10240;10228
141;9739731000;7750188888;8250188888;10240;10228
512;9739740000;9166855555;9666855555;10240;10228
513;9740021000;9166855555;9666855555;10240;10228
514;9740044000;9166855555;9666855555;10240;10228
515;9740064000;9166855555;9666855555;10240;10228
516;9740383000;9166877777;9666877777;10240;10228
517;9740644000;9167188888;9667188888;10240;10228
518;9740657000;9167188888;9667188888;10240;10228
519;9740891000;9167188888;9667188888;10240;10228
520;9740918000;9208522222;9708522222;10240;10228
521;9741131000;9208522222;9708522222;10240;10228
522;9741146000;9208522222;9708522222;10240;10228
523;9741388000;9208522222;9708522222;10240;10228
525;9741406000;9208522222;9708522222;10240;10228
142;9741451000;7750200000;8250200000;10240;10228
143;9741776000;7750500000;8250500000;10240;10228
526;9741782000;9208522222;9708522222;10240;10228
527;9741801000;9208533333;9708533333;10240;10228
144;9741971000;7750500000;8250500000;10240;10228
528;9741981000;9208811111;9708811111;10240;10228
529;9742000000;9208811111;9708811111;10240;10228
145;9742148000;7750500000;8250500000;10240;10228
530;9742243000;9208811111;9708811111;10240;10228
531;9742263000;9250188888;9750188888;10240;10228
146;9742379000;7791855555;8291855555;10240;10228
532;9742461000;9250188888;9750188888;10240;10228
533;9742714000;9250188888;9750188888;10240;10228
534;9743008000;9250188888;9750188888;10240;10228
535;9743260000;9250188888;9750188888;10240;10228
536;9743288000;9250188888;9750188888;10240;10228
537;9743466000;9250188888;9750188888;10240;10228
538;9743498000;9250200000;9750200000;10240;10228
147;9743598000;7791855555;8291855555;10240;10228
539;9743762000;9250477777;9750477777;10240;10228
540;9743785000;9250477777;9750477777;10240;10228
148;9743919000;7791855555;8291855555;10240;10228
541;9744005000;9250477777;9750477777;10240;10228
542;9744026000;9291844444;9791844444;10240;10228
543;9744271000;9291844444;9791844444;10240;10228
544;9744500000;9291844444;9791844444;10240;10228
545;9744540000;9291844444;9791844444;10240;10228
546;9744765000;9291844444;9791844444;10240;10228
547;9745014000;9291844444;9791844444;10240;10228
548;9745031000;9291844444;9791844444;10240;10228
549;9745278000;9291866666;9791866666;10240;10228
550;9745299000;9292188888;9792188888;10240;10228
551;9745491000;9292188888;9792188888;10240;10228
552;9745516000;9292188888;9792188888;10240;10228
553;9745775000;9333522222;9833522222;10240;10228
554;9745789000;9333522222;9833522222;10240;10228
555;9746038000;9333522222;9833522222;10240;10228
556;9746276000;9333522222;9833522222;10240;10228
557;9746296000;9333522222;9833522222;10240;10228
149;9978430000;7791855555;8291855555;10240;10228
150;9978648000;7791855555;8291855555;10240;10228
558;9978784000;9333522222;9833522222;10240;10228
559;9978811000;9333522222;9833522222;10240;10228
151;9979119000;7791855555;8291855555;10240;10228
560;9979342000;9333533333;9833533333;10240;10228
152;9979368000;7791855555;8291855555;10240;10228
561;9979742000;9333822222;9833822222;10240;10228
153;9979756000;7791877777;8291877777;10240;10228
562;9980111000;9333822222;9833822222;10240;10228
154;9980210000;7792200000;8292200000;10240;10228
155;9980407000;7792200000;8292200000;10240;10228
563;9980516000;9333822222;9833822222;10240;10228
564;9980786000;9375188888;9875188888;10240;10228
565;9980801000;9375188888;9875188888;10240;10228
156;9982195000;7792200000;8292200000;10240;10228
157;9982468000;7833500000;8333500000;10240;10228
566;9982502000;9375188888;9875188888;10240;10228
158;9982673000;7833500000;8333500000;10240;10228
567;9982799000;9375188888;9875188888;10240;10228
159;9982868000;7833500000;8333500000;10240;10228
568;9983054000;9375188888;9875188888;10240;10228
160;9983083000;7833500000;8333500000;10240;10228
569;9983309000;9375188888;9875188888;10240;10228
570;9983327000;9375188888;9875188888;10240;10228
161;9984302000;7833500000;8333500000;10240;10228
571;9984511000;9375200000;9875200000;10240;10228
162;9984697000;7833500000;8333500000;10240;10228
572;9985015000;9375522222;9875522222;10240;10228
163;10219188000;7833500000;8333500000;10240;10228
164;10219372000;7833522222;8333522222;10240;10228
573;10219497000;9375522222;9875522222;10240;10228
574;10219737000;9375522222;9875522222;10240;10228
165;10219866000;7833844444;8333844444;10240;10228
575;10220168000;9416855555;9916855555;10240;10228
576;10220420000;9416855555;9916855555;10240;10228
577;10220795000;9416855555;9916855555;10240;10228
166;10221148000;7833844444;8333844444;10240;10228
167;10221355000;7833844444;8333844444;10240;10228
578;10221448000;9416855555;9916855555;10240;10228
579;10221728000;9416855555;9916855555;10240;10228
168;10222936000;7875177777;8375177777;10240;10228
169;10223136000;7875177777;8375177777;10240;10228
580;10223257000;9416855555;9916855555;10240;10228
581;10223271000;9416855555;9916855555;10240;10228
170;10223353000;7875177777;8375177777;10240;10228
582;10223516000;9416888888;9916888888;10240;10228
171;10223630000;7875177777;8375177777;10240;10228
583;10223766000;9417222222;9917222222;10240;10228
172;10223791000;7875177777;8375177777;10240;10228
584;10223993000;9417222222;9917222222;10240;10228
585;10224010000;9417222222;9917222222;10240;10228
173;10225041000;7875177777;8375177777;10240;10228
586;10225383000;9458522222;9958522222;10240;10228
174;10225397000;7875177777;8375177777;10240;10228
587;10225729000;9458522222;9958522222;10240;10228
175;10459889000;7875188888;8375188888;10240;10228
176;10460103000;7875500000;8375500000;10240;10228
588;10460276000;9458522222;9958522222;10240;10228
589;10460609000;9458522222;9958522222;10240;10228
177;10460655000;7875500000;8375500000;10240;10228
590;10460903000;9458522222;9958522222;10240;10228
591;10461855000;9458522222;9958522222;10240;10228
178;10461879000;7875500000;8375500000;10240;10228
179;10462085000;7916855555;8416855555;10240;10228
592;10462191000;9458522222;9958522222;10240;10228
593;10462222000;9458533333;9958533333;10240;10228
594;10462458000;9458822222;9958822222;10240;10228
595;10463998000;9458822222;9958822222;10240;10228
182;10464090000;7916855555;8416855555;10240;10228
596;10464244000;9458822222;9958822222;10240;10228
183;10464275000;7916855555;8416855555;10240;10228
597;10464525000;9500177777;10000177777;10240;10228
598;10464537000;9500177777;10000177777;10240;10228
184;10464566000;7916855555;8416855555;10240;10228
599;10464898000;9500177777;10000177777;10240;10228
185;10465778000;7916855555;8416855555;10240;10228
186;10466058000;7916877777;8416877777;10240;10228
600;10466070000;9500177777;10000177777;10240;10228
601;10466430000;9500177777;10000177777;10240;10228
187;10700654000;7917177777;8417177777;10240;10228
188;10700863000;7917177777;8417177777;10240;10228
602;10700957000;9500177777;10000177777;10240;10228
603;10701224000;9500177777;10000177777;10240;10228
604;10701539000;9500188888;10000188888;10240;10228
605;10702236000;9500488888;10000488888;10240;10228
189;10702609000;7917177777;8417177777;10240;10228
190;10702811000;7958522222;8458522222;10240;10228
606;10702921000;9500488888;10000488888;10240;10228
607;10703160000;9500488888;10000488888;10240;10228
191;10704812000;7958522222;8458522222;10240;10228
192;10705022000;7958522222;8458522222;10240;10228
608;10705122000;9541855555;10041855555;10240;10228
193;10705251000;7958522222;8458522222;10240;10228
609;10705376000;9541855555;10041855555;10240;10228
194;10705437000;7958522222;8458522222;10240;10228
610;10705637000;9541855555;10041855555;10240;10228
611;10705651000;9541855555;10041855555;10240;10228
195;10706496000;7958522222;8458522222;10240;10228
196;10706714000;7958522222;8458522222;10240;10228
612;10706794000;9541855555;10041855555;10240;10228
613;10707047000;9541855555;10041855555;10240;10228
197;10941355000;7958533333;8458533333;10240;10228
614;10941773000;9541855555;10041855555;10240;10228
198;10941943000;7958811111;8458811111;10240;10228
615;10942151000;9541877777;10041877777;10240;10228
199;10944000000;7958811111;8458811111;10240;10228
200;10944210000;7958811111;8458811111;10240;10228
616;10944318000;9542188888;10042188888;10240;10228
617;10944332000;9542188888;10042188888;10240;10228
201;10945562000;8000177777;8500177777;10240;10228
202;10945762000;8000177777;8500177777;10240;10228
618;10945884000;9542188888;10042188888;10240;10228
203;10945953000;8000177777;8500177777;10240;10228
619;10946130000;9583522222;10083522222;10240;10228
620;10946156000;9583522222;10083522222;10240;10228
204;10946174000;8000177777;8500177777;10240;10228
621;10946442000;9583522222;10083522222;10240;10228
205;10946680000;8000177777;8500177777;10240;10228
622;10946992000;9583522222;10083522222;10240;10228
206;10947186000;8000177777;8500177777;10240;10228
207;10947387000;8000177777;8500177777;10240;10228
623;10947498000;9583522222;10083522222;10240;10228
624;10947764000;9583522222;10083522222;10240;10228
208;11182055000;8000200000;8500200000;10240;10228
625;11182441000;9583522222;10083522222;10240;10228
209;11182669000;8000588888;8500588888;10240;10228
626;11182878000;9583533333;10083533333;10240;10228
210;11184740000;8000588888;8500588888;10240;10228
211;11184945000;8000588888;8500588888;10240;10228
627;11185050000;9583822222;10083822222;10240;10228
628;11185299000;9583822222;10083822222;10240;10228
212;11186284000;8041855555;8541855555;10240;10228
213;11186488000;8041855555;8541855555;10240;10228
629;11186594000;9583822222;10083822222;10240;10228
630;11186861000;9625200000;10125200000;10240;10228
214;11186887000;8041855555;8541855555;10240;10228
215;11187100000;8041855555;8541855555;10240;10228
631;11187202000;9625200000;10125200000;10240;10228
632;11187211000;9625200000;10125200000;10240;10228
216;11187372000;8041855555;8541855555;10240;10228
633;11187727000;9625200000;10125200000;10240;10228
217;11187884000;8041855555;8541855555;10240;10228
218;11188075000;8041855555;8541855555;10240;10228
634;11188184000;9625200000;10125200000;10240;10228
635;11188441000;9625200000;10125200000;10240;10228
219;11422727000;8041888888;8541888888;10240;10228
636;11423113000;9625200000;10125200000;10240;10228
220;11423422000;8042200000;8542200000;10240;10228
637;11423632000;9625211111;10125211111;10240;10228
221;11425489000;8042200000;8542200000;10240;10228
222;11425693000;8042200000;8542200000;10240;10228
638;11425787000;9625500000;10125500000;10240;10228
639;11426048000;9625500000;10125500000;10240;10228
223;11427023000;8083533333;8583533333;10240;10228
224;11427230000;8083533333;8583533333;10240;10228
640;11427351000;9625500000;10125500000;10240;10228
641;11427596000;9666855555;10166855555;10240;10228
225;11427618000;8083533333;8583533333;10240;10228
226;11427848000;8083533333;8583533333;10240;10228
642;11427952000;9666855555;10166855555;10240;10228
227;11428040000;8083533333;8583533333;10240;10228
643;11428165000;9666855555;10166855555;10240;10228
644;11428458000;9666855555;10166855555;10240;10228
228;11428597000;8083533333;8583533333;10240;10228
645;11428907000;9666855555;10166855555;10240;10228
229;11429212000;8083533333;8583533333;10240;10228
646;11429551000;9666855555;10166855555;10240;10228
231;11664189000;8083877777;8583877777;10240;10228
647;11664531000;9666855555;10166855555;10240;10228
648;11664561000;9666877777;10166877777;10240;10228
232;11666227000;8083877777;8583877777;10240;10228
233;11666439000;8083877777;8583877777;10240;10228
649;11666573000;9667166666;10167166666;10240;10228
650;11666846000;9667166666;10167166666;10240;10228
234;11667776000;8125200000;8625200000;10240;10228
235;11668004000;8125200000;8625200000;10240;10228
651;11668054000;9667166666;10167166666;10240;10228
236;11668344000;8125200000;8625200000;10240;10228
652;11668368000;9708522222;10208522222;10240;10228
237;11668526000;8125200000;8625200000;10240;10228
653;11668651000;9708522222;10208522222;10240;10228
238;11668752000;8125200000;8625200000;10240;10228
654;11668903000;9708522222;10208522222;10240;10228
655;11669136000;9708522222;10208522222;10240;10228
239;11669266000;8125200000;8625200000;10240;10228
656;11669605000;9708522222;10208522222;10240;10228
240;11669923000;8125200000;8625200000;10240;10228
657;11670250000;9708522222;10208522222;10240;10228
241;11904856000;8125211111;8625211111;10240;10228
658;11905244000;9708522222;10208522222;10240;10228
242;11906972000;8125522222;8625522222;10240;10228
243;11907166000;8125522222;8625522222;10240;10228
659;11907175000;9708533333;10208533333;10240;10228
660;11907453000;9708822222;10208822222;10240;10228
661;11907494000;9708822222;10208822222;10240;10228
244;11908517000;8125522222;8625522222;10240;10228
245;11908726000;8166855555;8666855555;10240;10228
662;11908822000;9708822222;10208822222;10240;10228
246;11909070000;8166855555;8666855555;10240;10228
663;11909081000;9750177777;10250177777;10240;10228
247;11909271000;8166855555;8666855555;10240;10228
664;11909345000;9750177777;10250177777;10240;10228
248;11909427000;8166855555;8666855555;10240;10228
665;11909624000;9750177777;10250177777;10240;10228
666;11909877000;9750177777;10250177777;10240;10228
249;11909968000;8166855555;8666855555;10240;10228
667;11910270000;9750177777;10250177777;10240;10228
250;11910662000;8166855555;8666855555;10240;10228
668;11910988000;9750177777;10250177777;10240;10228
251;12145627000;8166855555;8666855555;10240;10228
669;12145942000;9750177777;10250177777;10240;10228
252;12147645000;8166877777;8666877777;10240;10228
253;12147891000;8167211111;8667211111;10240;10228
670;12147902000;9750200000;10250200000;10240;10228
671;12148221000;9750511111;10250511111;10240;10228
672;12148833000;9750511111;10250511111;10240;10228
254;12149243000;8167211111;8667211111;10240;10228
255;12149445000;8167211111;8667211111;10240;10228
673;12149562000;9750511111;10250511111;10240;10228
256;12149798000;8208522222;8708522222;10240;10228
674;12149807000;9791844444;10291844444;10240;10228
257;12150000000;8208522222;8708522222;10240;10228
675;12150097000;9791844444;10291844444;10240;10228
258;12150193000;8208522222;8708522222;10240;10228
676;12150359000;9791844444;10291844444;10240;10228
677;12150611000;9791844444;10291844444;10240;10228
259;12150682000;8208522222;8708522222;10240;10228
678;12150994000;9791844444;10291844444;10240;10228
260;12151399000;8208522222;8708522222;10240;10228
679;12151701000;9791844444;10291844444;10240;10228
261;12386373000;8208522222;8708522222;10240;10228
680;12386660000;9791844444;10291844444;10240;10228
262;12388408000;8208522222;8708522222;10240;10228
681;12388609000;9791855555;10291855555;10240;10228
263;12388636000;8208544444;8708544444;10240;10228
682;12388902000;9792200000;10292200000;10240;10228
264;12390013000;8208833333;8708833333;10240;10228
265;12390209000;8208833333;8708833333;10240;10228
683;12390304000;9792200000;10292200000;10240;10228
266;12390536000;8208833333;8708833333;10240;10228
684;12390543000;9792200000;10292200000;10240;10228
267;12390747000;8250188888;8750188888;10240;10228
685;12390790000;9833511111;10333511111;10240;10228
268;12390937000;8250188888;8750188888;10240;10228
686;12391071000;9833511111;10333511111;10240;10228
687;12391323000;9833511111;10333511111;10240;10228
269;12391417000;8250188888;8750188888;10240;10228
688;12391752000;9833511111;10333511111;10240;10228
270;12392121000;8250188888;8750188888;10240;10228
689;12392409000;9833511111;10333511111;10240;10228
271;12627138000;8250188888;8750188888;10240;10228
690;12627450000;9833511111;10333511111;10240;10228
272;12629151000;8250188888;8750188888;10240;10228
273;12629381000;8250188888;8750188888;10240;10228
691;12629435000;9833511111;10333511111;10240;10228
692;12629448000;9833522222;10333522222;10240;10228
274;12631287000;8250200000;8750200000;10240;10228
275;12631489000;8250466666;8750466666;10240;10228
693;12631702000;9833844444;10333844444;10240;10228
276;12631715000;8250466666;8750466666;10240;10228
694;12631733000;9833844444;10333844444;10240;10228
277;12631751000;8250466666;8750466666;10240;10228
278;12631906000;8291888888;8791888888;10240;10228
695;12631917000;9833844444;10333844444;10240;10228
696;12631923000;9875188888;10375188888;10240;10228
279;12632157000;8291888888;8791888888;10240;10228
697;12632163000;9875188888;10375188888;10240;10228
698;12632494000;9875188888;10375188888;10240;10228
280;12632828000;8291888888;8791888888;10240;10228
699;12633139000;9875188888;10375188888;10240;10228
281;12867856000;8291888888;8791888888;10240;10228
700;12868167000;9875188888;10375188888;10240;10228
282;12869849000;8291888888;8791888888;10240;10228
283;12870071000;8291888888;8791888888;10240;10228
701;12870167000;9875188888;10375188888;10240;10228
702;12870414000;9875188888;10375188888;10240;10228
284;12871996000;8291888888;8791888888;10240;10228
285;12872193000;8291900000;8791900000;10240;10228
703;12872204000;9875211111;10375211111;10240;10228
286;12872392000;8292244444;8792244444;10240;10228
704;12872510000;9875500000;10375500000;10240;10228
287;12872611000;8292244444;8792244444;10240;10228
705;12872760000;9875500000;10375500000;10240;10228
288;12872825000;8292244444;8792244444;10240;10228
706;12873028000;9875500000;10375500000;10240;10228
707;12873041000;9916855555;10416855555;10240;10228
289;12873061000;8333511111;8833511111;10240;10228
708;12873238000;9916855555;10416855555;10240;10228
290;12873565000;8333511111;8833511111;10240;10228
709;12873871000;9916855555;10416855555;10240;10228
291;13108615000;8333511111;8833511111;10240;10228
710;13108940000;9916855555;10416855555;10240;10228
292;13110594000;8333511111;8833511111;10240;10228
293;13110785000;8333511111;8833511111;10240;10228
711;13110902000;9916855555;10416855555;10240;10228
712;13111142000;9916855555;10416855555;10240;10228
294;13112736000;8333511111;8833511111;10240;10228
295;13112947000;8333511111;8833511111;10240;10228
713;13113056000;9916855555;10416855555;10240;10228
714;13113083000;9916877777;10416877777;10240;10228
296;13113152000;8333522222;8833522222;10240;10228
297;13113332000;8333800000;8833800000;10240;10228
715;13113414000;9917188888;10417188888;10240;10228
298;13113567000;8333800000;8833800000;10240;10228
716;13113673000;9917188888;10417188888;10240;10228
299;13113766000;8333800000;8833800000;10240;10228
717;13113929000;9917188888;10417188888;10240;10228
718;13114162000;9958511111;10458511111;10240;10228
300;13114247000;8375177777;8875177777;10240;10228
719;13114579000;9958511111;10458511111;10240;10228
301;13349401000;8375177777;8875177777;10240;10228
720;13349712000;9958511111;10458511111;10240;10228
302;13351341000;8375177777;8875177777;10240;10228
303;13351512000;8375177777;8875177777;10240;10228
721;13351657000;9958511111;10458511111;10240;10228
722;13351909000;9958511111;10458511111;10240;10228
304;13353485000;8375177777;8875177777;10240;10228
305;13353682000;8375177777;8875177777;10240;10228
723;13353786000;9958511111;10458511111;10240;10228
306;13353899000;8375177777;8875177777;10240;10228
724;13354061000;9958511111;10458511111;10240;10228
725;13354088000;9958533333;10458533333;10240;10228
307;13354106000;8375188888;8875188888;10240;10228
308;13354284000;8375466666;8875466666;10240;10228
726;13354354000;9958822222;10458822222;10240;10228
309;13354441000;8375466666;8875466666;10240;10228
727;13354630000;9958822222;10458822222;10240;10228
728;13354903000;9958822222;10458822222;10240;10228
310;13354974000;8375466666;8875466666;10240;10228
729;13355270000;10000177777;10500177777;10240;10228
311;13590159000;8416866666;8916866666;10240;10228
730;13590469000;10000177777;10500177777;10240;10228
312;13592083000;8416866666;8916866666;10240;10228
313;13592283000;8416866666;8916866666;10240;10228
731;13592391000;10000177777;10500177777;10240;10228
732;13592647000;10000177777;10500177777;10240;10228
314;13594224000;8416866666;8916866666;10240;10228
315;13594423000;8416866666;8916866666;10240;10228
733;13594511000;10000177777;10500177777;10240;10228
316;13594645000;8416866666;8916866666;10240;10228
734;13594794000;10000177777;10500177777;10240;10228
735;13594831000;10000177777;10500177777;10240;10228
317;13594851000;8416866666;8916866666;10240;10228
318;13595065000;8417122222;8917122222;10240;10228
736;13595071000;10000188888;10500188888;10240;10228
319;13595220000;8417477777;8917477777;10240;10228
737;13595306000;10000500000;10500500000;10240;10228
738;13595543000;10000500000;10500500000;10240;10228
320;13595701000;8417477777;8917477777;10240;10228
739;13596023000;10000500000;10500500000;10240;10228
321;13830963000;8417477777;8917477777;10240;10228
740;13831218000;10041844444;10541844444;10240;10228
322;13832845000;8458522222;8958522222;10240;10228
323;13833049000;8458522222;8958522222;10240;10228
741;13833147000;10041844444;10541844444;10240;10228
742;13833391000;10041844444;10541844444;10240;10228
324;13834982000;8458522222;8958522222;10240;10228
325;13835175000;8458522222;8958522222;10240;10228
743;13835276000;10041844444;10541844444;10240;10228
326;13835373000;8458522222;8958522222;10240;10228
744;13835517000;10041844444;10541844444;10240;10228
327;13835591000;8458522222;8958522222;10240;10228
745;13835783000;10041844444;10541844444;10240;10228
746;13835797000;10041844444;10541844444;10240;10228
329;13835924000;8458544444;8958544444;10240;10228
747;13836020000;10041866666;10541866666;10240;10228
748;13836284000;10042222222;10542222222;10240;10228
330;13836401000;8458833333;8958833333;10240;10228
749;13836688000;10042222222;10542222222;10240;10228
331;14071690000;8458833333;8958833333;10240;10228
750;14071999000;10042222222;10542222222;10240;10228
332;14073561000;8458833333;8958833333;10240;10228
333;14073771000;8500188888;9000188888;10240;10228
751;14073880000;10083511111;10583511111;10240;10228
752;14074135000;10083511111;10583511111;10240;10228
334;14075717000;8500188888;9000188888;10240;10228
335;14075926000;8500188888;9000188888;10240;10228
753;14076023000;10083511111;10583511111;10240;10228
336;14076110000;8500188888;9000188888;10240;10228
754;14076278000;10083511111;10583511111;10240;10228
755;14076300000;10083511111;10583511111;10240;10228
337;14076315000;8500188888;9000188888;10240;10228
338;14076644000;8500188888;9000188888;10240;10228
756;14076682000;10083511111;10583511111;10240;10228
757;14076910000;10083511111;10583511111;10240;10228
339;14077082000;8500188888;9000188888;10240;10228
758;14077304000;10083522222;10583522222;10240;10228
340;14312346000;8500200000;9000200000;10240;10228
759;14312734000;10083833333;10583833333;10240;10228
760;14312760000;10083833333;10583833333;10240;10228
341;14314305000;8500477777;9000477777;10240;10228
342;14314507000;8500477777;9000477777;10240;10228
761;14314626000;10083833333;10583833333;10240;10228
762;14314879000;10125188888;10625188888;10240;10228
343;14316456000;8500477777;9000477777;10240;10228
763;14316778000;10125188888;10625188888;10240;10228
345;14316847000;8541855555;9041855555;10240;10228
764;14317028000;10125188888;10625188888;10240;10228
346;14317054000;8541855555;9041855555;10240;10228
765;14317267000;10125188888;10625188888;10240;10228
766;14317284000;10125188888;10625188888;10240;10228
347;14317321000;8541855555;9041855555;10240;10228
767;14317747000;10125188888;10625188888;10240;10228
348;14317773000;8541855555;9041855555;10240;10228
768;14318122000;10125188888;10625188888;10240;10228
349;14553112000;8541855555;9041855555;10240;10228
769;14553330000;10125211111;10625211111;10240;10228
770;14554144000;10125477777;10625477777;10240;10228
350;14555051000;8541855555;9041855555;10240;10228
351;14555247000;8541877777;9041877777;10240;10228
771;14555360000;10125477777;10625477777;10240;10228
772;14555613000;10125477777;10625477777;10240;10228
352;14557198000;8542188888;9042188888;10240;10228
773;14557527000;10166855555;10666855555;10240;10228
353;14557550000;8542188888;9042188888;10240;10228
354;14557785000;8542188888;9042188888;10240;10228
774;14557878000;10166855555;10666855555;10240;10228
355;14558057000;8583522222;9083522222;10240;10228
775;14558119000;10166855555;10666855555;10240;10228
776;14558385000;10166855555;10666855555;10240;10228
777;14558400000;10166855555;10666855555;10240;10228
356;14558469000;8583522222;9083522222;10240;10228
778;14558820000;10166855555;10666855555;10240;10228
357;14793891000;8583522222;9083522222;10240;10228
779;14794197000;10166855555;10666855555;10240;10228
358;14795803000;8583522222;9083522222;10240;10228
359;14795999000;8583522222;9083522222;10240;10228
780;14796010000;10166877777;10666877777;10240;10228
781;14796288000;10167200000;10667200000;10240;10228
360;14797952000;8583522222;9083522222;10240;10228
361;14798266000;8583522222;9083522222;10240;10228
782;14798275000;10167200000;10667200000;10240;10228
362;14798463000;8583533333;9083533333;10240;10228
783;14798587000;10167200000;10667200000;10240;10228
363;14798779000;8583811111;9083811111;10240;10228
784;14798808000;10208522222;10708522222;10240;10228
785;14799136000;10208522222;10708522222;10240;10228
364;14799232000;8583811111;9083811111;10240;10228
786;14799536000;10208522222;10708522222;10240;10228
787;14799800000;10208522222;10708522222;10240;10228
365;15034665000;8583811111;9083811111;10240;10228
788;15035007000;10208522222;10708522222;10240;10228
366;15036574000;8625211111;9125211111;10240;10228
367;15036755000;8625211111;9125211111;10240;10228
789;15036849000;10208522222;10708522222;10240;10228
790;15037111000;10208522222;10708522222;10240;10228
368;15038682000;8625211111;9125211111;10240;10228
791;15038910000;10208533333;10708533333;10240;10228
369;15038982000;8625211111;9125211111;10240;10228
370;15039188000;8625211111;9125211111;10240;10228
792;15039265000;10208844444;10708844444;10240;10228
371;15039460000;8625211111;9125211111;10240;10228
793;15039509000;10208844444;10708844444;10240;10228
794;15039762000;10208844444;10708844444;10240;10228
372;15039897000;8625211111;9125211111;10240;10228
795;15040237000;10250188888;10750188888;10240;10228
373;15275317000;8625233333;9125233333;10240;10228
796;15275699000;10250188888;10750188888;10240;10228
374;15277318000;8625466666;9125466666;10240;10228
375;15277518000;8625466666;9125466666;10240;10228
797;15277637000;10250188888;10750188888;10240;10228
798;15277884000;10250188888;10750188888;10240;10228
376;15279428000;8625466666;9125466666;10240;10228
377;15279702000;8666855555;9166855555;10240;10228
799;15279714000;10250188888;10750188888;10240;10228
378;15279915000;8666855555;9166855555;10240;10228
800;15280023000;10250188888;10750188888;10240;10228
379;15280142000;8666855555;9166855555;10240;10228
801;15280281000;10250188888;10750188888;10240;10228
802;15280319000;10250200000;10750200000;10240;10228
380;15280610000;8666855555;9166855555;10240;10228
803;15280927000;10250500000;10750500000;10240;10228
381;15516038000;8666855555;9166855555;10240;10228
804;15516361000;10250500000;10750500000;10240;10228
382;15518055000;8666855555;9166855555;10240;10228
383;15518253000;8666855555;9166855555;10240;10228
805;15518374000;10250500000;10750500000;10240;10228
806;15518626000;10291855555;10791855555;10240;10228
384;15520093000;8666888888;9166888888;10240;10228
385;15520418000;8667177777;9167177777;10240;10228
807;15520440000;10291855555;10791855555;10240;10228
386;15520640000;8667177777;9167177777;10240;10228
387;15520834000;8667177777;9167177777;10240;10228
809;15520939000;10291855555;10791855555;10240;10228
810;15521183000;10291855555;10791855555;10240;10228
388;15521344000;8708522222;9208522222;10240;10228
811;15521681000;10291855555;10791855555;10240;10228
389;15756843000;8708522222;9208522222;10240;10228
812;15757158000;10291855555;10791855555;10240;10228
390;15758778000;8708522222;9208522222;10240;10228
391;15758978000;8708522222;9208522222;10240;10228
813;15758988000;10291877777;10791877777;10240;10228
814;15759258000;10292200000;10792200000;10240;10228
392;15760807000;8708522222;9208522222;10240;10228
393;15761094000;8708522222;9208522222;10240;10228
815;15761108000;10292200000;10792200000;10240;10228
394;15761299000;8708522222;9208522222;10240;10228
816;15761383000;10292200000;10792200000;10240;10228
395;15761456000;8708533333;9208533333;10240;10228
817;15761661000;10333522222;10833522222;10240;10228
818;15761909000;10333522222;10833522222;10240;10228
396;15762038000;8708811111;9208811111;10240;10228
819;15762347000;10333522222;10833522222;10240;10228
397;15997567000;8708811111;9208811111;10240;10228
820;15997895000;10333522222;10833522222;10240;10228
398;15999520000;8708811111;9208811111;10240;10228
399;15999731000;8750188888;9250188888;10240;10228
821;15999859000;10333522222;10833522222;10240;10228
822;16000112000;10333522222;10833522222;10240;10228
400;16001565000;8750188888;9250188888;10240;10228
401;16001814000;8750188888;9250188888;10240;10228
823;16001824000;10333522222;10833522222;10240;10228
402;16002023000;8750188888;9250188888;10240;10228
824;16002058000;10333533333;10833533333;10240;10228
825;16002340000;10333833333;10833833333;10240;10228
403;16002712000;8750188888;9250188888;10240;10228
404;16002915000;8750188888;9250188888;10240;10228
826;16003014000;10333833333;10833833333;10240;10228
827;16003028000;10333833333;10833833333;10240;10228
405;16238358000;8750188888;9250188888;10240;10228
828;16238665000;10375188888;10875188888;10240;10228
406;16240201000;8750200000;9250200000;10240;10228
407;16240441000;8750466666;9250466666;10240;10228
829;16240592000;10375188888;10875188888;10240;10228
830;16240839000;10375188888;10875188888;10240;10228
408;16242330000;8750466666;9250466666;10240;10228
409;16242495000;8750466666;9250466666;10240;10228
831;16242645000;10375188888;10875188888;10240;10228
410;16242744000;8791844444;9291844444;10240;10228
832;16242903000;10375188888;10875188888;10240;10228
833;16243147000;10375188888;10875188888;10240;10228
411;16243451000;8791844444;9291844444;10240;10228
412;16243668000;8791844444;9291844444;10240;10228
834;16243764000;10375188888;10875188888;10240;10228
835;16243778000;10375200000;10875200000;10240;10228
413;16479081000;8791844444;9291844444;10240;10228
836;16479389000;10375488888;10875488888;10240;10228
414;16480940000;8791844444;9291844444;10240;10228
415;16481144000;8791844444;9291844444;10240;10228
837;16481250000;10375488888;10875488888;10240;10228
838;16481526000;10375488888;10875488888;10240;10228
416;16483066000;8791844444;9291844444;10240;10228
417;16483269000;8791855555;9291855555;10240;10228
839;16483383000;10416855555;10916855555;10240;10228
418;16483444000;8792188888;9292188888;10240;10228
840;16483637000;10416855555;10916855555;10240;10228
841;16483651000;10416855555;10916855555;10240;10228
419;16484225000;8792188888;9292188888;10240;10228
420;16484421000;8792188888;9292188888;10240;10228
842;16484544000;10416855555;10916855555;10240;10228
843;16484785000;10416855555;10916855555;10240;10228
421;16719844000;8833522222;9333522222;10240;10228
844;16720180000;10416855555;10916855555;10240;10228
422;16721681000;8833522222;9333522222;10240;10228
423;16721888000;8833522222;9333522222;10240;10228
845;16721997000;10416855555;10916855555;10240;10228
846;16722023000;10416877777;10916877777;10240;10228
424;16723810000;8833522222;9333522222;10240;10228
425;16724014000;8833522222;9333522222;10240;10228
847;16724132000;10417200000;10917200000;10240;10228
426;16724221000;8833522222;9333522222;10240;10228
848;16724377000;10417200000;10917200000;10240;10228
849;16724397000;10417200000;10917200000;10240;10228
427;16724923000;8833522222;9333522222;10240;10228
428;16725128000;8833533333;9333533333;10240;10228
850;16725226000;10458522222;10958522222;10240;10228
851;16725518000;10458522222;10958522222;10240;10228
429;16960611000;8833855555;9333855555;10240;10228
852;16960928000;10458522222;10958522222;10240;10228
430;16962419000;8833855555;9333855555;10240;10228
431;16962628000;8833855555;9333855555;10240;10228
853;16962726000;10458522222;10958522222;10240;10228
854;16962984000;10458522222;10958522222;10240;10228
432;16964563000;8875188888;9375188888;10240;10228
433;16964761000;8875188888;9375188888;10240;10228
855;16964859000;10458522222;10958522222;10240;10228
434;16964967000;8875188888;9375188888;10240;10228
856;16965111000;10458522222;10958522222;10240;10228
857;16965133000;10458533333;10958533333;10240;10228
435;16965657000;8875188888;9375188888;10240;10228
436;16965864000;8875188888;9375188888;10240;10228
858;16965961000;10458844444;10958844444;10240;10228
859;16966197000;10458844444;10958844444;10240;10228
437;17201371000;8875188888;9375188888;10240;10228
860;17201692000;10458844444;10958844444;10240;10228
438;17203156000;8875188888;9375188888;10240;10228
439;17203359000;8875200000;9375200000;10240;10228
861;17203457000;10500188888;11000188888;10240;10228
862;17203745000;10500188888;11000188888;10240;10228
440;17205300000;8875500000;9375500000;10240;10228
441;17205508000;8875500000;9375500000;10240;10228
863;17205594000;10500188888;11000188888;10240;10228
442;17205713000;8875500000;9375500000;10240;10228
864;17205852000;10500188888;11000188888;10240;10228
865;17206095000;10500188888;11000188888;10240;10228
443;17206381000;8916866666;9416866666;10240;10228
444;17206589000;8916866666;9416866666;10240;10228
866;17206699000;10500188888;11000188888;10240;10228
867;17206944000;10500188888;11000188888;10240;10228
445;17442157000;8916866666;9416866666;10240;10228
868;17442356000;10500200000;11000200000;10240;10228
446;17443899000;8916866666;9416866666;10240;10228
447;17444103000;8916866666;9416866666;10240;10228
869;17444210000;10500511111;11000511111;10240;10228
870;17444456000;10500511111;11000511111;10240;10228
448;17446042000;8916866666;9416866666;10240;10228
449;17446236000;8916866666;9416866666;10240;10228
871;17446351000;10500511111;11000511111;10240;10228
450;17446408000;8916888888;9416888888;10240;10228
872;17446603000;10541855555;11041855555;10240;10228
873;17446861000;10541855555;11041855555;10240;10228
451;17447109000;8917166666;9417166666;10240;10228
452;17447310000;8917166666;9417166666;10240;10228
874;17447394000;10541855555;11041855555;10240;10228
875;17447673000;10541855555;11041855555;10240;10228
453;17682885000;8917166666;9417166666;10240;10228
876;17683196000;10541855555;11041855555;10240;10228
454;17684604000;8958511111;9458511111;10240;10228
455;17684824000;8958511111;9458511111;10240;10228
877;17684953000;10541855555;11041855555;10240;10228
878;17685197000;10541855555;11041855555;10240;10228
456;17686750000;8958511111;9458511111;10240;10228
457;17686949000;8958511111;9458511111;10240;10228
879;17686977000;10541877777;11041877777;10240;10228
458;17687145000;8958511111;9458511111;10240;10228
880;17687278000;10542222222;11042222222;10240;10228
881;17687527000;10542222222;11042222222;10240;10228
882;17687559000;10542222222;11042222222;10240;10228
459;17687858000;8958511111;9458511111;10240;10228
460;17688060000;8958511111;9458511111;10240;10228
883;17688159000;10583522222;11083522222;10240;10228
884;17688420000;10583522222;11083522222;10240;10228
461;17923544000;8958533333;9458533333;10240;10228
885;17923927000;10583522222;11083522222;10240;10228
462;17925351000;8958800000;9458800000;10240;10228
463;17925560000;8958800000;9458800000;10240;10228
886;17925672000;10583522222;11083522222;10240;10228
887;17925923000;10583522222;11083522222;10240;10228
464;17927494000;8958800000;9458800000;10240;10228
465;17927694000;9000188888;9500188888;10240;10228
888;17927816000;10583522222;11083522222;10240;10228
466;17927919000;9000188888;9500188888;10240;10228
889;17928058000;10583522222;11083522222;10240;10228
890;17928081000;10583533333;11083533333;10240;10228
467;17928643000;9000188888;9500188888;10240;10228
468;17928853000;9000188888;9500188888;10240;10228
891;17928949000;10583833333;11083833333;10240;10228
892;17929197000;10583833333;11083833333;10240;10228
469;18164341000;9000188888;9500188888;10240;10228
893;18164659000;10583833333;11083833333;10240;10228
470;18166095000;9000188888;9500188888;10240;10228
471;18166294000;9000188888;9500188888;10240;10228
894;18166415000;10625188888;11125188888;10240;10228
895;18166444000;10625188888;11125188888;10240;10228
472;18168164000;9000200000;9500200000;10240;10228
473;18168413000;9000466666;9500466666;10240;10228
896;18168531000;10625188888;11125188888;10240;10228
474;18168635000;9000466666;9500466666;10240;10228
897;18168804000;10625188888;11125188888;10240;10228
898;18168818000;10625188888;11125188888;10240;10228
476;18169582000;9041844444;9541844444;10240;10228
899;18169688000;10625188888;11125188888;10240;10228
900;18169964000;10625188888;11125188888;10240;10228
477;18405098000;9041844444;9541844444;10240;10228
901;18405315000;10625200000;11125200000;10240;10228
478;18406835000;9041844444;9541844444;10240;10228
479;18407041000;9041844444;9541844444;10240;10228
902;18407145000;10625477777;11125477777;10240;10228
903;18407392000;10625477777;11125477777;10240;10228
480;18408901000;9041844444;9541844444;10240;10228
481;18409107000;9041844444;9541844444;10240;10228
904;18409214000;10625477777;11125477777;10240;10228
482;18409354000;9041844444;9541844444;10240;10228
905;18409442000;10666855555;11166855555;10240;10228
906;18409722000;10666855555;11166855555;10240;10228
483;18410253000;9041855555;9541855555;10240;10228
907;18410642000;10666855555;11166855555;10240;10228
484;18645894000;9042188888;9542188888;10240;10228
908;18646198000;10666855555;11166855555;10240;10228
485;18647585000;9042188888;9542188888;10240;10228
486;18647791000;9042188888;9542188888;10240;10228
909;18647912000;10666855555;11166855555;10240;10228
910;18647947000;10666855555;11166855555;10240;10228
911;18648149000;10666855555;11166855555;10240;10228
487;18649641000;9083511111;9583511111;10240;10228
488;18649846000;9083511111;9583511111;10240;10228
912;18649857000;10666877777;11166877777;10240;10228
489;18650036000;9083511111;9583511111;10240;10228
913;18650118000;10667200000;11167200000;10240;10228
914;18650362000;10667200000;11167200000;10240;10228
490;18650970000;9083511111;9583511111;10240;10228
915;18651283000;10667200000;11167200000;10240;10228
491;18886617000;9083511111;9583511111;10240;10228
916;18886951000;10708511111;11208511111;10240;10228
492;18888339000;9083511111;9583511111;10240;10228
493;18888500000;9083511111;9583511111;10240;10228
917;18888653000;10708511111;11208511111;10240;10228
918;18888902000;10708511111;11208511111;10240;10228
919;18889291000;10708511111;11208511111;10240;10228
494;18890333000;9083522222;9583522222;10240;10228
495;18890601000;9083822222;9583822222;10240;10228
920;18890746000;10708511111;11208511111;10240;10228
496;18890759000;9083822222;9583822222;10240;10228
921;18890977000;10708511111;11208511111;10240;10228
922;18890999000;10708511111;11208511111;10240;10228
497;18891709000;9083822222;9583822222;10240;10228
923;18891921000;10708522222;11208522222;10240;10228
498;19127387000;9125177777;9625177777;10240;10228
924;19127705000;10708844444;11208844444;10240;10228
499;19129073000;9125177777;9625177777;10240;10228
500;19129278000;9125177777;9625177777;10240;10228
925;19129384000;10708844444;11208844444;10240;10228
926;19129643000;10708844444;11208844444;10240;10228
501;19131073000;9125177777;9625177777;10240;10228
502;19131352000;9125177777;9625177777;10240;10228
927;19131365000;10750177777;11250177777;10240;10228
503;19131554000;9125177777;9625177777;10240;10228
928;19131682000;10750177777;11250177777;10240;10228
929;19131935000;10750177777;11250177777;10240;10228
504;19132436000;9125177777;9625177777;10240;10228
930;19132765000;10750177777;11250177777;10240;10228
505;19368096000;9125188888;9625188888;10240;10228
931;19368499000;10750177777;11250177777;10240;10228
506;19369816000;9125466666;9625466666;10240;10228
507;19370020000;9125466666;9625466666;10240;10228
932;19370149000;10750177777;11250177777;10240;10228
933;19370374000;10750177777;11250177777;10240;10228
508;19371815000;9125466666;9625466666;10240;10228
934;19372060000;10750188888;11250188888;10240;10228
509;19372087000;9166855555;9666855555;10240;10228
510;19372241000;9166855555;9666855555;10240;10228
935;19372355000;10750500000;11250500000;10240;10228
936;19372613000;10750500000;11250500000;10240;10228
511;19373182000;9166855555;9666855555;10240;10228
937;19373523000;10750500000;11250500000;10240;10228
512;19608852000;9166855555;9666855555;10240;10228
938;19609161000;10791855555;11291855555;10240;10228
513;19610559000;9166855555;9666855555;10240;10228
514;19610767000;9166855555;9666855555;10240;10228
939;19610872000;10791855555;11291855555;10240;10228
940;19611120000;10791855555;11291855555;10240;10228
515;19612580000;9166855555;9666855555;10240;10228
941;19612872000;10791855555;11291855555;10240;10228
942;19613115000;10791855555;11291855555;10240;10228
943;19613365000;10791855555;11291855555;10240;10228
516;19613849000;9166877777;9666877777;10240;10228
944;19614243000;10791855555;11291855555;10240;10228
517;19849631000;9167188888;9667188888;10240;10228
945;19849842000;10791877777;11291877777;10240;10228
518;19851305000;9167188888;9667188888;10240;10228
519;19851506000;9167188888;9667188888;10240;10228
946;19851626000;10792200000;11292200000;10240;10228
947;19851873000;10792200000;11292200000;10240;10228
520;19853357000;9208522222;9708522222;10240;10228
948;19853676000;10792200000;11292200000;10240;10228
949;19854543000;10833522222;11333522222;10240;10228
521;19854556000;9208522222;9708522222;10240;10228
950;19854894000;10833522222;11333522222;10240;10228
522;20090403000;9208522222;9708522222;10240;10228
951;20090696000;10833522222;11333522222;10240;10228
523;20092066000;9208522222;9708522222;10240;10228
524;20092242000;9208522222;9708522222;10240;10228
952;20092364000;10833522222;11333522222;10240;10228
953;20092623000;10833522222;11333522222;10240;10228
525;20094122000;9208522222;9708522222;10240;10228
954;20094404000;10833522222;11333522222;10240;10228
526;20095309000;9208522222;9708522222;10240;10228
955;20095606000;10833522222;11333522222;10240;10228
527;20331097000;9208533333;9708533333;10240;10228
956;20331377000;10833544444;11333544444;10240;10228
957;20333107000;10833888888;11333888888;10240;10228
958;20333343000;10833888888;11333888888;10240;10228
528;20334857000;9208811111;9708811111;10240;10228
959;20335173000;10833888888;11333888888;10240;10228
529;20336044000;9208811111;9708811111;10240;10228
960;20336370000;10875188888;11375188888;10240;10228
530;20571851000;9208811111;9708811111;10240;10228
961;20572161000;10875188888;11375188888;10240;10228
962;20574523000;10875188888;11375188888;10240;10228
531;20575602000;9250188888;9750188888;10240;10228
963;20575913000;10875188888;11375188888;10240;10228
532;20576785000;9250188888;9750188888;10240;10228
964;20577098000;10875188888;11375188888;10240;10228
533;20812635000;9250188888;9750188888;10240;10228
965;20812943000;10875188888;11375188888;10240;10228
534;20816371000;9250188888;9750188888;10240;10228
966;20816687000;10875188888;11375188888;10240;10228
535;20817540000;9250188888;9750188888;10240;10228
967;20817738000;10875200000;11375200000;10240;10228
536;21053411000;9250188888;9750188888;10240;10228
968;21053730000;10875511111;11375511111;10240;10228
537;21057111000;9250188888;9750188888;10240;10228
969;21057432000;10875511111;11375511111;10240;10228
538;21058221000;9250200000;9750200000;10240;10228
970;21058608000;10875511111;11375511111;10240;10228
539;21294157000;9250477777;9750477777;10240;10228
971;21294493000;10916855555;11416855555;10240;10228
540;21297850000;9250477777;9750477777;10240;10228
972;21298166000;10916855555;11416855555;10240;10228
541;21298960000;9250477777;9750477777;10240;10228
973;21299277000;10916855555;11416855555;10240;10228
542;21534902000;9291844444;9791844444;10240;10228
974;21535209000;10916855555;11416855555;10240;10228
543;21538590000;9291844444;9791844444;10240;10228
975;21538912000;10916855555;11416855555;10240;10228
544;21539701000;9291844444;9791844444;10240;10228
976;21540013000;10916855555;11416855555;10240;10228
545;21775674000;9291844444;9791844444;10240;10228
977;21775989000;10916855555;11416855555;10240;10228
546;21779361000;9291844444;9791844444;10240;10228
978;21779616000;10916877777;11416877777;10240;10228
547;21780437000;9291844444;9791844444;10240;10228
979;21780776000;10917188888;11417188888;10240;10228
548;22016421000;9291844444;9791844444;10240;10228
980;22016739000;10917188888;11417188888;10240;10228
549;22020026000;9291866666;9791866666;10240;10228
981;22020414000;10917188888;11417188888;10240;10228
550;22021175000;9292188888;9792188888;10240;10228
982;22021516000;10958511111;11458511111;10240;10228
551;22257196000;9292188888;9792188888;10240;10228
983;22257532000;10958511111;11458511111;10240;10228
552;22260766000;9292188888;9792188888;10240;10228
984;22261083000;10958511111;11458511111;10240;10228
553;22261912000;9333522222;9833522222;10240;10228
985;22262224000;10958511111;11458511111;10240;10228
554;22497950000;9333522222;9833522222;10240;10228
986;22498257000;10958511111;11458511111;10240;10228
555;22501505000;9333522222;9833522222;10240;10228
987;22501833000;10958511111;11458511111;10240;10228
556;22502656000;9333522222;9833522222;10240;10228
988;22502962000;10958511111;11458511111;10240;10228
557;22738704000;9333522222;9833522222;10240;10228
989;22738918000;10958522222;11458522222;10240;10228
558;22742250000;9333522222;9833522222;10240;10228
990;22742614000;10958822222;11458822222;10240;10228
559;22743375000;9333522222;9833522222;10240;10228
991;22743706000;10958822222;11458822222;10240;10228
560;22979358000;9333533333;9833533333;10240;10228
992;22979744000;10958822222;11458822222;10240;10228
561;22982997000;9333822222;9833822222;10240;10228
562;22984115000;9333822222;9833822222;10240;10228
994;22984429000;11000177777;11500177777;10240;10228
563;23220118000;9333822222;9833822222;10240;10228
995;23220433000;11000177777;11500177777;10240;10228
564;23223745000;9375188888;9875188888;10240;10228
565;23224857000;9375188888;9875188888;10240;10228
566;23460885000;9375188888;9875188888;10240;10228
998;23461187000;11000177777;11500177777;10240;10228
567;23464489000;9375188888;9875188888;10240;10228
999;23464804000;11000177777;11500177777;10240;10228
568;23465586000;9375188888;9875188888;10240;10228
1000;23465799000;11000200000;11500200000;10240;10228
569;23701642000;9375188888;9875188888;10240;10228
1001;23701958000;11000500000;11500500000;10240;10228
570;23705228000;9375188888;9875188888;10240;10228
1002;23705618000;11000500000;11500500000;10240;10228
1003;23706650000;11000500000;11500500000;10240;10228
1004;23942704000;11041855555;11541855555;10240;10228
573;23945945000;9375522222;9875522222;10240;10228
1005;23946255000;11041855555;11541855555;10240;10228
574;24186713000;9375522222;9875522222;10240;10228
1006;24187032000;11041855555;11541855555;10240;10228
575;24427485000;9416855555;9916855555;10240;10228
1007;24427790000;11041855555;11541855555;10240;10228
576;24668251000;9416855555;9916855555;10240;10228
577;24668445000;9416855555;9916855555;10240;10228
1008;24668612000;11041855555;11541855555;10240;10228
1009;24668630000;11041855555;11541855555;10240;10228
1010;24909312000;11041855555;11541855555;10240;10228
1011;24909338000;11041877777;11541877777;10240;10228
1012;24909755000;11042211111;11542211111;10240;10228
1013;24909768000;11042211111;11542211111;10240;10228
1015;24910032000;11083522222;11583522222;10240;10228
1016;24910058000;11083522222;11583522222;10240;10228
1017;24910286000;11083522222;11583522222;10240;10228
1018;24910293000;11083522222;11583522222;10240;10228
1019;24910493000;11083522222;11583522222;10240;10228
1020;24910503000;11083522222;11583522222;10240;10228
1021;24910760000;11083522222;11583522222;10240;10228
1022;24910774000;11083533333;11583533333;10240;10228
1023;24911023000;11083844444;11583844444;10240;10228
1024;24911044000;11083844444;11583844444;10240;10228
1025;24911261000;11083844444;11583844444;10240;10228
1026;24911283000;11125188888;11625188888;10240;10228
1027;24911291000;11125188888;11625188888;10240;10228
1028;24911469000;11125188888;11625188888;10240;10228
1029;24911745000;11125188888;11625188888;10240;10228
1030;24911760000;11125188888;11625188888;10240;10228
1031;24911768000;11125188888;11625188888;10240;10228
1032;24911995000;11125188888;11625188888;10240;10228
1033;24912014000;11125200000;11625200000;10240;10228
1034;24912229000;11125488888;11625488888;10240;10228
1035;24912249000;11125488888;11625488888;10240;10228
1036;24912474000;11125488888;11625488888;10240;10228
1037;24912511000;11166855555;11666855555;10240;10228
1038;24912718000;11166855555;11666855555;10240;10228
1039;24912728000;11166855555;11666855555;10240;10228
1040;24913005000;11166855555;11666855555;10240;10228
1041;24913016000;11166855555;11666855555;10240;10228
1042;24913023000;11166855555;11666855555;10240;10228
1043;24913247000;11166855555;11666855555;10240;10228
1044;24913257000;11166877777;11666877777;10240;10228
1045;24913474000;11167211111;11667211111;10240;10228
1046;24913500000;11167211111;11667211111;10240;10228
1047;24913758000;11167211111;11667211111;10240;10228
1048;24913774000;11208511111;11708511111;10240;10228
1049;24914003000;11208511111;11708511111;10240;10228
1050;24914014000;11208511111;11708511111;10240;10228
1051;24914261000;11208511111;11708511111;10240;10228
1052;24914281000;11208511111;11708511111;10240;10228
1053;24914492000;11208511111;11708511111;10240;10228
1054;24914526000;11208511111;11708511111;10240;10228
1055;24914793000;11208522222;11708522222;10240;10228
1056;24914802000;11208822222;11708822222;10240;10228
1057;24914806000;11208822222;11708822222;10240;10228
1058;24915022000;11208822222;11708822222;10240;10228
1059;24915040000;11250177777;11750177777;10240;10228
1060;24915253000;11250177777;11750177777;10240;10228
1061;24915273000;11250177777;11750177777;10240;10228
1062;24915492000;11250177777;11750177777;10240;10228
1063;24915516000;11250177777;11750177777;10240;10228
1064;24915726000;11250177777;11750177777;10240;10228
1065;24915741000;11250177777;11750177777;10240;10228
1066;24916020000;11250200000;11750200000;10240;10228
1067;24916040000;11250500000;11750500000;10240;10228
1068;25149871000;11250500000;11750500000;10240;10228
1069;25149886000;11250500000;11750500000;10240;10228
1070;25150148000;11291844444;11791844444;10240;10228
1071;25150163000;11291844444;11791844444;10240;10228
1072;25150387000;11291844444;11791844444;10240;10228
1073;25150393000;11291844444;11791844444;10240;10228
1074;25150623000;11291844444;11791844444;10240;10228
1075;25150635000;11291844444;11791844444;10240;10228
1076;25150881000;11291844444;11791844444;10240;10228
1077;25150894000;11291855555;11791855555;10240;10228
1078;25151135000;11292200000;11792200000;10240;10228
1079;25151146000;11292200000;11792200000;10240;10228
1080;25151386000;11292200000;11792200000;10240;10228
1081;25151395000;11333522222;11833522222;10240;10228
1082;25151403000;11333522222;11833522222;10240;10228
1083;25151596000;11333522222;11833522222;10240;10228
1084;25151837000;11333522222;11833522222;10240;10228
1085;25151848000;11333522222;11833522222;10240;10228
1086;25152106000;11333522222;11833522222;10240;10228
1087;25152130000;11333522222;11833522222;10240;10228
1088;25152139000;11333544444;11833544444;10240;10228
1089;25152355000;11333811111;11833811111;10240;10228
1090;25152365000;11333811111;11833811111;10240;10228
1091;25152673000;11333811111;11833811111;10240;10228
1092;25152691000;11375188888;11875188888;10240;10228
1093;25152869000;11375188888;11875188888;10240;10228
1094;25152885000;11375188888;11875188888;10240;10228
1095;25153125000;11375188888;11875188888;10240;10228
1096;25153135000;11375188888;11875188888;10240;10228
1097;25153152000;11375188888;11875188888;10240;10228
1098;25153360000;11375188888;11875188888;10240;10228
1099;25153369000;11375200000;11875200000;10240;10228
1100;25153645000;11375477777;11875477777;10240;10228
1101;25153666000;11375477777;11875477777;10240;10228
1102;25153860000;11375477777;11875477777;10240;10228
1103;25153866000;11416855555;11916855555;10240;10228
1104;25154128000;11416855555;11916855555;10240;10228
1105;25154137000;11416855555;11916855555;10240;10228
1106;25154374000;11416855555;11916855555;10240;10228
1107;25154393000;11416855555;11916855555;10240;10228
1108;25154632000;11416855555;11916855555;10240;10228
1109;25154643000;11416855555;11916855555;10240;10228
1110;25154652000;11416877777;11916877777;10240;10228
1111;25154862000;11417188888;11917188888;10240;10228
1112;25154872000;11417188888;11917188888;10240;10228
1113;25155096000;11417188888;11917188888;10240;10228
1114;25155109000;11458511111;11958511111;10240;10228
1115;25155361000;11458511111;11958511111;10240;10228
1116;25155371000;11458511111;11958511111;10240;10228
1117;25155636000;11458511111;11958511111;10240;10228
1118;25155658000;11458511111;11958511111;10240;10228
1119;25155890000;11458511111;11958511111;10240;10228
1120;25155898000;11458511111;11958511111;10240;10228
1121;25156142000;11458522222;11958522222;10240;10228
1122;25156161000;11458822222;11958822222;10240;10228
1123;25156347000;11458822222;11958822222;10240;10228
1124;25156357000;11458822222;11958822222;10240;10228
1125;25156634000;11500177777;12000177777;10240;10228
1126;25156645000;11500177777;12000177777;10240;10228
1127;25156661000;11500177777;12000177777;10240;10228
1128;25156897000;11500177777;12000177777;10240;10228
1129;25156915000;11500177777;12000177777;10240;10228
1130;25157139000;11500177777;12000177777;10240;10228
1131;25157157000;11500177777;12000177777;10240;10228
1132;25157360000;11500188888;12000188888;10240;10228
1133;25157378000;11500500000;12000500000;10240;10228
1134;25157600000;11500500000;12000500000;10240;10228
1135;25157615000;11500500000;12000500000;10240;10228
1136;25157887000;11541855555;12041855555;10240;10228
1137;25157898000;11541855555;12041855555;10240;10228
1138;25158137000;11541855555;12041855555;10240;10228
1139;25158148000;11541855555;12041855555;10240;10228
1140;25158164000;11541855555;12041855555;10240;10228
1141;25158352000;11541855555;12041855555;10240;10228
1142;25158640000;11541855555;12041855555;10240;10228
1143;25158650000;11541877777;12041877777;10240;10228
1144;25158663000;11542188888;12042188888;10240;10228
1145;25158889000;11542188888;12042188888;10240;10228
1146;25158899000;11542188888;12042188888;10240;10228
1147;25390416000;11583522222;12083522222;10240;10228
1148;25390785000;11583522222;12083522222;10240;10228
1149;25391059000;11583522222;12083522222;10240;10228
1150;25391074000;11583522222;12083522222;10240;10228
1151;25391310000;11583522222;12083522222;10240;10228
1152;25391317000;11583522222;12083522222;10240;10228
1153;25391534000;11583522222;12083522222;10240;10228
1154;25391544000;11583533333;12083533333;10240;10228
1155;25391832000;11583811111;12083811111;10240;10228
1156;25391848000;11583811111;12083811111;10240;10228
1157;25392079000;11583811111;12083811111;10240;10228
1158;25392100000;11625188888;12125188888;10240;10228
1159;25392325000;11625188888;12125188888;10240;10228
1160;25392344000;11625188888;12125188888;10240;10228
1161;25392580000;11625188888;12125188888;10240;10228
1162;25392603000;11625188888;12125188888;10240;10228
1163;25392790000;11625188888;12125188888;10240;10228
1164;25392804000;11625188888;12125188888;10240;10228
1165;25393038000;11625200000;12125200000;10240;10228
1166;25393051000;11625444444;12125444444;10240;10228
1167;25393340000;11625444444;12125444444;10240;10228
1168;25393351000;11625444444;12125444444;10240;10228
1169;25393363000;11666855555;12166855555;10240;10228
1170;25393601000;11666855555;12166855555;10240;10228
1171;25393622000;11666855555;12166855555;10240;10228
1172;25393847000;11666855555;12166855555;10240;10228
1173;25393863000;11666855555;12166855555;10240;10228
1174;25394095000;11666855555;12166855555;10240;10228
1175;25394117000;11666855555;12166855555;10240;10228
1176;25394345000;11666877777;12166877777;10240;10228
1177;25394355000;11667177777;12167177777;10240;10228
1178;25394607000;11667177777;12167177777;10240;10228
1179;25394622000;11667177777;12167177777;10240;10228
1180;25394826000;11708511111;12208511111;10240;10228
1181;25394841000;11708511111;12208511111;10240;10228
1182;25395063000;11708511111;12208511111;10240;10228
1183;25395315000;11708511111;12208511111;10240;10228
1184;25395330000;11708511111;12208511111;10240;10228
1185;25395344000;11708511111;12208511111;10240;10228
1186;25395620000;11708511111;12208511111;10240;10228
1187;25395644000;11708533333;12208533333;10240;10228
1188;25395891000;11708833333;12208833333;10240;10228
1189;25395900000;11708833333;12208833333;10240;10228
1190;25396107000;11708833333;12208833333;10240;10228
1191;25396114000;11750177777;12250177777;10240;10228
1192;25396333000;11750177777;12250177777;10240;10228
1193;25396349000;11750177777;12250177777;10240;10228
1194;25396611000;11750177777;12250177777;10240;10228
1195;25396627000;11750177777;12250177777;10240;10228
1196;25396635000;11750177777;12250177777;10240;10228
1197;25396853000;11750177777;12250177777;10240;10228
1198;25396864000;11750188888;12250188888;10240;10228
1199;25397112000;11750477777;12250477777;10240;10228
1200;25397132000;11750477777;12250477777;10240;10228
1201;25397327000;11750477777;12250477777;10240;10228
1202;25397351000;11791855555;12291855555;10240;10228
1203;25397567000;11791855555;12291855555;10240;10228
1205;25397829000;11791855555;12291855555;10240;10228
1206;25397860000;11791855555;12291855555;10240;10228
1207;25398108000;11791855555;12291855555;10240;10228
1208;25398117000;11791855555;12291855555;10240;10228
1209;25398131000;11791888888;12291888888;10240;10228
1210;25398355000;11792222222;12292222222;10240;10228
1211;25398365000;11792222222;12292222222;10240;10228
1212;25398616000;11792222222;12292222222;10240;10228
1213;25398630000;11833511111;12333511111;10240;10228
1215;25398859000;11833511111;12333511111;10240;10228
1216;25398870000;11833511111;12333511111;10240;10228
1217;25399108000;11833511111;12333511111;10240;10228
1218;25399118000;11833511111;12333511111;10240;10228
1219;25399359000;11833511111;12333511111;10240;10228
1220;25399368000;11833533333;12333533333;10240;10228
1221;25399691000;11833833333;12333833333;10240;10228
1222;25399701000;11833833333;12333833333;10240;10228
1223;25399951000;11833833333;12333833333;10240;10228
1224;25399969000;11875188888;12375188888;10240;10228
1225;25400193000;11875188888;12375188888;10240;10228
1226;25631409000;11875188888;12375188888;10240;10228
1227;25631424000;11875188888;12375188888;10240;10228
1228;25631916000;11875188888;12375188888;10240;10228
1229;25631927000;11875188888;12375188888;10240;10228
1230;25632165000;11875188888;12375188888;10240;10228
1231;25632175000;11875200000;12375200000;10240;10228
1232;25632662000;11875500000;12375500000;10240;10228
1233;25632676000;11875500000;12375500000;10240;10228
1234;25632925000;11875500000;12375500000;10240;10228
1235;25632939000;11916844444;12416844444;10240;10228
1236;25633184000;11916844444;12416844444;10240;10228
1237;25633203000;11916844444;12416844444;10240;10228
1238;25633420000;11916844444;12416844444;10240;10228
1239;25633427000;11916844444;12416844444;10240;10228
1240;25633669000;11916844444;12416844444;10240;10228
1241;25633692000;11916844444;12416844444;10240;10228
1242;25633924000;11916855555;12416855555;10240;10228
1243;25633944000;11917177777;12417177777;10240;10228
1244;25634131000;11917177777;12417177777;10240;10228
1245;25634145000;11917177777;12417177777;10240;10228
1246;25634383000;11958511111;12458511111;10240;10228
1247;25634397000;11958511111;12458511111;10240;10228
1248;25634667000;11958511111;12458511111;10240;10228
1249;25634678000;11958511111;12458511111;10240;10228
1250;25634691000;11958511111;12458511111;10240;10228
1251;25634882000;11958511111;12458511111;10240;10228
1252;25635180000;11958511111;12458511111;10240;10228
1253;25635199000;11958533333;12458533333;10240;10228
1254;25635212000;11958811111;12458811111;10240;10228
1255;25635384000;11958811111;12458811111;10240;10228
1256;25635397000;11958811111;12458811111;10240;10228
1257;25635725000;12000188888;12500188888;10240;10228
1259;25635739000;12000188888;12500188888;10240;10228
1260;25636003000;12000188888;12500188888;10240;10228
1261;25636011000;12000188888;12500188888;10240;10228
1262;25636214000;12000188888;12500188888;10240;10228
1263;25636225000;12000188888;12500188888;10240;10228
1264;25636440000;12000200000;12500200000;10240;10228
1265;25636460000;12000488888;12500488888;10240;10228
1266;25636718000;12000488888;12500488888;10240;10228
1267;25636728000;12000488888;12500488888;10240;10228
1268;25636977000;12041855555;12541855555;10240;10228
1269;25636997000;12041855555;12541855555;10240;10228
1270;25637213000;12041855555;12541855555;10240;10228
1271;25637223000;12041855555;12541855555;10240;10228
1272;25637435000;12041855555;12541855555;10240;10228
1273;25637684000;12041855555;12541855555;10240;10228
1274;25637699000;12041855555;12541855555;10240;10228
1275;25637935000;12041888888;12541888888;10240;10228
1276;25637945000;12042211111;12542211111;10240;10228
1277;25638195000;12042211111;12542211111;10240;10228
1278;25638218000;12042211111;12542211111;10240;10228
1280;25638436000;12083522222;12583522222;10240;10228
1281;25638447000;12083522222;12583522222;10240;10228
1282;25638723000;12083522222;12583522222;10240;10228
1283;25638971000;12083522222;12583522222;10240;10228
1284;25638993000;12083522222;12583522222;10240;10228
1285;25639244000;12083522222;12583522222;10240;10228
1286;25639254000;12083533333;12583533333;10240;10228
1287;25639262000;12083833333;12583833333;10240;10228
1288;25639440000;12083833333;12583833333;10240;10228
1289;25639720000;12083833333;12583833333;10240;10228
1290;25639731000;12125188888;12625188888;10240;10228
1291;25639748000;12125188888;12625188888;10240;10228
1292;25639982000;12125188888;12625188888;10240;10228
1293;25640001000;12125188888;12625188888;10240;10228
1294;25640240000;12125188888;12625188888;10240;10228
1295;25640252000;12125188888;12625188888;10240;10228
1296;25640438000;12125188888;12625188888;10240;10228
1297;25640445000;12125200000;12625200000;10240;10228
1298;25640723000;12125477777;12625477777;10240;10228
1299;25640734000;12125477777;12625477777;10240;10228
1300;25640977000;12125477777;12625477777;10240;10228
1301;25640988000;12166844444;12666844444;10240;10228
1302;25641232000;12166844444;12666844444;10240;10228
1303;25641252000;12166844444;12666844444;10240;10228
1304;25871868000;12166844444;12666844444;10240;10228
1305;25872409000;12166844444;12666844444;10240;10228
1306;25872432000;12166844444;12666844444;10240;10228
1307;25872668000;12166844444;12666844444;10240;10228
1308;25872694000;12166855555;12666855555;10240;10228
1309;25873260000;12167200000;12667200000;10240;10228
1310;25873276000;12167200000;12667200000;10240;10228
1311;25873761000;12167200000;12667200000;10240;10228
1312;25874012000;12208511111;12708511111;10240;10228
1313;25874022000;12208511111;12708511111;10240;10228
1314;25874037000;12208511111;12708511111;10240;10228
1315;25874253000;12208511111;12708511111;10240;10228
1316;25874263000;12208511111;12708511111;10240;10228
1317;25874515000;12208511111;12708511111;10240;10228
1318;25874545000;12208511111;12708511111;10240;10228
1319;25874770000;12208522222;12708522222;10240;10228
1320;25874794000;12208833333;12708833333;10240;10228
1321;25875014000;12208833333;12708833333;10240;10228
1322;25875023000;12208833333;12708833333;10240;10228
1323;25875238000;12250177777;12750177777;10240;10228
1324;25875257000;12250177777;12750177777;10240;10228
1325;25875512000;12250177777;12750177777;10240;10228
1326;25875546000;12250177777;12750177777;10240;10228
1327;25875742000;12250177777;12750177777;10240;10228
1328;25875751000;12250177777;12750177777;10240;10228
1329;25875983000;12250177777;12750177777;10240;10228
1330;25875989000;12250188888;12750188888;10240;10228
1331;25876001000;12250500000;12750500000;10240;10228
1332;25876256000;12250500000;12750500000;10240;10228
1333;25876266000;12250500000;12750500000;10240;10228
1334;25876517000;12291855555;12791855555;10240;10228
1335;25876546000;12291855555;12791855555;10240;10228
1336;25876778000;12291855555;12791855555;10240;10228
1337;25876791000;12291855555;12791855555;10240;10228
1338;25877004000;12291855555;12791855555;10240;10228
1339;25877010000;12291855555;12791855555;10240;10228
1340;25877292000;12291855555;12791855555;10240;10228
1341;25877302000;12291877777;12791877777;10240;10228
1342;25877562000;12292200000;12792200000;10240;10228
1343;25877577000;12292200000;12792200000;10240;10228
1344;25877838000;12292200000;12792200000;10240;10228
1345;25877847000;12333533333;12833533333;10240;10228
1346;25878048000;12333533333;12833533333;10240;10228
1347;25878063000;12333533333;12833533333;10240;10228
1348;25878263000;12333533333;12833533333;10240;10228
1349;25878279000;12333533333;12833533333;10240;10228
1350;25878575000;12333533333;12833533333;10240;10228
1351;25878590000;12333533333;12833533333;10240;10228
1352;25878599000;12333566666;12833566666;10240;10228
1353;25878833000;12333855555;12833855555;10240;10228
1354;25879090000;12333855555;12833855555;10240;10228
1355;25879109000;12333855555;12833855555;10240;10228
1356;25879342000;12375188888;12875188888;10240;10228
1357;25879352000;12375188888;12875188888;10240;10228
1358;25879556000;12375188888;12875188888;10240;10228
1359;25879575000;12375188888;12875188888;10240;10228
1360;25879842000;12375188888;12875188888;10240;10228
1361;25879848000;12375188888;12875188888;10240;10228
1362;25880076000;12375188888;12875188888;10240;10228
1363;25880085000;12375200000;12875200000;10240;10228
1364;25880096000;12375488888;12875488888;10240;10228
1365;25880352000;12375488888;12875488888;10240;10228
1366;25880372000;12375488888;12875488888;10240;10228
1367;25880556000;12416855555;12916855555;10240;10228
1368;25880577000;12416855555;12916855555;10240;10228
1369;25880826000;12416855555;12916855555;10240;10228
1370;25880845000;12416855555;12916855555;10240;10228
1371;25881075000;12416855555;12916855555;10240;10228
1372;25881094000;12416855555;12916855555;10240;10228
1373;25881316000;12416855555;12916855555;10240;10228
1374;25881325000;12416877777;12916877777;10240;10228
1375;25881611000;12417200000;12917200000;10240;10228
1376;25881617000;12417200000;12917200000;10240;10228
1377;25881837000;12417200000;12917200000;10240;10228
1378;25881846000;12458522222;12958522222;10240;10228
1379;25881864000;12458522222;12958522222;10240;10228
1380;25882085000;12458522222;12958522222;10240;10228
1381;25882350000;12458522222;12958522222;10240;10228
1382;25882368000;12458522222;12958522222;10240;10228
1383;26112435000;12458522222;12958522222;10240;10228
1384;26112945000;12458522222;12958522222;10240;10228
1385;26113240000;12458533333;12958533333;10240;10228
1386;26113768000;12458844444;12958844444;10240;10228
1387;26113781000;12458844444;12958844444;10240;10228
1388;26114369000;12458844444;12958844444;10240;10228
1389;26114378000;12500188888;13000188888;10240;10228
1390;26114628000;12500188888;13000188888;10240;10228
1391;26115121000;12500188888;13000188888;10240;10228
1392;26115136000;12500188888;13000188888;10240;10228
1393;26115359000;12500188888;13000188888;10240;10228
1394;26115378000;12500188888;13000188888;10240;10228
1395;26115603000;12500188888;13000188888;10240;10228
1396;26115618000;12500200000;13000200000;10240;10228
1397;26118561000;12500511111;13000511111;10240;10228
1398;26118594000;12500511111;13000511111;10240;10228
1399;26118815000;12500511111;13000511111;10240;10228
1400;26118829000;12541922222;13041922222;10240;10228
1401;26119049000;12541922222;13041922222;10240;10228
1402;26119056000;12541922222;13041922222;10240;10228
1403;26119271000;12541922222;13041922222;10240;10228
1404;26119282000;12541922222;13041922222;10240;10228
1405;26119502000;12541922222;13041922222;10240;10228
1406;26119512000;12541922222;13041922222;10240;10228
1407;26119769000;12541944444;13041944444;10240;10228
1408;26119785000;12542244444;13042244444;10240;10228
1409;26119993000;12542244444;13042244444;10240;10228
1410;26120003000;12542244444;13042244444;10240;10228
1411;26120280000;12583522222;13083522222;10240;10228
1412;26120292000;12583522222;13083522222;10240;10228
1413;26120304000;12583522222;13083522222;10240;10228
1414;26120518000;12583522222;13083522222;10240;10228
1415;26120528000;12583522222;13083522222;10240;10228
1416;26120793000;12583522222;13083522222;10240;10228
1417;26120806000;12583522222;13083522222;10240;10228
1418;26121029000;12583533333;13083533333;10240;10228
1419;26121040000;12583822222;13083822222;10240;10228
1420;26121271000;12583822222;13083822222;10240;10228
1421;26121281000;12583822222;13083822222;10240;10228
1422;26121519000;12625188888;13125188888;10240;10228
1423;26121539000;12625188888;13125188888;10240;10228
1424;26121746000;12625188888;13125188888;10240;10228
1425;26121757000;12625188888;13125188888;10240;10228
1426;26122033000;12625188888;13125188888;10240;10228
1427;26122052000;12625188888;13125188888;10240;10228
1428;26122277000;12625188888;13125188888;10240;10228
1429;26122288000;12625200000;13125200000;10240;10228
1430;26122301000;12625466666;13125466666;10240;10228
1431;26122516000;12625466666;13125466666;10240;10228
1432;26122530000;12625466666;13125466666;10240;10228
1433;26122758000;12666844444;13166844444;10240;10228
1434;26122791000;12666844444;13166844444;10240;10228
1435;26123045000;12666844444;13166844444;10240;10228
1436;26123064000;12666844444;13166844444;10240;10228
1437;26123294000;12666844444;13166844444;10240;10228
1438;26123313000;12666844444;13166844444;10240;10228
1439;26123568000;12666844444;13166844444;10240;10228
1440;26123584000;12666855555;13166855555;10240;10228
1441;26123592000;12667188888;13167188888;10240;10228
1442;26123788000;12667188888;13167188888;10240;10228
1443;26123797000;12667188888;13167188888;10240;10228
1444;26124046000;12708511111;13208511111;10240;10228
1445;26124066000;12708511111;13208511111;10240;10228
1446;26124291000;12708511111;13208511111;10240;10228
1447;26124310000;12708511111;13208511111;10240;10228
1448;26124518000;12708511111;13208511111;10240;10228
1449;26124548000;12708511111;13208511111;10240;10228
1450;26124799000;12708511111;13208511111;10240;10228
1451;26124818000;12708522222;13208522222;10240;10228
1452;26125050000;12708822222;13208822222;10240;10228
1453;26125069000;12708822222;13208822222;10240;10228
1454;26125310000;12708822222;13208822222;10240;10228
1455;26125332000;12750200000;13250200000;10240;10228
1456;26125508000;12750200000;13250200000;10240;10228
1457;26125532000;12750200000;13250200000;10240;10228
1458;26125810000;12750200000;13250200000;10240;10228
1459;26125820000;12750200000;13250200000;10240;10228
1460;26125837000;12750200000;13250200000;10240;10228
1461;26126050000;12750200000;13250200000;10240;10228
1462;26353385000;12750211111;13250211111;10240;10228
1463;26353633000;12750500000;13250500000;10240;10228
1464;26353898000;12750500000;13250500000;10240;10228
1465;26354858000;12750500000;13250500000;10240;10228
1466;26354874000;12791855555;13291855555;10240;10228
1467;26355436000;12791855555;13291855555;10240;10228
1468;26355446000;12791855555;13291855555;10240;10228
1469;26355742000;12791855555;13291855555;10240;10228
1470;26355756000;12791855555;13291855555;10240;10228
1471;26356239000;12791855555;13291855555;10240;10228
1472;26356512000;12791855555;13291855555;10240;10228
1473;26356535000;12791877777;13291877777;10240;10228
1474;26356757000;12792188888;13292188888;10240;10228
1475;26356781000;12792188888;13292188888;10240;10228
1476;26359202000;12792188888;13292188888;10240;10228
1477;26359446000;12833522222;13333522222;10240;10228
1478;26359457000;12833522222;13333522222;10240;10228
1479;26359851000;12833522222;13333522222;10240;10228
1480;26359865000;12833522222;13333522222;10240;10228
1481;26360091000;12833522222;13333522222;10240;10228
1482;26360100000;12833522222;13333522222;10240;10228
1483;26360339000;12833522222;13333522222;10240;10228
1484;26360349000;12833533333;13333533333;10240;10228
1485;26360603000;12833855555;13333855555;10240;10228
1486;26360619000;12833855555;13333855555;10240;10228
1487;26360807000;12833855555;13333855555;10240;10228
1488;26360817000;12875177777;13375177777;10240;10228
1489;26361131000;12875177777;13375177777;10240;10228
1490;26361139000;12875177777;13375177777;10240;10228
1491;26361349000;12875177777;13375177777;10240;10228
1492;26361360000;12875177777;13375177777;10240;10228
1493;26361622000;12875177777;13375177777;10240;10228
1494;26361647000;12875177777;13375177777;10240;10228
1495;26361859000;12875188888;13375188888;10240;10228
1496;26361880000;12875500000;13375500000;10240;10228
1497;26362078000;12875500000;13375500000;10240;10228
1498;26362101000;12875500000;13375500000;10240;10228
1499;26362355000;12916844444;13416844444;10240;10228
1500;26362366000;12916844444;13416844444;10240;10228
1501;26362620000;12916844444;13416844444;10240;10228
1502;26362633000;12916844444;13416844444;10240;10228
1503;26362857000;12916844444;13416844444;10240;10228
1504;26362878000;12916844444;13416844444;10240;10228
1505;26363094000;12916844444;13416844444;10240;10228
1506;26363113000;12916855555;13416855555;10240;10228
1507;26363371000;12917177777;13417177777;10240;10228
1508;26363380000;12917177777;13417177777;10240;10228
1509;26363619000;12917177777;13417177777;10240;10228
1510;26363630000;12958511111;13458511111;10240;10228
1511;26363881000;12958511111;13458511111;10240;10228
1512;26363900000;12958511111;13458511111;10240;10228
1513;26364119000;12958511111;13458511111;10240;10228
1514;26364130000;12958511111;13458511111;10240;10228
1515;26364381000;12958511111;13458511111;10240;10228
1516;26364401000;12958511111;13458511111;10240;10228
1517;26364414000;12958533333;13458533333;10240;10228
1518;26364623000;12958811111;13458811111;10240;10228
1519;26364633000;12958811111;13458811111;10240;10228
1520;26364878000;12958811111;13458811111;10240;10228
1521;26364896000;13000166666;13500166666;10240;10228
1522;26365097000;13000166666;13500166666;10240;10228
1523;26365120000;13000166666;13500166666;10240;10228
1524;26365346000;13000166666;13500166666;10240;10228
1525;26365369000;13000166666;13500166666;10240;10228
1526;26365588000;13000166666;13500166666;10240;10228
1527;26365600000;13000166666;13500166666;10240;10228
1528;26365873000;13000188888;13500188888;10240;10228
1529;26365897000;13000488888;13500488888;10240;10228
1530;26366128000;13000488888;13500488888;10240;10228
1531;26366148000;13000488888;13500488888;10240;10228
1532;26366340000;13041855555;13541855555;10240;10228
1533;26366351000;13041855555;13541855555;10240;10228
1534;26366621000;13041855555;13541855555;10240;10228
1535;26366631000;13041855555;13541855555;10240;10228
1536;26366889000;13041855555;13541855555;10240;10228
1537;26366910000;13041855555;13541855555;10240;10228
1538;26367129000;13041855555;13541855555;10240;10228
1539;26367138000;13041877777;13541877777;10240;10228
1540;26594554000;13042211111;13542211111;10240;10228
1541;26594807000;13042211111;13542211111;10240;10228
1542;26595059000;13042211111;13542211111;10240;10228
1543;26595072000;13083522222;13583522222;10240;10228
1544;26595943000;13083522222;13583522222;10240;10228
1545;26596205000;13083522222;13583522222;10240;10228
1546;26596491000;13083522222;13583522222;10240;10228
1547;26596769000;13083522222;13583522222;10240;10228
1548;26596784000;13083522222;13583522222;10240;10228
1549;26597011000;13083522222;13583522222;10240;10228
1550;26597022000;13083533333;13583533333;10240;10228
1551;26597592000;13083844444;13583844444;10240;10228
1552;26597616000;13083844444;13583844444;10240;10228
1553;26597849000;13083844444;13583844444;10240;10228
1554;26597862000;13125177777;13625177777;10240;10228
1555;26600281000;13125177777;13625177777;10240;10228
1556;26600295000;13125177777;13625177777;10240;10228
1557;26600501000;13125177777;13625177777;10240;10228
1558;26600784000;13125177777;13625177777;10240;10228
1559;26600799000;13125177777;13625177777;10240;10228
1560;26601147000;13125177777;13625177777;10240;10228
1561;26601157000;13125188888;13625188888;10240;10228
1563;26601430000;13125544444;13625544444;10240;10228
1564;26601453000;13125544444;13625544444;10240;10228
1565;26601709000;13166855555;13666855555;10240;10228
1566;26601723000;13166855555;13666855555;10240;10228
1568;26601953000;13166855555;13666855555;10240;10228
1569;26602216000;13166855555;13666855555;10240;10228
1570;26602450000;13166855555;13666855555;10240;10228
1571;26602481000;13166855555;13666855555;10240;10228
1572;26602706000;13166877777;13666877777;10240;10228
1573;26602720000;13167211111;13667211111;10240;10228
1574;26602936000;13167211111;13667211111;10240;10228
1575;26602944000;13167211111;13667211111;10240;10228
1576;26603168000;13208522222;13708522222;10240;10228
1577;26603184000;13208522222;13708522222;10240;10228
1578;26603455000;13208522222;13708522222;10240;10228
1579;26603467000;13208522222;13708522222;10240;10228
1580;26603670000;13208522222;13708522222;10240;10228
1581;26603681000;13208522222;13708522222;10240;10228
1582;26603966000;13208522222;13708522222;10240;10228
1583;26603985000;13208533333;13708533333;10240;10228
1584;26604199000;13208844444;13708844444;10240;10228
1585;26604210000;13208844444;13708844444;10240;10228
1586;26604421000;13208844444;13708844444;10240;10228
1587;26604432000;13250188888;13750188888;10240;10228
1588;26604712000;13250188888;13750188888;10240;10228
1589;26604727000;13250188888;13750188888;10240;10228
1591;26604983000;13250188888;13750188888;10240;10228
1592;26605215000;13250188888;13750188888;10240;10228
1593;26605226000;13250188888;13750188888;10240;10228
1594;26605448000;13250211111;13750211111;10240;10228
1595;26605468000;13250522222;13750522222;10240;10228
1596;26605699000;13250522222;13750522222;10240;10228
1597;26605714000;13250522222;13750522222;10240;10228
1598;26606002000;13291844444;13791844444;10240;10228
1599;26606017000;13291844444;13791844444;10240;10228
1600;26606227000;13291844444;13791844444;10240;10228
1601;26606239000;13291844444;13791844444;10240;10228
1602;26606440000;13291844444;13791844444;10240;10228
1603;26606449000;13291844444;13791844444;10240;10228
1604;26606740000;13291844444;13791844444;10240;10228
1605;26606764000;13291877777;13791877777;10240;10228
1606;26606980000;13292211111;13792211111;10240;10228
1607;26606990000;13292211111;13792211111;10240;10228
1608;26607227000;13292211111;13792211111;10240;10228
1609;26607236000;13333522222;13833522222;10240;10228
1610;26607446000;13333522222;13833522222;10240;10228
1611;26607455000;13333522222;13833522222;10240;10228
1612;26607732000;13333522222;13833522222;10240;10228
1613;26607742000;13333522222;13833522222;10240;10228
1614;26607755000;13333522222;13833522222;10240;10228
1615;26607980000;13333522222;13833522222;10240;10228
1616;26607990000;13333533333;13833533333;10240;10228
1617;26608236000;13333833333;13833833333;10240;10228
1618;26608255000;13333833333;13833833333;10240;10228
1619;26835114000;13333833333;13833833333;10240;10228
1620;26835467000;13375188888;13875188888;10240;10228
1621;26835734000;13375188888;13875188888;10240;10228
1622;26836177000;13375188888;13875188888;10240;10228
1623;26837059000;13375188888;13875188888;10240;10228
1624;26837299000;13375188888;13875188888;10240;10228
1625;26837551000;13375188888;13875188888;10240;10228
1626;26837861000;13375188888;13875188888;10240;10228
1627;26837875000;13375200000;13875200000;10240;10228
1628;26838105000;13375500000;13875500000;10240;10228
1629;26838116000;13375500000;13875500000;10240;10228
1630;26838356000;13375500000;13875500000;10240;10228
1631;26838693000;13416844444;13916844444;10240;10228
1632;26838932000;13416844444;13916844444;10240;10228
1633;26838942000;13416844444;13916844444;10240;10228
1634;26840881000;13416844444;13916844444;10240;10228
1635;26841317000;13416844444;13916844444;10240;10228
1636;26841615000;13416844444;13916844444;10240;10228
1637;26841863000;13416844444;13916844444;10240;10228
1638;26841878000;13416877777;13916877777;10240;10228
1639;26842193000;13417200000;13917200000;10240;10228
1640;26842212000;13417200000;13917200000;10240;10228
1641;26842441000;13417200000;13917200000;10240;10228
1642;26842460000;13458522222;13958522222;10240;10228
1643;26842696000;13458522222;13958522222;10240;10228
1644;26842710000;13458522222;13958522222;10240;10228
1645;26842940000;13458522222;13958522222;10240;10228
1646;26842959000;13458522222;13958522222;10240;10228
1647;26843228000;13458522222;13958522222;10240;10228
1648;26843234000;13458522222;13958522222;10240;10228
1649;26843435000;13458533333;13958533333;10240;10228
1650;26843457000;13458877777;13958877777;10240;10228
1651;26843725000;13458877777;13958877777;10240;10228
1652;26844009000;13458877777;13958877777;10240;10228
1653;26844018000;13500155555;14000155555;10240;10228
1654;26844036000;13500155555;14000155555;10240;10228
1655;26844264000;13500155555;14000155555;10240;10228
1656;26844283000;13500155555;14000155555;10240;10228
1657;26844515000;13500155555;14000155555;10240;10228
1658;26844536000;13500155555;14000155555;10240;10228
1659;26844788000;13500155555;14000155555;10240;10228
1660;26844808000;13500177777;14000177777;10240;10228
1661;26845027000;13500488888;14000488888;10240;10228
1662;26845038000;13500488888;14000488888;10240;10228
1663;26845290000;13500488888;14000488888;10240;10228
1664;26845321000;13541855555;14041855555;10240;10228
1665;26845528000;13541855555;14041855555;10240;10228
1666;26845547000;13541855555;14041855555;10240;10228
1667;26845762000;13541855555;14041855555;10240;10228
1668;26846023000;13541855555;14041855555;10240;10228
1669;26846056000;13541855555;14041855555;10240;10228
1670;26846268000;13541855555;14041855555;10240;10228
1671;26846276000;13541877777;14041877777;10240;10228
1672;26846280000;13542200000;14042200000;10240;10228
1673;26846532000;13542200000;14042200000;10240;10228
1674;26846542000;13542200000;14042200000;10240;10228
1675;26846805000;13583522222;14083522222;10240;10228
1676;26846823000;13583522222;14083522222;10240;10228
1677;26847050000;13583522222;14083522222;10240;10228
1678;26847068000;13583522222;14083522222;10240;10228
1679;26847321000;13583522222;14083522222;10240;10228
1680;26847328000;13583522222;14083522222;10240;10228
1681;26847562000;13583522222;14083522222;10240;10228
1682;26847572000;13583533333;14083533333;10240;10228
1683;26847802000;13583844444;14083844444;10240;10228
1684;26847813000;13583844444;14083844444;10240;10228
1685;26848064000;13583844444;14083844444;10240;10228
1686;26848083000;13625177777;14125177777;10240;10228
1687;26848314000;13625177777;14125177777;10240;10228
1688;26848336000;13625177777;14125177777;10240;10228
1689;26848553000;13625177777;14125177777;10240;10228
1690;26848564000;13625177777;14125177777;10240;10228
1691;26848817000;13625177777;14125177777;10240;10228
1692;26848827000;13625177777;14125177777;10240;10228
1693;26849066000;13625200000;14125200000;10240;10228
1694;26849076000;13625488888;14125488888;10240;10228
1695;26849330000;13625488888;14125488888;10240;10228
1696;26849348000;13625488888;14125488888;10240;10228
1697;26849605000;13666844444;14166844444;10240;10228
1698;27076233000;13666844444;14166844444;10240;10228
1699;27076571000;13666844444;14166844444;10240;10228
1700;27076584000;13666844444;14166844444;10240;10228
1701;27076791000;13666844444;14166844444;10240;10228
1702;27078143000;13666844444;14166844444;10240;10228
1703;27078396000;13666844444;14166844444;10240;10228
1704;27078406000;13666866666;14166866666;10240;10228
1705;27078932000;13667211111;14167211111;10240;10228
1706;27078947000;13667211111;14167211111;10240;10228
1707;27079179000;13667211111;14167211111;10240;10228
1708;27079190000;13708511111;14208511111;10240;10228
1709;27079441000;13708511111;14208511111;10240;10228
1710;27079465000;13708511111;14208511111;10240;10228
1711;27080013000;13708511111;14208511111;10240;10228
1712;27080028000;13708511111;14208511111;10240;10228
1713;27081883000;13708511111;14208511111;10240;10228
1714;27082388000;13708511111;14208511111;10240;10228
1715;27082635000;13708522222;14208522222;10240;10228
1716;27082942000;13708844444;14208844444;10240;10228
1717;27082952000;13708844444;14208844444;10240;10228
1718;27083197000;13708844444;14208844444;10240;10228
1719;27083454000;13750188888;14250188888;10240;10228
1720;27083464000;13750188888;14250188888;10240;10228
1721;27083692000;13750188888;14250188888;10240;10228
1722;27083711000;13750188888;14250188888;10240;10228
1723;27083967000;13750188888;14250188888;10240;10228
1724;27083977000;13750188888;14250188888;10240;10228
1725;27084200000;13750188888;14250188888;10240;10228
1726;27084210000;13750211111;14250211111;10240;10228
1727;27084458000;13750500000;14250500000;10240;10228
1728;27084468000;13750500000;14250500000;10240;10228
1729;27084509000;13750500000;14250500000;10240;10228
1730;27084717000;13791855555;14291855555;10240;10228
1731;27085072000;13791855555;14291855555;10240;10228
1732;27085084000;13791855555;14291855555;10240;10228
1733;27085319000;13791855555;14291855555;10240;10228
1734;27085330000;13791855555;14291855555;10240;10228
1735;27085579000;13791855555;14291855555;10240;10228
1736;27085595000;13791855555;14291855555;10240;10228
1737;27085821000;13791877777;14291877777;10240;10228
1738;27085833000;13792211111;14292211111;10240;10228
1739;27086072000;13792211111;14292211111;10240;10228
1740;27086094000;13792211111;14292211111;10240;10228
1741;27086330000;13833522222;14333522222;10240;10228
1742;27086341000;13833522222;14333522222;10240;10228
1743;27086539000;13833522222;14333522222;10240;10228
1744;27086569000;13833522222;14333522222;10240;10228
1745;27086789000;13833522222;14333522222;10240;10228
1746;27086797000;13833522222;14333522222;10240;10228
1747;27087052000;13833522222;14333522222;10240;10228
1748;27087070000;13833533333;14333533333;10240;10228
1749;27087088000;13833855555;14333855555;10240;10228
1750;27087343000;13833855555;14333855555;10240;10228
1751;27087354000;13833855555;14333855555;10240;10228
1752;27087630000;13875188888;14375188888;10240;10228
1753;27087651000;13875188888;14375188888;10240;10228
1754;27087886000;13875188888;14375188888;10240;10228
1755;27088139000;13875188888;14375188888;10240;10228
1756;27088149000;13875188888;14375188888;10240;10228
1757;27088411000;13875188888;14375188888;10240;10228
1758;27088433000;13875188888;14375188888;10240;10228
1759;27088664000;13875200000;14375200000;10240;10228
1760;27088685000;13875511111;14375511111;10240;10228
1761;27088907000;13875511111;14375511111;10240;10228
1762;27088926000;13875511111;14375511111;10240;10228
1763;27089157000;13916855555;14416855555;10240;10228
1764;27089178000;13916855555;14416855555;10240;10228
1765;27089361000;13916855555;14416855555;10240;10228
1766;27089376000;13916855555;14416855555;10240;10228
1767;27089615000;13916855555;14416855555;10240;10228
1768;27089629000;13916855555;14416855555;10240;10228
1769;27089876000;13916855555;14416855555;10240;10228
1770;27089898000;13916877777;14416877777;10240;10228
1771;27089918000;13917188888;14417188888;10240;10228
1772;27090178000;13917188888;14417188888;10240;10228
1774;27090384000;13958522222;14458522222;10240;10228
1775;27090671000;13958522222;14458522222;10240;10228
1776;27090682000;13958522222;14458522222;10240;10228
1777;27317384000;13958522222;14458522222;10240;10228
1779;27317699000;13958522222;14458522222;10240;10228
1780;27317943000;13958522222;14458522222;10240;10228
1781;27317970000;13958533333;14458533333;10240;10228
1782;27319488000;13958822222;14458822222;10240;10228
1783;27319501000;13958822222;14458822222;10240;10228
1784;27320033000;13958822222;14458822222;10240;10228
1785;27320047000;14000188888;14500188888;10240;10228
1786;27320266000;14000188888;14500188888;10240;10228
1787;27320601000;14000188888;14500188888;10240;10228
1788;27320621000;14000188888;14500188888;10240;10228
1789;27320794000;14000188888;14500188888;10240;10228
1790;27321110000;14000188888;14500188888;10240;10228
1791;27321120000;14000188888;14500188888;10240;10228
1792;27322359000;14000200000;14500200000;10240;10228
1793;27323508000;14000511111;14500511111;10240;10228
1794;27323745000;14000511111;14500511111;10240;10228
1795;27324008000;14000511111;14500511111;10240;10228
1796;27324028000;14041855555;14541855555;10240;10228
1797;27324259000;14041855555;14541855555;10240;10228
1798;27324269000;14041855555;14541855555;10240;10228
1799;27324495000;14041855555;14541855555;10240;10228
1800;27324850000;14041855555;14541855555;10240;10228
1801;27324868000;14041855555;14541855555;10240;10228
1802;27325093000;14041855555;14541855555;10240;10228
1803;27325104000;14041877777;14541877777;10240;10228
1804;27325340000;14042211111;14542211111;10240;10228
1805;27325351000;14042211111;14542211111;10240;10228
1806;27325558000;14042211111;14542211111;10240;10228
1807;27325580000;14083511111;14583511111;10240;10228
1808;27325808000;14083511111;14583511111;10240;10228
1809;27325821000;14083511111;14583511111;10240;10228
1810;27326160000;14083511111;14583511111;10240;10228
1811;27326179000;14083511111;14583511111;10240;10228
1812;27326395000;14083511111;14583511111;10240;10228
1813;27326405000;14083511111;14583511111;10240;10228
1814;27326691000;14083522222;14583522222;10240;10228
1815;27326706000;14083855555;14583855555;10240;10228
1816;27326939000;14083855555;14583855555;10240;10228
1817;27327182000;14083855555;14583855555;10240;10228
1818;27327193000;14125177777;14625177777;10240;10228
1819;27327206000;14125177777;14625177777;10240;10228
1820;27327397000;14125177777;14625177777;10240;10228
1821;27327406000;14125177777;14625177777;10240;10228
1822;27327676000;14125177777;14625177777;10240;10228
1823;27327686000;14125177777;14625177777;10240;10228
1824;27327935000;14125177777;14625177777;10240;10228
1825;27327945000;14125188888;14625188888;10240;10228
1826;27328194000;14125488888;14625488888;10240;10228
1827;27328224000;14125488888;14625488888;10240;10228
1828;27328412000;14125488888;14625488888;10240;10228
1829;27328432000;14166844444;14666844444;10240;10228
1830;27328686000;14166844444;14666844444;10240;10228
1831;27328697000;14166844444;14666844444;10240;10228
1832;27328938000;14166844444;14666844444;10240;10228
1833;27328949000;14166844444;14666844444;10240;10228
1834;27328963000;14166844444;14666844444;10240;10228
1835;27329194000;14166844444;14666844444;10240;10228
1836;27329204000;14166855555;14666855555;10240;10228
1837;27329411000;14167211111;14667211111;10240;10228
1838;27329431000;14167211111;14667211111;10240;10228
1839;27329686000;14167211111;14667211111;10240;10228
1840;27329966000;14208522222;14708522222;10240;10228
1841;27329975000;14208522222;14708522222;10240;10228
1842;27330220000;14208522222;14708522222;10240;10228
1843;27330239000;14208522222;14708522222;10240;10228
1844;27330431000;14208522222;14708522222;10240;10228
1845;27330682000;14208522222;14708522222;10240;10228
1846;27330693000;14208522222;14708522222;10240;10228
1847;27330710000;14208533333;14708533333;10240;10228
1848;27330961000;14208800000;14708800000;10240;10228
1849;27330971000;14208800000;14708800000;10240;10228
1850;27331221000;14208800000;14708800000;10240;10228
1851;27331241000;14250188888;14750188888;10240;10228
1852;27331443000;14250188888;14750188888;10240;10228
1853;27331740000;14250188888;14750188888;10240;10228
1854;27331750000;14250188888;14750188888;10240;10228
1855;27558376000;14250188888;14750188888;10240;10228
1858;27558954000;14250200000;14750200000;10240;10228
1859;27559196000;14250500000;14750500000;10240;10228
1860;27560033000;14250500000;14750500000;10240;10228
1861;27560537000;14250500000;14750500000;10240;10228
1862;27560823000;14291855555;14791855555;10240;10228
1863;27561080000;14291855555;14791855555;10240;10228
1864;27561092000;14291855555;14791855555;10240;10228
1865;27561327000;14291855555;14791855555;10240;10228
1866;27561722000;14291855555;14791855555;10240;10228
1867;27561736000;14291855555;14791855555;10240;10228
1868;27561952000;14291855555;14791855555;10240;10228
1869;27561961000;14291877777;14791877777;10240;10228
1870;27562244000;14292188888;14792188888;10240;10228
1871;27563516000;14292188888;14792188888;10240;10228
1872;27563742000;14292188888;14792188888;10240;10228
1873;27564654000;14333522222;14833522222;10240;10228
1874;27564912000;14333522222;14833522222;10240;10228
1875;27564928000;14333522222;14833522222;10240;10228
1876;27565392000;14333522222;14833522222;10240;10228
1877;27565412000;14333522222;14833522222;10240;10228
1878;27565640000;14333522222;14833522222;10240;10228
1879;27565947000;14333522222;14833522222;10240;10228
1880;27565958000;14333533333;14833533333;10240;10228
1881;27566177000;14333811111;14833811111;10240;10228
1882;27566187000;14333811111;14833811111;10240;10228
1883;27566427000;14333811111;14833811111;10240;10228
1884;27566436000;14375188888;14875188888;10240;10228
1885;27566690000;14375188888;14875188888;10240;10228
1886;27566703000;14375188888;14875188888;10240;10228
1887;27566936000;14375188888;14875188888;10240;10228
1888;27566947000;14375188888;14875188888;10240;10228
1889;27567182000;14375188888;14875188888;10240;10228
1890;27567428000;14375188888;14875188888;10240;10228
1891;27567438000;14375200000;14875200000;10240;10228
1892;27567446000;14375466666;14875466666;10240;10228
1893;27567677000;14375466666;14875466666;10240;10228
1894;27567688000;14375466666;14875466666;10240;10228
1895;27567962000;14416855555;14916855555;10240;10228
1896;27567973000;14416855555;14916855555;10240;10228
1897;27568239000;14416855555;14916855555;10240;10228
1898;27568517000;14416855555;14916855555;10240;10228
1899;27568527000;14416855555;14916855555;10240;10228
1900;27568539000;14416855555;14916855555;10240;10228
1901;27568789000;14416855555;14916855555;10240;10228
1902;27568814000;14416877777;14916877777;10240;10228
1903;27569038000;14417188888;14917188888;10240;10228
1904;27569058000;14417188888;14917188888;10240;10228
1905;27569278000;14417188888;14917188888;10240;10228
1906;27569285000;14458522222;14958522222;10240;10228
1907;27569533000;14458522222;14958522222;10240;10228
1908;27569553000;14458522222;14958522222;10240;10228
1909;27569795000;14458522222;14958522222;10240;10228
1910;27569804000;14458522222;14958522222;10240;10228
1911;27569999000;14458522222;14958522222;10240;10228
1912;27570007000;14458522222;14958522222;10240;10228
1913;27570247000;14458544444;14958544444;10240;10228
1914;27570261000;14458833333;14958833333;10240;10228
1915;27570515000;14458833333;14958833333;10240;10228
1916;27570529000;14458833333;14958833333;10240;10228
1917;27570794000;14500188888;15000188888;10240;10228
1918;27570815000;14500188888;15000188888;10240;10228
1919;27571034000;14500188888;15000188888;10240;10228
1920;27571055000;14500188888;15000188888;10240;10228
1921;27571285000;14500188888;15000188888;10240;10228
1922;27571296000;14500188888;15000188888;10240;10228
1923;27571569000;14500188888;15000188888;10240;10228
1924;27571584000;14500200000;15000200000;10240;10228
1925;27571807000;14500500000;15000500000;10240;10228
1926;27572058000;14500500000;15000500000;10240;10228
1927;27572069000;14500500000;15000500000;10240;10228
1928;27572085000;14541855555;15041855555;10240;10228
1929;27572310000;14541855555;15041855555;10240;10228
1930;27572320000;14541855555;15041855555;10240;10228
1931;27572566000;14541855555;15041855555;10240;10228
1932;27572838000;14541855555;15041855555;10240;10228
1933;27572850000;14541855555;15041855555;10240;10228
1934;27798949000;14541855555;15041855555;10240;10228
1935;27799196000;14541877777;15041877777;10240;10228
1936;27800323000;14542177777;15042177777;10240;10228
1937;27800574000;14542177777;15042177777;10240;10228
1938;27801146000;14542177777;15042177777;10240;10228
1939;27801641000;14583522222;15083522222;10240;10228
1940;27801655000;14583522222;15083522222;10240;10228
1941;27801890000;14583522222;15083522222;10240;10228
1942;27802163000;14583522222;15083522222;10240;10228
1943;27802173000;14583522222;15083522222;10240;10228
1944;27802412000;14583522222;15083522222;10240;10228
1945;27802799000;14583522222;15083522222;10240;10228
1946;27802823000;14583533333;15083533333;10240;10228
1947;27803066000;14583811111;15083811111;10240;10228
1948;27803077000;14583811111;15083811111;10240;10228
1949;27803319000;14583811111;15083811111;10240;10228
1950;27804670000;14625200000;15125200000;10240;10228
1951;27804684000;14625200000;15125200000;10240;10228
1952;27805418000;14625200000;15125200000;10240;10228
1953;27805912000;14625200000;15125200000;10240;10228
1954;27805926000;14625200000;15125200000;10240;10228
1955;27806157000;14625200000;15125200000;10240;10228
1956;27806455000;14625200000;15125200000;10240;10228
1957;27806753000;14625233333;15125233333;10240;10228
1958;27807022000;14625477777;15125477777;10240;10228
1959;27807035000;14625477777;15125477777;10240;10228
1960;27807264000;14625477777;15125477777;10240;10228
1961;27807275000;14666855555;15166855555;10240;10228
1962;27807512000;14666855555;15166855555;10240;10228
1963;27807790000;14666855555;15166855555;10240;10228
1964;27807801000;14666855555;15166855555;10240;10228
1965;27808029000;14666855555;15166855555;10240;10228
1966;27808046000;14666855555;15166855555;10240;10228
1967;27808069000;14666855555;15166855555;10240;10228
1968;27808265000;14666877777;15166877777;10240;10228
1969;27808579000;14667177777;15167177777;10240;10228
1970;27808591000;14667177777;15167177777;10240;10228
1971;27808789000;14667177777;15167177777;10240;10228
1972;27808805000;14708522222;15208522222;10240;10228
1973;27808996000;14708522222;15208522222;10240;10228
1974;27809011000;14708522222;15208522222;10240;10228
1975;27809273000;14708522222;15208522222;10240;10228
1976;27809285000;14708522222;15208522222;10240;10228
1977;27809600000;14708522222;15208522222;10240;10228
1978;27809614000;14708522222;15208522222;10240;10228
1979;27809801000;14708533333;15208533333;10240;10228
1980;27809812000;14708811111;15208811111;10240;10228
1983;27810067000;14750200000;15250200000;10240;10228
1984;27810090000;14750200000;15250200000;10240;10228
1985;27810370000;14750200000;15250200000;10240;10228
1986;27810380000;14750200000;15250200000;10240;10228
1987;27810618000;14750200000;15250200000;10240;10228
1988;27810629000;14750200000;15250200000;10240;10228
1989;27810867000;14750200000;15250200000;10240;10228
1990;27810876000;14750222222;15250222222;10240;10228
1991;27811118000;14750511111;15250511111;10240;10228
1992;27811128000;14750511111;15250511111;10240;10228
1993;27811378000;14750511111;15250511111;10240;10228
1994;27811398000;14791866666;15291866666;10240;10228
1995;27811641000;14791866666;15291866666;10240;10228
1996;27811893000;14791866666;15291866666;10240;10228
1997;27811902000;14791866666;15291866666;10240;10228
1998;27812110000;14791866666;15291866666;10240;10228
1999;27812119000;14791866666;15291866666;10240;10228
2000;27812358000;14791866666;15291866666;10240;10228
2001;27812376000;14791888888;15291888888;10240;10228
2002;27812694000;14792211111;15292211111;10240;10228
2003;27812704000;14792211111;15292211111;10240;10228
2004;27812976000;14792211111;15292211111;10240;10228
2005;27813222000;14833522222;15333522222;10240;10228
2006;27813232000;14833522222;15333522222;10240;10228
2007;27813457000;14833522222;15333522222;10240;10228
2008;27813466000;14833522222;15333522222;10240;10228
2009;27813732000;14833522222;15333522222;10240;10228
2010;27813741000;14833522222;15333522222;10240;10228
2011;27813992000;14833522222;15333522222;10240;10228
2012;27814011000;14833544444;15333544444;10240;10228
2013;28039930000;14833844444;15333844444;10240;10228
2014;28040235000;14833844444;15333844444;10240;10228
2015;28041429000;14833844444;15333844444;10240;10228
2016;28041677000;14875188888;15375188888;10240;10228
2017;28041691000;14875188888;15375188888;10240;10228
2018;28042104000;14875188888;15375188888;10240;10228
2019;28042739000;14875188888;15375188888;10240;10228
2020;28043001000;14875188888;15375188888;10240;10228
2021;28043243000;14875188888;15375188888;10240;10228
2022;28043255000;14875188888;15375188888;10240;10228
2023;28043513000;14875200000;15375200000;10240;10228
2026;28044148000;14875500000;15375500000;10240;10228
2027;28044171000;14916855555;15416855555;10240;10228
2028;28044399000;14916855555;15416855555;10240;10228
2029;28045759000;14916855555;15416855555;10240;10228
2030;28045776000;14916855555;15416855555;10240;10228
2031;28046495000;14916855555;15416855555;10240;10228
2032;28046517000;14916855555;15416855555;10240;10228
2033;28046995000;14916855555;15416855555;10240;10228
2034;28047010000;14916900000;15416900000;10240;10228
2035;28047317000;14917211111;15417211111;10240;10228
2036;28047824000;14917211111;15417211111;10240;10228
2037;28048076000;14917211111;15417211111;10240;10228
2038;28048086000;14958522222;15458522222;10240;10228
2039;28048326000;14958522222;15458522222;10240;10228
2040;28048337000;14958522222;15458522222;10240;10228
2041;28048585000;14958522222;15458522222;10240;10228
2042;28048599000;14958522222;15458522222;10240;10228
2043;28049121000;14958522222;15458522222;10240;10228
2044;28049140000;14958522222;15458522222;10240;10228
2045;28049370000;14958533333;15458533333;10240;10228
2046;28049390000;14958800000;15458800000;10240;10228
2047;28049623000;14958800000;15458800000;10240;10228
2048;28049639000;14958800000;15458800000;10240;10228
2049;28049871000;15000188888;15500188888;10240;10228
2050;28049893000;15000188888;15500188888;10240;10228
2051;28050093000;15000188888;15500188888;10240;10228
2052;28050108000;15000188888;15500188888;10240;10228
2053;28050325000;15000188888;15500188888;10240;10228
2054;28050336000;15000188888;15500188888;10240;10228
2055;28050616000;15000188888;15500188888;10240;10228
2056;28050627000;15000200000;15500200000;10240;10228
2057;28050635000;15000477777;15500477777;10240;10228
2058;28050858000;15000477777;15500477777;10240;10228
2059;28050868000;15000477777;15500477777;10240;10228
2060;28051151000;15041844444;15541844444;10240;10228
2061;28051159000;15041844444;15541844444;10240;10228
2062;28051364000;15041844444;15541844444;10240;10228
2063;28051380000;15041844444;15541844444;10240;10228
2064;28051617000;15041844444;15541844444;10240;10228
2065;28051629000;15041844444;15541844444;10240;10228
2066;28051868000;15041844444;15541844444;10240;10228
2067;28051888000;15041855555;15541855555;10240;10228
2068;28052111000;15042188888;15542188888;10240;10228
2069;28052132000;15042188888;15542188888;10240;10228
2070;28052334000;15042188888;15542188888;10240;10228
2071;28052341000;15083511111;15583511111;10240;10228
2072;28052625000;15083511111;15583511111;10240;10228
2073;28052641000;15083511111;15583511111;10240;10228
2074;28052868000;15083511111;15583511111;10240;10228
2075;28052878000;15083511111;15583511111;10240;10228
2076;28053118000;15083511111;15583511111;10240;10228
2077;28053127000;15083511111;15583511111;10240;10228
2078;28053141000;15083522222;15583522222;10240;10228
2079;28053369000;15083822222;15583822222;10240;10228
2080;28053381000;15083822222;15583822222;10240;10228
2081;28053631000;15083822222;15583822222;10240;10228
2082;28053868000;15125177777;15625177777;10240;10228
2083;28054120000;15125177777;15625177777;10240;10228
2084;28054373000;15125177777;15625177777;10240;10228
2085;28054399000;15125177777;15625177777;10240;10228
2086;28054645000;15125177777;15625177777;10240;10228
2087;28054866000;15125177777;15625177777;10240;10228
2088;28054875000;15125177777;15625177777;10240;10228
2089;28054891000;15125188888;15625188888;10240;10228
2090;28055166000;15125466666;15625466666;10240;10228
2091;28281145000;15125466666;15625466666;10240;10228
2092;28281381000;15125466666;15625466666;10240;10228
2093;28282573000;15166855555;15666855555;10240;10228
2094;28282840000;15166855555;15666855555;10240;10228
2095;28282864000;15166855555;15666855555;10240;10228
2096;28283193000;15166855555;15666855555;10240;10228
2097;28283839000;15166855555;15666855555;10240;10228
2098;28284103000;15166855555;15666855555;10240;10228
2099;28284361000;15166855555;15666855555;10240;10228
2100;28284371000;15166877777;15666877777;10240;10228
2101;28284611000;15167188888;15667188888;10240;10228
2102;28285274000;15167188888;15667188888;10240;10228
2103;28285284000;15167188888;15667188888;10240;10228
2104;28285511000;15208522222;15708522222;10240;10228
2105;28285787000;15208522222;15708522222;10240;10228
2106;28286921000;15208522222;15708522222;10240;10228
2107;28286934000;15208522222;15708522222;10240;10228
2108;28287163000;15208522222;15708522222;10240;10228
2109;28287173000;15208522222;15708522222;10240;10228
2110;28287550000;15208522222;15708522222;10240;10228
2111;28287560000;15208533333;15708533333;10240;10228
2112;28288117000;15208844444;15708844444;10240;10228
2113;28288133000;15208844444;15708844444;10240;10228
2114;28288373000;15208844444;15708844444;10240;10228
2115;28288393000;15250188888;15750188888;10240;10228
2116;28289175000;15250188888;15750188888;10240;10228
2117;28289191000;15250188888;15750188888;10240;10228
2118;28289417000;15250188888;15750188888;10240;10228
2119;28289428000;15250188888;15750188888;10240;10228
2120;28289693000;15250188888;15750188888;10240;10228
2121;28289709000;15250188888;15750188888;10240;10228
2122;28289944000;15250200000;15750200000;10240;10228
2123;28290185000;15250511111;15750511111;10240;10228
2124;28290447000;15250511111;15750511111;10240;10228
2125;28290456000;15250511111;15750511111;10240;10228
2126;28290662000;15291844444;15791844444;10240;10228
2127;28290923000;15291844444;15791844444;10240;10228
2128;28290947000;15291844444;15791844444;10240;10228
2129;28291223000;15291844444;15791844444;10240;10228
2130;28291256000;15291844444;15791844444;10240;10228
2131;28291265000;15291844444;15791844444;10240;10228
2132;28291426000;15291844444;15791844444;10240;10228
2133;28291445000;15291855555;15791855555;10240;10228
2134;28291700000;15292211111;15792211111;10240;10228
2135;28291710000;15292211111;15792211111;10240;10228
2136;28291952000;15292211111;15792211111;10240;10228
2137;28291971000;15333511111;15833511111;10240;10228
2138;28292216000;15333511111;15833511111;10240;10228
2139;28292236000;15333511111;15833511111;10240;10228
2140;28292426000;15333511111;15833511111;10240;10228
2141;28292442000;15333511111;15833511111;10240;10228
2142;28292728000;15333511111;15833511111;10240;10228
2143;28292736000;15333511111;15833511111;10240;10228
2144;28292740000;15333522222;15833522222;10240;10228
2145;28292955000;15333833333;15833833333;10240;10228
2146;28292964000;15333833333;15833833333;10240;10228
2147;28293198000;15333833333;15833833333;10240;10228
2148;28293207000;15375177777;15875177777;10240;10228
2149;28293419000;15375177777;15875177777;10240;10228
2150;28293441000;15375177777;15875177777;10240;10228
2151;28293669000;15375177777;15875177777;10240;10228
2152;28293681000;15375177777;15875177777;10240;10228
2153;28293997000;15375177777;15875177777;10240;10228
2154;28294008000;15375177777;15875177777;10240;10228
2155;28294245000;15375188888;15875188888;10240;10228
2156;28294256000;15375500000;15875500000;10240;10228
2157;28294489000;15375500000;15875500000;10240;10228
2158;28294528000;15375500000;15875500000;10240;10228
2159;28294763000;15416855555;15916855555;10240;10228
2160;28294769000;15416855555;15916855555;10240;10228
2161;28295003000;15416855555;15916855555;10240;10228
2162;28295025000;15416855555;15916855555;10240;10228
2163;28295262000;15416855555;15916855555;10240;10228
2164;28295469000;15416855555;15916855555;10240;10228
2165;28295486000;15416855555;15916855555;10240;10228
2166;28295756000;15416877777;15916877777;10240;10228
2167;28295780000;15417211111;15917211111;10240;10228
2168;28296006000;15417211111;15917211111;10240;10228
2169;28296251000;15417211111;15917211111;10240;10228
2170;28521676000;15458522222;15958522222;10240;10228
2171;28522543000;15458522222;15958522222;10240;10228
2172;28523119000;15458522222;15958522222;10240;10228
2173;28523485000;15458522222;15958522222;10240;10228
2174;28523758000;15458522222;15958522222;10240;10228
2175;28524261000;15458522222;15958522222;10240;10228
2176;28524276000;15458522222;15958522222;10240;10228
2177;28524771000;15458533333;15958533333;10240;10228
2178;28525034000;15458855555;15958855555;10240;10228
2179;28525268000;15458855555;15958855555;10240;10228
2180;28525722000;15458855555;15958855555;10240;10228
2181;28525744000;15500188888;16000188888;10240;10228
2182;28526205000;15500188888;16000188888;10240;10228
2183;28526646000;15500188888;16000188888;10240;10228
2184;28526908000;15500188888;16000188888;10240;10228
2185;28527431000;15500188888;16000188888;10240;10228
2186;28528010000;15500188888;16000188888;10240;10228
2188;28528247000;15500200000;16000200000;10240;10228
2189;28528722000;15500533333;16000533333;10240;10228
2190;28528739000;15500533333;16000533333;10240;10228
2191;28529199000;15500533333;16000533333;10240;10228
2192;28529458000;15541855555;16041855555;10240;10228
2193;28529468000;15541855555;16041855555;10240;10228
2194;28529499000;15541855555;16041855555;10240;10228
2195;28529715000;15541855555;16041855555;10240;10228
2196;28530266000;15541855555;16041855555;10240;10228
2197;28530484000;15541855555;16041855555;10240;10228
2198;28530769000;15541855555;16041855555;10240;10228
2199;28530784000;15541877777;16041877777;10240;10228
2200;28530793000;15542211111;16042211111;10240;10228
2201;28531021000;15542211111;16042211111;10240;10228
2202;28531263000;15542211111;16042211111;10240;10228
2203;28531583000;15583522222;16083522222;10240;10228
2204;28531597000;15583522222;16083522222;10240;10228
2205;28531797000;15583522222;16083522222;10240;10228
2206;28531806000;15583522222;16083522222;10240;10228
2207;28532048000;15583522222;16083522222;10240;10228
2208;28532058000;15583522222;16083522222;10240;10228
2209;28532330000;15583522222;16083522222;10240;10228
2210;28532341000;15583533333;16083533333;10240;10228
2211;28532606000;15583844444;16083844444;10240;10228
2212;28532627000;15583844444;16083844444;10240;10228
2213;28532824000;15583844444;16083844444;10240;10228
2214;28532844000;15625188888;16125188888;10240;10228
2215;28533072000;15625188888;16125188888;10240;10228
2216;28533083000;15625188888;16125188888;10240;10228
2217;28533331000;15625188888;16125188888;10240;10228
2218;28533350000;15625188888;16125188888;10240;10228
2219;28533599000;15625188888;16125188888;10240;10228
2220;28533615000;15625188888;16125188888;10240;10228
2221;28533623000;15625200000;16125200000;10240;10228
2222;28533859000;15625488888;16125488888;10240;10228
2223;28533869000;15625488888;16125488888;10240;10228
2224;28534127000;15625488888;16125488888;10240;10228
2225;28534146000;15666855555;16166855555;10240;10228
2226;28534370000;15666855555;16166855555;10240;10228
2227;28534388000;15666855555;16166855555;10240;10228
2228;28534592000;15666855555;16166855555;10240;10228
2229;28534618000;15666855555;16166855555;10240;10228
2230;28534843000;15666855555;16166855555;10240;10228
2231;28534867000;15666855555;16166855555;10240;10228
2232;28535117000;15666888888;16166888888;10240;10228
2233;28535131000;15667211111;16167211111;10240;10228
2234;28535373000;15667211111;16167211111;10240;10228
2235;28535406000;15667211111;16167211111;10240;10228
2236;28535624000;15708544444;16208544444;10240;10228
2237;28535645000;15708544444;16208544444;10240;10228
2238;28535870000;15708544444;16208544444;10240;10228
2239;28535879000;15708544444;16208544444;10240;10228
2240;28536130000;15708544444;16208544444;10240;10228
2241;28536149000;15708544444;16208544444;10240;10228
2242;28536337000;15708544444;16208544444;10240;10228
2243;28536347000;15708566666;16208566666;10240;10228
2244;28536692000;15708888888;16208888888;10240;10228
2245;28536943000;15708888888;16208888888;10240;10228
2246;28536954000;15708888888;16208888888;10240;10228
2247;28537202000;15750188888;16250188888;10240;10228
2248;28537408000;15750188888;16250188888;10240;10228
2249;28762759000;15750188888;16250188888;10240;10228
2250;28762776000;15750188888;16250188888;10240;10228
2251;28764211000;15750188888;16250188888;10240;10228
2252;28764238000;15750188888;16250188888;10240;10228
2253;28764830000;15750188888;16250188888;10240;10228
2254;28765248000;15750200000;16250200000;10240;10228
2255;28765483000;15750511111;16250511111;10240;10228
2256;28765755000;15750511111;16250511111;10240;10228
2257;28766158000;15750511111;16250511111;10240;10228
2258;28766408000;15791844444;16291844444;10240;10228
2259;28766747000;15791844444;16291844444;10240;10228
2260;28766768000;15791844444;16291844444;10240;10228
2261;28767315000;15791844444;16291844444;10240;10228
2262;28767753000;15791844444;16291844444;10240;10228
2263;28767996000;15791844444;16291844444;10240;10228
2264;28768545000;15791844444;16291844444;10240;10228
2265;28768555000;15791855555;16291855555;10240;10228
2266;28769338000;15792211111;16292211111;10240;10228
2267;28769830000;15792211111;16292211111;10240;10228
2268;28769844000;15792211111;16292211111;10240;10228
2269;28770334000;15833511111;16333511111;10240;10228
2270;28770596000;15833511111;16333511111;10240;10228
2271;28770609000;15833511111;16333511111;10240;10228
2272;28770861000;15833511111;16333511111;10240;10228
2273;28770874000;15833511111;16333511111;10240;10228
2274;28771095000;15833511111;16333511111;10240;10228
2275;28771113000;15833511111;16333511111;10240;10228
2276;28771550000;15833533333;16333533333;10240;10228
2277;28771874000;15833855555;16333855555;10240;10228
2278;28771889000;15833855555;16333855555;10240;10228
2279;28772112000;15833855555;16333855555;10240;10228
2280;28772121000;15875188888;16375188888;10240;10228
2281;28772356000;15875188888;16375188888;10240;10228
2282;28772644000;15875188888;16375188888;10240;10228
2283;28772661000;15875188888;16375188888;10240;10228
2284;28772902000;15875188888;16375188888;10240;10228
2285;28772922000;15875188888;16375188888;10240;10228
2286;28773143000;15875188888;16375188888;10240;10228
2287;28773174000;15875200000;16375200000;10240;10228
2288;28773394000;15875522222;16375522222;10240;10228
2289;28773413000;15875522222;16375522222;10240;10228
2290;28773599000;15875522222;16375522222;10240;10228
2291;28773613000;15916855555;16416855555;10240;10228
2292;28773851000;15916855555;16416855555;10240;10228
2293;28773861000;15916855555;16416855555;10240;10228
2294;28774184000;15916855555;16416855555;10240;10228
2295;28774193000;15916855555;16416855555;10240;10228
2296;28774397000;15916855555;16416855555;10240;10228
2297;28774682000;15916855555;16416855555;10240;10228
2298;28774693000;15916877777;16416877777;10240;10228
2299;28774702000;15917188888;16417188888;10240;10228
2300;28774932000;15917188888;16417188888;10240;10228
2301;28774941000;15917188888;16417188888;10240;10228
2302;28775192000;15958511111;16458511111;10240;10228
2303;28775212000;15958511111;16458511111;10240;10228
2304;28775408000;15958511111;16458511111;10240;10228
2305;28775427000;15958511111;16458511111;10240;10228
2306;28775684000;15958511111;16458511111;10240;10228
2307;28775695000;15958511111;16458511111;10240;10228
2308;28775945000;15958511111;16458511111;10240;10228
2309;28775965000;15958533333;16458533333;10240;10228
2310;28775978000;15958833333;16458833333;10240;10228
2311;28776204000;15958833333;16458833333;10240;10228
2312;28776211000;15958833333;16458833333;10240;10228
2313;28776401000;16000177777;16500177777;10240;10228
2314;28776411000;16000177777;16500177777;10240;10228
2315;28776687000;16000177777;16500177777;10240;10228
2316;28776697000;16000177777;16500177777;10240;10228
2317;28776946000;16000177777;16500177777;10240;10228
2318;28776966000;16000177777;16500177777;10240;10228
2319;28777201000;16000177777;16500177777;10240;10228
2320;28777221000;16000200000;16500200000;10240;10228
2321;28777415000;16000511111;16500511111;10240;10228
2322;28777427000;16000511111;16500511111;10240;10228
2323;28777800000;16000511111;16500511111;10240;10228
2324;28778046000;16041855555;16541855555;10240;10228
2325;28778056000;16041855555;16541855555;10240;10228
2326;28778313000;16041855555;16541855555;10240;10228
2327;28778343000;16041855555;16541855555;10240;10228
2328;29003914000;16041855555;16541855555;10240;10228
2329;29003929000;16041855555;16541855555;10240;10228
2330;29004372000;16041855555;16541855555;10240;10228
2331;29005215000;16041877777;16541877777;10240;10228
2332;29005479000;16042233333;16542233333;10240;10228
2333;29006238000;16042233333;16542233333;10240;10228
2334;29006581000;16042233333;16542233333;10240;10228
2335;29006851000;16083522222;16583522222;10240;10228
2336;29007222000;16083522222;16583522222;10240;10228
2337;29007245000;16083522222;16583522222;10240;10228
2338;29007825000;16083522222;16583522222;10240;10228
2339;29007841000;16083522222;16583522222;10240;10228
2340;29008346000;16083522222;16583522222;10240;10228
2341;29008858000;16083522222;16583522222;10240;10228
2342;29008873000;16083533333;16583533333;10240;10228
2343;29009630000;16083855555;16583855555;10240;10228
2344;29009647000;16083855555;16583855555;10240;10228
2345;29009878000;16083855555;16583855555;10240;10228
2346;29010419000;16125200000;16625200000;10240;10228
2347;29010830000;16125200000;16625200000;10240;10228
2348;29011077000;16125200000;16625200000;10240;10228
2349;29011325000;16125200000;16625200000;10240;10228
2350;29011587000;16125200000;16625200000;10240;10228
2351;29011600000;16125200000;16625200000;10240;10228
2352;29011830000;16125200000;16625200000;10240;10228
2353;29012086000;16125222222;16625222222;10240;10228
2354;29012292000;16125511111;16625511111;10240;10228
2355;29012670000;16125511111;16625511111;10240;10228
2356;29012938000;16125511111;16625511111;10240;10228
2357;29012950000;16166855555;16666855555;10240;10228
2358;29013159000;16166855555;16666855555;10240;10228
2359;29013445000;16166855555;16666855555;10240;10228
2360;29013457000;16166855555;16666855555;10240;10228
2361;29013782000;16166855555;16666855555;10240;10228
2362;29013796000;16166855555;16666855555;10240;10228
2363;29014030000;16166855555;16666855555;10240;10228
2364;29014036000;16166877777;16666877777;10240;10228
2365;29014244000;16167222222;16667222222;10240;10228
2366;29014255000;16167222222;16667222222;10240;10228
2367;29014465000;16167222222;16667222222;10240;10228
2368;29014492000;16208522222;16708522222;10240;10228
2369;29014743000;16208522222;16708522222;10240;10228
2370;29014753000;16208522222;16708522222;10240;10228
2371;29015012000;16208522222;16708522222;10240;10228
2372;29015031000;16208522222;16708522222;10240;10228
2373;29015257000;16208522222;16708522222;10240;10228
2374;29015277000;16208522222;16708522222;10240;10228
2375;29015284000;16208533333;16708533333;10240;10228
2377;29015793000;16208844444;16708844444;10240;10228
2378;29015816000;16208844444;16708844444;10240;10228
2379;29016032000;16250177777;16750177777;10240;10228
2380;29016042000;16250177777;16750177777;10240;10228
2381;29016291000;16250177777;16750177777;10240;10228
2382;29016302000;16250177777;16750177777;10240;10228
2383;29016570000;16250177777;16750177777;10240;10228
2384;29016592000;16250177777;16750177777;10240;10228
2385;29016786000;16250177777;16750177777;10240;10228
2386;29016806000;16250188888;16750188888;10240;10228
2387;29017048000;16250500000;16750500000;10240;10228
2388;29017060000;16250500000;16750500000;10240;10228
2389;29017304000;16250500000;16750500000;10240;10228
2390;29017323000;16291844444;16791844444;10240;10228
2391;29017562000;16291844444;16791844444;10240;10228
2392;29017572000;16291844444;16791844444;10240;10228
2393;29017583000;16291844444;16791844444;10240;10228
2394;29017805000;16291844444;16791844444;10240;10228
2395;29017826000;16291844444;16791844444;10240;10228
2396;29018047000;16291844444;16791844444;10240;10228
2397;29018057000;16291855555;16791855555;10240;10228
2398;29018307000;16292211111;16792211111;10240;10228
2399;29018327000;16292211111;16792211111;10240;10228
2401;29018574000;16333500000;16833500000;10240;10228
2402;29018868000;16333500000;16833500000;10240;10228
2403;29019116000;16333500000;16833500000;10240;10228
2404;29019126000;16333500000;16833500000;10240;10228
2405;29019382000;16333500000;16833500000;10240;10228
2406;29019391000;16333500000;16833500000;10240;10228
2407;29245080000;16333500000;16833500000;10240;10228
2408;29245105000;16333522222;16833522222;10240;10228
2409;29245445000;16333822222;16833822222;10240;10228
2410;29246040000;16333822222;16833822222;10240;10228
2411;29246559000;16333822222;16833822222;10240;10228
2412;29246811000;16375188888;16875188888;10240;10228
2413;29247831000;16375188888;16875188888;10240;10228
2414;29247843000;16375188888;16875188888;10240;10228
2415;29248333000;16375188888;16875188888;10240;10228
2416;29248352000;16375188888;16875188888;10240;10228
2417;29248953000;16375188888;16875188888;10240;10228
2418;29248966000;16375188888;16875188888;10240;10228
2419;29249329000;16375200000;16875200000;10240;10228
2420;29249981000;16375488888;16875488888;10240;10228
2421;29249996000;16375488888;16875488888;10240;10228
2422;29250737000;16375488888;16875488888;10240;10228
2423;29250750000;16416855555;16916855555;10240;10228
2424;29250977000;16416855555;16916855555;10240;10228
2425;29251396000;16416855555;16916855555;10240;10228
2426;29251938000;16416855555;16916855555;10240;10228
2427;29252178000;16416855555;16916855555;10240;10228
2428;29252189000;16416855555;16916855555;10240;10228
2429;29252703000;16416855555;16916855555;10240;10228
2430;29252717000;16416877777;16916877777;10240;10228
2431;29252950000;16417200000;16917200000;10240;10228
2432;29253203000;16417200000;16917200000;10240;10228
2433;29253222000;16417200000;16917200000;10240;10228
2434;29253714000;16458522222;16958522222;10240;10228
2435;29253960000;16458522222;16958522222;10240;10228
2436;29253981000;16458522222;16958522222;10240;10228
2437;29254247000;16458522222;16958522222;10240;10228
2438;29254253000;16458522222;16958522222;10240;10228
2439;29254469000;16458522222;16958522222;10240;10228
2440;29254723000;16458522222;16958522222;10240;10228
2441;29254733000;16458533333;16958533333;10240;10228
2442;29254747000;16458844444;16958844444;10240;10228
2443;29255327000;16458844444;16958844444;10240;10228
2444;29255337000;16458844444;16958844444;10240;10228
2445;29255590000;16500188888;17000188888;10240;10228
2446;29255605000;16500188888;17000188888;10240;10228
2447;29255824000;16500188888;17000188888;10240;10228
2448;29255835000;16500188888;17000188888;10240;10228
2449;29256084000;16500188888;17000188888;10240;10228
2450;29256104000;16500188888;17000188888;10240;10228
2451;29256307000;16500188888;17000188888;10240;10228
2452;29256328000;16500200000;17000200000;10240;10228
2453;29256600000;16500511111;17000511111;10240;10228
2454;29256621000;16500511111;17000511111;10240;10228
2455;29256837000;16500511111;17000511111;10240;10228
2456;29256855000;16541855555;17041855555;10240;10228
2457;29257083000;16541855555;17041855555;10240;10228
2458;29257093000;16541855555;17041855555;10240;10228
2459;29257321000;16541855555;17041855555;10240;10228
2460;29257340000;16541855555;17041855555;10240;10228
2461;29257561000;16541855555;17041855555;10240;10228
2462;29257567000;16541855555;17041855555;10240;10228
2463;29257831000;16541877777;17041877777;10240;10228
2464;29257841000;16542200000;17042200000;10240;10228
2465;29257859000;16542200000;17042200000;10240;10228
2466;29258088000;16542200000;17042200000;10240;10228
2467;29258109000;16583522222;17083522222;10240;10228
2468;29258413000;16583522222;17083522222;10240;10228
2469;29258432000;16583522222;17083522222;10240;10228
2470;29258620000;16583522222;17083522222;10240;10228
2471;29258908000;16583522222;17083522222;10240;10228
2472;29258918000;16583522222;17083522222;10240;10228
2473;29258935000;16583522222;17083522222;10240;10228
2474;29259166000;16583533333;17083533333;10240;10228
2475;29259187000;16583833333;17083833333;10240;10228
2476;29259420000;16583833333;17083833333;10240;10228
2477;29259438000;16583833333;17083833333;10240;10228
2478;29259660000;16625188888;17125188888;10240;10228
2479;29259670000;16625188888;17125188888;10240;10228
2480;29259931000;16625188888;17125188888;10240;10228
2481;29260193000;16625188888;17125188888;10240;10228
2482;29260204000;16625188888;17125188888;10240;10228
2483;29260407000;16625188888;17125188888;10240;10228
2484;29260693000;16625188888;17125188888;10240;10228
2485;29260704000;16625200000;17125200000;10240;10228
2486;29486144000;16625466666;17125466666;10240;10228
2487;29486158000;16625466666;17125466666;10240;10228
2488;29486517000;16625466666;17125466666;10240;10228
2489;29487161000;16666855555;17166855555;10240;10228
2490;29487175000;16666855555;17166855555;10240;10228
2491;29487906000;16666855555;17166855555;10240;10228
2492;29487919000;16666855555;17166855555;10240;10228
2493;29488928000;16666855555;17166855555;10240;10228
2494;29489424000;16666855555;17166855555;10240;10228
2495;29489436000;16666855555;17166855555;10240;10228
2496;29489959000;16666877777;17166877777;10240;10228
2497;29490202000;16667200000;17167200000;10240;10228
2498;29490451000;16667200000;17167200000;10240;10228
2499;29491093000;16667200000;17167200000;10240;10228
2500;29491108000;16708522222;17208522222;10240;10228
2501;29491840000;16708522222;17208522222;10240;10228
2502;29491855000;16708522222;17208522222;10240;10228
2503;29492094000;16708522222;17208522222;10240;10228
2504;29492493000;16708522222;17208522222;10240;10228
2505;29492831000;16708522222;17208522222;10240;10228
2506;29493297000;16708522222;17208522222;10240;10228
2507;29493742000;16708533333;17208533333;10240;10228
2508;29493978000;16708844444;17208844444;10240;10228
2509;29493995000;16708844444;17208844444;10240;10228
2510;29494289000;16708844444;17208844444;10240;10228
2511;29494309000;16750177777;17250177777;10240;10228
2512;29494548000;16750177777;17250177777;10240;10228
2513;29494559000;16750177777;17250177777;10240;10228
2514;29494794000;16750177777;17250177777;10240;10228
2515;29495039000;16750177777;17250177777;10240;10228
2516;29495049000;16750177777;17250177777;10240;10228
2517;29495315000;16750177777;17250177777;10240;10228
2518;29495325000;16750188888;17250188888;10240;10228
2519;29495868000;16750500000;17250500000;10240;10228
2520;29495882000;16750500000;17250500000;10240;10228
2521;29496106000;16750500000;17250500000;10240;10228
2522;29496116000;16791844444;17291844444;10240;10228
2523;29496332000;16791844444;17291844444;10240;10228
2524;29496356000;16791844444;17291844444;10240;10228
2525;29496714000;16791844444;17291844444;10240;10228
2526;29496953000;16791844444;17291844444;10240;10228
2527;29496963000;16791844444;17291844444;10240;10228
2528;29497216000;16791844444;17291844444;10240;10228
2529;29497234000;16791855555;17291855555;10240;10228
2530;29497434000;16792211111;17292211111;10240;10228
2531;29497453000;16792211111;17292211111;10240;10228
2532;29497747000;16792211111;17292211111;10240;10228
2533;29497761000;16833522222;17333522222;10240;10228
2534;29497770000;16833522222;17333522222;10240;10228
2535;29498003000;16833522222;17333522222;10240;10228
2536;29498207000;16833522222;17333522222;10240;10228
2537;29498218000;16833522222;17333522222;10240;10228
2539;29498252000;16833522222;17333522222;10240;10228
2540;29498421000;16833533333;17333533333;10240;10228
2541;29498674000;16833866666;17333866666;10240;10228
2542;29498955000;16833866666;17333866666;10240;10228
2543;29498965000;16833866666;17333866666;10240;10228
2544;29499205000;16875188888;17375188888;10240;10228
2545;29499214000;16875188888;17375188888;10240;10228
2546;29499438000;16875188888;17375188888;10240;10228
2547;29499456000;16875188888;17375188888;10240;10228
2548;29499713000;16875188888;17375188888;10240;10228
2549;29499723000;16875188888;17375188888;10240;10228
2550;29499997000;16875188888;17375188888;10240;10228
2551;29500016000;16875200000;17375200000;10240;10228
2552;29500250000;16875511111;17375511111;10240;10228
2553;29500270000;16875511111;17375511111;10240;10228
2554;29500461000;16875511111;17375511111;10240;10228
2555;29500477000;16916855555;17416855555;10240;10228
2556;29500711000;16916855555;17416855555;10240;10228
2557;29500725000;16916855555;17416855555;10240;10228
2558;29500972000;16916855555;17416855555;10240;10228
2559;29500999000;16916855555;17416855555;10240;10228
2560;29501240000;16916855555;17416855555;10240;10228
2561;29501250000;16916855555;17416855555;10240;10228
2562;29501266000;16916877777;17416877777;10240;10228
2563;29501462000;16917200000;17417200000;10240;10228
2564;29501818000;16917200000;17417200000;10240;10228
2565;29727289000;16917200000;17417200000;10240;10228
2566;29727308000;16958511111;17458511111;10240;10228
2567;29727607000;16958511111;17458511111;10240;10228
2568;29728270000;16958511111;17458511111;10240;10228
2569;29728282000;16958511111;17458511111;10240;10228
2570;29728519000;16958511111;17458511111;10240;10228
2571;29728990000;16958511111;17458511111;10240;10228
2572;29729643000;16958511111;17458511111;10240;10228
2573;29730421000;16958533333;17458533333;10240;10228
2574;29730674000;16958822222;17458822222;10240;10228
2575;29731068000;16958822222;17458822222;10240;10228
2576;29731310000;16958822222;17458822222;10240;10228
2577;29731577000;17000188888;17500188888;10240;10228
2578;29732205000;17000188888;17500188888;10240;10228
2579;29732220000;17000188888;17500188888;10240;10228
2580;29732445000;17000188888;17500188888;10240;10228
2581;29732971000;17000188888;17500188888;10240;10228
2582;29733186000;17000188888;17500188888;10240;10228
2583;29733442000;17000188888;17500188888;10240;10228
2584;29733836000;17000200000;17500200000;10240;10228
2585;29734348000;17000500000;17500500000;10240;10228
2586;29734624000;17000500000;17500500000;10240;10228
2587;29734937000;17000500000;17500500000;10240;10228
2588;29734950000;17041855555;17541855555;10240;10228
2589;29735186000;17041855555;17541855555;10240;10228
2590;29735447000;17041855555;17541855555;10240;10228
2591;29735699000;17041855555;17541855555;10240;10228
2592;29735721000;17041855555;17541855555;10240;10228
2593;29735902000;17041855555;17541855555;10240;10228
2594;29736200000;17041855555;17541855555;10240;10228
2595;29736218000;17041877777;17541877777;10240;10228
2596;29736405000;17042211111;17542211111;10240;10228
2597;29736425000;17042211111;17542211111;10240;10228
2598;29736866000;17042211111;17542211111;10240;10228
2599;29736882000;17083522222;17583522222;10240;10228
2600;29737195000;17083522222;17583522222;10240;10228
2601;29737214000;17083522222;17583522222;10240;10228
2602;29737398000;17083522222;17583522222;10240;10228
2603;29737713000;17083522222;17583522222;10240;10228
2604;29737722000;17083522222;17583522222;10240;10228
2605;29737967000;17083522222;17583522222;10240;10228
2606;29737977000;17083533333;17583533333;10240;10228
2607;29738207000;17083888888;17583888888;10240;10228
2608;29738226000;17083888888;17583888888;10240;10228
2609;29738430000;17083888888;17583888888;10240;10228
2610;29738441000;17125188888;17625188888;10240;10228
2611;29738725000;17125188888;17625188888;10240;10228
2612;29738732000;17125188888;17625188888;10240;10228
2613;29738961000;17125188888;17625188888;10240;10228
2614;29738971000;17125188888;17625188888;10240;10228
2615;29739207000;17125188888;17625188888;10240;10228
2616;29739217000;17125188888;17625188888;10240;10228
2617;29739229000;17125200000;17625200000;10240;10228
2618;29739428000;17125488888;17625488888;10240;10228
2619;29739437000;17125488888;17625488888;10240;10228
2620;29739790000;17125488888;17625488888;10240;10228
2621;29740038000;17166855555;17666855555;10240;10228
2622;29740049000;17166855555;17666855555;10240;10228
2623;29740292000;17166855555;17666855555;10240;10228
2624;29740312000;17166855555;17666855555;10240;10228
2625;29740531000;17166855555;17666855555;10240;10228
2626;29740549000;17166855555;17666855555;10240;10228
2627;29740785000;17166855555;17666855555;10240;10228
2628;29740804000;17166877777;17666877777;10240;10228
2629;29741075000;17167200000;17667200000;10240;10228
2630;29741095000;17167200000;17667200000;10240;10228
2631;29741319000;17167200000;17667200000;10240;10228
2632;29741328000;17208511111;17708511111;10240;10228
2633;29741567000;17208511111;17708511111;10240;10228
2634;29741576000;17208511111;17708511111;10240;10228
2635;29741841000;17208511111;17708511111;10240;10228
2636;29741850000;17208511111;17708511111;10240;10228
2637;29742100000;17208511111;17708511111;10240;10228
2638;29742120000;17208511111;17708511111;10240;10228
2639;29742334000;17208522222;17708522222;10240;10228
2640;29742346000;17208822222;17708822222;10240;10228
2641;29742591000;17208822222;17708822222;10240;10228
2642;29742602000;17208822222;17708822222;10240;10228
2643;29742841000;17250177777;17750177777;10240;10228
2644;29968408000;17250177777;17750177777;10240;10228
2645;29968418000;17250177777;17750177777;10240;10228
2646;29968675000;17250177777;17750177777;10240;10228
2647;29969361000;17250177777;17750177777;10240;10228
2648;29969371000;17250177777;17750177777;10240;10228
2649;29969616000;17250177777;17750177777;10240;10228
2650;29969626000;17250200000;17750200000;10240;10228
2651;29970745000;17250488888;17750488888;10240;10228
2652;29970755000;17250488888;17750488888;10240;10228
2653;29971766000;17250488888;17750488888;10240;10228
2654;29972123000;17291844444;17791844444;10240;10228
2655;29972385000;17291844444;17791844444;10240;10228
2656;29972667000;17291844444;17791844444;10240;10228
2657;29973300000;17291844444;17791844444;10240;10228
2658;29973584000;17291844444;17791844444;10240;10228
2659;29974004000;17291844444;17791844444;10240;10228
2660;29974017000;17291844444;17791844444;10240;10228
2661;29974235000;17291866666;17791866666;10240;10228
2662;29974572000;17292188888;17792188888;10240;10228
2663;29974937000;17292188888;17792188888;10240;10228
2664;29974946000;17292188888;17792188888;10240;10228
2665;29975516000;17333522222;17833522222;10240;10228
2666;29975755000;17333522222;17833522222;10240;10228
2667;29975996000;17333522222;17833522222;10240;10228
2668;29976266000;17333522222;17833522222;10240;10228
2669;29976514000;17333522222;17833522222;10240;10228
2670;29976809000;17333522222;17833522222;10240;10228
2671;29976822000;17333522222;17833522222;10240;10228
2672;29977058000;17333533333;17833533333;10240;10228
2673;29977297000;17333822222;17833822222;10240;10228
2674;29977309000;17333822222;17833822222;10240;10228
2675;29977523000;17333822222;17833822222;10240;10228
2676;29977533000;17375188888;17875188888;10240;10228
2677;29977970000;17375188888;17875188888;10240;10228
2678;29977994000;17375188888;17875188888;10240;10228
2679;29978221000;17375188888;17875188888;10240;10228
2680;29978502000;17375188888;17875188888;10240;10228
2681;29978514000;17375188888;17875188888;10240;10228
2682;29978778000;17375188888;17875188888;10240;10228
2683;29978803000;17375200000;17875200000;10240;10228
2684;29979018000;17375477777;17875477777;10240;10228
2685;29979041000;17375477777;17875477777;10240;10228
2686;29979252000;17375477777;17875477777;10240;10228
2687;29979263000;17416844444;17916844444;10240;10228
2688;29979498000;17416844444;17916844444;10240;10228
2689;29979518000;17416844444;17916844444;10240;10228
2690;29979761000;17416844444;17916844444;10240;10228
2691;29979771000;17416844444;17916844444;10240;10228
2692;29979788000;17416844444;17916844444;10240;10228
2693;29980020000;17416844444;17916844444;10240;10228
2694;29980273000;17416866666;17916866666;10240;10228
2695;29980282000;17417177777;17917177777;10240;10228
2696;29980508000;17417177777;17917177777;10240;10228
2697;29980519000;17417177777;17917177777;10240;10228
2698;29980763000;17458522222;17958522222;10240;10228
2699;29980772000;17458522222;17958522222;10240;10228
2700;29981022000;17458522222;17958522222;10240;10228
2701;29981266000;17458522222;17958522222;10240;10228
2702;29981275000;17458522222;17958522222;10240;10228
2703;29981506000;17458522222;17958522222;10240;10228
2704;29981516000;17458522222;17958522222;10240;10228
2705;29981774000;17458533333;17958533333;10240;10228
2706;29981784000;17458822222;17958822222;10240;10228
2707;29982025000;17458822222;17958822222;10240;10228
2708;29982035000;17458822222;17958822222;10240;10228
2709;29982269000;17500188888;18000188888;10240;10228
2710;29982279000;17500188888;18000188888;10240;10228
2711;29982513000;17500188888;18000188888;10240;10228
2712;29982776000;17500188888;18000188888;10240;10228
2713;29982787000;17500188888;18000188888;10240;10228
2714;29983038000;17500188888;18000188888;10240;10228
2715;29983057000;17500188888;18000188888;10240;10228
2716;29983073000;17500200000;18000200000;10240;10228
2717;29983270000;17500500000;18000500000;10240;10228
2718;29983523000;17500500000;18000500000;10240;10228
2719;29983541000;17500500000;18000500000;10240;10228
2720;29983781000;17541855555;18041855555;10240;10228
2721;29983791000;17541855555;18041855555;10240;10228
2722;29983799000;17541855555;18041855555;10240;10228
2723;29984039000;17541855555;18041855555;10240;10228
2724;30209441000;17541855555;18041855555;10240;10228
2725;30209768000;17541855555;18041855555;10240;10228
2726;30210463000;17541855555;18041855555;10240;10228
2727;30210495000;17541877777;18041877777;10240;10228
2728;30210739000;17542200000;18042200000;10240;10228
2729;30210753000;17542200000;18042200000;10240;10228
2730;30210981000;17542200000;18042200000;10240;10228
2731;30211884000;17583522222;18083522222;10240;10228
2732;30212122000;17583522222;18083522222;10240;10228
2733;30213195000;17583522222;18083522222;10240;10228
2734;30213446000;17583522222;18083522222;10240;10228
2735;30213758000;17583522222;18083522222;10240;10228
2736;30214067000;17583522222;18083522222;10240;10228
2737;30214503000;17583522222;18083522222;10240;10228
2738;30214999000;17583533333;18083533333;10240;10228
2739;30215236000;17583811111;18083811111;10240;10228
2740;30215247000;17583811111;18083811111;10240;10228
2741;30215683000;17583811111;18083811111;10240;10228
2742;30216054000;17625188888;18125188888;10240;10228
2743;30216297000;17625188888;18125188888;10240;10228
2744;30216317000;17625188888;18125188888;10240;10228
2745;30216331000;17625188888;18125188888;10240;10228
2746;30217100000;17625188888;18125188888;10240;10228
2747;30217904000;17625188888;18125188888;10240;10228
2748;30217919000;17625188888;18125188888;10240;10228
2749;30218148000;17625200000;18125200000;10240;10228
2750;30218169000;17625444444;18125444444;10240;10228
2751;30218395000;17625444444;18125444444;10240;10228
2752;30218405000;17625444444;18125444444;10240;10228
2753;30218656000;17666855555;18166855555;10240;10228
2754;30218671000;17666855555;18166855555;10240;10228
2755;30218908000;17666855555;18166855555;10240;10228
2756;30218927000;17666855555;18166855555;10240;10228
2757;30219164000;17666855555;18166855555;10240;10228
2758;30219183000;17666855555;18166855555;10240;10228
2759;30219375000;17666855555;18166855555;10240;10228
2760;30219394000;17666877777;18166877777;10240;10228
2761;30219672000;17667177777;18167177777;10240;10228
2762;30219682000;17667177777;18167177777;10240;10228
2763;30219907000;17667177777;18167177777;10240;10228
2764;30219925000;17708511111;18208511111;10240;10228
2765;30220194000;17708511111;18208511111;10240;10228
2766;30220204000;17708511111;18208511111;10240;10228
2767;30220741000;17708511111;18208511111;10240;10228
2768;30220752000;17708511111;18208511111;10240;10228
2769;30220774000;17708511111;18208511111;10240;10228
2770;30220983000;17708511111;18208511111;10240;10228
2771;30220994000;17708533333;18208533333;10240;10228
2772;30221236000;17708833333;18208833333;10240;10228
2773;30221255000;17708833333;18208833333;10240;10228
2774;30221459000;17708833333;18208833333;10240;10228
2775;30221496000;17750177777;18250177777;10240;10228
2776;30221735000;17750177777;18250177777;10240;10228
2777;30221744000;17750177777;18250177777;10240;10228
2778;30221986000;17750177777;18250177777;10240;10228
2781;30222228000;17750177777;18250177777;10240;10228
2782;30222255000;17750188888;18250188888;10240;10228
2783;30222462000;17750477777;18250477777;10240;10228
2784;30222835000;17750477777;18250477777;10240;10228
2785;30222849000;17750477777;18250477777;10240;10228
2786;30223127000;17791844444;18291844444;10240;10228
2787;30223146000;17791844444;18291844444;10240;10228
2788;30223367000;17791844444;18291844444;10240;10228
2789;30223378000;17791844444;18291844444;10240;10228
2790;30223620000;17791844444;18291844444;10240;10228
2791;30223871000;17791844444;18291844444;10240;10228
2792;30223881000;17791844444;18291844444;10240;10228
2793;30224129000;17791855555;18291855555;10240;10228
2794;30224148000;17792188888;18292188888;10240;10228
2795;30224381000;17792188888;18292188888;10240;10228
2796;30224402000;17792188888;18292188888;10240;10228
2797;30224585000;17833522222;18333522222;10240;10228
2798;30224848000;17833522222;18333522222;10240;10228
2799;30224870000;17833522222;18333522222;10240;10228
2800;30225088000;17833522222;18333522222;10240;10228
2801;30225101000;17833522222;18333522222;10240;10228
2802;30225373000;17833522222;18333522222;10240;10228
2803;30450218000;17833522222;18333522222;10240;10228
2804;30450755000;17833533333;18333533333;10240;10228
2805;30451560000;17833822222;18333822222;10240;10228
2806;30451844000;17833822222;18333822222;10240;10228
2807;30451859000;17833822222;18333822222;10240;10228
2808;30452090000;17875188888;18375188888;10240;10228
2809;30452622000;17875188888;18375188888;10240;10228
2810;30452967000;17875188888;18375188888;10240;10228
2811;30453212000;17875188888;18375188888;10240;10228
2812;30453705000;17875188888;18375188888;10240;10228
2813;30454539000;17875188888;18375188888;10240;10228
2814;30454855000;17875188888;18375188888;10240;10228
2815;30455100000;17875200000;18375200000;10240;10228
2816;30455111000;17875500000;18375500000;10240;10228
2817;30456119000;17875500000;18375500000;10240;10228
2818;30456350000;17875500000;18375500000;10240;10228
2819;30456356000;17916855555;18416855555;10240;10228
2820;30456645000;17916855555;18416855555;10240;10228
2821;30457144000;17916855555;18416855555;10240;10228
2822;30457393000;17916855555;18416855555;10240;10228
2823;30457403000;17916855555;18416855555;10240;10228
2824;30457656000;17916855555;18416855555;10240;10228
2825;30457669000;17916855555;18416855555;10240;10228
2826;30458342000;17916877777;18416877777;10240;10228
2827;30459004000;17917166666;18417166666;10240;10228
2828;30459268000;17917166666;18417166666;10240;10228
2829;30459278000;17917166666;18417166666;10240;10228
2830;30459497000;17958511111;18458511111;10240;10228
2831;30459517000;17958511111;18458511111;10240;10228
2832;30459811000;17958511111;18458511111;10240;10228
2833;30459827000;17958511111;18458511111;10240;10228
2834;30460045000;17958511111;18458511111;10240;10228
2835;30460065000;17958511111;18458511111;10240;10228
2836;30460271000;17958511111;18458511111;10240;10228
2837;30460282000;17958533333;18458533333;10240;10228
2838;30460537000;17958800000;18458800000;10240;10228
2839;30460549000;17958800000;18458800000;10240;10228
2840;30460771000;17958800000;18458800000;10240;10228
2841;30460782000;18000177777;18500177777;10240;10228
2842;30461022000;18000177777;18500177777;10240;10228
2843;30461033000;18000177777;18500177777;10240;10228
2844;30461265000;18000177777;18500177777;10240;10228
2845;30461289000;18000177777;18500177777;10240;10228
2846;30461513000;18000177777;18500177777;10240;10228
2847;30461523000;18000177777;18500177777;10240;10228
2848;30461790000;18000188888;18500188888;10240;10228
2849;30461805000;18000500000;18500500000;10240;10228
2850;30462072000;18000500000;18500500000;10240;10228
2851;30462338000;18000500000;18500500000;10240;10228
2852;30462359000;18041855555;18541855555;10240;10228
2854;30462549000;18041855555;18541855555;10240;10228
2855;30462837000;18041855555;18541855555;10240;10228
2856;30462846000;18041855555;18541855555;10240;10228
2857;30463102000;18041855555;18541855555;10240;10228
2860;30463390000;18042211111;18542211111;10240;10228
2861;30463409000;18042211111;18542211111;10240;10228
2862;30463913000;18042211111;18542211111;10240;10228
2863;30464173000;18083522222;18583522222;10240;10228
2864;30464207000;18083522222;18583522222;10240;10228
2865;30464467000;18083522222;18583522222;10240;10228
2866;30464491000;18083522222;18583522222;10240;10228
2867;30464497000;18083522222;18583522222;10240;10228
2868;30464721000;18083522222;18583522222;10240;10228
2869;30464954000;18083522222;18583522222;10240;10228
2870;30464966000;18083533333;18583533333;10240;10228
2871;30465226000;18083822222;18583822222;10240;10228
2872;30465246000;18083822222;18583822222;10240;10228
2873;30465449000;18083822222;18583822222;10240;10228
2874;30465763000;18125188888;18625188888;10240;10228
2875;30465769000;18125188888;18625188888;10240;10228
2876;30465978000;18125188888;18625188888;10240;10228
2877;30465999000;18125188888;18625188888;10240;10228
2878;30466230000;18125188888;18625188888;10240;10228
2879;30466249000;18125188888;18625188888;10240;10228
2880;30466437000;18125188888;18625188888;10240;10228
2881;30691340000;18125200000;18625200000;10240;10228
2882;30691631000;18125477777;18625477777;10240;10228
2883;30691887000;18125477777;18625477777;10240;10228
2884;30692412000;18125477777;18625477777;10240;10228
2885;30692673000;18166844444;18666844444;10240;10228
2886;30692920000;18166844444;18666844444;10240;10228
2887;30693164000;18166844444;18666844444;10240;10228
2888;30693746000;18166844444;18666844444;10240;10228
2889;30694038000;18166844444;18666844444;10240;10228
2890;30694264000;18166844444;18666844444;10240;10228
2891;30694831000;18166844444;18666844444;10240;10228
2892;30694847000;18166877777;18666877777;10240;10228
2893;30695944000;18167188888;18667188888;10240;10228
2894;30696189000;18167188888;18667188888;10240;10228
2895;30696199000;18167188888;18667188888;10240;10228
2896;30696436000;18208522222;18708522222;10240;10228
2897;30697236000;18208522222;18708522222;10240;10228
2898;30697512000;18208522222;18708522222;10240;10228
2899;30697746000;18208522222;18708522222;10240;10228
2900;30698220000;18208522222;18708522222;10240;10228
2901;30698513000;18208522222;18708522222;10240;10228
2902;30698522000;18208522222;18708522222;10240;10228
2903;30698750000;18208533333;18708533333;10240;10228
2904;30698764000;18208811111;18708811111;10240;10228
2905;30698955000;18208811111;18708811111;10240;10228
2906;30699760000;18208811111;18708811111;10240;10228
2907;30700005000;18250188888;18750188888;10240;10228
2908;30700334000;18250188888;18750188888;10240;10228
2909;30700604000;18250188888;18750188888;10240;10228
2910;30700617000;18250188888;18750188888;10240;10228
2911;30700828000;18250188888;18750188888;10240;10228
2912;30700838000;18250188888;18750188888;10240;10228
2913;30701087000;18250188888;18750188888;10240;10228
2914;30701106000;18250200000;18750200000;10240;10228
2915;30701328000;18250466666;18750466666;10240;10228
2916;30701340000;18250466666;18750466666;10240;10228
2917;30701352000;18250466666;18750466666;10240;10228
2918;30701587000;18291855555;18791855555;10240;10228
2919;30701796000;18291855555;18791855555;10240;10228
2920;30701812000;18291855555;18791855555;10240;10228
2921;30702087000;18291855555;18791855555;10240;10228
2922;30702110000;18291855555;18791855555;10240;10228
2923;30702345000;18291855555;18791855555;10240;10228
2924;30702351000;18291855555;18791855555;10240;10228
2925;30702575000;18291888888;18791888888;10240;10228
2926;30702589000;18292200000;18792200000;10240;10228
2927;30702912000;18292200000;18792200000;10240;10228
2928;30702921000;18292200000;18792200000;10240;10228
2929;30703175000;18333522222;18833522222;10240;10228
2930;30703194000;18333522222;18833522222;10240;10228
2931;30703375000;18333522222;18833522222;10240;10228
2932;30703657000;18333522222;18833522222;10240;10228
2933;30703947000;18333522222;18833522222;10240;10228
2934;30703958000;18333522222;18833522222;10240;10228
2935;30704199000;18333522222;18833522222;10240;10228
2936;30704208000;18333533333;18833533333;10240;10228
2937;30704701000;18333800000;18833800000;10240;10228
2938;30704712000;18333800000;18833800000;10240;10228
2939;30704735000;18333800000;18833800000;10240;10228
2940;30704953000;18375188888;18875188888;10240;10228
2941;30704975000;18375188888;18875188888;10240;10228
2942;30705207000;18375188888;18875188888;10240;10228
2943;30705225000;18375188888;18875188888;10240;10228
2944;30705425000;18375188888;18875188888;10240;10228
2945;30705443000;18375188888;18875188888;10240;10228
2946;30705705000;18375188888;18875188888;10240;10228
2947;30705715000;18375200000;18875200000;10240;10228
2948;30705954000;18375488888;18875488888;10240;10228
2949;30705972000;18375488888;18875488888;10240;10228
2950;30706212000;18375488888;18875488888;10240;10228
2951;30706230000;18416855555;18916855555;10240;10228
2952;30706416000;18416855555;18916855555;10240;10228
2953;30706426000;18416855555;18916855555;10240;10228
2954;30706772000;18416855555;18916855555;10240;10228
2955;30706783000;18416855555;18916855555;10240;10228
2956;30707027000;18416855555;18916855555;10240;10228
2957;30707048000;18416855555;18916855555;10240;10228
2958;30707274000;18416877777;18916877777;10240;10228
2959;30707520000;18417177777;18917177777;10240;10228
2960;30932045000;18417177777;18917177777;10240;10228
2961;30932755000;18417177777;18917177777;10240;10228
2962;30933020000;18458522222;18958522222;10240;10228
2963;30933384000;18458522222;18958522222;10240;10228
2964;30933694000;18458522222;18958522222;10240;10228
2965;30934046000;18458522222;18958522222;10240;10228
2966;30934293000;18458522222;18958522222;10240;10228
2967;30934872000;18458522222;18958522222;10240;10228
2968;30935135000;18458522222;18958522222;10240;10228
2969;30935147000;18458544444;18958544444;10240;10228
2970;30935973000;18458822222;18958822222;10240;10228
2971;30935987000;18458822222;18958822222;10240;10228
2972;30936364000;18458822222;18958822222;10240;10228
2973;30937313000;18500188888;19000188888;10240;10228
2974;30937329000;18500188888;19000188888;10240;10228
2975;30937585000;18500188888;19000188888;10240;10228
2976;30938346000;18500188888;19000188888;10240;10228
2977;30938366000;18500188888;19000188888;10240;10228
2978;30938870000;18500188888;19000188888;10240;10228
2979;30939316000;18500188888;19000188888;10240;10228
2980;30939571000;18500200000;19000200000;10240;10228
2981;30939825000;18500500000;19000500000;10240;10228
2982;30939839000;18500500000;19000500000;10240;10228
2983;30940067000;18500500000;19000500000;10240;10228
2984;30940076000;18541855555;19041855555;10240;10228
2985;30940312000;18541855555;19041855555;10240;10228
2986;30940895000;18541855555;19041855555;10240;10228
2987;30941141000;18541855555;19041855555;10240;10228
2988;30941153000;18541855555;19041855555;10240;10228
2989;30941729000;18541855555;19041855555;10240;10228
2990;30941744000;18541855555;19041855555;10240;10228
2991;30941970000;18541877777;19041877777;10240;10228
2992;30942217000;18542166666;19042166666;10240;10228
2993;30942227000;18542166666;19042166666;10240;10228
2994;30942449000;18542166666;19042166666;10240;10228
2995;30942730000;18583522222;19083522222;10240;10228
2996;30942746000;18583522222;19083522222;10240;10228
2997;30942755000;18583522222;19083522222;10240;10228
2998;30942969000;18583522222;19083522222;10240;10228
2999;30942979000;18583522222;19083522222;10240;10228
3000;30943198000;18583522222;19083522222;10240;10228
3001;30943231000;18583522222;19083522222;10240;10228
3002;30943448000;18583533333;19083533333;10240;10228
3003;30943491000;18583822222;19083822222;10240;10228
3004;30943728000;18583822222;19083822222;10240;10228
3005;30943739000;18583822222;19083822222;10240;10228
3006;30943973000;18625188888;19125188888;10240;10228
3007;30943985000;18625188888;19125188888;10240;10228
3008;30944228000;18625188888;19125188888;10240;10228
3009;30944249000;18625188888;19125188888;10240;10228
3010;30944450000;18625188888;19125188888;10240;10228
3011;30944469000;18625188888;19125188888;10240;10228
3012;30944780000;18625188888;19125188888;10240;10228
3013;30944799000;18625200000;19125200000;10240;10228
3014;30945244000;18625444444;19125444444;10240;10228
3015;30945250000;18625444444;19125444444;10240;10228
3016;30945684000;18625444444;19125444444;10240;10228
3017;30945703000;18666844444;19166844444;10240;10228
3018;30945918000;18666844444;19166844444;10240;10228
3019;30945936000;18666844444;19166844444;10240;10228
3020;30946165000;18666844444;19166844444;10240;10228
3021;30946347000;18666844444;19166844444;10240;10228
3022;30946354000;18666844444;19166844444;10240;10228
3023;30946658000;18666844444;19166844444;10240;10228
3025;30946665000;18667166666;19167166666;10240;10228
3026;30946918000;18667166666;19167166666;10240;10228
3027;30946924000;18667166666;19167166666;10240;10228
3028;30947166000;18708511111;19208511111;10240;10228
3029;30947347000;18708511111;19208511111;10240;10228
3030;30947354000;18708511111;19208511111;10240;10228
3031;30947673000;18708511111;19208511111;10240;10228
3032;30947680000;18708511111;19208511111;10240;10228
3033;30947920000;18708511111;19208511111;10240;10228
3034;30947926000;18708511111;19208511111;10240;10228
3035;30948170000;18708533333;19208533333;10240;10228
3036;30948177000;18708822222;19208822222;10240;10228
3037;30948351000;18708822222;19208822222;10240;10228
3038;30948672000;18708822222;19208822222;10240;10228
3039;31173274000;18750177777;19250177777;10240;10228
3040;31173297000;18750177777;19250177777;10240;10228
3041;31173945000;18750177777;19250177777;10240;10228
3042;31174232000;18750177777;19250177777;10240;10228
3043;31174865000;18750177777;19250177777;10240;10228
3044;31175165000;18750177777;19250177777;10240;10228
3045;31175420000;18750177777;19250177777;10240;10228
3046;31175957000;18750188888;19250188888;10240;10228
3047;31176282000;18750466666;19250466666;10240;10228
3048;31176291000;18750466666;19250466666;10240;10228
3049;31177123000;18750466666;19250466666;10240;10228
3050;31177142000;18791855555;19291855555;10240;10228
3051;31177498000;18791855555;19291855555;10240;10228
3052;31177833000;18791855555;19291855555;10240;10228
3053;31178432000;18791855555;19291855555;10240;10228
3054;31178779000;18791855555;19291855555;10240;10228
3055;31179485000;18791855555;19291855555;10240;10228
3056;31179505000;18791855555;19291855555;10240;10228
3057;31179753000;18791877777;19291877777;10240;10228
3058;31180446000;18792177777;19292177777;10240;10228
3059;31180723000;18792177777;19292177777;10240;10228
3060;31180974000;18792177777;19292177777;10240;10228
3061;31180983000;18833522222;19333522222;10240;10228
3062;31181221000;18833522222;19333522222;10240;10228
3063;31181240000;18833522222;19333522222;10240;10228
3064;31181496000;18833522222;19333522222;10240;10228
3065;31181515000;18833522222;19333522222;10240;10228
3066;31182283000;18833522222;19333522222;10240;10228
3067;31182294000;18833522222;19333522222;10240;10228
3068;31182445000;18833533333;19333533333;10240;10228
3069;31182893000;18833822222;19333822222;10240;10228
3070;31183112000;18833822222;19333822222;10240;10228
3071;31183363000;18833822222;19333822222;10240;10228
3072;31183372000;18875188888;19375188888;10240;10228
3073;31183694000;18875188888;19375188888;10240;10228
3074;31183911000;18875188888;19375188888;10240;10228
3075;31183932000;18875188888;19375188888;10240;10228
3076;31184178000;18875188888;19375188888;10240;10228
3077;31184189000;18875188888;19375188888;10240;10228
3078;31184343000;18875188888;19375188888;10240;10228
3079;31184353000;18875200000;19375200000;10240;10228
3080;31184702000;18875488888;19375488888;10240;10228
3081;31184713000;18875488888;19375488888;10240;10228
3082;31184884000;18875488888;19375488888;10240;10228
3083;31184894000;18916855555;19416855555;10240;10228
3084;31184899000;18916855555;19416855555;10240;10228
3085;31185115000;18916855555;19416855555;10240;10228
3086;31185343000;18916855555;19416855555;10240;10228
3087;31185348000;18916855555;19416855555;10240;10228
3088;31185353000;18916855555;19416855555;10240;10228
3089;31185656000;18916855555;19416855555;10240;10228
3090;31185664000;18916877777;19416877777;10240;10228
3092;31185907000;18917155555;19417155555;10240;10228
3093;31186092000;18917155555;19417155555;10240;10228
3094;31186098000;18958511111;19458511111;10240;10228
3095;31186342000;18958511111;19458511111;10240;10228
3096;31186658000;18958511111;19458511111;10240;10228
3097;31186910000;18958511111;19458511111;10240;10228
3098;31187160000;18958511111;19458511111;10240;10228
3099;31187165000;18958511111;19458511111;10240;10228
3100;31187346000;18958511111;19458511111;10240;10228
3101;31187353000;18958533333;19458533333;10240;10228
3102;31187809000;18958800000;19458800000;10240;10228
3103;31187814000;18958800000;19458800000;10240;10228
3104;31188057000;18958800000;19458800000;10240;10228
3105;31188062000;19000188888;19500188888;10240;10228
3106;31188243000;19000188888;19500188888;10240;10228
3107;31188249000;19000188888;19500188888;10240;10228
3108;31188541000;19000188888;19500188888;10240;10228
3109;31188799000;19000188888;19500188888;10240;10228
3110;31188804000;19000188888;19500188888;10240;10228
3111;31189061000;19000188888;19500188888;10240;10228
3112;31189067000;19000200000;19500200000;10240;10228
3113;31189256000;19000477777;19500477777;10240;10228
3114;31189263000;19000477777;19500477777;10240;10228
3115;31189564000;19000477777;19500477777;10240;10228
3116;31189570000;19041855555;19541855555;10240;10228
3117;31189821000;19041855555;19541855555;10240;10228
3118;31414531000;19041855555;19541855555;10240;10228
3119;31414545000;19041855555;19541855555;10240;10228
3120;31415034000;19041855555;19541855555;10240;10228
3121;31415281000;19041855555;19541855555;10240;10228
3122;31415993000;19041855555;19541855555;10240;10228
3123;31416006000;19041877777;19541877777;10240;10228
3124;31417057000;19042177777;19542177777;10240;10228
3125;31417346000;19042177777;19542177777;10240;10228
3126;31417357000;19042177777;19542177777;10240;10228
3127;31418260000;19083522222;19583522222;10240;10228
3128;31418276000;19083522222;19583522222;10240;10228
3129;31418502000;19083522222;19583522222;10240;10228
3130;31418914000;19083522222;19583522222;10240;10228
3131;31419172000;19083522222;19583522222;10240;10228
3133;31419879000;19083522222;19583522222;10240;10228
3134;31420488000;19083533333;19583533333;10240;10228
3135;31420848000;19083811111;19583811111;10240;10228
3136;31420864000;19083811111;19583811111;10240;10228
3137;31421537000;19083811111;19583811111;10240;10228
3138;31421844000;19125188888;19625188888;10240;10228
3139;31421859000;19125188888;19625188888;10240;10228
3140;31422087000;19125188888;19625188888;10240;10228
3141;31422325000;19125188888;19625188888;10240;10228
3142;31422337000;19125188888;19625188888;10240;10228
3143;31422586000;19125188888;19625188888;10240;10228
3144;31423383000;19125188888;19625188888;10240;10228
3145;31423398000;19125200000;19625200000;10240;10228
3146;31423636000;19125466666;19625466666;10240;10228
3147;31423655000;19125466666;19625466666;10240;10228
3148;31423871000;19125466666;19625466666;10240;10228
3149;31424215000;19166855555;19666855555;10240;10228
3150;31424226000;19166855555;19666855555;10240;10228
3151;31424821000;19166855555;19666855555;10240;10228
3152;31424836000;19166855555;19666855555;10240;10228
3153;31425058000;19166855555;19666855555;10240;10228
3154;31425078000;19166855555;19666855555;10240;10228
3155;31425287000;19166855555;19666855555;10240;10228
3156;31425294000;19166877777;19666877777;10240;10228
3157;31425553000;19167188888;19667188888;10240;10228
3158;31425568000;19167188888;19667188888;10240;10228
3159;31425800000;19167188888;19667188888;10240;10228
3160;31425822000;19208533333;19708533333;10240;10228
3161;31426064000;19208533333;19708533333;10240;10228
3162;31426086000;19208533333;19708533333;10240;10228
3163;31426326000;19208533333;19708533333;10240;10228
3164;31426338000;19208533333;19708533333;10240;10228
3165;31426564000;19208533333;19708533333;10240;10228
3166;31426579000;19208533333;19708533333;10240;10228
3167;31426588000;19208555555;19708555555;10240;10228
3168;31426798000;19208844444;19708844444;10240;10228
3169;31426804000;19208844444;19708844444;10240;10228
3170;31427059000;19208844444;19708844444;10240;10228
3171;31427078000;19250188888;19750188888;10240;10228
3172;31427311000;19250188888;19750188888;10240;10228
3173;31427322000;19250188888;19750188888;10240;10228
3174;31427562000;19250188888;19750188888;10240;10228
3175;31427778000;19250188888;19750188888;10240;10228
3176;31427788000;19250188888;19750188888;10240;10228
3177;31428247000;19250188888;19750188888;10240;10228
3178;31428277000;19250211111;19750211111;10240;10228
3179;31428499000;19250522222;19750522222;10240;10228
3180;31428509000;19250522222;19750522222;10240;10228
3181;31428798000;19250522222;19750522222;10240;10228
3182;31428812000;19291855555;19791855555;10240;10228
3183;31429015000;19291855555;19791855555;10240;10228
3184;31429026000;19291855555;19791855555;10240;10228
3185;31429265000;19291855555;19791855555;10240;10228
3186;31429275000;19291855555;19791855555;10240;10228
3187;31429502000;19291855555;19791855555;10240;10228
3188;31429513000;19291855555;19791855555;10240;10228
3189;31429784000;19291877777;19791877777;10240;10228
3190;31429800000;19292200000;19792200000;10240;10228
3191;31430021000;19292200000;19792200000;10240;10228
3192;31430033000;19292200000;19792200000;10240;10228
3193;31430645000;19333522222;19833522222;10240;10228
3194;31430661000;19333522222;19833522222;10240;10228
3195;31430896000;19333522222;19833522222;10240;10228
3196;31655085000;19333522222;19833522222;10240;10228
3197;31655636000;19333522222;19833522222;10240;10228
3198;31655667000;19333522222;19833522222;10240;10228
3199;31656175000;19333522222;19833522222;10240;10228
3200;31656201000;19333533333;19833533333;10240;10228
3201;31657154000;19333800000;19833800000;10240;10228
3202;31657168000;19333800000;19833800000;10240;10228
3203;31657646000;19333800000;19833800000;10240;10228
3204;31658432000;19375188888;19875188888;10240;10228
3205;31658448000;19375188888;19875188888;10240;10228
3206;31658692000;19375188888;19875188888;10240;10228
3207;31659144000;19375188888;19875188888;10240;10228
3208;31659403000;19375188888;19875188888;10240;10228
3209;31659674000;19375188888;19875188888;10240;10228
3210;31660258000;19375188888;19875188888;10240;10228
3211;31660906000;19375200000;19875200000;10240;10228
3212;31661331000;19375477777;19875477777;10240;10228
3214;31661975000;19375477777;19875477777;10240;10228
3215;31662003000;19416855555;19916855555;10240;10228
3216;31662637000;19416855555;19916855555;10240;10228
3217;31662907000;19416855555;19916855555;10240;10228
3218;31662920000;19416855555;19916855555;10240;10228
3219;31663146000;19416855555;19916855555;10240;10228
3220;31663426000;19416855555;19916855555;10240;10228
3221;31663437000;19416855555;19916855555;10240;10228
3222;31663687000;19416877777;19916877777;10240;10228
3223;31663702000;19417200000;19917200000;10240;10228
3224;31664255000;19417200000;19917200000;10240;10228
3225;31664274000;19417200000;19917200000;10240;10228
3226;31665013000;19458522222;19958522222;10240;10228
3227;31665308000;19458522222;19958522222;10240;10228
3228;31665321000;19458522222;19958522222;10240;10228
3229;31665573000;19458522222;19958522222;10240;10228
3230;31665597000;19458522222;19958522222;10240;10228
3231;31665812000;19458522222;19958522222;10240;10228
3232;31665828000;19458522222;19958522222;10240;10228
3233;31666068000;19458533333;19958533333;10240;10228
3234;31666076000;19458822222;19958822222;10240;10228
3235;31666324000;19458822222;19958822222;10240;10228
3236;31666595000;19458822222;19958822222;10240;10228
3237;31666610000;19500188888;20000188888;10240;10228
3238;31666838000;19500188888;20000188888;10240;10228
3239;31666858000;19500188888;20000188888;10240;10228
3240;31667039000;19500188888;20000188888;10240;10228
3241;31667049000;19500188888;20000188888;10240;10228
3242;31667309000;19500188888;20000188888;10240;10228
3243;31667327000;19500188888;20000188888;10240;10228
3244;31667335000;19500200000;20000200000;10240;10228
3245;31667659000;19500488888;20000488888;10240;10228
3246;31667673000;19500488888;20000488888;10240;10228
3247;31667892000;19500488888;20000488888;10240;10228
3248;31668175000;19541855555;20041855555;10240;10228
3249;31668196000;19541855555;20041855555;10240;10228
3250;31668388000;19541855555;20041855555;10240;10228
3251;31668678000;19541855555;20041855555;10240;10228
3252;31668704000;19541855555;20041855555;10240;10228
3253;31668724000;19541855555;20041855555;10240;10228
3254;31668922000;19541855555;20041855555;10240;10228
3255;31668931000;19541877777;20041877777;10240;10228
3256;31669174000;19542177777;20042177777;10240;10228
3257;31669184000;19542177777;20042177777;10240;10228
3258;31669400000;19542177777;20042177777;10240;10228
3259;31669417000;19583522222;20083522222;10240;10228
3261;31669934000;19583522222;20083522222;10240;10228
3262;31669954000;19583522222;20083522222;10240;10228
3263;31670167000;19583522222;20083522222;10240;10228
3264;31670177000;19583522222;20083522222;10240;10228
3265;31670435000;19583522222;20083522222;10240;10228
3266;31670454000;19583533333;20083533333;10240;10228
3267;31670677000;19583811111;20083811111;10240;10228
3268;31670688000;19583811111;20083811111;10240;10228
3269;31670930000;19583811111;20083811111;10240;10228
3270;31670950000;19625188888;20125188888;10240;10228
3271;31671179000;19625188888;20125188888;10240;10228
3272;31671190000;19625188888;20125188888;10240;10228
3273;31671707000;19625188888;20125188888;10240;10228
3274;31671970000;19625188888;20125188888;10240;10228
3275;31895733000;19625188888;20125188888;10240;10228
3276;31896771000;19625188888;20125188888;10240;10228
3277;31896794000;19625200000;20125200000;10240;10228
3278;31897292000;19625444444;20125444444;10240;10228
3279;31897308000;19625444444;20125444444;10240;10228
3280;31898292000;19625444444;20125444444;10240;10228
3281;31898308000;19666855555;20166855555;10240;10228
3282;31898793000;19666855555;20166855555;10240;10228
3283;31898809000;19666855555;20166855555;10240;10228
3284;31899624000;19666855555;20166855555;10240;10228
3285;31899640000;19666855555;20166855555;10240;10228
3286;31899956000;19666855555;20166855555;10240;10228
3287;31900547000;19666855555;20166855555;10240;10228
3288;31900558000;19666877777;20166877777;10240;10228
3289;31900776000;19667200000;20167200000;10240;10228
3290;31902070000;19667200000;20167200000;10240;10228
3291;31902444000;19667200000;20167200000;10240;10228
3292;31903127000;19708522222;20208522222;10240;10228
3293;31903140000;19708522222;20208522222;10240;10228
3294;31903791000;19708522222;20208522222;10240;10228
3295;31904098000;19708522222;20208522222;10240;10228
3296;31904119000;19708522222;20208522222;10240;10228
3297;31904317000;19708522222;20208522222;10240;10228
3298;31904328000;19708522222;20208522222;10240;10228
3299;31904604000;19708544444;20208544444;10240;10228
3300;31904615000;19708833333;20208833333;10240;10228
3301;31904847000;19708833333;20208833333;10240;10228
3302;31904861000;19708833333;20208833333;10240;10228
3303;31905354000;19750188888;20250188888;10240;10228
3304;31905364000;19750188888;20250188888;10240;10228
3305;31905615000;19750188888;20250188888;10240;10228
3306;31905870000;19750188888;20250188888;10240;10228
3307;31906271000;19750188888;20250188888;10240;10228
3308;31906514000;19750188888;20250188888;10240;10228
3309;31906535000;19750188888;20250188888;10240;10228
3310;31906833000;19750200000;20250200000;10240;10228
3311;31907022000;19750488888;20250488888;10240;10228
3312;31907043000;19750488888;20250488888;10240;10228
3313;31907315000;19750488888;20250488888;10240;10228
3314;31907334000;19791855555;20291855555;10240;10228
3315;31907590000;19791855555;20291855555;10240;10228
3316;31907607000;19791855555;20291855555;10240;10228
3317;31907875000;19791855555;20291855555;10240;10228
3318;31907888000;19791855555;20291855555;10240;10228
3319;31908124000;19791855555;20291855555;10240;10228
3320;31908135000;19791855555;20291855555;10240;10228
3321;31908385000;19791877777;20291877777;10240;10228
3322;31908397000;19792188888;20292188888;10240;10228
3324;31908721000;19792188888;20292188888;10240;10228
3325;31908737000;19833511111;20333511111;10240;10228
3326;31908972000;19833511111;20333511111;10240;10228
3327;31908992000;19833511111;20333511111;10240;10228
3328;31909217000;19833511111;20333511111;10240;10228
3329;31909236000;19833511111;20333511111;10240;10228
3330;31909424000;19833511111;20333511111;10240;10228
3331;31909433000;19833511111;20333511111;10240;10228
3332;31909677000;19833533333;20333533333;10240;10228
3333;31909958000;19833833333;20333833333;10240;10228
3334;31909969000;19833833333;20333833333;10240;10228
3335;31909985000;19833833333;20333833333;10240;10228
3336;31910304000;19875188888;20375188888;10240;10228
3337;31910322000;19875188888;20375188888;10240;10228
3338;31910562000;19875188888;20375188888;10240;10228
3339;31910571000;19875188888;20375188888;10240;10228
3340;31910797000;19875188888;20375188888;10240;10228
3341;31911058000;19875188888;20375188888;10240;10228
3342;31911321000;19875188888;20375188888;10240;10228
3343;31911331000;19875200000;20375200000;10240;10228
3344;31911591000;19875500000;20375500000;10240;10228
3345;31911602000;19875500000;20375500000;10240;10228
3346;31911829000;19875500000;20375500000;10240;10228
3347;31911840000;19916855555;20416855555;10240;10228
3348;31912083000;19916855555;20416855555;10240;10228
3349;31912103000;19916855555;20416855555;10240;10228
3350;31912322000;19916855555;20416855555;10240;10228
3351;31912332000;19916855555;20416855555;10240;10228
3352;31912576000;19916855555;20416855555;10240;10228
3353;31913054000;19916855555;20416855555;10240;10228
3354;32136792000;19916877777;20416877777;10240;10228
3355;32137038000;19917177777;20417177777;10240;10228
3356;32137877000;19917177777;20417177777;10240;10228
3357;32138388000;19917177777;20417177777;10240;10228
3358;32138403000;19958511111;20458511111;10240;10228
3359;32139434000;19958511111;20458511111;10240;10228
3360;32139449000;19958511111;20458511111;10240;10228
3361;32139902000;19958511111;20458511111;10240;10228
3362;32139918000;19958511111;20458511111;10240;10228
3363;32140153000;19958511111;20458511111;10240;10228
3364;32140740000;19958511111;20458511111;10240;10228
3365;32140979000;19958533333;20458533333;10240;10228
3366;32141229000;19958811111;20458811111;10240;10228
3367;32141697000;19958811111;20458811111;10240;10228
3368;32141711000;19958811111;20458811111;10240;10228
3369;32141930000;20000188888;20500188888;10240;10228
3370;32143547000;20000188888;20500188888;10240;10228
3371;32144249000;20000188888;20500188888;10240;10228
3372;32144262000;20000188888;20500188888;10240;10228
3373;32144511000;20000188888;20500188888;10240;10228
3374;32144769000;20000188888;20500188888;10240;10228
3375;32145019000;20000188888;20500188888;10240;10228
3376;32145030000;20000200000;20500200000;10240;10228
3377;32145391000;20000488888;20500488888;10240;10228
3378;32145678000;20000488888;20500488888;10240;10228
3379;32145940000;20000488888;20500488888;10240;10228
3380;32145951000;20041855555;20541855555;10240;10228
3381;32146447000;20041855555;20541855555;10240;10228
3382;32146730000;20041855555;20541855555;10240;10228
3383;32146743000;20041855555;20541855555;10240;10228
3384;32146752000;20041855555;20541855555;10240;10228
3385;32146941000;20041855555;20541855555;10240;10228
3386;32147226000;20041855555;20541855555;10240;10228
3387;32147256000;20041877777;20541877777;10240;10228
3388;32147462000;20042200000;20542200000;10240;10228
3389;32147758000;20042200000;20542200000;10240;10228
3390;32147787000;20042200000;20542200000;10240;10228
3391;32147998000;20083522222;20583522222;10240;10228
3392;32148347000;20083522222;20583522222;10240;10228
3393;32148626000;20083522222;20583522222;10240;10228
3394;32148641000;20083522222;20583522222;10240;10228
3395;32148650000;20083522222;20583522222;10240;10228
3396;32148864000;20083522222;20583522222;10240;10228
3397;32148877000;20083522222;20583522222;10240;10228
3398;32149141000;20083533333;20583533333;10240;10228
3399;32149378000;20083822222;20583822222;10240;10228
3400;32149385000;20083822222;20583822222;10240;10228
3401;32149662000;20083822222;20583822222;10240;10228
3402;32149675000;20125188888;20625188888;10240;10228
3403;32149900000;20125188888;20625188888;10240;10228
3404;32150150000;20125188888;20625188888;10240;10228
3405;32150165000;20125188888;20625188888;10240;10228
3406;32150383000;20125188888;20625188888;10240;10228
3407;32150394000;20125188888;20625188888;10240;10228
3408;32150642000;20125188888;20625188888;10240;10228
3409;32150648000;20125200000;20625200000;10240;10228
3410;32150869000;20125466666;20625466666;10240;10228
3411;32150882000;20125466666;20625466666;10240;10228
3412;32151156000;20125466666;20625466666;10240;10228
3413;32151165000;20166855555;20666855555;10240;10228
3414;32151405000;20166855555;20666855555;10240;10228
3415;32151414000;20166855555;20666855555;10240;10228
3416;32151654000;20166855555;20666855555;10240;10228
3417;32151663000;20166855555;20666855555;10240;10228
3418;32151915000;20166855555;20666855555;10240;10228
3419;32151944000;20166855555;20666855555;10240;10228
3420;32151969000;20166877777;20666877777;10240;10228
3421;32152220000;20167200000;20667200000;10240;10228
3422;32152451000;20167200000;20667200000;10240;10228
3423;32152462000;20167200000;20667200000;10240;10228
3424;32152748000;20208522222;20708522222;10240;10228
3425;32152769000;20208522222;20708522222;10240;10228
3426;32153181000;20208522222;20708522222;10240;10228
3427;32153203000;20208522222;20708522222;10240;10228
3428;32153385000;20208522222;20708522222;10240;10228
3429;32153656000;20208522222;20708522222;10240;10228
3430;32153670000;20208522222;20708522222;10240;10228
3431;32153679000;20208533333;20708533333;10240;10228
3432;32154150000;20208833333;20708833333;10240;10228
3433;32377986000;20208833333;20708833333;10240;10228
3434;32377998000;20208833333;20708833333;10240;10228
3435;32378651000;20250188888;20750188888;10240;10228
3436;32379507000;20250188888;20750188888;10240;10228
3437;32379521000;20250188888;20750188888;10240;10228
3438;32380590000;20250188888;20750188888;10240;10228
3439;32380603000;20250188888;20750188888;10240;10228
3440;32381098000;20250188888;20750188888;10240;10228
3441;32381111000;20250188888;20750188888;10240;10228
3442;32381339000;20250200000;20750200000;10240;10228
3443;32381350000;20250488888;20750488888;10240;10228
3444;32382106000;20250488888;20750488888;10240;10228
3445;32382353000;20250488888;20750488888;10240;10228
3446;32382363000;20291855555;20791855555;10240;10228
3447;32382883000;20291855555;20791855555;10240;10228
3448;32382905000;20291855555;20791855555;10240;10228
3449;32383964000;20291855555;20791855555;10240;10228
3450;32385393000;20291855555;20791855555;10240;10228
3451;32385409000;20291855555;20791855555;10240;10228
3452;32385659000;20291855555;20791855555;10240;10228
3453;32385912000;20291877777;20791877777;10240;10228
3454;32385926000;20292200000;20792200000;10240;10228
3455;32386161000;20292200000;20792200000;10240;10228
3456;32386558000;20292200000;20792200000;10240;10228
3457;32386568000;20333511111;20833511111;10240;10228
3458;32386814000;20333511111;20833511111;10240;10228
3459;32387040000;20333511111;20833511111;10240;10228
3460;32387281000;20333511111;20833511111;10240;10228
3461;32387519000;20333511111;20833511111;10240;10228
3462;32387884000;20333511111;20833511111;10240;10228
3463;32387893000;20333511111;20833511111;10240;10228
3464;32388153000;20333533333;20833533333;10240;10228
3465;32388163000;20333811111;20833811111;10240;10228
3466;32388406000;20333811111;20833811111;10240;10228
3467;32388665000;20333811111;20833811111;10240;10228
3468;32388680000;20375188888;20875188888;10240;10228
3469;32388870000;20375188888;20875188888;10240;10228
3470;32389168000;20375188888;20875188888;10240;10228
3471;32389188000;20375188888;20875188888;10240;10228
3472;32389204000;20375188888;20875188888;10240;10228
3473;32389736000;20375188888;20875188888;10240;10228
3474;32389746000;20375188888;20875188888;10240;10228
3475;32389997000;20375200000;20875200000;10240;10228
3476;32390016000;20375488888;20875488888;10240;10228
3477;32390236000;20375488888;20875488888;10240;10228
3478;32390245000;20375488888;20875488888;10240;10228
3480;32390747000;20416855555;20916855555;10240;10228
3481;32390775000;20416855555;20916855555;10240;10228
3482;32391003000;20416855555;20916855555;10240;10228
3483;32391021000;20416855555;20916855555;10240;10228
3484;32391227000;20416855555;20916855555;10240;10228
3485;32391238000;20416855555;20916855555;10240;10228
3486;32391459000;20416877777;20916877777;10240;10228
3487;32391479000;20417188888;20917188888;10240;10228
3488;32391761000;20417188888;20917188888;10240;10228
3489;32391783000;20417188888;20917188888;10240;10228
3490;32391988000;20458522222;20958522222;10240;10228
3491;32391999000;20458522222;20958522222;10240;10228
3492;32392247000;20458522222;20958522222;10240;10228
3493;32392462000;20458522222;20958522222;10240;10228
3494;32392469000;20458522222;20958522222;10240;10228
3495;32392739000;20458522222;20958522222;10240;10228
3496;32392748000;20458522222;20958522222;10240;10228
3497;32392764000;20458544444;20958544444;10240;10228
3498;32393000000;20458844444;20958844444;10240;10228
3499;32393011000;20458844444;20958844444;10240;10228
3500;32393253000;20458844444;20958844444;10240;10228
3501;32393614000;20500188888;21000188888;10240;10228
3502;32393625000;20500188888;21000188888;10240;10228
3503;32393863000;20500188888;21000188888;10240;10228
3504;32393875000;20500188888;21000188888;10240;10228
3505;32394116000;20500188888;21000188888;10240;10228
3506;32394135000;20500188888;21000188888;10240;10228
3507;32394365000;20500188888;21000188888;10240;10228
3508;32394385000;20500211111;21000211111;10240;10228
3509;32394751000;20500555555;21000555555;10240;10228
3510;32394761000;20500555555;21000555555;10240;10228
3511;32395257000;20500555555;21000555555;10240;10228
3512;32619198000;20541855555;21041855555;10240;10228
3513;32619217000;20541855555;21041855555;10240;10228
3515;32619824000;20541855555;21041855555;10240;10228
3516;32620647000;20541855555;21041855555;10240;10228
3517;32621737000;20541855555;21041855555;10240;10228
3518;32621758000;20541855555;21041855555;10240;10228
3519;32621988000;20541877777;21041877777;10240;10228
3520;32622302000;20542188888;21042188888;10240;10228
3521;32622562000;20542188888;21042188888;10240;10228
3522;32622576000;20542188888;21042188888;10240;10228
3523;32622820000;20583522222;21083522222;10240;10228
3524;32623462000;20583522222;21083522222;10240;10228
3525;32623494000;20583522222;21083522222;10240;10228
3526;32623711000;20583522222;21083522222;10240;10228
3527;32624005000;20583522222;21083522222;10240;10228
3528;32625107000;20583522222;21083522222;10240;10228
3529;32625350000;20583522222;21083522222;10240;10228
3530;32626421000;20583533333;21083533333;10240;10228
3531;32626681000;20583822222;21083822222;10240;10228
3532;32627020000;20583822222;21083822222;10240;10228
3533;32627271000;20583822222;21083822222;10240;10228
3534;32627281000;20625188888;21125188888;10240;10228
3535;32627669000;20625188888;21125188888;10240;10228
3536;32627684000;20625188888;21125188888;10240;10228
3537;32627910000;20625188888;21125188888;10240;10228
3538;32628161000;20625188888;21125188888;10240;10228
3539;32628409000;20625188888;21125188888;10240;10228
3540;32628677000;20625188888;21125188888;10240;10228
3541;32628690000;20625200000;21125200000;10240;10228
3542;32628965000;20625466666;21125466666;10240;10228
3543;32629233000;20625466666;21125466666;10240;10228
3544;32629245000;20625466666;21125466666;10240;10228
3545;32629463000;20666855555;21166855555;10240;10228
3546;32629518000;20666855555;21166855555;10240;10228
3547;32629740000;20666855555;21166855555;10240;10228
3548;32629751000;20666855555;21166855555;10240;10228
3550;32630322000;20666855555;21166855555;10240;10228
3551;32630332000;20666855555;21166855555;10240;10228
3552;32630582000;20666877777;21166877777;10240;10228
3553;32630829000;20667188888;21167188888;10240;10228
3554;32631102000;20667188888;21167188888;10240;10228
3555;32631112000;20667188888;21167188888;10240;10228
3556;32631329000;20708522222;21208522222;10240;10228
3557;32631335000;20708522222;21208522222;10240;10228
3558;32631605000;20708522222;21208522222;10240;10228
3559;32631619000;20708522222;21208522222;10240;10228
3560;32632055000;20708522222;21208522222;10240;10228
3561;32632065000;20708522222;21208522222;10240;10228
3562;32632310000;20708522222;21208522222;10240;10228
3563;32632320000;20708533333;21208533333;10240;10228
3564;32632541000;20708855555;21208855555;10240;10228
3565;32632552000;20708855555;21208855555;10240;10228
3566;32632774000;20708855555;21208855555;10240;10228
3567;32632798000;20750188888;21250188888;10240;10228
3568;32633058000;20750188888;21250188888;10240;10228
3569;32633068000;20750188888;21250188888;10240;10228
3570;32633318000;20750188888;21250188888;10240;10228
3571;32633338000;20750188888;21250188888;10240;10228
3572;32633587000;20750188888;21250188888;10240;10228
3573;32633601000;20750188888;21250188888;10240;10228
3574;32633610000;20750200000;21250200000;10240;10228
3575;32633811000;20750488888;21250488888;10240;10228
3576;32634094000;20750488888;21250488888;10240;10228
3577;32634113000;20750488888;21250488888;10240;10228
3578;32634334000;20791855555;21291855555;10240;10228
3579;32634344000;20791855555;21291855555;10240;10228
3580;32634718000;20791855555;21291855555;10240;10228
3581;32634732000;20791855555;21291855555;10240;10228
3582;32634960000;20791855555;21291855555;10240;10228
3583;32634970000;20791855555;21291855555;10240;10228
3584;32635185000;20791855555;21291855555;10240;10228
3585;32635194000;20791877777;21291877777;10240;10228
3586;32635445000;20792200000;21292200000;10240;10228
3587;32635455000;20792200000;21292200000;10240;10228
3588;32635723000;20792200000;21292200000;10240;10228
3589;32635745000;20833555555;21333555555;10240;10228
3590;32636350000;20833555555;21333555555;10240;10228
3591;32860399000;20833555555;21333555555;10240;10228
3592;32860412000;20833555555;21333555555;10240;10228
3593;32860952000;20833555555;21333555555;10240;10228
3594;32861311000;20833555555;21333555555;10240;10228
3595;32862886000;20833555555;21333555555;10240;10228
3596;32862899000;20833577777;21333577777;10240;10228
3597;32863122000;20833922222;21333922222;10240;10228
3598;32863382000;20833922222;21333922222;10240;10228
3599;32863642000;20833922222;21333922222;10240;10228
3600;32863657000;20875188888;21375188888;10240;10228
3601;32863917000;20875188888;21375188888;10240;10228
3602;32863934000;20875188888;21375188888;10240;10228
3603;32864617000;20875188888;21375188888;10240;10228
3604;32864637000;20875188888;21375188888;10240;10228
3605;32864812000;20875188888;21375188888;10240;10228
3606;32864827000;20875188888;21375188888;10240;10228
3607;32866114000;20875211111;21375211111;10240;10228
3608;32867127000;20875522222;21375522222;10240;10228
3609;32867141000;20875522222;21375522222;10240;10228
3610;32867791000;20875522222;21375522222;10240;10228
3611;32868112000;20916855555;21416855555;10240;10228
3612;32868126000;20916855555;21416855555;10240;10228
3613;32868362000;20916855555;21416855555;10240;10228
3614;32868776000;20916855555;21416855555;10240;10228
3615;32868791000;20916855555;21416855555;10240;10228
3616;32869015000;20916855555;21416855555;10240;10228
3617;32869260000;20916855555;21416855555;10240;10228
3618;32869269000;20916877777;21416877777;10240;10228
3619;32869775000;20917188888;21417188888;10240;10228
3620;32869789000;20917188888;21417188888;10240;10228
3621;32870044000;20917188888;21417188888;10240;10228
3622;32870299000;20958522222;21458522222;10240;10228
3623;32870310000;20958522222;21458522222;10240;10228
3624;32870590000;20958522222;21458522222;10240;10228
3625;32870606000;20958522222;21458522222;10240;10228
3626;32870771000;20958522222;21458522222;10240;10228
3627;32871057000;20958522222;21458522222;10240;10228
3628;32871272000;20958522222;21458522222;10240;10228
3629;32871281000;20958533333;21458533333;10240;10228
3630;32871760000;20958811111;21458811111;10240;10228
3631;32871774000;20958811111;21458811111;10240;10228
3632;32872001000;20958811111;21458811111;10240;10228
3634;32872251000;21000177777;21500177777;10240;10228
3635;32872514000;21000177777;21500177777;10240;10228
3636;32872533000;21000177777;21500177777;10240;10228
3637;32872768000;21000177777;21500177777;10240;10228
3638;32872784000;21000177777;21500177777;10240;10228
3639;32872792000;21000177777;21500177777;10240;10228
3640;32873080000;21000200000;21500200000;10240;10228
3641;32873348000;21000488888;21500488888;10240;10228
3642;32873356000;21000488888;21500488888;10240;10228
3643;32873601000;21000488888;21500488888;10240;10228
3644;32873617000;21041855555;21541855555;10240;10228
3645;32873798000;21041855555;21541855555;10240;10228
3646;32874039000;21041855555;21541855555;10240;10228
3647;32874052000;21041855555;21541855555;10240;10228
3648;32874068000;21041855555;21541855555;10240;10228
3649;32874333000;21041855555;21541855555;10240;10228
3650;32874340000;21041855555;21541855555;10240;10228
3651;32874564000;21041877777;21541877777;10240;10228
3652;32874574000;21042200000;21542200000;10240;10228
3653;32874834000;21042200000;21542200000;10240;10228
3654;32874853000;21042200000;21542200000;10240;10228
3655;32875076000;21083522222;21583522222;10240;10228
3656;32875086000;21083522222;21583522222;10240;10228
3657;32875337000;21083522222;21583522222;10240;10228
3658;32875367000;21083522222;21583522222;10240;10228
3659;32875843000;21083522222;21583522222;10240;10228
3660;32875852000;21083522222;21583522222;10240;10228
3661;32876101000;21083522222;21583522222;10240;10228
3662;32876120000;21083533333;21583533333;10240;10228
3663;32876340000;21083833333;21583833333;10240;10228
3664;32876350000;21083833333;21583833333;10240;10228
3665;32876593000;21083833333;21583833333;10240;10228
3666;32876603000;21125188888;21625188888;10240;10228
3667;32876852000;21125188888;21625188888;10240;10228
3668;32876883000;21125188888;21625188888;10240;10228
3669;32877429000;21125188888;21625188888;10240;10228
3670;33101683000;21125188888;21625188888;10240;10228
3671;33101709000;21125188888;21625188888;10240;10228
3672;33102089000;21125188888;21625188888;10240;10228
3673;33102322000;21125200000;21625200000;10240;10228
3674;33103516000;21125477777;21625477777;10240;10228
3675;33103961000;21125477777;21625477777;10240;10228
3676;33104200000;21125477777;21625477777;10240;10228
3677;33104440000;21166855555;21666855555;10240;10228
3678;33104450000;21166855555;21666855555;10240;10228
3679;33104720000;21166855555;21666855555;10240;10228
3680;33104734000;21166855555;21666855555;10240;10228
3681;33105036000;21166855555;21666855555;10240;10228
3682;33105713000;21166855555;21666855555;10240;10228
3683;33105975000;21166855555;21666855555;10240;10228
3684;33105985000;21166877777;21666877777;10240;10228
3685;33106202000;21167200000;21667200000;10240;10228
3686;33107272000;21167200000;21667200000;10240;10228
3687;33107700000;21167200000;21667200000;10240;10228
3688;33108250000;21208522222;21708522222;10240;10228
3689;33108262000;21208522222;21708522222;10240;10228
3690;33108767000;21208522222;21708522222;10240;10228
3691;33109205000;21208522222;21708522222;10240;10228
3692;33109468000;21208522222;21708522222;10240;10228
3693;33109863000;21208522222;21708522222;10240;10228
3694;33110144000;21208522222;21708522222;10240;10228
3695;33110153000;21208533333;21708533333;10240;10228
3696;33110170000;21208811111;21708811111;10240;10228
3697;33110398000;21208811111;21708811111;10240;10228
3698;33110935000;21208811111;21708811111;10240;10228
3699;33110947000;21250188888;21750188888;10240;10228
3700;33111175000;21250188888;21750188888;10240;10228
3701;33111416000;21250188888;21750188888;10240;10228
3702;33111428000;21250188888;21750188888;10240;10228
3703;33111712000;21250188888;21750188888;10240;10228
3704;33111727000;21250188888;21750188888;10240;10228
3705;33111954000;21250188888;21750188888;10240;10228
3706;33111985000;21250200000;21750200000;10240;10228
3707;33112204000;21250477777;21750477777;10240;10228
3708;33112216000;21250477777;21750477777;10240;10228
3709;33112514000;21250477777;21750477777;10240;10228
3710;33112800000;21291844444;21791844444;10240;10228
3711;33113127000;21291844444;21791844444;10240;10228
3712;33113137000;21291844444;21791844444;10240;10228
3713;33113658000;21291844444;21791844444;10240;10228
3714;33113680000;21291844444;21791844444;10240;10228
3715;33113935000;21291844444;21791844444;10240;10228
3716;33113942000;21291844444;21791844444;10240;10228
3717;33114147000;21291866666;21791866666;10240;10228
3718;33114168000;21292177777;21792177777;10240;10228
3719;33114402000;21292177777;21792177777;10240;10228
3720;33114413000;21292177777;21792177777;10240;10228
3721;33114661000;21333522222;21833522222;10240;10228
3722;33114682000;21333522222;21833522222;10240;10228
3723;33114875000;21333522222;21833522222;10240;10228
3724;33114884000;21333522222;21833522222;10240;10228
3725;33115150000;21333522222;21833522222;10240;10228
3726;33115161000;21333522222;21833522222;10240;10228
3727;33115412000;21333522222;21833522222;10240;10228
3728;33115431000;21333533333;21833533333;10240;10228
3729;33115452000;21333800000;21833800000;10240;10228
3730;33115705000;21333800000;21833800000;10240;10228
3731;33115720000;21333800000;21833800000;10240;10228
3732;33115946000;21375188888;21875188888;10240;10228
3733;33115958000;21375188888;21875188888;10240;10228
3734;33116196000;21375188888;21875188888;10240;10228
3735;33116207000;21375188888;21875188888;10240;10228
3736;33116411000;21375188888;21875188888;10240;10228
3737;33116422000;21375188888;21875188888;10240;10228
3738;33116967000;21375188888;21875188888;10240;10228
3739;33116978000;21375200000;21875200000;10240;10228
3740;33117211000;21375466666;21875466666;10240;10228
3741;33117221000;21375466666;21875466666;10240;10228
3742;33117443000;21375466666;21875466666;10240;10228
3743;33117453000;21416844444;21916844444;10240;10228
3744;33117721000;21416844444;21916844444;10240;10228
3745;33117731000;21416844444;21916844444;10240;10228
3746;33117973000;21416844444;21916844444;10240;10228
3747;33117982000;21416844444;21916844444;10240;10228
3748;33118219000;21416844444;21916844444;10240;10228
3749;33342879000;21416844444;21916844444;10240;10228
3750;33342891000;21416866666;21916866666;10240;10228
3751;33343177000;21417200000;21917200000;10240;10228
3752;33343428000;21417200000;21917200000;10240;10228
3753;33344629000;21417200000;21917200000;10240;10228
3754;33344639000;21458522222;21958522222;10240;10228
3755;33344902000;21458522222;21958522222;10240;10228
3756;33345183000;21458522222;21958522222;10240;10228
3757;33345615000;21458522222;21958522222;10240;10228
3758;33345871000;21458522222;21958522222;10240;10228
3759;33345887000;21458522222;21958522222;10240;10228
3760;33346116000;21458522222;21958522222;10240;10228
3761;33346429000;21458533333;21958533333;10240;10228
3762;33346734000;21458811111;21958811111;10240;10228
3763;33347087000;21458811111;21958811111;10240;10228
3764;33347097000;21458811111;21958811111;10240;10228
3765;33348395000;21500188888;22000188888;10240;10228
3766;33348820000;21500188888;22000188888;10240;10228
3767;33348834000;21500188888;22000188888;10240;10228
3768;33349357000;21500188888;22000188888;10240;10228
3769;33349898000;21500188888;22000188888;10240;10228
3770;33349913000;21500188888;22000188888;10240;10228
3771;33350558000;21500188888;22000188888;10240;10228
3772;33350569000;21500200000;22000200000;10240;10228
3773;33351247000;21500488888;22000488888;10240;10228
3774;33351272000;21500488888;22000488888;10240;10228
3775;33351450000;21500488888;22000488888;10240;10228
3776;33351747000;21541855555;22041855555;10240;10228
3777;33352055000;21541855555;22041855555;10240;10228
3778;33352067000;21541855555;22041855555;10240;10228
3779;33352307000;21541855555;22041855555;10240;10228
3780;33352576000;21541855555;22041855555;10240;10228
3781;33352591000;21541855555;22041855555;10240;10228
3782;33352810000;21541855555;22041855555;10240;10228
3783;33352821000;21541877777;22041877777;10240;10228
3784;33353066000;21542177777;22042177777;10240;10228
3785;33353078000;21542177777;22042177777;10240;10228
3786;33353318000;21542177777;22042177777;10240;10228
3787;33353341000;21583544444;22083544444;10240;10228
3788;33353598000;21583544444;22083544444;10240;10228
3789;33353841000;21583544444;22083544444;10240;10228
3790;33354248000;21583544444;22083544444;10240;10228
3793;33354523000;21583544444;22083544444;10240;10228
3794;33354783000;21583566666;22083566666;10240;10228
3795;33355036000;21583844444;22083844444;10240;10228
3796;33355046000;21583844444;22083844444;10240;10228
3797;33355262000;21583844444;22083844444;10240;10228
3798;33355535000;21625188888;22125188888;10240;10228
3799;33355555000;21625188888;22125188888;10240;10228
3800;33355565000;21625188888;22125188888;10240;10228
3801;33355785000;21625188888;22125188888;10240;10228
3802;33355795000;21625188888;22125188888;10240;10228
3803;33356037000;21625188888;22125188888;10240;10228
3804;33356282000;21625188888;22125188888;10240;10228
3805;33356301000;21625200000;22125200000;10240;10228
3806;33356535000;21625433333;22125433333;10240;10228
3807;33356547000;21625433333;22125433333;10240;10228
3808;33356790000;21625433333;22125433333;10240;10228
3809;33356813000;21666855555;22166855555;10240;10228
3810;33357039000;21666855555;22166855555;10240;10228
3811;33357050000;21666855555;22166855555;10240;10228
3812;33357285000;21666855555;22166855555;10240;10228
3813;33357295000;21666855555;22166855555;10240;10228
3814;33357572000;21666855555;22166855555;10240;10228
3815;33357583000;21666855555;22166855555;10240;10228
3816;33357592000;21666900000;22166900000;10240;10228
3817;33357793000;21667211111;22167211111;10240;10228
3818;33358073000;21667211111;22167211111;10240;10228
3819;33358307000;21667211111;22167211111;10240;10228
3820;33358316000;21708522222;22208522222;10240;10228
3821;33358568000;21708522222;22208522222;10240;10228
3822;33358579000;21708522222;22208522222;10240;10228
3823;33358823000;21708522222;22208522222;10240;10228
3824;33358833000;21708522222;22208522222;10240;10228
3825;33359086000;21708522222;22208522222;10240;10228
3826;33359098000;21708522222;22208522222;10240;10228
3827;33359328000;21708544444;22208544444;10240;10228
3828;33359351000;21708822222;22208822222;10240;10228
3829;33584006000;21708822222;22208822222;10240;10228
3830;33584306000;21708822222;22208822222;10240;10228
3831;33584595000;21750188888;22250188888;10240;10228
3832;33585208000;21750188888;22250188888;10240;10228
3833;33585723000;21750188888;22250188888;10240;10228
3834;33585993000;21750188888;22250188888;10240;10228
3835;33586254000;21750188888;22250188888;10240;10228
3836;33586264000;21750188888;22250188888;10240;10228
3837;33587006000;21750188888;22250188888;10240;10228
3838;33587020000;21750200000;22250200000;10240;10228
3839;33587239000;21750477777;22250477777;10240;10228
3840;33587543000;21750477777;22250477777;10240;10228
3841;33587834000;21750477777;22250477777;10240;10228
3842;33587847000;21791855555;22291855555;10240;10228
3843;33588079000;21791855555;22291855555;10240;10228
3844;33589545000;21791855555;22291855555;10240;10228
3845;33589953000;21791855555;22291855555;10240;10228
3846;33589967000;21791855555;22291855555;10240;10228
3847;33590215000;21791855555;22291855555;10240;10228
3848;33591034000;21791855555;22291855555;10240;10228
3849;33591046000;21791877777;22291877777;10240;10228
3850;33591274000;21792211111;22292211111;10240;10228
3851;33591681000;21792211111;22292211111;10240;10228
3852;33591695000;21792211111;22292211111;10240;10228
3853;33592356000;21833522222;22333522222;10240;10228
3854;33592367000;21833522222;22333522222;10240;10228
3855;33592877000;21833522222;22333522222;10240;10228
3856;33593142000;21833522222;22333522222;10240;10228
3857;33593152000;21833522222;22333522222;10240;10228
3858;33593398000;21833522222;22333522222;10240;10228
3859;33593658000;21833522222;22333522222;10240;10228
3860;33593672000;21833533333;22333533333;10240;10228
3861;33593954000;21833822222;22333822222;10240;10228
3862;33593964000;21833822222;22333822222;10240;10228
3863;33594191000;21833822222;22333822222;10240;10228
3864;33594201000;21875188888;22375188888;10240;10228
3865;33594404000;21875188888;22375188888;10240;10228
3866;33594689000;21875188888;22375188888;10240;10228
3867;33594701000;21875188888;22375188888;10240;10228
3868;33594959000;21875188888;22375188888;10240;10228
3869;33595184000;21875188888;22375188888;10240;10228
3870;33595581000;21875188888;22375188888;10240;10228
3871;33595596000;21875200000;22375200000;10240;10228
3872;33596190000;21875488888;22375488888;10240;10228
3873;33596201000;21875488888;22375488888;10240;10228
3874;33596425000;21875488888;22375488888;10240;10228
3875;33596435000;21916855555;22416855555;10240;10228
3876;33596702000;21916855555;22416855555;10240;10228
3877;33596716000;21916855555;22416855555;10240;10228
3878;33596951000;21916855555;22416855555;10240;10228
3879;33596982000;21916855555;22416855555;10240;10228
3880;33597187000;21916855555;22416855555;10240;10228
3881;33597197000;21916855555;22416855555;10240;10228
3882;33597416000;21916877777;22416877777;10240;10228
3883;33597447000;21917166666;22417166666;10240;10228
3884;33597658000;21917166666;22417166666;10240;10228
3885;33597668000;21917166666;22417166666;10240;10228
3886;33597907000;21958511111;22458511111;10240;10228
3887;33597923000;21958511111;22458511111;10240;10228
3888;33598193000;21958511111;22458511111;10240;10228
3889;33598216000;21958511111;22458511111;10240;10228
3890;33598418000;21958511111;22458511111;10240;10228
3891;33598438000;21958511111;22458511111;10240;10228
3892;33598695000;21958511111;22458511111;10240;10228
3893;33598706000;21958533333;22458533333;10240;10228
3894;33598719000;21958800000;22458800000;10240;10228
3895;33598945000;21958800000;22458800000;10240;10228
3896;33598954000;21958800000;22458800000;10240;10228
3897;33599206000;22000188888;22500188888;10240;10228
3898;33599236000;22000188888;22500188888;10240;10228
3899;33599421000;22000188888;22500188888;10240;10228
3900;33599725000;22000188888;22500188888;10240;10228
3901;33599734000;22000188888;22500188888;10240;10228
3902;33599982000;22000188888;22500188888;10240;10228
3903;33600009000;22000188888;22500188888;10240;10228
3904;33600232000;22000200000;22500200000;10240;10228
3905;33600251000;22000488888;22500488888;10240;10228
3906;33600454000;22000488888;22500488888;10240;10228
3907;33600491000;22000488888;22500488888;10240;10228
3908;33824865000;22041855555;22541855555;10240;10228
3909;33825381000;22041855555;22541855555;10240;10228
3910;33825647000;22041855555;22541855555;10240;10228
3911;33826385000;22041855555;22541855555;10240;10228
3912;33826400000;22041855555;22541855555;10240;10228
3913;33827100000;22041855555;22541855555;10240;10228
3914;33827342000;22041855555;22541855555;10240;10228
3915;33827354000;22041877777;22541877777;10240;10228
3916;33827621000;22042211111;22542211111;10240;10228
3917;33828170000;22042211111;22542211111;10240;10228
3918;33828183000;22042211111;22542211111;10240;10228
3919;33828683000;22083522222;22583522222;10240;10228
3920;33828921000;22083522222;22583522222;10240;10228
3921;33828933000;22083522222;22583522222;10240;10228
3922;33829182000;22083522222;22583522222;10240;10228
3923;33830704000;22083522222;22583522222;10240;10228
3924;33831064000;22083522222;22583522222;10240;10228
3925;33831075000;22083522222;22583522222;10240;10228
3926;33831314000;22083533333;22583533333;10240;10228
3927;33831325000;22083822222;22583822222;10240;10228
3928;33832180000;22083822222;22583822222;10240;10228
3929;33832193000;22083822222;22583822222;10240;10228
3930;33832436000;22125188888;22625188888;10240;10228
3933;33833481000;22125188888;22625188888;10240;10228
3934;33834033000;22125188888;22625188888;10240;10228
3935;33834047000;22125188888;22625188888;10240;10228
3936;33834264000;22125188888;22625188888;10240;10228
3937;33834508000;22125200000;22625200000;10240;10228
3938;33834898000;22125466666;22625466666;10240;10228
3939;33834910000;22125466666;22625466666;10240;10228
3940;33835133000;22125466666;22625466666;10240;10228
3941;33835140000;22166855555;22666855555;10240;10228
3942;33835338000;22166855555;22666855555;10240;10228
3943;33835345000;22166855555;22666855555;10240;10228
3944;33835641000;22166855555;22666855555;10240;10228
3945;33835881000;22166855555;22666855555;10240;10228
3946;33835900000;22166855555;22666855555;10240;10228
3947;33836127000;22166855555;22666855555;10240;10228
3948;33836133000;22166877777;22666877777;10240;10228
3949;33836311000;22167188888;22667188888;10240;10228
3950;33836808000;22167188888;22667188888;10240;10228
3951;33836819000;22167188888;22667188888;10240;10228
3952;33837219000;22208522222;22708522222;10240;10228
3953;33837406000;22208522222;22708522222;10240;10228
3954;33837718000;22208522222;22708522222;10240;10228
3955;33837932000;22208522222;22708522222;10240;10228
3956;33837939000;22208522222;22708522222;10240;10228
3957;33838189000;22208522222;22708522222;10240;10228
3959;33838195000;22208533333;22708533333;10240;10228
3960;33838386000;22208822222;22708822222;10240;10228
3961;33838723000;22208822222;22708822222;10240;10228
3962;33838732000;22208822222;22708822222;10240;10228
3963;33838960000;22250188888;22750188888;10240;10228
3964;33838967000;22250188888;22750188888;10240;10228
3965;33839210000;22250188888;22750188888;10240;10228
3966;33839226000;22250188888;22750188888;10240;10228
3967;33839391000;22250188888;22750188888;10240;10228
3968;33839397000;22250188888;22750188888;10240;10228
3969;33839711000;22250188888;22750188888;10240;10228
3970;33839718000;22250200000;22750200000;10240;10228
3971;33839963000;22250488888;22750488888;10240;10228
3972;33839982000;22250488888;22750488888;10240;10228
3973;33839986000;22250488888;22750488888;10240;10228
3974;33840227000;22291855555;22791855555;10240;10228
3975;33840234000;22291855555;22791855555;10240;10228
3978;33840401000;22291855555;22791855555;10240;10228
3979;33840906000;22291855555;22791855555;10240;10228
3980;33840912000;22291855555;22791855555;10240;10228
3981;33841156000;22291877777;22791877777;10240;10228
3982;33841162000;22292188888;22792188888;10240;10228
3983;33841336000;22292188888;22792188888;10240;10228
3984;33841342000;22292188888;22792188888;10240;10228
3985;33841657000;22333522222;22833522222;10240;10228
3986;33841663000;22333522222;22833522222;10240;10228
3987;33841906000;22333522222;22833522222;10240;10228
3988;34065968000;22333522222;22833522222;10240;10228
3989;34066772000;22333522222;22833522222;10240;10228
3990;34067561000;22333522222;22833522222;10240;10228
3991;34067588000;22333522222;22833522222;10240;10228
3992;34067775000;22333533333;22833533333;10240;10228
3993;34068460000;22333811111;22833811111;10240;10228
3994;34068496000;22333811111;22833811111;10240;10228
3995;34068722000;22333811111;22833811111;10240;10228
3996;34068737000;22375188888;22875188888;10240;10228
3997;34069311000;22375188888;22875188888;10240;10228
3998;34069833000;22375188888;22875188888;10240;10228
3999;34070073000;22375188888;22875188888;10240;10228
4000;34070086000;22375188888;22875188888;10240;10228
4001;34070324000;22375188888;22875188888;10240;10228
4002;34070344000;22375188888;22875188888;10240;10228
4003;34072020000;22375200000;22875200000;10240;10228
4004;34072298000;22375477777;22875477777;10240;10228
4005;34072309000;22375477777;22875477777;10240;10228
4006;34072585000;22375477777;22875477777;10240;10228
4007;34072922000;22416855555;22916855555;10240;10228
4008;34073266000;22416855555;22916855555;10240;10228
4009;34073532000;22416855555;22916855555;10240;10228
4010;34073542000;22416855555;22916855555;10240;10228
4011;34074675000;22416855555;22916855555;10240;10228
4012;34075175000;22416855555;22916855555;10240;10228
4013;34075186000;22416855555;22916855555;10240;10228
4014;34075423000;22416877777;22916877777;10240;10228
4015;34075434000;22417188888;22917188888;10240;10228
4016;34075683000;22417188888;22917188888;10240;10228
4017;34076027000;22417188888;22917188888;10240;10228
4018;34076034000;22458522222;22958522222;10240;10228
4019;34076243000;22458522222;22958522222;10240;10228
4020;34076269000;22458522222;22958522222;10240;10228
4021;34076452000;22458522222;22958522222;10240;10228
4022;34076754000;22458522222;22958522222;10240;10228
4023;34076767000;22458522222;22958522222;10240;10228
4024;34076777000;22458522222;22958522222;10240;10228
4025;34076996000;22458533333;22958533333;10240;10228
4026;34077320000;22458822222;22958822222;10240;10228
4027;34077329000;22458822222;22958822222;10240;10228
4028;34077836000;22458822222;22958822222;10240;10228
4029;34077856000;22500188888;23000188888;10240;10228
4030;34077866000;22500188888;23000188888;10240;10228
4031;34078292000;22500188888;23000188888;10240;10228
4032;34078503000;22500188888;23000188888;10240;10228
4033;34078842000;22500188888;23000188888;10240;10228
4034;34078852000;22500188888;23000188888;10240;10228
4035;34079093000;22500188888;23000188888;10240;10228
4036;34079102000;22500200000;23000200000;10240;10228
4037;34079342000;22500500000;23000500000;10240;10228
4038;34079352000;22500500000;23000500000;10240;10228
4039;34079812000;22500500000;23000500000;10240;10228
4040;34079822000;22541855555;23041855555;10240;10228
4041;34080052000;22541855555;23041855555;10240;10228
4042;34080061000;22541855555;23041855555;10240;10228
4043;34080337000;22541855555;23041855555;10240;10228
4044;34080356000;22541855555;23041855555;10240;10228
4045;34080578000;22541855555;23041855555;10240;10228
4046;34080589000;22541855555;23041855555;10240;10228
4047;34080837000;22541877777;23041877777;10240;10228
4048;34080857000;22542188888;23042188888;10240;10228
4049;34081078000;22542188888;23042188888;10240;10228
4050;34081088000;22542188888;23042188888;10240;10228
4051;34081329000;22583522222;23083522222;10240;10228
4052;34081340000;22583522222;23083522222;10240;10228
4053;34081572000;22583522222;23083522222;10240;10228
4054;34081592000;22583522222;23083522222;10240;10228
4055;34081829000;22583522222;23083522222;10240;10228
4056;34082073000;22583522222;23083522222;10240;10228
4057;34082092000;22583522222;23083522222;10240;10228
4058;34082108000;22583533333;23083533333;10240;10228
4059;34082334000;22583822222;23083822222;10240;10228
4060;34082357000;22583822222;23083822222;10240;10228
4061;34082548000;22583822222;23083822222;10240;10228
4062;34082575000;22625188888;23125188888;10240;10228
4063;34082810000;22625188888;23125188888;10240;10228
4064;34082827000;22625188888;23125188888;10240;10228
4065;34083047000;22625188888;23125188888;10240;10228
4066;34306796000;22625188888;23125188888;10240;10228
4067;34307083000;22625188888;23125188888;10240;10228
4068;34307895000;22625188888;23125188888;10240;10228
4069;34308577000;22625200000;23125200000;10240;10228
4070;34308834000;22625444444;23125444444;10240;10228
4071;34308852000;22625444444;23125444444;10240;10228
4072;34309077000;22625444444;23125444444;10240;10228
4073;34309611000;22666855555;23166855555;10240;10228
4074;34309864000;22666855555;23166855555;10240;10228
4075;34309878000;22666855555;23166855555;10240;10228
4076;34310407000;22666855555;23166855555;10240;10228
4077;34310960000;22666855555;23166855555;10240;10228
4078;34311204000;22666855555;23166855555;10240;10228
4079;34311215000;22666855555;23166855555;10240;10228
4081;34311499000;22667177777;23167177777;10240;10228
4082;34312602000;22667177777;23167177777;10240;10228
4083;34313385000;22667177777;23167177777;10240;10228
4084;34313397000;22708522222;23208522222;10240;10228
4085;34313691000;22708522222;23208522222;10240;10228
4086;34314019000;22708522222;23208522222;10240;10228
4087;34314029000;22708522222;23208522222;10240;10228
4088;34314619000;22708522222;23208522222;10240;10228
4089;34314633000;22708522222;23208522222;10240;10228
4090;34315809000;22708522222;23208522222;10240;10228
4091;34315823000;22708544444;23208544444;10240;10228
4092;34316150000;22708833333;23208833333;10240;10228
4093;34316522000;22708833333;23208833333;10240;10228
4094;34316798000;22708833333;23208833333;10240;10228
4095;34316808000;22750177777;23250177777;10240;10228
4096;34317127000;22750177777;23250177777;10240;10228
4097;34317140000;22750177777;23250177777;10240;10228
4098;34317377000;22750177777;23250177777;10240;10228
4099;34317389000;22750177777;23250177777;10240;10228
4100;34317632000;22750177777;23250177777;10240;10228
4101;34317883000;22750177777;23250177777;10240;10228
4102;34317894000;22750188888;23250188888;10240;10228
4103;34317903000;22750477777;23250477777;10240;10228
4104;34318130000;22750477777;23250477777;10240;10228
4105;34318141000;22750477777;23250477777;10240;10228
4106;34318372000;22791844444;23291844444;10240;10228
4108;34319043000;22791844444;23291844444;10240;10228
4109;34319053000;22791844444;23291844444;10240;10228
4110;34319275000;22791844444;23291844444;10240;10228
4111;34319572000;22791844444;23291844444;10240;10228
4112;34320015000;22791844444;23291844444;10240;10228
4113;34320036000;22791855555;23291855555;10240;10228
4114;34320247000;22792188888;23292188888;10240;10228
4115;34320259000;22792188888;23292188888;10240;10228
4116;34320468000;22792188888;23292188888;10240;10228
4117;34320507000;22833511111;23333511111;10240;10228
4118;34320931000;22833511111;23333511111;10240;10228
4119;34320959000;22833511111;23333511111;10240;10228
4120;34321171000;22833511111;23333511111;10240;10228
4121;34321191000;22833511111;23333511111;10240;10228
4122;34321428000;22833511111;23333511111;10240;10228
4123;34321447000;22833511111;23333511111;10240;10228
4124;34321676000;22833522222;23333522222;10240;10228
4125;34321921000;22833833333;23333833333;10240;10228
4126;34321933000;22833833333;23333833333;10240;10228
4127;34321947000;22833833333;23333833333;10240;10228
4128;34322134000;22875188888;23375188888;10240;10228
4129;34322395000;22875188888;23375188888;10240;10228
4130;34322420000;22875188888;23375188888;10240;10228
4131;34322676000;22875188888;23375188888;10240;10228
4132;34322687000;22875188888;23375188888;10240;10228
4133;34322902000;22875188888;23375188888;10240;10228
4134;34322912000;22875188888;23375188888;10240;10228
4135;34322934000;22875211111;23375211111;10240;10228
4136;34323183000;22875511111;23375511111;10240;10228
4137;34323190000;22875511111;23375511111;10240;10228
4138;34323392000;22875511111;23375511111;10240;10228
4139;34323407000;22916855555;23416855555;10240;10228
4140;34323672000;22916855555;23416855555;10240;10228
4141;34323695000;22916855555;23416855555;10240;10228
4142;34323968000;22916855555;23416855555;10240;10228
4143;34323988000;22916855555;23416855555;10240;10228
4144;34547328000;22916855555;23416855555;10240;10228
4145;34547790000;22916855555;23416855555;10240;10228
4146;34548101000;22916877777;23416877777;10240;10228
4147;34549073000;22917177777;23417177777;10240;10228
4148;34549708000;22917177777;23417177777;10240;10228
4149;34549974000;22917177777;23417177777;10240;10228
4150;34549990000;22958511111;23458511111;10240;10228
4151;34550225000;22958511111;23458511111;10240;10228
4152;34550757000;22958511111;23458511111;10240;10228
4153;34551008000;22958511111;23458511111;10240;10228
4154;34551019000;22958511111;23458511111;10240;10228
4155;34551594000;22958511111;23458511111;10240;10228
4156;34552143000;22958511111;23458511111;10240;10228
4157;34552156000;22958533333;23458533333;10240;10228
4158;34552405000;22958811111;23458811111;10240;10228
4159;34552666000;22958811111;23458811111;10240;10228
4160;34553797000;22958811111;23458811111;10240;10228
4161;34553811000;23000188888;23500188888;10240;10228
4162;34554582000;23000188888;23500188888;10240;10228
4163;34554602000;23000188888;23500188888;10240;10228
4164;34554813000;23000188888;23500188888;10240;10228
4165;34555125000;23000188888;23500188888;10240;10228
4166;34555135000;23000188888;23500188888;10240;10228
4167;34555374000;23000188888;23500188888;10240;10228
4168;34555660000;23000200000;23500200000;10240;10228
4169;34556756000;23000511111;23500511111;10240;10228
4170;34556770000;23000511111;23500511111;10240;10228
4171;34557261000;23000511111;23500511111;10240;10228
4172;34557681000;23041855555;23541855555;10240;10228
4173;34557929000;23041855555;23541855555;10240;10228
4174;34557940000;23041855555;23541855555;10240;10228
4175;34558196000;23041855555;23541855555;10240;10228
4176;34558425000;23041855555;23541855555;10240;10228
4177;34558435000;23041855555;23541855555;10240;10228
4178;34558706000;23041855555;23541855555;10240;10228
4179;34558720000;23041877777;23541877777;10240;10228
4180;34558731000;23042200000;23542200000;10240;10228
4181;34558953000;23042200000;23542200000;10240;10228
4182;34558973000;23042200000;23542200000;10240;10228
4183;34559290000;23083522222;23583522222;10240;10228
4184;34559301000;23083522222;23583522222;10240;10228
4185;34559537000;23083522222;23583522222;10240;10228
4186;34560188000;23083522222;23583522222;10240;10228
4187;34560449000;23083522222;23583522222;10240;10228
4188;34560468000;23083522222;23583522222;10240;10228
4189;34560758000;23083522222;23583522222;10240;10228
4190;34560771000;23083533333;23583533333;10240;10228
4191;34561052000;23083822222;23583822222;10240;10228
4192;34561063000;23083822222;23583822222;10240;10228
4193;34561402000;23083822222;23583822222;10240;10228
4194;34561660000;23125188888;23625188888;10240;10228
4195;34561675000;23125188888;23625188888;10240;10228
4196;34561683000;23125188888;23625188888;10240;10228
4197;34561899000;23125188888;23625188888;10240;10228
4198;34561909000;23125188888;23625188888;10240;10228
4199;34562149000;23125188888;23625188888;10240;10228
4200;34562402000;23125188888;23625188888;10240;10228
4201;34562412000;23125200000;23625200000;10240;10228
4202;34562653000;23125466666;23625466666;10240;10228
4203;34562866000;23125466666;23625466666;10240;10228
4204;34562882000;23125466666;23625466666;10240;10228
4205;34563117000;23166855555;23666855555;10240;10228
4206;34563131000;23166855555;23666855555;10240;10228
4207;34563413000;23166855555;23666855555;10240;10228
4208;34563424000;23166855555;23666855555;10240;10228
4209;34563617000;23166855555;23666855555;10240;10228
4210;34563905000;23166855555;23666855555;10240;10228
4211;34563916000;23166855555;23666855555;10240;10228
4212;34563928000;23166877777;23666877777;10240;10228
4213;34564156000;23167200000;23667200000;10240;10228
4214;34564166000;23167200000;23667200000;10240;10228
4215;34564394000;23167200000;23667200000;10240;10228
4216;34564412000;23208522222;23708522222;10240;10228
4217;34564651000;23208522222;23708522222;10240;10228
4218;34564660000;23208522222;23708522222;10240;10228
4219;34564919000;23208522222;23708522222;10240;10228
4220;34564938000;23208522222;23708522222;10240;10228
4221;34565158000;23208522222;23708522222;10240;10228
4222;34565167000;23208522222;23708522222;10240;10228
4223;34787780000;23208533333;23708533333;10240;10228
4224;34788892000;23208833333;23708833333;10240;10228
4225;34789194000;23208833333;23708833333;10240;10228
4226;34790187000;23208833333;23708833333;10240;10228
4227;34790859000;23250188888;23750188888;10240;10228
4228;34791115000;23250188888;23750188888;10240;10228
4229;34791126000;23250188888;23750188888;10240;10228
4230;34791373000;23250188888;23750188888;10240;10228
4231;34791922000;23250188888;23750188888;10240;10228
4232;34792167000;23250188888;23750188888;10240;10228
4233;34792178000;23250188888;23750188888;10240;10228
4234;34792612000;23250200000;23750200000;10240;10228
4235;34793316000;23250511111;23750511111;10240;10228
4236;34793336000;23250511111;23750511111;10240;10228
4237;34793572000;23250511111;23750511111;10240;10228
4238;34793823000;23291855555;23791855555;10240;10228
4239;34794942000;23291855555;23791855555;10240;10228
4240;34794956000;23291855555;23791855555;10240;10228
4241;34795718000;23291855555;23791855555;10240;10228
4242;34795977000;23291855555;23791855555;10240;10228
4243;34796236000;23291855555;23791855555;10240;10228
4244;34796246000;23291855555;23791855555;10240;10228
4245;34796457000;23291877777;23791877777;10240;10228
4246;34796467000;23292211111;23792211111;10240;10228
4247;34796779000;23292211111;23792211111;10240;10228
4248;34797329000;23292211111;23792211111;10240;10228
4249;34797882000;23333522222;23833522222;10240;10228
4250;34798360000;23333522222;23833522222;10240;10228
4251;34798815000;23333522222;23833522222;10240;10228
4252;34799074000;23333522222;23833522222;10240;10228
4253;34799084000;23333522222;23833522222;10240;10228
4254;34799323000;23333522222;23833522222;10240;10228
4255;34799580000;23333522222;23833522222;10240;10228
4256;34799595000;23333533333;23833533333;10240;10228
4257;34799849000;23333822222;23833822222;10240;10228
4258;34799865000;23333822222;23833822222;10240;10228
4259;34800101000;23333822222;23833822222;10240;10228
4260;34800122000;23375188888;23875188888;10240;10228
4261;34800311000;23375188888;23875188888;10240;10228
4262;34800332000;23375188888;23875188888;10240;10228
4263;34800598000;23375188888;23875188888;10240;10228
4264;34800612000;23375188888;23875188888;10240;10228
4265;34800857000;23375188888;23875188888;10240;10228
4266;34801508000;23375188888;23875188888;10240;10228
4267;34801519000;23375200000;23875200000;10240;10228
4268;34801794000;23375488888;23875488888;10240;10228
4269;34801813000;23375488888;23875488888;10240;10228
4270;34802211000;23375488888;23875488888;10240;10228
4271;34802224000;23416855555;23916855555;10240;10228
4272;34802423000;23416855555;23916855555;10240;10228
4273;34802725000;23416855555;23916855555;10240;10228
4274;34802751000;23416855555;23916855555;10240;10228
4275;34802962000;23416855555;23916855555;10240;10228
4276;34802972000;23416855555;23916855555;10240;10228
4277;34803213000;23416855555;23916855555;10240;10228
4278;34803223000;23416877777;23916877777;10240;10228
4279;34803428000;23417200000;23917200000;10240;10228
4280;34803439000;23417200000;23917200000;10240;10228
4281;34803803000;23417200000;23917200000;10240;10228
4282;34803816000;23458511111;23958511111;10240;10228
4283;34804047000;23458511111;23958511111;10240;10228
4284;34804058000;23458511111;23958511111;10240;10228
4285;34804297000;23458511111;23958511111;10240;10228
4286;34804307000;23458511111;23958511111;10240;10228
4287;34804567000;23458511111;23958511111;10240;10228
4288;34804578000;23458511111;23958511111;10240;10228
4289;34804855000;23458533333;23958533333;10240;10228
4290;34804861000;23458822222;23958822222;10240;10228
4291;34805051000;23458822222;23958822222;10240;10228
4292;34805061000;23458822222;23958822222;10240;10228
4293;34805321000;23500177777;24000177777;10240;10228
4294;34805332000;23500177777;24000177777;10240;10228
4295;34805554000;23500177777;24000177777;10240;10228
4296;34805803000;23500177777;24000177777;10240;10228
4297;34805814000;23500177777;24000177777;10240;10228
4298;34806059000;23500177777;24000177777;10240;10228
4299;34806070000;23500177777;24000177777;10240;10228
4300;34806303000;23500200000;24000200000;10240;10228
4301;34806314000;23500500000;24000500000;10240;10228
4302;35028985000;23500500000;24000500000;10240;10228
4303;35029228000;23500500000;24000500000;10240;10228
4304;35030292000;23541855555;24041855555;10240;10228
4305;35031357000;23541855555;24041855555;10240;10228
4306;35032013000;23541855555;24041855555;10240;10228
4307;35032248000;23541855555;24041855555;10240;10228
4308;35032259000;23541855555;24041855555;10240;10228
4309;35032562000;23541855555;24041855555;10240;10228
4310;35033079000;23541855555;24041855555;10240;10228
4311;35033093000;23541877777;24041877777;10240;10228
4312;35033388000;23542200000;24042200000;10240;10228
4313;35033765000;23542200000;24042200000;10240;10228
4314;35034443000;23542200000;24042200000;10240;10228
4315;35034453000;23583522222;24083522222;10240;10228
4317;35034961000;23583522222;24083522222;10240;10228
4318;35036108000;23583522222;24083522222;10240;10228
4319;35036121000;23583522222;24083522222;10240;10228
4320;35036619000;23583522222;24083522222;10240;10228
4321;35036895000;23583522222;24083522222;10240;10228
4322;35036912000;23583533333;24083533333;10240;10228
4323;35037174000;23583833333;24083833333;10240;10228
4324;35037658000;23583833333;24083833333;10240;10228
4325;35037671000;23583833333;24083833333;10240;10228
4326;35037896000;23625188888;24125188888;10240;10228
4327;35038463000;23625188888;24125188888;10240;10228
4328;35038494000;23625188888;24125188888;10240;10228
4329;35039522000;23625188888;24125188888;10240;10228
4330;35039536000;23625188888;24125188888;10240;10228
4331;35039776000;23625188888;24125188888;10240;10228
4332;35040062000;23625188888;24125188888;10240;10228
4333;35040334000;23625200000;24125200000;10240;10228
4334;35040720000;23625466666;24125466666;10240;10228
4335;35040732000;23625466666;24125466666;10240;10228
4336;35040971000;23625466666;24125466666;10240;10228
4337;35040981000;23666855555;24166855555;10240;10228
4338;35041225000;23666855555;24166855555;10240;10228
4339;35041234000;23666855555;24166855555;10240;10228
4340;35041447000;23666855555;24166855555;10240;10228
4341;35041747000;23666855555;24166855555;10240;10228
4342;35041754000;23666855555;24166855555;10240;10228
4343;35041992000;23666855555;24166855555;10240;10228
4344;35042002000;23666877777;24166877777;10240;10228
4345;35042245000;23667188888;24167188888;10240;10228
4346;35042651000;23667188888;24167188888;10240;10228
4347;35042921000;23667188888;24167188888;10240;10228
4348;35042941000;23708533333;24208533333;10240;10228
4349;35043336000;23708533333;24208533333;10240;10228
4350;35043355000;23708533333;24208533333;10240;10228
4351;35043583000;23708533333;24208533333;10240;10228
4352;35043861000;23708533333;24208533333;10240;10228
4353;35043871000;23708533333;24208533333;10240;10228
4354;35044105000;23708533333;24208533333;10240;10228
4355;35044114000;23708555555;24208555555;10240;10228
4357;35044451000;23708855555;24208855555;10240;10228
4358;35044462000;23708855555;24208855555;10240;10228
4359;35044692000;23750188888;24250188888;10240;10228
4360;35044703000;23750188888;24250188888;10240;10228
4361;35044952000;23750188888;24250188888;10240;10228
4362;35045214000;23750188888;24250188888;10240;10228
4363;35045224000;23750188888;24250188888;10240;10228
4364;35045410000;23750188888;24250188888;10240;10228
4365;35045420000;23750188888;24250188888;10240;10228
4366;35045686000;23750200000;24250200000;10240;10228
4367;35045696000;23750488888;24250488888;10240;10228
4368;35045944000;23750488888;24250488888;10240;10228
4369;35045955000;23750488888;24250488888;10240;10228
4370;35046205000;23791855555;24291855555;10240;10228
4371;35046225000;23791855555;24291855555;10240;10228
4372;35046421000;23791855555;24291855555;10240;10228
4373;35046441000;23791855555;24291855555;10240;10228
4374;35046695000;23791855555;24291855555;10240;10228
4375;35046965000;23791855555;24291855555;10240;10228
4376;35046983000;23791855555;24291855555;10240;10228
4377;35047203000;23791877777;24291877777;10240;10228
4378;35047212000;23792200000;24292200000;10240;10228
4379;35047428000;23792200000;24292200000;10240;10228
4380;35047447000;23792200000;24292200000;10240;10228
4381;35270363000;23833511111;24333511111;10240;10228
4382;35270761000;23833511111;24333511111;10240;10228
4383;35271444000;23833511111;24333511111;10240;10228
4384;35272549000;23833511111;24333511111;10240;10228
4385;35273165000;23833511111;24333511111;10240;10228
4386;35273395000;23833511111;24333511111;10240;10228
4387;35273406000;23833511111;24333511111;10240;10228
4388;35273653000;23833533333;24333533333;10240;10228
4389;35274246000;23833833333;24333833333;10240;10228
4390;35274263000;23833833333;24333833333;10240;10228
4391;35274503000;23833833333;24333833333;10240;10228
4392;35274884000;23875188888;24375188888;10240;10228
4393;35275580000;23875188888;24375188888;10240;10228
4394;35275594000;23875188888;24375188888;10240;10228
4395;35276119000;23875188888;24375188888;10240;10228
4396;35277260000;23875188888;24375188888;10240;10228
4398;35277803000;23875188888;24375188888;10240;10228
4399;35277830000;23875200000;24375200000;10240;10228
4400;35278039000;23875511111;24375511111;10240;10228
4401;35278049000;23875511111;24375511111;10240;10228
4402;35278291000;23875511111;24375511111;10240;10228
4403;35278818000;23916855555;24416855555;10240;10228
4404;35278834000;23916855555;24416855555;10240;10228
4405;35279057000;23916855555;24416855555;10240;10228
4406;35279642000;23916855555;24416855555;10240;10228
4407;35279656000;23916855555;24416855555;10240;10228
4408;35279889000;23916855555;24416855555;10240;10228
4409;35280687000;23916855555;24416855555;10240;10228
4410;35280701000;23916877777;24416877777;10240;10228
4411;35281226000;23917200000;24417200000;10240;10228
4412;35281493000;23917200000;24417200000;10240;10228
4413;35281845000;23917200000;24417200000;10240;10228
4414;35281858000;23958511111;24458511111;10240;10228
4415;35282090000;23958511111;24458511111;10240;10228
4416;35282101000;23958511111;24458511111;10240;10228
4417;35282338000;23958511111;24458511111;10240;10228
4418;35282348000;23958511111;24458511111;10240;10228
4419;35282610000;23958511111;24458511111;10240;10228
4420;35282630000;23958511111;24458511111;10240;10228
4421;35282855000;23958533333;24458533333;10240;10228
4422;35283226000;23958822222;24458822222;10240;10228
4423;35283429000;23958822222;24458822222;10240;10228
4424;35283440000;23958822222;24458822222;10240;10228
4425;35283700000;24000188888;24500188888;10240;10228
4426;35284067000;24000188888;24500188888;10240;10228
4427;35284076000;24000188888;24500188888;10240;10228
4428;35284439000;24000188888;24500188888;10240;10228
4429;35284449000;24000188888;24500188888;10240;10228
4430;35284699000;24000188888;24500188888;10240;10228
4431;35284964000;24000188888;24500188888;10240;10228
4432;35284978000;24000200000;24500200000;10240;10228
4433;35285215000;24000500000;24500500000;10240;10228
4434;35285238000;24000500000;24500500000;10240;10228
4435;35285436000;24000500000;24500500000;10240;10228
4436;35285446000;24041855555;24541855555;10240;10228
4437;35285855000;24041855555;24541855555;10240;10228
4438;35285868000;24041855555;24541855555;10240;10228
4439;35286113000;24041855555;24541855555;10240;10228
4440;35286132000;24041855555;24541855555;10240;10228
4441;35286335000;24041855555;24541855555;10240;10228
4442;35286344000;24041855555;24541855555;10240;10228
4443;35286612000;24041877777;24541877777;10240;10228
4444;35286632000;24042222222;24542222222;10240;10228
4445;35286853000;24042222222;24542222222;10240;10228
4446;35286863000;24042222222;24542222222;10240;10228
4447;35287068000;24083522222;24583522222;10240;10228
4448;35287080000;24083522222;24583522222;10240;10228
4449;35287348000;24083522222;24583522222;10240;10228
4450;35287359000;24083522222;24583522222;10240;10228
4451;35287616000;24083522222;24583522222;10240;10228
4452;35287631000;24083522222;24583522222;10240;10228
4453;35287866000;24083522222;24583522222;10240;10228
4454;35287897000;24083533333;24583533333;10240;10228
4455;35288150000;24083844444;24583844444;10240;10228
4456;35288448000;24083844444;24583844444;10240;10228
4457;35288467000;24083844444;24583844444;10240;10228
4458;35288650000;24125188888;24625188888;10240;10228
4459;35288675000;24125188888;24625188888;10240;10228
4461;35511353000;24125188888;24625188888;10240;10228
4462;35512635000;24125188888;24625188888;10240;10228
4463;35513727000;24125188888;24625188888;10240;10228
4464;35514334000;24125188888;24625188888;10240;10228
4465;35514359000;24125200000;24625200000;10240;10228
4466;35514647000;24125477777;24625477777;10240;10228
4467;35514896000;24125477777;24625477777;10240;10228
4468;35515411000;24125477777;24625477777;10240;10228
4469;35515421000;24166855555;24666855555;10240;10228
4470;35515669000;24166855555;24666855555;10240;10228
4471;35516039000;24166855555;24666855555;10240;10228
4472;35516734000;24166855555;24666855555;10240;10228
4473;35516749000;24166855555;24666855555;10240;10228
4474;35517272000;24166855555;24666855555;10240;10228
4475;35517923000;24166855555;24666855555;10240;10228
4476;35518255000;24166877777;24666877777;10240;10228
4477;35518969000;24167222222;24667222222;10240;10228
4478;35519224000;24167222222;24667222222;10240;10228
4479;35519234000;24167222222;24667222222;10240;10228
4480;35519456000;24208522222;24708522222;10240;10228
4481;35519993000;24208522222;24708522222;10240;10228
4482;35520007000;24208522222;24708522222;10240;10228
4483;35520230000;24208522222;24708522222;10240;10228
4484;35520823000;24208522222;24708522222;10240;10228
4485;35520837000;24208522222;24708522222;10240;10228
4486;35521051000;24208522222;24708522222;10240;10228
4487;35521307000;24208533333;24708533333;10240;10228
4488;35521319000;24208811111;24708811111;10240;10228
4489;35521843000;24208811111;24708811111;10240;10228
4490;35522367000;24208811111;24708811111;10240;10228
4491;35522618000;24250188888;24750188888;10240;10228
4492;35522996000;24250188888;24750188888;10240;10228
4493;35523006000;24250188888;24750188888;10240;10228
4494;35523238000;24250188888;24750188888;10240;10228
4495;35523248000;24250188888;24750188888;10240;10228
4496;35523488000;24250188888;24750188888;10240;10228
4497;35523755000;24250188888;24750188888;10240;10228
4498;35523770000;24250200000;24750200000;10240;10228
4499;35523780000;24250477777;24750477777;10240;10228
4500;35523996000;24250477777;24750477777;10240;10228
4501;35524007000;24250477777;24750477777;10240;10228
4502;35524355000;24291855555;24791855555;10240;10228
4503;35524620000;24291855555;24791855555;10240;10228
4504;35524833000;24291855555;24791855555;10240;10228
4505;35525241000;24291855555;24791855555;10240;10228
4506;35525259000;24291855555;24791855555;10240;10228
4507;35525495000;24291855555;24791855555;10240;10228
4508;35525776000;24291855555;24791855555;10240;10228
4509;35525790000;24291877777;24791877777;10240;10228
4510;35526018000;24292177777;24792177777;10240;10228
4511;35526028000;24292177777;24792177777;10240;10228
4512;35526364000;24292177777;24792177777;10240;10228
4513;35526640000;24333511111;24833511111;10240;10228
4514;35526652000;24333511111;24833511111;10240;10228
4515;35526665000;24333511111;24833511111;10240;10228
4516;35526886000;24333511111;24833511111;10240;10228
4517;35526902000;24333511111;24833511111;10240;10228
4518;35527108000;24333511111;24833511111;10240;10228
4519;35527117000;24333511111;24833511111;10240;10228
4520;35527362000;24333533333;24833533333;10240;10228
4521;35527373000;24333800000;24833800000;10240;10228
4522;35527758000;24333800000;24833800000;10240;10228
4523;35527768000;24333800000;24833800000;10240;10228
4524;35528008000;24375188888;24875188888;10240;10228
4525;35528019000;24375188888;24875188888;10240;10228
4526;35528262000;24375188888;24875188888;10240;10228
4527;35528282000;24375188888;24875188888;10240;10228
4528;35528490000;24375188888;24875188888;10240;10228
4529;35528511000;24375188888;24875188888;10240;10228
4530;35528771000;24375188888;24875188888;10240;10228
4531;35528792000;24375200000;24875200000;10240;10228
4532;35529013000;24375466666;24875466666;10240;10228
4533;35529024000;24375466666;24875466666;10240;10228
4534;35529254000;24375466666;24875466666;10240;10228
4535;35529495000;24416855555;24916855555;10240;10228
4536;35529776000;24416855555;24916855555;10240;10228
4537;35529791000;24416855555;24916855555;10240;10228
4538;35529801000;24416855555;24916855555;10240;10228
4539;35752566000;24416855555;24916855555;10240;10228
4540;35752581000;24416855555;24916855555;10240;10228
4541;35754917000;24416855555;24916855555;10240;10228
4542;35755352000;24416877777;24916877777;10240;10228
4543;35755610000;24417177777;24917177777;10240;10228
4544;35755880000;24417177777;24917177777;10240;10228
4545;35756120000;24417177777;24917177777;10240;10228
4546;35756617000;24458522222;24958522222;10240;10228
4547;35756629000;24458522222;24958522222;10240;10228
4548;35756806000;24458522222;24958522222;10240;10228
4549;35757148000;24458522222;24958522222;10240;10228
4550;35757880000;24458522222;24958522222;10240;10228
4551;35759390000;24458522222;24958522222;10240;10228
4552;35759663000;24458522222;24958522222;10240;10228
4553;35759688000;24458533333;24958533333;10240;10228
4554;35759904000;24458822222;24958822222;10240;10228
4555;35759920000;24458822222;24958822222;10240;10228
4556;35759928000;24458822222;24958822222;10240;10228
4557;35760152000;24500188888;25000188888;10240;10228
4558;35760392000;24500188888;25000188888;10240;10228
4559;35760661000;24500188888;25000188888;10240;10228
4560;35760676000;24500188888;25000188888;10240;10228
4561;35761149000;24500188888;25000188888;10240;10228
4562;35761169000;24500188888;25000188888;10240;10228
4563;35761395000;24500188888;25000188888;10240;10228
4564;35761837000;24500200000;25000200000;10240;10228
4565;35762072000;24500488888;25000488888;10240;10228
4566;35762460000;24500488888;25000488888;10240;10228
4567;35762491000;24500488888;25000488888;10240;10228
4568;35762721000;24541855555;25041855555;10240;10228
4569;35763500000;24541855555;25041855555;10240;10228
4570;35763756000;24541855555;25041855555;10240;10228
4571;35764203000;24541855555;25041855555;10240;10228
4572;35764220000;24541855555;25041855555;10240;10228
4573;35764403000;24541855555;25041855555;10240;10228
4574;35764410000;24541855555;25041855555;10240;10228
4575;35764712000;24541877777;25041877777;10240;10228
4576;35764937000;24542177777;25042177777;10240;10228
4577;35764945000;24542177777;25042177777;10240;10228
4578;35765183000;24542177777;25042177777;10240;10228
4579;35765191000;24583522222;25083522222;10240;10228
4580;35765410000;24583522222;25083522222;10240;10228
4581;35765420000;24583522222;25083522222;10240;10228
4582;35765810000;24583522222;25083522222;10240;10228
4583;35765817000;24583522222;25083522222;10240;10228
4584;35766329000;24583522222;25083522222;10240;10228
4585;35766658000;24583522222;25083522222;10240;10228
4586;35766679000;24583533333;25083533333;10240;10228
4587;35766946000;24583800000;25083800000;10240;10228
4588;35766953000;24583800000;25083800000;10240;10228
4589;35767214000;24583800000;25083800000;10240;10228
4590;35767233000;24625188888;25125188888;10240;10228
4591;35767391000;24625188888;25125188888;10240;10228
4593;35767779000;24625188888;25125188888;10240;10228
4594;35767801000;24625188888;25125188888;10240;10228
4595;35768055000;24625188888;25125188888;10240;10228
4596;35768061000;24625188888;25125188888;10240;10228
4597;35768267000;24625200000;25125200000;10240;10228
4598;35768273000;24625444444;25125444444;10240;10228
4599;35768487000;24625444444;25125444444;10240;10228
4600;35768507000;24625444444;25125444444;10240;10228
4601;35768950000;24666855555;25166855555;10240;10228
4602;35768957000;24666855555;25166855555;10240;10228
4603;35769177000;24666855555;25166855555;10240;10228
4604;35769183000;24666855555;25166855555;10240;10228
4605;35769428000;24666855555;25166855555;10240;10228
4606;35769438000;24666855555;25166855555;10240;10228
4607;35769727000;24666855555;25166855555;10240;10228
4608;35769734000;24666877777;25166877777;10240;10228
4609;35769958000;24667166666;25167166666;10240;10228
4610;35769983000;24667166666;25167166666;10240;10228
4611;35770245000;24667166666;25167166666;10240;10228
4612;35770252000;24708522222;25208522222;10240;10228
4613;35770389000;24708522222;25208522222;10240;10228
4614;35770395000;24708522222;25208522222;10240;10228
4615;35770919000;24708522222;25208522222;10240;10228
4616;35770924000;24708522222;25208522222;10240;10228
4617;35771168000;24708522222;25208522222;10240;10228
4618;35993626000;24708522222;25208522222;10240;10228
4619;35993636000;24708544444;25208544444;10240;10228
4620;35995582000;24708822222;25208822222;10240;10228
4621;35996104000;24708822222;25208822222;10240;10228
4622;35996445000;24708822222;25208822222;10240;10228
4623;35996711000;24750188888;25250188888;10240;10228
4624;35997219000;24750188888;25250188888;10240;10228
4625;35997445000;24750188888;25250188888;10240;10228
4626;35997455000;24750188888;25250188888;10240;10228
4627;35997798000;24750188888;25250188888;10240;10228
4628;35998382000;24750188888;25250188888;10240;10228
4629;35998391000;24750188888;25250188888;10240;10228
4630;35999996000;24750200000;25250200000;10240;10228
4631;36000372000;24750477777;25250477777;10240;10228
4632;36000708000;24750477777;25250477777;10240;10228
4633;36001134000;24750477777;25250477777;10240;10228
4634;36001145000;24791922222;25291922222;10240;10228
4635;36001391000;24791922222;25291922222;10240;10228
4636;36001402000;24791922222;25291922222;10240;10228
4637;36001641000;24791922222;25291922222;10240;10228
4638;36001911000;24791922222;25291922222;10240;10228
4639;36001921000;24791922222;25291922222;10240;10228
4640;36002138000;24791922222;25291922222;10240;10228
4641;36002158000;24791944444;25291944444;10240;10228
4642;36002548000;24792233333;25292233333;10240;10228
4643;36002559000;24792233333;25292233333;10240;10228
4644;36003250000;24792233333;25292233333;10240;10228
4645;36003493000;24833522222;25333522222;10240;10228
4646;36003503000;24833522222;25333522222;10240;10228
4647;36003940000;24833522222;25333522222;10240;10228
4648;36004171000;24833522222;25333522222;10240;10228
4649;36004973000;24833522222;25333522222;10240;10228
4650;36004984000;24833522222;25333522222;10240;10228
4651;36005631000;24833522222;25333522222;10240;10228
4652;36005651000;24833533333;25333533333;10240;10228
4653;36005871000;24833811111;25333811111;10240;10228
4654;36006127000;24833811111;25333811111;10240;10228
4655;36006136000;24833811111;25333811111;10240;10228
4656;36006300000;24875188888;25375188888;10240;10228
4657;36006307000;24875188888;25375188888;10240;10228
4658;36006612000;24875188888;25375188888;10240;10228
4659;36006626000;24875188888;25375188888;10240;10228
4660;36006867000;24875188888;25375188888;10240;10228
4661;36006872000;24875188888;25375188888;10240;10228
4662;36007110000;24875188888;25375188888;10240;10228
4663;36007116000;24875211111;25375211111;10240;10228
4664;36007833000;24875477777;25375477777;10240;10228
4665;36007840000;24875477777;25375477777;10240;10228
4666;36008112000;24875477777;25375477777;10240;10228
4667;36008142000;24916844444;25416844444;10240;10228
4668;36008347000;24916844444;25416844444;10240;10228
4669;36008353000;24916844444;25416844444;10240;10228
4670;36008621000;24916844444;25416844444;10240;10228
4671;36008859000;24916844444;25416844444;10240;10228
4672;36009195000;24916844444;25416844444;10240;10228
4673;36009202000;24916844444;25416844444;10240;10228
4674;36009382000;24916866666;25416866666;10240;10228
4675;36009389000;24917166666;25417166666;10240;10228
4676;36009696000;24917166666;25417166666;10240;10228
4677;36009702000;24917166666;25417166666;10240;10228
4678;36009946000;24958533333;25458533333;10240;10228
4679;36010217000;24958533333;25458533333;10240;10228
4680;36010234000;24958533333;25458533333;10240;10228
4681;36010413000;24958533333;25458533333;10240;10228
4682;36010419000;24958533333;25458533333;10240;10228
4683;36010703000;24958533333;25458533333;10240;10228
4684;36010710000;24958533333;25458533333;10240;10228
4685;36010714000;24958544444;25458544444;10240;10228
4686;36010986000;24958811111;25458811111;10240;10228
4687;36011009000;24958811111;25458811111;10240;10228
4688;36011178000;24958811111;25458811111;10240;10228
4689;36011420000;25000188888;25500188888;10240;10228
4690;36011427000;25000188888;25500188888;10240;10228
4691;36011736000;25000188888;25500188888;10240;10228
4692;36011742000;25000188888;25500188888;10240;10228
4693;36012109000;25000188888;25500188888;10240;10228
4694;36012114000;25000188888;25500188888;10240;10228
4695;36012294000;25000188888;25500188888;10240;10228
4696;36234739000;25000200000;25500200000;10240;10228
4697;36234999000;25000500000;25500500000;10240;10228
4698;36236816000;25000500000;25500500000;10240;10228
4699;36237311000;25000500000;25500500000;10240;10228
4700;36237653000;25041866666;25541866666;10240;10228
4701;36237665000;25041866666;25541866666;10240;10228
4702;36237894000;25041866666;25541866666;10240;10228
4703;36238417000;25041866666;25541866666;10240;10228
4704;36238427000;25041866666;25541866666;10240;10228
4705;36239060000;25041866666;25541866666;10240;10228
4706;36239499000;25041866666;25541866666;10240;10228
4707;36239508000;25041900000;25541900000;10240;10228
4708;36239824000;25042211111;25542211111;10240;10228
4709;36241224000;25042211111;25542211111;10240;10228
4710;36241237000;25042211111;25542211111;10240;10228
4711;36241941000;25083522222;25583522222;10240;10228
4712;36241952000;25083522222;25583522222;10240;10228
4713;36242465000;25083522222;25583522222;10240;10228
4714;36242841000;25083522222;25583522222;10240;10228
4715;36242852000;25083522222;25583522222;10240;10228
4716;36243098000;25083522222;25583522222;10240;10228
4717;36243109000;25083522222;25583522222;10240;10228
4718;36243336000;25083533333;25583533333;10240;10228
4719;36243347000;25083800000;25583800000;10240;10228
4720;36243670000;25083800000;25583800000;10240;10228
4721;36243681000;25083800000;25583800000;10240;10228
4722;36243939000;25125188888;25625188888;10240;10228
4723;36244408000;25125188888;25625188888;10240;10228
4724;36244681000;25125188888;25625188888;10240;10228
4725;36244692000;25125188888;25625188888;10240;10228
4726;36245129000;25125188888;25625188888;10240;10228
4727;36245149000;25125188888;25625188888;10240;10228
4728;36246204000;25125188888;25625188888;10240;10228
4729;36246215000;25125200000;25625200000;10240;10228
4730;36246466000;25125455555;25625455555;10240;10228
4731;36246807000;25125455555;25625455555;10240;10228
4732;36246819000;25125455555;25625455555;10240;10228
4733;36247040000;25166844444;25666844444;10240;10228
4734;36247292000;25166844444;25666844444;10240;10228
4735;36247299000;25166844444;25666844444;10240;10228
4736;36247496000;25166844444;25666844444;10240;10228
4737;36247503000;25166844444;25666844444;10240;10228
4738;36248086000;25166844444;25666844444;10240;10228
4739;36248091000;25166844444;25666844444;10240;10228
4740;36248301000;25166866666;25666866666;10240;10228
4741;36248317000;25167188888;25667188888;10240;10228
4742;36248502000;25167188888;25667188888;10240;10228
4743;36248859000;25167188888;25667188888;10240;10228
4744;36248864000;25208511111;25708511111;10240;10228
4745;36249315000;25208511111;25708511111;10240;10228
4746;36249458000;25208511111;25708511111;10240;10228
4747;36249466000;25208511111;25708511111;10240;10228
4748;36249775000;25208511111;25708511111;10240;10228
4749;36249782000;25208511111;25708511111;10240;10228
4750;36250027000;25208511111;25708511111;10240;10228
4751;36250034000;25208533333;25708533333;10240;10228
4752;36250213000;25208844444;25708844444;10240;10228
4753;36250219000;25208844444;25708844444;10240;10228
4754;36250487000;25208844444;25708844444;10240;10228
4755;36250504000;25250177777;25750177777;10240;10228
4756;36250801000;25250177777;25750177777;10240;10228
4757;36250807000;25250177777;25750177777;10240;10228
4758;36251134000;25250177777;25750177777;10240;10228
4759;36251318000;25250177777;25750177777;10240;10228
4760;36251641000;25250177777;25750177777;10240;10228
4761;36251647000;25250177777;25750177777;10240;10228
4762;36251652000;25250200000;25750200000;10240;10228
4763;36251832000;25250511111;25750511111;10240;10228
4764;36251839000;25250511111;25750511111;10240;10228
4765;36252083000;25250511111;25750511111;10240;10228
4766;36252089000;25291855555;25791855555;10240;10228
4767;36252352000;25291855555;25791855555;10240;10228
4768;36252358000;25291855555;25791855555;10240;10228
4769;36252651000;25291855555;25791855555;10240;10228
4770;36252657000;25291855555;25791855555;10240;10228
4771;36252925000;25291855555;25791855555;10240;10228
4772;36252930000;25291855555;25791855555;10240;10228
4773;36253174000;25291888888;25791888888;10240;10228
4774;36475389000;25292211111;25792211111;10240;10228
4775;36475918000;25292211111;25792211111;10240;10228
4776;36476156000;25292211111;25792211111;10240;10228
4777;36477347000;25333522222;25833522222;10240;10228
4778;36477823000;25333522222;25833522222;10240;10228
4779;36478359000;25333522222;25833522222;10240;10228
4780;36478788000;25333522222;25833522222;10240;10228
4781;36479043000;25333522222;25833522222;10240;10228
4782;36479584000;25333522222;25833522222;10240;10228
4783;36479605000;25333522222;25833522222;10240;10228
4784;36479842000;25333533333;25833533333;10240;10228
4785;36480310000;25333811111;25833811111;10240;10228
4786;36480966000;25333811111;25833811111;10240;10228
4787;36482395000;25333811111;25833811111;10240;10228
4788;36482415000;25375188888;25875188888;10240;10228
4789;36482643000;25375188888;25875188888;10240;10228
4790;36483100000;25375188888;25875188888;10240;10228
4791;36483114000;25375188888;25875188888;10240;10228
4792;36483328000;25375188888;25875188888;10240;10228
4793;36483821000;25375188888;25875188888;10240;10228
4794;36483834000;25375188888;25875188888;10240;10228
4795;36484062000;25375200000;25875200000;10240;10228
4796;36484315000;25375477777;25875477777;10240;10228
4797;36484335000;25375477777;25875477777;10240;10228
4798;36484564000;25375477777;25875477777;10240;10228
4799;36484827000;25416833333;25916833333;10240;10228
4800;36485029000;25416833333;25916833333;10240;10228
4801;36485550000;25416833333;25916833333;10240;10228
4802;36485868000;25416833333;25916833333;10240;10228
4803;36485885000;25416833333;25916833333;10240;10228
4804;36486245000;25416833333;25916833333;10240;10228
4805;36486264000;25416833333;25916833333;10240;10228
4806;36487322000;25416855555;25916855555;10240;10228
4807;36487585000;25417177777;25917177777;10240;10228
4808;36487610000;25417177777;25917177777;10240;10228
4809;36487829000;25417177777;25917177777;10240;10228
4810;36487844000;25458522222;25958522222;10240;10228
4811;36488069000;25458522222;25958522222;10240;10228
4812;36488315000;25458522222;25958522222;10240;10228
4813;36488325000;25458522222;25958522222;10240;10228
4814;36488581000;25458522222;25958522222;10240;10228
4815;36488594000;25458522222;25958522222;10240;10228
4816;36488823000;25458522222;25958522222;10240;10228
4817;36488834000;25458533333;25958533333;10240;10228
4818;36489202000;25458844444;25958844444;10240;10228
4819;36489442000;25458844444;25958844444;10240;10228
4820;36489457000;25458844444;25958844444;10240;10228
4821;36489693000;25500188888;26000188888;10240;10228
4822;36490025000;25500188888;26000188888;10240;10228
4823;36490048000;25500188888;26000188888;10240;10228
4824;36490285000;25500188888;26000188888;10240;10228
4825;36490532000;25500188888;26000188888;10240;10228
4826;36490541000;25500188888;26000188888;10240;10228
4827;36490554000;25500188888;26000188888;10240;10228
4828;36490783000;25500200000;26000200000;10240;10228
4829;36491033000;25500511111;26000511111;10240;10228
4830;36491043000;25500511111;26000511111;10240;10228
4831;36491289000;25500511111;26000511111;10240;10228
4832;36491300000;25541866666;26041866666;10240;10228
4833;36491535000;25541866666;26041866666;10240;10228
4834;36491546000;25541866666;26041866666;10240;10228
4835;36491747000;25541866666;26041866666;10240;10228
4836;36491756000;25541866666;26041866666;10240;10228
4837;36491999000;25541866666;26041866666;10240;10228
4838;36492262000;25541866666;26041866666;10240;10228
4839;36492280000;25541900000;26041900000;10240;10228
4840;36492587000;25542200000;26042200000;10240;10228
4841;36492601000;25542200000;26042200000;10240;10228
4842;36492791000;25542200000;26042200000;10240;10228
4843;36492814000;25583522222;26083522222;10240;10228
4844;36493293000;25583522222;26083522222;10240;10228
4845;36493304000;25583522222;26083522222;10240;10228
4846;36493548000;25583522222;26083522222;10240;10228
4847;36493800000;25583522222;26083522222;10240;10228
4848;36493810000;25583522222;26083522222;10240;10228
4849;36494062000;25583522222;26083522222;10240;10228
4850;36494080000;25583533333;26083533333;10240;10228
4851;36494305000;25583822222;26083822222;10240;10228
4852;36494323000;25583822222;26083822222;10240;10228
4853;36715956000;25583822222;26083822222;10240;10228
4854;36717098000;25625188888;26125188888;10240;10228
4855;36717341000;25625188888;26125188888;10240;10228
4856;36718531000;25625188888;26125188888;10240;10228
4857;36718996000;25625188888;26125188888;10240;10228
4858;36719583000;25625188888;26125188888;10240;10228
4859;36719592000;25625188888;26125188888;10240;10228
4860;36720222000;25625188888;26125188888;10240;10228
4861;36720548000;25625200000;26125200000;10240;10228
4862;36720809000;25625466666;26125466666;10240;10228
4863;36720819000;25625466666;26125466666;10240;10228
4864;36721559000;25625466666;26125466666;10240;10228
4865;36721572000;25666844444;26166844444;10240;10228
4866;36722979000;25666844444;26166844444;10240;10228
4867;36723613000;25666844444;26166844444;10240;10228
4868;36723627000;25666844444;26166844444;10240;10228
4869;36724298000;25666844444;26166844444;10240;10228
4870;36724313000;25666844444;26166844444;10240;10228
4871;36724600000;25666844444;26166844444;10240;10228
4872;36724609000;25666877777;26166877777;10240;10228
4873;36724842000;25667200000;26167200000;10240;10228
4874;36725238000;25667200000;26167200000;10240;10228
4875;36725250000;25667200000;26167200000;10240;10228
4876;36725469000;25708522222;26208522222;10240;10228
4877;36725744000;25708522222;26208522222;10240;10228
4878;36725757000;25708522222;26208522222;10240;10228
4879;36726045000;25708522222;26208522222;10240;10228
4880;36726067000;25708522222;26208522222;10240;10228
4881;36726810000;25708522222;26208522222;10240;10228
4882;36726825000;25708522222;26208522222;10240;10228
4883;36727270000;25708533333;26208533333;10240;10228
4884;36727516000;25708833333;26208833333;10240;10228
4885;36728019000;25708833333;26208833333;10240;10228
4886;36728614000;25708833333;26208833333;10240;10228
4887;36728623000;25750188888;26250188888;10240;10228
4888;36729063000;25750188888;26250188888;10240;10228
4889;36729077000;25750188888;26250188888;10240;10228
4890;36729300000;25750188888;26250188888;10240;10228
4891;36729310000;25750188888;26250188888;10240;10228
4892;36729618000;25750188888;26250188888;10240;10228
4893;36729632000;25750188888;26250188888;10240;10228
4894;36729651000;25750200000;26250200000;10240;10228
4895;36729816000;25750500000;26250500000;10240;10228
4896;36730077000;25750500000;26250500000;10240;10228
4897;36730097000;25750500000;26250500000;10240;10228
4898;36730536000;25791888888;26291888888;10240;10228
4899;36730812000;25791888888;26291888888;10240;10228
4900;36730826000;25791888888;26291888888;10240;10228
4901;36730835000;25791888888;26291888888;10240;10228
4902;36731162000;25791888888;26291888888;10240;10228
4903;36731185000;25791888888;26291888888;10240;10228
4904;36731684000;25791888888;26291888888;10240;10228
4905;36731708000;25791911111;26291911111;10240;10228
4906;36731923000;25792233333;26292233333;10240;10228
4907;36731934000;25792233333;26292233333;10240;10228
4908;36732220000;25792233333;26292233333;10240;10228
4909;36732227000;25833522222;26333522222;10240;10228
4910;36732415000;25833522222;26333522222;10240;10228
4911;36732424000;25833522222;26333522222;10240;10228
4912;36732440000;25833522222;26333522222;10240;10228
4913;36732668000;25833522222;26333522222;10240;10228
4914;36732679000;25833522222;26333522222;10240;10228
4915;36732938000;25833522222;26333522222;10240;10228
4916;36732958000;25833533333;26333533333;10240;10228
4917;36733239000;25833844444;26333844444;10240;10228
4918;36733427000;25833844444;26333844444;10240;10228
4919;36733456000;25833844444;26333844444;10240;10228
4920;36733682000;25875177777;26375177777;10240;10228
4921;36733929000;25875177777;26375177777;10240;10228
4922;36733940000;25875177777;26375177777;10240;10228
4923;36733953000;25875177777;26375177777;10240;10228
4924;36734437000;25875177777;26375177777;10240;10228
4925;36734450000;25875177777;26375177777;10240;10228
4926;36734731000;25875177777;26375177777;10240;10228
4927;36734754000;25875200000;26375200000;10240;10228
4928;36735222000;25875533333;26375533333;10240;10228
4929;36735242000;25875533333;26375533333;10240;10228
4930;36735437000;25875533333;26375533333;10240;10228
4931;36735714000;25916844444;26416844444;10240;10228
4932;36957062000;25916844444;26416844444;10240;10228
4933;36957075000;25916844444;26416844444;10240;10228
4934;36958480000;25916844444;26416844444;10240;10228
4935;36959702000;25916844444;26416844444;10240;10228
4936;36960143000;25916844444;26416844444;10240;10228
4937;36960751000;25916844444;26416844444;10240;10228
4938;36960775000;25916855555;26416855555;10240;10228
4939;36961001000;25917177777;26417177777;10240;10228
4940;36961243000;25917177777;26417177777;10240;10228
4941;36961934000;25917177777;26417177777;10240;10228
4942;36961950000;25958511111;26458511111;10240;10228
4943;36962174000;25958511111;26458511111;10240;10228
4944;36962708000;25958511111;26458511111;10240;10228
4945;36964152000;25958511111;26458511111;10240;10228
4946;36964167000;25958511111;26458511111;10240;10228
4947;36964761000;25958511111;26458511111;10240;10228
4948;36965428000;25958511111;26458511111;10240;10228
4949;36965439000;25958533333;26458533333;10240;10228
4950;36966324000;25958822222;26458822222;10240;10228
4951;36966569000;25958822222;26458822222;10240;10228
4952;36966587000;25958822222;26458822222;10240;10228
4953;36966598000;26000988888;26500988888;10240;10228
4954;36966813000;26000988888;26500988888;10240;10228
4955;36966828000;26000988888;26500988888;10240;10228
4956;36967052000;26000988888;26500988888;10240;10228
4957;36967063000;26000988888;26500988888;10240;10228
4958;36967313000;26000988888;26500988888;10240;10228
4959;36967331000;26000988888;26500988888;10240;10228
4960;36967565000;26001033333;26501033333;10240;10228
4961;36967996000;26001366666;26501366666;10240;10228
4962;36968408000;26001366666;26501366666;10240;10228
4963;36968668000;26001366666;26501366666;10240;10228
4964;36969142000;26041833333;26541833333;10240;10228
4965;36969407000;26041833333;26541833333;10240;10228
4966;36969768000;26041833333;26541833333;10240;10228
4967;36970196000;26041833333;26541833333;10240;10228
4968;36970207000;26041833333;26541833333;10240;10228
4969;36970436000;26041833333;26541833333;10240;10228
4970;36970696000;26041833333;26541833333;10240;10228
4971;36970707000;26041844444;26541844444;10240;10228
4972;36970720000;26042166666;26542166666;10240;10228
4973;36970956000;26042166666;26542166666;10240;10228
4974;36970966000;26042166666;26542166666;10240;10228
4975;36971171000;26083522222;26583522222;10240;10228
4976;36971214000;26083522222;26583522222;10240;10228
4977;36971421000;26083522222;26583522222;10240;10228
4978;36971819000;26083522222;26583522222;10240;10228
4979;36971840000;26083522222;26583522222;10240;10228
4980;36972073000;26083522222;26583522222;10240;10228
4981;36972093000;26083522222;26583522222;10240;10228
4982;36972299000;26083533333;26583533333;10240;10228
4983;36972307000;26083833333;26583833333;10240;10228
4984;36972624000;26083833333;26583833333;10240;10228
4985;36972877000;26083833333;26583833333;10240;10228
4986;36972887000;26125188888;26625188888;10240;10228
4987;36973124000;26125188888;26625188888;10240;10228
4988;36973375000;26125188888;26625188888;10240;10228
4989;36973627000;26125188888;26625188888;10240;10228
4990;36973637000;26125188888;26625188888;10240;10228
4991;36973880000;26125188888;26625188888;10240;10228
4992;36973893000;26125188888;26625188888;10240;10228
4993;36974136000;26125211111;26625211111;10240;10228
4994;36974160000;26125511111;26625511111;10240;10228
4995;36974362000;26125511111;26625511111;10240;10228
4996;36974371000;26125511111;26625511111;10240;10228
4997;36974624000;26166844444;26666844444;10240;10228
4998;36974635000;26166844444;26666844444;10240;10228
4999;36974883000;26166844444;26666844444;10240;10228
5000;36974892000;26166844444;26666844444;10240;10228
5001;36975136000;26166844444;26666844444;10240;10228
5002;36975154000;26166844444;26666844444;10240;10228
5003;36975348000;26166844444;26666844444;10240;10228
5004;36975367000;26166855555;26666855555;10240;10228
5005;36975892000;26167200000;26667200000;10240;10228
5006;36975902000;26167200000;26667200000;10240;10228
5007;36976342000;26167200000;26667200000;10240;10228
5008;36976360000;26208500000;26708500000;10240;10228
5009;36976582000;26208500000;26708500000;10240;10228
5010;36976851000;26208500000;26708500000;10240;10228
5011;37198265000;26208500000;26708500000;10240;10228
5012;37198282000;26208500000;26708500000;10240;10228
5013;37199000000;26208500000;26708500000;10240;10228
5014;37200891000;26208500000;26708500000;10240;10228
5015;37201174000;26208522222;26708522222;10240;10228
5016;37201923000;26208822222;26708822222;10240;10228
5017;37201936000;26208822222;26708822222;10240;10228
5018;37202161000;26208822222;26708822222;10240;10228
5019;37202415000;26250188888;26750188888;10240;10228
5020;37202426000;26250188888;26750188888;10240;10228
5021;37203094000;26250188888;26750188888;10240;10228
5022;37203342000;26250188888;26750188888;10240;10228
5023;37203353000;26250188888;26750188888;10240;10228
5024;37205325000;26250188888;26750188888;10240;10228
5025;37205340000;26250188888;26750188888;10240;10228
5026;37205581000;26250211111;26750211111;10240;10228
5027;37206584000;26250488888;26750488888;10240;10228
5028;37206598000;26250488888;26750488888;10240;10228
5029;37206843000;26250488888;26750488888;10240;10228
5030;37207313000;26291855555;26791855555;10240;10228
5031;37207760000;26291855555;26791855555;10240;10228
5032;37207774000;26291855555;26791855555;10240;10228
5033;37207997000;26291855555;26791855555;10240;10228
5034;37208007000;26291855555;26791855555;10240;10228
5035;37208240000;26291855555;26791855555;10240;10228
5036;37208250000;26291855555;26791855555;10240;10228
5037;37208488000;26291877777;26791877777;10240;10228
5038;37208501000;26292188888;26792188888;10240;10228
5039;37208758000;26292188888;26792188888;10240;10228
5040;37208785000;26292188888;26792188888;10240;10228
5041;37209550000;26333522222;26833522222;10240;10228
5042;37209786000;26333522222;26833522222;10240;10228
5043;37210266000;26333522222;26833522222;10240;10228
5044;37210525000;26333522222;26833522222;10240;10228
5045;37210813000;26333522222;26833522222;10240;10228
5046;37211257000;26333522222;26833522222;10240;10228
5047;37211269000;26333522222;26833522222;10240;10228
5048;37211491000;26333533333;26833533333;10240;10228
5049;37211883000;26333811111;26833811111;10240;10228
5050;37211899000;26333811111;26833811111;10240;10228
5051;37212140000;26333811111;26833811111;10240;10228
5052;37212159000;26375177777;26875177777;10240;10228
5053;37212376000;26375177777;26875177777;10240;10228
5054;37212386000;26375177777;26875177777;10240;10228
5055;37212638000;26375177777;26875177777;10240;10228
5056;37212660000;26375177777;26875177777;10240;10228
5057;37212890000;26375177777;26875177777;10240;10228
5058;37212909000;26375177777;26875177777;10240;10228
5059;37213100000;26375200000;26875200000;10240;10228
5060;37213339000;26375488888;26875488888;10240;10228
5061;37213349000;26375488888;26875488888;10240;10228
5062;37213679000;26375488888;26875488888;10240;10228
5063;37213899000;26416844444;26916844444;10240;10228
5064;37213906000;26416844444;26916844444;10240;10228
5065;37214130000;26416844444;26916844444;10240;10228
5066;37214152000;26416844444;26916844444;10240;10228
5067;37214361000;26416844444;26916844444;10240;10228
5068;37214376000;26416844444;26916844444;10240;10228
5069;37214631000;26416844444;26916844444;10240;10228
5070;37214642000;26416855555;26916855555;10240;10228
5071;37214921000;26417211111;26917211111;10240;10228
5073;37215231000;26417211111;26917211111;10240;10228
5074;37215502000;26458511111;26958511111;10240;10228
5075;37215782000;26458511111;26958511111;10240;10228
5076;37215792000;26458511111;26958511111;10240;10228
5077;37215805000;26458511111;26958511111;10240;10228
5078;37216034000;26458511111;26958511111;10240;10228
5079;37216043000;26458511111;26958511111;10240;10228
5080;37216277000;26458511111;26958511111;10240;10228
5081;37216286000;26458533333;26958533333;10240;10228
5082;37216524000;26458844444;26958844444;10240;10228
5083;37216535000;26458844444;26958844444;10240;10228
5084;37217053000;26458844444;26958844444;10240;10228
5085;37217063000;26500188888;27000188888;10240;10228
5086;37217306000;26500188888;27000188888;10240;10228
5087;37439515000;26500188888;27000188888;10240;10228
5088;37439526000;26500188888;27000188888;10240;10228
5089;37439787000;26500188888;27000188888;10240;10228
5090;37439794000;26500188888;27000188888;10240;10228
5091;37440211000;26500188888;27000188888;10240;10228
5092;37440217000;26500211111;27000211111;10240;10228
5093;37442148000;26500500000;27000500000;10240;10228
5094;37442354000;26500500000;27000500000;10240;10228
5095;37443163000;26500500000;27000500000;10240;10228
5096;37443172000;26541855555;27041855555;10240;10228
5097;37443360000;26541855555;27041855555;10240;10228
5098;37443675000;26541855555;27041855555;10240;10228
5099;37443685000;26541855555;27041855555;10240;10228
5100;37443920000;26541855555;27041855555;10240;10228
5101;37444552000;26541855555;27041855555;10240;10228
5102;37444572000;26541855555;27041855555;10240;10228
5103;37444811000;26541877777;27041877777;10240;10228
5104;37446568000;26542177777;27042177777;10240;10228
5105;37446804000;26542177777;27042177777;10240;10228
5106;37446825000;26542177777;27042177777;10240;10228
5107;37447809000;26583522222;27083522222;10240;10228
5108;37448054000;26583522222;27083522222;10240;10228
5109;37448453000;26583522222;27083522222;10240;10228
5110;37448460000;26583522222;27083522222;10240;10228
5111;37449005000;26583522222;27083522222;10240;10228
5112;37449239000;26583522222;27083522222;10240;10228
5113;37449259000;26583522222;27083522222;10240;10228
5114;37449491000;26583544444;27083544444;10240;10228
5115;37449503000;26583833333;27083833333;10240;10228
5116;37449754000;26583833333;27083833333;10240;10228
5117;37449764000;26583833333;27083833333;10240;10228
5118;37449985000;26625177777;27125177777;10240;10228
5119;37449992000;26625177777;27125177777;10240;10228
5120;37450234000;26625177777;27125177777;10240;10228
5121;37450990000;26625177777;27125177777;10240;10228
5122;37451437000;26625177777;27125177777;10240;10228
5123;37451737000;26625177777;27125177777;10240;10228
5124;37452018000;26625177777;27125177777;10240;10228
5125;37452024000;26625200000;27125200000;10240;10228
5126;37452437000;26625455555;27125455555;10240;10228
5127;37452706000;26625455555;27125455555;10240;10228
5128;37453099000;26625455555;27125455555;10240;10228
5129;37453108000;26666844444;27166844444;10240;10228
5130;37453343000;26666844444;27166844444;10240;10228
5131;37453348000;26666844444;27166844444;10240;10228
5132;37453599000;26666844444;27166844444;10240;10228
5133;37453605000;26666844444;27166844444;10240;10228
5134;37453870000;26666844444;27166844444;10240;10228
5135;37453877000;26666844444;27166844444;10240;10228
5136;37454121000;26666866666;27166866666;10240;10228
5137;37454127000;26667177777;27167177777;10240;10228
5138;37454308000;26667177777;27167177777;10240;10228
5139;37454668000;26667177777;27167177777;10240;10228
5141;37454868000;26708511111;27208511111;10240;10228
5142;37455163000;26708511111;27208511111;10240;10228
5143;37455169000;26708511111;27208511111;10240;10228
5144;37455356000;26708511111;27208511111;10240;10228
5145;37455362000;26708511111;27208511111;10240;10228
5146;37455673000;26708511111;27208511111;10240;10228
5147;37455678000;26708533333;27208533333;10240;10228
5148;37455923000;26708833333;27208833333;10240;10228
5149;37455928000;26708833333;27208833333;10240;10228
5150;37456172000;26708833333;27208833333;10240;10228
5151;37456356000;26750188888;27250188888;10240;10228
5152;37456972000;26750188888;27250188888;10240;10228
5153;37456987000;26750188888;27250188888;10240;10228
5154;37457243000;26750188888;27250188888;10240;10228
5155;37457251000;26750188888;27250188888;10240;10228
5156;37457403000;26750188888;27250188888;10240;10228
5157;37457409000;26750188888;27250188888;10240;10228
5158;37457732000;26750211111;27250211111;10240;10228
5159;37457740000;26750488888;27250488888;10240;10228
5160;37458015000;26750488888;27250488888;10240;10228
5161;37458022000;26750488888;27250488888;10240;10228
5162;37458181000;26791877777;27291877777;10240;10228
5163;37458188000;26791877777;27291877777;10240;10228
5164;37458415000;26791877777;27291877777;10240;10228
5165;37458422000;26791877777;27291877777;10240;10228
5166;37458726000;26791877777;27291877777;10240;10228
5167;37680752000;26791877777;27291877777;10240;10228
5168;37680773000;26791877777;27291877777;10240;10228
5169;37680942000;26791900000;27291900000;10240;10228
5170;37680958000;26792200000;27292200000;10240;10228
5171;37683328000;26792200000;27292200000;10240;10228
5172;37683344000;26792200000;27292200000;10240;10228
5173;37684359000;26833522222;27333522222;10240;10228
5174;37684376000;26833522222;27333522222;10240;10228
5175;37684609000;26833522222;27333522222;10240;10228
5176;37684624000;26833522222;27333522222;10240;10228
5177;37684860000;26833522222;27333522222;10240;10228
5178;37685112000;26833522222;27333522222;10240;10228
5179;37685132000;26833522222;27333522222;10240;10228
5180;37685615000;26833544444;27333544444;10240;10228
5181;37685962000;26833833333;27333833333;10240;10228
5182;37687326000;26833833333;27333833333;10240;10228
5183;37687700000;26833833333;27333833333;10240;10228
5184;37687953000;26875177777;27375177777;10240;10228
5185;37687970000;26875177777;27375177777;10240;10228
5186;37688537000;26875177777;27375177777;10240;10228
5187;37688958000;26875177777;27375177777;10240;10228
5188;37689630000;26875177777;27375177777;10240;10228
5189;37689646000;26875177777;27375177777;10240;10228
5190;37690222000;26875177777;27375177777;10240;10228
5191;37690233000;26875200000;27375200000;10240;10228
5192;37690496000;26875500000;27375500000;10240;10228
5193;37690753000;26875500000;27375500000;10240;10228
5194;37690770000;26875500000;27375500000;10240;10228
5195;37690997000;26916844444;27416844444;10240;10228
5196;37691031000;26916844444;27416844444;10240;10228
5197;37691240000;26916844444;27416844444;10240;10228
5199;37691251000;26916844444;27416844444;10240;10228
5200;37692150000;26916844444;27416844444;10240;10228
5201;37692584000;26916844444;27416844444;10240;10228
5202;37692825000;26916855555;27416855555;10240;10228
5203;37693124000;26917177777;27417177777;10240;10228
5204;37693147000;26917177777;27417177777;10240;10228
5205;37693630000;26917177777;27417177777;10240;10228
5206;37693872000;26958622222;27458622222;10240;10228
5207;37693884000;26958622222;27458622222;10240;10228
5208;37694121000;26958622222;27458622222;10240;10228
5209;37694468000;26958622222;27458622222;10240;10228
5210;37694783000;26958622222;27458622222;10240;10228
5211;37694802000;26958622222;27458622222;10240;10228
5212;37694992000;26958622222;27458622222;10240;10228
5213;37695008000;26958633333;27458633333;10240;10228
5214;37695022000;26958955555;27458955555;10240;10228
5215;37695231000;26958955555;27458955555;10240;10228
5216;37695243000;26958955555;27458955555;10240;10228
5217;37695453000;27000188888;27500188888;10240;10228
5218;37695463000;27000188888;27500188888;10240;10228
5219;37695786000;27000188888;27500188888;10240;10228
5220;37696056000;27000188888;27500188888;10240;10228
5221;37696065000;27000188888;27500188888;10240;10228
5222;37696279000;27000188888;27500188888;10240;10228
5223;37696291000;27000188888;27500188888;10240;10228
5224;37696531000;27000211111;27500211111;10240;10228
5225;37696789000;27000488888;27500488888;10240;10228
5226;37697038000;27000488888;27500488888;10240;10228
5227;37697048000;27000488888;27500488888;10240;10228
5228;37697316000;27041855555;27541855555;10240;10228
5229;37697327000;27041855555;27541855555;10240;10228
5230;37697343000;27041855555;27541855555;10240;10228
5231;37697567000;27041855555;27541855555;10240;10228
5232;37697875000;27041855555;27541855555;10240;10228
5233;37698138000;27041855555;27541855555;10240;10228
5234;37698148000;27041855555;27541855555;10240;10228
5235;37698381000;27041877777;27541877777;10240;10228
5236;37698642000;27042200000;27542200000;10240;10228
5237;37698651000;27042200000;27542200000;10240;10228
5238;37698919000;27042200000;27542200000;10240;10228
5239;37699158000;27083511111;27583511111;10240;10228
5240;37699166000;27083511111;27583511111;10240;10228
5241;37699374000;27083511111;27583511111;10240;10228
5242;37699388000;27083511111;27583511111;10240;10228
5243;37699642000;27083511111;27583511111;10240;10228
5244;37699892000;27083511111;27583511111;10240;10228
5245;37921347000;27083511111;27583511111;10240;10228
5246;37921370000;27083533333;27583533333;10240;10228
5247;37921905000;27083877777;27583877777;10240;10228
5248;37921918000;27083877777;27583877777;10240;10228
5249;37922146000;27083877777;27583877777;10240;10228
5250;37922155000;27125188888;27625188888;10240;10228
5251;37924534000;27125188888;27625188888;10240;10228
5252;37924921000;27125188888;27625188888;10240;10228
5253;37925535000;27125188888;27625188888;10240;10228
5254;37925546000;27125188888;27625188888;10240;10228
5255;37925741000;27125188888;27625188888;10240;10228
5256;37926054000;27125188888;27625188888;10240;10228
5257;37926068000;27125200000;27625200000;10240;10228
5258;37926369000;27125477777;27625477777;10240;10228
5259;37926634000;27125477777;27625477777;10240;10228
5260;37926886000;27125477777;27625477777;10240;10228
5261;37927827000;27166855555;27666855555;10240;10228
5262;37928852000;27166855555;27666855555;10240;10228
5263;37929103000;27166855555;27666855555;10240;10228
5264;37929724000;27166855555;27666855555;10240;10228
5265;37929737000;27166855555;27666855555;10240;10228
5266;37930065000;27166855555;27666855555;10240;10228
5267;37930840000;27166855555;27666855555;10240;10228
5268;37930846000;27166877777;27666877777;10240;10228
5269;37931075000;27167200000;27667200000;10240;10228
5270;37931330000;27167200000;27667200000;10240;10228
5271;37931597000;27167200000;27667200000;10240;10228
5272;37931839000;27208555555;27708555555;10240;10228
5273;37931854000;27208555555;27708555555;10240;10228
5274;37931863000;27208555555;27708555555;10240;10228
5275;37932080000;27208555555;27708555555;10240;10228
5276;37932394000;27208555555;27708555555;10240;10228
5277;37932405000;27208555555;27708555555;10240;10228
5278;37933307000;27208555555;27708555555;10240;10228
5279;37933638000;27208655555;27708655555;10240;10228
5280;37933989000;27209011111;27709011111;10240;10228
5281;37934266000;27209011111;27709011111;10240;10228
5282;37934278000;27209011111;27709011111;10240;10228
5283;37934515000;27250200000;27750200000;10240;10228
5284;37934537000;27250200000;27750200000;10240;10228
5285;37935032000;27250200000;27750200000;10240;10228
5286;37935049000;27250200000;27750200000;10240;10228
5287;37935270000;27250200000;27750200000;10240;10228
5288;37935281000;27250200000;27750200000;10240;10228
5289;37935610000;27250200000;27750200000;10240;10228
5290;37935621000;27250211111;27750211111;10240;10228
5291;37935969000;27250511111;27750511111;10240;10228
5292;37936221000;27250511111;27750511111;10240;10228
5293;37936231000;27250511111;27750511111;10240;10228
5294;37936465000;27291855555;27791855555;10240;10228
5295;37936498000;27291855555;27791855555;10240;10228
5296;37936722000;27291855555;27791855555;10240;10228
5297;37936734000;27291855555;27791855555;10240;10228
5298;37936972000;27291855555;27791855555;10240;10228
5299;37936983000;27291855555;27791855555;10240;10228
5300;37937232000;27291855555;27791855555;10240;10228
5301;37937438000;27291877777;27791877777;10240;10228
5302;37937724000;27292188888;27792188888;10240;10228
5303;37937735000;27292188888;27792188888;10240;10228
5304;37937986000;27292188888;27792188888;10240;10228
5305;37938016000;27333511111;27833511111;10240;10228
5306;37938234000;27333511111;27833511111;10240;10228
5307;37938457000;27333511111;27833511111;10240;10228
5308;37938465000;27333511111;27833511111;10240;10228
5309;37938721000;27333511111;27833511111;10240;10228
5310;37938732000;27333511111;27833511111;10240;10228
5311;37938989000;27333511111;27833511111;10240;10228
5312;37939009000;27333522222;27833522222;10240;10228
5313;37939228000;27333811111;27833811111;10240;10228
5314;37939238000;27333811111;27833811111;10240;10228
5315;37939585000;27333811111;27833811111;10240;10228
5316;37939835000;27375177777;27875177777;10240;10228
5317;37939854000;27375177777;27875177777;10240;10228
5318;37940074000;27375177777;27875177777;10240;10228
5319;37940319000;27375177777;27875177777;10240;10228
5320;37940329000;27375177777;27875177777;10240;10228
5321;37940579000;27375177777;27875177777;10240;10228
5322;37940826000;27375177777;27875177777;10240;10228
5323;37940835000;27375200000;27875200000;10240;10228
5324;38161921000;27375477777;27875477777;10240;10228
5325;38162529000;27375477777;27875477777;10240;10228
5326;38163065000;27375477777;27875477777;10240;10228
5327;38163082000;27416844444;27916844444;10240;10228
5328;38163300000;27416844444;27916844444;10240;10228
5329;38163312000;27416844444;27916844444;10240;10228
5330;38165296000;27416844444;27916844444;10240;10228
5331;38166077000;27416844444;27916844444;10240;10228
5332;38166093000;27416844444;27916844444;10240;10228
5333;38166693000;27416844444;27916844444;10240;10228
5334;38166708000;27416855555;27916855555;10240;10228
5335;38167206000;27417200000;27917200000;10240;10228
5336;38167222000;27417200000;27917200000;10240;10228
5337;38167504000;27417200000;27917200000;10240;10228
5338;38167769000;27458522222;27958522222;10240;10228
5339;38168029000;27458522222;27958522222;10240;10228
5340;38168045000;27458522222;27958522222;10240;10228
5341;38168983000;27458522222;27958522222;10240;10228
5342;38170265000;27458522222;27958522222;10240;10228
5343;38170278000;27458522222;27958522222;10240;10228
5344;38170884000;27458522222;27958522222;10240;10228
5345;38171125000;27458544444;27958544444;10240;10228
5346;38171946000;27458822222;27958822222;10240;10228
5347;38171962000;27458822222;27958822222;10240;10228
5348;38172186000;27458822222;27958822222;10240;10228
5349;38172207000;27500188888;28000188888;10240;10228
5350;38172533000;27500188888;28000188888;10240;10228
5351;38173022000;27500188888;28000188888;10240;10228
5352;38173036000;27500188888;28000188888;10240;10228
5353;38173252000;27500188888;28000188888;10240;10228
5354;38173262000;27500188888;28000188888;10240;10228
5355;38173548000;27500188888;28000188888;10240;10228
5356;38173567000;27500200000;28000200000;10240;10228
5357;38174313000;27500488888;28000488888;10240;10228
5358;38174565000;27500488888;28000488888;10240;10228
5359;38174846000;27500488888;28000488888;10240;10228
5360;38175096000;27541855555;28041855555;10240;10228
5361;38175339000;27541855555;28041855555;10240;10228
5362;38175657000;27541855555;28041855555;10240;10228
5363;38175898000;27541855555;28041855555;10240;10228
5364;38175908000;27541855555;28041855555;10240;10228
5365;38176183000;27541855555;28041855555;10240;10228
5366;38176431000;27541855555;28041855555;10240;10228
5367;38176441000;27541877777;28041877777;10240;10228
5368;38176654000;27542177777;28042177777;10240;10228
5369;38176676000;27542177777;28042177777;10240;10228
5370;38177116000;27542177777;28042177777;10240;10228
5371;38177351000;27583522222;28083522222;10240;10228
5372;38177361000;27583522222;28083522222;10240;10228
5373;38177637000;27583522222;28083522222;10240;10228
5374;38177652000;27583522222;28083522222;10240;10228
5375;38177879000;27583522222;28083522222;10240;10228
5376;38177889000;27583522222;28083522222;10240;10228
5377;38178127000;27583522222;28083522222;10240;10228
5378;38178137000;27583533333;28083533333;10240;10228
5379;38178388000;27583811111;28083811111;10240;10228
5380;38178406000;27583811111;28083811111;10240;10228
5381;38178878000;27583811111;28083811111;10240;10228
5382;38178888000;27625188888;28125188888;10240;10228
5383;38179140000;27625188888;28125188888;10240;10228
5384;38179158000;27625188888;28125188888;10240;10228
5385;38179340000;27625188888;28125188888;10240;10228
5386;38179598000;27625188888;28125188888;10240;10228
5387;38179608000;27625188888;28125188888;10240;10228
5388;38179893000;27625188888;28125188888;10240;10228
5389;38179911000;27625200000;28125200000;10240;10228
5390;38179924000;27625466666;28125466666;10240;10228
5391;38180139000;27625466666;28125466666;10240;10228
5392;38180388000;27625466666;28125466666;10240;10228
5393;38180397000;27666855555;28166855555;10240;10228
5394;38180650000;27666855555;28166855555;10240;10228
5395;38180665000;27666855555;28166855555;10240;10228
5396;38180889000;27666855555;28166855555;10240;10228
5397;38181148000;27666855555;28166855555;10240;10228
5398;38181446000;27666855555;28166855555;10240;10228
5399;38181457000;27666855555;28166855555;10240;10228
5400;38181695000;27666877777;28166877777;10240;10228
5401;38181918000;27667200000;28167200000;10240;10228
5402;38182178000;27667200000;28167200000;10240;10228
