seqnum;now;rtptime;deadline
1;6823147000;6430211111;6630211111
3;6903074000;6461388888;6661388888
55;7065379000;6628366666;6828366666
118;7217462000;6878055555;7078055555
160;7268013000;7044733333;7244733333
171;7285873000;7086400000;7286400000
172;7285878000;7086400000;7286400000
173;7285879000;7086400000;7286400000
174;7285880000;7086400000;7286400000
175;7286110000;7086444444;7286444444
176;7286126000;7086733333;7286733333
177;7286127000;7086733333;7286733333
178;7286128000;7086733333;7286733333
179;7307816000;7128055555;7328055555
188;7307927000;7128400000;7328400000
189;7307931000;7128400000;7328400000
190;7333945000;7169744444;7369744444
192;7333966000;7169744444;7369744444
193;7333968000;7169744444;7369744444
194;7333970000;7169744444;7369744444
195;7333985000;7169744444;7369744444
196;7333988000;7169744444;7369744444
197;7334173000;7169800000;7369800000
198;7334179000;7170144444;7370144444
199;7334180000;7170144444;7370144444
200;7334192000;7170144444;7370144444
201;7363720000;7211400000;7411400000
202;7363723000;7211400000;7411400000
203;7363724000;7211400000;7411400000
204;7363725000;7211400000;7411400000
205;7363726000;7211400000;7411400000
206;7363727000;7211400000;7411400000
207;7363728000;7211400000;7411400000
208;7363926000;7211444444;7411444444
209;7363941000;7211733333;7411733333
210;7363942000;7211733333;7411733333
211;7363943000;7211733333;7411733333
212;7396815000;7253066666;7453066666
214;7396894000;7253066666;7453066666
215;7396906000;7253066666;7453066666
216;7396907000;7253066666;7453066666
217;7396908000;7253066666;7453066666
218;7396909000;7253066666;7453066666
219;7397079000;7253111111;7453111111
220;7397083000;7253422222;7453422222
221;7397085000;7253422222;7453422222
222;7397086000;7253422222;7453422222
223;7432911000;7294733333;7494733333
224;7432914000;7294733333;7494733333
225;7432915000;7294733333;7494733333
227;7432916000;7294733333;7494733333
228;7432918000;7294733333;7494733333
229;7432919000;7294733333;7494733333
230;7433087000;7294777777;7494777777
231;7433092000;7295100000;7495100000
232;7433093000;7295100000;7495100000
233;7433094000;7295100000;7495100000
234;7471223000;7336400000;7536400000
235;7471227000;7336400000;7536400000
236;7471228000;7336400000;7536400000
237;7471229000;7336400000;7536400000
238;7471230000;7336400000;7536400000
239;7471230000;7336400000;7536400000
240;7471232000;7336400000;7536400000
241;7471428000;7336444444;7536444444
242;7471443000;7336722222;7536722222
243;7471444000;7336722222;7536722222
244;7471445000;7336722222;7536722222
245;7510959000;7378055555;7578055555
246;7510962000;7378055555;7578055555
247;7510963000;7378055555;7578055555
248;7510964000;7378055555;7578055555
249;7510965000;7378055555;7578055555
250;7510966000;7378055555;7578055555
251;7510967000;7378055555;7578055555
252;7511164000;7378100000;7578100000
253;7511170000;7378422222;7578422222
254;7511171000;7378422222;7578422222
255;7511172000;7378422222;7578422222
256;7551673000;7419733333;7619733333
257;7551677000;7419733333;7619733333
258;7551678000;7419733333;7619733333
259;7551679000;7419733333;7619733333
260;7551680000;7419733333;7619733333
261;7551681000;7419733333;7619733333
262;7551682000;7419733333;7619733333
263;7551878000;7419777777;7619777777
264;7551894000;7420088888;7620088888
265;7551895000;7420088888;7620088888
266;7551896000;7420088888;7620088888
267;7592720000;7461411111;7661411111
268;7592723000;7461411111;7661411111
269;7592724000;7461411111;7661411111
270;7592726000;7461411111;7661411111
271;7592727000;7461411111;7661411111
272;7592728000;7461411111;7661411111
273;7592728000;7461411111;7661411111
274;7592800000;7461455555;7661455555
275;7592803000;7461733333;7661733333
276;7592804000;7461733333;7661733333
277;7592805000;7461733333;7661733333
278;7634231000;7503066666;7703066666
279;7634235000;7503066666;7703066666
280;7634236000;7503066666;7703066666
281;7634237000;7503066666;7703066666
282;7634238000;7503066666;7703066666
283;7634239000;7503066666;7703066666
284;7634240000;7503066666;7703066666
285;7634437000;7503111111;7703111111
286;7634452000;7503411111;7703411111
287;7634453000;7503411111;7703411111
289;7675930000;7544744444;7744744444
290;7675934000;7544744444;7744744444
291;7675935000;7544744444;7744744444
292;7675936000;7544744444;7744744444
293;7675936000;7544744444;7744744444
294;7675937000;7544744444;7744744444
295;7675939000;7544744444;7744744444
296;7676060000;7544788888;7744788888
297;7676075000;7545111111;7745111111
298;7676077000;7545111111;7745111111
299;7676077000;7545111111;7745111111
300;7717439000;7586400000;7786400000
301;7717443000;7586400000;7786400000
302;7717444000;7586400000;7786400000
303;7717445000;7586400000;7786400000
304;7717445000;7586400000;7786400000
305;7717446000;7586400000;7786400000
306;7717447000;7586400000;7786400000
307;7717662000;7586444444;7786444444
308;7717678000;7586711111;7786711111
309;7717679000;7586711111;7786711111
310;7717680000;7586711111;7786711111
311;7759045000;7628066666;7828066666
312;7759048000;7628066666;7828066666
313;7759049000;7628066666;7828066666
314;7759059000;7628066666;7828066666
315;7759060000;7628066666;7828066666
316;7759061000;7628066666;7828066666
317;7759062000;7628066666;7828066666
318;7759197000;7628111111;7828111111
319;7759200000;7628411111;7828411111
320;7759201000;7628411111;7828411111
321;7759202000;7628411111;7828411111
322;7800756000;7669733333;7869733333
323;7800760000;7669733333;7869733333
324;7800761000;7669733333;7869733333
325;7800762000;7669733333;7869733333
326;7800763000;7669733333;7869733333
327;7800764000;7669733333;7869733333
328;7800765000;7669733333;7869733333
329;7800962000;7669788888;7869788888
330;7800977000;7670111111;7870111111
331;7800978000;7670111111;7870111111
332;7800979000;7670111111;7870111111
333;7842421000;7711400000;7911400000
334;7842424000;7711400000;7911400000
335;7842425000;7711400000;7911400000
336;7842426000;7711400000;7911400000
337;7842427000;7711400000;7911400000
339;7842428000;7711400000;7911400000
340;7842632000;7711444444;7911444444
341;7842648000;7711733333;7911733333
342;7842649000;7711733333;7911733333
343;7842650000;7711733333;7911733333
344;7884085000;7753066666;7953066666
345;7884088000;7753066666;7953066666
346;7884089000;7753066666;7953066666
347;7884090000;7753066666;7953066666
348;7884091000;7753066666;7953066666
349;7884092000;7753066666;7953066666
350;7884094000;7753066666;7953066666
351;7884290000;7753111111;7953111111
352;7884305000;7753411111;7953411111
353;7884306000;7753411111;7953411111
354;7884307000;7753411111;7953411111
355;7925740000;7794733333;7994733333
356;7925744000;7794733333;7994733333
357;7925745000;7794733333;7994733333
358;7925746000;7794733333;7994733333
359;7925747000;7794733333;7994733333
360;7925747000;7794733333;7994733333
361;7925748000;7794733333;7994733333
362;7925945000;7794777777;7994777777
363;7925960000;7795088888;7995088888
364;7925962000;7795088888;7995088888
365;7925962000;7795088888;7995088888
366;7967402000;7836400000;8036400000
367;7967405000;7836400000;8036400000
368;7967406000;7836400000;8036400000
369;7967407000;7836400000;8036400000
370;7967408000;7836400000;8036400000
371;7967409000;7836400000;8036400000
372;7967410000;7836400000;8036400000
373;7967614000;7836444444;8036444444
374;7967629000;7836700000;8036700000
375;7967630000;7836700000;8036700000
376;7967631000;7836700000;8036700000
379;8009189000;7878066666;8078066666
380;8009192000;7878066666;8078066666
381;8009193000;7878066666;8078066666
382;8009194000;7878066666;8078066666
383;8009195000;7878066666;8078066666
384;8009326000;7878111111;8078111111
385;8009343000;7878422222;8078422222
386;8009344000;7878422222;8078422222
387;8009345000;7878422222;8078422222
388;8050763000;7919733333;8119733333
389;8050766000;7919733333;8119733333
391;8050768000;7919733333;8119733333
392;8050769000;7919733333;8119733333
393;8050769000;7919733333;8119733333
394;8050770000;7919733333;8119733333
395;8050967000;7919777777;8119777777
396;8050983000;7920088888;8120088888
397;8050984000;7920088888;8120088888
398;8050985000;7920088888;8120088888
399;8092446000;7961400000;8161400000
400;8092450000;7961400000;8161400000
401;8092451000;7961400000;8161400000
402;8092453000;7961400000;8161400000
403;8092495000;7961400000;8161400000
404;8092496000;7961400000;8161400000
405;8092508000;7961400000;8161400000
406;8092728000;7961444444;8161444444
408;8092744000;7961722222;8161722222
409;8092745000;7961722222;8161722222
410;8134096000;8003066666;8203066666
411;8134100000;8003066666;8203066666
412;8134101000;8003066666;8203066666
413;8134102000;8003066666;8203066666
414;8134103000;8003066666;8203066666
415;8134104000;8003066666;8203066666
416;8134105000;8003066666;8203066666
417;8134303000;8003111111;8203111111
418;8134319000;8003411111;8203411111
419;8134320000;8003411111;8203411111
420;8134321000;8003411111;8203411111
421;8175770000;8044733333;8244733333
422;8175773000;8044733333;8244733333
423;8175774000;8044733333;8244733333
424;8175775000;8044733333;8244733333
425;8175776000;8044733333;8244733333
426;8175777000;8044733333;8244733333
427;8175778000;8044733333;8244733333
428;8176006000;8044777777;8244777777
429;8176021000;8045077777;8245077777
430;8176023000;8045077777;8245077777
431;8176024000;8045077777;8245077777
432;8217485000;8086400000;8286400000
433;8217490000;8086400000;8286400000
434;8217491000;8086400000;8286400000
435;8217493000;8086400000;8286400000
436;8217494000;8086400000;8286400000
437;8217495000;8086400000;8286400000
438;8217497000;8086400000;8286400000
439;8217792000;8086444444;8286444444
440;8217815000;8086744444;8286744444
441;8217817000;8086744444;8286744444
442;8217818000;8086744444;8286744444
443;8259091000;8128066666;8328066666
444;8259096000;8128066666;8328066666
445;8259097000;8128066666;8328066666
446;8259099000;8128066666;8328066666
447;8259100000;8128066666;8328066666
448;8259101000;8128066666;8328066666
449;8259103000;8128066666;8328066666
450;8259312000;8128111111;8328111111
451;8259327000;8128400000;8328400000
452;8259329000;8128400000;8328400000
453;8259330000;8128400000;8328400000
454;8300820000;8169733333;8369733333
455;8300824000;8169733333;8369733333
456;8300826000;8169733333;8369733333
457;8300827000;8169733333;8369733333
458;8300829000;8169733333;8369733333
459;8300830000;8169733333;8369733333
460;8300831000;8169733333;8369733333
461;8301109000;8169777777;8369777777
462;8301116000;8170077777;8370077777
463;8301117000;8170077777;8370077777
464;8301134000;8170077777;8370077777
465;8342383000;8211400000;8411400000
467;8342386000;8211400000;8411400000
468;8342397000;8211400000;8411400000
469;8342398000;8211400000;8411400000
470;8342399000;8211400000;8411400000
471;8342401000;8211400000;8411400000
472;8342546000;8211444444;8411444444
473;8342550000;8211722222;8411722222
474;8342551000;8211722222;8411722222
475;8342552000;8211722222;8411722222
476;8383907000;8253055555;8453055555
477;8383911000;8253055555;8453055555
478;8383912000;8253055555;8453055555
479;8383913000;8253055555;8453055555
480;8383914000;8253055555;8453055555
481;8383915000;8253055555;8453055555
482;8383916000;8253055555;8453055555
484;8384269000;8253411111;8453411111
485;8384281000;8253411111;8453411111
487;8425637000;8294733333;8494733333
488;8425640000;8294733333;8494733333
489;8425641000;8294733333;8494733333
490;8425642000;8294733333;8494733333
491;8425643000;8294733333;8494733333
492;8425644000;8294733333;8494733333
493;8425645000;8294733333;8494733333
494;8425717000;8294777777;8494777777
495;8425732000;8295100000;8495100000
496;8425734000;8295100000;8495100000
497;8425735000;8295100000;8495100000
498;8467382000;8336411111;8536411111
499;8467385000;8336411111;8536411111
500;8467386000;8336411111;8536411111
501;8467387000;8336411111;8536411111
502;8467388000;8336411111;8536411111
503;8467389000;8336411111;8536411111
504;8467390000;8336411111;8536411111
505;8467514000;8336488888;8536488888
506;8467519000;8336811111;8536811111
507;8467520000;8336811111;8536811111
508;8467521000;8336811111;8536811111
509;8509060000;8378066666;8578066666
510;8509064000;8378066666;8578066666
511;8509065000;8378066666;8578066666
512;8509067000;8378066666;8578066666
513;8509068000;8378066666;8578066666
514;8509069000;8378066666;8578066666
515;8509071000;8378066666;8578066666
516;8509193000;8378111111;8578111111
517;8509198000;8378433333;8578433333
518;8509208000;8378433333;8578433333
519;8509210000;8378433333;8578433333
520;8550704000;8419733333;8619733333
521;8550707000;8419733333;8619733333
522;8550709000;8419733333;8619733333
523;8550710000;8419733333;8619733333
524;8550711000;8419733333;8619733333
525;8550712000;8419733333;8619733333
526;8550713000;8419733333;8619733333
527;8550814000;8419777777;8619777777
528;8550819000;8420100000;8620100000
529;8550820000;8420100000;8620100000
530;8550821000;8420100000;8620100000
531;8592370000;8461400000;8661400000
532;8592373000;8461400000;8661400000
533;8592374000;8461400000;8661400000
534;8592375000;8461400000;8661400000
535;8592376000;8461400000;8661400000
536;8592377000;8461400000;8661400000
537;8592378000;8461400000;8661400000
538;8592506000;8461444444;8661444444
540;8592512000;8461722222;8661722222
541;8592513000;8461722222;8661722222
542;8634036000;8503066666;8703066666
543;8634039000;8503066666;8703066666
544;8634041000;8503066666;8703066666
545;8634042000;8503066666;8703066666
546;8634043000;8503066666;8703066666
547;8634044000;8503066666;8703066666
548;8634045000;8503066666;8703066666
549;8634153000;8503111111;8703111111
550;8634159000;8503422222;8703422222
551;8634160000;8503422222;8703422222
552;8634161000;8503422222;8703422222
554;8675812000;8544733333;8744733333
555;8675815000;8544733333;8744733333
556;8675816000;8544733333;8744733333
557;8675818000;8544733333;8744733333
559;8675819000;8544733333;8744733333
560;8675890000;8544777777;8744777777
561;8675905000;8545088888;8745088888
562;8675906000;8545088888;8745088888
563;8675907000;8545088888;8745088888
564;8717396000;8586400000;8786400000
565;8717400000;8586400000;8786400000
566;8717401000;8586400000;8786400000
567;8717402000;8586400000;8786400000
568;8717402000;8586400000;8786400000
570;8717404000;8586400000;8786400000
571;8717529000;8586444444;8786444444
572;8717535000;8586722222;8786722222
573;8717536000;8586722222;8786722222
574;8717537000;8586722222;8786722222
575;8759054000;8628066666;8828066666
576;8759058000;8628066666;8828066666
577;8759059000;8628066666;8828066666
578;8759060000;8628066666;8828066666
579;8759061000;8628066666;8828066666
580;8759062000;8628066666;8828066666
581;8759063000;8628066666;8828066666
582;8759163000;8628111111;8828111111
583;8759168000;8628411111;8828411111
585;8759179000;8628411111;8828411111
586;8800720000;8669733333;8869733333
587;8800723000;8669733333;8869733333
588;8800724000;8669733333;8869733333
589;8800725000;8669733333;8869733333
590;8800727000;8669733333;8869733333
591;8800727000;8669733333;8869733333
593;8800826000;8669777777;8869777777
594;8800831000;8670100000;8870100000
595;8800833000;8670100000;8870100000
596;8800834000;8670100000;8870100000
597;8842382000;8711400000;8911400000
598;8842386000;8711400000;8911400000
599;8842387000;8711400000;8911400000
600;8842388000;8711400000;8911400000
601;8842389000;8711400000;8911400000
602;8842390000;8711400000;8911400000
603;8842391000;8711400000;8911400000
604;8842490000;8711444444;8911444444
605;8842496000;8711733333;8911733333
606;8842497000;8711733333;8911733333
607;8842498000;8711733333;8911733333
610;8884162000;8753066666;8953066666
611;8884166000;8753066666;8953066666
612;8884167000;8753066666;8953066666
613;8884167000;8753066666;8953066666
614;8884168000;8753066666;8953066666
615;8884237000;8753122222;8953122222
616;8884252000;8753433333;8953433333
617;8884253000;8753433333;8953433333
618;8884254000;8753433333;8953433333
619;8925699000;8794733333;8994733333
620;8925703000;8794733333;8994733333
621;8925704000;8794733333;8994733333
622;8925705000;8794733333;8994733333
623;8925706000;8794733333;8994733333
624;8925707000;8794733333;8994733333
625;8925708000;8794733333;8994733333
626;8925796000;8794777777;8994777777
627;8925801000;8795100000;8995100000
628;8925802000;8795100000;8995100000
629;8925804000;8795100000;8995100000
630;8967370000;8836400000;9036400000
631;8967373000;8836400000;9036400000
632;8967374000;8836400000;9036400000
633;8967375000;8836400000;9036400000
634;8967376000;8836400000;9036400000
635;8967377000;8836400000;9036400000
636;8967378000;8836400000;9036400000
637;8967500000;8836444444;9036444444
638;8967505000;8836711111;9036711111
639;8967506000;8836711111;9036711111
640;8967507000;8836711111;9036711111
641;9009034000;8878066666;9078066666
642;9009037000;8878066666;9078066666
643;9009038000;8878066666;9078066666
644;9009039000;8878066666;9078066666
645;9009040000;8878066666;9078066666
646;9009041000;8878066666;9078066666
647;9009042000;8878066666;9078066666
648;9009161000;8878111111;9078111111
651;9009175000;8878411111;9078411111
652;9050722000;8919733333;9119733333
653;9050725000;8919733333;9119733333
654;9050726000;8919733333;9119733333
655;9050727000;8919733333;9119733333
656;9050728000;8919733333;9119733333
657;9050729000;8919733333;9119733333
658;9050730000;8919733333;9119733333
659;9050830000;8919777777;9119777777
660;9050835000;8920100000;9120100000
661;9050836000;8920100000;9120100000
662;9050837000;8920100000;9120100000
663;9092389000;8961411111;9161411111
664;9092392000;8961411111;9161411111
665;9092393000;8961411111;9161411111
666;9092394000;8961411111;9161411111
667;9092395000;8961411111;9161411111
668;9092396000;8961411111;9161411111
669;9092397000;8961411111;9161411111
670;9092500000;8961466666;9161466666
671;9092506000;8961744444;9161744444
672;9092508000;8961744444;9161744444
673;9092509000;8961744444;9161744444
674;9134038000;9003066666;9203066666
675;9134041000;9003066666;9203066666
676;9134042000;9003066666;9203066666
677;9134043000;9003066666;9203066666
678;9134044000;9003066666;9203066666
679;9134045000;9003066666;9203066666
680;9134046000;9003066666;9203066666
681;9134145000;9003111111;9203111111
682;9134151000;9003422222;9203422222
683;9134152000;9003422222;9203422222
684;9134153000;9003422222;9203422222
685;9175705000;9044733333;9244733333
686;9175708000;9044733333;9244733333
687;9175709000;9044733333;9244733333
688;9175710000;9044733333;9244733333
689;9175711000;9044733333;9244733333
690;9175712000;9044733333;9244733333
691;9175713000;9044733333;9244733333
692;9175811000;9044777777;9244777777
693;9175816000;9045122222;9245122222
694;9175818000;9045122222;9245122222
695;9175819000;9045122222;9245122222
696;9217391000;9086400000;9286400000
697;9217395000;9086400000;9286400000
698;9217396000;9086400000;9286400000
699;9217397000;9086400000;9286400000
700;9217398000;9086400000;9286400000
701;9217399000;9086400000;9286400000
702;9217400000;9086400000;9286400000
703;9217526000;9086444444;9286444444
704;9217531000;9086744444;9286744444
705;9217532000;9086744444;9286744444
706;9217533000;9086744444;9286744444
707;9259052000;9128066666;9328066666
708;9259056000;9128066666;9328066666
709;9259057000;9128066666;9328066666
710;9259058000;9128066666;9328066666
711;9259059000;9128066666;9328066666
712;9259060000;9128066666;9328066666
713;9259061000;9128066666;9328066666
714;9259163000;9128111111;9328111111
715;9259168000;9128411111;9328411111
716;9259170000;9128411111;9328411111
717;9259171000;9128411111;9328411111
718;9300726000;9169733333;9369733333
719;9300730000;9169733333;9369733333
720;9300732000;9169733333;9369733333
721;9300733000;9169733333;9369733333
722;9300734000;9169733333;9369733333
723;9300736000;9169733333;9369733333
724;9300737000;9169733333;9369733333
725;9300880000;9169777777;9369777777
726;9300885000;9170111111;9370111111
727;9300886000;9170111111;9370111111
728;9300887000;9170111111;9370111111
729;9342387000;9211400000;9411400000
730;9342391000;9211400000;9411400000
731;9342392000;9211400000;9411400000
732;9342393000;9211400000;9411400000
733;9342394000;9211400000;9411400000
734;9342395000;9211400000;9411400000
735;9342396000;9211400000;9411400000
736;9342513000;9211444444;9411444444
737;9342518000;9211733333;9411733333
738;9342519000;9211733333;9411733333
739;9342520000;9211733333;9411733333
740;9384030000;9253055555;9453055555
741;9384033000;9253055555;9453055555
742;9384034000;9253055555;9453055555
743;9384035000;9253055555;9453055555
744;9384036000;9253055555;9453055555
745;9384037000;9253055555;9453055555
746;9384038000;9253055555;9453055555
747;9384137000;9253100000;9453100000
748;9384142000;9253433333;9453433333
749;9384178000;9253433333;9453433333
750;9384179000;9253433333;9453433333
751;9425709000;9294733333;9494733333
752;9425712000;9294733333;9494733333
753;9425714000;9294733333;9494733333
754;9425715000;9294733333;9494733333
755;9425716000;9294733333;9494733333
756;9425717000;9294733333;9494733333
757;9425718000;9294733333;9494733333
758;9425836000;9294777777;9494777777
759;9425842000;9295111111;9495111111
760;9425843000;9295111111;9495111111
761;9425844000;9295111111;9495111111
762;9467395000;9336400000;9536400000
764;9467399000;9336400000;9536400000
765;9467400000;9336400000;9536400000
766;9467401000;9336400000;9536400000
767;9467402000;9336400000;9536400000
768;9467403000;9336400000;9536400000
769;9467510000;9336444444;9536444444
770;9467517000;9336722222;9536722222
771;9467518000;9336722222;9536722222
772;9467519000;9336722222;9536722222
773;9509042000;9378066666;9578066666
774;9509046000;9378066666;9578066666
775;9509047000;9378066666;9578066666
776;9509048000;9378066666;9578066666
777;9509049000;9378066666;9578066666
778;9509050000;9378066666;9578066666
779;9509051000;9378066666;9578066666
780;9509168000;9378111111;9578111111
781;9509173000;9378444444;9578444444
782;9509175000;9378444444;9578444444
783;9509176000;9378444444;9578444444
784;9550724000;9419733333;9619733333
785;9550727000;9419733333;9619733333
786;9550728000;9419733333;9619733333
787;9550729000;9419733333;9619733333
788;9550730000;9419733333;9619733333
789;9550731000;9419733333;9619733333
790;9550732000;9419733333;9619733333
791;9550833000;9419777777;9619777777
792;9550839000;9420111111;9620111111
793;9550840000;9420111111;9620111111
794;9550842000;9420111111;9620111111
795;9592376000;9461400000;9661400000
796;9592380000;9461400000;9661400000
797;9592381000;9461400000;9661400000
798;9592382000;9461400000;9661400000
799;9592383000;9461400000;9661400000
800;9592384000;9461400000;9661400000
801;9592385000;9461400000;9661400000
802;9592506000;9461444444;9661444444
803;9592511000;9461733333;9661733333
804;9592512000;9461733333;9661733333
805;9592513000;9461733333;9661733333
806;9634058000;9503066666;9703066666
807;9634061000;9503066666;9703066666
808;9634062000;9503066666;9703066666
809;9634063000;9503066666;9703066666
810;9634064000;9503066666;9703066666
811;9634065000;9503066666;9703066666
812;9634066000;9503066666;9703066666
813;9634167000;9503111111;9703111111
814;9634173000;9503422222;9703422222
815;9634174000;9503422222;9703422222
816;9634175000;9503422222;9703422222
817;9675711000;9544733333;9744733333
818;9675714000;9544733333;9744733333
819;9675715000;9544733333;9744733333
820;9675716000;9544733333;9744733333
821;9675717000;9544733333;9744733333
822;9675718000;9544733333;9744733333
823;9675719000;9544733333;9744733333
824;9675838000;9544788888;9744788888
825;9675843000;9545122222;9745122222
826;9675844000;9545122222;9745122222
827;9675845000;9545122222;9745122222
828;9717428000;9586400000;9786400000
829;9717433000;9586400000;9786400000
830;9717434000;9586400000;9786400000
832;9717436000;9586400000;9786400000
833;9717437000;9586400000;9786400000
834;9717438000;9586400000;9786400000
835;9717563000;9586444444;9786444444
836;9717569000;9586733333;9786733333
837;9717570000;9586733333;9786733333
838;9717572000;9586733333;9786733333
839;9759044000;9628066666;9828066666
840;9759047000;9628066666;9828066666
841;9759048000;9628066666;9828066666
842;9759049000;9628066666;9828066666
843;9759050000;9628066666;9828066666
844;9759051000;9628066666;9828066666
845;9759052000;9628066666;9828066666
846;9759170000;9628111111;9828111111
847;9759175000;9628422222;9828422222
848;9759176000;9628422222;9828422222
849;9759177000;9628422222;9828422222
850;9800701000;9669722222;9869722222
851;9800704000;9669722222;9869722222
852;9800705000;9669722222;9869722222
853;9800706000;9669722222;9869722222
854;9800707000;9669722222;9869722222
855;9800708000;9669722222;9869722222
856;9800709000;9669722222;9869722222
858;9800992000;9670088888;9870088888
859;9800995000;9670088888;9870088888
860;9800996000;9670088888;9870088888
861;9842391000;9711400000;9911400000
862;9842395000;9711400000;9911400000
863;9842404000;9711400000;9911400000
864;9842405000;9711400000;9911400000
865;9842406000;9711400000;9911400000
866;9842407000;9711400000;9911400000
867;9842408000;9711400000;9911400000
868;9842527000;9711444444;9911444444
869;9842532000;9711744444;9911744444
870;9842533000;9711744444;9911744444
871;9842534000;9711744444;9911744444
872;9884046000;9753066666;9953066666
873;9884049000;9753066666;9953066666
874;9884050000;9753066666;9953066666
875;9884051000;9753066666;9953066666
876;9884052000;9753066666;9953066666
877;9884053000;9753066666;9953066666
878;9884054000;9753066666;9953066666
879;9884152000;9753111111;9953111111
880;9884158000;9753422222;9953422222
881;9884159000;9753422222;9953422222
882;9884160000;9753422222;9953422222
883;9925716000;9794733333;9994733333
884;9925720000;9794733333;9994733333
885;9925721000;9794733333;9994733333
886;9925722000;9794733333;9994733333
887;9925723000;9794733333;9994733333
888;9925724000;9794733333;9994733333
889;9925725000;9794733333;9994733333
890;9925824000;9794777777;9994777777
891;9925829000;9795100000;9995100000
892;9925831000;9795100000;9995100000
893;9925831000;9795100000;9995100000
894;9967380000;9836400000;10036400000
895;9967384000;9836400000;10036400000
896;9967385000;9836400000;10036400000
897;9967386000;9836400000;10036400000
898;9967387000;9836400000;10036400000
899;9967388000;9836400000;10036400000
900;9967389000;9836400000;10036400000
901;9967496000;9836444444;10036444444
902;9967501000;9836711111;10036711111
903;9967502000;9836711111;10036711111
904;9967503000;9836711111;10036711111
905;10009048000;9878066666;10078066666
906;10009051000;9878066666;10078066666
907;10009052000;9878066666;10078066666
908;10009053000;9878066666;10078066666
909;10009054000;9878066666;10078066666
910;10009055000;9878066666;10078066666
911;10009056000;9878066666;10078066666
912;10009174000;9878111111;10078111111
913;10009179000;9878422222;10078422222
914;10009180000;9878422222;10078422222
915;10009181000;9878422222;10078422222
916;10050731000;9919733333;10119733333
917;10050735000;9919733333;10119733333
918;10050736000;9919733333;10119733333
919;10050737000;9919733333;10119733333
920;10050738000;9919733333;10119733333
921;10050739000;9919733333;10119733333
922;10050740000;9919733333;10119733333
923;10050839000;9919777777;10119777777
924;10050844000;9920100000;10120100000
925;10050845000;9920100000;10120100000
926;10050846000;9920100000;10120100000
927;10092391000;9961400000;10161400000
928;10092395000;9961400000;10161400000
929;10092396000;9961400000;10161400000
930;10092398000;9961400000;10161400000
931;10092398000;9961400000;10161400000
932;10092399000;9961400000;10161400000
933;10092400000;9961400000;10161400000
934;10092520000;9961444444;10161444444
935;10092536000;9961744444;10161744444
936;10092537000;9961744444;10161744444
937;10092538000;9961744444;10161744444
938;10134048000;10003066666;10203066666
939;10134051000;10003066666;10203066666
940;10134052000;10003066666;10203066666
941;10134053000;10003066666;10203066666
942;10134054000;10003066666;10203066666
943;10134055000;10003066666;10203066666
944;10134056000;10003066666;10203066666
945;10134154000;10003111111;10203111111
946;10134160000;10003433333;10203433333
947;10134161000;10003433333;10203433333
948;10134162000;10003433333;10203433333
949;10175741000;10044733333;10244733333
950;10175744000;10044733333;10244733333
951;10175745000;10044733333;10244733333
952;10175746000;10044733333;10244733333
953;10175747000;10044733333;10244733333
954;10175748000;10044733333;10244733333
955;10175749000;10044733333;10244733333
956;10175848000;10044777777;10244777777
957;10175853000;10045111111;10245111111
958;10175854000;10045111111;10245111111
959;10175855000;10045111111;10245111111
960;10217398000;10086400000;10286400000
961;10217402000;10086400000;10286400000
962;10217403000;10086400000;10286400000
963;10217404000;10086400000;10286400000
964;10217405000;10086400000;10286400000
965;10217406000;10086400000;10286400000
966;10217407000;10086400000;10286400000
967;10217516000;10086444444;10286444444
968;10217521000;10086744444;10286744444
969;10217540000;10086744444;10286744444
970;10217542000;10086744444;10286744444
971;10259048000;10128066666;10328066666
972;10259052000;10128066666;10328066666
973;10259053000;10128066666;10328066666
974;10259054000;10128066666;10328066666
975;10259055000;10128066666;10328066666
976;10259056000;10128066666;10328066666
977;10259057000;10128066666;10328066666
978;10259156000;10128111111;10328111111
979;10259161000;10128411111;10328411111
980;10259162000;10128411111;10328411111
981;10259163000;10128411111;10328411111
982;10300716000;10169733333;10369733333
983;10300720000;10169733333;10369733333
984;10300721000;10169733333;10369733333
985;10300721000;10169733333;10369733333
986;10300722000;10169733333;10369733333
987;10300723000;10169733333;10369733333
988;10300724000;10169733333;10369733333
989;10300823000;10169777777;10369777777
990;10300828000;10170100000;10370100000
991;10300829000;10170100000;10370100000
992;10300830000;10170100000;10370100000
993;10342397000;10211400000;10411400000
994;10342401000;10211400000;10411400000
995;10342402000;10211400000;10411400000
996;10342403000;10211400000;10411400000
997;10342404000;10211400000;10411400000
998;10342405000;10211400000;10411400000
999;10342406000;10211400000;10411400000
1000;10342536000;10211444444;10411444444
1001;10342541000;10211733333;10411733333
1002;10342542000;10211733333;10411733333
1003;10342543000;10211733333;10411733333
1004;10384049000;10253066666;10453066666
1005;10384053000;10253066666;10453066666
1006;10384054000;10253066666;10453066666
1007;10384055000;10253066666;10453066666
1008;10384056000;10253066666;10453066666
1009;10384057000;10253066666;10453066666
1010;10384058000;10253066666;10453066666
1011;10384157000;10253111111;10453111111
1012;10384162000;10253433333;10453433333
1013;10384163000;10253433333;10453433333
1014;10384164000;10253433333;10453433333
1015;10425717000;10294733333;10494733333
1016;10425720000;10294733333;10494733333
1017;10425721000;10294733333;10494733333
1018;10425722000;10294733333;10494733333
1019;10425723000;10294733333;10494733333
1020;10425724000;10294733333;10494733333
1021;10425725000;10294733333;10494733333
1022;10425823000;10294777777;10494777777
1023;10425829000;10295133333;10495133333
1024;10425830000;10295133333;10495133333
1025;10425831000;10295133333;10495133333
1026;10467384000;10336400000;10536400000
1027;10467387000;10336400000;10536400000
1028;10467388000;10336400000;10536400000
1029;10467389000;10336400000;10536400000
1030;10467390000;10336400000;10536400000
1031;10467391000;10336400000;10536400000
1032;10467392000;10336400000;10536400000
1033;10467500000;10336444444;10536444444
1034;10467506000;10336733333;10536733333
1035;10467507000;10336733333;10536733333
1036;10467508000;10336733333;10536733333
1039;10509171000;10378055555;10578055555
1040;10509175000;10378055555;10578055555
1041;10509176000;10378055555;10578055555
1042;10509177000;10378055555;10578055555
1043;10509179000;10378055555;10578055555
1044;10509267000;10378100000;10578100000
1045;10509272000;10378433333;10578433333
1046;10509273000;10378433333;10578433333
1047;10509274000;10378433333;10578433333
1048;10550718000;10419733333;10619733333
1049;10550722000;10419733333;10619733333
1050;10550723000;10419733333;10619733333
1051;10550724000;10419733333;10619733333
1052;10550725000;10419733333;10619733333
1053;10550726000;10419733333;10619733333
1054;10550727000;10419733333;10619733333
1055;10550826000;10419777777;10619777777
1056;10550831000;10420088888;10620088888
1058;10550891000;10420088888;10620088888
1059;10592385000;10461400000;10661400000
1060;10592388000;10461400000;10661400000
1061;10592389000;10461400000;10661400000
1062;10592390000;10461400000;10661400000
1063;10592391000;10461400000;10661400000
1064;10592392000;10461400000;10661400000
1065;10592393000;10461400000;10661400000
1066;10592519000;10461444444;10661444444
1067;10592524000;10461722222;10661722222
1068;10592526000;10461722222;10661722222
1069;10592527000;10461722222;10661722222
1070;10634051000;10503066666;10703066666
1071;10634055000;10503066666;10703066666
1072;10634056000;10503066666;10703066666
1073;10634068000;10503066666;10703066666
1074;10634069000;10503066666;10703066666
1075;10634070000;10503066666;10703066666
1076;10634071000;10503066666;10703066666
1077;10634196000;10503111111;10703111111
1078;10634202000;10503422222;10703422222
1079;10634203000;10503422222;10703422222
1080;10634204000;10503422222;10703422222
1081;10675564000;10544733333;10744733333
1082;10675567000;10544733333;10744733333
1083;10675568000;10544733333;10744733333
1084;10675569000;10544733333;10744733333
1085;10675570000;10544733333;10744733333
1086;10675571000;10544733333;10744733333
1087;10675572000;10544733333;10744733333
1088;10675671000;10544777777;10744777777
1089;10675676000;10545088888;10745088888
1090;10675677000;10545088888;10745088888
1091;10675678000;10545088888;10745088888
1092;10717384000;10586400000;10786400000
1093;10717387000;10586400000;10786400000
1094;10717388000;10586400000;10786400000
1095;10717389000;10586400000;10786400000
1096;10717390000;10586400000;10786400000
1097;10717391000;10586400000;10786400000
1098;10717392000;10586400000;10786400000
1099;10717513000;10586444444;10786444444
1100;10717518000;10586722222;10786722222
1101;10717519000;10586722222;10786722222
1102;10717520000;10586722222;10786722222
1103;10759041000;10628055555;10828055555
1104;10759044000;10628055555;10828055555
1105;10759045000;10628055555;10828055555
1106;10759046000;10628055555;10828055555
1107;10759047000;10628055555;10828055555
1108;10759048000;10628055555;10828055555
1109;10759049000;10628055555;10828055555
1110;10759167000;10628100000;10828100000
1111;10759172000;10628411111;10828411111
1112;10759174000;10628411111;10828411111
1113;10759174000;10628411111;10828411111
1114;10800745000;10669755555;10869755555
1115;10800748000;10669755555;10869755555
1116;10800749000;10669755555;10869755555
1117;10800751000;10669755555;10869755555
1118;10800751000;10669755555;10869755555
1119;10800752000;10669755555;10869755555
1120;10800753000;10669755555;10869755555
1121;10800852000;10669800000;10869800000
1122;10800857000;10670111111;10870111111
1123;10800859000;10670111111;10870111111
1124;10800860000;10670111111;10870111111
1125;10842386000;10711400000;10911400000
1126;10842389000;10711400000;10911400000
1127;10842390000;10711400000;10911400000
1128;10842391000;10711400000;10911400000
1129;10842392000;10711400000;10911400000
1130;10842393000;10711400000;10911400000
1131;10842394000;10711400000;10911400000
1132;10842502000;10711444444;10911444444
1133;10842507000;10711733333;10911733333
1134;10842508000;10711733333;10911733333
1135;10842509000;10711733333;10911733333
1136;10885776000;10753066666;10953066666
1137;10885782000;10753066666;10953066666
1138;10885784000;10753066666;10953066666
1139;10885787000;10753066666;10953066666
1140;10885789000;10753066666;10953066666
1141;10885791000;10753066666;10953066666
1142;10885793000;10753066666;10953066666
1143;10886067000;10753111111;10953111111
1144;10886072000;10753422222;10953422222
1145;10886083000;10753422222;10953422222
1146;10886085000;10753422222;10953422222
1147;10925711000;10794733333;10994733333
1148;10925715000;10794733333;10994733333
1149;10925716000;10794733333;10994733333
1150;10925717000;10794733333;10994733333
1151;10925718000;10794733333;10994733333
1152;10925719000;10794733333;10994733333
1153;10925721000;10794733333;10994733333
1154;10925819000;10794777777;10994777777
1155;10925825000;10795088888;10995088888
1156;10925826000;10795088888;10995088888
1157;10925827000;10795088888;10995088888
1158;10967388000;10836400000;11036400000
1159;10967391000;10836400000;11036400000
1160;10967392000;10836400000;11036400000
1161;10967393000;10836400000;11036400000
1162;10967394000;10836400000;11036400000
1163;10967395000;10836400000;11036400000
1164;10967396000;10836400000;11036400000
1165;10967522000;10836444444;11036444444
1166;10967528000;10836700000;11036700000
1167;10967529000;10836700000;11036700000
1168;10967530000;10836700000;11036700000
1170;11009177000;10878066666;11078066666
1171;11009189000;10878066666;11078066666
1172;11009190000;10878066666;11078066666
1173;11009191000;10878066666;11078066666
1174;11009200000;10878066666;11078066666
1175;11009201000;10878066666;11078066666
1176;11009276000;10878111111;11078111111
1177;11009291000;10878422222;11078422222
1178;11009292000;10878422222;11078422222
1179;11009293000;10878422222;11078422222
1180;11050720000;10919733333;11119733333
1181;11050723000;10919733333;11119733333
1182;11050724000;10919733333;11119733333
1183;11050725000;10919733333;11119733333
1184;11050726000;10919733333;11119733333
1185;11050727000;10919733333;11119733333
1186;11050728000;10919733333;11119733333
1187;11050817000;10919777777;11119777777
1188;11050822000;10920100000;11120100000
1189;11050823000;10920100000;11120100000
1190;11050824000;10920100000;11120100000
1191;11092388000;10961400000;11161400000
1192;11092391000;10961400000;11161400000
1193;11092392000;10961400000;11161400000
1194;11092393000;10961400000;11161400000
1195;11092394000;10961400000;11161400000
1196;11092396000;10961400000;11161400000
1197;11092396000;10961400000;11161400000
1198;11092541000;10961444444;11161444444
1199;11092555000;10961722222;11161722222
1200;11092557000;10961722222;11161722222
1201;11092558000;10961722222;11161722222
1202;11134048000;11003055555;11203055555
1203;11134052000;11003055555;11203055555
1204;11134053000;11003055555;11203055555
1205;11134054000;11003055555;11203055555
1206;11134055000;11003055555;11203055555
1207;11134056000;11003055555;11203055555
1208;11134057000;11003055555;11203055555
1209;11134157000;11003111111;11203111111
1210;11134162000;11003422222;11203422222
1211;11134163000;11003422222;11203422222
1212;11134164000;11003422222;11203422222
1213;11175733000;11044733333;11244733333
1214;11175737000;11044733333;11244733333
1215;11175738000;11044733333;11244733333
1216;11175739000;11044733333;11244733333
1217;11175740000;11044733333;11244733333
1218;11175741000;11044733333;11244733333
1219;11175742000;11044733333;11244733333
1220;11175841000;11044777777;11244777777
1221;11175846000;11045100000;11245100000
1222;11175848000;11045100000;11245100000
1223;11175849000;11045100000;11245100000
1224;11217403000;11086400000;11286400000
1225;11217406000;11086400000;11286400000
1226;11217407000;11086400000;11286400000
1227;11217408000;11086400000;11286400000
1231;11217545000;11086444444;11286444444
1232;11217550000;11086755555;11286755555
1233;11217551000;11086755555;11286755555
1234;11217552000;11086755555;11286755555
1235;11259102000;11128066666;11328066666
1236;11259106000;11128066666;11328066666
1237;11259107000;11128066666;11328066666
1238;11259108000;11128066666;11328066666
1239;11259109000;11128066666;11328066666
1240;11259110000;11128066666;11328066666
1241;11259111000;11128066666;11328066666
1242;11259210000;11128111111;11328111111
1243;11259215000;11128400000;11328400000
1244;11259216000;11128400000;11328400000
1245;11259217000;11128400000;11328400000
1246;11300747000;11169733333;11369733333
1247;11300751000;11169733333;11369733333
1248;11300752000;11169733333;11369733333
1249;11300753000;11169733333;11369733333
1250;11300754000;11169733333;11369733333
1251;11300755000;11169733333;11369733333
1252;11300756000;11169733333;11369733333
1253;11300854000;11169777777;11369777777
1254;11300860000;11170100000;11370100000
1255;11300861000;11170100000;11370100000
1256;11300862000;11170100000;11370100000
1257;11342418000;11211400000;11411400000
1258;11342422000;11211400000;11411400000
1259;11342423000;11211400000;11411400000
1260;11342424000;11211400000;11411400000
1261;11342425000;11211400000;11411400000
1262;11342426000;11211400000;11411400000
1263;11342427000;11211400000;11411400000
1264;11342551000;11211444444;11411444444
1265;11342556000;11211733333;11411733333
1266;11342557000;11211733333;11411733333
1267;11342558000;11211733333;11411733333
1268;11384090000;11253066666;11453066666
1269;11384094000;11253066666;11453066666
1270;11384095000;11253066666;11453066666
1271;11384096000;11253066666;11453066666
1272;11384097000;11253066666;11453066666
1273;11384098000;11253066666;11453066666
1274;11384099000;11253066666;11453066666
1275;11384197000;11253111111;11453111111
1276;11384202000;11253422222;11453422222
1277;11384221000;11253422222;11453422222
1278;11384222000;11253422222;11453422222
1279;11425760000;11294733333;11494733333
1280;11425764000;11294733333;11494733333
1281;11425765000;11294733333;11494733333
1282;11425766000;11294733333;11494733333
1283;11425767000;11294733333;11494733333
1284;11425768000;11294733333;11494733333
1285;11425769000;11294733333;11494733333
1286;11425867000;11294777777;11494777777
1287;11425872000;11295122222;11495122222
1288;11425874000;11295122222;11495122222
1289;11425875000;11295122222;11495122222
1290;11467428000;11336400000;11536400000
1291;11467432000;11336400000;11536400000
1292;11467433000;11336400000;11536400000
1293;11467434000;11336400000;11536400000
1294;11467435000;11336400000;11536400000
1295;11467436000;11336400000;11536400000
1296;11467437000;11336400000;11536400000
1297;11467555000;11336444444;11536444444
1298;11467561000;11336722222;11536722222
1299;11467572000;11336722222;11536722222
1300;11467574000;11336722222;11536722222
1301;11509102000;11378066666;11578066666
1302;11509105000;11378066666;11578066666
1303;11509106000;11378066666;11578066666
1304;11509107000;11378066666;11578066666
1305;11509108000;11378066666;11578066666
1306;11509109000;11378066666;11578066666
1307;11509110000;11378066666;11578066666
1308;11509208000;11378111111;11578111111
1309;11509213000;11378422222;11578422222
1310;11509214000;11378422222;11578422222
1311;11509215000;11378422222;11578422222
1312;11550773000;11419733333;11619733333
1313;11550776000;11419733333;11619733333
1314;11550777000;11419733333;11619733333
1315;11550778000;11419733333;11619733333
1316;11550779000;11419733333;11619733333
1317;11550780000;11419733333;11619733333
1318;11550781000;11419733333;11619733333
1319;11550880000;11419777777;11619777777
1320;11550885000;11420100000;11620100000
1321;11550886000;11420100000;11620100000
1322;11550887000;11420100000;11620100000
1323;11592465000;11461422222;11661422222
1324;11592469000;11461422222;11661422222
1325;11592476000;11461422222;11661422222
1326;11592477000;11461422222;11661422222
1327;11592478000;11461422222;11661422222
1328;11592479000;11461422222;11661422222
1329;11592479000;11461422222;11661422222
1330;11592579000;11461466666;11661466666
1331;11592584000;11461755555;11661755555
1332;11592586000;11461755555;11661755555
1333;11592586000;11461755555;11661755555
1334;11634113000;11503066666;11703066666
1335;11634117000;11503066666;11703066666
1336;11634117000;11503066666;11703066666
1337;11634119000;11503066666;11703066666
1338;11634120000;11503066666;11703066666
1339;11634120000;11503066666;11703066666
1340;11634121000;11503066666;11703066666
1341;11634240000;11503111111;11703111111
1342;11634245000;11503422222;11703422222
1343;11634246000;11503422222;11703422222
1344;11634247000;11503422222;11703422222
1345;11675785000;11544733333;11744733333
1346;11675788000;11544733333;11744733333
1347;11675789000;11544733333;11744733333
1348;11675790000;11544733333;11744733333
1349;11675791000;11544733333;11744733333
1350;11675792000;11544733333;11744733333
1351;11675793000;11544733333;11744733333
1352;11675892000;11544777777;11744777777
1353;11675897000;11545088888;11745088888
1354;11675898000;11545088888;11745088888
1355;11675899000;11545088888;11745088888
1356;11717460000;11586388888;11786388888
1358;11717464000;11586388888;11786388888
1359;11717465000;11586388888;11786388888
1360;11717466000;11586388888;11786388888
1361;11717467000;11586388888;11786388888
1362;11717469000;11586388888;11786388888
1363;11717605000;11586433333;11786433333
1364;11717610000;11586722222;11786722222
1365;11717611000;11586722222;11786722222
1366;11717612000;11586722222;11786722222
1367;11759137000;11628066666;11828066666
1368;11759141000;11628066666;11828066666
1369;11759142000;11628066666;11828066666
1370;11759143000;11628066666;11828066666
1371;11759144000;11628066666;11828066666
1372;11759145000;11628066666;11828066666
1373;11759146000;11628066666;11828066666
1374;11759247000;11628111111;11828111111
1375;11759253000;11628422222;11828422222
1376;11759254000;11628422222;11828422222
1377;11759255000;11628422222;11828422222
1378;11800794000;11669733333;11869733333
1379;11800797000;11669733333;11869733333
1380;11800798000;11669733333;11869733333
1381;11800799000;11669733333;11869733333
1382;11800800000;11669733333;11869733333
1383;11800801000;11669733333;11869733333
1384;11800802000;11669733333;11869733333
1385;11800901000;11669777777;11869777777
1386;11800907000;11670100000;11870100000
1387;11800908000;11670100000;11870100000
1388;11800909000;11670100000;11870100000
1389;11842464000;11711400000;11911400000
1390;11842467000;11711400000;11911400000
1391;11842468000;11711400000;11911400000
1392;11842473000;11711400000;11911400000
1393;11842474000;11711400000;11911400000
1394;11842475000;11711400000;11911400000
1395;11842476000;11711400000;11911400000
1396;11842595000;11711444444;11911444444
1397;11842600000;11711744444;11911744444
1398;11842601000;11711744444;11911744444
1399;11842602000;11711744444;11911744444
1400;11884134000;11753066666;11953066666
1401;11884137000;11753066666;11953066666
1402;11884138000;11753066666;11953066666
1403;11884139000;11753066666;11953066666
1404;11884140000;11753066666;11953066666
1405;11884141000;11753066666;11953066666
1406;11884142000;11753066666;11953066666
1407;11884240000;11753111111;11953111111
1408;11884245000;11753411111;11953411111
1409;11884247000;11753411111;11953411111
1410;11884248000;11753411111;11953411111
1411;11925803000;11794733333;11994733333
1412;11925806000;11794733333;11994733333
1413;11925807000;11794733333;11994733333
1414;11925808000;11794733333;11994733333
1415;11925809000;11794733333;11994733333
1416;11925810000;11794733333;11994733333
1417;11925811000;11794733333;11994733333
1418;11925930000;11794777777;11994777777
1419;11925936000;11795100000;11995100000
1420;11925937000;11795100000;11995100000
1421;11925938000;11795100000;11995100000
1422;11967492000;11836400000;12036400000
1423;11967496000;11836400000;12036400000
1424;11967497000;11836400000;12036400000
1425;11967498000;11836400000;12036400000
1426;11967499000;11836400000;12036400000
1427;11967500000;11836400000;12036400000
1428;11967501000;11836400000;12036400000
1429;11967615000;11836444444;12036444444
1430;11967620000;11836700000;12036700000
1431;11967621000;11836700000;12036700000
1432;11967622000;11836700000;12036700000
1434;12009272000;11878066666;12078066666
1435;12009276000;11878066666;12078066666
1436;12009277000;11878066666;12078066666
1437;12009278000;11878066666;12078066666
1438;12009279000;11878066666;12078066666
1439;12009279000;11878066666;12078066666
1440;12009348000;11878111111;12078111111
1441;12009363000;11878411111;12078411111
1442;12009365000;11878411111;12078411111
1443;12009366000;11878411111;12078411111
1444;12050824000;11919733333;12119733333
1445;12050827000;11919733333;12119733333
1446;12050829000;11919733333;12119733333
1447;12050830000;11919733333;12119733333
1448;12050831000;11919733333;12119733333
1449;12050832000;11919733333;12119733333
1450;12050833000;11919733333;12119733333
1451;12050955000;11919777777;12119777777
1452;12050960000;11920100000;12120100000
1453;12050961000;11920100000;12120100000
1454;12050963000;11920100000;12120100000
1455;12092553000;11961411111;12161411111
1456;12092557000;11961411111;12161411111
1457;12092558000;11961411111;12161411111
1458;12092559000;11961411111;12161411111
1459;12092561000;11961411111;12161411111
1460;12092562000;11961411111;12161411111
1461;12092563000;11961411111;12161411111
1462;12092698000;11961455555;12161455555
1463;12092703000;11961766666;12161766666
1464;12092705000;11961766666;12161766666
1465;12092706000;11961766666;12161766666
1466;12134136000;12003055555;12203055555
1467;12134140000;12003055555;12203055555
1468;12134141000;12003055555;12203055555
1469;12134142000;12003055555;12203055555
1470;12134143000;12003055555;12203055555
1471;12134145000;12003055555;12203055555
1472;12134146000;12003055555;12203055555
1473;12134266000;12003100000;12203100000
1474;12134271000;12003422222;12203422222
1475;12134272000;12003422222;12203422222
1476;12134273000;12003422222;12203422222
1477;12175821000;12044733333;12244733333
1478;12175824000;12044733333;12244733333
1479;12175835000;12044733333;12244733333
1480;12175836000;12044733333;12244733333
1481;12175837000;12044733333;12244733333
1482;12175838000;12044733333;12244733333
1483;12175839000;12044733333;12244733333
1484;12175959000;12044777777;12244777777
1485;12175964000;12045111111;12245111111
1486;12175965000;12045111111;12245111111
1487;12175966000;12045111111;12245111111
1488;12217491000;12086400000;12286400000
1489;12217494000;12086400000;12286400000
1490;12217496000;12086400000;12286400000
1491;12217497000;12086400000;12286400000
1492;12217498000;12086400000;12286400000
1493;12217498000;12086400000;12286400000
1494;12217499000;12086400000;12286400000
1495;12217620000;12086444444;12286444444
1496;12217624000;12086744444;12286744444
1497;12217625000;12086744444;12286744444
1498;12217626000;12086744444;12286744444
1499;12259172000;12128066666;12328066666
1500;12259175000;12128066666;12328066666
1501;12259177000;12128066666;12328066666
1502;12259178000;12128066666;12328066666
1503;12259179000;12128066666;12328066666
1504;12259180000;12128066666;12328066666
1505;12259181000;12128066666;12328066666
1506;12259282000;12128111111;12328111111
1507;12259287000;12128411111;12328411111
1508;12259288000;12128411111;12328411111
1509;12259289000;12128411111;12328411111
1510;12300828000;12169733333;12369733333
1511;12300831000;12169733333;12369733333
1512;12300832000;12169733333;12369733333
1513;12300833000;12169733333;12369733333
1514;12300834000;12169733333;12369733333
1515;12300835000;12169733333;12369733333
1516;12300836000;12169733333;12369733333
1517;12300934000;12169777777;12369777777
1518;12300939000;12170088888;12370088888
1519;12300941000;12170088888;12370088888
1520;12300942000;12170088888;12370088888
1521;12342513000;12211400000;12411400000
1522;12342516000;12211400000;12411400000
1523;12342517000;12211400000;12411400000
1524;12342527000;12211400000;12411400000
1525;12342528000;12211400000;12411400000
1526;12342529000;12211400000;12411400000
1527;12342530000;12211400000;12411400000
1528;12342651000;12211444444;12411444444
1529;12342656000;12211733333;12411733333
1530;12342657000;12211733333;12411733333
1531;12342658000;12211733333;12411733333
1532;12384166000;12253066666;12453066666
1533;12384170000;12253066666;12453066666
1534;12384171000;12253066666;12453066666
1535;12384172000;12253066666;12453066666
1536;12384173000;12253066666;12453066666
1537;12384174000;12253066666;12453066666
1538;12384175000;12253066666;12453066666
1539;12384273000;12253111111;12453111111
1540;12384278000;12253422222;12453422222
1541;12384279000;12253422222;12453422222
1542;12384280000;12253422222;12453422222
1543;12425835000;12294733333;12494733333
1544;12425838000;12294733333;12494733333
1545;12425839000;12294733333;12494733333
1546;12425840000;12294733333;12494733333
1547;12425841000;12294733333;12494733333
1548;12425842000;12294733333;12494733333
1549;12425843000;12294733333;12494733333
1550;12425942000;12294777777;12494777777
1551;12425947000;12295100000;12495100000
1552;12425948000;12295100000;12495100000
1553;12425949000;12295100000;12495100000
1554;12467509000;12336400000;12536400000
1555;12467513000;12336400000;12536400000
1556;12467514000;12336400000;12536400000
1557;12467515000;12336400000;12536400000
1558;12467516000;12336400000;12536400000
1559;12467517000;12336400000;12536400000
1560;12467518000;12336400000;12536400000
1561;12467637000;12336444444;12536444444
1562;12467642000;12336722222;12536722222
1563;12467643000;12336722222;12536722222
1564;12467644000;12336722222;12536722222
1565;12509185000;12378066666;12578066666
1566;12509189000;12378066666;12578066666
1567;12509190000;12378066666;12578066666
1568;12509192000;12378066666;12578066666
1569;12509192000;12378066666;12578066666
1570;12509194000;12378066666;12578066666
1571;12509195000;12378066666;12578066666
1572;12509316000;12378133333;12578133333
1573;12509321000;12378466666;12578466666
1574;12509322000;12378466666;12578466666
1575;12509323000;12378466666;12578466666
1576;12550841000;12419733333;12619733333
1577;12550844000;12419733333;12619733333
1578;12550854000;12419733333;12619733333
1579;12550856000;12419733333;12619733333
1580;12550857000;12419733333;12619733333
1581;12550858000;12419733333;12619733333
1582;12550858000;12419733333;12619733333
1584;12551140000;12420122222;12620122222
1585;12551152000;12420122222;12620122222
1586;12551153000;12420122222;12620122222
1587;12592515000;12461400000;12661400000
1588;12592518000;12461400000;12661400000
1589;12592519000;12461400000;12661400000
1590;12592520000;12461400000;12661400000
1591;12592521000;12461400000;12661400000
1592;12592522000;12461400000;12661400000
1593;12592523000;12461400000;12661400000
1594;12592622000;12461444444;12661444444
1595;12592628000;12461733333;12661733333
1596;12592629000;12461733333;12661733333
1597;12592630000;12461733333;12661733333
1598;12634177000;12503066666;12703066666
1599;12634181000;12503066666;12703066666
1600;12634182000;12503066666;12703066666
1601;12634183000;12503066666;12703066666
1602;12634184000;12503066666;12703066666
1603;12634184000;12503066666;12703066666
1604;12634186000;12503066666;12703066666
1605;12634304000;12503111111;12703111111
1606;12634309000;12503433333;12703433333
1607;12634311000;12503433333;12703433333
1608;12634312000;12503433333;12703433333
1609;12675860000;12544733333;12744733333
1610;12675864000;12544733333;12744733333
1611;12675865000;12544733333;12744733333
1612;12675866000;12544733333;12744733333
1613;12675867000;12544733333;12744733333
1614;12675868000;12544733333;12744733333
1615;12675869000;12544733333;12744733333
1616;12675970000;12544777777;12744777777
1617;12675975000;12545100000;12745100000
1618;12675976000;12545100000;12745100000
1619;12675977000;12545100000;12745100000
1620;12717518000;12586400000;12786400000
1621;12717521000;12586400000;12786400000
1622;12717522000;12586400000;12786400000
1623;12717523000;12586400000;12786400000
1624;12717524000;12586400000;12786400000
1625;12717525000;12586400000;12786400000
1627;12717737000;12586444444;12786444444
1628;12717742000;12586755555;12786755555
1629;12717744000;12586755555;12786755555
1630;12717745000;12586755555;12786755555
1631;12759168000;12628055555;12828055555
1632;12759171000;12628055555;12828055555
1633;12759172000;12628055555;12828055555
1634;12759173000;12628055555;12828055555
1635;12759174000;12628055555;12828055555
1636;12759175000;12628055555;12828055555
1637;12759176000;12628055555;12828055555
1638;12759294000;12628100000;12828100000
1639;12759299000;12628422222;12828422222
1640;12759300000;12628422222;12828422222
1641;12759301000;12628422222;12828422222
1643;12800983000;12669733333;12869733333
1644;12800986000;12669733333;12869733333
1645;12800987000;12669733333;12869733333
1646;12800988000;12669733333;12869733333
1647;12800989000;12669733333;12869733333
1648;12800990000;12669733333;12869733333
1649;12801061000;12669777777;12869777777
1650;12801076000;12670111111;12870111111
1651;12801077000;12670111111;12870111111
1652;12801078000;12670111111;12870111111
1653;12842522000;12711400000;12911400000
1654;12842526000;12711400000;12911400000
1655;12842527000;12711400000;12911400000
1656;12842527000;12711400000;12911400000
1657;12842528000;12711400000;12911400000
1658;12842529000;12711400000;12911400000
1659;12842530000;12711400000;12911400000
1660;12842629000;12711444444;12911444444
1661;12842635000;12711755555;12911755555
1662;12842636000;12711755555;12911755555
1663;12842637000;12711755555;12911755555
1664;12884188000;12753066666;12953066666
1665;12884192000;12753066666;12953066666
1666;12884193000;12753066666;12953066666
1667;12884194000;12753066666;12953066666
1668;12884195000;12753066666;12953066666
1669;12884195000;12753066666;12953066666
1670;12884196000;12753066666;12953066666
1671;12884314000;12753111111;12953111111
1672;12884319000;12753422222;12953422222
1673;12884320000;12753422222;12953422222
1674;12884321000;12753422222;12953422222
1675;12925874000;12794733333;12994733333
1676;12925877000;12794733333;12994733333
1677;12925878000;12794733333;12994733333
1678;12925880000;12794733333;12994733333
1679;12925881000;12794733333;12994733333
1680;12925882000;12794733333;12994733333
1681;12925894000;12794733333;12994733333
1682;12926024000;12794777777;12994777777
1683;12926029000;12795122222;12995122222
1684;12926030000;12795122222;12995122222
1685;12926031000;12795122222;12995122222
1686;12967525000;12836400000;13036400000
1687;12967529000;12836400000;13036400000
1688;12967530000;12836400000;13036400000
1689;12967531000;12836400000;13036400000
1690;12967532000;12836400000;13036400000
1691;12967533000;12836400000;13036400000
1692;12967534000;12836400000;13036400000
1693;12967634000;12836444444;13036444444
1694;12967639000;12836711111;13036711111
1695;12967640000;12836711111;13036711111
1696;12967641000;12836711111;13036711111
1697;13009202000;12878055555;13078055555
1699;13009206000;12878055555;13078055555
1700;13009207000;12878055555;13078055555
1701;13009208000;12878055555;13078055555
1702;13009209000;12878055555;13078055555
1703;13009210000;12878055555;13078055555
1704;13009327000;12878100000;13078100000
1705;13009332000;12878422222;13078422222
1706;13009333000;12878422222;13078422222
1707;13009334000;12878422222;13078422222
1708;13050862000;12919733333;13119733333
1709;13050866000;12919733333;13119733333
1710;13050867000;12919733333;13119733333
1711;13050868000;12919733333;13119733333
1712;13050869000;12919733333;13119733333
1713;13050870000;12919733333;13119733333
1714;13050870000;12919733333;13119733333
1716;13051138000;12920111111;13120111111
1717;13051150000;12920111111;13120111111
1718;13051151000;12920111111;13120111111
1719;13092575000;12961400000;13161400000
1720;13092578000;12961400000;13161400000
1721;13092580000;12961400000;13161400000
1722;13092581000;12961400000;13161400000
1723;13092582000;12961400000;13161400000
1724;13092592000;12961400000;13161400000
1725;13092593000;12961400000;13161400000
1726;13092693000;12961444444;13161444444
1727;13092698000;12961733333;13161733333
1728;13092699000;12961733333;13161733333
1729;13092700000;12961733333;13161733333
1730;13134198000;13003066666;13203066666
1731;13134201000;13003066666;13203066666
1732;13134202000;13003066666;13203066666
1733;13134203000;13003066666;13203066666
1734;13134204000;13003066666;13203066666
1735;13134205000;13003066666;13203066666
1736;13134206000;13003066666;13203066666
1737;13134307000;13003111111;13203111111
1738;13134313000;13003444444;13203444444
1739;13134314000;13003444444;13203444444
1740;13134315000;13003444444;13203444444
1741;13175866000;13044733333;13244733333
1742;13175869000;13044733333;13244733333
1743;13175870000;13044733333;13244733333
1744;13175871000;13044733333;13244733333
1745;13175872000;13044733333;13244733333
1746;13175874000;13044733333;13244733333
1747;13175874000;13044733333;13244733333
1748;13175974000;13044777777;13244777777
1749;13175979000;13045122222;13245122222
1750;13175980000;13045122222;13245122222
1751;13175981000;13045122222;13245122222
1752;13217537000;13086400000;13286400000
1753;13217541000;13086400000;13286400000
1754;13217542000;13086400000;13286400000
1755;13217543000;13086400000;13286400000
1756;13217544000;13086400000;13286400000
1757;13217545000;13086400000;13286400000
1758;13217546000;13086400000;13286400000
1759;13217648000;13086444444;13286444444
1760;13217653000;13086744444;13286744444
1761;13217654000;13086744444;13286744444
1762;13217655000;13086744444;13286744444
1763;13259211000;13128055555;13328055555
1764;13259214000;13128055555;13328055555
1765;13259215000;13128055555;13328055555
1768;13259216000;13128055555;13328055555
1769;13259217000;13128055555;13328055555
1770;13259334000;13128100000;13328100000
1771;13259339000;13128422222;13328422222
1772;13259341000;13128422222;13328422222
1773;13259342000;13128422222;13328422222
1774;13300890000;13169733333;13369733333
1775;13300894000;13169733333;13369733333
1776;13300895000;13169733333;13369733333
1777;13300896000;13169733333;13369733333
1778;13300898000;13169733333;13369733333
1779;13300899000;13169733333;13369733333
1780;13300900000;13169733333;13369733333
1781;13301031000;13169777777;13369777777
1782;13301036000;13170111111;13370111111
1783;13301037000;13170111111;13370111111
1784;13301039000;13170111111;13370111111
1785;13342539000;13211400000;13411400000
1786;13342543000;13211400000;13411400000
1787;13342544000;13211400000;13411400000
1788;13342545000;13211400000;13411400000
1789;13342546000;13211400000;13411400000
1790;13342547000;13211400000;13411400000
1791;13342548000;13211400000;13411400000
1792;13342647000;13211444444;13411444444
1793;13342652000;13211744444;13411744444
1794;13342654000;13211744444;13411744444
1795;13342655000;13211744444;13411744444
1796;13384220000;13253066666;13453066666
1797;13384223000;13253066666;13453066666
1798;13384225000;13253066666;13453066666
1799;13384226000;13253066666;13453066666
1800;13384226000;13253066666;13453066666
1801;13384227000;13253066666;13453066666
1802;13384228000;13253066666;13453066666
1803;13384352000;13253111111;13453111111
1804;13384357000;13253433333;13453433333
1805;13384358000;13253433333;13453433333
1806;13384359000;13253433333;13453433333
1807;13425896000;13294733333;13494733333
1808;13425899000;13294733333;13494733333
1809;13425900000;13294733333;13494733333
1810;13425901000;13294733333;13494733333
1811;13425902000;13294733333;13494733333
1813;13425903000;13294733333;13494733333
1814;13426022000;13294777777;13494777777
1815;13426028000;13295111111;13495111111
1816;13426029000;13295111111;13495111111
1817;13426030000;13295111111;13495111111
1818;13467544000;13336400000;13536400000
1819;13467547000;13336400000;13536400000
1820;13467548000;13336400000;13536400000
1821;13467550000;13336400000;13536400000
1822;13467550000;13336400000;13536400000
1823;13467551000;13336400000;13536400000
1824;13467552000;13336400000;13536400000
1825;13467672000;13336444444;13536444444
1826;13467677000;13336733333;13536733333
1827;13467678000;13336733333;13536733333
1828;13467679000;13336733333;13536733333
1829;13509210000;13378066666;13578066666
1830;13509214000;13378066666;13578066666
1831;13509215000;13378066666;13578066666
1832;13509216000;13378066666;13578066666
1833;13509217000;13378066666;13578066666
1834;13509218000;13378066666;13578066666
1835;13509219000;13378066666;13578066666
1836;13509318000;13378111111;13578111111
1837;13509323000;13378433333;13578433333
1838;13509324000;13378433333;13578433333
1839;13509326000;13378433333;13578433333
1840;13550878000;13419733333;13619733333
1841;13550881000;13419733333;13619733333
1842;13550882000;13419733333;13619733333
1843;13550883000;13419733333;13619733333
1844;13550884000;13419733333;13619733333
1845;13550885000;13419733333;13619733333
1846;13550886000;13419733333;13619733333
1847;13551006000;13419777777;13619777777
1848;13551011000;13420088888;13620088888
1849;13551012000;13420088888;13620088888
1850;13551013000;13420088888;13620088888
1851;13592546000;13461400000;13661400000
1852;13592550000;13461400000;13661400000
1853;13592551000;13461400000;13661400000
1854;13592552000;13461400000;13661400000
1855;13592552000;13461400000;13661400000
1856;13592553000;13461400000;13661400000
1857;13592554000;13461400000;13661400000
1858;13592663000;13461444444;13661444444
1859;13592668000;13461711111;13661711111
1860;13592669000;13461711111;13661711111
1861;13592670000;13461711111;13661711111
1862;13634214000;13503066666;13703066666
1863;13634217000;13503066666;13703066666
1864;13634218000;13503066666;13703066666
1865;13634219000;13503066666;13703066666
1866;13634220000;13503066666;13703066666
1867;13634221000;13503066666;13703066666
1868;13634222000;13503066666;13703066666
1869;13634340000;13503111111;13703111111
1870;13634345000;13503411111;13703411111
1871;13634346000;13503411111;13703411111
1872;13634347000;13503411111;13703411111
1873;13675891000;13544722222;13744722222
1876;13675894000;13544722222;13744722222
1877;13675895000;13544722222;13744722222
1878;13675896000;13544722222;13744722222
1879;13675897000;13544722222;13744722222
1880;13676016000;13544766666;13744766666
1881;13676021000;13545155555;13745155555
1883;13676117000;13545155555;13745155555
1884;13717548000;13586400000;13786400000
1885;13717552000;13586400000;13786400000
1886;13717553000;13586400000;13786400000
1887;13717553000;13586400000;13786400000
1888;13717554000;13586400000;13786400000
1889;13717563000;13586400000;13786400000
1890;13717564000;13586400000;13786400000
1891;13717684000;13586444444;13786444444
1892;13717689000;13586722222;13786722222
1893;13717690000;13586722222;13786722222
1894;13717691000;13586722222;13786722222
1895;13759229000;13628066666;13828066666
1896;13759233000;13628066666;13828066666
1897;13759234000;13628066666;13828066666
1898;13759235000;13628066666;13828066666
1899;13759236000;13628066666;13828066666
1900;13759237000;13628066666;13828066666
1901;13759238000;13628066666;13828066666
1902;13759338000;13628111111;13828111111
1903;13759344000;13628411111;13828411111
1904;13759345000;13628411111;13828411111
1905;13759346000;13628411111;13828411111
1906;13800885000;13669733333;13869733333
1907;13800888000;13669733333;13869733333
1908;13800889000;13669733333;13869733333
1909;13800890000;13669733333;13869733333
1910;13800891000;13669733333;13869733333
1911;13800892000;13669733333;13869733333
1912;13800893000;13669733333;13869733333
1913;13801013000;13669777777;13869777777
1914;13801018000;13670088888;13870088888
1915;13801019000;13670088888;13870088888
1916;13801020000;13670088888;13870088888
1917;13842554000;13711400000;13911400000
1918;13842557000;13711400000;13911400000
1919;13842558000;13711400000;13911400000
1920;13842559000;13711400000;13911400000
1921;13842560000;13711400000;13911400000
1922;13842561000;13711400000;13911400000
1923;13842562000;13711400000;13911400000
1924;13842661000;13711444444;13911444444
1926;13842679000;13711733333;13911733333
1927;13842681000;13711733333;13911733333
1928;13884219000;13753066666;13953066666
1929;13884222000;13753066666;13953066666
1930;13884223000;13753066666;13953066666
1931;13884224000;13753066666;13953066666
1932;13884225000;13753066666;13953066666
1933;13884226000;13753066666;13953066666
1934;13884227000;13753066666;13953066666
1935;13884325000;13753111111;13953111111
1936;13884330000;13753400000;13953400000
1937;13884331000;13753400000;13953400000
1938;13884332000;13753400000;13953400000
1939;13925886000;13794733333;13994733333
1940;13925890000;13794733333;13994733333
1941;13925891000;13794733333;13994733333
1942;13925892000;13794733333;13994733333
1943;13925893000;13794733333;13994733333
1944;13925894000;13794733333;13994733333
1945;13925895000;13794733333;13994733333
1946;13926013000;13794777777;13994777777
1947;13926018000;13795088888;13995088888
1948;13926019000;13795088888;13995088888
1949;13926020000;13795088888;13995088888
1950;13967554000;13836400000;14036400000
1951;13967557000;13836400000;14036400000
1952;13967558000;13836400000;14036400000
1953;13967559000;13836400000;14036400000
1954;13967560000;13836400000;14036400000
1955;13967561000;13836400000;14036400000
1956;13967562000;13836400000;14036400000
1957;13967661000;13836444444;14036444444
1958;13967666000;13836688888;14036688888
1959;13967667000;13836688888;14036688888
1960;13967668000;13836688888;14036688888
1961;14009242000;13878066666;14078066666
1962;14009245000;13878066666;14078066666
1963;14009246000;13878066666;14078066666
1964;14009247000;13878066666;14078066666
1967;14009249000;13878066666;14078066666
1968;14009346000;13878122222;14078122222
1969;14009352000;13878422222;14078422222
1970;14009353000;13878422222;14078422222
1971;14009354000;13878422222;14078422222
1972;14050889000;13919733333;14119733333
1973;14050892000;13919733333;14119733333
1974;14050893000;13919733333;14119733333
1975;14050894000;13919733333;14119733333
1976;14050895000;13919733333;14119733333
1977;14050896000;13919733333;14119733333
1978;14050897000;13919733333;14119733333
1979;14050995000;13919777777;14119777777
1980;14051000000;13920088888;14120088888
1981;14051002000;13920088888;14120088888
1982;14051003000;13920088888;14120088888
1983;14093882000;13961400000;14161400000
1984;14093887000;13961400000;14161400000
1985;14093888000;13961400000;14161400000
1986;14093889000;13961400000;14161400000
1987;14093890000;13961400000;14161400000
1988;14093891000;13961400000;14161400000
1989;14093893000;13961400000;14161400000
1990;14093994000;13961455555;14161455555
1991;14093999000;13961744444;14161744444
1992;14094010000;13961744444;14161744444
1993;14094011000;13961744444;14161744444
1994;14134216000;14003066666;14203066666
1995;14134220000;14003066666;14203066666
1996;14134221000;14003066666;14203066666
1997;14134222000;14003066666;14203066666
1998;14134223000;14003066666;14203066666
1999;14134224000;14003066666;14203066666
2000;14134226000;14003066666;14203066666
2001;14134343000;14003111111;14203111111
2002;14134348000;14003411111;14203411111
2003;14134350000;14003411111;14203411111
2004;14134351000;14003411111;14203411111
2005;14175891000;14044733333;14244733333
2006;14175894000;14044733333;14244733333
2007;14175896000;14044733333;14244733333
2008;14175896000;14044733333;14244733333
2009;14175897000;14044733333;14244733333
2010;14175898000;14044733333;14244733333
2011;14175899000;14044733333;14244733333
2012;14176017000;14044777777;14244777777
2013;14176022000;14045100000;14245100000
2014;14176023000;14045100000;14245100000
2015;14176024000;14045100000;14245100000
2016;14217571000;14086400000;14286400000
2017;14217575000;14086400000;14286400000
2018;14217576000;14086400000;14286400000
2019;14217577000;14086400000;14286400000
2020;14217578000;14086400000;14286400000
2021;14217579000;14086400000;14286400000
2022;14217580000;14086400000;14286400000
2023;14217684000;14086444444;14286444444
2024;14217690000;14086744444;14286744444
2025;14217692000;14086744444;14286744444
2026;14217693000;14086744444;14286744444
2027;14259224000;14128066666;14328066666
2028;14259228000;14128066666;14328066666
2029;14259229000;14128066666;14328066666
2030;14259230000;14128066666;14328066666
2031;14259231000;14128066666;14328066666
2032;14259232000;14128066666;14328066666
2033;14259233000;14128066666;14328066666
2034;14259330000;14128111111;14328111111
2035;14259336000;14128388888;14328388888
2036;14259337000;14128388888;14328388888
2037;14259338000;14128388888;14328388888
2038;14300893000;14169733333;14369733333
2039;14300896000;14169733333;14369733333
2040;14300897000;14169733333;14369733333
2041;14300898000;14169733333;14369733333
2042;14300899000;14169733333;14369733333
2043;14300900000;14169733333;14369733333
2044;14300902000;14169733333;14369733333
2045;14301010000;14169777777;14369777777
2046;14301015000;14170077777;14370077777
2047;14301016000;14170077777;14370077777
2048;14301017000;14170077777;14370077777
2049;14342559000;14211400000;14411400000
2050;14342563000;14211400000;14411400000
2051;14342564000;14211400000;14411400000
2052;14342564000;14211400000;14411400000
2053;14342565000;14211400000;14411400000
2054;14342566000;14211400000;14411400000
2055;14342567000;14211400000;14411400000
2056;14342686000;14211444444;14411444444
2057;14342691000;14211722222;14411722222
2058;14342692000;14211722222;14411722222
2059;14342693000;14211722222;14411722222
2060;14384236000;14253066666;14453066666
2061;14384240000;14253066666;14453066666
2062;14384241000;14253066666;14453066666
2063;14384242000;14253066666;14453066666
2064;14384243000;14253066666;14453066666
2065;14384244000;14253066666;14453066666
2066;14384245000;14253066666;14453066666
2067;14384364000;14253111111;14453111111
2068;14384369000;14253411111;14453411111
2069;14384370000;14253411111;14453411111
2070;14384371000;14253411111;14453411111
2072;14426010000;14294733333;14494733333
2073;14426013000;14294733333;14494733333
2074;14426014000;14294733333;14494733333
2075;14426015000;14294733333;14494733333
2076;14426016000;14294733333;14494733333
2077;14426016000;14294733333;14494733333
2078;14426088000;14294777777;14494777777
2079;14426103000;14295111111;14495111111
2080;14426104000;14295111111;14495111111
2081;14426105000;14295111111;14495111111
2083;14467648000;14336400000;14536400000
2084;14467651000;14336400000;14536400000
2085;14467653000;14336400000;14536400000
2086;14467653000;14336400000;14536400000
2087;14467655000;14336400000;14536400000
2088;14467655000;14336400000;14536400000
2089;14467724000;14336444444;14536444444
2090;14467739000;14336711111;14536711111
2091;14467740000;14336711111;14536711111
2092;14467741000;14336711111;14536711111
2093;14509275000;14378066666;14578066666
2094;14509444000;14378066666;14578066666
2095;14509446000;14378066666;14578066666
2096;14509447000;14378066666;14578066666
2097;14509448000;14378066666;14578066666
2098;14509450000;14378066666;14578066666
2099;14509451000;14378066666;14578066666
2100;14509610000;14378111111;14578111111
2101;14509613000;14378433333;14578433333
2102;14509614000;14378433333;14578433333
2103;14509615000;14378433333;14578433333
2104;14550942000;14419733333;14619733333
2105;14550946000;14419733333;14619733333
2106;14550947000;14419733333;14619733333
2107;14550948000;14419733333;14619733333
2108;14550949000;14419733333;14619733333
2109;14550950000;14419733333;14619733333
2110;14550951000;14419733333;14619733333
2111;14551148000;14419777777;14619777777
2112;14551163000;14420111111;14620111111
2113;14551164000;14420111111;14620111111
2115;14592723000;14461400000;14661400000
2116;14592726000;14461400000;14661400000
2117;14592727000;14461400000;14661400000
2118;14592728000;14461400000;14661400000
2119;14592729000;14461400000;14661400000
2120;14592730000;14461400000;14661400000
2121;14592731000;14461400000;14661400000
2122;14592852000;14461444444;14661444444
2123;14592867000;14461744444;14661744444
2124;14592868000;14461744444;14661744444
2125;14592869000;14461744444;14661744444
2126;14634279000;14503066666;14703066666
2127;14634283000;14503066666;14703066666
2128;14634284000;14503066666;14703066666
2129;14634285000;14503066666;14703066666
2130;14634286000;14503066666;14703066666
2131;14634287000;14503066666;14703066666
2132;14634288000;14503066666;14703066666
2133;14634532000;14503111111;14703111111
2134;14634548000;14503433333;14703433333
2136;14634549000;14503433333;14703433333
2137;14675946000;14544733333;14744733333
2138;14675949000;14544733333;14744733333
2139;14675951000;14544733333;14744733333
2140;14675952000;14544733333;14744733333
2141;14675952000;14544733333;14744733333
2142;14675953000;14544733333;14744733333
2143;14675954000;14544733333;14744733333
2144;14676151000;14544777777;14744777777
2145;14676166000;14545100000;14745100000
2146;14676168000;14545100000;14745100000
2147;14676169000;14545100000;14745100000
2148;14717629000;14586400000;14786400000
2149;14717633000;14586400000;14786400000
2150;14717634000;14586400000;14786400000
2151;14717635000;14586400000;14786400000
2152;14717636000;14586400000;14786400000
2153;14717637000;14586400000;14786400000
2154;14717638000;14586400000;14786400000
2155;14717866000;14586444444;14786444444
2156;14717881000;14586744444;14786744444
2159;14759389000;14628066666;14828066666
2160;14759392000;14628066666;14828066666
2161;14759393000;14628066666;14828066666
2162;14759394000;14628066666;14828066666
2163;14759395000;14628066666;14828066666
2164;14759396000;14628066666;14828066666
2165;14759397000;14628066666;14828066666
2166;14759522000;14628111111;14828111111
2167;14759538000;14628433333;14828433333
2168;14759539000;14628433333;14828433333
2169;14759540000;14628433333;14828433333
2170;14800939000;14669733333;14869733333
2171;14800942000;14669733333;14869733333
2172;14800943000;14669733333;14869733333
2173;14800944000;14669733333;14869733333
2174;14800945000;14669733333;14869733333
2175;14800946000;14669733333;14869733333
2176;14800947000;14669733333;14869733333
2177;14801144000;14669777777;14869777777
2178;14801159000;14670111111;14870111111
2179;14801160000;14670111111;14870111111
2180;14801161000;14670111111;14870111111
2181;14842655000;14711400000;14911400000
2182;14842659000;14711400000;14911400000
2183;14842660000;14711400000;14911400000
2184;14842661000;14711400000;14911400000
2185;14842662000;14711400000;14911400000
2186;14842663000;14711400000;14911400000
2187;14842664000;14711400000;14911400000
2188;14842861000;14711444444;14911444444
2189;14842876000;14711755555;14911755555
2190;14842877000;14711755555;14911755555
2191;14842878000;14711755555;14911755555
2192;14884241000;14753066666;14953066666
2193;14884245000;14753066666;14953066666
2194;14884246000;14753066666;14953066666
2195;14884247000;14753066666;14953066666
2196;14884248000;14753066666;14953066666
2197;14884249000;14753066666;14953066666
2198;14884258000;14753066666;14953066666
2199;14884456000;14753111111;14953111111
2200;14884462000;14753444444;14953444444
2201;14884463000;14753444444;14953444444
2202;14884464000;14753444444;14953444444
2203;14925877000;14794733333;14994733333
2204;14925881000;14794733333;14994733333
2205;14925891000;14794733333;14994733333
2206;14925892000;14794733333;14994733333
2207;14925893000;14794733333;14994733333
2208;14925894000;14794733333;14994733333
2209;14925895000;14794733333;14994733333
2210;14926030000;14794777777;14994777777
2211;14926033000;14795111111;14995111111
2212;14926034000;14795111111;14995111111
2213;14926035000;14795111111;14995111111
2214;14967597000;14836400000;15036400000
2215;14967601000;14836400000;15036400000
2216;14967602000;14836400000;15036400000
2217;14967603000;14836400000;15036400000
2218;14967604000;14836400000;15036400000
2219;14967605000;14836400000;15036400000
2220;14967606000;14836400000;15036400000
2221;14967802000;14836444444;15036444444
2222;14967817000;14836722222;15036722222
2223;14967819000;14836722222;15036722222
2224;14967820000;14836722222;15036722222
2225;15009200000;14878066666;15078066666
2226;15009204000;14878066666;15078066666
2227;15009205000;14878066666;15078066666
2228;15009215000;14878066666;15078066666
2229;15009216000;14878066666;15078066666
2230;15009217000;14878066666;15078066666
2231;15009218000;14878066666;15078066666
2232;15009353000;14878111111;15078111111
2233;15009356000;14878422222;15078422222
2234;15009357000;14878422222;15078422222
2235;15009358000;14878422222;15078422222
2236;15050927000;14919733333;15119733333
2237;15050930000;14919733333;15119733333
2238;15050931000;14919733333;15119733333
2239;15050932000;14919733333;15119733333
2240;15050933000;14919733333;15119733333
2241;15050935000;14919733333;15119733333
2242;15050935000;14919733333;15119733333
2243;15051132000;14919777777;15119777777
2244;15051148000;14920111111;15120111111
2245;15051149000;14920111111;15120111111
2246;15051150000;14920111111;15120111111
2247;15092644000;14961411111;15161411111
2248;15092647000;14961411111;15161411111
2249;15092648000;14961411111;15161411111
2250;15092649000;14961411111;15161411111
2252;15092650000;14961411111;15161411111
2253;15092651000;14961411111;15161411111
2254;15092849000;14961455555;15161455555
2255;15092864000;14961755555;15161755555
2256;15092865000;14961755555;15161755555
2257;15092866000;14961755555;15161755555
2258;15134239000;15003066666;15203066666
2259;15134242000;15003066666;15203066666
2260;15134243000;15003066666;15203066666
2261;15134244000;15003066666;15203066666
2262;15134245000;15003066666;15203066666
2263;15134246000;15003066666;15203066666
2264;15134247000;15003066666;15203066666
2265;15134443000;15003111111;15203111111
2266;15134449000;15003433333;15203433333
2267;15134450000;15003433333;15203433333
2268;15134451000;15003433333;15203433333
2269;15175917000;15044733333;15244733333
2270;15175921000;15044733333;15244733333
2271;15175922000;15044733333;15244733333
2272;15175923000;15044733333;15244733333
2273;15175924000;15044733333;15244733333
2274;15175925000;15044733333;15244733333
2275;15175926000;15044733333;15244733333
2276;15176122000;15044777777;15244777777
2277;15176138000;15045111111;15245111111
2278;15176139000;15045111111;15245111111
2279;15176140000;15045111111;15245111111
2280;15217567000;15086388888;15286388888
2281;15217570000;15086388888;15286388888
2282;15217571000;15086388888;15286388888
2283;15217572000;15086388888;15286388888
2284;15217573000;15086388888;15286388888
2285;15217574000;15086388888;15286388888
2286;15217575000;15086388888;15286388888
2287;15217772000;15086433333;15286433333
2288;15217778000;15086755555;15286755555
2289;15217779000;15086755555;15286755555
2290;15217780000;15086755555;15286755555
2291;15259177000;15128066666;15328066666
2292;15259180000;15128066666;15328066666
2293;15259181000;15128066666;15328066666
2294;15259191000;15128066666;15328066666
2295;15259192000;15128066666;15328066666
2296;15259193000;15128066666;15328066666
2297;15259194000;15128066666;15328066666
2298;15259329000;15128111111;15328111111
2299;15259340000;15128422222;15328422222
2300;15259341000;15128422222;15328422222
2303;15301005000;15169755555;15369755555
2304;15301019000;15169755555;15369755555
2305;15301020000;15169755555;15369755555
2306;15301021000;15169755555;15369755555
2307;15301023000;15169755555;15369755555
2308;15301024000;15169755555;15369755555
2310;15301179000;15170122222;15370122222
2311;15301182000;15170122222;15370122222
2312;15301184000;15170122222;15370122222
2313;15342555000;15211400000;15411400000
2314;15342558000;15211400000;15411400000
2315;15342559000;15211400000;15411400000
2316;15342561000;15211400000;15411400000
2317;15342562000;15211400000;15411400000
2318;15342563000;15211400000;15411400000
2319;15342564000;15211400000;15411400000
2320;15342762000;15211444444;15411444444
2321;15342777000;15211744444;15411744444
2322;15342778000;15211744444;15411744444
2323;15342780000;15211744444;15411744444
2324;15384217000;15253066666;15453066666
2325;15384221000;15253066666;15453066666
2326;15384222000;15253066666;15453066666
2327;15384223000;15253066666;15453066666
2328;15384223000;15253066666;15453066666
2329;15384225000;15253066666;15453066666
2330;15384226000;15253066666;15453066666
2331;15384447000;15253111111;15453111111
2332;15384453000;15253433333;15453433333
2333;15384454000;15253433333;15453433333
2334;15384455000;15253433333;15453433333
2335;15425868000;15294722222;15494722222
2336;15425871000;15294722222;15494722222
2337;15425872000;15294722222;15494722222
2338;15425873000;15294722222;15494722222
2339;15425874000;15294722222;15494722222
2340;15425875000;15294722222;15494722222
2341;15425876000;15294722222;15494722222
2342;15426073000;15294766666;15494766666
2343;15426088000;15295100000;15495100000
2344;15426089000;15295100000;15495100000
2345;15426090000;15295100000;15495100000
2346;15467500000;15336400000;15536400000
2347;15467503000;15336400000;15536400000
2348;15467504000;15336400000;15536400000
2349;15467515000;15336400000;15536400000
2350;15467515000;15336400000;15536400000
2351;15467516000;15336400000;15536400000
2352;15467517000;15336400000;15536400000
2353;15467653000;15336444444;15536444444
2354;15467656000;15336733333;15536733333
2355;15467657000;15336733333;15536733333
2356;15467658000;15336733333;15536733333
2357;15509202000;15378055555;15578055555
2358;15509206000;15378055555;15578055555
2359;15509207000;15378055555;15578055555
2360;15509208000;15378055555;15578055555
2361;15509209000;15378055555;15578055555
2362;15509210000;15378055555;15578055555
2363;15509211000;15378055555;15578055555
2364;15509408000;15378111111;15578111111
2365;15509414000;15378455555;15578455555
2366;15509415000;15378455555;15578455555
2367;15509416000;15378455555;15578455555
2368;15550867000;15419733333;15619733333
2369;15550870000;15419733333;15619733333
2370;15550871000;15419733333;15619733333
2371;15550872000;15419733333;15619733333
2372;15550873000;15419733333;15619733333
2373;15550874000;15419733333;15619733333
2374;15550875000;15419733333;15619733333
2375;15551072000;15419777777;15619777777
2376;15551087000;15420100000;15620100000
2377;15551089000;15420100000;15620100000
2379;15592607000;15461400000;15661400000
2380;15592620000;15461400000;15661400000
2381;15592621000;15461400000;15661400000
2382;15592622000;15461400000;15661400000
2383;15592623000;15461400000;15661400000
2384;15592624000;15461400000;15661400000
2385;15592625000;15461400000;15661400000
2387;15592734000;15461733333;15661733333
2388;15592737000;15461733333;15661733333
2389;15592738000;15461733333;15661733333
2390;15634248000;15503066666;15703066666
2391;15634251000;15503066666;15703066666
2394;15634253000;15503066666;15703066666
2395;15634254000;15503066666;15703066666
2397;15634451000;15503111111;15703111111
2398;15634457000;15503433333;15703433333
2399;15634458000;15503433333;15703433333
2400;15634459000;15503433333;15703433333
2401;15675861000;15544733333;15744733333
2402;15675864000;15544733333;15744733333
2403;15675865000;15544733333;15744733333
2404;15675866000;15544733333;15744733333
2405;15675867000;15544733333;15744733333
2406;15675868000;15544733333;15744733333
2407;15675877000;15544733333;15744733333
2408;15676075000;15544777777;15744777777
2409;15676091000;15545100000;15745100000
2410;15676092000;15545100000;15745100000
2411;15676093000;15545100000;15745100000
2412;15717558000;15586400000;15786400000
2413;15717562000;15586400000;15786400000
2414;15717563000;15586400000;15786400000
2415;15717565000;15586400000;15786400000
2416;15717566000;15586400000;15786400000
2417;15717567000;15586400000;15786400000
2418;15717568000;15586400000;15786400000
2419;15717776000;15586444444;15786444444
2420;15717791000;15586766666;15786766666
2421;15717793000;15586766666;15786766666
2422;15717794000;15586766666;15786766666
2423;15759202000;15628066666;15828066666
2424;15759215000;15628066666;15828066666
2425;15759216000;15628066666;15828066666
2426;15759217000;15628066666;15828066666
2427;15759218000;15628066666;15828066666
2428;15759219000;15628066666;15828066666
2430;15759416000;15628111111;15828111111
2431;15759431000;15628422222;15828422222
2432;15759432000;15628422222;15828422222
2433;15759433000;15628422222;15828422222
2434;15800864000;15669733333;15869733333
2435;15800868000;15669733333;15869733333
2436;15800869000;15669733333;15869733333
2437;15800870000;15669733333;15869733333
2438;15800871000;15669733333;15869733333
2439;15800872000;15669733333;15869733333
2440;15800873000;15669733333;15869733333
2441;15801070000;15669777777;15869777777
2442;15801085000;15670088888;15870088888
2443;15801086000;15670088888;15870088888
2444;15801087000;15670088888;15870088888
2445;15842536000;15711400000;15911400000
2446;15842540000;15711400000;15911400000
2447;15842541000;15711400000;15911400000
2448;15842542000;15711400000;15911400000
2450;15842543000;15711400000;15911400000
2451;15842544000;15711400000;15911400000
2452;15842741000;15711444444;15911444444
2453;15842756000;15711744444;15911744444
2454;15842757000;15711744444;15911744444
2455;15842758000;15711744444;15911744444
2456;15884155000;15753055555;15953055555
2457;15884158000;15753055555;15953055555
2459;15884160000;15753055555;15953055555
2460;15884161000;15753055555;15953055555
2461;15884162000;15753055555;15953055555
2462;15884162000;15753055555;15953055555
2463;15884359000;15753111111;15953111111
2464;15884374000;15753422222;15953422222
2465;15884375000;15753422222;15953422222
2466;15884376000;15753422222;15953422222
2467;15925860000;15794733333;15994733333
2468;15925863000;15794733333;15994733333
2469;15925864000;15794733333;15994733333
2470;15925865000;15794733333;15994733333
2471;15925866000;15794733333;15994733333
2472;15925867000;15794733333;15994733333
2473;15925868000;15794733333;15994733333
2474;15926065000;15794777777;15994777777
2475;15926080000;15795100000;15995100000
2476;15926081000;15795100000;15995100000
2477;15926082000;15795100000;15995100000
2478;15967497000;15836400000;16036400000
2479;15967510000;15836400000;16036400000
2480;15967511000;15836400000;16036400000
2481;15967512000;15836400000;16036400000
2482;15967513000;15836400000;16036400000
2483;15967514000;15836400000;16036400000
2484;15967515000;15836400000;16036400000
2485;15967712000;15836444444;16036444444
2486;15967727000;15836711111;16036711111
2487;15967729000;15836711111;16036711111
2488;15967729000;15836711111;16036711111
2489;16009170000;15878066666;16078066666
2490;16009174000;15878066666;16078066666
2491;16009175000;15878066666;16078066666
2492;16009176000;15878066666;16078066666
2493;16009177000;15878066666;16078066666
2494;16009178000;15878066666;16078066666
2495;16009179000;15878066666;16078066666
2496;16009375000;15878111111;16078111111
2497;16009382000;15878422222;16078422222
2498;16009383000;15878422222;16078422222
2499;16009384000;15878422222;16078422222
2500;16050834000;15919733333;16119733333
2501;16050837000;15919733333;16119733333
2502;16050838000;15919733333;16119733333
2503;16050839000;15919733333;16119733333
2504;16050840000;15919733333;16119733333
2505;16050841000;15919733333;16119733333
2506;16050842000;15919733333;16119733333
2507;16051052000;15919777777;16119777777
2508;16051058000;15920111111;16120111111
2509;16051069000;15920111111;16120111111
2510;16051078000;15920111111;16120111111
2511;16092519000;15961400000;16161400000
2512;16092522000;15961400000;16161400000
2513;16092533000;15961400000;16161400000
2514;16092534000;15961400000;16161400000
2515;16092534000;15961400000;16161400000
2516;16092535000;15961400000;16161400000
2517;16092536000;15961400000;16161400000
2518;16092734000;15961444444;16161444444
2519;16092749000;15961744444;16161744444
2520;16092750000;15961744444;16161744444
2521;16092751000;15961744444;16161744444
2522;16134166000;16003066666;16203066666
2523;16134170000;16003066666;16203066666
2524;16134171000;16003066666;16203066666
2525;16134172000;16003066666;16203066666
2526;16134173000;16003066666;16203066666
2527;16134174000;16003066666;16203066666
2528;16134175000;16003066666;16203066666
2529;16134371000;16003111111;16203111111
2530;16134387000;16003444444;16203444444
2531;16134388000;16003444444;16203444444
2532;16134389000;16003444444;16203444444
2533;16175828000;16044733333;16244733333
2534;16175832000;16044733333;16244733333
2535;16175833000;16044733333;16244733333
2536;16175834000;16044733333;16244733333
2537;16175835000;16044733333;16244733333
2538;16175836000;16044733333;16244733333
2539;16175837000;16044733333;16244733333
2540;16176033000;16044777777;16244777777
2541;16176049000;16045111111;16245111111
2542;16176050000;16045111111;16245111111
2543;16176051000;16045111111;16245111111
2544;16217443000;16086400000;16286400000
2545;16217446000;16086400000;16286400000
2546;16217447000;16086400000;16286400000
2547;16217458000;16086400000;16286400000
2548;16217458000;16086400000;16286400000
2549;16217459000;16086400000;16286400000
2550;16217460000;16086400000;16286400000
2551;16217605000;16086444444;16286444444
2552;16217608000;16086744444;16286744444
2553;16217609000;16086744444;16286744444
2554;16217610000;16086744444;16286744444
2555;16259158000;16128066666;16328066666
2556;16259161000;16128066666;16328066666
2557;16259162000;16128066666;16328066666
2558;16259163000;16128066666;16328066666
2559;16259164000;16128066666;16328066666
2561;16259165000;16128066666;16328066666
2562;16259357000;16128111111;16328111111
2563;16259363000;16128411111;16328411111
2564;16259364000;16128411111;16328411111
2565;16259365000;16128411111;16328411111
2566;16300818000;16169733333;16369733333
2567;16300822000;16169733333;16369733333
2568;16300823000;16169733333;16369733333
2569;16300824000;16169733333;16369733333
2570;16300824000;16169733333;16369733333
2571;16300825000;16169733333;16369733333
2572;16300827000;16169733333;16369733333
2573;16301023000;16169777777;16369777777
2574;16301038000;16170100000;16370100000
2575;16301039000;16170100000;16370100000
2576;16301040000;16170100000;16370100000
2577;16342477000;16211400000;16411400000
2578;16342480000;16211400000;16411400000
2579;16342481000;16211400000;16411400000
2580;16342482000;16211400000;16411400000
2581;16342483000;16211400000;16411400000
2582;16342484000;16211400000;16411400000
2583;16342485000;16211400000;16411400000
2584;16342683000;16211444444;16411444444
2585;16342698000;16211733333;16411733333
2586;16342699000;16211733333;16411733333
2587;16342700000;16211733333;16411733333
2588;16384132000;16253066666;16453066666
2589;16384136000;16253066666;16453066666
2590;16384137000;16253066666;16453066666
2591;16384138000;16253066666;16453066666
2592;16384139000;16253066666;16453066666
2593;16384140000;16253066666;16453066666
2594;16384141000;16253066666;16453066666
2595;16384337000;16253111111;16453111111
2596;16384353000;16253433333;16453433333
2597;16384354000;16253433333;16453433333
2598;16384355000;16253433333;16453433333
2599;16425818000;16294733333;16494733333
2600;16425821000;16294733333;16494733333
2601;16425822000;16294733333;16494733333
2602;16425823000;16294733333;16494733333
2603;16425824000;16294733333;16494733333
2604;16425825000;16294733333;16494733333
2605;16425826000;16294733333;16494733333
2606;16426023000;16294777777;16494777777
2607;16426039000;16295122222;16495122222
2608;16426040000;16295122222;16495122222
2609;16426041000;16295122222;16495122222
2610;16467431000;16336400000;16536400000
2611;16467435000;16336400000;16536400000
2612;16467436000;16336400000;16536400000
2613;16467446000;16336400000;16536400000
2614;16467447000;16336400000;16536400000
2615;16467448000;16336400000;16536400000
2616;16467449000;16336400000;16536400000
2617;16467586000;16336444444;16536444444
2618;16467589000;16336722222;16536722222
2619;16467590000;16336722222;16536722222
2620;16467591000;16336722222;16536722222
2621;16509203000;16378066666;16578066666
2622;16509206000;16378066666;16578066666
2623;16509208000;16378066666;16578066666
2624;16509209000;16378066666;16578066666
2625;16509210000;16378066666;16578066666
2626;16509212000;16378066666;16578066666
2627;16509213000;16378066666;16578066666
2628;16509451000;16378111111;16578111111
2629;16509458000;16378433333;16578433333
2630;16509459000;16378433333;16578433333
2631;16509460000;16378433333;16578433333
2632;16550739000;16419733333;16619733333
2633;16550742000;16419733333;16619733333
2634;16550744000;16419733333;16619733333
2635;16550754000;16419733333;16619733333
2636;16550755000;16419733333;16619733333
2637;16550756000;16419733333;16619733333
2638;16550757000;16419733333;16619733333
2639;16550893000;16419777777;16619777777
2640;16550896000;16420088888;16620088888
2641;16550897000;16420088888;16620088888
2642;16550898000;16420088888;16620088888
2643;16592495000;16461400000;16661400000
2644;16592498000;16461400000;16661400000
2645;16592499000;16461400000;16661400000
2646;16592500000;16461400000;16661400000
2647;16592501000;16461400000;16661400000
2650;16592699000;16461444444;16661444444
2651;16592713000;16461722222;16661722222
2652;16592715000;16461722222;16661722222
2653;16592716000;16461722222;16661722222
2654;16634121000;16503066666;16703066666
2655;16634124000;16503066666;16703066666
2656;16634125000;16503066666;16703066666
2657;16634127000;16503066666;16703066666
2658;16634128000;16503066666;16703066666
2659;16634129000;16503066666;16703066666
2660;16634130000;16503066666;16703066666
2661;16634328000;16503111111;16703111111
2662;16634343000;16503411111;16703411111
2663;16634344000;16503411111;16703411111
2664;16634345000;16503411111;16703411111
2665;16675806000;16544733333;16744733333
2666;16675809000;16544733333;16744733333
2667;16675810000;16544733333;16744733333
2668;16675811000;16544733333;16744733333
2669;16675812000;16544733333;16744733333
2670;16675813000;16544733333;16744733333
2671;16675814000;16544733333;16744733333
2672;16676011000;16544777777;16744777777
2673;16676026000;16545077777;16745077777
2674;16676027000;16545077777;16745077777
2675;16676028000;16545077777;16745077777
2676;16717505000;16586400000;16786400000
2677;16717509000;16586400000;16786400000
2678;16717511000;16586400000;16786400000
2679;16717512000;16586400000;16786400000
2680;16717513000;16586400000;16786400000
2681;16717514000;16586400000;16786400000
2682;16717515000;16586400000;16786400000
2683;16717713000;16586444444;16786444444
2684;16717728000;16586711111;16786711111
2685;16717729000;16586711111;16786711111
2686;16717730000;16586711111;16786711111
2687;16759133000;16628066666;16828066666
2688;16759136000;16628066666;16828066666
2689;16759137000;16628066666;16828066666
2690;16759138000;16628066666;16828066666
2691;16759139000;16628066666;16828066666
2692;16759140000;16628066666;16828066666
2693;16759141000;16628066666;16828066666
2694;16759339000;16628111111;16828111111
2695;16759353000;16628411111;16828411111
2696;16759355000;16628411111;16828411111
2697;16759356000;16628411111;16828411111
2698;16800799000;16669733333;16869733333
2699;16800803000;16669733333;16869733333
2700;16800804000;16669733333;16869733333
2701;16800805000;16669733333;16869733333
2702;16800806000;16669733333;16869733333
2703;16800807000;16669733333;16869733333
2704;16800808000;16669733333;16869733333
2705;16801004000;16669777777;16869777777
2706;16801019000;16670088888;16870088888
2707;16801021000;16670088888;16870088888
2708;16801022000;16670088888;16870088888
2709;16842454000;16711400000;16911400000
2710;16842457000;16711400000;16911400000
2711;16842458000;16711400000;16911400000
2712;16842467000;16711400000;16911400000
2713;16842468000;16711400000;16911400000
2714;16842469000;16711400000;16911400000
2715;16842478000;16711400000;16911400000
2716;16842676000;16711444444;16911444444
2717;16842691000;16711733333;16911733333
2718;16842693000;16711733333;16911733333
2719;16842694000;16711733333;16911733333
2720;16884078000;16753066666;16953066666
2721;16884081000;16753066666;16953066666
2722;16884082000;16753066666;16953066666
2723;16884092000;16753066666;16953066666
2724;16884093000;16753066666;16953066666
2725;16884094000;16753066666;16953066666
2726;16884095000;16753066666;16953066666
2727;16884242000;16753122222;16953122222
2729;16884245000;16753422222;16953422222
2730;16884246000;16753422222;16953422222
2731;16925829000;16794722222;16994722222
2732;16925832000;16794722222;16994722222
2733;16925834000;16794722222;16994722222
2734;16925835000;16794722222;16994722222
2735;16925836000;16794722222;16994722222
2736;16925837000;16794722222;16994722222
2737;16925839000;16794722222;16994722222
2738;16926063000;16794777777;16994777777
2739;16926079000;16795100000;16995100000
2740;16926080000;16795100000;16995100000
2741;16926081000;16795100000;16995100000
2742;16967506000;16836400000;17036400000
2743;16967510000;16836400000;17036400000
2744;16967511000;16836400000;17036400000
2745;16967512000;16836400000;17036400000
2746;16967513000;16836400000;17036400000
2747;16967514000;16836400000;17036400000
2748;16967515000;16836400000;17036400000
2749;16967712000;16836444444;17036444444
2750;16967727000;16836700000;17036700000
2751;16967728000;16836700000;17036700000
2752;16967729000;16836700000;17036700000
2753;17009156000;16878055555;17078055555
2754;17009159000;16878055555;17078055555
2755;17009160000;16878055555;17078055555
2756;17009161000;16878055555;17078055555
2757;17009162000;16878055555;17078055555
2758;17009163000;16878055555;17078055555
2759;17009164000;16878055555;17078055555
2760;17009360000;16878111111;17078111111
2761;17009367000;16878400000;17078400000
2762;17009368000;16878400000;17078400000
2763;17009369000;16878400000;17078400000
2764;17050820000;16919733333;17119733333
2765;17050823000;16919733333;17119733333
2766;17050824000;16919733333;17119733333
2767;17050825000;16919733333;17119733333
2768;17050826000;16919733333;17119733333
2769;17050827000;16919733333;17119733333
2770;17050828000;16919733333;17119733333
2771;17051026000;16919777777;17119777777
2772;17051041000;16920088888;17120088888
2773;17051042000;16920088888;17120088888
2774;17051043000;16920088888;17120088888
2775;17092504000;16961400000;17161400000
2776;17092508000;16961400000;17161400000
2777;17092509000;16961400000;17161400000
2778;17092510000;16961400000;17161400000
2779;17092511000;16961400000;17161400000
2780;17092512000;16961400000;17161400000
2781;17092513000;16961400000;17161400000
2782;17092748000;16961444444;17161444444
2783;17092763000;16961722222;17161722222
2784;17092765000;16961722222;17161722222
2785;17092766000;16961722222;17161722222
2786;17134124000;17003055555;17203055555
2787;17134128000;17003055555;17203055555
2790;17134138000;17003055555;17203055555
2791;17134139000;17003055555;17203055555
2792;17134140000;17003055555;17203055555
2793;17134276000;17003100000;17203100000
2794;17134279000;17003411111;17203411111
2795;17134280000;17003411111;17203411111
2796;17134281000;17003411111;17203411111
2797;17175858000;17044733333;17244733333
2798;17175862000;17044733333;17244733333
2799;17175863000;17044733333;17244733333
2800;17175864000;17044733333;17244733333
2801;17175865000;17044733333;17244733333
2802;17175866000;17044733333;17244733333
2803;17175867000;17044733333;17244733333
2804;17176063000;17044777777;17244777777
2805;17176078000;17045100000;17245100000
2806;17176080000;17045100000;17245100000
2808;17217620000;17086411111;17286411111
2809;17217623000;17086411111;17286411111
2810;17217624000;17086411111;17286411111
2811;17217626000;17086411111;17286411111
2812;17217627000;17086411111;17286411111
2813;17217628000;17086411111;17286411111
2814;17217629000;17086411111;17286411111
2815;17217750000;17086455555;17286455555
2816;17217773000;17086744444;17286744444
2817;17217774000;17086744444;17286744444
2818;17217775000;17086744444;17286744444
2819;17259167000;17128066666;17328066666
2820;17259171000;17128066666;17328066666
2821;17259172000;17128066666;17328066666
2822;17259173000;17128066666;17328066666
2823;17259174000;17128066666;17328066666
2824;17259175000;17128066666;17328066666
2825;17259176000;17128066666;17328066666
2826;17259373000;17128111111;17328111111
2827;17259388000;17128400000;17328400000
2828;17259389000;17128400000;17328400000
2829;17259390000;17128400000;17328400000
2830;17300786000;17169733333;17369733333
2831;17300789000;17169733333;17369733333
2832;17300790000;17169733333;17369733333
2833;17300800000;17169733333;17369733333
2834;17300801000;17169733333;17369733333
2835;17300802000;17169733333;17369733333
2836;17300803000;17169733333;17369733333
2837;17300938000;17169777777;17369777777
2838;17300941000;17170088888;17370088888
2839;17300942000;17170088888;17370088888
2840;17300943000;17170088888;17370088888
2841;17342499000;17211400000;17411400000
2842;17342511000;17211400000;17411400000
2843;17342512000;17211400000;17411400000
2844;17342513000;17211400000;17411400000
2845;17342514000;17211400000;17411400000
2846;17342515000;17211400000;17411400000
2847;17342516000;17211400000;17411400000
2848;17342713000;17211444444;17411444444
2849;17342728000;17211722222;17411722222
2850;17342729000;17211722222;17411722222
2851;17342730000;17211722222;17411722222
2852;17384159000;17253066666;17453066666
2853;17384162000;17253066666;17453066666
2854;17384164000;17253066666;17453066666
2855;17384165000;17253066666;17453066666
2856;17384165000;17253066666;17453066666
2857;17384166000;17253066666;17453066666
2858;17384167000;17253066666;17453066666
2859;17384364000;17253111111;17453111111
2860;17384379000;17253422222;17453422222
2861;17384380000;17253422222;17453422222
2862;17384381000;17253422222;17453422222
2863;17425798000;17294733333;17494733333
2864;17425801000;17294733333;17494733333
2865;17425802000;17294733333;17494733333
2866;17425813000;17294733333;17494733333
2867;17425814000;17294733333;17494733333
2868;17425815000;17294733333;17494733333
2869;17425816000;17294733333;17494733333
2870;17425951000;17294788888;17494788888
2871;17425953000;17295111111;17495111111
2872;17425955000;17295111111;17495111111
2873;17425955000;17295111111;17495111111
2874;17467523000;17336400000;17536400000
2875;17467527000;17336400000;17536400000
2876;17467528000;17336400000;17536400000
2877;17467529000;17336400000;17536400000
2878;17467530000;17336400000;17536400000
2879;17467531000;17336400000;17536400000
2880;17467532000;17336400000;17536400000
2881;17467729000;17336444444;17536444444
2882;17467744000;17336711111;17536711111
2883;17467745000;17336711111;17536711111
2884;17467746000;17336711111;17536711111
2885;17509198000;17378066666;17578066666
2886;17509201000;17378066666;17578066666
2887;17509202000;17378066666;17578066666
2888;17509203000;17378066666;17578066666
2889;17509204000;17378066666;17578066666
2890;17509205000;17378066666;17578066666
2891;17509206000;17378066666;17578066666
2892;17509403000;17378111111;17578111111
2893;17509418000;17378411111;17578411111
2894;17509419000;17378411111;17578411111
2895;17509420000;17378411111;17578411111
2896;17550851000;17419733333;17619733333
2897;17550854000;17419733333;17619733333
2898;17550855000;17419733333;17619733333
2899;17550856000;17419733333;17619733333
2900;17550857000;17419733333;17619733333
2901;17550858000;17419733333;17619733333
2902;17550859000;17419733333;17619733333
2903;17551056000;17419777777;17619777777
2904;17551071000;17420077777;17620077777
2905;17551072000;17420077777;17620077777
2906;17551073000;17420077777;17620077777
2907;17592505000;17461400000;17661400000
2908;17592518000;17461400000;17661400000
2909;17592519000;17461400000;17661400000
2910;17592520000;17461400000;17661400000
2911;17592520000;17461400000;17661400000
2912;17592521000;17461400000;17661400000
2913;17592522000;17461400000;17661400000
2914;17592719000;17461444444;17661444444
2915;17592735000;17461711111;17661711111
2916;17592743000;17461711111;17661711111
2917;17592744000;17461711111;17661711111
2918;17634192000;17503066666;17703066666
2919;17634195000;17503066666;17703066666
2920;17634196000;17503066666;17703066666
2921;17634197000;17503066666;17703066666
2922;17634198000;17503066666;17703066666
2923;17634199000;17503066666;17703066666
2924;17634200000;17503066666;17703066666
2927;17634444000;17503422222;17703422222
2928;17634448000;17503422222;17703422222
2929;17675860000;17544733333;17744733333
2930;17675864000;17544733333;17744733333
2931;17675865000;17544733333;17744733333
2932;17675866000;17544733333;17744733333
2933;17675867000;17544733333;17744733333
2934;17675868000;17544733333;17744733333
2935;17675869000;17544733333;17744733333
2936;17676065000;17544777777;17744777777
2937;17676080000;17545066666;17745066666
2938;17676082000;17545066666;17745066666
2939;17676082000;17545066666;17745066666
2940;17717548000;17586388888;17786388888
2941;17717552000;17586388888;17786388888
2942;17717553000;17586388888;17786388888
2943;17717555000;17586388888;17786388888
2944;17717556000;17586388888;17786388888
2945;17717557000;17586388888;17786388888
2946;17717558000;17586388888;17786388888
2947;17717765000;17586433333;17786433333
2948;17717780000;17586700000;17786700000
2949;17717782000;17586700000;17786700000
2950;17717783000;17586700000;17786700000
2951;17759200000;17628055555;17828055555
2952;17759203000;17628055555;17828055555
2953;17759204000;17628055555;17828055555
2954;17759206000;17628055555;17828055555
2955;17759206000;17628055555;17828055555
2956;17759207000;17628055555;17828055555
2958;17759414000;17628100000;17828100000
2959;17759429000;17628400000;17828400000
2960;17759430000;17628400000;17828400000
2961;17759431000;17628400000;17828400000
2962;17800864000;17669733333;17869733333
2963;17800867000;17669733333;17869733333
2964;17800868000;17669733333;17869733333
2965;17800869000;17669733333;17869733333
2966;17800870000;17669733333;17869733333
2967;17800871000;17669733333;17869733333
2968;17800872000;17669733333;17869733333
2969;17801070000;17669777777;17869777777
2970;17801085000;17670077777;17870077777
2971;17801087000;17670077777;17870077777
2972;17801088000;17670077777;17870077777
2973;17842555000;17711400000;17911400000
2974;17842558000;17711400000;17911400000
2975;17842559000;17711400000;17911400000
2976;17842560000;17711400000;17911400000
2977;17842561000;17711400000;17911400000
2978;17842562000;17711400000;17911400000
2979;17842563000;17711400000;17911400000
2980;17842760000;17711444444;17911444444
2981;17842775000;17711744444;17911744444
2982;17842776000;17711744444;17911744444
2983;17842777000;17711744444;17911744444
2984;17884219000;17753066666;17953066666
2985;17884222000;17753066666;17953066666
2986;17884223000;17753066666;17953066666
2987;17884224000;17753066666;17953066666
2988;17884225000;17753066666;17953066666
2989;17884226000;17753066666;17953066666
2990;17884227000;17753066666;17953066666
2991;17884424000;17753111111;17953111111
2992;17884439000;17753400000;17953400000
2993;17884440000;17753400000;17953400000
2994;17884441000;17753400000;17953400000
2995;17925825000;17794733333;17994733333
2996;17925829000;17794733333;17994733333
2997;17925839000;17794733333;17994733333
2998;17925840000;17794733333;17994733333
2999;17925841000;17794733333;17994733333
3000;17925842000;17794733333;17994733333
3001;17925843000;17794733333;17994733333
3002;17925979000;17794777777;17994777777
3003;17925982000;17795077777;17995077777
3004;17925983000;17795077777;17995077777
3005;17925984000;17795077777;17995077777
3006;17967547000;17836400000;18036400000
3007;17967550000;17836400000;18036400000
3008;17967551000;17836400000;18036400000
3009;17967552000;17836400000;18036400000
3010;17967553000;17836400000;18036400000
3011;17967554000;17836400000;18036400000
3012;17967555000;17836400000;18036400000
3013;17967753000;17836444444;18036444444
3014;17967768000;17836688888;18036688888
3015;17967769000;17836688888;18036688888
3016;17967770000;17836688888;18036688888
3017;18009159000;17878066666;18078066666
3018;18009162000;17878066666;18078066666
3019;18009180000;17878066666;18078066666
3020;18009181000;17878066666;18078066666
3021;18009182000;17878066666;18078066666
3022;18009183000;17878066666;18078066666
3023;18009184000;17878066666;18078066666
3024;18009320000;17878111111;18078111111
3025;18009323000;17878388888;18078388888
3026;18009324000;17878388888;18078388888
3027;18009325000;17878388888;18078388888
3028;18050888000;17919733333;18119733333
3029;18050891000;17919733333;18119733333
3030;18050892000;17919733333;18119733333
3031;18050893000;17919733333;18119733333
3032;18050894000;17919733333;18119733333
3033;18050895000;17919733333;18119733333
3034;18050896000;17919733333;18119733333
3035;18051093000;17919777777;18119777777
3036;18051110000;17920077777;18120077777
3037;18051111000;17920077777;18120077777
3038;18051112000;17920077777;18120077777
3039;18092591000;17961400000;18161400000
3040;18092595000;17961400000;18161400000
3041;18092596000;17961400000;18161400000
3042;18092597000;17961400000;18161400000
3043;18092598000;17961400000;18161400000
3044;18092599000;17961400000;18161400000
3045;18092599000;17961400000;18161400000
3046;18092796000;17961444444;18161444444
3047;18092812000;17961722222;18161722222
3048;18092813000;17961722222;18161722222
3049;18092814000;17961722222;18161722222
3050;18134229000;18003055555;18203055555
3051;18134233000;18003055555;18203055555
3052;18134234000;18003055555;18203055555
3053;18134235000;18003055555;18203055555
3054;18134236000;18003055555;18203055555
3055;18134238000;18003055555;18203055555
3056;18134239000;18003055555;18203055555
3057;18134445000;18003111111;18203111111
3058;18134452000;18003411111;18203411111
3059;18134453000;18003411111;18203411111
3060;18134454000;18003411111;18203411111
3061;18175883000;18044733333;18244733333
3062;18175887000;18044733333;18244733333
3063;18175888000;18044733333;18244733333
3064;18175889000;18044733333;18244733333
3065;18175889000;18044733333;18244733333
3066;18175890000;18044733333;18244733333
3067;18175892000;18044733333;18244733333
3068;18176088000;18044777777;18244777777
3069;18176103000;18045088888;18245088888
3070;18176104000;18045088888;18245088888
3071;18176105000;18045088888;18245088888
3072;18217550000;18086400000;18286400000
3073;18217554000;18086400000;18286400000
3074;18217555000;18086400000;18286400000
3075;18217556000;18086400000;18286400000
3076;18217557000;18086400000;18286400000
3077;18217558000;18086400000;18286400000
3078;18217559000;18086400000;18286400000
3079;18217757000;18086444444;18286444444
3080;18217763000;18086722222;18286722222
3081;18217764000;18086722222;18286722222
3082;18217765000;18086722222;18286722222
3083;18259220000;18128066666;18328066666
3084;18259223000;18128066666;18328066666
3085;18259224000;18128066666;18328066666
3086;18259225000;18128066666;18328066666
3087;18259226000;18128066666;18328066666
3088;18259227000;18128066666;18328066666
3089;18259228000;18128066666;18328066666
3090;18259452000;18128111111;18328111111
3091;18259458000;18128388888;18328388888
3093;18259460000;18128388888;18328388888
3094;18300813000;18169733333;18369733333
3095;18300817000;18169733333;18369733333
3096;18300818000;18169733333;18369733333
3097;18300819000;18169733333;18369733333
3098;18300820000;18169733333;18369733333
3099;18300821000;18169733333;18369733333
3100;18300822000;18169733333;18369733333
3101;18300924000;18169777777;18369777777
3102;18300929000;18170077777;18370077777
3103;18300931000;18170077777;18370077777
3104;18300932000;18170077777;18370077777
3105;18342501000;18211388888;18411388888
3106;18342504000;18211388888;18411388888
3107;18342505000;18211388888;18411388888
3108;18342506000;18211388888;18411388888
3109;18342507000;18211388888;18411388888
3110;18342508000;18211388888;18411388888
3111;18342509000;18211388888;18411388888
3112;18342628000;18211433333;18411433333
3113;18342633000;18211711111;18411711111
3114;18342634000;18211711111;18411711111
3115;18342635000;18211711111;18411711111
3116;18384186000;18253066666;18453066666
3117;18384190000;18253066666;18453066666
3118;18384191000;18253066666;18453066666
3119;18384192000;18253066666;18453066666
3120;18384201000;18253066666;18453066666
3121;18384202000;18253066666;18453066666
3122;18384203000;18253066666;18453066666
3123;18384325000;18253111111;18453111111
3124;18384330000;18253411111;18453411111
3125;18384331000;18253411111;18453411111
3126;18384332000;18253411111;18453411111
3127;18425842000;18294733333;18494733333
3128;18425845000;18294733333;18494733333
3129;18425846000;18294733333;18494733333
3130;18425847000;18294733333;18494733333
3131;18425848000;18294733333;18494733333
3132;18425849000;18294733333;18494733333
3133;18425850000;18294733333;18494733333
3134;18425971000;18294777777;18494777777
3135;18425976000;18295111111;18495111111
3136;18425978000;18295111111;18495111111
3137;18425978000;18295111111;18495111111
3138;18467515000;18336400000;18536400000
3139;18467519000;18336400000;18536400000
3140;18467520000;18336400000;18536400000
3141;18467521000;18336400000;18536400000
3142;18467522000;18336400000;18536400000
3143;18467523000;18336400000;18536400000
3144;18467524000;18336400000;18536400000
3145;18467613000;18336444444;18536444444
3146;18467618000;18336700000;18536700000
3147;18467619000;18336700000;18536700000
3148;18467620000;18336700000;18536700000
3149;18509193000;18378055555;18578055555
3150;18509197000;18378055555;18578055555
3151;18509198000;18378055555;18578055555
3152;18509199000;18378055555;18578055555
3153;18509200000;18378055555;18578055555
3154;18509201000;18378055555;18578055555
3155;18509202000;18378055555;18578055555
3156;18509319000;18378100000;18578100000
3157;18509324000;18378411111;18578411111
3158;18509325000;18378411111;18578411111
3159;18509326000;18378411111;18578411111
3160;18550846000;18419733333;18619733333
3161;18550849000;18419733333;18619733333
3162;18550850000;18419733333;18619733333
3163;18550851000;18419733333;18619733333
3164;18550852000;18419733333;18619733333
3165;18550853000;18419733333;18619733333
3166;18550854000;18419733333;18619733333
3167;18550973000;18419777777;18619777777
3168;18550978000;18420088888;18620088888
3169;18550979000;18420088888;18620088888
3170;18550980000;18420088888;18620088888
3171;18592519000;18461400000;18661400000
3172;18592522000;18461400000;18661400000
3173;18592523000;18461400000;18661400000
3174;18592524000;18461400000;18661400000
3175;18592525000;18461400000;18661400000
3176;18592526000;18461400000;18661400000
3177;18592527000;18461400000;18661400000
3178;18592617000;18461444444;18661444444
3179;18592622000;18461722222;18661722222
3180;18592623000;18461722222;18661722222
3181;18592624000;18461722222;18661722222
3182;18634195000;18503066666;18703066666
3183;18634199000;18503066666;18703066666
3184;18634200000;18503066666;18703066666
3185;18634201000;18503066666;18703066666
3186;18634202000;18503066666;18703066666
3187;18634203000;18503066666;18703066666
3188;18634204000;18503066666;18703066666
3189;18634306000;18503111111;18703111111
3190;18634311000;18503411111;18703411111
3191;18634313000;18503411111;18703411111
3192;18634314000;18503411111;18703411111
3193;18675866000;18544733333;18744733333
3194;18675870000;18544733333;18744733333
3195;18675871000;18544733333;18744733333
3196;18675872000;18544733333;18744733333
3197;18675873000;18544733333;18744733333
3198;18675874000;18544733333;18744733333
3199;18675875000;18544733333;18744733333
3200;18675976000;18544777777;18744777777
3201;18675982000;18545077777;18745077777
3202;18675983000;18545077777;18745077777
3203;18675984000;18545077777;18745077777
3204;18717520000;18586400000;18786400000
3205;18717523000;18586400000;18786400000
3206;18717525000;18586400000;18786400000
3207;18717526000;18586400000;18786400000
3208;18717526000;18586400000;18786400000
3209;18717527000;18586400000;18786400000
3210;18717528000;18586400000;18786400000
3211;18717649000;18586444444;18786444444
3212;18717654000;18586711111;18786711111
3213;18717667000;18586711111;18786711111
3214;18717668000;18586711111;18786711111
3215;18759188000;18628055555;18828055555
3216;18759192000;18628055555;18828055555
3217;18759193000;18628055555;18828055555
3218;18759194000;18628055555;18828055555
3219;18759195000;18628055555;18828055555
3220;18759204000;18628055555;18828055555
3221;18759205000;18628055555;18828055555
3222;18759314000;18628111111;18828111111
3223;18759319000;18628422222;18828422222
3224;18759321000;18628422222;18828422222
3225;18759322000;18628422222;18828422222
3226;18800853000;18669733333;18869733333
3227;18800857000;18669733333;18869733333
3228;18800858000;18669733333;18869733333
3229;18800859000;18669733333;18869733333
3230;18800860000;18669733333;18869733333
3231;18800860000;18669733333;18869733333
3232;18800861000;18669733333;18869733333
3233;18800960000;18669777777;18869777777
3234;18800965000;18670088888;18870088888
3235;18800966000;18670088888;18870088888
3236;18800968000;18670088888;18870088888
3237;18842516000;18711388888;18911388888
3238;18842520000;18711388888;18911388888
3239;18842521000;18711388888;18911388888
3240;18842522000;18711388888;18911388888
3241;18842523000;18711388888;18911388888
3242;18842524000;18711388888;18911388888
3243;18842525000;18711388888;18911388888
3244;18842624000;18711433333;18911433333
3245;18842629000;18711733333;18911733333
3246;18842631000;18711733333;18911733333
3247;18842632000;18711733333;18911733333
3248;18884189000;18753066666;18953066666
3249;18884193000;18753066666;18953066666
3250;18884194000;18753066666;18953066666
3251;18884195000;18753066666;18953066666
3252;18884196000;18753066666;18953066666
3253;18884197000;18753066666;18953066666
3254;18884198000;18753066666;18953066666
3255;18884296000;18753111111;18953111111
3256;18884301000;18753411111;18953411111
3257;18884302000;18753411111;18953411111
3258;18884303000;18753411111;18953411111
3259;18925874000;18794733333;18994733333
3260;18925878000;18794733333;18994733333
3261;18925880000;18794733333;18994733333
3262;18925881000;18794733333;18994733333
3263;18925882000;18794733333;18994733333
3264;18925883000;18794733333;18994733333
3265;18925885000;18794733333;18994733333
3267;18926116000;18795088888;18995088888
3268;18926128000;18795088888;18995088888
3269;18926129000;18795088888;18995088888
3270;18967524000;18836400000;19036400000
3271;18967528000;18836400000;19036400000
3272;18967529000;18836400000;19036400000
3273;18967530000;18836400000;19036400000
3274;18967531000;18836400000;19036400000
3275;18967532000;18836400000;19036400000
3280;18967752000;18836700000;19036700000
3281;19009190000;18878066666;19078066666
3282;19009193000;18878066666;19078066666
3283;19009194000;18878066666;19078066666
3284;19009195000;18878066666;19078066666
3285;19009196000;18878066666;19078066666
3286;19009197000;18878066666;19078066666
3287;19009198000;18878066666;19078066666
3288;19009316000;18878111111;19078111111
3289;19009321000;18878411111;19078411111
3290;19009323000;18878411111;19078411111
3292;19051009000;18919733333;19119733333
3293;19051012000;18919733333;19119733333
3294;19051013000;18919733333;19119733333
3295;19051015000;18919733333;19119733333
3296;19051016000;18919733333;19119733333
3297;19051017000;18919733333;19119733333
3298;19051018000;18919733333;19119733333
3299;19051091000;18919777777;19119777777
3300;19051106000;18920144444;19120144444
3301;19051107000;18920144444;19120144444
3302;19051108000;18920144444;19120144444
3303;19092545000;18961388888;19161388888
3304;19092549000;18961388888;19161388888
3305;19092562000;18961388888;19161388888
3306;19092563000;18961388888;19161388888
3307;19092564000;18961388888;19161388888
3308;19092565000;18961388888;19161388888
3309;19092566000;18961388888;19161388888
3310;19092686000;18961433333;19161433333
3311;19092690000;18961722222;19161722222
3312;19092692000;18961722222;19161722222
3313;19092693000;18961722222;19161722222
3315;19134308000;19003066666;19203066666
3316;19134311000;19003066666;19203066666
3317;19134312000;19003066666;19203066666
3318;19134313000;19003066666;19203066666
3319;19134314000;19003066666;19203066666
3320;19134315000;19003066666;19203066666
3321;19134395000;19003111111;19203111111
3322;19134400000;19003411111;19203411111
3323;19134401000;19003411111;19203411111
3324;19134402000;19003411111;19203411111
3325;19175845000;19044733333;19244733333
3326;19175848000;19044733333;19244733333
3327;19175857000;19044733333;19244733333
3328;19175858000;19044733333;19244733333
3329;19175859000;19044733333;19244733333
3330;19175860000;19044733333;19244733333
3331;19175861000;19044733333;19244733333
3332;19175981000;19044777777;19244777777
3333;19175986000;19045100000;19245100000
3334;19175987000;19045100000;19245100000
3335;19175988000;19045100000;19245100000
3336;19217516000;19086400000;19286400000
3337;19217519000;19086400000;19286400000
3338;19217520000;19086400000;19286400000
3339;19217521000;19086400000;19286400000
3340;19217522000;19086400000;19286400000
3341;19217523000;19086400000;19286400000
3342;19217524000;19086400000;19286400000
3343;19217624000;19086444444;19286444444
3344;19217628000;19086733333;19286733333
3345;19217630000;19086733333;19286733333
3346;19217631000;19086733333;19286733333
3347;19259174000;19128066666;19328066666
3348;19259177000;19128066666;19328066666
3349;19259178000;19128066666;19328066666
3350;19259179000;19128066666;19328066666
3351;19259180000;19128066666;19328066666
3352;19259181000;19128066666;19328066666
3353;19259182000;19128066666;19328066666
3354;19259300000;19128111111;19328111111
3355;19259305000;19128400000;19328400000
3356;19259307000;19128400000;19328400000
3357;19259308000;19128400000;19328400000
3358;19300830000;19169733333;19369733333
3359;19300834000;19169733333;19369733333
3360;19300835000;19169733333;19369733333
3361;19300836000;19169733333;19369733333
3362;19300837000;19169733333;19369733333
3363;19300839000;19169733333;19369733333
3364;19300840000;19169733333;19369733333
3365;19300931000;19169788888;19369788888
3366;19300936000;19170100000;19370100000
3367;19300937000;19170100000;19370100000
3368;19300939000;19170100000;19370100000
3369;19342535000;19211400000;19411400000
3370;19342538000;19211400000;19411400000
3371;19342540000;19211400000;19411400000
3372;19342541000;19211400000;19411400000
3373;19342542000;19211400000;19411400000
3374;19342543000;19211400000;19411400000
3375;19342544000;19211400000;19411400000
3376;19342646000;19211444444;19411444444
3377;19342651000;19211722222;19411722222
3378;19342652000;19211722222;19411722222
3379;19342653000;19211722222;19411722222
3380;19384166000;19253066666;19453066666
3381;19384169000;19253066666;19453066666
3382;19384170000;19253066666;19453066666
3383;19384171000;19253066666;19453066666
3384;19384173000;19253066666;19453066666
3385;19384174000;19253066666;19453066666
3386;19384175000;19253066666;19453066666
3387;19384294000;19253111111;19453111111
3388;19384299000;19253411111;19453411111
3389;19384301000;19253411111;19453411111
3390;19384302000;19253411111;19453411111
3391;19425830000;19294733333;19494733333
3392;19425833000;19294733333;19494733333
3393;19425835000;19294733333;19494733333
3394;19425836000;19294733333;19494733333
3395;19425837000;19294733333;19494733333
3396;19425838000;19294733333;19494733333
3397;19425839000;19294733333;19494733333
3398;19425957000;19294777777;19494777777
3399;19425963000;19295100000;19495100000
3400;19425964000;19295100000;19495100000
3401;19425965000;19295100000;19495100000
3402;19467490000;19336388888;19536388888
3403;19467493000;19336388888;19536388888
3404;19467494000;19336388888;19536388888
3405;19467495000;19336388888;19536388888
3406;19467496000;19336388888;19536388888
3407;19467497000;19336388888;19536388888
3408;19467498000;19336388888;19536388888
3409;19467617000;19336444444;19536444444
3410;19467623000;19336711111;19536711111
3411;19467624000;19336711111;19536711111
3412;19467625000;19336711111;19536711111
3413;19509159000;19378066666;19578066666
3414;19509162000;19378066666;19578066666
3415;19509163000;19378066666;19578066666
3416;19509164000;19378066666;19578066666
3417;19509165000;19378066666;19578066666
3418;19509166000;19378066666;19578066666
3419;19509167000;19378066666;19578066666
3420;19509266000;19378111111;19578111111
3421;19509271000;19378411111;19578411111
3422;19509272000;19378411111;19578411111
3423;19509274000;19378411111;19578411111
3424;19550846000;19419755555;19619755555
3425;19550849000;19419755555;19619755555
3426;19550850000;19419755555;19619755555
3427;19550872000;19419755555;19619755555
3428;19550873000;19419755555;19619755555
3429;19550874000;19419755555;19619755555
3430;19550875000;19419755555;19619755555
3432;19551137000;19420122222;19620122222
3433;19551140000;19420122222;19620122222
3434;19551141000;19420122222;19620122222
3435;19592484000;19461400000;19661400000
3436;19592488000;19461400000;19661400000
3437;19592489000;19461400000;19661400000
3438;19592490000;19461400000;19661400000
3439;19592491000;19461400000;19661400000
3440;19592493000;19461400000;19661400000
3441;19592494000;19461400000;19661400000
3442;19592616000;19461444444;19661444444
3443;19592622000;19461733333;19661733333
3444;19592623000;19461733333;19661733333
3445;19592624000;19461733333;19661733333
3446;19634153000;19503066666;19703066666
3447;19634157000;19503066666;19703066666
3448;19634158000;19503066666;19703066666
3449;19634159000;19503066666;19703066666
3450;19634160000;19503066666;19703066666
3451;19634161000;19503066666;19703066666
3452;19634162000;19503066666;19703066666
3453;19634261000;19503111111;19703111111
3454;19634266000;19503422222;19703422222
3455;19634267000;19503422222;19703422222
3456;19634268000;19503422222;19703422222
3457;19675817000;19544733333;19744733333
3458;19675821000;19544733333;19744733333
3459;19675822000;19544733333;19744733333
3460;19675823000;19544733333;19744733333
3461;19675824000;19544733333;19744733333
3462;19675825000;19544733333;19744733333
3463;19675826000;19544733333;19744733333
3464;19675925000;19544777777;19744777777
3465;19675930000;19545088888;19745088888
3466;19675932000;19545088888;19745088888
3467;19675933000;19545088888;19745088888
3468;19717486000;19586400000;19786400000
3469;19717489000;19586400000;19786400000
3470;19717490000;19586400000;19786400000
3471;19717491000;19586400000;19786400000
3472;19717492000;19586400000;19786400000
3473;19717493000;19586400000;19786400000
3474;19717494000;19586400000;19786400000
3475;19717595000;19586444444;19786444444
3476;19717600000;19586733333;19786733333
3477;19717601000;19586733333;19786733333
3478;19717602000;19586733333;19786733333
3479;19759159000;19628066666;19828066666
3480;19759163000;19628066666;19828066666
3481;19759164000;19628066666;19828066666
3482;19759165000;19628066666;19828066666
3483;19759166000;19628066666;19828066666
3484;19759167000;19628066666;19828066666
3485;19759168000;19628066666;19828066666
3486;19759270000;19628122222;19828122222
3487;19759275000;19628433333;19828433333
3488;19759276000;19628433333;19828433333
3489;19759277000;19628433333;19828433333
3490;19800822000;19669733333;19869733333
3491;19800835000;19669733333;19869733333
3492;19800836000;19669733333;19869733333
3493;19800837000;19669733333;19869733333
3494;19800838000;19669733333;19869733333
3495;19800839000;19669733333;19869733333
3496;19800840000;19669733333;19869733333
3497;19800959000;19669777777;19869777777
3498;19800964000;19670100000;19870100000
3499;19800965000;19670100000;19870100000
3500;19800966000;19670100000;19870100000
3501;19842479000;19711400000;19911400000
3502;19842483000;19711400000;19911400000
3503;19842484000;19711400000;19911400000
3504;19842485000;19711400000;19911400000
3505;19842486000;19711400000;19911400000
3506;19842487000;19711400000;19911400000
3507;19842488000;19711400000;19911400000
3508;19842607000;19711444444;19911444444
3509;19842612000;19711744444;19911744444
3510;19842613000;19711744444;19911744444
3511;19842614000;19711744444;19911744444
3512;19884153000;19753066666;19953066666
3513;19884157000;19753066666;19953066666
3514;19884158000;19753066666;19953066666
3515;19884159000;19753066666;19953066666
3516;19884160000;19753066666;19953066666
3517;19884161000;19753066666;19953066666
3518;19884162000;19753066666;19953066666
3519;19884263000;19753111111;19953111111
3520;19884269000;19753411111;19953411111
3521;19884270000;19753411111;19953411111
3522;19884271000;19753411111;19953411111
3524;19925900000;19794733333;19994733333
3525;19925913000;19794733333;19994733333
3526;19925914000;19794733333;19994733333
3527;19925915000;19794733333;19994733333
3528;19925916000;19794733333;19994733333
3529;19925926000;19794733333;19994733333
3530;19925979000;19794777777;19994777777
3531;19925985000;19795088888;19995088888
3532;19925986000;19795088888;19995088888
3533;19925987000;19795088888;19995088888
3534;19967487000;19836400000;20036400000
3535;19967491000;19836400000;20036400000
3536;19967492000;19836400000;20036400000
3537;19967493000;19836400000;20036400000
3538;19967494000;19836400000;20036400000
3539;19967495000;19836400000;20036400000
3540;19967496000;19836400000;20036400000
3541;19967619000;19836444444;20036444444
3542;19967625000;19836722222;20036722222
3543;19967626000;19836722222;20036722222
3544;19967627000;19836722222;20036722222
3545;20009136000;19878066666;20078066666
3546;20009139000;19878066666;20078066666
3547;20009140000;19878066666;20078066666
3548;20009141000;19878066666;20078066666
3549;20009142000;19878066666;20078066666
3550;20009143000;19878066666;20078066666
3551;20009144000;19878066666;20078066666
3552;20009243000;19878111111;20078111111
3553;20009248000;19878411111;20078411111
3554;20009249000;19878411111;20078411111
3555;20009250000;19878411111;20078411111
3556;20050802000;19919722222;20119722222
3557;20050806000;19919722222;20119722222
3558;20050807000;19919722222;20119722222
3559;20050808000;19919722222;20119722222
3560;20050809000;19919722222;20119722222
3561;20050810000;19919722222;20119722222
3562;20050811000;19919722222;20119722222
3563;20050933000;19919766666;20119766666
3564;20050938000;19920077777;20120077777
3565;20050940000;19920077777;20120077777
3566;20050941000;19920077777;20120077777
3567;20092463000;19961400000;20161400000
3568;20092467000;19961400000;20161400000
3569;20092468000;19961400000;20161400000
3570;20092469000;19961400000;20161400000
3571;20092473000;19961400000;20161400000
3572;20092485000;19961400000;20161400000
3573;20092486000;19961400000;20161400000
3574;20092641000;19961444444;20161444444
3576;20092647000;19961722222;20161722222
3577;20092648000;19961722222;20161722222
3578;20134137000;20003055555;20203055555
3579;20134141000;20003055555;20203055555
3580;20134142000;20003055555;20203055555
3581;20134143000;20003055555;20203055555
3582;20134144000;20003055555;20203055555
3583;20134146000;20003055555;20203055555
3584;20134147000;20003055555;20203055555
3585;20134257000;20003100000;20203100000
3586;20134263000;20003422222;20203422222
3587;20134264000;20003422222;20203422222
3588;20134265000;20003422222;20203422222
3589;20175796000;20044733333;20244733333
3590;20175800000;20044733333;20244733333
3591;20175801000;20044733333;20244733333
3592;20175801000;20044733333;20244733333
3593;20175802000;20044733333;20244733333
3594;20175803000;20044733333;20244733333
3595;20175804000;20044733333;20244733333
3596;20175904000;20044777777;20244777777
3597;20175909000;20045122222;20245122222
3598;20175910000;20045122222;20245122222
3599;20175911000;20045122222;20245122222
3600;20217461000;20086400000;20286400000
3601;20217464000;20086400000;20286400000
3602;20217465000;20086400000;20286400000
3603;20217466000;20086400000;20286400000
3604;20217467000;20086400000;20286400000
3605;20217468000;20086400000;20286400000
3606;20217469000;20086400000;20286400000
3607;20217595000;20086444444;20286444444
3608;20217600000;20086744444;20286744444
3609;20217601000;20086744444;20286744444
3610;20217602000;20086744444;20286744444
3611;20259125000;20128066666;20328066666
3612;20259129000;20128066666;20328066666
3613;20259130000;20128066666;20328066666
3614;20259131000;20128066666;20328066666
3615;20259132000;20128066666;20328066666
3616;20259133000;20128066666;20328066666
3617;20259134000;20128066666;20328066666
3618;20259233000;20128111111;20328111111
3619;20259238000;20128400000;20328400000
3620;20259239000;20128400000;20328400000
3621;20259241000;20128400000;20328400000
3622;20300792000;20169733333;20369733333
3623;20300795000;20169733333;20369733333
3624;20300796000;20169733333;20369733333
3625;20300797000;20169733333;20369733333
3626;20300798000;20169733333;20369733333
3627;20300799000;20169733333;20369733333
3628;20300800000;20169733333;20369733333
3629;20300929000;20169777777;20369777777
3630;20300935000;20170088888;20370088888
3631;20300936000;20170088888;20370088888
3632;20300937000;20170088888;20370088888
3633;20342466000;20211400000;20411400000
3634;20342474000;20211400000;20411400000
3635;20342475000;20211400000;20411400000
3636;20342477000;20211400000;20411400000
3637;20342478000;20211400000;20411400000
3638;20342479000;20211400000;20411400000
3639;20342480000;20211400000;20411400000
3640;20342603000;20211444444;20411444444
3641;20342608000;20211733333;20411733333
3642;20342610000;20211733333;20411733333
3643;20342611000;20211733333;20411733333
3644;20384122000;20253066666;20453066666
3645;20384125000;20253066666;20453066666
3646;20384127000;20253066666;20453066666
3647;20384128000;20253066666;20453066666
3648;20384129000;20253066666;20453066666
3649;20384129000;20253066666;20453066666
3650;20384130000;20253066666;20453066666
3651;20384229000;20253111111;20453111111
3652;20384235000;20253422222;20453422222
3653;20384236000;20253422222;20453422222
3654;20384237000;20253422222;20453422222
3655;20425800000;20294733333;20494733333
3656;20425804000;20294733333;20494733333
3657;20425805000;20294733333;20494733333
3658;20425806000;20294733333;20494733333
3659;20425807000;20294733333;20494733333
3660;20425808000;20294733333;20494733333
3661;20425809000;20294733333;20494733333
3662;20425910000;20294777777;20494777777
3663;20425916000;20295100000;20495100000
3664;20425917000;20295100000;20495100000
3665;20425918000;20295100000;20495100000
3666;20467454000;20336400000;20536400000
3667;20467457000;20336400000;20536400000
3668;20467458000;20336400000;20536400000
3669;20467459000;20336400000;20536400000
3670;20467460000;20336400000;20536400000
3671;20467461000;20336400000;20536400000
3672;20467462000;20336400000;20536400000
3673;20467588000;20336444444;20536444444
3674;20467593000;20336722222;20536722222
3675;20467594000;20336722222;20536722222
3676;20467595000;20336722222;20536722222
3677;20509781000;20378066666;20578066666
3678;20509785000;20378066666;20578066666
3679;20509787000;20378066666;20578066666
3680;20509788000;20378066666;20578066666
3681;20509789000;20378066666;20578066666
3682;20509790000;20378066666;20578066666
3683;20509792000;20378066666;20578066666
3684;20509904000;20378111111;20578111111
3685;20509908000;20378433333;20578433333
3686;20509910000;20378433333;20578433333
3687;20509911000;20378433333;20578433333
3688;20550780000;20419733333;20619733333
3689;20550784000;20419733333;20619733333
3690;20550786000;20419733333;20619733333
3691;20550787000;20419733333;20619733333
3692;20550788000;20419733333;20619733333
3693;20550789000;20419733333;20619733333
3694;20550790000;20419733333;20619733333
3695;20550889000;20419777777;20619777777
3699;20592503000;20461400000;20661400000
3700;20592506000;20461400000;20661400000
3701;20592507000;20461400000;20661400000
3702;20592508000;20461400000;20661400000
3703;20592509000;20461400000;20661400000
3704;20592509000;20461400000;20661400000
3705;20592511000;20461400000;20661400000
3706;20592639000;20461444444;20661444444
3707;20592644000;20461722222;20661722222
3708;20592645000;20461722222;20661722222
3709;20592646000;20461722222;20661722222
3710;20634126000;20503066666;20703066666
3711;20634130000;20503066666;20703066666
3712;20634131000;20503066666;20703066666
3713;20634132000;20503066666;20703066666
3714;20634133000;20503066666;20703066666
3715;20634134000;20503066666;20703066666
3716;20634135000;20503066666;20703066666
3717;20634237000;20503111111;20703111111
3718;20634243000;20503411111;20703411111
3719;20634244000;20503411111;20703411111
3720;20634245000;20503411111;20703411111
3721;20675769000;20544722222;20744722222
3722;20675772000;20544722222;20744722222
3723;20675774000;20544722222;20744722222
3724;20675775000;20544722222;20744722222
3725;20675776000;20544722222;20744722222
3726;20675776000;20544722222;20744722222
3727;20675777000;20544722222;20744722222
3728;20675876000;20544777777;20744777777
3729;20675881000;20545055555;20745055555
3730;20675882000;20545055555;20745055555
3731;20675883000;20545055555;20745055555
3732;20717446000;20586400000;20786400000
3733;20717449000;20586400000;20786400000
3734;20717450000;20586400000;20786400000
3735;20717451000;20586400000;20786400000
3736;20717452000;20586400000;20786400000
3737;20717453000;20586400000;20786400000
3738;20717454000;20586400000;20786400000
3739;20717577000;20586444444;20786444444
3740;20717582000;20586711111;20786711111
3741;20717584000;20586711111;20786711111
3742;20717585000;20586711111;20786711111
3743;20759112000;20628066666;20828066666
3744;20759115000;20628066666;20828066666
3745;20759116000;20628066666;20828066666
3746;20759117000;20628066666;20828066666
3747;20759118000;20628066666;20828066666
3748;20759119000;20628066666;20828066666
3749;20759120000;20628066666;20828066666
3750;20759219000;20628111111;20828111111
3751;20759224000;20628400000;20828400000
3752;20759225000;20628400000;20828400000
3753;20759227000;20628400000;20828400000
3754;20800777000;20669733333;20869733333
3755;20800780000;20669733333;20869733333
3756;20800781000;20669733333;20869733333
3757;20800782000;20669733333;20869733333
3758;20800783000;20669733333;20869733333
3759;20800784000;20669733333;20869733333
3760;20800785000;20669733333;20869733333
3761;20800884000;20669777777;20869777777
3762;20800890000;20670088888;20870088888
3763;20800891000;20670088888;20870088888
3764;20800892000;20670088888;20870088888
3765;20842443000;20711400000;20911400000
3766;20842446000;20711400000;20911400000
3767;20842447000;20711400000;20911400000
3768;20842448000;20711400000;20911400000
3769;20842449000;20711400000;20911400000
3770;20842450000;20711400000;20911400000
3771;20842451000;20711400000;20911400000
3772;20842558000;20711444444;20911444444
3773;20842563000;20711733333;20911733333
3774;20842564000;20711733333;20911733333
3775;20842565000;20711733333;20911733333
3776;20884137000;20753066666;20953066666
3777;20884141000;20753066666;20953066666
3778;20884142000;20753066666;20953066666
3779;20884143000;20753066666;20953066666
3780;20884144000;20753066666;20953066666
3781;20884145000;20753066666;20953066666
3782;20884146000;20753066666;20953066666
3783;20884247000;20753111111;20953111111
3784;20884252000;20753400000;20953400000
3785;20884253000;20753400000;20953400000
3786;20884254000;20753400000;20953400000
3787;20925773000;20794733333;20994733333
3788;20925777000;20794733333;20994733333
3789;20925778000;20794733333;20994733333
3790;20925779000;20794733333;20994733333
3791;20925780000;20794733333;20994733333
3792;20925781000;20794733333;20994733333
3793;20925782000;20794733333;20994733333
3794;20925900000;20794777777;20994777777
3795;20925906000;20795100000;20995100000
3796;20925907000;20795100000;20995100000
3797;20925908000;20795100000;20995100000
3798;20967449000;20836400000;21036400000
3799;20967453000;20836400000;21036400000
3800;20967454000;20836400000;21036400000
3801;20967455000;20836400000;21036400000
3802;20967456000;20836400000;21036400000
3803;20967457000;20836400000;21036400000
3804;20967458000;20836400000;21036400000
3805;20967567000;20836444444;21036444444
3806;20967572000;20836688888;21036688888
3807;20967574000;20836688888;21036688888
3808;20967575000;20836688888;21036688888
3809;21009114000;20878055555;21078055555
3810;21009117000;20878055555;21078055555
3811;21009118000;20878055555;21078055555
3812;21009119000;20878055555;21078055555
3815;21009121000;20878055555;21078055555
3816;21009220000;20878100000;21078100000
3817;21009225000;20878400000;21078400000
3818;21009226000;20878400000;21078400000
3819;21009227000;20878400000;21078400000
3820;21050770000;20919733333;21119733333
3821;21050774000;20919733333;21119733333
3822;21050775000;20919733333;21119733333
3823;21050776000;20919733333;21119733333
3824;21050777000;20919733333;21119733333
3825;21050778000;20919733333;21119733333
3826;21050779000;20919733333;21119733333
3827;21050878000;20919777777;21119777777
3828;21050882000;20920088888;21120088888
3829;21050884000;20920088888;21120088888
3830;21050885000;20920088888;21120088888
3831;21092433000;20961400000;21161400000
3832;21092437000;20961400000;21161400000
3833;21092438000;20961400000;21161400000
3834;21092448000;20961400000;21161400000
3835;21092449000;20961400000;21161400000
3836;21092450000;20961400000;21161400000
3837;21092451000;20961400000;21161400000
3838;21092604000;20961444444;21161444444
3839;21092610000;20961733333;21161733333
3840;21092611000;20961733333;21161733333
3841;21092612000;20961733333;21161733333
3842;21134102000;21003066666;21203066666
3843;21134106000;21003066666;21203066666
3844;21134107000;21003066666;21203066666
3845;21134108000;21003066666;21203066666
3846;21134109000;21003066666;21203066666
3847;21134110000;21003066666;21203066666
3848;21134111000;21003066666;21203066666
3849;21134231000;21003111111;21203111111
3850;21134236000;21003411111;21203411111
3851;21134237000;21003411111;21203411111
3852;21134238000;21003411111;21203411111
3853;21175786000;21044733333;21244733333
3854;21175789000;21044733333;21244733333
3855;21175790000;21044733333;21244733333
3856;21175792000;21044733333;21244733333
3857;21175793000;21044733333;21244733333
3858;21175794000;21044733333;21244733333
3859;21175795000;21044733333;21244733333
3861;21176035000;21045100000;21245100000
3862;21176038000;21045100000;21245100000
3863;21176039000;21045100000;21245100000
3864;21217420000;21086388888;21286388888
3865;21217423000;21086388888;21286388888
3866;21217424000;21086388888;21286388888
3867;21217425000;21086388888;21286388888
3868;21217426000;21086388888;21286388888
3869;21217427000;21086388888;21286388888
3870;21217428000;21086388888;21286388888
3871;21217551000;21086444444;21286444444
3872;21217556000;21086722222;21286722222
3873;21217557000;21086722222;21286722222
3874;21217558000;21086722222;21286722222
3875;21259099000;21128066666;21328066666
3876;21259103000;21128066666;21328066666
3877;21259104000;21128066666;21328066666
3878;21259104000;21128066666;21328066666
3879;21259105000;21128066666;21328066666
3880;21259106000;21128066666;21328066666
3881;21259107000;21128066666;21328066666
3882;21259226000;21128111111;21328111111
3883;21259231000;21128400000;21328400000
3884;21259232000;21128400000;21328400000
3885;21259233000;21128400000;21328400000
3886;21300766000;21169733333;21369733333
3887;21300769000;21169733333;21369733333
3888;21300770000;21169733333;21369733333
3889;21300771000;21169733333;21369733333
3890;21300772000;21169733333;21369733333
3891;21300773000;21169733333;21369733333
3892;21300774000;21169733333;21369733333
3893;21300892000;21169777777;21369777777
3894;21300897000;21170077777;21370077777
3895;21300899000;21170077777;21370077777
3896;21300900000;21170077777;21370077777
3897;21342437000;21211388888;21411388888
3898;21342441000;21211388888;21411388888
3899;21342442000;21211388888;21411388888
3900;21342443000;21211388888;21411388888
3901;21342444000;21211388888;21411388888
3902;21342445000;21211388888;21411388888
3903;21342447000;21211388888;21411388888
3904;21342584000;21211433333;21411433333
3905;21342589000;21211722222;21411722222
3906;21342591000;21211722222;21411722222
3907;21342592000;21211722222;21411722222
3908;21384105000;21253066666;21453066666
3909;21384109000;21253066666;21453066666
3910;21384110000;21253066666;21453066666
3911;21384111000;21253066666;21453066666
3912;21384112000;21253066666;21453066666
3913;21384114000;21253066666;21453066666
3914;21384115000;21253066666;21453066666
3915;21384233000;21253111111;21453111111
3916;21384239000;21253411111;21453411111
3917;21384240000;21253411111;21453411111
3918;21384241000;21253411111;21453411111
3919;21425764000;21294733333;21494733333
3920;21425767000;21294733333;21494733333
3921;21425769000;21294733333;21494733333
3922;21425770000;21294733333;21494733333
3923;21425771000;21294733333;21494733333
3924;21425772000;21294733333;21494733333
3925;21425773000;21294733333;21494733333
3926;21425872000;21294777777;21494777777
3927;21425877000;21295088888;21495088888
3928;21425878000;21295088888;21495088888
3929;21425879000;21295088888;21495088888
3930;21467452000;21336422222;21536422222
3931;21467456000;21336422222;21536422222
3932;21467457000;21336422222;21536422222
3933;21467458000;21336422222;21536422222
3934;21467459000;21336422222;21536422222
3935;21467475000;21336422222;21536422222
3936;21467476000;21336422222;21536422222
3937;21467597000;21336466666;21536466666
3938;21467602000;21336733333;21536733333
3939;21467604000;21336733333;21536733333
3940;21467605000;21336733333;21536733333
3941;21509096000;21378066666;21578066666
3942;21509100000;21378066666;21578066666
3943;21509101000;21378066666;21578066666
3944;21509102000;21378066666;21578066666
3945;21509103000;21378066666;21578066666
3946;21509104000;21378066666;21578066666
3947;21509105000;21378066666;21578066666
3948;21509203000;21378111111;21578111111
3949;21509209000;21378411111;21578411111
3950;21509210000;21378411111;21578411111
3951;21509211000;21378411111;21578411111
3952;21550761000;21419733333;21619733333
3953;21550764000;21419733333;21619733333
3954;21550765000;21419733333;21619733333
3955;21550766000;21419733333;21619733333
3956;21550767000;21419733333;21619733333
3957;21550768000;21419733333;21619733333
3958;21550769000;21419733333;21619733333
3959;21550887000;21419777777;21619777777
3960;21550892000;21420088888;21620088888
3961;21550894000;21420088888;21620088888
3962;21550895000;21420088888;21620088888
3963;21592426000;21461400000;21661400000
3964;21592430000;21461400000;21661400000
3965;21592431000;21461400000;21661400000
3966;21592432000;21461400000;21661400000
3967;21592433000;21461400000;21661400000
3968;21592434000;21461400000;21661400000
3969;21592435000;21461400000;21661400000
3970;21592557000;21461444444;21661444444
3971;21592562000;21461722222;21661722222
3972;21592563000;21461722222;21661722222
3973;21592564000;21461722222;21661722222
3974;21634113000;21503066666;21703066666
3975;21634116000;21503066666;21703066666
3978;21634117000;21503066666;21703066666
3979;21634118000;21503066666;21703066666
3980;21634119000;21503066666;21703066666
3981;21634219000;21503111111;21703111111
3982;21634224000;21503411111;21703411111
3985;21675628000;21544733333;21744733333
3986;21675631000;21544733333;21744733333
3987;21675632000;21544733333;21744733333
3988;21675634000;21544733333;21744733333
3989;21675635000;21544733333;21744733333
3990;21675636000;21544733333;21744733333
3991;21675636000;21544733333;21744733333
3992;21675708000;21544777777;21744777777
3993;21675713000;21545100000;21745100000
3994;21675715000;21545100000;21745100000
3995;21675716000;21545100000;21745100000
3996;21717446000;21586400000;21786400000
3997;21717451000;21586400000;21786400000
3998;21717452000;21586400000;21786400000
3999;21717453000;21586400000;21786400000
4000;21717455000;21586400000;21786400000
4001;21717456000;21586400000;21786400000
4002;21717457000;21586400000;21786400000
4003;21717575000;21586455555;21786455555
4004;21717580000;21586733333;21786733333
4005;21717581000;21586733333;21786733333
4006;21717582000;21586733333;21786733333
4007;21759100000;21628055555;21828055555
4008;21759104000;21628055555;21828055555
4009;21759105000;21628055555;21828055555
4010;21759106000;21628055555;21828055555
4012;21759107000;21628055555;21828055555
4013;21759108000;21628055555;21828055555
4014;21759209000;21628111111;21828111111
4015;21759215000;21628411111;21828411111
4016;21759216000;21628411111;21828411111
4017;21759217000;21628411111;21828411111
4018;21800781000;21669733333;21869733333
4019;21800785000;21669733333;21869733333
4020;21800786000;21669733333;21869733333
4023;21800787000;21669733333;21869733333
4024;21800788000;21669733333;21869733333
4025;21800907000;21669777777;21869777777
4026;21800912000;21670088888;21870088888
4027;21800913000;21670088888;21870088888
4029;21842510000;21711400000;21911400000
4030;21842514000;21711400000;21911400000
4031;21842515000;21711400000;21911400000
4032;21842516000;21711400000;21911400000
4033;21842517000;21711400000;21911400000
4034;21842518000;21711400000;21911400000
4035;21842519000;21711400000;21911400000
4036;21842590000;21711444444;21911444444
4037;21842605000;21711733333;21911733333
4038;21842606000;21711733333;21911733333
4039;21842607000;21711733333;21911733333
4040;21884077000;21753055555;21953055555
4041;21884080000;21753055555;21953055555
4042;21884081000;21753055555;21953055555
4043;21884090000;21753055555;21953055555
4044;21884091000;21753055555;21953055555
4045;21884092000;21753055555;21953055555
4046;21884093000;21753055555;21953055555
4047;21884212000;21753100000;21953100000
4048;21884218000;21753433333;21953433333
4049;21884219000;21753433333;21953433333
4050;21884220000;21753433333;21953433333
4051;21925753000;21794733333;21994733333
4052;21925757000;21794733333;21994733333
4053;21925758000;21794733333;21994733333
4054;21925759000;21794733333;21994733333
4055;21925760000;21794733333;21994733333
4056;21925761000;21794733333;21994733333
4057;21925762000;21794733333;21994733333
4058;21925881000;21794777777;21994777777
4059;21925886000;21795088888;21995088888
4060;21925887000;21795088888;21995088888
4061;21925888000;21795088888;21995088888
4062;21967417000;21836400000;22036400000
4063;21967420000;21836400000;22036400000
4064;21967421000;21836400000;22036400000
4065;21967422000;21836400000;22036400000
4066;21967423000;21836400000;22036400000
4067;21967424000;21836400000;22036400000
4068;21967425000;21836400000;22036400000
4069;21967568000;21836444444;22036444444
4071;21967574000;21836700000;22036700000
4072;21967575000;21836700000;22036700000
4073;22009073000;21878055555;22078055555
4074;22009077000;21878055555;22078055555
4075;22009078000;21878055555;22078055555
4076;22009079000;21878055555;22078055555
4077;22009080000;21878055555;22078055555
4078;22009081000;21878055555;22078055555
4079;22009082000;21878055555;22078055555
4080;22009180000;21878100000;22078100000
4081;22009185000;21878400000;22078400000
4082;22009186000;21878400000;22078400000
4083;22009188000;21878400000;22078400000
4084;22050753000;21919733333;22119733333
4085;22050757000;21919733333;22119733333
4086;22050758000;21919733333;22119733333
4087;22050759000;21919733333;22119733333
4088;22050760000;21919733333;22119733333
4089;22050761000;21919733333;22119733333
4090;22050762000;21919733333;22119733333
4091;22050860000;21919777777;22119777777
4092;22050865000;21920088888;22120088888
4093;22050867000;21920088888;22120088888
4094;22050868000;21920088888;22120088888
4095;22092415000;21961400000;22161400000
4096;22092419000;21961400000;22161400000
4097;22092419000;21961400000;22161400000
4098;22092420000;21961400000;22161400000
4099;22092421000;21961400000;22161400000
4100;22092422000;21961400000;22161400000
4101;22092423000;21961400000;22161400000
4102;22092591000;21961444444;22161444444
4103;22092596000;21961755555;22161755555
4104;22092597000;21961755555;22161755555
4105;22092598000;21961755555;22161755555
4106;22134091000;22003055555;22203055555
4108;22134095000;22003055555;22203055555
4109;22134096000;22003055555;22203055555
4110;22134097000;22003055555;22203055555
4111;22134098000;22003055555;22203055555
4112;22134099000;22003055555;22203055555
4113;22134218000;22003111111;22203111111
4114;22134223000;22003422222;22203422222
4115;22134225000;22003422222;22203422222
4116;22134226000;22003422222;22203422222
4117;22175756000;22044733333;22244733333
4118;22175760000;22044733333;22244733333
4119;22175761000;22044733333;22244733333
4120;22175762000;22044733333;22244733333
4121;22175763000;22044733333;22244733333
4122;22175764000;22044733333;22244733333
4123;22175765000;22044733333;22244733333
4124;22175864000;22044777777;22244777777
4125;22175869000;22045100000;22245100000
4126;22175870000;22045100000;22245100000
4127;22175871000;22045100000;22245100000
4128;22217413000;22086400000;22286400000
4129;22217416000;22086400000;22286400000
4130;22217417000;22086400000;22286400000
4131;22217418000;22086400000;22286400000
4132;22217419000;22086400000;22286400000
4133;22217420000;22086400000;22286400000
4134;22217421000;22086400000;22286400000
4136;22217674000;22086733333;22286733333
4137;22217677000;22086733333;22286733333
4138;22217678000;22086733333;22286733333
4139;22259080000;22128066666;22328066666
4140;22259083000;22128066666;22328066666
4141;22259084000;22128066666;22328066666
4142;22259085000;22128066666;22328066666
4143;22259086000;22128066666;22328066666
4144;22259087000;22128066666;22328066666
4145;22259088000;22128066666;22328066666
4146;22259215000;22128111111;22328111111
4147;22259220000;22128400000;22328400000
4148;22259221000;22128400000;22328400000
4149;22259222000;22128400000;22328400000
4150;22300747000;22169733333;22369733333
4151;22300750000;22169733333;22369733333
4152;22300751000;22169733333;22369733333
4153;22300752000;22169733333;22369733333
4154;22300753000;22169733333;22369733333
4155;22300754000;22169733333;22369733333
4156;22300755000;22169733333;22369733333
4157;22300844000;22169777777;22369777777
4158;22300849000;22170100000;22370100000
4159;22300850000;22170100000;22370100000
4160;22300851000;22170100000;22370100000
4161;22342413000;22211400000;22411400000
4162;22342416000;22211400000;22411400000
4163;22342418000;22211400000;22411400000
4164;22342419000;22211400000;22411400000
4165;22342419000;22211400000;22411400000
4166;22342420000;22211400000;22411400000
4167;22342421000;22211400000;22411400000
4168;22342549000;22211444444;22411444444
4169;22342555000;22211722222;22411722222
4170;22342556000;22211722222;22411722222
4171;22342557000;22211722222;22411722222
4172;22384092000;22253066666;22453066666
4173;22384096000;22253066666;22453066666
4174;22384097000;22253066666;22453066666
4175;22384098000;22253066666;22453066666
4176;22384099000;22253066666;22453066666
4177;22384100000;22253066666;22453066666
4178;22384101000;22253066666;22453066666
4179;22384243000;22253111111;22453111111
4180;22384249000;22253422222;22453422222
4181;22384250000;22253422222;22453422222
4182;22384252000;22253422222;22453422222
4183;22425745000;22294733333;22494733333
4184;22425748000;22294733333;22494733333
4185;22425749000;22294733333;22494733333
4186;22425750000;22294733333;22494733333
4187;22425751000;22294733333;22494733333
4188;22425752000;22294733333;22494733333
4189;22425753000;22294733333;22494733333
4190;22425872000;22294777777;22494777777
4191;22425877000;22295111111;22495111111
4192;22425878000;22295111111;22495111111
4193;22425879000;22295111111;22495111111
4194;22467407000;22336400000;22536400000
4195;22467410000;22336400000;22536400000
4196;22467412000;22336400000;22536400000
4197;22467413000;22336400000;22536400000
4198;22467413000;22336400000;22536400000
4199;22467415000;22336400000;22536400000
4200;22467415000;22336400000;22536400000
4201;22467536000;22336444444;22536444444
4202;22467541000;22336711111;22536711111
4203;22467542000;22336711111;22536711111
4204;22467543000;22336711111;22536711111
4205;22510432000;22378066666;22578066666
4206;22510436000;22378066666;22578066666
4207;22510437000;22378066666;22578066666
4208;22510438000;22378066666;22578066666
4209;22510439000;22378066666;22578066666
4210;22510441000;22378066666;22578066666
4211;22510442000;22378066666;22578066666
4212;22510555000;22378111111;22578111111
4213;22510560000;22378411111;22578411111
4214;22510561000;22378411111;22578411111
4215;22510562000;22378411111;22578411111
4216;22550736000;22419733333;22619733333
4217;22550740000;22419733333;22619733333
4218;22550741000;22419733333;22619733333
4219;22550742000;22419733333;22619733333
4220;22550743000;22419733333;22619733333
4221;22550744000;22419733333;22619733333
4222;22550745000;22419733333;22619733333
4223;22550844000;22419777777;22619777777
4224;22550849000;22420100000;22620100000
4225;22550851000;22420100000;22620100000
4226;22550852000;22420100000;22620100000
4227;22592408000;22461400000;22661400000
4228;22592411000;22461400000;22661400000
4229;22592413000;22461400000;22661400000
4230;22592414000;22461400000;22661400000
4231;22592415000;22461400000;22661400000
4232;22592415000;22461400000;22661400000
4233;22592416000;22461400000;22661400000
4234;22592522000;22461444444;22661444444
4235;22592528000;22461733333;22661733333
4236;22592529000;22461733333;22661733333
4237;22592530000;22461733333;22661733333
4238;22634109000;22503066666;22703066666
4240;22634113000;22503066666;22703066666
4241;22634114000;22503066666;22703066666
4242;22634115000;22503066666;22703066666
4243;22634116000;22503066666;22703066666
4244;22634117000;22503066666;22703066666
4245;22634217000;22503111111;22703111111
4246;22634223000;22503422222;22703422222
4247;22634244000;22503422222;22703422222
4248;22634245000;22503422222;22703422222
4249;22675557000;22544733333;22744733333
4250;22675560000;22544733333;22744733333
4251;22675562000;22544733333;22744733333
4252;22675562000;22544733333;22744733333
4253;22675563000;22544733333;22744733333
4254;22675565000;22544733333;22744733333
4255;22675566000;22544733333;22744733333
4256;22675685000;22544777777;22744777777
4257;22675690000;22545088888;22745088888
4258;22675691000;22545088888;22745088888
4259;22675692000;22545088888;22745088888
4260;22717420000;22586400000;22786400000
4261;22717424000;22586400000;22786400000
4262;22717425000;22586400000;22786400000
4263;22717426000;22586400000;22786400000
4264;22717427000;22586400000;22786400000
4265;22717428000;22586400000;22786400000
4266;22717429000;22586400000;22786400000
4267;22717540000;22586444444;22786444444
4268;22717545000;22586722222;22786722222
4269;22717547000;22586722222;22786722222
4270;22717548000;22586722222;22786722222
4271;22759070000;22628055555;22828055555
4272;22759073000;22628055555;22828055555
4273;22759074000;22628055555;22828055555
4274;22759075000;22628055555;22828055555
4276;22759077000;22628055555;22828055555
4277;22759078000;22628055555;22828055555
4278;22759208000;22628100000;22828100000
4279;22759213000;22628422222;22828422222
4280;22759214000;22628422222;22828422222
4281;22759215000;22628422222;22828422222
4282;22800739000;22669733333;22869733333
4283;22800743000;22669733333;22869733333
4284;22800744000;22669733333;22869733333
4285;22800745000;22669733333;22869733333
4286;22800746000;22669733333;22869733333
4287;22800747000;22669733333;22869733333
4288;22800748000;22669733333;22869733333
4289;22800847000;22669777777;22869777777
4290;22800852000;22670100000;22870100000
4292;22800925000;22670100000;22870100000
4293;22842405000;22711400000;22911400000
4294;22842408000;22711400000;22911400000
4295;22842409000;22711400000;22911400000
4296;22842410000;22711400000;22911400000
4297;22842411000;22711400000;22911400000
4298;22842412000;22711400000;22911400000
4299;22842413000;22711400000;22911400000
4300;22842518000;22711444444;22911444444
4301;22842523000;22711744444;22911744444
4302;22842524000;22711744444;22911744444
4303;22842525000;22711744444;22911744444
4304;22884072000;22753066666;22953066666
4305;22884075000;22753066666;22953066666
4306;22884076000;22753066666;22953066666
4307;22884077000;22753066666;22953066666
4308;22884078000;22753066666;22953066666
4309;22884079000;22753066666;22953066666
4310;22884080000;22753066666;22953066666
4311;22884197000;22753111111;22953111111
4312;22884202000;22753422222;22953422222
4313;22884204000;22753422222;22953422222
4315;22925861000;22794733333;22994733333
4316;22925864000;22794733333;22994733333
4317;22925865000;22794733333;22994733333
4318;22925866000;22794733333;22994733333
4319;22925868000;22794733333;22994733333
4320;22925869000;22794733333;22994733333
4321;22925870000;22794733333;22994733333
4323;22926011000;22795111111;22995111111
4324;22926013000;22795111111;22995111111
4325;22926014000;22795111111;22995111111
4326;22967403000;22836400000;23036400000
4327;22967406000;22836400000;23036400000
4328;22967407000;22836400000;23036400000
4329;22967408000;22836400000;23036400000
4330;22967409000;22836400000;23036400000
4331;22967411000;22836400000;23036400000
4332;22967412000;22836400000;23036400000
4333;22967535000;22836444444;23036444444
4334;22967540000;22836711111;23036711111
4335;22967541000;22836711111;23036711111
4336;22967542000;22836711111;23036711111
4337;23009070000;22878066666;23078066666
4338;23009074000;22878066666;23078066666
4339;23009075000;22878066666;23078066666
4340;23009075000;22878066666;23078066666
4341;23009076000;22878066666;23078066666
4342;23009078000;22878066666;23078066666
4343;23009078000;22878066666;23078066666
4344;23009167000;22878111111;23078111111
4345;23009172000;22878411111;23078411111
4346;23009173000;22878411111;23078411111
4347;23009174000;22878411111;23078411111
4348;23050736000;22919733333;23119733333
4349;23050740000;22919733333;23119733333
4350;23050741000;22919733333;23119733333
4351;23050749000;22919733333;23119733333
4352;23050750000;22919733333;23119733333
4353;23050751000;22919733333;23119733333
4354;23050752000;22919733333;23119733333
4355;23050873000;22919777777;23119777777
4356;23050878000;22920100000;23120100000
4357;23050879000;22920100000;23120100000
4358;23050880000;22920100000;23120100000
4359;23092400000;22961400000;23161400000
4360;23092403000;22961400000;23161400000
4361;23092404000;22961400000;23161400000
4362;23092405000;22961400000;23161400000
4363;23092406000;22961400000;23161400000
4364;23092407000;22961400000;23161400000
4365;23092408000;22961400000;23161400000
4366;23092557000;22961444444;23161444444
4367;23092571000;22961722222;23161722222
4368;23092572000;22961722222;23161722222
4369;23092573000;22961722222;23161722222
4370;23134057000;23003055555;23203055555
4371;23134061000;23003055555;23203055555
4372;23134062000;23003055555;23203055555
4373;23134063000;23003055555;23203055555
4374;23134064000;23003055555;23203055555
4375;23134065000;23003055555;23203055555
4376;23134066000;23003055555;23203055555
4377;23134164000;23003100000;23203100000
4378;23134169000;23003422222;23203422222
4379;23134170000;23003422222;23203422222
4380;23134171000;23003422222;23203422222
4381;23175735000;23044733333;23244733333
4382;23175739000;23044733333;23244733333
4383;23175740000;23044733333;23244733333
4384;23175741000;23044733333;23244733333
4385;23175742000;23044733333;23244733333
4386;23175743000;23044733333;23244733333
4387;23175744000;23044733333;23244733333
4388;23175842000;23044777777;23244777777
4389;23175847000;23045111111;23245111111
4390;23175849000;23045111111;23245111111
4391;23175850000;23045111111;23245111111
4392;23217414000;23086400000;23286400000
4393;23217418000;23086400000;23286400000
4394;23217419000;23086400000;23286400000
4395;23217420000;23086400000;23286400000
4396;23217421000;23086400000;23286400000
4397;23217422000;23086400000;23286400000
4398;23217423000;23086400000;23286400000
4399;23217521000;23086444444;23286444444
4400;23217526000;23086733333;23286733333
4401;23217527000;23086733333;23286733333
4402;23217528000;23086733333;23286733333
4403;23259066000;23128066666;23328066666
4404;23259070000;23128066666;23328066666
4405;23259071000;23128066666;23328066666
4406;23259072000;23128066666;23328066666
4407;23259073000;23128066666;23328066666
4408;23259074000;23128066666;23328066666
4409;23259075000;23128066666;23328066666
4412;23259309000;23128411111;23328411111
4413;23259311000;23128411111;23328411111
4414;23300735000;23169733333;23369733333
4415;23300739000;23169733333;23369733333
4416;23300740000;23169733333;23369733333
4417;23300741000;23169733333;23369733333
4418;23300742000;23169733333;23369733333
4419;23300743000;23169733333;23369733333
4420;23300743000;23169733333;23369733333
4421;23300842000;23169777777;23369777777
4422;23300847000;23170100000;23370100000
4423;23300849000;23170100000;23370100000
4424;23300850000;23170100000;23370100000
4425;23342400000;23211400000;23411400000
4426;23342403000;23211400000;23411400000
4427;23342404000;23211400000;23411400000
4428;23342405000;23211400000;23411400000
4429;23342406000;23211400000;23411400000
4430;23342407000;23211400000;23411400000
4431;23342408000;23211400000;23411400000
4432;23342514000;23211444444;23411444444
4433;23342519000;23211733333;23411733333
4434;23342521000;23211733333;23411733333
4435;23342522000;23211733333;23411733333
4436;23384066000;23253066666;23453066666
4437;23384070000;23253066666;23453066666
4438;23384071000;23253066666;23453066666
4439;23384072000;23253066666;23453066666
4440;23384073000;23253066666;23453066666
4441;23384074000;23253066666;23453066666
4442;23384075000;23253066666;23453066666
4443;23384163000;23253133333;23453133333
4444;23384168000;23253511111;23453511111
4445;23384169000;23253511111;23453511111
4446;23384171000;23253511111;23453511111
4447;23425733000;23294733333;23494733333
4448;23425736000;23294733333;23494733333
4449;23425737000;23294733333;23494733333
4450;23425738000;23294733333;23494733333
4451;23425739000;23294733333;23494733333
4452;23425740000;23294733333;23494733333
4453;23425749000;23294733333;23494733333
4454;23425869000;23294777777;23494777777
4455;23425874000;23295111111;23495111111
4456;23425875000;23295111111;23495111111
4457;23425876000;23295111111;23495111111
4458;23467419000;23336400000;23536400000
4459;23467422000;23336400000;23536400000
4460;23467423000;23336400000;23536400000
4461;23467424000;23336400000;23536400000
4462;23467425000;23336400000;23536400000
4463;23467426000;23336400000;23536400000
4464;23467427000;23336400000;23536400000
4465;23467532000;23336444444;23536444444
4466;23467537000;23336722222;23536722222
4467;23467539000;23336722222;23536722222
4468;23467539000;23336722222;23536722222
4469;23509054000;23378055555;23578055555
4470;23509057000;23378055555;23578055555
4471;23509059000;23378055555;23578055555
4472;23509059000;23378055555;23578055555
4473;23509060000;23378055555;23578055555
4474;23509061000;23378055555;23578055555
4475;23509062000;23378055555;23578055555
4476;23509181000;23378100000;23578100000
4477;23509186000;23378422222;23578422222
4478;23509187000;23378422222;23578422222
4479;23509188000;23378422222;23578422222
4480;23550765000;23419733333;23619733333
4481;23550769000;23419733333;23619733333
4482;23550770000;23419733333;23619733333
4483;23550771000;23419733333;23619733333
4485;23550772000;23419733333;23619733333
4486;23550773000;23419733333;23619733333
4487;23550874000;23419777777;23619777777
4488;23550880000;23420088888;23620088888
4489;23550882000;23420088888;23620088888
4490;23550883000;23420088888;23620088888
4491;23592410000;23461400000;23661400000
4492;23592413000;23461400000;23661400000
4493;23592414000;23461400000;23661400000
4494;23592415000;23461400000;23661400000
4495;23592416000;23461400000;23661400000
4497;23592417000;23461400000;23661400000
4498;23592512000;23461466666;23661466666
4499;23592517000;23461733333;23661733333
4500;23592519000;23461733333;23661733333
4501;23592519000;23461733333;23661733333
4502;23634077000;23503066666;23703066666
4503;23634081000;23503066666;23703066666
4504;23634082000;23503066666;23703066666
4505;23634083000;23503066666;23703066666
4506;23634084000;23503066666;23703066666
4507;23634085000;23503066666;23703066666
4508;23634086000;23503066666;23703066666
4509;23634207000;23503111111;23703111111
4510;23634212000;23503400000;23703400000
4511;23634214000;23503400000;23703400000
4512;23634215000;23503400000;23703400000
4513;23675723000;23544733333;23744733333
4514;23675727000;23544733333;23744733333
4515;23675728000;23544733333;23744733333
4516;23675729000;23544733333;23744733333
4517;23675730000;23544733333;23744733333
4518;23675731000;23544733333;23744733333
4519;23675732000;23544733333;23744733333
4520;23675835000;23544777777;23744777777
4521;23675841000;23545066666;23745066666
4522;23675842000;23545066666;23745066666
4523;23675843000;23545066666;23745066666
4524;23717436000;23586400000;23786400000
4525;23717440000;23586400000;23786400000
4526;23717441000;23586400000;23786400000
4529;23717443000;23586400000;23786400000
4530;23717444000;23586400000;23786400000
4531;23717586000;23586444444;23786444444
4532;23717592000;23586700000;23786700000
4533;23717593000;23586700000;23786700000
4534;23717595000;23586700000;23786700000
4535;23759085000;23628055555;23828055555
4536;23759088000;23628055555;23828055555
4537;23759089000;23628055555;23828055555
4539;23759090000;23628055555;23828055555
4540;23759092000;23628055555;23828055555
4541;23759093000;23628055555;23828055555
4543;23759298000;23628400000;23828400000
4544;23759300000;23628400000;23828400000
4545;23759302000;23628400000;23828400000
4546;23800737000;23669733333;23869733333
4547;23800740000;23669733333;23869733333
4548;23800741000;23669733333;23869733333
4549;23800742000;23669733333;23869733333
4550;23800743000;23669733333;23869733333
4551;23800744000;23669733333;23869733333
4552;23800745000;23669733333;23869733333
4553;23800844000;23669777777;23869777777
4554;23800849000;23670100000;23870100000
4555;23800850000;23670100000;23870100000
4556;23800851000;23670100000;23870100000
4557;23842408000;23711400000;23911400000
4558;23842411000;23711400000;23911400000
4559;23842426000;23711400000;23911400000
4560;23842427000;23711400000;23911400000
4561;23842428000;23711400000;23911400000
4562;23842429000;23711400000;23911400000
4563;23842430000;23711400000;23911400000
4564;23842581000;23711444444;23911444444
4565;23842586000;23711722222;23911722222
4566;23842588000;23711722222;23911722222
4567;23842589000;23711722222;23911722222
4568;23884079000;23753066666;23953066666
4569;23884083000;23753066666;23953066666
4570;23884083000;23753066666;23953066666
4571;23884085000;23753066666;23953066666
4572;23884086000;23753066666;23953066666
4573;23884087000;23753066666;23953066666
4574;23884088000;23753066666;23953066666
4575;23884203000;23753111111;23953111111
4576;23884207000;23753400000;23953400000
4577;23884209000;23753400000;23953400000
4578;23884210000;23753400000;23953400000
4579;23925742000;23794733333;23994733333
4580;23925746000;23794733333;23994733333
4581;23925747000;23794733333;23994733333
4582;23925748000;23794733333;23994733333
4583;23925749000;23794733333;23994733333
4584;23925750000;23794733333;23994733333
4585;23925751000;23794733333;23994733333
4586;23925853000;23794777777;23994777777
4587;23925858000;23795077777;23995077777
4588;23925859000;23795077777;23995077777
4589;23925860000;23795077777;23995077777
4590;23967419000;23836400000;24036400000
4591;23967423000;23836400000;24036400000
4592;23967424000;23836400000;24036400000
4593;23967425000;23836400000;24036400000
4594;23967426000;23836400000;24036400000
4595;23967427000;23836400000;24036400000
4596;23967428000;23836400000;24036400000
4597;23967533000;23836444444;24036444444
4598;23967538000;23836688888;24036688888
4599;23967539000;23836688888;24036688888
4600;23967540000;23836688888;24036688888
4601;24009085000;23878066666;24078066666
4602;24009089000;23878066666;24078066666
4603;24009090000;23878066666;24078066666
4604;24009091000;23878066666;24078066666
4605;24009092000;23878066666;24078066666
4606;24009093000;23878066666;24078066666
4607;24009094000;23878066666;24078066666
4608;24009183000;23878111111;24078111111
4609;24009188000;23878411111;24078411111
4610;24009190000;23878411111;24078411111
4611;24009190000;23878411111;24078411111
4612;24050760000;23919733333;24119733333
4613;24050764000;23919733333;24119733333
4614;24050765000;23919733333;24119733333
4615;24050766000;23919733333;24119733333
4616;24050767000;23919733333;24119733333
4617;24050768000;23919733333;24119733333
4618;24050769000;23919733333;24119733333
4619;24050867000;23919777777;24119777777
4620;24050873000;23920077777;24120077777
4621;24050874000;23920077777;24120077777
4622;24050875000;23920077777;24120077777
4623;24092429000;23961400000;24161400000
4624;24092433000;23961400000;24161400000
4625;24092434000;23961400000;24161400000
4626;24092435000;23961400000;24161400000
4627;24092436000;23961400000;24161400000
4628;24092437000;23961400000;24161400000
4629;24092438000;23961400000;24161400000
4630;24092597000;23961444444;24161444444
4631;24092602000;23961711111;24161711111
4632;24092604000;23961711111;24161711111
4633;24092605000;23961711111;24161711111
4634;24134117000;24003066666;24203066666
4635;24134120000;24003066666;24203066666
4636;24134121000;24003066666;24203066666
4637;24134122000;24003066666;24203066666
4638;24134124000;24003066666;24203066666
4639;24134125000;24003066666;24203066666
4640;24134126000;24003066666;24203066666
4641;24134256000;24003111111;24203111111
4642;24134261000;24003422222;24203422222
4643;24134263000;24003422222;24203422222
4644;24134264000;24003422222;24203422222
4645;24175770000;24044733333;24244733333
4646;24175774000;24044733333;24244733333
4647;24175775000;24044733333;24244733333
4648;24175776000;24044733333;24244733333
4649;24175777000;24044733333;24244733333
4650;24175778000;24044733333;24244733333
4651;24175779000;24044733333;24244733333
4652;24175897000;24044777777;24244777777
4653;24175902000;24045088888;24245088888
4654;24175904000;24045088888;24245088888
4655;24175905000;24045088888;24245088888
4656;24217453000;24086400000;24286400000
4657;24217456000;24086400000;24286400000
4658;24217476000;24086400000;24286400000
4659;24217477000;24086400000;24286400000
4660;24217478000;24086400000;24286400000
4661;24217479000;24086400000;24286400000
4662;24217481000;24086400000;24286400000
4663;24217605000;24086444444;24286444444
4664;24217610000;24086722222;24286722222
4665;24217611000;24086722222;24286722222
4666;24217612000;24086722222;24286722222
4667;24259099000;24128055555;24328055555
4668;24259102000;24128055555;24328055555
4669;24259103000;24128055555;24328055555
4670;24259104000;24128055555;24328055555
4671;24259105000;24128055555;24328055555
4672;24259106000;24128055555;24328055555
4673;24259107000;24128055555;24328055555
4674;24259206000;24128100000;24328100000
4675;24259211000;24128388888;24328388888
4676;24259212000;24128388888;24328388888
4677;24259213000;24128388888;24328388888
4678;24300779000;24169733333;24369733333
4679;24300783000;24169733333;24369733333
4680;24300784000;24169733333;24369733333
4681;24300785000;24169733333;24369733333
4682;24300786000;24169733333;24369733333
4683;24300787000;24169733333;24369733333
4684;24300788000;24169733333;24369733333
4685;24300887000;24169777777;24369777777
4686;24300892000;24170066666;24370066666
4687;24300893000;24170066666;24370066666
4688;24300894000;24170066666;24370066666
4689;24342449000;24211400000;24411400000
4690;24342453000;24211400000;24411400000
4691;24342454000;24211400000;24411400000
4692;24342455000;24211400000;24411400000
4693;24342456000;24211400000;24411400000
4694;24342457000;24211400000;24411400000
4695;24342458000;24211400000;24411400000
4696;24342563000;24211444444;24411444444
4697;24342569000;24211711111;24411711111
4698;24342570000;24211711111;24411711111
4699;24342571000;24211711111;24411711111
4700;24384119000;24253066666;24453066666
4701;24384122000;24253066666;24453066666
4702;24384123000;24253066666;24453066666
4703;24384124000;24253066666;24453066666
4704;24384125000;24253066666;24453066666
4705;24384126000;24253066666;24453066666
4706;24384127000;24253066666;24453066666
4707;24384245000;24253111111;24453111111
4708;24384250000;24253411111;24453411111
4709;24384251000;24253411111;24453411111
4710;24384253000;24253411111;24453411111
4711;24425777000;24294722222;24494722222
4712;24425780000;24294722222;24494722222
4713;24425781000;24294722222;24494722222
4714;24425782000;24294722222;24494722222
4715;24425783000;24294722222;24494722222
4716;24425784000;24294722222;24494722222
4717;24425785000;24294722222;24494722222
4718;24425883000;24294766666;24494766666
4719;24425888000;24295066666;24495066666
4720;24425889000;24295066666;24495066666
4721;24425891000;24295066666;24495066666
4722;24467458000;24336400000;24536400000
4723;24467462000;24336400000;24536400000
4724;24467463000;24336400000;24536400000
4725;24467464000;24336400000;24536400000
4726;24467465000;24336400000;24536400000
4727;24467465000;24336400000;24536400000
4728;24467466000;24336400000;24536400000
4732;24467666000;24336700000;24536700000
4733;24509113000;24378055555;24578055555
4734;24509117000;24378055555;24578055555
4735;24509119000;24378055555;24578055555
4736;24509121000;24378055555;24578055555
4737;24509123000;24378055555;24578055555
4738;24509124000;24378055555;24578055555
4739;24509126000;24378055555;24578055555
4740;24509453000;24378111111;24578111111
4741;24509458000;24378422222;24578422222
4742;24509459000;24378422222;24578422222
4743;24509460000;24378422222;24578422222
4744;24550778000;24419722222;24619722222
4745;24550781000;24419722222;24619722222
4746;24550783000;24419722222;24619722222
4747;24550784000;24419722222;24619722222
4748;24550784000;24419722222;24619722222
4749;24550786000;24419722222;24619722222
4750;24550786000;24419722222;24619722222
4751;24550886000;24419766666;24619766666
4752;24550891000;24420088888;24620088888
4753;24550892000;24420088888;24620088888
4754;24550893000;24420088888;24620088888
4755;24592445000;24461388888;24661388888
4756;24592448000;24461388888;24661388888
4757;24592449000;24461388888;24661388888
4758;24592450000;24461388888;24661388888
4759;24592451000;24461388888;24661388888
4760;24592452000;24461388888;24661388888
4761;24592460000;24461388888;24661388888
4762;24592587000;24461433333;24661433333
4763;24592592000;24461744444;24661744444
4764;24592594000;24461744444;24661744444
4765;24592595000;24461744444;24661744444
4766;24634135000;24503066666;24703066666
4767;24634138000;24503066666;24703066666
4768;24634139000;24503066666;24703066666
4769;24634140000;24503066666;24703066666
4770;24634141000;24503066666;24703066666
4771;24634143000;24503066666;24703066666
4772;24634143000;24503066666;24703066666
4773;24634266000;24503111111;24703111111
4774;24634271000;24503455555;24703455555
4775;24634272000;24503455555;24703455555
4776;24634274000;24503455555;24703455555
4777;24675786000;24544733333;24744733333
4778;24675790000;24544733333;24744733333
4779;24675791000;24544733333;24744733333
4780;24675792000;24544733333;24744733333
4781;24675793000;24544733333;24744733333
4782;24675794000;24544733333;24744733333
4783;24675795000;24544733333;24744733333
4784;24675913000;24544777777;24744777777
4785;24675918000;24545100000;24745100000
4786;24675919000;24545100000;24745100000
4787;24675920000;24545100000;24745100000
4788;24717488000;24586400000;24786400000
4789;24717492000;24586400000;24786400000
4790;24717493000;24586400000;24786400000
4792;24717495000;24586400000;24786400000
4793;24717496000;24586400000;24786400000
4794;24717497000;24586400000;24786400000
4795;24717620000;24586444444;24786444444
4796;24717625000;24586733333;24786733333
4797;24717626000;24586733333;24786733333
4798;24717628000;24586733333;24786733333
4799;24759123000;24628055555;24828055555
4800;24759126000;24628055555;24828055555
4801;24759127000;24628055555;24828055555
4802;24759128000;24628055555;24828055555
4803;24759129000;24628055555;24828055555
4804;24759130000;24628055555;24828055555
4805;24759131000;24628055555;24828055555
4806;24759231000;24628100000;24828100000
4807;24759237000;24628422222;24828422222
4808;24759238000;24628422222;24828422222
4809;24759239000;24628422222;24828422222
4810;24800783000;24669733333;24869733333
4811;24800787000;24669733333;24869733333
4812;24800788000;24669733333;24869733333
4813;24800789000;24669733333;24869733333
4814;24800790000;24669733333;24869733333
4815;24800790000;24669733333;24869733333
4816;24800792000;24669733333;24869733333
4817;24800910000;24669777777;24869777777
4818;24800915000;24670111111;24870111111
4819;24800916000;24670111111;24870111111
4820;24800917000;24670111111;24870111111
4821;24842449000;24711400000;24911400000
4822;24842453000;24711400000;24911400000
4823;24842454000;24711400000;24911400000
4824;24842455000;24711400000;24911400000
4825;24842456000;24711400000;24911400000
4826;24842456000;24711400000;24911400000
4827;24842457000;24711400000;24911400000
4828;24842581000;24711444444;24911444444
4830;24842678000;24711766666;24911766666
4831;24842691000;24711766666;24911766666
4836;24884212000;24753066666;24953066666
4837;24884215000;24753066666;24953066666
4838;24884216000;24753066666;24953066666
4839;24884278000;24753111111;24953111111
4840;24884284000;24753422222;24953422222
4841;24884285000;24753422222;24953422222
4842;24884286000;24753422222;24953422222
4843;24925792000;24794733333;24994733333
4844;24925796000;24794733333;24994733333
4845;24925797000;24794733333;24994733333
4846;24925799000;24794733333;24994733333
4847;24925800000;24794733333;24994733333
4848;24925801000;24794733333;24994733333
4849;24925802000;24794733333;24994733333
4850;24925903000;24794777777;24994777777
4851;24925909000;24795100000;24995100000
4852;24925910000;24795100000;24995100000
4853;24925911000;24795100000;24995100000
4854;24967468000;24836400000;25036400000
4855;24967475000;24836400000;25036400000
4856;24967476000;24836400000;25036400000
4857;24967478000;24836400000;25036400000
4858;24967479000;24836400000;25036400000
4859;24967480000;24836400000;25036400000
4860;24967481000;24836400000;25036400000
4861;24967600000;24836444444;25036444444
4862;24967606000;24836711111;25036711111
4863;24967607000;24836711111;25036711111
4864;24967608000;24836711111;25036711111
4865;25009100000;24878055555;25078055555
4866;25009103000;24878055555;25078055555
4867;25009116000;24878055555;25078055555
4868;25009117000;24878055555;25078055555
4869;25009118000;24878055555;25078055555
4870;25009119000;24878055555;25078055555
4871;25009120000;24878055555;25078055555
4872;25009239000;24878100000;25078100000
4873;25009244000;24878411111;25078411111
4874;25009245000;24878411111;25078411111
4875;25009247000;24878411111;25078411111
4876;25050776000;24919733333;25119733333
4877;25050780000;24919733333;25119733333
4878;25050781000;24919733333;25119733333
4879;25050782000;24919733333;25119733333
4880;25050783000;24919733333;25119733333
4881;25050784000;24919733333;25119733333
4882;25050785000;24919733333;25119733333
4883;25050883000;24919777777;25119777777
4884;25050888000;24920088888;25120088888
4885;25050890000;24920088888;25120088888
4886;25050891000;24920088888;25120088888
4887;25092439000;24961400000;25161400000
4888;25092443000;24961400000;25161400000
4889;25092444000;24961400000;25161400000
4890;25092445000;24961400000;25161400000
4891;25092446000;24961400000;25161400000
4892;25092447000;24961400000;25161400000
4893;25092448000;24961400000;25161400000
4894;25092602000;24961444444;25161444444
4895;25092608000;24961733333;25161733333
4896;25092609000;24961733333;25161733333
4897;25092610000;24961733333;25161733333
4898;25134106000;25003066666;25203066666
4899;25134110000;25003066666;25203066666
4900;25134111000;25003066666;25203066666
4901;25134112000;25003066666;25203066666
4902;25134113000;25003066666;25203066666
4903;25134114000;25003066666;25203066666
4904;25134115000;25003066666;25203066666
4905;25134214000;25003111111;25203111111
4906;25134219000;25003433333;25203433333
4907;25134220000;25003433333;25203433333
4908;25134221000;25003433333;25203433333
4909;25175793000;25044733333;25244733333
4910;25175796000;25044733333;25244733333
4912;25175798000;25044733333;25244733333
4913;25175799000;25044733333;25244733333
4914;25175800000;25044733333;25244733333
4915;25175801000;25044733333;25244733333
4916;25175930000;25044777777;25244777777
4917;25175935000;25045122222;25245122222
4918;25175937000;25045122222;25245122222
4919;25175938000;25045122222;25245122222
4920;25217439000;25086400000;25286400000
4921;25217442000;25086400000;25286400000
4922;25217443000;25086400000;25286400000
4923;25217444000;25086400000;25286400000
4924;25217445000;25086400000;25286400000
4925;25217446000;25086400000;25286400000
4926;25217447000;25086400000;25286400000
4927;25217545000;25086444444;25286444444
4928;25217549000;25086744444;25286744444
4929;25217551000;25086744444;25286744444
4930;25217552000;25086744444;25286744444
4931;25259124000;25128066666;25328066666
4932;25259127000;25128066666;25328066666
4933;25259128000;25128066666;25328066666
4935;25259129000;25128066666;25328066666
4936;25259130000;25128066666;25328066666
4938;25259230000;25128111111;25328111111
4939;25259236000;25128411111;25328411111
4940;25259237000;25128411111;25328411111
4941;25259238000;25128411111;25328411111
4942;25300771000;25169733333;25369733333
4943;25300774000;25169733333;25369733333
4944;25300775000;25169733333;25369733333
4945;25300776000;25169733333;25369733333
4946;25300777000;25169733333;25369733333
4947;25300778000;25169733333;25369733333
4948;25300779000;25169733333;25369733333
4949;25300880000;25169777777;25369777777
4950;25300885000;25170100000;25370100000
4951;25300886000;25170100000;25370100000
4952;25300887000;25170100000;25370100000
4953;25342467000;25211400000;25411400000
4954;25342475000;25211400000;25411400000
4955;25342476000;25211400000;25411400000
4956;25342478000;25211400000;25411400000
4957;25342479000;25211400000;25411400000
4958;25342480000;25211400000;25411400000
4959;25342481000;25211400000;25411400000
4960;25342637000;25211444444;25411444444
4961;25342643000;25211744444;25411744444
4963;25342644000;25211744444;25411744444
4964;25384101000;25253066666;25453066666
4965;25384105000;25253066666;25453066666
4966;25384106000;25253066666;25453066666
4967;25384107000;25253066666;25453066666
4968;25384108000;25253066666;25453066666
4969;25384109000;25253066666;25453066666
4970;25384110000;25253066666;25453066666
4971;25384240000;25253111111;25453111111
4972;25384245000;25253422222;25453422222
4973;25384246000;25253422222;25453422222
4974;25384247000;25253422222;25453422222
4975;25425767000;25294733333;25494733333
4976;25425771000;25294733333;25494733333
4977;25425772000;25294733333;25494733333
4978;25425773000;25294733333;25494733333
4979;25425774000;25294733333;25494733333
4980;25425775000;25294733333;25494733333
4981;25425776000;25294733333;25494733333
4982;25425875000;25294777777;25494777777
4983;25425880000;25295111111;25495111111
4984;25425881000;25295111111;25495111111
4985;25425882000;25295111111;25495111111
4986;25467434000;25336400000;25536400000
4987;25467438000;25336400000;25536400000
4988;25467439000;25336400000;25536400000
4989;25467440000;25336400000;25536400000
4990;25467441000;25336400000;25536400000
4991;25467442000;25336400000;25536400000
4992;25467443000;25336400000;25536400000
4993;25467550000;25336444444;25536444444
4994;25467555000;25336733333;25536733333
4995;25467557000;25336733333;25536733333
4996;25467558000;25336733333;25536733333
4997;25509100000;25378066666;25578066666
4998;25509104000;25378066666;25578066666
4999;25509105000;25378066666;25578066666
5000;25509106000;25378066666;25578066666
5001;25509107000;25378066666;25578066666
5002;25509108000;25378066666;25578066666
5003;25509109000;25378066666;25578066666
5004;25509208000;25378111111;25578111111
5005;25509213000;25378433333;25578433333
5006;25509214000;25378433333;25578433333
5007;25509215000;25378433333;25578433333
5008;25550766000;25419733333;25619733333
5009;25550769000;25419733333;25619733333
5010;25550770000;25419733333;25619733333
5011;25550771000;25419733333;25619733333
5012;25550772000;25419733333;25619733333
5013;25550773000;25419733333;25619733333
5014;25550774000;25419733333;25619733333
5015;25550873000;25419777777;25619777777
5016;25550878000;25420100000;25620100000
5017;25550879000;25420100000;25620100000
5018;25550880000;25420100000;25620100000
5019;25592428000;25461400000;25661400000
5020;25592432000;25461400000;25661400000
5021;25592433000;25461400000;25661400000
5022;25592434000;25461400000;25661400000
5023;25592435000;25461400000;25661400000
5024;25592436000;25461400000;25661400000
5025;25592437000;25461400000;25661400000
5026;25592563000;25461444444;25661444444
5027;25592569000;25461722222;25661722222
5028;25592570000;25461722222;25661722222
5029;25592571000;25461722222;25661722222
5030;25634097000;25503066666;25703066666
5031;25634100000;25503066666;25703066666
5032;25634101000;25503066666;25703066666
5033;25634102000;25503066666;25703066666
5034;25634103000;25503066666;25703066666
5035;25634104000;25503066666;25703066666
5036;25634105000;25503066666;25703066666
5037;25634194000;25503111111;25703111111
5038;25634199000;25503422222;25703422222
5039;25634200000;25503422222;25703422222
5040;25634201000;25503422222;25703422222
5041;25675776000;25544733333;25744733333
5042;25675780000;25544733333;25744733333
5043;25675781000;25544733333;25744733333
5044;25675782000;25544733333;25744733333
5045;25675783000;25544733333;25744733333
5046;25675784000;25544733333;25744733333
5047;25675785000;25544733333;25744733333
5048;25675886000;25544777777;25744777777
5049;25675892000;25545088888;25745088888
5050;25675893000;25545088888;25745088888
5051;25675894000;25545088888;25745088888
5052;25717463000;25586433333;25786433333
5053;25717466000;25586433333;25786433333
5054;25717467000;25586433333;25786433333
5055;25717468000;25586433333;25786433333
5056;25717469000;25586433333;25786433333
5057;25717474000;25586433333;25786433333
5058;25717475000;25586433333;25786433333
5059;25717596000;25586488888;25786488888
5060;25717601000;25586811111;25786811111
5061;25717602000;25586811111;25786811111
5062;25717603000;25586811111;25786811111
5063;25759108000;25628066666;25828066666
5064;25759112000;25628066666;25828066666
5065;25759113000;25628066666;25828066666
5066;25759114000;25628066666;25828066666
5067;25759115000;25628066666;25828066666
5068;25759116000;25628066666;25828066666
5069;25759117000;25628066666;25828066666
5070;25759208000;25628111111;25828111111
5071;25759221000;25628422222;25828422222
5072;25759223000;25628422222;25828422222
5073;25759224000;25628422222;25828422222
5074;25800762000;25669733333;25869733333
5075;25800765000;25669733333;25869733333
5076;25800766000;25669733333;25869733333
5077;25800767000;25669733333;25869733333
5078;25800768000;25669733333;25869733333
5079;25800769000;25669733333;25869733333
5080;25800770000;25669733333;25869733333
5081;25800859000;25669777777;25869777777
5082;25800864000;25670100000;25870100000
5083;25800865000;25670100000;25870100000
5084;25800866000;25670100000;25870100000
5085;25842428000;25711400000;25911400000
5086;25842431000;25711400000;25911400000
5087;25842432000;25711400000;25911400000
5088;25842433000;25711400000;25911400000
5089;25842434000;25711400000;25911400000
5090;25842435000;25711400000;25911400000
5091;25842436000;25711400000;25911400000
5092;25842563000;25711444444;25911444444
5093;25842569000;25711744444;25911744444
5094;25842570000;25711744444;25911744444
5095;25842571000;25711744444;25911744444
5096;25884074000;25753033333;25953033333
5097;25884077000;25753033333;25953033333
5098;25884078000;25753033333;25953033333
5099;25884079000;25753033333;25953033333
5100;25884080000;25753033333;25953033333
5101;25884081000;25753033333;25953033333
5102;25884082000;25753033333;25953033333
5103;25884204000;25753077777;25953077777
5104;25884209000;25753400000;25953400000
5105;25884210000;25753400000;25953400000
5106;25884211000;25753400000;25953400000
5107;25925784000;25794755555;25994755555
5108;25925787000;25794755555;25994755555
5109;25925788000;25794755555;25994755555
5110;25925789000;25794755555;25994755555
5111;25925790000;25794755555;25994755555
5112;25925791000;25794755555;25994755555
5113;25925792000;25794755555;25994755555
5114;25925911000;25794800000;25994800000
5115;25925916000;25795111111;25995111111
5116;25925917000;25795111111;25995111111
5117;25925918000;25795111111;25995111111
5118;25967438000;25836400000;26036400000
5119;25967442000;25836400000;26036400000
5120;25967443000;25836400000;26036400000
5121;25967444000;25836400000;26036400000
5122;25967445000;25836400000;26036400000
5123;25967446000;25836400000;26036400000
5124;25967447000;25836400000;26036400000
5125;25967578000;25836444444;26036444444
5126;25967584000;25836711111;26036711111
5127;25967585000;25836711111;26036711111
5128;25967586000;25836711111;26036711111
5129;26009098000;25878055555;26078055555
5130;26009102000;25878055555;26078055555
5131;26009103000;25878055555;26078055555
5132;26009104000;25878055555;26078055555
5133;26009105000;25878055555;26078055555
5134;26009106000;25878055555;26078055555
5135;26009107000;25878055555;26078055555
5136;26009227000;25878100000;26078100000
5137;26009232000;25878411111;26078411111
5138;26009233000;25878411111;26078411111
5139;26009234000;25878411111;26078411111
5140;26050767000;25919722222;26119722222
5141;26050770000;25919722222;26119722222
5142;26050771000;25919722222;26119722222
5143;26050772000;25919722222;26119722222
5144;26050773000;25919722222;26119722222
5145;26050774000;25919722222;26119722222
5146;26050776000;25919722222;26119722222
5147;26050894000;25919777777;26119777777
5148;26050899000;25920200000;26120200000
5149;26050901000;25920200000;26120200000
5150;26050902000;25920200000;26120200000
5151;26092421000;25961400000;26161400000
5152;26092425000;25961400000;26161400000
5153;26092425000;25961400000;26161400000
5154;26092426000;25961400000;26161400000
5155;26092427000;25961400000;26161400000
5156;26092428000;25961400000;26161400000
5157;26092429000;25961400000;26161400000
5158;26092589000;25961444444;26161444444
5159;26092604000;25961722222;26161722222
5160;26092605000;25961722222;26161722222
5161;26092606000;25961722222;26161722222
5162;26134132000;26003077777;26203077777
5163;26134137000;26003077777;26203077777
5164;26134138000;26003077777;26203077777
5165;26134139000;26003077777;26203077777
5166;26134140000;26003077777;26203077777
5167;26134142000;26003077777;26203077777
5168;26134143000;26003077777;26203077777
5169;26134277000;26003133333;26203133333
5170;26134282000;26003444444;26203444444
5171;26134304000;26003444444;26203444444
5172;26134305000;26003444444;26203444444
5173;26175756000;26044733333;26244733333
5174;26175759000;26044733333;26244733333
5175;26175760000;26044733333;26244733333
5176;26175761000;26044733333;26244733333
5177;26175762000;26044733333;26244733333
5178;26175763000;26044733333;26244733333
5179;26175765000;26044733333;26244733333
5180;26175865000;26044777777;26244777777
5181;26175870000;26045111111;26245111111
5182;26175871000;26045111111;26245111111
5183;26175872000;26045111111;26245111111
5184;26217424000;26086400000;26286400000
5185;26217428000;26086400000;26286400000
5186;26217429000;26086400000;26286400000
5187;26217430000;26086400000;26286400000
5188;26217431000;26086400000;26286400000
5189;26217432000;26086400000;26286400000
5190;26217433000;26086400000;26286400000
5191;26217560000;26086444444;26286444444
5192;26217565000;26086744444;26286744444
5193;26217566000;26086744444;26286744444
5194;26217567000;26086744444;26286744444
5195;26259066000;26128044444;26328044444
5196;26259070000;26128044444;26328044444
5197;26259071000;26128044444;26328044444
5198;26259072000;26128044444;26328044444
5199;26259073000;26128044444;26328044444
5200;26259074000;26128044444;26328044444
5201;26259075000;26128044444;26328044444
5202;26259173000;26128100000;26328100000
5203;26259179000;26128488888;26328488888
5204;26259180000;26128488888;26328488888
5205;26259181000;26128488888;26328488888
5206;26300768000;26169733333;26369733333
5207;26300772000;26169733333;26369733333
5208;26300773000;26169733333;26369733333
5209;26300774000;26169733333;26369733333
5210;26300775000;26169733333;26369733333
5211;26300777000;26169733333;26369733333
5212;26300777000;26169733333;26369733333
5213;26300879000;26169777777;26369777777
5214;26300884000;26170088888;26370088888
5215;26300886000;26170088888;26370088888
5216;26300887000;26170088888;26370088888
5217;26342421000;26211400000;26411400000
5218;26342424000;26211400000;26411400000
5219;26342425000;26211400000;26411400000
5220;26342426000;26211400000;26411400000
5221;26342427000;26211400000;26411400000
5222;26342428000;26211400000;26411400000
5223;26342429000;26211400000;26411400000
5224;26342591000;26211444444;26411444444
5225;26342596000;26211744444;26411744444
5226;26342597000;26211744444;26411744444
5227;26342599000;26211744444;26411744444
5228;26384086000;26253066666;26453066666
5229;26384090000;26253066666;26453066666
5230;26384091000;26253066666;26453066666
5231;26384091000;26253066666;26453066666
5232;26384093000;26253066666;26453066666
5233;26384094000;26253066666;26453066666
5234;26384095000;26253066666;26453066666
5235;26384213000;26253111111;26453111111
5236;26384218000;26253422222;26453422222
5237;26384219000;26253422222;26453422222
5238;26384220000;26253422222;26453422222
5239;26425753000;26294733333;26494733333
5240;26425756000;26294733333;26494733333
5241;26425757000;26294733333;26494733333
5242;26425758000;26294733333;26494733333
5243;26425759000;26294733333;26494733333
5244;26425760000;26294733333;26494733333
5245;26425761000;26294733333;26494733333
5246;26425861000;26294777777;26494777777
5247;26425866000;26295122222;26495122222
5248;26425867000;26295122222;26495122222
5249;26425868000;26295122222;26495122222
5250;26467419000;26336400000;26536400000
5251;26467422000;26336400000;26536400000
5252;26467423000;26336400000;26536400000
5253;26467424000;26336400000;26536400000
5254;26467425000;26336400000;26536400000
5255;26467426000;26336400000;26536400000
5256;26467427000;26336400000;26536400000
5258;26467657000;26336711111;26536711111
5259;26467660000;26336711111;26536711111
5260;26467661000;26336711111;26536711111
5261;26509075000;26378055555;26578055555
5262;26509079000;26378055555;26578055555
5263;26509079000;26378055555;26578055555
5264;26509081000;26378055555;26578055555
5265;26509081000;26378055555;26578055555
5266;26509082000;26378055555;26578055555
5267;26509083000;26378055555;26578055555
5268;26509201000;26378111111;26578111111
5269;26509206000;26378544444;26578544444
5270;26509207000;26378544444;26578544444
5271;26509209000;26378544444;26578544444
5272;26550749000;26419711111;26619711111
5273;26550753000;26419711111;26619711111
5274;26550754000;26419711111;26619711111
5275;26550756000;26419711111;26619711111
5276;26550757000;26419711111;26619711111
5277;26550758000;26419711111;26619711111
5278;26550759000;26419711111;26619711111
5279;26550889000;26419766666;26619766666
5280;26550894000;26420211111;26620211111
5281;26550895000;26420211111;26620211111
5282;26550896000;26420211111;26620211111
5283;26592446000;26461400000;26661400000
5284;26592449000;26461400000;26661400000
5285;26592450000;26461400000;26661400000
5286;26592451000;26461400000;26661400000
5288;26592452000;26461400000;26661400000
5289;26592454000;26461400000;26661400000
5290;26592575000;26461444444;26661444444
5291;26592580000;26461722222;26661722222
5292;26592581000;26461722222;26661722222
5293;26592582000;26461722222;26661722222
5294;26634095000;26503066666;26703066666
5295;26634099000;26503066666;26703066666
5296;26634100000;26503066666;26703066666
5297;26634101000;26503066666;26703066666
5298;26634102000;26503066666;26703066666
5299;26634103000;26503066666;26703066666
5300;26634104000;26503066666;26703066666
5301;26634223000;26503111111;26703111111
5302;26634229000;26503422222;26703422222
5303;26634230000;26503422222;26703422222
5304;26634231000;26503422222;26703422222
5305;26675766000;26544733333;26744733333
5306;26675769000;26544733333;26744733333
5307;26675771000;26544733333;26744733333
5308;26675771000;26544733333;26744733333
5309;26675772000;26544733333;26744733333
5310;26675773000;26544733333;26744733333
5311;26675774000;26544733333;26744733333
5312;26675873000;26544777777;26744777777
5313;26675878000;26545066666;26745066666
5314;26675880000;26545066666;26745066666
5315;26675881000;26545066666;26745066666
5316;26717436000;26586400000;26786400000
5317;26717440000;26586400000;26786400000
5318;26717441000;26586400000;26786400000
5319;26717442000;26586400000;26786400000
5320;26717443000;26586400000;26786400000
5321;26717444000;26586400000;26786400000
5322;26717445000;26586400000;26786400000
5323;26717553000;26586444444;26786444444
5324;26717558000;26586722222;26786722222
5325;26717559000;26586722222;26786722222
5326;26717560000;26586722222;26786722222
5327;26759126000;26628066666;26828066666
5328;26759130000;26628066666;26828066666
5329;26759131000;26628066666;26828066666
5330;26759132000;26628066666;26828066666
5332;26759133000;26628066666;26828066666
5333;26759134000;26628066666;26828066666
5334;26759254000;26628111111;26828111111
5335;26759259000;26628433333;26828433333
5336;26759260000;26628433333;26828433333
5337;26759261000;26628433333;26828433333
5338;26800779000;26669733333;26869733333
5339;26800782000;26669733333;26869733333
5340;26800783000;26669733333;26869733333
5341;26800784000;26669733333;26869733333
5342;26800785000;26669733333;26869733333
5343;26800786000;26669733333;26869733333
5344;26800787000;26669733333;26869733333
5345;26800906000;26669777777;26869777777
5346;26800911000;26670077777;26870077777
5347;26800912000;26670077777;26870077777
5348;26800913000;26670077777;26870077777
5349;26842446000;26711400000;26911400000
5350;26842449000;26711400000;26911400000
5351;26842450000;26711400000;26911400000
5352;26842451000;26711400000;26911400000
5353;26842452000;26711400000;26911400000
5354;26842453000;26711400000;26911400000
5355;26842454000;26711400000;26911400000
5356;26842593000;26711444444;26911444444
5358;26842599000;26711733333;26911733333
5359;26842611000;26711733333;26911733333
5360;26884115000;26753066666;26953066666
5361;26884118000;26753066666;26953066666
5362;26884119000;26753066666;26953066666
5363;26884120000;26753066666;26953066666
5364;26884121000;26753066666;26953066666
5365;26884122000;26753066666;26953066666
5366;26884123000;26753066666;26953066666
5367;26884243000;26753111111;26953111111
5368;26884249000;26753411111;26953411111
5369;26884250000;26753411111;26953411111
5370;26884251000;26753411111;26953411111
5371;26925787000;26794733333;26994733333
5372;26925791000;26794733333;26994733333
5373;26925792000;26794733333;26994733333
5374;26925793000;26794733333;26994733333
5375;26925801000;26794733333;26994733333
5376;26925802000;26794733333;26994733333
5377;26925803000;26794733333;26994733333
5378;26925923000;26794777777;26994777777
5379;26925928000;26795100000;26995100000
5380;26925929000;26795100000;26995100000
5381;26925930000;26795100000;26995100000
5382;26967457000;26836400000;27036400000
5383;26967461000;26836400000;27036400000
5384;26967462000;26836400000;27036400000
5385;26967463000;26836400000;27036400000
5386;26967464000;26836400000;27036400000
5387;26967465000;26836400000;27036400000
5388;26967466000;26836400000;27036400000
5389;26967591000;26836444444;27036444444
5390;26967596000;26836700000;27036700000
5391;26967597000;26836700000;27036700000
5392;26967598000;26836700000;27036700000
5393;27009105000;26878044444;27078044444
5394;27009108000;26878044444;27078044444
5395;27009109000;26878044444;27078044444
5396;27009110000;26878044444;27078044444
5397;27009111000;26878044444;27078044444
5398;27009112000;26878044444;27078044444
5399;27009113000;26878044444;27078044444
5400;27009212000;26878100000;27078100000
5401;27009217000;26878488888;27078488888
5402;27009218000;26878488888;27078488888
5403;27009219000;26878488888;27078488888
5404;27050797000;26919733333;27119733333
5405;27050801000;26919733333;27119733333
5406;27050802000;26919733333;27119733333
5407;27050803000;26919733333;27119733333
5408;27050804000;26919733333;27119733333
5409;27050805000;26919733333;27119733333
5410;27050806000;26919733333;27119733333
5411;27050905000;26919777777;27119777777
5412;27050910000;26920077777;27120077777
5413;27050911000;26920077777;27120077777
5414;27050912000;26920077777;27120077777
5415;27092466000;26961400000;27161400000
5416;27092473000;26961400000;27161400000
5417;27092485000;26961400000;27161400000
5418;27092486000;26961400000;27161400000
5419;27092487000;26961400000;27161400000
5420;27092488000;26961400000;27161400000
5421;27092489000;26961400000;27161400000
5422;27092646000;26961444444;27161444444
5423;27092651000;26961722222;27161722222
5424;27092652000;26961722222;27161722222
5425;27092653000;26961722222;27161722222
5426;27134135000;27003066666;27203066666
5427;27134139000;27003066666;27203066666
5428;27134140000;27003066666;27203066666
5429;27134141000;27003066666;27203066666
5430;27134142000;27003066666;27203066666
5431;27134143000;27003066666;27203066666
5432;27134144000;27003066666;27203066666
5433;27134243000;27003111111;27203111111
5434;27134248000;27003422222;27203422222
5435;27134249000;27003422222;27203422222
5436;27134250000;27003422222;27203422222
5437;27175806000;27044733333;27244733333
5438;27175809000;27044733333;27244733333
5439;27175810000;27044733333;27244733333
5440;27175811000;27044733333;27244733333
5441;27175812000;27044733333;27244733333
5442;27175813000;27044733333;27244733333
5443;27175814000;27044733333;27244733333
5444;27175933000;27044777777;27244777777
5445;27175938000;27045111111;27245111111
5446;27175939000;27045111111;27245111111
5447;27175940000;27045111111;27245111111
5448;27217498000;27086400000;27286400000
5449;27217502000;27086400000;27286400000
5450;27217503000;27086400000;27286400000
5451;27217504000;27086400000;27286400000
5452;27217505000;27086400000;27286400000
5454;27217506000;27086400000;27286400000
5455;27217627000;27086444444;27286444444
5456;27217631000;27086744444;27286744444
5457;27217632000;27086744444;27286744444
5458;27217633000;27086744444;27286744444
5459;27259146000;27128066666;27328066666
5460;27259149000;27128066666;27328066666
5461;27259150000;27128066666;27328066666
5462;27259151000;27128066666;27328066666
5463;27259152000;27128066666;27328066666
5464;27259153000;27128066666;27328066666
5465;27259154000;27128066666;27328066666
5466;27259253000;27128111111;27328111111
5467;27259258000;27128411111;27328411111
5468;27259260000;27128411111;27328411111
5469;27259261000;27128411111;27328411111
5470;27300813000;27169733333;27369733333
5471;27300817000;27169733333;27369733333
5472;27300818000;27169733333;27369733333
5473;27300819000;27169733333;27369733333
5474;27300820000;27169733333;27369733333
5475;27300821000;27169733333;27369733333
5476;27300829000;27169733333;27369733333
5477;27300949000;27169777777;27369777777
5478;27300954000;27170088888;27370088888
5479;27300955000;27170088888;27370088888
5480;27300956000;27170088888;27370088888
5481;27342502000;27211400000;27411400000
5482;27342506000;27211400000;27411400000
5483;27342508000;27211400000;27411400000
5484;27342509000;27211400000;27411400000
5485;27342510000;27211400000;27411400000
5486;27342511000;27211400000;27411400000
5487;27342512000;27211400000;27411400000
5488;27342664000;27211444444;27411444444
5489;27342669000;27211733333;27411733333
5491;27342670000;27211733333;27411733333
5492;27384154000;27253066666;27453066666
5493;27384158000;27253066666;27453066666
5494;27384159000;27253066666;27453066666
5495;27384160000;27253066666;27453066666
5496;27384161000;27253066666;27453066666
5497;27384162000;27253066666;27453066666
5498;27384163000;27253066666;27453066666
5499;27384263000;27253111111;27453111111
