seqnum;now;rtptime;deadline;packet_len;payload_len
0;35148390000;31106855555;31606855555;10240;10228
1;35148587000;31106855555;31606855555;10240;10228
2;35148609000;31106855555;31606855555;10240;10228
3;35148768000;31138255555;31638255555;10240;10228
4;35549083000;31138255555;31638255555;10240;10228
5;35549281000;31138255555;31638255555;10240;10228
6;35549306000;31138255555;31638255555;10240;10228
7;35549483000;31138255555;31638255555;10240;10228
9;35549690000;31138255555;31638255555;10240;10228
10;35579595000;31138277777;31638277777;10240;10228
11;35579804000;31138677777;31638677777;10240;10228
12;35949756000;31138677777;31638677777;10240;10228
13;35949953000;31138677777;31638677777;10240;10228
14;35950169000;31179900000;31679900000;10240;10228
15;35950194000;31179900000;31679900000;10240;10228
16;35950374000;31179900000;31679900000;10240;10228
17;35950395000;31179900000;31679900000;10240;10228
18;35950571000;31179900000;31679900000;10240;10228
19;35950592000;31179900000;31679900000;10240;10228
20;35950777000;31179900000;31679900000;10240;10228
21;35950796000;31179911111;31679911111;10240;10228
22;35980058000;31180333333;31680333333;10240;10228
23;35980268000;31180333333;31680333333;10240;10228
24;36350300000;31180333333;31680333333;10240;10228
25;36350478000;31221566666;31721566666;10240;10228
26;36350686000;31221566666;31721566666;10240;10228
27;36350856000;31221566666;31721566666;10240;10228
28;36350866000;31221566666;31721566666;10240;10228
29;36351031000;31221566666;31721566666;10240;10228
30;36351269000;31221566666;31721566666;10240;10228
31;36351294000;31221566666;31721566666;10240;10228
33;36351468000;31221911111;31721911111;10240;10228
34;36351498000;31221911111;31721911111;10240;10228
35;36351687000;31221911111;31721911111;10240;10228
36;36380715000;31263233333;31763233333;10240;10228
37;36380884000;31263233333;31763233333;10240;10228
38;36381119000;31263233333;31763233333;10240;10228
39;36381141000;31263233333;31763233333;10240;10228
40;36750796000;31263233333;31763233333;10240;10228
41;36750926000;31263233333;31763233333;10240;10228
42;36751171000;31263233333;31763233333;10240;10228
44;36751183000;31263577777;31763577777;10240;10228
45;36751339000;31263577777;31763577777;10240;10228
46;36751349000;31263577777;31763577777;10240;10228
47;36751548000;31304900000;31804900000;10240;10228
48;36751778000;31304900000;31804900000;10240;10228
51;36751789000;31304900000;31804900000;10240;10228
52;36751946000;31304900000;31804900000;10240;10228
53;36751958000;31304900000;31804900000;10240;10228
54;36752186000;31304911111;31804911111;10240;10228
55;36752206000;31305233333;31805233333;10240;10228
56;36752387000;31305233333;31805233333;10240;10228
57;36752407000;31305233333;31805233333;10240;10228
58;36752610000;31346566666;31846566666;10240;10228
59;36752619000;31346566666;31846566666;10240;10228
60;36781175000;31346566666;31846566666;10240;10228
61;36781383000;31346566666;31846566666;10240;10228
62;36781593000;31346566666;31846566666;10240;10228
63;36781794000;31346566666;31846566666;10240;10228
64;37151259000;31346566666;31846566666;10240;10228
65;37151460000;31346577777;31846577777;10240;10228
66;37151665000;31346866666;31846866666;10240;10228
67;37151831000;31346866666;31846866666;10240;10228
68;37151842000;31346866666;31846866666;10240;10228
69;37152034000;31388233333;31888233333;10240;10228
70;37152275000;31388233333;31888233333;10240;10228
71;37152295000;31388233333;31888233333;10240;10228
72;37152480000;31388233333;31888233333;10240;10228
73;37152501000;31388233333;31888233333;10240;10228
75;37152685000;31388233333;31888233333;10240;10228
76;37152718000;31388244444;31888244444;10240;10228
77;37152890000;31388577777;31888577777;10240;10228
78;37152901000;31388577777;31888577777;10240;10228
79;37153068000;31388577777;31888577777;10240;10228
80;37153303000;31429900000;31929900000;10240;10228
81;37153322000;31429900000;31929900000;10240;10228
82;37153502000;31429900000;31929900000;10240;10228
83;37153522000;31429900000;31929900000;10240;10228
84;37153717000;31429900000;31929900000;10240;10228
85;37181596000;31429900000;31929900000;10240;10228
86;37181800000;31429900000;31929900000;10240;10228
87;37181999000;31429911111;31929911111;10240;10228
88;37182202000;31430233333;31930233333;10240;10228
89;37551783000;31430233333;31930233333;10240;10228
90;37551935000;31430233333;31930233333;10240;10228
91;37552147000;31471566666;31971566666;10240;10228
92;37552319000;31471566666;31971566666;10240;10228
93;37552521000;31471566666;31971566666;10240;10228
94;37552531000;31471566666;31971566666;10240;10228
95;37552723000;31471566666;31971566666;10240;10228
96;37552930000;31471566666;31971566666;10240;10228
97;37552940000;31471566666;31971566666;10240;10228
98;37553169000;31471577777;31971577777;10240;10228
99;37553189000;31471866666;31971866666;10240;10228
100;37553377000;31471866666;31971866666;10240;10228
101;37553397000;31471866666;31971866666;10240;10228
102;37553590000;31513200000;32013200000;10240;10228
103;37553598000;31513200000;32013200000;10240;10228
104;37553784000;31513200000;32013200000;10240;10228
105;37553952000;31513200000;32013200000;10240;10228
108;37553963000;31513200000;32013200000;10240;10228
109;37554192000;31513211111;32013211111;10240;10228
110;37554212000;31513466666;32013466666;10240;10228
111;37554406000;31513466666;32013466666;10240;10228
112;37582078000;31513466666;32013466666;10240;10228
113;37582284000;31554911111;32054911111;10240;10228
114;37582487000;31554911111;32054911111;10240;10228
118;37952654000;31554911111;32054911111;10240;10228
119;37952855000;31554911111;32054911111;10240;10228
120;37953022000;31554922222;32054922222;10240;10228
122;37953269000;31555277777;32055277777;10240;10228
123;37953476000;31555277777;32055277777;10240;10228
124;37953671000;31596566666;32096566666;10240;10228
125;37953692000;31596566666;32096566666;10240;10228
126;37953875000;31596566666;32096566666;10240;10228
127;37953886000;31596566666;32096566666;10240;10228
128;37954052000;31596566666;32096566666;10240;10228
129;37954287000;31596566666;32096566666;10240;10228
130;37954307000;31596566666;32096566666;10240;10228
131;37954314000;31596577777;32096577777;10240;10228
132;37954501000;31596866666;32096866666;10240;10228
133;37954699000;31596866666;32096866666;10240;10228
134;37954719000;31596866666;32096866666;10240;10228
135;37954901000;31638233333;32138233333;10240;10228
136;37954913000;31638233333;32138233333;10240;10228
137;37955077000;31638233333;32138233333;10240;10228
138;37955309000;31638233333;32138233333;10240;10228
139;37955329000;31638233333;32138233333;10240;10228
140;37955506000;31638233333;32138233333;10240;10228
141;37955526000;31638233333;32138233333;10240;10228
142;37955711000;31638244444;32138244444;10240;10228
143;37955732000;31638533333;32138533333;10240;10228
144;37982487000;31638533333;32138533333;10240;10228
146;37982912000;31679900000;32179900000;10240;10228
147;38353137000;31679900000;32179900000;10240;10228
148;38353348000;31679900000;32179900000;10240;10228
149;38353358000;31679900000;32179900000;10240;10228
150;38353551000;31679900000;32179900000;10240;10228
151;38353749000;31679900000;32179900000;10240;10228
152;38353762000;31679900000;32179900000;10240;10228
153;38353916000;31679911111;32179911111;10240;10228
154;38353932000;31680244444;32180244444;10240;10228
155;38354159000;31680244444;32180244444;10240;10228
156;38354179000;31680244444;32180244444;10240;10228
157;38354370000;31721566666;32221566666;10240;10228
159;38354564000;31721566666;32221566666;10240;10228
160;38354597000;31721566666;32221566666;10240;10228
161;38354768000;31721566666;32221566666;10240;10228
163;38354941000;31721566666;32221566666;10240;10228
164;38354950000;31721577777;32221577777;10240;10228
165;38355189000;31721877777;32221877777;10240;10228
166;38355376000;31721877777;32221877777;10240;10228
167;38355397000;31721877777;32221877777;10240;10228
168;38355588000;31763233333;32263233333;10240;10228
169;38355608000;31763233333;32263233333;10240;10228
170;38355793000;31763233333;32263233333;10240;10228
171;38355961000;31763233333;32263233333;10240;10228
172;38355973000;31763233333;32263233333;10240;10228
173;38356201000;31763233333;32263233333;10240;10228
174;38356230000;31763233333;32263233333;10240;10228
175;38356398000;31763244444;32263244444;10240;10228
176;38356405000;31763544444;32263544444;10240;10228
177;38382945000;31763544444;32263544444;10240;10228
178;38383354000;31763544444;32263544444;10240;10228
179;38383563000;31804900000;32304900000;10240;10228
180;38753600000;31804900000;32304900000;10240;10228
181;38753832000;31804900000;32304900000;10240;10228
182;38753844000;31804900000;32304900000;10240;10228
183;38753999000;31804900000;32304900000;10240;10228
184;38754235000;31804900000;32304900000;10240;10228
185;38754261000;31804900000;32304900000;10240;10228
186;38754435000;31804911111;32304911111;10240;10228
188;38754469000;31805211111;32305211111;10240;10228
189;38754648000;31805211111;32305211111;10240;10228
190;38754671000;31846566666;32346566666;10240;10228
191;38754852000;31846566666;32346566666;10240;10228
192;38755024000;31846566666;32346566666;10240;10228
193;38755033000;31846566666;32346566666;10240;10228
194;38755259000;31846566666;32346566666;10240;10228
195;38755279000;31846566666;32346566666;10240;10228
196;38755465000;31846566666;32346566666;10240;10228
197;38755485000;31846577777;32346577777;10240;10228
199;38755673000;31846855555;32346855555;10240;10228
200;38755695000;31846855555;32346855555;10240;10228
201;38755877000;31888233333;32388233333;10240;10228
202;38756040000;31888233333;32388233333;10240;10228
203;38756064000;31888233333;32388233333;10240;10228
205;38756279000;31888233333;32388233333;10240;10228
207;38756482000;31888233333;32388233333;10240;10228
208;38756690000;31888244444;32388244444;10240;10228
209;38756696000;31888533333;32388533333;10240;10228
210;38756891000;31888533333;32388533333;10240;10228
211;38757061000;31888533333;32388533333;10240;10228
213;38783812000;31929900000;32429900000;10240;10228
214;38784007000;31929900000;32429900000;10240;10228
215;38784014000;31929900000;32429900000;10240;10228
217;39154283000;31929900000;32429900000;10240;10228
218;39154488000;31929900000;32429900000;10240;10228
219;39154512000;31929911111;32429911111;10240;10228
220;39154696000;31930244444;32430244444;10240;10228
221;39154894000;31930244444;32430244444;10240;10228
222;39154903000;31930244444;32430244444;10240;10228
223;39155080000;31971566666;32471566666;10240;10228
224;39155310000;31971566666;32471566666;10240;10228
225;39155321000;31971566666;32471566666;10240;10228
226;39155501000;31971566666;32471566666;10240;10228
227;39155520000;31971566666;32471566666;10240;10228
228;39155714000;31971566666;32471566666;10240;10228
229;39155733000;31971566666;32471566666;10240;10228
230;39155900000;31971577777;32471577777;10240;10228
231;39155907000;31971877777;32471877777;10240;10228
232;39156080000;31971877777;32471877777;10240;10228
233;39156326000;31971877777;32471877777;10240;10228
235;39156333000;32013233333;32513233333;10240;10228
236;39156523000;32013233333;32513233333;10240;10228
239;39156531000;32013233333;32513233333;10240;10228
240;39156728000;32013233333;32513233333;10240;10228
241;39156734000;32013255555;32513255555;10240;10228
242;39156897000;32013522222;32513522222;10240;10228
243;39157130000;32013522222;32513522222;10240;10228
244;39157139000;32013522222;32513522222;10240;10228
245;39157334000;32054900000;32554900000;10240;10228
246;39157341000;32054900000;32554900000;10240;10228
250;39184287000;32054900000;32554900000;10240;10228
251;39184499000;32054900000;32554900000;10240;10228
252;39184510000;32054911111;32554911111;10240;10228
253;39184710000;32055244444;32555244444;10240;10228
254;39554778000;32055244444;32555244444;10240;10228
255;39554975000;32055244444;32555244444;10240;10228
256;39555191000;32096566666;32596566666;10240;10228
257;39555214000;32096566666;32596566666;10240;10228
258;39555399000;32096566666;32596566666;10240;10228
259;39555409000;32096566666;32596566666;10240;10228
260;39555598000;32096566666;32596566666;10240;10228
261;39555616000;32096566666;32596566666;10240;10228
262;39555801000;32096566666;32596566666;10240;10228
264;39555967000;32096866666;32596866666;10240;10228
265;39555992000;32096866666;32596866666;10240;10228
266;39556210000;32096866666;32596866666;10240;10228
267;39556231000;32138233333;32638233333;10240;10228
268;39556412000;32138233333;32638233333;10240;10228
269;39556435000;32138233333;32638233333;10240;10228
270;39556627000;32138233333;32638233333;10240;10228
271;39556826000;32138233333;32638233333;10240;10228
272;39556846000;32138233333;32638233333;10240;10228
273;39557020000;32138233333;32638233333;10240;10228
274;39557031000;32138244444;32638244444;10240;10228
275;39557223000;32138544444;32638544444;10240;10228
277;39557230000;32138544444;32638544444;10240;10228
278;39557426000;32179900000;32679900000;10240;10228
279;39557635000;32179900000;32679900000;10240;10228
280;39557640000;32179900000;32679900000;10240;10228
281;39557834000;32179900000;32679900000;10240;10228
282;39557839000;32179900000;32679900000;10240;10228
283;39558005000;32179900000;32679900000;10240;10228
284;39558249000;32179900000;32679900000;10240;10228
285;39558260000;32179911111;32679911111;10240;10228
286;39558266000;32180233333;32680233333;10240;10228
287;39558450000;32180233333;32680233333;10240;10228
288;39558657000;32180233333;32680233333;10240;10228
289;39584760000;32221566666;32721566666;10240;10228
290;39584956000;32221566666;32721566666;10240;10228
291;39585173000;32221566666;32721566666;10240;10228
292;39585184000;32221566666;32721566666;10240;10228
293;39585381000;32221566666;32721566666;10240;10228
294;39585405000;32221566666;32721566666;10240;10228
295;39585579000;32221566666;32721566666;10240;10228
296;39585600000;32221577777;32721577777;10240;10228
297;39955268000;32221844444;32721844444;10240;10228
298;39955479000;32221844444;32721844444;10240;10228
299;39955501000;32221844444;32721844444;10240;10228
300;39955681000;32263233333;32763233333;10240;10228
301;39955874000;32263233333;32763233333;10240;10228
302;39955883000;32263233333;32763233333;10240;10228
303;39956055000;32263233333;32763233333;10240;10228
304;39956295000;32263233333;32763233333;10240;10228
305;39956317000;32263233333;32763233333;10240;10228
306;39956495000;32263233333;32763233333;10240;10228
307;39956515000;32263244444;32763244444;10240;10228
308;39956697000;32263511111;32763511111;10240;10228
309;39956717000;32263511111;32763511111;10240;10228
310;39956896000;32263511111;32763511111;10240;10228
311;39956902000;32304900000;32804900000;10240;10228
312;39957066000;32304900000;32804900000;10240;10228
313;39957304000;32304900000;32804900000;10240;10228
314;39957310000;32304900000;32804900000;10240;10228
315;39957504000;32304900000;32804900000;10240;10228
316;39957513000;32304900000;32804900000;10240;10228
317;39957706000;32304900000;32804900000;10240;10228
318;39957712000;32304911111;32804911111;10240;10228
319;39957911000;32305233333;32805233333;10240;10228
320;39957918000;32305233333;32805233333;10240;10228
321;39958127000;32305233333;32805233333;10240;10228
322;39958327000;32346577777;32846577777;10240;10228
323;39958333000;32346577777;32846577777;10240;10228
324;39958544000;32346577777;32846577777;10240;10228
325;39958561000;32346577777;32846577777;10240;10228
326;39958736000;32346577777;32846577777;10240;10228
327;39958908000;32346577777;32846577777;10240;10228
328;39958913000;32346577777;32846577777;10240;10228
330;39959142000;32346900000;32846900000;10240;10228
331;39959159000;32346900000;32846900000;10240;10228
332;39959352000;32346900000;32846900000;10240;10228
334;39959357000;32388233333;32888233333;10240;10228
335;39985235000;32388233333;32888233333;10240;10228
336;39985440000;32388233333;32888233333;10240;10228
337;39985447000;32388233333;32888233333;10240;10228
338;39985636000;32388233333;32888233333;10240;10228
339;39985841000;32388233333;32888233333;10240;10228
340;39985847000;32388244444;32888244444;10240;10228
341;39986010000;32388533333;32888533333;10240;10228
342;39986018000;32388533333;32888533333;10240;10228
343;39986258000;32388533333;32888533333;10240;10228
344;40355757000;32429900000;32929900000;10240;10228
345;40355950000;32429900000;32929900000;10240;10228
346;40356173000;32429900000;32929900000;10240;10228
347;40356182000;32429900000;32929900000;10240;10228
348;40356378000;32429900000;32929900000;10240;10228
349;40356561000;32429900000;32929900000;10240;10228
350;40356568000;32429900000;32929900000;10240;10228
351;40356765000;32429911111;32929911111;10240;10228
352;40356937000;32430222222;32930222222;10240;10228
353;40356944000;32430222222;32930222222;10240;10228
354;40357171000;32430222222;32930222222;10240;10228
355;40357177000;32471566666;32971566666;10240;10228
356;40357387000;32471566666;32971566666;10240;10228
357;40357394000;32471566666;32971566666;10240;10228
358;40357585000;32471566666;32971566666;10240;10228
360;40357785000;32471566666;32971566666;10240;10228
361;40357802000;32471566666;32971566666;10240;10228
362;40357961000;32471577777;32971577777;10240;10228
363;40357966000;32471855555;32971855555;10240;10228
364;40358200000;32471855555;32971855555;10240;10228
365;40358206000;32471855555;32971855555;10240;10228
366;40358406000;32513233333;33013233333;10240;10228
367;40358611000;32513233333;33013233333;10240;10228
368;40358616000;32513233333;33013233333;10240;10228
369;40358811000;32513233333;33013233333;10240;10228
370;40358816000;32513233333;33013233333;10240;10228
371;40358984000;32513233333;33013233333;10240;10228
372;40359223000;32513233333;33013233333;10240;10228
374;40359230000;32513488888;33013488888;10240;10228
375;40359430000;32513488888;33013488888;10240;10228
376;40359437000;32513488888;33013488888;10240;10228
377;40359636000;32554900000;33054900000;10240;10228
378;40359642000;32554900000;33054900000;10240;10228
379;40359805000;32554900000;33054900000;10240;10228
380;40360009000;32554900000;33054900000;10240;10228
381;40360015000;32554900000;33054900000;10240;10228
382;40360249000;32554900000;33054900000;10240;10228
384;40360255000;32554911111;33054911111;10240;10228
385;40360447000;32555222222;33055222222;10240;10228
386;40360453000;32555222222;33055222222;10240;10228
387;40360659000;32555222222;33055222222;10240;10228
388;40360667000;32596566666;33096566666;10240;10228
389;40360827000;32596566666;33096566666;10240;10228
390;40361032000;32596566666;33096566666;10240;10228
391;40385662000;32596566666;33096566666;10240;10228
392;40385854000;32596566666;33096566666;10240;10228
393;40386088000;32596566666;33096566666;10240;10228
394;40386108000;32596566666;33096566666;10240;10228
395;40386277000;32596577777;33096577777;10240;10228
396;40386481000;32596866666;33096866666;10240;10228
397;40386488000;32596866666;33096866666;10240;10228
399;40386682000;32638233333;33138233333;10240;10228
400;40756238000;32638233333;33138233333;10240;10228
401;40756445000;32638233333;33138233333;10240;10228
403;40756654000;32638233333;33138233333;10240;10228
404;40756838000;32638233333;33138233333;10240;10228
405;40757015000;32638233333;33138233333;10240;10228
406;40757266000;32638244444;33138244444;10240;10228
407;40757288000;32638522222;33138522222;10240;10228
408;40757462000;32638522222;33138522222;10240;10228
409;40757481000;32638522222;33138522222;10240;10228
410;40757670000;32679900000;33179900000;10240;10228
411;40757864000;32679900000;33179900000;10240;10228
412;40757875000;32679900000;33179900000;10240;10228
413;40758039000;32679900000;33179900000;10240;10228
414;40758276000;32679900000;33179900000;10240;10228
415;40758295000;32679900000;33179900000;10240;10228
416;40758480000;32679900000;33179900000;10240;10228
417;40758498000;32679911111;33179911111;10240;10228
418;40758676000;32680233333;33180233333;10240;10228
420;40758683000;32680233333;33180233333;10240;10228
421;40758888000;32721566666;33221566666;10240;10228
422;40758894000;32721566666;33221566666;10240;10228
423;40759056000;32721566666;33221566666;10240;10228
424;40759291000;32721566666;33221566666;10240;10228
425;40759296000;32721566666;33221566666;10240;10228
426;40759495000;32721566666;33221566666;10240;10228
427;40759500000;32721566666;33221566666;10240;10228
428;40759708000;32721588888;33221588888;10240;10228
429;40759713000;32721900000;33221900000;10240;10228
430;40759876000;32721900000;33221900000;10240;10228
432;40760110000;32763233333;33263233333;10240;10228
433;40760135000;32763233333;33263233333;10240;10228
434;40760324000;32763233333;33263233333;10240;10228
435;40760330000;32763233333;33263233333;10240;10228
436;40760524000;32763233333;33263233333;10240;10228
437;40760722000;32763233333;33263233333;10240;10228
438;40760730000;32763233333;33263233333;10240;10228
440;40760899000;32763544444;33263544444;10240;10228
441;40761136000;32763544444;33263544444;10240;10228
442;40761142000;32763544444;33263544444;10240;10228
443;40761346000;32804900000;33304900000;10240;10228
444;40761351000;32804900000;33304900000;10240;10228
445;40761542000;32804900000;33304900000;10240;10228
446;40761548000;32804900000;33304900000;10240;10228
447;40761752000;32804900000;33304900000;10240;10228
449;40786154000;32804900000;33304900000;10240;10228
450;40786360000;32804911111;33304911111;10240;10228
451;40786556000;32805211111;33305211111;10240;10228
452;40786758000;32805211111;33305211111;10240;10228
453;40786765000;32805211111;33305211111;10240;10228
454;40786958000;32846566666;33346566666;10240;10228
455;40787173000;32846566666;33346566666;10240;10228
456;40787179000;32846566666;33346566666;10240;10228
458;41156703000;32846566666;33346566666;10240;10228
459;41156901000;32846566666;33346566666;10240;10228
460;41157123000;32846566666;33346566666;10240;10228
461;41157313000;32846577777;33346577777;10240;10228
462;41157334000;32846844444;33346844444;10240;10228
463;41157505000;32846844444;33346844444;10240;10228
464;41157710000;32846844444;33346844444;10240;10228
465;41157909000;32888233333;33388233333;10240;10228
466;41157915000;32888233333;33388233333;10240;10228
467;41158115000;32888233333;33388233333;10240;10228
468;41158336000;32888233333;33388233333;10240;10228
470;41158347000;32888233333;33388233333;10240;10228
471;41158542000;32888233333;33388233333;10240;10228
473;41158752000;32888533333;33388533333;10240;10228
474;41158949000;32888533333;33388533333;10240;10228
475;41158956000;32888533333;33388533333;10240;10228
476;41159161000;32929900000;33429900000;10240;10228
477;41159167000;32929900000;33429900000;10240;10228
478;41159366000;32929900000;33429900000;10240;10228
479;41159570000;32929900000;33429900000;10240;10228
480;41159577000;32929900000;33429900000;10240;10228
481;41159776000;32929900000;33429900000;10240;10228
482;41159782000;32929900000;33429900000;10240;10228
483;41159944000;32929911111;33429911111;10240;10228
484;41160185000;32930233333;33430233333;10240;10228
485;41160190000;32930233333;33430233333;10240;10228
486;41160391000;32930233333;33430233333;10240;10228
487;41160397000;32971566666;33471566666;10240;10228
488;41160589000;32971566666;33471566666;10240;10228
489;41160594000;32971566666;33471566666;10240;10228
490;41160801000;32971566666;33471566666;10240;10228
491;41160807000;32971566666;33471566666;10240;10228
492;41160968000;32971566666;33471566666;10240;10228
493;41161212000;32971566666;33471566666;10240;10228
495;41161217000;32971866666;33471866666;10240;10228
497;41161417000;32971866666;33471866666;10240;10228
498;41161423000;33013233333;33513233333;10240;10228
499;41161618000;33013233333;33513233333;10240;10228
500;41161826000;33013233333;33513233333;10240;10228
501;41161834000;33013233333;33513233333;10240;10228
502;41161992000;33013233333;33513233333;10240;10228
504;41161999000;33013233333;33513233333;10240;10228
505;41162237000;33013244444;33513244444;10240;10228
506;41162258000;33013511111;33513511111;10240;10228
507;41162445000;33013511111;33513511111;10240;10228
508;41162465000;33013511111;33513511111;10240;10228
509;41186632000;33054900000;33554900000;10240;10228
510;41186832000;33054900000;33554900000;10240;10228
511;41186853000;33054900000;33554900000;10240;10228
512;41187035000;33054900000;33554900000;10240;10228
513;41187246000;33054900000;33554900000;10240;10228
514;41187439000;33054900000;33554900000;10240;10228
515;41187459000;33054900000;33554900000;10240;10228
516;41187658000;33054911111;33554911111;10240;10228
517;41187857000;33055244444;33555244444;10240;10228
518;41187866000;33055244444;33555244444;10240;10228
519;41557194000;33055244444;33555244444;10240;10228
520;41557401000;33096566666;33596566666;10240;10228
521;41557425000;33096566666;33596566666;10240;10228
522;41557608000;33096566666;33596566666;10240;10228
524;41557801000;33096566666;33596566666;10240;10228
525;41557974000;33096566666;33596566666;10240;10228
526;41557982000;33096566666;33596566666;10240;10228
527;41558222000;33096577777;33596577777;10240;10228
528;41558422000;33096866666;33596866666;10240;10228
529;41558444000;33096866666;33596866666;10240;10228
530;41558631000;33096866666;33596866666;10240;10228
531;41558836000;33138233333;33638233333;10240;10228
532;41559024000;33138233333;33638233333;10240;10228
533;41559035000;33138233333;33638233333;10240;10228
534;41559228000;33138233333;33638233333;10240;10228
535;41559234000;33138233333;33638233333;10240;10228
537;41559433000;33138233333;33638233333;10240;10228
538;41559439000;33138244444;33638244444;10240;10228
539;41559637000;33138533333;33638533333;10240;10228
540;41559844000;33138533333;33638533333;10240;10228
542;41559850000;33179900000;33679900000;10240;10228
543;41560010000;33179900000;33679900000;10240;10228
544;41560246000;33179900000;33679900000;10240;10228
545;41560251000;33179900000;33679900000;10240;10228
546;41560456000;33179900000;33679900000;10240;10228
547;41560462000;33179900000;33679900000;10240;10228
548;41560662000;33179900000;33679900000;10240;10228
549;41560667000;33179911111;33679911111;10240;10228
550;41560829000;33180244444;33680244444;10240;10228
551;41561035000;33180244444;33680244444;10240;10228
552;41561041000;33180244444;33680244444;10240;10228
554;41561275000;33221566666;33721566666;10240;10228
555;41561479000;33221566666;33721566666;10240;10228
556;41561486000;33221566666;33721566666;10240;10228
557;41561684000;33221566666;33721566666;10240;10228
558;41561691000;33221566666;33721566666;10240;10228
559;41561888000;33221566666;33721566666;10240;10228
560;41561896000;33221577777;33721577777;10240;10228
561;41562061000;33221855555;33721855555;10240;10228
563;41562299000;33221855555;33721855555;10240;10228
564;41562305000;33263233333;33763233333;10240;10228
565;41562498000;33263233333;33763233333;10240;10228
566;41562505000;33263233333;33763233333;10240;10228
567;41562708000;33263233333;33763233333;10240;10228
568;41562715000;33263233333;33763233333;10240;10228
569;41562877000;33263233333;33763233333;10240;10228
570;41563113000;33263233333;33763233333;10240;10228
571;41563118000;33263244444;33763244444;10240;10228
572;41563323000;33263522222;33763522222;10240;10228
573;41563329000;33263522222;33763522222;10240;10228
574;41563528000;33263522222;33763522222;10240;10228
577;41587270000;33304900000;33804900000;10240;10228
578;41587476000;33304900000;33804900000;10240;10228
579;41587482000;33304900000;33804900000;10240;10228
580;41587672000;33304900000;33804900000;10240;10228
581;41587882000;33304900000;33804900000;10240;10228
582;41588058000;33304911111;33804911111;10240;10228
583;41588075000;33305233333;33805233333;10240;10228
584;41588299000;33305233333;33805233333;10240;10228
585;41588503000;33305233333;33805233333;10240;10228
586;41957672000;33346566666;33846566666;10240;10228
587;41957876000;33346566666;33846566666;10240;10228
588;41957885000;33346566666;33846566666;10240;10228
589;41958041000;33346566666;33846566666;10240;10228
590;41958292000;33346566666;33846566666;10240;10228
591;41958303000;33346566666;33846566666;10240;10228
592;41958490000;33346566666;33846566666;10240;10228
593;41958509000;33346577777;33846577777;10240;10228
594;41958698000;33346866666;33846866666;10240;10228
595;41958717000;33346866666;33846866666;10240;10228
596;41958897000;33346866666;33846866666;10240;10228
597;41959067000;33388233333;33888233333;10240;10228
598;41959088000;33388233333;33888233333;10240;10228
599;41959314000;33388233333;33888233333;10240;10228
600;41959522000;33388233333;33888233333;10240;10228
601;41959714000;33388233333;33888233333;10240;10228
602;41959734000;33388233333;33888233333;10240;10228
603;41959917000;33388233333;33888233333;10240;10228
604;41959927000;33388244444;33888244444;10240;10228
605;41960126000;33388544444;33888544444;10240;10228
606;41960153000;33388544444;33888544444;10240;10228
607;41960332000;33388544444;33888544444;10240;10228
608;41960352000;33429900000;33929900000;10240;10228
610;41960545000;33429900000;33929900000;10240;10228
611;41960732000;33429900000;33929900000;10240;10228
612;41960744000;33429900000;33929900000;10240;10228
613;41960907000;33429900000;33929900000;10240;10228
614;41961147000;33429900000;33929900000;10240;10228
615;41961156000;33429911111;33929911111;10240;10228
618;41961161000;33430233333;33930233333;10240;10228
619;41961362000;33471566666;33971566666;10240;10228
620;41961550000;33471566666;33971566666;10240;10228
621;41961571000;33471566666;33971566666;10240;10228
624;41961762000;33471566666;33971566666;10240;10228
625;41961934000;33471566666;33971566666;10240;10228
626;41962210000;33471588888;33971588888;10240;10228
627;41962221000;33471877777;33971877777;10240;10228
628;41962372000;33471877777;33971877777;10240;10228
629;41962393000;33471877777;33971877777;10240;10228
630;41962583000;33513233333;34013233333;10240;10228
631;41962604000;33513233333;34013233333;10240;10228
632;41962786000;33513233333;34013233333;10240;10228
633;41962956000;33513233333;34013233333;10240;10228
634;41962966000;33513233333;34013233333;10240;10228
635;41963197000;33513233333;34013233333;10240;10228
636;41963220000;33513233333;34013233333;10240;10228
637;41963400000;33513244444;34013244444;10240;10228
638;41963422000;33513500000;34013500000;10240;10228
639;41963614000;33513500000;34013500000;10240;10228
640;41963813000;33513500000;34013500000;10240;10228
641;41963822000;33554900000;34054900000;10240;10228
642;41963983000;33554900000;34054900000;10240;10228
643;41963993000;33554900000;34054900000;10240;10228
645;41964232000;33554900000;34054900000;10240;10228
646;41964424000;33554900000;34054900000;10240;10228
647;41964445000;33554900000;34054900000;10240;10228
648;41987661000;33554922222;34054922222;10240;10228
649;41987869000;33555244444;34055244444;10240;10228
650;41988077000;33555244444;34055244444;10240;10228
651;41988086000;33555244444;34055244444;10240;10228
652;41988281000;33596566666;34096566666;10240;10228
653;41988291000;33596566666;34096566666;10240;10228
654;41988484000;33596566666;34096566666;10240;10228
655;41988679000;33596566666;34096566666;10240;10228
657;41988884000;33596566666;34096566666;10240;10228
658;41989059000;33596566666;34096566666;10240;10228
659;42358097000;33596577777;34096577777;10240;10228
660;42358299000;33596877777;34096877777;10240;10228
661;42358499000;33596877777;34096877777;10240;10228
662;42358509000;33596877777;34096877777;10240;10228
663;42358702000;33638233333;34138233333;10240;10228
664;42358723000;33638233333;34138233333;10240;10228
665;42358906000;33638233333;34138233333;10240;10228
666;42359111000;33638233333;34138233333;10240;10228
667;42359129000;33638233333;34138233333;10240;10228
668;42359328000;33638233333;34138233333;10240;10228
669;42359346000;33638233333;34138233333;10240;10228
670;42359524000;33638244444;34138244444;10240;10228
671;42359543000;33638533333;34138533333;10240;10228
672;42359736000;33638533333;34138533333;10240;10228
673;42359924000;33638533333;34138533333;10240;10228
674;42359934000;33679900000;34179900000;10240;10228
675;42360139000;33679900000;34179900000;10240;10228
676;42360150000;33679900000;34179900000;10240;10228
677;42360352000;33679900000;34179900000;10240;10228
678;42360548000;33679900000;34179900000;10240;10228
679;42360560000;33679900000;34179900000;10240;10228
680;42360749000;33679900000;34179900000;10240;10228
682;42360920000;33680244444;34180244444;10240;10228
683;42360934000;33680244444;34180244444;10240;10228
684;42361157000;33680244444;34180244444;10240;10228
685;42361176000;33721566666;34221566666;10240;10228
686;42361364000;33721566666;34221566666;10240;10228
687;42361385000;33721566666;34221566666;10240;10228
688;42361576000;33721566666;34221566666;10240;10228
689;42361767000;33721566666;34221566666;10240;10228
690;42361778000;33721566666;34221566666;10240;10228
691;42361946000;33721566666;34221566666;10240;10228
692;42361955000;33721577777;34221577777;10240;10228
693;42362216000;33721877777;34221877777;10240;10228
694;42362387000;33721877777;34221877777;10240;10228
695;42362407000;33721877777;34221877777;10240;10228
696;42362592000;33763233333;34263233333;10240;10228
697;42362614000;33763233333;34263233333;10240;10228
698;42362797000;33763233333;34263233333;10240;10228
699;42362809000;33763233333;34263233333;10240;10228
700;42362966000;33763233333;34263233333;10240;10228
701;42363206000;33763233333;34263233333;10240;10228
702;42363226000;33763233333;34263233333;10240;10228
703;42363410000;33763244444;34263244444;10240;10228
704;42363432000;33763544444;34263544444;10240;10228
705;42363610000;33763544444;34263544444;10240;10228
706;42363630000;33763544444;34263544444;10240;10228
710;42363820000;33804900000;34304900000;10240;10228
711;42363841000;33804900000;34304900000;10240;10228
712;42364032000;33804900000;34304900000;10240;10228
714;42364053000;33804911111;34304911111;10240;10228
715;42364240000;33805222222;34305222222;10240;10228
716;42364431000;33805222222;34305222222;10240;10228
717;42364442000;33805222222;34305222222;10240;10228
718;42364642000;33846566666;34346566666;10240;10228
719;42364653000;33846566666;34346566666;10240;10228
720;42364809000;33846566666;34346566666;10240;10228
721;42365018000;33846566666;34346566666;10240;10228
722;42365027000;33846566666;34346566666;10240;10228
723;42365257000;33846566666;34346566666;10240;10228
724;42365276000;33846566666;34346566666;10240;10228
726;42388086000;33846855555;34346855555;10240;10228
727;42388291000;33846855555;34346855555;10240;10228
728;42388302000;33846855555;34346855555;10240;10228
729;42388496000;33888233333;34388233333;10240;10228
730;42388702000;33888233333;34388233333;10240;10228
734;42389144000;33888233333;34388233333;10240;10228
735;42389322000;33888233333;34388233333;10240;10228
736;42389520000;33888244444;34388244444;10240;10228
737;42389541000;33888533333;34388533333;10240;10228
738;42758584000;33888533333;34388533333;10240;10228
739;42758776000;33888533333;34388533333;10240;10228
740;42758976000;33929900000;34429900000;10240;10228
741;42759187000;33929900000;34429900000;10240;10228
742;42759194000;33929900000;34429900000;10240;10228
743;42759389000;33929900000;34429900000;10240;10228
744;42759598000;33929900000;34429900000;10240;10228
745;42759603000;33929900000;34429900000;10240;10228
746;42759800000;33929900000;34429900000;10240;10228
747;42759807000;33929922222;34429922222;10240;10228
748;42759968000;33930266666;34430266666;10240;10228
749;42760204000;33930266666;34430266666;10240;10228
750;42760210000;33930266666;34430266666;10240;10228
751;42760378000;33971566666;34471566666;10240;10228
752;42760618000;33971566666;34471566666;10240;10228
753;42760624000;33971566666;34471566666;10240;10228
754;42760816000;33971566666;34471566666;10240;10228
755;42760822000;33971566666;34471566666;10240;10228
756;42760992000;33971566666;34471566666;10240;10228
757;42761236000;33971566666;34471566666;10240;10228
758;42761241000;33971577777;34471577777;10240;10228
759;42761245000;33971877777;34471877777;10240;10228
760;42761436000;33971877777;34471877777;10240;10228
761;42761643000;33971877777;34471877777;10240;10228
762;42761650000;34013233333;34513233333;10240;10228
763;42761846000;34013233333;34513233333;10240;10228
764;42761853000;34013233333;34513233333;10240;10228
765;42762016000;34013233333;34513233333;10240;10228
766;42762276000;34013233333;34513233333;10240;10228
767;42762285000;34013233333;34513233333;10240;10228
768;42762470000;34013233333;34513233333;10240;10228
769;42762490000;34013244444;34513244444;10240;10228
770;42762677000;34013522222;34513522222;10240;10228
771;42762696000;34013522222;34513522222;10240;10228
772;42762879000;34013522222;34513522222;10240;10228
773;42763069000;34054900000;34554900000;10240;10228
774;42763090000;34054900000;34554900000;10240;10228
775;42763291000;34054900000;34554900000;10240;10228
776;42763310000;34054900000;34554900000;10240;10228
777;42763505000;34054900000;34554900000;10240;10228
778;42763698000;34054900000;34554900000;10240;10228
779;42763727000;34054900000;34554900000;10240;10228
780;42763905000;34054922222;34554922222;10240;10228
781;42763917000;34055255555;34555255555;10240;10228
782;42764099000;34055255555;34555255555;10240;10228
783;42764315000;34055255555;34555255555;10240;10228
784;42764333000;34096566666;34596566666;10240;10228
785;42764518000;34096566666;34596566666;10240;10228
786;42764538000;34096566666;34596566666;10240;10228
787;42764719000;34096566666;34596566666;10240;10228
788;42764731000;34096566666;34596566666;10240;10228
789;42764891000;34096566666;34596566666;10240;10228
790;42765151000;34096566666;34596566666;10240;10228
791;42765160000;34096577777;34596577777;10240;10228
792;42765166000;34096877777;34596877777;10240;10228
793;42765345000;34096877777;34596877777;10240;10228
794;42765536000;34096877777;34596877777;10240;10228
796;42765555000;34138233333;34638233333;10240;10228
797;42765749000;34138233333;34638233333;10240;10228
798;42765759000;34138233333;34638233333;10240;10228
799;42765916000;34138233333;34638233333;10240;10228
800;42766153000;34138233333;34638233333;10240;10228
801;42766164000;34138233333;34638233333;10240;10228
802;42766369000;34138244444;34638244444;10240;10228
803;42788508000;34138544444;34638544444;10240;10228
804;42788711000;34138544444;34638544444;10240;10228
805;42788730000;34138544444;34638544444;10240;10228
807;42788914000;34179900000;34679900000;10240;10228
808;42789125000;34179900000;34679900000;10240;10228
809;42789145000;34179900000;34679900000;10240;10228
810;42789564000;34179900000;34679900000;10240;10228
811;42789768000;34179900000;34679900000;10240;10228
812;42789786000;34179900000;34679900000;10240;10228
813;42789963000;34179911111;34679911111;10240;10228
815;42790171000;34180244444;34680244444;10240;10228
816;43159071000;34180244444;34680244444;10240;10228
817;43159278000;34221566666;34721566666;10240;10228
818;43159299000;34221566666;34721566666;10240;10228
819;43159481000;34221566666;34721566666;10240;10228
820;43159684000;34221566666;34721566666;10240;10228
822;43159886000;34221566666;34721566666;10240;10228
823;43160041000;34221566666;34721566666;10240;10228
824;43160295000;34221577777;34721577777;10240;10228
825;43160302000;34221866666;34721866666;10240;10228
827;43160486000;34221866666;34721866666;10240;10228
828;43160689000;34263233333;34763233333;10240;10228
829;43160890000;34263233333;34763233333;10240;10228
830;43160897000;34263233333;34763233333;10240;10228
831;43161068000;34263233333;34763233333;10240;10228
832;43161308000;34263233333;34763233333;10240;10228
834;43161327000;34263233333;34763233333;10240;10228
835;43161508000;34263244444;34763244444;10240;10228
836;43161715000;34263533333;34763533333;10240;10228
837;43161916000;34263533333;34763533333;10240;10228
838;43161922000;34263533333;34763533333;10240;10228
839;43162154000;34304900000;34804900000;10240;10228
840;43162337000;34304900000;34804900000;10240;10228
841;43162358000;34304900000;34804900000;10240;10228
842;43162535000;34304900000;34804900000;10240;10228
843;43162555000;34304900000;34804900000;10240;10228
844;43162749000;34304900000;34804900000;10240;10228
845;43162760000;34304900000;34804900000;10240;10228
846;43162915000;34304911111;34804911111;10240;10228
847;43163155000;34305244444;34805244444;10240;10228
848;43163176000;34305244444;34805244444;10240;10228
849;43163356000;34305244444;34805244444;10240;10228
850;43163367000;34346566666;34846566666;10240;10228
851;43163565000;34346566666;34846566666;10240;10228
852;43163586000;34346566666;34846566666;10240;10228
853;43163770000;34346566666;34846566666;10240;10228
854;43163941000;34346566666;34846566666;10240;10228
855;43163953000;34346566666;34846566666;10240;10228
856;43164175000;34346566666;34846566666;10240;10228
857;43164195000;34346577777;34846577777;10240;10228
858;43164394000;34346877777;34846877777;10240;10228
859;43164601000;34346877777;34846877777;10240;10228
860;43164610000;34346877777;34846877777;10240;10228
862;43164798000;34388233333;34888233333;10240;10228
863;43164963000;34388233333;34888233333;10240;10228
864;43165199000;34388233333;34888233333;10240;10228
865;43165225000;34388233333;34888233333;10240;10228
866;43165411000;34388233333;34888233333;10240;10228
867;43165430000;34388233333;34888233333;10240;10228
868;43165621000;34388244444;34888244444;10240;10228
869;43165821000;34388555555;34888555555;10240;10228
870;43165833000;34388555555;34888555555;10240;10228
872;43165988000;34429900000;34929900000;10240;10228
873;43165999000;34429900000;34929900000;10240;10228
874;43166231000;34429900000;34929900000;10240;10228
875;43166250000;34429900000;34929900000;10240;10228
877;43166443000;34429900000;34929900000;10240;10228
880;43166636000;34430233333;34930233333;10240;10228
881;43166809000;34430233333;34930233333;10240;10228
882;43188957000;34430233333;34930233333;10240;10228
883;43189169000;34471566666;34971566666;10240;10228
884;43189371000;34471566666;34971566666;10240;10228
885;43189562000;34471566666;34971566666;10240;10228
886;43189583000;34471566666;34971566666;10240;10228
887;43189774000;34471566666;34971566666;10240;10228
888;43189794000;34471566666;34971566666;10240;10228
889;43189972000;34471566666;34971566666;10240;10228
890;43190192000;34471577777;34971577777;10240;10228
891;43190401000;34471877777;34971877777;10240;10228
892;43190603000;34471877777;34971877777;10240;10228
898;43559956000;34513222222;35013222222;10240;10228
899;43560161000;34513222222;35013222222;10240;10228
900;43560361000;34513222222;35013222222;10240;10228
901;43560558000;34513233333;35013233333;10240;10228
2497;43560806000;40555266666;41055266666;10240;10228
2498;43561015000;40555266666;41055266666;10240;10228
2499;43561027000;40555266666;41055266666;10240;10228
2500;43561234000;40596566666;41096566666;10240;10228
2501;43561418000;40596566666;41096566666;10240;10228
2504;43561429000;40596566666;41096566666;10240;10228
2505;43561627000;40596566666;41096566666;10240;10228
2507;43561832000;40596588888;41096588888;10240;10228
2509;43561989000;40596877777;41096877777;10240;10228
2510;43562260000;40596877777;41096877777;10240;10228
2511;43562468000;40638233333;41138233333;10240;10228
2512;43562661000;40638233333;41138233333;10240;10228
2513;43562687000;40638233333;41138233333;10240;10228
2514;43562866000;40638233333;41138233333;10240;10228
2515;43563034000;40638233333;41138233333;10240;10228
2516;43563278000;40638233333;41138233333;10240;10228
2517;43563304000;40638233333;41138233333;10240;10228
2518;43563480000;40638255555;41138255555;10240;10228
2519;43563507000;40638533333;41138533333;10240;10228
2520;43563683000;40638533333;41138533333;10240;10228
2521;43563699000;40638533333;41138533333;10240;10228
2522;43563855000;40679900000;41179900000;10240;10228
2523;43564059000;40679900000;41179900000;10240;10228
2524;43564086000;40679900000;41179900000;10240;10228
2525;43564294000;40679900000;41179900000;10240;10228
2526;43564323000;40679900000;41179900000;10240;10228
2527;43564505000;40679900000;41179900000;10240;10228
2528;43564531000;40679900000;41179900000;10240;10228
2529;43564717000;40679922222;41179922222;10240;10228
2530;43564920000;40680233333;41180233333;10240;10228
2531;43564938000;40680233333;41180233333;10240;10228
2532;43565145000;40680233333;41180233333;10240;10228
2534;43565335000;40721566666;41221566666;10240;10228
2535;43565528000;40721566666;41221566666;10240;10228
2536;43565555000;40721566666;41221566666;10240;10228
2537;43565749000;40721566666;41221566666;10240;10228
2538;43565776000;40721566666;41221566666;10240;10228
2539;43565931000;40721566666;41221566666;10240;10228
2540;43565950000;40721588888;41221588888;10240;10228
2541;43566146000;40721877777;41221877777;10240;10228
2542;43566347000;40721877777;41221877777;10240;10228
2543;43566373000;40721877777;41221877777;10240;10228
2544;43566544000;40763211111;41263211111;10240;10228
2545;43566572000;40763211111;41263211111;10240;10228
2546;43566759000;40763211111;41263211111;10240;10228
2547;43566777000;40763211111;41263211111;10240;10228
2548;43566926000;40763211111;41263211111;10240;10228
2549;43567173000;40763211111;41263211111;10240;10228
2550;43567189000;40763211111;41263211111;10240;10228
2551;43567365000;40763222222;41263222222;10240;10228
2552;43567398000;40763522222;41263522222;10240;10228
2553;43567577000;40763522222;41263522222;10240;10228
2554;43567602000;40763522222;41263522222;10240;10228
2555;43567784000;40804900000;41304900000;10240;10228
2556;43589382000;40804900000;41304900000;10240;10228
2558;43589822000;40804900000;41304900000;10240;10228
2559;43590022000;40804900000;41304900000;10240;10228
2560;43590230000;40804900000;41304900000;10240;10228
2561;43590448000;40804900000;41304900000;10240;10228
2563;43590473000;40805222222;41305222222;10240;10228
2564;43590644000;40805222222;41305222222;10240;10228
2565;43590847000;40805222222;41305222222;10240;10228
2566;43591015000;40846566666;41346566666;10240;10228
2567;43960459000;40846566666;41346566666;10240;10228
2568;43960652000;40846566666;41346566666;10240;10228
2569;43960659000;40846566666;41346566666;10240;10228
2570;43960854000;40846566666;41346566666;10240;10228
2571;43961059000;40846566666;41346566666;10240;10228
2572;43961077000;40846566666;41346566666;10240;10228
2573;43961271000;40846588888;41346588888;10240;10228
2574;43961291000;40846866666;41346866666;10240;10228
2575;43961470000;40846866666;41346866666;10240;10228
2576;43961475000;40846866666;41346866666;10240;10228
2577;43961675000;40888233333;41388233333;10240;10228
2578;43961878000;40888233333;41388233333;10240;10228
2579;43961884000;40888233333;41388233333;10240;10228
2580;43962108000;40888233333;41388233333;10240;10228
2581;43962131000;40888233333;41388233333;10240;10228
2582;43962316000;40888233333;41388233333;10240;10228
2583;43962338000;40888233333;41388233333;10240;10228
2584;43962483000;40888244444;41388244444;10240;10228
2585;43962493000;40888533333;41388533333;10240;10228
2586;43962689000;40888533333;41388533333;10240;10228
2587;43962895000;40888533333;41388533333;10240;10228
2588;43962906000;40929900000;41429900000;10240;10228
2589;43963095000;40929900000;41429900000;10240;10228
2590;43963107000;40929900000;41429900000;10240;10228
2591;43963313000;40929900000;41429900000;10240;10228
2592;43963518000;40929900000;41429900000;10240;10228
2593;43963537000;40929900000;41429900000;10240;10228
2594;43963714000;40929900000;41429900000;10240;10228
2595;43963723000;40929911111;41429911111;10240;10228
2596;43963909000;40930244444;41430244444;10240;10228
2597;43964097000;40930244444;41430244444;10240;10228
2598;43964106000;40930244444;41430244444;10240;10228
2599;43964293000;40971566666;41471566666;10240;10228
2600;43964541000;40971566666;41471566666;10240;10228
2601;43964561000;40971566666;41471566666;10240;10228
2602;43964739000;40971566666;41471566666;10240;10228
2603;43964751000;40971566666;41471566666;10240;10228
2604;43964920000;40971566666;41471566666;10240;10228
2605;43964939000;40971566666;41471566666;10240;10228
2608;43965144000;40971877777;41471877777;10240;10228
2609;43965351000;40971877777;41471877777;10240;10228
2610;43965564000;41013233333;41513233333;10240;10228
2611;43965754000;41013233333;41513233333;10240;10228
2612;43965764000;41013233333;41513233333;10240;10228
2613;43965929000;41013233333;41513233333;10240;10228
2614;43966172000;41013233333;41513233333;10240;10228
2615;43966186000;41013233333;41513233333;10240;10228
2616;43966376000;41013233333;41513233333;10240;10228
2617;43966386000;41013255555;41513255555;10240;10228
2618;43966573000;41013522222;41513522222;10240;10228
2620;43966583000;41013522222;41513522222;10240;10228
2621;43966770000;41054900000;41554900000;10240;10228
2622;43966965000;41054900000;41554900000;10240;10228
2624;43967192000;41054900000;41554900000;10240;10228
2626;43967388000;41054900000;41554900000;10240;10228
2627;43967398000;41054900000;41554900000;10240;10228
2628;43967567000;41054922222;41554922222;10240;10228
2630;43967785000;41055233333;41555233333;10240;10228
2633;43968167000;41096566666;41596566666;10240;10228
2634;43968386000;41096566666;41596566666;10240;10228
2635;43989848000;41096566666;41596566666;10240;10228
2636;43990224000;41096566666;41596566666;10240;10228
2637;43990435000;41096566666;41596566666;10240;10228
2639;43990628000;41096588888;41596588888;10240;10228
2640;43990898000;41096855555;41596855555;10240;10228
2641;43991057000;41096855555;41596855555;10240;10228
2642;43991302000;41096855555;41596855555;10240;10228
2643;43991316000;41138244444;41638244444;10240;10228
2644;43991499000;41138244444;41638244444;10240;10228
2645;43991516000;41138244444;41638244444;10240;10228
2646;44360934000;41138244444;41638244444;10240;10228
2649;44361315000;41138244444;41638244444;10240;10228
2650;44361513000;41138255555;41638255555;10240;10228
2651;44361724000;41138533333;41638533333;10240;10228
2652;44361744000;41138533333;41638533333;10240;10228
2653;44361919000;41138533333;41638533333;10240;10228
2654;44361928000;41179877777;41679877777;10240;10228
2655;44362181000;41179877777;41679877777;10240;10228
2656;44362194000;41179877777;41679877777;10240;10228
2657;44362333000;41179877777;41679877777;10240;10228
2658;44362538000;41179877777;41679877777;10240;10228
2659;44362549000;41179877777;41679877777;10240;10228
2660;44362743000;41179877777;41679877777;10240;10228
2661;44362753000;41179888888;41679888888;10240;10228
2662;44362924000;41180188888;41680188888;10240;10228
2663;44363162000;41180188888;41680188888;10240;10228
2664;44363177000;41180188888;41680188888;10240;10228
2665;44363362000;41221533333;41721533333;10240;10228
2666;44363383000;41221533333;41721533333;10240;10228
2667;44363562000;41221533333;41721533333;10240;10228
2668;44363574000;41221533333;41721533333;10240;10228
2669;44363732000;41221533333;41721533333;10240;10228
2672;44363962000;41221555555;41721555555;10240;10228
2673;44364176000;41221811111;41721811111;10240;10228
2674;44364380000;41221811111;41721811111;10240;10228
2675;44364391000;41221811111;41721811111;10240;10228
2676;44364583000;41263233333;41763233333;10240;10228
2677;44364767000;41263233333;41763233333;10240;10228
2678;44364971000;41263233333;41763233333;10240;10228
2680;44364996000;41263233333;41763233333;10240;10228
2681;44365198000;41263233333;41763233333;10240;10228
2682;44365371000;41263233333;41763233333;10240;10228
2683;44365380000;41263244444;41763244444;10240;10228
2684;44365586000;41263511111;41763511111;10240;10228
2687;44365813000;41304888888;41804888888;10240;10228
2688;44365823000;41304888888;41804888888;10240;10228
2689;44365994000;41304888888;41804888888;10240;10228
2690;44366222000;41304888888;41804888888;10240;10228
2691;44366429000;41304888888;41804888888;10240;10228
2692;44366439000;41304888888;41804888888;10240;10228
2693;44366633000;41304888888;41804888888;10240;10228
2694;44366847000;41304900000;41804900000;10240;10228
2695;44366873000;41305200000;41805200000;10240;10228
2696;44367018000;41305200000;41805200000;10240;10228
2697;44367248000;41305200000;41805200000;10240;10228
2698;44367259000;41346566666;41846566666;10240;10228
2699;44367429000;41346566666;41846566666;10240;10228
2700;44367447000;41346566666;41846566666;10240;10228
2701;44367655000;41346566666;41846566666;10240;10228
2702;44367665000;41346566666;41846566666;10240;10228
2703;44367825000;41346566666;41846566666;10240;10228
2704;44368034000;41346566666;41846566666;10240;10228
2705;44368052000;41346577777;41846577777;10240;10228
2706;44368239000;41346855555;41846855555;10240;10228
2707;44368249000;41346855555;41846855555;10240;10228
2708;44368489000;41346855555;41846855555;10240;10228
2709;44368498000;41388166666;41888166666;10240;10228
2710;44368684000;41388166666;41888166666;10240;10228
2711;44368694000;41388166666;41888166666;10240;10228
2712;44368860000;41388166666;41888166666;10240;10228
2713;44369060000;41388166666;41888166666;10240;10228
2714;44390270000;41388166666;41888166666;10240;10228
2715;44390647000;41388166666;41888166666;10240;10228
2716;44390845000;41388177777;41888177777;10240;10228
2717;44391064000;41388455555;41888455555;10240;10228
2718;44391266000;41388455555;41888455555;10240;10228
2719;44391281000;41388455555;41888455555;10240;10228
2720;44391490000;41429900000;41929900000;10240;10228
2721;44391706000;41429900000;41929900000;10240;10228
2722;44391877000;41429900000;41929900000;10240;10228
2723;44392101000;41429900000;41929900000;10240;10228
2724;44392112000;41429900000;41929900000;10240;10228
2725;44761403000;41429900000;41929900000;10240;10228
2726;44761752000;41429900000;41929900000;10240;10228
2727;44761952000;41429922222;41929922222;10240;10228
2728;44761975000;41430211111;41930211111;10240;10228
2729;44762172000;41430211111;41930211111;10240;10228
2730;44762186000;41430211111;41930211111;10240;10228
2731;44762371000;41471566666;41971566666;10240;10228
2732;44762569000;41471566666;41971566666;10240;10228
2733;44762579000;41471566666;41971566666;10240;10228
2734;44762781000;41471566666;41971566666;10240;10228
2735;44762791000;41471566666;41971566666;10240;10228
2736;44762949000;41471566666;41971566666;10240;10228
2737;44763155000;41471566666;41971566666;10240;10228
2738;44763165000;41471588888;41971588888;10240;10228
2739;44763359000;41471855555;41971855555;10240;10228
2740;44763368000;41471855555;41971855555;10240;10228
2741;44763606000;41471855555;41971855555;10240;10228
2742;44763626000;41513233333;42013233333;10240;10228
2746;44764000000;41513233333;42013233333;10240;10228
2747;44764210000;41513233333;42013233333;10240;10228
2748;44764222000;41513233333;42013233333;10240;10228
2749;44764424000;41513244444;42013244444;10240;10228
2750;44764444000;41513488888;42013488888;10240;10228
2751;44764629000;41513488888;42013488888;10240;10228
2752;44764826000;41513488888;42013488888;10240;10228
2753;44764994000;41554900000;42054900000;10240;10228
2754;44765005000;41554900000;42054900000;10240;10228
2755;44765234000;41554900000;42054900000;10240;10228
2756;44765245000;41554900000;42054900000;10240;10228
2757;44765415000;41554900000;42054900000;10240;10228
2758;44765643000;41554900000;42054900000;10240;10228
2759;44765654000;41554900000;42054900000;10240;10228
2761;44765824000;41555211111;42055211111;10240;10228
2762;44766019000;41555211111;42055211111;10240;10228
2763;44766028000;41555211111;42055211111;10240;10228
2765;44766259000;41596566666;42096566666;10240;10228
2766;44766465000;41596566666;42096566666;10240;10228
2767;44766485000;41596566666;42096566666;10240;10228
2768;44766669000;41596566666;42096566666;10240;10228
2769;44766682000;41596566666;42096566666;10240;10228
2770;44766837000;41596566666;42096566666;10240;10228
2771;44767050000;41596588888;42096588888;10240;10228
2772;44767060000;41596855555;42096855555;10240;10228
2773;44767281000;41596855555;42096855555;10240;10228
2774;44767485000;41596855555;42096855555;10240;10228
2775;44767499000;41638233333;42138233333;10240;10228
2776;44767679000;41638233333;42138233333;10240;10228
2777;44767861000;41638233333;42138233333;10240;10228
2778;44767872000;41638233333;42138233333;10240;10228
2779;44768156000;41638233333;42138233333;10240;10228
2780;44768164000;41638233333;42138233333;10240;10228
2781;44768299000;41638233333;42138233333;10240;10228
2782;44768309000;41638244444;42138244444;10240;10228
2783;44768510000;41638511111;42138511111;10240;10228
2784;44768725000;41638511111;42138511111;10240;10228
2785;44768745000;41638511111;42138511111;10240;10228
2786;44768914000;41679900000;42179900000;10240;10228
2787;44768929000;41679900000;42179900000;10240;10228
2788;44769147000;41679900000;42179900000;10240;10228
2789;44769159000;41679900000;42179900000;10240;10228
2790;44769329000;41679900000;42179900000;10240;10228
2791;44769529000;41679900000;42179900000;10240;10228
2792;44769538000;41679900000;42179900000;10240;10228
2793;44790635000;41679911111;42179911111;10240;10228
2794;44791083000;41680222222;42180222222;10240;10228
2795;44791275000;41680222222;42180222222;10240;10228
2796;44791481000;41680222222;42180222222;10240;10228
2797;44791676000;41721566666;42221566666;10240;10228
2798;44791887000;41721566666;42221566666;10240;10228
2802;44792526000;41721566666;42221566666;10240;10228
2803;44792730000;41721566666;42221566666;10240;10228
2805;45162201000;41721866666;42221866666;10240;10228
2806;45162415000;41721866666;42221866666;10240;10228
2807;45162574000;41721866666;42221866666;10240;10228
2808;45162586000;41763166666;42263166666;10240;10228
2809;45162776000;41763166666;42263166666;10240;10228
2810;45163016000;41763166666;42263166666;10240;10228
2811;45163033000;41763166666;42263166666;10240;10228
2812;45163223000;41763166666;42263166666;10240;10228
2813;45163238000;41763166666;42263166666;10240;10228
2814;45163418000;41763166666;42263166666;10240;10228
2815;45163429000;41763177777;42263177777;10240;10228
2816;45163629000;41763522222;42263522222;10240;10228
2817;45163835000;41763522222;42263522222;10240;10228
2818;45163845000;41763522222;42263522222;10240;10228
2819;45164003000;41804900000;42304900000;10240;10228
2820;45164243000;41804900000;42304900000;10240;10228
2821;45164266000;41804900000;42304900000;10240;10228
2822;45164461000;41804900000;42304900000;10240;10228
2823;45164633000;41804900000;42304900000;10240;10228
2824;45164651000;41804900000;42304900000;10240;10228
2825;45164825000;41804900000;42304900000;10240;10228
2827;45164835000;41805200000;42305200000;10240;10228
2828;45165028000;41805200000;42305200000;10240;10228
2829;45165235000;41805200000;42305200000;10240;10228
2830;45165244000;41846566666;42346566666;10240;10228
2831;45165483000;41846566666;42346566666;10240;10228
2835;45165686000;41846566666;42346566666;10240;10228
2836;45165858000;41846566666;42346566666;10240;10228
2838;45166065000;41846844444;42346844444;10240;10228
2839;45166292000;41846844444;42346844444;10240;10228
2840;45166462000;41846844444;42346844444;10240;10228
2841;45166472000;41888211111;42388211111;10240;10228
2842;45166665000;41888211111;42388211111;10240;10228
2843;45166906000;41888211111;42388211111;10240;10228
2844;45166920000;41888211111;42388211111;10240;10228
2845;45167103000;41888211111;42388211111;10240;10228
2846;45167123000;41888211111;42388211111;10240;10228
2847;45167308000;41888211111;42388211111;10240;10228
2848;45167319000;41888233333;42388233333;10240;10228
2849;45167522000;41888500000;42388500000;10240;10228
2850;45167542000;41888500000;42388500000;10240;10228
2851;45167723000;41888500000;42388500000;10240;10228
2852;45167924000;41929900000;42429900000;10240;10228
2853;45167934000;41929900000;42429900000;10240;10228
2854;45168104000;41929900000;42429900000;10240;10228
2855;45168304000;41929900000;42429900000;10240;10228
2856;45168314000;41929900000;42429900000;10240;10228
2857;45168538000;41929900000;42429900000;10240;10228
2858;45168548000;41929900000;42429900000;10240;10228
2859;45168713000;41929911111;42429911111;10240;10228
2860;45168730000;41930222222;42430222222;10240;10228
2861;45168920000;41930222222;42430222222;10240;10228
2862;45169164000;41930222222;42430222222;10240;10228
2863;45169179000;41971544444;42471544444;10240;10228
2866;45169363000;41971544444;42471544444;10240;10228
2867;45169572000;41971544444;42471544444;10240;10228
2868;45169783000;41971544444;42471544444;10240;10228
2869;45169803000;41971544444;42471544444;10240;10228
2870;45169942000;41971555555;42471555555;10240;10228
2871;45170148000;41971844444;42471844444;10240;10228
2872;45191065000;41971844444;42471844444;10240;10228
2873;45191533000;41971844444;42471844444;10240;10228
2874;45191734000;42013200000;42513200000;10240;10228
2875;45191928000;42013200000;42513200000;10240;10228
2876;45192154000;42013200000;42513200000;10240;10228
2877;45192355000;42013200000;42513200000;10240;10228
2878;45192951000;42013200000;42513200000;10240;10228
2879;45193171000;42013200000;42513200000;10240;10228
2880;45193186000;42013200000;42513200000;10240;10228
2881;45193365000;42013211111;42513211111;10240;10228
2882;45193378000;42013466666;42513466666;10240;10228
2884;45562645000;42013466666;42513466666;10240;10228
2885;45562848000;42054866666;42554866666;10240;10228
2886;45563016000;42054866666;42554866666;10240;10228
2887;45563258000;42054866666;42554866666;10240;10228
2888;45563273000;42054866666;42554866666;10240;10228
2889;45563462000;42054866666;42554866666;10240;10228
2890;45563665000;42054866666;42554866666;10240;10228
2891;45563674000;42054866666;42554866666;10240;10228
2892;45563870000;42054877777;42554877777;10240;10228
2893;45563881000;42055177777;42555177777;10240;10228
2894;45564051000;42055177777;42555177777;10240;10228
2895;45564061000;42055177777;42555177777;10240;10228
2896;45564289000;42096566666;42596566666;10240;10228
2897;45564451000;42096566666;42596566666;10240;10228
2898;45564462000;42096566666;42596566666;10240;10228
2899;45564687000;42096566666;42596566666;10240;10228
2902;45565080000;42096566666;42596566666;10240;10228
2904;45565269000;42096844444;42596844444;10240;10228
2905;45565479000;42096844444;42596844444;10240;10228
2906;45565491000;42096844444;42596844444;10240;10228
2907;45565682000;42138233333;42638233333;10240;10228
2908;45565899000;42138233333;42638233333;10240;10228
2909;45565918000;42138233333;42638233333;10240;10228
2910;45566081000;42138233333;42638233333;10240;10228
2911;45566100000;42138233333;42638233333;10240;10228
2912;45566296000;42138233333;42638233333;10240;10228
2913;45566512000;42138233333;42638233333;10240;10228
2914;45566531000;42138244444;42638244444;10240;10228
2915;45566706000;42138511111;42638511111;10240;10228
2916;45566718000;42138511111;42638511111;10240;10228
2917;45566916000;42138511111;42638511111;10240;10228
2918;45566939000;42179900000;42679900000;10240;10228
2919;45567083000;42179900000;42679900000;10240;10228
2920;45567331000;42179900000;42679900000;10240;10228
2921;45567351000;42179900000;42679900000;10240;10228
2923;45567527000;42179900000;42679900000;10240;10228
2924;45567542000;42179900000;42679900000;10240;10228
2925;45567732000;42179922222;42679922222;10240;10228
2926;45567742000;42180211111;42680211111;10240;10228
2927;45567901000;42180211111;42680211111;10240;10228
2928;45568141000;42180211111;42680211111;10240;10228
2929;45568153000;42221566666;42721566666;10240;10228
2930;45568344000;42221566666;42721566666;10240;10228
2931;45568359000;42221566666;42721566666;10240;10228
2932;45568553000;42221566666;42721566666;10240;10228
2933;45568575000;42221566666;42721566666;10240;10228
2934;45568747000;42221566666;42721566666;10240;10228
2935;45568927000;42221566666;42721566666;10240;10228
2936;45568938000;42221577777;42721577777;10240;10228
2937;45569161000;42221833333;42721833333;10240;10228
2938;45569171000;42221833333;42721833333;10240;10228
2939;45569379000;42221833333;42721833333;10240;10228
2941;45569573000;42263233333;42763233333;10240;10228
2942;45569779000;42263233333;42763233333;10240;10228
2943;45569790000;42263233333;42763233333;10240;10228
2944;45569949000;42263233333;42763233333;10240;10228
2945;45570190000;42263233333;42763233333;10240;10228
2946;45570200000;42263233333;42763233333;10240;10228
2947;45570395000;42263244444;42763244444;10240;10228
2948;45570406000;42263500000;42763500000;10240;10228
2949;45570602000;42263500000;42763500000;10240;10228
2950;45570621000;42263500000;42763500000;10240;10228
2951;45591474000;42304900000;42804900000;10240;10228
2952;45591946000;42304900000;42804900000;10240;10228
2953;45592151000;42304900000;42804900000;10240;10228
2954;45592355000;42304900000;42804900000;10240;10228
2955;45592560000;42304900000;42804900000;10240;10228
2956;45592766000;42304900000;42804900000;10240;10228
2957;45593355000;42304900000;42804900000;10240;10228
2958;45593570000;42304922222;42804922222;10240;10228
2959;45593772000;42305200000;42805200000;10240;10228
2960;45593783000;42305200000;42805200000;10240;10228
2961;45593969000;42305200000;42805200000;10240;10228
2962;45963125000;42346566666;42846566666;10240;10228
2963;45963331000;42346566666;42846566666;10240;10228
2964;45963346000;42346566666;42846566666;10240;10228
2965;45963527000;42346566666;42846566666;10240;10228
2966;45963729000;42346566666;42846566666;10240;10228
2967;45963928000;42346566666;42846566666;10240;10228
2968;45963938000;42346566666;42846566666;10240;10228
2969;45964150000;42346588888;42846588888;10240;10228
2970;45964166000;42346855555;42846855555;10240;10228
2971;45964346000;42346855555;42846855555;10240;10228
2972;45964542000;42346855555;42846855555;10240;10228
2973;45964557000;42388200000;42888200000;10240;10228
2974;45964754000;42388200000;42888200000;10240;10228
2975;45964765000;42388200000;42888200000;10240;10228
2976;45964935000;42388200000;42888200000;10240;10228
2977;45965180000;42388200000;42888200000;10240;10228
2978;45965202000;42388200000;42888200000;10240;10228
2979;45965467000;42388200000;42888200000;10240;10228
2980;45965707000;42388211111;42888211111;10240;10228
2981;45965728000;42388500000;42888500000;10240;10228
2982;45965922000;42388500000;42888500000;10240;10228
2983;45965940000;42388500000;42888500000;10240;10228
2984;45966113000;42429900000;42929900000;10240;10228
2985;45966312000;42429900000;42929900000;10240;10228
2986;45966323000;42429900000;42929900000;10240;10228
2987;45966533000;42429900000;42929900000;10240;10228
2988;45966554000;42429900000;42929900000;10240;10228
2989;45966737000;42429900000;42929900000;10240;10228
2990;45966897000;42429900000;42929900000;10240;10228
2991;45966906000;42429911111;42929911111;10240;10228
2992;45967138000;42430200000;42930200000;10240;10228
2993;45967149000;42430200000;42930200000;10240;10228
2994;45967319000;42430200000;42930200000;10240;10228
2995;45967338000;42471566666;42971566666;10240;10228
2996;45967546000;42471566666;42971566666;10240;10228
2997;45967557000;42471566666;42971566666;10240;10228
2998;45967760000;42471566666;42971566666;10240;10228
3001;45967923000;42471566666;42971566666;10240;10228
3002;45968155000;42471577777;42971577777;10240;10228
3003;45968166000;42471844444;42971844444;10240;10228
3004;45968369000;42471844444;42971844444;10240;10228
3005;45968381000;42471844444;42971844444;10240;10228
3006;45968579000;42513233333;43013233333;10240;10228
3007;45968752000;42513233333;43013233333;10240;10228
3008;45968770000;42513233333;43013233333;10240;10228
3009;45968946000;42513233333;43013233333;10240;10228
3011;45969153000;42513233333;43013233333;10240;10228
3012;45969163000;42513233333;43013233333;10240;10228
3013;45969391000;42513244444;43013244444;10240;10228
3014;45969401000;42513477777;43013477777;10240;10228
3015;45969600000;42513477777;43013477777;10240;10228
3016;45969619000;42513477777;43013477777;10240;10228
3017;45969800000;42554900000;43054900000;10240;10228
3018;45969810000;42554900000;43054900000;10240;10228
3019;45969970000;42554900000;43054900000;10240;10228
3020;45970209000;42554900000;43054900000;10240;10228
3021;45970220000;42554900000;43054900000;10240;10228
3022;45970423000;42554900000;43054900000;10240;10228
3023;45970628000;42554900000;43054900000;10240;10228
3024;45970647000;42554911111;43054911111;10240;10228
3025;45970789000;42555200000;43055200000;10240;10228
3026;45970800000;42555200000;43055200000;10240;10228
3028;45970993000;42596566666;43096566666;10240;10228
3029;45971236000;42596566666;43096566666;10240;10228
3030;45991936000;42596566666;43096566666;10240;10228
3031;45992386000;42596566666;43096566666;10240;10228
3033;45992796000;42596566666;43096566666;10240;10228
3034;45993006000;42596566666;43096566666;10240;10228
3035;45993221000;42596577777;43096577777;10240;10228
3036;45993801000;42596844444;43096844444;10240;10228
3037;45993994000;42596844444;43096844444;10240;10228
3038;45994215000;42596844444;43096844444;10240;10228
3039;45994410000;42638233333;43138233333;10240;10228
3040;45994421000;42638233333;43138233333;10240;10228
3041;46363607000;42638233333;43138233333;10240;10228
3042;46363804000;42638233333;43138233333;10240;10228
3043;46364010000;42638233333;43138233333;10240;10228
3044;46364031000;42638233333;43138233333;10240;10228
3045;46364226000;42638233333;43138233333;10240;10228
3046;46364426000;42638244444;43138244444;10240;10228
3048;46364623000;42638511111;43138511111;10240;10228
3049;46364828000;42638511111;43138511111;10240;10228
3050;46364839000;42679900000;43179900000;10240;10228
3051;46364996000;42679900000;43179900000;10240;10228
3052;46365229000;42679900000;43179900000;10240;10228
3053;46365240000;42679900000;43179900000;10240;10228
3054;46365441000;42679900000;43179900000;10240;10228
3055;46365452000;42679900000;43179900000;10240;10228
3056;46365645000;42679900000;43179900000;10240;10228
3057;46365851000;42679911111;43179911111;10240;10228
3058;46366019000;42680211111;43180211111;10240;10228
3059;46366257000;42680211111;43180211111;10240;10228
3060;46366266000;42680211111;43180211111;10240;10228
3061;46366440000;42721566666;43221566666;10240;10228
3062;46366680000;42721566666;43221566666;10240;10228
3063;46366700000;42721566666;43221566666;10240;10228
3064;46366840000;42721566666;43221566666;10240;10228
3066;46367065000;42721566666;43221566666;10240;10228
3067;46367076000;42721566666;43221566666;10240;10228
3068;46367284000;42721577777;43221577777;10240;10228
3069;46367489000;42721855555;43221855555;10240;10228
3070;46367498000;42721855555;43221855555;10240;10228
3071;46367694000;42721855555;43221855555;10240;10228
3072;46367703000;42763200000;43263200000;10240;10228
3073;46367874000;42763200000;43263200000;10240;10228
3074;46368094000;42763200000;43263200000;10240;10228
3075;46368109000;42763200000;43263200000;10240;10228
3076;46368284000;42763200000;43263200000;10240;10228
3077;46368304000;42763200000;43263200000;10240;10228
3078;46368509000;42763200000;43263200000;10240;10228
3079;46368519000;42763222222;43263222222;10240;10228
3080;46368693000;42763511111;43263511111;10240;10228
3082;46368924000;42763511111;43263511111;10240;10228
3083;46368944000;42804900000;43304900000;10240;10228
3084;46369119000;42804900000;43304900000;10240;10228
3085;46369130000;42804900000;43304900000;10240;10228
3086;46369331000;42804900000;43304900000;10240;10228
3087;46369342000;42804900000;43304900000;10240;10228
3088;46369534000;42804900000;43304900000;10240;10228
3089;46369750000;42804900000;43304900000;10240;10228
3090;46369769000;42804911111;43304911111;10240;10228
3091;46369911000;42805188888;43305188888;10240;10228
3092;46370161000;42805188888;43305188888;10240;10228
3093;46370171000;42805188888;43305188888;10240;10228
3094;46370357000;42846566666;43346566666;10240;10228
3095;46370371000;42846566666;43346566666;10240;10228
3096;46370537000;42846566666;43346566666;10240;10228
3097;46370555000;42846566666;43346566666;10240;10228
3098;46370767000;42846566666;43346566666;10240;10228
3099;46370776000;42846566666;43346566666;10240;10228
3100;46370934000;42846566666;43346566666;10240;10228
3101;46371174000;42846577777;43346577777;10240;10228
3102;46371188000;42846833333;43346833333;10240;10228
3103;46371394000;42846833333;43346833333;10240;10228
3104;46371412000;42846833333;43346833333;10240;10228
3105;46371585000;42888233333;43388233333;10240;10228
3106;46371594000;42888233333;43388233333;10240;10228
3107;46371754000;42888233333;43388233333;10240;10228
3108;46371968000;42888233333;43388233333;10240;10228
3109;46392401000;42888233333;43388233333;10240;10228
3110;46392817000;42888233333;43388233333;10240;10228
3111;46393233000;42888233333;43388233333;10240;10228
3112;46393435000;42888244444;43388244444;10240;10228
3113;46393451000;42888511111;43388511111;10240;10228
3114;46393636000;42888511111;43388511111;10240;10228
3115;46394256000;42888511111;43388511111;10240;10228
3116;46394459000;42929900000;43429900000;10240;10228
3117;46394661000;42929900000;43429900000;10240;10228
3118;46394867000;42929900000;43429900000;10240;10228
3119;46395035000;42929900000;43429900000;10240;10228
3120;46764077000;42929900000;43429900000;10240;10228
3121;46764287000;42929900000;43429900000;10240;10228
3122;46764485000;42929900000;43429900000;10240;10228
3123;46764685000;42929911111;43429911111;10240;10228
3124;46764709000;42930211111;43430211111;10240;10228
3125;46764889000;42930211111;43430211111;10240;10228
3126;46765077000;42930211111;43430211111;10240;10228
3127;46765305000;42971566666;43471566666;10240;10228
3128;46765319000;42971566666;43471566666;10240;10228
3129;46765506000;42971566666;43471566666;10240;10228
3130;46765516000;42971566666;43471566666;10240;10228
3131;46765711000;42971566666;43471566666;10240;10228
3132;46765880000;42971566666;43471566666;10240;10228
3133;46765891000;42971566666;43471566666;10240;10228
3134;46766123000;42971577777;43471577777;10240;10228
3135;46766138000;42971855555;43471855555;10240;10228
3136;46766290000;42971855555;43471855555;10240;10228
3137;46766540000;42971855555;43471855555;10240;10228
3138;46766742000;43013233333;43513233333;10240;10228
3141;46767115000;43013233333;43513233333;10240;10228
3142;46767325000;43013233333;43513233333;10240;10228
3144;46767556000;43013233333;43513233333;10240;10228
3145;46767768000;43013244444;43513244444;10240;10228
3146;46767791000;43013500000;43513500000;10240;10228
3147;46767936000;43013500000;43513500000;10240;10228
3148;46768171000;43013500000;43513500000;10240;10228
3149;46768186000;43054900000;43554900000;10240;10228
3150;46768355000;43054900000;43554900000;10240;10228
3151;46768376000;43054900000;43554900000;10240;10228
3152;46768599000;43054900000;43554900000;10240;10228
3153;46768619000;43054900000;43554900000;10240;10228
3154;46768788000;43054900000;43554900000;10240;10228
3155;46768959000;43054900000;43554900000;10240;10228
3156;46768969000;43054911111;43554911111;10240;10228
3157;46769198000;43055211111;43555211111;10240;10228
3158;46769209000;43055211111;43555211111;10240;10228
3159;46769370000;43055211111;43555211111;10240;10228
3160;46769381000;43096566666;43596566666;10240;10228
3161;46769607000;43096566666;43596566666;10240;10228
3162;46769619000;43096566666;43596566666;10240;10228
3163;46769810000;43096566666;43596566666;10240;10228
3164;46769984000;43096566666;43596566666;10240;10228
3165;46769993000;43096566666;43596566666;10240;10228
3166;46770237000;43096566666;43596566666;10240;10228
3167;46770255000;43096577777;43596577777;10240;10228
3168;46770426000;43096855555;43596855555;10240;10228
3169;46770438000;43096855555;43596855555;10240;10228
3170;46770640000;43096855555;43596855555;10240;10228
3171;46770847000;43138233333;43638233333;10240;10228
3172;46770867000;43138233333;43638233333;10240;10228
3173;46771011000;43138233333;43638233333;10240;10228
3174;46771020000;43138233333;43638233333;10240;10228
3175;46771249000;43138233333;43638233333;10240;10228
3176;46771452000;43138233333;43638233333;10240;10228
3177;46771462000;43138233333;43638233333;10240;10228
3178;46771654000;43138255555;43638255555;10240;10228
3179;46771665000;43138522222;43638522222;10240;10228
3180;46771836000;43138522222;43638522222;10240;10228
3181;46771856000;43138522222;43638522222;10240;10228
3182;46772030000;43179866666;43679866666;10240;10228
3183;46772271000;43179866666;43679866666;10240;10228
3184;46772281000;43179866666;43679866666;10240;10228
3185;46772474000;43179866666;43679866666;10240;10228
3186;46772485000;43179866666;43679866666;10240;10228
3187;46772688000;43179866666;43679866666;10240;10228
3188;46792850000;43179866666;43679866666;10240;10228
3189;46793180000;43179888888;43679888888;10240;10228
3190;46793677000;43180200000;43680200000;10240;10228
3191;46793874000;43180200000;43680200000;10240;10228
3192;46794075000;43180200000;43680200000;10240;10228
3193;46794085000;43221566666;43721566666;10240;10228
3194;46794663000;43221566666;43721566666;10240;10228
3195;46794859000;43221566666;43721566666;10240;10228
3196;46795035000;43221566666;43721566666;10240;10228
3199;47164559000;43221566666;43721566666;10240;10228
3200;47164755000;43221577777;43721577777;10240;10228
3201;47164956000;43221844444;43721844444;10240;10228
3202;47165176000;43221844444;43721844444;10240;10228
3203;47165373000;43221844444;43721844444;10240;10228
3204;47165384000;43263233333;43763233333;10240;10228
3205;47165575000;43263233333;43763233333;10240;10228
3206;47165777000;43263233333;43763233333;10240;10228
3207;47165952000;43263233333;43763233333;10240;10228
3208;47165961000;43263233333;43763233333;10240;10228
3209;47166189000;43263233333;43763233333;10240;10228
3210;47166199000;43263233333;43763233333;10240;10228
3211;47166391000;43263244444;43763244444;10240;10228
3212;47166403000;43263511111;43763511111;10240;10228
3213;47166573000;43263511111;43763511111;10240;10228
3214;47166805000;43263511111;43763511111;10240;10228
3215;47166814000;43304900000;43804900000;10240;10228
3216;47166976000;43304900000;43804900000;10240;10228
3217;47167212000;43304900000;43804900000;10240;10228
3218;47167543000;43304900000;43804900000;10240;10228
3219;47167752000;43304900000;43804900000;10240;10228
3220;47167763000;43304900000;43804900000;10240;10228
3221;47167922000;43304900000;43804900000;10240;10228
3222;47168163000;43304911111;43804911111;10240;10228
3223;47168181000;43305211111;43805211111;10240;10228
3224;47168381000;43305211111;43805211111;10240;10228
3225;47168401000;43305211111;43805211111;10240;10228
3226;47168572000;43346566666;43846566666;10240;10228
3227;47168583000;43346566666;43846566666;10240;10228
3228;47168775000;43346566666;43846566666;10240;10228
3229;47168948000;43346566666;43846566666;10240;10228
3230;47168957000;43346566666;43846566666;10240;10228
3231;47169182000;43346566666;43846566666;10240;10228
3232;47169192000;43346566666;43846566666;10240;10228
3233;47169409000;43346577777;43846577777;10240;10228
3553;47169588000;44555266666;45055266666;10240;10228
3554;47169767000;44555266666;45055266666;10240;10228
3555;47169982000;44555266666;45055266666;10240;10228
3556;47170002000;44596566666;45096566666;10240;10228
3559;47170219000;44596566666;45096566666;10240;10228
3560;47170230000;44596566666;45096566666;10240;10228
3561;47170415000;44596566666;45096566666;10240;10228
3565;47170619000;44596866666;45096866666;10240;10228
3566;47170796000;44596866666;45096866666;10240;10228
3567;47171000000;44638233333;45138233333;10240;10228
3568;47171235000;44638233333;45138233333;10240;10228
3569;47171246000;44638233333;45138233333;10240;10228
3570;47171411000;44638233333;45138233333;10240;10228
3571;47171634000;44638233333;45138233333;10240;10228
3572;47171646000;44638233333;45138233333;10240;10228
3573;47171855000;44638233333;45138233333;10240;10228
3574;47171872000;44638244444;45138244444;10240;10228
3575;47172026000;44638522222;45138522222;10240;10228
3576;47172264000;44638522222;45138522222;10240;10228
3577;47172277000;44638522222;45138522222;10240;10228
3578;47172462000;44679900000;45179900000;10240;10228
3579;47172475000;44679900000;45179900000;10240;10228
3580;47172684000;44679900000;45179900000;10240;10228
3581;47172706000;44679900000;45179900000;10240;10228
3582;47172843000;44679900000;45179900000;10240;10228
3583;47173057000;44679900000;45179900000;10240;10228
3584;47173069000;44679900000;45179900000;10240;10228
3585;47173287000;44679911111;45179911111;10240;10228
3586;47193298000;44680222222;45180222222;10240;10228
3587;47193615000;44680222222;45180222222;10240;10228
3588;47194155000;44680222222;45180222222;10240;10228
3589;47194329000;44721566666;45221566666;10240;10228
3590;47194529000;44721566666;45221566666;10240;10228
3591;47194727000;44721566666;45221566666;10240;10228
3592;47195108000;44721566666;45221566666;10240;10228
3593;47195314000;44721566666;45221566666;10240;10228
3594;47195511000;44721566666;45221566666;10240;10228
3595;47565035000;44721566666;45221566666;10240;10228
3596;47565237000;44721577777;45221577777;10240;10228
3597;47565264000;44721866666;45221866666;10240;10228
3598;47565448000;44721866666;45221866666;10240;10228
3599;47565462000;44721866666;45221866666;10240;10228
3600;47565642000;44763211111;45263211111;10240;10228
3601;47565847000;44763211111;45263211111;10240;10228
3602;47566017000;44763211111;45263211111;10240;10228
3603;47566028000;44763211111;45263211111;10240;10228
3604;47566266000;44763211111;45263211111;10240;10228
3605;47566463000;44763211111;45263211111;10240;10228
3606;47566474000;44763211111;45263211111;10240;10228
3607;47566666000;44763222222;45263222222;10240;10228
3608;47566903000;44763533333;45263533333;10240;10228
3609;47566924000;44763533333;45263533333;10240;10228
3610;47567041000;44763533333;45263533333;10240;10228
3611;47567056000;44804900000;45304900000;10240;10228
3612;47567280000;44804900000;45304900000;10240;10228
3613;47567460000;44804900000;45304900000;10240;10228
3614;47567480000;44804900000;45304900000;10240;10228
3615;47567688000;44804900000;45304900000;10240;10228
3616;47567946000;44804900000;45304900000;10240;10228
3618;47568171000;44804911111;45304911111;10240;10228
3619;47568378000;44805211111;45305211111;10240;10228
3620;47568581000;44805211111;45305211111;10240;10228
3621;47568795000;44805211111;45305211111;10240;10228
3622;47568814000;44846566666;45346566666;10240;10228
3623;47568955000;44846566666;45346566666;10240;10228
3624;47569196000;44846566666;45346566666;10240;10228
3625;47569206000;44846566666;45346566666;10240;10228
3626;47569379000;44846566666;45346566666;10240;10228
3627;47569398000;44846566666;45346566666;10240;10228
3628;47569601000;44846566666;45346566666;10240;10228
3629;47569612000;44846577777;45346577777;10240;10228
3630;47569777000;44846855555;45346855555;10240;10228
3631;47570019000;44846855555;45346855555;10240;10228
3632;47570039000;44846855555;45346855555;10240;10228
3633;47570213000;44888233333;45388233333;10240;10228
3634;47570425000;44888233333;45388233333;10240;10228
3635;47570622000;44888233333;45388233333;10240;10228
3636;47570633000;44888233333;45388233333;10240;10228
3637;47570834000;44888233333;45388233333;10240;10228
3638;47570844000;44888233333;45388233333;10240;10228
3639;47571015000;44888233333;45388233333;10240;10228
3640;47571243000;44888244444;45388244444;10240;10228
3641;47571254000;44888522222;45388522222;10240;10228
3642;47571449000;44888522222;45388522222;10240;10228
3643;47571460000;44888522222;45388522222;10240;10228
3644;47571619000;44929900000;45429900000;10240;10228
3645;47571862000;44929900000;45429900000;10240;10228
3646;47571871000;44929900000;45429900000;10240;10228
3647;47572031000;44929900000;45429900000;10240;10228
3648;47572040000;44929900000;45429900000;10240;10228
3649;47572235000;44929900000;45429900000;10240;10228
3650;47572249000;44929900000;45429900000;10240;10228
3651;47572475000;44929911111;45429911111;10240;10228
3652;47572497000;44930233333;45430233333;10240;10228
3653;47572689000;44930233333;45430233333;10240;10228
3654;47572894000;44930233333;45430233333;10240;10228
3655;47572912000;44971566666;45471566666;10240;10228
3656;47573058000;44971566666;45471566666;10240;10228
3657;47573067000;44971566666;45471566666;10240;10228
3658;47573295000;44971566666;45471566666;10240;10228
3659;47573305000;44971566666;45471566666;10240;10228
3661;47573498000;44971566666;45471566666;10240;10228
3662;47573508000;44971577777;45471577777;10240;10228
3663;47573701000;44971866666;45471866666;10240;10228
3664;47573916000;44971866666;45471866666;10240;10228
3665;47593731000;44971866666;45471866666;10240;10228
3666;47594030000;45013233333;45513233333;10240;10228
3667;47594563000;45013233333;45513233333;10240;10228
3668;47594768000;45013233333;45513233333;10240;10228
3669;47594967000;45013233333;45513233333;10240;10228
3670;47595187000;45013233333;45513233333;10240;10228
3671;47595531000;45013233333;45513233333;10240;10228
3672;47595728000;45013233333;45513233333;10240;10228
3673;47595929000;45013255555;45513255555;10240;10228
3674;47965512000;45013522222;45513522222;10240;10228
3675;47965709000;45013522222;45513522222;10240;10228
3676;47965915000;45013522222;45513522222;10240;10228
3677;47965937000;45054900000;45554900000;10240;10228
3678;47966126000;45054900000;45554900000;10240;10228
3679;47966336000;45054900000;45554900000;10240;10228
3680;47966348000;45054900000;45554900000;10240;10228
3681;47966522000;45054900000;45554900000;10240;10228
3682;47966731000;45054900000;45554900000;10240;10228
3683;47966742000;45054900000;45554900000;10240;10228
3685;47966928000;45055222222;45555222222;10240;10228
3688;47967310000;45096566666;45596566666;10240;10228
3689;47967523000;45096566666;45596566666;10240;10228
3690;47967734000;45096566666;45596566666;10240;10228
3691;47967753000;45096566666;45596566666;10240;10228
3692;47967919000;45096566666;45596566666;10240;10228
3693;47968144000;45096566666;45596566666;10240;10228
3694;47968339000;45096566666;45596566666;10240;10228
3695;47968350000;45096577777;45596577777;10240;10228
3696;47968558000;45096844444;45596844444;10240;10228
3697;47968796000;45096844444;45596844444;10240;10228
3698;47968807000;45096844444;45596844444;10240;10228
3699;47968967000;45138233333;45638233333;10240;10228
3700;47969207000;45138233333;45638233333;10240;10228
3701;47969432000;45138233333;45638233333;10240;10228
3702;47969442000;45138233333;45638233333;10240;10228
3703;47969619000;45138233333;45638233333;10240;10228
3704;47969819000;45138233333;45638233333;10240;10228
3705;47969829000;45138233333;45638233333;10240;10228
3706;47969988000;45138244444;45638244444;10240;10228
3707;47970230000;45138511111;45638511111;10240;10228
3708;47970242000;45138511111;45638511111;10240;10228
3709;47970410000;45138511111;45638511111;10240;10228
3710;47970429000;45179866666;45679866666;10240;10228
3711;47970631000;45179866666;45679866666;10240;10228
3712;47970845000;45179866666;45679866666;10240;10228
3713;47970854000;45179866666;45679866666;10240;10228
3714;47971015000;45179866666;45679866666;10240;10228
3715;47971253000;45179866666;45679866666;10240;10228
3716;47971265000;45179866666;45679866666;10240;10228
3717;47971422000;45179888888;45679888888;10240;10228
3718;47971662000;45180177777;45680177777;10240;10228
3719;47971672000;45180177777;45680177777;10240;10228
3720;47971859000;45180177777;45680177777;10240;10228
3721;47971870000;45221533333;45721533333;10240;10228
3722;47972037000;45221533333;45721533333;10240;10228
3723;47972273000;45221533333;45721533333;10240;10228
3724;47972283000;45221533333;45721533333;10240;10228
3725;47972494000;45221533333;45721533333;10240;10228
3726;47972512000;45221533333;45721533333;10240;10228
3727;47972688000;45221533333;45721533333;10240;10228
3728;47972697000;45221544444;45721544444;10240;10228
3729;47972901000;45221800000;45721800000;10240;10228
3731;47973085000;45221800000;45721800000;10240;10228
3732;47973096000;45263233333;45763233333;10240;10228
3733;47973310000;45263233333;45763233333;10240;10228
3734;47973497000;45263233333;45763233333;10240;10228
3735;47973751000;45263233333;45763233333;10240;10228
3736;47973770000;45263233333;45763233333;10240;10228
3737;47973915000;45263233333;45763233333;10240;10228
3738;47974098000;45263233333;45763233333;10240;10228
3739;47974109000;45263244444;45763244444;10240;10228
3740;47974324000;45263500000;45763500000;10240;10228
3741;47974336000;45263500000;45763500000;10240;10228
3743;47974528000;45304900000;45804900000;10240;10228
3744;47994201000;45304900000;45804900000;10240;10228
3745;47994510000;45304900000;45804900000;10240;10228
3746;47995009000;45304900000;45804900000;10240;10228
3747;47995226000;45304900000;45804900000;10240;10228
3748;47995431000;45304900000;45804900000;10240;10228
3749;47995631000;45304900000;45804900000;10240;10228
3750;47995890000;45304911111;45804911111;10240;10228
3752;47996374000;45305211111;45805211111;10240;10228
3753;48222852000;45305211111;45805211111;10240;10228
3754;48366138000;45346566666;45846566666;10240;10228
3755;48366347000;45346566666;45846566666;10240;10228
3756;48366551000;45346566666;45846566666;10240;10228
3757;48366562000;45346566666;45846566666;10240;10228
3758;48366749000;45346566666;45846566666;10240;10228
3759;48366952000;45346566666;45846566666;10240;10228
3760;48367174000;45346566666;45846566666;10240;10228
3762;48367188000;45346855555;45846855555;10240;10228
3763;48367361000;45346855555;45846855555;10240;10228
3764;48367572000;45346855555;45846855555;10240;10228
3765;48367741000;45388233333;45888233333;10240;10228
3766;48367946000;45388233333;45888233333;10240;10228
3767;48368152000;45388233333;45888233333;10240;10228
3768;48368163000;45388233333;45888233333;10240;10228
3769;48368390000;45388233333;45888233333;10240;10228
3770;48368401000;45388233333;45888233333;10240;10228
3771;48368595000;45388233333;45888233333;10240;10228
3772;48368606000;45388255555;45888255555;10240;10228
3773;48368798000;45388522222;45888522222;10240;10228
3774;48368970000;45388522222;45888522222;10240;10228
3775;48368980000;45388522222;45888522222;10240;10228
3776;48369201000;45429900000;45929900000;10240;10228
3777;48369417000;45429900000;45929900000;10240;10228
3778;48369426000;45429900000;45929900000;10240;10228
3779;48369612000;45429900000;45929900000;10240;10228
3780;48369788000;45429900000;45929900000;10240;10228
3781;48369993000;45429900000;45929900000;10240;10228
3782;48370233000;45429900000;45929900000;10240;10228
3783;48370245000;45429911111;45929911111;10240;10228
3784;48370431000;45430211111;45930211111;10240;10228
3785;48370442000;45430211111;45930211111;10240;10228
3786;48370646000;45430211111;45930211111;10240;10228
3787;48370832000;45471566666;45971566666;10240;10228
3788;48371041000;45471566666;45971566666;10240;10228
3789;48371060000;45471566666;45971566666;10240;10228
3790;48371253000;45471566666;45971566666;10240;10228
3791;48371263000;45471566666;45971566666;10240;10228
3792;48371464000;45471566666;45971566666;10240;10228
3793;48371473000;45471566666;45971566666;10240;10228
3794;48371652000;45471577777;45971577777;10240;10228
3795;48371837000;45471844444;45971844444;10240;10228
3796;48371848000;45471844444;45971844444;10240;10228
3797;48372085000;45471844444;45971844444;10240;10228
3798;48372281000;45513233333;46013233333;10240;10228
3799;48372291000;45513233333;46013233333;10240;10228
3800;48372495000;45513233333;46013233333;10240;10228
3801;48372668000;45513233333;46013233333;10240;10228
3802;48372686000;45513233333;46013233333;10240;10228
3803;48372896000;45513233333;46013233333;10240;10228
3804;48372906000;45513233333;46013233333;10240;10228
3805;48373095000;45513244444;46013244444;10240;10228
3806;48373105000;45513488888;46013488888;10240;10228
3807;48373305000;45513488888;46013488888;10240;10228
3808;48373476000;45513488888;46013488888;10240;10228
3809;48373486000;45554900000;46054900000;10240;10228
3810;48373689000;45554900000;46054900000;10240;10228
3811;48373918000;45554900000;46054900000;10240;10228
3812;48373932000;45554900000;46054900000;10240;10228
3813;48374131000;45554900000;46054900000;10240;10228
3814;48374162000;45554900000;46054900000;10240;10228
3815;48374294000;45554900000;46054900000;10240;10228
3816;48374532000;45554922222;46054922222;10240;10228
3817;48374747000;45555211111;46055211111;10240;10228
3818;48374768000;45555211111;46055211111;10240;10228
3819;48374919000;45555211111;46055211111;10240;10228
3820;48375163000;45596566666;46096566666;10240;10228
3821;48375174000;45596566666;46096566666;10240;10228
3822;48375363000;45596566666;46096566666;10240;10228
3823;48394625000;45596566666;46096566666;10240;10228
3825;48395440000;45596566666;46096566666;10240;10228
3826;48395645000;45596566666;46096566666;10240;10228
3827;48395843000;45596577777;46096577777;10240;10228
3828;48396057000;45596855555;46096855555;10240;10228
3830;48396821000;45596855555;46096855555;10240;10228
3831;48397017000;45638233333;46138233333;10240;10228
3832;48623334000;45638233333;46138233333;10240;10228
3833;48766212000;45638233333;46138233333;10240;10228
3834;48766793000;45638233333;46138233333;10240;10228
3835;48766991000;45638233333;46138233333;10240;10228
3836;48767204000;45638233333;46138233333;10240;10228
3837;48767231000;45638233333;46138233333;10240;10228
3838;48767414000;45638244444;46138244444;10240;10228
3839;48767610000;45638511111;46138511111;10240;10228
3840;48767816000;45638511111;46138511111;10240;10228
3841;48767826000;45638511111;46138511111;10240;10228
3842;48767985000;45679900000;46179900000;10240;10228
3843;48768234000;45679900000;46179900000;10240;10228
3844;48768249000;45679900000;46179900000;10240;10228
3845;48768428000;45679900000;46179900000;10240;10228
3846;48768633000;45679900000;46179900000;10240;10228
3847;48768848000;45679900000;46179900000;10240;10228
3848;48768868000;45679900000;46179900000;10240;10228
3849;48769007000;45679911111;46179911111;10240;10228
3850;48769247000;45680222222;46180222222;10240;10228
3851;48769258000;45680222222;46180222222;10240;10228
3852;48769451000;45680222222;46180222222;10240;10228
3853;48769461000;45721566666;46221566666;10240;10228
3854;48769648000;45721566666;46221566666;10240;10228
3855;48769660000;45721566666;46221566666;10240;10228
3856;48769873000;45721566666;46221566666;10240;10228
3857;48770032000;45721566666;46221566666;10240;10228
3858;48770041000;45721566666;46221566666;10240;10228
3859;48770237000;45721566666;46221566666;10240;10228
3860;48770473000;45721577777;46221577777;10240;10228
3861;48770691000;45721855555;46221855555;10240;10228
3863;48770860000;45721855555;46221855555;10240;10228
3864;48771063000;45763211111;46263211111;10240;10228
3865;48771074000;45763211111;46263211111;10240;10228
3866;48771304000;45763211111;46263211111;10240;10228
3867;48771509000;45763211111;46263211111;10240;10228
3868;48771698000;45763211111;46263211111;10240;10228
3869;48771709000;45763211111;46263211111;10240;10228
3870;48771875000;45763211111;46263211111;10240;10228
3871;48771886000;45763300000;46263300000;10240;10228
3872;48772112000;45763655555;46263655555;10240;10228
3873;48772125000;45763655555;46263655555;10240;10228
3874;48772317000;45763655555;46263655555;10240;10228
3875;48772524000;45804900000;46304900000;10240;10228
3877;48772703000;45804900000;46304900000;10240;10228
3878;48772897000;45804900000;46304900000;10240;10228
3879;48773137000;45804900000;46304900000;10240;10228
3880;48773152000;45804900000;46304900000;10240;10228
3881;48773341000;45804900000;46304900000;10240;10228
3882;48773356000;45804911111;46304911111;10240;10228
3883;48773534000;45805200000;46305200000;10240;10228
3884;48773543000;45805200000;46305200000;10240;10228
3885;48773718000;45805200000;46305200000;10240;10228
3886;48773922000;45846566666;46346566666;10240;10228
3887;48773933000;45846566666;46346566666;10240;10228
3888;48774160000;45846566666;46346566666;10240;10228
3891;48774359000;45846566666;46346566666;10240;10228
3892;48774546000;45846566666;46346566666;10240;10228
3893;48774785000;45846577777;46346577777;10240;10228
3894;48774811000;45846844444;46346844444;10240;10228
3895;48774945000;45846844444;46346844444;10240;10228
3896;48775184000;45846844444;46346844444;10240;10228
3897;48775355000;45888233333;46388233333;10240;10228
3898;48775368000;45888233333;46388233333;10240;10228
3900;48775593000;45888233333;46388233333;10240;10228
3901;48775802000;45888233333;46388233333;10240;10228
3902;48795097000;45888233333;46388233333;10240;10228
3903;48795910000;45888233333;46388233333;10240;10228
3904;48796120000;45888244444;46388244444;10240;10228
3905;48796129000;45888511111;46388511111;10240;10228
3906;48796311000;45888511111;46388511111;10240;10228
3907;48796515000;45888511111;46388511111;10240;10228
3908;48797273000;45929900000;46429900000;10240;10228
3909;48797483000;45929900000;46429900000;10240;10228
3911;49023807000;45929900000;46429900000;10240;10228
3912;49166683000;45929900000;46429900000;10240;10228
3913;49166885000;45929900000;46429900000;10240;10228
3914;49167437000;45929900000;46429900000;10240;10228
3915;49167640000;45929911111;46429911111;10240;10228
3916;49167855000;45930222222;46430222222;10240;10228
3917;49167876000;45930222222;46430222222;10240;10228
3918;49168013000;45930222222;46430222222;10240;10228
3919;49168265000;45971544444;46471544444;10240;10228
3920;49168456000;45971544444;46471544444;10240;10228
3921;49168467000;45971544444;46471544444;10240;10228
3922;49168662000;45971544444;46471544444;10240;10228
3923;49168832000;45971544444;46471544444;10240;10228
3924;49169039000;45971544444;46471544444;10240;10228
3925;49169068000;45971544444;46471544444;10240;10228
3926;49169240000;45971555555;46471555555;10240;10228
3927;49169480000;45971833333;46471833333;10240;10228
3928;49169493000;45971833333;46471833333;10240;10228
3929;49169685000;45971833333;46471833333;10240;10228
3930;49169902000;46013233333;46513233333;10240;10228
3931;49169920000;46013233333;46513233333;10240;10228
3932;49170076000;46013233333;46513233333;10240;10228
3933;49170310000;46013233333;46513233333;10240;10228
3934;49170325000;46013233333;46513233333;10240;10228
3935;49170499000;46013233333;46513233333;10240;10228
3936;49170509000;46013233333;46513233333;10240;10228
3937;49170702000;46013244444;46513244444;10240;10228
3938;49170713000;46013500000;46513500000;10240;10228
3940;49171112000;46013500000;46513500000;10240;10228
3941;49171298000;46054900000;46554900000;10240;10228
3942;49171512000;46054900000;46554900000;10240;10228
3943;49171522000;46054900000;46554900000;10240;10228
3944;49171715000;46054900000;46554900000;10240;10228
3945;49171885000;46054900000;46554900000;10240;10228
3946;49171896000;46054900000;46554900000;10240;10228
3947;49172147000;46054900000;46554900000;10240;10228
3948;49172321000;46054911111;46554911111;10240;10228
3949;49172331000;46055222222;46555222222;10240;10228
3950;49172534000;46055222222;46555222222;10240;10228
3951;49172546000;46055222222;46555222222;10240;10228
3952;49172750000;46096566666;46596566666;10240;10228
3953;49172910000;46096566666;46596566666;10240;10228
3954;49172920000;46096566666;46596566666;10240;10228
3955;49173149000;46096566666;46596566666;10240;10228
3956;49173362000;46096566666;46596566666;10240;10228
3957;49173383000;46096566666;46596566666;10240;10228
3958;49173557000;46096566666;46596566666;10240;10228
3959;49173766000;46096577777;46596577777;10240;10228
3960;49173776000;46096855555;46596855555;10240;10228
3961;49173933000;46096855555;46596855555;10240;10228
3962;49173943000;46096855555;46596855555;10240;10228
3963;49174171000;46138233333;46638233333;10240;10228
3964;49174182000;46138233333;46638233333;10240;10228
3965;49174376000;46138233333;46638233333;10240;10228
3966;49174587000;46138233333;46638233333;10240;10228
3967;49174606000;46138233333;46638233333;10240;10228
3968;49174763000;46138233333;46638233333;10240;10228
3969;49174956000;46138233333;46638233333;10240;10228
3971;49175200000;46138522222;46638522222;10240;10228
3972;49175219000;46138522222;46638522222;10240;10228
3973;49175368000;46138522222;46638522222;10240;10228
3974;49175598000;46179900000;46679900000;10240;10228
3975;49175608000;46179900000;46679900000;10240;10228
3976;49175794000;46179900000;46679900000;10240;10228
3977;49175980000;46179900000;46679900000;10240;10228
3978;49176222000;46179900000;46679900000;10240;10228
3979;49176232000;46179900000;46679900000;10240;10228
3980;49176424000;46179900000;46679900000;10240;10228
3981;49195495000;46179911111;46679911111;10240;10228
3982;49196362000;46180222222;46680222222;10240;10228
3983;49196561000;46180222222;46680222222;10240;10228
3984;49196761000;46180222222;46680222222;10240;10228
3985;49196771000;46221566666;46721566666;10240;10228
3986;49196963000;46221566666;46721566666;10240;10228
3987;49197690000;46221566666;46721566666;10240;10228
3988;49197879000;46221566666;46721566666;10240;10228
3989;49424299000;46221566666;46721566666;10240;10228
3990;49424509000;46221566666;46721566666;10240;10228
3991;49567167000;46221566666;46721566666;10240;10228
3992;49567371000;46221577777;46721577777;10240;10228
3993;49567578000;46221844444;46721844444;10240;10228
3994;49568026000;46221844444;46721844444;10240;10228
3995;49568244000;46221844444;46721844444;10240;10228
3996;49568445000;46263233333;46763233333;10240;10228
3997;49568457000;46263233333;46763233333;10240;10228
3998;49568640000;46263233333;46763233333;10240;10228
3999;49568844000;46263233333;46763233333;10240;10228
4000;49569020000;46263233333;46763233333;10240;10228
4001;49569228000;46263233333;46763233333;10240;10228
4002;49569237000;46263233333;46763233333;10240;10228
4003;49569475000;46263244444;46763244444;10240;10228
4004;49569674000;46263511111;46763511111;10240;10228
4005;49569684000;46263511111;46763511111;10240;10228
4006;49569852000;46263511111;46763511111;10240;10228
4007;49570053000;46304900000;46804900000;10240;10228
4008;49570292000;46304900000;46804900000;10240;10228
4009;49570305000;46304900000;46804900000;10240;10228
4010;49570494000;46304900000;46804900000;10240;10228
4011;49570505000;46304900000;46804900000;10240;10228
4012;49570694000;46304900000;46804900000;10240;10228
4014;49570908000;46304911111;46804911111;10240;10228
4016;49571071000;46305211111;46805211111;10240;10228
4017;49571274000;46305211111;46805211111;10240;10228
4018;49571524000;46346544444;46846544444;10240;10228
4019;49571742000;46346544444;46846544444;10240;10228
4020;49571761000;46346544444;46846544444;10240;10228
4021;49571897000;46346544444;46846544444;10240;10228
4022;49572129000;46346544444;46846544444;10240;10228
4023;49572141000;46346544444;46846544444;10240;10228
4024;49572339000;46346544444;46846544444;10240;10228
4025;49572350000;46346566666;46846566666;10240;10228
4026;49572536000;46346833333;46846833333;10240;10228
4027;49572761000;46346833333;46846833333;10240;10228
4028;49572917000;46346833333;46846833333;10240;10228
4029;49573124000;46388233333;46888233333;10240;10228
4030;49573134000;46388233333;46888233333;10240;10228
4031;49573357000;46388233333;46888233333;10240;10228
4033;49573376000;46388233333;46888233333;10240;10228
4034;49573568000;46388233333;46888233333;10240;10228
4035;49573749000;46388233333;46888233333;10240;10228
4036;49573942000;46388244444;46888244444;10240;10228
4037;49573954000;46388522222;46888522222;10240;10228
4038;49574181000;46388522222;46888522222;10240;10228
4039;49574392000;46388522222;46888522222;10240;10228
4040;49574401000;46429900000;46929900000;10240;10228
4041;49574590000;46429900000;46929900000;10240;10228
4042;49574796000;46429900000;46929900000;10240;10228
4043;49574807000;46429900000;46929900000;10240;10228
4044;49574967000;46429900000;46929900000;10240;10228
4045;49574978000;46429900000;46929900000;10240;10228
4046;49575200000;46429900000;46929900000;10240;10228
4047;49575210000;46429911111;46929911111;10240;10228
4048;49575412000;46430211111;46930211111;10240;10228
4049;49575625000;46430211111;46930211111;10240;10228
4050;49575822000;46430211111;46930211111;10240;10228
4051;49575832000;46471566666;46971566666;10240;10228
4052;49576011000;46471566666;46971566666;10240;10228
4053;49576230000;46471566666;46971566666;10240;10228
4054;49576249000;46471566666;46971566666;10240;10228
4055;49576430000;46471566666;46971566666;10240;10228
4056;49576440000;46471566666;46971566666;10240;10228
4057;49576650000;46471566666;46971566666;10240;10228
4058;49576854000;46471577777;46971577777;10240;10228
4059;49576874000;46471855555;46971855555;10240;10228
4060;49595926000;46471855555;46971855555;10240;10228
4061;49596809000;46471855555;46971855555;10240;10228
4062;49597000000;46513233333;47013233333;10240;10228
4063;49597222000;46513233333;47013233333;10240;10228
4064;49597425000;46513233333;47013233333;10240;10228
4065;49597440000;46513233333;47013233333;10240;10228
4066;49598128000;46513233333;47013233333;10240;10228
4067;49598348000;46513233333;47013233333;10240;10228
4069;49967561000;46513244444;47013244444;10240;10228
4071;49967797000;46513488888;47013488888;10240;10228
4072;49968000000;46513488888;47013488888;10240;10228
4073;49968214000;46554900000;47054900000;10240;10228
4074;49968643000;46554900000;47054900000;10240;10228
4075;49968842000;46554900000;47054900000;10240;10228
4076;49969020000;46554900000;47054900000;10240;10228
4077;49969272000;46554900000;47054900000;10240;10228
4078;49969287000;46554900000;47054900000;10240;10228
4080;49969617000;46554922222;47054922222;10240;10228
4081;49969836000;46555211111;47055211111;10240;10228
4082;49969995000;46555211111;47055211111;10240;10228
4083;49970245000;46555211111;47055211111;10240;10228
4084;49970259000;46596566666;47096566666;10240;10228
4085;49970441000;46596566666;47096566666;10240;10228
4086;49970646000;46596566666;47096566666;10240;10228
4087;49970850000;46596566666;47096566666;10240;10228
4088;49970863000;46596566666;47096566666;10240;10228
4089;49971030000;46596566666;47096566666;10240;10228
4090;49971070000;46596566666;47096566666;10240;10228
4091;49971258000;46596577777;47096577777;10240;10228
4092;49971270000;46596855555;47096855555;10240;10228
4093;49971462000;46596855555;47096855555;10240;10228
4094;49971669000;46596855555;47096855555;10240;10228
4099;49972125000;46638233333;47138233333;10240;10228
4100;49972357000;46638233333;47138233333;10240;10228
4101;49972543000;46638233333;47138233333;10240;10228
4102;49972765000;46638244444;47138244444;10240;10228
4103;49972777000;46638511111;47138511111;10240;10228
4104;49972944000;46638511111;47138511111;10240;10228
4105;49973184000;46638511111;47138511111;10240;10228
4107;49973387000;46679900000;47179900000;10240;10228
4108;49973597000;46679900000;47179900000;10240;10228
4109;49973798000;46679900000;47179900000;10240;10228
4110;49973809000;46679900000;47179900000;10240;10228
4111;49973966000;46679900000;47179900000;10240;10228
4112;49974208000;46679900000;47179900000;10240;10228
4113;49974218000;46679911111;47179911111;10240;10228
4114;49974412000;46680222222;47180222222;10240;10228
4115;49974424000;46680222222;47180222222;10240;10228
4116;49974613000;46680222222;47180222222;10240;10228
4117;49974624000;46721566666;47221566666;10240;10228
4118;49974826000;46721566666;47221566666;10240;10228
4119;49974993000;46721566666;47221566666;10240;10228
4120;49975224000;46721566666;47221566666;10240;10228
4121;49975236000;46721566666;47221566666;10240;10228
4122;49975436000;46721566666;47221566666;10240;10228
4123;49975447000;46721566666;47221566666;10240;10228
4124;49975641000;46721577777;47221577777;10240;10228
4125;49975652000;46721866666;47221866666;10240;10228
4126;49975845000;46721866666;47221866666;10240;10228
4127;49976036000;46721866666;47221866666;10240;10228
4128;49976052000;46763233333;47263233333;10240;10228
4129;49976248000;46763233333;47263233333;10240;10228
4130;49976462000;46763233333;47263233333;10240;10228
4131;49976472000;46763233333;47263233333;10240;10228
4132;49976681000;46763233333;47263233333;10240;10228
4133;49976885000;46763233333;47263233333;10240;10228
4134;49976914000;46763233333;47263233333;10240;10228
4135;49977055000;46763255555;47263255555;10240;10228
4136;49977276000;46763544444;47263544444;10240;10228
4137;49977286000;46763544444;47263544444;10240;10228
4138;49977494000;46763544444;47263544444;10240;10228
4139;49996387000;46804900000;47304900000;10240;10228
4140;49997276000;46804900000;47304900000;10240;10228
4141;49997466000;46804900000;47304900000;10240;10228
4142;49997663000;46804900000;47304900000;10240;10228
4143;49997865000;46804900000;47304900000;10240;10228
4144;49998034000;46804900000;47304900000;10240;10228
4145;49998545000;46804900000;47304900000;10240;10228
4146;49998743000;46804911111;47304911111;10240;10228
4147;50368039000;46805211111;47305211111;10240;10228
4148;50368244000;46805211111;47305211111;10240;10228
4149;50368271000;46805211111;47305211111;10240;10228
4150;50368439000;46846566666;47346566666;10240;10228
4152;50368650000;46846566666;47346566666;10240;10228
4153;50368861000;46846566666;47346566666;10240;10228
4154;50369261000;46846566666;47346566666;10240;10228
4156;50369697000;46846566666;47346566666;10240;10228
4158;50370030000;46846844444;47346844444;10240;10228
4159;50370255000;46846844444;47346844444;10240;10228
4160;50370268000;46846844444;47346844444;10240;10228
4161;50370448000;46888233333;47388233333;10240;10228
4162;50370646000;46888233333;47388233333;10240;10228
4163;50370867000;46888233333;47388233333;10240;10228
4164;50370885000;46888233333;47388233333;10240;10228
4165;50371027000;46888233333;47388233333;10240;10228
4166;50371268000;46888233333;47388233333;10240;10228
4167;50371479000;46888233333;47388233333;10240;10228
4168;50371498000;46888244444;47388244444;10240;10228
4169;50371674000;46888522222;47388522222;10240;10228
4170;50371685000;46888522222;47388522222;10240;10228
4171;50371888000;46888522222;47388522222;10240;10228
4172;50372052000;46929900000;47429900000;10240;10228
4173;50372071000;46929900000;47429900000;10240;10228
4174;50372578000;46929900000;47429900000;10240;10228
4175;50372785000;46929900000;47429900000;10240;10228
4176;50372806000;46929900000;47429900000;10240;10228
4177;50372943000;46929900000;47429900000;10240;10228
4178;50373186000;46929900000;47429900000;10240;10228
4179;50373197000;46929911111;47429911111;10240;10228
4400;50373354000;47763577777;48263577777;10240;10228
4401;50373372000;47763577777;48263577777;10240;10228
4402;50373622000;47763577777;48263577777;10240;10228
4403;50373644000;47804911111;48304911111;10240;10228
4404;50373797000;47804911111;48304911111;10240;10228
4405;50373970000;47804911111;48304911111;10240;10228
4406;50373982000;47804911111;48304911111;10240;10228
4407;50374202000;47804911111;48304911111;10240;10228
4408;50374213000;47804911111;48304911111;10240;10228
4409;50374408000;47804911111;48304911111;10240;10228
4410;50374419000;47804922222;48304922222;10240;10228
4411;50374620000;47805211111;48305211111;10240;10228
4412;50374821000;47805211111;48305211111;10240;10228
4413;50374833000;47805211111;48305211111;10240;10228
4414;50374992000;47846566666;48346566666;10240;10228
4415;50375231000;47846566666;48346566666;10240;10228
4416;50375244000;47846566666;48346566666;10240;10228
4418;50375428000;47846566666;48346566666;10240;10228
4419;50375622000;47846566666;48346566666;10240;10228
4421;50375845000;47846577777;48346577777;10240;10228
4422;50376032000;47846855555;48346855555;10240;10228
4423;50376051000;47846855555;48346855555;10240;10228
4425;50376237000;47888233333;48388233333;10240;10228
4426;50376473000;47888233333;48388233333;10240;10228
4427;50376687000;47888233333;48388233333;10240;10228
4428;50376699000;47888233333;48388233333;10240;10228
4429;50376884000;47888233333;48388233333;10240;10228
4430;50377078000;47888233333;48388233333;10240;10228
4431;50377300000;47888233333;48388233333;10240;10228
4432;50377311000;47888244444;48388244444;10240;10228
4433;50377514000;47888533333;48388533333;10240;10228
4435;50377704000;47888533333;48388533333;10240;10228
4436;50377914000;47929900000;48429900000;10240;10228
4437;50377926000;47929900000;48429900000;10240;10228
4438;50396853000;47929900000;48429900000;10240;10228
4439;50397745000;47929900000;48429900000;10240;10228
4440;50397936000;47929900000;48429900000;10240;10228
4441;50398159000;47929900000;48429900000;10240;10228
4442;50398360000;47929900000;48429900000;10240;10228
4443;50398556000;47929922222;48429922222;10240;10228
4444;50398976000;47930233333;48430233333;10240;10228
4445;50399197000;47930233333;48430233333;10240;10228
4446;50768525000;47930233333;48430233333;10240;10228
4447;50768717000;47971544444;48471544444;10240;10228
4449;50768942000;47971544444;48471544444;10240;10228
4450;50769126000;47971544444;48471544444;10240;10228
4451;50769336000;47971544444;48471544444;10240;10228
4452;50769350000;47971544444;48471544444;10240;10228
4453;50769539000;47971544444;48471544444;10240;10228
4454;50770060000;47971555555;48471555555;10240;10228
4456;50770477000;47971877777;48471877777;10240;10228
4457;50770672000;47971877777;48471877777;10240;10228
4458;50770686000;48013233333;48513233333;10240;10228
4460;50770875000;48013233333;48513233333;10240;10228
4461;50771054000;48013233333;48513233333;10240;10228
4462;50771298000;48013233333;48513233333;10240;10228
4463;50771493000;48013233333;48513233333;10240;10228
4464;50771507000;48013233333;48513233333;10240;10228
4465;50771694000;48013244444;48513244444;10240;10228
4466;50771911000;48013522222;48513522222;10240;10228
4467;50772069000;48013522222;48513522222;10240;10228
4468;50772276000;48013522222;48513522222;10240;10228
4469;50772288000;48054900000;48554900000;10240;10228
4470;50772516000;48054900000;48554900000;10240;10228
4471;50772527000;48054900000;48554900000;10240;10228
4472;50772728000;48054900000;48554900000;10240;10228
4475;50773171000;48054900000;48554900000;10240;10228
4476;50773408000;48054911111;48554911111;10240;10228
4478;50773608000;48055233333;48555233333;10240;10228
4479;50773817000;48055233333;48555233333;10240;10228
4480;50773991000;48096555555;48596555555;10240;10228
4481;50774228000;48096555555;48596555555;10240;10228
4482;50774241000;48096555555;48596555555;10240;10228
4483;50774399000;48096555555;48596555555;10240;10228
4484;50774410000;48096555555;48596555555;10240;10228
4485;50774631000;48096555555;48596555555;10240;10228
4486;50774643000;48096555555;48596555555;10240;10228
4487;50774835000;48096566666;48596566666;10240;10228
4488;50774846000;48096833333;48596833333;10240;10228
4489;50775010000;48096833333;48596833333;10240;10228
4490;50775269000;48096833333;48596833333;10240;10228
4491;50775281000;48138233333;48638233333;10240;10228
4492;50775460000;48138233333;48638233333;10240;10228
4493;50775473000;48138233333;48638233333;10240;10228
4494;50775658000;48138233333;48638233333;10240;10228
4495;50775870000;48138233333;48638233333;10240;10228
4496;50775881000;48138233333;48638233333;10240;10228
4498;50776040000;48138244444;48638244444;10240;10228
4499;50776271000;48138511111;48638511111;10240;10228
4500;50776484000;48138511111;48638511111;10240;10228
4501;50776495000;48138511111;48638511111;10240;10228
4502;50776687000;48179900000;48679900000;10240;10228
4503;50776892000;48179900000;48679900000;10240;10228
4504;50776904000;48179900000;48679900000;10240;10228
4505;50777071000;48179900000;48679900000;10240;10228
4506;50777082000;48179900000;48679900000;10240;10228
4507;50777289000;48179900000;48679900000;10240;10228
4508;50777519000;48179900000;48679900000;10240;10228
4509;50777540000;48179922222;48679922222;10240;10228
4510;50777711000;48180211111;48680211111;10240;10228
4511;50777917000;48180211111;48680211111;10240;10228
4512;50777928000;48180211111;48680211111;10240;10228
4514;50778121000;48221566666;48721566666;10240;10228
4515;50778329000;48221566666;48721566666;10240;10228
4516;50778535000;48221566666;48721566666;10240;10228
4517;50797261000;48221566666;48721566666;10240;10228
4518;50798181000;48221566666;48721566666;10240;10228
4519;50798394000;48221566666;48721566666;10240;10228
4520;50798587000;48221588888;48721588888;10240;10228
4522;50798956000;48221844444;48721844444;10240;10228
4523;50799617000;48221844444;48721844444;10240;10228
4524;50799818000;48263233333;48763233333;10240;10228
4525;51169203000;48263233333;48763233333;10240;10228
4526;51169417000;48263233333;48763233333;10240;10228
4527;51169441000;48263233333;48763233333;10240;10228
4528;51169607000;48263233333;48763233333;10240;10228
4529;51169814000;48263233333;48763233333;10240;10228
4530;51169835000;48263233333;48763233333;10240;10228
4531;51169981000;48263244444;48763244444;10240;10228
4533;51170004000;48263500000;48763500000;10240;10228
4534;51170917000;48263500000;48763500000;10240;10228
4535;51171121000;48304900000;48804900000;10240;10228
4536;51171338000;48304900000;48804900000;10240;10228
4537;51171351000;48304900000;48804900000;10240;10228
4538;51171534000;48304900000;48804900000;10240;10228
4539;51171544000;48304900000;48804900000;10240;10228
4540;51171736000;48304900000;48804900000;10240;10228
4541;51171756000;48304900000;48804900000;10240;10228
4542;51171942000;48304911111;48804911111;10240;10228
4543;51172143000;48305200000;48805200000;10240;10228
4544;51172154000;48305200000;48805200000;10240;10228
4545;51172314000;48305200000;48805200000;10240;10228
4547;51172740000;48346566666;48846566666;10240;10228
4548;51172920000;48346566666;48846566666;10240;10228
4550;51173170000;48346566666;48846566666;10240;10228
4551;51173185000;48346566666;48846566666;10240;10228
4552;51173610000;48346566666;48846566666;10240;10228
4553;51173814000;48346588888;48846588888;10240;10228
4554;51173824000;48346866666;48846866666;10240;10228
4555;51173991000;48346866666;48846866666;10240;10228
4556;51174229000;48346866666;48846866666;10240;10228
4557;51174240000;48388200000;48888200000;10240;10228
4558;51174431000;48388200000;48888200000;10240;10228
4559;51174443000;48388200000;48888200000;10240;10228
4560;51174633000;48388200000;48888200000;10240;10228
4561;51174843000;48388200000;48888200000;10240;10228
4562;51174854000;48388200000;48888200000;10240;10228
4564;51175012000;48388222222;48888222222;10240;10228
4565;51175248000;48388500000;48888500000;10240;10228
4567;51175258000;48388500000;48888500000;10240;10228
4568;51175439000;48429900000;48929900000;10240;10228
4569;51175679000;48429900000;48929900000;10240;10228
4570;51175903000;48429900000;48929900000;10240;10228
4571;51175913000;48429900000;48929900000;10240;10228
4572;51176063000;48429900000;48929900000;10240;10228
4573;51176292000;48429900000;48929900000;10240;10228
4574;51176304000;48429900000;48929900000;10240;10228
4575;51176488000;48429911111;48929911111;10240;10228
4576;51176498000;48430200000;48930200000;10240;10228
4577;51176701000;48430200000;48930200000;10240;10228
4578;51176710000;48430200000;48930200000;10240;10228
4579;51176871000;48471566666;48971566666;10240;10228
4580;51177094000;48471566666;48971566666;10240;10228
4581;51177106000;48471566666;48971566666;10240;10228
4582;51177290000;48471566666;48971566666;10240;10228
4583;51177524000;48471566666;48971566666;10240;10228
4584;51177543000;48471566666;48971566666;10240;10228
4585;51177717000;48471566666;48971566666;10240;10228
4586;51177727000;48471577777;48971577777;10240;10228
4587;51177921000;48471844444;48971844444;10240;10228
4588;51178138000;48471844444;48971844444;10240;10228
4589;51178147000;48471844444;48971844444;10240;10228
4590;51178339000;48513233333;49013233333;10240;10228
4591;51178547000;48513233333;49013233333;10240;10228
4592;51178567000;48513233333;49013233333;10240;10228
4593;51178712000;48513233333;49013233333;10240;10228
4594;51178921000;48513233333;49013233333;10240;10228
4595;51178930000;48513233333;49013233333;10240;10228
4596;51197746000;48513233333;49013233333;10240;10228
4597;51198573000;48513255555;49013255555;10240;10228
4598;51198827000;48513488888;49013488888;10240;10228
4599;51199020000;48513488888;49013488888;10240;10228
4600;51199396000;48513488888;49013488888;10240;10228
4601;51199598000;48554900000;49054900000;10240;10228
4602;51200056000;48554900000;49054900000;10240;10228
4603;51200278000;48554900000;49054900000;10240;10228
4604;51569675000;48554900000;49054900000;10240;10228
4605;51569876000;48554900000;49054900000;10240;10228
4606;51570064000;48554900000;49054900000;10240;10228
4607;51570093000;48554900000;49054900000;10240;10228
4608;51570293000;48554911111;49054911111;10240;10228
4609;51570320000;48555200000;49055200000;10240;10228
4610;51570488000;48555200000;49055200000;10240;10228
4611;51570687000;48555200000;49055200000;10240;10228
4612;51570699000;48596566666;49096566666;10240;10228
4613;51570897000;48596566666;49096566666;10240;10228
4614;51571527000;48596566666;49096566666;10240;10228
4615;51571729000;48596566666;49096566666;10240;10228
4617;51571951000;48596566666;49096566666;10240;10228
4618;51572168000;48596566666;49096566666;10240;10228
4619;51572184000;48596577777;49096577777;10240;10228
4620;51572334000;48596844444;49096844444;10240;10228
4621;51572567000;48596844444;49096844444;10240;10228
4622;51572577000;48596844444;49096844444;10240;10228
4623;51572752000;48638233333;49138233333;10240;10228
4625;51573178000;48638233333;49138233333;10240;10228
4626;51573394000;48638233333;49138233333;10240;10228
4627;51573414000;48638233333;49138233333;10240;10228
4629;51573585000;48638233333;49138233333;10240;10228
4630;51573789000;48638255555;49138255555;10240;10228
4631;51573991000;48638511111;49138511111;10240;10228
4632;51574230000;48638511111;49138511111;10240;10228
4633;51574432000;48638511111;49138511111;10240;10228
4635;51574655000;48679900000;49179900000;10240;10228
4636;51574820000;48679900000;49179900000;10240;10228
4638;51575037000;48679900000;49179900000;10240;10228
4639;51575063000;48679900000;49179900000;10240;10228
4640;51575265000;48679900000;49179900000;10240;10228
4641;51575445000;48679911111;49179911111;10240;10228
4642;51575464000;48680211111;49180211111;10240;10228
4643;51575684000;48680211111;49180211111;10240;10228
4644;51575703000;48680211111;49180211111;10240;10228
4645;51575879000;48721566666;49221566666;10240;10228
4646;51576115000;48721566666;49221566666;10240;10228
4647;51576128000;48721566666;49221566666;10240;10228
4648;51576284000;48721566666;49221566666;10240;10228
4649;51576295000;48721566666;49221566666;10240;10228
4650;51576492000;48721566666;49221566666;10240;10228
4652;51576708000;48721577777;49221577777;10240;10228
4653;51576902000;48721855555;49221855555;10240;10228
4656;51577094000;48763233333;49263233333;10240;10228
4657;51577278000;48763233333;49263233333;10240;10228
4658;51577517000;48763233333;49263233333;10240;10228
4659;51577698000;48763233333;49263233333;10240;10228
4660;51577716000;48763233333;49263233333;10240;10228
4661;51577928000;48763233333;49263233333;10240;10228
4662;51577938000;48763233333;49263233333;10240;10228
4663;51578137000;48763244444;49263244444;10240;10228
4664;51578147000;48763522222;49263522222;10240;10228
4665;51578340000;48763522222;49263522222;10240;10228
4666;51578542000;48763522222;49263522222;10240;10228
4667;51578562000;48804900000;49304900000;10240;10228
4668;51578746000;48804900000;49304900000;10240;10228
4669;51578757000;48804900000;49304900000;10240;10228
4670;51578914000;48804900000;49304900000;10240;10228
4671;51579121000;48804900000;49304900000;10240;10228
4672;51579388000;48804900000;49304900000;10240;10228
4673;51579399000;48804900000;49304900000;10240;10228
4674;51579406000;48804922222;49304922222;10240;10228
4675;51598161000;48805188888;49305188888;10240;10228
4676;51598984000;48805188888;49305188888;10240;10228
4677;51599228000;48805188888;49305188888;10240;10228
4678;51599435000;48846566666;49346566666;10240;10228
4679;51599815000;48846566666;49346566666;10240;10228
4680;51600026000;48846566666;49346566666;10240;10228
4681;51600459000;48846566666;49346566666;10240;10228
4682;51600691000;48846566666;49346566666;10240;10228
4683;51970155000;48846566666;49346566666;10240;10228
4684;51970365000;48846566666;49346566666;10240;10228
4685;51970561000;48846577777;49346577777;10240;10228
4686;51970765000;48846833333;49346833333;10240;10228
4687;51970777000;48846833333;49346833333;10240;10228
4688;51970963000;48846833333;49346833333;10240;10228
4689;51970975000;48888211111;49388211111;10240;10228
4690;51971184000;48888211111;49388211111;10240;10228
4691;51971382000;48888211111;49388211111;10240;10228
4692;51971392000;48888211111;49388211111;10240;10228
4693;51971584000;48888211111;49388211111;10240;10228
4694;51972093000;48888211111;49388211111;10240;10228
4695;51972317000;48888211111;49388211111;10240;10228
4696;51972536000;48888233333;49388233333;10240;10228
4697;51972547000;48888488888;49388488888;10240;10228
4698;51972719000;48888488888;49388488888;10240;10228
4699;51972912000;48888488888;49388488888;10240;10228
4700;51973168000;48929900000;49429900000;10240;10228
4701;51973182000;48929900000;49429900000;10240;10228
4702;51973359000;48929900000;49429900000;10240;10228
4703;51973574000;48929900000;49429900000;10240;10228
4704;51973797000;48929900000;49429900000;10240;10228
4705;51973815000;48929900000;49429900000;10240;10228
4706;51973956000;48929900000;49429900000;10240;10228
4707;51974196000;48929911111;49429911111;10240;10228
4708;51974206000;48930211111;49430211111;10240;10228
4709;51974364000;48930211111;49430211111;10240;10228
4712;51974804000;48971533333;49471533333;10240;10228
4713;51975024000;48971533333;49471533333;10240;10228
4714;51975257000;48971533333;49471533333;10240;10228
4716;51975466000;48971533333;49471533333;10240;10228
4717;51975659000;48971533333;49471533333;10240;10228
4718;51975670000;48971544444;49471544444;10240;10228
4719;51975880000;48971888888;49471888888;10240;10228
4720;51975902000;48971888888;49471888888;10240;10228
4721;51976040000;48971888888;49471888888;10240;10228
4722;51976249000;49013233333;49513233333;10240;10228
4723;51976260000;49013233333;49513233333;10240;10228
4725;51976483000;49013233333;49513233333;10240;10228
4726;51976686000;49013233333;49513233333;10240;10228
4727;51976937000;49013233333;49513233333;10240;10228
4728;51976957000;49013233333;49513233333;10240;10228
4729;51976966000;49013255555;49513255555;10240;10228
4730;51977126000;49013500000;49513500000;10240;10228
4731;51977335000;49013500000;49513500000;10240;10228
4733;51977545000;49054900000;49554900000;10240;10228
4734;51977744000;49054900000;49554900000;10240;10228
4735;51977755000;49054900000;49554900000;10240;10228
4736;51977915000;49054900000;49554900000;10240;10228
4737;51978155000;49054900000;49554900000;10240;10228
4738;51978165000;49054900000;49554900000;10240;10228
4739;51978359000;49054900000;49554900000;10240;10228
4740;51978369000;49054911111;49554911111;10240;10228
4742;51978558000;49055211111;49555211111;10240;10228
4743;51978735000;49055211111;49555211111;10240;10228
4744;51978938000;49096577777;49596577777;10240;10228
4745;51979181000;49096577777;49596577777;10240;10228
4746;51979191000;49096577777;49596577777;10240;10228
4747;51979385000;49096577777;49596577777;10240;10228
4749;51979395000;49096577777;49596577777;10240;10228
4750;51979583000;49096577777;49596577777;10240;10228
4751;51979801000;49096588888;49596588888;10240;10228
4752;51979963000;49096877777;49596877777;10240;10228
4753;51979972000;49096877777;49596877777;10240;10228
4754;51998600000;49096877777;49596877777;10240;10228
4755;51999440000;49138233333;49638233333;10240;10228
4756;51999646000;49138233333;49638233333;10240;10228
4757;51999850000;49138233333;49638233333;10240;10228
4758;52000234000;49138233333;49638233333;10240;10228
4759;52000457000;49138233333;49638233333;10240;10228
4760;52000896000;49138233333;49638233333;10240;10228
4761;52001103000;49138233333;49638233333;10240;10228
4762;52370560000;49138244444;49638244444;10240;10228
4763;52370794000;49138533333;49638533333;10240;10228
4764;52370993000;49138533333;49638533333;10240;10228
4765;52371208000;49138533333;49638533333;10240;10228
4766;52371412000;49179877777;49679877777;10240;10228
4767;52371424000;49179877777;49679877777;10240;10228
4768;52371580000;49179877777;49679877777;10240;10228
4769;52371812000;49179877777;49679877777;10240;10228
4770;52371823000;49179877777;49679877777;10240;10228
4771;52371989000;49179877777;49679877777;10240;10228
4772;52372244000;49179877777;49679877777;10240;10228
4773;52372256000;49179888888;49679888888;10240;10228
4774;52372703000;49180211111;49680211111;10240;10228
4775;52372938000;49180211111;49680211111;10240;10228
4776;52373156000;49180211111;49680211111;10240;10228
4777;52373169000;49221566666;49721566666;10240;10228
4778;52373338000;49221566666;49721566666;10240;10228
4779;52373548000;49221566666;49721566666;10240;10228
4780;52373723000;49221566666;49721566666;10240;10228
4781;52373930000;49221566666;49721566666;10240;10228
4782;52373939000;49221566666;49721566666;10240;10228
4784;52374178000;49221577777;49721577777;10240;10228
4786;52374608000;49221866666;49721866666;10240;10228
4787;52374819000;49221866666;49721866666;10240;10228
4788;52374829000;49263233333;49763233333;10240;10228
4789;52375224000;49263233333;49763233333;10240;10228
4790;52375432000;49263233333;49763233333;10240;10228
4792;52375444000;49263233333;49763233333;10240;10228
4793;52375644000;49263233333;49763233333;10240;10228
4794;52375852000;49263233333;49763233333;10240;10228
4795;52376035000;49263244444;49763244444;10240;10228
4796;52376064000;49263522222;49763522222;10240;10228
4797;52376269000;49263522222;49763522222;10240;10228
4798;52376279000;49263522222;49763522222;10240;10228
4799;52376471000;49304900000;49804900000;10240;10228
4800;52376653000;49304900000;49804900000;10240;10228
4801;52376893000;49304900000;49804900000;10240;10228
4802;52376912000;49304900000;49804900000;10240;10228
4803;52377066000;49304900000;49804900000;10240;10228
4804;52377075000;49304900000;49804900000;10240;10228
4805;52377293000;49304900000;49804900000;10240;10228
4806;52377302000;49304911111;49804911111;10240;10228
4807;52377536000;49305233333;49805233333;10240;10228
4808;52377758000;49305233333;49805233333;10240;10228
4809;52377777000;49305233333;49805233333;10240;10228
4810;52377917000;49346566666;49846566666;10240;10228
4811;52378149000;49346566666;49846566666;10240;10228
4812;52378161000;49346566666;49846566666;10240;10228
4813;52378361000;49346566666;49846566666;10240;10228
4815;52378372000;49346566666;49846566666;10240;10228
4816;52378531000;49346566666;49846566666;10240;10228
4817;52378786000;49346577777;49846577777;10240;10228
4818;52378804000;49346877777;49846877777;10240;10228
4819;52378951000;49346877777;49846877777;10240;10228
4820;52379184000;49346877777;49846877777;10240;10228
4821;52379195000;49388244444;49888244444;10240;10228
4822;52379385000;49388244444;49888244444;10240;10228
4823;52379396000;49388244444;49888244444;10240;10228
4824;52379592000;49388244444;49888244444;10240;10228
4825;52379770000;49388244444;49888244444;10240;10228
4826;52379995000;49388244444;49888244444;10240;10228
4829;52380005000;49388566666;49888566666;10240;10228
4831;52380359000;49388566666;49888566666;10240;10228
4832;52380568000;49429911111;49929911111;10240;10228
4833;52399034000;49429911111;49929911111;10240;10228
4834;52399868000;49429911111;49929911111;10240;10228
4835;52400079000;49429911111;49929911111;10240;10228
4836;52400277000;49429911111;49929911111;10240;10228
4837;52400660000;49429911111;49929911111;10240;10228
4838;52400862000;49429911111;49929911111;10240;10228
4839;52401245000;49429922222;49929922222;10240;10228
4841;52771039000;49430244444;49930244444;10240;10228
4842;52771243000;49430244444;49930244444;10240;10228
4843;52771444000;49471577777;49971577777;10240;10228
4845;52771838000;49471577777;49971577777;10240;10228
4846;52772039000;49471577777;49971577777;10240;10228
4848;52772245000;49471577777;49971577777;10240;10228
4849;52772442000;49471577777;49971577777;10240;10228
4850;52772452000;49471588888;49971588888;10240;10228
4851;52772662000;49471888888;49971888888;10240;10228
4852;52772856000;49471888888;49971888888;10240;10228
4853;52772866000;49471888888;49971888888;10240;10228
4854;52773283000;49513244444;50013244444;10240;10228
4855;52773524000;49513244444;50013244444;10240;10228
4856;52773764000;49513244444;50013244444;10240;10228
4857;52773782000;49513244444;50013244444;10240;10228
4858;52774128000;49513244444;50013244444;10240;10228
4860;52774369000;49513244444;50013244444;10240;10228
4861;52774571000;49513255555;50013255555;10240;10228
4862;52774582000;49513522222;50013522222;10240;10228
4863;52774786000;49513522222;50013522222;10240;10228
4864;52774988000;49513522222;50013522222;10240;10228
4865;52775229000;49554900000;50054900000;10240;10228
4866;52775239000;49554900000;50054900000;10240;10228
4867;52775407000;49554900000;50054900000;10240;10228
4868;52775613000;49554900000;50054900000;10240;10228
4869;52775851000;49554900000;50054900000;10240;10228
4870;52776037000;49554900000;50054900000;10240;10228
4871;52776263000;49554900000;50054900000;10240;10228
4872;52776274000;49554911111;50054911111;10240;10228
4873;52776282000;49555233333;50055233333;10240;10228
4874;52776445000;49555233333;50055233333;10240;10228
4875;52776682000;49555233333;50055233333;10240;10228
4876;52776702000;49596566666;50096566666;10240;10228
4877;52776877000;49596566666;50096566666;10240;10228
4878;52777063000;49596566666;50096566666;10240;10228
4879;52777286000;49596566666;50096566666;10240;10228
4880;52777296000;49596566666;50096566666;10240;10228
4881;52777456000;49596566666;50096566666;10240;10228
4882;52777661000;49596566666;50096566666;10240;10228
4883;52777671000;49596577777;50096577777;10240;10228
4884;52777900000;49596888888;50096888888;10240;10228
4885;52777911000;49596888888;50096888888;10240;10228
4886;52778099000;49596888888;50096888888;10240;10228
4887;52778307000;49638233333;50138233333;10240;10228
4888;52778317000;49638233333;50138233333;10240;10228
4889;52778526000;49638233333;50138233333;10240;10228
4890;52778696000;49638233333;50138233333;10240;10228
4891;52778716000;49638233333;50138233333;10240;10228
4892;52778890000;49638233333;50138233333;10240;10228
4893;52778900000;49638233333;50138233333;10240;10228
4894;52779131000;49638244444;50138244444;10240;10228
4895;52779141000;49638533333;50138533333;10240;10228
4896;52779336000;49638533333;50138533333;10240;10228
4897;52779515000;49638533333;50138533333;10240;10228
4898;52779534000;49679900000;50179900000;10240;10228
4899;52779737000;49679900000;50179900000;10240;10228
4900;52779748000;49679900000;50179900000;10240;10228
4901;52779914000;49679900000;50179900000;10240;10228
4902;52780163000;49679900000;50179900000;10240;10228
4903;52780172000;49679900000;50179900000;10240;10228
4904;52780358000;49679900000;50179900000;10240;10228
4905;52780369000;49679911111;50179911111;10240;10228
4906;52780564000;49680233333;50180233333;10240;10228
4907;52780574000;49680233333;50180233333;10240;10228
4908;52780767000;49680233333;50180233333;10240;10228
4909;52780938000;49721566666;50221566666;10240;10228
4910;52780948000;49721566666;50221566666;10240;10228
4911;52781180000;49721566666;50221566666;10240;10228
4912;52799457000;49721566666;50221566666;10240;10228
4913;52800280000;49721566666;50221566666;10240;10228
4914;52800504000;49721566666;50221566666;10240;10228
4915;52800686000;49721566666;50221566666;10240;10228
4916;52800974000;49721577777;50221577777;10240;10228
4917;52801261000;49721877777;50221877777;10240;10228
4918;52801679000;49721877777;50221877777;10240;10228
4919;53171520000;49721877777;50221877777;10240;10228
4920;53171719000;49763233333;50263233333;10240;10228
4921;53171742000;49763233333;50263233333;10240;10228
4922;53171924000;49763233333;50263233333;10240;10228
4923;53172276000;49763233333;50263233333;10240;10228
4924;53172478000;49763233333;50263233333;10240;10228
4925;53172488000;49763233333;50263233333;10240;10228
4926;53172696000;49763233333;50263233333;10240;10228
4927;53172882000;49763244444;50263244444;10240;10228
4930;53173061000;49763544444;50263544444;10240;10228
4931;53173294000;49804900000;50304900000;10240;10228
4932;53173499000;49804900000;50304900000;10240;10228
4933;53173510000;49804900000;50304900000;10240;10228
4934;53173917000;49804900000;50304900000;10240;10228
4935;53174205000;49804900000;50304900000;10240;10228
4936;53174405000;49804900000;50304900000;10240;10228
4937;53174610000;49804900000;50304900000;10240;10228
4938;53174823000;49804922222;50304922222;10240;10228
4939;53175023000;49805244444;50305244444;10240;10228
4940;53175050000;49805244444;50305244444;10240;10228
4941;53175191000;49805244444;50305244444;10240;10228
4942;53175199000;49846566666;50346566666;10240;10228
4943;53175429000;49846566666;50346566666;10240;10228
4944;53175634000;49846566666;50346566666;10240;10228
4945;53175813000;49846566666;50346566666;10240;10228
4946;53176006000;49846566666;50346566666;10240;10228
4947;53176015000;49846566666;50346566666;10240;10228
4948;53176240000;49846566666;50346566666;10240;10228
4949;53176450000;49846577777;50346577777;10240;10228
4950;53176653000;49846866666;50346866666;10240;10228
4951;53176872000;49846866666;50346866666;10240;10228
4952;53176896000;49846866666;50346866666;10240;10228
4953;53177031000;49888233333;50388233333;10240;10228
4954;53177275000;49888233333;50388233333;10240;10228
4955;53177285000;49888233333;50388233333;10240;10228
4956;53177478000;49888233333;50388233333;10240;10228
4957;53177487000;49888233333;50388233333;10240;10228
4958;53177649000;49888233333;50388233333;10240;10228
4959;53177864000;49888233333;50388233333;10240;10228
4960;53177882000;49888244444;50388244444;10240;10228
4961;53178111000;49888533333;50388533333;10240;10228
4962;53178304000;49888533333;50388533333;10240;10228
4963;53178315000;49888533333;50388533333;10240;10228
4964;53178508000;49929900000;50429900000;10240;10228
4965;53178719000;49929900000;50429900000;10240;10228
4966;53178738000;49929900000;50429900000;10240;10228
4967;53178885000;49929900000;50429900000;10240;10228
4968;53179106000;49929900000;50429900000;10240;10228
4969;53179117000;49929900000;50429900000;10240;10228
4970;53179321000;49929900000;50429900000;10240;10228
4971;53179331000;49929911111;50429911111;10240;10228
4972;53179499000;49930233333;50430233333;10240;10228
4973;53179703000;49930233333;50430233333;10240;10228
4974;53179714000;49930233333;50430233333;10240;10228
4976;53179936000;49971533333;50471533333;10240;10228
4977;53180151000;49971533333;50471533333;10240;10228
4978;53180162000;49971533333;50471533333;10240;10228
4980;53180363000;49971533333;50471533333;10240;10228
4981;53180550000;49971533333;50471533333;10240;10228
4982;53180758000;49971555555;50471555555;10240;10228
4983;53180768000;49971844444;50471844444;10240;10228
4984;53180933000;49971844444;50471844444;10240;10228
4985;53181183000;49971844444;50471844444;10240;10228
4986;53181198000;50013233333;50513233333;10240;10228
4987;53181382000;50013233333;50513233333;10240;10228
4988;53181402000;50013233333;50513233333;10240;10228
4989;53181549000;50013233333;50513233333;10240;10228
4990;53181796000;50013233333;50513233333;10240;10228
4991;53199901000;50013233333;50513233333;10240;10228
4992;53200710000;50013233333;50513233333;10240;10228
4993;53200913000;50013244444;50513244444;10240;10228
4994;53201133000;50013522222;50513522222;10240;10228
4995;53201374000;50013522222;50513522222;10240;10228
4996;53201694000;50013522222;50513522222;10240;10228
4997;53202099000;50054900000;50554900000;10240;10228
4998;53571997000;50054900000;50554900000;10240;10228
4999;53572205000;50054900000;50554900000;10240;10228
5000;53572404000;50054900000;50554900000;10240;10228
5001;53572429000;50054900000;50554900000;10240;10228
5002;53572713000;50054900000;50554900000;10240;10228
5003;53572921000;50054900000;50554900000;10240;10228
5004;53573130000;50054911111;50554911111;10240;10228
5005;53573156000;50055233333;50555233333;10240;10228
5006;53573333000;50055233333;50555233333;10240;10228
5007;53573535000;50055233333;50555233333;10240;10228
5008;53573743000;50096566666;50596566666;10240;10228
5009;53573753000;50096566666;50596566666;10240;10228
5010;53573950000;50096566666;50596566666;10240;10228
5011;53574151000;50096566666;50596566666;10240;10228
5012;53574162000;50096566666;50596566666;10240;10228
5014;53574612000;50096566666;50596566666;10240;10228
5015;53574815000;50096577777;50596577777;10240;10228
5016;53575022000;50096866666;50596866666;10240;10228
5017;53575259000;50096866666;50596866666;10240;10228
5018;53575431000;50096866666;50596866666;10240;10228
5019;53575678000;50138233333;50638233333;10240;10228
5020;53575699000;50138233333;50638233333;10240;10228
5021;53575874000;50138233333;50638233333;10240;10228
5022;53575885000;50138233333;50638233333;10240;10228
5023;53576054000;50138233333;50638233333;10240;10228
5024;53576284000;50138233333;50638233333;10240;10228
5025;53576509000;50138233333;50638233333;10240;10228
5026;53576520000;50138244444;50638244444;10240;10228
5247;53576777000;50972022222;51472022222;10240;10228
5250;53577285000;51013233333;51513233333;10240;10228
5251;53577497000;51013233333;51513233333;10240;10228
5253;53577703000;51013233333;51513233333;10240;10228
5254;53577908000;51013233333;51513233333;10240;10228
5255;53577919000;51013233333;51513233333;10240;10228
5256;53578077000;51013233333;51513233333;10240;10228
5257;53578290000;51013255555;51513255555;10240;10228
5258;53578311000;51013522222;51513522222;10240;10228
5259;53578524000;51013522222;51513522222;10240;10228
5260;53578546000;51013522222;51513522222;10240;10228
5261;53578723000;51054900000;51554900000;10240;10228
5262;53578895000;51054900000;51554900000;10240;10228
5263;53579134000;51054900000;51554900000;10240;10228
5264;53579146000;51054900000;51554900000;10240;10228
5265;53579341000;51054900000;51554900000;10240;10228
5266;53579351000;51054900000;51554900000;10240;10228
5267;53579537000;51054900000;51554900000;10240;10228
5268;53579752000;51054911111;51554911111;10240;10228
5269;53579773000;51055222222;51555222222;10240;10228
5270;53579918000;51055222222;51555222222;10240;10228
5271;53580161000;51055222222;51555222222;10240;10228
5272;53580172000;51096566666;51596566666;10240;10228
5274;53580356000;51096566666;51596566666;10240;10228
5275;53580568000;51096566666;51596566666;10240;10228
5276;53580579000;51096566666;51596566666;10240;10228
5277;53580757000;51096566666;51596566666;10240;10228
5278;53580942000;51096566666;51596566666;10240;10228
5279;53580957000;51096577777;51596577777;10240;10228
5280;53581183000;51096866666;51596866666;10240;10228
5281;53581196000;51096866666;51596866666;10240;10228
5282;53581387000;51096866666;51596866666;10240;10228
5283;53581400000;51138233333;51638233333;10240;10228
5284;53581611000;51138233333;51638233333;10240;10228
5285;53581774000;51138233333;51638233333;10240;10228
5286;53581986000;51138233333;51638233333;10240;10228
5287;53581998000;51138233333;51638233333;10240;10228
5288;53582206000;51138233333;51638233333;10240;10228
5289;53582218000;51138233333;51638233333;10240;10228
5290;53600268000;51138255555;51638255555;10240;10228
5291;53601138000;51138522222;51638522222;10240;10228
5292;53601355000;51138522222;51638522222;10240;10228
5293;53601549000;51138522222;51638522222;10240;10228
5294;53601773000;51179866666;51679866666;10240;10228
5295;53602096000;51179866666;51679866666;10240;10228
5296;53602493000;51179866666;51679866666;10240;10228
5297;53972470000;51179866666;51679866666;10240;10228
5298;53972670000;51179866666;51679866666;10240;10228
5299;53972875000;51179866666;51679866666;10240;10228
5300;53973063000;51179866666;51679866666;10240;10228
5303;53973571000;51180200000;51680200000;10240;10228
5305;53973772000;51221566666;51721566666;10240;10228
5306;53973971000;51221566666;51721566666;10240;10228
5307;53974191000;51221566666;51721566666;10240;10228
5308;53974383000;51221566666;51721566666;10240;10228
5309;53974395000;51221566666;51721566666;10240;10228
5310;53974557000;51221566666;51721566666;10240;10228
5311;53974795000;51221566666;51721566666;10240;10228
5312;53974808000;51221577777;51721577777;10240;10228
5313;53975022000;51221855555;51721855555;10240;10228
5314;53975215000;51221855555;51721855555;10240;10228
5315;53975437000;51221855555;51721855555;10240;10228
5316;53975658000;51263233333;51763233333;10240;10228
5317;53975872000;51263233333;51763233333;10240;10228
5318;53976052000;51263233333;51763233333;10240;10228
5319;53976278000;51263233333;51763233333;10240;10228
5320;53976290000;51263233333;51763233333;10240;10228
5321;53976483000;51263233333;51763233333;10240;10228
5322;53976687000;51263233333;51763233333;10240;10228
5323;53976700000;51263244444;51763244444;10240;10228
5324;53976889000;51263522222;51763522222;10240;10228
5325;53977088000;51263522222;51763522222;10240;10228
5326;53977288000;51263522222;51763522222;10240;10228
5327;53977737000;51304900000;51804900000;10240;10228
5328;53977944000;51304900000;51804900000;10240;10228
5329;53977964000;51304900000;51804900000;10240;10228
5330;53978151000;51304900000;51804900000;10240;10228
5331;53978346000;51304900000;51804900000;10240;10228
5332;53978358000;51304900000;51804900000;10240;10228
5333;53978551000;51304900000;51804900000;10240;10228
5334;53978562000;51304911111;51804911111;10240;10228
5335;53978755000;51305222222;51805222222;10240;10228
5336;53978768000;51305222222;51805222222;10240;10228
5337;53978925000;51305222222;51805222222;10240;10228
5338;53979163000;51346566666;51846566666;10240;10228
5340;53979174000;51346566666;51846566666;10240;10228
5341;53979371000;51346566666;51846566666;10240;10228
5342;53979574000;51346566666;51846566666;10240;10228
5343;53979785000;51346566666;51846566666;10240;10228
5344;53979805000;51346566666;51846566666;10240;10228
5345;53979970000;51346577777;51846577777;10240;10228
5346;53979982000;51346866666;51846866666;10240;10228
5347;53980188000;51346866666;51846866666;10240;10228
5348;53980400000;51346866666;51846866666;10240;10228
5349;53980420000;51388244444;51888244444;10240;10228
5350;53980599000;51388244444;51888244444;10240;10228
5351;53980803000;51388244444;51888244444;10240;10228
5354;53980994000;51388244444;51888244444;10240;10228
5355;53981214000;51388244444;51888244444;10240;10228
5356;53981226000;51388255555;51888255555;10240;10228
5357;53981417000;51388544444;51888544444;10240;10228
5359;53981622000;51388544444;51888544444;10240;10228
5360;53981821000;51429900000;51929900000;10240;10228
5361;53981833000;51429900000;51929900000;10240;10228
5362;53981999000;51429900000;51929900000;10240;10228
5363;53982237000;51429900000;51929900000;10240;10228
5364;53982250000;51429900000;51929900000;10240;10228
5365;53982451000;51429900000;51929900000;10240;10228
5366;53982659000;51429900000;51929900000;10240;10228
5367;53982679000;51429911111;51929911111;10240;10228
5368;53982818000;51430222222;51930222222;10240;10228
5369;54000724000;51430222222;51930222222;10240;10228
5370;54001591000;51430222222;51930222222;10240;10228
5371;54001788000;51471566666;51971566666;10240;10228
5372;54001985000;51471566666;51971566666;10240;10228
5373;54002207000;51471566666;51971566666;10240;10228
5374;54002519000;51471566666;51971566666;10240;10228
5375;54002930000;51471566666;51971566666;10240;10228
5376;54372949000;51471566666;51971566666;10240;10228
5377;54373160000;51471566666;51971566666;10240;10228
5378;54373361000;51471577777;51971577777;10240;10228
5379;54373542000;51471866666;51971866666;10240;10228
5380;54374016000;51471866666;51971866666;10240;10228
5381;54374218000;51471866666;51971866666;10240;10228
5382;54374412000;51513233333;52013233333;10240;10228
5383;54374425000;51513233333;52013233333;10240;10228
5384;54374616000;51513233333;52013233333;10240;10228
5385;54374626000;51513233333;52013233333;10240;10228
5386;54374821000;51513233333;52013233333;10240;10228
5387;54374837000;51513233333;52013233333;10240;10228
5388;54375010000;51513233333;52013233333;10240;10228
5389;54375228000;51513244444;52013244444;10240;10228
5392;54375445000;51513500000;52013500000;10240;10228
5393;54375624000;51554900000;52054900000;10240;10228
5394;54375829000;51554900000;52054900000;10240;10228
5395;54376032000;51554900000;52054900000;10240;10228
5396;54376255000;51554900000;52054900000;10240;10228
5397;54376474000;51554900000;52054900000;10240;10228
5398;54376677000;51554900000;52054900000;10240;10228
5399;54376867000;51554900000;52054900000;10240;10228
5400;54376887000;51554922222;52054922222;10240;10228
5402;54377110000;51555233333;52055233333;10240;10228
5405;54377742000;51596533333;52096533333;10240;10228
5406;54378161000;51596533333;52096533333;10240;10228
5407;54378352000;51596533333;52096533333;10240;10228
5408;54378567000;51596533333;52096533333;10240;10228
5409;54378759000;51596533333;52096533333;10240;10228
5412;54378950000;51596833333;52096833333;10240;10228
5413;54379169000;51596833333;52096833333;10240;10228
5416;54379386000;51638233333;52138233333;10240;10228
5417;54379578000;51638233333;52138233333;10240;10228
5418;54379780000;51638233333;52138233333;10240;10228
5419;54379811000;51638233333;52138233333;10240;10228
5420;54379971000;51638233333;52138233333;10240;10228
5421;54380194000;51638233333;52138233333;10240;10228
5422;54380205000;51638244444;52138244444;10240;10228
5423;54380411000;51638522222;52138522222;10240;10228
5424;54380435000;51638522222;52138522222;10240;10228
5425;54380607000;51638522222;52138522222;10240;10228
5426;54380617000;51679900000;52179900000;10240;10228
5427;54380809000;51679900000;52179900000;10240;10228
5428;54381008000;51679900000;52179900000;10240;10228
5429;54381030000;51679900000;52179900000;10240;10228
5430;54381217000;51679900000;52179900000;10240;10228
5431;54381421000;51679900000;52179900000;10240;10228
5432;54381621000;51679900000;52179900000;10240;10228
5433;54381640000;51679911111;52179911111;10240;10228
5434;54381816000;51680233333;52180233333;10240;10228
5435;54381826000;51680233333;52180233333;10240;10228
5436;54382024000;51680233333;52180233333;10240;10228
5437;54382034000;51721566666;52221566666;10240;10228
5438;54382241000;51721566666;52221566666;10240;10228
5439;54382430000;51721566666;52221566666;10240;10228
5440;54382441000;51721566666;52221566666;10240;10228
5441;54382651000;51721566666;52221566666;10240;10228
5442;54382662000;51721566666;52221566666;10240;10228
5443;54382855000;51721566666;52221566666;10240;10228
5444;54382866000;51721577777;52221577777;10240;10228
5445;54383051000;51721877777;52221877777;10240;10228
5446;54383265000;51721877777;52221877777;10240;10228
5447;54383276000;51721877777;52221877777;10240;10228
5450;54402215000;51763233333;52263233333;10240;10228
5451;54402421000;51763233333;52263233333;10240;10228
5452;54402625000;51763233333;52263233333;10240;10228
5453;54402956000;51763233333;52263233333;10240;10228
5454;54403359000;51763233333;52263233333;10240;10228
5455;54773359000;51763244444;52263244444;10240;10228
5456;54773587000;51763533333;52263533333;10240;10228
5457;54773792000;51763533333;52263533333;10240;10228
5458;54773993000;51763533333;52263533333;10240;10228
5459;54774460000;51804900000;52304900000;10240;10228
5460;54774665000;51804900000;52304900000;10240;10228
5461;54774865000;51804900000;52304900000;10240;10228
5462;54775037000;51804900000;52304900000;10240;10228
5463;54775056000;51804900000;52304900000;10240;10228
5464;54775289000;51804900000;52304900000;10240;10228
5465;54775302000;51804900000;52304900000;10240;10228
5466;54775447000;51804911111;52304911111;10240;10228
5467;54775688000;51805233333;52305233333;10240;10228
5468;54775701000;51805233333;52305233333;10240;10228
5469;54775889000;51805233333;52305233333;10240;10228
5470;54776067000;51846566666;52346566666;10240;10228
5471;54776077000;51846566666;52346566666;10240;10228
5472;54776311000;51846566666;52346566666;10240;10228
5473;54776325000;51846566666;52346566666;10240;10228
5474;54776498000;51846566666;52346566666;10240;10228
5475;54776712000;51846566666;52346566666;10240;10228
5476;54776923000;51846566666;52346566666;10240;10228
5478;54777312000;51846855555;52346855555;10240;10228
5479;54777512000;51846855555;52346855555;10240;10228
5480;54777525000;51846855555;52346855555;10240;10228
5481;54777714000;51888233333;52388233333;10240;10228
5483;54778153000;51888233333;52388233333;10240;10228
5484;54778363000;51888233333;52388233333;10240;10228
5485;54778578000;51888233333;52388233333;10240;10228
5486;54778752000;51888233333;52388233333;10240;10228
5487;54778946000;51888233333;52388233333;10240;10228
5488;54779186000;51888244444;52388244444;10240;10228
5489;54779366000;51888533333;52388533333;10240;10228
5490;54779592000;51888533333;52388533333;10240;10228
5492;54779601000;51929900000;52429900000;10240;10228
5493;54779798000;51929900000;52429900000;10240;10228
5494;54779969000;51929900000;52429900000;10240;10228
5496;54780205000;51929900000;52429900000;10240;10228
5497;54780216000;51929900000;52429900000;10240;10228
5498;54780411000;51929900000;52429900000;10240;10228
5499;54780420000;51929911111;52429911111;10240;10228
