seqnum;now;rtptime;deadline
1;2547187000;2464211111;2964211111
2;2547191000;2464211111;2964211111
3;2586903000;2495266666;2995266666
4;2586915000;2495266666;2995266666
5;2586917000;2495266666;2995266666
6;2586920000;2495266666;2995266666
7;2586922000;2495266666;2995266666
8;2586933000;2495266666;2995266666
9;2586934000;2495266666;2995266666
10;2587182000;2495300000;2995300000
11;2587197000;2495655555;2995655555
12;2587199000;2495655555;2995655555
13;2587200000;2495655555;2995655555
14;2629946000;2536900000;3036900000
15;2629955000;2536900000;3036900000
16;2629958000;2536900000;3036900000
17;2629960000;2536900000;3036900000
18;2629962000;2536900000;3036900000
19;2629964000;2536900000;3036900000
20;2629966000;2536900000;3036900000
21;2630174000;2536955555;3036955555
22;2630180000;2537366666;3037366666
23;2630182000;2537366666;3037366666
24;2630184000;2537366666;3037366666
25;2669889000;2578566666;3078566666
26;2669897000;2578566666;3078566666
27;2669899000;2578566666;3078566666
28;2669901000;2578566666;3078566666
29;2669902000;2578566666;3078566666
30;2669903000;2578566666;3078566666
31;2669905000;2578566666;3078566666
32;2670071000;2578644444;3078644444
33;2670074000;2578977777;3078977777
34;2670075000;2578977777;3078977777
35;2670077000;2578977777;3078977777
36;2714352000;2620211111;3120211111
47;2751918000;2661877777;3161877777
48;2751927000;2661877777;3161877777
49;2751929000;2661877777;3161877777
50;2751931000;2661877777;3161877777
51;2751932000;2661877777;3161877777
52;2751933000;2661877777;3161877777
53;2751935000;2661877777;3161877777
54;2752162000;2661966666;3161966666
55;2752178000;2662311111;3162311111
56;2752180000;2662311111;3162311111
57;2752181000;2662311111;3162311111
58;2792124000;2703544444;3203544444
59;2792128000;2703544444;3203544444
60;2792130000;2703544444;3203544444
61;2792131000;2703544444;3203544444
62;2792133000;2703544444;3203544444
63;2792134000;2703544444;3203544444
64;2792135000;2703544444;3203544444
65;2792335000;2703633333;3203633333
66;2792351000;2703933333;3203933333
67;2792352000;2703933333;3203933333
68;2792353000;2703933333;3203933333
69;2831390000;2745222222;3245222222
70;2831394000;2745222222;3245222222
71;2831395000;2745222222;3245222222
72;2831396000;2745222222;3245222222
73;2831397000;2745222222;3245222222
74;2831398000;2745222222;3245222222
75;2831399000;2745222222;3245222222
76;2831597000;2745277777;3245277777
77;2831603000;2745611111;3245611111
78;2831605000;2745611111;3245611111
79;2831606000;2745611111;3245611111
80;2869801000;2786888888;3286888888
81;2869808000;2786888888;3286888888
82;2869810000;2786888888;3286888888
83;2869812000;2786888888;3286888888
84;2869814000;2786888888;3286888888
85;2869816000;2786888888;3286888888
86;2869818000;2786888888;3286888888
87;2870027000;2786966666;3286966666
88;2870046000;2787311111;3287311111
89;2870048000;2787311111;3287311111
90;2870050000;2787311111;3287311111
91;2907703000;2828566666;3328566666
92;2907707000;2828566666;3328566666
93;2907708000;2828566666;3328566666
94;2907710000;2828566666;3328566666
95;2907711000;2828566666;3328566666
96;2907712000;2828566666;3328566666
97;2907713000;2828566666;3328566666
98;2907912000;2828633333;3328633333
99;2907928000;2828966666;3328966666
100;2907929000;2828966666;3328966666
101;2907930000;2828966666;3328966666
102;2945511000;2870211111;3370211111
103;2945514000;2870211111;3370211111
104;2945515000;2870211111;3370211111
105;2945516000;2870211111;3370211111
106;2945517000;2870211111;3370211111
107;2945518000;2870211111;3370211111
108;2945519000;2870211111;3370211111
109;2945733000;2870244444;3370244444
110;2945736000;2870500000;3370500000
111;2945737000;2870500000;3370500000
112;2945738000;2870500000;3370500000
113;2982591000;2911844444;3411844444
114;2982594000;2911844444;3411844444
115;2982595000;2911844444;3411844444
116;2982596000;2911844444;3411844444
117;2982607000;2911844444;3411844444
118;2982608000;2911844444;3411844444
119;2982609000;2911844444;3411844444
120;3033205000;2911866666;3411866666
124;3033220000;2953577777;3453577777
125;3033222000;2953577777;3453577777
126;3033223000;2953577777;3453577777
127;3033238000;2953577777;3453577777
128;3033238000;2953577777;3453577777
129;3033239000;2953577777;3453577777
130;3033240000;2953577777;3453577777
131;3074750000;2953588888;3453588888
135;3074765000;2995266666;3495266666
136;3074766000;2995266666;3495266666
137;3074767000;2995266666;3495266666
138;3074768000;2995266666;3495266666
139;3074769000;2995266666;3495266666
140;3074770000;2995266666;3495266666
141;3074771000;2995266666;3495266666
142;3115642000;2995322222;3495322222
146;3115647000;3036877777;3536877777
147;3115648000;3036877777;3536877777
148;3115649000;3036877777;3536877777
149;3115650000;3036877777;3536877777
150;3115651000;3036877777;3536877777
151;3115652000;3036877777;3536877777
152;3115653000;3036877777;3536877777
153;3155313000;3036955555;3536955555
157;3155328000;3078566666;3578566666
158;3155329000;3078566666;3578566666
159;3155330000;3078566666;3578566666
160;3155331000;3078566666;3578566666
161;3155332000;3078566666;3578566666
162;3155333000;3078566666;3578566666
163;3155334000;3078566666;3578566666
164;3193779000;3078622222;3578622222
168;3193783000;3120211111;3620211111
169;3193784000;3120211111;3620211111
170;3193785000;3120211111;3620211111
171;3193786000;3120211111;3620211111
172;3193787000;3120211111;3620211111
173;3193788000;3120211111;3620211111
174;3193789000;3120211111;3620211111
175;3231253000;3120277777;3620277777
179;3231268000;3161877777;3661877777
180;3231270000;3161877777;3661877777
181;3231270000;3161877777;3661877777
182;3231272000;3161877777;3661877777
183;3231273000;3161877777;3661877777
184;3231274000;3161877777;3661877777
185;3231275000;3161877777;3661877777
186;3267567000;3161933333;3661933333
190;3267582000;3203555555;3703555555
191;3267584000;3203555555;3703555555
192;3267584000;3203555555;3703555555
193;3267586000;3203555555;3703555555
194;3267586000;3203555555;3703555555
195;3267587000;3203555555;3703555555
196;3267588000;3203555555;3703555555
197;3302937000;3203622222;3703622222
201;3302942000;3245211111;3745211111
202;3302943000;3245211111;3745211111
203;3302944000;3245211111;3745211111
204;3302945000;3245211111;3745211111
205;3302946000;3245211111;3745211111
206;3302947000;3245211111;3745211111
207;3302948000;3245211111;3745211111
208;3337671000;3245277777;3745277777
209;3337687000;3245555555;3745555555
210;3337688000;3245555555;3745555555
211;3337689000;3245555555;3745555555
212;3374214000;3286877777;3786877777
213;3374218000;3286877777;3786877777
214;3374219000;3286877777;3786877777
215;3374220000;3286877777;3786877777
216;3374220000;3286877777;3786877777
217;3374221000;3286877777;3786877777
218;3374222000;3286877777;3786877777
219;3374422000;3286933333;3786933333
220;3374437000;3287288888;3787288888
221;3374438000;3287288888;3787288888
222;3374439000;3287288888;3787288888
223;3409171000;3328544444;3828544444
224;3409174000;3328544444;3828544444
225;3409175000;3328544444;3828544444
226;3409176000;3328544444;3828544444
227;3409177000;3328544444;3828544444
228;3409178000;3328544444;3828544444
229;3409179000;3328544444;3828544444
230;3409377000;3328611111;3828611111
231;3409392000;3328900000;3828900000
232;3409393000;3328900000;3828900000
233;3409394000;3328900000;3828900000
234;3444914000;3370211111;3870211111
235;3444918000;3370211111;3870211111
236;3444919000;3370211111;3870211111
237;3444920000;3370211111;3870211111
238;3444921000;3370211111;3870211111
239;3444922000;3370211111;3870211111
240;3444923000;3370211111;3870211111
241;3445100000;3370277777;3870277777
242;3445107000;3370544444;3870544444
243;3445108000;3370544444;3870544444
244;3445109000;3370544444;3870544444
245;3481028000;3411877777;3911877777
246;3481031000;3411877777;3911877777
247;3481032000;3411877777;3911877777
248;3481033000;3411877777;3911877777
249;3481034000;3411877777;3911877777
250;3481035000;3411877777;3911877777
251;3481036000;3411877777;3911877777
252;3481242000;3411900000;3911900000
253;3481249000;3412255555;3912255555
254;3481250000;3412255555;3912255555
255;3481251000;3412255555;3912255555
256;3519141000;3453577777;3953577777
257;3519144000;3453577777;3953577777
258;3519146000;3453577777;3953577777
259;3519155000;3453577777;3953577777
260;3519156000;3453577777;3953577777
261;3519157000;3453577777;3953577777
262;3519158000;3453577777;3953577777
263;3519314000;3453600000;3953600000
264;3519320000;3453877777;3953877777
265;3519321000;3453877777;3953877777
266;3519322000;3453877777;3953877777
267;3558273000;3495277777;3995277777
268;3558277000;3495277777;3995277777
269;3558278000;3495277777;3995277777
270;3558279000;3495277777;3995277777
271;3558280000;3495277777;3995277777
272;3558281000;3495277777;3995277777
273;3558282000;3495277777;3995277777
274;3558359000;3495322222;3995322222
275;3558362000;3495588888;3995588888
276;3558363000;3495588888;3995588888
277;3558364000;3495588888;3995588888
278;3598648000;3536911111;4036911111
279;3598660000;3536911111;4036911111
280;3598661000;3536911111;4036911111
281;3598662000;3536911111;4036911111
282;3598663000;3536911111;4036911111
283;3598664000;3536911111;4036911111
284;3598665000;3536911111;4036911111
285;3598804000;3536988888;4036988888
286;3598807000;3537311111;4037311111
287;3598808000;3537311111;4037311111
288;3598809000;3537311111;4037311111
289;3639544000;3578544444;4078544444
290;3639556000;3578544444;4078544444
291;3639557000;3578544444;4078544444
292;3639558000;3578544444;4078544444
293;3639559000;3578544444;4078544444
294;3639560000;3578544444;4078544444
295;3639561000;3578544444;4078544444
296;3639699000;3578622222;4078622222
297;3639702000;3578888888;4078888888
298;3639703000;3578888888;4078888888
299;3639704000;3578888888;4078888888
300;3680857000;3620211111;4120211111
301;3680860000;3620211111;4120211111
302;3680861000;3620211111;4120211111
303;3680862000;3620211111;4120211111
304;3680872000;3620211111;4120211111
305;3680873000;3620211111;4120211111
306;3680874000;3620211111;4120211111
307;3681013000;3620300000;4120300000
308;3681016000;3620555555;4120555555
309;3681017000;3620555555;4120555555
310;3681018000;3620555555;4120555555
311;3722433000;3661877777;4161877777
312;3722436000;3661877777;4161877777
313;3722437000;3661877777;4161877777
314;3722438000;3661877777;4161877777
315;3722439000;3661877777;4161877777
316;3722440000;3661877777;4161877777
317;3722441000;3661877777;4161877777
318;3722640000;3661955555;4161955555
319;3722655000;3662288888;4162288888
320;3722657000;3662288888;4162288888
321;3722658000;3662288888;4162288888
322;3763990000;3703544444;4203544444
323;3763993000;3703544444;4203544444
324;3763994000;3703544444;4203544444
325;3763995000;3703544444;4203544444
326;3763996000;3703544444;4203544444
327;3763997000;3703544444;4203544444
328;3763998000;3703544444;4203544444
329;3764129000;3703622222;4203622222
330;3764134000;3703900000;4203900000
331;3764136000;3703900000;4203900000
332;3764137000;3703900000;4203900000
333;3805648000;3745244444;4245244444
334;3805651000;3745244444;4245244444
335;3805652000;3745244444;4245244444
336;3805653000;3745244444;4245244444
337;3805654000;3745244444;4245244444
338;3805655000;3745244444;4245244444
339;3805656000;3745244444;4245244444
340;3805755000;3745322222;4245322222
341;3805760000;3745600000;4245600000
342;3805762000;3745600000;4245600000
343;3805763000;3745600000;4245600000
344;3847105000;3786877777;4286877777
345;3847108000;3786877777;4286877777
346;3847109000;3786877777;4286877777
347;3847110000;3786877777;4286877777
348;3847110000;3786877777;4286877777
349;3847111000;3786877777;4286877777
350;3847112000;3786877777;4286877777
351;3847209000;3786933333;4286933333
352;3847213000;3787255555;4287255555
353;3847214000;3787255555;4287255555
354;3847215000;3787255555;4287255555
355;3888981000;3828577777;4328577777
356;3888993000;3828577777;4328577777
357;3888994000;3828577777;4328577777
358;3888995000;3828577777;4328577777
359;3888996000;3828577777;4328577777
360;3888997000;3828577777;4328577777
361;3888998000;3828577777;4328577777
362;3889122000;3828644444;4328644444
363;3889127000;3828922222;4328922222
364;3889128000;3828922222;4328922222
365;3889129000;3828922222;4328922222
366;3930601000;3870211111;4370211111
367;3930613000;3870211111;4370211111
368;3930615000;3870211111;4370211111
369;3930616000;3870211111;4370211111
370;3930626000;3870211111;4370211111
371;3930627000;3870211111;4370211111
372;3930628000;3870211111;4370211111
373;3930752000;3870288888;4370288888
374;3930757000;3870522222;4370522222
375;3930758000;3870522222;4370522222
376;3930759000;3870522222;4370522222
377;3972310000;3911922222;4411922222
378;3972322000;3911922222;4411922222
379;3972323000;3911922222;4411922222
380;3972324000;3911922222;4411922222
381;3972325000;3911922222;4411922222
382;3972325000;3911922222;4411922222
383;3972326000;3911922222;4411922222
384;3972423000;3912000000;4412000000
385;3972428000;3912333333;4412333333
386;3972429000;3912333333;4412333333
387;3972430000;3912333333;4412333333
388;4013946000;3953544444;4453544444
389;4013958000;3953544444;4453544444
390;4013959000;3953544444;4453544444
391;4013960000;3953544444;4453544444
392;4013961000;3953544444;4453544444
393;4013962000;3953544444;4453544444
394;4013963000;3953544444;4453544444
395;4078101000;3953588888;4453588888
399;4078113000;3995244444;4495244444
400;4078116000;3995244444;4495244444
401;4078118000;3995244444;4495244444
402;4078120000;3995244444;4495244444
403;4078121000;3995244444;4495244444
404;4078122000;3995244444;4495244444
405;4078123000;3995244444;4495244444
406;4117263000;3995288888;4495288888
410;4117271000;4036911111;4536911111
411;4117282000;4036911111;4536911111
412;4117283000;4036911111;4536911111
413;4117284000;4036911111;4536911111
414;4117285000;4036911111;4536911111
415;4117287000;4036911111;4536911111
416;4117288000;4036911111;4536911111
417;4159436000;4036977777;4536977777
421;4159446000;4078577777;4578577777
422;4159448000;4078577777;4578577777
423;4159449000;4078577777;4578577777
424;4159451000;4078577777;4578577777
425;4159452000;4078577777;4578577777
426;4159454000;4078577777;4578577777
427;4159455000;4078577777;4578577777
428;4197918000;4078633333;4578633333
432;4197927000;4120211111;4620211111
433;4197938000;4120211111;4620211111
434;4197940000;4120211111;4620211111
435;4197941000;4120211111;4620211111
436;4197942000;4120211111;4620211111
437;4197944000;4120211111;4620211111
438;4197945000;4120211111;4620211111
439;4236542000;4120277777;4620277777
443;4236551000;4161877777;4661877777
444;4236553000;4161877777;4661877777
445;4236563000;4161877777;4661877777
446;4236564000;4161877777;4661877777
447;4236566000;4161877777;4661877777
448;4236567000;4161877777;4661877777
449;4236569000;4161877777;4661877777
450;4273929000;4161944444;4661944444
454;4273936000;4203566666;4703566666
455;4273938000;4203566666;4703566666
456;4273939000;4203566666;4703566666
457;4273949000;4203566666;4703566666
458;4273951000;4203566666;4703566666
459;4273952000;4203566666;4703566666
460;4273953000;4203566666;4703566666
461;4308979000;4203677777;4703677777
465;4308986000;4245300000;4745300000
466;4308988000;4245300000;4745300000
467;4308989000;4245300000;4745300000
468;4308990000;4245300000;4745300000
469;4309001000;4245300000;4745300000
470;4309002000;4245300000;4745300000
471;4309003000;4245300000;4745300000
472;4344440000;4245344444;4745344444
476;4344446000;4286877777;4786877777
477;4344448000;4286877777;4786877777
478;4344449000;4286877777;4786877777
479;4344450000;4286877777;4786877777
480;4344451000;4286877777;4786877777
481;4344452000;4286877777;4786877777
482;4344462000;4286877777;4786877777
483;4379147000;4286944444;4786944444
484;4379153000;4287288888;4787288888
485;4379154000;4287288888;4787288888
486;4379155000;4287288888;4787288888
487;4415706000;4328544444;4828544444
488;4415710000;4328544444;4828544444
489;4415711000;4328544444;4828544444
490;4415712000;4328544444;4828544444
491;4415713000;4328544444;4828544444
492;4415714000;4328544444;4828544444
493;4415715000;4328544444;4828544444
494;4415837000;4328611111;4828611111
495;4415843000;4328900000;4828900000
496;4415844000;4328900000;4828900000
497;4415845000;4328900000;4828900000
498;4450724000;4370244444;4870244444
499;4450728000;4370244444;4870244444
500;4450729000;4370244444;4870244444
501;4450730000;4370244444;4870244444
502;4450731000;4370244444;4870244444
503;4450732000;4370244444;4870244444
504;4450743000;4370244444;4870244444
505;4450867000;4370311111;4870311111
506;4450872000;4370566666;4870566666
507;4450873000;4370566666;4870566666
508;4450874000;4370566666;4870566666
509;4486458000;4411888888;4911888888
510;4486461000;4411888888;4911888888
511;4486462000;4411888888;4911888888
512;4486463000;4411888888;4911888888
513;4486464000;4411888888;4911888888
514;4486465000;4411888888;4911888888
515;4486466000;4411888888;4911888888
516;4486566000;4411955555;4911955555
517;4486571000;4412322222;4912322222
518;4486573000;4412322222;4912322222
519;4486574000;4412322222;4912322222
520;4523080000;4453544444;4953544444
521;4523083000;4453544444;4953544444
522;4523084000;4453544444;4953544444
523;4523085000;4453544444;4953544444
524;4523086000;4453544444;4953544444
525;4523087000;4453544444;4953544444
526;4523088000;4453544444;4953544444
527;4523184000;4453611111;4953611111
528;4523189000;4453900000;4953900000
529;4523190000;4453900000;4953900000
530;4523192000;4453900000;4953900000
531;4560950000;4495211111;4995211111
532;4560953000;4495211111;4995211111
533;4560954000;4495211111;4995211111
534;4560955000;4495211111;4995211111
535;4560955000;4495211111;4995211111
536;4560957000;4495211111;4995211111
537;4560957000;4495211111;4995211111
538;4561053000;4495288888;4995288888
539;4561059000;4495566666;4995566666
540;4561060000;4495566666;4995566666
541;4561061000;4495566666;4995566666
542;4600182000;4536888888;5036888888
543;4600184000;4536888888;5036888888
544;4600194000;4536888888;5036888888
545;4600195000;4536888888;5036888888
546;4600196000;4536888888;5036888888
547;4600197000;4536888888;5036888888
548;4600198000;4536888888;5036888888
549;4600314000;4536955555;5036955555
550;4600319000;4537300000;5037300000
551;4608578000;4537300000;5037300000
552;4608588000;4537300000;5037300000
553;4640462000;4578522222;5078522222
554;4640465000;4578522222;5078522222
555;4640465000;4578522222;5078522222
556;4640466000;4578522222;5078522222
557;4640467000;4578522222;5078522222
558;4640468000;4578522222;5078522222
559;4640469000;4578522222;5078522222
560;4700391000;4578544444;5078544444
564;4700398000;4620244444;5120244444
565;4700399000;4620244444;5120244444
566;4700400000;4620244444;5120244444
567;4700401000;4620244444;5120244444
568;4700402000;4620244444;5120244444
569;4700403000;4620244444;5120244444
570;4700404000;4620244444;5120244444
571;4762870000;4620255555;5120255555
575;4762876000;4661888888;5161888888
576;4762878000;4661888888;5161888888
577;4762879000;4661888888;5161888888
578;4762880000;4661888888;5161888888
579;4762890000;4661888888;5161888888
580;4762891000;4661888888;5161888888
581;4762892000;4661888888;5161888888
582;4803529000;4661900000;5161900000
597;4803536000;4745255555;5245255555
598;4803537000;4745255555;5245255555
599;4803538000;4745255555;5245255555
600;4803539000;4745255555;5245255555
601;4803540000;4745255555;5245255555
602;4803550000;4745255555;5245255555
603;4803551000;4745255555;5245255555
604;4881267000;4745266666;5245266666
619;4881283000;4828577777;5328577777
620;4881284000;4828577777;5328577777
621;4881285000;4828577777;5328577777
622;4881286000;4828577777;5328577777
623;4881287000;4828577777;5328577777
624;4881288000;4828577777;5328577777
625;4881289000;4828577777;5328577777
626;4952184000;4828655555;5328655555
630;4952199000;4870211111;5370211111
631;4952200000;4870211111;5370211111
632;4952201000;4870211111;5370211111
633;4952202000;4870211111;5370211111
634;4952203000;4870211111;5370211111
635;4952204000;4870211111;5370211111
636;4952205000;4870211111;5370211111
637;4986977000;4870288888;5370288888
641;4986993000;4911877777;5411877777
642;4986994000;4911877777;5411877777
643;4986995000;4911877777;5411877777
644;4986996000;4911877777;5411877777
645;4986997000;4911877777;5411877777
646;4986998000;4911877777;5411877777
647;4986999000;4911877777;5411877777
648;5017437000;4911933333;5411933333
652;5017452000;4953544444;5453544444
653;5017454000;4953544444;5453544444
654;5017455000;4953544444;5453544444
655;5017456000;4953544444;5453544444
656;5017456000;4953544444;5453544444
657;5017457000;4953544444;5453544444
658;5017467000;4953544444;5453544444
659;5049326000;4953600000;5453600000
663;5049341000;4995244444;5495244444
664;5049343000;4995244444;5495244444
665;5049344000;4995244444;5495244444
666;5049345000;4995244444;5495244444
667;5049345000;4995244444;5495244444
668;5049346000;4995244444;5495244444
669;5049347000;4995244444;5495244444
670;5081775000;4995300000;5495300000
671;5081791000;4995577777;5495577777
672;5081792000;4995577777;5495577777
673;5081793000;4995577777;5495577777
674;5117323000;5036888888;5536888888
675;5117327000;5036888888;5536888888
676;5117328000;5036888888;5536888888
677;5117329000;5036888888;5536888888
678;5117330000;5036888888;5536888888
679;5117331000;5036888888;5536888888
680;5117332000;5036888888;5536888888
681;5117502000;5036933333;5536933333
682;5117506000;5037300000;5537300000
683;5117508000;5037300000;5537300000
684;5117509000;5037300000;5537300000
685;5151770000;5078577777;5578577777
686;5151773000;5078577777;5578577777
687;5151774000;5078577777;5578577777
688;5151775000;5078577777;5578577777
689;5151776000;5078577777;5578577777
690;5151777000;5078577777;5578577777
691;5151778000;5078577777;5578577777
692;5151950000;5078622222;5578622222
693;5151956000;5078922222;5578922222
694;5151957000;5078922222;5578922222
695;5151958000;5078922222;5578922222
696;5188206000;5120244444;5620244444
697;5188209000;5120244444;5620244444
698;5188210000;5120244444;5620244444
699;5188211000;5120244444;5620244444
700;5188212000;5120244444;5620244444
701;5188213000;5120244444;5620244444
702;5188214000;5120244444;5620244444
703;5188415000;5120300000;5620300000
704;5188421000;5120588888;5620588888
705;5188423000;5120588888;5620588888
706;5188423000;5120588888;5620588888
707;5226390000;5161911111;5661911111
708;5226394000;5161911111;5661911111
709;5226395000;5161911111;5661911111
710;5226396000;5161911111;5661911111
711;5226397000;5161911111;5661911111
712;5226397000;5161911111;5661911111
713;5226398000;5161911111;5661911111
714;5226554000;5161966666;5661966666
715;5226560000;5162288888;5662288888
716;5226561000;5162288888;5662288888
717;5226562000;5162288888;5662288888
718;5265983000;5203555555;5703555555
719;5265987000;5203555555;5703555555
720;5265988000;5203555555;5703555555
721;5265989000;5203555555;5703555555
722;5265990000;5203555555;5703555555
723;5265991000;5203555555;5703555555
724;5265992000;5203555555;5703555555
725;5266146000;5203600000;5703600000
726;5266153000;5203888888;5703888888
727;5266154000;5203888888;5703888888
728;5266155000;5203888888;5703888888
729;5306493000;5245211111;5745211111
730;5306496000;5245211111;5745211111
731;5306497000;5245211111;5745211111
732;5306498000;5245211111;5745211111
733;5306499000;5245211111;5745211111
734;5306509000;5245211111;5745211111
735;5306510000;5245211111;5745211111
736;5306644000;5245266666;5745266666
737;5306646000;5245566666;5745566666
738;5306647000;5245566666;5745566666
739;5306648000;5245566666;5745566666
740;5347646000;5286900000;5786900000
741;5347648000;5286900000;5786900000
742;5347649000;5286900000;5786900000
743;5347650000;5286900000;5786900000
744;5347651000;5286900000;5786900000
745;5347652000;5286900000;5786900000
746;5347653000;5286900000;5786900000
747;5347796000;5286944444;5786944444
748;5347798000;5287300000;5787300000
749;5347799000;5287300000;5787300000
750;5347801000;5287300000;5787300000
751;5389092000;5328544444;5828544444
752;5389095000;5328544444;5828544444
753;5389096000;5328544444;5828544444
754;5389097000;5328544444;5828544444
755;5389098000;5328544444;5828544444
756;5389099000;5328544444;5828544444
757;5389099000;5328544444;5828544444
758;5389242000;5328600000;5828600000
759;5389244000;5328888888;5828888888
760;5389245000;5328888888;5828888888
761;5389246000;5328888888;5828888888
762;5430739000;5370211111;5870211111
763;5430743000;5370211111;5870211111
764;5430744000;5370211111;5870211111
765;5430745000;5370211111;5870211111
766;5430746000;5370211111;5870211111
767;5430747000;5370211111;5870211111
768;5430748000;5370211111;5870211111
769;5430958000;5370266666;5870266666
770;5430962000;5370533333;5870533333
771;5430963000;5370533333;5870533333
772;5430981000;5370533333;5870533333
773;5472371000;5411888888;5911888888
774;5472374000;5411888888;5911888888
775;5472376000;5411888888;5911888888
776;5472377000;5411888888;5911888888
777;5472378000;5411888888;5911888888
778;5472379000;5411888888;5911888888
779;5472380000;5411888888;5911888888
780;5472587000;5411944444;5911944444
781;5472602000;5412300000;5912300000
782;5472604000;5412300000;5912300000
783;5472605000;5412300000;5912300000
784;5514041000;5453544444;5953544444
785;5514053000;5453544444;5953544444
786;5514055000;5453544444;5953544444
787;5514056000;5453544444;5953544444
788;5514057000;5453544444;5953544444
789;5514058000;5453544444;5953544444
790;5514059000;5453544444;5953544444
791;5514266000;5453600000;5953600000
792;5514282000;5453900000;5953900000
793;5514284000;5453900000;5953900000
794;5514284000;5453900000;5953900000
795;5555738000;5495244444;5995244444
796;5555741000;5495244444;5995244444
797;5555742000;5495244444;5995244444
798;5555743000;5495244444;5995244444
799;5555744000;5495244444;5995244444
800;5555745000;5495244444;5995244444
801;5555746000;5495244444;5995244444
802;5555947000;5495300000;5995300000
803;5555962000;5495588888;5995588888
804;5555964000;5495588888;5995588888
805;5555965000;5495588888;5995588888
806;5597300000;5536877777;6036877777
807;5597303000;5536877777;6036877777
808;5597304000;5536877777;6036877777
809;5597305000;5536877777;6036877777
810;5597306000;5536877777;6036877777
811;5597307000;5536877777;6036877777
812;5597317000;5536877777;6036877777
813;5597452000;5536933333;6036933333
814;5597454000;5537277777;6037277777
815;5597455000;5537277777;6037277777
816;5597456000;5537277777;6037277777
817;5639021000;5578544444;6078544444
818;5639024000;5578544444;6078544444
819;5639025000;5578544444;6078544444
820;5639026000;5578544444;6078544444
821;5639027000;5578544444;6078544444
822;5639028000;5578544444;6078544444
823;5639029000;5578544444;6078544444
824;5639235000;5578600000;6078600000
825;5639251000;5578888888;6078888888
826;5639252000;5578888888;6078888888
827;5639253000;5578888888;6078888888
828;5680710000;5620233333;6120233333
829;5680713000;5620233333;6120233333
830;5680714000;5620233333;6120233333
831;5680715000;5620233333;6120233333
832;5680716000;5620233333;6120233333
833;5680717000;5620233333;6120233333
834;5680718000;5620233333;6120233333
835;5680917000;5620288888;6120288888
836;5680932000;5620588888;6120588888
837;5680934000;5620588888;6120588888
838;5680935000;5620588888;6120588888
839;5722354000;5661877777;6161877777
840;5722357000;5661877777;6161877777
841;5722358000;5661877777;6161877777
842;5722359000;5661877777;6161877777
843;5722360000;5661877777;6161877777
844;5722361000;5661877777;6161877777
845;5722362000;5661877777;6161877777
846;5722562000;5661933333;6161933333
847;5722577000;5662277777;6162277777
848;5722579000;5662277777;6162277777
849;5722579000;5662277777;6162277777
850;5764020000;5703544444;6203544444
851;5764023000;5703544444;6203544444
852;5764024000;5703544444;6203544444
853;5764025000;5703544444;6203544444
854;5764026000;5703544444;6203544444
855;5764027000;5703544444;6203544444
856;5764028000;5703544444;6203544444
857;5764236000;5703600000;6203600000
858;5764242000;5703888888;6203888888
859;5764243000;5703888888;6203888888
860;5764244000;5703888888;6203888888
861;5805609000;5745211111;6245211111
862;5805611000;5745211111;6245211111
863;5805612000;5745211111;6245211111
864;5805613000;5745211111;6245211111
865;5805614000;5745211111;6245211111
866;5805624000;5745211111;6245211111
867;5805625000;5745211111;6245211111
868;5805760000;5745266666;6245266666
869;5805763000;5745566666;6245566666
870;5805764000;5745566666;6245566666
871;5805765000;5745566666;6245566666
872;5847268000;5786877777;6286877777
873;5847270000;5786877777;6286877777
874;5847271000;5786877777;6286877777
875;5847272000;5786877777;6286877777
876;5847273000;5786877777;6286877777
877;5847274000;5786877777;6286877777
878;5847275000;5786877777;6286877777
879;5847417000;5786933333;6286933333
880;5847419000;5787266666;6287266666
881;5847420000;5787266666;6287266666
882;5847430000;5787266666;6287266666
883;5888940000;5828544444;6328544444
884;5888942000;5828544444;6328544444
885;5888943000;5828544444;6328544444
886;5888944000;5828544444;6328544444
887;5888945000;5828544444;6328544444
888;5888946000;5828544444;6328544444
889;5888946000;5828544444;6328544444
890;5889073000;5828600000;6328600000
891;5889076000;5828888888;6328888888
892;5889077000;5828888888;6328888888
893;5889078000;5828888888;6328888888
894;5930589000;5870211111;6370211111
895;5930591000;5870211111;6370211111
896;5930592000;5870211111;6370211111
897;5930593000;5870211111;6370211111
898;5930594000;5870211111;6370211111
899;5930595000;5870211111;6370211111
900;5930596000;5870211111;6370211111
901;5930743000;5870266666;6370266666
902;5930745000;5870522222;6370522222
903;5930746000;5870522222;6370522222
904;5930747000;5870522222;6370522222
905;5972295000;5911911111;6411911111
906;5972298000;5911911111;6411911111
907;5972299000;5911911111;6411911111
908;5972300000;5911911111;6411911111
909;5972301000;5911911111;6411911111
910;5972302000;5911911111;6411911111
911;5972303000;5911911111;6411911111
912;5972518000;5911966666;6411966666
913;5972521000;5912300000;6412300000
914;5972522000;5912300000;6412300000
915;5983062000;5912300000;6412300000
916;6013895000;5953533333;6453533333
917;6013898000;5953533333;6453533333
918;6013900000;5953533333;6453533333
919;6013901000;5953533333;6453533333
920;6013902000;5953533333;6453533333
921;6013903000;5953533333;6453533333
922;6013903000;5953533333;6453533333
923;6074838000;5953555555;6453555555
927;6074844000;5995233333;6495233333
928;6074845000;5995233333;6495233333
929;6074846000;5995233333;6495233333
930;6074847000;5995233333;6495233333
931;6074848000;5995233333;6495233333
932;6074849000;5995233333;6495233333
933;6074850000;5995233333;6495233333
934;6116300000;5995255555;6495255555
938;6116316000;6036900000;6536900000
939;6116317000;6036900000;6536900000
940;6116318000;6036900000;6536900000
941;6116319000;6036900000;6536900000
942;6116320000;6036900000;6536900000
943;6116321000;6036900000;6536900000
944;6116322000;6036900000;6536900000
945;6157333000;6036911111;6536911111
949;6157348000;6078577777;6578577777
950;6157349000;6078577777;6578577777
951;6157351000;6078577777;6578577777
952;6157351000;6078577777;6578577777
953;6157352000;6078577777;6578577777
954;6157353000;6078577777;6578577777
955;6157354000;6078577777;6578577777
956;6197399000;6078633333;6578633333
960;6197414000;6120222222;6620222222
961;6197415000;6120222222;6620222222
962;6197416000;6120222222;6620222222
963;6197417000;6120222222;6620222222
964;6197418000;6120222222;6620222222
965;6197419000;6120222222;6620222222
966;6197420000;6120222222;6620222222
967;6235731000;6120255555;6620255555
971;6235746000;6161877777;6661877777
972;6235748000;6161877777;6661877777
973;6235749000;6161877777;6661877777
974;6235750000;6161877777;6661877777
975;6235751000;6161877777;6661877777
976;6235752000;6161877777;6661877777
977;6235752000;6161877777;6661877777
978;6274156000;6161922222;6661922222
982;6274160000;6203577777;6703577777
983;6274161000;6203577777;6703577777
984;6274162000;6203577777;6703577777
985;6274163000;6203577777;6703577777
986;6274164000;6203577777;6703577777
987;6274165000;6203577777;6703577777
988;6274166000;6203577777;6703577777
989;6311720000;6203633333;6703633333
993;6311726000;6245211111;6745211111
994;6311728000;6245211111;6745211111
995;6311729000;6245211111;6745211111
996;6311731000;6245211111;6745211111
997;6311732000;6245211111;6745211111
998;6311734000;6245211111;6745211111
999;6311745000;6245211111;6745211111
1000;6346739000;6245277777;6745277777
1004;6346754000;6286877777;6786877777
1005;6346755000;6286877777;6786877777
1006;6346756000;6286877777;6786877777
1007;6346757000;6286877777;6786877777
1008;6346758000;6286877777;6786877777
1009;6346759000;6286877777;6786877777
1010;6346760000;6286877777;6786877777
1011;6381038000;6286933333;6786933333
1015;6381052000;6328555555;6828555555
1016;6381056000;6328555555;6828555555
1017;6381057000;6328555555;6828555555
1018;6381058000;6328555555;6828555555
1019;6381059000;6328555555;6828555555
1020;6381077000;6328555555;6828555555
1021;6381078000;6328555555;6828555555
1022;6415453000;6328622222;6828622222
1023;6415469000;6328922222;6828922222
1024;6415470000;6328922222;6828922222
1025;6415471000;6328922222;6828922222
1026;6451974000;6370211111;6870211111
1027;6451977000;6370211111;6870211111
1028;6451978000;6370211111;6870211111
1029;6451980000;6370211111;6870211111
1030;6451981000;6370211111;6870211111
1031;6451982000;6370211111;6870211111
1032;6451983000;6370211111;6870211111
1033;6452156000;6370277777;6870277777
1034;6452160000;6370566666;6870566666
1035;6452162000;6370566666;6870566666
1036;6452162000;6370566666;6870566666
1037;6487364000;6411888888;6911888888
1038;6487367000;6411888888;6911888888
1039;6487368000;6411888888;6911888888
1040;6487369000;6411888888;6911888888
1041;6487370000;6411888888;6911888888
1042;6487371000;6411888888;6911888888
1043;6487372000;6411888888;6911888888
1044;6487571000;6411955555;6911955555
1045;6487586000;6412322222;6912322222
1046;6487588000;6412322222;6912322222
1047;6487589000;6412322222;6912322222
1048;6523733000;6453544444;6953544444
1049;6523745000;6453544444;6953544444
1050;6523747000;6453544444;6953544444
1051;6523748000;6453544444;6953544444
1052;6523750000;6453544444;6953544444
1053;6523751000;6453544444;6953544444
1054;6523753000;6453544444;6953544444
1055;6523902000;6453611111;6953611111
1056;6523906000;6453900000;6953900000
1057;6523907000;6453900000;6953900000
1058;6523909000;6453900000;6953900000
1059;6560915000;6495211111;6995211111
1060;6560928000;6495211111;6995211111
1061;6560929000;6495211111;6995211111
1062;6560931000;6495211111;6995211111
1063;6560932000;6495211111;6995211111
1064;6560934000;6495211111;6995211111
1065;6560936000;6495211111;6995211111
1066;6561078000;6495266666;6995266666
1067;6561082000;6495533333;6995533333
1068;6561083000;6495533333;6995533333
1069;6561085000;6495533333;6995533333
1070;6600219000;6536911111;7036911111
1071;6600223000;6536911111;7036911111
1072;6600224000;6536911111;7036911111
1073;6600225000;6536911111;7036911111
1074;6600226000;6536911111;7036911111
1075;6600226000;6536911111;7036911111
1076;6600227000;6536911111;7036911111
1077;6600426000;6536977777;7036977777
1078;6600432000;6537311111;7037311111
1079;6600433000;6537311111;7037311111
1080;6600434000;6537311111;7037311111
1081;6640357000;6578566666;7078566666
1082;6640360000;6578566666;7078566666
1083;6640362000;6578566666;7078566666
1084;6640364000;6578566666;7078566666
1085;6640364000;6578566666;7078566666
1086;6640365000;6578566666;7078566666
1087;6640366000;6578566666;7078566666
1088;6640442000;6578622222;7078622222
1089;6640447000;6578888888;7078888888
1090;6640448000;6578888888;7078888888
1091;6640449000;6578888888;7078888888
1092;6681227000;6620211111;7120211111
1093;6681229000;6620211111;7120211111
1094;6681231000;6620211111;7120211111
1095;6681232000;6620211111;7120211111
1096;6681233000;6620211111;7120211111
1097;6681234000;6620211111;7120211111
1098;6681235000;6620211111;7120211111
1099;6681378000;6620277777;7120277777
1100;6681380000;6620544444;7120544444
1101;6681381000;6620544444;7120544444
1102;6681382000;6620544444;7120544444
1103;6722632000;6661911111;7161911111
1104;6722635000;6661911111;7161911111
1105;6722636000;6661911111;7161911111
1106;6722637000;6661911111;7161911111
1107;6722639000;6661911111;7161911111
1108;6722640000;6661911111;7161911111
1109;6722640000;6661911111;7161911111
1110;6722839000;6661966666;7161966666
1111;6722854000;6662300000;7162300000
1112;6722855000;6662300000;7162300000
1113;6722856000;6662300000;7162300000
1114;6764095000;6703544444;7203544444
1115;6764099000;6703544444;7203544444
1116;6764100000;6703544444;7203544444
1117;6764101000;6703544444;7203544444
1118;6764101000;6703544444;7203544444
1119;6764102000;6703544444;7203544444
1120;6764103000;6703544444;7203544444
1121;6764302000;6703611111;7203611111
1122;6764308000;6703888888;7203888888
1123;6764309000;6703888888;7203888888
1124;6764310000;6703888888;7203888888
1125;6805614000;6745211111;7245211111
1126;6805617000;6745211111;7245211111
1127;6805635000;6745211111;7245211111
1128;6805636000;6745211111;7245211111
1129;6805637000;6745211111;7245211111
1130;6805638000;6745211111;7245211111
1131;6805639000;6745211111;7245211111
1132;6805774000;6745277777;7245277777
1133;6805777000;6745566666;7245566666
1134;6805778000;6745566666;7245566666
1135;6805779000;6745566666;7245566666
1136;6847241000;6786877777;7286877777
1137;6847244000;6786877777;7286877777
1138;6847245000;6786877777;7286877777
1139;6847246000;6786877777;7286877777
1140;6847257000;6786877777;7286877777
1141;6847258000;6786877777;7286877777
1142;6847258000;6786877777;7286877777
1143;6847392000;6786944444;7286944444
1144;6847395000;6787277777;7287277777
1145;6847396000;6787277777;7287277777
1146;6847397000;6787277777;7287277777
1147;6951421000;6828544444;7328544444
1158;6992123000;6870266666;7370266666
1169;7032212000;6911911111;7411911111
1180;7071177000;6953577777;7453577777
1191;7110895000;6995211111;7495211111
1202;7144186000;7036877777;7536877777
1213;7179765000;7078544444;7578544444
1224;7214658000;7120222222;7620222222
1235;7247727000;7161877777;7661877777
1236;7247731000;7161877777;7661877777
1237;7247732000;7161877777;7661877777
1238;7247733000;7161877777;7661877777
1239;7247734000;7161877777;7661877777
1240;7247735000;7161877777;7661877777
1241;7247737000;7161877777;7661877777
1242;7247938000;7161955555;7661955555
1243;7247954000;7162266666;7662266666
1244;7247955000;7162266666;7662266666
1245;7247956000;7162266666;7662266666
1246;7283108000;7203555555;7703555555
1247;7283112000;7203555555;7703555555
1248;7283113000;7203555555;7703555555
1249;7283114000;7203555555;7703555555
1250;7283115000;7203555555;7703555555
1251;7283116000;7203555555;7703555555
1252;7283117000;7203555555;7703555555
1253;7283332000;7203633333;7703633333
1254;7283347000;7203900000;7703900000
1255;7283349000;7203900000;7703900000
1256;7283349000;7203900000;7703900000
1257;7319183000;7245244444;7745244444
1258;7319187000;7245244444;7745244444
1259;7319188000;7245244444;7745244444
1260;7319189000;7245244444;7745244444
1261;7319190000;7245244444;7745244444
1262;7319191000;7245244444;7745244444
1263;7319192000;7245244444;7745244444
1264;7319408000;7245322222;7745322222
1265;7319414000;7245588888;7745588888
1266;7319415000;7245588888;7745588888
1267;7319416000;7245588888;7745588888
1268;7356090000;7286900000;7786900000
1269;7356104000;7286900000;7786900000
1270;7356105000;7286900000;7786900000
1271;7356107000;7286900000;7786900000
1272;7356108000;7286900000;7786900000
1273;7356109000;7286900000;7786900000
1274;7356110000;7286900000;7786900000
1275;7356328000;7286977777;7786977777
1276;7356335000;7287322222;7787322222
1277;7356336000;7287322222;7787322222
1278;7356338000;7287322222;7787322222
1279;7393457000;7328544444;7828544444
1280;7393461000;7328544444;7828544444
1281;7393462000;7328544444;7828544444
1282;7393463000;7328544444;7828544444
1283;7393464000;7328544444;7828544444
1284;7393465000;7328544444;7828544444
1285;7393466000;7328544444;7828544444
1286;7393627000;7328622222;7828622222
1287;7393634000;7328911111;7828911111
1288;7393635000;7328911111;7828911111
1289;7393636000;7328911111;7828911111
1290;7433066000;7370211111;7870211111
1291;7433069000;7370211111;7870211111
1292;7433071000;7370211111;7870211111
1293;7433072000;7370211111;7870211111
1294;7433073000;7370211111;7870211111
1295;7433074000;7370211111;7870211111
1296;7433075000;7370211111;7870211111
1297;7433237000;7370288888;7870288888
1298;7433244000;7370555555;7870555555
1299;7433245000;7370555555;7870555555
1300;7433246000;7370555555;7870555555
1301;7473514000;7411877777;7911877777
1302;7473518000;7411877777;7911877777
1303;7473519000;7411877777;7911877777
1304;7473520000;7411877777;7911877777
1305;7473521000;7411877777;7911877777
1306;7473522000;7411877777;7911877777
1307;7473523000;7411877777;7911877777
1308;7473751000;7411955555;7911955555
1309;7473758000;7412300000;7912300000
1310;7473759000;7412300000;7912300000
1311;7473761000;7412300000;7912300000
1312;7514508000;7453544444;7953544444
1313;7514511000;7453544444;7953544444
1314;7514512000;7453544444;7953544444
1315;7514524000;7453544444;7953544444
1316;7514525000;7453544444;7953544444
1317;7514526000;7453544444;7953544444
1318;7514527000;7453544444;7953544444
1319;7514728000;7453622222;7953622222
1320;7514734000;7453911111;7953911111
1321;7514735000;7453911111;7953911111
1322;7514736000;7453911111;7953911111
1323;7555854000;7495211111;7995211111
1324;7555857000;7495211111;7995211111
1325;7555858000;7495211111;7995211111
1326;7555859000;7495211111;7995211111
1327;7555860000;7495211111;7995211111
1328;7555861000;7495211111;7995211111
1329;7555862000;7495211111;7995211111
1330;7556061000;7495288888;7995288888
1331;7556068000;7495577777;7995577777
1332;7556069000;7495577777;7995577777
1333;7556070000;7495577777;7995577777
1334;7597287000;7536911111;8036911111
1335;7597290000;7536911111;8036911111
1336;7597291000;7536911111;8036911111
1337;7597292000;7536911111;8036911111
1338;7597293000;7536911111;8036911111
1339;7597294000;7536911111;8036911111
1340;7597295000;7536911111;8036911111
1341;7597494000;7536988888;8036988888
1342;7597500000;7537333333;8037333333
1343;7597502000;7537333333;8037333333
1344;7597503000;7537333333;8037333333
1345;7639039000;7578544444;8078544444
1346;7639050000;7578544444;8078544444
1347;7639052000;7578544444;8078544444
1348;7639053000;7578544444;8078544444
1349;7639054000;7578544444;8078544444
1350;7639055000;7578544444;8078544444
1351;7639056000;7578544444;8078544444
1352;7700802000;7578622222;8078622222
1356;7700817000;7620222222;8120222222
1357;7700819000;7620222222;8120222222
1358;7700820000;7620222222;8120222222
1359;7700821000;7620222222;8120222222
1360;7700821000;7620222222;8120222222
1361;7700822000;7620222222;8120222222
1362;7700824000;7620222222;8120222222
1363;7742029000;7620277777;8120277777
1367;7742053000;7661877777;8161877777
1368;7742054000;7661877777;8161877777
1369;7742055000;7661877777;8161877777
1370;7742056000;7661877777;8161877777
1371;7742057000;7661877777;8161877777
1372;7742058000;7661877777;8161877777
1373;7742059000;7661877777;8161877777
1374;7782754000;7661955555;8161955555
1378;7782770000;7703544444;8203544444
1379;7782771000;7703544444;8203544444
1380;7782772000;7703544444;8203544444
1381;7782773000;7703544444;8203544444
1382;7782783000;7703544444;8203544444
1383;7782784000;7703544444;8203544444
1384;7782785000;7703544444;8203544444
1385;7822547000;7703622222;8203622222
1389;7822553000;7745244444;8245244444
1390;7822554000;7745244444;8245244444
1391;7822555000;7745244444;8245244444
1392;7822556000;7745244444;8245244444
1393;7822557000;7745244444;8245244444
1394;7822558000;7745244444;8245244444
1395;7822559000;7745244444;8245244444
1396;7861335000;7745322222;8245322222
1400;7861350000;7786877777;8286877777
1401;7861351000;7786877777;8286877777
1402;7861352000;7786877777;8286877777
1403;7861353000;7786877777;8286877777
1404;7861354000;7786877777;8286877777
1405;7861355000;7786877777;8286877777
1406;7861356000;7786877777;8286877777
1407;7898685000;7786955555;8286955555
1411;7898701000;7828544444;8328544444
1412;7898702000;7828544444;8328544444
1413;7898703000;7828544444;8328544444
1414;7898704000;7828544444;8328544444
1415;7898705000;7828544444;8328544444
1416;7898706000;7828544444;8328544444
1417;7898707000;7828544444;8328544444
1418;7934915000;7828622222;8328622222
1422;7934930000;7870211111;8370211111
1423;7934932000;7870211111;8370211111
1424;7934933000;7870211111;8370211111
1425;7934934000;7870211111;8370211111
1426;7934935000;7870211111;8370211111
1427;7934936000;7870211111;8370211111
1428;7934937000;7870211111;8370211111
1429;7970183000;7870288888;8370288888
1433;7970198000;7911877777;8411877777
1434;7970200000;7911877777;8411877777
1435;7970201000;7911877777;8411877777
1436;7970202000;7911877777;8411877777
1437;7970203000;7911877777;8411877777
1438;7970204000;7911877777;8411877777
1439;7970205000;7911877777;8411877777
1440;8004817000;7911955555;8411955555
1441;8004833000;7912277777;8412277777
1442;8004834000;7912277777;8412277777
1443;8004835000;7912277777;8412277777
1444;8041271000;7953544444;8453544444
1445;8041274000;7953544444;8453544444
1446;8041275000;7953544444;8453544444
1447;8041296000;7953544444;8453544444
1448;8041297000;7953544444;8453544444
1449;8041299000;7953544444;8453544444
1450;8041300000;7953544444;8453544444
1451;8041531000;7953622222;8453622222
1452;8041546000;7953900000;8453900000
1453;8041548000;7953900000;8453900000
1454;8041549000;7953900000;8453900000
1455;8076164000;7995244444;8495244444
1456;8076167000;7995244444;8495244444
1457;8076168000;7995244444;8495244444
1458;8076169000;7995244444;8495244444
1459;8076170000;7995244444;8495244444
1460;8076171000;7995244444;8495244444
1461;8076172000;7995244444;8495244444
1462;8076371000;7995322222;8495322222
1463;8076387000;7995600000;8495600000
1464;8076388000;7995600000;8495600000
1465;8076389000;7995600000;8495600000
1466;8111811000;8036911111;8536911111
1467;8111815000;8036911111;8536911111
1468;8111816000;8036911111;8536911111
1469;8111817000;8036911111;8536911111
1470;8111818000;8036911111;8536911111
1471;8111819000;8036911111;8536911111
1472;8111820000;8036911111;8536911111
1473;8112019000;8036988888;8536988888
1474;8112025000;8037344444;8537344444
1475;8112026000;8037344444;8537344444
1476;8112027000;8037344444;8537344444
1477;8148458000;8078544444;8578544444
1478;8148461000;8078544444;8578544444
1479;8148462000;8078544444;8578544444
1480;8148463000;8078544444;8578544444
1481;8148464000;8078544444;8578544444
1482;8148465000;8078544444;8578544444
1483;8148466000;8078544444;8578544444
1484;8148665000;8078622222;8578622222
1485;8148672000;8078922222;8578922222
1486;8148673000;8078922222;8578922222
1487;8148674000;8078922222;8578922222
1488;8186160000;8120244444;8620244444
1489;8186163000;8120244444;8620244444
1490;8186164000;8120244444;8620244444
1491;8186165000;8120244444;8620244444
1492;8186166000;8120244444;8620244444
1493;8186167000;8120244444;8620244444
1494;8186168000;8120244444;8620244444
1495;8186327000;8120322222;8620322222
1496;8186330000;8120622222;8620622222
1497;8186331000;8120622222;8620622222
1498;8186332000;8120622222;8620622222
1499;8224842000;8161877777;8661877777
1500;8224846000;8161877777;8661877777
1501;8224847000;8161877777;8661877777
1502;8224848000;8161877777;8661877777
1503;8224849000;8161877777;8661877777
1504;8224850000;8161877777;8661877777
1505;8224851000;8161877777;8661877777
1506;8225032000;8161955555;8661955555
1507;8225038000;8162277777;8662277777
1508;8225039000;8162277777;8662277777
1509;8225040000;8162277777;8662277777
1510;8265235000;8203544444;8703544444
1511;8265239000;8203544444;8703544444
1512;8265240000;8203544444;8703544444
1513;8265241000;8203544444;8703544444
1514;8265242000;8203544444;8703544444
1515;8265243000;8203544444;8703544444
1516;8265244000;8203544444;8703544444
1517;8265459000;8203622222;8703622222
1518;8265466000;8203900000;8703900000
1519;8265467000;8203900000;8703900000
1520;8265468000;8203900000;8703900000
1521;8306175000;8245211111;8745211111
1522;8306178000;8245211111;8745211111
1523;8306179000;8245211111;8745211111
1524;8306180000;8245211111;8745211111
1525;8306181000;8245211111;8745211111
1526;8306182000;8245211111;8745211111
1527;8306183000;8245211111;8745211111
1528;8306383000;8245288888;8745288888
1529;8306389000;8245577777;8745577777
1530;8306390000;8245577777;8745577777
1531;8306391000;8245577777;8745577777
1532;8347549000;8286877777;8786877777
1533;8347553000;8286877777;8786877777
1534;8347553000;8286877777;8786877777
1535;8347555000;8286877777;8786877777
1536;8347556000;8286877777;8786877777
1537;8347557000;8286877777;8786877777
1538;8347558000;8286877777;8786877777
1539;8347757000;8286955555;8786955555
1540;8347763000;8287322222;8787322222
1541;8347764000;8287322222;8787322222
1542;8347765000;8287322222;8787322222
1543;8388997000;8328544444;8828544444
1544;8388999000;8328544444;8828544444
1545;8389000000;8328544444;8828544444
1546;8389001000;8328544444;8828544444
1547;8389002000;8328544444;8828544444
1548;8389003000;8328544444;8828544444
1549;8389014000;8328544444;8828544444
1550;8389181000;8328622222;8828622222
1551;8389185000;8328922222;8828922222
1552;8389186000;8328922222;8828922222
1553;8389187000;8328922222;8828922222
1554;8430679000;8370211111;8870211111
1555;8430690000;8370211111;8870211111
1556;8430691000;8370211111;8870211111
1557;8430692000;8370211111;8870211111
1558;8430693000;8370211111;8870211111
1559;8430694000;8370211111;8870211111
1560;8430695000;8370211111;8870211111
1561;8430867000;8370288888;8870288888
1562;8430872000;8370555555;8870555555
1563;8430873000;8370555555;8870555555
1564;8430874000;8370555555;8870555555
1565;8472303000;8411877777;8911877777
1566;8472306000;8411877777;8911877777
1567;8472308000;8411877777;8911877777
1568;8472309000;8411877777;8911877777
1569;8472310000;8411877777;8911877777
1570;8472311000;8411877777;8911877777
1571;8472312000;8411877777;8911877777
1572;8472512000;8411955555;8911955555
1573;8472518000;8412300000;8912300000
1574;8472519000;8412300000;8912300000
1575;8472520000;8412300000;8912300000
1576;8513987000;8453544444;8953544444
1577;8513990000;8453544444;8953544444
1578;8513991000;8453544444;8953544444
1579;8513992000;8453544444;8953544444
1580;8513993000;8453544444;8953544444
1581;8513994000;8453544444;8953544444
1582;8513995000;8453544444;8953544444
1583;8514258000;8453622222;8953622222
1584;8514264000;8453922222;8953922222
1585;8514266000;8453922222;8953922222
1586;8514267000;8453922222;8953922222
1587;8555651000;8495211111;8995211111
1588;8555655000;8495211111;8995211111
1589;8555656000;8495211111;8995211111
1590;8555657000;8495211111;8995211111
1591;8555658000;8495211111;8995211111
1592;8555659000;8495211111;8995211111
1593;8555660000;8495211111;8995211111
1594;8555859000;8495288888;8995288888
1595;8555865000;8495600000;8995600000
1596;8555866000;8495600000;8995600000
1597;8555867000;8495600000;8995600000
1598;8597290000;8536877777;9036877777
1599;8597293000;8536877777;9036877777
1600;8597294000;8536877777;9036877777
1601;8597296000;8536877777;9036877777
1602;8597296000;8536877777;9036877777
1603;8597297000;8536877777;9036877777
1604;8597298000;8536877777;9036877777
1605;8597453000;8536955555;9036955555
1606;8597459000;8537311111;9037311111
1607;8597461000;8537311111;9037311111
1608;8597462000;8537311111;9037311111
1609;8639003000;8578544444;9078544444
1610;8639006000;8578544444;9078544444
1611;8639007000;8578544444;9078544444
1612;8639008000;8578544444;9078544444
1613;8639010000;8578544444;9078544444
1614;8639010000;8578544444;9078544444
1615;8639012000;8578544444;9078544444
1616;8639212000;8578622222;9078622222
1617;8639218000;8578911111;9078911111
1618;8639219000;8578911111;9078911111
1619;8639220000;8578911111;9078911111
1620;8680636000;8620244444;9120244444
1621;8680638000;8620244444;9120244444
1622;8680639000;8620244444;9120244444
1623;8680640000;8620244444;9120244444
1624;8680641000;8620244444;9120244444
1625;8680642000;8620244444;9120244444
1626;8680643000;8620244444;9120244444
1627;8680785000;8620322222;9120322222
1628;8680788000;8620600000;9120600000
1629;8680789000;8620600000;9120600000
1630;8680790000;8620600000;9120600000
1631;8722291000;8661877777;9161877777
1632;8722294000;8661877777;9161877777
1633;8722296000;8661877777;9161877777
1634;8722296000;8661877777;9161877777
1635;8722298000;8661877777;9161877777
1636;8722299000;8661877777;9161877777
1637;8722300000;8661877777;9161877777
1638;8722454000;8661955555;9161955555
1639;8722460000;8662300000;9162300000
1640;8722461000;8662300000;9162300000
1641;8722462000;8662300000;9162300000
1642;8763993000;8703544444;9203544444
1643;8763996000;8703544444;9203544444
1644;8763997000;8703544444;9203544444
1645;8763998000;8703544444;9203544444
1646;8763999000;8703544444;9203544444
1647;8764000000;8703544444;9203544444
1648;8764001000;8703544444;9203544444
1649;8764179000;8703644444;9203644444
1650;8764184000;8703944444;9203944444
1651;8764185000;8703944444;9203944444
1652;8764186000;8703944444;9203944444
1653;8805659000;8745211111;9245211111
1654;8805662000;8745211111;9245211111
1655;8805663000;8745211111;9245211111
1656;8805664000;8745211111;9245211111
1657;8805665000;8745211111;9245211111
1658;8805666000;8745211111;9245211111
1659;8805668000;8745211111;9245211111
1660;8805867000;8745288888;9245288888
1661;8805874000;8745600000;9245600000
1662;8805875000;8745600000;9245600000
1663;8805884000;8745600000;9245600000
1664;8847319000;8786877777;9286877777
1665;8847322000;8786877777;9286877777
1666;8847323000;8786877777;9286877777
1667;8847324000;8786877777;9286877777
1668;8847325000;8786877777;9286877777
1669;8847326000;8786877777;9286877777
1670;8847327000;8786877777;9286877777
1671;8847526000;8786955555;9286955555
1672;8847532000;8787300000;9287300000
1673;8847533000;8787300000;9287300000
1674;8847534000;8787300000;9287300000
1675;8888961000;8828555555;9328555555
1676;8888964000;8828555555;9328555555
1677;8888965000;8828555555;9328555555
1678;8888966000;8828555555;9328555555
1679;8888967000;8828555555;9328555555
1680;8888968000;8828555555;9328555555
1681;8888969000;8828555555;9328555555
1682;8889173000;8828633333;9328633333
1683;8889180000;8828933333;9328933333
1684;8889181000;8828933333;9328933333
1685;8889182000;8828933333;9328933333
1686;8930652000;8870211111;9370211111
1687;8930655000;8870211111;9370211111
1688;8930656000;8870211111;9370211111
1689;8930657000;8870211111;9370211111
1690;8930658000;8870211111;9370211111
1691;8930659000;8870211111;9370211111
1692;8930660000;8870211111;9370211111
1693;8930859000;8870288888;9370288888
1694;8930865000;8870555555;9370555555
1695;8930866000;8870555555;9370555555
1696;8930867000;8870555555;9370555555
1697;8972319000;8911877777;9411877777
1698;8972322000;8911877777;9411877777
1699;8972323000;8911877777;9411877777
1700;8972324000;8911877777;9411877777
1701;8972325000;8911877777;9411877777
1702;8972326000;8911877777;9411877777
1703;8972327000;8911877777;9411877777
1704;8972526000;8911955555;9411955555
1705;8972532000;8912300000;9412300000
1706;8972533000;8912300000;9412300000
1707;8972534000;8912300000;9412300000
1708;9013966000;8953544444;9453544444
1709;9013970000;8953544444;9453544444
1710;9013971000;8953544444;9453544444
1711;9013972000;8953544444;9453544444
1712;9013973000;8953544444;9453544444
1713;9013975000;8953544444;9453544444
1714;9013975000;8953544444;9453544444
1715;9014183000;8953622222;9453622222
1716;9014189000;8953922222;9453922222
1717;9014191000;8953922222;9453922222
1718;9014192000;8953922222;9453922222
1719;9055674000;8995211111;9495211111
1720;9055678000;8995211111;9495211111
1721;9055679000;8995211111;9495211111
1722;9055680000;8995211111;9495211111
1723;9055681000;8995211111;9495211111
1724;9055682000;8995211111;9495211111
1725;9055683000;8995211111;9495211111
1726;9055882000;8995288888;9495288888
1727;9055898000;8995577777;9495577777
1728;9055899000;8995577777;9495577777
1729;9055900000;8995577777;9495577777
1730;9097326000;9036877777;9536877777
1731;9097330000;9036877777;9536877777
1732;9097331000;9036877777;9536877777
1733;9097332000;9036877777;9536877777
1734;9097333000;9036877777;9536877777
1735;9097334000;9036877777;9536877777
1736;9097335000;9036877777;9536877777
1737;9097533000;9036955555;9536955555
1738;9097549000;9037311111;9537311111
1739;9097550000;9037311111;9537311111
1740;9097551000;9037311111;9537311111
1741;9138989000;9078544444;9578544444
1742;9138992000;9078544444;9578544444
1743;9138993000;9078544444;9578544444
1744;9138994000;9078544444;9578544444
1745;9138995000;9078544444;9578544444
1746;9138996000;9078544444;9578544444
1747;9138997000;9078544444;9578544444
1748;9139204000;9078622222;9578622222
1749;9139210000;9078933333;9578933333
1750;9139211000;9078933333;9578933333
1751;9139212000;9078933333;9578933333
1752;9180569000;9120211111;9620211111
1753;9180571000;9120211111;9620211111
1754;9180572000;9120211111;9620211111
1755;9180573000;9120211111;9620211111
1756;9180574000;9120211111;9620211111
1757;9180575000;9120211111;9620211111
1758;9180576000;9120211111;9620211111
1759;9180755000;9120288888;9620288888
1760;9180762000;9120600000;9620600000
1761;9180763000;9120600000;9620600000
1762;9180764000;9120600000;9620600000
1763;9222324000;9161877777;9661877777
1764;9222328000;9161877777;9661877777
1765;9222329000;9161877777;9661877777
1766;9222330000;9161877777;9661877777
1767;9222331000;9161877777;9661877777
1768;9222332000;9161877777;9661877777
1769;9222333000;9161877777;9661877777
1770;9222548000;9161955555;9661955555
1771;9222554000;9162288888;9662288888
1772;9222556000;9162288888;9662288888
1773;9222557000;9162288888;9662288888
1774;9263995000;9203555555;9703555555
1775;9263999000;9203555555;9703555555
1776;9264000000;9203555555;9703555555
1777;9264001000;9203555555;9703555555
1778;9264002000;9203555555;9703555555
1779;9264003000;9203555555;9703555555
1780;9264003000;9203555555;9703555555
1781;9325809000;9203633333;9703633333
1785;9325825000;9245211111;9745211111
1786;9325826000;9245211111;9745211111
1787;9325827000;9245211111;9745211111
1788;9325828000;9245211111;9745211111
1789;9325829000;9245211111;9745211111
1790;9325830000;9245211111;9745211111
1791;9325831000;9245211111;9745211111
1792;9367014000;9245266666;9745266666
1796;9367030000;9286877777;9786877777
1797;9367031000;9286877777;9786877777
1798;9367032000;9286877777;9786877777
1799;9367033000;9286877777;9786877777
1800;9367034000;9286877777;9786877777
1801;9367035000;9286877777;9786877777
1802;9367036000;9286877777;9786877777
1803;9407754000;9286955555;9786955555
1807;9407769000;9328544444;9828544444
1808;9407770000;9328544444;9828544444
1809;9407771000;9328544444;9828544444
1810;9407772000;9328544444;9828544444
1811;9407773000;9328544444;9828544444
1812;9407774000;9328544444;9828544444
1813;9407775000;9328544444;9828544444
1814;9447581000;9328622222;9828622222
1818;9447597000;9370244444;9870244444
1819;9447598000;9370244444;9870244444
1820;9447599000;9370244444;9870244444
1821;9447600000;9370244444;9870244444
1822;9447601000;9370244444;9870244444
1823;9447602000;9370244444;9870244444
1824;9447603000;9370244444;9870244444
1825;9486326000;9370311111;9870311111
1829;9486341000;9411877777;9911877777
1830;9486343000;9411877777;9911877777
1831;9486343000;9411877777;9911877777
1832;9486344000;9411877777;9911877777
1833;9486345000;9411877777;9911877777
1834;9486346000;9411877777;9911877777
1835;9486347000;9411877777;9911877777
1836;9523715000;9411955555;9911955555
1840;9523731000;9453544444;9953544444
1841;9523732000;9453544444;9953544444
1842;9523733000;9453544444;9953544444
1843;9523734000;9453544444;9953544444
1844;9523735000;9453544444;9953544444
1845;9523736000;9453544444;9953544444
1846;9523737000;9453544444;9953544444
1847;9559892000;9453622222;9953622222
1851;9559899000;9495211111;9995211111
1852;9559900000;9495211111;9995211111
1853;9559901000;9495211111;9995211111
1854;9559902000;9495211111;9995211111
1855;9559903000;9495211111;9995211111
1856;9559904000;9495211111;9995211111
1857;9559905000;9495211111;9995211111
1858;9595158000;9495288888;9995288888
1862;9595164000;9536877777;10036877777
1863;9595165000;9536877777;10036877777
1864;9595166000;9536877777;10036877777
1865;9595167000;9536877777;10036877777
1866;9595168000;9536877777;10036877777
1867;9595169000;9536877777;10036877777
1868;9595170000;9536877777;10036877777
1869;9629831000;9536955555;10036955555
1870;9629846000;9537277777;10037277777
1871;9629847000;9537277777;10037277777
1872;9629848000;9537277777;10037277777
1873;9668146000;9578544444;10078544444
1874;9668149000;9578544444;10078544444
1875;9668150000;9578544444;10078544444
1876;9668151000;9578544444;10078544444
1877;9668152000;9578544444;10078544444
1878;9668153000;9578544444;10078544444
1879;9668154000;9578544444;10078544444
1880;9742642000;9578622222;10078622222
1895;9742657000;9661877777;10161877777
1896;9742658000;9661877777;10161877777
1897;9742659000;9661877777;10161877777
1898;9742660000;9661877777;10161877777
1899;9742661000;9661877777;10161877777
1900;9742662000;9661877777;10161877777
1901;9742663000;9661877777;10161877777
1902;9821452000;9661944444;10161944444
1917;9821467000;9745211111;10245211111
1918;9821468000;9745211111;10245211111
1919;9821469000;9745211111;10245211111
1920;9821470000;9745211111;10245211111
1921;9821471000;9745211111;10245211111
1922;9821472000;9745211111;10245211111
1923;9821473000;9745211111;10245211111
1924;9892573000;9745277777;10245277777
1938;9892588000;9787266666;10287266666
1939;9958884000;9828555555;10328555555
1950;9988778000;9870244444;10370244444
1961;10016914000;9911888888;10411888888
1972;10047504000;9953577777;10453577777
1979;10047746000;9953633333;10453633333
1981;10047762000;9953900000;10453900000
1982;10047763000;9953900000;10453900000
1983;10079287000;9995211111;10495211111
1984;10079291000;9995211111;10495211111
1985;10079292000;9995211111;10495211111
1986;10079293000;9995211111;10495211111
1987;10079294000;9995211111;10495211111
1988;10079295000;9995211111;10495211111
1989;10079296000;9995211111;10495211111
1990;10079538000;9995277777;10495277777
1991;10079554000;9995544444;10495544444
1992;10079555000;9995544444;10495544444
1993;10079556000;9995544444;10495544444
1994;10112835000;10036888888;10536888888
1995;10112839000;10036888888;10536888888
1996;10112840000;10036888888;10536888888
1997;10112841000;10036888888;10536888888
1998;10112842000;10036888888;10536888888
1999;10112843000;10036888888;10536888888
2000;10112844000;10036888888;10536888888
2001;10113059000;10036944444;10536944444
2002;10113066000;10037288888;10537288888
2003;10113067000;10037288888;10537288888
2004;10113068000;10037288888;10537288888
2005;10148138000;10078544444;10578544444
2006;10148142000;10078544444;10578544444
2007;10148143000;10078544444;10578544444
2008;10148144000;10078544444;10578544444
2009;10148145000;10078544444;10578544444
2010;10148146000;10078544444;10578544444
2011;10148147000;10078544444;10578544444
2012;10148354000;10078611111;10578611111
2013;10148361000;10078900000;10578900000
2014;10148362000;10078900000;10578900000
2015;10148363000;10078900000;10578900000
2016;10185569000;10120211111;10620211111
2017;10185573000;10120211111;10620211111
2018;10185574000;10120211111;10620211111
2019;10185575000;10120211111;10620211111
2020;10185576000;10120211111;10620211111
2021;10185577000;10120211111;10620211111
2022;10185578000;10120211111;10620211111
2023;10242483000;10120277777;10620277777
2027;10242487000;10161877777;10661877777
2028;10242489000;10161877777;10661877777
2029;10242489000;10161877777;10661877777
2030;10242491000;10161877777;10661877777
2031;10242492000;10161877777;10661877777
2032;10242493000;10161877777;10661877777
2033;10242494000;10161877777;10661877777
2034;10283945000;10161911111;10661911111
2038;10283950000;10203566666;10703566666
2039;10283952000;10203566666;10703566666
2040;10283952000;10203566666;10703566666
2041;10283954000;10203566666;10703566666
2042;10283955000;10203566666;10703566666
2043;10283956000;10203566666;10703566666
2044;10283966000;10203566666;10703566666
2045;10325027000;10203588888;10703588888
2049;10325031000;10245255555;10745255555
2050;10325032000;10245255555;10745255555
2051;10325033000;10245255555;10745255555
2052;10325034000;10245255555;10745255555
2053;10325035000;10245255555;10745255555
2054;10325036000;10245255555;10745255555
2055;10325054000;10245255555;10745255555
2056;10364805000;10245300000;10745300000
2060;10364810000;10286877777;10786877777
2061;10364811000;10286877777;10786877777
2062;10364812000;10286877777;10786877777
2063;10364813000;10286877777;10786877777
2064;10364814000;10286877777;10786877777
2065;10364815000;10286877777;10786877777
2066;10364816000;10286877777;10786877777
2067;10403294000;10286922222;10786922222
2071;10403299000;10328588888;10828588888
2072;10403300000;10328588888;10828588888
2073;10403301000;10328588888;10828588888
2074;10403302000;10328588888;10828588888
2075;10403303000;10328588888;10828588888
2076;10403304000;10328588888;10828588888
2077;10403314000;10328588888;10828588888
2078;10440734000;10328644444;10828644444
2079;10440739000;10328922222;10828922222
2080;10440740000;10328922222;10828922222
2081;10440741000;10328922222;10828922222
2082;10478432000;10370244444;10870244444
2083;10478436000;10370244444;10870244444
2084;10478437000;10370244444;10870244444
2085;10478438000;10370244444;10870244444
2086;10478439000;10370244444;10870244444
2087;10478440000;10370244444;10870244444
2088;10478441000;10370244444;10870244444
2089;10478655000;10370311111;10870311111
2090;10478658000;10370566666;10870566666
2091;10478659000;10370566666;10870566666
2092;10478660000;10370566666;10870566666
2093;10511450000;10411877777;10911877777
2094;10511461000;10411877777;10911877777
2095;10511462000;10411877777;10911877777
2096;10511464000;10411877777;10911877777
2097;10511464000;10411877777;10911877777
2098;10511465000;10411877777;10911877777
2099;10511466000;10411877777;10911877777
2100;10511681000;10411900000;10911900000
2101;10511685000;10412244444;10912244444
2102;10511686000;10412244444;10912244444
2103;10511687000;10412244444;10912244444
2104;10548280000;10453577777;10953577777
2105;10548282000;10453577777;10953577777
2106;10548283000;10453577777;10953577777
2107;10548284000;10453577777;10953577777
2108;10548285000;10453577777;10953577777
2109;10548286000;10453577777;10953577777
2110;10548287000;10453577777;10953577777
2111;10548429000;10453588888;10953588888
2112;10548432000;10453900000;10953900000
2113;10548433000;10453900000;10953900000
2114;10548434000;10453900000;10953900000
2115;10637434000;10495255555;10995255555
2131;10678123000;10536888888;11036888888
2148;10756827000;10620255555;11120255555
2170;10830217000;10703544444;11203544444
2181;10865437000;10745222222;11245222222
2192;10894242000;10786911111;11286911111
2203;10926208000;10828577777;11328577777
2214;10958581000;10870244444;11370244444
2215;10958583000;10870244444;11370244444
2216;10958585000;10870244444;11370244444
2217;10958586000;10870244444;11370244444
2218;10958588000;10870244444;11370244444
2219;10958589000;10870244444;11370244444
2220;10958600000;10870244444;11370244444
2221;10958744000;10870300000;11370300000
2222;10958747000;10870577777;11370577777
2223;10958749000;10870577777;11370577777
2224;10958750000;10870577777;11370577777
2225;10991904000;10911900000;11411900000
2226;10991907000;10911900000;11411900000
2227;10991909000;10911900000;11411900000
2228;10991910000;10911900000;11411900000
2229;10991912000;10911900000;11411900000
2230;10991922000;10911900000;11411900000
2231;10991924000;10911900000;11411900000
2232;10992099000;10911955555;11411955555
2233;10992102000;10912300000;11412300000
2234;10992104000;10912300000;11412300000
2235;10992105000;10912300000;11412300000
2236;11026466000;10953555555;11453555555
2237;11026468000;10953555555;11453555555
2238;11026470000;10953555555;11453555555
2239;11026471000;10953555555;11453555555
2240;11026473000;10953555555;11453555555
2241;11026484000;10953555555;11453555555
2242;11026485000;10953555555;11453555555
2243;11026621000;10953622222;11453622222
2244;11026625000;10953922222;11453922222
2245;11026627000;10953922222;11453922222
2246;11026628000;10953922222;11453922222
2247;11062966000;10995244444;11495244444
2248;11062968000;10995244444;11495244444
2249;11062970000;10995244444;11495244444
2250;11062971000;10995244444;11495244444
2251;11062982000;10995244444;11495244444
2252;11062983000;10995244444;11495244444
2253;11062984000;10995244444;11495244444
2254;11063131000;10995300000;11495300000
2255;11063134000;10995600000;11495600000
2256;11063135000;10995600000;11495600000
2257;11063137000;10995600000;11495600000
2258;11101213000;11036877777;11536877777
2259;11101215000;11036877777;11536877777
2260;11101217000;11036877777;11536877777
2261;11101218000;11036877777;11536877777
2262;11101220000;11036877777;11536877777
2263;11101221000;11036877777;11536877777
2264;11101223000;11036877777;11536877777
2265;11101308000;11036944444;11536944444
2266;11101311000;11037300000;11537300000
2267;11101313000;11037300000;11537300000
2268;11101314000;11037300000;11537300000
2269;11140856000;11078544444;11578544444
2270;11140858000;11078544444;11578544444
2271;11140859000;11078544444;11578544444
2272;11140861000;11078544444;11578544444
2273;11140862000;11078544444;11578544444
2274;11140874000;11078544444;11578544444
2275;11140875000;11078544444;11578544444
2276;11140974000;11078611111;11578611111
2277;11140977000;11078944444;11578944444
2278;11140979000;11078944444;11578944444
2279;11140980000;11078944444;11578944444
2280;11181365000;11120233333;11620233333
2281;11181368000;11120233333;11620233333
2282;11181369000;11120233333;11620233333
2283;11181371000;11120233333;11620233333
2284;11181382000;11120233333;11620233333
2285;11181383000;11120233333;11620233333
2286;11181392000;11120233333;11620233333
2287;11181542000;11120266666;11620266666
2288;11181546000;11120577777;11620577777
2289;11181547000;11120577777;11620577777
2290;11181549000;11120577777;11620577777
2291;11222580000;11161911111;11661911111
2292;11222583000;11161911111;11661911111
2293;11222585000;11161911111;11661911111
2294;11222586000;11161911111;11661911111
2295;11222597000;11161911111;11661911111
2296;11222599000;11161911111;11661911111
2297;11222600000;11161911111;11661911111
2298;11222742000;11161944444;11661944444
2299;11222746000;11162277777;11662277777
2300;11222747000;11162277777;11662277777
2301;11222749000;11162277777;11662277777
2302;11264067000;11203588888;11703588888
2303;11264070000;11203588888;11703588888
2304;11264071000;11203588888;11703588888
2305;11264073000;11203588888;11703588888
2306;11264084000;11203588888;11703588888
2307;11264085000;11203588888;11703588888
2308;11264087000;11203588888;11703588888
2309;11264229000;11203688888;11703688888
2310;11264233000;11203988888;11703988888
2311;11264234000;11203988888;11703988888
2312;11264236000;11203988888;11703988888
2313;11305632000;11245233333;11745233333
2314;11305636000;11245233333;11745233333
2315;11305646000;11245233333;11745233333
2316;11305648000;11245233333;11745233333
2317;11305649000;11245233333;11745233333
2318;11305650000;11245233333;11745233333
2319;11305652000;11245233333;11745233333
2320;11305796000;11245288888;11745288888
2321;11305800000;11245600000;11745600000
2322;11305801000;11245600000;11745600000
2323;11305803000;11245600000;11745600000
2324;11347247000;11286877777;11786877777
2325;11347250000;11286877777;11786877777
2326;11347252000;11286877777;11786877777
2327;11347253000;11286877777;11786877777
2328;11347254000;11286877777;11786877777
2329;11347265000;11286877777;11786877777
2330;11347266000;11286877777;11786877777
2331;11347409000;11286944444;11786944444
2332;11347413000;11287300000;11787300000
2333;11347414000;11287300000;11787300000
2334;11347416000;11287300000;11787300000
2335;11388926000;11328566666;11828566666
2336;11388928000;11328566666;11828566666
2337;11388930000;11328566666;11828566666
2338;11388931000;11328566666;11828566666
2339;11388933000;11328566666;11828566666
2340;11388934000;11328566666;11828566666
2341;11388945000;11328566666;11828566666
2342;11389084000;11328622222;11828622222
2343;11389087000;11328933333;11828933333
2344;11389088000;11328933333;11828933333
2345;11389090000;11328933333;11828933333
2346;11430571000;11370211111;11870211111
2347;11430574000;11370211111;11870211111
2348;11430576000;11370211111;11870211111
2349;11430577000;11370211111;11870211111
2350;11430588000;11370211111;11870211111
2351;11430589000;11370211111;11870211111
2352;11430590000;11370211111;11870211111
2353;11430733000;11370277777;11870277777
2354;11430737000;11370566666;11870566666
2355;11430738000;11370566666;11870566666
2356;11430740000;11370566666;11870566666
2357;11472271000;11411911111;11911911111
2358;11472273000;11411911111;11911911111
2359;11472275000;11411911111;11911911111
2360;11472276000;11411911111;11911911111
2361;11472278000;11411911111;11911911111
2362;11472288000;11411911111;11911911111
2363;11472290000;11411911111;11911911111
2364;11472433000;11411977777;11911977777
2365;11472436000;11412333333;11912333333
2366;11472438000;11412333333;11912333333
2367;11472439000;11412333333;11912333333
2368;11576497000;11453544444;11953544444
2379;11617148000;11495266666;11995266666
2390;11657428000;11536911111;12036911111
2401;11696417000;11578577777;12078577777
2412;11733236000;11620244444;12120244444
2423;11769761000;11661877777;12161877777
2433;11769874000;11662300000;12162300000
2434;11806923000;11703544444;12203544444
2445;11908502000;11745244444;12245244444
2467;11984594000;11828544444;12328544444
2489;12052665000;11911877777;12411877777
2511;12113927000;11995244444;12495244444
2522;12143384000;12036877777;12536877777
2533;12173565000;12078544444;12578544444
2544;12205077000;12120211111;12620211111
2545;12205080000;12120211111;12620211111
2546;12205081000;12120211111;12620211111
2547;12205082000;12120211111;12620211111
2548;12205091000;12120211111;12620211111
2549;12205092000;12120211111;12620211111
2550;12205093000;12120211111;12620211111
2551;12205292000;12120288888;12620288888
2552;12205307000;12120588888;12620588888
2553;12205309000;12120588888;12620588888
2554;12205310000;12120588888;12620588888
2555;12238313000;12161877777;12661877777
2556;12238316000;12161877777;12661877777
2557;12238317000;12161877777;12661877777
2558;12238318000;12161877777;12661877777
2559;12238319000;12161877777;12661877777
2560;12238320000;12161877777;12661877777
2561;12238321000;12161877777;12661877777
2562;12238520000;12161944444;12661944444
2563;12238535000;12162300000;12662300000
2564;12238537000;12162300000;12662300000
2565;12238537000;12162300000;12662300000
2566;12273380000;12203544444;12703544444
2567;12273383000;12203544444;12703544444
2568;12273384000;12203544444;12703544444
2569;12273385000;12203544444;12703544444
2570;12273386000;12203544444;12703544444
2571;12273387000;12203544444;12703544444
2572;12273388000;12203544444;12703544444
2573;12273543000;12203622222;12703622222
2574;12273549000;12203900000;12703900000
2575;12273551000;12203900000;12703900000
2576;12273552000;12203900000;12703900000
2577;12310309000;12245255555;12745255555
2578;12310312000;12245255555;12745255555
2579;12310313000;12245255555;12745255555
2580;12310314000;12245255555;12745255555
2581;12310316000;12245255555;12745255555
2582;12310317000;12245255555;12745255555
2583;12310317000;12245255555;12745255555
2584;12310479000;12245300000;12745300000
2585;12310485000;12245588888;12745588888
2586;12310487000;12245588888;12745588888
2587;12310488000;12245588888;12745588888
2588;12349459000;12286877777;12786877777
2589;12349462000;12286877777;12786877777
2590;12349464000;12286877777;12786877777
2591;12349465000;12286877777;12786877777
2592;12349466000;12286877777;12786877777
2593;12349467000;12286877777;12786877777
2594;12349468000;12286877777;12786877777
2595;12349697000;12286933333;12786933333
2596;12349703000;12287288888;12787288888
2597;12349704000;12287288888;12787288888
2598;12349705000;12287288888;12787288888
2599;12390006000;12328544444;12828544444
2600;12390009000;12328544444;12828544444
2601;12390010000;12328544444;12828544444
2602;12390011000;12328544444;12828544444
2603;12390012000;12328544444;12828544444
2604;12390013000;12328544444;12828544444
2605;12390014000;12328544444;12828544444
2606;12450750000;12328611111;12828611111
2610;12450765000;12370211111;12870211111
2611;12450767000;12370211111;12870211111
2612;12450768000;12370211111;12870211111
2613;12450769000;12370211111;12870211111
2614;12450769000;12370211111;12870211111
2615;12450770000;12370211111;12870211111
2616;12450771000;12370211111;12870211111
2617;12491984000;12370255555;12870255555
2621;12491999000;12411877777;12911877777
2622;12492000000;12411877777;12911877777
2623;12492001000;12411877777;12911877777
2624;12492002000;12411877777;12911877777
2625;12492003000;12411877777;12911877777
2626;12492004000;12411877777;12911877777
2627;12492005000;12411877777;12911877777
2628;12532918000;12411933333;12911933333
2632;12532933000;12453544444;12953544444
2633;12532934000;12453544444;12953544444
2634;12532935000;12453544444;12953544444
2635;12532936000;12453544444;12953544444
2636;12532937000;12453544444;12953544444
2637;12532938000;12453544444;12953544444
2638;12532939000;12453544444;12953544444
2639;12572756000;12453600000;12953600000
2643;12572772000;12495211111;12995211111
2644;12572773000;12495211111;12995211111
2645;12572774000;12495211111;12995211111
2646;12572775000;12495211111;12995211111
2647;12572776000;12495211111;12995211111
2648;12572777000;12495211111;12995211111
2649;12572778000;12495211111;12995211111
2650;12611434000;12495266666;12995266666
2654;12611450000;12536911111;13036911111
2655;12611451000;12536911111;13036911111
2656;12611452000;12536911111;13036911111
2657;12611453000;12536911111;13036911111
2658;12611454000;12536911111;13036911111
2659;12611455000;12536911111;13036911111
2660;12611456000;12536911111;13036911111
2661;12648888000;12536966666;13036966666
2665;12648903000;12578555555;13078555555
2666;12648912000;12578555555;13078555555
2667;12648913000;12578555555;13078555555
2668;12648914000;12578555555;13078555555
2669;12648915000;12578555555;13078555555
2670;12648916000;12578555555;13078555555
2671;12648917000;12578555555;13078555555
2672;12685068000;12578611111;13078611111
2676;12685074000;12620244444;13120244444
2677;12685076000;12620244444;13120244444
2678;12685077000;12620244444;13120244444
2679;12685078000;12620244444;13120244444
2680;12685088000;12620244444;13120244444
2681;12685089000;12620244444;13120244444
2682;12685090000;12620244444;13120244444
2683;12720338000;12620300000;13120300000
2687;12720353000;12661877777;13161877777
2688;12720355000;12661877777;13161877777
2689;12720356000;12661877777;13161877777
2690;12720356000;12661877777;13161877777
2691;12720357000;12661877777;13161877777
2692;12720358000;12661877777;13161877777
2693;12720359000;12661877777;13161877777
2694;12754918000;12661933333;13161933333
2695;12754934000;12662255555;13162255555
2696;12754935000;12662255555;13162255555
2697;12754936000;12662255555;13162255555
2698;12791387000;12703577777;13203577777
2699;12791391000;12703577777;13203577777
2700;12791392000;12703577777;13203577777
2701;12791393000;12703577777;13203577777
2702;12791394000;12703577777;13203577777
2703;12791395000;12703577777;13203577777
2704;12791396000;12703577777;13203577777
2705;12791584000;12703633333;13203633333
2706;12791589000;12703900000;13203900000
2707;12791591000;12703900000;13203900000
2708;12791592000;12703900000;13203900000
2709;12826151000;12745211111;13245211111
2710;12826154000;12745211111;13245211111
2711;12826155000;12745211111;13245211111
2712;12826156000;12745211111;13245211111
2713;12826157000;12745211111;13245211111
2714;12826158000;12745211111;13245211111
2715;12826158000;12745211111;13245211111
2716;12826265000;12745266666;13245266666
2717;12826268000;12745555555;13245555555
2718;12826269000;12745555555;13245555555
2719;12826270000;12745555555;13245555555
2720;12861842000;12786877777;13286877777
2721;12861846000;12786877777;13286877777
2722;12861847000;12786877777;13286877777
2723;12861848000;12786877777;13286877777
2724;12861849000;12786877777;13286877777
2725;12861850000;12786877777;13286877777
2726;12861851000;12786877777;13286877777
2727;12861987000;12786933333;13286933333
2728;12861990000;12787255555;13287255555
2729;12861991000;12787255555;13287255555
2730;12861992000;12787255555;13287255555
2731;12898422000;12828555555;13328555555
2732;12898424000;12828555555;13328555555
2733;12898425000;12828555555;13328555555
2734;12898426000;12828555555;13328555555
2735;12898427000;12828555555;13328555555
2736;12898428000;12828555555;13328555555
2737;12898429000;12828555555;13328555555
2738;12898570000;12828600000;13328600000
2739;12898573000;12828888888;13328888888
2740;12898574000;12828888888;13328888888
2741;12898575000;12828888888;13328888888
2742;12936191000;12870211111;13370211111
2743;12936193000;12870211111;13370211111
2744;12936194000;12870211111;13370211111
2745;12936195000;12870211111;13370211111
2746;12936196000;12870211111;13370211111
2747;12936197000;12870211111;13370211111
2748;12936198000;12870211111;13370211111
2749;12936340000;12870266666;13370266666
2750;12936342000;12870511111;13370511111
2751;12936343000;12870511111;13370511111
2752;12936344000;12870511111;13370511111
2753;12975264000;12911877777;13411877777
2754;12975266000;12911877777;13411877777
2755;12975267000;12911877777;13411877777
2756;12975268000;12911877777;13411877777
2757;12975269000;12911877777;13411877777
2758;12975270000;12911877777;13411877777
2759;12975271000;12911877777;13411877777
2760;12975418000;12911933333;13411933333
2761;12975420000;12912244444;13412244444
2762;12975421000;12912244444;13412244444
2763;12975422000;12912244444;13412244444
2764;13015475000;12953544444;13453544444
2765;13015479000;12953544444;13453544444
2766;13015480000;12953544444;13453544444
2767;13015481000;12953544444;13453544444
2768;13015482000;12953544444;13453544444
2769;13015492000;12953544444;13453544444
2770;13015493000;12953544444;13453544444
2771;13015645000;12953600000;13453600000
2772;13015657000;12953877777;13453877777
2773;13015658000;12953877777;13453877777
2774;13015659000;12953877777;13453877777
2775;13056312000;12995211111;13495211111
2776;13056316000;12995211111;13495211111
2777;13056317000;12995211111;13495211111
2778;13056318000;12995211111;13495211111
2779;13056319000;12995211111;13495211111
2780;13056320000;12995211111;13495211111
2781;13056321000;12995211111;13495211111
2782;13056521000;12995266666;13495266666
2783;13056537000;12995533333;13495533333
2784;13056538000;12995533333;13495533333
2785;13056539000;12995533333;13495533333
2786;13097613000;13036888888;13536888888
2787;13097616000;13036888888;13536888888
2788;13097618000;13036888888;13536888888
2789;13097618000;13036888888;13536888888
2790;13097619000;13036888888;13536888888
2791;13097620000;13036888888;13536888888
2792;13097621000;13036888888;13536888888
2793;13097821000;13036933333;13536933333
2794;13097837000;13037266666;13537266666
2795;13097838000;13037266666;13537266666
2796;13097839000;13037266666;13537266666
2797;13139134000;13078577777;13578577777
2798;13139138000;13078577777;13578577777
2799;13139138000;13078577777;13578577777
2800;13139140000;13078577777;13578577777
2801;13139141000;13078577777;13578577777
2802;13139142000;13078577777;13578577777
2803;13139143000;13078577777;13578577777
2804;13139342000;13078622222;13578622222
2805;13139348000;13078911111;13578911111
2806;13139349000;13078911111;13578911111
2807;13139350000;13078911111;13578911111
2808;13180665000;13120244444;13620244444
2809;13180669000;13120244444;13620244444
2810;13180670000;13120244444;13620244444
2811;13180670000;13120244444;13620244444
2812;13180672000;13120244444;13620244444
2813;13180672000;13120244444;13620244444
2814;13180673000;13120244444;13620244444
2815;13180873000;13120300000;13620300000
2816;13180880000;13120577777;13620577777
2817;13180881000;13120577777;13620577777
2818;13180882000;13120577777;13620577777
2819;13222337000;13161877777;13661877777
2820;13222341000;13161877777;13661877777
2821;13222341000;13161877777;13661877777
2822;13222342000;13161877777;13661877777
2823;13222343000;13161877777;13661877777
2824;13222344000;13161877777;13661877777
2825;13222345000;13161877777;13661877777
2826;13222563000;13161922222;13661922222
2827;13232844000;13162233333;13662233333
2828;13233203000;13162233333;13662233333
2829;13233406000;13162233333;13662233333
2830;13366741000;13203544444;13703544444
2852;13446713000;13286877777;13786877777
2874;13521651000;13370244444;13870244444
2894;13553829000;13412333333;13912333333
2907;13619454000;13495233333;13995233333
2918;13647742000;13536877777;14036877777
2922;13647745000;13536877777;14036877777
2923;13647746000;13536877777;14036877777
2924;13647747000;13536877777;14036877777
2925;13647947000;13536944444;14036944444
2926;13647963000;13537266666;14037266666
2927;13647964000;13537266666;14037266666
2928;13647965000;13537266666;14037266666
2929;13676797000;13578544444;14078544444
2937;13676883000;13578855555;14078855555
2938;13676886000;13578855555;14078855555
2939;13676887000;13578855555;14078855555
2940;13704957000;13620255555;14120255555
2941;13704961000;13620255555;14120255555
2942;13704962000;13620255555;14120255555
2943;13704963000;13620255555;14120255555
2944;13704964000;13620255555;14120255555
2945;13704965000;13620255555;14120255555
2946;13704966000;13620255555;14120255555
2947;13705188000;13620355555;14120355555
2948;13705204000;13620611111;14120611111
2949;13705205000;13620611111;14120611111
2950;13705206000;13620611111;14120611111
2951;13737857000;13661911111;14161911111
2952;13737860000;13661911111;14161911111
2953;13737861000;13661911111;14161911111
2954;13737862000;13661911111;14161911111
2955;13737863000;13661911111;14161911111
2956;13737864000;13661911111;14161911111
2957;13737865000;13661911111;14161911111
2958;13738076000;13661955555;14161955555
2959;13738083000;13662266666;14162266666
2960;13738084000;13662266666;14162266666
2961;13738085000;13662266666;14162266666
2962;13773055000;13703544444;14203544444
2963;13773057000;13703544444;14203544444
2964;13773058000;13703544444;14203544444
2965;13773077000;13703544444;14203544444
2966;13773078000;13703544444;14203544444
2967;13773079000;13703544444;14203544444
2968;13773080000;13703544444;14203544444
2969;13773215000;13703622222;14203622222
2970;13773218000;13703888888;14203888888
2971;13773219000;13703888888;14203888888
2972;13773220000;13703888888;14203888888
2973;13810594000;13745244444;14245244444
2974;13810598000;13745244444;14245244444
2975;13810599000;13745244444;14245244444
2976;13810600000;13745244444;14245244444
2977;13810601000;13745244444;14245244444
2978;13810602000;13745244444;14245244444
2979;13810603000;13745244444;14245244444
2980;13810809000;13745311111;14245311111
2981;13810825000;13745588888;14245588888
2982;13810826000;13745588888;14245588888
2983;13810828000;13745588888;14245588888
2984;13849784000;13786877777;14286877777
2985;13849787000;13786877777;14286877777
2986;13849788000;13786877777;14286877777
2987;13849789000;13786877777;14286877777
2988;13849790000;13786877777;14286877777
2989;13849791000;13786877777;14286877777
2990;13849792000;13786877777;14286877777
2991;13909503000;13786944444;14286944444
2995;13909519000;13828544444;14328544444
2996;13909520000;13828544444;14328544444
2997;13909521000;13828544444;14328544444
2998;13909522000;13828544444;14328544444
2999;13909523000;13828544444;14328544444
3000;13909523000;13828544444;14328544444
3001;13909524000;13828544444;14328544444
3002;13950724000;13828600000;14328600000
3006;13950739000;13870244444;14370244444
3007;13950741000;13870244444;14370244444
3008;13950741000;13870244444;14370244444
3009;13950742000;13870244444;14370244444
3010;13950743000;13870244444;14370244444
3011;13950744000;13870244444;14370244444
3012;13950745000;13870244444;14370244444
3013;13991489000;13870311111;14370311111
3017;13991505000;13911877777;14411877777
3018;13991506000;13911877777;14411877777
3019;13991507000;13911877777;14411877777
3020;13991508000;13911877777;14411877777
3021;13991509000;13911877777;14411877777
3022;13991510000;13911877777;14411877777
3023;13991511000;13911877777;14411877777
3024;14031325000;13911944444;14411944444
3028;14031341000;13953544444;14453544444
3029;14031342000;13953544444;14453544444
3030;14031343000;13953544444;14453544444
3031;14031344000;13953544444;14453544444
3032;14031345000;13953544444;14453544444
3033;14031346000;13953544444;14453544444
3034;14031347000;13953544444;14453544444
3035;14069958000;13953611111;14453611111
3039;14069973000;13995244444;14495244444
3040;14069974000;13995244444;14495244444
3041;14069975000;13995244444;14495244444
3042;14069976000;13995244444;14495244444
3043;14069977000;13995244444;14495244444
3044;14069978000;13995244444;14495244444
3045;14069979000;13995244444;14495244444
3046;14107380000;13995311111;14495311111
3050;14107396000;14036877777;14536877777
3051;14107397000;14036877777;14536877777
3052;14107398000;14036877777;14536877777
3053;14107399000;14036877777;14536877777
3054;14107400000;14036877777;14536877777
3055;14107401000;14036877777;14536877777
3056;14107402000;14036877777;14536877777
3057;14143532000;14036955555;14536955555
3061;14143548000;14078544444;14578544444
3062;14143549000;14078544444;14578544444
3063;14143550000;14078544444;14578544444
3064;14143551000;14078544444;14578544444
3065;14143552000;14078544444;14578544444
3066;14143553000;14078544444;14578544444
3067;14143554000;14078544444;14578544444
3068;14178755000;14078611111;14578611111
3072;14178771000;14120244444;14620244444
3073;14178772000;14120244444;14620244444
3074;14178773000;14120244444;14620244444
3075;14178774000;14120244444;14620244444
3076;14178775000;14120244444;14620244444
3077;14178776000;14120244444;14620244444
3078;14178777000;14120244444;14620244444
3079;14213408000;14120311111;14620311111
3080;14213424000;14120577777;14620577777
3081;14213425000;14120577777;14620577777
3082;14213426000;14120577777;14620577777
3083;14249776000;14161877777;14661877777
3084;14249780000;14161877777;14661877777
3085;14249781000;14161877777;14661877777
3086;14249782000;14161877777;14661877777
3087;14249783000;14161877777;14661877777
3088;14249784000;14161877777;14661877777
3089;14249793000;14161877777;14661877777
3090;14249993000;14161944444;14661944444
3091;14250008000;14162244444;14662244444
3092;14250009000;14162244444;14662244444
3093;14250010000;14162244444;14662244444
3094;14284608000;14203544444;14703544444
3095;14284612000;14203544444;14703544444
3096;14284613000;14203544444;14703544444
3097;14284614000;14203544444;14703544444
3098;14284615000;14203544444;14703544444
3099;14284616000;14203544444;14703544444
3100;14284617000;14203544444;14703544444
3101;14284839000;14203611111;14703611111
3102;14284854000;14203888888;14703888888
3103;14284856000;14203888888;14703888888
3104;14284857000;14203888888;14703888888
3105;14320179000;14245244444;14745244444
3106;14320182000;14245244444;14745244444
3107;14320183000;14245244444;14745244444
3108;14320184000;14245244444;14745244444
3109;14320185000;14245244444;14745244444
3110;14320186000;14245244444;14745244444
3111;14320187000;14245244444;14745244444
3112;14320399000;14245311111;14745311111
3113;14320406000;14245577777;14745577777
3114;14320407000;14245577777;14745577777
3115;14320408000;14245577777;14745577777
3116;14356512000;14286877777;14786877777
3117;14356515000;14286877777;14786877777
3118;14356516000;14286877777;14786877777
3119;14356517000;14286877777;14786877777
3120;14356518000;14286877777;14786877777
3121;14356519000;14286877777;14786877777
3122;14356520000;14286877777;14786877777
3123;14356676000;14286922222;14786922222
3124;14356683000;14287244444;14787244444
3125;14356684000;14287244444;14787244444
3126;14356685000;14287244444;14787244444
3127;14394388000;14328544444;14828544444
3128;14394392000;14328544444;14828544444
3129;14394393000;14328544444;14828544444
3130;14394394000;14328544444;14828544444
3131;14394395000;14328544444;14828544444
3132;14394396000;14328544444;14828544444
3133;14394397000;14328544444;14828544444
3134;14394603000;14328611111;14828611111
3135;14394610000;14328877777;14828877777
3136;14394611000;14328877777;14828877777
3137;14394612000;14328877777;14828877777
3138;14433560000;14370211111;14870211111
3139;14433564000;14370211111;14870211111
3140;14433565000;14370211111;14870211111
3141;14433566000;14370211111;14870211111
3142;14433567000;14370211111;14870211111
3143;14433568000;14370211111;14870211111
3144;14433569000;14370211111;14870211111
3145;14433775000;14370277777;14870277777
3146;14433782000;14370522222;14870522222
3147;14433783000;14370522222;14870522222
3148;14433785000;14370522222;14870522222
3149;14473753000;14411877777;14911877777
3150;14473757000;14411877777;14911877777
3151;14473768000;14411877777;14911877777
3152;14473769000;14411877777;14911877777
3153;14473770000;14411877777;14911877777
3154;14473771000;14411877777;14911877777
3155;14473772000;14411877777;14911877777
3156;14473986000;14411955555;14911955555
3157;14473992000;14412288888;14912288888
3158;14473993000;14412288888;14912288888
3159;14473994000;14412288888;14912288888
3160;14514653000;14453544444;14953544444
3161;14514656000;14453544444;14953544444
3162;14514657000;14453544444;14953544444
3163;14514659000;14453544444;14953544444
3164;14514660000;14453544444;14953544444
3165;14514660000;14453544444;14953544444
3166;14514661000;14453544444;14953544444
3167;14514860000;14453600000;14953600000
3168;14514867000;14453877777;14953877777
3169;14514868000;14453877777;14953877777
3170;14514869000;14453877777;14953877777
3171;14555950000;14495211111;14995211111
3172;14555954000;14495211111;14995211111
3173;14555955000;14495211111;14995211111
3174;14555956000;14495211111;14995211111
3175;14555957000;14495211111;14995211111
3176;14555958000;14495211111;14995211111
3177;14555959000;14495211111;14995211111
3178;14556166000;14495277777;14995277777
3179;14556172000;14495544444;14995544444
3180;14556173000;14495544444;14995544444
3181;14556174000;14495544444;14995544444
3182;14597435000;14536877777;15036877777
3183;14597439000;14536877777;15036877777
3184;14597440000;14536877777;15036877777
3185;14597441000;14536877777;15036877777
3186;14597442000;14536877777;15036877777
3187;14597443000;14536877777;15036877777
3188;14597444000;14536877777;15036877777
3189;14597651000;14536944444;15036944444
3190;14597657000;14537277777;15037277777
3191;14597658000;14537277777;15037277777
3192;14597659000;14537277777;15037277777
3193;14639040000;14578544444;15078544444
3194;14639051000;14578544444;15078544444
3195;14639052000;14578544444;15078544444
3196;14639053000;14578544444;15078544444
3197;14639054000;14578544444;15078544444
3198;14639055000;14578544444;15078544444
3199;14639056000;14578544444;15078544444
3200;14639256000;14578611111;15078611111
3201;14639262000;14578877777;15078877777
3202;14639263000;14578877777;15078877777
3203;14639264000;14578877777;15078877777
3204;14680727000;14620244444;15120244444
3205;14680730000;14620244444;15120244444
3206;14680732000;14620244444;15120244444
3207;14680733000;14620244444;15120244444
3208;14680733000;14620244444;15120244444
3209;14680734000;14620244444;15120244444
3210;14680735000;14620244444;15120244444
3211;14680934000;14620300000;15120300000
3212;14680950000;14620566666;15120566666
3213;14680951000;14620566666;15120566666
3214;14680952000;14620566666;15120566666
3215;14722355000;14661877777;15161877777
3216;14722358000;14661877777;15161877777
3217;14722360000;14661877777;15161877777
3218;14722361000;14661877777;15161877777
3219;14722362000;14661877777;15161877777
3220;14722363000;14661877777;15161877777
3221;14722363000;14661877777;15161877777
3222;14722579000;14661944444;15161944444
3223;14722595000;14662266666;15162266666
3224;14722596000;14662266666;15162266666
3225;14722597000;14662266666;15162266666
3226;14764020000;14703544444;15203544444
3227;14764023000;14703544444;15203544444
3228;14764024000;14703544444;15203544444
3229;14764026000;14703544444;15203544444
3230;14764026000;14703544444;15203544444
3231;14764027000;14703544444;15203544444
3232;14764028000;14703544444;15203544444
3233;14764235000;14703611111;15203611111
3234;14764242000;14703877777;15203877777
3235;14764243000;14703877777;15203877777
3236;14764244000;14703877777;15203877777
3237;14805669000;14745211111;15245211111
3238;14805673000;14745211111;15245211111
3239;14805674000;14745211111;15245211111
3240;14805675000;14745211111;15245211111
3241;14805676000;14745211111;15245211111
3242;14805677000;14745211111;15245211111
3243;14805678000;14745211111;15245211111
3244;14805833000;14745277777;15245277777
3245;14805839000;14745555555;15245555555
3246;14805840000;14745555555;15245555555
3247;14805841000;14745555555;15245555555
3248;14847362000;14786877777;15286877777
3249;14847366000;14786877777;15286877777
3250;14847367000;14786877777;15286877777
3251;14847368000;14786877777;15286877777
3252;14847369000;14786877777;15286877777
3253;14847370000;14786877777;15286877777
3254;14847371000;14786877777;15286877777
3255;14847570000;14786944444;15286944444
3256;14847576000;14787266666;15287266666
3257;14847577000;14787266666;15287266666
3258;14847578000;14787266666;15287266666
3259;14888987000;14828577777;15328577777
3260;14889000000;14828577777;15328577777
3261;14889001000;14828577777;15328577777
3262;14889002000;14828577777;15328577777
3263;14889003000;14828577777;15328577777
3264;14889004000;14828577777;15328577777
3265;14889005000;14828577777;15328577777
3266;14889189000;14828644444;15328644444
3267;14889194000;14828922222;15328922222
3268;14889195000;14828922222;15328922222
3269;14889196000;14828922222;15328922222
3270;14930661000;14870211111;15370211111
3271;14930665000;14870211111;15370211111
3272;14930666000;14870211111;15370211111
3273;14930667000;14870211111;15370211111
3274;14930668000;14870211111;15370211111
3275;14930669000;14870211111;15370211111
3276;14930670000;14870211111;15370211111
3277;14930847000;14870277777;15370277777
3278;14930851000;14870522222;15370522222
3279;14930852000;14870522222;15370522222
3280;14930853000;14870522222;15370522222
3281;14972344000;14911877777;15411877777
3282;14972347000;14911877777;15411877777
3283;14972348000;14911877777;15411877777
3284;14972349000;14911877777;15411877777
3285;14972350000;14911877777;15411877777
3286;14972351000;14911877777;15411877777
3287;14972352000;14911877777;15411877777
3288;14972575000;14911944444;15411944444
3289;14972587000;14912255555;15412255555
3290;14972588000;14912255555;15412255555
3291;14972589000;14912255555;15412255555
3292;15014011000;14953544444;15453544444
3293;15014014000;14953544444;15453544444
3294;15014016000;14953544444;15453544444
3295;15014017000;14953544444;15453544444
3296;15014018000;14953544444;15453544444
3297;15014019000;14953544444;15453544444
3298;15014019000;14953544444;15453544444
3299;15014219000;14953611111;15453611111
3300;15014226000;14953888888;15453888888
3301;15014227000;14953888888;15453888888
3302;15014228000;14953888888;15453888888
3303;15055693000;14995211111;15495211111
3304;15055697000;14995211111;15495211111
3305;15055698000;14995211111;15495211111
3306;15055699000;14995211111;15495211111
3307;15055700000;14995211111;15495211111
3308;15055700000;14995211111;15495211111
3309;15055701000;14995211111;15495211111
3310;15055901000;14995277777;15495277777
3311;15055907000;14995555555;15495555555
3312;15055908000;14995555555;15495555555
3313;15055909000;14995555555;15495555555
3314;15097347000;15036877777;15536877777
3315;15097350000;15036877777;15536877777
3316;15097351000;15036877777;15536877777
3317;15097352000;15036877777;15536877777
3318;15097353000;15036877777;15536877777
3319;15097354000;15036877777;15536877777
3320;15097355000;15036877777;15536877777
3321;15097554000;15036933333;15536933333
3322;15097560000;15037277777;15537277777
3323;15097562000;15037277777;15537277777
3324;15097563000;15037277777;15537277777
3325;15139025000;15078544444;15578544444
3326;15139029000;15078544444;15578544444
3327;15139030000;15078544444;15578544444
3328;15139031000;15078544444;15578544444
3329;15139032000;15078544444;15578544444
3330;15139033000;15078544444;15578544444
3331;15139034000;15078544444;15578544444
3332;15139241000;15078611111;15578611111
3333;15139256000;15078888888;15578888888
3334;15139257000;15078888888;15578888888
3335;15139258000;15078888888;15578888888
3336;15180686000;15120211111;15620211111
3337;15180690000;15120211111;15620211111
3338;15180691000;15120211111;15620211111
3339;15180692000;15120211111;15620211111
3340;15180693000;15120211111;15620211111
3341;15180693000;15120211111;15620211111
3342;15180694000;15120211111;15620211111
3343;15180894000;15120277777;15620277777
3344;15180900000;15120555555;15620555555
3345;15180901000;15120555555;15620555555
3346;15180902000;15120555555;15620555555
3347;15222342000;15161877777;15661877777
3348;15222346000;15161877777;15661877777
3349;15222347000;15161877777;15661877777
3350;15222348000;15161877777;15661877777
3351;15222349000;15161877777;15661877777
3352;15222350000;15161877777;15661877777
3353;15222351000;15161877777;15661877777
3354;15222550000;15161933333;15661933333
3355;15222557000;15162255555;15662255555
3356;15222558000;15162255555;15662255555
3357;15222559000;15162255555;15662255555
3358;15264025000;15203544444;15703544444
3359;15264029000;15203544444;15703544444
3360;15264030000;15203544444;15703544444
3361;15264031000;15203544444;15703544444
3362;15264032000;15203544444;15703544444
3363;15264033000;15203544444;15703544444
3364;15264034000;15203544444;15703544444
3365;15264264000;15203611111;15703611111
3366;15264280000;15203877777;15703877777
3367;15264281000;15203877777;15703877777
3368;15264282000;15203877777;15703877777
3369;15305769000;15245277777;15745277777
3370;15305772000;15245277777;15745277777
3371;15305773000;15245277777;15745277777
3372;15305774000;15245277777;15745277777
3373;15305775000;15245277777;15745277777
3374;15305776000;15245277777;15745277777
3375;15305777000;15245277777;15745277777
3376;15305994000;15245311111;15745311111
3377;15306000000;15245588888;15745588888
3378;15306001000;15245588888;15745588888
3379;15306003000;15245588888;15745588888
3380;15347394000;15286911111;15786911111
3381;15347397000;15286911111;15786911111
3382;15347398000;15286911111;15786911111
3383;15347399000;15286911111;15786911111
3384;15347400000;15286911111;15786911111
3385;15347401000;15286911111;15786911111
3386;15347402000;15286911111;15786911111
3387;15347601000;15286944444;15786944444
3388;15347616000;15287277777;15787277777
3389;15347625000;15287277777;15787277777
3390;15347626000;15287277777;15787277777
3391;15389019000;15328577777;15828577777
3392;15389022000;15328577777;15828577777
3393;15389023000;15328577777;15828577777
3394;15389034000;15328577777;15828577777
3395;15389035000;15328577777;15828577777
3396;15389036000;15328577777;15828577777
3397;15389037000;15328577777;15828577777
3398;15389272000;15328633333;15828633333
3399;15389278000;15328911111;15828911111
3400;15389279000;15328911111;15828911111
3401;15389280000;15328911111;15828911111
3402;15493212000;15370222222;15870222222
3413;15533968000;15411900000;15911900000
3424;15574491000;15453555555;15953555555
3435;15614143000;15495255555;15995255555
3446;15652227000;15536911111;16036911111
3457;15689979000;15578577777;16078577777
3468;15724996000;15620211111;16120211111
3479;15759256000;15661877777;16161877777
3487;15759369000;15662277777;16162277777
3488;15759372000;15662277777;16162277777
3489;15759373000;15662277777;16162277777
3490;15793310000;15703555555;16203555555
3491;15793313000;15703555555;16203555555
3492;15793315000;15703555555;16203555555
3493;15793316000;15703555555;16203555555
3494;15793317000;15703555555;16203555555
3495;15793317000;15703555555;16203555555
3496;15793318000;15703555555;16203555555
3497;15793517000;15703611111;16203611111
3498;15793532000;15703900000;16203900000
3499;15793534000;15703900000;16203900000
3500;15793535000;15703900000;16203900000
3501;15826952000;15745211111;16245211111
3502;15826956000;15745211111;16245211111
3503;15826957000;15745211111;16245211111
3504;15826958000;15745211111;16245211111
3505;15826959000;15745211111;16245211111
3506;15826960000;15745211111;16245211111
3507;15826961000;15745211111;16245211111
3508;15827161000;15745255555;16245255555
3509;15827176000;15745544444;16245544444
3510;15827177000;15745544444;16245544444
3511;15827178000;15745544444;16245544444
3512;15862374000;15786877777;16286877777
3513;15862377000;15786877777;16286877777
3514;15862378000;15786877777;16286877777
3515;15862379000;15786877777;16286877777
3516;15862380000;15786877777;16286877777
3517;15862381000;15786877777;16286877777
3518;15862382000;15786877777;16286877777
3519;15862581000;15786933333;16286933333
3520;15862587000;15787266666;16287266666
3521;15862588000;15787266666;16287266666
3522;15862589000;15787266666;16287266666
3523;15898828000;15828544444;16328544444
3524;15898832000;15828544444;16328544444
3525;15898833000;15828544444;16328544444
3526;15898834000;15828544444;16328544444
3527;15898835000;15828544444;16328544444
3528;15898836000;15828544444;16328544444
3529;15898837000;15828544444;16328544444
3530;15899050000;15828600000;16328600000
3531;15899056000;15828900000;16328900000
3532;15899058000;15828900000;16328900000
3533;15899059000;15828900000;16328900000
3534;15936506000;15870244444;16370244444
3535;15936510000;15870244444;16370244444
3536;15936511000;15870244444;16370244444
3537;15936512000;15870244444;16370244444
3538;15936513000;15870244444;16370244444
3539;15936514000;15870244444;16370244444
3540;15936515000;15870244444;16370244444
3541;15936721000;15870300000;16370300000
3542;15936728000;15870555555;16370555555
3543;15936729000;15870555555;16370555555
3544;15936730000;15870555555;16370555555
3545;15975494000;15911877777;16411877777
3546;15975498000;15911877777;16411877777
3547;15975499000;15911877777;16411877777
3548;15975500000;15911877777;16411877777
3549;15975501000;15911877777;16411877777
3550;15975502000;15911877777;16411877777
3551;15975503000;15911877777;16411877777
3552;15975709000;15911944444;16411944444
3553;15975715000;15912266666;16412266666
3554;15975716000;15912266666;16412266666
3555;15975717000;15912266666;16412266666
3556;16015571000;15953544444;16453544444
3557;16015574000;15953544444;16453544444
3558;16015576000;15953544444;16453544444
3559;16015586000;15953544444;16453544444
3560;16015587000;15953544444;16453544444
3561;16015588000;15953544444;16453544444
3562;16015589000;15953544444;16453544444
3563;16015818000;15953611111;16453611111
3564;16015825000;15953888888;16453888888
3565;16015833000;15953888888;16453888888
3566;16015835000;15953888888;16453888888
3567;16056415000;15995211111;16495211111
3568;16056418000;15995211111;16495211111
3569;16056419000;15995211111;16495211111
3570;16056421000;15995211111;16495211111
3571;16056421000;15995211111;16495211111
3572;16056422000;15995211111;16495211111
3573;16056423000;15995211111;16495211111
3574;16056639000;15995277777;16495277777
3575;16056645000;15995555555;16495555555
3576;16056646000;15995555555;16495555555
3577;16056647000;15995555555;16495555555
3578;16097657000;16036877777;16536877777
3579;16097661000;16036877777;16536877777
3580;16097662000;16036877777;16536877777
3581;16097663000;16036877777;16536877777
3582;16097664000;16036877777;16536877777
3583;16097665000;16036877777;16536877777
3584;16097666000;16036877777;16536877777
3585;16097864000;16036944444;16536944444
3586;16097870000;16037311111;16537311111
3587;16097871000;16037311111;16537311111
3588;16097873000;16037311111;16537311111
3589;16139196000;16078577777;16578577777
3590;16139199000;16078577777;16578577777
3591;16139200000;16078577777;16578577777
3592;16139201000;16078577777;16578577777
3593;16139202000;16078577777;16578577777
3594;16139203000;16078577777;16578577777
3595;16139204000;16078577777;16578577777
3596;16139403000;16078633333;16578633333
3597;16139409000;16078933333;16578933333
3598;16139410000;16078933333;16578933333
3599;16139411000;16078933333;16578933333
3600;16180761000;16120211111;16620211111
3601;16180764000;16120211111;16620211111
3602;16180765000;16120211111;16620211111
3603;16180766000;16120211111;16620211111
3604;16180767000;16120211111;16620211111
3605;16180768000;16120211111;16620211111
3606;16180769000;16120211111;16620211111
3607;16180969000;16120277777;16620277777
3608;16180975000;16120566666;16620566666
3609;16180976000;16120566666;16620566666
3610;16180977000;16120566666;16620566666
3611;16222390000;16161877777;16661877777
3612;16222394000;16161877777;16661877777
3613;16222395000;16161877777;16661877777
3614;16222396000;16161877777;16661877777
3615;16222397000;16161877777;16661877777
3616;16222398000;16161877777;16661877777
3617;16222399000;16161877777;16661877777
3618;16222598000;16161933333;16661933333
3619;16222604000;16162266666;16662266666
3620;16222605000;16162266666;16662266666
3621;16222606000;16162266666;16662266666
3622;16264052000;16203544444;16703544444
3623;16264055000;16203544444;16703544444
3624;16264057000;16203544444;16703544444
3625;16264058000;16203544444;16703544444
3626;16264068000;16203544444;16703544444
3627;16264069000;16203544444;16703544444
3628;16264070000;16203544444;16703544444
3629;16264269000;16203611111;16703611111
3630;16264276000;16203877777;16703877777
3631;16264277000;16203877777;16703877777
3632;16264278000;16203877777;16703877777
3633;16305726000;16245222222;16745222222
3634;16305730000;16245222222;16745222222
3635;16305730000;16245222222;16745222222
3636;16305732000;16245222222;16745222222
3637;16305732000;16245222222;16745222222
3638;16305733000;16245222222;16745222222
3639;16305734000;16245222222;16745222222
3640;16305933000;16245277777;16745277777
3641;16305939000;16245555555;16745555555
3642;16305941000;16245555555;16745555555
3643;16305942000;16245555555;16745555555
3644;16347350000;16286877777;16786877777
3645;16347353000;16286877777;16786877777
3646;16347354000;16286877777;16786877777
3647;16347355000;16286877777;16786877777
3648;16347356000;16286877777;16786877777
3649;16347357000;16286877777;16786877777
3650;16347358000;16286877777;16786877777
3651;16347557000;16286933333;16786933333
3652;16347563000;16287277777;16787277777
3653;16347564000;16287277777;16787277777
3654;16347565000;16287277777;16787277777
3655;16389074000;16328544444;16828544444
3656;16389077000;16328544444;16828544444
3657;16389078000;16328544444;16828544444
3658;16389079000;16328544444;16828544444
3659;16389080000;16328544444;16828544444
3660;16389081000;16328544444;16828544444
3661;16389082000;16328544444;16828544444
3662;16389292000;16328600000;16828600000
3663;16389298000;16328900000;16828900000
3664;16389299000;16328900000;16828900000
3665;16389309000;16328900000;16828900000
3666;16430716000;16370211111;16870211111
3667;16430719000;16370211111;16870211111
3668;16430720000;16370211111;16870211111
3669;16430721000;16370211111;16870211111
3670;16430722000;16370211111;16870211111
3671;16430723000;16370211111;16870211111
3672;16430724000;16370211111;16870211111
3673;16430923000;16370277777;16870277777
3674;16430929000;16370544444;16870544444
3675;16430931000;16370544444;16870544444
3676;16430932000;16370544444;16870544444
3677;16472382000;16411877777;16911877777
3678;16472385000;16411877777;16911877777
3679;16472386000;16411877777;16911877777
3680;16472387000;16411877777;16911877777
3681;16472388000;16411877777;16911877777
3682;16472389000;16411877777;16911877777
3683;16472390000;16411877777;16911877777
3684;16472615000;16411944444;16911944444
3685;16472621000;16412300000;16912300000
3686;16472622000;16412300000;16912300000
3687;16472623000;16412300000;16912300000
3688;16514067000;16453544444;16953544444
3689;16514070000;16453544444;16953544444
3690;16514071000;16453544444;16953544444
3691;16514072000;16453544444;16953544444
3692;16514073000;16453544444;16953544444
3693;16514074000;16453544444;16953544444
3694;16514075000;16453544444;16953544444
3695;16514284000;16453577777;16953577777
3696;16514290000;16453844444;16953844444
3697;16514291000;16453844444;16953844444
3698;16514293000;16453844444;16953844444
3699;16555723000;16495266666;16995266666
3700;16555727000;16495266666;16995266666
3701;16555728000;16495266666;16995266666
3702;16555729000;16495266666;16995266666
3703;16555730000;16495266666;16995266666
3704;16555731000;16495266666;16995266666
3705;16555732000;16495266666;16995266666
3706;16555930000;16495288888;16995288888
3707;16555936000;16495555555;16995555555
3708;16555938000;16495555555;16995555555
3709;16555939000;16495555555;16995555555
3710;16597363000;16536911111;17036911111
3711;16597366000;16536911111;17036911111
3712;16597367000;16536911111;17036911111
3713;16597368000;16536911111;17036911111
3714;16597369000;16536911111;17036911111
3715;16597370000;16536911111;17036911111
3716;16597372000;16536911111;17036911111
3717;16597570000;16536955555;17036955555
3718;16597577000;16537288888;17037288888
3719;16597578000;16537288888;17037288888
3720;16597579000;16537288888;17037288888
3721;16639052000;16578577777;17078577777
3722;16639056000;16578577777;17078577777
3723;16639057000;16578577777;17078577777
3724;16639058000;16578577777;17078577777
3725;16639059000;16578577777;17078577777
3726;16639060000;16578577777;17078577777
3727;16639061000;16578577777;17078577777
3728;16639261000;16578655555;17078655555
3729;16639267000;16578911111;17078911111
3730;16639268000;16578911111;17078911111
3731;16639269000;16578911111;17078911111
3732;16680669000;16620211111;17120211111
3733;16680672000;16620211111;17120211111
3734;16680673000;16620211111;17120211111
3735;16680674000;16620211111;17120211111
3736;16680675000;16620211111;17120211111
3737;16680676000;16620211111;17120211111
3738;16680677000;16620211111;17120211111
3739;16680877000;16620288888;17120288888
3740;16680892000;16620544444;17120544444
3741;16680894000;16620544444;17120544444
3742;16680894000;16620544444;17120544444
3743;16722337000;16661877777;17161877777
3744;16722340000;16661877777;17161877777
3745;16722341000;16661877777;17161877777
3746;16722342000;16661877777;17161877777
3747;16722343000;16661877777;17161877777
3748;16722344000;16661877777;17161877777
3749;16722345000;16661877777;17161877777
3750;16722543000;16661955555;17161955555
3751;16722558000;16662277777;17162277777
3752;16722559000;16662277777;17162277777
3753;16722560000;16662277777;17162277777
3754;16764003000;16703544444;17203544444
3755;16764006000;16703544444;17203544444
3756;16764008000;16703544444;17203544444
3757;16764008000;16703544444;17203544444
3758;16764009000;16703544444;17203544444
3759;16764010000;16703544444;17203544444
3760;16764011000;16703544444;17203544444
3761;16764211000;16703622222;17203622222
3762;16764226000;16703900000;17203900000
3763;16764227000;16703900000;17203900000
3764;16764228000;16703900000;17203900000
3765;16805657000;16745211111;17245211111
3766;16805661000;16745211111;17245211111
3767;16805662000;16745211111;17245211111
3768;16805663000;16745211111;17245211111
3769;16805664000;16745211111;17245211111
3770;16805665000;16745211111;17245211111
3771;16805666000;16745211111;17245211111
3772;16806034000;16745288888;17245288888
3773;16806040000;16745566666;17245566666
3774;16806042000;16745566666;17245566666
3775;16806051000;16745566666;17245566666
3776;16847196000;16786877777;17286877777
3777;16847199000;16786877777;17286877777
3778;16847200000;16786877777;17286877777
3779;16847202000;16786877777;17286877777
3780;16847203000;16786877777;17286877777
3781;16847204000;16786877777;17286877777
3782;16847205000;16786877777;17286877777
3783;16847404000;16786955555;17286955555
3784;16847419000;16787277777;17287277777
3785;16847420000;16787277777;17287277777
3786;16847421000;16787277777;17287277777
3787;16889003000;16828544444;17328544444
3788;16889006000;16828544444;17328544444
3789;16889007000;16828544444;17328544444
3790;16889008000;16828544444;17328544444
3791;16889009000;16828544444;17328544444
3792;16889010000;16828544444;17328544444
3793;16889011000;16828544444;17328544444
3794;16950841000;16828622222;17328622222
3798;16950857000;16870211111;17370211111
3799;16950858000;16870211111;17370211111
3800;16950859000;16870211111;17370211111
3801;16950860000;16870211111;17370211111
3802;16950861000;16870211111;17370211111
3803;16950862000;16870211111;17370211111
3804;16950863000;16870211111;17370211111
3805;16992056000;16870266666;17370266666
3809;16992062000;16911911111;17411911111
3810;16992064000;16911911111;17411911111
3811;16992065000;16911911111;17411911111
3812;16992066000;16911911111;17411911111
3813;16992066000;16911911111;17411911111
3814;16992067000;16911911111;17411911111
3815;16992068000;16911911111;17411911111
3816;17032830000;16911977777;17411977777
3820;17032836000;16953544444;17453544444
3821;17032847000;16953544444;17453544444
3822;17032847000;16953544444;17453544444
3823;17032848000;16953544444;17453544444
3824;17032849000;16953544444;17453544444
3825;17032850000;16953544444;17453544444
3826;17032851000;16953544444;17453544444
3827;17073036000;16953622222;17453622222
3831;17073059000;16995244444;17495244444
3832;17073060000;16995244444;17495244444
3833;17073061000;16995244444;17495244444
3834;17073062000;16995244444;17495244444
3835;17073063000;16995244444;17495244444
3836;17073064000;16995244444;17495244444
3837;17073065000;16995244444;17495244444
3838;17111746000;16995322222;17495322222
3842;17111762000;17036877777;17536877777
3843;17111763000;17036877777;17536877777
3844;17111764000;17036877777;17536877777
3845;17111765000;17036877777;17536877777
3846;17111766000;17036877777;17536877777
3847;17111767000;17036877777;17536877777
3848;17111768000;17036877777;17536877777
3849;17149102000;17036955555;17536955555
3853;17149118000;17078544444;17578544444
3854;17149119000;17078544444;17578544444
3855;17149120000;17078544444;17578544444
3856;17149121000;17078544444;17578544444
3857;17149121000;17078544444;17578544444
3858;17149122000;17078544444;17578544444
3859;17149123000;17078544444;17578544444
3860;17185280000;17078622222;17578622222
3864;17185296000;17120211111;17620211111
3865;17185297000;17120211111;17620211111
3866;17185298000;17120211111;17620211111
3867;17185299000;17120211111;17620211111
3868;17185300000;17120211111;17620211111
3869;17185301000;17120211111;17620211111
3870;17185302000;17120211111;17620211111
3871;17218710000;17120288888;17620288888
3875;17218726000;17161877777;17661877777
3876;17218727000;17161877777;17661877777
3877;17218728000;17161877777;17661877777
3878;17218729000;17161877777;17661877777
3879;17218730000;17161877777;17661877777
3880;17218731000;17161877777;17661877777
3881;17218732000;17161877777;17661877777
3882;17251855000;17161955555;17661955555
3883;17251870000;17162266666;17662266666
3884;17251872000;17162266666;17662266666
3885;17251873000;17162266666;17662266666
3886;17288789000;17203544444;17703544444
3887;17288792000;17203544444;17703544444
3888;17288794000;17203544444;17703544444
3889;17288802000;17203544444;17703544444
3890;17288803000;17203544444;17703544444
3891;17288804000;17203544444;17703544444
3892;17288805000;17203544444;17703544444
3893;17289005000;17203622222;17703622222
3894;17289020000;17203888888;17703888888
3895;17289022000;17203888888;17703888888
3896;17289023000;17203888888;17703888888
3897;17324289000;17245244444;17745244444
3898;17324293000;17245244444;17745244444
3899;17324294000;17245244444;17745244444
3900;17324295000;17245244444;17745244444
3901;17324295000;17245244444;17745244444
3902;17324296000;17245244444;17745244444
3903;17324297000;17245244444;17745244444
3904;17324513000;17245322222;17745322222
3905;17324528000;17245622222;17745622222
3906;17324529000;17245622222;17745622222
3907;17324530000;17245622222;17745622222
3908;17360448000;17286877777;17786877777
3909;17360452000;17286877777;17786877777
3910;17360453000;17286877777;17786877777
3911;17360454000;17286877777;17786877777
3912;17360455000;17286877777;17786877777
3913;17360456000;17286877777;17786877777
3914;17360457000;17286877777;17786877777
3915;17360656000;17286955555;17786955555
3916;17360672000;17287288888;17787288888
3917;17360673000;17287288888;17787288888
3918;17360674000;17287288888;17787288888
3919;17397524000;17328544444;17828544444
3920;17397528000;17328544444;17828544444
3921;17397529000;17328544444;17828544444
3922;17397530000;17328544444;17828544444
3923;17397531000;17328544444;17828544444
3924;17397532000;17328544444;17828544444
3925;17397533000;17328544444;17828544444
3926;17397739000;17328622222;17828622222
3927;17397754000;17328900000;17828900000
3928;17397755000;17328900000;17828900000
3929;17397756000;17328900000;17828900000
3930;17435717000;17370244444;17870244444
3931;17435721000;17370244444;17870244444
3932;17435722000;17370244444;17870244444
3933;17435723000;17370244444;17870244444
3934;17435724000;17370244444;17870244444
3935;17435725000;17370244444;17870244444
3936;17435726000;17370244444;17870244444
3937;17435933000;17370322222;17870322222
3938;17435939000;17370577777;17870577777
3939;17435940000;17370577777;17870577777
3940;17435941000;17370577777;17870577777
3941;17475013000;17411877777;17911877777
3942;17475016000;17411877777;17911877777
3943;17475017000;17411877777;17911877777
3944;17475018000;17411877777;17911877777
3945;17475019000;17411877777;17911877777
3946;17475020000;17411877777;17911877777
3947;17475021000;17411877777;17911877777
3948;17475220000;17411955555;17911955555
3949;17475226000;17412288888;17912288888
3950;17475227000;17412288888;17912288888
3951;17475228000;17412288888;17912288888
3952;17515120000;17453544444;17953544444
3953;17515124000;17453544444;17953544444
3954;17515125000;17453544444;17953544444
3955;17515126000;17453544444;17953544444
3956;17515127000;17453544444;17953544444
3957;17515128000;17453544444;17953544444
3958;17515129000;17453544444;17953544444
3959;17515386000;17453622222;17953622222
3960;17515402000;17453922222;17953922222
3961;17515403000;17453922222;17953922222
3962;17515404000;17453922222;17953922222
3963;17556114000;17495211111;17995211111
3964;17556117000;17495211111;17995211111
3965;17556118000;17495211111;17995211111
3966;17556119000;17495211111;17995211111
3967;17556120000;17495211111;17995211111
3968;17556121000;17495211111;17995211111
3969;17556122000;17495211111;17995211111
3970;17556320000;17495288888;17995288888
3971;17556335000;17495566666;17995566666
3972;17556337000;17495566666;17995566666
3973;17556338000;17495566666;17995566666
3974;17597522000;17536877777;18036877777
3975;17597526000;17536877777;18036877777
3976;17597527000;17536877777;18036877777
3977;17597528000;17536877777;18036877777
3978;17597529000;17536877777;18036877777
3979;17597529000;17536877777;18036877777
3980;17597530000;17536877777;18036877777
3981;17597729000;17536955555;18036955555
3982;17597744000;17537288888;18037288888
3983;17597745000;17537288888;18037288888
3984;17597746000;17537288888;18037288888
3985;17639075000;17578544444;18078544444
3986;17639078000;17578544444;18078544444
3987;17639079000;17578544444;18078544444
3988;17639080000;17578544444;18078544444
3989;17639088000;17578544444;18078544444
3990;17639089000;17578544444;18078544444
3991;17639090000;17578544444;18078544444
3992;17639291000;17578622222;18078622222
3993;17639306000;17578888888;18078888888
3994;17639307000;17578888888;18078888888
3995;17639308000;17578888888;18078888888
3996;17680733000;17620244444;18120244444
3997;17680736000;17620244444;18120244444
3998;17680737000;17620244444;18120244444
3999;17680738000;17620244444;18120244444
4000;17680739000;17620244444;18120244444
4001;17680740000;17620244444;18120244444
4002;17680741000;17620244444;18120244444
4003;17680940000;17620322222;18120322222
4004;17680956000;17620600000;18120600000
4005;17680957000;17620600000;18120600000
4006;17680958000;17620600000;18120600000
4007;17722356000;17661900000;18161900000
4008;17722359000;17661900000;18161900000
4009;17722360000;17661900000;18161900000
4010;17722361000;17661900000;18161900000
4011;17722362000;17661900000;18161900000
4012;17722363000;17661900000;18161900000
4013;17722364000;17661900000;18161900000
4014;17722562000;17661977777;18161977777
4015;17722578000;17662311111;18162311111
4016;17722579000;17662311111;18162311111
4017;17722580000;17662311111;18162311111
4018;17764007000;17703544444;18203544444
4019;17764011000;17703544444;18203544444
4020;17764012000;17703544444;18203544444
4021;17764013000;17703544444;18203544444
4022;17764014000;17703544444;18203544444
4023;17764015000;17703544444;18203544444
4024;17764015000;17703544444;18203544444
4025;17764215000;17703622222;18203622222
4026;17764221000;17703911111;18203911111
4027;17764222000;17703911111;18203911111
4028;17764223000;17703911111;18203911111
4029;17805659000;17745244444;18245244444
4030;17805663000;17745244444;18245244444
4031;17805664000;17745244444;18245244444
4032;17805665000;17745244444;18245244444
4033;17805666000;17745244444;18245244444
4034;17805667000;17745244444;18245244444
4035;17805668000;17745244444;18245244444
4036;17805867000;17745322222;18245322222
4037;17805873000;17745611111;18245611111
4038;17805874000;17745611111;18245611111
4039;17805875000;17745611111;18245611111
4040;17847290000;17786877777;18286877777
4041;17847294000;17786877777;18286877777
4042;17847295000;17786877777;18286877777
4043;17847296000;17786877777;18286877777
4044;17847297000;17786877777;18286877777
4045;17847298000;17786877777;18286877777
4046;17847299000;17786877777;18286877777
4047;17847497000;17786955555;18286955555
4048;17847504000;17787288888;18287288888
4049;17847505000;17787288888;18287288888
4050;17847506000;17787288888;18287288888
4051;17888988000;17828544444;18328544444
4052;17888992000;17828544444;18328544444
4053;17888993000;17828544444;18328544444
4054;17888994000;17828544444;18328544444
4055;17888994000;17828544444;18328544444
4056;17888996000;17828544444;18328544444
4057;17888996000;17828544444;18328544444
4058;17889226000;17828622222;18328622222
4059;17889232000;17828900000;18328900000
4060;17889233000;17828900000;18328900000
4061;17889234000;17828900000;18328900000
4062;17930689000;17870244444;18370244444
4063;17930693000;17870244444;18370244444
4064;17930694000;17870244444;18370244444
4065;17930695000;17870244444;18370244444
4066;17930696000;17870244444;18370244444
4067;17930697000;17870244444;18370244444
4068;17930698000;17870244444;18370244444
4069;17930898000;17870322222;18370322222
4070;17930904000;17870566666;18370566666
4071;17930905000;17870566666;18370566666
4072;17930906000;17870566666;18370566666
4073;17972299000;17911877777;18411877777
4074;17972303000;17911877777;18411877777
4075;17972304000;17911877777;18411877777
4076;17972305000;17911877777;18411877777
4077;17972306000;17911877777;18411877777
4078;17972307000;17911877777;18411877777
4079;17972308000;17911877777;18411877777
4080;17972507000;17911955555;18411955555
4081;17972514000;17912277777;18412277777
4082;17972515000;17912277777;18412277777
4083;17972516000;17912277777;18412277777
4084;18013921000;17953544444;18453544444
4085;18013925000;17953544444;18453544444
4086;18013926000;17953544444;18453544444
4087;18013927000;17953544444;18453544444
4088;18013928000;17953544444;18453544444
4089;18013937000;17953544444;18453544444
4090;18013938000;17953544444;18453544444
4091;18014186000;17953622222;18453622222
4092;18014193000;17953900000;18453900000
4093;18014194000;17953900000;18453900000
4094;18014195000;17953900000;18453900000
4095;18055662000;17995211111;18495211111
4096;18055665000;17995211111;18495211111
4097;18055666000;17995211111;18495211111
4098;18055667000;17995211111;18495211111
4099;18055668000;17995211111;18495211111
4100;18055669000;17995211111;18495211111
4101;18055670000;17995211111;18495211111
4102;18055870000;17995288888;18495288888
4103;18055885000;17995566666;18495566666
4104;18055886000;17995566666;18495566666
4105;18055887000;17995566666;18495566666
4106;18097331000;18036877777;18536877777
4107;18097335000;18036877777;18536877777
4108;18097336000;18036877777;18536877777
4109;18097337000;18036877777;18536877777
4110;18097338000;18036877777;18536877777
4111;18097339000;18036877777;18536877777
4112;18097340000;18036877777;18536877777
4113;18159248000;18036955555;18536955555
4117;18159263000;18078544444;18578544444
4118;18159264000;18078544444;18578544444
4119;18159265000;18078544444;18578544444
4120;18159266000;18078544444;18578544444
4121;18159267000;18078544444;18578544444
4122;18159268000;18078544444;18578544444
4123;18159269000;18078544444;18578544444
4124;18200490000;18078600000;18578600000
4128;18200506000;18120211111;18620211111
4129;18200507000;18120211111;18620211111
4130;18200508000;18120211111;18620211111
4131;18200509000;18120211111;18620211111
4132;18200509000;18120211111;18620211111
4133;18200510000;18120211111;18620211111
4134;18200511000;18120211111;18620211111
4135;18241213000;18120288888;18620288888
4139;18241228000;18161877777;18661877777
4140;18241230000;18161877777;18661877777
4141;18241231000;18161877777;18661877777
4142;18241231000;18161877777;18661877777
4143;18241233000;18161877777;18661877777
4144;18241233000;18161877777;18661877777
4145;18241234000;18161877777;18661877777
4146;18281005000;18161944444;18661944444
4150;18281021000;18203544444;18703544444
4151;18281022000;18203544444;18703544444
4152;18281023000;18203544444;18703544444
4153;18281024000;18203544444;18703544444
4154;18281025000;18203544444;18703544444
4155;18281026000;18203544444;18703544444
4156;18281027000;18203544444;18703544444
4157;18319704000;18203611111;18703611111
4161;18319719000;18245244444;18745244444
4162;18319720000;18245244444;18745244444
4163;18319722000;18245244444;18745244444
4164;18319723000;18245244444;18745244444
4165;18319723000;18245244444;18745244444
4166;18319725000;18245244444;18745244444
4167;18319726000;18245244444;18745244444
4168;18356554000;18245288888;18745288888
4172;18356559000;18286877777;18786877777
4173;18356561000;18286877777;18786877777
4174;18356563000;18286877777;18786877777
4175;18356564000;18286877777;18786877777
4176;18356566000;18286877777;18786877777
4177;18356567000;18286877777;18786877777
4178;18356578000;18286877777;18786877777
4179;18392789000;18286933333;18786933333
4183;18392794000;18328544444;18828544444
4184;18392796000;18328544444;18828544444
4185;18392798000;18328544444;18828544444
4186;18392800000;18328544444;18828544444
4187;18392801000;18328544444;18828544444
4188;18392803000;18328544444;18828544444
4189;18392813000;18328544444;18828544444
4190;18428169000;18328611111;18828611111
4194;18428185000;18370211111;18870211111
4195;18428186000;18370211111;18870211111
4196;18428187000;18370211111;18870211111
4197;18428188000;18370211111;18870211111
4198;18428189000;18370211111;18870211111
4199;18428190000;18370211111;18870211111
4200;18428191000;18370211111;18870211111
4201;18462887000;18370277777;18870277777
4202;18462903000;18370533333;18870533333
4203;18462904000;18370533333;18870533333
4204;18462905000;18370533333;18870533333
4205;18499347000;18411877777;18911877777
4206;18499351000;18411877777;18911877777
4207;18499352000;18411877777;18911877777
4208;18499353000;18411877777;18911877777
4209;18499354000;18411877777;18911877777
4210;18499355000;18411877777;18911877777
4211;18499356000;18411877777;18911877777
4212;18499562000;18411944444;18911944444
4213;18499589000;18412288888;18912288888
4214;18499590000;18412288888;18912288888
4215;18499591000;18412288888;18912288888
4216;18534274000;18453544444;18953544444
4217;18534277000;18453544444;18953544444
4218;18534278000;18453544444;18953544444
4219;18534279000;18453544444;18953544444
4220;18534280000;18453544444;18953544444
4221;18534281000;18453544444;18953544444
4222;18534282000;18453544444;18953544444
4223;18534481000;18453611111;18953611111
4224;18534496000;18453911111;18953911111
4225;18534497000;18453911111;18953911111
4226;18534498000;18453911111;18953911111
4227;18569312000;18495266666;18995266666
4228;18569315000;18495266666;18995266666
4229;18569316000;18495266666;18995266666
4230;18569317000;18495266666;18995266666
4231;18569318000;18495266666;18995266666
4232;18569319000;18495266666;18995266666
4233;18569320000;18495266666;18995266666
4234;18569536000;18495288888;18995288888
4235;18569551000;18495566666;18995566666
4236;18569552000;18495566666;18995566666
4237;18569553000;18495566666;18995566666
4238;18607281000;18536911111;19036911111
4239;18607284000;18536911111;19036911111
4240;18607285000;18536911111;19036911111
4241;18607286000;18536911111;19036911111
4242;18607287000;18536911111;19036911111
4243;18607288000;18536911111;19036911111
4244;18607289000;18536911111;19036911111
4245;18607488000;18536933333;19036933333
4246;18607494000;18537288888;19037288888
4247;18607495000;18537288888;19037288888
4248;18607497000;18537288888;19037288888
4249;18646793000;18578577777;19078577777
4250;18646796000;18578577777;19078577777
4251;18646797000;18578577777;19078577777
4252;18646798000;18578577777;19078577777
4253;18646799000;18578577777;19078577777
4254;18646800000;18578577777;19078577777
4255;18646801000;18578577777;19078577777
4256;18647000000;18578622222;19078622222
4257;18647006000;18578900000;19078900000
4258;18647007000;18578900000;19078900000
4259;18647008000;18578900000;19078900000
4260;18684774000;18620211111;19120211111
4261;18684777000;18620211111;19120211111
4262;18684778000;18620211111;19120211111
4263;18684779000;18620211111;19120211111
4264;18684780000;18620211111;19120211111
4265;18684781000;18620211111;19120211111
4266;18684782000;18620211111;19120211111
4267;18684852000;18620288888;19120288888
4268;18684855000;18620555555;19120555555
4269;18684856000;18620555555;19120555555
4270;18684857000;18620555555;19120555555
4271;18724378000;18661877777;19161877777
4272;18724382000;18661877777;19161877777
4273;18724383000;18661877777;19161877777
4274;18724384000;18661877777;19161877777
4275;18724385000;18661877777;19161877777
4276;18724386000;18661877777;19161877777
4277;18724386000;18661877777;19161877777
4278;18724559000;18661944444;19161944444
4279;18724577000;18662300000;19162300000
4280;18724578000;18662300000;19162300000
4281;18724579000;18662300000;19162300000
4282;18826591000;18703566666;19203566666
4293;18867211000;18745244444;19245244444
4304;18907228000;18786877777;19286877777
4315;18946254000;18828555555;19328555555
4326;18983932000;18870244444;19370244444
4337;19020451000;18911877777;19411877777
4348;19057478000;18953544444;19453544444
4359;19089631000;18995244444;19495244444
4370;19124296000;19036877777;19536877777
4371;19124300000;19036877777;19536877777
4372;19124300000;19036877777;19536877777
4373;19124302000;19036877777;19536877777
4374;19124302000;19036877777;19536877777
4375;19124303000;19036877777;19536877777
4376;19124304000;19036877777;19536877777
4377;19124476000;19036944444;19536944444
4378;19124491000;19037288888;19537288888
4379;19124492000;19037288888;19537288888
4380;19124493000;19037288888;19537288888
4381;19159231000;19078544444;19578544444
4382;19159235000;19078544444;19578544444
4383;19159235000;19078544444;19578544444
4384;19159236000;19078544444;19578544444
4385;19159237000;19078544444;19578544444
4386;19159238000;19078544444;19578544444
4387;19159239000;19078544444;19578544444
4388;19159439000;19078611111;19578611111
4389;19159454000;19078922222;19578922222
4390;19159455000;19078922222;19578922222
4391;19159456000;19078922222;19578922222
4392;19194951000;19120211111;19620211111
4393;19194962000;19120211111;19620211111
4394;19194963000;19120211111;19620211111
4395;19194964000;19120211111;19620211111
4396;19194965000;19120211111;19620211111
4397;19194966000;19120211111;19620211111
4398;19194967000;19120211111;19620211111
4399;19195169000;19120277777;19620277777
4400;19195175000;19120566666;19620566666
4401;19195176000;19120566666;19620566666
4402;19195177000;19120566666;19620566666
4403;19231608000;19161877777;19661877777
4404;19231612000;19161877777;19661877777
4405;19231613000;19161877777;19661877777
4406;19231614000;19161877777;19661877777
4407;19231615000;19161877777;19661877777
4408;19231616000;19161877777;19661877777
4409;19231617000;19161877777;19661877777
4410;19231823000;19161933333;19661933333
4411;19231830000;19162266666;19662266666
4412;19231831000;19162266666;19662266666
4413;19231833000;19162266666;19662266666
4414;19269409000;19203544444;19703544444
4415;19269422000;19203544444;19703544444
4416;19269424000;19203544444;19703544444
4417;19269426000;19203544444;19703544444
4418;19269427000;19203544444;19703544444
4419;19269429000;19203544444;19703544444
4420;19269431000;19203544444;19703544444
4421;19269587000;19203611111;19703611111
4422;19269591000;19203900000;19703900000
4423;19269592000;19203900000;19703900000
4424;19269594000;19203900000;19703900000
4425;19308633000;19245211111;19745211111
4426;19308636000;19245211111;19745211111
4427;19308638000;19245211111;19745211111
4428;19308639000;19245211111;19745211111
4429;19308639000;19245211111;19745211111
4430;19308640000;19245211111;19745211111
4431;19308641000;19245211111;19745211111
4432;19368018000;19245255555;19745255555
4436;19368024000;19286922222;19786922222
4437;19368025000;19286922222;19786922222
4438;19368027000;19286922222;19786922222
4439;19368029000;19286922222;19786922222
4440;19368030000;19286922222;19786922222
4441;19368031000;19286922222;19786922222
4442;19368050000;19286922222;19786922222
4443;19409479000;19286944444;19786944444
4447;19409484000;19328555555;19828555555
4448;19409485000;19328555555;19828555555
4449;19409486000;19328555555;19828555555
4450;19409487000;19328555555;19828555555
4451;19409488000;19328555555;19828555555
4452;19409489000;19328555555;19828555555
4453;19409499000;19328555555;19828555555
4454;19450244000;19328566666;19828566666
4458;19450249000;19370244444;19870244444
4459;19450251000;19370244444;19870244444
4460;19450252000;19370244444;19870244444
4461;19450254000;19370244444;19870244444
4462;19450255000;19370244444;19870244444
4463;19450257000;19370244444;19870244444
4464;19450267000;19370244444;19870244444
4465;19490653000;19370266666;19870266666
4469;19490669000;19411888888;19911888888
4470;19490670000;19411888888;19911888888
4471;19490671000;19411888888;19911888888
4472;19490672000;19411888888;19911888888
4473;19490673000;19411888888;19911888888
4474;19490674000;19411888888;19911888888
4475;19490675000;19411888888;19911888888
4476;19529725000;19411911111;19911911111
4480;19529741000;19453555555;19953555555
4481;19529742000;19453555555;19953555555
4482;19529743000;19453555555;19953555555
4483;19529744000;19453555555;19953555555
4484;19529745000;19453555555;19953555555
4485;19529746000;19453555555;19953555555
4486;19529747000;19453555555;19953555555
4487;19568495000;19453577777;19953577777
4491;19568511000;19495244444;19995244444
4492;19568512000;19495244444;19995244444
4493;19568513000;19495244444;19995244444
4494;19568514000;19495244444;19995244444
4495;19568515000;19495244444;19995244444
4496;19568516000;19495244444;19995244444
4497;19568517000;19495244444;19995244444
4498;19601864000;19495266666;19995266666
4499;19601869000;19495533333;19995533333
4500;19601871000;19495533333;19995533333
4501;19601872000;19495533333;19995533333
4502;19644132000;19536888888;20036888888
4503;19644146000;19536888888;20036888888
4504;19644148000;19536888888;20036888888
4505;19644150000;19536888888;20036888888
4506;19644152000;19536888888;20036888888
4507;19644153000;19536888888;20036888888
4508;19644155000;19536888888;20036888888
4509;19644380000;19536900000;20036900000
4510;19644396000;19537222222;20037222222
4511;19644405000;19537222222;20037222222
4512;19644406000;19537222222;20037222222
4513;19678120000;19578544444;20078544444
4514;19678124000;19578544444;20078544444
4515;19678125000;19578544444;20078544444
4516;19678125000;19578544444;20078544444
4517;19678126000;19578544444;20078544444
4518;19678127000;19578544444;20078544444
4519;19678128000;19578544444;20078544444
4520;19678312000;19578566666;20078566666
4521;19678327000;19578811111;20078811111
4522;19678328000;19578811111;20078811111
4523;19678329000;19578811111;20078811111
4524;19715063000;19620266666;20120266666
4525;19715067000;19620266666;20120266666
4526;19715068000;19620266666;20120266666
4527;19715069000;19620266666;20120266666
4528;19715070000;19620266666;20120266666
4529;19715080000;19620266666;20120266666
4530;19715081000;19620266666;20120266666
4531;19715292000;19620277777;20120277777
4532;19715295000;19620544444;20120544444
4533;19715296000;19620544444;20120544444
4534;19715297000;19620544444;20120544444
4535;19751469000;19661877777;20161877777
4536;19751473000;19661877777;20161877777
4537;19751474000;19661877777;20161877777
4538;19751475000;19661877777;20161877777
4539;19751476000;19661877777;20161877777
4540;19751477000;19661877777;20161877777
4541;19751478000;19661877777;20161877777
4542;19751677000;19661888888;20161888888
4543;19751683000;19662211111;20162211111
4544;19751685000;19662211111;20162211111
4545;19751686000;19662211111;20162211111
4546;19788332000;19703544444;20203544444
4547;19788335000;19703544444;20203544444
4548;19788336000;19703544444;20203544444
4549;19788347000;19703544444;20203544444
4550;19788348000;19703544444;20203544444
4551;19788349000;19703544444;20203544444
4552;19788350000;19703544444;20203544444
4553;19788569000;19703566666;20203566666
4554;19788574000;19703855555;20203855555
4555;19788575000;19703855555;20203855555
4556;19788576000;19703855555;20203855555
4557;19825770000;19745266666;20245266666
4558;19825774000;19745266666;20245266666
4559;19825775000;19745266666;20245266666
4560;19825776000;19745266666;20245266666
4561;19825776000;19745266666;20245266666
4562;19825778000;19745266666;20245266666
4563;19825779000;19745266666;20245266666
4564;19825977000;19745322222;20245322222
4565;19825984000;19745644444;20245644444
4566;19825985000;19745644444;20245644444
4567;19825986000;19745644444;20245644444
4568;19859077000;19786911111;20286911111
4569;19859081000;19786911111;20286911111
4570;19859083000;19786911111;20286911111
4571;19859099000;19786911111;20286911111
4572;19859100000;19786911111;20286911111
4573;19859101000;19786911111;20286911111
4574;19859102000;19786911111;20286911111
4575;19859326000;19786988888;20286988888
4576;19859332000;19787300000;20287300000
4577;19859333000;19787300000;20287300000
4578;19859334000;19787300000;20287300000
4579;19896510000;19828555555;20328555555
4580;19896523000;19828555555;20328555555
4581;19896525000;19828555555;20328555555
4582;19896526000;19828555555;20328555555
4583;19896528000;19828555555;20328555555
4584;19896529000;19828555555;20328555555
4585;19896531000;19828555555;20328555555
4586;19896680000;19828644444;20328644444
4587;19896684000;19828911111;20328911111
4588;19896686000;19828911111;20328911111
4589;19896687000;19828911111;20328911111
4590;19935151000;19870211111;20370211111
4591;19935155000;19870211111;20370211111
4592;19935157000;19870211111;20370211111
4593;19935158000;19870211111;20370211111
4594;19935160000;19870211111;20370211111
4595;19935161000;19870211111;20370211111
4596;19935163000;19870211111;20370211111
4597;19935251000;19870300000;20370300000
4598;19935255000;19870544444;20370544444
4599;19935257000;19870544444;20370544444
4600;19935258000;19870544444;20370544444
4601;19974530000;19911888888;20411888888
4602;19974533000;19911888888;20411888888
4603;19974535000;19911888888;20411888888
4604;19974536000;19911888888;20411888888
4605;19974546000;19911888888;20411888888
4606;19974547000;19911888888;20411888888
4607;19974548000;19911888888;20411888888
4608;19974690000;19911966666;20411966666
4609;19974694000;19912288888;20412288888
4610;19974695000;19912288888;20412288888
4611;19974704000;19912288888;20412288888
4612;20015002000;19953544444;20453544444
4613;20015005000;19953544444;20453544444
4614;20015006000;19953544444;20453544444
4615;20015007000;19953544444;20453544444
4616;20015008000;19953544444;20453544444
4617;20015009000;19953544444;20453544444
4618;20015010000;19953544444;20453544444
4619;20015210000;19953622222;20453622222
4620;20015214000;19953900000;20453900000
4621;20015215000;19953900000;20453900000
4622;20015216000;19953900000;20453900000
4623;20055998000;19995211111;20495211111
4624;20056002000;19995211111;20495211111
4625;20056003000;19995211111;20495211111
4626;20056004000;19995211111;20495211111
4627;20056005000;19995211111;20495211111
4628;20056006000;19995211111;20495211111
4629;20056007000;19995211111;20495211111
4630;20056240000;19995255555;20495255555
4631;20056246000;19995522222;20495522222
4632;20056247000;19995522222;20495522222
4633;20056248000;19995522222;20495522222
4634;20097465000;20036911111;20536911111
4635;20097469000;20036911111;20536911111
4636;20097470000;20036911111;20536911111
4637;20097470000;20036911111;20536911111
4638;20097471000;20036911111;20536911111
4639;20097472000;20036911111;20536911111
4640;20097473000;20036911111;20536911111
4641;20097672000;20036977777;20536977777
4642;20097678000;20037300000;20537300000
4643;20097679000;20037300000;20537300000
4644;20097680000;20037300000;20537300000
4645;20139057000;20078577777;20578577777
4646;20139061000;20078577777;20578577777
4647;20139062000;20078577777;20578577777
4648;20139063000;20078577777;20578577777
4649;20139064000;20078577777;20578577777
4650;20139065000;20078577777;20578577777
4651;20139065000;20078577777;20578577777
4652;20139266000;20078644444;20578644444
4653;20139272000;20078922222;20578922222
4654;20139273000;20078922222;20578922222
4655;20139274000;20078922222;20578922222
4656;20180594000;20120211111;20620211111
4657;20180597000;20120211111;20620211111
4658;20180599000;20120211111;20620211111
4659;20180609000;20120211111;20620211111
4660;20180610000;20120211111;20620211111
4661;20180611000;20120211111;20620211111
4662;20180612000;20120211111;20620211111
4663;20180746000;20120277777;20620277777
4664;20180749000;20120555555;20620555555
4665;20180750000;20120555555;20620555555
4666;20180751000;20120555555;20620555555
4667;20222319000;20161900000;20661900000
4668;20222322000;20161900000;20661900000
4669;20222323000;20161900000;20661900000
4670;20222325000;20161900000;20661900000
4671;20222325000;20161900000;20661900000
4672;20222326000;20161900000;20661900000
4673;20222327000;20161900000;20661900000
4674;20222526000;20161955555;20661955555
4675;20222532000;20162255555;20662255555
4676;20222533000;20162255555;20662255555
4677;20222534000;20162255555;20662255555
4678;20263986000;20203544444;20703544444
4679;20263989000;20203544444;20703544444
4680;20263990000;20203544444;20703544444
4681;20263991000;20203544444;20703544444
4682;20263992000;20203544444;20703544444
4683;20263993000;20203544444;20703544444
4684;20263994000;20203544444;20703544444
4685;20264202000;20203611111;20703611111
4686;20264208000;20203866666;20703866666
4687;20264209000;20203866666;20703866666
4688;20264210000;20203866666;20703866666
4689;20305655000;20245211111;20745211111
4690;20305658000;20245211111;20745211111
4691;20305659000;20245211111;20745211111
4692;20305660000;20245211111;20745211111
4693;20305661000;20245211111;20745211111
4694;20305662000;20245211111;20745211111
4695;20305663000;20245211111;20745211111
4696;20305845000;20245277777;20745277777
4697;20305851000;20245544444;20745544444
4698;20305852000;20245544444;20745544444
4699;20305853000;20245544444;20745544444
4700;20347308000;20286877777;20786877777
4701;20347311000;20286877777;20786877777
4702;20347312000;20286877777;20786877777
4703;20347313000;20286877777;20786877777
4704;20347314000;20286877777;20786877777
4705;20347315000;20286877777;20786877777
4706;20347316000;20286877777;20786877777
4707;20347516000;20286944444;20786944444
4708;20347522000;20287266666;20787266666
4709;20347523000;20287266666;20787266666
4710;20347532000;20287266666;20787266666
4711;20388941000;20328566666;20828566666
4712;20388944000;20328566666;20828566666
4713;20388945000;20328566666;20828566666
4714;20388955000;20328566666;20828566666
4715;20388956000;20328566666;20828566666
4716;20388957000;20328566666;20828566666
4717;20388958000;20328566666;20828566666
4718;20389115000;20328622222;20828622222
4719;20389118000;20328888888;20828888888
4720;20389119000;20328888888;20828888888
4721;20389120000;20328888888;20828888888
4722;20430470000;20370211111;20870211111
4723;20430473000;20370211111;20870211111
4724;20430475000;20370211111;20870211111
4725;20430475000;20370211111;20870211111
4726;20430476000;20370211111;20870211111
4727;20430477000;20370211111;20870211111
4728;20430478000;20370211111;20870211111
4729;20430649000;20370266666;20870266666
4730;20430653000;20370522222;20870522222
4731;20430654000;20370522222;20870522222
4732;20430655000;20370522222;20870522222
4733;20472363000;20411911111;20911911111
4734;20472366000;20411911111;20911911111
4735;20472367000;20411911111;20911911111
4736;20472368000;20411911111;20911911111
4737;20472369000;20411911111;20911911111
4738;20472370000;20411911111;20911911111
4739;20472371000;20411911111;20911911111
4740;20534554000;20411966666;20911966666
4744;20534569000;20453544444;20953544444
4745;20534570000;20453544444;20953544444
4746;20534571000;20453544444;20953544444
4747;20534572000;20453544444;20953544444
4748;20534573000;20453544444;20953544444
4749;20534574000;20453544444;20953544444
4750;20534575000;20453544444;20953544444
4751;20575754000;20453600000;20953600000
4755;20575769000;20495244444;20995244444
4756;20575770000;20495244444;20995244444
4757;20575771000;20495244444;20995244444
4758;20575772000;20495244444;20995244444
4759;20575773000;20495244444;20995244444
4760;20575774000;20495244444;20995244444
4761;20575775000;20495244444;20995244444
4762;20616491000;20495300000;20995300000
4766;20616506000;20536877777;21036877777
4767;20616507000;20536877777;21036877777
4768;20616508000;20536877777;21036877777
4769;20616509000;20536877777;21036877777
4770;20616510000;20536877777;21036877777
4771;20616511000;20536877777;21036877777
4772;20616512000;20536877777;21036877777
4773;20656275000;20536922222;21036922222
4777;20656290000;20578566666;21078566666
4778;20656291000;20578566666;21078566666
4779;20656292000;20578566666;21078566666
4780;20656293000;20578566666;21078566666
4781;20656294000;20578566666;21078566666
4782;20656295000;20578566666;21078566666
4783;20656296000;20578566666;21078566666
4784;20694037000;20578577777;21078577777
4788;20694042000;20620277777;21120277777
4789;20694062000;20620277777;21120277777
4790;20694063000;20620277777;21120277777
4791;20694064000;20620277777;21120277777
4792;20694065000;20620277777;21120277777
4793;20694067000;20620277777;21120277777
4794;20694067000;20620277777;21120277777
4795;20731602000;20620300000;21120300000
4799;20731617000;20661911111;21161911111
4800;20731619000;20661911111;21161911111
4801;20731620000;20661911111;21161911111
4802;20731621000;20661911111;21161911111
4803;20731622000;20661911111;21161911111
4804;20731623000;20661911111;21161911111
4805;20731624000;20661911111;21161911111
4806;20767826000;20661977777;21161977777
4810;20767841000;20703544444;21203544444
4811;20767842000;20703544444;21203544444
4812;20767843000;20703544444;21203544444
4813;20767844000;20703544444;21203544444
4814;20767845000;20703544444;21203544444
4815;20767846000;20703544444;21203544444
4816;20767847000;20703544444;21203544444
4817;20803107000;20703622222;21203622222
4821;20803113000;20745211111;21245211111
4822;20803114000;20745211111;21245211111
4823;20803115000;20745211111;21245211111
4824;20803116000;20745211111;21245211111
4825;20803117000;20745211111;21245211111
4826;20803119000;20745211111;21245211111
4827;20803120000;20745211111;21245211111
4828;20837835000;20745288888;21245288888
4829;20837850000;20745588888;21245588888
4830;20837851000;20745588888;21245588888
4831;20837852000;20745588888;21245588888
4832;20874296000;20786877777;21286877777
4833;20874299000;20786877777;21286877777
4834;20874317000;20786877777;21286877777
4835;20874318000;20786877777;21286877777
4836;20874318000;20786877777;21286877777
4837;20874319000;20786877777;21286877777
4838;20874320000;20786877777;21286877777
4839;20874514000;20786955555;21286955555
4840;20874518000;20787288888;21287288888
4841;20874519000;20787288888;21287288888
4842;20874520000;20787288888;21287288888
4843;20909270000;20828544444;21328544444
4844;20909274000;20828544444;21328544444
4845;20909275000;20828544444;21328544444
4846;20909276000;20828544444;21328544444
4847;20909277000;20828544444;21328544444
4848;20909278000;20828544444;21328544444
4849;20909278000;20828544444;21328544444
4850;20909449000;20828622222;21328622222
4851;20909453000;20828922222;21328922222
4852;20909454000;20828922222;21328922222
4853;20909455000;20828922222;21328922222
4854;20944888000;20870211111;21370211111
4855;20944891000;20870211111;21370211111
4856;20944892000;20870211111;21370211111
4857;20944893000;20870211111;21370211111
4858;20944894000;20870211111;21370211111
4859;20944895000;20870211111;21370211111
4860;20944896000;20870211111;21370211111
4861;20945075000;20870288888;21370288888
4862;20945080000;20870544444;21370544444
4863;20945081000;20870544444;21370544444
4864;20945082000;20870544444;21370544444
4865;20981320000;20911877777;21411877777
4866;20981333000;20911877777;21411877777
4867;20981335000;20911877777;21411877777
4868;20981336000;20911877777;21411877777
4869;20981338000;20911877777;21411877777
4870;20981339000;20911877777;21411877777
4871;20981341000;20911877777;21411877777
4872;20981482000;20911944444;21411944444
4873;20981486000;20912311111;21412311111
4874;20981487000;20912311111;21412311111
4875;20981489000;20912311111;21412311111
4876;21019240000;20953544444;21453544444
4877;21019243000;20953544444;21453544444
4878;21019244000;20953544444;21453544444
4879;21019245000;20953544444;21453544444
4880;21019246000;20953544444;21453544444
4881;21019256000;20953544444;21453544444
4882;21019257000;20953544444;21453544444
4883;21019391000;20953622222;21453622222
4884;21019393000;20953911111;21453911111
4885;21019394000;20953911111;21453911111
4886;21019395000;20953911111;21453911111
4887;21058480000;20995211111;21495211111
4888;21058483000;20995211111;21495211111
4889;21058494000;20995211111;21495211111
4890;21058496000;20995211111;21495211111
4891;21058497000;20995211111;21495211111
4892;21058498000;20995211111;21495211111
4893;21058500000;20995211111;21495211111
4894;21058646000;20995277777;21495277777
4895;21058650000;20995566666;21495566666
4896;21058652000;20995566666;21495566666
4897;21058653000;20995566666;21495566666
4898;21098651000;21036911111;21536911111
4899;21098654000;21036911111;21536911111
4900;21098655000;21036911111;21536911111
4901;21098656000;21036911111;21536911111
4902;21098657000;21036911111;21536911111
4903;21098658000;21036911111;21536911111
4904;21098659000;21036911111;21536911111
4905;21098804000;21036977777;21536977777
4906;21098808000;21037333333;21537333333
4907;21098809000;21037333333;21537333333
4908;21098810000;21037333333;21537333333
4909;21139647000;21078544444;21578544444
4910;21139650000;21078544444;21578544444
4911;21139651000;21078544444;21578544444
4912;21139652000;21078544444;21578544444
4913;21139653000;21078544444;21578544444
4914;21139654000;21078544444;21578544444
4915;21139655000;21078544444;21578544444
4916;21200758000;21078622222;21578622222
4920;21200774000;21120211111;21620211111
4921;21200775000;21120211111;21620211111
4922;21200776000;21120211111;21620211111
4923;21200777000;21120211111;21620211111
4924;21200778000;21120211111;21620211111
4925;21200779000;21120211111;21620211111
4926;21200780000;21120211111;21620211111
4927;21241978000;21120255555;21620255555
4931;21241994000;21161877777;21661877777
4932;21241995000;21161877777;21661877777
4933;21241996000;21161877777;21661877777
4934;21241997000;21161877777;21661877777
4935;21241998000;21161877777;21661877777
4936;21241999000;21161877777;21661877777
4937;21242000000;21161877777;21661877777
4938;21282719000;21161944444;21661944444
4942;21282734000;21203544444;21703544444
4943;21282744000;21203544444;21703544444
4944;21282745000;21203544444;21703544444
4945;21282746000;21203544444;21703544444
4946;21282747000;21203544444;21703544444
4947;21282748000;21203544444;21703544444
4948;21282749000;21203544444;21703544444
4949;21322548000;21203611111;21703611111
4953;21322563000;21245211111;21745211111
4954;21322564000;21245211111;21745211111
4955;21322565000;21245211111;21745211111
4956;21322566000;21245211111;21745211111
4957;21322567000;21245211111;21745211111
4958;21322568000;21245211111;21745211111
4959;21322569000;21245211111;21745211111
4960;21361147000;21245277777;21745277777
4964;21361162000;21286877777;21786877777
4965;21361163000;21286877777;21786877777
4966;21361164000;21286877777;21786877777
4967;21361165000;21286877777;21786877777
4968;21361166000;21286877777;21786877777
4969;21361167000;21286877777;21786877777
4970;21361168000;21286877777;21786877777
4971;21398669000;21286944444;21786944444
4972;21398685000;21287300000;21787300000
4973;21398686000;21287300000;21787300000
4974;21398687000;21287300000;21787300000
4975;21436419000;21328566666;21828566666
4976;21436423000;21328566666;21828566666
4977;21436424000;21328566666;21828566666
4978;21436425000;21328566666;21828566666
4979;21436426000;21328566666;21828566666
4980;21436427000;21328566666;21828566666
4981;21436428000;21328566666;21828566666
4982;21436599000;21328622222;21828622222
4983;21436604000;21328922222;21828922222
4984;21436605000;21328922222;21828922222
4985;21436606000;21328922222;21828922222
4986;21472162000;21370266666;21870266666
4996;21472233000;21370566666;21870566666
4997;21508508000;21411911111;21911911111
5008;21546525000;21453577777;21953577777
5009;21546528000;21453577777;21953577777
5010;21546529000;21453577777;21953577777
5011;21546530000;21453577777;21953577777
5012;21546531000;21453577777;21953577777
5013;21546532000;21453577777;21953577777
5014;21546533000;21453577777;21953577777
5015;21546732000;21453633333;21953633333
5016;21546748000;21453911111;21953911111
5017;21546749000;21453911111;21953911111
5018;21546750000;21453911111;21953911111
5019;21580033000;21495211111;21995211111
5020;21580036000;21495211111;21995211111
5021;21580037000;21495211111;21995211111
5022;21580038000;21495211111;21995211111
5023;21580039000;21495211111;21995211111
5024;21580040000;21495211111;21995211111
5025;21580041000;21495211111;21995211111
5026;21580223000;21495288888;21995288888
5027;21580227000;21495566666;21995566666
5028;21580228000;21495566666;21995566666
5029;21580229000;21495566666;21995566666
5030;21614482000;21536888888;22036888888
5031;21614485000;21536888888;22036888888
5032;21614486000;21536888888;22036888888
5033;21614487000;21536888888;22036888888
5034;21614488000;21536888888;22036888888
5035;21614489000;21536888888;22036888888
5036;21614490000;21536888888;22036888888
5037;21614633000;21536955555;22036955555
5038;21614635000;21537300000;22037300000
5039;21614636000;21537300000;22037300000
5040;21614637000;21537300000;22037300000
5041;21650202000;21578544444;22078544444
5042;21650205000;21578544444;22078544444
5043;21650207000;21578544444;22078544444
5044;21650208000;21578544444;22078544444
5045;21650219000;21578544444;22078544444
5046;21650220000;21578544444;22078544444
5047;21650222000;21578544444;22078544444
5048;21650363000;21578622222;22078622222
5049;21650366000;21578888888;22078888888
5050;21650368000;21578888888;22078888888
5051;21650369000;21578888888;22078888888
5052;21687237000;21620211111;22120211111
5053;21687240000;21620211111;22120211111
5054;21687241000;21620211111;22120211111
5055;21687242000;21620211111;22120211111
5056;21687243000;21620211111;22120211111
5057;21687244000;21620211111;22120211111
5058;21687245000;21620211111;22120211111
5059;21687313000;21620288888;22120288888
5060;21687316000;21620555555;22120555555
5061;21687317000;21620555555;22120555555
5062;21687317000;21620555555;22120555555
5063;21725861000;21661877777;22161877777
5064;21725864000;21661877777;22161877777
5065;21725875000;21661877777;22161877777
5066;21725876000;21661877777;22161877777
5067;21725878000;21661877777;22161877777
5068;21725887000;21661877777;22161877777
5069;21725889000;21661877777;22161877777
5070;21726037000;21661944444;22161944444
5071;21726041000;21662288888;22162288888
5072;21726049000;21662288888;22162288888
5073;21726051000;21662288888;22162288888
5074;21765700000;21703544444;22203544444
5075;21765702000;21703544444;22203544444
5076;21765704000;21703544444;22203544444
5077;21765705000;21703544444;22203544444
5078;21765706000;21703544444;22203544444
5079;21765707000;21703544444;22203544444
5080;21765707000;21703544444;22203544444
5081;21765855000;21703622222;22203622222
5082;21765858000;21703911111;22203911111
5083;21765859000;21703911111;22203911111
5084;21765860000;21703911111;22203911111
5085;21806409000;21745211111;22245211111
5086;21806412000;21745211111;22245211111
5087;21806413000;21745211111;22245211111
5088;21806414000;21745211111;22245211111
5089;21806415000;21745211111;22245211111
5090;21806416000;21745211111;22245211111
5091;21806417000;21745211111;22245211111
5092;21806560000;21745288888;22245288888
5093;21806562000;21745577777;22245577777
5094;21806563000;21745577777;22245577777
5095;21806564000;21745577777;22245577777
5096;21847569000;21786877777;22286877777
5097;21847572000;21786877777;22286877777
5098;21847573000;21786877777;22286877777
5099;21847574000;21786877777;22286877777
5100;21847575000;21786877777;22286877777
5101;21847576000;21786877777;22286877777
5102;21847586000;21786877777;22286877777
5103;21847726000;21786955555;22286955555
5104;21847729000;21787288888;22287288888
5105;21847730000;21787288888;22287288888
5106;21847731000;21787288888;22287288888
5107;21889031000;21828544444;22328544444
5108;21889034000;21828544444;22328544444
5109;21889035000;21828544444;22328544444
5110;21889036000;21828544444;22328544444
5111;21889037000;21828544444;22328544444
5112;21889054000;21828544444;22328544444
5113;21889056000;21828544444;22328544444
5114;21889196000;21828622222;22328622222
5115;21889199000;21828911111;22328911111
5116;21889200000;21828911111;22328911111
5117;21889202000;21828911111;22328911111
5118;21930690000;21870211111;22370211111
5119;21930693000;21870211111;22370211111
5120;21930694000;21870211111;22370211111
5121;21930695000;21870211111;22370211111
5122;21930696000;21870211111;22370211111
5123;21930697000;21870211111;22370211111
5124;21930698000;21870211111;22370211111
5125;21930891000;21870288888;22370288888
5126;21930907000;21870544444;22370544444
5127;21930908000;21870544444;22370544444
5128;21930909000;21870544444;22370544444
5129;21972373000;21911911111;22411911111
5130;21972377000;21911911111;22411911111
5131;21972378000;21911911111;22411911111
5132;21972379000;21911911111;22411911111
5133;21972380000;21911911111;22411911111
5134;21972381000;21911911111;22411911111
5135;21972382000;21911911111;22411911111
5136;21972580000;21911988888;22411988888
5137;21972595000;21912322222;22412322222
5138;21972596000;21912322222;22412322222
5139;21972597000;21912322222;22412322222
5140;22013998000;21953544444;22453544444
5141;22014002000;21953544444;22453544444
5142;22014003000;21953544444;22453544444
5143;22014004000;21953544444;22453544444
5144;22014005000;21953544444;22453544444
5145;22014006000;21953544444;22453544444
5146;22014007000;21953544444;22453544444
5147;22014215000;21953622222;22453622222
5148;22014221000;21953900000;22453900000
5149;22014222000;21953900000;22453900000
5150;22014223000;21953900000;22453900000
5151;22055645000;21995244444;22495244444
5152;22055648000;21995244444;22495244444
5153;22055649000;21995244444;22495244444
5154;22055650000;21995244444;22495244444
5155;22055651000;21995244444;22495244444
5156;22055652000;21995244444;22495244444
5157;22055653000;21995244444;22495244444
5158;22055846000;21995322222;22495322222
5159;22055849000;21995600000;22495600000
5160;22055850000;21995600000;22495600000
5161;22055851000;21995600000;22495600000
5162;22159896000;22036888888;22536888888
5173;22200541000;22078577777;22578577777
5184;22240661000;22120244444;22620244444
5195;22279558000;22161877777;22661877777
5206;22317300000;22203555555;22703555555
5217;22353704000;22245211111;22745211111
5228;22389196000;22286877777;22786877777
5239;22423868000;22328544444;22828544444
5250;22458350000;22370244444;22870244444
5251;22458353000;22370244444;22870244444
5252;22458354000;22370244444;22870244444
5253;22458355000;22370244444;22870244444
5254;22458356000;22370244444;22870244444
5255;22458357000;22370244444;22870244444
5256;22458358000;22370244444;22870244444
5257;22458556000;22370300000;22870300000
5258;22458572000;22370566666;22870566666
5259;22458573000;22370566666;22870566666
5260;22458574000;22370566666;22870566666
5261;22493113000;22411877777;22911877777
5262;22493116000;22411877777;22911877777
5263;22493117000;22411877777;22911877777
5264;22493118000;22411877777;22911877777
5265;22493119000;22411877777;22911877777
5266;22493120000;22411877777;22911877777
5267;22493121000;22411877777;22911877777
5268;22493321000;22411944444;22911944444
5269;22493337000;22412277777;22912277777
5270;22493338000;22412277777;22912277777
5271;22493339000;22412277777;22912277777
5272;22528654000;22453544444;22953544444
5273;22528657000;22453544444;22953544444
5274;22528658000;22453544444;22953544444
5275;22528659000;22453544444;22953544444
5276;22528660000;22453544444;22953544444
5277;22528661000;22453544444;22953544444
5278;22528662000;22453544444;22953544444
5279;22528860000;22453611111;22953611111
5280;22528867000;22453900000;22953900000
5281;22528868000;22453900000;22953900000
5282;22528869000;22453900000;22953900000
5283;22564170000;22495233333;22995233333
5284;22564183000;22495233333;22995233333
5285;22564184000;22495233333;22995233333
5286;22564186000;22495233333;22995233333
5287;22564187000;22495233333;22995233333
5288;22564189000;22495233333;22995233333
5289;22564190000;22495233333;22995233333
5290;22564337000;22495277777;22995277777
5291;22564341000;22495555555;22995555555
5292;22564343000;22495555555;22995555555
5293;22564344000;22495555555;22995555555
5294;22602376000;22536877777;23036877777
5295;22602379000;22536877777;23036877777
5296;22602381000;22536877777;23036877777
5297;22602382000;22536877777;23036877777
5298;22602383000;22536877777;23036877777
5299;22602384000;22536877777;23036877777
5300;22602385000;22536877777;23036877777
5301;22602584000;22536944444;23036944444
5302;22602590000;22537311111;23037311111
5303;22602592000;22537311111;23037311111
5304;22602593000;22537311111;23037311111
5305;22641688000;22578544444;23078544444
5306;22641692000;22578544444;23078544444
5307;22641693000;22578544444;23078544444
5308;22641694000;22578544444;23078544444
5309;22641695000;22578544444;23078544444
5310;22641696000;22578544444;23078544444
5311;22641697000;22578544444;23078544444
5312;22641906000;22578611111;23078611111
5313;22641912000;22578888888;23078888888
5314;22641913000;22578888888;23078888888
5315;22641915000;22578888888;23078888888
5316;22681973000;22620211111;23120211111
5317;22681976000;22620211111;23120211111
5318;22681977000;22620211111;23120211111
5319;22681978000;22620211111;23120211111
5320;22681979000;22620211111;23120211111
5321;22681989000;22620211111;23120211111
5322;22681990000;22620211111;23120211111
5323;22682131000;22620277777;23120277777
5324;22682135000;22620544444;23120544444
5325;22682136000;22620544444;23120544444
5326;22682138000;22620544444;23120544444
5327;22722969000;22661911111;23161911111
5328;22722972000;22661911111;23161911111
5329;22722973000;22661911111;23161911111
5330;22722974000;22661911111;23161911111
5331;22722975000;22661911111;23161911111
5332;22722976000;22661911111;23161911111
5333;22722977000;22661911111;23161911111
5334;22723171000;22661966666;23161966666
5335;22723186000;22662300000;23162300000
5336;22723187000;22662300000;23162300000
5337;22723188000;22662300000;23162300000
5338;22764261000;22703544444;23203544444
5339;22764264000;22703544444;23203544444
5340;22764265000;22703544444;23203544444
5341;22764266000;22703544444;23203544444
5342;22764267000;22703544444;23203544444
5343;22764268000;22703544444;23203544444
5344;22764269000;22703544444;23203544444
5345;22764468000;22703611111;23203611111
5346;22764475000;22703922222;23203922222
5347;22764476000;22703922222;23203922222
5348;22764484000;22703922222;23203922222
5349;22805685000;22745211111;23245211111
5350;22805688000;22745211111;23245211111
5351;22805690000;22745211111;23245211111
5352;22805700000;22745211111;23245211111
5353;22805701000;22745211111;23245211111
5354;22805702000;22745211111;23245211111
5355;22805703000;22745211111;23245211111
5356;22805906000;22745277777;23245277777
5357;22805913000;22745588888;23245588888
5358;22805914000;22745588888;23245588888
5359;22805916000;22745588888;23245588888
5360;22847309000;22786877777;23286877777
5361;22847313000;22786877777;23286877777
5362;22847314000;22786877777;23286877777
5363;22847324000;22786877777;23286877777
5364;22847325000;22786877777;23286877777
5365;22847326000;22786877777;23286877777
5366;22847327000;22786877777;23286877777
5367;22847524000;22786933333;23286933333
5368;22847529000;22787277777;23287277777
5369;22847530000;22787277777;23287277777
5370;22847531000;22787277777;23287277777
5371;22889017000;22828544444;23328544444
5372;22889021000;22828544444;23328544444
5373;22889022000;22828544444;23328544444
5374;22889023000;22828544444;23328544444
5375;22889024000;22828544444;23328544444
5376;22889025000;22828544444;23328544444
5377;22889026000;22828544444;23328544444
5378;22889261000;22828600000;23328600000
5379;22889264000;22828888888;23328888888
5380;22889265000;22828888888;23328888888
5381;22889266000;22828888888;23328888888
5382;22930656000;22870211111;23370211111
5383;22930659000;22870211111;23370211111
5384;22930660000;22870211111;23370211111
5385;22930661000;22870211111;23370211111
5386;22930662000;22870211111;23370211111
5387;22930663000;22870211111;23370211111
5388;22930664000;22870211111;23370211111
5389;22930836000;22870277777;23370277777
5390;22930839000;22870533333;23370533333
5391;22930840000;22870533333;23370533333
5392;22930841000;22870533333;23370533333
5393;22972174000;22911877777;23411877777
5394;22972178000;22911877777;23411877777
5395;22972179000;22911877777;23411877777
5396;22972180000;22911877777;23411877777
5397;22972181000;22911877777;23411877777
5398;22972182000;22911877777;23411877777
5399;22972183000;22911877777;23411877777
5400;22972390000;22911944444;23411944444
5401;22972396000;22912266666;23412266666
5402;22972398000;22912266666;23412266666
5403;22972399000;22912266666;23412266666
5404;23014026000;22953555555;23453555555
5405;23014030000;22953555555;23453555555
5406;23014031000;22953555555;23453555555
5407;23014031000;22953555555;23453555555
5408;23014033000;22953555555;23453555555
5409;23014034000;22953555555;23453555555
5410;23014035000;22953555555;23453555555
5411;23075842000;22953611111;23453611111
5415;23075847000;22995211111;23495211111
5416;23075848000;22995211111;23495211111
5417;23075849000;22995211111;23495211111
5418;23075850000;22995211111;23495211111
5419;23075851000;22995211111;23495211111
5420;23075852000;22995211111;23495211111
5421;23075863000;22995211111;23495211111
5422;23117078000;22995255555;23495255555
5426;23117083000;23036911111;23536911111
5427;23117084000;23036911111;23536911111
5428;23117085000;23036911111;23536911111
5429;23117086000;23036911111;23536911111
5430;23117087000;23036911111;23536911111
5431;23117088000;23036911111;23536911111
5432;23117098000;23036911111;23536911111
5433;23157840000;23036966666;23536966666
5437;23157844000;23078577777;23578577777
5438;23157846000;23078577777;23578577777
5439;23157846000;23078577777;23578577777
5440;23157847000;23078577777;23578577777
5441;23157849000;23078577777;23578577777
5442;23157850000;23078577777;23578577777
5443;23157860000;23078577777;23578577777
5444;23197668000;23078633333;23578633333
5448;23197672000;23120233333;23620233333
5449;23197674000;23120233333;23620233333
5450;23197675000;23120233333;23620233333
5451;23197676000;23120233333;23620233333
5452;23197677000;23120233333;23620233333
5453;23197678000;23120233333;23620233333
5454;23197688000;23120233333;23620233333
5455;23236319000;23120277777;23620277777
5459;23236333000;23161944444;23661944444
5460;23236334000;23161944444;23661944444
5461;23236335000;23161944444;23661944444
5462;23236336000;23161944444;23661944444
5463;23236344000;23161944444;23661944444
5464;23236345000;23161944444;23661944444
5465;23236346000;23161944444;23661944444
5466;23273721000;23162000000;23662000000
5470;23273726000;23203544444;23703544444
5471;23273728000;23203544444;23703544444
5472;23273730000;23203544444;23703544444
5473;23273731000;23203544444;23703544444
5474;23273733000;23203544444;23703544444
5475;23273734000;23203544444;23703544444
5476;23273745000;23203544444;23703544444
5477;23309873000;23203600000;23703600000
5481;23309878000;23245211111;23745211111
5482;23309880000;23245211111;23745211111
5483;23309882000;23245211111;23745211111
5484;23309884000;23245211111;23745211111
5485;23309885000;23245211111;23745211111
5486;23309887000;23245211111;23745211111
5487;23309897000;23245211111;23745211111
5488;23345226000;23245266666;23745266666
5489;23345231000;23245555555;23745555555
5490;23345232000;23245555555;23745555555
5491;23345233000;23245555555;23745555555
5492;23381674000;23286877777;23786877777
5493;23381677000;23286877777;23786877777
5494;23381678000;23286877777;23786877777
5495;23381679000;23286877777;23786877777
5496;23381680000;23286877777;23786877777
5497;23381681000;23286877777;23786877777
5498;23381682000;23286877777;23786877777
5499;23381824000;23286944444;23786944444
