seqnum;now;rtptime;deadline
3;3166514000;3114422222;3614422222
4;3166518000;3114422222;3614422222
5;3166520000;3114422222;3614422222
6;3166523000;3114422222;3614422222
7;3166524000;3114422222;3614422222
8;3166526000;3114422222;3614422222
9;3166527000;3114422222;3614422222
10;3206356000;3114466666;3614466666
11;3206376000;3114822222;3614822222
12;3206378000;3114822222;3614822222
13;3206379000;3114822222;3614822222
14;3249365000;3156077777;3656077777
15;3249373000;3156077777;3656077777
16;3249374000;3156077777;3656077777
17;3249376000;3156077777;3656077777
18;3249378000;3156077777;3656077777
19;3249379000;3156077777;3656077777
20;3249381000;3156077777;3656077777
21;3249511000;3156122222;3656122222
22;3249527000;3156533333;3656533333
23;3249528000;3156533333;3656533333
24;3249529000;3156533333;3656533333
25;3289075000;3197744444;3697744444
26;3289083000;3197744444;3697744444
27;3289085000;3197744444;3697744444
28;3289087000;3197744444;3697744444
29;3289088000;3197744444;3697744444
30;3289090000;3197744444;3697744444
31;3289091000;3197744444;3697744444
32;3289229000;3197788888;3697788888
33;3289234000;3198122222;3698122222
34;3289236000;3198122222;3698122222
35;3289237000;3198122222;3698122222
36;3330480000;3239411111;3739411111
37;3330489000;3239411111;3739411111
38;3330490000;3239411111;3739411111
39;3330491000;3239411111;3739411111
40;3330493000;3239411111;3739411111
41;3330494000;3239411111;3739411111
42;3330496000;3239411111;3739411111
43;3334861000;3239455555;3739455555
47;3334868000;3281044444;3781044444
48;3334870000;3281044444;3781044444
49;3334871000;3281044444;3781044444
50;3334872000;3281044444;3781044444
51;3334874000;3281044444;3781044444
52;3334875000;3281044444;3781044444
53;3334876000;3281044444;3781044444
54;3371386000;3281088888;3781088888
55;3371393000;3281433333;3781433333
56;3371395000;3281433333;3781433333
57;3371405000;3281433333;3781433333
58;3411815000;3322744444;3822744444
59;3411819000;3322744444;3822744444
60;3411820000;3322744444;3822744444
61;3411821000;3322744444;3822744444
62;3411822000;3322744444;3822744444
63;3411823000;3322744444;3822744444
64;3411825000;3322744444;3822744444
65;3411948000;3322788888;3822788888
66;3411954000;3323088888;3823088888
67;3411955000;3323088888;3823088888
68;3411956000;3323088888;3823088888
69;3450343000;3364411111;3864411111
70;3450349000;3364411111;3864411111
71;3450350000;3364411111;3864411111
72;3450352000;3364411111;3864411111
73;3450353000;3364411111;3864411111
74;3450354000;3364411111;3864411111
75;3450356000;3364411111;3864411111
76;3451619000;3364466666;3864466666
77;3451626000;3364844444;3864844444
78;3451628000;3364844444;3864844444
79;3451629000;3364844444;3864844444
80;3490913000;3406055555;3906055555
81;3490917000;3406055555;3906055555
82;3490919000;3406055555;3906055555
83;3490920000;3406055555;3906055555
84;3490921000;3406055555;3906055555
85;3490922000;3406055555;3906055555
86;3490923000;3406055555;3906055555
87;3491140000;3406100000;3906100000
88;3491156000;3406444444;3906444444
89;3491157000;3406444444;3906444444
90;3491158000;3406444444;3906444444
91;3527697000;3447722222;3947722222
92;3527701000;3447722222;3947722222
93;3527702000;3447722222;3947722222
94;3527703000;3447722222;3947722222
95;3527704000;3447722222;3947722222
96;3527705000;3447722222;3947722222
97;3527706000;3447722222;3947722222
98;3529529000;3447766666;3947766666
99;3529535000;3448077777;3948077777
100;3529546000;3448077777;3948077777
101;3529547000;3448077777;3948077777
102;3567933000;3489400000;3989400000
103;3567937000;3489400000;3989400000
104;3567938000;3489400000;3989400000
105;3567939000;3489400000;3989400000
106;3567940000;3489400000;3989400000
107;3567941000;3489400000;3989400000
108;3567942000;3489400000;3989400000
109;3568078000;3489444444;3989444444
110;3568080000;3489700000;3989700000
111;3568081000;3489700000;3989700000
112;3568082000;3489700000;3989700000
113;3603844000;3531044444;4031044444
114;3603848000;3531044444;4031044444
115;3603849000;3531044444;4031044444
116;3603850000;3531044444;4031044444
117;3603851000;3531044444;4031044444
118;3603852000;3531044444;4031044444
119;3603885000;3531044444;4031044444
120;3605751000;3531088888;4031088888
121;3605766000;3531422222;4031422222
122;3605767000;3531422222;4031422222
123;3605769000;3531422222;4031422222
124;3644261000;3572744444;4072744444
125;3644265000;3572744444;4072744444
126;3644266000;3572744444;4072744444
127;3644267000;3572744444;4072744444
128;3644268000;3572744444;4072744444
129;3644269000;3572744444;4072744444
130;3644270000;3572744444;4072744444
131;3644468000;3572788888;4072788888
132;3644483000;3573077777;4073077777
133;3644484000;3573077777;4073077777
134;3644485000;3573077777;4073077777
135;3681542000;3614411111;4114411111
136;3681546000;3614411111;4114411111
137;3681547000;3614411111;4114411111
138;3681548000;3614411111;4114411111
139;3681549000;3614411111;4114411111
140;3681550000;3614411111;4114411111
141;3681551000;3614411111;4114411111
142;3683142000;3614455555;4114455555
143;3683158000;3614744444;4114744444
144;3683159000;3614744444;4114744444
145;3683160000;3614744444;4114744444
146;3722358000;3656055555;4156055555
147;3722362000;3656055555;4156055555
148;3722363000;3656055555;4156055555
149;3722364000;3656055555;4156055555
150;3722365000;3656055555;4156055555
151;3722366000;3656055555;4156055555
152;3722367000;3656055555;4156055555
153;3722564000;3656100000;4156100000
154;3722580000;3656455555;4156455555
155;3722581000;3656455555;4156455555
156;3722582000;3656455555;4156455555
157;3761029000;3697722222;4197722222
158;3761033000;3697722222;4197722222
159;3761034000;3697722222;4197722222
160;3761035000;3697722222;4197722222
161;3761036000;3697722222;4197722222
162;3761037000;3697722222;4197722222
163;3761038000;3697722222;4197722222
164;3762049000;3697766666;4197766666
165;3762063000;3698066666;4198066666
166;3762064000;3698066666;4198066666
167;3762065000;3698066666;4198066666
168;3802256000;3739388888;4239388888
169;3802259000;3739388888;4239388888
170;3802260000;3739388888;4239388888
171;3802271000;3739388888;4239388888
172;3802272000;3739388888;4239388888
173;3802273000;3739388888;4239388888
174;3802274000;3739388888;4239388888
175;3802408000;3739433333;4239433333
176;3802411000;3739722222;4239722222
177;3802412000;3739722222;4239722222
178;3802413000;3739722222;4239722222
179;3842400000;3781055555;4281055555
180;3842403000;3781055555;4281055555
181;3842404000;3781055555;4281055555
182;3842405000;3781055555;4281055555
183;3842406000;3781055555;4281055555
184;3842407000;3781055555;4281055555
185;3842408000;3781055555;4281055555
186;3842913000;3781100000;4281100000
187;3842928000;3781411111;4281411111
188;3842930000;3781411111;4281411111
189;3842931000;3781411111;4281411111
190;3883771000;3822722222;4322722222
191;3883775000;3822722222;4322722222
192;3883776000;3822722222;4322722222
193;3883777000;3822722222;4322722222
194;3883787000;3822722222;4322722222
195;3883788000;3822722222;4322722222
196;3883789000;3822722222;4322722222
197;3883923000;3822766666;4322766666
198;3883926000;3823033333;4323033333
199;3883927000;3823033333;4323033333
200;3883928000;3823033333;4323033333
201;3925035000;3864444444;4364444444
202;3925038000;3864444444;4364444444
203;3925039000;3864444444;4364444444
204;3925040000;3864444444;4364444444
205;3925041000;3864444444;4364444444
206;3925050000;3864444444;4364444444
207;3925052000;3864444444;4364444444
208;3925264000;3864488888;4364488888
209;3925267000;3864777777;4364777777
210;3925268000;3864777777;4364777777
211;3925269000;3864777777;4364777777
212;3966600000;3906077777;4406077777
213;3966604000;3906077777;4406077777
214;3966605000;3906077777;4406077777
215;3966606000;3906077777;4406077777
216;3966606000;3906077777;4406077777
217;3966607000;3906077777;4406077777
218;3966608000;3906077777;4406077777
219;3966744000;3906122222;4406122222
220;3966746000;3906477777;4406477777
221;3966747000;3906477777;4406477777
222;3966748000;3906477777;4406477777
223;4008101000;3947711111;4447711111
224;4008104000;3947711111;4447711111
225;4008106000;3947711111;4447711111
226;4008107000;3947711111;4447711111
227;4008108000;3947711111;4447711111
228;4008108000;3947711111;4447711111
229;4008109000;3947711111;4447711111
230;4008330000;3947766666;4447766666
231;4008334000;3948055555;4448055555
232;4008335000;3948055555;4448055555
233;4008336000;3948055555;4448055555
234;4049728000;3989411111;4489411111
235;4049732000;3989411111;4489411111
236;4049733000;3989411111;4489411111
237;4049734000;3989411111;4489411111
238;4049735000;3989411111;4489411111
239;4049736000;3989411111;4489411111
240;4049737000;3989411111;4489411111
241;4049836000;3989455555;4489455555
242;4049839000;3989733333;4489733333
243;4049840000;3989733333;4489733333
244;4049841000;3989733333;4489733333
245;4091388000;4031044444;4531044444
246;4091392000;4031044444;4531044444
247;4091393000;4031044444;4531044444
248;4091393000;4031044444;4531044444
249;4091395000;4031044444;4531044444
250;4091395000;4031044444;4531044444
251;4091396000;4031044444;4531044444
252;4091565000;4031088888;4531088888
253;4091568000;4031444444;4531444444
254;4091569000;4031444444;4531444444
255;4091570000;4031444444;4531444444
256;4133125000;4072777777;4572777777
257;4133129000;4072777777;4572777777
258;4133130000;4072777777;4572777777
259;4133131000;4072777777;4572777777
260;4133132000;4072777777;4572777777
261;4133133000;4072777777;4572777777
262;4133134000;4072777777;4572777777
263;4133344000;4072822222;4572822222
264;4133347000;4073100000;4573100000
265;4133348000;4073100000;4573100000
266;4133349000;4073100000;4573100000
267;4174727000;4114388888;4614388888
268;4174730000;4114388888;4614388888
269;4174731000;4114388888;4614388888
270;4174732000;4114388888;4614388888
271;4174733000;4114388888;4614388888
272;4174734000;4114388888;4614388888
273;4174735000;4114388888;4614388888
274;4174944000;4114433333;4614433333
275;4174948000;4114700000;4614700000
276;4174949000;4114700000;4614700000
277;4174949000;4114700000;4614700000
278;4216371000;4156044444;4656044444
279;4216374000;4156044444;4656044444
280;4216375000;4156044444;4656044444
281;4216376000;4156044444;4656044444
282;4216377000;4156044444;4656044444
283;4216378000;4156044444;4656044444
284;4216379000;4156044444;4656044444
285;4216577000;4156088888;4656088888
286;4216583000;4156433333;4656433333
287;4216584000;4156433333;4656433333
288;4216585000;4156433333;4656433333
289;4258187000;4197755555;4697755555
290;4258191000;4197755555;4697755555
291;4258192000;4197755555;4697755555
292;4258202000;4197755555;4697755555
293;4258203000;4197755555;4697755555
294;4258204000;4197755555;4697755555
295;4258205000;4197755555;4697755555
296;4258339000;4197800000;4697800000
297;4258342000;4198077777;4698077777
298;4258343000;4198077777;4698077777
299;4258344000;4198077777;4698077777
300;4299704000;4239377777;4739377777
301;4299707000;4239377777;4739377777
302;4299708000;4239377777;4739377777
303;4299709000;4239377777;4739377777
304;4299710000;4239377777;4739377777
305;4299711000;4239377777;4739377777
306;4299712000;4239377777;4739377777
307;4299910000;4239422222;4739422222
308;4299925000;4239700000;4739700000
309;4299927000;4239700000;4739700000
310;4299928000;4239700000;4739700000
311;4341371000;4281044444;4781044444
312;4341375000;4281044444;4781044444
313;4341376000;4281044444;4781044444
314;4341377000;4281044444;4781044444
315;4341378000;4281044444;4781044444
316;4341379000;4281044444;4781044444
317;4341379000;4281044444;4781044444
318;4341579000;4281088888;4781088888
319;4341594000;4281422222;4781422222
320;4341595000;4281422222;4781422222
321;4341596000;4281422222;4781422222
322;4383205000;4322722222;4822722222
323;4383209000;4322722222;4822722222
324;4383209000;4322722222;4822722222
325;4383210000;4322722222;4822722222
326;4383211000;4322722222;4822722222
327;4383212000;4322722222;4822722222
328;4383213000;4322722222;4822722222
329;4383421000;4322766666;4822766666
330;4383425000;4323044444;4823044444
331;4383427000;4323044444;4823044444
332;4383428000;4323044444;4823044444
333;4424872000;4364388888;4864388888
334;4424875000;4364388888;4864388888
335;4424876000;4364388888;4864388888
336;4424877000;4364388888;4864388888
337;4424878000;4364388888;4864388888
338;4424879000;4364388888;4864388888
339;4424880000;4364388888;4864388888
340;4425081000;4364433333;4864433333
341;4425102000;4364722222;4864722222
342;4425104000;4364722222;4864722222
343;4425104000;4364722222;4864722222
344;4466385000;4406044444;4906044444
345;4466389000;4406044444;4906044444
346;4466390000;4406044444;4906044444
347;4466391000;4406044444;4906044444
348;4466391000;4406044444;4906044444
349;4466392000;4406044444;4906044444
350;4466393000;4406044444;4906044444
351;4466591000;4406100000;4906100000
352;4466606000;4406422222;4906422222
353;4466607000;4406422222;4906422222
354;4466608000;4406422222;4906422222
355;4507998000;4447711111;4947711111
356;4508001000;4447711111;4947711111
357;4508002000;4447711111;4947711111
358;4508003000;4447711111;4947711111
359;4508004000;4447711111;4947711111
360;4508005000;4447711111;4947711111
361;4508006000;4447711111;4947711111
362;4508159000;4447766666;4947766666
363;4508165000;4448044444;4948044444
364;4508166000;4448044444;4948044444
365;4508167000;4448044444;4948044444
366;4549753000;4489411111;4989411111
367;4549756000;4489411111;4989411111
368;4549757000;4489411111;4989411111
369;4549758000;4489411111;4989411111
370;4549759000;4489411111;4989411111
371;4549760000;4489411111;4989411111
372;4549761000;4489411111;4989411111
373;4549959000;4489455555;4989455555
374;4549965000;4489711111;4989711111
375;4549975000;4489711111;4989711111
376;4549976000;4489711111;4989711111
377;4591357000;4531044444;5031044444
378;4591360000;4531044444;5031044444
379;4591361000;4531044444;5031044444
380;4591362000;4531044444;5031044444
381;4591363000;4531044444;5031044444
382;4591364000;4531044444;5031044444
383;4591365000;4531044444;5031044444
384;4591517000;4531088888;5031088888
385;4591523000;4531411111;5031411111
386;4591524000;4531411111;5031411111
387;4591525000;4531411111;5031411111
388;4633125000;4572755555;5072755555
389;4633131000;4572755555;5072755555
390;4633133000;4572755555;5072755555
391;4633134000;4572755555;5072755555
392;4633135000;4572755555;5072755555
393;4633148000;4572755555;5072755555
394;4633149000;4572755555;5072755555
395;4633335000;4572800000;5072800000
396;4633343000;4573088888;5073088888
397;4633344000;4573088888;5073088888
398;4633345000;4573088888;5073088888
399;4674920000;4614411111;5114411111
400;4674926000;4614411111;5114411111
401;4674927000;4614411111;5114411111
402;4674929000;4614411111;5114411111
403;4674930000;4614411111;5114411111
404;4674931000;4614411111;5114411111
405;4674942000;4614411111;5114411111
406;4675115000;4614455555;5114455555
407;4675121000;4614733333;5114733333
408;4675123000;4614733333;5114733333
409;4675124000;4614733333;5114733333
410;4716588000;4656055555;5156055555
411;4716605000;4656055555;5156055555
412;4716607000;4656055555;5156055555
413;4716608000;4656055555;5156055555
414;4716610000;4656055555;5156055555
415;4716611000;4656055555;5156055555
416;4716612000;4656055555;5156055555
417;4716776000;4656100000;5156100000
418;4716780000;4656433333;5156433333
419;4716781000;4656433333;5156433333
420;4716783000;4656433333;5156433333
421;4758066000;4697711111;5197711111
422;4758071000;4697711111;5197711111
423;4758072000;4697711111;5197711111
424;4758074000;4697711111;5197711111
425;4758075000;4697711111;5197711111
426;4758076000;4697711111;5197711111
427;4758078000;4697711111;5197711111
428;4758293000;4697755555;5197755555
429;4758309000;4698055555;5198055555
430;4758311000;4698055555;5198055555
431;4758312000;4698055555;5198055555
432;4799926000;4739411111;5239411111
433;4799933000;4739411111;5239411111
434;4799935000;4739411111;5239411111
435;4799946000;4739411111;5239411111
436;4799947000;4739411111;5239411111
437;4799948000;4739411111;5239411111
438;4799950000;4739411111;5239411111
439;4800092000;4739455555;5239455555
440;4800097000;4739744444;5239744444
442;4800099000;4739744444;5239744444
443;4841557000;4781044444;5281044444
444;4841562000;4781044444;5281044444
446;4841564000;4781044444;5281044444
447;4841574000;4781044444;5281044444
448;4841575000;4781044444;5281044444
449;4841577000;4781044444;5281044444
450;4841798000;4781100000;5281100000
451;4841801000;4781411111;5281411111
452;4841802000;4781411111;5281411111
453;4841829000;4781411111;5281411111
454;4945475000;4822744444;5322744444
464;4945592000;4823055555;5323055555
465;4985790000;4864377777;5364377777
474;4985902000;4864700000;5364700000
475;4985905000;4864700000;5364700000
476;5026885000;4906044444;5406044444
485;5026974000;4906433333;5406433333
486;5026978000;4906433333;5406433333
487;5064995000;4947722222;5447722222
496;5065094000;4948055555;5448055555
497;5065097000;4948055555;5448055555
498;5105289000;4989388888;5489388888
507;5105362000;4989700000;5489700000
508;5105364000;4989700000;5489700000
509;5140291000;5031044444;5531044444
518;5140403000;5031433333;5531433333
519;5140407000;5031433333;5531433333
520;5179761000;5072711111;5572711111
529;5179873000;5073077777;5573077777
530;5179876000;5073077777;5573077777
531;5212170000;5114388888;5614388888
539;5212281000;5114711111;5614711111
540;5212284000;5114711111;5614711111
541;5212285000;5114711111;5614711111
542;5251279000;5156055555;5656055555
552;5251390000;5156444444;5656444444
553;5283793000;5197711111;5697711111
554;5283796000;5197711111;5697711111
555;5283797000;5197711111;5697711111
556;5283798000;5197711111;5697711111
557;5283799000;5197711111;5697711111
558;5283800000;5197711111;5697711111
559;5283801000;5197711111;5697711111
560;5286444000;5197766666;5697766666
561;5286460000;5198044444;5698044444
562;5286461000;5198044444;5698044444
563;5286462000;5198044444;5698044444
564;5322849000;5239388888;5739388888
565;5322852000;5239388888;5739388888
566;5322853000;5239388888;5739388888
567;5322854000;5239388888;5739388888
568;5322855000;5239388888;5739388888
569;5322856000;5239388888;5739388888
570;5322857000;5239388888;5739388888
571;5323058000;5239433333;5739433333
572;5323064000;5239711111;5739711111
573;5323065000;5239711111;5739711111
574;5323066000;5239711111;5739711111
575;5353838000;5281044444;5781044444
576;5353842000;5281044444;5781044444
577;5353843000;5281044444;5781044444
578;5353844000;5281044444;5781044444
579;5353845000;5281044444;5781044444
580;5353846000;5281044444;5781044444
581;5353847000;5281044444;5781044444
582;5354838000;5281088888;5781088888
583;5354854000;5281455555;5781455555
584;5354855000;5281455555;5781455555
585;5354856000;5281455555;5781455555
586;5393623000;5322744444;5822744444
587;5393626000;5322744444;5822744444
588;5393627000;5322744444;5822744444
589;5393628000;5322744444;5822744444
590;5393629000;5322744444;5822744444
591;5393630000;5322744444;5822744444
592;5393631000;5322744444;5822744444
593;5393831000;5322788888;5822788888
594;5393846000;5323088888;5823088888
595;5393847000;5323088888;5823088888
596;5393848000;5323088888;5823088888
597;5429812000;5364388888;5864388888
598;5429816000;5364388888;5864388888
599;5429817000;5364388888;5864388888
600;5429818000;5364388888;5864388888
601;5429819000;5364388888;5864388888
602;5429820000;5364388888;5864388888
603;5429821000;5364388888;5864388888
604;5431582000;5364433333;5864433333
605;5431586000;5364733333;5864733333
606;5431588000;5364733333;5864733333
607;5431589000;5364733333;5864733333
608;5470631000;5406055555;5906055555
609;5470634000;5406055555;5906055555
610;5470635000;5406055555;5906055555
611;5470636000;5406055555;5906055555
612;5470637000;5406055555;5906055555
613;5470638000;5406055555;5906055555
614;5470640000;5406055555;5906055555
615;5470832000;5406100000;5906100000
616;5470835000;5406444444;5906444444
617;5470836000;5406444444;5906444444
618;5470838000;5406444444;5906444444
619;5509646000;5447722222;5947722222
620;5509651000;5447722222;5947722222
621;5509652000;5447722222;5947722222
622;5509653000;5447722222;5947722222
623;5509655000;5447722222;5947722222
624;5509657000;5447722222;5947722222
625;5509658000;5447722222;5947722222
626;5509938000;5447766666;5947766666
627;5509942000;5448055555;5948055555
628;5509943000;5448055555;5948055555
629;5509944000;5448055555;5948055555
630;5550966000;5489388888;5989388888
631;5550978000;5489388888;5989388888
632;5550980000;5489388888;5989388888
633;5550981000;5489388888;5989388888
634;5550982000;5489388888;5989388888
635;5550983000;5489388888;5989388888
636;5550984000;5489388888;5989388888
637;5551218000;5489444444;5989444444
638;5551221000;5489711111;5989711111
639;5551222000;5489711111;5989711111
640;5551223000;5489711111;5989711111
641;5591636000;5531044444;6031044444
642;5591640000;5531044444;6031044444
643;5591641000;5531044444;6031044444
644;5591650000;5531044444;6031044444
645;5591651000;5531044444;6031044444
646;5591652000;5531044444;6031044444
647;5591653000;5531044444;6031044444
648;5591788000;5531088888;6031088888
649;5591791000;5531422222;6031422222
650;5591792000;5531422222;6031422222
651;5591793000;5531422222;6031422222
652;5633305000;5572722222;6072722222
653;5633308000;5572722222;6072722222
654;5633309000;5572722222;6072722222
655;5633310000;5572722222;6072722222
656;5633312000;5572722222;6072722222
657;5633312000;5572722222;6072722222
658;5633313000;5572722222;6072722222
659;5633512000;5572766666;6072766666
660;5633528000;5573055555;6073055555
661;5633529000;5573055555;6073055555
662;5633530000;5573055555;6073055555
663;5674806000;5614388888;6114388888
664;5674810000;5614388888;6114388888
665;5674811000;5614388888;6114388888
666;5674812000;5614388888;6114388888
667;5674813000;5614388888;6114388888
668;5674814000;5614388888;6114388888
669;5674815000;5614388888;6114388888
670;5675014000;5614433333;6114433333
671;5675029000;5614711111;6114711111
672;5675030000;5614711111;6114711111
673;5675031000;5614711111;6114711111
674;5716641000;5656077777;6156077777
675;5716644000;5656077777;6156077777
676;5716645000;5656077777;6156077777
677;5716646000;5656077777;6156077777
678;5716647000;5656077777;6156077777
679;5716648000;5656077777;6156077777
680;5716649000;5656077777;6156077777
681;5716848000;5656122222;6156122222
682;5716863000;5656466666;6156466666
683;5716864000;5656466666;6156466666
684;5716865000;5656466666;6156466666
685;5758280000;5697722222;6197722222
686;5758283000;5697722222;6197722222
687;5758284000;5697722222;6197722222
688;5758285000;5697722222;6197722222
689;5758286000;5697722222;6197722222
690;5758287000;5697722222;6197722222
691;5758288000;5697722222;6197722222
692;5758487000;5697766666;6197766666
693;5758503000;5698066666;6198066666
694;5758504000;5698066666;6198066666
695;5758505000;5698066666;6198066666
696;5799813000;5739411111;6239411111
697;5799816000;5739411111;6239411111
698;5799817000;5739411111;6239411111
699;5799818000;5739411111;6239411111
700;5799819000;5739411111;6239411111
701;5799820000;5739411111;6239411111
702;5799821000;5739411111;6239411111
703;5800053000;5739477777;6239477777
704;5800059000;5739777777;6239777777
705;5800060000;5739777777;6239777777
706;5800061000;5739777777;6239777777
707;5841609000;5781055555;6281055555
708;5841613000;5781055555;6281055555
709;5841614000;5781055555;6281055555
710;5841615000;5781055555;6281055555
711;5841615000;5781055555;6281055555
712;5841617000;5781055555;6281055555
713;5841617000;5781055555;6281055555
714;5841788000;5781100000;6281100000
715;5841792000;5781433333;6281433333
716;5841793000;5781433333;6281433333
717;5841794000;5781433333;6281433333
718;5883111000;5822722222;6322722222
719;5883114000;5822722222;6322722222
720;5883115000;5822722222;6322722222
721;5883116000;5822722222;6322722222
722;5883117000;5822722222;6322722222
723;5883118000;5822722222;6322722222
724;5883119000;5822722222;6322722222
725;5883318000;5822766666;6322766666
726;5883333000;5823044444;6323044444
727;5883334000;5823044444;6323044444
728;5883335000;5823044444;6323044444
729;5924776000;5864377777;6364377777
730;5924779000;5864377777;6364377777
731;5924780000;5864377777;6364377777
732;5924781000;5864377777;6364377777
733;5924782000;5864377777;6364377777
734;5924783000;5864377777;6364377777
735;5924784000;5864377777;6364377777
736;5924983000;5864422222;6364422222
737;5924998000;5864711111;6364711111
738;5924999000;5864711111;6364711111
739;5925000000;5864711111;6364711111
740;5966599000;5906044444;6406044444
741;5966602000;5906044444;6406044444
742;5966603000;5906044444;6406044444
743;5966604000;5906044444;6406044444
744;5966605000;5906044444;6406044444
745;5966606000;5906044444;6406044444
746;5966607000;5906044444;6406044444
747;5966807000;5906088888;6406088888
748;5966829000;5906444444;6406444444
749;5966830000;5906444444;6406444444
750;5966831000;5906444444;6406444444
751;6008260000;5947722222;6447722222
752;6008263000;5947722222;6447722222
753;6008264000;5947722222;6447722222
754;6008265000;5947722222;6447722222
755;6008266000;5947722222;6447722222
756;6008267000;5947722222;6447722222
757;6008268000;5947722222;6447722222
758;6008489000;5947766666;6447766666
759;6008495000;5948066666;6448066666
760;6008496000;5948066666;6448066666
761;6008497000;5948066666;6448066666
762;6049964000;5989411111;6489411111
763;6049968000;5989411111;6489411111
764;6049969000;5989411111;6489411111
765;6049970000;5989411111;6489411111
766;6049970000;5989411111;6489411111
767;6049971000;5989411111;6489411111
768;6049972000;5989411111;6489411111
769;6050172000;5989455555;6489455555
770;6050188000;5989733333;6489733333
771;6050189000;5989733333;6489733333
772;6050190000;5989733333;6489733333
773;6091584000;6031044444;6531044444
774;6091597000;6031044444;6531044444
775;6091598000;6031044444;6531044444
776;6091599000;6031044444;6531044444
777;6091600000;6031044444;6531044444
778;6091601000;6031044444;6531044444
779;6091602000;6031044444;6531044444
780;6091816000;6031100000;6531100000
781;6091819000;6031466666;6531466666
782;6091820000;6031466666;6531466666
783;6091821000;6031466666;6531466666
784;6133276000;6072722222;6572722222
785;6133279000;6072722222;6572722222
786;6133280000;6072722222;6572722222
787;6133281000;6072722222;6572722222
788;6133282000;6072722222;6572722222
789;6133283000;6072722222;6572722222
790;6133284000;6072722222;6572722222
791;6133484000;6072766666;6572766666
792;6133499000;6073066666;6573066666
793;6133500000;6073066666;6573066666
794;6133501000;6073066666;6573066666
795;6174939000;6114388888;6614388888
796;6174942000;6114388888;6614388888
797;6174943000;6114388888;6614388888
798;6174944000;6114388888;6614388888
799;6174945000;6114388888;6614388888
800;6174946000;6114388888;6614388888
801;6174947000;6114388888;6614388888
802;6175166000;6114433333;6614433333
803;6175170000;6114722222;6614722222
804;6175171000;6114722222;6614722222
805;6175172000;6114722222;6614722222
806;6216580000;6156055555;6656055555
807;6216583000;6156055555;6656055555
808;6216584000;6156055555;6656055555
809;6216585000;6156055555;6656055555
810;6216586000;6156055555;6656055555
811;6216587000;6156055555;6656055555
812;6216588000;6156055555;6656055555
813;6216793000;6156100000;6656100000
814;6216800000;6156444444;6656444444
815;6216801000;6156444444;6656444444
816;6216802000;6156444444;6656444444
817;6258249000;6197711111;6697711111
818;6258252000;6197711111;6697711111
819;6258253000;6197711111;6697711111
820;6258254000;6197711111;6697711111
821;6258255000;6197711111;6697711111
822;6258256000;6197711111;6697711111
823;6258257000;6197711111;6697711111
824;6258456000;6197766666;6697766666
825;6258471000;6198055555;6698055555
826;6258472000;6198055555;6698055555
827;6258473000;6198055555;6698055555
828;6299943000;6239388888;6739388888
829;6299946000;6239388888;6739388888
830;6299947000;6239388888;6739388888
831;6299948000;6239388888;6739388888
832;6299949000;6239388888;6739388888
833;6299950000;6239388888;6739388888
834;6299951000;6239388888;6739388888
835;6300158000;6239433333;6739433333
836;6300173000;6239722222;6739722222
837;6300174000;6239722222;6739722222
838;6300175000;6239722222;6739722222
839;6341597000;6281044444;6781044444
840;6341601000;6281044444;6781044444
841;6341602000;6281044444;6781044444
842;6341603000;6281044444;6781044444
843;6341603000;6281044444;6781044444
844;6341604000;6281044444;6781044444
845;6341605000;6281044444;6781044444
846;6341804000;6281100000;6781100000
847;6341819000;6281444444;6781444444
848;6341820000;6281444444;6781444444
849;6341821000;6281444444;6781444444
850;6383313000;6322744444;6822744444
851;6383316000;6322744444;6822744444
852;6383317000;6322744444;6822744444
853;6383318000;6322744444;6822744444
854;6383319000;6322744444;6822744444
855;6383320000;6322744444;6822744444
856;6383321000;6322744444;6822744444
857;6383533000;6322788888;6822788888
858;6383554000;6323100000;6823100000
859;6383554000;6323100000;6823100000
860;6383555000;6323100000;6823100000
861;6424938000;6364388888;6864388888
862;6424941000;6364388888;6864388888
863;6424942000;6364388888;6864388888
864;6424943000;6364388888;6864388888
865;6424944000;6364388888;6864388888
866;6424945000;6364388888;6864388888
867;6424946000;6364388888;6864388888
868;6425159000;6364433333;6864433333
869;6425165000;6364744444;6864744444
870;6425166000;6364744444;6864744444
871;6425167000;6364744444;6864744444
872;6466608000;6406055555;6906055555
873;6466611000;6406055555;6906055555
874;6466612000;6406055555;6906055555
875;6466613000;6406055555;6906055555
876;6466614000;6406055555;6906055555
877;6466615000;6406055555;6906055555
878;6466616000;6406055555;6906055555
879;6466815000;6406100000;6906100000
880;6466830000;6406444444;6906444444
881;6466831000;6406444444;6906444444
882;6466833000;6406444444;6906444444
883;6508260000;6447722222;6947722222
884;6508263000;6447722222;6947722222
885;6508264000;6447722222;6947722222
886;6508265000;6447722222;6947722222
887;6508266000;6447722222;6947722222
888;6508267000;6447722222;6947722222
889;6508268000;6447722222;6947722222
890;6508467000;6447766666;6947766666
891;6508473000;6448055555;6948055555
892;6508474000;6448055555;6948055555
893;6508475000;6448055555;6948055555
894;6549955000;6489388888;6989388888
895;6549958000;6489388888;6989388888
896;6549959000;6489388888;6989388888
897;6549960000;6489388888;6989388888
898;6549961000;6489388888;6989388888
899;6549962000;6489388888;6989388888
901;6550161000;6489433333;6989433333
902;6550177000;6489700000;6989700000
903;6550178000;6489700000;6989700000
904;6550179000;6489700000;6989700000
905;6591438000;6531044444;7031044444
906;6591441000;6531044444;7031044444
907;6591443000;6531044444;7031044444
908;6591443000;6531044444;7031044444
909;6591444000;6531044444;7031044444
910;6591445000;6531044444;7031044444
911;6591446000;6531044444;7031044444
912;6591657000;6531088888;7031088888
913;6591660000;6531433333;7031433333
914;6591661000;6531433333;7031433333
915;6591662000;6531433333;7031433333
916;6695606000;6572755555;7072755555
926;6695718000;6573111111;7073111111
927;6736217000;6614411111;7114411111
936;6736329000;6614755555;7114755555
937;6736332000;6614755555;7114755555
938;6777175000;6656055555;7156055555
948;6777291000;6656455555;7156455555
949;6815356000;6697722222;7197722222
958;6815435000;6698100000;7198100000
959;6815437000;6698100000;7198100000
960;6855632000;6739411111;7239411111
970;6855743000;6739766666;7239766666
971;6890644000;6781055555;7281055555
980;6890760000;6781433333;7281433333
981;6890763000;6781433333;7281433333
982;6929953000;6822722222;7322722222
992;6930021000;6823055555;7323055555
993;6962224000;6864388888;7364388888
1002;6962288000;6864722222;7364722222
1003;6962290000;6864722222;7364722222
1004;7001236000;6906077777;7406077777
1014;7001291000;6906500000;7406500000
1015;7032846000;6947722222;7447722222
1016;7032849000;6947722222;7447722222
1017;7032850000;6947722222;7447722222
1018;7032851000;6947722222;7447722222
1019;7032852000;6947722222;7447722222
1020;7032853000;6947722222;7447722222
1021;7032854000;6947722222;7447722222
1022;7036495000;6947766666;7447766666
1023;7036501000;6948066666;7448066666
1024;7036502000;6948066666;7448066666
1025;7036503000;6948066666;7448066666
1026;7071847000;6989422222;7489422222
1027;7071851000;6989422222;7489422222
1028;7071852000;6989422222;7489422222
1029;7071853000;6989422222;7489422222
1030;7071854000;6989422222;7489422222
1031;7071855000;6989422222;7489422222
1032;7071856000;6989422222;7489422222
1033;7071981000;6989466666;7489466666
1034;7071986000;6989766666;7489766666
1035;7071988000;6989766666;7489766666
1036;7071989000;6989766666;7489766666
1037;7104303000;7031055555;7531055555
1038;7104307000;7031055555;7531055555
1039;7104308000;7031055555;7531055555
1040;7104309000;7031055555;7531055555
1041;7104310000;7031055555;7531055555
1042;7104311000;7031055555;7531055555
1043;7104312000;7031055555;7531055555
1044;7107419000;7031100000;7531100000
1045;7107425000;7031455555;7531455555
1046;7107444000;7031455555;7531455555
1047;7107445000;7031455555;7531455555
1048;7144011000;7072722222;7572722222
1049;7144014000;7072722222;7572722222
1050;7144016000;7072722222;7572722222
1051;7144017000;7072722222;7572722222
1052;7144017000;7072722222;7572722222
1053;7144018000;7072722222;7572722222
1054;7144019000;7072722222;7572722222
1055;7144148000;7072766666;7572766666
1056;7144153000;7073044444;7573044444
1057;7144154000;7073044444;7573044444
1058;7144155000;7073044444;7573044444
1059;7179963000;7114388888;7614388888
1060;7179966000;7114388888;7614388888
1061;7179968000;7114388888;7614388888
1062;7179969000;7114388888;7614388888
1063;7179970000;7114388888;7614388888
1064;7179971000;7114388888;7614388888
1065;7179972000;7114388888;7614388888
1066;7181780000;7114455555;7614455555
1067;7181786000;7114733333;7614733333
1068;7181788000;7114733333;7614733333
1069;7181789000;7114733333;7614733333
1070;7220575000;7156044444;7656044444
1071;7220579000;7156044444;7656044444
1072;7220580000;7156044444;7656044444
1073;7220581000;7156044444;7656044444
1074;7220582000;7156044444;7656044444
1075;7220583000;7156044444;7656044444
1076;7220584000;7156044444;7656044444
1077;7220709000;7156088888;7656088888
1078;7220715000;7156433333;7656433333
1079;7220716000;7156433333;7656433333
1080;7220717000;7156433333;7656433333
1081;7259638000;7197711111;7697711111
1082;7259641000;7197711111;7697711111
1083;7259642000;7197711111;7697711111
1084;7259643000;7197711111;7697711111
1085;7259644000;7197711111;7697711111
1086;7259645000;7197711111;7697711111
1087;7259646000;7197711111;7697711111
1088;7260396000;7197755555;7697755555
1089;7260400000;7198033333;7698033333
1090;7260410000;7198033333;7698033333
1091;7260411000;7198033333;7698033333
1092;7300992000;7239411111;7739411111
1093;7300995000;7239411111;7739411111
1094;7300996000;7239411111;7739411111
1095;7300997000;7239411111;7739411111
1096;7300998000;7239411111;7739411111
1097;7300999000;7239411111;7739411111
1098;7301000000;7239411111;7739411111
1099;7301217000;7239455555;7739455555
1100;7301233000;7239733333;7739733333
1101;7301234000;7239733333;7739733333
1102;7301235000;7239733333;7739733333
1103;7341887000;7281044444;7781044444
1104;7341890000;7281044444;7781044444
1105;7341892000;7281044444;7781044444
1106;7341893000;7281044444;7781044444
1107;7341893000;7281044444;7781044444
1108;7341894000;7281044444;7781044444
1109;7341895000;7281044444;7781044444
1110;7342128000;7281088888;7781088888
1111;7342143000;7281422222;7781422222
1112;7342144000;7281422222;7781422222
1113;7342145000;7281422222;7781422222
1114;7383350000;7322766666;7822766666
1115;7383353000;7322766666;7822766666
1116;7383354000;7322766666;7822766666
1117;7383355000;7322766666;7822766666
1118;7383356000;7322766666;7822766666
1119;7383357000;7322766666;7822766666
1120;7383358000;7322766666;7822766666
1121;7383495000;7322811111;7822811111
1122;7383498000;7323100000;7823100000
1123;7383499000;7323100000;7823100000
1124;7383499000;7323100000;7823100000
1125;7424769000;7364388888;7864388888
1126;7424772000;7364388888;7864388888
1127;7424773000;7364388888;7864388888
1128;7424774000;7364388888;7864388888
1129;7424775000;7364388888;7864388888
1130;7424776000;7364388888;7864388888
1131;7424777000;7364388888;7864388888
1132;7424992000;7364433333;7864433333
1133;7425007000;7364722222;7864722222
1134;7425009000;7364722222;7864722222
1135;7425010000;7364722222;7864722222
1136;7466520000;7406055555;7906055555
1137;7466524000;7406055555;7906055555
1138;7466525000;7406055555;7906055555
1139;7466526000;7406055555;7906055555
1140;7466536000;7406055555;7906055555
1141;7466537000;7406055555;7906055555
1142;7466538000;7406055555;7906055555
1143;7466673000;7406100000;7906100000
1144;7466675000;7406433333;7906433333
1145;7466676000;7406433333;7906433333
1146;7466677000;7406433333;7906433333
1147;7508064000;7447744444;7947744444
1148;7508076000;7447744444;7947744444
1149;7508077000;7447744444;7947744444
1150;7508078000;7447744444;7947744444
1151;7508079000;7447744444;7947744444
1152;7508080000;7447744444;7947744444
1153;7508081000;7447744444;7947744444
1154;7508259000;7447788888;7947788888
1155;7508264000;7448066666;7948066666
1156;7508265000;7448066666;7948066666
1157;7508266000;7448066666;7948066666
1158;7549738000;7489411111;7989411111
1159;7549741000;7489411111;7989411111
1160;7549742000;7489411111;7989411111
1161;7549743000;7489411111;7989411111
1162;7549744000;7489411111;7989411111
1163;7549745000;7489411111;7989411111
1164;7549746000;7489411111;7989411111
1165;7549962000;7489455555;7989455555
1166;7549977000;7489711111;7989711111
1167;7549978000;7489711111;7989711111
1168;7549979000;7489711111;7989711111
1169;7591539000;7531044444;8031044444
1170;7591543000;7531044444;8031044444
1171;7591544000;7531044444;8031044444
1172;7591545000;7531044444;8031044444
1173;7591545000;7531044444;8031044444
1174;7591546000;7531044444;8031044444
1175;7591547000;7531044444;8031044444
1176;7591747000;7531088888;8031088888
1177;7591762000;7531422222;8031422222
1178;7591763000;7531422222;8031422222
1179;7591764000;7531422222;8031422222
1180;7633075000;7572744444;8072744444
1181;7633078000;7572744444;8072744444
1182;7633079000;7572744444;8072744444
1183;7633080000;7572744444;8072744444
1184;7633081000;7572744444;8072744444
1185;7633082000;7572744444;8072744444
1186;7633083000;7572744444;8072744444
1187;7633296000;7572788888;8072788888
1188;7633302000;7573077777;8073077777
1189;7633313000;7573077777;8073077777
1190;7633314000;7573077777;8073077777
1191;7674711000;7614388888;8114388888
1192;7674714000;7614388888;8114388888
1193;7674715000;7614388888;8114388888
1194;7674716000;7614388888;8114388888
1195;7674717000;7614388888;8114388888
1196;7674718000;7614388888;8114388888
1197;7674719000;7614388888;8114388888
1198;7674918000;7614433333;8114433333
1199;7674933000;7614711111;8114711111
1200;7674934000;7614711111;8114711111
1201;7674935000;7614711111;8114711111
1202;7716557000;7656077777;8156077777
1203;7716561000;7656077777;8156077777
1204;7716562000;7656077777;8156077777
1205;7716563000;7656077777;8156077777
1206;7716564000;7656077777;8156077777
1207;7716565000;7656077777;8156077777
1208;7716566000;7656077777;8156077777
1209;7716765000;7656122222;8156122222
1210;7716781000;7656466666;8156466666
1211;7716782000;7656466666;8156466666
1212;7716783000;7656466666;8156466666
1213;7758032000;7697711111;8197711111
1214;7758036000;7697711111;8197711111
1215;7758037000;7697711111;8197711111
1216;7758037000;7697711111;8197711111
1217;7758038000;7697711111;8197711111
1218;7758040000;7697711111;8197711111
1219;7758040000;7697711111;8197711111
1220;7758249000;7697755555;8197755555
1221;7758264000;7698055555;8198055555
1222;7758265000;7698055555;8198055555
1223;7758266000;7698055555;8198055555
1224;7799734000;7739411111;8239411111
1225;7799737000;7739411111;8239411111
1226;7799738000;7739411111;8239411111
1227;7799739000;7739411111;8239411111
1228;7799740000;7739411111;8239411111
1229;7799741000;7739411111;8239411111
1230;7799742000;7739411111;8239411111
1231;7799912000;7739455555;8239455555
1232;7799916000;7739755555;8239755555
1233;7799917000;7739755555;8239755555
1234;7799918000;7739755555;8239755555
1235;7841389000;7781055555;8281055555
1236;7841392000;7781055555;8281055555
1237;7841393000;7781055555;8281055555
1238;7841394000;7781055555;8281055555
1239;7841395000;7781055555;8281055555
1240;7841396000;7781055555;8281055555
1241;7841397000;7781055555;8281055555
1242;7841533000;7781100000;8281100000
1243;7841535000;7781433333;8281433333
1244;7841536000;7781433333;8281433333
1245;7841537000;7781433333;8281433333
1246;7883201000;7822711111;8322711111
1247;7883204000;7822711111;8322711111
1248;7883205000;7822711111;8322711111
1249;7883206000;7822711111;8322711111
1250;7883207000;7822711111;8322711111
1251;7883208000;7822711111;8322711111
1252;7883209000;7822711111;8322711111
1253;7883407000;7822766666;8322766666
1254;7883422000;7823033333;8323033333
1255;7883424000;7823033333;8323033333
1256;7883425000;7823033333;8323033333
1257;7924904000;7864411111;8364411111
1258;7924907000;7864411111;8364411111
1259;7924908000;7864411111;8364411111
1260;7924909000;7864411111;8364411111
1261;7924910000;7864411111;8364411111
1262;7924918000;7864411111;8364411111
1263;7924919000;7864411111;8364411111
1264;7925141000;7864455555;8364455555
1265;7925156000;7864733333;8364733333
1266;7925157000;7864733333;8364733333
1267;7925158000;7864733333;8364733333
1268;7966571000;7906077777;8406077777
1269;7966574000;7906077777;8406077777
1270;7966575000;7906077777;8406077777
1271;7966576000;7906077777;8406077777
1272;7966577000;7906077777;8406077777
1273;7966578000;7906077777;8406077777
1274;7966579000;7906077777;8406077777
1275;7966778000;7906122222;8406122222
1276;7966793000;7906466666;8406466666
1277;7966794000;7906466666;8406466666
1278;7966796000;7906466666;8406466666
1279;8008069000;7947722222;8447722222
1280;8008072000;7947722222;8447722222
1281;8008073000;7947722222;8447722222
1282;8008074000;7947722222;8447722222
1283;8008075000;7947722222;8447722222
1284;8008076000;7947722222;8447722222
1285;8008077000;7947722222;8447722222
1286;8008291000;7947766666;8447766666
1287;8008297000;7948055555;8448055555
1288;8008298000;7948055555;8448055555
1289;8008299000;7948055555;8448055555
1290;8049864000;7989388888;8489388888
1291;8049867000;7989388888;8489388888
1292;8049868000;7989388888;8489388888
1293;8049869000;7989388888;8489388888
1294;8049870000;7989388888;8489388888
1295;8049871000;7989388888;8489388888
1296;8049872000;7989388888;8489388888
1297;8050076000;7989433333;8489433333
1298;8050092000;7989700000;8489700000
1299;8050093000;7989700000;8489700000
1300;8050094000;7989700000;8489700000
1301;8091469000;8031044444;8531044444
1302;8091473000;8031044444;8531044444
1303;8091474000;8031044444;8531044444
1304;8091475000;8031044444;8531044444
1305;8091485000;8031044444;8531044444
1306;8091486000;8031044444;8531044444
1307;8091487000;8031044444;8531044444
1308;8091621000;8031088888;8531088888
1309;8091623000;8031433333;8531433333
1310;8091624000;8031433333;8531433333
1311;8091625000;8031433333;8531433333
1312;8133075000;8072744444;8572744444
1313;8133079000;8072744444;8572744444
1314;8133080000;8072744444;8572744444
1315;8133081000;8072744444;8572744444
1316;8133082000;8072744444;8572744444
1317;8133082000;8072744444;8572744444
1318;8133083000;8072744444;8572744444
1319;8133283000;8072788888;8572788888
1320;8133298000;8073088888;8573088888
1321;8133299000;8073088888;8573088888
1322;8133300000;8073088888;8573088888
1323;8174867000;8114388888;8614388888
1324;8174871000;8114388888;8614388888
1325;8174872000;8114388888;8614388888
1326;8174873000;8114388888;8614388888
1327;8174873000;8114388888;8614388888
1328;8174874000;8114388888;8614388888
1329;8174875000;8114388888;8614388888
1330;8175082000;8114433333;8614433333
1331;8175096000;8114722222;8614722222
1332;8175098000;8114722222;8614722222
1333;8175099000;8114722222;8614722222
1334;8216507000;8156077777;8656077777
1335;8216510000;8156077777;8656077777
1336;8216511000;8156077777;8656077777
1337;8216512000;8156077777;8656077777
1338;8216522000;8156077777;8656077777
1339;8216523000;8156077777;8656077777
1340;8216524000;8156077777;8656077777
1341;8216659000;8156122222;8656122222
1342;8216661000;8156466666;8656466666
1343;8216662000;8156466666;8656466666
1344;8216663000;8156466666;8656466666
1345;8258096000;8197722222;8697722222
1346;8258100000;8197722222;8697722222
1347;8258100000;8197722222;8697722222
1348;8258101000;8197722222;8697722222
1349;8258102000;8197722222;8697722222
1350;8258103000;8197722222;8697722222
1351;8258104000;8197722222;8697722222
1352;8258302000;8197766666;8697766666
1353;8258317000;8198055555;8698055555
1354;8258319000;8198055555;8698055555
1355;8258320000;8198055555;8698055555
1356;8299715000;8239377777;8739377777
1357;8299719000;8239377777;8739377777
1358;8299720000;8239377777;8739377777
1359;8299721000;8239377777;8739377777
1360;8299722000;8239377777;8739377777
1361;8299723000;8239377777;8739377777
1362;8299724000;8239377777;8739377777
1363;8299929000;8239422222;8739422222
1364;8299944000;8239711111;8739711111
1365;8299945000;8239711111;8739711111
1366;8299946000;8239711111;8739711111
1367;8341400000;8281077777;8781077777
1368;8341404000;8281077777;8781077777
1369;8341405000;8281077777;8781077777
1370;8341415000;8281077777;8781077777
1371;8341416000;8281077777;8781077777
1372;8341417000;8281077777;8781077777
1373;8341417000;8281077777;8781077777
1374;8341616000;8281122222;8781122222
1375;8341631000;8281466666;8781466666
1376;8341632000;8281466666;8781466666
1377;8341633000;8281466666;8781466666
1378;8383223000;8322744444;8822744444
1379;8383227000;8322744444;8822744444
1380;8383228000;8322744444;8822744444
1381;8383229000;8322744444;8822744444
1382;8383230000;8322744444;8822744444
1383;8383231000;8322744444;8822744444
1384;8383232000;8322744444;8822744444
1385;8383368000;8322788888;8822788888
1386;8383371000;8323088888;8823088888
1387;8383372000;8323088888;8823088888
1388;8383373000;8323088888;8823088888
1389;8424866000;8364388888;8864388888
1390;8424869000;8364388888;8864388888
1391;8424870000;8364388888;8864388888
1392;8424871000;8364388888;8864388888
1393;8424872000;8364388888;8864388888
1394;8424873000;8364388888;8864388888
1395;8424874000;8364388888;8864388888
1397;8425121000;8364733333;8864733333
1398;8425125000;8364733333;8864733333
1399;8425126000;8364733333;8864733333
1400;8466555000;8406077777;8906077777
1401;8466558000;8406077777;8906077777
1402;8466559000;8406077777;8906077777
1403;8466560000;8406077777;8906077777
1404;8466561000;8406077777;8906077777
1405;8466562000;8406077777;8906077777
1406;8466563000;8406077777;8906077777
1407;8466733000;8406122222;8906122222
1408;8466737000;8406466666;8906466666
1409;8466738000;8406466666;8906466666
1410;8466739000;8406466666;8906466666
1411;8569826000;8447711111;8947711111
1420;8569939000;8448044444;8948044444
1421;8569942000;8448044444;8948044444
1422;8611073000;8489388888;8989388888
1432;8611194000;8489688888;8989688888
1433;8650988000;8531044444;9031044444
1442;8651135000;8531422222;9031422222
1443;8651138000;8531422222;9031422222
1444;8691397000;8572744444;9072744444
1454;8691508000;8573077777;9073077777
1455;8728731000;8614411111;9114411111
1464;8728850000;8614744444;9114744444
1465;8728852000;8614744444;9114744444
1466;8767817000;8656077777;9156077777
1474;8767928000;8656466666;9156466666
1475;8767932000;8656466666;9156466666
1476;8767933000;8656466666;9156466666
1477;8802578000;8697711111;9197711111
1480;8802581000;8697711111;9197711111
1481;8802582000;8697711111;9197711111
1482;8802583000;8697711111;9197711111
1483;8802584000;8697711111;9197711111
1484;8802784000;8697766666;9197766666
1485;8802799000;8698055555;9198055555
1486;8802800000;8698055555;9198055555
1487;8802801000;8698055555;9198055555
1488;8840697000;8739411111;9239411111
1491;8840700000;8739411111;9239411111
1493;8840701000;8739411111;9239411111
1494;8840702000;8739411111;9239411111
1497;8840812000;8739755555;9239755555
1498;8840816000;8739755555;9239755555
1499;8874441000;8781055555;9281055555
1500;8874444000;8781055555;9281055555
1501;8874445000;8781055555;9281055555
1502;8874446000;8781055555;9281055555
1503;8874447000;8781055555;9281055555
1504;8874448000;8781055555;9281055555
1505;8874449000;8781055555;9281055555
1506;8877242000;8781088888;9281088888
1510;8877257000;8822744444;9322744444
1511;8877258000;8822744444;9322744444
1512;8877259000;8822744444;9322744444
1513;8877260000;8822744444;9322744444
1514;8877261000;8822744444;9322744444
1515;8877262000;8822744444;9322744444
1516;8877263000;8822744444;9322744444
1517;8987162000;8822777777;9322777777
1530;8987178000;8864744444;9364744444
1531;8987179000;8864744444;9364744444
1532;9066618000;8906077777;9406077777
1552;9100509000;8948088888;9448088888
1561;9140519000;8989433333;9489433333
1573;9140526000;9031444444;9531444444
1574;9140527000;9031444444;9531444444
1575;9140528000;9031444444;9531444444
1576;9208008000;9072722222;9572722222
1589;9243490000;9114388888;9614388888
1597;9243602000;9114722222;9614722222
1598;9270508000;9156066666;9656066666
1607;9270619000;9156488888;9656488888
1608;9270622000;9156488888;9656488888
1609;9305585000;9197744444;9697744444
1617;9305696000;9198077777;9698077777
1618;9305700000;9198077777;9698077777
1619;9305701000;9198077777;9698077777
1620;9332948000;9239388888;9739388888
1621;9332972000;9239388888;9739388888
1622;9332974000;9239388888;9739388888
1623;9332980000;9239388888;9739388888
1625;9332981000;9239388888;9739388888
1626;9332982000;9239388888;9739388888
1627;9333219000;9239433333;9739433333
1630;9333234000;9239711111;9739711111
1631;9364956000;9281044444;9781044444
1632;9364959000;9281044444;9781044444
1633;9364960000;9281044444;9781044444
1634;9364961000;9281044444;9781044444
1635;9364962000;9281044444;9781044444
1636;9364963000;9281044444;9781044444
1637;9364964000;9281044444;9781044444
1638;9365163000;9281088888;9781088888
1639;9365178000;9281444444;9781444444
1640;9365179000;9281444444;9781444444
1641;9365180000;9281444444;9781444444
1642;9401679000;9322744444;9822744444
1643;9401683000;9322744444;9822744444
1644;9401684000;9322744444;9822744444
1645;9401685000;9322744444;9822744444
1646;9401686000;9322744444;9822744444
1647;9401687000;9322744444;9822744444
1648;9401688000;9322744444;9822744444
1649;9401909000;9322788888;9822788888
1650;9401915000;9323088888;9823088888
1651;9401916000;9323088888;9823088888
1652;9401917000;9323088888;9823088888
1653;9434666000;9364388888;9864388888
1654;9434670000;9364388888;9864388888
1656;9436573000;9364388888;9864388888
1658;9436575000;9364388888;9864388888
1659;9436576000;9364388888;9864388888
1660;9436794000;9364433333;9864433333
1661;9436809000;9364733333;9864733333
1662;9436811000;9364733333;9864733333
1663;9436812000;9364733333;9864733333
1664;9473534000;9406055555;9906055555
1665;9473537000;9406055555;9906055555
1666;9473538000;9406055555;9906055555
1667;9473539000;9406055555;9906055555
1668;9473540000;9406055555;9906055555
1669;9473541000;9406055555;9906055555
1670;9473542000;9406055555;9906055555
1671;9473663000;9406088888;9906088888
1672;9473668000;9406455555;9906455555
1673;9473669000;9406455555;9906455555
1674;9473670000;9406455555;9906455555
1675;9570249000;9447722222;9947722222
1685;9570314000;9448066666;9948066666
1686;9610971000;9489388888;9989388888
1695;9611074000;9489700000;9989700000
1696;9611087000;9489700000;9989700000
1697;9651724000;9531044444;10031044444
1707;9651853000;9531433333;10031433333
1708;9690464000;9572711111;10072711111
1717;9690576000;9573088888;10073088888
1718;9690579000;9573088888;10073088888
1719;9730293000;9614411111;10114411111
1729;9730406000;9614755555;10114755555
1730;9766125000;9656044444;10156044444
1738;9766210000;9656444444;10156444444
1739;9766214000;9656444444;10156444444
1740;9766215000;9656444444;10156444444
1741;9804807000;9697722222;10197722222
1750;9804919000;9698066666;10198066666
1751;9804922000;9698066666;10198066666
1752;9838428000;9739411111;10239411111
1760;9838538000;9739766666;10239766666
1761;9838540000;9739766666;10239766666
1762;9838541000;9739766666;10239766666
1763;9876165000;9781055555;10281055555
1772;9876278000;9781455555;10281455555
1773;9876281000;9781455555;10281455555
1774;9908952000;9822711111;10322711111
1775;9908955000;9822711111;10322711111
1776;9908956000;9822711111;10322711111
1777;9908957000;9822711111;10322711111
1778;9908958000;9822711111;10322711111
1779;9908959000;9822711111;10322711111
1780;9908960000;9822711111;10322711111
1781;9909170000;9822755555;10322755555
1782;9909185000;9823044444;10323044444
1783;9909186000;9823044444;10323044444
1784;9909187000;9823044444;10323044444
1785;9946779000;9864411111;10364411111
1786;9946783000;9864411111;10364411111
1787;9946784000;9864411111;10364411111
1788;9946785000;9864411111;10364411111
1789;9946786000;9864411111;10364411111
1790;9946787000;9864411111;10364411111
1791;9946788000;9864411111;10364411111
1792;9946988000;9864455555;10364455555
1793;9947003000;9864755555;10364755555
1794;9947004000;9864755555;10364755555
1795;9947005000;9864755555;10364755555
1796;9980384000;9906077777;10406077777
1797;9980387000;9906077777;10406077777
1798;9980388000;9906077777;10406077777
1799;9980389000;9906077777;10406077777
1800;9980390000;9906077777;10406077777
1801;9980391000;9906077777;10406077777
1802;9980392000;9906077777;10406077777
1803;9980607000;9906122222;10406122222
1804;9980623000;9906477777;10406477777
1805;9980624000;9906477777;10406477777
1806;9980633000;9906477777;10406477777
1807;10019036000;9947744444;10447744444
1808;10019039000;9947744444;10447744444
1809;10019040000;9947744444;10447744444
1810;10019041000;9947744444;10447744444
1811;10019042000;9947744444;10447744444
1812;10019050000;9947744444;10447744444
1813;10019051000;9947744444;10447744444
1814;10019251000;9947788888;10447788888
1815;10019257000;9948100000;10448100000
1816;10019258000;9948100000;10448100000
1817;10019259000;9948100000;10448100000
1818;10055545000;9989377777;10489377777
1819;10055548000;9989377777;10489377777
1820;10055550000;9989377777;10489377777
1821;10055551000;9989377777;10489377777
1822;10055552000;9989377777;10489377777
1823;10055552000;9989377777;10489377777
1824;10055553000;9989377777;10489377777
1825;10055754000;9989422222;10489422222
1826;10055769000;9989733333;10489733333
1827;10055770000;9989733333;10489733333
1828;10055771000;9989733333;10489733333
1829;10095611000;10031077777;10531077777
1830;10095614000;10031077777;10531077777
1831;10095615000;10031077777;10531077777
1832;10095616000;10031077777;10531077777
1833;10095617000;10031077777;10531077777
1834;10095618000;10031077777;10531077777
1835;10095619000;10031077777;10531077777
1836;10095741000;10031122222;10531122222
1837;10095746000;10031477777;10531477777
1838;10095747000;10031477777;10531477777
1839;10095748000;10031477777;10531477777
1840;10135042000;10072744444;10572744444
1841;10135054000;10072744444;10572744444
1842;10135056000;10072744444;10572744444
1843;10135057000;10072744444;10572744444
1844;10135058000;10072744444;10572744444
1845;10135059000;10072744444;10572744444
1846;10135060000;10072744444;10572744444
1848;10135127000;10073066666;10573066666
1849;10135138000;10073066666;10573066666
1850;10135139000;10073066666;10573066666
1851;10176279000;10114411111;10614411111
1852;10176283000;10114411111;10614411111
1853;10176284000;10114411111;10614411111
1854;10176285000;10114411111;10614411111
1855;10176286000;10114411111;10614411111
1856;10176287000;10114411111;10614411111
1857;10176298000;10114411111;10614411111
1858;10176428000;10114455555;10614455555
1859;10187179000;10114722222;10614722222
1860;10187190000;10114722222;10614722222
1861;10187191000;10114722222;10614722222
1862;10278176000;10156044444;10656044444
1872;10278241000;10156422222;10656422222
1873;10319286000;10197722222;10697722222
1883;10319350000;10198044444;10698044444
1884;10359827000;10239411111;10739411111
1894;10359892000;10239711111;10739711111
1895;10399507000;10281044444;10781044444
1905;10399572000;10281411111;10781411111
1906;10438265000;10322711111;10822711111
1916;10438330000;10323033333;10823033333
1917;10476108000;10364377777;10864377777
1925;10476174000;10364711111;10864711111
1926;10476185000;10364711111;10864711111
1927;10476186000;10364711111;10864711111
1928;10512773000;10406066666;10906066666
1936;10512839000;10406422222;10906422222
1937;10512851000;10406422222;10906422222
1938;10512852000;10406422222;10906422222
1939;10548797000;10447744444;10947744444
1947;10548852000;10448055555;10948055555
1948;10548855000;10448055555;10948055555
1949;10548856000;10448055555;10948055555
1950;10584163000;10489377777;10989377777
1958;10584227000;10489666666;10989666666
1959;10584229000;10489666666;10989666666
1960;10584240000;10489666666;10989666666
1961;10619590000;10531044444;11031044444
1962;10619593000;10531044444;11031044444
1963;10619594000;10531044444;11031044444
1964;10619595000;10531044444;11031044444
1965;10619596000;10531044444;11031044444
1966;10619597000;10531044444;11031044444
1967;10619598000;10531044444;11031044444
1968;10619700000;10531088888;11031088888
1969;10619705000;10531411111;11031411111
1970;10619706000;10531411111;11031411111
1971;10619707000;10531411111;11031411111
1972;10655040000;10572722222;11072722222
1973;10655050000;10572722222;11072722222
1974;10655051000;10572722222;11072722222
1975;10655052000;10572722222;11072722222
1976;10655053000;10572722222;11072722222
1977;10655054000;10572722222;11072722222
1978;10655055000;10572722222;11072722222
1979;10655177000;10572755555;11072755555
1980;10655201000;10573044444;11073044444
1981;10655202000;10573044444;11073044444
1982;10655203000;10573044444;11073044444
1983;10690855000;10614388888;11114388888
1984;10690859000;10614388888;11114388888
1985;10690860000;10614388888;11114388888
1986;10690861000;10614388888;11114388888
1987;10690861000;10614388888;11114388888
1988;10690863000;10614388888;11114388888
1989;10690863000;10614388888;11114388888
1990;10690980000;10614422222;11114422222
1991;10690985000;10614700000;11114700000
1992;10690987000;10614700000;11114700000
1993;10690988000;10614700000;11114700000
1994;10727401000;10656044444;11156044444
1995;10727404000;10656044444;11156044444
1996;10727405000;10656044444;11156044444
1997;10727406000;10656044444;11156044444
1998;10727407000;10656044444;11156044444
1999;10727408000;10656044444;11156044444
2000;10727409000;10656044444;11156044444
2001;10727531000;10656088888;11156088888
2002;10727536000;10656422222;11156422222
2003;10727537000;10656422222;11156422222
2004;10727538000;10656422222;11156422222
2005;10765113000;10697711111;11197711111
2006;10765117000;10697711111;11197711111
2007;10765118000;10697711111;11197711111
2008;10765119000;10697711111;11197711111
2009;10765120000;10697711111;11197711111
2010;10765121000;10697711111;11197711111
2011;10765122000;10697711111;11197711111
2012;10765247000;10697755555;11197755555
2013;10765252000;10698033333;11198033333
2014;10765254000;10698033333;11198033333
2015;10765255000;10698033333;11198033333
2016;10803981000;10739411111;11239411111
2017;10803985000;10739411111;11239411111
2018;10803986000;10739411111;11239411111
2019;10803987000;10739411111;11239411111
2020;10803988000;10739411111;11239411111
2021;10803989000;10739411111;11239411111
2022;10803990000;10739411111;11239411111
2023;10804100000;10739455555;11239455555
2024;10804105000;10739733333;11239733333
2025;10804106000;10739733333;11239733333
2026;10804107000;10739733333;11239733333
2027;10843708000;10781044444;11281044444
2028;10843711000;10781044444;11281044444
2029;10843712000;10781044444;11281044444
2030;10843714000;10781044444;11281044444
2031;10843714000;10781044444;11281044444
2032;10843715000;10781044444;11281044444
2033;10843716000;10781044444;11281044444
2034;10843838000;10781088888;11281088888
2035;10843843000;10781400000;11281400000
2036;10843844000;10781400000;11281400000
2037;10843845000;10781400000;11281400000
2038;10884249000;10822711111;11322711111
2039;10884252000;10822711111;11322711111
2040;10884254000;10822711111;11322711111
2041;10884255000;10822711111;11322711111
2042;10884256000;10822711111;11322711111
2043;10884257000;10822711111;11322711111
2044;10884258000;10822711111;11322711111
2045;10884378000;10822755555;11322755555
2046;10884383000;10823022222;11323022222
2047;10884385000;10823022222;11323022222
2048;10884386000;10823022222;11323022222
2049;10925148000;10864377777;11364377777
2050;10925152000;10864377777;11364377777
2051;10925153000;10864377777;11364377777
2052;10925154000;10864377777;11364377777
2053;10925155000;10864377777;11364377777
2054;10925156000;10864377777;11364377777
2055;10925156000;10864377777;11364377777
2056;10925275000;10864411111;11364411111
2057;10925280000;10864677777;11364677777
2058;10925282000;10864677777;11364677777
2059;10925283000;10864677777;11364677777
2060;10966800000;10906077777;11406077777
2061;10966803000;10906077777;11406077777
2062;10966804000;10906077777;11406077777
2063;10966805000;10906077777;11406077777
2064;10966806000;10906077777;11406077777
2065;10966807000;10906077777;11406077777
2066;10966808000;10906077777;11406077777
2067;10967022000;10906122222;11406122222
2068;10967025000;10906455555;11406455555
2069;10967026000;10906455555;11406455555
2070;10967027000;10906455555;11406455555
2071;11008133000;10947722222;11447722222
2072;11008137000;10947722222;11447722222
2073;11008138000;10947722222;11447722222
2074;11008139000;10947722222;11447722222
2075;11008140000;10947722222;11447722222
2076;11008140000;10947722222;11447722222
2077;11008141000;10947722222;11447722222
2078;11008291000;10947766666;11447766666
2079;11008294000;10948044444;11448044444
2080;11008304000;10948044444;11448044444
2081;11008305000;10948044444;11448044444
2082;11049956000;10989411111;11489411111
2083;11049959000;10989411111;11489411111
2084;11049960000;10989411111;11489411111
2085;11049961000;10989411111;11489411111
2086;11049962000;10989411111;11489411111
2087;11049963000;10989411111;11489411111
2088;11049964000;10989411111;11489411111
2089;11050164000;10989455555;11489455555
2090;11050179000;10989722222;11489722222
2091;11050180000;10989722222;11489722222
2092;11050181000;10989722222;11489722222
2093;11091560000;11031044444;11531044444
2094;11091563000;11031044444;11531044444
2095;11091564000;11031044444;11531044444
2096;11091565000;11031044444;11531044444
2097;11091566000;11031044444;11531044444
2098;11091567000;11031044444;11531044444
2099;11091568000;11031044444;11531044444
2100;11091768000;11031088888;11531088888
2101;11091784000;11031422222;11531422222
2102;11091785000;11031422222;11531422222
2103;11091786000;11031422222;11531422222
2104;11133194000;11072744444;11572744444
2105;11133197000;11072744444;11572744444
2106;11133198000;11072744444;11572744444
2107;11133199000;11072744444;11572744444
2108;11133200000;11072744444;11572744444
2109;11133201000;11072744444;11572744444
2110;11133202000;11072744444;11572744444
2111;11133322000;11072788888;11572788888
2112;11133327000;11073100000;11573100000
2113;11133328000;11073100000;11573100000
2114;11133329000;11073100000;11573100000
2115;11174668000;11114377777;11614377777
2116;11174671000;11114377777;11614377777
2117;11174672000;11114377777;11614377777
2118;11174673000;11114377777;11614377777
2119;11174675000;11114377777;11614377777
2120;11174676000;11114377777;11614377777
2121;11174676000;11114377777;11614377777
2122;11174799000;11114422222;11614422222
2123;11174804000;11114722222;11614722222
2124;11174805000;11114722222;11614722222
2125;11174806000;11114722222;11614722222
2126;11216367000;11156077777;11656077777
2127;11216371000;11156077777;11656077777
2128;11216372000;11156077777;11656077777
2129;11216372000;11156077777;11656077777
2130;11216373000;11156077777;11656077777
2131;11216374000;11156077777;11656077777
2132;11216375000;11156077777;11656077777
2133;11216496000;11156122222;11656122222
2134;11216501000;11156477777;11656477777
2135;11216503000;11156477777;11656477777
2136;11216504000;11156477777;11656477777
2137;11257998000;11197711111;11697711111
2138;11258001000;11197711111;11697711111
2139;11258002000;11197711111;11697711111
2140;11258003000;11197711111;11697711111
2141;11258004000;11197711111;11697711111
2142;11258005000;11197711111;11697711111
2143;11258006000;11197711111;11697711111
2144;11258129000;11197766666;11697766666
2145;11258134000;11198055555;11698055555
2146;11258136000;11198055555;11698055555
2147;11258136000;11198055555;11698055555
2148;11299667000;11239377777;11739377777
2149;11299670000;11239377777;11739377777
2150;11299671000;11239377777;11739377777
2151;11299672000;11239377777;11739377777
2152;11299673000;11239377777;11739377777
2153;11299674000;11239377777;11739377777
2154;11299675000;11239377777;11739377777
2155;11299796000;11239422222;11739422222
2156;11299802000;11239722222;11739722222
2157;11299803000;11239722222;11739722222
2158;11299804000;11239722222;11739722222
2159;11341329000;11281044444;11781044444
2160;11341333000;11281044444;11781044444
2161;11341334000;11281044444;11781044444
2162;11341335000;11281044444;11781044444
2163;11341336000;11281044444;11781044444
2164;11341337000;11281044444;11781044444
2165;11341338000;11281044444;11781044444
2166;11341459000;11281088888;11781088888
2167;11341464000;11281444444;11781444444
2168;11341465000;11281444444;11781444444
2169;11341466000;11281444444;11781444444
2170;11383008000;11322722222;11822722222
2171;11383012000;11322722222;11822722222
2172;11383013000;11322722222;11822722222
2173;11383014000;11322722222;11822722222
2174;11383015000;11322722222;11822722222
2175;11383016000;11322722222;11822722222
2176;11383016000;11322722222;11822722222
2177;11383155000;11322766666;11822766666
2178;11383160000;11323077777;11823077777
2179;11383161000;11323077777;11823077777
2180;11383169000;11323077777;11823077777
2181;11424674000;11364388888;11864388888
2182;11424677000;11364388888;11864388888
2183;11424678000;11364388888;11864388888
2184;11424679000;11364388888;11864388888
2185;11424680000;11364388888;11864388888
2186;11424681000;11364388888;11864388888
2187;11424682000;11364388888;11864388888
2188;11424804000;11364433333;11864433333
2189;11424809000;11364744444;11864744444
2190;11424810000;11364744444;11864744444
2191;11424811000;11364744444;11864744444
2192;11466341000;11406055555;11906055555
2193;11466345000;11406055555;11906055555
2194;11466346000;11406055555;11906055555
2195;11466347000;11406055555;11906055555
2196;11466348000;11406055555;11906055555
2197;11466349000;11406055555;11906055555
2198;11466350000;11406055555;11906055555
2199;11466471000;11406100000;11906100000
2200;11466476000;11406455555;11906455555
2201;11466477000;11406455555;11906455555
2202;11466478000;11406455555;11906455555
2203;11507997000;11447711111;11947711111
2204;11508000000;11447711111;11947711111
2205;11508001000;11447711111;11947711111
2206;11508002000;11447711111;11947711111
2207;11508003000;11447711111;11947711111
2208;11508004000;11447711111;11947711111
2209;11508005000;11447711111;11947711111
2210;11508132000;11447755555;11947755555
2211;11508137000;11448066666;11948066666
2212;11508138000;11448066666;11948066666
2213;11508139000;11448066666;11948066666
2214;11549675000;11489388888;11989388888
2215;11549678000;11489388888;11989388888
2216;11549680000;11489388888;11989388888
2217;11549681000;11489388888;11989388888
2218;11549681000;11489388888;11989388888
2219;11549683000;11489388888;11989388888
2220;11549683000;11489388888;11989388888
2221;11549804000;11489433333;11989433333
2222;11549810000;11489700000;11989700000
2223;11549811000;11489700000;11989700000
2224;11549812000;11489700000;11989700000
2225;11591331000;11531044444;12031044444
2226;11591334000;11531044444;12031044444
2227;11591335000;11531044444;12031044444
2228;11591336000;11531044444;12031044444
2229;11591337000;11531044444;12031044444
2230;11591338000;11531044444;12031044444
2231;11591339000;11531044444;12031044444
2232;11591460000;11531088888;12031088888
2233;11591465000;11531433333;12031433333
2234;11591467000;11531433333;12031433333
2235;11591468000;11531433333;12031433333
2236;11632997000;11572711111;12072711111
2237;11633000000;11572711111;12072711111
2238;11633001000;11572711111;12072711111
2239;11633002000;11572711111;12072711111
2240;11633003000;11572711111;12072711111
2241;11633004000;11572711111;12072711111
2242;11633005000;11572711111;12072711111
2243;11633132000;11572766666;12072766666
2244;11633138000;11573066666;12073066666
2245;11633139000;11573066666;12073066666
2246;11633140000;11573066666;12073066666
2247;11674697000;11614411111;12114411111
2248;11674700000;11614411111;12114411111
2249;11674701000;11614411111;12114411111
2250;11674702000;11614411111;12114411111
2251;11674703000;11614411111;12114411111
2252;11674704000;11614411111;12114411111
2253;11674705000;11614411111;12114411111
2254;11674807000;11614455555;12114455555
2255;11674812000;11614777777;12114777777
2256;11674813000;11614777777;12114777777
2257;11674814000;11614777777;12114777777
2258;11716363000;11656077777;12156077777
2259;11716367000;11656077777;12156077777
2260;11716368000;11656077777;12156077777
2261;11716369000;11656077777;12156077777
2262;11716369000;11656077777;12156077777
2263;11716370000;11656077777;12156077777
2264;11716371000;11656077777;12156077777
2265;11716493000;11656122222;12156122222
2266;11716498000;11656477777;12156477777
2267;11716499000;11656477777;12156477777
2268;11716500000;11656477777;12156477777
2269;11757997000;11697711111;12197711111
2270;11758001000;11697711111;12197711111
2271;11758001000;11697711111;12197711111
2272;11758002000;11697711111;12197711111
2273;11758003000;11697711111;12197711111
2274;11758004000;11697711111;12197711111
2275;11758005000;11697711111;12197711111
2276;11758129000;11697766666;12197766666
2277;11758134000;11698077777;12198077777
2278;11758135000;11698077777;12198077777
2279;11758136000;11698077777;12198077777
2280;11799731000;11739444444;12239444444
2281;11799734000;11739444444;12239444444
2282;11799736000;11739444444;12239444444
2283;11799736000;11739444444;12239444444
2284;11799737000;11739444444;12239444444
2285;11799738000;11739444444;12239444444
2286;11799739000;11739444444;12239444444
2287;11799860000;11739488888;12239488888
2288;11799865000;11739800000;12239800000
2289;11799867000;11739800000;12239800000
2290;11799868000;11739800000;12239800000
2291;11841342000;11781055555;12281055555
2292;11841345000;11781055555;12281055555
2293;11841346000;11781055555;12281055555
2294;11841347000;11781055555;12281055555
2295;11841348000;11781055555;12281055555
2296;11841349000;11781055555;12281055555
2297;11841350000;11781055555;12281055555
2298;11841471000;11781100000;12281100000
2299;11841476000;11781466666;12281466666
2300;11841477000;11781466666;12281466666
2301;11841478000;11781466666;12281466666
2302;11883010000;11822722222;12322722222
2303;11883014000;11822722222;12322722222
2304;11883015000;11822722222;12322722222
2305;11883016000;11822722222;12322722222
2306;11883017000;11822722222;12322722222
2307;11883018000;11822722222;12322722222
2308;11883019000;11822722222;12322722222
2309;11883147000;11822766666;12322766666
2310;11883152000;11823077777;12323077777
2311;11883153000;11823077777;12323077777
2312;11883155000;11823077777;12323077777
2313;11924697000;11864411111;12364411111
2314;11924700000;11864411111;12364411111
2315;11924701000;11864411111;12364411111
2316;11924702000;11864411111;12364411111
2317;11924703000;11864411111;12364411111
2318;11924704000;11864411111;12364411111
2319;11924705000;11864411111;12364411111
2320;11924827000;11864455555;12364455555
2321;11924832000;11864766666;12364766666
2322;11924833000;11864766666;12364766666
2323;11924834000;11864766666;12364766666
2324;11966330000;11906044444;12406044444
2325;11966334000;11906044444;12406044444
2326;11966335000;11906044444;12406044444
2327;11966335000;11906044444;12406044444
2328;11966336000;11906044444;12406044444
2329;11966337000;11906044444;12406044444
2330;11966338000;11906044444;12406044444
2331;11966459000;11906100000;12406100000
2332;11966464000;11906477777;12406477777
2333;11966466000;11906477777;12406477777
2334;11966467000;11906477777;12406477777
2335;12007996000;11947711111;12447711111
2336;12007999000;11947711111;12447711111
2337;12008000000;11947711111;12447711111
2338;12008001000;11947711111;12447711111
2339;12008002000;11947711111;12447711111
2340;12008003000;11947711111;12447711111
2341;12008004000;11947711111;12447711111
2342;12008133000;11947755555;12447755555
2343;12008138000;11948066666;12448066666
2344;12008139000;11948066666;12448066666
2345;12008140000;11948066666;12448066666
2346;12049697000;11989411111;12489411111
2347;12049700000;11989411111;12489411111
2348;12049701000;11989411111;12489411111
2349;12049702000;11989411111;12489411111
2350;12049703000;11989411111;12489411111
2351;12049704000;11989411111;12489411111
2352;12049705000;11989411111;12489411111
2353;12049806000;11989455555;12489455555
2354;12049811000;11989755555;12489755555
2355;12049812000;11989755555;12489755555
2356;12049813000;11989755555;12489755555
2357;12091377000;12031077777;12531077777
2358;12091380000;12031077777;12531077777
2359;12091381000;12031077777;12531077777
2360;12091383000;12031077777;12531077777
2361;12091383000;12031077777;12531077777
2362;12091384000;12031077777;12531077777
2363;12091385000;12031077777;12531077777
2364;12091510000;12031122222;12531122222
2365;12091515000;12031500000;12531500000
2366;12091516000;12031500000;12531500000
2367;12091517000;12031500000;12531500000
2368;12132996000;12072711111;12572711111
2369;12132999000;12072711111;12572711111
2370;12133000000;12072711111;12572711111
2371;12133001000;12072711111;12572711111
2372;12133002000;12072711111;12572711111
2373;12133003000;12072711111;12572711111
2374;12133004000;12072711111;12572711111
2375;12133132000;12072755555;12572755555
2376;12133137000;12073055555;12573055555
2377;12133138000;12073055555;12573055555
2378;12133139000;12073055555;12573055555
2379;12174854000;12114411111;12614411111
2380;12174864000;12114411111;12614411111
2381;12174865000;12114411111;12614411111
2382;12174866000;12114411111;12614411111
2383;12174867000;12114411111;12614411111
2384;12174868000;12114411111;12614411111
2385;12174869000;12114411111;12614411111
2387;12175116000;12114744444;12614744444
2388;12175119000;12114744444;12614744444
2389;12175120000;12114744444;12614744444
2390;12216342000;12156055555;12656055555
2391;12216346000;12156055555;12656055555
2392;12216347000;12156055555;12656055555
2393;12216348000;12156055555;12656055555
2394;12216349000;12156055555;12656055555
2395;12216350000;12156055555;12656055555
2396;12216351000;12156055555;12656055555
2397;12216472000;12156088888;12656088888
2398;12216477000;12156444444;12656444444
2399;12216478000;12156444444;12656444444
2400;12216479000;12156444444;12656444444
2401;12319923000;12197711111;12697711111
2410;12320036000;12198044444;12698044444
2411;12320039000;12198044444;12698044444
2412;12360937000;12239388888;12739388888
2422;12361002000;12239722222;12739722222
2423;12400845000;12281044444;12781044444
2432;12400910000;12281433333;12781433333
2433;12400922000;12281433333;12781433333
2434;12441192000;12322744444;12822744444
2444;12441258000;12323088888;12823088888
2445;12478556000;12364388888;12864388888
2454;12478621000;12364733333;12864733333
2455;12478624000;12364733333;12864733333
2456;12517663000;12406044444;12906044444
2465;12517729000;12406433333;12906433333
2466;12517741000;12406433333;12906433333
2467;12552474000;12447722222;12947722222
2475;12552539000;12448055555;12948055555
2476;12552542000;12448055555;12948055555
2477;12552552000;12448055555;12948055555
2478;12590436000;12489411111;12989411111
2487;12590501000;12489722222;12989722222
2488;12590513000;12489722222;12989722222
2489;12623515000;12531044444;13031044444
2490;12623518000;12531044444;13031044444
2491;12623519000;12531044444;13031044444
2492;12623520000;12531044444;13031044444
2493;12623521000;12531044444;13031044444
2494;12623522000;12531044444;13031044444
2495;12623523000;12531044444;13031044444
2496;12623643000;12531088888;13031088888
2497;12623647000;12531433333;13031433333
2498;12623649000;12531433333;13031433333
2499;12623650000;12531433333;13031433333
2500;12661275000;12572733333;13072733333
2501;12661278000;12572733333;13072733333
2502;12661279000;12572733333;13072733333
2503;12661280000;12572733333;13072733333
2504;12661281000;12572733333;13072733333
2505;12661282000;12572733333;13072733333
2506;12661283000;12572733333;13072733333
2507;12661404000;12572788888;13072788888
2508;12661409000;12573088888;13073088888
2509;12661410000;12573088888;13073088888
2510;12661411000;12573088888;13073088888
2511;12694449000;12614411111;13114411111
2512;12694452000;12614411111;13114411111
2513;12694453000;12614411111;13114411111
2514;12694454000;12614411111;13114411111
2515;12694455000;12614411111;13114411111
2516;12694456000;12614411111;13114411111
2517;12694457000;12614411111;13114411111
2518;12694579000;12614455555;13114455555
2519;12694584000;12614755555;13114755555
2520;12694585000;12614755555;13114755555
2521;12694586000;12614755555;13114755555
2522;12732543000;12656044444;13156044444
2523;12732546000;12656044444;13156044444
2524;12732547000;12656044444;13156044444
2525;12732548000;12656044444;13156044444
2526;12732549000;12656044444;13156044444
2527;12732550000;12656044444;13156044444
2528;12732551000;12656044444;13156044444
2529;12732750000;12656088888;13156088888
2530;12732765000;12656444444;13156444444
2531;12732766000;12656444444;13156444444
2532;12732767000;12656444444;13156444444
2533;12767403000;12697711111;13197711111
2534;12767406000;12697711111;13197711111
2535;12767407000;12697711111;13197711111
2536;12767408000;12697711111;13197711111
2537;12767409000;12697711111;13197711111
2538;12767410000;12697711111;13197711111
2539;12767411000;12697711111;13197711111
2540;12767611000;12697766666;13197766666
2541;12767626000;12698066666;13198066666
2542;12767627000;12698066666;13198066666
2543;12767628000;12698066666;13198066666
2544;12806968000;12739411111;13239411111
2545;12806971000;12739411111;13239411111
2546;12806981000;12739411111;13239411111
2547;12806982000;12739411111;13239411111
2548;12806982000;12739411111;13239411111
2549;12806983000;12739411111;13239411111
2550;12806984000;12739411111;13239411111
2551;12807215000;12739455555;13239455555
2552;12807220000;12739766666;13239766666
2553;12807221000;12739766666;13239766666
2554;12807222000;12739766666;13239766666
2555;12844973000;12781055555;13281055555
2556;12844976000;12781055555;13281055555
2557;12844977000;12781055555;13281055555
2558;12844978000;12781055555;13281055555
2559;12844979000;12781055555;13281055555
2560;12844980000;12781055555;13281055555
2561;12844981000;12781055555;13281055555
2562;12845188000;12781100000;13281100000
2563;12845203000;12781433333;13281433333
2564;12845204000;12781433333;13281433333
2565;12845205000;12781433333;13281433333
2566;12885615000;12822744444;13322744444
2567;12885618000;12822744444;13322744444
2568;12885619000;12822744444;13322744444
2569;12885620000;12822744444;13322744444
2570;12885621000;12822744444;13322744444
2571;12885622000;12822744444;13322744444
2572;12885623000;12822744444;13322744444
2573;12885830000;12822788888;13322788888
2574;12885845000;12823077777;13323077777
2575;12885847000;12823077777;13323077777
2576;12885848000;12823077777;13323077777
2577;12925829000;12864388888;13364388888
2578;12925832000;12864388888;13364388888
2579;12925833000;12864388888;13364388888
2580;12925834000;12864388888;13364388888
2581;12925835000;12864388888;13364388888
2582;12925836000;12864388888;13364388888
2583;12925837000;12864388888;13364388888
2584;12926036000;12864433333;13364433333
2585;12926058000;12864722222;13364722222
2586;12926060000;12864722222;13364722222
2587;12926060000;12864722222;13364722222
2588;12967155000;12906044444;13406044444
2589;12967159000;12906044444;13406044444
2590;12967160000;12906044444;13406044444
2591;12967161000;12906044444;13406044444
2592;12967161000;12906044444;13406044444
2593;12967162000;12906044444;13406044444
2594;12967163000;12906044444;13406044444
2595;12967363000;12906100000;13406100000
2596;12967378000;12906455555;13406455555
2597;12967379000;12906455555;13406455555
2598;12967380000;12906455555;13406455555
2599;13008241000;12947722222;13447722222
2600;13008245000;12947722222;13447722222
2601;13008246000;12947722222;13447722222
2602;13008247000;12947722222;13447722222
2603;13008248000;12947722222;13447722222
2604;13008249000;12947722222;13447722222
2605;13008249000;12947722222;13447722222
2606;13008449000;12947766666;13447766666
2607;13008455000;12948066666;13448066666
2608;13008456000;12948066666;13448066666
2609;13008458000;12948066666;13448066666
2610;13049859000;12989422222;13489422222
2611;13049862000;12989422222;13489422222
2612;13049863000;12989422222;13489422222
2613;13049864000;12989422222;13489422222
2614;13049865000;12989422222;13489422222
2615;13049866000;12989422222;13489422222
2616;13049867000;12989422222;13489422222
2617;13050037000;12989466666;13489466666
2618;13050049000;12989755555;13489755555
2619;13050050000;12989755555;13489755555
2620;13050051000;12989755555;13489755555
2621;13091607000;13031077777;13531077777
2622;13091610000;13031077777;13531077777
2623;13091611000;13031077777;13531077777
2624;13091612000;13031077777;13531077777
2625;13091613000;13031077777;13531077777
2626;13091614000;13031077777;13531077777
2627;13091615000;13031077777;13531077777
2628;13091830000;13031122222;13531122222
2629;13091833000;13031477777;13531477777
2630;13091835000;13031477777;13531477777
2631;13091836000;13031477777;13531477777
2632;13133020000;13072711111;13572711111
2633;13133023000;13072711111;13572711111
2634;13133025000;13072711111;13572711111
2635;13133035000;13072711111;13572711111
2636;13133036000;13072711111;13572711111
2637;13133037000;13072711111;13572711111
2638;13133037000;13072711111;13572711111
2639;13133271000;13072766666;13572766666
2640;13133287000;13073044444;13573044444
2641;13133288000;13073044444;13573044444
2642;13133289000;13073044444;13573044444
2643;13174881000;13114388888;13614388888
2644;13174884000;13114388888;13614388888
2645;13174885000;13114388888;13614388888
2646;13174895000;13114388888;13614388888
2647;13174895000;13114388888;13614388888
2648;13174897000;13114388888;13614388888
2649;13174898000;13114388888;13614388888
2650;13175104000;13114433333;13614433333
2651;13175119000;13114700000;13614700000
2652;13175120000;13114700000;13614700000
2653;13175121000;13114700000;13614700000
2654;13216549000;13156044444;13656044444
2655;13216553000;13156044444;13656044444
2656;13216554000;13156044444;13656044444
2657;13216555000;13156044444;13656044444
2658;13216555000;13156044444;13656044444
2659;13216557000;13156044444;13656044444
2660;13216558000;13156044444;13656044444
2661;13216728000;13156088888;13656088888
2662;13216732000;13156422222;13656422222
2663;13216733000;13156422222;13656422222
2664;13216734000;13156422222;13656422222
2665;13258068000;13197711111;13697711111
2666;13258071000;13197711111;13697711111
2667;13258072000;13197711111;13697711111
2668;13258073000;13197711111;13697711111
2669;13258074000;13197711111;13697711111
2670;13258075000;13197711111;13697711111
2671;13258076000;13197711111;13697711111
2672;13258276000;13197766666;13697766666
2673;13258291000;13198022222;13698022222
2674;13258292000;13198022222;13698022222
2675;13258293000;13198022222;13698022222
2676;13299882000;13239377777;13739377777
2677;13299886000;13239377777;13739377777
2678;13299887000;13239377777;13739377777
2679;13299888000;13239377777;13739377777
2680;13299889000;13239377777;13739377777
2681;13299890000;13239377777;13739377777
2682;13299891000;13239377777;13739377777
2683;13300068000;13239422222;13739422222
2684;13300072000;13239688888;13739688888
2685;13300073000;13239688888;13739688888
2686;13300074000;13239688888;13739688888
2687;13341382000;13281044444;13781044444
2688;13341385000;13281044444;13781044444
2689;13341386000;13281044444;13781044444
2690;13341387000;13281044444;13781044444
2691;13341388000;13281044444;13781044444
2692;13341389000;13281044444;13781044444
2693;13341390000;13281044444;13781044444
2694;13341619000;13281088888;13781088888
2695;13341634000;13281411111;13781411111
2696;13341636000;13281411111;13781411111
2697;13341637000;13281411111;13781411111
2698;13383212000;13322722222;13822722222
2699;13383215000;13322722222;13822722222
2700;13383216000;13322722222;13822722222
2701;13383217000;13322722222;13822722222
2702;13383218000;13322722222;13822722222
2703;13383219000;13322722222;13822722222
2704;13383220000;13322722222;13822722222
2705;13383419000;13322766666;13822766666
2706;13383435000;13323044444;13823044444
2707;13383436000;13323044444;13823044444
2708;13383437000;13323044444;13823044444
2709;13424721000;13364388888;13864388888
2710;13424724000;13364388888;13864388888
2711;13424725000;13364388888;13864388888
2712;13424726000;13364388888;13864388888
2713;13424727000;13364388888;13864388888
2714;13424728000;13364388888;13864388888
2715;13424729000;13364388888;13864388888
2716;13424928000;13364433333;13864433333
2717;13424944000;13364711111;13864711111
2718;13424945000;13364711111;13864711111
2719;13424946000;13364711111;13864711111
2720;13466551000;13406044444;13906044444
2721;13466554000;13406044444;13906044444
2722;13466555000;13406044444;13906044444
2723;13466556000;13406044444;13906044444
2724;13466557000;13406044444;13906044444
2725;13466558000;13406044444;13906044444
2726;13466559000;13406044444;13906044444
2727;13466775000;13406100000;13906100000
2728;13466790000;13406422222;13906422222
2729;13466792000;13406422222;13906422222
2730;13466792000;13406422222;13906422222
2731;13508063000;13447722222;13947722222
2732;13508067000;13447722222;13947722222
2733;13508068000;13447722222;13947722222
2734;13508069000;13447722222;13947722222
2735;13508070000;13447722222;13947722222
2736;13508071000;13447722222;13947722222
2737;13508072000;13447722222;13947722222
2738;13508210000;13447766666;13947766666
2739;13508212000;13448055555;13948055555
2740;13508213000;13448055555;13948055555
2741;13508214000;13448055555;13948055555
2742;13549745000;13489411111;13989411111
2743;13549748000;13489411111;13989411111
2744;13549749000;13489411111;13989411111
2745;13549750000;13489411111;13989411111
2746;13549759000;13489411111;13989411111
2747;13549760000;13489411111;13989411111
2748;13549761000;13489411111;13989411111
2749;13549977000;13489455555;13989455555
2750;13549993000;13489700000;13989700000
2751;13549994000;13489700000;13989700000
2752;13549995000;13489700000;13989700000
2753;13591530000;13531044444;14031044444
2754;13591533000;13531044444;14031044444
2755;13591534000;13531044444;14031044444
2756;13591535000;13531044444;14031044444
2757;13591536000;13531044444;14031044444
2758;13591537000;13531044444;14031044444
2759;13591538000;13531044444;14031044444
2760;13591674000;13531088888;14031088888
2761;13591676000;13531411111;14031411111
2762;13591677000;13531411111;14031411111
2763;13591678000;13531411111;14031411111
2764;13633063000;13572722222;14072722222
2765;13633066000;13572722222;14072722222
2766;13633067000;13572722222;14072722222
2767;13633068000;13572722222;14072722222
2768;13633070000;13572722222;14072722222
2769;13633070000;13572722222;14072722222
2770;13633071000;13572722222;14072722222
2771;13633271000;13572766666;14072766666
2772;13633286000;13573044444;14073044444
2773;13633288000;13573044444;14073044444
2774;13633289000;13573044444;14073044444
2775;13674722000;13614388888;14114388888
2776;13674726000;13614388888;14114388888
2777;13674727000;13614388888;14114388888
2778;13674728000;13614388888;14114388888
2779;13674728000;13614388888;14114388888
2780;13674730000;13614388888;14114388888
2781;13674730000;13614388888;14114388888
2782;13674931000;13614433333;14114433333
2783;13674946000;13614700000;14114700000
2784;13674947000;13614700000;14114700000
2785;13674948000;13614700000;14114700000
2786;13716556000;13656066666;14156066666
2787;13716560000;13656066666;14156066666
2788;13716561000;13656066666;14156066666
2789;13716562000;13656066666;14156066666
2790;13716563000;13656066666;14156066666
2791;13716564000;13656066666;14156066666
2792;13716565000;13656066666;14156066666
2793;13716764000;13656122222;14156122222
2794;13716779000;13656466666;14156466666
2795;13716780000;13656466666;14156466666
2796;13716781000;13656466666;14156466666
2797;13758060000;13697722222;14197722222
2798;13758064000;13697722222;14197722222
2799;13758065000;13697722222;14197722222
2800;13758066000;13697722222;14197722222
2801;13758067000;13697722222;14197722222
2802;13758068000;13697722222;14197722222
2803;13758069000;13697722222;14197722222
2804;13758281000;13697766666;14197766666
2805;13758284000;13698044444;14198044444
2806;13758285000;13698044444;14198044444
2807;13758286000;13698044444;14198044444
2808;13799756000;13739411111;14239411111
2809;13799760000;13739411111;14239411111
2810;13799761000;13739411111;14239411111
2811;13799762000;13739411111;14239411111
2812;13799762000;13739411111;14239411111
2813;13799763000;13739411111;14239411111
2814;13799764000;13739411111;14239411111
2815;13799975000;13739455555;14239455555
2816;13799979000;13739744444;14239744444
2817;13799980000;13739744444;14239744444
2818;13799981000;13739744444;14239744444
2819;13841544000;13781055555;14281055555
2820;13841548000;13781055555;14281055555
2821;13841549000;13781055555;14281055555
2822;13841550000;13781055555;14281055555
2823;13841551000;13781055555;14281055555
2824;13841552000;13781055555;14281055555
2825;13841553000;13781055555;14281055555
2826;13841688000;13781100000;14281100000
2827;13841691000;13781433333;14281433333
2828;13841692000;13781433333;14281433333
2829;13841693000;13781433333;14281433333
2830;13882992000;13822711111;14322711111
2831;13882995000;13822711111;14322711111
2832;13882996000;13822711111;14322711111
2833;13883006000;13822711111;14322711111
2834;13883007000;13822711111;14322711111
2835;13883008000;13822711111;14322711111
2836;13883009000;13822711111;14322711111
2837;13883151000;13822755555;14322755555
2838;13883153000;13823033333;14323033333
2839;13883154000;13823033333;14323033333
2840;13883155000;13823033333;14323033333
2841;13924712000;13864377777;14364377777
2842;13924715000;13864377777;14364377777
2843;13924716000;13864377777;14364377777
2844;13924717000;13864377777;14364377777
2845;13924725000;13864377777;14364377777
2846;13924726000;13864377777;14364377777
2847;13924727000;13864377777;14364377777
2848;13924928000;13864422222;14364422222
2849;13924943000;13864700000;14364700000
2850;13924944000;13864700000;14364700000
2851;13924945000;13864700000;14364700000
2852;13966394000;13906044444;14406044444
2853;13966397000;13906044444;14406044444
2854;13966398000;13906044444;14406044444
2855;13966399000;13906044444;14406044444
2856;13966400000;13906044444;14406044444
2857;13966401000;13906044444;14406044444
2858;13966402000;13906044444;14406044444
2859;13966602000;13906088888;14406088888
2860;13966617000;13906433333;14406433333
2861;13966618000;13906433333;14406433333
2862;13966619000;13906433333;14406433333
2863;14008079000;13947722222;14447722222
2864;14008082000;13947722222;14447722222
2865;14008083000;13947722222;14447722222
2866;14008084000;13947722222;14447722222
2867;14008085000;13947722222;14447722222
2868;14008086000;13947722222;14447722222
2869;14008087000;13947722222;14447722222
2870;14008287000;13947766666;14447766666
2871;14008293000;13948044444;14448044444
2872;14008294000;13948044444;14448044444
2873;14008295000;13948044444;14448044444
2874;14049756000;13989411111;14489411111
2875;14049760000;13989411111;14489411111
2876;14049761000;13989411111;14489411111
2877;14049762000;13989411111;14489411111
2878;14049763000;13989411111;14489411111
2879;14049764000;13989411111;14489411111
2880;14049765000;13989411111;14489411111
2881;14049976000;13989455555;14489455555
2882;14049979000;13989722222;14489722222
2883;14049980000;13989722222;14489722222
2884;14049981000;13989722222;14489722222
2885;14091534000;14031044444;14531044444
2886;14091537000;14031044444;14531044444
2887;14091538000;14031044444;14531044444
2888;14091539000;14031044444;14531044444
2889;14091540000;14031044444;14531044444
2890;14091541000;14031044444;14531044444
2891;14091542000;14031044444;14531044444
2892;14091741000;14031088888;14531088888
2893;14091757000;14031433333;14531433333
2894;14091758000;14031433333;14531433333
2895;14091759000;14031433333;14531433333
2896;14133250000;14072744444;14572744444
2897;14133253000;14072744444;14572744444
2898;14133254000;14072744444;14572744444
2899;14133255000;14072744444;14572744444
2900;14133256000;14072744444;14572744444
2901;14133257000;14072744444;14572744444
2902;14133258000;14072744444;14572744444
2903;14133428000;14072788888;14572788888
2904;14133432000;14073055555;14573055555
2905;14133433000;14073055555;14573055555
2906;14133435000;14073055555;14573055555
2907;14174744000;14114411111;14614411111
2908;14174747000;14114411111;14614411111
2909;14174748000;14114411111;14614411111
2910;14174749000;14114411111;14614411111
2911;14174750000;14114411111;14614411111
2912;14174751000;14114411111;14614411111
2913;14174752000;14114411111;14614411111
2914;14174951000;14114455555;14614455555
2915;14174966000;14114722222;14614722222
2916;14174967000;14114722222;14614722222
2917;14174968000;14114722222;14614722222
2918;14216366000;14156044444;14656044444
2919;14216369000;14156044444;14656044444
2920;14216370000;14156044444;14656044444
2921;14216371000;14156044444;14656044444
2922;14216372000;14156044444;14656044444
2923;14216373000;14156044444;14656044444
2924;14216374000;14156044444;14656044444
2925;14216573000;14156088888;14656088888
2926;14216579000;14156411111;14656411111
2927;14216580000;14156411111;14656411111
2928;14216581000;14156411111;14656411111
2929;14258061000;14197722222;14697722222
2930;14258065000;14197722222;14697722222
2931;14258066000;14197722222;14697722222
2932;14258067000;14197722222;14697722222
2933;14258068000;14197722222;14697722222
2934;14258069000;14197722222;14697722222
2935;14258070000;14197722222;14697722222
2936;14258284000;14197766666;14697766666
2937;14258299000;14198033333;14698033333
2938;14258300000;14198033333;14698033333
2939;14258301000;14198033333;14698033333
2940;14299866000;14239377777;14739377777
2941;14299869000;14239377777;14739377777
2942;14299871000;14239377777;14739377777
2943;14299871000;14239377777;14739377777
2944;14299872000;14239377777;14739377777
2945;14299882000;14239377777;14739377777
2946;14299883000;14239377777;14739377777
2947;14300088000;14239422222;14739422222
2948;14300103000;14239677777;14739677777
2949;14300104000;14239677777;14739677777
2950;14300105000;14239677777;14739677777
2951;14341381000;14281044444;14781044444
2952;14341384000;14281044444;14781044444
2953;14341385000;14281044444;14781044444
2954;14341386000;14281044444;14781044444
2955;14341387000;14281044444;14781044444
2956;14341388000;14281044444;14781044444
2957;14341389000;14281044444;14781044444
2958;14341587000;14281088888;14781088888
2959;14341602000;14281411111;14781411111
2960;14341604000;14281411111;14781411111
2961;14341605000;14281411111;14781411111
2962;14383244000;14322722222;14822722222
2963;14383247000;14322722222;14822722222
2964;14383248000;14322722222;14822722222
2965;14383249000;14322722222;14822722222
2967;14383250000;14322722222;14822722222
2968;14383251000;14322722222;14822722222
2969;14383466000;14322766666;14822766666
2970;14383469000;14323033333;14823033333
2971;14383470000;14323033333;14823033333
2972;14383471000;14323033333;14823033333
2973;14424693000;14364377777;14864377777
2974;14424697000;14364377777;14864377777
2975;14424698000;14364377777;14864377777
2976;14424699000;14364377777;14864377777
2977;14424700000;14364377777;14864377777
2978;14424701000;14364377777;14864377777
2979;14424701000;14364377777;14864377777
2980;14424916000;14364422222;14864422222
2981;14424931000;14364700000;14864700000
2982;14424933000;14364700000;14864700000
2983;14424934000;14364700000;14864700000
2984;14528242000;14406044444;14906044444
2993;14528321000;14406411111;14906411111
2994;14528323000;14406411111;14906411111
2995;14569490000;14447722222;14947722222
3005;14569564000;14448033333;14948033333
3006;14609390000;14489377777;14989377777
3012;14609392000;14489377777;14989377777
3013;14609535000;14489433333;14989433333
3014;14609538000;14489677777;14989677777
3015;14609539000;14489677777;14989677777
3016;14609540000;14489677777;14989677777
3017;14649835000;14531044444;15031044444
3027;14649947000;14531400000;15031400000
3028;14688410000;14572711111;15072711111
3038;14688474000;14573044444;15073044444
3039;14727574000;14614377777;15114377777
3048;14727639000;14614688888;15114688888
3049;14727651000;14614688888;15114688888
3050;14763408000;14656044444;15156044444
3060;14763474000;14656433333;15156433333
3061;14796969000;14697744444;15197744444
3069;14797032000;14698066666;15198066666
3070;14797035000;14698066666;15198066666
3071;14797036000;14698066666;15198066666
3072;14834830000;14739411111;15239411111
3082;14834894000;14739733333;15239733333
3083;14867393000;14781044444;15281044444
3084;14867396000;14781044444;15281044444
3085;14867397000;14781044444;15281044444
3086;14867398000;14781044444;15281044444
3087;14867399000;14781044444;15281044444
3088;14867400000;14781044444;15281044444
3089;14867401000;14781044444;15281044444
3090;14867522000;14781088888;15281088888
3091;14867528000;14781400000;15281400000
3092;14867529000;14781400000;15281400000
3093;14867530000;14781400000;15281400000
3094;14905240000;14822744444;15322744444
3095;14905243000;14822744444;15322744444
3096;14905244000;14822744444;15322744444
3097;14905245000;14822744444;15322744444
3098;14905246000;14822744444;15322744444
3099;14905247000;14822744444;15322744444
3100;14905248000;14822744444;15322744444
3101;14905350000;14822788888;15322788888
3102;14905355000;14823055555;15323055555
3103;14905356000;14823055555;15323055555
3104;14905357000;14823055555;15323055555
3105;14938004000;14864377777;15364377777
3106;14938008000;14864377777;15364377777
3107;14938009000;14864377777;15364377777
3108;14938010000;14864377777;15364377777
3109;14938011000;14864377777;15364377777
3110;14938012000;14864377777;15364377777
3111;14938013000;14864377777;15364377777
3112;14938141000;14864433333;15364433333
3113;14938147000;14864711111;15364711111
3114;14938148000;14864711111;15364711111
3115;14938149000;14864711111;15364711111
3116;14976827000;14906044444;15406044444
3117;14976831000;14906044444;15406044444
3118;14976832000;14906044444;15406044444
3119;14976840000;14906044444;15406044444
3120;14976841000;14906044444;15406044444
3121;14976842000;14906044444;15406044444
3122;14976843000;14906044444;15406044444
3123;14976965000;14906088888;15406088888
3124;14976971000;14906422222;15406422222
3125;14976972000;14906422222;15406422222
3126;14976973000;14906422222;15406422222
3127;15013570000;14947711111;15447711111
3128;15013574000;14947711111;15447711111
3129;15013575000;14947711111;15447711111
3130;15013576000;14947711111;15447711111
3131;15013577000;14947711111;15447711111
3132;15013578000;14947711111;15447711111
3133;15013579000;14947711111;15447711111
3134;15013711000;14947755555;15447755555
3135;15013727000;14948033333;15448033333
3136;15013728000;14948033333;15448033333
3137;15013729000;14948033333;15448033333
3138;15053904000;14989411111;15489411111
3139;15053907000;14989411111;15489411111
3140;15053908000;14989411111;15489411111
3141;15053909000;14989411111;15489411111
3142;15053910000;14989411111;15489411111
3143;15053911000;14989411111;15489411111
3144;15053912000;14989411111;15489411111
3145;15054032000;14989455555;15489455555
3146;15054037000;14989722222;15489722222
3147;15054038000;14989722222;15489722222
3148;15054039000;14989722222;15489722222
3149;15093201000;15031044444;15531044444
3150;15093205000;15031044444;15531044444
3151;15093206000;15031044444;15531044444
3152;15093207000;15031044444;15531044444
3153;15093207000;15031044444;15531044444
3154;15093208000;15031044444;15531044444
3155;15093209000;15031044444;15531044444
3156;15093332000;15031088888;15531088888
3157;15093337000;15031422222;15531422222
3158;15093338000;15031422222;15531422222
3159;15093338000;15031422222;15531422222
3160;15134114000;15072777777;15572777777
3161;15134117000;15072777777;15572777777
3162;15134118000;15072777777;15572777777
3163;15134119000;15072777777;15572777777
3164;15134120000;15072777777;15572777777
3165;15134121000;15072777777;15572777777
3166;15134122000;15072777777;15572777777
3167;15134242000;15072811111;15572811111
3168;15134248000;15073088888;15573088888
3169;15134249000;15073088888;15573088888
3170;15134250000;15073088888;15573088888
3171;15175013000;15114377777;15614377777
3172;15175016000;15114377777;15614377777
3173;15175017000;15114377777;15614377777
3174;15175018000;15114377777;15614377777
3175;15175019000;15114377777;15614377777
3176;15175020000;15114377777;15614377777
3177;15175021000;15114377777;15614377777
3178;15175150000;15114422222;15614422222
3179;15175155000;15114700000;15614700000
3180;15175156000;15114700000;15614700000
3181;15175157000;15114700000;15614700000
3182;15216532000;15156044444;15656044444
3183;15216536000;15156044444;15656044444
3184;15216537000;15156044444;15656044444
3185;15216538000;15156044444;15656044444
3186;15216539000;15156044444;15656044444
3187;15216540000;15156044444;15656044444
3188;15216541000;15156044444;15656044444
3189;15216663000;15156088888;15656088888
3190;15216668000;15156422222;15656422222
3191;15216669000;15156422222;15656422222
3192;15216670000;15156422222;15656422222
3193;15258086000;15197722222;15697722222
3194;15258089000;15197722222;15697722222
3195;15258090000;15197722222;15697722222
3196;15258091000;15197722222;15697722222
3197;15258092000;15197722222;15697722222
3198;15258093000;15197722222;15697722222
3199;15258094000;15197722222;15697722222
3200;15258215000;15197755555;15697755555
3201;15258220000;15198022222;15698022222
3202;15258221000;15198022222;15698022222
3203;15258222000;15198022222;15698022222
3204;15299679000;15239377777;15739377777
3205;15299683000;15239377777;15739377777
3206;15299684000;15239377777;15739377777
3207;15299685000;15239377777;15739377777
3208;15299686000;15239377777;15739377777
3209;15299687000;15239377777;15739377777
3210;15299688000;15239377777;15739377777
3211;15299809000;15239422222;15739422222
3212;15299815000;15239688888;15739688888
3213;15299816000;15239688888;15739688888
3214;15299817000;15239688888;15739688888
3215;15341482000;15281044444;15781044444
3216;15341485000;15281044444;15781044444
3217;15341486000;15281044444;15781044444
3218;15341487000;15281044444;15781044444
3219;15341495000;15281044444;15781044444
3220;15341496000;15281044444;15781044444
3221;15341497000;15281044444;15781044444
3222;15341619000;15281088888;15781088888
3223;15341624000;15281411111;15781411111
3224;15341625000;15281411111;15781411111
3225;15341626000;15281411111;15781411111
3226;15383017000;15322744444;15822744444
3227;15383020000;15322744444;15822744444
3228;15383021000;15322744444;15822744444
3229;15383022000;15322744444;15822744444
3230;15383023000;15322744444;15822744444
3231;15383024000;15322744444;15822744444
3232;15383025000;15322744444;15822744444
3233;15383148000;15322788888;15822788888
3234;15383154000;15323066666;15823066666
3235;15383155000;15323066666;15823066666
3236;15383156000;15323066666;15823066666
3237;15424648000;15364377777;15864377777
3238;15424652000;15364377777;15864377777
3239;15424653000;15364377777;15864377777
3240;15424654000;15364377777;15864377777
3241;15424655000;15364377777;15864377777
3242;15424656000;15364377777;15864377777
3243;15424657000;15364377777;15864377777
3244;15424779000;15364422222;15864422222
3245;15424784000;15364711111;15864711111
3246;15424785000;15364711111;15864711111
3247;15424786000;15364711111;15864711111
3248;15466326000;15406055555;15906055555
3249;15466330000;15406055555;15906055555
3250;15466331000;15406055555;15906055555
3251;15466332000;15406055555;15906055555
3252;15466332000;15406055555;15906055555
3253;15466333000;15406055555;15906055555
3254;15466334000;15406055555;15906055555
3255;15466456000;15406100000;15906100000
3256;15466462000;15406433333;15906433333
3257;15466463000;15406433333;15906433333
3258;15466464000;15406433333;15906433333
3259;15507992000;15447722222;15947722222
3260;15507995000;15447722222;15947722222
3261;15507996000;15447722222;15947722222
3262;15507998000;15447722222;15947722222
3263;15507998000;15447722222;15947722222
3264;15507999000;15447722222;15947722222
3265;15508000000;15447722222;15947722222
3266;15508128000;15447755555;15947755555
3267;15508133000;15448033333;15948033333
3268;15508134000;15448033333;15948033333
3269;15508135000;15448033333;15948033333
3270;15549647000;15489377777;15989377777
3271;15549651000;15489377777;15989377777
3272;15549652000;15489377777;15989377777
3273;15549653000;15489377777;15989377777
3274;15549654000;15489377777;15989377777
3275;15549655000;15489377777;15989377777
3276;15549655000;15489377777;15989377777
3277;15549777000;15489422222;15989422222
3278;15549782000;15489666666;15989666666
3279;15549784000;15489666666;15989666666
3280;15549785000;15489666666;15989666666
3281;15591315000;15531044444;16031044444
3282;15591318000;15531044444;16031044444
3283;15591319000;15531044444;16031044444
3284;15591320000;15531044444;16031044444
3285;15591321000;15531044444;16031044444
3286;15591322000;15531044444;16031044444
3287;15591323000;15531044444;16031044444
3288;15591445000;15531088888;16031088888
3289;15591450000;15531411111;16031411111
3290;15591452000;15531411111;16031411111
3291;15591453000;15531411111;16031411111
3292;15632992000;15572722222;16072722222
3293;15632995000;15572722222;16072722222
3294;15632996000;15572722222;16072722222
3295;15632997000;15572722222;16072722222
3296;15632998000;15572722222;16072722222
3297;15632999000;15572722222;16072722222
3298;15633000000;15572722222;16072722222
3299;15633128000;15572755555;16072755555
3300;15633133000;15573033333;16073033333
3301;15633135000;15573033333;16073033333
3302;15633136000;15573033333;16073033333
3303;15674839000;15614377777;16114377777
3304;15674843000;15614377777;16114377777
3305;15674844000;15614377777;16114377777
3306;15674845000;15614377777;16114377777
3307;15674846000;15614377777;16114377777
3308;15674847000;15614377777;16114377777
3310;15674969000;15614422222;16114422222
3311;15674974000;15614700000;16114700000
3312;15674975000;15614700000;16114700000
3313;15674976000;15614700000;16114700000
3314;15716471000;15656044444;16156044444
3315;15716474000;15656044444;16156044444
3316;15716475000;15656044444;16156044444
3317;15716476000;15656044444;16156044444
3318;15716477000;15656044444;16156044444
3319;15716478000;15656044444;16156044444
3320;15716486000;15656044444;16156044444
3321;15778450000;15656088888;16156088888
3325;15778456000;15697744444;16197744444
3326;15778458000;15697744444;16197744444
3327;15778459000;15697744444;16197744444
3328;15778460000;15697744444;16197744444
3329;15778461000;15697744444;16197744444
3330;15778471000;15697744444;16197744444
3331;15778472000;15697744444;16197744444
3332;15819867000;15697788888;16197788888
3336;15819873000;15739411111;16239411111
3337;15819874000;15739411111;16239411111
3338;15819875000;15739411111;16239411111
3339;15819876000;15739411111;16239411111
3340;15819877000;15739411111;16239411111
3341;15819887000;15739411111;16239411111
3342;15819888000;15739411111;16239411111
3343;15860946000;15739455555;16239455555
3347;15860962000;15781044444;16281044444
3348;15860963000;15781044444;16281044444
3349;15860964000;15781044444;16281044444
3350;15860965000;15781044444;16281044444
3351;15860966000;15781044444;16281044444
3352;15860967000;15781044444;16281044444
3353;15860968000;15781044444;16281044444
3354;15901189000;15781088888;16281088888
3358;15901195000;15822711111;16322711111
3359;15901205000;15822711111;16322711111
3360;15901206000;15822711111;16322711111
3361;15901207000;15822711111;16322711111
3362;15901208000;15822711111;16322711111
3363;15901209000;15822711111;16322711111
3364;15901210000;15822711111;16322711111
3365;15940453000;15822755555;16322755555
3369;15940469000;15864411111;16364411111
3370;15940470000;15864411111;16364411111
3371;15940471000;15864411111;16364411111
3372;15940472000;15864411111;16364411111
3373;15940473000;15864411111;16364411111
3374;15940474000;15864411111;16364411111
3375;15940475000;15864411111;16364411111
3376;15978922000;15864455555;16364455555
3380;15978937000;15906044444;16406044444
3381;15978938000;15906044444;16406044444
3382;15978939000;15906044444;16406044444
3383;15978940000;15906044444;16406044444
3384;15978941000;15906044444;16406044444
3385;15978942000;15906044444;16406044444
3386;15978943000;15906044444;16406044444
3387;16016134000;15906088888;16406088888
3391;16016150000;15947722222;16447722222
3392;16016151000;15947722222;16447722222
3393;16016152000;15947722222;16447722222
3394;16016153000;15947722222;16447722222
3395;16016154000;15947722222;16447722222
3396;16016155000;15947722222;16447722222
3397;16016156000;15947722222;16447722222
3398;16052712000;15947755555;16447755555
3402;16052727000;15989388888;16489388888
3403;16052728000;15989388888;16489388888
3404;16052729000;15989388888;16489388888
3405;16052730000;15989388888;16489388888
3406;16052731000;15989388888;16489388888
3407;16052732000;15989388888;16489388888
3408;16052733000;15989388888;16489388888
3409;16088411000;15989422222;16489422222
3413;16088426000;16031044444;16531044444
3414;16088428000;16031044444;16531044444
3415;16088429000;16031044444;16531044444
3416;16088430000;16031044444;16531044444
3417;16088431000;16031044444;16531044444
3418;16088431000;16031044444;16531044444
3419;16088432000;16031044444;16531044444
3420;16123719000;16031088888;16531088888
3421;16123735000;16031422222;16531422222
3422;16123736000;16031422222;16531422222
3423;16123737000;16031422222;16531422222
3424;16161342000;16072711111;16572711111
3425;16161345000;16072711111;16572711111
3426;16161346000;16072711111;16572711111
3427;16161347000;16072711111;16572711111
3428;16161348000;16072711111;16572711111
3429;16161349000;16072711111;16572711111
3430;16161350000;16072711111;16572711111
3431;16161550000;16072755555;16572755555
3432;16161565000;16073044444;16573044444
3433;16161566000;16073044444;16573044444
3434;16161567000;16073044444;16573044444
3435;16196693000;16114388888;16614388888
3436;16196696000;16114388888;16614388888
3437;16196697000;16114388888;16614388888
3438;16196698000;16114388888;16614388888
3439;16196699000;16114388888;16614388888
3440;16196700000;16114388888;16614388888
3441;16196701000;16114388888;16614388888
3442;16196839000;16114422222;16614422222
3443;16196842000;16114700000;16614700000
3444;16196843000;16114700000;16614700000
3445;16196844000;16114700000;16614700000
3446;16232358000;16156077777;16656077777
3447;16232369000;16156077777;16656077777
3448;16232370000;16156077777;16656077777
3449;16232371000;16156077777;16656077777
3450;16232372000;16156077777;16656077777
3451;16232373000;16156077777;16656077777
3452;16232374000;16156077777;16656077777
3453;16232575000;16156122222;16656122222
3454;16232590000;16156455555;16656455555
3455;16232591000;16156455555;16656455555
3456;16232592000;16156455555;16656455555
3457;16268910000;16197722222;16697722222
3458;16268914000;16197722222;16697722222
3459;16268915000;16197722222;16697722222
3460;16268925000;16197722222;16697722222
3461;16268926000;16197722222;16697722222
3462;16268927000;16197722222;16697722222
3463;16268928000;16197722222;16697722222
3464;16269069000;16197755555;16697755555
3465;16269072000;16198044444;16698044444
3466;16269073000;16198044444;16698044444
3467;16269074000;16198044444;16698044444
3468;16306744000;16239377777;16739377777
3469;16306747000;16239377777;16739377777
3470;16306748000;16239377777;16739377777
3471;16306749000;16239377777;16739377777
3472;16306750000;16239377777;16739377777
3473;16306751000;16239377777;16739377777
3474;16306752000;16239377777;16739377777
3475;16306952000;16239422222;16739422222
3476;16306958000;16239700000;16739700000
3477;16306959000;16239700000;16739700000
3478;16306960000;16239700000;16739700000
3479;16345618000;16281044444;16781044444
3480;16345621000;16281044444;16781044444
3481;16345622000;16281044444;16781044444
3482;16345624000;16281044444;16781044444
3483;16345624000;16281044444;16781044444
3484;16345626000;16281044444;16781044444
3485;16345627000;16281044444;16781044444
3486;16345834000;16281088888;16781088888
3487;16345849000;16281444444;16781444444
3488;16345851000;16281444444;16781444444
3489;16345852000;16281444444;16781444444
3490;16385329000;16322711111;16822711111
3491;16385333000;16322711111;16822711111
3492;16385334000;16322711111;16822711111
3493;16385335000;16322711111;16822711111
3494;16385336000;16322711111;16822711111
3495;16385337000;16322711111;16822711111
3496;16385338000;16322711111;16822711111
3497;16385413000;16322755555;16822755555
3498;16385416000;16323044444;16823044444
3499;16385417000;16323044444;16823044444
3500;16385418000;16323044444;16823044444
3501;16425950000;16364377777;16864377777
3502;16425953000;16364377777;16864377777
3503;16425954000;16364377777;16864377777
3504;16425955000;16364377777;16864377777
3505;16425956000;16364377777;16864377777
3506;16425957000;16364377777;16864377777
3507;16425958000;16364377777;16864377777
3508;16426171000;16364422222;16864422222
3509;16426189000;16364711111;16864711111
3510;16426190000;16364711111;16864711111
3511;16426191000;16364711111;16864711111
3512;16466975000;16406055555;16906055555
3513;16466978000;16406055555;16906055555
3514;16466979000;16406055555;16906055555
3515;16466980000;16406055555;16906055555
3516;16466981000;16406055555;16906055555
3517;16466982000;16406055555;16906055555
3518;16466983000;16406055555;16906055555
3519;16467211000;16406088888;16906088888
3520;16467227000;16406422222;16906422222
3521;16467228000;16406422222;16906422222
3522;16467229000;16406422222;16906422222
3523;16508448000;16447722222;16947722222
3524;16508452000;16447722222;16947722222
3525;16508453000;16447722222;16947722222
3526;16508454000;16447722222;16947722222
3527;16508455000;16447722222;16947722222
3528;16508455000;16447722222;16947722222
3529;16508456000;16447722222;16947722222
3530;16508594000;16447755555;16947755555
3531;16508597000;16448033333;16948033333
3532;16508598000;16448033333;16948033333
3533;16508599000;16448033333;16948033333
3534;16549826000;16489377777;16989377777
3535;16549829000;16489377777;16989377777
3536;16549830000;16489377777;16989377777
3537;16549831000;16489377777;16989377777
3538;16549832000;16489377777;16989377777
3539;16549833000;16489377777;16989377777
3540;16549834000;16489377777;16989377777
3541;16550033000;16489444444;16989444444
3542;16550057000;16489700000;16989700000
3543;16550058000;16489700000;16989700000
3544;16550059000;16489700000;16989700000
3545;16591610000;16531077777;17031077777
3546;16591613000;16531077777;17031077777
3547;16591621000;16531077777;17031077777
3548;16591622000;16531077777;17031077777
3549;16591623000;16531077777;17031077777
3550;16591624000;16531077777;17031077777
3551;16591625000;16531077777;17031077777
3552;16591839000;16531122222;17031122222
3553;16591842000;16531444444;17031444444
3554;16591843000;16531444444;17031444444
3555;16591844000;16531444444;17031444444
3556;16633063000;16572733333;17072733333
3557;16633075000;16572733333;17072733333
3558;16633076000;16572733333;17072733333
3559;16633077000;16572733333;17072733333
3560;16633079000;16572733333;17072733333
3561;16633079000;16572733333;17072733333
3562;16633080000;16572733333;17072733333
3563;16633280000;16572800000;17072800000
3564;16633295000;16573100000;17073100000
3565;16633296000;16573100000;17073100000
3566;16633297000;16573100000;17073100000
3567;16674899000;16614411111;17114411111
3568;16674902000;16614411111;17114411111
3569;16674903000;16614411111;17114411111
3570;16674904000;16614411111;17114411111
3571;16674905000;16614411111;17114411111
3572;16674906000;16614411111;17114411111
3573;16674907000;16614411111;17114411111
3574;16675123000;16614455555;17114455555
3575;16675138000;16614744444;17114744444
3576;16675139000;16614744444;17114744444
3577;16675140000;16614744444;17114744444
3578;16716556000;16656055555;17156055555
3579;16716559000;16656055555;17156055555
3580;16716560000;16656055555;17156055555
3581;16716561000;16656055555;17156055555
3582;16716562000;16656055555;17156055555
3583;16716563000;16656055555;17156055555
3584;16716564000;16656055555;17156055555
3585;16716806000;16656088888;17156088888
3586;16716821000;16656433333;17156433333
3587;16716822000;16656433333;17156433333
3588;16716823000;16656433333;17156433333
3589;16758058000;16697711111;17197711111
3590;16758062000;16697711111;17197711111
3591;16758063000;16697711111;17197711111
3592;16758064000;16697711111;17197711111
3593;16758065000;16697711111;17197711111
3594;16758066000;16697711111;17197711111
3595;16758067000;16697711111;17197711111
3596;16758238000;16697766666;17197766666
3597;16758240000;16698077777;17198077777
3598;16758241000;16698077777;17198077777
3599;16758242000;16698077777;17198077777
3600;16799750000;16739411111;17239411111
3601;16799754000;16739411111;17239411111
3602;16799755000;16739411111;17239411111
3603;16799756000;16739411111;17239411111
3604;16799757000;16739411111;17239411111
3605;16799758000;16739411111;17239411111
3606;16799759000;16739411111;17239411111
3607;16799971000;16739455555;17239455555
3608;16799975000;16739744444;17239744444
3609;16799976000;16739744444;17239744444
3610;16799977000;16739744444;17239744444
3611;16841371000;16781044444;17281044444
3612;16841374000;16781044444;17281044444
3613;16841375000;16781044444;17281044444
3614;16841376000;16781044444;17281044444
3615;16841377000;16781044444;17281044444
3616;16841378000;16781044444;17281044444
3617;16841379000;16781044444;17281044444
3618;16841552000;16781088888;17281088888
3619;16841555000;16781411111;17281411111
3620;16841556000;16781411111;17281411111
3621;16841557000;16781411111;17281411111
3622;16883069000;16822722222;17322722222
3623;16883073000;16822722222;17322722222
3624;16883073000;16822722222;17322722222
3625;16883074000;16822722222;17322722222
3626;16883076000;16822722222;17322722222
3627;16883076000;16822722222;17322722222
3628;16883077000;16822722222;17322722222
3629;16883290000;16822755555;17322755555
3630;16883293000;16823033333;17323033333
3631;16883294000;16823033333;17323033333
3632;16883295000;16823033333;17323033333
3633;16924686000;16864411111;17364411111
3634;16924690000;16864411111;17364411111
3635;16924691000;16864411111;17364411111
3636;16924701000;16864411111;17364411111
3637;16924702000;16864411111;17364411111
3638;16924703000;16864411111;17364411111
3639;16924704000;16864411111;17364411111
3640;16924838000;16864455555;17364455555
3641;16924841000;16864733333;17364733333
3642;16924842000;16864733333;17364733333
3643;16924843000;16864733333;17364733333
3644;16966398000;16906055555;17406055555
3645;16966402000;16906055555;17406055555
3646;16966403000;16906055555;17406055555
3647;16966411000;16906055555;17406055555
3648;16966412000;16906055555;17406055555
3649;16966413000;16906055555;17406055555
3650;16966414000;16906055555;17406055555
3651;16966614000;16906100000;17406100000
3652;16966630000;16906444444;17406444444
3653;16966631000;16906444444;17406444444
3654;16966632000;16906444444;17406444444
3655;17008228000;16947744444;17447744444
3656;17008231000;16947744444;17447744444
3657;17008232000;16947744444;17447744444
3658;17008233000;16947744444;17447744444
3659;17008234000;16947744444;17447744444
3660;17008235000;16947744444;17447744444
3661;17008236000;16947744444;17447744444
3662;17008374000;16947788888;17447788888
3663;17008376000;16948077777;17448077777
3664;17008377000;16948077777;17448077777
3665;17008378000;16948077777;17448077777
3666;17049873000;16989388888;17489388888
3667;17049877000;16989388888;17489388888
3668;17049878000;16989388888;17489388888
3669;17049879000;16989388888;17489388888
3670;17049880000;16989388888;17489388888
3671;17049881000;16989388888;17489388888
3672;17049882000;16989388888;17489388888
3673;17050087000;16989422222;17489422222
3674;17050102000;16989688888;17489688888
3675;17050103000;16989688888;17489688888
3676;17050104000;16989688888;17489688888
3677;17091373000;17031044444;17531044444
3678;17091376000;17031044444;17531044444
3679;17091377000;17031044444;17531044444
3680;17091378000;17031044444;17531044444
3681;17091379000;17031044444;17531044444
3682;17091380000;17031044444;17531044444
3683;17091381000;17031044444;17531044444
3684;17091581000;17031088888;17531088888
3685;17091596000;17031433333;17531433333
3686;17091597000;17031433333;17531433333
3687;17091598000;17031433333;17531433333
3688;17133211000;17072711111;17572711111
3689;17133214000;17072711111;17572711111
3690;17133215000;17072711111;17572711111
3691;17133216000;17072711111;17572711111
3692;17133217000;17072711111;17572711111
3693;17133218000;17072711111;17572711111
3694;17133219000;17072711111;17572711111
3695;17133431000;17072755555;17572755555
3696;17133435000;17073033333;17573033333
3697;17133436000;17073033333;17573033333
3698;17133437000;17073033333;17573033333
3699;17174872000;17114377777;17614377777
3700;17174875000;17114377777;17614377777
3701;17174876000;17114377777;17614377777
3702;17174877000;17114377777;17614377777
3703;17174878000;17114377777;17614377777
3704;17174879000;17114377777;17614377777
3705;17174880000;17114377777;17614377777
3706;17175015000;17114422222;17614422222
3707;17175018000;17114688888;17614688888
3708;17175019000;17114688888;17614688888
3709;17175020000;17114688888;17614688888
3710;17216389000;17156044444;17656044444
3711;17216392000;17156044444;17656044444
3712;17216393000;17156044444;17656044444
3713;17216394000;17156044444;17656044444
3714;17216395000;17156044444;17656044444
3715;17216396000;17156044444;17656044444
3716;17216397000;17156044444;17656044444
3717;17216610000;17156088888;17656088888
3718;17216613000;17156422222;17656422222
3719;17216614000;17156422222;17656422222
3720;17216615000;17156422222;17656422222
3721;17258207000;17197722222;17697722222
3722;17258210000;17197722222;17697722222
3723;17258211000;17197722222;17697722222
3724;17258212000;17197722222;17697722222
3725;17258213000;17197722222;17697722222
3726;17258214000;17197722222;17697722222
3727;17258215000;17197722222;17697722222
3728;17258351000;17197755555;17697755555
3729;17258353000;17198022222;17698022222
3730;17258354000;17198022222;17698022222
3731;17258355000;17198022222;17698022222
3732;17299705000;17239377777;17739377777
3733;17299708000;17239377777;17739377777
3734;17299710000;17239377777;17739377777
3735;17299710000;17239377777;17739377777
3736;17299711000;17239377777;17739377777
3737;17299712000;17239377777;17739377777
3738;17299713000;17239377777;17739377777
3739;17299887000;17239422222;17739422222
3740;17299890000;17239677777;17739677777
3741;17299891000;17239677777;17739677777
3742;17299892000;17239677777;17739677777
3743;17341352000;17281044444;17781044444
3744;17341355000;17281044444;17781044444
3745;17341356000;17281044444;17781044444
3746;17341366000;17281044444;17781044444
3747;17341374000;17281044444;17781044444
3748;17341375000;17281044444;17781044444
3749;17341376000;17281044444;17781044444
3750;17341542000;17281088888;17781088888
3751;17341545000;17281411111;17781411111
3752;17341546000;17281411111;17781411111
3753;17353940000;17281411111;17781411111
3754;17383100000;17322722222;17822722222
3755;17383103000;17322722222;17822722222
3756;17383104000;17322722222;17822722222
3757;17383105000;17322722222;17822722222
3758;17383106000;17322722222;17822722222
3759;17383107000;17322722222;17822722222
3760;17383108000;17322722222;17822722222
3761;17383308000;17322755555;17822755555
3762;17383323000;17323033333;17823033333
3763;17383324000;17323033333;17823033333
3764;17383325000;17323033333;17823033333
3765;17487073000;17364377777;17864377777
3775;17487186000;17364688888;17864688888
3776;17528256000;17406055555;17906055555
3786;17528368000;17406422222;17906422222
3787;17568701000;17447722222;17947722222
3797;17568813000;17448033333;17948033333
3798;17608386000;17489377777;17989377777
3808;17608498000;17489666666;17989666666
3809;17647258000;17531044444;18031044444
3819;17647381000;17531400000;18031400000
3820;17684925000;17572711111;18072711111
3828;17685038000;17573033333;18073033333
3829;17685041000;17573033333;18073033333
3830;17685060000;17573033333;18073033333
3831;17721555000;17614377777;18114377777
3839;17721667000;17614688888;18114688888
3840;17721670000;17614688888;18114688888
3841;17721671000;17614688888;18114688888
3842;17757618000;17656044444;18156044444
3850;17757730000;17656422222;18156422222
3851;17757734000;17656422222;18156422222
3852;17757735000;17656422222;18156422222
3853;17792881000;17697722222;18197722222
3861;17792993000;17698044444;18198044444
3862;17792996000;17698044444;18198044444
3863;17792997000;17698044444;18198044444
3864;17828239000;17739411111;18239411111
3865;17828242000;17739411111;18239411111
3866;17828243000;17739411111;18239411111
3867;17828245000;17739411111;18239411111
3868;17828245000;17739411111;18239411111
3869;17828246000;17739411111;18239411111
3870;17828247000;17739411111;18239411111
3871;17828447000;17739455555;18239455555
3872;17828462000;17739733333;18239733333
3873;17828463000;17739733333;18239733333
3874;17828464000;17739733333;18239733333
3875;17863629000;17781066666;18281066666
3876;17863632000;17781066666;18281066666
3877;17863633000;17781066666;18281066666
3878;17863634000;17781066666;18281066666
3879;17863635000;17781066666;18281066666
3880;17863636000;17781066666;18281066666
3881;17863637000;17781066666;18281066666
3882;17863837000;17781111111;18281111111
3883;17863852000;17781422222;18281422222
3884;17863854000;17781422222;18281422222
3885;17863855000;17781422222;18281422222
3886;17899398000;17822711111;18322711111
3887;17899402000;17822711111;18322711111
3888;17899403000;17822711111;18322711111
3889;17899403000;17822711111;18322711111
3890;17899404000;17822711111;18322711111
3891;17899406000;17822711111;18322711111
3892;17899406000;17822711111;18322711111
3893;17899621000;17822755555;18322755555
3894;17899627000;17823022222;18323022222
3895;17899628000;17823022222;18323022222
3896;17899629000;17823022222;18323022222
3897;17935892000;17864377777;18364377777
3898;17935905000;17864377777;18364377777
3899;17935906000;17864377777;18364377777
3900;17935908000;17864377777;18364377777
3901;17935909000;17864377777;18364377777
3902;17935911000;17864377777;18364377777
3903;17935912000;17864377777;18364377777
3904;17936061000;17864422222;18364422222
3905;17936064000;17864688888;18364688888
3906;17936065000;17864688888;18364688888
3907;17936067000;17864688888;18364688888
3908;17973555000;17906044444;18406044444
3909;17973559000;17906044444;18406044444
3910;17973560000;17906044444;18406044444
3911;17973561000;17906044444;18406044444
3912;17973562000;17906044444;18406044444
3913;17973563000;17906044444;18406044444
3914;17973563000;17906044444;18406044444
3915;17973734000;17906088888;18406088888
3916;17973738000;17906444444;18406444444
3917;17973740000;17906444444;18406444444
3918;17973741000;17906444444;18406444444
3919;18012508000;17947722222;18447722222
3920;18012518000;17947722222;18447722222
3921;18012520000;17947722222;18447722222
3922;18012521000;17947722222;18447722222
3923;18012521000;17947722222;18447722222
3924;18012522000;17947722222;18447722222
3925;18012523000;17947722222;18447722222
3926;18012723000;17947755555;18447755555
3927;18012730000;17948033333;18448033333
3928;18012731000;17948033333;18448033333
3929;18012732000;17948033333;18448033333
3930;18052129000;17989377777;18489377777
3931;18052133000;17989377777;18489377777
3932;18052134000;17989377777;18489377777
3933;18052135000;17989377777;18489377777
3934;18052136000;17989377777;18489377777
3935;18052137000;17989377777;18489377777
3936;18052137000;17989377777;18489377777
3937;18052338000;17989422222;18489422222
3938;18052353000;17989677777;18489677777
3939;18052354000;17989677777;18489677777
3940;18052355000;17989677777;18489677777
3941;18092312000;18031044444;18531044444
3942;18092315000;18031044444;18531044444
3943;18092316000;18031044444;18531044444
3944;18092317000;18031044444;18531044444
3945;18092318000;18031044444;18531044444
3946;18092319000;18031044444;18531044444
3947;18092320000;18031044444;18531044444
3948;18092535000;18031088888;18531088888
3949;18092550000;18031422222;18531422222
3950;18092551000;18031422222;18531422222
3951;18092552000;18031422222;18531422222
3952;18133812000;18072711111;18572711111
3953;18133816000;18072711111;18572711111
3954;18133817000;18072711111;18572711111
3955;18133818000;18072711111;18572711111
3956;18133819000;18072711111;18572711111
3957;18133820000;18072711111;18572711111
3958;18133821000;18072711111;18572711111
3959;18134020000;18072755555;18572755555
3960;18134026000;18073033333;18573033333
3961;18134027000;18073033333;18573033333
3962;18134028000;18073033333;18573033333
3963;18175174000;18114400000;18614400000
3965;18175177000;18114400000;18614400000
3967;18175178000;18114400000;18614400000
3968;18175179000;18114400000;18614400000
3969;18175180000;18114400000;18614400000
3970;18175350000;18114444444;18614444444
3972;18175355000;18114722222;18614722222
3973;18175356000;18114722222;18614722222
3974;18216475000;18156044444;18656044444
3975;18216478000;18156044444;18656044444
3976;18216479000;18156044444;18656044444
3977;18216480000;18156044444;18656044444
3978;18216481000;18156044444;18656044444
3979;18216482000;18156044444;18656044444
3980;18216483000;18156044444;18656044444
3981;18216698000;18156077777;18656077777
3982;18216704000;18156422222;18656422222
3983;18216706000;18156422222;18656422222
3984;18216707000;18156422222;18656422222
3985;18258267000;18197744444;18697744444
3986;18258271000;18197744444;18697744444
3987;18258272000;18197744444;18697744444
3988;18258273000;18197744444;18697744444
3989;18258273000;18197744444;18697744444
3990;18258275000;18197744444;18697744444
3991;18258275000;18197744444;18697744444
3992;18258475000;18197788888;18697788888
3993;18258490000;18198055555;18698055555
3994;18258491000;18198055555;18698055555
3995;18258492000;18198055555;18698055555
3996;18299866000;18239411111;18739411111
3997;18299870000;18239411111;18739411111
3998;18299871000;18239411111;18739411111
3999;18299872000;18239411111;18739411111
4000;18299872000;18239411111;18739411111
4001;18299873000;18239411111;18739411111
4002;18299874000;18239411111;18739411111
4003;18445114000;18239455555;18739455555
4026;18445120000;18323044444;18823044444
4027;18445122000;18323044444;18823044444
4028;18445123000;18323044444;18823044444
4029;18551343000;18364377777;18864377777
4059;18611350000;18448044444;18948044444
4070;18638395000;18489711111;18989711111
4080;18668160000;18531088888;19031088888
4092;18668175000;18573088888;19073088888
4093;18668176000;18573088888;19073088888
4094;18668177000;18573088888;19073088888
4095;18720522000;18614411111;19114411111
4104;18720633000;18614744444;19114744444
4105;18720637000;18614744444;19114744444
4106;18756284000;18656044444;19156044444
4116;18756591000;18656433333;19156433333
4117;18779313000;18697711111;19197711111
4118;18779316000;18697711111;19197711111
4119;18779317000;18697711111;19197711111
4120;18779318000;18697711111;19197711111
4121;18779326000;18697711111;19197711111
4122;18779327000;18697711111;19197711111
4123;18779328000;18697711111;19197711111
4124;18781336000;18697766666;19197766666
4125;18781351000;18698055555;19198055555
4126;18781352000;18698055555;19198055555
4127;18781353000;18698055555;19198055555
4128;18817381000;18739411111;19239411111
4129;18817394000;18739411111;19239411111
4130;18817396000;18739411111;19239411111
4131;18817397000;18739411111;19239411111
4132;18817399000;18739411111;19239411111
4133;18817400000;18739411111;19239411111
4134;18817402000;18739411111;19239411111
4135;18817548000;18739455555;19239455555
4136;18817552000;18739755555;19239755555
4137;18817554000;18739755555;19239755555
4138;18817555000;18739755555;19239755555
4139;18852144000;18781044444;19281044444
4140;18852147000;18781044444;19281044444
4141;18852148000;18781044444;19281044444
4142;18852149000;18781044444;19281044444
4143;18852150000;18781044444;19281044444
4144;18852151000;18781044444;19281044444
4145;18852152000;18781044444;19281044444
4147;18852262000;18781411111;19281411111
4148;18852265000;18781411111;19281411111
4149;18852267000;18781411111;19281411111
4150;18891418000;18822722222;19322722222
4151;18891422000;18822722222;19322722222
4152;18891423000;18822722222;19322722222
4153;18891424000;18822722222;19322722222
4154;18891425000;18822722222;19322722222
4155;18891426000;18822722222;19322722222
4156;18891427000;18822722222;19322722222
4157;18891597000;18822766666;19322766666
4158;18891601000;18823033333;19323033333
4159;18891602000;18823033333;19323033333
4160;18891603000;18823033333;19323033333
4161;18927415000;18864377777;19364377777
4162;18927419000;18864377777;19364377777
4163;18927420000;18864377777;19364377777
4164;18927421000;18864377777;19364377777
4165;18927422000;18864377777;19364377777
4166;18927423000;18864377777;19364377777
4167;18927424000;18864377777;19364377777
4168;18928672000;18864422222;19364422222
4169;18928675000;18864711111;19364711111
4170;18928676000;18864711111;19364711111
4171;18928677000;18864711111;19364711111
4172;19069914000;18906044444;19406044444
4191;19106124000;18948044444;19448044444
4203;19141328000;18989744444;19489744444
4213;19177311000;19031444444;19531444444
4225;19208527000;19073055555;19573055555
4234;19253337000;19114455555;19614455555
4247;19253342000;19156477777;19656477777
4248;19253353000;19156477777;19656477777
4249;19310115000;19197722222;19697722222
4258;19310202000;19198044444;19698044444
4259;19310205000;19198044444;19698044444
4260;19347305000;19239377777;19739377777
4270;19347417000;19239711111;19739711111
4271;19372628000;19281044444;19781044444
4272;19372631000;19281044444;19781044444
4273;19372632000;19281044444;19781044444
4274;19372633000;19281044444;19781044444
4275;19372634000;19281044444;19781044444
4276;19372635000;19281044444;19781044444
4277;19372636000;19281044444;19781044444
4278;19378568000;19281088888;19781088888
4282;19378583000;19322744444;19822744444
4283;19378584000;19322744444;19822744444
4284;19378585000;19322744444;19822744444
4285;19378586000;19322744444;19822744444
4286;19378587000;19322744444;19822744444
4287;19378588000;19322744444;19822744444
4288;19378589000;19322744444;19822744444
4289;19406719000;19322788888;19822788888
4290;19406723000;19323088888;19823088888
4291;19406725000;19323088888;19823088888
4292;19406726000;19323088888;19823088888
4293;19439213000;19364411111;19864411111
4294;19439217000;19364411111;19864411111
4295;19439217000;19364411111;19864411111
4296;19439218000;19364411111;19864411111
4297;19439219000;19364411111;19864411111
4298;19439220000;19364411111;19864411111
4299;19439221000;19364411111;19864411111
4300;19443367000;19364455555;19864455555
4301;19443382000;19364766666;19864766666
4302;19443383000;19364766666;19864766666
4303;19443384000;19364766666;19864766666
4304;19478454000;19406055555;19906055555
4305;19478457000;19406055555;19906055555
4306;19478458000;19406055555;19906055555
4307;19478459000;19406055555;19906055555
4308;19478460000;19406055555;19906055555
4309;19478461000;19406055555;19906055555
4310;19478470000;19406055555;19906055555
4311;19478688000;19406100000;19906100000
4312;19478703000;19406433333;19906433333
4313;19478704000;19406433333;19906433333
4314;19478705000;19406433333;19906433333
4315;19513232000;19447722222;19947722222
4316;19513236000;19447722222;19947722222
4317;19513237000;19447722222;19947722222
4318;19513238000;19447722222;19947722222
4319;19513239000;19447722222;19947722222
4320;19513240000;19447722222;19947722222
4321;19513241000;19447722222;19947722222
4322;19515342000;19447766666;19947766666
4323;19515357000;19448055555;19948055555
4324;19515358000;19448055555;19948055555
4325;19515359000;19448055555;19948055555
4326;19553753000;19489388888;19989388888
4327;19553756000;19489388888;19989388888
4328;19553757000;19489388888;19989388888
4329;19553758000;19489388888;19989388888
4330;19553759000;19489388888;19989388888
4331;19553760000;19489388888;19989388888
4332;19553761000;19489388888;19989388888
4333;19553961000;19489433333;19989433333
4334;19553977000;19489688888;19989688888
4335;19553978000;19489688888;19989688888
4336;19553979000;19489688888;19989688888
4337;19592742000;19531044444;20031044444
4338;19592745000;19531044444;20031044444
4339;19592746000;19531044444;20031044444
4340;19592748000;19531044444;20031044444
4341;19592748000;19531044444;20031044444
4342;19592750000;19531044444;20031044444
4343;19592751000;19531044444;20031044444
4344;19593496000;19531088888;20031088888
4345;19593509000;19531444444;20031444444
4346;19593511000;19531444444;20031444444
4347;19593512000;19531444444;20031444444
4348;19634070000;19572744444;20072744444
4349;19634073000;19572744444;20072744444
4350;19634084000;19572744444;20072744444
4351;19634085000;19572744444;20072744444
4352;19634086000;19572744444;20072744444
4353;19634086000;19572744444;20072744444
4354;19634087000;19572744444;20072744444
4355;19634287000;19572788888;20072788888
4356;19634302000;19573088888;20073088888
4357;19634303000;19573088888;20073088888
4358;19634304000;19573088888;20073088888
4359;19674957000;19614388888;20114388888
4360;19674960000;19614388888;20114388888
4361;19674961000;19614388888;20114388888
4362;19674962000;19614388888;20114388888
4363;19674963000;19614388888;20114388888
4364;19674964000;19614388888;20114388888
4365;19674965000;19614388888;20114388888
4366;19675178000;19614433333;20114433333
4367;19675193000;19614711111;20114711111
4368;19675194000;19614711111;20114711111
4369;19675195000;19614711111;20114711111
4370;19716580000;19656077777;20156077777
4371;19716583000;19656077777;20156077777
4372;19716584000;19656077777;20156077777
4373;19716585000;19656077777;20156077777
4374;19716586000;19656077777;20156077777
4375;19716587000;19656077777;20156077777
4376;19716588000;19656077777;20156077777
4377;19716787000;19656122222;20156122222
4378;19716802000;19656466666;20156466666
4379;19716804000;19656466666;20156466666
4380;19716805000;19656466666;20156466666
4381;19758060000;19697711111;20197711111
4382;19758064000;19697711111;20197711111
4383;19758064000;19697711111;20197711111
4384;19758065000;19697711111;20197711111
4385;19758066000;19697711111;20197711111
4386;19758067000;19697711111;20197711111
4387;19758068000;19697711111;20197711111
4388;19758268000;19697766666;20197766666
4389;19758284000;19698066666;20198066666
4390;19758285000;19698066666;20198066666
4391;19758286000;19698066666;20198066666
4392;19799741000;19739411111;20239411111
4393;19799744000;19739411111;20239411111
4394;19799746000;19739411111;20239411111
4395;19799747000;19739411111;20239411111
4396;19799748000;19739411111;20239411111
4397;19799749000;19739411111;20239411111
4398;19799749000;19739411111;20239411111
4399;19799949000;19739455555;20239455555
4400;19799965000;19739777777;20239777777
4401;19799966000;19739777777;20239777777
4402;19799967000;19739777777;20239777777
4403;19841535000;19781055555;20281055555
4404;19841539000;19781055555;20281055555
4405;19841540000;19781055555;20281055555
4406;19841541000;19781055555;20281055555
4407;19841542000;19781055555;20281055555
4408;19841543000;19781055555;20281055555
4409;19841544000;19781055555;20281055555
4410;19841786000;19781100000;20281100000
4412;19841790000;19781422222;20281422222
4413;19841791000;19781422222;20281422222
4414;19883052000;19822722222;20322722222
4415;19883056000;19822722222;20322722222
4416;19883057000;19822722222;20322722222
4417;19883058000;19822722222;20322722222
4418;19883059000;19822722222;20322722222
4419;19883060000;19822722222;20322722222
4420;19883061000;19822722222;20322722222
4421;19883275000;19822766666;20322766666
4422;19883278000;19823066666;20323066666
4423;19883279000;19823066666;20323066666
4424;19883280000;19823066666;20323066666
4425;19987208000;19864411111;20364411111
4434;19987320000;19864744444;20364744444
4435;19987324000;19864744444;20364744444
4436;20028274000;19906044444;20406044444
4446;20028386000;19906444444;20406444444
4447;20068119000;19947722222;20447722222
4456;20068231000;19948077777;20448077777
4457;20068235000;19948077777;20448077777
4458;20108408000;19989388888;20489388888
4468;20108520000;19989700000;20489700000
4469;20145855000;20031044444;20531044444
4478;20145967000;20031444444;20531444444
4479;20145970000;20031444444;20531444444
4480;20184957000;20072711111;20572711111
4489;20185078000;20073022222;20573022222
4490;20185082000;20073022222;20573022222
4491;20219467000;20114377777;20614377777
4499;20219579000;20114688888;20614688888
4500;20219582000;20114688888;20614688888
4501;20219583000;20114688888;20614688888
4502;20257675000;20156100000;20656100000
4511;20257787000;20156466666;20656466666
4512;20257791000;20156466666;20656466666
4513;20290412000;20197722222;20697722222
4514;20290415000;20197722222;20697722222
4515;20290416000;20197722222;20697722222
4516;20290417000;20197722222;20697722222
4517;20290418000;20197722222;20697722222
4518;20290419000;20197722222;20697722222
4519;20290420000;20197722222;20697722222
4520;20290619000;20197766666;20697766666
4521;20290634000;20198033333;20698033333
4522;20290635000;20198033333;20698033333
4523;20290636000;20198033333;20698033333
4524;20328163000;20239377777;20739377777
4525;20328166000;20239377777;20739377777
4526;20328167000;20239377777;20739377777
4527;20328168000;20239377777;20739377777
4528;20328169000;20239377777;20739377777
4529;20328170000;20239377777;20739377777
4530;20328171000;20239377777;20739377777
4531;20328293000;20239422222;20739422222
4532;20328298000;20239677777;20739677777
4533;20328299000;20239677777;20739677777
4534;20328300000;20239677777;20739677777
4535;20361258000;20281055555;20781055555
4536;20361262000;20281055555;20781055555
4537;20361263000;20281055555;20781055555
4538;20361264000;20281055555;20781055555
4539;20361265000;20281055555;20781055555
4540;20361266000;20281055555;20781055555
4541;20361267000;20281055555;20781055555
4542;20361389000;20281100000;20781100000
4543;20361394000;20281411111;20781411111
4544;20361395000;20281411111;20781411111
4545;20361396000;20281411111;20781411111
4546;20399448000;20322744444;20822744444
4547;20399451000;20322744444;20822744444
4548;20399453000;20322744444;20822744444
4549;20399454000;20322744444;20822744444
4550;20399455000;20322744444;20822744444
4551;20399456000;20322744444;20822744444
4552;20399457000;20322744444;20822744444
4553;20399600000;20322788888;20822788888
4554;20399604000;20323066666;20823066666
4555;20399606000;20323066666;20823066666
4556;20399607000;20323066666;20823066666
4557;20434227000;20364377777;20864377777
4558;20434230000;20364377777;20864377777
4559;20434231000;20364377777;20864377777
4560;20434232000;20364377777;20864377777
4561;20434233000;20364377777;20864377777
4562;20434234000;20364377777;20864377777
4563;20434235000;20364377777;20864377777
4564;20434326000;20364422222;20864422222
4565;20434332000;20364700000;20864700000
4566;20434333000;20364700000;20864700000
4567;20434334000;20364700000;20864700000
4568;20473575000;20406044444;20906044444
4569;20473578000;20406044444;20906044444
4570;20473579000;20406044444;20906044444
4571;20473580000;20406044444;20906044444
4572;20473581000;20406044444;20906044444
4573;20473582000;20406044444;20906044444
4574;20473583000;20406044444;20906044444
4575;20473704000;20406088888;20906088888
4576;20473725000;20406411111;20906411111
4577;20473726000;20406411111;20906411111
4578;20473727000;20406411111;20906411111
4579;20511491000;20447711111;20947711111
4580;20511495000;20447711111;20947711111
4581;20511496000;20447711111;20947711111
4582;20511497000;20447711111;20947711111
4583;20511498000;20447711111;20947711111
4584;20511499000;20447711111;20947711111
4585;20511500000;20447711111;20947711111
4586;20511624000;20447755555;20947755555
4587;20511629000;20448022222;20948022222
4588;20511630000;20448022222;20948022222
4589;20511631000;20448022222;20948022222
4590;20552084000;20489388888;20989388888
4591;20552087000;20489388888;20989388888
4592;20552088000;20489388888;20989388888
4593;20552089000;20489388888;20989388888
4594;20552090000;20489388888;20989388888
4595;20552091000;20489388888;20989388888
4596;20552092000;20489388888;20989388888
4597;20552215000;20489433333;20989433333
4598;20552220000;20489666666;20989666666
4599;20552221000;20489666666;20989666666
4600;20552222000;20489666666;20989666666
4601;20592247000;20531044444;21031044444
4602;20592251000;20531044444;21031044444
4603;20592252000;20531044444;21031044444
4604;20592253000;20531044444;21031044444
4605;20592254000;20531044444;21031044444
4606;20592255000;20531044444;21031044444
4607;20592255000;20531044444;21031044444
4608;20592377000;20531088888;21031088888
4609;20592382000;20531400000;21031400000
4610;20592384000;20531400000;21031400000
4611;20592384000;20531400000;21031400000
4612;20633589000;20572711111;21072711111
4613;20633592000;20572711111;21072711111
4614;20633593000;20572711111;21072711111
4615;20633594000;20572711111;21072711111
4616;20633595000;20572711111;21072711111
4617;20633596000;20572711111;21072711111
4618;20633597000;20572711111;21072711111
4619;20633717000;20572755555;21072755555
4620;20633722000;20573022222;21073022222
4621;20633723000;20573022222;21073022222
4622;20633724000;20573022222;21073022222
4623;20674869000;20614411111;21114411111
4624;20674873000;20614411111;21114411111
4625;20674874000;20614411111;21114411111
4626;20674875000;20614411111;21114411111
4627;20674876000;20614411111;21114411111
4628;20674877000;20614411111;21114411111
4629;20674878000;20614411111;21114411111
4630;20675000000;20614455555;21114455555
4631;20675005000;20614722222;21114722222
4632;20675006000;20614722222;21114722222
4633;20675007000;20614722222;21114722222
4634;20716423000;20656044444;21156044444
4635;20716426000;20656044444;21156044444
4636;20716427000;20656044444;21156044444
4637;20716428000;20656044444;21156044444
4638;20716429000;20656044444;21156044444
4639;20716430000;20656044444;21156044444
4640;20716431000;20656044444;21156044444
4641;20716533000;20656100000;21156100000
4642;20716539000;20656411111;21156411111
4643;20716540000;20656411111;21156411111
4644;20716541000;20656411111;21156411111
4645;20758027000;20697711111;21197711111
4646;20758031000;20697711111;21197711111
4647;20758032000;20697711111;21197711111
4648;20758033000;20697711111;21197711111
4649;20758034000;20697711111;21197711111
4650;20758035000;20697711111;21197711111
4651;20758035000;20697711111;21197711111
4652;20758143000;20697755555;21197755555
4653;20758148000;20698033333;21198033333
4654;20758149000;20698033333;21198033333
4655;20758150000;20698033333;21198033333
4656;20799694000;20739411111;21239411111
4657;20799697000;20739411111;21239411111
4658;20799698000;20739411111;21239411111
4659;20799700000;20739411111;21239411111
4660;20799700000;20739411111;21239411111
4661;20799701000;20739411111;21239411111
4662;20799702000;20739411111;21239411111
4663;20799805000;20739455555;21239455555
4664;20799810000;20739733333;21239733333
4665;20799811000;20739733333;21239733333
4666;20799812000;20739733333;21239733333
4667;20841318000;20781044444;21281044444
4668;20841321000;20781044444;21281044444
4669;20841322000;20781044444;21281044444
4670;20841323000;20781044444;21281044444
4671;20841324000;20781044444;21281044444
4672;20841325000;20781044444;21281044444
4673;20841326000;20781044444;21281044444
4674;20841427000;20781088888;21281088888
4675;20841432000;20781388888;21281388888
4676;20841450000;20781388888;21281388888
4677;20841451000;20781388888;21281388888
4678;20882983000;20822711111;21322711111
4679;20882986000;20822711111;21322711111
4680;20882987000;20822711111;21322711111
4681;20882988000;20822711111;21322711111
4682;20882989000;20822711111;21322711111
4683;20882990000;20822711111;21322711111
4684;20882991000;20822711111;21322711111
4685;20883120000;20822755555;21322755555
4686;20883125000;20823022222;21323022222
4687;20883126000;20823022222;21323022222
4688;20883127000;20823022222;21323022222
4689;20924648000;20864377777;21364377777
4690;20924652000;20864377777;21364377777
4691;20924653000;20864377777;21364377777
4692;20924654000;20864377777;21364377777
4693;20924655000;20864377777;21364377777
4694;20924656000;20864377777;21364377777
4695;20924657000;20864377777;21364377777
4696;20924778000;20864422222;21364422222
4697;20924783000;20864688888;21364688888
4698;20924785000;20864688888;21364688888
4699;20924785000;20864688888;21364688888
4700;20966316000;20906044444;21406044444
4701;20966319000;20906044444;21406044444
4702;20966320000;20906044444;21406044444
4703;20966321000;20906044444;21406044444
4704;20966322000;20906044444;21406044444
4705;20966323000;20906044444;21406044444
4706;20966324000;20906044444;21406044444
4707;20966457000;20906088888;21406088888
4708;20966462000;20906411111;21406411111
4709;20966463000;20906411111;21406411111
4710;20966464000;20906411111;21406411111
4711;21008066000;20947711111;21447711111
4712;21008070000;20947711111;21447711111
4713;21008071000;20947711111;21447711111
4714;21008072000;20947711111;21447711111
4715;21008072000;20947711111;21447711111
4716;21008073000;20947711111;21447711111
4717;21008074000;20947711111;21447711111
4718;21008324000;20947755555;21447755555
4719;21008339000;20948033333;21448033333
4720;21008341000;20948033333;21448033333
4721;21008341000;20948033333;21448033333
4722;21049903000;20989411111;21489411111
4723;21049907000;20989411111;21489411111
4724;21049908000;20989411111;21489411111
4725;21049909000;20989411111;21489411111
4726;21049910000;20989411111;21489411111
4727;21049911000;20989411111;21489411111
4728;21049912000;20989411111;21489411111
4729;21050135000;20989455555;21489455555
4730;21050150000;20989722222;21489722222
4731;21050152000;20989722222;21489722222
4732;21050152000;20989722222;21489722222
4733;21091379000;21031055555;21531055555
4734;21091382000;21031055555;21531055555
4735;21091383000;21031055555;21531055555
4736;21091384000;21031055555;21531055555
4737;21091385000;21031055555;21531055555
4738;21091386000;21031055555;21531055555
4739;21091387000;21031055555;21531055555
4740;21091587000;21031100000;21531100000
4741;21091602000;21031422222;21531422222
4742;21091603000;21031422222;21531422222
4743;21091604000;21031422222;21531422222
4744;21133203000;21072711111;21572711111
4745;21133207000;21072711111;21572711111
4746;21133208000;21072711111;21572711111
4747;21133209000;21072711111;21572711111
4748;21133210000;21072711111;21572711111
4749;21133211000;21072711111;21572711111
4750;21133212000;21072711111;21572711111
4751;21133407000;21072755555;21572755555
4752;21133411000;21073055555;21573055555
4753;21133413000;21073055555;21573055555
4754;21133414000;21073055555;21573055555
4755;21174686000;21114388888;21614388888
4756;21174689000;21114388888;21614388888
4757;21174690000;21114388888;21614388888
4758;21174691000;21114388888;21614388888
4759;21174702000;21114388888;21614388888
4760;21174703000;21114388888;21614388888
4761;21174704000;21114388888;21614388888
4762;21174922000;21114433333;21614433333
4763;21174937000;21114722222;21614722222
4764;21174938000;21114722222;21614722222
4765;21174939000;21114722222;21614722222
4766;21216572000;21156077777;21656077777
4767;21216576000;21156077777;21656077777
4768;21216576000;21156077777;21656077777
4769;21216577000;21156077777;21656077777
4770;21216578000;21156077777;21656077777
4771;21216579000;21156077777;21656077777
4772;21216580000;21156077777;21656077777
4773;21216795000;21156122222;21656122222
4774;21216801000;21156488888;21656488888
4775;21216802000;21156488888;21656488888
4776;21216811000;21156488888;21656488888
4777;21258202000;21197711111;21697711111
4778;21258205000;21197711111;21697711111
4779;21258206000;21197711111;21697711111
4780;21258207000;21197711111;21697711111
4781;21258208000;21197711111;21697711111
4782;21258209000;21197711111;21697711111
4783;21258210000;21197711111;21697711111
4784;21258410000;21197755555;21697755555
4785;21258426000;21198044444;21698044444
4786;21258427000;21198044444;21698044444
4787;21258428000;21198044444;21698044444
4788;21299872000;21239377777;21739377777
4789;21299876000;21239377777;21739377777
4790;21299877000;21239377777;21739377777
4791;21299878000;21239377777;21739377777
4792;21299879000;21239377777;21739377777
4793;21299879000;21239377777;21739377777
4794;21299880000;21239377777;21739377777
4795;21300086000;21239422222;21739422222
4796;21300101000;21239711111;21739711111
4797;21300102000;21239711111;21739711111
4798;21300103000;21239711111;21739711111
4799;21341381000;21281044444;21781044444
4800;21341384000;21281044444;21781044444
4801;21341385000;21281044444;21781044444
4802;21341387000;21281044444;21781044444
4803;21341387000;21281044444;21781044444
4804;21341388000;21281044444;21781044444
4805;21341389000;21281044444;21781044444
4806;21341590000;21281088888;21781088888
4807;21341605000;21281433333;21781433333
4808;21341606000;21281433333;21781433333
4809;21341607000;21281433333;21781433333
4810;21383152000;21322711111;21822711111
4811;21383155000;21322711111;21822711111
4812;21383156000;21322711111;21822711111
4813;21383166000;21322711111;21822711111
4814;21383167000;21322711111;21822711111
4815;21383168000;21322711111;21822711111
4816;21383169000;21322711111;21822711111
4817;21383361000;21322755555;21822755555
4818;21383377000;21323055555;21823055555
4819;21383378000;21323055555;21823055555
4820;21383379000;21323055555;21823055555
4821;21424875000;21364388888;21864388888
4822;21424879000;21364388888;21864388888
4823;21424880000;21364388888;21864388888
4824;21424881000;21364388888;21864388888
4825;21424882000;21364388888;21864388888
4826;21424883000;21364388888;21864388888
4827;21424884000;21364388888;21864388888
4828;21425087000;21364433333;21864433333
4829;21425102000;21364755555;21864755555
4830;21425103000;21364755555;21864755555
4831;21425104000;21364755555;21864755555
4832;21466410000;21406088888;21906088888
4833;21466413000;21406088888;21906088888
4834;21466414000;21406088888;21906088888
4835;21466415000;21406088888;21906088888
4836;21466416000;21406088888;21906088888
4837;21466417000;21406088888;21906088888
4838;21466418000;21406088888;21906088888
4839;21466618000;21406133333;21906133333
4840;21466634000;21406477777;21906477777
4841;21466635000;21406477777;21906477777
4842;21466636000;21406477777;21906477777
4843;21508199000;21447722222;21947722222
4844;21508202000;21447722222;21947722222
4845;21508203000;21447722222;21947722222
4846;21508204000;21447722222;21947722222
4847;21508205000;21447722222;21947722222
4848;21508206000;21447722222;21947722222
4849;21508207000;21447722222;21947722222
4850;21508389000;21447766666;21947766666
4851;21508395000;21448055555;21948055555
4852;21508396000;21448055555;21948055555
4853;21508397000;21448055555;21948055555
4854;21549865000;21489388888;21989388888
4855;21549868000;21489388888;21989388888
4856;21549869000;21489388888;21989388888
4857;21549870000;21489388888;21989388888
4858;21549871000;21489388888;21989388888
4859;21549872000;21489388888;21989388888
4860;21549873000;21489388888;21989388888
4861;21550080000;21489433333;21989433333
4862;21550095000;21489700000;21989700000
4863;21550096000;21489700000;21989700000
4864;21550097000;21489700000;21989700000
4865;21591381000;21531044444;22031044444
4866;21591384000;21531044444;22031044444
4867;21591385000;21531044444;22031044444
4868;21591386000;21531044444;22031044444
4869;21591387000;21531044444;22031044444
4870;21591388000;21531044444;22031044444
4871;21591389000;21531044444;22031044444
4872;21591590000;21531088888;22031088888
4873;21591605000;21531433333;22031433333
4874;21591606000;21531433333;22031433333
4875;21591607000;21531433333;22031433333
4876;21633031000;21572711111;22072711111
4877;21633034000;21572711111;22072711111
4878;21633035000;21572711111;22072711111
4879;21633036000;21572711111;22072711111
4880;21633037000;21572711111;22072711111
4881;21633038000;21572711111;22072711111
4882;21633039000;21572711111;22072711111
4883;21633261000;21572766666;22072766666
4884;21633276000;21573077777;22073077777
4885;21633278000;21573077777;22073077777
4886;21633279000;21573077777;22073077777
4887;21674881000;21614388888;22114388888
4888;21674885000;21614388888;22114388888
4889;21674885000;21614388888;22114388888
4890;21674886000;21614388888;22114388888
4891;21674888000;21614388888;22114388888
4892;21674889000;21614388888;22114388888
4893;21674890000;21614388888;22114388888
4894;21675067000;21614433333;22114433333
4895;21675071000;21614722222;22114722222
4896;21675072000;21614722222;22114722222
4897;21675073000;21614722222;22114722222
4898;21716365000;21656044444;22156044444
4899;21716368000;21656044444;22156044444
4900;21716369000;21656044444;22156044444
4901;21716370000;21656044444;22156044444
4902;21716371000;21656044444;22156044444
4903;21716372000;21656044444;22156044444
4904;21716373000;21656044444;22156044444
4905;21716572000;21656088888;22156088888
4906;21716587000;21656444444;22156444444
4907;21716589000;21656444444;22156444444
4908;21716589000;21656444444;22156444444
4909;21758188000;21697711111;22197711111
4910;21758191000;21697711111;22197711111
4911;21758192000;21697711111;22197711111
4912;21758193000;21697711111;22197711111
4913;21758194000;21697711111;22197711111
4914;21758195000;21697711111;22197711111
4915;21758196000;21697711111;22197711111
4916;21758396000;21697755555;22197755555
4917;21758411000;21698066666;22198066666
4918;21758412000;21698066666;22198066666
4919;21758413000;21698066666;22198066666
4920;21799746000;21739411111;22239411111
4921;21799750000;21739411111;22239411111
4922;21799751000;21739411111;22239411111
4923;21799752000;21739411111;22239411111
4924;21799753000;21739411111;22239411111
4925;21799753000;21739411111;22239411111
4926;21799754000;21739411111;22239411111
4927;21799955000;21739455555;22239455555
4928;21799971000;21739766666;22239766666
4929;21799972000;21739766666;22239766666
4930;21799973000;21739766666;22239766666
4931;21841533000;21781055555;22281055555
4932;21841536000;21781055555;22281055555
4933;21841537000;21781055555;22281055555
4934;21841538000;21781055555;22281055555
4935;21841539000;21781055555;22281055555
4936;21841540000;21781055555;22281055555
4937;21841541000;21781055555;22281055555
4938;21841740000;21781100000;22281100000
4939;21841755000;21781422222;22281422222
4940;21841757000;21781422222;22281422222
4941;21841758000;21781422222;22281422222
4942;21883054000;21822711111;22322711111
4943;21883058000;21822711111;22322711111
4944;21883059000;21822711111;22322711111
4945;21883059000;21822711111;22322711111
4946;21883061000;21822711111;22322711111
4947;21883062000;21822711111;22322711111
4948;21883062000;21822711111;22322711111
4949;21883263000;21822755555;22322755555
4950;21883278000;21823044444;22323044444
4951;21883279000;21823044444;22323044444
4952;21883280000;21823044444;22323044444
4953;21924743000;21864411111;22364411111
4954;21924746000;21864411111;22364411111
4955;21924747000;21864411111;22364411111
4956;21924748000;21864411111;22364411111
4957;21924749000;21864411111;22364411111
4958;21924751000;21864411111;22364411111
4959;21924752000;21864411111;22364411111
4960;21924966000;21864455555;22364455555
4961;21924982000;21864755555;22364755555
4962;21924983000;21864755555;22364755555
4963;21924984000;21864755555;22364755555
4964;21966549000;21906055555;22406055555
4965;21966552000;21906055555;22406055555
4966;21966553000;21906055555;22406055555
4967;21966554000;21906055555;22406055555
4968;21966555000;21906055555;22406055555
4969;21966556000;21906055555;22406055555
4970;21966557000;21906055555;22406055555
4971;21966756000;21906100000;22406100000
4972;21966772000;21906444444;22406444444
4973;21966773000;21906444444;22406444444
4974;21966774000;21906444444;22406444444
4975;22008217000;21947722222;22447722222
4976;22008227000;21947722222;22447722222
4977;22008228000;21947722222;22447722222
4978;22008229000;21947722222;22447722222
4979;22008230000;21947722222;22447722222
4980;22008231000;21947722222;22447722222
4981;22008232000;21947722222;22447722222
4982;22008463000;21947766666;22447766666
4983;22008469000;21948066666;22448066666
4984;22008471000;21948066666;22448066666
4985;22008472000;21948066666;22448066666
4986;22049884000;21989388888;22489388888
4987;22049887000;21989388888;22489388888
4988;22049888000;21989388888;22489388888
4989;22049889000;21989388888;22489388888
4990;22049890000;21989388888;22489388888
4991;22049891000;21989388888;22489388888
4992;22049892000;21989388888;22489388888
4993;22050097000;21989433333;22489433333
4994;22050113000;21989711111;22489711111
4995;22050114000;21989711111;22489711111
4996;22050115000;21989711111;22489711111
4997;22091368000;22031044444;22531044444
4998;22091371000;22031044444;22531044444
4999;22091372000;22031044444;22531044444
5000;22091373000;22031044444;22531044444
5001;22091374000;22031044444;22531044444
5002;22091375000;22031044444;22531044444
5003;22091376000;22031044444;22531044444
5004;22091576000;22031088888;22531088888
5005;22091592000;22031444444;22531444444
5006;22091593000;22031444444;22531444444
5007;22091594000;22031444444;22531444444
5008;22133035000;22072711111;22572711111
5009;22133039000;22072711111;22572711111
5010;22133040000;22072711111;22572711111
5011;22133041000;22072711111;22572711111
5012;22133048000;22072711111;22572711111
5013;22133049000;22072711111;22572711111
5014;22133050000;22072711111;22572711111
5015;22133250000;22072755555;22572755555
5016;22133265000;22073044444;22573044444
5017;22133267000;22073044444;22573044444
5018;22133268000;22073044444;22573044444
5019;22174715000;22114388888;22614388888
5020;22174719000;22114388888;22614388888
5021;22174720000;22114388888;22614388888
5022;22174721000;22114388888;22614388888
5023;22174721000;22114388888;22614388888
5024;22174723000;22114388888;22614388888
5025;22174723000;22114388888;22614388888
5026;22174924000;22114433333;22614433333
5027;22174940000;22114711111;22614711111
5028;22174941000;22114711111;22614711111
5029;22174942000;22114711111;22614711111
5030;22216527000;22156044444;22656044444
5031;22216530000;22156044444;22656044444
5032;22216531000;22156044444;22656044444
5033;22216532000;22156044444;22656044444
5034;22216533000;22156044444;22656044444
5035;22216534000;22156044444;22656044444
5036;22216535000;22156044444;22656044444
5037;22216717000;22156088888;22656088888
5038;22216723000;22156433333;22656433333
5039;22216724000;22156433333;22656433333
5040;22216725000;22156433333;22656433333
5041;22258254000;22197755555;22697755555
5042;22258257000;22197755555;22697755555
5043;22258258000;22197755555;22697755555
5044;22258259000;22197755555;22697755555
5045;22258260000;22197755555;22697755555
5046;22258261000;22197755555;22697755555
5047;22258262000;22197755555;22697755555
5048;22258463000;22197800000;22697800000
5049;22258478000;22198077777;22698077777
5050;22258479000;22198077777;22698077777
5051;22258480000;22198077777;22698077777
5052;22299721000;22239377777;22739377777
5053;22299724000;22239377777;22739377777
5054;22299726000;22239377777;22739377777
5055;22299727000;22239377777;22739377777
5056;22299727000;22239377777;22739377777
5057;22299728000;22239377777;22739377777
5058;22299729000;22239377777;22739377777
5059;22299960000;22239422222;22739422222
5060;22299975000;22239700000;22739700000
5061;22299976000;22239700000;22739700000
5062;22299977000;22239700000;22739700000
5063;22341373000;22281044444;22781044444
5064;22341376000;22281044444;22781044444
5065;22341377000;22281044444;22781044444
5066;22341378000;22281044444;22781044444
5067;22341379000;22281044444;22781044444
5068;22341380000;22281044444;22781044444
5069;22341381000;22281044444;22781044444
5070;22341581000;22281088888;22781088888
5071;22341596000;22281433333;22781433333
5072;22341597000;22281433333;22781433333
5073;22341598000;22281433333;22781433333
5074;22383208000;22322722222;22822722222
5075;22383211000;22322722222;22822722222
5076;22383219000;22322722222;22822722222
5077;22383220000;22322722222;22822722222
5078;22383222000;22322722222;22822722222
5079;22383222000;22322722222;22822722222
5080;22383223000;22322722222;22822722222
5081;22383423000;22322766666;22822766666
5082;22383438000;22323055555;22823055555
5083;22383440000;22323055555;22823055555
5084;22383441000;22323055555;22823055555
5085;22424729000;22364388888;22864388888
5086;22424732000;22364388888;22864388888
5087;22424733000;22364388888;22864388888
5088;22424734000;22364388888;22864388888
5089;22424735000;22364388888;22864388888
5090;22424736000;22364388888;22864388888
5091;22424738000;22364388888;22864388888
5092;22424938000;22364433333;22864433333
5093;22424953000;22364722222;22864722222
5094;22424954000;22364722222;22864722222
5095;22424955000;22364722222;22864722222
5096;22466374000;22406044444;22906044444
5097;22466377000;22406044444;22906044444
5098;22466378000;22406044444;22906044444
5099;22466379000;22406044444;22906044444
5100;22466380000;22406044444;22906044444
5101;22466381000;22406044444;22906044444
5102;22466382000;22406044444;22906044444
5103;22466520000;22406100000;22906100000
5104;22466523000;22406422222;22906422222
5105;22466524000;22406422222;22906422222
5106;22466524000;22406422222;22906422222
5107;22508073000;22447722222;22947722222
5108;22508077000;22447722222;22947722222
5109;22508078000;22447722222;22947722222
5110;22508079000;22447722222;22947722222
5111;22508080000;22447722222;22947722222
5112;22508081000;22447722222;22947722222
5113;22508082000;22447722222;22947722222
5114;22508282000;22447766666;22947766666
5115;22508288000;22448044444;22948044444
5116;22508290000;22448044444;22948044444
5117;22508290000;22448044444;22948044444
5118;22549708000;22489377777;22989377777
5119;22549712000;22489377777;22989377777
5120;22549713000;22489377777;22989377777
5121;22549714000;22489377777;22989377777
5122;22549715000;22489377777;22989377777
5123;22549716000;22489377777;22989377777
5124;22549716000;22489377777;22989377777
5125;22549917000;22489422222;22989422222
5126;22549932000;22489688888;22989688888
5127;22549934000;22489688888;22989688888
5128;22549934000;22489688888;22989688888
5129;22591546000;22531044444;23031044444
5130;22591549000;22531044444;23031044444
5131;22591550000;22531044444;23031044444
5132;22591551000;22531044444;23031044444
5133;22591552000;22531044444;23031044444
5134;22591553000;22531044444;23031044444
5135;22591554000;22531044444;23031044444
5136;22591756000;22531088888;23031088888
5137;22591771000;22531422222;23031422222
5138;22591772000;22531422222;23031422222
5139;22591773000;22531422222;23031422222
5140;22633057000;22572722222;23072722222
5141;22633060000;22572722222;23072722222
5142;22633061000;22572722222;23072722222
5143;22633062000;22572722222;23072722222
5144;22633063000;22572722222;23072722222
5145;22633064000;22572722222;23072722222
5146;22633065000;22572722222;23072722222
5147;22633265000;22572766666;23072766666
5148;22633281000;22573066666;23073066666
5149;22633282000;22573066666;23073066666
5150;22633283000;22573066666;23073066666
5151;22674753000;22614422222;23114422222
5152;22674756000;22614422222;23114422222
5153;22674757000;22614422222;23114422222
5154;22674758000;22614422222;23114422222
5155;22674759000;22614422222;23114422222
5156;22674760000;22614422222;23114422222
5157;22674761000;22614422222;23114422222
5158;22674977000;22614466666;23114466666
5159;22674992000;22614755555;23114755555
5160;22674994000;22614755555;23114755555
5161;22674995000;22614755555;23114755555
5162;22716376000;22656044444;23156044444
5163;22716379000;22656044444;23156044444
5164;22716380000;22656044444;23156044444
5165;22716381000;22656044444;23156044444
5166;22716382000;22656044444;23156044444
5167;22716383000;22656044444;23156044444
5168;22716384000;22656044444;23156044444
5169;22716584000;22656100000;23156100000
5170;22716599000;22656444444;23156444444
5171;22716600000;22656444444;23156444444
5172;22716601000;22656444444;23156444444
5173;22758060000;22697722222;23197722222
5174;22758064000;22697722222;23197722222
5175;22758065000;22697722222;23197722222
5176;22758074000;22697722222;23197722222
5177;22758075000;22697722222;23197722222
5178;22758076000;22697722222;23197722222
5179;22758077000;22697722222;23197722222
5180;22758277000;22697766666;23197766666
5181;22758292000;22698066666;23198066666
5182;22758294000;22698066666;23198066666
5183;22758295000;22698066666;23198066666
5184;22799753000;22739422222;23239422222
5185;22799757000;22739422222;23239422222
5186;22799758000;22739422222;23239422222
5187;22799759000;22739422222;23239422222
5188;22799760000;22739422222;23239422222
5189;22799761000;22739422222;23239422222
5190;22799761000;22739422222;23239422222
5191;22799962000;22739466666;23239466666
5192;22799977000;22739755555;23239755555
5193;22799978000;22739755555;23239755555
5194;22799979000;22739755555;23239755555
5195;22841407000;22781055555;23281055555
5196;22841410000;22781055555;23281055555
5197;22841411000;22781055555;23281055555
5198;22841413000;22781055555;23281055555
5199;22841413000;22781055555;23281055555
5200;22841414000;22781055555;23281055555
5201;22841415000;22781055555;23281055555
5202;22841630000;22781100000;23281100000
5203;22841646000;22781444444;23281444444
5204;22841647000;22781444444;23281444444
5205;22841648000;22781444444;23281444444
5206;22883196000;22822722222;23322722222
5207;22883199000;22822722222;23322722222
5208;22883200000;22822722222;23322722222
5209;22883202000;22822722222;23322722222
5210;22883203000;22822722222;23322722222
5211;22883204000;22822722222;23322722222
5212;22883205000;22822722222;23322722222
5213;22883388000;22822766666;23322766666
5214;22883403000;22823044444;23323044444
5215;22883404000;22823044444;23323044444
5216;22883405000;22823044444;23323044444
5217;22924881000;22864377777;23364377777
5218;22924884000;22864377777;23364377777
5219;22924885000;22864377777;23364377777
5220;22924886000;22864377777;23364377777
5221;22924887000;22864377777;23364377777
5222;22924888000;22864377777;23364377777
5223;22924889000;22864377777;23364377777
5224;22925092000;22864422222;23364422222
5225;22925107000;22864711111;23364711111
5226;22925108000;22864711111;23364711111
5227;22925109000;22864711111;23364711111
5228;22966394000;22906044444;23406044444
5229;22966397000;22906044444;23406044444
5230;22966398000;22906044444;23406044444
5231;22966399000;22906044444;23406044444
5232;22966400000;22906044444;23406044444
5233;22966401000;22906044444;23406044444
5234;22966402000;22906044444;23406044444
5235;22966603000;22906100000;23406100000
5236;22966618000;22906444444;23406444444
5237;22966619000;22906444444;23406444444
5238;22966620000;22906444444;23406444444
5239;23008212000;22947722222;23447722222
5240;23008216000;22947722222;23447722222
5241;23008217000;22947722222;23447722222
5242;23008218000;22947722222;23447722222
5243;23008218000;22947722222;23447722222
5244;23008219000;22947722222;23447722222
5245;23008220000;22947722222;23447722222
5246;23008419000;22947766666;23447766666
5247;23008423000;22948055555;23448055555
5249;23008424000;22948055555;23448055555
5250;23049739000;22989388888;23489388888
5251;23049742000;22989388888;23489388888
5252;23049743000;22989388888;23489388888
5253;23049744000;22989388888;23489388888
5254;23049745000;22989388888;23489388888
5255;23049746000;22989388888;23489388888
5256;23049747000;22989388888;23489388888
5257;23049946000;22989444444;23489444444
5258;23049961000;22989722222;23489722222
5259;23049963000;22989722222;23489722222
5260;23049964000;22989722222;23489722222
5261;23153386000;23031044444;23531044444
5270;23153498000;23031433333;23531433333
5271;23153501000;23031433333;23531433333
5272;23194345000;23072744444;23572744444
5282;23194458000;23073077777;23573077777
5283;23234684000;23114388888;23614388888
5293;23234796000;23114700000;23614700000
5294;23273448000;23156044444;23656044444
5304;23273561000;23156433333;23656433333
5305;23312272000;23197777777;23697777777
5315;23312415000;23198100000;23698100000
5316;23350137000;23239377777;23739377777
5324;23350249000;23239700000;23739700000
5325;23350253000;23239700000;23739700000
5326;23350253000;23239700000;23739700000
5327;23386880000;23281044444;23781044444
5335;23387000000;23281422222;23781422222
5336;23387003000;23281422222;23781422222
5337;23387004000;23281422222;23781422222
5338;23422997000;23322722222;23822722222
5346;23423123000;23323055555;23823055555
5347;23423125000;23323055555;23823055555
5348;23423135000;23323055555;23823055555
5349;23458544000;23364388888;23864388888
5356;23458789000;23364422222;23864422222
5358;23458805000;23364722222;23864722222
5359;23458806000;23364722222;23864722222
5360;23494137000;23406088888;23906088888
5361;23494140000;23406088888;23906088888
5362;23494141000;23406088888;23906088888
5363;23494142000;23406088888;23906088888
5364;23494143000;23406088888;23906088888
5365;23494144000;23406088888;23906088888
5366;23494145000;23406088888;23906088888
5367;23494315000;23406122222;23906122222
5368;23494320000;23406466666;23906466666
5369;23494321000;23406466666;23906466666
5370;23494322000;23406466666;23906466666
5371;23529661000;23447722222;23947722222
5372;23529664000;23447722222;23947722222
5373;23529665000;23447722222;23947722222
5374;23529666000;23447722222;23947722222
5375;23529667000;23447722222;23947722222
5376;23529668000;23447722222;23947722222
5377;23529669000;23447722222;23947722222
5378;23529839000;23447755555;23947755555
5379;23529854000;23448044444;23948044444
5380;23529855000;23448044444;23948044444
5381;23529856000;23448044444;23948044444
5382;23565728000;23489377777;23989377777
5383;23565731000;23489377777;23989377777
5384;23565732000;23489377777;23989377777
5385;23565734000;23489377777;23989377777
5386;23565734000;23489377777;23989377777
5387;23565735000;23489377777;23989377777
5388;23565736000;23489377777;23989377777
5389;23565937000;23489422222;23989422222
5390;23565952000;23489688888;23989688888
5391;23565954000;23489688888;23989688888
5392;23565954000;23489688888;23989688888
5393;23602443000;23531055555;24031055555
5394;23602446000;23531055555;24031055555
5395;23602447000;23531055555;24031055555
5396;23602448000;23531055555;24031055555
5397;23602449000;23531055555;24031055555
5398;23602450000;23531055555;24031055555
5399;23602451000;23531055555;24031055555
5400;23602651000;23531088888;24031088888
5401;23602657000;23531422222;24031422222
5402;23602658000;23531422222;24031422222
5403;23602659000;23531422222;24031422222
5404;23640233000;23572711111;24072711111
5405;23640237000;23572711111;24072711111
5406;23640238000;23572711111;24072711111
5407;23640239000;23572711111;24072711111
5408;23640240000;23572711111;24072711111
5409;23640241000;23572711111;24072711111
5410;23640242000;23572711111;24072711111
5411;23640442000;23572755555;24072755555
5412;23640457000;23573044444;24073044444
5413;23640458000;23573044444;24073044444
5414;23640459000;23573044444;24073044444
5415;23678918000;23614388888;24114388888
5416;23678931000;23614388888;24114388888
5417;23678932000;23614388888;24114388888
5418;23678934000;23614388888;24114388888
5419;23678935000;23614388888;24114388888
5420;23678937000;23614388888;24114388888
5421;23678938000;23614388888;24114388888
5422;23679081000;23614422222;24114422222
5423;23679084000;23614700000;24114700000
5424;23679086000;23614700000;24114700000
5425;23679087000;23614700000;24114700000
5426;23718896000;23656044444;24156044444
5427;23718900000;23656044444;24156044444
5428;23718901000;23656044444;24156044444
5429;23718902000;23656044444;24156044444
5430;23718903000;23656044444;24156044444
5431;23718904000;23656044444;24156044444
5432;23718905000;23656044444;24156044444
5433;23798826000;23656088888;24156088888
5446;23798841000;23698044444;24198044444
5447;23798842000;23698044444;24198044444
5448;23881745000;23739411111;24239411111
5468;23921442000;23781455555;24281455555
5478;23960422000;23823088888;24323088888
5479;23960426000;23823088888;24323088888
5480;23960427000;23823088888;24323088888
5481;24002221000;23864377777;24364377777
5482;24002224000;23864377777;24364377777
5483;24002225000;23864377777;24364377777
5484;24002226000;23864377777;24364377777
5485;24002227000;23864377777;24364377777
5486;24002228000;23864377777;24364377777
5487;24002229000;23864377777;24364377777
5488;24002436000;23864422222;24364422222
5489;24002452000;23864722222;24364722222
5490;24002453000;23864722222;24364722222
5491;24002454000;23864722222;24364722222
5492;24038213000;23906044444;24406044444
5493;24038216000;23906044444;24406044444
5494;24038217000;23906044444;24406044444
5495;24038218000;23906044444;24406044444
5496;24038219000;23906044444;24406044444
5497;24038220000;23906044444;24406044444
5498;24038221000;23906044444;24406044444
5499;24038420000;23906100000;24406100000
