seqnum;now;rtptime;deadline
0;4450088000;4208388888;4408388888
1;4450095000;4208388888;4408388888
2;4450096000;4208388888;4408388888
3;4450098000;4208388888;4408388888
4;4480744000;4208388888;4408388888
5;4480747000;4208388888;4408388888
6;4480930000;4208388888;4408388888
7;4480940000;4208388888;4408388888
8;4481178000;4208388888;4408388888
9;4481185000;4208388888;4408388888
10;4482058000;4208388888;4408388888
11;4482074000;4239988888;4439988888
12;4561650000;4239988888;4439988888
13;4561661000;4239988888;4439988888
14;4561849000;4239988888;4439988888
15;4561857000;4239988888;4439988888
16;4562096000;4239988888;4439988888
17;4562103000;4239988888;4439988888
18;4562336000;4239988888;4439988888
19;4562344000;4239988888;4439988888
20;4562568000;4239988888;4439988888
21;4562670000;4239988888;4439988888
22;4562854000;4281677777;4481677777
23;4562861000;4281677777;4481677777
24;4562873000;4281677777;4481677777
25;4563036000;4281677777;4481677777
26;4567914000;4281677777;4481677777
27;4567922000;4281677777;4481677777
28;4642534000;4281677777;4481677777
29;4642541000;4281677777;4481677777
30;4642781000;4281677777;4481677777
31;4642789000;4281677777;4481677777
32;4643047000;4281677777;4481677777
33;4643062000;4323300000;4523300000
34;4643308000;4323300000;4523300000
36;4643410000;4323300000;4523300000
39;4643536000;4323300000;4523300000
40;4643539000;4323300000;4523300000
41;4643797000;4323300000;4523300000
42;4643819000;4323300000;4523300000
43;4643866000;4323300000;4523300000
44;4644005000;4364955555;4564955555
45;4644013000;4364955555;4564955555
46;4644235000;4364955555;4564955555
47;4644243000;4364955555;4564955555
48;4644501000;4364955555;4564955555
49;4644532000;4364955555;4564955555
50;4644722000;4364955555;4564955555
51;4644732000;4364955555;4564955555
52;4644974000;4364955555;4564955555
53;4644984000;4364955555;4564955555
54;4645281000;4364955555;4564955555
55;4645298000;4406611111;4606611111
56;4648970000;4406611111;4606611111
57;4648993000;4406611111;4606611111
58;4649212000;4406611111;4606611111
59;4649220000;4406611111;4606611111
60;4723455000;4406611111;4606611111
61;4723467000;4406611111;4606611111
62;4723700000;4406611111;4606611111
63;4723710000;4406611111;4606611111
64;4723958000;4406611111;4606611111
65;4724020000;4406611111;4606611111
67;4724223000;4448255555;4648255555
68;4724225000;4448255555;4648255555
69;4724442000;4448255555;4648255555
70;4724451000;4448255555;4648255555
71;4724650000;4448255555;4648255555
72;4724671000;4448255555;4648255555
73;4724902000;4448255555;4648255555
74;4724928000;4448255555;4648255555
75;4724946000;4448255555;4648255555
76;4725158000;4448255555;4648255555
77;4725171000;4489966666;4689966666
78;4725394000;4489966666;4689966666
79;4725406000;4489966666;4689966666
80;4725712000;4489966666;4689966666
81;4725720000;4489966666;4689966666
82;4725953000;4489966666;4689966666
83;4725962000;4489966666;4689966666
84;4726175000;4489966666;4689966666
85;4726194000;4489966666;4689966666
86;4726434000;4489966666;4689966666
87;4731365000;4489966666;4689966666
88;4731370000;4531600000;4731600000
89;4731371000;4531600000;4731600000
90;4731372000;4531600000;4731600000
91;4731383000;4531600000;4731600000
92;4731384000;4531600000;4731600000
93;4731385000;4531600000;4731600000
94;4731386000;4531600000;4731600000
95;4731387000;4531600000;4731600000
96;4731387000;4531600000;4731600000
97;4731388000;4531600000;4731600000
98;4773165000;4531600000;4731600000
99;4804288000;4573322222;4773322222
100;4804296000;4573322222;4773322222
101;4804727000;4573322222;4773322222
102;4804745000;4573322222;4773322222
103;4804974000;4573322222;4773322222
104;4804981000;4573322222;4773322222
105;4805225000;4573322222;4773322222
106;4805232000;4573322222;4773322222
107;4805471000;4573322222;4773322222
108;4805479000;4573322222;4773322222
109;4814736000;4573322222;4773322222
115;4814742000;4614877777;4814877777
116;4814743000;4614877777;4814877777
117;4814744000;4614877777;4814877777
118;4814745000;4614877777;4814877777
119;4814746000;4614877777;4814877777
120;4856482000;4614877777;4814877777
121;4856504000;4656588888;4856588888
122;4856540000;4656588888;4856588888
123;4856541000;4656588888;4856588888
124;4856542000;4656588888;4856588888
125;4856542000;4656588888;4856588888
126;4856544000;4656588888;4856588888
127;4856545000;4656588888;4856588888
128;4856545000;4656588888;4856588888
129;4856546000;4656588888;4856588888
130;4856547000;4656588888;4856588888
131;4898162000;4656588888;4856588888
142;4939819000;4698244444;4898244444
143;4939824000;4739900000;4939900000
144;4939825000;4739900000;4939900000
145;4939826000;4739900000;4939900000
146;4939827000;4739900000;4939900000
147;4939828000;4739900000;4939900000
148;4939829000;4739900000;4939900000
149;4939830000;4739900000;4939900000
150;4939831000;4739900000;4939900000
151;4939832000;4739900000;4939900000
152;4939833000;4739900000;4939900000
153;4981494000;4739900000;4939900000
163;4981499000;4781600000;4981600000
164;5023164000;4781600000;4981600000
166;5023170000;4823255555;5023255555
167;5023171000;4823255555;5023255555
168;5023172000;4823255555;5023255555
169;5023173000;4823255555;5023255555
170;5023174000;4823255555;5023255555
171;5023175000;4823255555;5023255555
172;5023176000;4823255555;5023255555
173;5023177000;4823255555;5023255555
174;5023178000;4823255555;5023255555
178;5106567000;4864911111;5064911111
191;5148175000;4906577777;5106577777
207;5189865000;4948288888;5148288888
217;5231475000;4989900000;5189900000
230;5273297000;5031633333;5231633333
241;5314826000;5073255555;5273255555
252;5356507000;5114933333;5314933333
263;5398172000;5156600000;5356600000
273;5398177000;5198322222;5398322222
274;5439898000;5198322222;5398322222
284;5439904000;5239911111;5439911111
285;5481484000;5239911111;5439911111
288;5481490000;5281644444;5481644444
289;5481491000;5281644444;5481644444
292;5486457000;5281644444;5481644444
293;5486460000;5281644444;5481644444
295;5486462000;5281644444;5481644444
296;5523193000;5281644444;5481644444
299;5523199000;5323266666;5523266666
302;5526540000;5323266666;5523266666
303;5526543000;5323266666;5523266666
304;5526545000;5323266666;5523266666
305;5526546000;5323266666;5523266666
306;5526546000;5323266666;5523266666
307;5564857000;5323266666;5523266666
308;5564863000;5364977777;5564977777
309;5564864000;5364977777;5564977777
310;5564865000;5364977777;5564977777
311;5564866000;5364977777;5564977777
312;5564867000;5364977777;5564977777
313;5564868000;5364977777;5564977777
314;5564869000;5364977777;5564977777
315;5564870000;5364977777;5564977777
316;5564871000;5364977777;5564977777
317;5564871000;5364977777;5564977777
318;5606543000;5364977777;5564977777
319;5606549000;5406588888;5606588888
320;5606559000;5406588888;5606588888
321;5606560000;5406588888;5606588888
322;5606561000;5406588888;5606588888
323;5606562000;5406588888;5606588888
324;5606563000;5406588888;5606588888
325;5606564000;5406588888;5606588888
326;5606565000;5406588888;5606588888
327;5606566000;5406588888;5606588888
328;5606567000;5406588888;5606588888
329;5648163000;5406588888;5606588888
330;5648169000;5448300000;5648300000
331;5648170000;5448300000;5648300000
332;5648171000;5448300000;5648300000
333;5648172000;5448300000;5648300000
334;5648173000;5448300000;5648300000
335;5648174000;5448300000;5648300000
336;5648175000;5448300000;5648300000
337;5648176000;5448300000;5648300000
338;5648177000;5448300000;5648300000
339;5648178000;5448300000;5648300000
340;5689870000;5448300000;5648300000
341;5689876000;5489911111;5689911111
342;5689877000;5489911111;5689911111
343;5689878000;5489911111;5689911111
344;5689879000;5489911111;5689911111
345;5689880000;5489911111;5689911111
346;5689881000;5489911111;5689911111
350;5730649000;5489911111;5689911111
351;5731367000;5489911111;5689911111
352;5731373000;5531577777;5731577777
353;5731374000;5531577777;5731577777
354;5731375000;5531577777;5731577777
355;5731376000;5531577777;5731577777
356;5731377000;5531577777;5731577777
357;5731378000;5531577777;5731577777
358;5731379000;5531577777;5731577777
359;5731380000;5531577777;5731577777
360;5731381000;5531577777;5731577777
361;5731381000;5531577777;5731577777
362;5773151000;5531577777;5731577777
364;5812571000;5573300000;5773300000
365;5812582000;5573300000;5773300000
366;5812583000;5573300000;5773300000
367;5812584000;5573300000;5773300000
368;5812585000;5573300000;5773300000
369;5812586000;5573300000;5773300000
370;5812587000;5573300000;5773300000
371;5812588000;5573300000;5773300000
372;5812589000;5573300000;5773300000
373;5814713000;5573300000;5773300000
374;5814719000;5614866666;5814866666
375;5814720000;5614866666;5814866666
376;5814721000;5614866666;5814866666
377;5814722000;5614866666;5814866666
378;5814723000;5614866666;5814866666
379;5814724000;5614866666;5814866666
380;5814725000;5614866666;5814866666
381;5814726000;5614866666;5814866666
382;5814727000;5614866666;5814866666
383;5814727000;5614866666;5814866666
384;5856485000;5614866666;5814866666
385;5856497000;5656577777;5856577777
386;5856508000;5656577777;5856577777
387;5856509000;5656577777;5856577777
388;5856510000;5656577777;5856577777
389;5856518000;5656577777;5856577777
390;5856519000;5656577777;5856577777
391;5856521000;5656577777;5856577777
392;5856973000;5656577777;5856577777
393;5864589000;5656577777;5856577777
394;5891898000;5656577777;5856577777
395;5898053000;5656577777;5856577777
396;5898065000;5698255555;5898255555
397;5898067000;5698255555;5898255555
398;5898068000;5698255555;5898255555
399;5898069000;5698255555;5898255555
400;5898070000;5698255555;5898255555
401;5898072000;5698255555;5898255555
402;5898074000;5698255555;5898255555
403;5898075000;5698255555;5898255555
404;5898076000;5698255555;5898255555
405;5898077000;5698255555;5898255555
406;5939878000;5698255555;5898255555
407;5939902000;5739900000;5939900000
408;5939905000;5739900000;5939900000
409;5939906000;5739900000;5939900000
410;5939907000;5739900000;5939900000
413;5975557000;5739900000;5939900000
415;5975560000;5739900000;5939900000
416;5975562000;5739900000;5939900000
417;5982738000;5739900000;5939900000
418;5982759000;5781611111;5981611111
419;5982761000;5781611111;5981611111
420;5982762000;5781611111;5981611111
421;5982763000;5781611111;5981611111
422;5982764000;5781611111;5981611111
423;5982766000;5781611111;5981611111
424;5982767000;5781611111;5981611111
425;5982768000;5781611111;5981611111
426;5982770000;5781611111;5981611111
427;5982771000;5781611111;5981611111
428;6023219000;5781611111;5981611111
429;6023244000;5823277777;6023277777
430;6023245000;5823277777;6023277777
431;6023247000;5823277777;6023277777
432;6026561000;5823277777;6023277777
433;6026575000;5823277777;6023277777
434;6026805000;5823277777;6023277777
435;6054140000;5823277777;6023277777
436;6054148000;5823277777;6023277777
439;6064660000;5823277777;6023277777
440;6064674000;5864911111;6064911111
441;6064675000;5864911111;6064911111
442;6064676000;5864911111;6064911111
443;6064677000;5864911111;6064911111
444;6064678000;5864911111;6064911111
445;6064679000;5864911111;6064911111
446;6064680000;5864911111;6064911111
447;6064681000;5864911111;6064911111
448;6064682000;5864911111;6064911111
449;6064683000;5864911111;6064911111
450;6106422000;5864911111;6064911111
451;6106425000;5906577777;6106577777
452;6106426000;5906577777;6106577777
453;6107364000;5906577777;6106577777
454;6107628000;5906577777;6106577777
455;6113665000;5906577777;6106577777
456;6135187000;5906577777;6106577777
457;6135195000;5906577777;6106577777
458;6135789000;5906577777;6106577777
459;6135797000;5906577777;6106577777
460;6136072000;5906577777;6106577777
461;6148028000;5906577777;6106577777
462;6148033000;5948255555;6148255555
463;6148034000;5948255555;6148255555
464;6148035000;5948255555;6148255555
465;6148036000;5948255555;6148255555
466;6148037000;5948255555;6148255555
467;6148038000;5948255555;6148255555
468;6148039000;5948255555;6148255555
469;6148040000;5948255555;6148255555
470;6148041000;5948255555;6148255555
471;6148042000;5948255555;6148255555
472;6189830000;5948255555;6148255555
473;6189835000;5989911111;6189911111
474;6189836000;5989911111;6189911111
475;6189837000;5989911111;6189911111
476;6194742000;5989911111;6189911111
477;6216261000;5989911111;6189911111
478;6216269000;5989911111;6189911111
479;6216846000;5989911111;6189911111
480;6216853000;5989911111;6189911111
481;6217357000;5989911111;6189911111
482;6217588000;5989911111;6189911111
483;6231344000;5989911111;6189911111
484;6231349000;6031622222;6231622222
485;6231351000;6031622222;6231622222
486;6231352000;6031622222;6231622222
487;6231353000;6031622222;6231622222
488;6231353000;6031622222;6231622222
489;6231354000;6031622222;6231622222
490;6231355000;6031622222;6231622222
491;6231356000;6031622222;6231622222
492;6231357000;6031622222;6231622222
493;6231358000;6031622222;6231622222
494;6273194000;6031622222;6231622222
495;6273200000;6073277777;6273277777
496;6273201000;6073277777;6273277777
497;6273202000;6073277777;6273277777
500;6306746000;6073277777;6273277777
501;6306748000;6073277777;6273277777
502;6306751000;6073277777;6273277777
503;6306751000;6073277777;6273277777
504;6306752000;6073277777;6273277777
505;6314724000;6073277777;6273277777
506;6314730000;6114900000;6314900000
507;6314731000;6114900000;6314900000
508;6314732000;6114900000;6314900000
509;6314733000;6114900000;6314900000
510;6314734000;6114900000;6314900000
511;6314735000;6114900000;6314900000
512;6314736000;6114900000;6314900000
513;6314737000;6114900000;6314900000
514;6314738000;6114900000;6314900000
515;6314739000;6114900000;6314900000
516;6356471000;6114900000;6314900000
517;6356477000;6156600000;6356600000
518;6356478000;6156600000;6356600000
519;6356479000;6156600000;6356600000
520;6356480000;6156600000;6356600000
521;6378331000;6156600000;6356600000
522;6378338000;6156600000;6356600000
523;6378611000;6156600000;6356600000
524;6378890000;6156600000;6356600000
525;6379362000;6156600000;6356600000
526;6379374000;6156600000;6356600000
527;6398056000;6156600000;6356600000
528;6398062000;6198266666;6398266666
529;6398063000;6198266666;6398266666
530;6398064000;6198266666;6398266666
531;6398065000;6198266666;6398266666
532;6398066000;6198266666;6398266666
533;6398067000;6198266666;6398266666
534;6398068000;6198266666;6398266666
535;6398069000;6198266666;6398266666
536;6398070000;6198266666;6398266666
537;6398071000;6198266666;6398266666
538;6439848000;6198266666;6398266666
539;6439863000;6239922222;6439922222
540;6439864000;6239922222;6439922222
541;6439865000;6239922222;6439922222
542;6439866000;6239922222;6439922222
543;6439867000;6239922222;6439922222
544;6459403000;6239922222;6439922222
545;6459415000;6239922222;6439922222
546;6459889000;6239922222;6439922222
547;6459900000;6239922222;6439922222
548;6460374000;6239922222;6439922222
549;6481392000;6239922222;6439922222
550;6481398000;6281622222;6481622222
551;6481399000;6281622222;6481622222
552;6481400000;6281622222;6481622222
553;6481401000;6281622222;6481622222
554;6481402000;6281622222;6481622222
555;6481403000;6281622222;6481622222
556;6481403000;6281622222;6481622222
558;6523235000;6281622222;6481622222
559;6523238000;6281622222;6481622222
560;6523359000;6281622222;6481622222
561;6523365000;6323255555;6523255555
562;6523366000;6323255555;6523255555
563;6523367000;6323255555;6523255555
564;6523368000;6323255555;6523255555
565;6523368000;6323255555;6523255555
566;6523369000;6323255555;6523255555
567;6523370000;6323255555;6523255555
568;6540497000;6323255555;6523255555
569;6540865000;6323255555;6523255555
570;6540874000;6323255555;6523255555
571;6564735000;6323255555;6523255555
572;6564741000;6364922222;6564922222
573;6564742000;6364922222;6564922222
574;6564743000;6364922222;6564922222
575;6564744000;6364922222;6564922222
576;6564745000;6364922222;6564922222
577;6564746000;6364922222;6564922222
578;6564747000;6364922222;6564922222
579;6564748000;6364922222;6564922222
580;6564749000;6364922222;6564922222
581;6564749000;6364922222;6564922222
582;6606497000;6364922222;6564922222
583;6606502000;6406622222;6606622222
584;6606504000;6406622222;6606622222
585;6606505000;6406622222;6606622222
586;6606506000;6406622222;6606622222
587;6606507000;6406622222;6606622222
588;6606507000;6406622222;6606622222
589;6606508000;6406622222;6606622222
590;6606509000;6406622222;6606622222
591;6606510000;6406622222;6606622222
592;6606518000;6406622222;6606622222
593;6648119000;6406622222;6606622222
594;6648131000;6448266666;6648266666
595;6648133000;6448266666;6648266666
596;6648134000;6448266666;6648266666
597;6648135000;6448266666;6648266666
598;6648136000;6448266666;6648266666
599;6648136000;6448266666;6648266666
600;6648137000;6448266666;6648266666
601;6648138000;6448266666;6648266666
602;6648139000;6448266666;6648266666
603;6648140000;6448266666;6648266666
604;6689839000;6448266666;6648266666
605;6689845000;6489933333;6689933333
606;6689846000;6489933333;6689933333
607;6689847000;6489933333;6689933333
608;6689848000;6489933333;6689933333
609;6689849000;6489933333;6689933333
610;6689850000;6489933333;6689933333
611;6689851000;6489933333;6689933333
612;6689852000;6489933333;6689933333
613;6689853000;6489933333;6689933333
614;6689854000;6489933333;6689933333
615;6731530000;6489933333;6689933333
619;6731535000;6531588888;6731588888
620;6731537000;6531588888;6731588888
621;6731537000;6531588888;6731588888
622;6731538000;6531588888;6731588888
623;6731540000;6531588888;6731588888
624;6731540000;6531588888;6731588888
625;6731541000;6531588888;6731588888
626;6773160000;6531588888;6731588888
627;6773166000;6573266666;6773266666
628;6773167000;6573266666;6773266666
629;6773168000;6573266666;6773266666
630;6773169000;6573266666;6773266666
631;6773169000;6573266666;6773266666
632;6773170000;6573266666;6773266666
633;6773171000;6573266666;6773266666
634;6773172000;6573266666;6773266666
635;6773173000;6573266666;6773266666
636;6773174000;6573266666;6773266666
637;6814838000;6573266666;6773266666
646;6814843000;6614877777;6814877777
647;6814845000;6614877777;6814877777
648;6856448000;6614877777;6814877777
653;6864972000;6656588888;6856588888
654;6864975000;6656588888;6856588888
655;6864976000;6656588888;6856588888
656;6864977000;6656588888;6856588888
657;6864978000;6656588888;6856588888
658;6864979000;6656588888;6856588888
659;6898120000;6656588888;6856588888
670;6939829000;6698255555;6898255555
673;6939834000;6739900000;6939900000
674;6939835000;6739900000;6939900000
675;6939836000;6739900000;6939900000
678;6945794000;6739900000;6939900000
679;6945806000;6739900000;6939900000
681;6981458000;6739900000;6939900000
692;7023192000;6781600000;6981600000
702;7023197000;6823266666;7023266666
705;7106789000;6864988888;7064988888
723;7148232000;6906655555;7106655555
734;7189866000;6948288888;7148288888
736;7189975000;6948288888;7148288888
739;7194784000;6989977777;7189977777
742;7194793000;6989977777;7189977777
743;7194795000;6989977777;7189977777
744;7194797000;6989977777;7189977777
745;7194799000;6989977777;7189977777
746;7194800000;6989977777;7189977777
747;7231533000;6989977777;7189977777
750;7231538000;7031666666;7231666666
751;7231540000;7031666666;7231666666
752;7231540000;7031666666;7231666666
753;7231541000;7031666666;7231666666
754;7231542000;7031666666;7231666666
755;7231543000;7031666666;7231666666
756;7231544000;7031666666;7231666666
757;7231545000;7031666666;7231666666
758;7273238000;7031666666;7231666666
760;7276613000;7073344444;7273344444
761;7276615000;7073344444;7273344444
762;7276616000;7073344444;7273344444
763;7276617000;7073344444;7273344444
764;7276618000;7073344444;7273344444
765;7276619000;7073344444;7273344444
766;7276620000;7073344444;7273344444
767;7276621000;7073344444;7273344444
768;7276621000;7073344444;7273344444
769;7314901000;7073344444;7273344444
770;7314907000;7114911111;7314911111
771;7314908000;7114911111;7314911111
772;7314909000;7114911111;7314911111
773;7314910000;7114911111;7314911111
774;7314911000;7114911111;7314911111
775;7314912000;7114911111;7314911111
776;7314913000;7114911111;7314911111
777;7314914000;7114911111;7314911111
778;7314915000;7114911111;7314911111
779;7314916000;7114911111;7314911111
780;7356481000;7114911111;7314911111
781;7356487000;7156611111;7356611111
782;7356488000;7156611111;7356611111
783;7356489000;7156611111;7356611111
784;7356490000;7156611111;7356611111
785;7356491000;7156611111;7356611111
786;7356492000;7156611111;7356611111
787;7356493000;7156611111;7356611111
788;7356494000;7156611111;7356611111
789;7356494000;7156611111;7356611111
790;7356495000;7156611111;7356611111
791;7398184000;7156611111;7356611111
792;7398189000;7198255555;7398255555
793;7398190000;7198255555;7398255555
794;7398191000;7198255555;7398255555
795;7398192000;7198255555;7398255555
796;7398193000;7198255555;7398255555
797;7398194000;7198255555;7398255555
798;7398195000;7198255555;7398255555
799;7398196000;7198255555;7398255555
800;7398197000;7198255555;7398255555
801;7398198000;7198255555;7398255555
802;7439828000;7198255555;7398255555
803;7439833000;7239911111;7439911111
804;7439834000;7239911111;7439911111
805;7439835000;7239911111;7439911111
806;7439836000;7239911111;7439911111
807;7439837000;7239911111;7439911111
808;7439838000;7239911111;7439911111
809;7439839000;7239911111;7439911111
810;7439840000;7239911111;7439911111
811;7439841000;7239911111;7439911111
812;7439842000;7239911111;7439911111
813;7481482000;7239911111;7439911111
814;7481488000;7281611111;7481611111
815;7481489000;7281611111;7481611111
816;7481490000;7281611111;7481611111
817;7481491000;7281611111;7481611111
818;7481492000;7281611111;7481611111
819;7481493000;7281611111;7481611111
820;7481494000;7281611111;7481611111
821;7484608000;7281611111;7481611111
822;7484620000;7281611111;7481611111
823;7490673000;7281611111;7481611111
824;7523136000;7281611111;7481611111
825;7523142000;7323244444;7523244444
826;7523143000;7323244444;7523244444
827;7523144000;7323244444;7523244444
828;7523145000;7323244444;7523244444
829;7523146000;7323244444;7523244444
830;7523147000;7323244444;7523244444
831;7523148000;7323244444;7523244444
832;7523149000;7323244444;7523244444
833;7523150000;7323244444;7523244444
834;7523150000;7323244444;7523244444
835;7564807000;7323244444;7523244444
836;7564812000;7364933333;7564933333
837;7564813000;7364933333;7564933333
838;7564815000;7364933333;7564933333
839;7565645000;7364933333;7564933333
840;7565656000;7364933333;7564933333
841;7571737000;7364933333;7564933333
842;7571747000;7364933333;7564933333
843;7571984000;7364933333;7564933333
844;7577457000;7364933333;7564933333
845;7599888000;7364933333;7564933333
846;7606363000;7364933333;7564933333
847;7606369000;7406600000;7606600000
848;7606370000;7406600000;7606600000
850;7648143000;7406600000;7606600000
851;7648158000;7406600000;7606600000
852;7648159000;7406600000;7606600000
853;7648160000;7406600000;7606600000
854;7648160000;7406600000;7606600000
855;7648161000;7406600000;7606600000
856;7648162000;7406600000;7606600000
857;7648271000;7406600000;7606600000
858;7648276000;7448266666;7648266666
859;7648277000;7448266666;7648266666
860;7680909000;7448266666;7648266666
861;7680926000;7448266666;7648266666
862;7681164000;7448266666;7648266666
863;7681176000;7448266666;7648266666
864;7681398000;7448266666;7648266666
865;7681407000;7448266666;7648266666
866;7681649000;7448266666;7648266666
867;7681666000;7448266666;7648266666
868;7689628000;7448266666;7648266666
869;7689634000;7489944444;7689944444
870;7689635000;7489944444;7689944444
871;7689636000;7489944444;7689944444
872;7689646000;7489944444;7689944444
874;7731470000;7489944444;7689944444
875;7731472000;7489944444;7689944444
876;7731473000;7489944444;7689944444
877;7731474000;7489944444;7689944444
878;7731475000;7489944444;7689944444
879;7731623000;7489944444;7689944444
880;7761953000;7531600000;7731600000
881;7761960000;7531600000;7731600000
882;7762189000;7531600000;7731600000
883;7762198000;7531600000;7731600000
884;7762412000;7531600000;7731600000
885;7762423000;7531600000;7731600000
886;7762666000;7531600000;7731600000
887;7762674000;7531600000;7731600000
888;7762941000;7531600000;7731600000
889;7762949000;7531600000;7731600000
890;7772968000;7531600000;7731600000
891;7772973000;7573300000;7773300000
892;7772974000;7573300000;7773300000
893;7772975000;7573300000;7773300000
894;7772986000;7573300000;7773300000
895;7772986000;7573300000;7773300000
896;7772987000;7573300000;7773300000
897;7795343000;7573300000;7773300000
898;7808363000;7573300000;7773300000
900;7842958000;7573300000;7773300000
901;7843093000;7573300000;7773300000
902;7843209000;7614888888;7814888888
903;7843216000;7614888888;7814888888
904;7843444000;7614888888;7814888888
905;7843466000;7614888888;7814888888
906;7843710000;7614888888;7814888888
907;7843718000;7614888888;7814888888
908;7843987000;7614888888;7814888888
909;7843994000;7614888888;7814888888
910;7844221000;7614888888;7814888888
911;7844420000;7614888888;7814888888
912;7856277000;7614888888;7814888888
913;7856281000;7656600000;7856600000
914;7856282000;7656600000;7856600000
915;7876390000;7656600000;7856600000
916;7876401000;7656600000;7856600000
917;7876693000;7656600000;7856600000
918;7889342000;7656600000;7856600000
919;7923875000;7656600000;7856600000
920;7923882000;7656600000;7856600000
921;7924137000;7656600000;7856600000
922;7924377000;7656600000;7856600000
923;7924509000;7656600000;7856600000
924;7924665000;7698266666;7898266666
925;7924673000;7698266666;7898266666
926;7924876000;7698266666;7898266666
927;7924894000;7698266666;7898266666
928;7924904000;7698266666;7898266666
929;7925135000;7698266666;7898266666
930;7925143000;7698266666;7898266666
931;7925370000;7698266666;7898266666
932;7925379000;7698266666;7898266666
933;7926163000;7698266666;7898266666
934;7939647000;7698266666;7898266666
935;7957420000;7739911111;7939911111
936;7957429000;7739911111;7939911111
937;7957696000;7739911111;7939911111
938;7970208000;7739911111;7939911111
939;8004803000;7739911111;7939911111
940;8004822000;7739911111;7939911111
941;8005377000;7739911111;7939911111
942;8005384000;7739911111;7939911111
943;8005640000;7739911111;7939911111
944;8005652000;7739911111;7939911111
945;8005989000;7739911111;7939911111
946;8005995000;7781633333;7981633333
947;8006125000;7781633333;7981633333
948;8006132000;7781633333;7981633333
949;8006391000;7781633333;7981633333
950;8006399000;7781633333;7981633333
951;8006662000;7781633333;7981633333
952;8006677000;7781633333;7981633333
953;8006689000;7781633333;7981633333
954;8007187000;7781633333;7981633333
955;8007196000;7781633333;7981633333
956;8038490000;7781633333;7981633333
957;8038640000;7823277777;8023277777
958;8038649000;7823277777;8023277777
959;8051123000;7823277777;8023277777
960;8085759000;7823277777;8023277777
961;8086396000;7823277777;8023277777
962;8086405000;7823277777;8023277777
963;8086640000;7823277777;8023277777
964;8086899000;7823277777;8023277777
965;8086906000;7823277777;8023277777
966;8086919000;7823277777;8023277777
967;8087259000;7823277777;8023277777
968;8087264000;7864933333;8064933333
969;8087401000;7864933333;8064933333
970;8087410000;7864933333;8064933333
971;8087666000;7864933333;8064933333
972;8087674000;7864933333;8064933333
973;8087913000;7864933333;8064933333
974;8087920000;7864933333;8064933333
975;8088095000;7864933333;8064933333
976;8088115000;7864933333;8064933333
977;8088348000;7864933333;8064933333
978;8106337000;7864933333;8064933333
979;8119403000;7906588888;8106588888
980;8119409000;7906588888;8106588888
981;8119680000;7906588888;8106588888
982;8141854000;7906588888;8106588888
983;8167330000;7906588888;8106588888
984;8167339000;7906588888;8106588888
985;8167595000;7906588888;8106588888
986;8167832000;7906588888;8106588888
987;8167840000;7906588888;8106588888
988;8168085000;7906588888;8106588888
989;8168233000;7906588888;8106588888
990;8168239000;7948255555;8148255555
991;8168354000;7948255555;8148255555
992;8168588000;7948255555;8148255555
993;8168597000;7948255555;8148255555
994;8168606000;7948255555;8148255555
995;8168848000;7948255555;8148255555
996;8168855000;7948255555;8148255555
997;8169031000;7948255555;8148255555
998;8169050000;7948255555;8148255555
999;8169278000;7948255555;8148255555
1000;8189722000;7948255555;8148255555
1001;8189728000;7989922222;8189922222
1002;8189729000;7989922222;8189922222
1003;8200456000;7989922222;8189922222
1004;8200464000;7989922222;8189922222
1005;8207927000;7989922222;8189922222
1006;8228395000;7989922222;8189922222
1007;8248205000;7989922222;8189922222
1008;8248214000;7989922222;8189922222
1009;8248849000;7989922222;8189922222
1010;8248858000;7989922222;8189922222
1011;8249211000;7989922222;8189922222
1012;8249217000;8031611111;8231611111
1013;8249365000;8031611111;8231611111
1014;8249374000;8031611111;8231611111
1015;8249594000;8031611111;8231611111
1016;8249603000;8031611111;8231611111
1017;8249850000;8031611111;8231611111
1018;8249862000;8031611111;8231611111
1019;8250096000;8031611111;8231611111
1020;8250104000;8031611111;8231611111
1021;8250336000;8031611111;8231611111
1022;8273037000;8031611111;8231611111
1023;8273042000;8073266666;8273266666
1024;8273043000;8073266666;8273266666
1025;8273044000;8073266666;8273266666
1026;8273045000;8073266666;8273266666
1027;8273055000;8073266666;8273266666
1028;8281486000;8073266666;8273266666
1029;8281497000;8073266666;8273266666
1030;8294574000;8073266666;8273266666
1031;8314967000;8073266666;8273266666
1032;8329217000;8073266666;8273266666
1033;8329352000;8073266666;8273266666
1034;8329877000;8114911111;8314911111
1035;8329884000;8114911111;8314911111
1036;8330128000;8114911111;8314911111
1037;8330135000;8114911111;8314911111
1038;8330366000;8114911111;8314911111
1039;8330374000;8114911111;8314911111
1040;8330602000;8114911111;8314911111
1041;8330609000;8114911111;8314911111
1042;8330872000;8114911111;8314911111
1043;8330879000;8114911111;8314911111
1044;8356399000;8114911111;8314911111
1045;8356405000;8156622222;8356622222
1046;8356406000;8156622222;8356622222
1047;8356407000;8156622222;8356622222
1048;8356408000;8156622222;8356622222
1049;8356409000;8156622222;8356622222
1050;8356410000;8156622222;8356622222
1051;8356411000;8156622222;8356622222
1052;8356412000;8156622222;8356622222
1053;8356413000;8156622222;8356622222
1054;8362546000;8156622222;8356622222
1055;8398165000;8156622222;8356622222
1056;8398170000;8198255555;8398255555
1057;8401442000;8198255555;8398255555
1058;8410236000;8198255555;8398255555
1059;8410243000;8198255555;8398255555
1060;8410902000;8198255555;8398255555
1061;8410909000;8198255555;8398255555
1062;8411152000;8198255555;8398255555
1063;8411160000;8198255555;8398255555
1064;8411388000;8198255555;8398255555
1065;8411395000;8198255555;8398255555
1066;8439761000;8198255555;8398255555
1067;8439766000;8239900000;8439900000
1068;8439767000;8239900000;8439900000
1069;8439768000;8239900000;8439900000
1070;8439769000;8239900000;8439900000
1071;8439770000;8239900000;8439900000
1072;8439771000;8239900000;8439900000
1073;8439772000;8239900000;8439900000
1074;8439773000;8239900000;8439900000
1075;8439774000;8239900000;8439900000
1076;8439775000;8239900000;8439900000
1077;8481471000;8239900000;8439900000
1078;8481477000;8281600000;8481600000
1079;8481478000;8281600000;8481600000
1080;8481479000;8281600000;8481600000
1081;8481480000;8281600000;8481600000
1082;8481481000;8281600000;8481600000
1083;8481482000;8281600000;8481600000
1084;8487821000;8281600000;8481600000
1085;8491248000;8281600000;8481600000
1086;8491257000;8281600000;8481600000
1087;8491926000;8281600000;8481600000
1088;8523118000;8281600000;8481600000
1089;8523124000;8323233333;8523233333
1090;8523125000;8323233333;8523233333
1091;8523126000;8323233333;8523233333
1092;8523127000;8323233333;8523233333
1093;8523128000;8323233333;8523233333
1094;8523129000;8323233333;8523233333
1095;8523129000;8323233333;8523233333
1096;8523130000;8323233333;8523233333
1097;8523131000;8323233333;8523233333
1098;8523132000;8323233333;8523233333
1099;8564817000;8323233333;8523233333
1100;8564822000;8364888888;8564888888
1101;8564823000;8364888888;8564888888
1102;8564824000;8364888888;8564888888
1103;8564825000;8364888888;8564888888
1104;8564826000;8364888888;8564888888
1105;8564827000;8364888888;8564888888
1106;8564828000;8364888888;8564888888
1107;8564829000;8364888888;8564888888
1108;8564830000;8364888888;8564888888
1109;8564831000;8364888888;8564888888
1110;8606461000;8364888888;8564888888
1117;8606467000;8406588888;8606588888
1118;8606468000;8406588888;8606588888
1119;8606469000;8406588888;8606588888
1120;8606470000;8406588888;8606588888
1121;8648162000;8406588888;8606588888
1122;8648168000;8448244444;8648244444
1123;8648169000;8448244444;8648244444
1124;8648170000;8448244444;8648244444
1125;8648171000;8448244444;8648244444
1126;8648172000;8448244444;8648244444
1127;8648173000;8448244444;8648244444
1128;8648174000;8448244444;8648244444
1129;8648182000;8448244444;8648244444
1130;8648183000;8448244444;8648244444
1131;8648184000;8448244444;8648244444
1132;8689832000;8448244444;8648244444
1143;8731485000;8489911111;8689911111
1148;8731490000;8531600000;8731600000
1149;8731492000;8531600000;8731600000
1150;8731492000;8531600000;8731600000
1151;8731493000;8531600000;8731600000
1152;8731494000;8531600000;8731600000
1153;8731495000;8531600000;8731600000
1154;8773171000;8531600000;8731600000
1165;8814787000;8573255555;8773255555
1176;8856544000;8614966666;8814966666
1187;8898249000;8656677777;8856677777
1198;8939904000;8698333333;8898333333
1208;8939910000;8739955555;8939955555
1209;8981471000;8739955555;8939955555
1220;9023230000;8781655555;8981655555
1225;9023235000;8823333333;9023333333
1226;9023237000;8823333333;9023333333
1227;9023237000;8823333333;9023333333
1228;9023238000;8823333333;9023333333
1229;9023239000;8823333333;9023333333
1230;9023240000;8823333333;9023333333
1231;9064920000;8823333333;9023333333
1236;9064927000;8864966666;9064966666
1237;9064928000;8864966666;9064966666
1238;9064929000;8864966666;9064966666
1239;9064929000;8864966666;9064966666
1240;9064931000;8864966666;9064966666
1241;9064932000;8864966666;9064966666
1242;9106528000;8864966666;9064966666
1244;9109131000;8906600000;9106600000
1245;9109142000;8906600000;9106600000
1246;9109143000;8906600000;9106600000
1247;9109144000;8906600000;9106600000
1248;9109145000;8906600000;9106600000
1249;9109146000;8906600000;9106600000
1250;9109147000;8906600000;9106600000
1251;9109148000;8906600000;9106600000
1252;9109149000;8906600000;9106600000
1253;9148175000;8906600000;9106600000
1254;9148180000;8948266666;9148266666
1255;9148181000;8948266666;9148266666
1256;9148182000;8948266666;9148266666
1257;9148183000;8948266666;9148266666
1258;9148184000;8948266666;9148266666
1259;9148185000;8948266666;9148266666
1260;9148186000;8948266666;9148266666
1261;9148187000;8948266666;9148266666
1262;9148188000;8948266666;9148266666
1263;9148189000;8948266666;9148266666
1264;9189840000;8948266666;9148266666
1265;9189846000;8989911111;9189911111
1266;9189847000;8989911111;9189911111
1267;9189848000;8989911111;9189911111
1268;9189849000;8989911111;9189911111
1269;9189850000;8989911111;9189911111
1270;9189851000;8989911111;9189911111
1271;9189852000;8989911111;9189911111
1272;9189852000;8989911111;9189911111
1273;9189853000;8989911111;9189911111
1274;9189854000;8989911111;9189911111
1275;9231531000;8989911111;9189911111
1276;9231538000;9031677777;9231677777
1277;9231539000;9031677777;9231677777
1278;9231540000;9031677777;9231677777
1279;9231541000;9031677777;9231677777
1280;9231542000;9031677777;9231677777
1281;9231543000;9031677777;9231677777
1282;9231544000;9031677777;9231677777
1283;9231545000;9031677777;9231677777
1284;9231546000;9031677777;9231677777
1285;9231547000;9031677777;9231677777
1286;9273265000;9031677777;9231677777
1287;9273271000;9073277777;9273277777
1288;9273272000;9073277777;9273277777
1289;9273273000;9073277777;9273277777
1290;9273274000;9073277777;9273277777
1291;9273275000;9073277777;9273277777
1294;9281121000;9073277777;9273277777
1295;9281123000;9073277777;9273277777
1296;9281124000;9073277777;9273277777
1297;9314823000;9073277777;9273277777
1299;9314829000;9114888888;9314888888
1301;9356401000;9114888888;9314888888
1302;9356404000;9114888888;9314888888
1303;9356416000;9114888888;9314888888
1304;9356417000;9114888888;9314888888
1305;9356418000;9114888888;9314888888
1306;9356419000;9114888888;9314888888
1307;9356420000;9114888888;9314888888
1308;9356534000;9114888888;9314888888
1309;9356549000;9156588888;9356588888
1310;9356550000;9156588888;9356588888
1311;9356552000;9156588888;9356588888
1312;9356552000;9156588888;9356588888
1313;9356554000;9156588888;9356588888
1314;9356554000;9156588888;9356588888
1315;9356555000;9156588888;9356588888
1316;9356556000;9156588888;9356588888
1317;9356557000;9156588888;9356588888
1318;9356558000;9156588888;9356588888
1319;9398170000;9156588888;9356588888
1320;9398176000;9198255555;9398255555
1321;9398177000;9198255555;9398255555
1322;9398177000;9198255555;9398255555
1323;9398186000;9198255555;9398255555
1324;9398187000;9198255555;9398255555
1325;9398188000;9198255555;9398255555
1326;9398189000;9198255555;9398255555
1327;9398190000;9198255555;9398255555
1328;9398190000;9198255555;9398255555
1329;9398191000;9198255555;9398255555
1330;9439830000;9198255555;9398255555
1332;9481258000;9239900000;9439900000
1333;9481261000;9239900000;9439900000
1334;9481273000;9239900000;9439900000
1335;9481274000;9239900000;9439900000
1336;9481275000;9239900000;9439900000
1337;9481276000;9239900000;9439900000
1338;9481277000;9239900000;9439900000
1339;9481277000;9239900000;9439900000
1340;9481278000;9239900000;9439900000
1341;9481387000;9239900000;9439900000
1342;9481400000;9281622222;9481622222
1343;9555618000;9281622222;9481622222
1344;9555621000;9281622222;9481622222
1345;9555861000;9281622222;9481622222
1346;9555863000;9281622222;9481622222
1347;9556114000;9281622222;9481622222
1349;9556153000;9281622222;9481622222
1350;9556342000;9281622222;9481622222
1351;9556344000;9281622222;9481622222
1352;9556657000;9281622222;9481622222
1353;9556866000;9323244444;9523244444
1354;9556868000;9323244444;9523244444
1355;9636656000;9323244444;9523244444
1356;9636675000;9323244444;9523244444
1357;9636881000;9323244444;9523244444
1358;9636902000;9323244444;9523244444
1359;9637135000;9323244444;9523244444
1360;9637195000;9323244444;9523244444
1361;9637423000;9323244444;9523244444
1362;9637425000;9323244444;9523244444
1363;9637800000;9323244444;9523244444
1364;9637806000;9364900000;9564900000
1365;9637940000;9364900000;9564900000
1366;9717637000;9364900000;9564900000
1367;9717639000;9364900000;9564900000
1368;9717917000;9364900000;9564900000
1369;9717919000;9364900000;9564900000
1370;9718098000;9364900000;9564900000
1371;9718101000;9364900000;9564900000
1372;9718363000;9364900000;9564900000
1373;9718366000;9364900000;9564900000
1374;9718701000;9364900000;9564900000
1375;9718704000;9406600000;9606600000
1376;9718705000;9406600000;9606600000
1377;9718933000;9406600000;9606600000
1378;9718935000;9406600000;9606600000
1379;9798603000;9406600000;9606600000
1380;9798606000;9406600000;9606600000
1381;9798908000;9406600000;9606600000
1382;9798910000;9406600000;9606600000
1383;9799142000;9406600000;9606600000
1384;9799145000;9406600000;9606600000
1385;9799530000;9406600000;9606600000
1386;9799546000;9448255555;9648255555
1387;9799645000;9448255555;9648255555
1388;9799647000;9448255555;9648255555
1389;9799904000;9448255555;9648255555
1390;9799906000;9448255555;9648255555
1391;9800155000;9448255555;9648255555
1392;9800157000;9448255555;9648255555
1393;9879435000;9448255555;9648255555
1394;9879447000;9448255555;9648255555
1395;9879917000;9448255555;9648255555
1397;9880177000;9489922222;9689922222
1398;9880180000;9489922222;9689922222
1399;9880181000;9489922222;9689922222
1400;9880361000;9489922222;9689922222
1402;9880363000;9489922222;9689922222
1403;9880668000;9489922222;9689922222
1404;9880917000;9489922222;9689922222
1405;9880919000;9489922222;9689922222
1406;9881159000;9489922222;9689922222
1407;9881181000;9489922222;9689922222
1408;9890409000;9531600000;9731600000
1409;9960482000;9531600000;9731600000
1410;9960484000;9531600000;9731600000
1411;9961215000;9531600000;9731600000
1412;9961217000;9531600000;9731600000
1413;9961452000;9531600000;9731600000
1414;9961454000;9531600000;9731600000
1415;9961717000;9531600000;9731600000
1416;9961719000;9531600000;9731600000
1417;9961970000;9531600000;9731600000
1418;9961993000;9531600000;9731600000
1419;9962209000;9573288888;9773288888
1420;9962211000;9573288888;9773288888
1421;9962450000;9573288888;9773288888
1422;9962452000;9573288888;9773288888
1423;9962663000;9573288888;9773288888
1424;9971397000;9573288888;9773288888
1425;10041509000;9573288888;9773288888
1426;10041529000;9573288888;9773288888
1427;10042256000;9573288888;9773288888
1428;10042258000;9573288888;9773288888
1429;10042653000;9573288888;9773288888
1430;10042659000;9614877777;9814877777
1432;10042798000;9614877777;9814877777
1433;10043009000;9614877777;9814877777
1434;10043011000;9614877777;9814877777
1435;10043254000;9614877777;9814877777
1436;10043256000;9614877777;9814877777
1437;10043496000;9614877777;9814877777
1438;10043499000;9614877777;9814877777
1439;10043771000;9614877777;9814877777
1440;10043785000;9614877777;9814877777
1441;10052389000;9656666666;9856666666
1442;10122555000;9656666666;9856666666
1443;10122557000;9656666666;9856666666
1444;10123299000;9656666666;9856666666
1445;10123389000;9656666666;9856666666
1446;10123554000;9656666666;9856666666
1447;10123556000;9656666666;9856666666
1448;10123780000;9656666666;9856666666
1449;10123782000;9656666666;9856666666
1450;10124076000;9656666666;9856666666
1451;10124097000;9656666666;9856666666
1452;10124318000;9698255555;9898255555
1453;10124320000;9698255555;9898255555
1454;10124568000;9698255555;9898255555
1455;10124570000;9698255555;9898255555
1456;10124825000;9698255555;9898255555
1457;10124827000;9698255555;9898255555
1458;10133414000;9698255555;9898255555
1459;10203524000;9698255555;9898255555
1460;10203531000;9698255555;9898255555
1461;10204333000;9698255555;9898255555
1462;10204355000;9698255555;9898255555
1463;10204585000;9739988888;9939988888
1464;10204596000;9739988888;9939988888
1465;10204846000;9739988888;9939988888
1466;10204857000;9739988888;9939988888
1467;10205095000;9739988888;9939988888
1468;10205097000;9739988888;9939988888
1469;10205333000;9739988888;9939988888
1470;10205335000;9739988888;9939988888
1471;10205584000;9739988888;9939988888
1472;10205846000;9739988888;9939988888
1473;10205859000;9739988888;9939988888
1474;10206007000;9781600000;9981600000
1475;10206012000;9781600000;9981600000
1476;10214451000;9781600000;9981600000
1477;10284560000;9781600000;9981600000
1478;10284562000;9781600000;9981600000
1479;10285329000;9781600000;9981600000
1480;10285331000;9781600000;9981600000
1481;10285601000;9781600000;9981600000
1482;10285603000;9781600000;9981600000
1483;10285842000;9781600000;9981600000
1484;10285864000;9781600000;9981600000
1485;10286183000;9823344444;10023344444
1486;10286194000;9823344444;10023344444
1487;10286408000;9823344444;10023344444
1488;10286410000;9823344444;10023344444
1489;10286674000;9823344444;10023344444
1490;10286870000;9823344444;10023344444
1491;10286872000;9823344444;10023344444
1492;10287112000;9823344444;10023344444
1493;10287114000;9823344444;10023344444
1494;10287370000;9823344444;10023344444
1495;10302049000;9823344444;10023344444
1496;10365618000;9864911111;10064911111
1497;10365621000;9864911111;10064911111
1498;10366362000;9864911111;10064911111
1499;10366373000;9864911111;10064911111
1500;10366635000;9864911111;10064911111
1501;10366646000;9864911111;10064911111
1502;10366863000;9864911111;10064911111
1503;10366874000;9864911111;10064911111
1504;10367156000;9864911111;10064911111
1505;10367158000;9864911111;10064911111
1506;10367395000;9864911111;10064911111
1507;10367399000;9906677777;10106677777
1508;10367925000;9906677777;10106677777
1509;10367927000;9906677777;10106677777
1510;10368162000;9906677777;10106677777
1511;10368164000;9906677777;10106677777
1512;10368385000;9906677777;10106677777
1513;10368389000;9906677777;10106677777
1514;10368604000;9906677777;10106677777
1515;10382974000;9906677777;10106677777
1516;10446653000;9906677777;10106677777
1517;10446675000;9906677777;10106677777
1518;10447355000;9948244444;10148244444
1519;10447357000;9948244444;10148244444
1520;10447653000;9948244444;10148244444
1521;10447655000;9948244444;10148244444
1522;10447864000;9948244444;10148244444
1523;10447867000;9948244444;10148244444
1524;10448130000;9948244444;10148244444
1525;10448132000;9948244444;10148244444
1526;10448915000;9948244444;10148244444
1527;10448917000;9948244444;10148244444
1528;10449159000;9948244444;10148244444
1529;10449161000;9989911111;10189911111
1530;10449390000;9989911111;10189911111
1531;10449394000;9989911111;10189911111
1532;10449672000;9989911111;10189911111
1533;10449674000;9989911111;10189911111
1534;10449858000;9989911111;10189911111
1535;10449860000;9989911111;10189911111
1536;10469833000;9989911111;10189911111
1537;10527557000;9989911111;10189911111
1538;10527559000;9989911111;10189911111
1539;10528307000;9989911111;10189911111
1540;10528527000;10031611111;10231611111
1541;10528530000;10031611111;10231611111
1542;10528794000;10031611111;10231611111
1543;10528797000;10031611111;10231611111
1544;10529045000;10031611111;10231611111
1545;10529057000;10031611111;10231611111
1546;10529298000;10031611111;10231611111
1547;10529923000;10031611111;10231611111
1548;10529925000;10031611111;10231611111
1549;10530156000;10031611111;10231611111
1550;10530534000;10031611111;10231611111
1551;10530786000;10073344444;10273344444
1552;10530797000;10073344444;10273344444
1553;10530969000;10073344444;10273344444
1554;10531034000;10073344444;10273344444
1555;10531272000;10073344444;10273344444
1556;10531274000;10073344444;10273344444
1557;10541024000;10073344444;10273344444
1558;10556233000;10073344444;10273344444
1559;10608626000;10073344444;10273344444
1560;10608912000;10073344444;10273344444
1561;10609312000;10073344444;10273344444
1562;10609429000;10114900000;10314900000
1563;10609432000;10114900000;10314900000
1564;10609807000;10114900000;10314900000
1565;10609809000;10114900000;10314900000
1566;10610043000;10114900000;10314900000
1567;10610045000;10114900000;10314900000
1568;10610931000;10114900000;10314900000
1569;10610933000;10114900000;10314900000
1570;10611188000;10114900000;10314900000
1571;10611191000;10114900000;10314900000
1572;10611437000;10114900000;10314900000
1573;10611678000;10156611111;10356611111
1574;10612004000;10156611111;10356611111
1575;10612006000;10156611111;10356611111
1576;10612007000;10156611111;10356611111
1577;10612239000;10156611111;10356611111
1578;10612241000;10156611111;10356611111
1579;10612486000;10156611111;10356611111
1580;10627322000;10156611111;10356611111
1581;10642521000;10156611111;10356611111
1582;10689942000;10156611111;10356611111
1583;10689964000;10156611111;10356611111
1584;10690201000;10198277777;10398277777
1585;10690427000;10198277777;10398277777
1586;10690430000;10198277777;10398277777
1587;10690788000;10198277777;10398277777
1588;10690791000;10198277777;10398277777
1589;10691039000;10198277777;10398277777
1590;10691041000;10198277777;10398277777
1593;10691980000;10198277777;10398277777
1594;10692002000;10198277777;10398277777
1595;10692205000;10239922222;10439922222
1596;10693016000;10239922222;10439922222
1597;10693018000;10239922222;10439922222
1598;10693256000;10239922222;10439922222
1599;10693259000;10239922222;10439922222
1600;10693497000;10239922222;10439922222
1601;10693499000;10239922222;10439922222
1602;10693767000;10239922222;10439922222
1603;10703604000;10239922222;10439922222
1604;10713782000;10239922222;10439922222
1605;10728958000;10239922222;10439922222
1606;10729173000;10281611111;10481611111
1607;10770966000;10281611111;10481611111
1608;10771410000;10281611111;10481611111
1609;10771413000;10281611111;10481611111
1610;10771680000;10281611111;10481611111
1611;10771931000;10281611111;10481611111
1612;10771933000;10281611111;10481611111
1613;10772169000;10281611111;10481611111
1614;10772966000;10281611111;10481611111
1615;10772977000;10281611111;10481611111
1616;10773252000;10281611111;10481611111
1617;10773255000;10323255555;10523255555
1618;10773440000;10323255555;10523255555
1619;10773443000;10323255555;10523255555
1620;10773998000;10323255555;10523255555
1621;10774001000;10323255555;10523255555
1622;10774238000;10323255555;10523255555
1623;10774240000;10323255555;10523255555
1624;10774499000;10323255555;10523255555
1625;10774780000;10323255555;10523255555
1626;10774782000;10323255555;10523255555
1627;10784545000;10323255555;10523255555
1628;10784791000;10364911111;10564911111
1629;10794794000;10364911111;10564911111
1630;10809964000;10364911111;10564911111
1631;10851987000;10364911111;10564911111
1632;10852427000;10364911111;10564911111
1633;10852428000;10364911111;10564911111
1634;10852662000;10364911111;10564911111
1635;10852976000;10364911111;10564911111
1636;10852978000;10364911111;10564911111
1637;10853206000;10364911111;10564911111
1638;10853880000;10364911111;10564911111
1639;10854112000;10406622222;10606622222
1640;10854114000;10406622222;10606622222
1641;10854443000;10406622222;10606622222
1642;10854446000;10406622222;10606622222
1643;10854960000;10406622222;10606622222
1644;10854962000;10406622222;10606622222
1645;10855212000;10406622222;10606622222
1646;10855214000;10406622222;10606622222
1647;10855459000;10406622222;10606622222
1648;10855461000;10406622222;10606622222
1649;10855792000;10406622222;10606622222
1650;10855927000;10448344444;10648344444
1651;10855930000;10448344444;10648344444
1652;10865568000;10448344444;10648344444
1653;10881566000;10448344444;10648344444
1654;10896563000;10448344444;10648344444
1655;10933454000;10448344444;10648344444
1656;10933456000;10448344444;10648344444
1657;10933713000;10448344444;10648344444
1658;10933715000;10448344444;10648344444
1659;10933972000;10448344444;10648344444
1660;10933993000;10448344444;10648344444
1661;10934235000;10489955555;10689955555
1662;10934237000;10489955555;10689955555
1663;10934474000;10489955555;10689955555
1664;10934904000;10489955555;10689955555
1665;10934906000;10489955555;10689955555
1666;10935416000;10489955555;10689955555
1667;10935418000;10489955555;10689955555
1668;10935962000;10489955555;10689955555
1669;10935964000;10489955555;10689955555
1670;10936209000;10489955555;10689955555
1671;10936231000;10489955555;10689955555
1672;10936451000;10531688888;10731688888
1673;10936453000;10531688888;10731688888
1674;10936702000;10531688888;10731688888
1675;10936704000;10531688888;10731688888
1676;10936969000;10531688888;10731688888
1677;10952758000;10531688888;10731688888
1678;10968006000;10531688888;10731688888
1679;10983079000;10531688888;10731688888
1680;11014440000;10531688888;10731688888
1681;11014443000;10531688888;10731688888
1682;11014708000;10531688888;10731688888
1683;11014711000;10573266666;10773266666
1684;11014947000;10573266666;10773266666
1686;11015250000;10573266666;10773266666
1687;11015262000;10573266666;10773266666
1688;11015487000;10573266666;10773266666
1689;11015927000;10573266666;10773266666
1690;11015929000;10573266666;10773266666
1691;11016402000;10573266666;10773266666
1692;11016404000;10573266666;10773266666
1693;11016944000;10573266666;10773266666
1694;11016948000;10614955555;10814955555
1695;11017172000;10614955555;10814955555
1696;11017175000;10614955555;10814955555
1697;11017408000;10614955555;10814955555
1698;11017411000;10614955555;10814955555
1699;11017678000;10614955555;10814955555
1700;11017680000;10614955555;10814955555
1701;11017918000;10614955555;10814955555
1702;11023964000;10614955555;10814955555
1703;11039216000;10614955555;10814955555
1704;11054517000;10614955555;10814955555
1705;11054609000;10656600000;10856600000
1706;11069701000;10656600000;10856600000
1707;11095477000;10656600000;10856600000
1708;11095480000;10656600000;10856600000
1709;11096017000;10656600000;10856600000
1710;11096020000;10656600000;10856600000
1711;11096266000;10656600000;10856600000
1712;11096268000;10656600000;10856600000
1713;11096477000;10656600000;10856600000
1714;11096480000;10656600000;10856600000
1715;11096792000;10656600000;10856600000
1716;11097096000;10698266666;10898266666
1717;11097099000;10698266666;10898266666
1718;11097393000;10698266666;10898266666
1719;11097395000;10698266666;10898266666
1720;11097952000;10698266666;10898266666
1721;11097954000;10698266666;10898266666
1722;11098203000;10698266666;10898266666
1723;11098416000;10698266666;10898266666
1724;11098418000;10698266666;10898266666
1725;11098677000;10698266666;10898266666
1726;11098708000;10698266666;10898266666
1727;11098989000;10739911111;10939911111
1728;11098991000;10739911111;10939911111
1729;11105011000;10739911111;10939911111
1730;11120260000;10739911111;10939911111
1731;11150613000;10739911111;10939911111
1732;11150616000;10739911111;10939911111
1733;11176475000;10739911111;10939911111
1734;11176477000;10739911111;10939911111
1735;11177004000;10739911111;10939911111
1736;11177006000;10739911111;10939911111
1737;11177258000;10739911111;10939911111
1738;11177273000;10781611111;10981611111
1739;11177480000;10781611111;10981611111
1740;11177482000;10781611111;10981611111
1741;11177754000;10781611111;10981611111
1742;11177780000;10781611111;10981611111
1743;11178009000;10781611111;10981611111
1744;11178333000;10781611111;10981611111
1745;11178336000;10781611111;10981611111
1746;11178572000;10781611111;10981611111
1747;11178945000;10781611111;10981611111
1748;11178967000;10781611111;10981611111
1749;11179192000;10823266666;11023266666
1750;11179195000;10823266666;11023266666
1751;11179388000;10823266666;11023266666
1752;11179402000;10823266666;11023266666
1753;11179705000;10823266666;11023266666
1754;11186004000;10823266666;11023266666
1755;11186006000;10823266666;11023266666
1756;11186230000;10823266666;11023266666
1757;11201286000;10823266666;11023266666
1758;11231451000;10823266666;11023266666
1759;11231595000;10823266666;11023266666
1760;11231673000;10864922222;11064922222
1761;11257524000;10864922222;11064922222
1762;11257542000;10864922222;11064922222
1763;11257949000;10864922222;11064922222
1764;11257957000;10864922222;11064922222
1765;11258176000;10864922222;11064922222
1766;11258415000;10864922222;11064922222
1767;11258426000;10864922222;11064922222
1768;11258681000;10864922222;11064922222
1769;11258972000;10864922222;11064922222
1770;11259000000;10864922222;11064922222
1771;11259227000;10906600000;11106600000
1773;11259258000;10906600000;11106600000
1774;11259464000;10906600000;11106600000
1775;11259906000;10906600000;11106600000
1776;11259920000;10906600000;11106600000
1777;11260145000;10906600000;11106600000
1778;11260156000;10906600000;11106600000
1779;11260424000;10906600000;11106600000
1780;11260434000;10906600000;11106600000
1781;11260697000;10906600000;11106600000
1783;11267036000;10948255555;11148255555
1784;11267037000;10948255555;11148255555
1785;11267252000;10948255555;11148255555
1786;11288169000;10948255555;11148255555
1787;11312495000;10948255555;11148255555
1788;11312505000;10948255555;11148255555
1789;11318705000;10948255555;11148255555
1790;11338583000;10948255555;11148255555
1791;11338603000;10948255555;11148255555
1792;11338824000;10948255555;11148255555
1793;11339076000;10989922222;11189922222
1794;11339429000;10989922222;11189922222
1795;11339441000;10989922222;11189922222
1796;11339664000;10989922222;11189922222
1797;11339684000;10989922222;11189922222
1798;11339965000;10989922222;11189922222
1799;11339985000;10989922222;11189922222
1800;11340208000;10989922222;11189922222
1801;11340228000;10989922222;11189922222
1802;11340460000;10989922222;11189922222
1803;11340473000;10989922222;11189922222
1804;11340730000;11031622222;11231622222
1805;11340934000;11031622222;11231622222
1806;11340942000;11031622222;11231622222
1807;11341183000;11031622222;11231622222
1808;11341196000;11031622222;11231622222
1809;11341460000;11031622222;11231622222
1810;11341471000;11031622222;11231622222
1811;11341728000;11031622222;11231622222
1812;11348067000;11031622222;11231622222
1813;11348087000;11031622222;11231622222
1814;11348372000;11031622222;11231622222
1815;11348375000;11073266666;11273266666
1816;11369223000;11073266666;11273266666
1817;11393438000;11073266666;11273266666
1818;11399823000;11073266666;11273266666
1819;11399825000;11073266666;11273266666
1820;11419633000;11073266666;11273266666
1821;11419636000;11073266666;11273266666
1822;11419880000;11073266666;11273266666
1823;11419882000;11073266666;11273266666
1824;11420440000;11073266666;11273266666
1825;11420463000;11073266666;11273266666
1826;11420707000;11114922222;11314922222
1827;11420709000;11114922222;11314922222
1828;11420973000;11114922222;11314922222
1829;11420975000;11114922222;11314922222
1830;11421226000;11114922222;11314922222
1831;11421229000;11114922222;11314922222
1832;11421472000;11114922222;11314922222
1833;11421474000;11114922222;11314922222
1834;11421739000;11114922222;11314922222
1835;11421742000;11114922222;11314922222
1836;11421984000;11114922222;11314922222
1837;11422153000;11156588888;11356588888
1838;11422163000;11156588888;11356588888
1839;11422423000;11156588888;11356588888
1840;11422425000;11156588888;11356588888
1841;11422730000;11156588888;11356588888
1842;11429111000;11156588888;11356588888
1843;11429113000;11156588888;11356588888
1844;11429356000;11156588888;11356588888
1845;11429359000;11156588888;11356588888
1846;11456098000;11156588888;11356588888
1847;11480822000;11156588888;11356588888
1848;11481057000;11198277777;11398277777
1849;11481069000;11198277777;11398277777
1850;11500675000;11198277777;11398277777
1851;11500678000;11198277777;11398277777
1852;11500933000;11198277777;11398277777
1853;11500944000;11198277777;11398277777
1854;11501471000;11198277777;11398277777
1855;11501474000;11198277777;11398277777
1856;11501738000;11198277777;11398277777
1857;11501749000;11198277777;11398277777
1858;11502130000;11198277777;11398277777
1859;11502145000;11239888888;11439888888
1860;11502233000;11239888888;11439888888
1861;11502235000;11239888888;11439888888
1862;11502422000;11239888888;11439888888
1863;11502436000;11239888888;11439888888
1864;11502676000;11239888888;11439888888
1865;11502695000;11239888888;11439888888
1866;11502932000;11239888888;11439888888
1867;11503228000;11239888888;11439888888
1868;11503230000;11239888888;11439888888
1869;11503496000;11239888888;11439888888
1870;11503500000;11281588888;11481588888
1871;11503752000;11281588888;11481588888
1872;11503754000;11281588888;11481588888
1873;11510159000;11281588888;11481588888
1874;11510170000;11281588888;11481588888
1875;11510391000;11281588888;11481588888
1876;11517002000;11281588888;11481588888
1877;11561766000;11281588888;11481588888
1878;11561768000;11281588888;11481588888
1879;11562032000;11281588888;11481588888
1880;11562152000;11281588888;11481588888
1881;11581723000;11323233333;11523233333
1882;11581726000;11323233333;11523233333
1883;11581954000;11323233333;11523233333
1884;11581956000;11323233333;11523233333
1885;11582483000;11323233333;11523233333
1886;11582486000;11323233333;11523233333
1887;11582749000;11323233333;11523233333
1888;11582752000;11323233333;11523233333
1889;11583001000;11323233333;11523233333
1890;11583003000;11323233333;11523233333
1891;11583315000;11323233333;11523233333
1892;11583319000;11364900000;11564900000
1893;11583422000;11364900000;11564900000
1894;11583742000;11364900000;11564900000
1895;11583753000;11364900000;11564900000
1896;11583998000;11364900000;11564900000
1897;11584000000;11364900000;11564900000
1898;11584241000;11364900000;11564900000
1899;11584243000;11364900000;11564900000
1900;11584445000;11364900000;11564900000
1901;11584460000;11364900000;11564900000
1902;11606388000;11364900000;11564900000
1903;11606394000;11406611111;11606611111
1904;11606395000;11406611111;11606611111
1905;11606396000;11406611111;11606611111
1906;11606396000;11406611111;11606611111
1907;11606397000;11406611111;11606611111
1908;11606398000;11406611111;11606611111
1909;11642821000;11406611111;11606611111
1910;11642823000;11406611111;11606611111
1911;11643068000;11406611111;11606611111
1912;11643070000;11406611111;11606611111
1913;11662789000;11406611111;11606611111
1914;11662929000;11448244444;11648244444
1915;11662940000;11448244444;11648244444
1916;11663177000;11448244444;11648244444
1917;11663489000;11448244444;11648244444
1918;11663491000;11448244444;11648244444
1919;11663767000;11448244444;11648244444
1920;11663778000;11448244444;11648244444
1921;11664015000;11448244444;11648244444
1922;11664017000;11448244444;11648244444
1923;11664246000;11448244444;11648244444
1924;11689750000;11448244444;11648244444
1925;11689756000;11489911111;11689911111
1926;11689757000;11489911111;11689911111
1927;11689758000;11489911111;11689911111
1928;11689759000;11489911111;11689911111
1929;11689760000;11489911111;11689911111
1930;11689761000;11489911111;11689911111
1931;11689762000;11489911111;11689911111
1932;11689763000;11489911111;11689911111
1934;11731546000;11489911111;11689911111
1935;11731668000;11489911111;11689911111
1936;11731674000;11531577777;11731577777
1937;11731675000;11531577777;11731577777
1938;11731676000;11531577777;11731577777
1939;11731677000;11531577777;11731577777
1940;11731678000;11531577777;11731577777
1941;11731679000;11531577777;11731577777
1942;11731679000;11531577777;11731577777
1943;11731680000;11531577777;11731577777
1944;11731681000;11531577777;11731577777
1945;11731689000;11531577777;11731577777
1946;11773087000;11531577777;11731577777
1953;11773092000;11573266666;11773266666
1954;11773093000;11573266666;11773266666
1955;11773094000;11573266666;11773266666
1956;11773095000;11573266666;11773266666
1957;11814837000;11573266666;11773266666
1958;11814843000;11614866666;11814866666
1959;11814844000;11614866666;11814866666
1960;11814845000;11614866666;11814866666
1961;11814846000;11614866666;11814866666
1962;11814847000;11614866666;11814866666
1963;11814848000;11614866666;11814866666
1964;11814849000;11614866666;11814866666
1965;11814850000;11614866666;11814866666
1966;11814851000;11614866666;11814866666
1967;11814851000;11614866666;11814866666
1968;11856437000;11614866666;11814866666
1978;11856443000;11656577777;11856577777
1979;11898167000;11656577777;11856577777
1990;11939822000;11698233333;11898233333
2002;11939828000;11781600000;11981600000
2003;11939829000;11781600000;11981600000
2004;11939830000;11781600000;11981600000
2005;11939831000;11781600000;11981600000
2006;11939832000;11781600000;11981600000
2007;11939833000;11781600000;11981600000
2008;11939833000;11781600000;11981600000
2009;11939834000;11781600000;11981600000
2010;11939835000;11781600000;11981600000
2011;11939836000;11781600000;11981600000
2012;12023386000;11781600000;11981600000
2018;12023392000;11823333333;12023333333
2019;12023393000;11823333333;12023333333
2020;12023394000;11823333333;12023333333
2021;12023395000;11823333333;12023333333
2022;12023396000;11823333333;12023333333
2023;12064919000;11823333333;12023333333
2026;12064925000;11864922222;12064922222
2027;12064926000;11864922222;12064922222
2028;12064927000;11864922222;12064922222
2029;12064927000;11864922222;12064922222
2030;12064928000;11864922222;12064922222
2031;12064929000;11864922222;12064922222
2032;12064930000;11864922222;12064922222
2033;12064931000;11864922222;12064922222
2036;12148337000;11906588888;12106588888
2046;12189880000;11948288888;12148288888
2056;12189989000;11948288888;12148288888
2057;12189995000;11989900000;12189900000
2058;12189996000;11989900000;12189900000
2059;12189997000;11989900000;12189900000
2060;12189998000;11989900000;12189900000
2061;12189999000;11989900000;12189900000
2062;12189999000;11989900000;12189900000
2063;12190000000;11989900000;12189900000
2064;12190001000;11989900000;12189900000
2065;12190002000;11989900000;12189900000
2066;12190003000;11989900000;12189900000
2067;12231488000;11989900000;12189900000
2070;12231494000;12031611111;12231611111
2071;12231495000;12031611111;12231611111
2072;12231496000;12031611111;12231611111
2073;12231497000;12031611111;12231611111
2074;12231498000;12031611111;12231611111
2075;12231499000;12031611111;12231611111
2076;12231500000;12031611111;12231611111
2077;12231501000;12031611111;12231611111
2078;12273182000;12031611111;12231611111
2084;12273188000;12073244444;12273244444
2085;12273189000;12073244444;12273244444
2086;12273190000;12073244444;12273244444
2087;12273191000;12073244444;12273244444
2088;12273192000;12073244444;12273244444
2089;12314833000;12073244444;12273244444
2095;12314838000;12114888888;12314888888
2096;12314839000;12114888888;12314888888
2097;12314840000;12114888888;12314888888
2100;12356456000;12114888888;12314888888
2106;12356462000;12156611111;12356611111
2107;12356463000;12156611111;12356611111
2108;12356464000;12156611111;12356611111
2109;12356465000;12156611111;12356611111
2110;12356466000;12156611111;12356611111
2111;12398185000;12156611111;12356611111
2119;12398191000;12198266666;12398266666
2120;12398192000;12198266666;12398266666
2121;12398193000;12198266666;12398266666
2122;12439855000;12198266666;12398266666
2128;12439861000;12239922222;12439922222
2129;12439862000;12239922222;12439922222
2130;12439863000;12239922222;12439922222
2131;12439864000;12239922222;12439922222
2132;12439865000;12239922222;12439922222
2133;12481509000;12239922222;12439922222
2142;12481531000;12281611111;12481611111
2143;12481532000;12281611111;12481611111
2144;12523197000;12281611111;12481611111
2149;12523203000;12323255555;12523255555
2150;12523210000;12323255555;12523255555
2151;12523212000;12323255555;12523255555
2152;12523212000;12323255555;12523255555
2153;12523213000;12323255555;12523255555
2154;12523214000;12323255555;12523255555
2155;12564841000;12323255555;12523255555
2166;12606496000;12364911111;12564911111
2174;12606501000;12406600000;12606600000
2175;12606502000;12406600000;12606600000
2176;12606503000;12406600000;12606600000
2177;12648192000;12406600000;12606600000
2178;12648197000;12448266666;12648266666
2179;12648198000;12448266666;12648266666
2180;12648199000;12448266666;12648266666
2181;12648200000;12448266666;12648266666
2182;12648201000;12448266666;12648266666
2183;12648202000;12448266666;12648266666
2184;12648203000;12448266666;12648266666
2185;12648204000;12448266666;12648266666
2186;12648205000;12448266666;12648266666
2187;12648206000;12448266666;12648266666
2188;12689840000;12448266666;12648266666
2190;12726344000;12489933333;12689933333
2191;12726346000;12489933333;12689933333
2192;12726347000;12489933333;12689933333
2193;12726348000;12489933333;12689933333
2194;12726349000;12489933333;12689933333
2195;12726350000;12489933333;12689933333
2196;12726351000;12489933333;12689933333
2197;12726352000;12489933333;12689933333
2198;12726353000;12489933333;12689933333
2199;12731347000;12489933333;12689933333
2200;12731353000;12531600000;12731600000
2201;12731354000;12531600000;12731600000
2202;12731355000;12531600000;12731600000
2203;12731356000;12531600000;12731600000
2204;12731357000;12531600000;12731600000
2205;12731358000;12531600000;12731600000
2206;12731359000;12531600000;12731600000
2207;12731360000;12531600000;12731600000
2208;12731361000;12531600000;12731600000
2209;12731362000;12531600000;12731600000
2210;12773215000;12531600000;12731600000
2211;12773220000;12573277777;12773277777
2212;12773222000;12573277777;12773277777
2213;12773223000;12573277777;12773277777
2214;12773224000;12573277777;12773277777
2215;12773224000;12573277777;12773277777
2216;12773225000;12573277777;12773277777
2217;12773226000;12573277777;12773277777
2218;12773227000;12573277777;12773277777
2219;12773228000;12573277777;12773277777
2220;12773229000;12573277777;12773277777
2221;12814720000;12573277777;12773277777
2222;12814725000;12614900000;12814900000
2223;12814726000;12614900000;12814900000
2224;12814727000;12614900000;12814900000
2225;12814728000;12614900000;12814900000
2226;12814729000;12614900000;12814900000
2227;12814730000;12614900000;12814900000
2228;12814731000;12614900000;12814900000
2229;12814732000;12614900000;12814900000
2230;12838580000;12614900000;12814900000
2231;12838582000;12614900000;12814900000
2232;12856381000;12614900000;12814900000
2233;12856402000;12656600000;12856600000
2234;12856403000;12656600000;12856600000
2235;12856404000;12656600000;12856600000
2236;12879991000;12656600000;12856600000
2237;12880282000;12656600000;12856600000
2238;12880284000;12656600000;12856600000
2239;12880526000;12656600000;12856600000
2240;12880548000;12656600000;12856600000
2241;12880795000;12656600000;12856600000
2242;12888397000;12656600000;12856600000
2243;12898029000;12656600000;12856600000
2244;12898035000;12698300000;12898300000
2245;12898036000;12698300000;12898300000
2246;12898037000;12698300000;12898300000
2247;12919632000;12698300000;12898300000
2248;12919634000;12698300000;12898300000
2249;12920052000;12698300000;12898300000
2250;12920063000;12698300000;12898300000
2251;12925096000;12698300000;12898300000
2252;12961176000;12698300000;12898300000
2253;12961178000;12698300000;12898300000
2254;12961528000;12698300000;12898300000
2255;12961686000;12739922222;12939922222
2256;12961698000;12739922222;12939922222
2257;12961939000;12739922222;12939922222
2258;12961942000;12739922222;12939922222
2259;12961943000;12739922222;12939922222
2260;12969423000;12739922222;12939922222
2261;12975235000;12739922222;12939922222
2262;12975237000;12739922222;12939922222
2263;12981260000;12739922222;12939922222
2264;13000720000;12739922222;12939922222
2265;13000838000;12739922222;12939922222
2266;13000966000;12781622222;12981622222
2267;13000968000;12781622222;12981622222
2268;13001209000;12781622222;12981622222
2269;13011628000;12781622222;12981622222
2270;13042124000;12781622222;12981622222
2271;13042126000;12781622222;12981622222
2272;13042402000;12781622222;12981622222
2273;13042404000;12781622222;12981622222
2274;13042975000;12781622222;12981622222
2275;13042977000;12781622222;12981622222
2276;13043331000;12781622222;12981622222
2277;13043337000;12823288888;13023288888
2278;13050454000;12823288888;13023288888
2279;13050456000;12823288888;13023288888
2280;13056246000;12823288888;13023288888
2281;13056248000;12823288888;13023288888
2282;13067672000;12823288888;13023288888
2283;13081774000;12823288888;13023288888
2284;13081776000;12823288888;13023288888
2285;13082001000;12823288888;13023288888
2286;13087785000;12823288888;13023288888
2288;13106413000;12864933333;13064933333
2289;13122977000;12864933333;13064933333
2290;13122979000;12864933333;13064933333
2291;13123389000;12864933333;13064933333
2292;13123391000;12864933333;13064933333
2293;13123988000;12864933333;13064933333
2294;13123990000;12864933333;13064933333
2295;13124228000;12864933333;13064933333
2296;13131485000;12864933333;13064933333
2297;13131487000;12864933333;13064933333
2298;13137214000;12864933333;13064933333
2299;13137431000;12906622222;13106622222
2300;13137434000;12906622222;13106622222
2301;13143925000;12906622222;13106622222
2302;13154117000;12906622222;13106622222
2303;13162793000;12906622222;13106622222
2305;13168808000;12906622222;13106622222
2306;13168810000;12906622222;13106622222
2307;13179094000;12906622222;13106622222
2308;13203971000;12906622222;13106622222
2309;13204091000;12906622222;13106622222
2310;13204234000;12948255555;13148255555
2311;13204464000;12948255555;13148255555
2312;13204467000;12948255555;13148255555
2313;13204980000;12948255555;13148255555
2314;13204982000;12948255555;13148255555
2315;13205212000;12948255555;13148255555
2316;13212523000;12948255555;13148255555
2317;13212540000;12948255555;13148255555
2318;13218479000;12948255555;13148255555
2319;13218482000;12948255555;13148255555
2320;13224870000;12948255555;13148255555
2321;13225096000;12989933333;13189933333
2322;13235155000;12989933333;13189933333
2323;13243833000;12989933333;13189933333
2324;13249852000;12989933333;13189933333
2325;13249854000;12989933333;13189933333
2326;13250094000;12989933333;13189933333
2327;13260094000;12989933333;13189933333
2328;13284972000;12989933333;13189933333
2329;13284974000;12989933333;13189933333
2330;13285469000;12989933333;13189933333
2331;13285607000;12989933333;13189933333
2332;13285749000;13031622222;13231622222
2333;13285997000;13031622222;13231622222
2334;13286008000;13031622222;13231622222
2335;13293442000;13031622222;13231622222
2336;13293445000;13031622222;13231622222
2337;13293701000;13031622222;13231622222
2338;13299522000;13031622222;13231622222
2339;13299538000;13031622222;13231622222
2340;13305875000;13031622222;13231622222
2341;13316201000;13031622222;13231622222
2342;13324789000;13031622222;13231622222
2343;13325015000;13073277777;13273277777
2344;13330773000;13073277777;13273277777
2345;13330784000;13073277777;13273277777
2346;13336930000;13073277777;13273277777
2347;13347214000;13073277777;13273277777
2348;13365963000;13073277777;13273277777
2349;13366474000;13073277777;13273277777
2350;13366476000;13073277777;13273277777
2351;13366734000;13073277777;13273277777
2352;13366736000;13073277777;13273277777
2353;13367101000;13073277777;13273277777
2354;13367107000;13114933333;13314933333
2355;13367228000;13114933333;13314933333
2356;13374491000;13114933333;13314933333
2357;13374493000;13114933333;13314933333
2358;13380594000;13114933333;13314933333
2359;13380597000;13114933333;13314933333
2360;13380840000;13114933333;13314933333
2361;13393001000;13114933333;13314933333
2362;13403177000;13114933333;13314933333
2363;13406048000;13114933333;13314933333
2364;13411542000;13114933333;13314933333
2365;13411792000;13156622222;13356622222
2366;13411804000;13156622222;13356622222
2367;13423381000;13156622222;13356622222
2368;13433705000;13156622222;13356622222
2369;13447456000;13156622222;13356622222
2370;13447467000;13156622222;13356622222
2371;13447733000;13156622222;13356622222
2372;13447736000;13156622222;13356622222
2373;13447972000;13156622222;13356622222
2374;13447983000;13156622222;13356622222
2375;13448338000;13156622222;13356622222
2376;13448344000;13198266666;13398266666
2377;13448456000;13198266666;13398266666
2378;13455437000;13198266666;13398266666
2379;13455440000;13198266666;13398266666
2380;13461641000;13198266666;13398266666
2381;13461643000;13198266666;13398266666
2382;13469261000;13198266666;13398266666
2383;13487085000;13198266666;13398266666
2384;13487087000;13198266666;13398266666
2385;13487334000;13198266666;13398266666
2386;13492412000;13198266666;13398266666
2387;13492787000;13239911111;13439911111
2388;13492789000;13239911111;13439911111
2389;13509948000;13239911111;13439911111
2390;13520163000;13239911111;13439911111
2391;13528361000;13239911111;13439911111
2392;13528363000;13239911111;13439911111
2393;13528627000;13239911111;13439911111
2394;13528857000;13239911111;13439911111
2395;13528859000;13239911111;13439911111
2396;13529106000;13239911111;13439911111
2397;13529241000;13239911111;13439911111
2398;13529373000;13281611111;13481611111
2399;13529375000;13281611111;13481611111
2400;13529625000;13281611111;13481611111
2401;13536473000;13281611111;13481611111
2402;13536475000;13281611111;13481611111
2403;13542654000;13281611111;13481611111
2404;13542921000;13281611111;13481611111
2405;13555749000;13281611111;13481611111
2406;13568110000;13281611111;13481611111
2407;13568121000;13281611111;13481611111
2408;13573108000;13281611111;13481611111
2409;13573360000;13323255555;13523255555
2410;13573756000;13323255555;13523255555
2411;13573758000;13323255555;13523255555
2412;13596468000;13323255555;13523255555
2413;13606622000;13323255555;13523255555
2414;13609333000;13323255555;13523255555
2415;13609335000;13323255555;13523255555
2416;13609860000;13323255555;13523255555
2417;13609862000;13323255555;13523255555
2418;13610109000;13323255555;13523255555
2419;13610229000;13323255555;13523255555
2420;13610355000;13364922222;13564922222
2421;13610358000;13364922222;13564922222
2422;13610612000;13364922222;13564922222
2423;13610614000;13364922222;13564922222
2424;13616754000;13364922222;13564922222
2425;13617485000;13364922222;13564922222
2426;13617488000;13364922222;13564922222
2427;13623936000;13364922222;13564922222
2428;13623939000;13364922222;13564922222
2429;13642184000;13364922222;13564922222
2430;13649050000;13364922222;13564922222
2431;13649257000;13406611111;13606611111
2432;13653899000;13406611111;13606611111
2433;13654739000;13406611111;13606611111
2434;13654742000;13406611111;13606611111
2435;13662562000;13406611111;13606611111
2436;13682904000;13406611111;13606611111
2437;13690340000;13406611111;13606611111
2438;13690352000;13406611111;13606611111
2439;13690875000;13406611111;13606611111
2440;13690886000;13406611111;13606611111
2441;13691235000;13406611111;13606611111
2442;13691240000;13448266666;13648266666
2443;13691366000;13448266666;13648266666
2444;13691368000;13448266666;13648266666
2445;13691619000;13448266666;13648266666
2446;13691621000;13448266666;13648266666
2447;13691869000;13448266666;13648266666
2448;13691872000;13448266666;13648266666
2449;13698493000;13448266666;13648266666
2450;13698788000;13448266666;13648266666
2451;13704924000;13448266666;13648266666
2452;13704945000;13448266666;13648266666
2453;13713417000;13489922222;13689922222
2454;13728624000;13489922222;13689922222
2455;13730027000;13489922222;13689922222
2456;13734725000;13489922222;13689922222
2457;13734734000;13489922222;13689922222
2458;13735749000;13489922222;13689922222
2459;13735751000;13489922222;13689922222
2460;13748992000;13489922222;13689922222
2461;13769345000;13489922222;13689922222
2462;13771349000;13489922222;13689922222
2463;13771469000;13489922222;13689922222
2464;13771880000;13531600000;13731600000
2465;13771882000;13531600000;13731600000
2466;13772125000;13531600000;13731600000
2467;13772376000;13531600000;13731600000
2468;13772379000;13531600000;13731600000
2469;13772630000;13531600000;13731600000
2470;13772649000;13531600000;13731600000
2471;13772894000;13531600000;13731600000
2472;13772897000;13531600000;13731600000
2473;13773135000;13531600000;13731600000
2474;13779449000;13531600000;13731600000
2475;13779667000;13573388888;13773388888
2476;13779917000;13573388888;13773388888
2477;13785996000;13573388888;13773388888
2478;13786007000;13573388888;13773388888
2479;13799847000;13573388888;13773388888
2480;13811064000;13573388888;13773388888
2481;13811066000;13573388888;13773388888
2482;13815757000;13573388888;13773388888
2483;13815759000;13573388888;13773388888
2484;13816762000;13573388888;13773388888
2485;13816883000;13573388888;13773388888
2486;13835443000;13614888888;13814888888
2487;13852354000;13614888888;13814888888
2488;13852357000;13614888888;13814888888
2489;13852670000;13614888888;13814888888
2491;13856256000;13614888888;13814888888
2492;13856259000;13614888888;13814888888
2493;13856270000;13614888888;13814888888
2494;13856271000;13614888888;13814888888
2495;13856272000;13614888888;13814888888
2496;13856381000;13614888888;13814888888
2497;13856386000;13656588888;13856588888
2498;13856388000;13656588888;13856588888
2499;13856389000;13656588888;13856588888
2500;13856390000;13656588888;13856588888
2501;13860434000;13656588888;13856588888
2502;13860932000;13656588888;13856588888
2503;13860934000;13656588888;13856588888
2504;13867079000;13656588888;13856588888
2505;13867081000;13656588888;13856588888
2506;13886239000;13656588888;13856588888
2507;13898028000;13656588888;13856588888
2510;13939792000;13698277777;13898277777
2511;13939794000;13698277777;13898277777
2512;13939795000;13698277777;13898277777
2513;13939796000;13698277777;13898277777
2514;13939797000;13698277777;13898277777
2515;13939798000;13698277777;13898277777
2516;13939799000;13698277777;13898277777
2517;13939800000;13698277777;13898277777
2518;13939912000;13698277777;13898277777
2519;13939918000;13739911111;13939911111
2520;13939919000;13739911111;13939911111
2521;13939920000;13739911111;13939911111
2523;13981431000;13739911111;13939911111
2524;13981444000;13739911111;13939911111
2525;13981445000;13739911111;13939911111
2526;13981446000;13739911111;13939911111
2527;13981447000;13739911111;13939911111
2528;13981448000;13739911111;13939911111
2529;13981579000;13739911111;13939911111
2530;13981585000;13781611111;13981611111
2531;13981586000;13781611111;13981611111
2532;13981587000;13781611111;13981611111
2533;13981588000;13781611111;13981611111
2534;13981589000;13781611111;13981611111
2535;13981590000;13781611111;13981611111
2536;13981591000;13781611111;13981611111
2537;13981592000;13781611111;13981611111
2538;13981593000;13781611111;13981611111
2539;13981594000;13781611111;13981611111
2540;14023094000;13781611111;13981611111
2541;14023100000;13823266666;14023266666
2542;14023101000;13823266666;14023266666
2543;14023102000;13823266666;14023266666
2544;14023103000;13823266666;14023266666
2545;14023104000;13823266666;14023266666
2546;14023105000;13823266666;14023266666
2547;14023106000;13823266666;14023266666
2548;14023107000;13823266666;14023266666
2549;14023108000;13823266666;14023266666
2550;14023109000;13823266666;14023266666
2551;14064848000;13823266666;14023266666
2552;14064854000;13864922222;14064922222
2553;14064855000;13864922222;14064922222
2554;14064856000;13864922222;14064922222
2555;14064857000;13864922222;14064922222
2556;14064858000;13864922222;14064922222
2557;14064859000;13864922222;14064922222
2558;14064860000;13864922222;14064922222
2559;14064861000;13864922222;14064922222
2560;14064861000;13864922222;14064922222
2561;14064862000;13864922222;14064922222
2562;14106491000;13864922222;14064922222
2563;14106497000;13906588888;14106588888
2564;14106498000;13906588888;14106588888
2565;14106499000;13906588888;14106588888
2566;14106500000;13906588888;14106588888
2567;14106501000;13906588888;14106588888
2568;14106502000;13906588888;14106588888
2569;14106503000;13906588888;14106588888
2570;14106504000;13906588888;14106588888
2571;14106505000;13906588888;14106588888
2572;14106506000;13906588888;14106588888
2573;14148173000;13906588888;14106588888
2574;14148186000;13948244444;14148244444
2575;14148187000;13948244444;14148244444
2576;14148188000;13948244444;14148244444
2577;14148189000;13948244444;14148244444
2578;14148190000;13948244444;14148244444
2579;14148191000;13948244444;14148244444
2580;14148192000;13948244444;14148244444
2581;14148192000;13948244444;14148244444
2582;14148193000;13948244444;14148244444
2583;14148194000;13948244444;14148244444
2584;14189829000;13948244444;14148244444
2591;14189835000;13989911111;14189911111
2592;14189836000;13989911111;14189911111
2593;14189837000;13989911111;14189911111
2594;14189838000;13989911111;14189911111
2595;14231509000;13989911111;14189911111
2601;14231531000;14031611111;14231611111
2602;14231532000;14031611111;14231611111
2603;14231533000;14031611111;14231611111
2604;14231534000;14031611111;14231611111
2605;14231535000;14031611111;14231611111
2606;14273084000;14031611111;14231611111
2616;14273089000;14073266666;14273266666
2617;14314792000;14073266666;14273266666
2628;14356422000;14114900000;14314900000
2640;14356428000;14198266666;14398266666
2641;14356429000;14198266666;14398266666
2642;14356430000;14198266666;14398266666
2643;14356431000;14198266666;14398266666
2644;14356432000;14198266666;14398266666
2645;14356433000;14198266666;14398266666
2646;14356433000;14198266666;14398266666
2647;14356434000;14198266666;14398266666
2648;14356435000;14198266666;14398266666
2649;14356436000;14198266666;14398266666
2650;14440005000;14198266666;14398266666
2661;14481493000;14239944444;14439944444
2672;14523148000;14281622222;14481622222
2683;14564824000;14323288888;14523288888
2694;14606466000;14364944444;14564944444
2705;14648207000;14406666666;14606666666
2716;14689849000;14448322222;14648322222
2727;14731506000;14489966666;14689966666
2738;14773146000;14531622222;14731622222
2749;14814816000;14573288888;14773288888
2760;14856421000;14614900000;14814900000
2771;14898156000;14656633333;14856633333
2782;14939848000;14698322222;14898322222
2793;14981480000;14739955555;14939955555
2803;14981485000;14781611111;14981611111
2804;15023149000;14781611111;14981611111
2815;15064879000;14823355555;15023355555
2821;15069801000;14864933333;15064933333
2822;15069812000;14864933333;15064933333
2823;15069813000;14864933333;15064933333
2824;15069814000;14864933333;15064933333
2825;15069815000;14864933333;15064933333
2826;15106433000;14864933333;15064933333
2830;15106439000;14906600000;15106600000
2831;15106440000;14906600000;15106600000
2832;15106441000;14906600000;15106600000
2833;15106442000;14906600000;15106600000
2834;15106443000;14906600000;15106600000
2835;15106444000;14906600000;15106600000
2836;15106445000;14906600000;15106600000
2837;15148125000;14906600000;15106600000
2839;15151108000;14948311111;15148311111
2840;15151110000;14948311111;15148311111
2841;15151111000;14948311111;15148311111
2842;15151112000;14948311111;15148311111
2843;15151112000;14948311111;15148311111
2844;15151113000;14948311111;15148311111
2845;15151114000;14948311111;15148311111
2846;15151115000;14948311111;15148311111
2847;15151116000;14948311111;15148311111
2848;15189822000;14948311111;15148311111
2849;15189827000;14989922222;15189922222
2850;15189828000;14989922222;15189922222
2851;15189829000;14989922222;15189922222
2852;15189830000;14989922222;15189922222
2853;15189831000;14989922222;15189922222
2854;15189832000;14989922222;15189922222
2855;15189833000;14989922222;15189922222
2856;15189834000;14989922222;15189922222
2857;15189835000;14989922222;15189922222
2858;15189836000;14989922222;15189922222
2859;15231447000;14989922222;15189922222
2860;15231452000;15031622222;15231622222
2861;15231453000;15031622222;15231622222
2862;15231454000;15031622222;15231622222
2863;15231456000;15031622222;15231622222
2864;15231456000;15031622222;15231622222
2865;15231457000;15031622222;15231622222
2866;15231458000;15031622222;15231622222
2867;15231459000;15031622222;15231622222
2868;15231460000;15031622222;15231622222
2869;15231461000;15031622222;15231622222
2870;15273145000;15031622222;15231622222
2871;15273151000;15073322222;15273322222
2872;15273152000;15073322222;15273322222
2873;15273161000;15073322222;15273322222
2874;15273162000;15073322222;15273322222
2875;15273163000;15073322222;15273322222
2876;15273164000;15073322222;15273322222
2877;15273165000;15073322222;15273322222
2878;15273165000;15073322222;15273322222
2879;15273166000;15073322222;15273322222
2880;15273167000;15073322222;15273322222
2881;15314848000;15073322222;15273322222
2882;15314853000;15114888888;15314888888
2883;15314854000;15114888888;15314888888
2884;15314855000;15114888888;15314888888
2885;15314856000;15114888888;15314888888
2886;15314857000;15114888888;15314888888
2887;15314858000;15114888888;15314888888
2888;15314859000;15114888888;15314888888
2889;15314860000;15114888888;15314888888
2890;15314861000;15114888888;15314888888
2891;15314862000;15114888888;15314888888
2892;15356437000;15114888888;15314888888
2893;15356443000;15156588888;15356588888
2894;15356444000;15156588888;15356588888
2895;15356445000;15156588888;15356588888
2896;15356446000;15156588888;15356588888
2897;15356447000;15156588888;15356588888
2898;15356448000;15156588888;15356588888
2899;15356449000;15156588888;15356588888
2900;15356449000;15156588888;15356588888
2903;15398064000;15156588888;15356588888
2906;15398070000;15198233333;15398233333
2907;15398071000;15198233333;15398233333
2908;15398072000;15198233333;15398233333
2911;15406459000;15198233333;15398233333
2912;15406462000;15198233333;15398233333
2913;15406463000;15198233333;15398233333
2914;15439732000;15198233333;15398233333
2915;15439738000;15239888888;15439888888
2916;15439739000;15239888888;15439888888
2920;15475318000;15239888888;15439888888
2921;15475320000;15239888888;15439888888
2922;15475321000;15239888888;15439888888
2923;15475322000;15239888888;15439888888
2924;15475332000;15239888888;15439888888
2925;15481254000;15239888888;15439888888
2927;15481260000;15281577777;15481577777
2928;15481261000;15281577777;15481577777
2929;15481262000;15281577777;15481577777
2930;15481263000;15281577777;15481577777
2931;15481264000;15281577777;15481577777
2932;15481265000;15281577777;15481577777
2933;15481266000;15281577777;15481577777
2934;15481267000;15281577777;15481577777
2935;15481268000;15281577777;15481577777
2936;15523122000;15281577777;15481577777
2938;15556303000;15323222222;15523222222
2939;15556305000;15323222222;15523222222
2940;15556307000;15323222222;15523222222
2941;15556307000;15323222222;15523222222
2942;15556308000;15323222222;15523222222
2943;15556309000;15323222222;15523222222
2944;15556310000;15323222222;15523222222
2945;15556311000;15323222222;15523222222
2946;15556312000;15323222222;15523222222
2947;15564588000;15323222222;15523222222
2949;15564593000;15364877777;15564877777
2950;15564595000;15364877777;15564877777
2951;15564595000;15364877777;15564877777
2952;15564596000;15364877777;15564877777
2953;15564597000;15364877777;15564877777
2954;15564598000;15364877777;15564877777
2955;15564599000;15364877777;15564877777
2956;15564600000;15364877777;15564877777
2957;15564601000;15364877777;15564877777
2958;15606404000;15364877777;15564877777
2959;15606410000;15406600000;15606600000
2960;15606411000;15406600000;15606600000
2961;15606412000;15406600000;15606600000
2962;15606413000;15406600000;15606600000
2963;15606414000;15406600000;15606600000
2964;15606415000;15406600000;15606600000
2965;15606416000;15406600000;15606600000
2966;15606416000;15406600000;15606600000
2967;15606417000;15406600000;15606600000
2968;15606418000;15406600000;15606600000
2969;15648124000;15406600000;15606600000
2974;15677927000;15448233333;15648233333
2975;15677939000;15448233333;15648233333
2976;15677940000;15448233333;15648233333
2977;15677941000;15448233333;15648233333
2978;15677942000;15448233333;15648233333
2979;15677942000;15448233333;15648233333
2984;15731308000;15489911111;15689911111
2995;15773093000;15531566666;15731566666
3001;15773097000;15531566666;15731566666
3002;15773158000;15531566666;15731566666
3003;15773171000;15573255555;15773255555
3004;15773172000;15573255555;15773255555
3005;15773173000;15573255555;15773255555
3006;15773174000;15573255555;15773255555
3007;15773175000;15573255555;15773255555
3008;15773183000;15573255555;15773255555
3009;15773184000;15573255555;15773255555
3010;15773185000;15573255555;15773255555
3011;15773185000;15573255555;15773255555
3014;15856492000;15614888888;15814888888
3026;15898163000;15656566666;15856566666
3041;15939819000;15698244444;15898244444
3049;15981464000;15739888888;15939888888
3064;16023152000;15781577777;15981577777
3074;16064849000;15823244444;16023244444
3089;16106508000;15864900000;16064900000
3097;16148130000;15906555555;16106555555
3111;16189797000;15948222222;16148222222
3122;16231480000;15989888888;16189888888
3135;16315011000;16073233333;16273233333
3155;16356490000;16114900000;16314900000
3165;16398154000;16156577777;16356577777
3168;16439845000;16198277777;16398277777
3177;16439849000;16198277777;16398277777
3178;16440121000;16198277777;16398277777
3179;16440127000;16239911111;16439911111
3180;16440128000;16239911111;16439911111
3181;16440129000;16239911111;16439911111
3185;16442370000;16239911111;16439911111
3186;16442372000;16239911111;16439911111
3187;16442373000;16239911111;16439911111
3188;16442374000;16239911111;16439911111
3189;16481504000;16239911111;16439911111
3190;16481510000;16281633333;16481633333
3191;16481520000;16281633333;16481633333
3192;16481521000;16281633333;16481633333
3193;16481522000;16281633333;16481633333
3194;16481523000;16281633333;16481633333
3195;16481524000;16281633333;16481633333
3196;16481525000;16281633333;16481633333
3197;16481526000;16281633333;16481633333
3198;16481527000;16281633333;16481633333
3199;16481528000;16281633333;16481633333
3200;16523235000;16281633333;16481633333
3201;16523241000;16323233333;16523233333
3202;16523242000;16323233333;16523233333
3203;16523243000;16323233333;16523233333
3204;16523254000;16323233333;16523233333
3205;16523255000;16323233333;16523233333
3206;16523255000;16323233333;16523233333
3207;16523256000;16323233333;16523233333
3208;16523257000;16323233333;16523233333
3209;16523258000;16323233333;16523233333
3210;16523259000;16323233333;16523233333
3211;16564808000;16323233333;16523233333
3212;16564814000;16364888888;16564888888
3213;16564815000;16364888888;16564888888
3214;16564816000;16364888888;16564888888
3215;16564817000;16364888888;16564888888
3216;16564818000;16364888888;16564888888
3217;16564818000;16364888888;16564888888
3218;16564819000;16364888888;16564888888
3219;16564820000;16364888888;16564888888
3220;16565213000;16364888888;16564888888
3221;16565216000;16364888888;16564888888
3222;16606460000;16364888888;16564888888
3223;16606466000;16406588888;16606588888
3224;16606467000;16406588888;16606588888
3225;16606468000;16406588888;16606588888
3226;16606469000;16406588888;16606588888
3227;16606470000;16406588888;16606588888
3228;16606471000;16406588888;16606588888
3229;16606472000;16406588888;16606588888
3230;16606473000;16406588888;16606588888
3231;16606473000;16406588888;16606588888
3232;16610200000;16406588888;16606588888
3233;16648143000;16406588888;16606588888
3234;16648149000;16448266666;16648266666
3235;16648150000;16448266666;16648266666
3236;16648151000;16448266666;16648266666
3237;16648152000;16448266666;16648266666
3238;16648153000;16448266666;16648266666
3239;16649800000;16448266666;16648266666
3240;16649802000;16448266666;16648266666
3241;16650009000;16448266666;16648266666
3242;16650017000;16448266666;16648266666
3243;16650254000;16448266666;16648266666
3244;16689819000;16448266666;16648266666
3245;16689834000;16489900000;16689900000
3246;16689835000;16489900000;16689900000
3248;16731588000;16489900000;16689900000
3249;16731590000;16489900000;16689900000
3250;16731591000;16489900000;16689900000
3251;16731592000;16489900000;16689900000
3252;16731592000;16489900000;16689900000
3253;16731593000;16489900000;16689900000
3254;16731594000;16489900000;16689900000
3255;16731706000;16489900000;16689900000
3256;16731712000;16531577777;16731577777
3257;16731713000;16531577777;16731577777
3258;16731714000;16531577777;16731577777
3259;16731715000;16531577777;16731577777
3260;16731716000;16531577777;16731577777
3261;16731717000;16531577777;16731577777
3262;16737659000;16531577777;16731577777
3263;16737670000;16531577777;16731577777
3265;16772904000;16531577777;16731577777
3266;16773023000;16531577777;16731577777
3267;16773036000;16573255555;16773255555
3268;16773038000;16573255555;16773255555
3269;16773039000;16573255555;16773255555
3270;16773040000;16573255555;16773255555
3271;16778960000;16573255555;16773255555
3272;16808204000;16573255555;16773255555
3273;16808215000;16573255555;16773255555
3274;16811852000;16573255555;16773255555
3275;16811854000;16573255555;16773255555
3276;16812143000;16573255555;16773255555
3277;16814642000;16573255555;16773255555
3278;16814647000;16614877777;16814877777
3280;16856371000;16614877777;16814877777
3281;16856374000;16614877777;16814877777
3282;16856376000;16614877777;16814877777
3283;16856387000;16614877777;16814877777
3284;16856388000;16614877777;16814877777
3285;16856389000;16614877777;16814877777
3286;16856389000;16614877777;16814877777
3287;16856390000;16614877777;16814877777
3288;16856499000;16614877777;16814877777
3289;16856504000;16656577777;16856577777
3290;16859993000;16656577777;16856577777
3291;16889259000;16656577777;16856577777
3292;16889261000;16656577777;16856577777
3293;16892948000;16656577777;16856577777
3294;16892951000;16656577777;16856577777
3295;16893207000;16656577777;16856577777
3296;16893209000;16656577777;16856577777
3297;16893399000;16656577777;16856577777
3298;16899559000;16656577777;16856577777
3299;16899678000;16656577777;16856577777
3300;16899836000;16698266666;16898266666
3301;16934276000;16698266666;16898266666
3302;16934279000;16698266666;16898266666
3303;16934659000;16698266666;16898266666
3304;16934912000;16698266666;16898266666
3305;16934914000;16698266666;16898266666
3306;16935179000;16698266666;16898266666
3307;16935181000;16698266666;16898266666
3308;16935394000;16698266666;16898266666
3309;16973885000;16698266666;16898266666
3310;16973991000;16698266666;16898266666
3311;16974137000;16739900000;16939900000
3312;16974147000;16739900000;16939900000
3313;16974383000;16739900000;16939900000
3314;16974388000;16739900000;16939900000
3315;16974596000;16739900000;16939900000
3316;16974602000;16739900000;16939900000
3317;16980441000;16739900000;16939900000
3318;16980449000;16739900000;16939900000
3319;16987831000;16739900000;16939900000
3320;17015031000;16739900000;16939900000
3321;17015150000;16739900000;16939900000
3322;17015679000;16781622222;16981622222
3323;17015892000;16781622222;16981622222
3324;17015897000;16781622222;16981622222
3325;17015904000;16781622222;16981622222
3326;17016173000;16781622222;16981622222
3327;17016384000;16781622222;16981622222
3328;17054930000;16781622222;16981622222
3329;17054932000;16781622222;16981622222
3330;17055196000;16781622222;16981622222
3331;17055198000;16781622222;16981622222
3332;17055597000;16781622222;16981622222
3333;17055602000;16823277777;17023277777
3334;17055698000;16823277777;17023277777
3335;17055700000;16823277777;17023277777
3336;17055856000;16823277777;17023277777
3337;17061490000;16823277777;17023277777
3338;17074392000;16823277777;17023277777
3339;17074394000;16823277777;17023277777
3340;17095986000;16823277777;17023277777
3341;17095989000;16823277777;17023277777
3342;17096814000;16823277777;17023277777
3343;17096955000;16823277777;17023277777
3344;17097095000;16864911111;17064911111
3345;17097097000;16864911111;17064911111
3346;17097395000;16864911111;17064911111
3347;17097402000;16864911111;17064911111
3348;17135972000;16864911111;17064911111
3349;17135975000;16864911111;17064911111
3350;17136246000;16864911111;17064911111
3351;17136248000;16864911111;17064911111
3352;17136464000;16864911111;17064911111
3353;17136713000;16864911111;17064911111
3354;17136804000;16864911111;17064911111
3355;17136969000;16906588888;17106588888
3356;17136976000;16906588888;17106588888
3357;17136979000;16906588888;17106588888
3358;17150736000;16906588888;17106588888
3359;17155401000;16906588888;17106588888
3360;17155410000;16906588888;17106588888
3361;17176846000;16906588888;17106588888
3362;17176856000;16906588888;17106588888
3363;17177661000;16906588888;17106588888
3364;17177663000;16906588888;17106588888
3365;17177988000;16906588888;17106588888
3366;17178160000;16948233333;17148233333
3367;17178413000;16948233333;17148233333
3368;17178418000;16948233333;17148233333
3369;17217038000;16948233333;17148233333
3370;17217041000;16948233333;17148233333
3371;17217583000;16948233333;17148233333
3372;17217591000;16948233333;17148233333
3373;17217804000;16948233333;17148233333
3374;17217811000;16948233333;17148233333
3375;17218080000;16948233333;17148233333
3376;17218200000;16948233333;17148233333
3377;17218312000;16989922222;17189922222
3378;17218319000;16989922222;17189922222
3379;17226851000;16989922222;17189922222
3380;17236450000;16989922222;17189922222
3381;17236452000;16989922222;17189922222
3382;17242210000;16989922222;17189922222
3383;17257862000;16989922222;17189922222
3384;17257864000;16989922222;17189922222
3385;17258664000;16989922222;17189922222
3386;17258666000;16989922222;17189922222
3387;17259042000;16989922222;17189922222
3388;17259390000;17031600000;17231600000
3389;17259397000;17031600000;17231600000
3390;17267675000;17031600000;17231600000
3391;17298078000;17031600000;17231600000
3392;17298080000;17031600000;17231600000
3393;17298572000;17031600000;17231600000
3394;17298577000;17031600000;17231600000
3395;17298802000;17031600000;17231600000
3396;17298807000;17031600000;17231600000
3397;17299075000;17031600000;17231600000
3398;17299196000;17031600000;17231600000
3399;17299308000;17073244444;17273244444
3400;17299315000;17073244444;17273244444
3401;17299520000;17073244444;17273244444
3402;17313360000;17073244444;17273244444
3403;17317494000;17073244444;17273244444
3404;17317500000;17073244444;17273244444
3405;17328672000;17073244444;17273244444
3406;17338752000;17073244444;17273244444
3407;17338754000;17073244444;17273244444
3408;17339624000;17073244444;17273244444
3409;17339744000;17073244444;17273244444
3410;17339857000;17114877777;17314877777
3411;17340409000;17114877777;17314877777
3412;17340420000;17114877777;17314877777
3413;17354021000;17114877777;17314877777
3414;17379074000;17114877777;17314877777
3415;17379076000;17114877777;17314877777
3416;17379598000;17114877777;17314877777
3417;17379600000;17114877777;17314877777
3418;17379870000;17114877777;17314877777
3419;17379872000;17114877777;17314877777
3420;17380214000;17114877777;17314877777
3421;17380227000;17156600000;17356600000
3422;17380287000;17156600000;17356600000
3423;17380294000;17156600000;17356600000
3424;17380564000;17156600000;17356600000
3425;17389616000;17156600000;17356600000
3426;17398545000;17156600000;17356600000
3427;17398548000;17156600000;17356600000
3428;17404885000;17156600000;17356600000
3429;17415062000;17156600000;17356600000
3430;17419761000;17156600000;17356600000
3431;17419883000;17156600000;17356600000
3432;17420660000;17198266666;17398266666
3433;17420663000;17198266666;17398266666
3434;17421269000;17198266666;17398266666
3435;17421271000;17198266666;17398266666
3436;17430285000;17198266666;17398266666
3437;17440473000;17198266666;17398266666
3438;17460108000;17198266666;17398266666
3439;17460110000;17198266666;17398266666
3440;17460609000;17198266666;17398266666
3441;17460632000;17198266666;17398266666
3442;17461036000;17198266666;17398266666
3443;17461050000;17239900000;17439900000
3444;17461114000;17239900000;17439900000
3445;17461129000;17239900000;17439900000
3446;17461378000;17239900000;17439900000
3447;17461662000;17239900000;17439900000
3448;17461664000;17239900000;17439900000
3450;17481260000;17239900000;17439900000
3451;17481263000;17239900000;17439900000
3452;17491387000;17239900000;17439900000
3453;17500865000;17239900000;17439900000
3454;17500946000;17281600000;17481600000
3455;17500958000;17281600000;17481600000
3456;17501519000;17281600000;17481600000
3457;17501542000;17281600000;17481600000
3458;17502318000;17281600000;17481600000
3459;17502320000;17281600000;17481600000
3460;17502560000;17281600000;17481600000
3461;17516821000;17281600000;17481600000
3462;17526977000;17281600000;17481600000
3463;17541021000;17281600000;17481600000
3464;17541406000;17281600000;17481600000
3465;17541576000;17323244444;17523244444
3466;17541585000;17323244444;17523244444
3467;17541795000;17323244444;17523244444
3468;17542057000;17323244444;17523244444
3469;17542059000;17323244444;17523244444
3470;17542314000;17323244444;17523244444
3471;17542315000;17323244444;17523244444
3472;17542553000;17323244444;17523244444
3473;17542555000;17323244444;17523244444
3474;17560618000;17323244444;17523244444
3475;17564641000;17323244444;17523244444
3476;17564647000;17364900000;17564900000
3477;17572380000;17364900000;17564900000
3478;17581788000;17364900000;17564900000
3479;17581791000;17364900000;17564900000
3480;17582093000;17364900000;17564900000
3481;17582348000;17364900000;17564900000
3482;17582350000;17364900000;17564900000
3483;17583280000;17364900000;17564900000
3484;17583522000;17364900000;17564900000
3485;17583537000;17364900000;17564900000
3486;17606330000;17364900000;17564900000
3487;17607916000;17406611111;17606611111
3488;17622011000;17406611111;17606611111
3489;17622020000;17406611111;17606611111
3490;17622661000;17406611111;17606611111
3491;17622664000;17406611111;17606611111
3492;17622883000;17406611111;17606611111
3493;17623100000;17406611111;17606611111
3494;17623108000;17406611111;17606611111
3495;17623351000;17406611111;17606611111
3496;17623360000;17406611111;17606611111
3497;17648084000;17406611111;17606611111
3498;17648089000;17448255555;17648255555
3499;17648090000;17448255555;17648255555
3500;17648092000;17448255555;17648255555
3501;17648895000;17448255555;17648255555
3502;17659090000;17448255555;17648255555
3503;17662808000;17448255555;17648255555
3504;17662818000;17448255555;17648255555
3505;17663052000;17448255555;17648255555
3506;17663293000;17448255555;17648255555
3507;17663302000;17448255555;17648255555
3508;17689748000;17448255555;17648255555
3509;17689754000;17489922222;17689922222
3510;17689755000;17489922222;17689922222
3511;17689756000;17489922222;17689922222
3512;17689757000;17489922222;17689922222
3513;17689758000;17489922222;17689922222
3514;17703076000;17489922222;17689922222
3515;17703078000;17489922222;17689922222
3516;17703627000;17489922222;17689922222
3517;17703629000;17489922222;17689922222
3518;17703841000;17489922222;17689922222
3519;17731425000;17489922222;17689922222
3520;17731430000;17531600000;17731600000
3521;17731431000;17531600000;17731600000
3522;17731432000;17531600000;17731600000
3523;17731433000;17531600000;17731600000
3524;17731434000;17531600000;17731600000
3525;17731435000;17531600000;17731600000
3526;17731436000;17531600000;17731600000
3527;17731437000;17531600000;17731600000
3528;17743861000;17531600000;17731600000
3529;17743863000;17531600000;17731600000
3530;17773109000;17531600000;17731600000
3531;17773115000;17573277777;17773277777
3532;17773116000;17573277777;17773277777
3533;17773117000;17573277777;17773277777
3534;17773118000;17573277777;17773277777
3535;17773119000;17573277777;17773277777
3536;17773120000;17573277777;17773277777
3537;17773121000;17573277777;17773277777
3538;17773122000;17573277777;17773277777
3539;17773122000;17573277777;17773277777
3540;17775976000;17573277777;17773277777
3541;17814796000;17573277777;17773277777
3542;17814802000;17614877777;17814877777
3543;17814803000;17614877777;17814877777
3544;17814804000;17614877777;17814877777
3545;17814805000;17614877777;17814877777
3546;17814806000;17614877777;17814877777
3547;17814807000;17614877777;17814877777
3548;17814808000;17614877777;17814877777
3549;17814809000;17614877777;17814877777
3550;17814810000;17614877777;17814877777
3551;17814811000;17614877777;17814877777
3552;17856449000;17614877777;17814877777
3553;17856455000;17656588888;17856588888
3554;17856456000;17656588888;17856588888
3555;17856457000;17656588888;17856588888
3556;17856458000;17656588888;17856588888
3557;17856459000;17656588888;17856588888
3558;17856460000;17656588888;17856588888
3559;17856460000;17656588888;17856588888
3560;17856461000;17656588888;17856588888
3561;17856462000;17656588888;17856588888
3562;17856463000;17656588888;17856588888
3563;17898162000;17656588888;17856588888
3564;17898167000;17698244444;17898244444
3565;17898168000;17698244444;17898244444
3566;17898176000;17698244444;17898244444
3567;17898177000;17698244444;17898244444
3568;17898178000;17698244444;17898244444
3569;17898179000;17698244444;17898244444
3570;17898180000;17698244444;17898244444
3571;17898181000;17698244444;17898244444
3572;17898182000;17698244444;17898244444
3575;17981644000;17739900000;17939900000
3588;18023176000;17781600000;17981600000
3603;18064830000;17823255555;18023255555
3618;18106638000;17864955555;18064955555
3619;18106653000;17906611111;18106611111
3622;18107741000;17906611111;18106611111
3624;18107743000;17906611111;18106611111
3625;18107745000;17906611111;18106611111
3626;18107745000;17906611111;18106611111
3627;18107746000;17906611111;18106611111
3628;18107747000;17906611111;18106611111
3629;18148167000;17906611111;18106611111
3633;18148182000;17948322222;18148322222
3634;18148183000;17948322222;18148322222
3635;18148184000;17948322222;18148322222
3636;18148185000;17948322222;18148322222
3637;18148186000;17948322222;18148322222
3638;18148187000;17948322222;18148322222
3639;18148188000;17948322222;18148322222
3640;18189896000;17948322222;18148322222
3641;18189901000;17989955555;18189955555
3642;18189903000;17989955555;18189955555
3643;18189903000;17989955555;18189955555
3644;18189905000;17989955555;18189955555
3645;18189906000;17989955555;18189955555
3646;18189906000;17989955555;18189955555
3650;18192972000;17989955555;18189955555
3651;18231548000;17989955555;18189955555
3652;18231554000;18031600000;18231600000
3653;18231555000;18031600000;18231600000
3654;18231556000;18031600000;18231600000
3655;18231557000;18031600000;18231600000
3656;18231558000;18031600000;18231600000
3657;18231559000;18031600000;18231600000
3658;18231560000;18031600000;18231600000
3659;18231570000;18031600000;18231600000
3660;18231571000;18031600000;18231600000
3661;18231572000;18031600000;18231600000
3662;18273187000;18031600000;18231600000
3664;18276890000;18073277777;18273277777
3665;18276893000;18073277777;18273277777
3666;18276904000;18073277777;18273277777
3667;18276905000;18073277777;18273277777
3668;18276906000;18073277777;18273277777
3669;18276907000;18073277777;18273277777
3670;18276908000;18073277777;18273277777
3671;18276909000;18073277777;18273277777
3672;18276910000;18073277777;18273277777
3673;18314831000;18073277777;18273277777
3674;18314837000;18114888888;18314888888
3675;18314838000;18114888888;18314888888
3676;18314839000;18114888888;18314888888
3680;18355077000;18114888888;18314888888
3681;18355081000;18114888888;18314888888
3682;18355082000;18114888888;18314888888
3683;18355083000;18114888888;18314888888
3684;18356318000;18114888888;18314888888
3685;18356323000;18156600000;18356600000
3686;18356325000;18156600000;18356600000
3687;18356326000;18156600000;18356600000
3688;18356327000;18156600000;18356600000
3689;18356327000;18156600000;18356600000
3690;18356328000;18156600000;18356600000
3691;18356329000;18156600000;18356600000
3693;18398116000;18156600000;18356600000
3694;18398119000;18156600000;18356600000
3695;18398229000;18156600000;18356600000
3696;18398234000;18198233333;18398233333
3697;18398235000;18198233333;18398233333
3698;18398236000;18198233333;18398233333
3699;18398237000;18198233333;18398233333
3703;18438956000;18198233333;18398233333
3704;18438958000;18198233333;18398233333
3705;18438959000;18198233333;18398233333
3706;18439655000;18198233333;18398233333
3707;18439660000;18239888888;18439888888
3708;18439661000;18239888888;18439888888
3709;18439663000;18239888888;18439888888
3710;18439663000;18239888888;18439888888
3711;18439664000;18239888888;18439888888
3712;18439665000;18239888888;18439888888
3713;18439666000;18239888888;18439888888
3714;18439667000;18239888888;18439888888
3715;18439668000;18239888888;18439888888
3716;18439669000;18239888888;18439888888
3717;18481489000;18239888888;18439888888
3719;18577891000;18281600000;18481600000
3720;18577904000;18281600000;18481600000
3721;18577905000;18281600000;18481600000
3722;18577906000;18281600000;18481600000
3723;18577907000;18281600000;18481600000
3724;18577908000;18281600000;18481600000
3725;18577916000;18281600000;18481600000
3726;18577917000;18281600000;18481600000
3727;18577918000;18281600000;18481600000
3728;18578027000;18281600000;18481600000
3729;18578033000;18323233333;18523233333
3730;18578034000;18323233333;18523233333
3731;18578035000;18323233333;18523233333
3732;18578036000;18323233333;18523233333
3733;18578037000;18323233333;18523233333
3734;18578038000;18323233333;18523233333
3735;18578039000;18323233333;18523233333
3736;18578039000;18323233333;18523233333
3737;18578040000;18323233333;18523233333
3738;18578041000;18323233333;18523233333
3739;18578053000;18323233333;18523233333
3740;18578055000;18364877777;18564877777
3741;18578066000;18364877777;18564877777
3742;18593969000;18364877777;18564877777
3743;18597691000;18364877777;18564877777
3744;18597935000;18364877777;18564877777
3745;18597937000;18364877777;18564877777
3746;18598174000;18364877777;18564877777
3747;18598176000;18364877777;18564877777
3748;18598389000;18364877777;18564877777
3749;18598394000;18364877777;18564877777
3750;18606307000;18364877777;18564877777
3751;18606313000;18406577777;18606577777
3752;18606314000;18406577777;18606577777
3753;18606315000;18406577777;18606577777
3754;18606316000;18406577777;18606577777
3755;18609773000;18406577777;18606577777
3756;18640175000;18406577777;18606577777
3757;18658422000;18406577777;18606577777
3758;18658840000;18406577777;18606577777
3759;18658842000;18406577777;18606577777
3760;18678688000;18406577777;18606577777
3761;18678808000;18406577777;18606577777
3762;18678977000;18448244444;18648244444
3763;18678979000;18448244444;18648244444
3764;18679227000;18448244444;18648244444
3765;18679229000;18448244444;18648244444
3766;18679435000;18448244444;18648244444
3767;18679442000;18448244444;18648244444
3768;18679728000;18448244444;18648244444
3769;18679739000;18448244444;18648244444
3771;18689615000;18448244444;18648244444
3772;18689737000;18448244444;18648244444
3773;18689742000;18489922222;18689922222
3774;18696230000;18489922222;18689922222
3775;18726728000;18489922222;18689922222
3776;18739864000;18489922222;18689922222
3777;18739867000;18489922222;18689922222
3778;18747088000;18489922222;18689922222
3779;18759733000;18489922222;18689922222
3780;18759735000;18489922222;18689922222
3781;18759981000;18489922222;18689922222
3782;18759983000;18489922222;18689922222
3783;18760345000;18489922222;18689922222
3784;18760358000;18531588888;18731588888
3785;18760468000;18531588888;18731588888
3786;18760477000;18531588888;18731588888
3787;18760736000;18531588888;18731588888
3788;18760739000;18531588888;18731588888
3789;18761004000;18531588888;18731588888
3790;18761907000;18531588888;18731588888
3791;18761909000;18531588888;18731588888
3792;18762959000;18531588888;18731588888
3793;18763203000;18531588888;18731588888
3794;18777247000;18531588888;18731588888
3795;18807730000;18573244444;18773244444
3796;18820885000;18573244444;18773244444
3797;18820887000;18573244444;18773244444
3798;18828127000;18573244444;18773244444
3799;18840812000;18573244444;18773244444
3800;18840814000;18573244444;18773244444
3801;18841031000;18573244444;18773244444
3802;18841033000;18573244444;18773244444
3803;18841259000;18573244444;18773244444
3804;18841266000;18573244444;18773244444
3805;18841697000;18573244444;18773244444
3806;18841704000;18614855555;18814855555
3807;18841752000;18614855555;18814855555
3808;18841754000;18614855555;18814855555
3809;18842066000;18614855555;18814855555
3810;18842922000;18614855555;18814855555
3811;18842924000;18614855555;18814855555
3812;18844197000;18614855555;18814855555
3813;18844199000;18614855555;18814855555
3814;18858212000;18614855555;18814855555
3815;18888605000;18614855555;18814855555
3816;18901930000;18614855555;18814855555
3817;18902047000;18656577777;18856577777
3818;18909141000;18656577777;18856577777
3819;18921847000;18656577777;18856577777
3820;18921858000;18656577777;18856577777
3821;18922093000;18656577777;18856577777
3822;18922095000;18656577777;18856577777
3823;18922323000;18656577777;18856577777
3824;18922325000;18656577777;18856577777
3825;18922573000;18656577777;18856577777
3826;18922583000;18656577777;18856577777
3827;18922867000;18656577777;18856577777
3828;18922880000;18698244444;18898244444
3829;18923096000;18698244444;18898244444
3830;18923098000;18698244444;18898244444
3831;18923258000;18698244444;18898244444
3832;18923936000;18698244444;18898244444
3833;18925209000;18698244444;18898244444
3834;18925211000;18698244444;18898244444
3835;18935220000;18698244444;18898244444
3836;18945401000;18698244444;18898244444
3837;18975904000;18698244444;18898244444
3838;18990188000;18698244444;18898244444
3839;18990315000;18739888888;18939888888
3840;18990316000;18739888888;18939888888
3841;19002898000;18739888888;18939888888
3842;19002909000;18739888888;18939888888
3843;19003141000;18739888888;18939888888
3844;19003143000;18739888888;18939888888
3849;19003509000;18739888888;18939888888
3850;19003755000;18781588888;18981588888
3851;19004084000;18781588888;18981588888
3852;19004086000;18781588888;18981588888
3853;19004320000;18781588888;18981588888
3854;19004325000;18781588888;18981588888
3855;19006215000;18781588888;18981588888
3856;19006217000;18781588888;18981588888
3857;19011518000;18781588888;18981588888
3858;19021720000;18781588888;18981588888
3859;19031789000;18781588888;18981588888
3860;19062425000;18781588888;18981588888
3861;19071083000;18823244444;19023244444
3862;19071085000;18823244444;19023244444
3863;19071340000;18823244444;19023244444
3864;19083918000;18823244444;19023244444
3865;19083920000;18823244444;19023244444
3866;19084165000;18823244444;19023244444
3867;19084168000;18823244444;19023244444
3868;19084456000;18823244444;19023244444
3869;19084461000;18823244444;19023244444
3870;19084742000;18823244444;19023244444
3871;19084847000;18823244444;19023244444
3872;19084988000;18864900000;19064900000
3873;19084990000;18864900000;19064900000
3874;19085252000;18864900000;19064900000
3875;19085254000;18864900000;19064900000
3876;19085452000;18864900000;19064900000
3877;19085460000;18864900000;19064900000
3878;19087227000;18864900000;19064900000
3879;19087323000;18864900000;19064900000
3880;19092531000;18864900000;19064900000
3881;19102630000;18864900000;19064900000
3882;19112711000;18864900000;19064900000
3883;19143372000;18906566666;19106566666
3884;19152127000;18906566666;19106566666
3885;19152129000;18906566666;19106566666
3886;19152352000;18906566666;19106566666
3887;19164983000;18906566666;19106566666
3888;19164985000;18906566666;19106566666
3889;19165225000;18906566666;19106566666
3890;19165227000;18906566666;19106566666
3891;19165469000;18906566666;19106566666
3892;19165477000;18906566666;19106566666
3893;19166263000;18906566666;19106566666
3894;19166377000;18948233333;19148233333
3895;19166387000;18948233333;19148233333
3896;19166629000;18948233333;19148233333
3897;19166632000;18948233333;19148233333
3898;19166918000;18948233333;19148233333
3899;19166920000;18948233333;19148233333
3900;19167154000;18948233333;19148233333
3901;19167156000;18948233333;19148233333
3902;19168263000;18948233333;19148233333
3903;19168267000;18948233333;19148233333
3904;19189696000;18948233333;19148233333
3905;19189702000;18989900000;19189900000
3906;19193486000;18989900000;19189900000
3907;19224396000;18989900000;19189900000
3908;19233181000;18989900000;19189900000
3909;19233183000;18989900000;19189900000
3910;19233411000;18989900000;19189900000
3911;19245991000;18989900000;19189900000
3912;19245993000;18989900000;19189900000
3913;19246264000;18989900000;19189900000
3914;19246266000;18989900000;19189900000
3915;19246600000;18989900000;19189900000
3916;19247181000;19031577777;19231577777
3917;19247183000;19031577777;19231577777
3918;19247398000;19031577777;19231577777
3919;19247403000;19031577777;19231577777
3920;19247710000;19031577777;19231577777
3921;19247721000;19031577777;19231577777
3922;19247926000;19031577777;19231577777
3923;19247928000;19031577777;19231577777
3924;19248171000;19031577777;19231577777
3925;19248172000;19031577777;19231577777
3926;19273065000;19031577777;19231577777
3927;19273071000;19073244444;19273244444
3928;19273072000;19073244444;19273244444
3929;19273073000;19073244444;19273244444
3930;19273082000;19073244444;19273244444
3931;19280948000;19073244444;19273244444
3932;19311601000;19073244444;19273244444
3933;19314235000;19073244444;19273244444
3934;19314237000;19073244444;19273244444
3935;19321738000;19073244444;19273244444
3936;19327059000;19073244444;19273244444
3937;19327205000;19073244444;19273244444
3938;19327285000;19114877777;19314877777
3939;19327286000;19114877777;19314877777
3940;19327580000;19114877777;19314877777
3941;19328187000;19114877777;19314877777
3942;19328189000;19114877777;19314877777
3943;19328400000;19114877777;19314877777
3944;19328407000;19114877777;19314877777
3945;19328662000;19114877777;19314877777
3946;19328664000;19114877777;19314877777
3947;19328913000;19114877777;19314877777
3948;19356394000;19114877777;19314877777
3949;19356400000;19156588888;19356588888
3950;19356401000;19156588888;19356588888
3951;19356402000;19156588888;19356588888
3952;19356403000;19156588888;19356588888
3953;19356404000;19156588888;19356588888
3954;19356405000;19156588888;19356588888
3955;19356406000;19156588888;19356588888
3956;19357305000;19156588888;19356588888
3957;19367302000;19156588888;19356588888
3958;19395191000;19156588888;19356588888
3959;19398003000;19156588888;19356588888
3960;19402742000;19198233333;19398233333
3961;19402745000;19198233333;19398233333
3962;19408101000;19198233333;19398233333
3964;19439713000;19198233333;19398233333
3965;19439716000;19198233333;19398233333
3966;19439728000;19198233333;19398233333
3967;19439729000;19198233333;19398233333
3968;19439730000;19198233333;19398233333
3969;19439731000;19198233333;19398233333
3970;19439857000;19198233333;19398233333
3971;19439863000;19239900000;19439900000
3972;19439864000;19239900000;19439900000
3973;19439865000;19239900000;19439900000
3974;19439866000;19239900000;19439900000
3975;19439867000;19239900000;19439900000
3976;19439868000;19239900000;19439900000
3977;19439869000;19239900000;19439900000
3978;19439870000;19239900000;19439900000
3979;19439871000;19239900000;19439900000
3980;19439872000;19239900000;19439900000
3981;19481487000;19239900000;19439900000
3982;19481493000;19281588888;19481588888
3983;19481494000;19281588888;19481588888
3984;19481495000;19281588888;19481588888
3985;19481496000;19281588888;19481588888
3986;19481497000;19281588888;19481588888
3987;19483792000;19281588888;19481588888
3988;19483794000;19281588888;19481588888
3989;19489078000;19281588888;19481588888
3990;19489080000;19281588888;19481588888
3991;19489341000;19281588888;19481588888
3992;19523123000;19281588888;19481588888
3993;19523129000;19323233333;19523233333
3994;19523130000;19323233333;19523233333
3995;19523131000;19323233333;19523233333
3996;19523132000;19323233333;19523233333
3997;19523133000;19323233333;19523233333
3998;19523134000;19323233333;19523233333
3999;19523135000;19323233333;19523233333
4000;19523136000;19323233333;19523233333
4001;19523136000;19323233333;19523233333
4002;19523137000;19323233333;19523233333
4003;19564767000;19323233333;19523233333
4004;19564783000;19364888888;19564888888
4005;19564784000;19364888888;19564888888
4006;19564785000;19364888888;19564888888
4007;19564786000;19364888888;19564888888
4008;19564787000;19364888888;19564888888
4009;19564787000;19364888888;19564888888
4010;19564788000;19364888888;19564888888
4011;19564789000;19364888888;19564888888
4012;19564790000;19364888888;19564888888
4013;19564791000;19364888888;19564888888
4014;19606463000;19364888888;19564888888
4016;19606469000;19406588888;19606588888
4017;19606470000;19406588888;19606588888
4018;19606471000;19406588888;19606588888
4019;19606472000;19406588888;19606588888
4020;19606473000;19406588888;19606588888
4021;19606473000;19406588888;19606588888
4022;19606474000;19406588888;19606588888
4023;19606475000;19406588888;19606588888
4024;19606476000;19406588888;19606588888
4025;19648163000;19406588888;19606588888
4026;19648169000;19448255555;19648255555
4027;19648170000;19448255555;19648255555
4028;19648171000;19448255555;19648255555
4029;19648172000;19448255555;19648255555
4032;19652336000;19448255555;19648255555
4033;19652339000;19448255555;19648255555
4034;19652359000;19448255555;19648255555
4035;19652360000;19448255555;19648255555
4036;19689808000;19448255555;19648255555
4045;19689814000;19489933333;19689933333
4049;19773165000;19531566666;19731566666
4068;19814858000;19573266666;19773266666
4078;19856388000;19614877777;19814877777
4084;19898143000;19656577777;19856577777
4095;19939867000;19698288888;19898288888
4099;19939870000;19698288888;19898288888
4100;19939871000;19698288888;19898288888
4101;19939872000;19698288888;19898288888
4102;19939980000;19698288888;19898288888
4103;19939986000;19740000000;19940000000
4104;19939987000;19740000000;19940000000
4105;19939988000;19740000000;19940000000
4106;19939989000;19740000000;19940000000
4107;19939990000;19740000000;19940000000
4108;19939991000;19740000000;19940000000
4109;19939992000;19740000000;19940000000
4110;19939992000;19740000000;19940000000
4111;19939993000;19740000000;19940000000
4112;19939994000;19740000000;19940000000
4113;19981580000;19740000000;19940000000
4114;19981586000;19781611111;19981611111
4115;19981587000;19781611111;19981611111
4116;19981588000;19781611111;19981611111
4117;19981589000;19781611111;19981611111
4118;19981590000;19781611111;19981611111
4119;19981591000;19781611111;19981611111
4120;19981592000;19781611111;19981611111
4121;19981593000;19781611111;19981611111
4122;19981594000;19781611111;19981611111
4123;19981595000;19781611111;19981611111
4124;20023185000;19781611111;19981611111
4125;20023191000;19823255555;20023255555
4126;20023192000;19823255555;20023255555
4127;20023193000;19823255555;20023255555
4128;20023194000;19823255555;20023255555
4129;20023195000;19823255555;20023255555
4130;20023196000;19823255555;20023255555
4131;20023197000;19823255555;20023255555
4132;20023198000;19823255555;20023255555
4133;20023199000;19823255555;20023255555
4134;20023200000;19823255555;20023255555
4135;20064857000;19823255555;20023255555
4136;20064863000;19864911111;20064911111
4137;20064864000;19864911111;20064911111
4138;20064865000;19864911111;20064911111
4139;20064866000;19864911111;20064911111
4140;20064867000;19864911111;20064911111
4141;20064868000;19864911111;20064911111
4142;20064869000;19864911111;20064911111
4143;20064869000;19864911111;20064911111
4144;20064870000;19864911111;20064911111
4145;20064871000;19864911111;20064911111
4146;20106487000;19864911111;20064911111
4147;20106493000;19906577777;20106577777
4148;20106494000;19906577777;20106577777
4149;20106495000;19906577777;20106577777
4150;20106496000;19906577777;20106577777
4151;20106497000;19906577777;20106577777
4152;20106498000;19906577777;20106577777
4153;20106499000;19906577777;20106577777
4154;20106499000;19906577777;20106577777
4155;20106500000;19906577777;20106577777
4156;20106501000;19906577777;20106577777
4157;20148153000;19906577777;20106577777
4158;20148158000;19948233333;20148233333
4159;20148160000;19948233333;20148233333
4160;20148161000;19948233333;20148233333
4161;20148162000;19948233333;20148233333
4162;20148162000;19948233333;20148233333
4163;20148163000;19948233333;20148233333
4164;20148164000;19948233333;20148233333
4165;20148165000;19948233333;20148233333
4166;20148166000;19948233333;20148233333
4167;20148167000;19948233333;20148233333
4168;20189807000;19948233333;20148233333
4169;20189813000;19989922222;20189922222
4170;20189814000;19989922222;20189922222
4171;20189815000;19989922222;20189922222
4172;20189816000;19989922222;20189922222
4173;20189817000;19989922222;20189922222
4174;20189817000;19989922222;20189922222
4175;20189818000;19989922222;20189922222
4177;20231567000;19989922222;20189922222
4178;20231580000;19989922222;20189922222
4179;20231705000;19989922222;20189922222
4180;20231710000;20031600000;20231600000
4181;20231711000;20031600000;20231600000
4182;20231713000;20031600000;20231600000
4183;20231714000;20031600000;20231600000
4184;20231715000;20031600000;20231600000
4185;20231715000;20031600000;20231600000
4186;20231716000;20031600000;20231600000
4187;20231717000;20031600000;20231600000
4188;20231718000;20031600000;20231600000
4189;20231719000;20031600000;20231600000
4190;20273186000;20031600000;20231600000
4191;20273199000;20073255555;20273255555
4192;20273200000;20073255555;20273255555
4193;20273201000;20073255555;20273255555
4194;20273202000;20073255555;20273255555
4195;20273202000;20073255555;20273255555
4196;20273203000;20073255555;20273255555
4197;20273204000;20073255555;20273255555
4198;20273205000;20073255555;20273255555
4199;20273206000;20073255555;20273255555
4200;20273207000;20073255555;20273255555
4201;20314831000;20073255555;20273255555
4202;20314837000;20114888888;20314888888
4203;20314838000;20114888888;20314888888
4204;20314839000;20114888888;20314888888
4205;20314840000;20114888888;20314888888
4206;20314841000;20114888888;20314888888
4207;20314842000;20114888888;20314888888
4208;20314843000;20114888888;20314888888
4209;20314843000;20114888888;20314888888
4210;20314844000;20114888888;20314888888
4211;20317988000;20114888888;20314888888
4212;20356433000;20114888888;20314888888
4213;20356439000;20156600000;20356600000
4214;20356441000;20156600000;20356600000
4215;20356441000;20156600000;20356600000
4217;20398266000;20156600000;20356600000
4218;20398269000;20156600000;20356600000
4219;20398280000;20156600000;20356600000
4220;20398281000;20156600000;20356600000
4221;20398282000;20156600000;20356600000
4222;20398283000;20156600000;20356600000
4223;20398392000;20156600000;20356600000
4224;20398398000;20198266666;20398266666
4225;20398399000;20198266666;20398266666
4226;20398400000;20198266666;20398266666
4227;20398401000;20198266666;20398266666
4228;20398402000;20198266666;20398266666
4229;20398403000;20198266666;20398266666
4230;20398404000;20198266666;20398266666
4231;20398405000;20198266666;20398266666
4232;20399024000;20198266666;20398266666
4233;20401106000;20198266666;20398266666
4234;20439825000;20198266666;20398266666
4235;20439831000;20239900000;20439900000
4236;20439832000;20239900000;20439900000
4237;20439833000;20239900000;20439900000
4238;20439834000;20239900000;20439900000
4239;20439835000;20239900000;20439900000
4240;20439836000;20239900000;20439900000
4241;20439837000;20239900000;20439900000
4242;20439837000;20239900000;20439900000
4243;20439838000;20239900000;20439900000
4244;20439839000;20239900000;20439900000
4245;20481466000;20239900000;20439900000
4246;20481481000;20281600000;20481600000
4247;20481482000;20281600000;20481600000
4248;20481483000;20281600000;20481600000
4249;20481484000;20281600000;20481600000
4252;20523251000;20281600000;20481600000
4253;20523265000;20281600000;20481600000
4254;20523266000;20281600000;20481600000
4255;20523267000;20281600000;20481600000
4256;20523376000;20281600000;20481600000
4257;20523381000;20323244444;20523244444
4258;20523383000;20323244444;20523244444
4259;20523384000;20323244444;20523244444
4260;20523385000;20323244444;20523244444
4261;20523386000;20323244444;20523244444
4262;20523386000;20323244444;20523244444
4263;20523387000;20323244444;20523244444
4264;20523388000;20323244444;20523244444
4265;20523389000;20323244444;20523244444
4266;20523390000;20323244444;20523244444
4267;20564844000;20323244444;20523244444
4268;20564849000;20364900000;20564900000
4269;20564851000;20364900000;20564900000
4270;20564851000;20364900000;20564900000
4271;20564853000;20364900000;20564900000
4272;20564853000;20364900000;20564900000
4273;20564854000;20364900000;20564900000
4274;20564855000;20364900000;20564900000
4275;20564856000;20364900000;20564900000
4276;20564857000;20364900000;20564900000
4277;20569816000;20364900000;20564900000
4278;20606449000;20364900000;20564900000
4279;20606455000;20406600000;20606600000
4280;20606456000;20406600000;20606600000
4281;20606457000;20406600000;20606600000
4282;20606458000;20406600000;20606600000
4283;20606459000;20406600000;20606600000
4284;20606460000;20406600000;20606600000
4285;20606461000;20406600000;20606600000
4286;20606462000;20406600000;20606600000
4287;20606462000;20406600000;20606600000
4288;20606463000;20406600000;20606600000
4289;20648191000;20406600000;20606600000
4290;20648196000;20448322222;20648322222
4291;20648197000;20448322222;20648322222
4292;20648198000;20448322222;20648322222
4293;20648199000;20448322222;20648322222
4294;20648208000;20448322222;20648322222
4295;20648209000;20448322222;20648322222
4296;20648210000;20448322222;20648322222
4297;20648210000;20448322222;20648322222
4298;20648211000;20448322222;20648322222
4299;20650824000;20448322222;20648322222
4300;20689917000;20448322222;20648322222
4301;20689932000;20489911111;20689911111
4302;20689933000;20489911111;20689911111
4303;20689934000;20489911111;20689911111
4304;20689935000;20489911111;20689911111
4305;20689935000;20489911111;20689911111
4306;20689936000;20489911111;20689911111
4307;20689937000;20489911111;20689911111
4308;20689938000;20489911111;20689911111
4309;20689939000;20489911111;20689911111
4310;20689940000;20489911111;20689911111
4311;20731485000;20489911111;20689911111
4312;20731500000;20531600000;20731600000
4313;20731501000;20531600000;20731600000
4314;20731502000;20531600000;20731600000
4315;20731503000;20531600000;20731600000
4316;20731504000;20531600000;20731600000
4317;20731505000;20531600000;20731600000
4318;20731506000;20531600000;20731600000
4319;20731507000;20531600000;20731600000
4320;20731508000;20531600000;20731600000
4321;20731509000;20531600000;20731600000
4322;20773170000;20531600000;20731600000
4323;20773185000;20573255555;20773255555
4324;20773186000;20573255555;20773255555
4325;20773187000;20573255555;20773255555
4326;20773188000;20573255555;20773255555
4327;20773189000;20573255555;20773255555
4328;20773190000;20573255555;20773255555
4329;20773191000;20573255555;20773255555
4330;20773192000;20573255555;20773255555
4331;20773193000;20573255555;20773255555
4332;20773194000;20573255555;20773255555
4333;20814844000;20573255555;20773255555
4334;20814849000;20614877777;20814877777
4335;20814851000;20614877777;20814877777
4336;20814852000;20614877777;20814877777
4337;20814853000;20614877777;20814877777
4338;20814854000;20614877777;20814877777
4339;20814854000;20614877777;20814877777
4340;20814855000;20614877777;20814877777
4341;20814856000;20614877777;20814877777
4342;20814857000;20614877777;20814877777
4343;20814858000;20614877777;20814877777
4344;20856462000;20614877777;20814877777
4345;20856469000;20656588888;20856588888
4346;20856470000;20656588888;20856588888
4347;20856471000;20656588888;20856588888
4348;20856472000;20656588888;20856588888
4349;20856473000;20656588888;20856588888
4350;20856474000;20656588888;20856588888
4351;20856475000;20656588888;20856588888
4352;20856476000;20656588888;20856588888
4353;20856477000;20656588888;20856588888
4354;20856477000;20656588888;20856588888
4355;20898161000;20656588888;20856588888
4356;20898167000;20698244444;20898244444
4357;20898168000;20698244444;20898244444
4358;20898169000;20698244444;20898244444
4359;20898170000;20698244444;20898244444
4360;20898171000;20698244444;20898244444
4361;20898172000;20698244444;20898244444
4362;20898173000;20698244444;20898244444
4363;20898174000;20698244444;20898244444
4364;20898175000;20698244444;20898244444
4365;20898176000;20698244444;20898244444
4366;20939819000;20698244444;20898244444
4374;20939825000;20739900000;20939900000
4375;20939826000;20739900000;20939900000
4376;20939827000;20739900000;20939900000
4377;20981438000;20739900000;20939900000
4381;20981444000;20781600000;20981600000
4382;20981445000;20781600000;20981600000
4383;20981456000;20781600000;20981600000
4384;20981457000;20781600000;20981600000
4385;20981458000;20781600000;20981600000
4386;20981459000;20781600000;20981600000
4387;20981459000;20781600000;20981600000
4388;21023114000;20781600000;20981600000
4398;21023129000;20823266666;21023266666
4399;21064853000;20823266666;21023266666
4410;21106498000;20864911111;21064911111
4421;21148153000;20906577777;21106577777
4432;21189819000;20948244444;21148244444
4443;21231486000;20989911111;21189911111
4454;21273222000;21031633333;21231633333
4465;21314909000;21073333333;21273333333
4476;21356594000;21115022222;21315022222
4487;21398239000;21156666666;21356666666
4498;21439913000;21198322222;21398322222
4509;21481540000;21239944444;21439944444
4520;21523230000;21281655555;21481655555
4531;21564850000;21323277777;21523277777
4542;21606501000;21364911111;21564911111
4553;21648186000;21406611111;21606611111
4563;21648192000;21448288888;21648288888
4564;21689864000;21448288888;21648288888
4575;21731533000;21489966666;21689966666
4587;21731539000;21573344444;21773344444
4588;21731540000;21573344444;21773344444
4589;21731550000;21573344444;21773344444
4590;21731551000;21573344444;21773344444
4591;21731552000;21573344444;21773344444
4592;21731553000;21573344444;21773344444
4593;21731554000;21573344444;21773344444
4594;21731554000;21573344444;21773344444
4595;21731555000;21573344444;21773344444
4596;21731556000;21573344444;21773344444
4597;21815129000;21573344444;21773344444
4607;21815135000;21614922222;21814922222
4608;21856509000;21614922222;21814922222
4619;21898190000;21656600000;21856600000
4631;21898196000;21739944444;21939944444
4632;21898197000;21739944444;21939944444
4633;21898198000;21739944444;21939944444
4634;21898199000;21739944444;21939944444
4635;21898200000;21739944444;21939944444
4636;21898201000;21739944444;21939944444
4637;21898202000;21739944444;21939944444
4638;21898203000;21739944444;21939944444
4639;21898204000;21739944444;21939944444
4640;21898205000;21739944444;21939944444
4641;21981726000;21739944444;21939944444
4651;21981731000;21781633333;21981633333
4652;22023223000;21781633333;21981633333
4655;22023229000;21823300000;22023300000
4656;22023230000;21823300000;22023300000
4657;22023231000;21823300000;22023300000
4658;22023232000;21823300000;22023300000
4659;22023233000;21823300000;22023300000
4662;22025262000;21823300000;22023300000
4663;22064877000;21823300000;22023300000
4666;22064883000;21864955555;22064955555
4667;22064884000;21864955555;22064955555
4668;22064885000;21864955555;22064955555
4669;22064886000;21864955555;22064955555
4670;22064887000;21864955555;22064955555
4673;22068391000;21864955555;22064955555
4674;22106497000;21864955555;22064955555
4675;22106521000;21906622222;22106622222
4676;22106523000;21906622222;22106622222
4677;22106526000;21906622222;22106622222
4678;22106527000;21906622222;22106622222
4679;22106528000;21906622222;22106622222
4680;22106528000;21906622222;22106622222
4681;22106529000;21906622222;22106622222
4682;22106530000;21906622222;22106622222
4683;22106531000;21906622222;22106622222
4684;22106532000;21906622222;22106622222
4685;22148197000;21906622222;22106622222
4686;22148202000;21948244444;22148244444
4687;22148204000;21948244444;22148244444
4688;22148204000;21948244444;22148244444
4689;22148205000;21948244444;22148244444
4690;22148206000;21948244444;22148244444
4691;22148207000;21948244444;22148244444
4692;22148208000;21948244444;22148244444
4693;22148209000;21948244444;22148244444
4694;22148210000;21948244444;22148244444
4695;22148211000;21948244444;22148244444
4696;22189834000;21948244444;22148244444
4697;22189839000;21989911111;22189911111
4698;22189840000;21989911111;22189911111
4699;22189842000;21989911111;22189911111
4700;22189842000;21989911111;22189911111
4701;22189843000;21989911111;22189911111
4702;22189844000;21989911111;22189911111
4703;22189845000;21989911111;22189911111
4704;22189846000;21989911111;22189911111
4705;22189847000;21989911111;22189911111
4706;22189848000;21989911111;22189911111
4707;22231468000;21989911111;22189911111
4708;22231483000;22031577777;22231577777
4709;22231484000;22031577777;22231577777
4710;22231485000;22031577777;22231577777
4711;22231487000;22031577777;22231577777
4712;22231488000;22031577777;22231577777
4713;22231488000;22031577777;22231577777
4714;22231489000;22031577777;22231577777
4715;22231500000;22031577777;22231577777
4716;22231501000;22031577777;22231577777
4717;22231502000;22031577777;22231577777
4718;22273164000;22031577777;22231577777
4719;22273170000;22073244444;22273244444
4720;22273171000;22073244444;22273244444
4721;22273172000;22073244444;22273244444
4722;22273173000;22073244444;22273244444
4723;22273174000;22073244444;22273244444
4724;22273175000;22073244444;22273244444
4725;22273176000;22073244444;22273244444
4726;22273177000;22073244444;22273244444
4727;22273178000;22073244444;22273244444
4728;22273179000;22073244444;22273244444
4729;22314818000;22073244444;22273244444
4730;22314831000;22114877777;22314877777
4731;22314832000;22114877777;22314877777
4732;22314833000;22114877777;22314877777
4733;22314834000;22114877777;22314877777
4734;22314835000;22114877777;22314877777
4735;22314836000;22114877777;22314877777
4736;22314837000;22114877777;22314877777
4737;22314837000;22114877777;22314877777
4738;22314838000;22114877777;22314877777
4739;22314839000;22114877777;22314877777
4740;22356463000;22114877777;22314877777
4741;22356469000;22156577777;22356577777
4742;22356470000;22156577777;22356577777
4743;22356471000;22156577777;22356577777
4744;22356472000;22156577777;22356577777
4745;22356473000;22156577777;22356577777
4746;22356474000;22156577777;22356577777
4747;22356475000;22156577777;22356577777
4748;22356475000;22156577777;22356577777
4749;22356476000;22156577777;22356577777
4750;22356477000;22156577777;22356577777
4751;22398149000;22156577777;22356577777
4752;22398155000;22198266666;22398266666
4753;22398156000;22198266666;22398266666
4754;22398157000;22198266666;22398266666
4755;22398158000;22198266666;22398266666
4756;22398159000;22198266666;22398266666
4757;22398160000;22198266666;22398266666
4758;22398161000;22198266666;22398266666
4759;22398162000;22198266666;22398266666
4760;22398163000;22198266666;22398266666
4761;22398163000;22198266666;22398266666
4762;22439856000;22198266666;22398266666
4763;22439862000;22239933333;22439933333
4764;22439863000;22239933333;22439933333
4765;22439864000;22239933333;22439933333
4766;22439865000;22239933333;22439933333
4767;22439866000;22239933333;22439933333
4768;22439867000;22239933333;22439933333
4769;22439868000;22239933333;22439933333
4770;22439869000;22239933333;22439933333
4771;22439870000;22239933333;22439933333
4772;22439870000;22239933333;22439933333
4773;22481506000;22239933333;22439933333
4774;22481520000;22281611111;22481611111
4775;22481521000;22281611111;22481611111
4776;22481522000;22281611111;22481611111
4777;22481523000;22281611111;22481611111
4778;22481524000;22281611111;22481611111
4779;22481525000;22281611111;22481611111
4780;22481526000;22281611111;22481611111
4781;22481527000;22281611111;22481611111
4782;22481528000;22281611111;22481611111
4783;22481529000;22281611111;22481611111
4784;22523185000;22281611111;22481611111
4785;22523191000;22323244444;22523244444
4786;22523192000;22323244444;22523244444
4787;22523193000;22323244444;22523244444
4788;22523194000;22323244444;22523244444
4789;22523195000;22323244444;22523244444
4790;22523196000;22323244444;22523244444
4791;22523197000;22323244444;22523244444
4792;22523198000;22323244444;22523244444
4793;22523199000;22323244444;22523244444
4794;22523200000;22323244444;22523244444
4795;22564816000;22323244444;22523244444
4796;22564821000;22364900000;22564900000
4799;22604848000;22364900000;22564900000
4800;22604850000;22364900000;22564900000
4801;22604860000;22364900000;22564900000
4802;22604861000;22364900000;22564900000
4803;22604862000;22364900000;22564900000
4804;22604863000;22364900000;22564900000
4805;22604864000;22364900000;22564900000
4806;22606315000;22364900000;22564900000
4807;22606330000;22406600000;22606600000
4808;22606332000;22406600000;22606600000
4809;22606333000;22406600000;22606600000
4810;22606334000;22406600000;22606600000
4811;22606334000;22406600000;22606600000
4812;22606335000;22406600000;22606600000
4813;22606336000;22406600000;22606600000
4814;22606337000;22406600000;22606600000
4815;22606338000;22406600000;22606600000
4816;22606339000;22406600000;22606600000
4817;22648172000;22406600000;22606600000
4819;22685885000;22448266666;22648266666
4820;22685897000;22448266666;22648266666
4821;22685898000;22448266666;22648266666
4822;22685899000;22448266666;22648266666
4823;22685900000;22448266666;22648266666
4824;22685900000;22448266666;22648266666
4825;22685901000;22448266666;22648266666
4826;22685902000;22448266666;22648266666
4827;22685903000;22448266666;22648266666
4828;22689676000;22448266666;22648266666
4829;22689682000;22489922222;22689922222
4830;22689684000;22489922222;22689922222
4831;22689684000;22489922222;22689922222
4832;22689685000;22489922222;22689922222
4833;22689694000;22489922222;22689922222
4834;22689695000;22489922222;22689922222
4835;22689696000;22489922222;22689922222
4836;22689697000;22489922222;22689922222
4837;22689698000;22489922222;22689922222
4838;22689699000;22489922222;22689922222
4839;22731463000;22489922222;22689922222
4840;22731478000;22531600000;22731600000
4841;22731480000;22531600000;22731600000
4842;22731480000;22531600000;22731600000
4843;22731481000;22531600000;22731600000
4844;22731482000;22531600000;22731600000
4845;22731483000;22531600000;22731600000
4846;22731484000;22531600000;22731600000
4847;22731485000;22531600000;22731600000
4848;22731486000;22531600000;22731600000
4849;22731487000;22531600000;22731600000
4850;22773187000;22531600000;22731600000
4852;22773192000;22573300000;22773300000
4853;22773194000;22573300000;22773300000
4854;22773195000;22573300000;22773300000
4855;22773196000;22573300000;22773300000
4856;22773196000;22573300000;22773300000
4857;22773197000;22573300000;22773300000
4858;22773198000;22573300000;22773300000
4859;22773199000;22573300000;22773300000
4860;22773200000;22573300000;22773300000
4861;22814875000;22573300000;22773300000
4862;22814880000;22614900000;22814900000
4863;22814882000;22614900000;22814900000
4864;22814882000;22614900000;22814900000
4865;22814884000;22614900000;22814900000
4866;22814884000;22614900000;22814900000
4867;22814885000;22614900000;22814900000
4868;22814886000;22614900000;22814900000
4869;22814887000;22614900000;22814900000
4870;22814888000;22614900000;22814900000
4871;22814889000;22614900000;22814900000
4872;22856469000;22614900000;22814900000
4877;22856475000;22656588888;22856588888
4878;22856476000;22656588888;22856588888
4879;22856477000;22656588888;22856588888
4880;22856478000;22656588888;22856588888
4881;22856479000;22656588888;22856588888
4882;22856480000;22656588888;22856588888
4883;22898160000;22656588888;22856588888
4884;22898166000;22698255555;22898255555
4885;22898167000;22698255555;22898255555
4886;22898168000;22698255555;22898255555
4887;22898169000;22698255555;22898255555
4888;22898170000;22698255555;22898255555
4889;22898171000;22698255555;22898255555
4890;22898172000;22698255555;22898255555
4891;22898173000;22698255555;22898255555
4892;22898174000;22698255555;22898255555
4893;22898175000;22698255555;22898255555
4894;22939826000;22698255555;22898255555
4902;22939832000;22739911111;22939911111
4903;22939833000;22739911111;22939911111
4904;22939834000;22739911111;22939911111
4905;22981484000;22739911111;22939911111
4906;22981490000;22781611111;22981611111
4907;22981491000;22781611111;22981611111
4908;22981492000;22781611111;22981611111
4909;22981493000;22781611111;22981611111
4910;22981494000;22781611111;22981611111
4911;22981495000;22781611111;22981611111
4912;22981496000;22781611111;22981611111
4913;22981497000;22781611111;22981611111
4914;22981498000;22781611111;22981611111
4915;22981499000;22781611111;22981611111
4916;23023190000;22781611111;22981611111
4928;23023206000;22864933333;23064933333
4929;23023208000;22864933333;23064933333
4930;23023209000;22864933333;23064933333
4931;23023210000;22864933333;23064933333
4932;23023211000;22864933333;23064933333
4933;23023212000;22864933333;23064933333
4934;23023212000;22864933333;23064933333
4935;23023213000;22864933333;23064933333
4936;23023214000;22864933333;23064933333
4937;23023215000;22864933333;23064933333
4938;23106734000;22864933333;23064933333
4949;23148175000;22906588888;23106588888
4960;23189830000;22948255555;23148255555
4971;23231531000;22989933333;23189933333
4982;23273213000;23031611111;23231611111
4992;23273218000;23073311111;23273311111
4993;23314903000;23073311111;23273311111
5004;23356493000;23114922222;23314922222
5016;23356499000;23198311111;23398311111
5017;23356500000;23198311111;23398311111
5018;23356501000;23198311111;23398311111
5019;23356502000;23198311111;23398311111
5020;23356503000;23198311111;23398311111
5021;23356504000;23198311111;23398311111
5022;23356505000;23198311111;23398311111
5023;23356506000;23198311111;23398311111
5024;23356507000;23198311111;23398311111
5025;23356508000;23198311111;23398311111
5026;23440114000;23198311111;23398311111
5037;23481530000;23239966666;23439966666
5047;23481536000;23281655555;23481655555
5048;23523245000;23281655555;23481655555
5056;23523251000;23323300000;23523300000
5057;23523252000;23323300000;23523300000
5058;23523253000;23323300000;23523300000
5059;23564888000;23323300000;23523300000
5063;23569778000;23364955555;23564955555
5065;23569780000;23364955555;23564955555
5066;23569781000;23364955555;23564955555
5067;23569782000;23364955555;23564955555
5068;23569783000;23364955555;23564955555
5069;23569784000;23364955555;23564955555
5070;23606530000;23364955555;23564955555
5071;23606536000;23406622222;23606622222
5072;23606537000;23406622222;23606622222
5073;23606538000;23406622222;23606622222
5074;23606538000;23406622222;23606622222
5075;23606539000;23406622222;23606622222
5076;23606540000;23406622222;23606622222
5077;23606541000;23406622222;23606622222
5078;23606542000;23406622222;23606622222
5084;23689899000;23448322222;23648322222
5087;23689902000;23448322222;23648322222
5088;23689903000;23448322222;23648322222
5089;23689904000;23448322222;23648322222
5090;23689905000;23448322222;23648322222
5091;23689906000;23448322222;23648322222
5092;23690004000;23448322222;23648322222
5093;23690019000;23489911111;23689911111
5094;23690021000;23489911111;23689911111
5095;23690022000;23489911111;23689911111
5096;23690023000;23489911111;23689911111
5097;23690024000;23489911111;23689911111
5098;23690024000;23489911111;23689911111
5099;23690025000;23489911111;23689911111
5100;23690026000;23489911111;23689911111
5101;23690027000;23489911111;23689911111
5102;23690028000;23489911111;23689911111
5103;23731499000;23489911111;23689911111
5104;23731505000;23531600000;23731600000
5105;23731506000;23531600000;23731600000
5108;23773219000;23531600000;23731600000
5109;23773221000;23531600000;23731600000
5110;23773222000;23531600000;23731600000
5111;23773223000;23531600000;23731600000
5112;23773233000;23531600000;23731600000
5113;23773234000;23531600000;23731600000
5114;23773330000;23531600000;23731600000
5115;23773342000;23573255555;23773255555
5116;23773343000;23573255555;23773255555
5117;23773344000;23573255555;23773255555
5118;23773345000;23573255555;23773255555
5119;23773346000;23573255555;23773255555
5120;23773347000;23573255555;23773255555
5121;23773348000;23573255555;23773255555
5122;23773350000;23573255555;23773255555
5123;23773352000;23573255555;23773255555
5124;23773353000;23573255555;23773255555
5126;23856709000;23614855555;23814855555
5127;23856712000;23614855555;23814855555
5128;23856713000;23614855555;23814855555
5129;23856714000;23614855555;23814855555
5130;23856715000;23614855555;23814855555
5131;23856716000;23614855555;23814855555
5132;23856717000;23614855555;23814855555
5133;23856717000;23614855555;23814855555
5134;23856718000;23614855555;23814855555
5135;23856719000;23614855555;23814855555
5138;23898229000;23656588888;23856588888
5139;23898232000;23656588888;23856588888
5140;23898233000;23656588888;23856588888
5141;23898234000;23656588888;23856588888
5142;23898235000;23656588888;23856588888
5143;23898236000;23656588888;23856588888
5144;23898237000;23656588888;23856588888
5145;23898238000;23656588888;23856588888
5146;23898239000;23656588888;23856588888
5147;23898251000;23656588888;23856588888
5148;23898253000;23698255555;23898255555
5149;23898264000;23698255555;23898255555
5150;23898265000;23698255555;23898255555
5151;23898266000;23698255555;23898255555
5152;23898267000;23698255555;23898255555
5153;23898267000;23698255555;23898255555
5154;23898268000;23698255555;23898255555
5155;23898269000;23698255555;23898255555
5156;23903137000;23698255555;23898255555
5157;23934671000;23698255555;23898255555
5158;23939659000;23698255555;23898255555
5159;23939665000;23739900000;23939900000
5161;23981439000;23739900000;23939900000
5162;23981453000;23739900000;23939900000
5163;23981454000;23739900000;23939900000
5164;23981455000;23739900000;23939900000
5165;23981456000;23739900000;23939900000
5166;23981457000;23739900000;23939900000
5167;23981457000;23739900000;23939900000
5168;23981465000;23739900000;23939900000
5169;23981631000;23739900000;23939900000
5170;23981637000;23781611111;23981611111
5171;23981638000;23781611111;23981611111
5172;23984144000;23781611111;23981611111
5173;23984146000;23781611111;23981611111
5174;24015544000;23781611111;23981611111
5175;24016159000;23781611111;23981611111
5176;24016163000;23781611111;23981611111
5177;24016408000;23781611111;23981611111
5178;24016415000;23781611111;23981611111
5179;24016689000;23781611111;23981611111
5180;24055871000;23781611111;23981611111
5182;24064609000;23823233333;24023233333
5183;24064612000;23823233333;24023233333
5184;24064613000;23823233333;24023233333
5185;24064613000;23823233333;24023233333
5186;24064614000;23823233333;24023233333
5187;24064616000;23823233333;24023233333
5188;24064616000;23823233333;24023233333
5189;24065209000;23823233333;24023233333
5190;24065211000;23823233333;24023233333
5191;24096453000;23823233333;24023233333
5192;24097189000;23864922222;24064922222
5193;24097191000;23864922222;24064922222
5194;24097402000;23864922222;24064922222
5195;24097409000;23864922222;24064922222
5196;24106844000;23864922222;24064922222
5197;24136653000;23864922222;24064922222
5198;24137093000;23864922222;24064922222
5199;24137097000;23864922222;24064922222
5200;24137346000;23864922222;24064922222
5201;24137351000;23864922222;24064922222
5202;24137762000;23864922222;24064922222
5203;24137768000;23906588888;24106588888
5204;24137902000;23906588888;24106588888
5205;24138152000;23906588888;24106588888
5206;24146253000;23906588888;24106588888
5207;24146255000;23906588888;24106588888
5208;24177377000;23906588888;24106588888
5209;24178157000;23906588888;24106588888
5210;24178159000;23906588888;24106588888
5211;24178410000;23906588888;24106588888
5212;24178411000;23906588888;24106588888
5213;24187881000;23906588888;24106588888
5214;24217683000;23948244444;24148244444
5215;24218084000;23948244444;24148244444
5216;24218089000;23948244444;24148244444
5217;24218324000;23948244444;24148244444
5218;24218331000;23948244444;24148244444
5219;24218571000;23948244444;24148244444
5220;24218573000;23948244444;24148244444
5221;24218839000;23948244444;24148244444
5222;24219093000;23948244444;24148244444
5223;24227314000;23948244444;24148244444
5224;24227435000;23948244444;24148244444
5225;24227560000;23989911111;24189911111
5226;24258408000;23989911111;24189911111
5227;24259137000;23989911111;24189911111
5228;24259139000;23989911111;24189911111
5229;24259365000;23989911111;24189911111
5230;24259366000;23989911111;24189911111
5231;24268673000;23989911111;24189911111
5232;24298686000;23989911111;24189911111
5233;24299060000;23989911111;24189911111
5234;24299065000;23989911111;24189911111
5235;24299432000;23989911111;24189911111
5236;24299446000;24031577777;24231577777
5237;24299617000;24031577777;24231577777
5238;24299830000;24031577777;24231577777
5239;24299832000;24031577777;24231577777
5240;24308381000;24031577777;24231577777
5241;24308383000;24031577777;24231577777
5242;24308651000;24031577777;24231577777
5243;24308653000;24031577777;24231577777
5244;24315175000;24031577777;24231577777
5245;24340143000;24031577777;24231577777
5246;24340156000;24031577777;24231577777
5247;24340158000;24073266666;24273266666
5248;24340401000;24073266666;24273266666
5249;24345718000;24073266666;24273266666
5250;24355892000;24073266666;24273266666
5251;24380086000;24073266666;24273266666
5252;24380092000;24073266666;24273266666
5253;24380333000;24073266666;24273266666
5254;24380342000;24073266666;24273266666
5255;24380662000;24073266666;24273266666
5256;24380664000;24073266666;24273266666
5257;24380988000;24073266666;24273266666
5258;24380994000;24114888888;24314888888
5259;24389421000;24114888888;24314888888
5260;24389424000;24114888888;24314888888
5261;24389658000;24114888888;24314888888
5262;24389921000;24114888888;24314888888
5263;24389923000;24114888888;24314888888
5264;24401672000;24114888888;24314888888
5265;24420944000;24114888888;24314888888
5266;24420955000;24114888888;24314888888
5267;24421196000;24114888888;24314888888
5268;24421218000;24114888888;24314888888
5269;24432042000;24156600000;24356600000
5270;24442326000;24156600000;24356600000
5271;24461120000;24156600000;24356600000
5272;24461125000;24156600000;24356600000
5273;24461388000;24156600000;24356600000
5274;24461390000;24156600000;24356600000
5275;24461665000;24156600000;24356600000
5276;24461667000;24156600000;24356600000
5277;24461893000;24156600000;24356600000
5278;24467699000;24156600000;24356600000
5279;24470478000;24156600000;24356600000
5280;24470635000;24198255555;24398255555
5281;24470991000;24198255555;24398255555
5282;24470993000;24198255555;24398255555
5283;24471255000;24198255555;24398255555
5284;24477841000;24198255555;24398255555
5285;24488017000;24198255555;24398255555
5286;24501947000;24198255555;24398255555
5287;24501949000;24198255555;24398255555
5288;24502220000;24198255555;24398255555
5289;24502222000;24198255555;24398255555
5290;24518427000;24198255555;24398255555
5293;24542192000;24239922222;24439922222
5294;24542207000;24239922222;24439922222
5295;24542426000;24239922222;24439922222
5296;24542668000;24239922222;24439922222
5297;24542670000;24239922222;24439922222
5298;24548708000;24239922222;24439922222
5299;24548711000;24239922222;24439922222
5300;24551390000;24239922222;24439922222
5301;24552035000;24239922222;24439922222
5302;24552128000;24281600000;24481600000
5303;24552130000;24281600000;24481600000
5304;24552354000;24281600000;24481600000
5305;24552356000;24281600000;24481600000
5306;24564314000;24281600000;24481600000
5307;24574465000;24281600000;24481600000
5308;24582760000;24281600000;24481600000
5309;24582976000;24281600000;24481600000
5310;24582978000;24281600000;24481600000
5311;24583245000;24281600000;24481600000
5312;24599311000;24281600000;24481600000
5313;24623056000;24323244444;24523244444
5314;24623304000;24323244444;24523244444
5315;24623306000;24323244444;24523244444
5316;24623577000;24323244444;24523244444
5317;24623579000;24323244444;24523244444
5318;24623791000;24323244444;24523244444
5319;24623793000;24323244444;24523244444
5320;24629764000;24323244444;24523244444
5321;24629767000;24323244444;24523244444
5322;24632400000;24323244444;24523244444
5323;24632919000;24323244444;24523244444
5324;24633018000;24364900000;24564900000
5325;24633020000;24364900000;24564900000
5326;24633399000;24364900000;24564900000
5327;24633404000;24364900000;24564900000
5328;24645357000;24364900000;24564900000
5329;24655476000;24364900000;24564900000
5332;24664154000;24364900000;24564900000
5333;24664156000;24364900000;24564900000
5334;24680152000;24364900000;24564900000
5335;24704249000;24406600000;24606600000
5336;24704251000;24406600000;24606600000
5337;24704492000;24406600000;24606600000
5338;24704499000;24406600000;24606600000
5339;24704757000;24406600000;24606600000
5340;24704759000;24406600000;24606600000
5341;24705027000;24406600000;24606600000
5342;24710804000;24406600000;24606600000
5343;24710806000;24406600000;24606600000
5344;24713429000;24406600000;24606600000
5345;24713824000;24406600000;24606600000
5346;24714044000;24448277777;24648277777
5347;24714046000;24448277777;24648277777
5348;24714521000;24448277777;24648277777
5349;24714529000;24448277777;24648277777
5350;24714535000;24448277777;24648277777
5351;24726392000;24448277777;24648277777
5352;24736518000;24448277777;24648277777
5353;24745093000;24448277777;24648277777
5354;24745095000;24448277777;24648277777
5355;24745329000;24448277777;24648277777
5356;24745341000;24448277777;24648277777
5357;24745634000;24489911111;24689911111
5358;24785282000;24489911111;24689911111
5359;24785285000;24489911111;24689911111
5360;24785560000;24489911111;24689911111
5361;24785569000;24489911111;24689911111
5362;24785797000;24489911111;24689911111
5363;24786039000;24489911111;24689911111
5364;24786042000;24489911111;24689911111
5365;24791834000;24489911111;24689911111
5366;24791836000;24489911111;24689911111
5367;24794747000;24489911111;24689911111
5368;24794872000;24531600000;24731600000
5369;24795135000;24531600000;24731600000
5370;24795137000;24531600000;24731600000
5371;24795614000;24531600000;24731600000
5372;24795617000;24531600000;24731600000
5373;24795817000;24531600000;24731600000
5374;24807407000;24531600000;24731600000
5375;24817549000;24531600000;24731600000
5376;24826130000;24531600000;24731600000
5377;24826132000;24531600000;24731600000
5378;24826384000;24531600000;24731600000
5379;24826396000;24573255555;24773255555
5380;24826659000;24573255555;24773255555
5381;24866386000;24573255555;24773255555
5382;24866388000;24573255555;24773255555
5383;24866593000;24573255555;24773255555
5384;24866609000;24573255555;24773255555
5385;24866893000;24573255555;24773255555
5386;24866896000;24573255555;24773255555
5387;24867159000;24573255555;24773255555
5388;24872956000;24573255555;24773255555
5389;24873079000;24573255555;24773255555
5390;24873177000;24614900000;24814900000
5391;24875702000;24614900000;24814900000
5392;24876204000;24614900000;24814900000
5393;24876206000;24614900000;24814900000
5394;24876632000;24614900000;24814900000
5395;24876634000;24614900000;24814900000
5396;24876885000;24614900000;24814900000
5397;24876887000;24614900000;24814900000
5398;24888505000;24614900000;24814900000
5399;24898647000;24614900000;24814900000
5400;24906997000;24614900000;24814900000
5401;24907246000;24656588888;24856588888
5402;24907248000;24656588888;24856588888
5403;24907476000;24656588888;24856588888
5404;24907753000;24656588888;24856588888
5405;24947486000;24656588888;24856588888
5406;24947499000;24656588888;24856588888
5407;24947727000;24656588888;24856588888
5408;24947746000;24656588888;24856588888
5409;24947751000;24656588888;24856588888
5410;24947988000;24656588888;24856588888
5411;24953821000;24656588888;24856588888
5412;24954022000;24698255555;24898255555
5413;24954030000;24698255555;24898255555
5414;24956702000;24698255555;24898255555
5415;24956720000;24698255555;24898255555
5416;24957201000;24698255555;24898255555
5417;24957221000;24698255555;24898255555
5418;24957594000;24698255555;24898255555
5419;24957604000;24698255555;24898255555
5420;24957849000;24698255555;24898255555
5421;24957869000;24698255555;24898255555
5422;24958111000;24698255555;24898255555
5423;24958125000;24739900000;24939900000
5424;24976180000;24739900000;24939900000
5425;24986352000;24739900000;24939900000
5426;24988040000;24739900000;24939900000
5427;24988291000;24739900000;24939900000
5428;24988686000;24739900000;24939900000
5429;24988705000;24739900000;24939900000
5430;25028335000;24739900000;24939900000
5431;25028575000;24739900000;24939900000
5432;25028593000;24739900000;24939900000
5433;25028922000;24739900000;24939900000
5434;25028926000;24781600000;24981600000
5435;25029087000;24781600000;24981600000
5436;25029097000;24781600000;24981600000
5437;25035034000;24781600000;24981600000
5438;25035044000;24781600000;24981600000
5439;25037688000;24781600000;24981600000
5440;25037708000;24781600000;24981600000
5441;25038182000;24781600000;24981600000
5442;25038201000;24781600000;24981600000
5443;25038594000;24781600000;24981600000
5444;25038610000;24781600000;24981600000
5445;25038823000;24823255555;25023255555
5446;25038831000;24823255555;25023255555
5447;25039071000;24823255555;25023255555
5448;25039079000;24823255555;25023255555
5449;25047289000;24823255555;25023255555
5450;25062508000;24823255555;25023255555
5451;25068878000;24823255555;25023255555
5452;25069128000;24823255555;25023255555
5453;25069620000;24823255555;25023255555
5454;25069638000;24823255555;25023255555
5455;25077703000;24823255555;25023255555
5456;25077874000;24864911111;25064911111
5457;25109501000;24864911111;25064911111
5458;25109763000;24864911111;25064911111
5459;25109765000;24864911111;25064911111
5460;25110009000;24864911111;25064911111
5461;25110246000;24864911111;25064911111
5462;25116063000;24864911111;25064911111
5463;25116065000;24864911111;25064911111
5464;25118725000;24864911111;25064911111
5465;25118727000;24864911111;25064911111
5466;25119096000;24864911111;25064911111
5467;25119299000;24906566666;25106566666
5468;25119301000;24906566666;25106566666
5469;25119450000;24906566666;25106566666
5470;25119810000;24906566666;25106566666
5471;25119813000;24906566666;25106566666
5472;25120042000;24906566666;25106566666
5473;25120061000;24906566666;25106566666
5474;25120245000;24906566666;25106566666
5475;25120253000;24906566666;25106566666
5476;25133582000;24906566666;25106566666
5477;25148811000;24906566666;25106566666
5478;25148901000;24948233333;25148233333
5479;25150055000;24948233333;25148233333
5480;25150293000;24948233333;25148233333
5481;25150582000;24948233333;25148233333
5482;25150592000;24948233333;25148233333
5483;25158601000;24948233333;25148233333
5484;25190266000;24948233333;25148233333
5485;25190615000;24948233333;25148233333
5486;25190819000;24948233333;25148233333
5487;25190821000;24948233333;25148233333
5488;25191191000;24948233333;25148233333
5489;25191323000;24989888888;25189888888
5490;25196971000;24989888888;25189888888
5491;25196973000;24989888888;25189888888
5492;25199643000;24989888888;25189888888
5493;25199645000;24989888888;25189888888
5494;25200202000;24989888888;25189888888
5495;25200437000;24989888888;25189888888
5496;25200440000;24989888888;25189888888
5497;25200721000;24989888888;25189888888
5498;25200724000;24989888888;25189888888
5499;25231395000;24989888888;25189888888
