seqnum;now;rtptime;deadline;packet_len;payload_len
0;4867554000;4676333333;4876333333;10240;10228
1;4867678000;4676333333;4876333333;10240;10228
2;4867803000;4676333333;4876333333;10240;10228
3;4867815000;4676333333;4876333333;10240;10228
4;4948659000;4676333333;4876333333;10240;10228
6;4948706000;4676333333;4876333333;10240;10228
7;4948903000;4676333333;4876333333;10240;10228
8;4948914000;4676333333;4876333333;10240;10228
9;4949115000;4676333333;4876333333;10240;10228
10;4949126000;4676333333;4876333333;10240;10228
11;4949397000;4707933333;4907933333;10240;10228
12;5029721000;4707933333;4907933333;10240;10228
13;5029757000;4707933333;4907933333;10240;10228
14;5029898000;4707933333;4907933333;10240;10228
15;5029921000;4707933333;4907933333;10240;10228
16;5030140000;4707933333;4907933333;10240;10228
17;5030174000;4707933333;4907933333;10240;10228
18;5030393000;4707933333;4907933333;10240;10228
19;5030406000;4707933333;4907933333;10240;10228
20;5030648000;4707933333;4907933333;10240;10228
21;5030660000;4707933333;4907933333;10240;10228
22;5110510000;4749633333;4949633333;10240;10228
23;5110531000;4749633333;4949633333;10240;10228
24;5110777000;4749633333;4949633333;10240;10228
25;5110791000;4749633333;4949633333;10240;10228
26;5111033000;4749633333;4949633333;10240;10228
27;5111065000;4749633333;4949633333;10240;10228
28;5111271000;4749633333;4949633333;10240;10228
29;5111303000;4749633333;4949633333;10240;10228
30;5111524000;4749633333;4949633333;10240;10228
31;5111546000;4749633333;4949633333;10240;10228
32;5111769000;4749633333;4949633333;10240;10228
34;5111777000;4791233333;4991233333;10240;10228
35;5112026000;4791233333;4991233333;10240;10228
36;5112048000;4791233333;4991233333;10240;10228
37;5112059000;4791233333;4991233333;10240;10228
38;5112275000;4791233333;4991233333;10240;10228
39;5112287000;4791233333;4991233333;10240;10228
40;5112510000;4791233333;4991233333;10240;10228
41;5112547000;4791233333;4991233333;10240;10228
42;5191535000;4791233333;4991233333;10240;10228
43;5191558000;4791233333;4991233333;10240;10228
44;5191802000;4832888888;5032888888;10240;10228
46;5191815000;4832888888;5032888888;10240;10228
47;5192049000;4832888888;5032888888;10240;10228
48;5192070000;4832888888;5032888888;10240;10228
49;5192295000;4832888888;5032888888;10240;10228
50;5192308000;4832888888;5032888888;10240;10228
51;5192525000;4832888888;5032888888;10240;10228
52;5192536000;4832888888;5032888888;10240;10228
53;5192766000;4832888888;5032888888;10240;10228
54;5192777000;4832888888;5032888888;10240;10228
55;5192783000;4874544444;5074544444;10240;10228
56;5193015000;4874544444;5074544444;10240;10228
58;5193029000;4874544444;5074544444;10240;10228
59;5193254000;4874544444;5074544444;10240;10228
60;5193265000;4874544444;5074544444;10240;10228
61;5193499000;4874544444;5074544444;10240;10228
62;5193524000;4874544444;5074544444;10240;10228
63;5193754000;4874544444;5074544444;10240;10228
64;5193782000;4874544444;5074544444;10240;10228
65;5194033000;4874544444;5074544444;10240;10228
66;5194045000;4916188888;5116188888;10240;10228
67;5194287000;4916188888;5116188888;10240;10228
68;5194301000;4916188888;5116188888;10240;10228
69;5194308000;4916188888;5116188888;10240;10228
70;5194522000;4916188888;5116188888;10240;10228
71;5194536000;4916188888;5116188888;10240;10228
72;5194775000;4916188888;5116188888;10240;10228
73;5272429000;4916188888;5116188888;10240;10228
74;5272443000;4916188888;5116188888;10240;10228
75;5272778000;4916188888;5116188888;10240;10228
76;5272791000;4916188888;5116188888;10240;10228
77;5273044000;4957900000;5157900000;10240;10228
78;5273058000;4957900000;5157900000;10240;10228
79;5273292000;4957900000;5157900000;10240;10228
80;5273305000;4957900000;5157900000;10240;10228
81;5273526000;4957900000;5157900000;10240;10228
82;5273541000;4957900000;5157900000;10240;10228
83;5273800000;4957900000;5157900000;10240;10228
84;5273813000;4957900000;5157900000;10240;10228
85;5274046000;4957900000;5157900000;10240;10228
86;5274059000;4957900000;5157900000;10240;10228
87;5274063000;4957900000;5157900000;10240;10228
88;5274299000;4999533333;5199533333;10240;10228
89;5274333000;4999533333;5199533333;10240;10228
90;5274505000;4999533333;5199533333;10240;10228
91;5274523000;4999533333;5199533333;10240;10228
92;5274771000;4999533333;5199533333;10240;10228
93;5274791000;4999533333;5199533333;10240;10228
94;5275029000;4999533333;5199533333;10240;10228
95;5275058000;4999533333;5199533333;10240;10228
96;5275332000;4999533333;5199533333;10240;10228
98;5275344000;4999533333;5199533333;10240;10228
99;5275543000;5041188888;5241188888;10240;10228
100;5275565000;5041188888;5241188888;10240;10228
101;5275818000;5041188888;5241188888;10240;10228
102;5275839000;5041188888;5241188888;10240;10228
103;5275844000;5041188888;5241188888;10240;10228
104;5276075000;5041188888;5241188888;10240;10228
105;5353376000;5041188888;5241188888;10240;10228
106;5353386000;5041188888;5241188888;10240;10228
107;5353706000;5041188888;5241188888;10240;10228
108;5353996000;5041188888;5241188888;10240;10228
109;5354009000;5041188888;5241188888;10240;10228
110;5354020000;5082811111;5282811111;10240;10228
111;5354223000;5082811111;5282811111;10240;10228
112;5354245000;5082811111;5282811111;10240;10228
113;5354484000;5082811111;5282811111;10240;10228
114;5354498000;5082811111;5282811111;10240;10228
115;5354741000;5082811111;5282811111;10240;10228
116;5354754000;5082811111;5282811111;10240;10228
117;5354993000;5082811111;5282811111;10240;10228
118;5355005000;5082811111;5282811111;10240;10228
119;5355236000;5082811111;5282811111;10240;10228
120;5355250000;5082811111;5282811111;10240;10228
121;5355482000;5124522222;5324522222;10240;10228
122;5355496000;5124522222;5324522222;10240;10228
123;5355698000;5124522222;5324522222;10240;10228
124;5355709000;5124522222;5324522222;10240;10228
125;5355960000;5124522222;5324522222;10240;10228
126;5355990000;5124522222;5324522222;10240;10228
127;5356007000;5124522222;5324522222;10240;10228
128;5356235000;5124522222;5324522222;10240;10228
129;5356249000;5124522222;5324522222;10240;10228
130;5356457000;5124522222;5324522222;10240;10228
131;5356470000;5124522222;5324522222;10240;10228
132;5356744000;5166177777;5366177777;10240;10228
133;5356766000;5166177777;5366177777;10240;10228
134;5356985000;5166177777;5366177777;10240;10228
135;5356992000;5166177777;5366177777;10240;10228
136;5357229000;5166177777;5366177777;10240;10228
137;5357237000;5166177777;5366177777;10240;10228
138;5357449000;5166177777;5366177777;10240;10228
139;5357454000;5166177777;5366177777;10240;10228
140;5357742000;5166177777;5366177777;10240;10228
141;5357747000;5166177777;5366177777;10240;10228
142;5357751000;5166177777;5366177777;10240;10228
143;5357987000;5207833333;5407833333;10240;10228
144;5357993000;5207833333;5407833333;10240;10228
145;5358229000;5207833333;5407833333;10240;10228
146;5358234000;5207833333;5407833333;10240;10228
147;5434232000;5207833333;5407833333;10240;10228
148;5434254000;5207833333;5407833333;10240;10228
149;5434722000;5207833333;5407833333;10240;10228
150;5434983000;5207833333;5407833333;10240;10228
151;5434996000;5207833333;5407833333;10240;10228
152;5435229000;5207833333;5407833333;10240;10228
153;5435261000;5207833333;5407833333;10240;10228
154;5435503000;5249522222;5449522222;10240;10228
155;5435522000;5249522222;5449522222;10240;10228
156;5435734000;5249522222;5449522222;10240;10228
157;5435744000;5249522222;5449522222;10240;10228
158;5435985000;5249522222;5449522222;10240;10228
159;5436005000;5249522222;5449522222;10240;10228
160;5436231000;5249522222;5449522222;10240;10228
161;5436249000;5249522222;5449522222;10240;10228
162;5436436000;5249522222;5449522222;10240;10228
163;5436444000;5249522222;5449522222;10240;10228
164;5436450000;5249522222;5449522222;10240;10228
165;5436693000;5291200000;5491200000;10240;10228
166;5436708000;5291200000;5491200000;10240;10228
167;5436942000;5291200000;5491200000;10240;10228
168;5437235000;5291200000;5491200000;10240;10228
169;5437244000;5291200000;5491200000;10240;10228
170;5437248000;5291200000;5491200000;10240;10228
171;5437452000;5291200000;5491200000;10240;10228
172;5437463000;5291200000;5491200000;10240;10228
173;5437734000;5291200000;5491200000;10240;10228
174;5437761000;5291200000;5491200000;10240;10228
175;5437988000;5291200000;5491200000;10240;10228
176;5438008000;5332844444;5532844444;10240;10228
177;5438235000;5332844444;5532844444;10240;10228
178;5438244000;5332844444;5532844444;10240;10228
179;5438456000;5332844444;5532844444;10240;10228
180;5438465000;5332844444;5532844444;10240;10228
181;5438747000;5332844444;5532844444;10240;10228
182;5438756000;5332844444;5532844444;10240;10228
183;5438984000;5332844444;5532844444;10240;10228
184;5438993000;5332844444;5532844444;10240;10228
185;5439227000;5332844444;5532844444;10240;10228
186;5439233000;5332844444;5532844444;10240;10228
187;5456653000;5374533333;5574533333;10240;10228
188;5456674000;5374533333;5574533333;10240;10228
189;5456904000;5374533333;5574533333;10240;10228
190;5456925000;5374533333;5574533333;10240;10228
191;5457137000;5374533333;5574533333;10240;10228
192;5457158000;5374533333;5574533333;10240;10228
193;5515152000;5374533333;5574533333;10240;10228
194;5515174000;5374533333;5574533333;10240;10228
195;5515426000;5374533333;5574533333;10240;10228
196;5515437000;5374533333;5574533333;10240;10228
197;5515688000;5374533333;5574533333;10240;10228
198;5515941000;5416300000;5616300000;10240;10228
199;5515952000;5416300000;5616300000;10240;10228
200;5515967000;5416300000;5616300000;10240;10228
201;5516196000;5416300000;5616300000;10240;10228
202;5516205000;5416300000;5616300000;10240;10228
203;5516436000;5416300000;5616300000;10240;10228
204;5516446000;5416300000;5616300000;10240;10228
205;5516698000;5416300000;5616300000;10240;10228
206;5516717000;5416300000;5616300000;10240;10228
207;5516900000;5416300000;5616300000;10240;10228
208;5516912000;5416300000;5616300000;10240;10228
209;5539980000;5457833333;5657833333;10240;10228
210;5539988000;5457833333;5657833333;10240;10228
211;5540197000;5457833333;5657833333;10240;10228
212;5540202000;5457833333;5657833333;10240;10228
213;5540484000;5457833333;5657833333;10240;10228
214;5540495000;5457833333;5657833333;10240;10228
215;5540742000;5457833333;5657833333;10240;10228
216;5540763000;5457833333;5657833333;10240;10228
217;5540965000;5457833333;5657833333;10240;10228
218;5540986000;5457833333;5657833333;10240;10228
219;5541243000;5457833333;5657833333;10240;10228
220;5581537000;5499600000;5699600000;10240;10228
221;5581785000;5499600000;5699600000;10240;10228
222;5581805000;5499600000;5699600000;10240;10228
223;5582034000;5499600000;5699600000;10240;10228
224;5582054000;5499600000;5699600000;10240;10228
225;5582286000;5499600000;5699600000;10240;10228
226;5582295000;5499600000;5699600000;10240;10228
227;5582489000;5499600000;5699600000;10240;10228
228;5582494000;5499600000;5699600000;10240;10228
229;5582790000;5499600000;5699600000;10240;10228
230;5582809000;5499600000;5699600000;10240;10228
231;5623335000;5541266666;5741266666;10240;10228
232;5623354000;5541266666;5741266666;10240;10228
233;5623613000;5541266666;5741266666;10240;10228
235;5623632000;5541266666;5741266666;10240;10228
236;5623821000;5541266666;5741266666;10240;10228
237;5623832000;5541266666;5741266666;10240;10228
238;5624071000;5541266666;5741266666;10240;10228
239;5624092000;5541266666;5741266666;10240;10228
240;5624325000;5541266666;5741266666;10240;10228
241;5624346000;5541266666;5741266666;10240;10228
242;5664995000;5582888888;5782888888;10240;10228
243;5665007000;5582888888;5782888888;10240;10228
244;5665224000;5582888888;5782888888;10240;10228
245;5665235000;5582888888;5782888888;10240;10228
246;5665472000;5582888888;5782888888;10240;10228
247;5665483000;5582888888;5782888888;10240;10228
248;5665725000;5582888888;5782888888;10240;10228
249;5665735000;5582888888;5782888888;10240;10228
250;5665973000;5582888888;5782888888;10240;10228
251;5665986000;5582888888;5782888888;10240;10228
252;5666222000;5582888888;5782888888;10240;10228
234;5704654000;5541266666;5741266666;10240;10228
254;5706775000;5624588888;5824588888;10240;10228
255;5706785000;5624588888;5824588888;10240;10228
256;5706800000;5624588888;5824588888;10240;10228
258;5707023000;5624588888;5824588888;10240;10228
259;5707052000;5624588888;5824588888;10240;10228
260;5707223000;5624588888;5824588888;10240;10228
261;5707231000;5624588888;5824588888;10240;10228
262;5707526000;5624588888;5824588888;10240;10228
263;5707537000;5624588888;5824588888;10240;10228
264;5748304000;5666255555;5866255555;10240;10228
265;5748324000;5666255555;5866255555;10240;10228
266;5748565000;5666255555;5866255555;10240;10228
267;5748587000;5666255555;5866255555;10240;10228
268;5748815000;5666255555;5866255555;10240;10228
269;5748825000;5666255555;5866255555;10240;10228
270;5749048000;5666255555;5866255555;10240;10228
271;5749067000;5666255555;5866255555;10240;10228
272;5749299000;5666255555;5866255555;10240;10228
273;5749308000;5666255555;5866255555;10240;10228
274;5749524000;5666255555;5866255555;10240;10228
253;5787746000;5624588888;5824588888;10240;10228
257;5788039000;5624588888;5824588888;10240;10228
275;5789967000;5707888888;5907888888;10240;10228
276;5826634000;5707888888;5907888888;10240;10228
277;5829319000;5707888888;5907888888;10240;10228
278;5829331000;5707888888;5907888888;10240;10228
279;5829604000;5707888888;5907888888;10240;10228
280;5829622000;5707888888;5907888888;10240;10228
281;5829822000;5707888888;5907888888;10240;10228
282;5829831000;5707888888;5907888888;10240;10228
283;5830063000;5707888888;5907888888;10240;10228
284;5830068000;5707888888;5907888888;10240;10228
285;5830302000;5707888888;5907888888;10240;10228
286;5831638000;5749533333;5949533333;10240;10228
287;5831657000;5749533333;5949533333;10240;10228
288;5831894000;5749533333;5949533333;10240;10228
289;5875933000;5749533333;5949533333;10240;10228
290;5875953000;5749533333;5949533333;10240;10228
291;5910393000;5749533333;5949533333;10240;10228
292;5910414000;5749533333;5949533333;10240;10228
293;5910634000;5749533333;5949533333;10240;10228
294;5910656000;5749533333;5949533333;10240;10228
295;5910892000;5749533333;5949533333;10240;10228
296;5910914000;5749533333;5949533333;10240;10228
297;5911136000;5791211111;5991211111;10240;10228
298;5911156000;5791211111;5991211111;10240;10228
299;5911388000;5791211111;5991211111;10240;10228
300;5911399000;5791211111;5991211111;10240;10228
301;5912658000;5791211111;5991211111;10240;10228
302;5912676000;5791211111;5991211111;10240;10228
303;5921994000;5791211111;5991211111;10240;10228
304;5956769000;5791211111;5991211111;10240;10228
305;5956789000;5791211111;5991211111;10240;10228
306;5957025000;5791211111;5991211111;10240;10228
307;5991349000;5791211111;5991211111;10240;10228
308;5991616000;5832844444;6032844444;10240;10228
309;5991636000;5832844444;6032844444;10240;10228
310;5991831000;5832844444;6032844444;10240;10228
311;5991850000;5832844444;6032844444;10240;10228
312;5992089000;5832844444;6032844444;10240;10228
313;5992108000;5832844444;6032844444;10240;10228
314;5992342000;5832844444;6032844444;10240;10228
315;5992351000;5832844444;6032844444;10240;10228
316;5992606000;5832844444;6032844444;10240;10228
317;5993658000;5832844444;6032844444;10240;10228
318;5993678000;5832844444;6032844444;10240;10228
319;6008307000;5874522222;6074522222;10240;10228
320;6037632000;5874522222;6074522222;10240;10228
321;6037650000;5874522222;6074522222;10240;10228
322;6044046000;5874522222;6074522222;10240;10228
323;6044064000;5874522222;6074522222;10240;10228
324;6072382000;5874522222;6074522222;10240;10228
325;6072624000;5874522222;6074522222;10240;10228
326;6072643000;5874522222;6074522222;10240;10228
327;6072874000;5874522222;6074522222;10240;10228
328;6072892000;5874522222;6074522222;10240;10228
329;6073124000;5874522222;6074522222;10240;10228
330;6073143000;5916200000;6116200000;10240;10228
331;6073367000;5916200000;6116200000;10240;10228
332;6073376000;5916200000;6116200000;10240;10228
333;6074687000;5916200000;6116200000;10240;10228
334;6074705000;5916200000;6116200000;10240;10228
335;6074926000;5916200000;6116200000;10240;10228
336;6094858000;5916200000;6116200000;10240;10228
337;6118568000;5916200000;6116200000;10240;10228
338;6118590000;5916200000;6116200000;10240;10228
340;6125001000;5916200000;6116200000;10240;10228
341;6125246000;5957844444;6157844444;10240;10228
342;6125272000;5957844444;6157844444;10240;10228
343;6153665000;5957844444;6157844444;10240;10228
344;6153674000;5957844444;6157844444;10240;10228
345;6153913000;5957844444;6157844444;10240;10228
346;6153922000;5957844444;6157844444;10240;10228
347;6154155000;5957844444;6157844444;10240;10228
348;6154173000;5957844444;6157844444;10240;10228
349;6154401000;5957844444;6157844444;10240;10228
350;6155716000;5957844444;6157844444;10240;10228
351;6155726000;5957844444;6157844444;10240;10228
352;6155975000;5999522222;6199522222;10240;10228
353;6155995000;5999522222;6199522222;10240;10228
354;6156244000;5999522222;6199522222;10240;10228
355;6181221000;5999522222;6199522222;10240;10228
356;6199362000;5999522222;6199522222;10240;10228
357;6199592000;5999522222;6199522222;10240;10228
358;6206058000;5999522222;6199522222;10240;10228
359;6206076000;5999522222;6199522222;10240;10228
360;6206304000;5999522222;6199522222;10240;10228
361;6234701000;5999522222;6199522222;10240;10228
362;6234724000;5999522222;6199522222;10240;10228
363;6234956000;6041200000;6241200000;10240;10228
364;6234976000;6041200000;6241200000;10240;10228
365;6235179000;6041200000;6241200000;10240;10228
366;6235190000;6041200000;6241200000;10240;10228
368;6235477000;6041200000;6241200000;10240;10228
369;6236756000;6041200000;6241200000;10240;10228
370;6237010000;6041200000;6241200000;10240;10228
371;6237019000;6041200000;6241200000;10240;10228
372;6237254000;6041200000;6241200000;10240;10228
373;6262163000;6041200000;6241200000;10240;10228
374;6262406000;6082800000;6282800000;10240;10228
375;6280270000;6082800000;6282800000;10240;10228
376;6280605000;6082800000;6282800000;10240;10228
377;6287113000;6082800000;6282800000;10240;10228
378;6287136000;6082800000;6282800000;10240;10228
379;6287355000;6082800000;6282800000;10240;10228
380;6287376000;6082800000;6282800000;10240;10228
381;6315788000;6082800000;6282800000;10240;10228
382;6315825000;6082800000;6282800000;10240;10228
383;6316012000;6082800000;6282800000;10240;10228
384;6316032000;6082800000;6282800000;10240;10228
386;6316261000;6124566666;6324566666;10240;10228
387;6316504000;6124566666;6324566666;10240;10228
388;6316525000;6124566666;6324566666;10240;10228
389;6317801000;6124566666;6324566666;10240;10228
390;6317812000;6124566666;6324566666;10240;10228
391;6318051000;6124566666;6324566666;10240;10228
392;6318061000;6124566666;6324566666;10240;10228
393;6343243000;6124566666;6324566666;10240;10228
394;6361238000;6124566666;6324566666;10240;10228
395;6361482000;6124566666;6324566666;10240;10228
396;6361734000;6166200000;6366200000;10240;10228
397;6368161000;6166200000;6366200000;10240;10228
398;6368183000;6166200000;6366200000;10240;10228
399;6368397000;6166200000;6366200000;10240;10228
400;6368410000;6166200000;6366200000;10240;10228
401;6396855000;6166200000;6366200000;10240;10228
402;6396892000;6166200000;6366200000;10240;10228
403;6397079000;6166200000;6366200000;10240;10228
404;6397316000;6166200000;6366200000;10240;10228
405;6397339000;6166200000;6366200000;10240;10228
406;6397353000;6166200000;6366200000;10240;10228
407;6397618000;6207833333;6407833333;10240;10228
408;6397638000;6207833333;6407833333;10240;10228
409;6398801000;6207833333;6407833333;10240;10228
412;6399055000;6207833333;6407833333;10240;10228
413;6424238000;6207833333;6407833333;10240;10228
414;6442181000;6207833333;6407833333;10240;10228
415;6442485000;6207833333;6407833333;10240;10228
416;6449226000;6207833333;6407833333;10240;10228
418;6449248000;6249533333;6449533333;10240;10228
419;6449431000;6249533333;6449533333;10240;10228
420;6449441000;6249533333;6449533333;10240;10228
421;6477907000;6249533333;6449533333;10240;10228
422;6477936000;6249533333;6449533333;10240;10228
423;6478132000;6249533333;6449533333;10240;10228
424;6478380000;6249533333;6449533333;10240;10228
425;6478390000;6249533333;6449533333;10240;10228
426;6478633000;6249533333;6449533333;10240;10228
427;6479859000;6249533333;6449533333;10240;10228
428;6479885000;6249533333;6449533333;10240;10228
429;6480095000;6291188888;6491188888;10240;10228
430;6480119000;6291188888;6491188888;10240;10228
431;6480345000;6291188888;6491188888;10240;10228
432;6480355000;6291188888;6491188888;10240;10228
434;6523247000;6291188888;6491188888;10240;10228
435;6523455000;6291188888;6491188888;10240;10228
436;6530260000;6291188888;6491188888;10240;10228
437;6530269000;6291188888;6491188888;10240;10228
438;6530509000;6291188888;6491188888;10240;10228
439;6530539000;6291188888;6491188888;10240;10228
440;6530764000;6332866666;6532866666;10240;10228
441;6558954000;6332866666;6532866666;10240;10228
442;6558968000;6332866666;6532866666;10240;10228
443;6559201000;6332866666;6532866666;10240;10228
444;6559452000;6332866666;6532866666;10240;10228
445;6559463000;6332866666;6532866666;10240;10228
446;6559702000;6332866666;6532866666;10240;10228
447;6560896000;6332866666;6532866666;10240;10228
448;6560908000;6332866666;6532866666;10240;10228
449;6561136000;6332866666;6532866666;10240;10228
450;6561156000;6332866666;6532866666;10240;10228
451;6561377000;6374511111;6574511111;10240;10228
452;6604318000;6374511111;6574511111;10240;10228
453;6604340000;6374511111;6574511111;10240;10228
454;6604610000;6374511111;6574511111;10240;10228
455;6604632000;6374511111;6574511111;10240;10228
456;6611294000;6374511111;6574511111;10240;10228
457;6611319000;6374511111;6574511111;10240;10228
458;6611575000;6374511111;6574511111;10240;10228
459;6611808000;6374511111;6574511111;10240;10228
460;6639990000;6374511111;6574511111;10240;10228
461;6640011000;6374511111;6574511111;10240;10228
462;6640243000;6416166666;6616166666;10240;10228
463;6640263000;6416166666;6616166666;10240;10228
464;6640492000;6416166666;6616166666;10240;10228
465;6640504000;6416166666;6616166666;10240;10228
466;6640747000;6416166666;6616166666;10240;10228
467;6641947000;6416166666;6616166666;10240;10228
468;6641960000;6416166666;6616166666;10240;10228
469;6642216000;6416166666;6616166666;10240;10228
470;6642442000;6416166666;6616166666;10240;10228
471;6685333000;6416166666;6616166666;10240;10228
472;6685355000;6416166666;6616166666;10240;10228
473;6685609000;6457833333;6657833333;10240;10228
474;6685630000;6457833333;6657833333;10240;10228
475;6685843000;6457833333;6657833333;10240;10228
476;6685863000;6457833333;6657833333;10240;10228
477;6692321000;6457833333;6657833333;10240;10228
478;6692342000;6457833333;6657833333;10240;10228
479;6692618000;6457833333;6657833333;10240;10228
481;6721024000;6457833333;6657833333;10240;10228
482;6721054000;6457833333;6657833333;10240;10228
483;6721261000;6457833333;6657833333;10240;10228
484;6721283000;6499533333;6699533333;10240;10228
485;6721536000;6499533333;6699533333;10240;10228
486;6721549000;6499533333;6699533333;10240;10228
487;6721774000;6499533333;6699533333;10240;10228
488;6722956000;6499533333;6699533333;10240;10228
489;6722969000;6499533333;6699533333;10240;10228
490;6723208000;6499533333;6699533333;10240;10228
491;6730092000;6499533333;6699533333;10240;10228
492;6766245000;6499533333;6699533333;10240;10228
493;6766621000;6499533333;6699533333;10240;10228
494;6766640000;6499533333;6699533333;10240;10228
495;6766836000;6541211111;6741211111;10240;10228
496;6766847000;6541211111;6741211111;10240;10228
497;6767106000;6541211111;6741211111;10240;10228
498;6767117000;6541211111;6741211111;10240;10228
499;6773356000;6541211111;6741211111;10240;10228
500;6773368000;6541211111;6741211111;10240;10228
501;6781149000;6541211111;6741211111;10240;10228
502;6802067000;6541211111;6741211111;10240;10228
503;6802087000;6541211111;6741211111;10240;10228
504;6802301000;6541211111;6741211111;10240;10228
505;6802322000;6541211111;6741211111;10240;10228
506;6802577000;6582822222;6782822222;10240;10228
507;6802607000;6582822222;6782822222;10240;10228
508;6802814000;6582822222;6782822222;10240;10228
509;6802825000;6582822222;6782822222;10240;10228
510;6803999000;6582822222;6782822222;10240;10228
511;6804011000;6582822222;6782822222;10240;10228
512;6804246000;6582822222;6782822222;10240;10228
513;6810877000;6582822222;6782822222;10240;10228
514;6847153000;6582822222;6782822222;10240;10228
515;6847631000;6582822222;6782822222;10240;10228
516;6847670000;6582822222;6782822222;10240;10228
517;6847841000;6624555555;6824555555;10240;10228
518;6847861000;6624555555;6824555555;10240;10228
519;6848124000;6624555555;6824555555;10240;10228
520;6848144000;6624555555;6824555555;10240;10228
521;6854390000;6624555555;6824555555;10240;10228
522;6862191000;6624555555;6824555555;10240;10228
523;6862204000;6624555555;6824555555;10240;10228
524;6883123000;6624555555;6824555555;10240;10228
525;6883157000;6624555555;6824555555;10240;10228
526;6883336000;6624555555;6824555555;10240;10228
527;6883367000;6624555555;6824555555;10240;10228
528;6883666000;6666188888;6866188888;10240;10228
529;6883686000;6666188888;6866188888;10240;10228
530;6883917000;6666188888;6866188888;10240;10228
531;6883937000;6666188888;6866188888;10240;10228
532;6885033000;6666188888;6866188888;10240;10228
533;6885053000;6666188888;6866188888;10240;10228
534;6885294000;6666188888;6866188888;10240;10228
535;6928078000;6666188888;6866188888;10240;10228
536;6928101000;6666188888;6866188888;10240;10228
537;6928620000;6666188888;6866188888;10240;10228
538;6928652000;6666188888;6866188888;10240;10228
540;6928915000;6707833333;6907833333;10240;10228
541;6928940000;6707833333;6907833333;10240;10228
542;6929145000;6707833333;6907833333;10240;10228
543;6929163000;6707833333;6907833333;10240;10228
544;6935431000;6707833333;6907833333;10240;10228
545;6943214000;6707833333;6907833333;10240;10228
546;6943235000;6707833333;6907833333;10240;10228
547;6964152000;6707833333;6907833333;10240;10228
548;6964167000;6707833333;6907833333;10240;10228
549;6964389000;6707833333;6907833333;10240;10228
550;6964402000;6749544444;6949544444;10240;10228
551;6964689000;6749544444;6949544444;10240;10228
552;6964701000;6749544444;6949544444;10240;10228
553;6964947000;6749544444;6949544444;10240;10228
554;6964957000;6749544444;6949544444;10240;10228
555;6966073000;6749544444;6949544444;10240;10228
556;6966083000;6749544444;6949544444;10240;10228
557;6974324000;6749544444;6949544444;10240;10228
558;7009100000;6749544444;6949544444;10240;10228
559;7009113000;6749544444;6949544444;10240;10228
560;7009619000;6749544444;6949544444;10240;10228
561;7009642000;6791177777;6991177777;10240;10228
562;7010169000;6791177777;6991177777;10240;10228
563;7010190000;6791177777;6991177777;10240;10228
564;7010411000;6791177777;6991177777;10240;10228
565;7010423000;6791177777;6991177777;10240;10228
566;7010678000;6791177777;6991177777;10240;10228
567;7016461000;6791177777;6991177777;10240;10228
568;7024261000;6791177777;6991177777;10240;10228
569;7024282000;6791177777;6991177777;10240;10228
570;7045194000;6791177777;6991177777;10240;10228
571;7045217000;6791177777;6991177777;10240;10228
572;7045418000;6832833333;7032833333;10240;10228
573;7045430000;6832833333;7032833333;10240;10228
574;7045726000;6832833333;7032833333;10240;10228
575;7045737000;6832833333;7032833333;10240;10228
576;7045970000;6832833333;7032833333;10240;10228
577;7045983000;6832833333;7032833333;10240;10228
578;7047096000;6832833333;7032833333;10240;10228
579;7047109000;6832833333;7032833333;10240;10228
580;7055247000;6832833333;7032833333;10240;10228
581;7090145000;6832833333;7032833333;10240;10228
582;7090173000;6832833333;7032833333;10240;10228
583;7090652000;6874533333;7074533333;10240;10228
584;7090675000;6874533333;7074533333;10240;10228
585;7091169000;6874533333;7074533333;10240;10228
586;7091411000;6874533333;7074533333;10240;10228
587;7091425000;6874533333;7074533333;10240;10228
589;7091665000;6874533333;7074533333;10240;10228
590;7097480000;6874533333;7074533333;10240;10228
591;7097491000;6874533333;7074533333;10240;10228
592;7105285000;6874533333;7074533333;10240;10228
593;7105304000;6874533333;7074533333;10240;10228
594;7126235000;6916211111;7116211111;10240;10228
595;7126251000;6916211111;7116211111;10240;10228
596;7126503000;6916211111;7116211111;10240;10228
597;7126523000;6916211111;7116211111;10240;10228
598;7126747000;6916211111;7116211111;10240;10228
599;7126761000;6916211111;7116211111;10240;10228
600;7126995000;6916211111;7116211111;10240;10228
601;7127008000;6916211111;7116211111;10240;10228
602;7128088000;6916211111;7116211111;10240;10228
603;7128101000;6916211111;7116211111;10240;10228
604;7136193000;6916211111;7116211111;10240;10228
605;7171117000;6957855555;7157855555;10240;10228
606;7171131000;6957855555;7157855555;10240;10228
607;7171663000;6957855555;7157855555;10240;10228
608;7171677000;6957855555;7157855555;10240;10228
609;7172172000;6957855555;7157855555;10240;10228
610;7172185000;6957855555;7157855555;10240;10228
611;7172421000;6957855555;7157855555;10240;10228
612;7172433000;6957855555;7157855555;10240;10228
613;7172683000;6957855555;7157855555;10240;10228
614;7172706000;6957855555;7157855555;10240;10228
615;7178424000;6957855555;7157855555;10240;10228
616;7178675000;6999544444;7199544444;10240;10228
617;7186319000;6999544444;7199544444;10240;10228
618;7186339000;6999544444;7199544444;10240;10228
619;7207278000;6999544444;7199544444;10240;10228
620;7207298000;6999544444;7199544444;10240;10228
621;7207543000;6999544444;7199544444;10240;10228
622;7207564000;6999544444;7199544444;10240;10228
623;7207783000;6999544444;7199544444;10240;10228
624;7207793000;6999544444;7199544444;10240;10228
625;7208027000;6999544444;7199544444;10240;10228
626;7208037000;6999544444;7199544444;10240;10228
627;7209139000;7041200000;7241200000;10240;10228
628;7209160000;7041200000;7241200000;10240;10228
629;7217200000;7041200000;7241200000;10240;10228
630;7251913000;7041200000;7241200000;10240;10228
631;7251925000;7041200000;7241200000;10240;10228
632;7252668000;7041200000;7241200000;10240;10228
633;7252678000;7041200000;7241200000;10240;10228
634;7253213000;7041200000;7241200000;10240;10228
635;7253224000;7041200000;7241200000;10240;10228
637;7253456000;7041200000;7241200000;10240;10228
638;7253712000;7082822222;7282822222;10240;10228
639;7253733000;7082822222;7282822222;10240;10228
640;7259460000;7082822222;7282822222;10240;10228
641;7259471000;7082822222;7282822222;10240;10228
642;7267364000;7082822222;7282822222;10240;10228
643;7267374000;7082822222;7282822222;10240;10228
644;7288308000;7082822222;7282822222;10240;10228
645;7288320000;7082822222;7282822222;10240;10228
646;7288591000;7082822222;7282822222;10240;10228
647;7288611000;7082822222;7282822222;10240;10228
648;7288814000;7082822222;7282822222;10240;10228
649;7288825000;7124522222;7324522222;10240;10228
650;7289067000;7124522222;7324522222;10240;10228
651;7289076000;7124522222;7324522222;10240;10228
652;7290168000;7124522222;7324522222;10240;10228
653;7290177000;7124522222;7324522222;10240;10228
654;7298097000;7124522222;7324522222;10240;10228
655;7332731000;7124522222;7324522222;10240;10228
656;7332744000;7124522222;7324522222;10240;10228
657;7333671000;7124522222;7324522222;10240;10228
658;7333684000;7124522222;7324522222;10240;10228
659;7334182000;7124522222;7324522222;10240;10228
660;7334194000;7166188888;7366188888;10240;10228
661;7334432000;7166188888;7366188888;10240;10228
662;7334441000;7166188888;7366188888;10240;10228
663;7334703000;7166188888;7366188888;10240;10228
664;7334721000;7166188888;7366188888;10240;10228
665;7340503000;7166188888;7366188888;10240;10228
666;7340519000;7166188888;7366188888;10240;10228
667;7348403000;7166188888;7366188888;10240;10228
668;7348413000;7166188888;7366188888;10240;10228
669;7369349000;7166188888;7366188888;10240;10228
670;7369360000;7166188888;7366188888;10240;10228
671;7369622000;7207833333;7407833333;10240;10228
672;7369633000;7207833333;7407833333;10240;10228
673;7369855000;7207833333;7407833333;10240;10228
674;7369866000;7207833333;7407833333;10240;10228
675;7370104000;7207833333;7407833333;10240;10228
676;7371228000;7207833333;7407833333;10240;10228
677;7371246000;7207833333;7407833333;10240;10228
678;7371450000;7207833333;7407833333;10240;10228
679;7379104000;7207833333;7407833333;10240;10228
680;7413793000;7207833333;7407833333;10240;10228
681;7413806000;7207833333;7407833333;10240;10228
682;7414695000;7249555555;7449555555;10240;10228
683;7414715000;7249555555;7449555555;10240;10228
684;7415174000;7249555555;7449555555;10240;10228
685;7415432000;7249555555;7449555555;10240;10228
686;7415451000;7249555555;7449555555;10240;10228
687;7415688000;7249555555;7449555555;10240;10228
688;7415706000;7249555555;7449555555;10240;10228
689;7415933000;7249555555;7449555555;10240;10228
690;7415952000;7249555555;7449555555;10240;10228
691;7421540000;7249555555;7449555555;10240;10228
692;7421549000;7249555555;7449555555;10240;10228
693;7429450000;7291200000;7491200000;10240;10228
694;7429461000;7291200000;7491200000;10240;10228
696;7450379000;7291200000;7491200000;10240;10228
697;7450624000;7291200000;7491200000;10240;10228
698;7450642000;7291200000;7491200000;10240;10228
699;7450886000;7291200000;7491200000;10240;10228
700;7450895000;7291200000;7491200000;10240;10228
701;7451139000;7291200000;7491200000;10240;10228
702;7452225000;7291200000;7491200000;10240;10228
703;7452246000;7291200000;7491200000;10240;10228
704;7460135000;7332855555;7532855555;10240;10228
705;7460156000;7332855555;7532855555;10240;10228
706;7494816000;7332855555;7532855555;10240;10228
707;7494827000;7332855555;7532855555;10240;10228
708;7495685000;7332855555;7532855555;10240;10228
709;7495707000;7332855555;7532855555;10240;10228
710;7496202000;7332855555;7532855555;10240;10228
711;7496211000;7332855555;7532855555;10240;10228
712;7496442000;7332855555;7532855555;10240;10228
713;7496699000;7332855555;7532855555;10240;10228
714;7496720000;7332855555;7532855555;10240;10228
715;7496942000;7374533333;7574533333;10240;10228
716;7496962000;7374533333;7574533333;10240;10228
717;7502562000;7374533333;7574533333;10240;10228
718;7502573000;7374533333;7574533333;10240;10228
719;7502807000;7374533333;7574533333;10240;10228
720;7510492000;7374533333;7574533333;10240;10228
721;7510503000;7374533333;7574533333;10240;10228
722;7531427000;7374533333;7574533333;10240;10228
723;7531438000;7374533333;7574533333;10240;10228
724;7531680000;7374533333;7574533333;10240;10228
725;7531700000;7374533333;7574533333;10240;10228
726;7531918000;7416200000;7616200000;10240;10228
727;7531938000;7416200000;7616200000;10240;10228
728;7532178000;7416200000;7616200000;10240;10228
729;7533268000;7416200000;7616200000;10240;10228
730;7533277000;7416200000;7616200000;10240;10228
731;7541070000;7416200000;7616200000;10240;10228
732;7575840000;7416200000;7616200000;10240;10228
733;7575859000;7416200000;7616200000;10240;10228
734;7576094000;7416200000;7616200000;10240;10228
735;7576675000;7416200000;7616200000;10240;10228
736;7576685000;7416200000;7616200000;10240;10228
737;7577215000;7457844444;7657844444;10240;10228
738;7577236000;7457844444;7657844444;10240;10228
739;7577487000;7457844444;7657844444;10240;10228
740;7577712000;7457844444;7657844444;10240;10228
741;7577720000;7457844444;7657844444;10240;10228
742;7577975000;7457844444;7657844444;10240;10228
743;7577994000;7457844444;7657844444;10240;10228
744;7583570000;7457844444;7657844444;10240;10228
745;7583580000;7457844444;7657844444;10240;10228
746;7583815000;7457844444;7657844444;10240;10228
747;7591453000;7457844444;7657844444;10240;10228
748;7591702000;7499533333;7699533333;10240;10228
749;7612469000;7499533333;7699533333;10240;10228
750;7612479000;7499533333;7699533333;10240;10228
751;7612718000;7499533333;7699533333;10240;10228
752;7612736000;7499533333;7699533333;10240;10228
753;7612972000;7499533333;7699533333;10240;10228
754;7612994000;7499533333;7699533333;10240;10228
755;7613221000;7499533333;7699533333;10240;10228
756;7614299000;7499533333;7699533333;10240;10228
757;7614319000;7499533333;7699533333;10240;10228
758;7622016000;7499533333;7699533333;10240;10228
759;7656764000;7541211111;7741211111;10240;10228
760;7656784000;7541211111;7741211111;10240;10228
761;7658237000;7541211111;7741211111;10240;10228
762;7658258000;7541211111;7741211111;10240;10228
763;7658480000;7541211111;7741211111;10240;10228
764;7658491000;7541211111;7741211111;10240;10228
765;7658736000;7541211111;7741211111;10240;10228
766;7658756000;7541211111;7741211111;10240;10228
767;7658982000;7541211111;7741211111;10240;10228
768;7659002000;7541211111;7741211111;10240;10228
769;7659238000;7541211111;7741211111;10240;10228
770;7664996000;7582855555;7782855555;10240;10228
771;7665035000;7582855555;7782855555;10240;10228
772;7665236000;7582855555;7782855555;10240;10228
773;7665256000;7582855555;7782855555;10240;10228
774;7665489000;7582855555;7782855555;10240;10228
775;7672469000;7582855555;7782855555;10240;10228
776;7693491000;7582855555;7782855555;10240;10228
777;7693503000;7582855555;7782855555;10240;10228
778;7693740000;7582855555;7782855555;10240;10228
779;7693760000;7582855555;7782855555;10240;10228
780;7693990000;7582855555;7782855555;10240;10228
781;7706675000;7624588888;7824588888;10240;10228
782;7706694000;7624588888;7824588888;10240;10228
783;7706928000;7624588888;7824588888;10240;10228
784;7706949000;7624588888;7824588888;10240;10228
785;7707168000;7624588888;7824588888;10240;10228
786;7707188000;7624588888;7824588888;10240;10228
787;7737725000;7624588888;7824588888;10240;10228
788;7737745000;7624588888;7824588888;10240;10228
789;7739265000;7624588888;7824588888;10240;10228
790;7739286000;7624588888;7824588888;10240;10228
791;7739521000;7624588888;7824588888;10240;10228
792;7748292000;7666244444;7866244444;10240;10228
793;7748311000;7666244444;7866244444;10240;10228
794;7748553000;7666244444;7866244444;10240;10228
795;7748571000;7666244444;7866244444;10240;10228
796;7748790000;7666244444;7866244444;10240;10228
797;7748809000;7666244444;7866244444;10240;10228
798;7749038000;7666244444;7866244444;10240;10228
799;7749058000;7666244444;7866244444;10240;10228
800;7749283000;7666244444;7866244444;10240;10228
801;7749304000;7666244444;7866244444;10240;10228
802;7752177000;7666244444;7866244444;10240;10228
803;7789949000;7707900000;7907900000;10240;10228
804;7789967000;7707900000;7907900000;10240;10228
805;7790198000;7707900000;7907900000;10240;10228
806;7790217000;7707900000;7907900000;10240;10228
807;7790441000;7707900000;7907900000;10240;10228
808;7790450000;7707900000;7907900000;10240;10228
809;7790689000;7707900000;7907900000;10240;10228
810;7790708000;7707900000;7907900000;10240;10228
811;7790949000;7707900000;7907900000;10240;10228
812;7790969000;7707900000;7907900000;10240;10228
813;7791199000;7707900000;7907900000;10240;10228
814;7831684000;7749600000;7949600000;10240;10228
815;7831703000;7749600000;7949600000;10240;10228
816;7831928000;7749600000;7949600000;10240;10228
819;7831947000;7749600000;7949600000;10240;10228
820;7832185000;7749600000;7949600000;10240;10228
821;7832195000;7749600000;7949600000;10240;10228
822;7832429000;7749600000;7949600000;10240;10228
823;7832439000;7749600000;7949600000;10240;10228
825;7873304000;7791266666;7991266666;10240;10228
826;7873326000;7791266666;7991266666;10240;10228
827;7873578000;7791266666;7991266666;10240;10228
828;7873599000;7791266666;7991266666;10240;10228
829;7873802000;7791266666;7991266666;10240;10228
830;7873813000;7791266666;7991266666;10240;10228
831;7874058000;7791266666;7991266666;10240;10228
832;7874079000;7791266666;7991266666;10240;10228
833;7874258000;7791266666;7991266666;10240;10228
834;7874270000;7791266666;7991266666;10240;10228
835;7874557000;7791266666;7991266666;10240;10228
817;7913223000;7749600000;7949600000;10240;10228
818;7913232000;7749600000;7949600000;10240;10228
836;7914813000;7832900000;8032900000;10240;10228
837;7954186000;7832900000;8032900000;10240;10228
838;7954208000;7832900000;8032900000;10240;10228
839;7954424000;7832900000;8032900000;10240;10228
840;7954433000;7832900000;8032900000;10240;10228
841;7954686000;7832900000;8032900000;10240;10228
842;7954695000;7832900000;8032900000;10240;10228
843;7954937000;7832900000;8032900000;10240;10228
844;7954959000;7832900000;8032900000;10240;10228
845;7955183000;7832900000;8032900000;10240;10228
846;7955192000;7832900000;8032900000;10240;10228
847;7956658000;7874511111;8074511111;10240;10228
848;7956676000;7874511111;8074511111;10240;10228
849;7956902000;7874511111;8074511111;10240;10228
850;7956922000;7874511111;8074511111;10240;10228
851;7995500000;7874511111;8074511111;10240;10228
852;8035259000;7874511111;8074511111;10240;10228
853;8035280000;7874511111;8074511111;10240;10228
854;8035481000;7874511111;8074511111;10240;10228
855;8035798000;7874511111;8074511111;10240;10228
856;8035826000;7874511111;8074511111;10240;10228
857;8035830000;7874511111;8074511111;10240;10228
858;8036015000;7916244444;8116244444;10240;10228
859;8036034000;7916244444;8116244444;10240;10228
860;8036264000;7916244444;8116244444;10240;10228
861;8036272000;7916244444;8116244444;10240;10228
862;8036506000;7916244444;8116244444;10240;10228
863;8036535000;7916244444;8116244444;10240;10228
864;8037670000;7916244444;8116244444;10240;10228
865;8037690000;7916244444;8116244444;10240;10228
866;8037920000;7916244444;8116244444;10240;10228
867;8037941000;7916244444;8116244444;10240;10228
868;8082453000;7916244444;8116244444;10240;10228
869;8116288000;7957855555;8157855555;10240;10228
870;8116307000;7957855555;8157855555;10240;10228
871;8116795000;7957855555;8157855555;10240;10228
872;8116813000;7957855555;8157855555;10240;10228
873;8117039000;7957855555;8157855555;10240;10228
874;8117059000;7957855555;8157855555;10240;10228
875;8117280000;7957855555;8157855555;10240;10228
876;8117300000;7957855555;8157855555;10240;10228
877;8117540000;7957855555;8157855555;10240;10228
878;8117560000;7957855555;8157855555;10240;10228
879;8117786000;7957855555;8157855555;10240;10228
880;8117792000;7999522222;8199522222;10240;10228
881;8118044000;7999522222;8199522222;10240;10228
882;8118718000;7999522222;8199522222;10240;10228
883;8118736000;7999522222;8199522222;10240;10228
884;8118959000;7999522222;8199522222;10240;10228
886;8163467000;7999522222;8199522222;10240;10228
887;8197352000;7999522222;8199522222;10240;10228
888;8197372000;7999522222;8199522222;10240;10228
889;8197861000;7999522222;8199522222;10240;10228
890;8197872000;7999522222;8199522222;10240;10228
891;8198111000;8041211111;8241211111;10240;10228
892;8198123000;8041211111;8241211111;10240;10228
893;8198127000;8041211111;8241211111;10240;10228
894;8198357000;8041211111;8241211111;10240;10228
895;8198366000;8041211111;8241211111;10240;10228
896;8198606000;8041211111;8241211111;10240;10228
897;8198615000;8041211111;8241211111;10240;10228
898;8198865000;8041211111;8241211111;10240;10228
899;8199107000;8041211111;8241211111;10240;10228
900;8199127000;8041211111;8241211111;10240;10228
901;8199583000;8041211111;8241211111;10240;10228
902;8199841000;8082822222;8282822222;10240;10228
903;8209886000;8082822222;8282822222;10240;10228
904;8244315000;8082822222;8282822222;10240;10228
905;8244336000;8082822222;8282822222;10240;10228
906;8278404000;8082822222;8282822222;10240;10228
907;8278415000;8082822222;8282822222;10240;10228
908;8278901000;8082822222;8282822222;10240;10228
909;8278921000;8082822222;8282822222;10240;10228
910;8279152000;8082822222;8282822222;10240;10228
911;8279174000;8082822222;8282822222;10240;10228
912;8279395000;8082822222;8282822222;10240;10228
913;8279406000;8124533333;8324533333;10240;10228
914;8279652000;8124533333;8324533333;10240;10228
915;8279663000;8124533333;8324533333;10240;10228
916;8279903000;8124533333;8324533333;10240;10228
917;8279923000;8124533333;8324533333;10240;10228
918;8280147000;8124533333;8324533333;10240;10228
919;8280166000;8124533333;8324533333;10240;10228
920;8280587000;8124533333;8324533333;10240;10228
921;8280842000;8124533333;8324533333;10240;10228
922;8290935000;8124533333;8324533333;10240;10228
923;8325248000;8124533333;8324533333;10240;10228
924;8325501000;8166211111;8366211111;10240;10228
925;8359453000;8166211111;8366211111;10240;10228
926;8359467000;8166211111;8366211111;10240;10228
927;8359899000;8166211111;8366211111;10240;10228
928;8359918000;8166211111;8366211111;10240;10228
929;8360160000;8166211111;8366211111;10240;10228
930;8360180000;8166211111;8366211111;10240;10228
931;8360405000;8166211111;8366211111;10240;10228
932;8360414000;8166211111;8366211111;10240;10228
933;8360667000;8166211111;8366211111;10240;10228
934;8360686000;8166211111;8366211111;10240;10228
935;8360914000;8207866666;8407866666;10240;10228
936;8360932000;8207866666;8407866666;10240;10228
937;8361165000;8207866666;8407866666;10240;10228
938;8361174000;8207866666;8407866666;10240;10228
939;8361359000;8207866666;8407866666;10240;10228
940;8361661000;8207866666;8407866666;10240;10228
941;8361920000;8207866666;8407866666;10240;10228
942;8372007000;8207866666;8407866666;10240;10228
943;8406270000;8207866666;8407866666;10240;10228
944;8413353000;8207866666;8407866666;10240;10228
945;8440397000;8207866666;8407866666;10240;10228
946;8440656000;8249555555;8449555555;10240;10228
947;8440903000;8249555555;8449555555;10240;10228
948;8440924000;8249555555;8449555555;10240;10228
949;8441151000;8249555555;8449555555;10240;10228
950;8441171000;8249555555;8449555555;10240;10228
951;8441400000;8249555555;8449555555;10240;10228
952;8441410000;8249555555;8449555555;10240;10228
953;8441653000;8249555555;8449555555;10240;10228
954;8441672000;8249555555;8449555555;10240;10228
955;8441911000;8249555555;8449555555;10240;10228
956;8441931000;8249555555;8449555555;10240;10228
957;8442108000;8291233333;8491233333;10240;10228
958;8442114000;8291233333;8491233333;10240;10228
959;8442357000;8291233333;8491233333;10240;10228
960;8442616000;8291233333;8491233333;10240;10228
961;8442634000;8291233333;8491233333;10240;10228
962;8448977000;8291233333;8491233333;10240;10228
963;8459202000;8291233333;8491233333;10240;10228
964;8494377000;8291233333;8491233333;10240;10228
965;8494399000;8291233333;8491233333;10240;10228
966;8521440000;8291233333;8491233333;10240;10228
967;8521798000;8291233333;8491233333;10240;10228
968;8522054000;8332866666;8532866666;10240;10228
969;8522073000;8332866666;8532866666;10240;10228
970;8522298000;8332866666;8532866666;10240;10228
971;8522307000;8332866666;8532866666;10240;10228
972;8522552000;8332866666;8532866666;10240;10228
973;8522571000;8332866666;8532866666;10240;10228
974;8522796000;8332866666;8532866666;10240;10228
975;8522815000;8332866666;8532866666;10240;10228
977;8523057000;8332866666;8532866666;10240;10228
978;8523068000;8332866666;8532866666;10240;10228
979;8523287000;8374533333;8574533333;10240;10228
980;8523307000;8374533333;8574533333;10240;10228
981;8523546000;8374533333;8574533333;10240;10228
982;8523819000;8374533333;8574533333;10240;10228
983;8529987000;8374533333;8574533333;10240;10228
984;8530007000;8374533333;8574533333;10240;10228
985;8545665000;8374533333;8574533333;10240;10228
986;8575315000;8374533333;8574533333;10240;10228
987;8575335000;8374533333;8574533333;10240;10228
988;8602837000;8374533333;8574533333;10240;10228
989;8602857000;8374533333;8574533333;10240;10228
990;8603087000;8416188888;8616188888;10240;10228
991;8603106000;8416188888;8616188888;10240;10228
992;8603335000;8416188888;8616188888;10240;10228
993;8603355000;8416188888;8616188888;10240;10228
994;8603619000;8416188888;8616188888;10240;10228
995;8603638000;8416188888;8616188888;10240;10228
996;8603837000;8416188888;8616188888;10240;10228
997;8603849000;8416188888;8616188888;10240;10228
1000;8604095000;8416188888;8616188888;10240;10228
1001;8604122000;8457855555;8657855555;10240;10228
1002;8604337000;8457855555;8657855555;10240;10228
1003;8604349000;8457855555;8657855555;10240;10228
1004;8604538000;8457855555;8657855555;10240;10228
1005;8604802000;8457855555;8657855555;10240;10228
1006;8610998000;8457855555;8657855555;10240;10228
1007;8611018000;8457855555;8657855555;10240;10228
1008;8626734000;8457855555;8657855555;10240;10228
1009;8656328000;8457855555;8657855555;10240;10228
1010;8656348000;8457855555;8657855555;10240;10228
1011;8683782000;8457855555;8657855555;10240;10228
1012;8684034000;8499544444;8699544444;10240;10228
1013;8684043000;8499544444;8699544444;10240;10228
1014;8684270000;8499544444;8699544444;10240;10228
1015;8684288000;8499544444;8699544444;10240;10228
1016;8684527000;8499544444;8699544444;10240;10228
1017;8684544000;8499544444;8699544444;10240;10228
1018;8684781000;8499544444;8699544444;10240;10228
1019;8684791000;8499544444;8699544444;10240;10228
1020;8685032000;8499544444;8699544444;10240;10228
1021;8685042000;8499544444;8699544444;10240;10228
1022;8685269000;8499544444;8699544444;10240;10228
1023;8685290000;8541233333;8741233333;10240;10228
1024;8685481000;8541233333;8741233333;10240;10228
1025;8685491000;8541233333;8741233333;10240;10228
1026;8685742000;8541233333;8741233333;10240;10228
1027;8685758000;8541233333;8741233333;10240;10228
1028;8685766000;8541233333;8741233333;10240;10228
1029;8692026000;8541233333;8741233333;10240;10228
1030;8692043000;8541233333;8741233333;10240;10228
1031;8707771000;8541233333;8741233333;10240;10228
1032;8737197000;8541233333;8741233333;10240;10228
1033;8737207000;8541233333;8741233333;10240;10228
1034;8737473000;8582833333;8782833333;10240;10228
1035;8764837000;8582833333;8782833333;10240;10228
1036;8764857000;8582833333;8782833333;10240;10228
1037;8765085000;8582833333;8782833333;10240;10228
1038;8765105000;8582833333;8782833333;10240;10228
1039;8765524000;8582833333;8782833333;10240;10228
1040;8765535000;8582833333;8782833333;10240;10228
1041;8765734000;8582833333;8782833333;10240;10228
1042;8766018000;8582833333;8782833333;10240;10228
1043;8766027000;8582833333;8782833333;10240;10228
1044;8766042000;8582833333;8782833333;10240;10228
1045;8766280000;8624555555;8824555555;10240;10228
1046;8766510000;8624555555;8824555555;10240;10228
1047;8766536000;8624555555;8824555555;10240;10228
1048;8766771000;8624555555;8824555555;10240;10228
1049;8766792000;8624555555;8824555555;10240;10228
1050;8767015000;8624555555;8824555555;10240;10228
1051;8767036000;8624555555;8824555555;10240;10228
1052;8773053000;8624555555;8824555555;10240;10228
1053;8773073000;8624555555;8824555555;10240;10228
1054;8788714000;8624555555;8824555555;10240;10228
1055;8818051000;8624555555;8824555555;10240;10228
1056;8818277000;8666177777;8866177777;10240;10228
1057;8818558000;8666177777;8866177777;10240;10228
1058;8845863000;8666177777;8866177777;10240;10228
1059;8845882000;8666177777;8866177777;10240;10228
1060;8846111000;8666177777;8866177777;10240;10228
1061;8846131000;8666177777;8866177777;10240;10228
1062;8846504000;8666177777;8866177777;10240;10228
1063;8846521000;8666177777;8866177777;10240;10228
1064;8846762000;8666177777;8866177777;10240;10228
1065;8846780000;8666177777;8866177777;10240;10228
1066;8847011000;8666177777;8866177777;10240;10228
1067;8847030000;8707833333;8907833333;10240;10228
1068;8847259000;8707833333;8907833333;10240;10228
1069;8847268000;8707833333;8907833333;10240;10228
1070;8847503000;8707833333;8907833333;10240;10228
1071;8847520000;8707833333;8907833333;10240;10228
1072;8847759000;8707833333;8907833333;10240;10228
1073;8847780000;8707833333;8907833333;10240;10228
1074;8847961000;8707833333;8907833333;10240;10228
1075;8847970000;8707833333;8907833333;10240;10228
1076;8854056000;8707833333;8907833333;10240;10228
1077;8854073000;8707833333;8907833333;10240;10228
1078;8860837000;8749522222;8949522222;10240;10228
1079;8876137000;8749522222;8949522222;10240;10228
1080;8898890000;8749522222;8949522222;10240;10228
1081;8899567000;8749522222;8949522222;10240;10228
1082;8899585000;8749522222;8949522222;10240;10228
1083;8926874000;8749522222;8949522222;10240;10228
1084;8926893000;8749522222;8949522222;10240;10228
1085;8927122000;8749522222;8949522222;10240;10228
1086;8927142000;8749522222;8949522222;10240;10228
1087;8927478000;8749522222;8949522222;10240;10228
1088;8927488000;8749522222;8949522222;10240;10228
1089;8927754000;8791166666;8991166666;10240;10228
1090;8927775000;8791166666;8991166666;10240;10228
1091;8928004000;8791166666;8991166666;10240;10228
1092;8928024000;8791166666;8991166666;10240;10228
1093;8928252000;8791166666;8991166666;10240;10228
1094;8928263000;8791166666;8991166666;10240;10228
1095;8928501000;8791166666;8991166666;10240;10228
1097;8928764000;8791166666;8991166666;10240;10228
1098;8928787000;8791166666;8991166666;10240;10228
1099;8928964000;8791166666;8991166666;10240;10228
1100;8928974000;8832822222;9032822222;10240;10228
1101;8935121000;8832822222;9032822222;10240;10228
1102;8935142000;8832822222;9032822222;10240;10228
1103;8935373000;8832822222;9032822222;10240;10228
1104;8947312000;8832822222;9032822222;10240;10228
1105;8962646000;8832822222;9032822222;10240;10228
1106;8980539000;8832822222;9032822222;10240;10228
1107;8980549000;8832822222;9032822222;10240;10228
1108;8988066000;8832822222;9032822222;10240;10228
1109;9007867000;8832822222;9032822222;10240;10228
1110;9007887000;8832822222;9032822222;10240;10228
1111;9008108000;8874522222;9074522222;10240;10228
1112;9008114000;8874522222;9074522222;10240;10228
1113;9008461000;8874522222;9074522222;10240;10228
1114;9008477000;8874522222;9074522222;10240;10228
1115;9008773000;8874522222;9074522222;10240;10228
1116;9008793000;8874522222;9074522222;10240;10228
1117;9008998000;8874522222;9074522222;10240;10228
1118;9009007000;8874522222;9074522222;10240;10228
1119;9009237000;8874522222;9074522222;10240;10228
1120;9009256000;8874522222;9074522222;10240;10228
1121;9009489000;8874522222;9074522222;10240;10228
1122;9009787000;8916188888;9116188888;10240;10228
1123;9009807000;8916188888;9116188888;10240;10228
1124;9010030000;8916188888;9116188888;10240;10228
1125;9010050000;8916188888;9116188888;10240;10228
1126;9010236000;8916188888;9116188888;10240;10228
1127;9010244000;8916188888;9116188888;10240;10228
1128;9016159000;8916188888;9116188888;10240;10228
1129;9016176000;8916188888;9116188888;10240;10228
1130;9016424000;8916188888;9116188888;10240;10228
1131;9028342000;8916188888;9116188888;10240;10228
1132;9043579000;8916188888;9116188888;10240;10228
1133;9061457000;8957844444;9157844444;10240;10228
1134;9061468000;8957844444;9157844444;10240;10228
1135;9069068000;8957844444;9157844444;10240;10228
1136;9088865000;8957844444;9157844444;10240;10228
1137;9088885000;8957844444;9157844444;10240;10228
1138;9089114000;8957844444;9157844444;10240;10228
1139;9089136000;8957844444;9157844444;10240;10228
1140;9089446000;8957844444;9157844444;10240;10228
1141;9089457000;8957844444;9157844444;10240;10228
1142;9089709000;8957844444;9157844444;10240;10228
1143;9089720000;8957844444;9157844444;10240;10228
1144;9089990000;8999522222;9199522222;10240;10228
1145;9090010000;8999522222;9199522222;10240;10228
1146;9090232000;8999522222;9199522222;10240;10228
1147;9090253000;8999522222;9199522222;10240;10228
1148;9090481000;8999522222;9199522222;10240;10228
1149;9090778000;8999522222;9199522222;10240;10228
1150;9090798000;8999522222;9199522222;10240;10228
1151;9091021000;8999522222;9199522222;10240;10228
1152;9091042000;8999522222;9199522222;10240;10228
1153;9091227000;8999522222;9199522222;10240;10228
1154;9097128000;8999522222;9199522222;10240;10228
1155;9123313000;9041200000;9241200000;10240;10228
1156;9123334000;9041200000;9241200000;10240;10228
1158;9123590000;9041200000;9241200000;10240;10228
1159;9124589000;9041200000;9241200000;10240;10228
1160;9142486000;9041200000;9241200000;10240;10228
1161;9142500000;9041200000;9241200000;10240;10228
1162;9150128000;9041200000;9241200000;10240;10228
1163;9169858000;9041200000;9241200000;10240;10228
1164;9169868000;9041200000;9241200000;10240;10228
1165;9170120000;9041200000;9241200000;10240;10228
1166;9170141000;9082844444;9282844444;10240;10228
1167;9170390000;9082844444;9282844444;10240;10228
1168;9170401000;9082844444;9282844444;10240;10228
1169;9170653000;9082844444;9282844444;10240;10228
1170;9170664000;9082844444;9282844444;10240;10228
1171;9170897000;9082844444;9282844444;10240;10228
1172;9170918000;9082844444;9282844444;10240;10228
1173;9171133000;9082844444;9282844444;10240;10228
1174;9171139000;9082844444;9282844444;10240;10228
1175;9171400000;9082844444;9282844444;10240;10228
1176;9171406000;9082844444;9282844444;10240;10228
1177;9206652000;9124511111;9324511111;10240;10228
1178;9206672000;9124511111;9324511111;10240;10228
1179;9206905000;9124511111;9324511111;10240;10228
1180;9206914000;9124511111;9324511111;10240;10228
1181;9207145000;9124511111;9324511111;10240;10228
1182;9207165000;9124511111;9324511111;10240;10228
1183;9207389000;9124511111;9324511111;10240;10228
1184;9207399000;9124511111;9324511111;10240;10228
1185;9207656000;9124511111;9324511111;10240;10228
1186;9207665000;9124511111;9324511111;10240;10228
1157;9223365000;9041200000;9241200000;10240;10228
1187;9251812000;9124511111;9324511111;10240;10228
1188;9252063000;9166255555;9366255555;10240;10228
1189;9252083000;9166255555;9366255555;10240;10228
1190;9252262000;9166255555;9366255555;10240;10228
1191;9287695000;9166255555;9366255555;10240;10228
1192;9287713000;9166255555;9366255555;10240;10228
1193;9287943000;9166255555;9366255555;10240;10228
1194;9287962000;9166255555;9366255555;10240;10228
1195;9288181000;9166255555;9366255555;10240;10228
1198;9288199000;9166255555;9366255555;10240;10228
1199;9289993000;9207833333;9407833333;10240;10228
1200;9304411000;9207833333;9407833333;10240;10228
1201;9304422000;9207833333;9407833333;10240;10228
1202;9332810000;9207833333;9407833333;10240;10228
1203;9333099000;9207833333;9407833333;10240;10228
1204;9333110000;9207833333;9407833333;10240;10228
1205;9333348000;9207833333;9407833333;10240;10228
1206;9368732000;9207833333;9407833333;10240;10228
1207;9368750000;9207833333;9407833333;10240;10228
1208;9368983000;9207833333;9407833333;10240;10228
1209;9369001000;9207833333;9407833333;10240;10228
1210;9369222000;9249544444;9449544444;10240;10228
1211;9369241000;9249544444;9449544444;10240;10228
1212;9369475000;9249544444;9449544444;10240;10228
1213;9369484000;9249544444;9449544444;10240;10228
1214;9371001000;9249544444;9449544444;10240;10228
1215;9385355000;9249544444;9449544444;10240;10228
1216;9385374000;9249544444;9449544444;10240;10228
1217;9413774000;9249544444;9449544444;10240;10228
1218;9414093000;9249544444;9449544444;10240;10228
1219;9414114000;9249544444;9449544444;10240;10228
1220;9414347000;9249544444;9449544444;10240;10228
1221;9449763000;9291188888;9491188888;10240;10228
1222;9449781000;9291188888;9491188888;10240;10228
1223;9449985000;9291188888;9491188888;10240;10228
1224;9450248000;9291188888;9491188888;10240;10228
1225;9450268000;9291188888;9491188888;10240;10228
1226;9450495000;9291188888;9491188888;10240;10228
1227;9450507000;9291188888;9491188888;10240;10228
1228;9452040000;9291188888;9491188888;10240;10228
1229;9452060000;9291188888;9491188888;10240;10228
1230;9466308000;9291188888;9491188888;10240;10228
1231;9466326000;9291188888;9491188888;10240;10228
1232;9466573000;9332888888;9532888888;10240;10228
1233;9494686000;9332888888;9532888888;10240;10228
1234;9495067000;9332888888;9532888888;10240;10228
1235;9495086000;9332888888;9532888888;10240;10228
1236;9495312000;9332888888;9532888888;10240;10228
1237;9530717000;9332888888;9532888888;10240;10228
1238;9530738000;9332888888;9532888888;10240;10228
1239;9530974000;9332888888;9532888888;10240;10228
1240;9531235000;9332888888;9532888888;10240;10228
1241;9531254000;9332888888;9532888888;10240;10228
1242;9531482000;9332888888;9532888888;10240;10228
1243;9533048000;9374511111;9574511111;10240;10228
1244;9533067000;9374511111;9574511111;10240;10228
1245;9542219000;9374511111;9574511111;10240;10228
1246;9547342000;9374511111;9574511111;10240;10228
1247;9547362000;9374511111;9574511111;10240;10228
1248;9557615000;9374511111;9574511111;10240;10228
1249;9557636000;9374511111;9574511111;10240;10228
1250;9575955000;9374511111;9574511111;10240;10228
1251;9575977000;9374511111;9574511111;10240;10228
1252;9576295000;9374511111;9574511111;10240;10228
1253;9576316000;9374511111;9574511111;10240;10228
1254;9576588000;9416200000;9616200000;10240;10228
1258;9612254000;9416200000;9616200000;10240;10228
1259;9612278000;9416200000;9616200000;10240;10228
1260;9614098000;9416200000;9616200000;10240;10228
1261;9614119000;9416200000;9616200000;10240;10228
1262;9628385000;9416200000;9616200000;10240;10228
1263;9628406000;9416200000;9616200000;10240;10228
1264;9633693000;9416200000;9616200000;10240;10228
1265;9633946000;9457833333;9657833333;10240;10228
1266;9638635000;9457833333;9657833333;10240;10228
1267;9638646000;9457833333;9657833333;10240;10228
1268;9638890000;9457833333;9657833333;10240;10228
1269;9656937000;9457833333;9657833333;10240;10228
1270;9656947000;9457833333;9657833333;10240;10228
1271;9657254000;9457833333;9657833333;10240;10228
1272;9664322000;9457833333;9657833333;10240;10228
1273;9693175000;9457833333;9657833333;10240;10228
1274;9693198000;9457833333;9657833333;10240;10228
1275;9693410000;9457833333;9657833333;10240;10228
1276;9693425000;9499544444;9699544444;10240;10228
1277;9693677000;9499544444;9699544444;10240;10228
1278;9693704000;9499544444;9699544444;10240;10228
1279;9695131000;9499544444;9699544444;10240;10228
1280;9695152000;9499544444;9699544444;10240;10228
1281;9709430000;9499544444;9699544444;10240;10228
1282;9709442000;9499544444;9699544444;10240;10228
1283;9714756000;9499544444;9699544444;10240;10228
1284;9719680000;9499544444;9699544444;10240;10228
1285;9719693000;9499544444;9699544444;10240;10228
1286;9719923000;9499544444;9699544444;10240;10228
1287;9719936000;9541211111;9741211111;10240;10228
1288;9737760000;9541211111;9741211111;10240;10228
1289;9737779000;9541211111;9741211111;10240;10228
1290;9738260000;9541211111;9741211111;10240;10228
1291;9745379000;9541211111;9741211111;10240;10228
1292;9774255000;9541211111;9741211111;10240;10228
1293;9774279000;9541211111;9741211111;10240;10228
1294;9774767000;9541211111;9741211111;10240;10228
1295;9774779000;9541211111;9741211111;10240;10228
1296;9776162000;9541211111;9741211111;10240;10228
1297;9776173000;9541211111;9741211111;10240;10228
1298;9776416000;9582822222;9782822222;10240;10228
1299;9776426000;9582822222;9782822222;10240;10228
1300;9790478000;9582822222;9782822222;10240;10228
1301;9790489000;9582822222;9782822222;10240;10228
1302;9800719000;9582822222;9782822222;10240;10228
1303;9800739000;9582822222;9782822222;10240;10228
1304;9800972000;9582822222;9782822222;10240;10228
1305;9800993000;9582822222;9782822222;10240;10228
1306;9801234000;9582822222;9782822222;10240;10228
1307;9818813000;9582822222;9782822222;10240;10228
1308;9818826000;9582822222;9782822222;10240;10228
1309;9819078000;9624533333;9824533333;10240;10228
1310;9819304000;9624533333;9824533333;10240;10228
1311;9826413000;9624533333;9824533333;10240;10228
1312;9855170000;9624533333;9824533333;10240;10228
1313;9855775000;9624533333;9824533333;10240;10228
1314;9855796000;9624533333;9824533333;10240;10228
1315;9857195000;9624533333;9824533333;10240;10228
1316;9857205000;9624533333;9824533333;10240;10228
1317;9857440000;9624533333;9824533333;10240;10228
1318;9857451000;9624533333;9824533333;10240;10228
1319;9871441000;9624533333;9824533333;10240;10228
1320;9871685000;9666188888;9866188888;10240;10228
1321;9871707000;9666188888;9866188888;10240;10228
1322;9881756000;9666188888;9866188888;10240;10228
1323;9881769000;9666188888;9866188888;10240;10228
1324;9882008000;9666188888;9866188888;10240;10228
1325;9882028000;9666188888;9866188888;10240;10228
1326;9882273000;9666188888;9866188888;10240;10228
1327;9888106000;9666188888;9866188888;10240;10228
1328;9899841000;9666188888;9866188888;10240;10228
1329;9900297000;9666188888;9866188888;10240;10228
1330;9900310000;9666188888;9866188888;10240;10228
1331;9900577000;9707844444;9907844444;10240;10228
1332;9913443000;9707844444;9907844444;10240;10228
1333;9936805000;9707844444;9907844444;10240;10228
1334;9936818000;9707844444;9907844444;10240;10228
1335;9938228000;9707844444;9907844444;10240;10228
1336;9938248000;9707844444;9907844444;10240;10228
1337;9938471000;9707844444;9907844444;10240;10228
1338;9938482000;9707844444;9907844444;10240;10228
1339;9943917000;9707844444;9907844444;10240;10228
1340;9952481000;9707844444;9907844444;10240;10228
1341;9952495000;9707844444;9907844444;10240;10228
1342;9952714000;9749544444;9949544444;10240;10228
1343;9962812000;9749544444;9949544444;10240;10228
1344;9962833000;9749544444;9949544444;10240;10228
1345;9963059000;9749544444;9949544444;10240;10228
1346;9963081000;9749544444;9949544444;10240;10228
1347;9963324000;9749544444;9949544444;10240;10228
1348;9969150000;9749544444;9949544444;10240;10228
1349;9969171000;9749544444;9949544444;10240;10228
1350;9981316000;9749544444;9949544444;10240;10228
1351;9981337000;9749544444;9949544444;10240;10228
1352;9989698000;9749544444;9949544444;10240;10228
1353;9989955000;9791200000;9991200000;10240;10228
1354;9999851000;9791200000;9991200000;10240;10228
1355;10017731000;9791200000;9991200000;10240;10228
1356;10017753000;9791200000;9991200000;10240;10228
1357;10019253000;9791200000;9991200000;10240;10228
1358;10019275000;9791200000;9991200000;10240;10228
1359;10019503000;9791200000;9991200000;10240;10228
1360;10019539000;9791200000;9991200000;10240;10228
1361;10030491000;9791200000;9991200000;10240;10228
1362;10033523000;9791200000;9991200000;10240;10228
1363;10040537000;9791200000;9991200000;10240;10228
1364;10040766000;9832833333;10032833333;10240;10228
1365;10044146000;9832833333;10032833333;10240;10228
1366;10044166000;9832833333;10032833333;10240;10228
1367;10044384000;9832833333;10032833333;10240;10228
1368;10044395000;9832833333;10032833333;10240;10228
1369;10044645000;9832833333;10032833333;10240;10228
1370;10050169000;9832833333;10032833333;10240;10228
1371;10050191000;9832833333;10032833333;10240;10228
1372;10055927000;9832833333;10032833333;10240;10228
1373;10062346000;9832833333;10032833333;10240;10228
1374;10062368000;9832833333;10032833333;10240;10228
1376;10076257000;9874533333;10074533333;10240;10228
1377;10086349000;9874533333;10074533333;10240;10228
1378;10098772000;9874533333;10074533333;10240;10228
1379;10098783000;9874533333;10074533333;10240;10228
1380;10100280000;9874533333;10074533333;10240;10228
1381;10100301000;9874533333;10074533333;10240;10228
1382;10100532000;9874533333;10074533333;10240;10228
1383;10100542000;9874533333;10074533333;10240;10228
1384;10114553000;9874533333;10074533333;10240;10228
1385;10114563000;9874533333;10074533333;10240;10228
1386;10121584000;9916211111;10116211111;10240;10228
1387;10125163000;9916211111;10116211111;10240;10228
1388;10125177000;9916211111;10116211111;10240;10228
1389;10125414000;9916211111;10116211111;10240;10228
1390;10125426000;9916211111;10116211111;10240;10228
1391;10125664000;9916211111;10116211111;10240;10228
1392;10125676000;9916211111;10116211111;10240;10228
1393;10125917000;9916211111;10116211111;10240;10228
1394;10131197000;9916211111;10116211111;10240;10228
1395;10131217000;9916211111;10116211111;10240;10228
1397;10143369000;9957855555;10157855555;10240;10228
1398;10143399000;9957855555;10157855555;10240;10228
1399;10157277000;9957855555;10157855555;10240;10228
1400;10157297000;9957855555;10157855555;10240;10228
1401;10167256000;9957855555;10157855555;10240;10228
1402;10179797000;9957855555;10157855555;10240;10228
1403;10179806000;9957855555;10157855555;10240;10228
1404;10181315000;9957855555;10157855555;10240;10228
1405;10181334000;9957855555;10157855555;10240;10228
1406;10181568000;9957855555;10157855555;10240;10228
1407;10181586000;9957855555;10157855555;10240;10228
1408;10195604000;9999533333;10199533333;10240;10228
1409;10195613000;9999533333;10199533333;10240;10228
1410;10202605000;9999533333;10199533333;10240;10228
1411;10206174000;9999533333;10199533333;10240;10228
1412;10206187000;9999533333;10199533333;10240;10228
1413;10206418000;9999533333;10199533333;10240;10228
1414;10206431000;9999533333;10199533333;10240;10228
1415;10206679000;9999533333;10199533333;10240;10228
1416;10206689000;9999533333;10199533333;10240;10228
1417;10212224000;9999533333;10199533333;10240;10228
1418;10212245000;9999533333;10199533333;10240;10228
1419;10212499000;10041188888;10241188888;10240;10228
1420;10224449000;10041188888;10241188888;10240;10228
1421;10224460000;10041188888;10241188888;10240;10228
1422;10224706000;10041188888;10241188888;10240;10228
1423;10238288000;10041188888;10241188888;10240;10228
1424;10238308000;10041188888;10241188888;10240;10228
1425;10248285000;10041188888;10241188888;10240;10228
1426;10260758000;10041188888;10241188888;10240;10228
1427;10262329000;10041188888;10241188888;10240;10228
1428;10262343000;10041188888;10241188888;10240;10228
1429;10262588000;10041188888;10241188888;10240;10228
1430;10276538000;10082811111;10282811111;10240;10228
1431;10276556000;10082811111;10282811111;10240;10228
1432;10276770000;10082811111;10282811111;10240;10228
1433;10276788000;10082811111;10282811111;10240;10228
1434;10283623000;10082811111;10282811111;10240;10228
1435;10287224000;10082811111;10282811111;10240;10228
1436;10287237000;10082811111;10282811111;10240;10228
1437;10287471000;10082811111;10282811111;10240;10228
1438;10287483000;10082811111;10282811111;10240;10228
1439;10287724000;10082811111;10282811111;10240;10228
1440;10287762000;10082811111;10282811111;10240;10228
1441;10293258000;10124544444;10324544444;10240;10228
1442;10293277000;10124544444;10324544444;10240;10228
1443;10293504000;10124544444;10324544444;10240;10228
1446;10315293000;10124544444;10324544444;10240;10228
1447;10319332000;10124544444;10324544444;10240;10228
1448;10319341000;10124544444;10324544444;10240;10228
1449;10329119000;10124544444;10324544444;10240;10228
1450;10341672000;10124544444;10324544444;10240;10228
1451;10343249000;10124544444;10324544444;10240;10228
1452;10343494000;10166200000;10366200000;10240;10228
1453;10343505000;10166200000;10366200000;10240;10228
1454;10357553000;10166200000;10366200000;10240;10228
1455;10357563000;10166200000;10366200000;10240;10228
1456;10357812000;10166200000;10366200000;10240;10228
1457;10357830000;10166200000;10366200000;10240;10228
1458;10364629000;10166200000;10366200000;10240;10228
1459;10368257000;10166200000;10366200000;10240;10228
1460;10368271000;10166200000;10366200000;10240;10228
1461;10368498000;10166200000;10366200000;10240;10228
1462;10368519000;10166200000;10366200000;10240;10228
1463;10368754000;10207877777;10407877777;10240;10228
1464;10368774000;10207877777;10407877777;10240;10228
1465;10374277000;10207877777;10407877777;10240;10228
1466;10374297000;10207877777;10407877777;10240;10228
1468;10374539000;10207877777;10407877777;10240;10228
1469;10396258000;10207877777;10407877777;10240;10228
1470;10396279000;10207877777;10407877777;10240;10228
1471;10396501000;10207877777;10407877777;10240;10228
1472;10400368000;10207877777;10407877777;10240;10228
1473;10400386000;10207877777;10407877777;10240;10228
1474;10409916000;10249533333;10449533333;10240;10228
1475;10422565000;10249533333;10449533333;10240;10228
1476;10424275000;10249533333;10449533333;10240;10228
1477;10424283000;10249533333;10449533333;10240;10228
1478;10424528000;10249533333;10449533333;10240;10228
1479;10438443000;10249533333;10449533333;10240;10228
1480;10438456000;10249533333;10449533333;10240;10228
1481;10438782000;10249533333;10449533333;10240;10228
1482;10438791000;10249533333;10449533333;10240;10228
1483;10445624000;10249533333;10449533333;10240;10228
1484;10449176000;10249533333;10449533333;10240;10228
1485;10449426000;10291211111;10491211111;10240;10228
1486;10449436000;10291211111;10491211111;10240;10228
1487;10449653000;10291211111;10491211111;10240;10228
1488;10449662000;10291211111;10491211111;10240;10228
1489;10449966000;10291211111;10491211111;10240;10228
1490;10455302000;10291211111;10491211111;10240;10228
1491;10455323000;10291211111;10491211111;10240;10228
1492;10455557000;10291211111;10491211111;10240;10228
1493;10455576000;10291211111;10491211111;10240;10228
1494;10477120000;10291211111;10491211111;10240;10228
1495;10477139000;10291211111;10491211111;10240;10228
1496;10477469000;10332855555;10532855555;10240;10228
1497;10481360000;10332855555;10532855555;10240;10228
1498;10481380000;10332855555;10532855555;10240;10228
1499;10490670000;10332855555;10532855555;10240;10228
1500;10503593000;10332855555;10532855555;10240;10228
1501;10505266000;10332855555;10532855555;10240;10228
1502;10505289000;10332855555;10532855555;10240;10228
1503;10519476000;10332855555;10532855555;10240;10228
1504;10519486000;10332855555;10532855555;10240;10228
1505;10519726000;10332855555;10532855555;10240;10228
1506;10519745000;10332855555;10532855555;10240;10228
1507;10519978000;10374511111;10574511111;10240;10228
1508;10526588000;10374511111;10574511111;10240;10228
1509;10530208000;10374511111;10574511111;10240;10228
1510;10530226000;10374511111;10574511111;10240;10228
1511;10530452000;10374511111;10574511111;10240;10228
1512;10530703000;10374511111;10574511111;10240;10228
1513;10530723000;10374511111;10574511111;10240;10228
1514;10530956000;10374511111;10574511111;10240;10228
1515;10536323000;10374511111;10574511111;10240;10228
1516;10536342000;10374511111;10574511111;10240;10228
1517;10536565000;10374511111;10574511111;10240;10228
1518;10536584000;10416222222;10616222222;10240;10228
1519;10558142000;10416222222;10616222222;10240;10228
1520;10558162000;10416222222;10616222222;10240;10228
1521;10558428000;10416222222;10616222222;10240;10228
1522;10562298000;10416222222;10616222222;10240;10228
1523;10562317000;10416222222;10616222222;10240;10228
1524;10571674000;10416222222;10616222222;10240;10228
1525;10586083000;10416222222;10616222222;10240;10228
1526;10586103000;10416222222;10616222222;10240;10228
1527;10586342000;10416222222;10616222222;10240;10228
1528;10600435000;10416222222;10616222222;10240;10228
1529;10600665000;10457866666;10657866666;10240;10228
1530;10600684000;10457866666;10657866666;10240;10228
1531;10600914000;10457866666;10657866666;10240;10228
1532;10600934000;10457866666;10657866666;10240;10228
1533;10601186000;10457866666;10657866666;10240;10228
1534;10607636000;10457866666;10657866666;10240;10228
1535;10611223000;10457866666;10657866666;10240;10228
1536;10611242000;10457866666;10657866666;10240;10228
1537;10611465000;10457866666;10657866666;10240;10228
1538;10611721000;10457866666;10657866666;10240;10228
1539;10611732000;10457866666;10657866666;10240;10228
1540;10611981000;10499533333;10699533333;10240;10228
1541;10617355000;10499533333;10699533333;10240;10228
1542;10617375000;10499533333;10699533333;10240;10228
1543;10617616000;10499533333;10699533333;10240;10228
1544;10625508000;10499533333;10699533333;10240;10228
1545;10639033000;10499533333;10699533333;10240;10228
1546;10639056000;10499533333;10699533333;10240;10228
1547;10643126000;10499533333;10699533333;10240;10228
1548;10643146000;10499533333;10699533333;10240;10228
1549;10650896000;10499533333;10699533333;10240;10228
1550;10660847000;10499533333;10699533333;10240;10228
1551;10667104000;10541211111;10741211111;10240;10228
1552;10667125000;10541211111;10741211111;10240;10228
1553;10676379000;10541211111;10741211111;10240;10228
1554;10681453000;10541211111;10741211111;10240;10228
1555;10681463000;10541211111;10741211111;10240;10228
1556;10681700000;10541211111;10741211111;10240;10228
1557;10681948000;10541211111;10741211111;10240;10228
1558;10681967000;10541211111;10741211111;10240;10228
1559;10688638000;10541211111;10741211111;10240;10228
1560;10688656000;10541211111;10741211111;10240;10228
1561;10692157000;10541211111;10741211111;10240;10228
1562;10692388000;10582833333;10782833333;10240;10228
1563;10692724000;10582833333;10782833333;10240;10228
1564;10692742000;10582833333;10782833333;10240;10228
1565;10692974000;10582833333;10782833333;10240;10228
1566;10698384000;10582833333;10782833333;10240;10228
1567;10698396000;10582833333;10782833333;10240;10228
1568;10698640000;10582833333;10782833333;10240;10228
1569;10698659000;10582833333;10782833333;10240;10228
1570;10711922000;10582833333;10782833333;10240;10228
1571;10720063000;10582833333;10782833333;10240;10228
1572;10720083000;10582833333;10782833333;10240;10228
1573;10724021000;10624566666;10824566666;10240;10228
1574;10724042000;10624566666;10824566666;10240;10228
1575;10724284000;10624566666;10824566666;10240;10228
1576;10737285000;10624566666;10824566666;10240;10228
1577;10741849000;10624566666;10824566666;10240;10228
1579;10748134000;10624566666;10824566666;10240;10228
1580;10762491000;10624566666;10824566666;10240;10228
1581;10762502000;10624566666;10824566666;10240;10228
1582;10762739000;10624566666;10824566666;10240;10228
1583;10762750000;10624566666;10824566666;10240;10228
1584;10762990000;10666211111;10866211111;10240;10228
1585;10763010000;10666211111;10866211111;10240;10228
1586;10769526000;10666211111;10866211111;10240;10228
1587;10769535000;10666211111;10866211111;10240;10228
1588;10773178000;10666211111;10866211111;10240;10228
1589;10773726000;10666211111;10866211111;10240;10228
1590;10773738000;10666211111;10866211111;10240;10228
1591;10773977000;10666211111;10866211111;10240;10228
1592;10774000000;10666211111;10866211111;10240;10228
1593;10779420000;10666211111;10866211111;10240;10228
1594;10779431000;10666211111;10866211111;10240;10228
1595;10789955000;10707844444;10907844444;10240;10228
1596;10789975000;10707844444;10907844444;10240;10228
1597;10798402000;10707844444;10907844444;10240;10228
1598;10801097000;10707844444;10907844444;10240;10228
1599;10801126000;10707844444;10907844444;10240;10228
1600;10804838000;10707844444;10907844444;10240;10228
1601;10804850000;10707844444;10907844444;10240;10228
1602;10813481000;10707844444;10907844444;10240;10228
1603;10813493000;10707844444;10907844444;10240;10228
1604;10822874000;10707844444;10907844444;10240;10228
1605;10822894000;10707844444;10907844444;10240;10228
1606;10831637000;10749555555;10949555555;10240;10228
1607;10831656000;10749555555;10949555555;10240;10228
1608;10843529000;10749555555;10949555555;10240;10228
1609;10843539000;10749555555;10949555555;10240;10228
1610;10843781000;10749555555;10949555555;10240;10228
1611;10843790000;10749555555;10949555555;10240;10228
1612;10844031000;10749555555;10949555555;10240;10228
1613;10844051000;10749555555;10949555555;10240;10228
1614;10850594000;10749555555;10949555555;10240;10228
1615;10850612000;10749555555;10949555555;10240;10228
1616;10854097000;10749555555;10949555555;10240;10228
1617;10873307000;10791233333;10991233333;10240;10228
1618;10873329000;10791233333;10991233333;10240;10228
1619;10873563000;10791233333;10991233333;10240;10228
1620;10873582000;10791233333;10991233333;10240;10228
1621;10873814000;10791233333;10991233333;10240;10228
1622;10873833000;10791233333;10991233333;10240;10228
1623;10874062000;10791233333;10991233333;10240;10228
1624;10874081000;10791233333;10991233333;10240;10228
1625;10879450000;10791233333;10991233333;10240;10228
1626;10882130000;10791233333;10991233333;10240;10228
1627;10882151000;10791233333;10991233333;10240;10228
1628;10914961000;10832888888;11032888888;10240;10228
1629;10914982000;10832888888;11032888888;10240;10228
1630;10915241000;10832888888;11032888888;10240;10228
1631;10915262000;10832888888;11032888888;10240;10228
1632;10915491000;10832888888;11032888888;10240;10228
1633;10915503000;10832888888;11032888888;10240;10228
1634;10915750000;10832888888;11032888888;10240;10228
1635;10915770000;10832888888;11032888888;10240;10228
1636;10924615000;10832888888;11032888888;10240;10228
1637;10924636000;10832888888;11032888888;10240;10228
1638;10924825000;10832888888;11032888888;10240;10228
1639;10956612000;10874577777;11074577777;10240;10228
1640;10956632000;10874577777;11074577777;10240;10228
1641;10956890000;10874577777;11074577777;10240;10228
1642;10956911000;10874577777;11074577777;10240;10228
1643;10957139000;10874577777;11074577777;10240;10228
1644;10957160000;10874577777;11074577777;10240;10228
1645;10957390000;10874577777;11074577777;10240;10228
1646;10957401000;10874577777;11074577777;10240;10228
1647;10957650000;10874577777;11074577777;10240;10228
1648;10957661000;10874577777;11074577777;10240;10228
1649;10957674000;10874577777;11074577777;10240;10228
1651;10998315000;10916300000;11116300000;10240;10228
1652;10998339000;10916300000;11116300000;10240;10228
1654;10998594000;10916300000;11116300000;10240;10228
1655;10998615000;10916300000;11116300000;10240;10228
1656;10998821000;10916300000;11116300000;10240;10228
1657;10998832000;10916300000;11116300000;10240;10228
1660;10999028000;10916300000;11116300000;10240;10228
1661;11039926000;10957922222;11157922222;10240;10228
1662;11039936000;10957922222;11157922222;10240;10228
1663;11040174000;10957922222;11157922222;10240;10228
1664;11040197000;10957922222;11157922222;10240;10228
1665;11040414000;10957922222;11157922222;10240;10228
1666;11040426000;10957922222;11157922222;10240;10228
1667;11040668000;10957922222;11157922222;10240;10228
1668;11040680000;10957922222;11157922222;10240;10228
1669;11040925000;10957922222;11157922222;10240;10228
1670;11040946000;10957922222;11157922222;10240;10228
1671;11041177000;10957922222;11157922222;10240;10228
1650;11079616000;10916300000;11116300000;10240;10228
1653;11079624000;10916300000;11116300000;10240;10228
1672;11120912000;10999566666;11199566666;10240;10228
1673;11120932000;10999566666;11199566666;10240;10228
1674;11121158000;10999566666;11199566666;10240;10228
1675;11121180000;10999566666;11199566666;10240;10228
1676;11121403000;10999566666;11199566666;10240;10228
1677;11121418000;10999566666;11199566666;10240;10228
1678;11121653000;10999566666;11199566666;10240;10228
1679;11121664000;10999566666;11199566666;10240;10228
1680;11121904000;10999566666;11199566666;10240;10228
1681;11121924000;10999566666;11199566666;10240;10228
1682;11122155000;10999566666;11199566666;10240;10228
1683;11123274000;11041211111;11241211111;10240;10228
1684;11123280000;11041211111;11241211111;10240;10228
1685;11123536000;11041211111;11241211111;10240;10228
1686;11201720000;11041211111;11241211111;10240;10228
1687;11201740000;11041211111;11241211111;10240;10228
1688;11201998000;11041211111;11241211111;10240;10228
1689;11202018000;11041211111;11241211111;10240;10228
1690;11202259000;11041211111;11241211111;10240;10228
1691;11202268000;11041211111;11241211111;10240;10228
1692;11202500000;11041211111;11241211111;10240;10228
1693;11202509000;11041211111;11241211111;10240;10228
1694;11202758000;11082844444;11282844444;10240;10228
1695;11202767000;11082844444;11282844444;10240;10228
1696;11202782000;11082844444;11282844444;10240;10228
1697;11203007000;11082844444;11282844444;10240;10228
1698;11203028000;11082844444;11282844444;10240;10228
1699;11204283000;11082844444;11282844444;10240;10228
1700;11204303000;11082844444;11282844444;10240;10228
1701;11210218000;11082844444;11282844444;10240;10228
1702;11282722000;11082844444;11282844444;10240;10228
1703;11283014000;11082844444;11282844444;10240;10228
1704;11283026000;11082844444;11282844444;10240;10228
1705;11283032000;11124533333;11324533333;10240;10228
1706;11283258000;11124533333;11324533333;10240;10228
1707;11283278000;11124533333;11324533333;10240;10228
1708;11283502000;11124533333;11324533333;10240;10228
1709;11283522000;11124533333;11324533333;10240;10228
1710;11283759000;11124533333;11324533333;10240;10228
1711;11283779000;11124533333;11324533333;10240;10228
1712;11284010000;11124533333;11324533333;10240;10228
1713;11284030000;11124533333;11324533333;10240;10228
1714;11284259000;11124533333;11324533333;10240;10228
1715;11285206000;11124533333;11324533333;10240;10228
1716;11285428000;11166211111;11366211111;10240;10228
1717;11285433000;11166211111;11366211111;10240;10228
1718;11291246000;11166211111;11366211111;10240;10228
1719;11291250000;11166211111;11366211111;10240;10228
1720;11363937000;11166211111;11366211111;10240;10228
1721;11363955000;11166211111;11366211111;10240;10228
1723;11364252000;11166211111;11366211111;10240;10228
1724;11364272000;11166211111;11366211111;10240;10228
1725;11364491000;11166211111;11366211111;10240;10228
1726;11364502000;11166211111;11366211111;10240;10228
1727;11364747000;11207844444;11407844444;10240;10228
1728;11364769000;11207844444;11407844444;10240;10228
1729;11364998000;11207844444;11407844444;10240;10228
1730;11365019000;11207844444;11407844444;10240;10228
1731;11365242000;11207844444;11407844444;10240;10228
1732;11365263000;11207844444;11407844444;10240;10228
1733;11365492000;11207844444;11407844444;10240;10228
1734;11366245000;11207844444;11407844444;10240;10228
1735;11366254000;11207844444;11407844444;10240;10228
1736;11372264000;11207844444;11407844444;10240;10228
1737;11372283000;11207844444;11407844444;10240;10228
1738;11372519000;11249544444;11449544444;10240;10228
1739;11444961000;11249544444;11449544444;10240;10228
1740;11445227000;11249544444;11449544444;10240;10228
1741;11445248000;11249544444;11449544444;10240;10228
1742;11445470000;11249544444;11449544444;10240;10228
1743;11445481000;11249544444;11449544444;10240;10228
1744;11445732000;11249544444;11449544444;10240;10228
1745;11445743000;11249544444;11449544444;10240;10228
1746;11445979000;11249544444;11449544444;10240;10228
1747;11445990000;11249544444;11449544444;10240;10228
1748;11446004000;11249544444;11449544444;10240;10228
1749;11446232000;11291211111;11491211111;10240;10228
1750;11446243000;11291211111;11491211111;10240;10228
1751;11446428000;11291211111;11491211111;10240;10228
1752;11446438000;11291211111;11491211111;10240;10228
1753;11447234000;11291211111;11491211111;10240;10228
1754;11447255000;11291211111;11491211111;10240;10228
1755;11453263000;11291211111;11491211111;10240;10228
1756;11453291000;11291211111;11491211111;10240;10228
1757;11525990000;11291211111;11491211111;10240;10228
1758;11526240000;11291211111;11491211111;10240;10228
1759;11526260000;11291211111;11491211111;10240;10228
1760;11526521000;11332855555;11532855555;10240;10228
1761;11526540000;11332855555;11532855555;10240;10228
1762;11526746000;11332855555;11532855555;10240;10228
1763;11526764000;11332855555;11532855555;10240;10228
1764;11526993000;11332855555;11532855555;10240;10228
1765;11527013000;11332855555;11532855555;10240;10228
1766;11527238000;11332855555;11532855555;10240;10228
1767;11527259000;11332855555;11532855555;10240;10228
1768;11527488000;11332855555;11532855555;10240;10228
1769;11527499000;11332855555;11532855555;10240;10228
1770;11527503000;11332855555;11532855555;10240;10228
1771;11527701000;11374533333;11574533333;10240;10228
1772;11527708000;11374533333;11574533333;10240;10228
1773;11528211000;11374533333;11574533333;10240;10228
1774;11528215000;11374533333;11574533333;10240;10228
1775;11534273000;11374533333;11574533333;10240;10228
1776;11540506000;11374533333;11574533333;10240;10228
1777;11607302000;11374533333;11574533333;10240;10228
1778;11607324000;11374533333;11574533333;10240;10228
1779;11607554000;11374533333;11574533333;10240;10228
1780;11607561000;11374533333;11574533333;10240;10228
1781;11607802000;11374533333;11574533333;10240;10228
1782;11607833000;11416211111;11616211111;10240;10228
1783;11608053000;11416211111;11616211111;10240;10228
1784;11608073000;11416211111;11616211111;10240;10228
1785;11608286000;11416211111;11616211111;10240;10228
1786;11608292000;11416211111;11616211111;10240;10228
1787;11608565000;11416211111;11616211111;10240;10228
1788;11608572000;11416211111;11616211111;10240;10228
1789;11608806000;11416211111;11616211111;10240;10228
1790;11608816000;11416211111;11616211111;10240;10228
1791;11608821000;11416211111;11616211111;10240;10228
1792;11609047000;11416211111;11616211111;10240;10228
1793;11609068000;11457855555;11657855555;10240;10228
1794;11609297000;11457855555;11657855555;10240;10228
1795;11609319000;11457855555;11657855555;10240;10228
1796;11621540000;11457855555;11657855555;10240;10228
1797;11621557000;11457855555;11657855555;10240;10228
1798;11688360000;11457855555;11657855555;10240;10228
1799;11688382000;11457855555;11657855555;10240;10228
1800;11688619000;11457855555;11657855555;10240;10228
1801;11688641000;11457855555;11657855555;10240;10228
1802;11688841000;11457855555;11657855555;10240;10228
1803;11688853000;11457855555;11657855555;10240;10228
1804;11689158000;11499555555;11699555555;10240;10228
1805;11689179000;11499555555;11699555555;10240;10228
1806;11689405000;11499555555;11699555555;10240;10228
1807;11689414000;11499555555;11699555555;10240;10228
1808;11689656000;11499555555;11699555555;10240;10228
1809;11689674000;11499555555;11699555555;10240;10228
1810;11689905000;11499555555;11699555555;10240;10228
1811;11689923000;11499555555;11699555555;10240;10228
1812;11690167000;11499555555;11699555555;10240;10228
1813;11690176000;11499555555;11699555555;10240;10228
1814;11690358000;11499555555;11699555555;10240;10228
1815;11690366000;11541211111;11741211111;10240;10228
1816;11690660000;11541211111;11741211111;10240;10228
1817;11698139000;11541211111;11741211111;10240;10228
1818;11702563000;11541211111;11741211111;10240;10228
1819;11702583000;11541211111;11741211111;10240;10228
1820;11769381000;11541211111;11741211111;10240;10228
1821;11769394000;11541211111;11741211111;10240;10228
1822;11769632000;11541211111;11741211111;10240;10228
1823;11769645000;11541211111;11741211111;10240;10228
1824;11769880000;11541211111;11741211111;10240;10228
1825;11769903000;11541211111;11741211111;10240;10228
1826;11770147000;11582844444;11782844444;10240;10228
1827;11770169000;11582844444;11782844444;10240;10228
1828;11770388000;11582844444;11782844444;10240;10228
1829;11770399000;11582844444;11782844444;10240;10228
1830;11770653000;11582844444;11782844444;10240;10228
1831;11770672000;11582844444;11782844444;10240;10228
1832;11770899000;11582844444;11782844444;10240;10228
1833;11770918000;11582844444;11782844444;10240;10228
1834;11771104000;11582844444;11782844444;10240;10228
1835;11771109000;11582844444;11782844444;10240;10228
1836;11771352000;11582844444;11782844444;10240;10228
1837;11771360000;11624555555;11824555555;10240;10228
1838;11771613000;11624555555;11824555555;10240;10228
1839;11771631000;11624555555;11824555555;10240;10228
1840;11783618000;11624555555;11824555555;10240;10228
1841;11783637000;11624555555;11824555555;10240;10228
1842;11789702000;11624555555;11824555555;10240;10228
1843;11850374000;11624555555;11824555555;10240;10228
1844;11850396000;11624555555;11824555555;10240;10228
1845;11850638000;11624555555;11824555555;10240;10228
1846;11850882000;11624555555;11824555555;10240;10228
1847;11850896000;11624555555;11824555555;10240;10228
1848;11850905000;11666188888;11866188888;10240;10228
1849;11851145000;11666188888;11866188888;10240;10228
1850;11851154000;11666188888;11866188888;10240;10228
1851;11851375000;11666188888;11866188888;10240;10228
1852;11851383000;11666188888;11866188888;10240;10228
1853;11851630000;11666188888;11866188888;10240;10228
1854;11851649000;11666188888;11866188888;10240;10228
1855;11851881000;11666188888;11866188888;10240;10228
1856;11851901000;11666188888;11866188888;10240;10228
1857;11852080000;11666188888;11866188888;10240;10228
1858;11852088000;11666188888;11866188888;10240;10228
1859;11852096000;11707822222;11907822222;10240;10228
1860;11852340000;11707822222;11907822222;10240;10228
1861;11852588000;11707822222;11907822222;10240;10228
1862;11852594000;11707822222;11907822222;10240;10228
1863;11860894000;11707822222;11907822222;10240;10228
1864;11864619000;11707822222;11907822222;10240;10228
1865;11864637000;11707822222;11907822222;10240;10228
1866;11876123000;11707822222;11907822222;10240;10228
1867;11931408000;11707822222;11907822222;10240;10228
1868;11931420000;11707822222;11907822222;10240;10228
1869;11931822000;11707822222;11907822222;10240;10228
1870;11932076000;11749522222;11949522222;10240;10228
1871;11932097000;11749522222;11949522222;10240;10228
1872;11932312000;11749522222;11949522222;10240;10228
1873;11932332000;11749522222;11949522222;10240;10228
1874;11932571000;11749522222;11949522222;10240;10228
1875;11932590000;11749522222;11949522222;10240;10228
1876;11932827000;11749522222;11949522222;10240;10228
1877;11932847000;11749522222;11949522222;10240;10228
1878;11933070000;11749522222;11949522222;10240;10228
1879;11933091000;11749522222;11949522222;10240;10228
1880;11933095000;11749522222;11949522222;10240;10228
1881;11933312000;11791166666;11991166666;10240;10228
1882;11933324000;11791166666;11991166666;10240;10228
1883;11933510000;11791166666;11991166666;10240;10228
1884;11933522000;11791166666;11991166666;10240;10228
1885;11933785000;11791166666;11991166666;10240;10228
1886;11933800000;11791166666;11991166666;10240;10228
1887;11934027000;11791166666;11991166666;10240;10228
1888;11945634000;11791166666;11991166666;10240;10228
1889;11945652000;11791166666;11991166666;10240;10228
1890;11952418000;11791166666;11991166666;10240;10228
1891;11962483000;11791166666;11991166666;10240;10228
1892;12012438000;11832833333;12032833333;10240;10228
1893;12012449000;11832833333;12032833333;10240;10228
1894;12012948000;11832833333;12032833333;10240;10228
1895;12012968000;11832833333;12032833333;10240;10228
1896;12013195000;11832833333;12032833333;10240;10228
1897;12013215000;11832833333;12032833333;10240;10228
1898;12013219000;11832833333;12032833333;10240;10228
1899;12013444000;11832833333;12032833333;10240;10228
1900;12013710000;11832833333;12032833333;10240;10228
1901;12013736000;11832833333;12032833333;10240;10228
1902;12013942000;11832833333;12032833333;10240;10228
1903;12013962000;11874522222;12074522222;10240;10228
1904;12014193000;11874522222;12074522222;10240;10228
1905;12014212000;11874522222;12074522222;10240;10228
1906;12014443000;11874522222;12074522222;10240;10228
1907;12014453000;11874522222;12074522222;10240;10228
1908;12014659000;11874522222;12074522222;10240;10228
1909;12014671000;11874522222;12074522222;10240;10228
1910;12014911000;11874522222;12074522222;10240;10228
1911;12014936000;11874522222;12074522222;10240;10228
1912;12015149000;11874522222;12074522222;10240;10228
1913;12023493000;11874522222;12074522222;10240;10228
1914;12026637000;11916200000;12116200000;10240;10228
1915;12026655000;11916200000;12116200000;10240;10228
1916;12038819000;11916200000;12116200000;10240;10228
1917;12043484000;11916200000;12116200000;10240;10228
1918;12093472000;11916200000;12116200000;10240;10228
1919;12093483000;11916200000;12116200000;10240;10228
1920;12093978000;11916200000;12116200000;10240;10228
1921;12093999000;11916200000;12116200000;10240;10228
1922;12094224000;11916200000;12116200000;10240;10228
1923;12094244000;11916200000;12116200000;10240;10228
1924;12094471000;11916200000;12116200000;10240;10228
1925;12094482000;11957833333;12157833333;10240;10228
1926;12094721000;11957833333;12157833333;10240;10228
1927;12094741000;11957833333;12157833333;10240;10228
1928;12094973000;11957833333;12157833333;10240;10228
1929;12094996000;11957833333;12157833333;10240;10228
1930;12095224000;11957833333;12157833333;10240;10228
1931;12095244000;11957833333;12157833333;10240;10228
1932;12095467000;11957833333;12157833333;10240;10228
1933;12095477000;11957833333;12157833333;10240;10228
1934;12095689000;11957833333;12157833333;10240;10228
1935;12095701000;11957833333;12157833333;10240;10228
1936;12095930000;11999511111;12199511111;10240;10228
1937;12095935000;11999511111;12199511111;10240;10228
1938;12096181000;11999511111;12199511111;10240;10228
1939;12096188000;11999511111;12199511111;10240;10228
1940;12096476000;11999511111;12199511111;10240;10228
1941;12107679000;11999511111;12199511111;10240;10228
1942;12107699000;11999511111;12199511111;10240;10228
1943;12124527000;11999511111;12199511111;10240;10228
1944;12124547000;11999511111;12199511111;10240;10228
1945;12174487000;11999511111;12199511111;10240;10228
1946;12174498000;11999511111;12199511111;10240;10228
1947;12174752000;12041177777;12241177777;10240;10228
1948;12174992000;12041177777;12241177777;10240;10228
1949;12175013000;12041177777;12241177777;10240;10228
1950;12175235000;12041177777;12241177777;10240;10228
1951;12175257000;12041177777;12241177777;10240;10228
1952;12175726000;12041177777;12241177777;10240;10228
1953;12175746000;12041177777;12241177777;10240;10228
1954;12175967000;12041177777;12241177777;10240;10228
1955;12175987000;12041177777;12241177777;10240;10228
1956;12176215000;12041177777;12241177777;10240;10228
1957;12176235000;12041177777;12241177777;10240;10228
1958;12176474000;12082800000;12282800000;10240;10228
1959;12176485000;12082800000;12282800000;10240;10228
1960;12176682000;12082800000;12282800000;10240;10228
1961;12176687000;12082800000;12282800000;10240;10228
1962;12176923000;12082800000;12282800000;10240;10228
1963;12176927000;12082800000;12282800000;10240;10228
1964;12177220000;12082800000;12282800000;10240;10228
1965;12177239000;12082800000;12282800000;10240;10228
1966;12177243000;12082800000;12282800000;10240;10228
1967;12177469000;12082800000;12282800000;10240;10228
1968;12186169000;12082800000;12282800000;10240;10228
1969;12206616000;12124511111;12324511111;10240;10228
1970;12206635000;12124511111;12324511111;10240;10228
1971;12206863000;12124511111;12324511111;10240;10228
1972;12206883000;12124511111;12324511111;10240;10228
1973;12207125000;12124511111;12324511111;10240;10228
1974;12256146000;12124511111;12324511111;10240;10228
1975;12256166000;12124511111;12324511111;10240;10228
1976;12256387000;12124511111;12324511111;10240;10228
1977;12256398000;12124511111;12324511111;10240;10228
1978;12256648000;12124511111;12324511111;10240;10228
1979;12256669000;12124511111;12324511111;10240;10228
1980;12256887000;12166222222;12366222222;10240;10228
1981;12256907000;12166222222;12366222222;10240;10228
1982;12257138000;12166222222;12366222222;10240;10228
1983;12257158000;12166222222;12366222222;10240;10228
1984;12257391000;12166222222;12366222222;10240;10228
1985;12257400000;12166222222;12366222222;10240;10228
1986;12257604000;12166222222;12366222222;10240;10228
1987;12257609000;12166222222;12366222222;10240;10228
1988;12257856000;12166222222;12366222222;10240;10228
1989;12257872000;12166222222;12366222222;10240;10228
1990;12257900000;12166222222;12366222222;10240;10228
1991;12289953000;12207822222;12407822222;10240;10228
1992;12289961000;12207822222;12407822222;10240;10228
1993;12290202000;12207822222;12407822222;10240;10228
1994;12290222000;12207822222;12407822222;10240;10228
1995;12290446000;12207822222;12407822222;10240;10228
1997;12290457000;12207822222;12407822222;10240;10228
1998;12290708000;12207822222;12407822222;10240;10228
1999;12290727000;12207822222;12407822222;10240;10228
2000;12290964000;12207822222;12407822222;10240;10228
2001;12290983000;12207822222;12407822222;10240;10228
2002;12331647000;12249588888;12449588888;10240;10228
2003;12331665000;12249588888;12449588888;10240;10228
2004;12337024000;12249588888;12449588888;10240;10228
2005;12337034000;12249588888;12449588888;10240;10228
2006;12337676000;12249588888;12449588888;10240;10228
2007;12337694000;12249588888;12449588888;10240;10228
2008;12337922000;12249588888;12449588888;10240;10228
2009;12337942000;12249588888;12449588888;10240;10228
2010;12338162000;12249588888;12449588888;10240;10228
2011;12338184000;12249588888;12449588888;10240;10228
2012;12338415000;12249588888;12449588888;10240;10228
1996;12371749000;12207822222;12407822222;10240;10228
2013;12373295000;12291222222;12491222222;10240;10228
2014;12373316000;12291222222;12491222222;10240;10228
2015;12373572000;12291222222;12491222222;10240;10228
2016;12412697000;12291222222;12491222222;10240;10228
2017;12412717000;12291222222;12491222222;10240;10228
2018;12412954000;12291222222;12491222222;10240;10228
2019;12417913000;12291222222;12491222222;10240;10228
2020;12417923000;12291222222;12491222222;10240;10228
2021;12418682000;12291222222;12491222222;10240;10228
2022;12418692000;12291222222;12491222222;10240;10228
2023;12418927000;12291222222;12491222222;10240;10228
2024;12418947000;12332866666;12532866666;10240;10228
2025;12419178000;12332866666;12532866666;10240;10228
2026;12419197000;12332866666;12532866666;10240;10228
2027;12419428000;12332866666;12532866666;10240;10228
2028;12454223000;12332866666;12532866666;10240;10228
2029;12454244000;12332866666;12532866666;10240;10228
2030;12454464000;12332866666;12532866666;10240;10228
2031;12454475000;12332866666;12532866666;10240;10228
2032;12460832000;12332866666;12532866666;10240;10228
2033;12493729000;12332866666;12532866666;10240;10228
2034;12493748000;12332866666;12532866666;10240;10228
2035;12498915000;12374500000;12574500000;10240;10228
2037;12498935000;12374500000;12574500000;10240;10228
2038;12499670000;12374500000;12574500000;10240;10228
2039;12499690000;12374500000;12574500000;10240;10228
2040;12499921000;12374500000;12574500000;10240;10228
2041;12499942000;12374500000;12574500000;10240;10228
2042;12500174000;12374500000;12574500000;10240;10228
2043;12535240000;12374500000;12574500000;10240;10228
2045;12535259000;12374500000;12574500000;10240;10228
2046;12535488000;12416188888;12616188888;10240;10228
2047;12535499000;12416188888;12616188888;10240;10228
2048;12541721000;12416188888;12616188888;10240;10228
2049;12541731000;12416188888;12616188888;10240;10228
2050;12541970000;12416188888;12616188888;10240;10228
2052;12574775000;12416188888;12616188888;10240;10228
2053;12579958000;12416188888;12616188888;10240;10228
2054;12579979000;12416188888;12616188888;10240;10228
2055;12580206000;12416188888;12616188888;10240;10228
2056;12580555000;12416188888;12616188888;10240;10228
2057;12580797000;12457833333;12657833333;10240;10228
2058;12580808000;12457833333;12657833333;10240;10228
2059;12581045000;12457833333;12657833333;10240;10228
2060;12581059000;12457833333;12657833333;10240;10228
2061;12616248000;12457833333;12657833333;10240;10228
2062;12616258000;12457833333;12657833333;10240;10228
2063;12616492000;12457833333;12657833333;10240;10228
2064;12616504000;12457833333;12657833333;10240;10228
2065;12616749000;12457833333;12657833333;10240;10228
2067;12622646000;12457833333;12657833333;10240;10228
2068;12622997000;12499544444;12699544444;10240;10228
2069;12655826000;12499544444;12699544444;10240;10228
2070;12655847000;12499544444;12699544444;10240;10228
2071;12660849000;12499544444;12699544444;10240;10228
2072;12660869000;12499544444;12699544444;10240;10228
2073;12661107000;12499544444;12699544444;10240;10228
2074;12661510000;12499544444;12699544444;10240;10228
2075;12661779000;12499544444;12699544444;10240;10228
2076;12661789000;12499544444;12699544444;10240;10228
2077;12662042000;12499544444;12699544444;10240;10228
2078;12662061000;12499544444;12699544444;10240;10228
2079;12697265000;12541200000;12741200000;10240;10228
2080;12697274000;12541200000;12741200000;10240;10228
2083;12697773000;12541200000;12741200000;10240;10228
2084;12703651000;12541200000;12741200000;10240;10228
2085;12703671000;12541200000;12741200000;10240;10228
2086;12703973000;12541200000;12741200000;10240;10228
2087;12736884000;12541200000;12741200000;10240;10228
2088;12736893000;12541200000;12741200000;10240;10228
2089;12741755000;12541200000;12741200000;10240;10228
2090;12742003000;12582822222;12782822222;10240;10228
2091;12742024000;12582822222;12782822222;10240;10228
2092;12742489000;12582822222;12782822222;10240;10228
2093;12742758000;12582822222;12782822222;10240;10228
2094;12742769000;12582822222;12782822222;10240;10228
2095;12743021000;12582822222;12782822222;10240;10228
2096;12743042000;12582822222;12782822222;10240;10228
2097;12778265000;12582822222;12782822222;10240;10228
2098;12778286000;12582822222;12782822222;10240;10228
2099;12778769000;12582822222;12782822222;10240;10228
2100;12778789000;12582822222;12782822222;10240;10228
2101;12779034000;12624533333;12824533333;10240;10228
2102;12784660000;12624533333;12824533333;10240;10228
2103;12784680000;12624533333;12824533333;10240;10228
2104;12784960000;12624533333;12824533333;10240;10228
2105;12817929000;12624533333;12824533333;10240;10228
2106;12817949000;12624533333;12824533333;10240;10228
2107;12822686000;12624533333;12824533333;10240;10228
2109;12822996000;12624533333;12824533333;10240;10228
2110;12823497000;12624533333;12824533333;10240;10228
2111;12823506000;12624533333;12824533333;10240;10228
2112;12823838000;12666222222;12866222222;10240;10228
2113;12824087000;12666222222;12866222222;10240;10228
2114;12824109000;12666222222;12866222222;10240;10228
2115;12859272000;12666222222;12866222222;10240;10228
2116;12859292000;12666222222;12866222222;10240;10228
2117;12859780000;12666222222;12866222222;10240;10228
2118;12859791000;12666222222;12866222222;10240;10228
2119;12865676000;12666222222;12866222222;10240;10228
2120;12865685000;12666222222;12866222222;10240;10228
2121;12865930000;12666222222;12866222222;10240;10228
2122;12865948000;12666222222;12866222222;10240;10228
2123;12898976000;12707855555;12907855555;10240;10228
2124;12898986000;12707855555;12907855555;10240;10228
2125;12903700000;12707855555;12907855555;10240;10228
2126;12903709000;12707855555;12907855555;10240;10228
2127;12903947000;12707855555;12907855555;10240;10228
2128;12904177000;12707855555;12907855555;10240;10228
2130;12904501000;12707855555;12907855555;10240;10228
2131;12904811000;12707855555;12907855555;10240;10228
2132;12905060000;12707855555;12907855555;10240;10228
2133;12905080000;12707855555;12907855555;10240;10228
2134;12940270000;12749555555;12949555555;10240;10228
2135;12940291000;12749555555;12949555555;10240;10228
2136;12940783000;12749555555;12949555555;10240;10228
2139;12946687000;12749555555;12949555555;10240;10228
2140;12946936000;12749555555;12949555555;10240;10228
2141;12946958000;12749555555;12949555555;10240;10228
2142;12980036000;12749555555;12949555555;10240;10228
2143;12980056000;12749555555;12949555555;10240;10228
2144;12984590000;12749555555;12949555555;10240;10228
2145;12984845000;12791200000;12991200000;10240;10228
2146;12985182000;12791200000;12991200000;10240;10228
2147;12985192000;12791200000;12991200000;10240;10228
2148;12985439000;12791200000;12991200000;10240;10228
2149;12985688000;12791200000;12991200000;10240;10228
2150;12985699000;12791200000;12991200000;10240;10228
2151;12986052000;12791200000;12991200000;10240;10228
2152;12986073000;12791200000;12991200000;10240;10228
2153;13021274000;12791200000;12991200000;10240;10228
2154;13021288000;12791200000;12991200000;10240;10228
2155;13021538000;12791200000;12991200000;10240;10228
2156;13027702000;12832855555;13032855555;10240;10228
2157;13027720000;12832855555;13032855555;10240;10228
2158;13027948000;12832855555;13032855555;10240;10228
2159;13027968000;12832855555;13032855555;10240;10228
2160;13028200000;12832855555;13032855555;10240;10228
2161;13061089000;12832855555;13032855555;10240;10228
2162;13061110000;12832855555;13032855555;10240;10228
2163;13065592000;12832855555;13032855555;10240;10228
2164;13065849000;12832855555;13032855555;10240;10228
2165;13066162000;12832855555;13032855555;10240;10228
2166;13066182000;12832855555;13032855555;10240;10228
2167;13066431000;12874555555;13074555555;10240;10228
2168;13066690000;12874555555;13074555555;10240;10228
2170;13067058000;12874555555;13074555555;10240;10228
2171;13067079000;12874555555;13074555555;10240;10228
2172;13102168000;12874555555;13074555555;10240;10228
2173;13102188000;12874555555;13074555555;10240;10228
2174;13102416000;12874555555;13074555555;10240;10228
2175;13108701000;12874555555;13074555555;10240;10228
2176;13108710000;12874555555;13074555555;10240;10228
2177;13108952000;12874555555;13074555555;10240;10228
2178;13108961000;12916211111;13116211111;10240;10228
2179;13109201000;12916211111;13116211111;10240;10228
2180;13142131000;12916211111;13116211111;10240;10228
2181;13142144000;12916211111;13116211111;10240;10228
2182;13146591000;12916211111;13116211111;10240;10228
2183;13146853000;12916211111;13116211111;10240;10228
2184;13147134000;12916211111;13116211111;10240;10228
2185;13147146000;12916211111;13116211111;10240;10228
2186;13147386000;12916211111;13116211111;10240;10228
2187;13147654000;12916211111;13116211111;10240;10228
2188;13147887000;12916211111;13116211111;10240;10228
2189;13148174000;12957888888;13157888888;10240;10228
2190;13148194000;12957888888;13157888888;10240;10228
2191;13183108000;12957888888;13157888888;10240;10228
2192;13183131000;12957888888;13157888888;10240;10228
2193;13183372000;12957888888;13157888888;10240;10228
2194;13189638000;12957888888;13157888888;10240;10228
2195;13189649000;12957888888;13157888888;10240;10228
2196;13189938000;12957888888;13157888888;10240;10228
2197;13189950000;12957888888;13157888888;10240;10228
2198;13190192000;12957888888;13157888888;10240;10228
2199;13223059000;12957888888;13157888888;10240;10228
2200;13227607000;12999555555;13199555555;10240;10228
2201;13227621000;12999555555;13199555555;10240;10228
2202;13227870000;12999555555;13199555555;10240;10228
2203;13228115000;12999555555;13199555555;10240;10228
2204;13228135000;12999555555;13199555555;10240;10228
2205;13228377000;12999555555;13199555555;10240;10228
2206;13228641000;12999555555;13199555555;10240;10228
2207;13228654000;12999555555;13199555555;10240;10228
2208;13229166000;12999555555;13199555555;10240;10228
2209;13229201000;12999555555;13199555555;10240;10228
2210;13238745000;12999555555;13199555555;10240;10228
2211;13264105000;13041211111;13241211111;10240;10228
2212;13264127000;13041211111;13241211111;10240;10228
2213;13264374000;13041211111;13241211111;10240;10228
2214;13270619000;13041211111;13241211111;10240;10228
2215;13270639000;13041211111;13241211111;10240;10228
2216;13270927000;13041211111;13241211111;10240;10228
2218;13271165000;13041211111;13241211111;10240;10228
2219;13304103000;13041211111;13241211111;10240;10228
2220;13308482000;13041211111;13241211111;10240;10228
2221;13308496000;13041211111;13241211111;10240;10228
2222;13309125000;13082833333;13282833333;10240;10228
2223;13309138000;13082833333;13282833333;10240;10228
2224;13309368000;13082833333;13282833333;10240;10228
2225;13309390000;13082833333;13282833333;10240;10228
2226;13309611000;13082833333;13282833333;10240;10228
2227;13309632000;13082833333;13282833333;10240;10228
2228;13310141000;13082833333;13282833333;10240;10228
2229;13310385000;13082833333;13282833333;10240;10228
2230;13310398000;13082833333;13282833333;10240;10228
2231;13319768000;13082833333;13282833333;10240;10228
2232;13344996000;13082833333;13282833333;10240;10228
2233;13345236000;13124544444;13324544444;10240;10228
2234;13350671000;13124544444;13324544444;10240;10228
2235;13351615000;13124544444;13324544444;10240;10228
2236;13351628000;13124544444;13324544444;10240;10228
2237;13352201000;13124544444;13324544444;10240;10228
2238;13352223000;13124544444;13324544444;10240;10228
2239;13352444000;13124544444;13324544444;10240;10228
2240;13385142000;13124544444;13324544444;10240;10228
2241;13389542000;13124544444;13324544444;10240;10228
2242;13389563000;13124544444;13324544444;10240;10228
2243;13390040000;13124544444;13324544444;10240;10228
2244;13390256000;13166233333;13366233333;10240;10228
2245;13390269000;13166233333;13366233333;10240;10228
2246;13390536000;13166233333;13366233333;10240;10228
2247;13390549000;13166233333;13366233333;10240;10228
2248;13390791000;13166233333;13366233333;10240;10228
2249;13391045000;13166233333;13366233333;10240;10228
2250;13391353000;13166233333;13366233333;10240;10228
2251;13391365000;13166233333;13366233333;10240;10228
2252;13400690000;13166233333;13366233333;10240;10228
2253;13426027000;13166233333;13366233333;10240;10228
2254;13426040000;13166233333;13366233333;10240;10228
2255;13431594000;13207855555;13407855555;10240;10228
2256;13432540000;13207855555;13407855555;10240;10228
2257;13432563000;13207855555;13407855555;10240;10228
2258;13433219000;13207855555;13407855555;10240;10228
2259;13433239000;13207855555;13407855555;10240;10228
2260;13442398000;13207855555;13407855555;10240;10228
2261;13470567000;13207855555;13407855555;10240;10228
2262;13470579000;13207855555;13407855555;10240;10228
2263;13470822000;13207855555;13407855555;10240;10228
2264;13471066000;13207855555;13407855555;10240;10228
2265;13471078000;13207855555;13407855555;10240;10228
2266;13471328000;13249555555;13449555555;10240;10228
2267;13471589000;13249555555;13449555555;10240;10228
2268;13471599000;13249555555;13449555555;10240;10228
2269;13471819000;13249555555;13449555555;10240;10228
2270;13471839000;13249555555;13449555555;10240;10228
2271;13472083000;13249555555;13449555555;10240;10228
2272;13472113000;13249555555;13449555555;10240;10228
2273;13472277000;13249555555;13449555555;10240;10228
2274;13472532000;13249555555;13449555555;10240;10228
2275;13481672000;13249555555;13449555555;10240;10228
2276;13506959000;13249555555;13449555555;10240;10228
2277;13507187000;13291211111;13491211111;10240;10228
2278;13512620000;13291211111;13491211111;10240;10228
2279;13513507000;13291211111;13491211111;10240;10228
2280;13513528000;13291211111;13491211111;10240;10228
2281;13514217000;13291211111;13491211111;10240;10228
2282;13523437000;13291211111;13491211111;10240;10228
2283;13523448000;13291211111;13491211111;10240;10228
2284;13551591000;13291211111;13491211111;10240;10228
2285;13551611000;13291211111;13491211111;10240;10228
2286;13552062000;13291211111;13491211111;10240;10228
2287;13552082000;13291211111;13491211111;10240;10228
2288;13552331000;13332877777;13532877777;10240;10228
2289;13552583000;13332877777;13532877777;10240;10228
2290;13552596000;13332877777;13532877777;10240;10228
2291;13552814000;13332877777;13532877777;10240;10228
2292;13552835000;13332877777;13532877777;10240;10228
2293;13553060000;13332877777;13532877777;10240;10228
2294;13553079000;13332877777;13532877777;10240;10228
2295;13553307000;13332877777;13532877777;10240;10228
2296;13553319000;13332877777;13532877777;10240;10228
2297;13553528000;13332877777;13532877777;10240;10228
2298;13559267000;13332877777;13532877777;10240;10228
2299;13569550000;13374533333;13574533333;10240;10228
2300;13587966000;13374533333;13574533333;10240;10228
2301;13593620000;13374533333;13574533333;10240;10228
2303;13594323000;13374533333;13574533333;10240;10228
2304;13594347000;13374533333;13574533333;10240;10228
2305;13604482000;13374533333;13574533333;10240;10228
2306;13604491000;13374533333;13574533333;10240;10228
2307;13633100000;13374533333;13574533333;10240;10228
2309;13633121000;13374533333;13574533333;10240;10228
2310;13633353000;13416200000;13616200000;10240;10228
2311;13633391000;13416200000;13616200000;10240;10228
2312;13633612000;13416200000;13616200000;10240;10228
2313;13633632000;13416200000;13616200000;10240;10228
2314;13633857000;13416200000;13616200000;10240;10228
2315;13633870000;13416200000;13616200000;10240;10228
2316;13634094000;13416200000;13616200000;10240;10228
2317;13634116000;13416200000;13616200000;10240;10228
2318;13634324000;13416200000;13616200000;10240;10228
2319;13634336000;13416200000;13616200000;10240;10228
2320;13634542000;13416200000;13616200000;10240;10228
2321;13634562000;13457866666;13657866666;10240;10228
2322;13634814000;13457866666;13657866666;10240;10228
2323;13640222000;13457866666;13657866666;10240;10228
2324;13655953000;13457866666;13657866666;10240;10228
2325;13674420000;13457866666;13657866666;10240;10228
2326;13674430000;13457866666;13657866666;10240;10228
2327;13675120000;13457866666;13657866666;10240;10228
2328;13675365000;13457866666;13657866666;10240;10228
2329;13675377000;13457866666;13657866666;10240;10228
2330;13685533000;13457866666;13657866666;10240;10228
2331;13685559000;13457866666;13657866666;10240;10228
2332;13714153000;13499566666;13699566666;10240;10228
2333;13714164000;13499566666;13699566666;10240;10228
2334;13714386000;13499566666;13699566666;10240;10228
2335;13714397000;13499566666;13699566666;10240;10228
2336;13714647000;13499566666;13699566666;10240;10228
2337;13714657000;13499566666;13699566666;10240;10228
2338;13714886000;13499566666;13699566666;10240;10228
2339;13714907000;13499566666;13699566666;10240;10228
2340;13715145000;13499566666;13699566666;10240;10228
2341;13715166000;13499566666;13699566666;10240;10228
2342;13715395000;13499566666;13699566666;10240;10228
2343;13715408000;13541211111;13741211111;10240;10228
2344;13715611000;13541211111;13741211111;10240;10228
2345;13715622000;13541211111;13741211111;10240;10228
2346;13715833000;13541211111;13741211111;10240;10228
2347;13715839000;13541211111;13741211111;10240;10228
2348;13721240000;13541211111;13741211111;10240;10228
2349;13736971000;13541211111;13741211111;10240;10228
2350;13755197000;13541211111;13741211111;10240;10228
2351;13755210000;13541211111;13741211111;10240;10228
2352;13755955000;13541211111;13741211111;10240;10228
2353;13755967000;13541211111;13741211111;10240;10228
2354;13756297000;13582855555;13782855555;10240;10228
2355;13766549000;13582855555;13782855555;10240;10228
2356;13766559000;13582855555;13782855555;10240;10228
2357;13795197000;13582855555;13782855555;10240;10228
2358;13795211000;13582855555;13782855555;10240;10228
2359;13795440000;13582855555;13782855555;10240;10228
2360;13795453000;13582855555;13782855555;10240;10228
2361;13795681000;13582855555;13782855555;10240;10228
2362;13795713000;13582855555;13782855555;10240;10228
2363;13795938000;13582855555;13782855555;10240;10228
2364;13795950000;13582855555;13782855555;10240;10228
2365;13796191000;13624555555;13824555555;10240;10228
2366;13796203000;13624555555;13824555555;10240;10228
2367;13796440000;13624555555;13824555555;10240;10228
2368;13796451000;13624555555;13824555555;10240;10228
2369;13796696000;13624555555;13824555555;10240;10228
2370;13796715000;13624555555;13824555555;10240;10228
2371;13796904000;13624555555;13824555555;10240;10228
2372;13796908000;13624555555;13824555555;10240;10228
2373;13802262000;13624555555;13824555555;10240;10228
2374;13802266000;13624555555;13824555555;10240;10228
2375;13817912000;13624555555;13824555555;10240;10228
2376;13836001000;13666200000;13866200000;10240;10228
2377;13836022000;13666200000;13866200000;10240;10228
2378;13836754000;13666200000;13866200000;10240;10228
2379;13836774000;13666200000;13866200000;10240;10228
2380;13837277000;13666200000;13866200000;10240;10228
2381;13847638000;13666200000;13866200000;10240;10228
2382;13847658000;13666200000;13866200000;10240;10228
2383;13876237000;13666200000;13866200000;10240;10228
2384;13876259000;13666200000;13866200000;10240;10228
2385;13876479000;13666200000;13866200000;10240;10228
2386;13876492000;13666200000;13866200000;10240;10228
2387;13876731000;13707844444;13907844444;10240;10228
2388;13876743000;13707844444;13907844444;10240;10228
2389;13876981000;13707844444;13907844444;10240;10228
2390;13877003000;13707844444;13907844444;10240;10228
2392;13877223000;13707844444;13907844444;10240;10228
2393;13877245000;13707844444;13907844444;10240;10228
2394;13877479000;13707844444;13907844444;10240;10228
2395;13877695000;13707844444;13907844444;10240;10228
2396;13877715000;13707844444;13907844444;10240;10228
2397;13877944000;13707844444;13907844444;10240;10228
2398;13877959000;13749544444;13949544444;10240;10228
2399;13883319000;13749544444;13949544444;10240;10228
2400;13883337000;13749544444;13949544444;10240;10228
2401;13883588000;13749544444;13949544444;10240;10228
2402;13898943000;13749544444;13949544444;10240;10228
2403;13917048000;13749544444;13949544444;10240;10228
2404;13917068000;13749544444;13949544444;10240;10228
2405;13917535000;13749544444;13949544444;10240;10228
2406;13917546000;13749544444;13949544444;10240;10228
2407;13925318000;13749544444;13949544444;10240;10228
2408;13928547000;13749544444;13949544444;10240;10228
2409;13928818000;13791188888;13991188888;10240;10228
2410;13957266000;13791188888;13991188888;10240;10228
2411;13957287000;13791188888;13991188888;10240;10228
2412;13957521000;13791188888;13991188888;10240;10228
2413;13957532000;13791188888;13991188888;10240;10228
2414;13957765000;13791188888;13991188888;10240;10228
2415;13957776000;13791188888;13991188888;10240;10228
2416;13958016000;13791188888;13991188888;10240;10228
2417;13958037000;13791188888;13991188888;10240;10228
2418;13958262000;13791188888;13991188888;10240;10228
2419;13958282000;13791188888;13991188888;10240;10228
2420;13958504000;13832844444;14032844444;10240;10228
2421;13958521000;13832844444;14032844444;10240;10228
2422;13958702000;13832844444;14032844444;10240;10228
2423;13958706000;13832844444;14032844444;10240;10228
2424;13958966000;13832844444;14032844444;10240;10228
2425;13958977000;13832844444;14032844444;10240;10228
2426;13964363000;13832844444;14032844444;10240;10228
2428;13964380000;13832844444;14032844444;10240;10228
2429;13979978000;13832844444;14032844444;10240;10228
2430;13997826000;13832844444;14032844444;10240;10228
2431;13998081000;13874533333;14074533333;10240;10228
2433;13998329000;13874533333;14074533333;10240;10228
2434;14006176000;13874533333;14074533333;10240;10228
2435;14009593000;13874533333;14074533333;10240;10228
2436;14009816000;13874533333;14074533333;10240;10228
2437;14038398000;13874533333;14074533333;10240;10228
2438;14038407000;13874533333;14074533333;10240;10228
2439;14038655000;13874533333;14074533333;10240;10228
2440;14038664000;13874533333;14074533333;10240;10228
2441;14038670000;13874533333;14074533333;10240;10228
2442;14038901000;13916200000;14116200000;10240;10228
2443;14038912000;13916200000;14116200000;10240;10228
2444;14039398000;13916200000;14116200000;10240;10228
2445;14039410000;13916200000;14116200000;10240;10228
2446;14039414000;13916200000;14116200000;10240;10228
2447;14039654000;13916200000;14116200000;10240;10228
2448;14039664000;13916200000;14116200000;10240;10228
2449;14039904000;13916200000;14116200000;10240;10228
2450;14039924000;13916200000;14116200000;10240;10228
2451;14040147000;13916200000;14116200000;10240;10228
2452;14040168000;13916200000;14116200000;10240;10228
2453;14045384000;13957966666;14157966666;10240;10228
2454;14045404000;13957966666;14157966666;10240;10228
2455;14045613000;13957966666;14157966666;10240;10228
2456;14045631000;13957966666;14157966666;10240;10228
2457;14060997000;13957966666;14157966666;10240;10228
2458;14078618000;13957966666;14157966666;10240;10228
2459;14078826000;13957966666;14157966666;10240;10228
2460;14079132000;13957966666;14157966666;10240;10228
2461;14079143000;13957966666;14157966666;10240;10228
2462;14087180000;13957966666;14157966666;10240;10228
2463;14090488000;13957966666;14157966666;10240;10228
2464;14090824000;13999644444;14199644444;10240;10228
2465;14119436000;13999644444;14199644444;10240;10228
2466;14119448000;13999644444;14199644444;10240;10228
2467;14119684000;13999644444;14199644444;10240;10228
2468;14119702000;13999644444;14199644444;10240;10228
2469;14119940000;13999644444;14199644444;10240;10228
2470;14119948000;13999644444;14199644444;10240;10228
2471;14120185000;13999644444;14199644444;10240;10228
2472;14120425000;13999644444;14199644444;10240;10228
2473;14120435000;13999644444;14199644444;10240;10228
2474;14120686000;13999644444;14199644444;10240;10228
2475;14123290000;14041233333;14241233333;10240;10228
2476;14123311000;14041233333;14241233333;10240;10228
2477;14123540000;14041233333;14241233333;10240;10228
2478;14123551000;14041233333;14241233333;10240;10228
2479;14123752000;14041233333;14241233333;10240;10228
2480;14123757000;14041233333;14241233333;10240;10228
2481;14126425000;14041233333;14241233333;10240;10228
2482;14126430000;14041233333;14241233333;10240;10228
2483;14126695000;14041233333;14241233333;10240;10228
2484;14126706000;14041233333;14241233333;10240;10228
2485;14141930000;14041233333;14241233333;10240;10228
2486;14164965000;14082855555;14282855555;10240;10228
2487;14164984000;14082855555;14282855555;10240;10228
2489;14165212000;14082855555;14282855555;10240;10228
2490;14171320000;14082855555;14282855555;10240;10228
2491;14171339000;14082855555;14282855555;10240;10228
2492;14171827000;14082855555;14282855555;10240;10228
2493;14200446000;14082855555;14282855555;10240;10228
2494;14200459000;14082855555;14282855555;10240;10228
2495;14200685000;14082855555;14282855555;10240;10228
2496;14200705000;14082855555;14282855555;10240;10228
2497;14206635000;14124555555;14324555555;10240;10228
2498;14206646000;14124555555;14324555555;10240;10228
2499;14206887000;14124555555;14324555555;10240;10228
2500;14206907000;14124555555;14324555555;10240;10228
2501;14207125000;14124555555;14324555555;10240;10228
2502;14207145000;14124555555;14324555555;10240;10228
2503;14207376000;14124555555;14324555555;10240;10228
2504;14207385000;14124555555;14324555555;10240;10228
2505;14207629000;14124555555;14324555555;10240;10228
2506;14207634000;14124555555;14324555555;10240;10228
2507;14207888000;14124555555;14324555555;10240;10228
2509;14248439000;14166266666;14366266666;10240;10228
2510;14248451000;14166266666;14366266666;10240;10228
2511;14248456000;14166266666;14366266666;10240;10228
2513;14248686000;14166266666;14366266666;10240;10228
2514;14248697000;14166266666;14366266666;10240;10228
2515;14248936000;14166266666;14366266666;10240;10228
2516;14248957000;14166266666;14366266666;10240;10228
2517;14252260000;14166266666;14366266666;10240;10228
2488;14252281000;14082855555;14282855555;10240;10228
2518;14288299000;14166266666;14366266666;10240;10228
2519;14289973000;14207933333;14407933333;10240;10228
2520;14289992000;14207933333;14407933333;10240;10228
2521;14290224000;14207933333;14407933333;10240;10228
2522;14329438000;14207933333;14407933333;10240;10228
2523;14329450000;14207933333;14407933333;10240;10228
2508;14329710000;14166266666;14366266666;10240;10228
2524;14329730000;14207933333;14407933333;10240;10228
2525;14329997000;14207933333;14407933333;10240;10228
2526;14330007000;14207933333;14407933333;10240;10228
2512;14330230000;14166266666;14366266666;10240;10228
2527;14330238000;14207933333;14407933333;10240;10228
2528;14330470000;14207933333;14407933333;10240;10228
2529;14333074000;14207933333;14407933333;10240;10228
2530;14368386000;14249588888;14449588888;10240;10228
2531;14369077000;14249588888;14449588888;10240;10228
2532;14369091000;14249588888;14449588888;10240;10228
2533;14370783000;14249588888;14449588888;10240;10228
2534;14371026000;14249588888;14449588888;10240;10228
2535;14371271000;14249588888;14449588888;10240;10228
2536;14410729000;14249588888;14449588888;10240;10228
2537;14410750000;14249588888;14449588888;10240;10228
2538;14410970000;14249588888;14449588888;10240;10228
2539;14410981000;14249588888;14449588888;10240;10228
2540;14411220000;14249588888;14449588888;10240;10228
2541;14411231000;14291222222;14491222222;10240;10228
2542;14411471000;14291222222;14491222222;10240;10228
2543;14411483000;14291222222;14491222222;10240;10228
2544;14411737000;14291222222;14491222222;10240;10228
2545;14414129000;14291222222;14491222222;10240;10228
2546;14450108000;14291222222;14491222222;10240;10228
2547;14450129000;14291222222;14491222222;10240;10228
2548;14450371000;14291222222;14491222222;10240;10228
2549;14452044000;14291222222;14491222222;10240;10228
2550;14452065000;14291222222;14491222222;10240;10228
2551;14452289000;14291222222;14491222222;10240;10228
2552;14491640000;14332855555;14532855555;10240;10228
2553;14491659000;14332855555;14532855555;10240;10228
2554;14491973000;14332855555;14532855555;10240;10228
2555;14491982000;14332855555;14532855555;10240;10228
2556;14492229000;14332855555;14532855555;10240;10228
2557;14492238000;14332855555;14532855555;10240;10228
2558;14492469000;14332855555;14532855555;10240;10228
2559;14492478000;14332855555;14532855555;10240;10228
2560;14495135000;14332855555;14532855555;10240;10228
2561;14495153000;14332855555;14532855555;10240;10228
2562;14495376000;14332855555;14532855555;10240;10228
2563;14495386000;14374522222;14574522222;10240;10228
2564;14531153000;14374522222;14574522222;10240;10228
2565;14531174000;14374522222;14574522222;10240;10228
2566;14533064000;14374522222;14574522222;10240;10228
2567;14533085000;14374522222;14574522222;10240;10228
2568;14572650000;14374522222;14574522222;10240;10228
2569;14572671000;14374522222;14574522222;10240;10228
2570;14572917000;14374522222;14574522222;10240;10228
2571;14573245000;14374522222;14574522222;10240;10228
2572;14573256000;14374522222;14574522222;10240;10228
2573;14573485000;14374522222;14574522222;10240;10228
2574;14573495000;14416200000;14616200000;10240;10228
2575;14573742000;14416200000;14616200000;10240;10228
2576;14573761000;14416200000;14616200000;10240;10228
2577;14573993000;14416200000;14616200000;10240;10228
2578;14576144000;14416200000;14616200000;10240;10228
2579;14576162000;14416200000;14616200000;10240;10228
2580;14576386000;14416200000;14616200000;10240;10228
2581;14581552000;14416200000;14616200000;10240;10228
2582;14612200000;14416200000;14616200000;10240;10228
2583;14612218000;14416200000;14616200000;10240;10228
2584;14613777000;14416200000;14616200000;10240;10228
2585;14614014000;14457866666;14657866666;10240;10228
2586;14614035000;14457866666;14657866666;10240;10228
2587;14653652000;14457866666;14657866666;10240;10228
2588;14653662000;14457866666;14657866666;10240;10228
2589;14654207000;14457866666;14657866666;10240;10228
2590;14654227000;14457866666;14657866666;10240;10228
2591;14654457000;14457866666;14657866666;10240;10228
2592;14654726000;14457866666;14657866666;10240;10228
2593;14654746000;14457866666;14657866666;10240;10228
2594;14654977000;14457866666;14657866666;10240;10228
2595;14654999000;14457866666;14657866666;10240;10228
2596;14655254000;14499555555;14699555555;10240;10228
2597;14657175000;14499555555;14699555555;10240;10228
2598;14657193000;14499555555;14699555555;10240;10228
2599;14657414000;14499555555;14699555555;10240;10228
2600;14662564000;14499555555;14699555555;10240;10228
2601;14662583000;14499555555;14699555555;10240;10228
2602;14693243000;14499555555;14699555555;10240;10228
2603;14693263000;14499555555;14699555555;10240;10228
2604;14695031000;14499555555;14699555555;10240;10228
2605;14695049000;14499555555;14699555555;10240;10228
2606;14734572000;14499555555;14699555555;10240;10228
2607;14734805000;14541222222;14741222222;10240;10228
2608;14734826000;14541222222;14741222222;10240;10228
2609;14735226000;14541222222;14741222222;10240;10228
2610;14735246000;14541222222;14741222222;10240;10228
2611;14735485000;14541222222;14741222222;10240;10228
2612;14735743000;14541222222;14741222222;10240;10228
2613;14735995000;14541222222;14741222222;10240;10228
2614;14736015000;14541222222;14741222222;10240;10228
2615;14738209000;14541222222;14741222222;10240;10228
2616;14738229000;14541222222;14741222222;10240;10228
2617;14738455000;14541222222;14741222222;10240;10228
2618;14738466000;14582833333;14782833333;10240;10228
2619;14738711000;14582833333;14782833333;10240;10228
2620;14738729000;14582833333;14782833333;10240;10228
2621;14743558000;14582833333;14782833333;10240;10228
2622;14743567000;14582833333;14782833333;10240;10228
2623;14774283000;14582833333;14782833333;10240;10228
2624;14774301000;14582833333;14782833333;10240;10228
2625;14775796000;14582833333;14782833333;10240;10228
2626;14775816000;14582833333;14782833333;10240;10228
2627;14815835000;14582833333;14782833333;10240;10228
2628;14815866000;14582833333;14782833333;10240;10228
2629;14816067000;14624544444;14824544444;10240;10228
2630;14816088000;14624544444;14824544444;10240;10228
2631;14816337000;14624544444;14824544444;10240;10228
2632;14816735000;14624544444;14824544444;10240;10228
2633;14816754000;14624544444;14824544444;10240;10228
2634;14816987000;14624544444;14824544444;10240;10228
2635;14817005000;14624544444;14824544444;10240;10228
2636;14819242000;14624544444;14824544444;10240;10228
2637;14819261000;14624544444;14824544444;10240;10228
2638;14819754000;14624544444;14824544444;10240;10228
2639;14819764000;14624544444;14824544444;10240;10228
2640;14820002000;14666188888;14866188888;10240;10228
2641;14820023000;14666188888;14866188888;10240;10228
2642;14824570000;14666188888;14866188888;10240;10228
2643;14824591000;14666188888;14866188888;10240;10228
2644;14830715000;14666188888;14866188888;10240;10228
2645;14855319000;14666188888;14866188888;10240;10228
2646;14855338000;14666188888;14866188888;10240;10228
2647;14856707000;14666188888;14866188888;10240;10228
2648;14856716000;14666188888;14866188888;10240;10228
2649;14896821000;14666188888;14866188888;10240;10228
2650;14896841000;14666188888;14866188888;10240;10228
2651;14897081000;14707833333;14907833333;10240;10228
2652;14897101000;14707833333;14907833333;10240;10228
2653;14897545000;14707833333;14907833333;10240;10228
2654;14897567000;14707833333;14907833333;10240;10228
2655;14898046000;14707833333;14907833333;10240;10228
2656;14898067000;14707833333;14907833333;10240;10228
2657;14900266000;14707833333;14907833333;10240;10228
2658;14900286000;14707833333;14907833333;10240;10228
2659;14900775000;14707833333;14907833333;10240;10228
2660;14900794000;14707833333;14907833333;10240;10228
2661;14901027000;14707833333;14907833333;10240;10228
2662;14901049000;14749533333;14949533333;10240;10228
2663;14901265000;14749533333;14949533333;10240;10228
2664;14901284000;14749533333;14949533333;10240;10228
2665;14905587000;14749533333;14949533333;10240;10228
2666;14905607000;14749533333;14949533333;10240;10228
2667;14917180000;14749533333;14949533333;10240;10228
2668;14936340000;14749533333;14949533333;10240;10228
2669;14936361000;14749533333;14949533333;10240;10228
2670;14937727000;14749533333;14949533333;10240;10228
2671;14937747000;14749533333;14949533333;10240;10228
2672;14977722000;14749533333;14949533333;10240;10228
2673;14977972000;14791188888;14991188888;10240;10228
2674;14977991000;14791188888;14991188888;10240;10228
2675;14978242000;14791188888;14991188888;10240;10228
2676;14981287000;14791188888;14991188888;10240;10228
2677;14981307000;14791188888;14991188888;10240;10228
2678;14981548000;14791188888;14991188888;10240;10228
2679;14981568000;14791188888;14991188888;10240;10228
2680;14981792000;14791188888;14991188888;10240;10228
2681;14981810000;14791188888;14991188888;10240;10228
2682;14982047000;14791188888;14991188888;10240;10228
2683;14982065000;14791188888;14991188888;10240;10228
2684;14982295000;14832822222;15032822222;10240;10228
2685;14982304000;14832822222;15032822222;10240;10228
2686;14982495000;14832822222;15032822222;10240;10228
2687;14982500000;14832822222;15032822222;10240;10228
2688;14986565000;14832822222;15032822222;10240;10228
2689;14986569000;14832822222;15032822222;10240;10228
2690;14993480000;14832822222;15032822222;10240;10228
2691;15003658000;14832822222;15032822222;10240;10228
2692;15017385000;14832822222;15032822222;10240;10228
2693;15017396000;14832822222;15032822222;10240;10228
2694;15018583000;14832822222;15032822222;10240;10228
2695;15018855000;14874522222;15074522222;10240;10228
2696;15058731000;14874522222;15074522222;10240;10228
2697;15058751000;14874522222;15074522222;10240;10228
2698;15058987000;14874522222;15074522222;10240;10228
2699;15062311000;14874522222;15074522222;10240;10228
2700;15062330000;14874522222;15074522222;10240;10228
2701;15062577000;14874522222;15074522222;10240;10228
2702;15062605000;14874522222;15074522222;10240;10228
2703;15062815000;14874522222;15074522222;10240;10228
2704;15062835000;14874522222;15074522222;10240;10228
2705;15063060000;14874522222;15074522222;10240;10228
2706;15063082000;14916200000;15116200000;10240;10228
2707;15063303000;14916200000;15116200000;10240;10228
2708;15063323000;14916200000;15116200000;10240;10228
2709;15063521000;14916200000;15116200000;10240;10228
2710;15063533000;14916200000;15116200000;10240;10228
2711;15063775000;14916200000;15116200000;10240;10228
2712;15063793000;14916200000;15116200000;10240;10228
2713;15067573000;14916200000;15116200000;10240;10228
2714;15067876000;14916200000;15116200000;10240;10228
2715;15079916000;14916200000;15116200000;10240;10228
2716;15089977000;14916200000;15116200000;10240;10228
2717;15098417000;14957844444;15157844444;10240;10228
2718;15098427000;14957844444;15157844444;10240;10228
2719;15099483000;14957844444;15157844444;10240;10228
2720;15105165000;14957844444;15157844444;10240;10228
2721;15139731000;14957844444;15157844444;10240;10228
2722;15139749000;14957844444;15157844444;10240;10228
2723;15143597000;14957844444;15157844444;10240;10228
2724;15143615000;14957844444;15157844444;10240;10228
2725;15143820000;14957844444;15157844444;10240;10228
2726;15143838000;14957844444;15157844444;10240;10228
2727;15144068000;14957844444;15157844444;10240;10228
2728;15144090000;14999522222;15199522222;10240;10228
2729;15144308000;14999522222;15199522222;10240;10228
2730;15144327000;14999522222;15199522222;10240;10228
2731;15144569000;14999522222;15199522222;10240;10228
2732;15144590000;14999522222;15199522222;10240;10228
2733;15144813000;14999522222;15199522222;10240;10228
2734;15144834000;14999522222;15199522222;10240;10228
2735;15145066000;14999522222;15199522222;10240;10228
2736;15145078000;14999522222;15199522222;10240;10228
2737;15145082000;14999522222;15199522222;10240;10228
2738;15148493000;14999522222;15199522222;10240;10228
2739;15148720000;15041200000;15241200000;10240;10228
2740;15156194000;15041200000;15241200000;10240;10228
2741;15166378000;15041200000;15241200000;10240;10228
2742;15171008000;15041200000;15241200000;10240;10228
2743;15179469000;15041200000;15241200000;10240;10228
2744;15179481000;15041200000;15241200000;10240;10228
2745;15186118000;15041200000;15241200000;10240;10228
2746;15186136000;15041200000;15241200000;10240;10228
2747;15220720000;15041200000;15241200000;10240;10228
2748;15220738000;15041200000;15241200000;10240;10228
2749;15224497000;15041200000;15241200000;10240;10228
2750;15224743000;15082811111;15282811111;10240;10228
2751;15224765000;15082811111;15282811111;10240;10228
2752;15224990000;15082811111;15282811111;10240;10228
2753;15225012000;15082811111;15282811111;10240;10228
2754;15225231000;15082811111;15282811111;10240;10228
2755;15225251000;15082811111;15282811111;10240;10228
2756;15225565000;15082811111;15282811111;10240;10228
2757;15225585000;15082811111;15282811111;10240;10228
2758;15225820000;15082811111;15282811111;10240;10228
2759;15225828000;15082811111;15282811111;10240;10228
2760;15226059000;15082811111;15282811111;10240;10228
2761;15226068000;15124511111;15324511111;10240;10228
2762;15226313000;15124511111;15324511111;10240;10228
2763;15226322000;15124511111;15324511111;10240;10228
2764;15226516000;15124511111;15324511111;10240;10228
2765;15229501000;15124511111;15324511111;10240;10228
2766;15237231000;15124511111;15324511111;10240;10228
2767;15237251000;15124511111;15324511111;10240;10228
2768;15252045000;15124511111;15324511111;10240;10228
2769;15252065000;15124511111;15324511111;10240;10228
2770;15260518000;15124511111;15324511111;10240;10228
2771;15260539000;15124511111;15324511111;10240;10228
2772;15266867000;15166200000;15366200000;10240;10228
2773;15267118000;15166200000;15366200000;10240;10228
2774;15301723000;15166200000;15366200000;10240;10228
2775;15301744000;15166200000;15366200000;10240;10228
2776;15305547000;15166200000;15366200000;10240;10228
2777;15305559000;15166200000;15366200000;10240;10228
2778;15305794000;15166200000;15366200000;10240;10228
2779;15306029000;15166200000;15366200000;10240;10228
2780;15306049000;15166200000;15366200000;10240;10228
2781;15306273000;15166200000;15366200000;10240;10228
2782;15306293000;15166200000;15366200000;10240;10228
2783;15306574000;15207833333;15407833333;10240;10228
2784;15306594000;15207833333;15407833333;10240;10228
2785;15306828000;15207833333;15407833333;10240;10228
2786;15306839000;15207833333;15407833333;10240;10228
2787;15307069000;15207833333;15407833333;10240;10228
2788;15307306000;15207833333;15407833333;10240;10228
2789;15307311000;15207833333;15407833333;10240;10228
2790;15307563000;15207833333;15407833333;10240;10228
2791;15307567000;15207833333;15407833333;10240;10228
2792;15307826000;15207833333;15407833333;10240;10228
2793;15318168000;15207833333;15407833333;10240;10228
2794;15331644000;15249522222;15449522222;10240;10228
2795;15331665000;15249522222;15449522222;10240;10228
2796;15333095000;15249522222;15449522222;10240;10228
2797;15333117000;15249522222;15449522222;10240;10228
2798;15341581000;15249522222;15449522222;10240;10228
2799;15341602000;15249522222;15449522222;10240;10228
2800;15348118000;15249522222;15449522222;10240;10228
2801;15348139000;15249522222;15449522222;10240;10228
2802;15382704000;15249522222;15449522222;10240;10228
2803;15382725000;15249522222;15449522222;10240;10228
2804;15386460000;15249522222;15449522222;10240;10228
2805;15386720000;15291222222;15491222222;10240;10228
2806;15387030000;15291222222;15491222222;10240;10228
2807;15387050000;15291222222;15491222222;10240;10228
2808;15387278000;15291222222;15491222222;10240;10228
2809;15387287000;15291222222;15491222222;10240;10228
2810;15387541000;15291222222;15491222222;10240;10228
2811;15387550000;15291222222;15491222222;10240;10228
2812;15387780000;15291222222;15491222222;10240;10228
2813;15387789000;15291222222;15491222222;10240;10228
2814;15388028000;15291222222;15491222222;10240;10228
2815;15388038000;15291222222;15491222222;10240;10228
2816;15414987000;15332855555;15532855555;10240;10228
2817;15415006000;15332855555;15532855555;10240;10228
2818;15415225000;15332855555;15532855555;10240;10228
2819;15415247000;15332855555;15532855555;10240;10228
2820;15415469000;15332855555;15532855555;10240;10228
2821;15415480000;15332855555;15532855555;10240;10228
2822;15415690000;15332855555;15532855555;10240;10228
2823;15415695000;15332855555;15532855555;10240;10228
2824;15416001000;15332855555;15532855555;10240;10228
2825;15416023000;15332855555;15532855555;10240;10228
2826;15422508000;15332855555;15532855555;10240;10228
2828;15456668000;15374566666;15574566666;10240;10228
2829;15456689000;15374566666;15574566666;10240;10228
2830;15456898000;15374566666;15574566666;10240;10228
2831;15463719000;15374566666;15574566666;10240;10228
2832;15463730000;15374566666;15574566666;10240;10228
2833;15467490000;15374566666;15574566666;10240;10228
2834;15468033000;15374566666;15574566666;10240;10228
2835;15468054000;15374566666;15574566666;10240;10228
2836;15468267000;15374566666;15574566666;10240;10228
2837;15468288000;15374566666;15574566666;10240;10228
2838;15498315000;15416244444;15616244444;10240;10228
2839;15498336000;15416244444;15616244444;10240;10228
2840;15498577000;15416244444;15616244444;10240;10228
2841;15498607000;15416244444;15616244444;10240;10228
2842;15498812000;15416244444;15616244444;10240;10228
2843;15498823000;15416244444;15616244444;10240;10228
2844;15499070000;15416244444;15616244444;10240;10228
2845;15499080000;15416244444;15616244444;10240;10228
2846;15499306000;15416244444;15616244444;10240;10228
2847;15499327000;15416244444;15616244444;10240;10228
2848;15499568000;15416244444;15616244444;10240;10228
2827;15537891000;15374566666;15574566666;10240;10228
2849;15549062000;15457900000;15657900000;10240;10228
2850;15549081000;15457900000;15657900000;10240;10228
2851;15549320000;15457900000;15657900000;10240;10228
2852;15579334000;15457900000;15657900000;10240;10228
2853;15579354000;15457900000;15657900000;10240;10228
2854;15579615000;15457900000;15657900000;10240;10228
2855;15579643000;15457900000;15657900000;10240;10228
2856;15579884000;15457900000;15657900000;10240;10228
2857;15579903000;15457900000;15657900000;10240;10228
2858;15580138000;15457900000;15657900000;10240;10228
2859;15580148000;15457900000;15657900000;10240;10228
2860;15581634000;15499522222;15699522222;10240;10228
2864;15630072000;15499522222;15699522222;10240;10228
2865;15630098000;15499522222;15699522222;10240;10228
2866;15630311000;15499522222;15699522222;10240;10228
2867;15630333000;15499522222;15699522222;10240;10228
2868;15639357000;15499522222;15699522222;10240;10228
2869;15660379000;15499522222;15699522222;10240;10228
2870;15660399000;15499522222;15699522222;10240;10228
2871;15660623000;15541233333;15741233333;10240;10228
2872;15660634000;15541233333;15741233333;10240;10228
2873;15660883000;15541233333;15741233333;10240;10228
2874;15660905000;15541233333;15741233333;10240;10228
2875;15661125000;15541233333;15741233333;10240;10228
2876;15661146000;15541233333;15741233333;10240;10228
2877;15669913000;15541233333;15741233333;10240;10228
2878;15711164000;15541233333;15741233333;10240;10228
2879;15711183000;15541233333;15741233333;10240;10228
2880;15711401000;15541233333;15741233333;10240;10228
2881;15711410000;15541233333;15741233333;10240;10228
2882;15711662000;15582811111;15782811111;10240;10228
2883;15711680000;15582811111;15782811111;10240;10228
2884;15711927000;15582811111;15782811111;10240;10228
2885;15720418000;15582811111;15782811111;10240;10228
2886;15741416000;15582811111;15782811111;10240;10228
2887;15741684000;15582811111;15782811111;10240;10228
2888;15741694000;15582811111;15782811111;10240;10228
2889;15741710000;15582811111;15782811111;10240;10228
2890;15741952000;15582811111;15782811111;10240;10228
2891;15741972000;15582811111;15782811111;10240;10228
2892;15742156000;15582811111;15782811111;10240;10228
2893;15742176000;15624522222;15824522222;10240;10228
2894;15750907000;15624522222;15824522222;10240;10228
2895;15792072000;15624522222;15824522222;10240;10228
2896;15792090000;15624522222;15824522222;10240;10228
2897;15792432000;15624522222;15824522222;10240;10228
2898;15792442000;15624522222;15824522222;10240;10228
2899;15792704000;15624522222;15824522222;10240;10228
2900;15792725000;15624522222;15824522222;10240;10228
2901;15792951000;15624522222;15824522222;10240;10228
2902;15792971000;15624522222;15824522222;10240;10228
2903;15801398000;15624522222;15824522222;10240;10228
2904;15822523000;15666166666;15866166666;10240;10228
2905;15822756000;15666166666;15866166666;10240;10228
2906;15822778000;15666166666;15866166666;10240;10228
2907;15822981000;15666166666;15866166666;10240;10228
2908;15823001000;15666166666;15866166666;10240;10228
2909;15823238000;15666166666;15866166666;10240;10228
2910;15823248000;15666166666;15866166666;10240;10228
2911;15823451000;15666166666;15866166666;10240;10228
2912;15831952000;15666166666;15866166666;10240;10228
2913;15873141000;15666166666;15866166666;10240;10228
2916;15874009000;15707822222;15907822222;10240;10228
2917;15874033000;15707822222;15907822222;10240;10228
2918;15874256000;15707822222;15907822222;10240;10228
2919;15874277000;15707822222;15907822222;10240;10228
2920;15882450000;15707822222;15907822222;10240;10228
2921;15882461000;15707822222;15907822222;10240;10228
2922;15882719000;15707822222;15907822222;10240;10228
2923;15903830000;15707822222;15907822222;10240;10228
2924;15903848000;15707822222;15907822222;10240;10228
2925;15904105000;15707822222;15907822222;10240;10228
2926;15904124000;15749511111;15949511111;10240;10228
2927;15904326000;15749511111;15949511111;10240;10228
2928;15904337000;15749511111;15949511111;10240;10228
2929;15904624000;15749511111;15949511111;10240;10228
2930;15904635000;15749511111;15949511111;10240;10228
2931;15918979000;15749511111;15949511111;10240;10228
2932;15955024000;15749511111;15949511111;10240;10228
2933;15955044000;15749511111;15949511111;10240;10228
2934;15955230000;15749511111;15949511111;10240;10228
2935;15955251000;15749511111;15949511111;10240;10228
2936;15955475000;15749511111;15949511111;10240;10228
2937;15955486000;15791200000;15991200000;10240;10228
2938;15955726000;15791200000;15991200000;10240;10228
2939;15963474000;15791200000;15991200000;10240;10228
2941;15963724000;15791200000;15991200000;10240;10228
2942;15984866000;15791200000;15991200000;10240;10228
2943;15984875000;15791200000;15991200000;10240;10228
2944;15985103000;15791200000;15991200000;10240;10228
2945;15985108000;15791200000;15991200000;10240;10228
2946;15985359000;15791200000;15991200000;10240;10228
2947;15985365000;15791200000;15991200000;10240;10228
2948;15985613000;15832833333;16032833333;10240;10228
2949;15985622000;15832833333;16032833333;10240;10228
2950;15999898000;15832833333;16032833333;10240;10228
2951;16036057000;15832833333;16032833333;10240;10228
2952;16036070000;15832833333;16032833333;10240;10228
2953;16036294000;15832833333;16032833333;10240;10228
2954;16036305000;15832833333;16032833333;10240;10228
2955;16036580000;15832833333;16032833333;10240;10228
2956;16036600000;15832833333;16032833333;10240;10228
2957;16036806000;15832833333;16032833333;10240;10228
2959;16044779000;15874511111;16074511111;10240;10228
2960;16044806000;15874511111;16074511111;10240;10228
2961;16045027000;15874511111;16074511111;10240;10228
2962;16065892000;15874511111;16074511111;10240;10228
2963;16065901000;15874511111;16074511111;10240;10228
2964;16066135000;15874511111;16074511111;10240;10228
2965;16066145000;15874511111;16074511111;10240;10228
2966;16066372000;15874511111;16074511111;10240;10228
2967;16066384000;15874511111;16074511111;10240;10228
2968;16066593000;15874511111;16074511111;10240;10228
2969;16066611000;15874511111;16074511111;10240;10228
2970;16080846000;15916188888;16116188888;10240;10228
2971;16117001000;15916188888;16116188888;10240;10228
2972;16117011000;15916188888;16116188888;10240;10228
2973;16117261000;15916188888;16116188888;10240;10228
2974;16117518000;15916188888;16116188888;10240;10228
2975;16117531000;15916188888;16116188888;10240;10228
2976;16117757000;15916188888;16116188888;10240;10228
2977;16117770000;15916188888;16116188888;10240;10228
2978;16125823000;15916188888;16116188888;10240;10228
2979;16125836000;15916188888;16116188888;10240;10228
2980;16126065000;15916188888;16116188888;10240;10228
2981;16126077000;15957833333;16157833333;10240;10228
2982;16146943000;15957833333;16157833333;10240;10228
2983;16146952000;15957833333;16157833333;10240;10228
2984;16147192000;15957833333;16157833333;10240;10228
2985;16147210000;15957833333;16157833333;10240;10228
2986;16147432000;15957833333;16157833333;10240;10228
2987;16147441000;15957833333;16157833333;10240;10228
2988;16147646000;15957833333;16157833333;10240;10228
2990;16161859000;15957833333;16157833333;10240;10228
2991;16197864000;15957833333;16157833333;10240;10228
2992;16198114000;15999544444;16199544444;10240;10228
2993;16198135000;15999544444;16199544444;10240;10228
2994;16198360000;15999544444;16199544444;10240;10228
2995;16198380000;15999544444;16199544444;10240;10228
2996;16198767000;15999544444;16199544444;10240;10228
2997;16198776000;15999544444;16199544444;10240;10228
2998;16206829000;15999544444;16199544444;10240;10228
2999;16206849000;15999544444;16199544444;10240;10228
3000;16207079000;15999544444;16199544444;10240;10228
3001;16207090000;15999544444;16199544444;10240;10228
3002;16227873000;15999544444;16199544444;10240;10228
3003;16228117000;16041188888;16241188888;10240;10228
3004;16228138000;16041188888;16241188888;10240;10228
3005;16228355000;16041188888;16241188888;10240;10228
3006;16228366000;16041188888;16241188888;10240;10228
3007;16228610000;16041188888;16241188888;10240;10228
3008;16228620000;16041188888;16241188888;10240;10228
3009;16242780000;16041188888;16241188888;10240;10228
3010;16242800000;16041188888;16241188888;10240;10228
3011;16278817000;16041188888;16241188888;10240;10228
3012;16279086000;16041188888;16241188888;10240;10228
3013;16279101000;16041188888;16241188888;10240;10228
3014;16279330000;16082800000;16282800000;10240;10228
3015;16279352000;16082800000;16282800000;10240;10228
3016;16279773000;16082800000;16282800000;10240;10228
3017;16279784000;16082800000;16282800000;10240;10228
3018;16287842000;16082800000;16282800000;10240;10228
3019;16287855000;16082800000;16282800000;10240;10228
3020;16288090000;16082800000;16282800000;10240;10228
3021;16288104000;16082800000;16282800000;10240;10228
3022;16308931000;16082800000;16282800000;10240;10228
3023;16308943000;16082800000;16282800000;10240;10228
3024;16309158000;16082800000;16282800000;10240;10228
3025;16309169000;16124500000;16324500000;10240;10228
3026;16309400000;16124500000;16324500000;10240;10228
3027;16309654000;16124500000;16324500000;10240;10228
3028;16309666000;16124500000;16324500000;10240;10228
3029;16323800000;16124500000;16324500000;10240;10228
3030;16323820000;16124500000;16324500000;10240;10228
3031;16360034000;16124500000;16324500000;10240;10228
3032;16360057000;16124500000;16324500000;10240;10228
3033;16360254000;16124500000;16324500000;10240;10228
3034;16360285000;16124500000;16324500000;10240;10228
3035;16360501000;16124500000;16324500000;10240;10228
3036;16360522000;16166188888;16366188888;10240;10228
3037;16360763000;16166188888;16366188888;10240;10228
3038;16360782000;16166188888;16366188888;10240;10228
3039;16368825000;16166188888;16366188888;10240;10228
3040;16368846000;16166188888;16366188888;10240;10228
3041;16369075000;16166188888;16366188888;10240;10228
3042;16369096000;16166188888;16366188888;10240;10228
3043;16389967000;16166188888;16366188888;10240;10228
3044;16389980000;16166188888;16366188888;10240;10228
3045;16390195000;16166188888;16366188888;10240;10228
3046;16390217000;16166188888;16366188888;10240;10228
3047;16390436000;16207822222;16407822222;10240;10228
3048;16390698000;16207822222;16407822222;10240;10228
3049;16390717000;16207822222;16407822222;10240;10228
3050;16404625000;16207822222;16407822222;10240;10228
3051;16411892000;16207822222;16407822222;10240;10228
3052;16440951000;16207822222;16407822222;10240;10228
3053;16440972000;16207822222;16407822222;10240;10228
3054;16441209000;16207822222;16407822222;10240;10228
3055;16441443000;16207822222;16407822222;10240;10228
3056;16441456000;16207822222;16407822222;10240;10228
3057;16441461000;16207822222;16407822222;10240;10228
3058;16441723000;16249522222;16449522222;10240;10228
3059;16441744000;16249522222;16449522222;10240;10228
3060;16447421000;16249522222;16449522222;10240;10228
3061;16449835000;16249522222;16449522222;10240;10228
3062;16449855000;16249522222;16449522222;10240;10228
3063;16450056000;16249522222;16449522222;10240;10228
3064;16450307000;16249522222;16449522222;10240;10228
3065;16470998000;16249522222;16449522222;10240;10228
3066;16471010000;16249522222;16449522222;10240;10228
3067;16471255000;16249522222;16449522222;10240;10228
3068;16471276000;16249522222;16449522222;10240;10228
3069;16471682000;16291177777;16491177777;10240;10228
3070;16471703000;16291177777;16491177777;10240;10228
3071;16477765000;16291177777;16491177777;10240;10228
3072;16492949000;16291177777;16491177777;10240;10228
3073;16492971000;16291177777;16491177777;10240;10228
3074;16521983000;16291177777;16491177777;10240;10228
3075;16522004000;16291177777;16491177777;10240;10228
3076;16522415000;16291177777;16491177777;10240;10228
3077;16522657000;16291177777;16491177777;10240;10228
3078;16522670000;16291177777;16491177777;10240;10228
3079;16522682000;16291177777;16491177777;10240;10228
3080;16522918000;16332833333;16532833333;10240;10228
3081;16530876000;16332833333;16532833333;10240;10228
3082;16530895000;16332833333;16532833333;10240;10228
3083;16531095000;16332833333;16532833333;10240;10228
3084;16531116000;16332833333;16532833333;10240;10228
3085;16531350000;16332833333;16532833333;10240;10228
3086;16531359000;16332833333;16532833333;10240;10228
3087;16538582000;16332833333;16532833333;10240;10228
3088;16552009000;16332833333;16532833333;10240;10228
3089;16552032000;16332833333;16532833333;10240;10228
3090;16552244000;16332833333;16532833333;10240;10228
3091;16552276000;16374500000;16574500000;10240;10228
3092;16552673000;16374500000;16574500000;10240;10228
3093;16552694000;16374500000;16574500000;10240;10228
3094;16563746000;16374500000;16574500000;10240;10228
3095;16573768000;16374500000;16574500000;10240;10228
3096;16573788000;16374500000;16574500000;10240;10228
3097;16603001000;16374500000;16574500000;10240;10228
3098;16603023000;16374500000;16574500000;10240;10228
3099;16603650000;16374500000;16574500000;10240;10228
3101;16603672000;16374500000;16574500000;10240;10228
3102;16603899000;16416177777;16616177777;10240;10228
3103;16603921000;16416177777;16616177777;10240;10228
3104;16604157000;16416177777;16616177777;10240;10228
3105;16609498000;16416177777;16616177777;10240;10228
3106;16611880000;16416177777;16616177777;10240;10228
3107;16611891000;16416177777;16616177777;10240;10228
3108;16612129000;16416177777;16616177777;10240;10228
3109;16612149000;16416177777;16616177777;10240;10228
3110;16612372000;16416177777;16616177777;10240;10228
3111;16612383000;16416177777;16616177777;10240;10228
3112;16624671000;16416177777;16616177777;10240;10228
3113;16633051000;16457822222;16657822222;10240;10228
3114;16633072000;16457822222;16657822222;10240;10228
3115;16633295000;16457822222;16657822222;10240;10228
3116;16633686000;16457822222;16657822222;10240;10228
3117;16633695000;16457822222;16657822222;10240;10228
3118;16640034000;16457822222;16657822222;10240;10228
3119;16650196000;16457822222;16657822222;10240;10228
3120;16654818000;16457822222;16657822222;10240;10228
3121;16654828000;16457822222;16657822222;10240;10228
3122;16684015000;16457822222;16657822222;10240;10228
3123;16684037000;16457822222;16657822222;10240;10228
3124;16684692000;16499522222;16699522222;10240;10228
3125;16684713000;16499522222;16699522222;10240;10228
3126;16684944000;16499522222;16699522222;10240;10228
3127;16684966000;16499522222;16699522222;10240;10228
3128;16685194000;16499522222;16699522222;10240;10228
3130;16690525000;16499522222;16699522222;10240;10228
3131;16692879000;16499522222;16699522222;10240;10228
3132;16692890000;16499522222;16699522222;10240;10228
3133;16693141000;16499522222;16699522222;10240;10228
3134;16693161000;16499522222;16699522222;10240;10228
3135;16693384000;16541177777;16741177777;10240;10228
3136;16693395000;16541177777;16741177777;10240;10228
3137;16705707000;16541177777;16741177777;10240;10228
3138;16714093000;16541177777;16741177777;10240;10228
3139;16714114000;16541177777;16741177777;10240;10228
3140;16714338000;16541177777;16741177777;10240;10228
3141;16714684000;16541177777;16741177777;10240;10228
3142;16714693000;16541177777;16741177777;10240;10228
3143;16721093000;16541177777;16741177777;10240;10228
3144;16731209000;16541177777;16741177777;10240;10228
3145;16735755000;16541177777;16741177777;10240;10228
3146;16736002000;16582811111;16782811111;10240;10228
3147;16765031000;16582811111;16782811111;10240;10228
3148;16765051000;16582811111;16782811111;10240;10228
3149;16765736000;16582811111;16782811111;10240;10228
3150;16765747000;16582811111;16782811111;10240;10228
3151;16765987000;16582811111;16782811111;10240;10228
3152;16766008000;16582811111;16782811111;10240;10228
3153;16766225000;16582811111;16782811111;10240;10228
3154;16766246000;16582811111;16782811111;10240;10228
3155;16771537000;16582811111;16782811111;10240;10228
3156;16771559000;16582811111;16782811111;10240;10228
3157;16774417000;16624544444;16824544444;10240;10228
3158;16774428000;16624544444;16824544444;10240;10228
3159;16774658000;16624544444;16824544444;10240;10228
3160;16774677000;16624544444;16824544444;10240;10228
3161;16774910000;16624544444;16824544444;10240;10228
3162;16774930000;16624544444;16824544444;10240;10228
3163;16786761000;16624544444;16824544444;10240;10228
3164;16795134000;16624544444;16824544444;10240;10228
3165;16795155000;16624544444;16824544444;10240;10228
3166;16795384000;16624544444;16824544444;10240;10228
3167;16795635000;16624544444;16824544444;10240;10228
3168;16795883000;16666200000;16866200000;10240;10228
3169;16802130000;16666200000;16866200000;10240;10228
3170;16812228000;16666200000;16866200000;10240;10228
3171;16816820000;16666200000;16866200000;10240;10228
3172;16816839000;16666200000;16866200000;10240;10228
3173;16846058000;16666200000;16866200000;10240;10228
3174;16846086000;16666200000;16866200000;10240;10228
3175;16846774000;16666200000;16866200000;10240;10228
3176;16846794000;16666200000;16866200000;10240;10228
3177;16847025000;16666200000;16866200000;10240;10228
3178;16847045000;16666200000;16866200000;10240;10228
3179;16847269000;16707833333;16907833333;10240;10228
3180;16847290000;16707833333;16907833333;10240;10228
3181;16852536000;16707833333;16907833333;10240;10228
3182;16852548000;16707833333;16907833333;10240;10228
3183;16855463000;16707833333;16907833333;10240;10228
3184;16855475000;16707833333;16907833333;10240;10228
3185;16855714000;16707833333;16907833333;10240;10228
3186;16855735000;16707833333;16907833333;10240;10228
3188;16855963000;16707833333;16907833333;10240;10228
3189;16867665000;16707833333;16907833333;10240;10228
3190;16876180000;16749522222;16949522222;10240;10228
3191;16876190000;16749522222;16949522222;10240;10228
3192;16876419000;16749522222;16949522222;10240;10228
3193;16876674000;16749522222;16949522222;10240;10228
3194;16876927000;16749522222;16949522222;10240;10228
3195;16883186000;16749522222;16949522222;10240;10228
3196;16893250000;16749522222;16949522222;10240;10228
3197;16897734000;16749522222;16949522222;10240;10228
3198;16897745000;16749522222;16949522222;10240;10228
3199;16927073000;16749522222;16949522222;10240;10228
3200;16927093000;16749522222;16949522222;10240;10228
3201;16927808000;16791166666;16991166666;10240;10228
3202;16927819000;16791166666;16991166666;10240;10228
3203;16928064000;16791166666;16991166666;10240;10228
3204;16928083000;16791166666;16991166666;10240;10228
3205;16928298000;16791166666;16991166666;10240;10228
3206;16928316000;16791166666;16991166666;10240;10228
3207;16928569000;16791166666;16991166666;10240;10228
3208;16933571000;16791166666;16991166666;10240;10228
3209;16936497000;16791166666;16991166666;10240;10228
3210;16936506000;16791166666;16991166666;10240;10228
3211;16936740000;16791166666;16991166666;10240;10228
3212;16936749000;16832822222;17032822222;10240;10228
3213;16936996000;16832822222;17032822222;10240;10228
3214;16937016000;16832822222;17032822222;10240;10228
3215;16937265000;16832822222;17032822222;10240;10228
3216;16948669000;16832822222;17032822222;10240;10228
3217;16957244000;16832822222;17032822222;10240;10228
3220;16957686000;16832822222;17032822222;10240;10228
3221;16957944000;16832822222;17032822222;10240;10228
3222;16964133000;16832822222;17032822222;10240;10228
3223;16974252000;16874522222;17074522222;10240;10228
3224;16978707000;16874522222;17074522222;10240;10228
3225;16978717000;16874522222;17074522222;10240;10228
3226;17008110000;16874522222;17074522222;10240;10228
3227;17008130000;16874522222;17074522222;10240;10228
3228;17008836000;16874522222;17074522222;10240;10228
3229;17008846000;16874522222;17074522222;10240;10228
3230;17009087000;16874522222;17074522222;10240;10228
3231;17009108000;16874522222;17074522222;10240;10228
3232;17009323000;16874522222;17074522222;10240;10228
3233;17009344000;16874522222;17074522222;10240;10228
3234;17009585000;16916188888;17116188888;10240;10228
3235;17014586000;16916188888;17116188888;10240;10228
3236;17017550000;16916188888;17116188888;10240;10228
3237;17017562000;16916188888;17116188888;10240;10228
3238;17017790000;16916188888;17116188888;10240;10228
3239;17017802000;16916188888;17116188888;10240;10228
3240;17018040000;16916188888;17116188888;10240;10228
3241;17018051000;16916188888;17116188888;10240;10228
3242;17026492000;16916188888;17116188888;10240;10228
3243;17036661000;16916188888;17116188888;10240;10228
3244;17038589000;16916188888;17116188888;10240;10228
3245;17040006000;16957844444;17157844444;10240;10228
3246;17040027000;16957844444;17157844444;10240;10228
3247;17040242000;16957844444;17157844444;10240;10228
3248;17040263000;16957844444;17157844444;10240;10228
3249;17045197000;16957844444;17157844444;10240;10228
3250;17055281000;16957844444;17157844444;10240;10228
3251;17059742000;16957844444;17157844444;10240;10228
3252;17059762000;16957844444;17157844444;10240;10228
3253;17089137000;16957844444;17157844444;10240;10228
3254;17089388000;16957844444;17157844444;10240;10228
3255;17089798000;16957844444;17157844444;10240;10228
3256;17090043000;16999555555;17199555555;10240;10228
3258;17090064000;16999555555;17199555555;10240;10228
3259;17090286000;16999555555;17199555555;10240;10228
3260;17090307000;16999555555;17199555555;10240;10228
3261;17090584000;16999555555;17199555555;10240;10228
3262;17095629000;16999555555;17199555555;10240;10228
3263;17098588000;16999555555;17199555555;10240;10228
3264;17098609000;16999555555;17199555555;10240;10228
3265;17098805000;16999555555;17199555555;10240;10228
3266;17098818000;16999555555;17199555555;10240;10228
3267;17123309000;17041177777;17241177777;10240;10228
3269;17123329000;17041177777;17241177777;10240;10228
3270;17123582000;17041177777;17241177777;10240;10228
3271;17123602000;17041177777;17241177777;10240;10228
3272;17123811000;17041177777;17241177777;10240;10228
3273;17123820000;17041177777;17241177777;10240;10228
3274;17124062000;17041177777;17241177777;10240;10228
3275;17124072000;17041177777;17241177777;10240;10228
3276;17133271000;17041177777;17241177777;10240;10228
3277;17138301000;17041177777;17241177777;10240;10228
3278;17164944000;17082866666;17282866666;10240;10228
3279;17164963000;17082866666;17282866666;10240;10228
3280;17170157000;17082866666;17282866666;10240;10228
3281;17170178000;17082866666;17282866666;10240;10228
3282;17170392000;17082866666;17282866666;10240;10228
3283;17170831000;17082866666;17282866666;10240;10228
3284;17170842000;17082866666;17282866666;10240;10228
3285;17171086000;17082866666;17282866666;10240;10228
3286;17171096000;17082866666;17282866666;10240;10228
3257;17171330000;16999555555;17199555555;10240;10228
3268;17204348000;17041177777;17241177777;10240;10228
3287;17204861000;17082866666;17282866666;10240;10228
3288;17204881000;17082866666;17282866666;10240;10228
3289;17214178000;17124533333;17324533333;10240;10228
3290;17219317000;17124533333;17324533333;10240;10228
3291;17245934000;17124533333;17324533333;10240;10228
3292;17245957000;17124533333;17324533333;10240;10228
3293;17246195000;17124533333;17324533333;10240;10228
3294;17251182000;17124533333;17324533333;10240;10228
3296;17251200000;17124533333;17324533333;10240;10228
3297;17251840000;17124533333;17324533333;10240;10228
3298;17251849000;17124533333;17324533333;10240;10228
3299;17252074000;17124533333;17324533333;10240;10228
3300;17252092000;17166200000;17366200000;10240;10228
3301;17285906000;17166200000;17366200000;10240;10228
3302;17285924000;17166200000;17366200000;10240;10228
3303;17286178000;17166200000;17366200000;10240;10228
3304;17286197000;17166200000;17366200000;10240;10228
3305;17300250000;17166200000;17366200000;10240;10228
3306;17300260000;17166200000;17366200000;10240;10228
3307;17326931000;17166200000;17366200000;10240;10228
3308;17326951000;17166200000;17366200000;10240;10228
3309;17332204000;17166200000;17366200000;10240;10228
3310;17332224000;17166200000;17366200000;10240;10228
3312;17332453000;17207855555;17407855555;10240;10228
3313;17332872000;17207855555;17407855555;10240;10228
3314;17332893000;17207855555;17407855555;10240;10228
3315;17333122000;17207855555;17407855555;10240;10228
3316;17333141000;17207855555;17407855555;10240;10228
3317;17366947000;17207855555;17407855555;10240;10228
3318;17366967000;17207855555;17407855555;10240;10228
3319;17367174000;17207855555;17407855555;10240;10228
3320;17367194000;17207855555;17407855555;10240;10228
3321;17381052000;17207855555;17407855555;10240;10228
3322;17381300000;17249522222;17449522222;10240;10228
3323;17407922000;17249522222;17449522222;10240;10228
3324;17407943000;17249522222;17449522222;10240;10228
3325;17413263000;17249522222;17449522222;10240;10228
3326;17413284000;17249522222;17449522222;10240;10228
3327;17413480000;17249522222;17449522222;10240;10228
3328;17413492000;17249522222;17449522222;10240;10228
3329;17413849000;17249522222;17449522222;10240;10228
3330;17413869000;17249522222;17449522222;10240;10228
3331;17414116000;17249522222;17449522222;10240;10228
3332;17414136000;17249522222;17449522222;10240;10228
3334;17447995000;17291211111;17491211111;10240;10228
3335;17448023000;17291211111;17491211111;10240;10228
3336;17448229000;17291211111;17491211111;10240;10228
3337;17462111000;17291211111;17491211111;10240;10228
3338;17462132000;17291211111;17491211111;10240;10228
3339;17488835000;17291211111;17491211111;10240;10228
3340;17488847000;17291211111;17491211111;10240;10228
3341;17494277000;17291211111;17491211111;10240;10228
3342;17494298000;17291211111;17491211111;10240;10228
3343;17494538000;17291211111;17491211111;10240;10228
3344;17494559000;17332877777;17532877777;10240;10228
3345;17494826000;17332877777;17532877777;10240;10228
3346;17494837000;17332877777;17532877777;10240;10228
3347;17495088000;17332877777;17532877777;10240;10228
3348;17495335000;17332877777;17532877777;10240;10228
3349;17529016000;17332877777;17532877777;10240;10228
3350;17529035000;17332877777;17532877777;10240;10228
3351;17529268000;17332877777;17532877777;10240;10228
3352;17529277000;17332877777;17532877777;10240;10228
3353;17543044000;17332877777;17532877777;10240;10228
3354;17543066000;17332877777;17532877777;10240;10228
3355;17569855000;17374511111;17574511111;10240;10228
3356;17570101000;17374511111;17574511111;10240;10228
3357;17575300000;17374511111;17574511111;10240;10228
3358;17575324000;17374511111;17574511111;10240;10228
3359;17575553000;17374511111;17574511111;10240;10228
3360;17575565000;17374511111;17574511111;10240;10228
3361;17575846000;17374511111;17574511111;10240;10228
3362;17575859000;17374511111;17574511111;10240;10228
3363;17576098000;17374511111;17574511111;10240;10228
3364;17576111000;17374511111;17574511111;10240;10228
3365;17609960000;17374511111;17574511111;10240;10228
3366;17610213000;17416200000;17616200000;10240;10228
3368;17610232000;17416200000;17616200000;10240;10228
3369;17610483000;17416200000;17616200000;10240;10228
3370;17623939000;17416200000;17616200000;10240;10228
3371;17623960000;17416200000;17616200000;10240;10228
3372;17650565000;17416200000;17616200000;10240;10228
3373;17651088000;17416200000;17616200000;10240;10228
3374;17656311000;17416200000;17616200000;10240;10228
3375;17656331000;17416200000;17616200000;10240;10228
3376;17656556000;17416200000;17616200000;10240;10228
3377;17656576000;17457833333;17657833333;10240;10228
3378;17656901000;17457833333;17657833333;10240;10228
3379;17656910000;17457833333;17657833333;10240;10228
3380;17657144000;17457833333;17657833333;10240;10228
3381;17657163000;17457833333;17657833333;10240;10228
3382;17690886000;17457833333;17657833333;10240;10228
3383;17691236000;17457833333;17657833333;10240;10228
3384;17691259000;17457833333;17657833333;10240;10228
3385;17691479000;17457833333;17657833333;10240;10228
3387;17691492000;17457833333;17657833333;10240;10228
3388;17704993000;17499544444;17699544444;10240;10228
3389;17705006000;17499544444;17699544444;10240;10228
3390;17731538000;17499544444;17699544444;10240;10228
3391;17732139000;17499544444;17699544444;10240;10228
3392;17737337000;17499544444;17699544444;10240;10228
3393;17737347000;17499544444;17699544444;10240;10228
3394;17737618000;17499544444;17699544444;10240;10228
3395;17737638000;17499544444;17699544444;10240;10228
3396;17737896000;17499544444;17699544444;10240;10228
3397;17737907000;17499544444;17699544444;10240;10228
3398;17738137000;17499544444;17699544444;10240;10228
3399;17738148000;17541188888;17741188888;10240;10228
3400;17771811000;17541188888;17741188888;10240;10228
3401;17772232000;17541188888;17741188888;10240;10228
3402;17772244000;17541188888;17741188888;10240;10228
3403;17772481000;17541188888;17741188888;10240;10228
3404;17772492000;17541188888;17741188888;10240;10228
3405;17772744000;17541188888;17741188888;10240;10228
3406;17786006000;17541188888;17741188888;10240;10228
3407;17786030000;17541188888;17741188888;10240;10228
3408;17812553000;17541188888;17741188888;10240;10228
3409;17818177000;17541188888;17741188888;10240;10228
3410;17818410000;17582822222;17782822222;10240;10228
3411;17818423000;17582822222;17782822222;10240;10228
3412;17818667000;17582822222;17782822222;10240;10228
3413;17818679000;17582822222;17782822222;10240;10228
3414;17818910000;17582822222;17782822222;10240;10228
3415;17818922000;17582822222;17782822222;10240;10228
3416;17819165000;17582822222;17782822222;10240;10228
3417;17819196000;17582822222;17782822222;10240;10228
3418;17852822000;17582822222;17782822222;10240;10228
3419;17853236000;17582822222;17782822222;10240;10228
3420;17853249000;17582822222;17782822222;10240;10228
3421;17853495000;17624555555;17824555555;10240;10228
3422;17853508000;17624555555;17824555555;10240;10228
3423;17860142000;17624555555;17824555555;10240;10228
3424;17867036000;17624555555;17824555555;10240;10228
3425;17867058000;17624555555;17824555555;10240;10228
3426;17893536000;17624555555;17824555555;10240;10228
3427;17898961000;17624555555;17824555555;10240;10228
3428;17899415000;17624555555;17824555555;10240;10228
3429;17899677000;17624555555;17824555555;10240;10228
3431;17899697000;17624555555;17824555555;10240;10228
3432;17899955000;17666211111;17866211111;10240;10228
3433;17899975000;17666211111;17866211111;10240;10228
3434;17900215000;17666211111;17866211111;10240;10228
3435;17900235000;17666211111;17866211111;10240;10228
3436;17900425000;17666211111;17866211111;10240;10228
3437;17933820000;17666211111;17866211111;10240;10228
3438;17934230000;17666211111;17866211111;10240;10228
3439;17934242000;17666211111;17866211111;10240;10228
3440;17934474000;17666211111;17866211111;10240;10228
3441;17941010000;17666211111;17866211111;10240;10228
3442;17941030000;17666211111;17866211111;10240;10228
3443;17948072000;17707833333;17907833333;10240;10228
3444;17948093000;17707833333;17907833333;10240;10228
3445;17979960000;17707833333;17907833333;10240;10228
3446;17979971000;17707833333;17907833333;10240;10228
3447;17980703000;17707833333;17907833333;10240;10228
3448;17980714000;17707833333;17907833333;10240;10228
3449;17980952000;17707833333;17907833333;10240;10228
3450;17980973000;17707833333;17907833333;10240;10228
3451;17981196000;17707833333;17907833333;10240;10228
3452;17981227000;17707833333;17907833333;10240;10228
3453;17981470000;17707833333;17907833333;10240;10228
3454;17981483000;17749533333;17949533333;10240;10228
3455;17981669000;17749533333;17949533333;10240;10228
3456;18014801000;17749533333;17949533333;10240;10228
3457;18015238000;17749533333;17949533333;10240;10228
3458;18015252000;17749533333;17949533333;10240;10228
3459;18015487000;17749533333;17949533333;10240;10228
3460;18021980000;17749533333;17949533333;10240;10228
3461;18022001000;17749533333;17949533333;10240;10228
3462;18029120000;17749533333;17949533333;10240;10228
3463;18029140000;17749533333;17949533333;10240;10228
3464;18060882000;17749533333;17949533333;10240;10228
3465;18061131000;17791177777;17991177777;10240;10228
3466;18061754000;17791177777;17991177777;10240;10228
3467;18061767000;17791177777;17991177777;10240;10228
3468;18062031000;17791177777;17991177777;10240;10228
3469;18062043000;17791177777;17991177777;10240;10228
3470;18062249000;17791177777;17991177777;10240;10228
3471;18062271000;17791177777;17991177777;10240;10228
3472;18062493000;17791177777;17991177777;10240;10228
3473;18062508000;17791177777;17991177777;10240;10228
3474;18062756000;17791177777;17991177777;10240;10228
3475;18062769000;17791177777;17991177777;10240;10228
3476;18095840000;17832855555;18032855555;10240;10228
3477;18096242000;17832855555;18032855555;10240;10228
3478;18096264000;17832855555;18032855555;10240;10228
3480;18102739000;17832855555;18032855555;10240;10228
3481;18102765000;17832855555;18032855555;10240;10228
3482;18109922000;17832855555;18032855555;10240;10228
3483;18109935000;17832855555;18032855555;10240;10228
3484;18141894000;17832855555;18032855555;10240;10228
3485;18141907000;17832855555;18032855555;10240;10228
3486;18142689000;17832855555;18032855555;10240;10228
3487;18142942000;17874533333;18074533333;10240;10228
3488;18142953000;17874533333;18074533333;10240;10228
3489;18143181000;17874533333;18074533333;10240;10228
3490;18143203000;17874533333;18074533333;10240;10228
3491;18143490000;17874533333;18074533333;10240;10228
3492;18143503000;17874533333;18074533333;10240;10228
3493;18143747000;17874533333;18074533333;10240;10228
3494;18143787000;17874533333;18074533333;10240;10228
3495;18143991000;17874533333;18074533333;10240;10228
3496;18144025000;17874533333;18074533333;10240;10228
3497;18177180000;17874533333;18074533333;10240;10228
3498;18177427000;17916188888;18116188888;10240;10228
3499;18183637000;17916188888;18116188888;10240;10228
3500;18183659000;17916188888;18116188888;10240;10228
3501;18183889000;17916188888;18116188888;10240;10228
3502;18183903000;17916188888;18116188888;10240;10228
3503;18190830000;17916188888;18116188888;10240;10228
3504;18190842000;17916188888;18116188888;10240;10228
3505;18222898000;17916188888;18116188888;10240;10228
3506;18222910000;17916188888;18116188888;10240;10228
3507;18223727000;17916188888;18116188888;10240;10228
3508;18223747000;17916188888;18116188888;10240;10228
3509;18223988000;17957855555;18157855555;10240;10228
3510;18224216000;17957855555;18157855555;10240;10228
3511;18224228000;17957855555;18157855555;10240;10228
3512;18224500000;17957855555;18157855555;10240;10228
3513;18224520000;17957855555;18157855555;10240;10228
3514;18224756000;17957855555;18157855555;10240;10228
3515;18224769000;17957855555;18157855555;10240;10228
3516;18225004000;17957855555;18157855555;10240;10228
3517;18225016000;17957855555;18157855555;10240;10228
3518;18258209000;17957855555;18157855555;10240;10228
3519;18258223000;17957855555;18157855555;10240;10228
3520;18264505000;17999522222;18199522222;10240;10228
3521;18264535000;17999522222;18199522222;10240;10228
3522;18264747000;17999522222;18199522222;10240;10228
3523;18264777000;17999522222;18199522222;10240;10228
3524;18271870000;17999522222;18199522222;10240;10228
3526;18303906000;17999522222;18199522222;10240;10228
3527;18303932000;17999522222;18199522222;10240;10228
3528;18304728000;17999522222;18199522222;10240;10228
3529;18304754000;17999522222;18199522222;10240;10228
3530;18304970000;17999522222;18199522222;10240;10228
3531;18304982000;18041200000;18241200000;10240;10228
3532;18305232000;18041200000;18241200000;10240;10228
3535;18305510000;18041200000;18241200000;10240;10228
3536;18305753000;18041200000;18241200000;10240;10228
3537;18305763000;18041200000;18241200000;10240;10228
3538;18305995000;18041200000;18241200000;10240;10228
3539;18306015000;18041200000;18241200000;10240;10228
3540;18339230000;18041200000;18241200000;10240;10228
3541;18339251000;18041200000;18241200000;10240;10228
3542;18345334000;18082811111;18282811111;10240;10228
3543;18345564000;18082811111;18282811111;10240;10228
3544;18345586000;18082811111;18282811111;10240;10228
3545;18352882000;18082811111;18282811111;10240;10228
3546;18352894000;18082811111;18282811111;10240;10228
3547;18384915000;18082811111;18282811111;10240;10228
3548;18384928000;18082811111;18282811111;10240;10228
3549;18385166000;18082811111;18282811111;10240;10228
3550;18385545000;18082811111;18282811111;10240;10228
3551;18385559000;18082811111;18282811111;10240;10228
3552;18385809000;18082811111;18282811111;10240;10228
3553;18385842000;18124522222;18324522222;10240;10228
3554;18386215000;18124522222;18324522222;10240;10228
3555;18386491000;18124522222;18324522222;10240;10228
3556;18386502000;18124522222;18324522222;10240;10228
3557;18386704000;18124522222;18324522222;10240;10228
3558;18386997000;18124522222;18324522222;10240;10228
3559;18387009000;18124522222;18324522222;10240;10228
3560;18387021000;18124522222;18324522222;10240;10228
3561;18387249000;18124522222;18324522222;10240;10228
3562;18420235000;18124522222;18324522222;10240;10228
3563;18420256000;18124522222;18324522222;10240;10228
3564;18426318000;18166188888;18366188888;10240;10228
3565;18426581000;18166188888;18366188888;10240;10228
3566;18426604000;18166188888;18366188888;10240;10228
3567;18433808000;18166188888;18366188888;10240;10228
3568;18434060000;18166188888;18366188888;10240;10228
3569;18465926000;18166188888;18366188888;10240;10228
3570;18465938000;18166188888;18366188888;10240;10228
3571;18466174000;18166188888;18366188888;10240;10228
3572;18466540000;18166188888;18366188888;10240;10228
3573;18466553000;18166188888;18366188888;10240;10228
3574;18466781000;18166188888;18366188888;10240;10228
3575;18466804000;18207833333;18407833333;10240;10228
3576;18467196000;18207833333;18407833333;10240;10228
3577;18467463000;18207833333;18407833333;10240;10228
3578;18467475000;18207833333;18407833333;10240;10228
3579;18467998000;18207833333;18407833333;10240;10228
3580;18468019000;18207833333;18407833333;10240;10228
3581;18468243000;18207833333;18407833333;10240;10228
3582;18468273000;18207833333;18407833333;10240;10228
3583;18468489000;18207833333;18407833333;10240;10228
3584;18501297000;18207833333;18407833333;10240;10228
3585;18501319000;18207833333;18407833333;10240;10228
3586;18507122000;18249533333;18449533333;10240;10228
3587;18507618000;18249533333;18449533333;10240;10228
3588;18507650000;18249533333;18449533333;10240;10228
3589;18514789000;18249533333;18449533333;10240;10228
3590;18515097000;18249533333;18449533333;10240;10228
3591;18515118000;18249533333;18449533333;10240;10228
3592;18515339000;18249533333;18449533333;10240;10228
3593;18547588000;18249533333;18449533333;10240;10228
3594;18547617000;18249533333;18449533333;10240;10228
3595;18547836000;18249533333;18449533333;10240;10228
3596;18547867000;18249533333;18449533333;10240;10228
3597;18548059000;18291200000;18491200000;10240;10228
3598;18548071000;18291200000;18491200000;10240;10228
3599;18548323000;18291200000;18491200000;10240;10228
3600;18548344000;18291200000;18491200000;10240;10228
3601;18548622000;18291200000;18491200000;10240;10228
3602;18549045000;18291200000;18491200000;10240;10228
3603;18549078000;18291200000;18491200000;10240;10228
3604;18549304000;18291200000;18491200000;10240;10228
3605;18549327000;18291200000;18491200000;10240;10228
3606;18549523000;18291200000;18491200000;10240;10228
3607;18549547000;18291200000;18491200000;10240;10228
3608;18582250000;18332855555;18532855555;10240;10228
3609;18582273000;18332855555;18532855555;10240;10228
3610;18588616000;18332855555;18532855555;10240;10228
3611;18588638000;18332855555;18532855555;10240;10228
3612;18595808000;18332855555;18532855555;10240;10228
3613;18595839000;18332855555;18532855555;10240;10228
3614;18596097000;18332855555;18532855555;10240;10228
3615;18596311000;18332855555;18532855555;10240;10228
3616;18596334000;18332855555;18532855555;10240;10228
3617;18602673000;18332855555;18532855555;10240;10228
3620;18628697000;18374522222;18574522222;10240;10228
3621;18628719000;18374522222;18574522222;10240;10228
3622;18628870000;18374522222;18574522222;10240;10228
3623;18628895000;18374522222;18574522222;10240;10228
3624;18629435000;18374522222;18574522222;10240;10228
3625;18629459000;18374522222;18574522222;10240;10228
3626;18630097000;18374522222;18574522222;10240;10228
3627;18630119000;18374522222;18574522222;10240;10228
3628;18630346000;18374522222;18574522222;10240;10228
3629;18630369000;18374522222;18574522222;10240;10228
3630;18630592000;18416177777;18616177777;10240;10228
3631;18630609000;18416177777;18616177777;10240;10228
3632;18630820000;18416177777;18616177777;10240;10228
3633;18663332000;18416177777;18616177777;10240;10228
3634;18663353000;18416177777;18616177777;10240;10228
3635;18669649000;18416177777;18616177777;10240;10228
3636;18669673000;18416177777;18616177777;10240;10228
3637;18676823000;18416177777;18616177777;10240;10228
3638;18676845000;18416177777;18616177777;10240;10228
3639;18677322000;18416177777;18616177777;10240;10228
3640;18677343000;18416177777;18616177777;10240;10228
3641;18683736000;18457844444;18657844444;10240;10228
3642;18683759000;18457844444;18657844444;10240;10228
3643;18683999000;18457844444;18657844444;10240;10228
3644;18709727000;18457844444;18657844444;10240;10228
3645;18709748000;18457844444;18657844444;10240;10228
3646;18709970000;18457844444;18657844444;10240;10228
3647;18710000000;18457844444;18657844444;10240;10228
3648;18710203000;18457844444;18657844444;10240;10228
3649;18710235000;18457844444;18657844444;10240;10228
3650;18710454000;18457844444;18657844444;10240;10228
3651;18710477000;18457844444;18657844444;10240;10228
3652;18711127000;18499544444;18699544444;10240;10228
3653;18711166000;18499544444;18699544444;10240;10228
3654;18711352000;18499544444;18699544444;10240;10228
3655;18711377000;18499544444;18699544444;10240;10228
3656;18711580000;18499544444;18699544444;10240;10228
3657;18711603000;18499544444;18699544444;10240;10228
3658;18711809000;18499544444;18699544444;10240;10228
3659;18744316000;18499544444;18699544444;10240;10228
3660;18744336000;18499544444;18699544444;10240;10228
3661;18750576000;18499544444;18699544444;10240;10228
3662;18750599000;18499544444;18699544444;10240;10228
3663;18757796000;18541211111;18741211111;10240;10228
3664;18757817000;18541211111;18741211111;10240;10228
3665;18758360000;18541211111;18741211111;10240;10228
3666;18758384000;18541211111;18741211111;10240;10228
3667;18764834000;18541211111;18741211111;10240;10228
3668;18764855000;18541211111;18741211111;10240;10228
3669;18765097000;18541211111;18741211111;10240;10228
3670;18790777000;18541211111;18741211111;10240;10228
3671;18790807000;18541211111;18741211111;10240;10228
3674;18791018000;18582822222;18782822222;10240;10228
3675;18791051000;18582822222;18782822222;10240;10228
3676;18791528000;18582822222;18782822222;10240;10228
3677;18791547000;18582822222;18782822222;10240;10228
3678;18792173000;18582822222;18782822222;10240;10228
3679;18792193000;18582822222;18782822222;10240;10228
3680;18792413000;18582822222;18782822222;10240;10228
3681;18792424000;18582822222;18782822222;10240;10228
3682;18792665000;18582822222;18782822222;10240;10228
3683;18792686000;18582822222;18782822222;10240;10228
3684;18792875000;18582822222;18782822222;10240;10228
3685;18825265000;18624533333;18824533333;10240;10228
3686;18825286000;18624533333;18824533333;10240;10228
3687;18831583000;18624533333;18824533333;10240;10228
3688;18831858000;18624533333;18824533333;10240;10228
3689;18838862000;18624533333;18824533333;10240;10228
3690;18838883000;18624533333;18824533333;10240;10228
3691;18839368000;18624533333;18824533333;10240;10228
3692;18839381000;18624533333;18824533333;10240;10228
3693;18845939000;18624533333;18824533333;10240;10228
3694;18845962000;18624533333;18824533333;10240;10228
3695;18846179000;18624533333;18824533333;10240;10228
3696;18846201000;18666177777;18866177777;10240;10228
3697;18871849000;18666177777;18866177777;10240;10228
3698;18871871000;18666177777;18866177777;10240;10228
3699;18872068000;18666177777;18866177777;10240;10228
3700;18872100000;18666177777;18866177777;10240;10228
3701;18872331000;18666177777;18866177777;10240;10228
3702;18872343000;18666177777;18866177777;10240;10228
3703;18872502000;18666177777;18866177777;10240;10228
3704;18872524000;18666177777;18866177777;10240;10228
3705;18873158000;18666177777;18866177777;10240;10228
3706;18873187000;18666177777;18866177777;10240;10228
3707;18873408000;18707822222;18907822222;10240;10228
3708;18873417000;18707822222;18907822222;10240;10228
3709;18873738000;18707822222;18907822222;10240;10228
3710;18873757000;18707822222;18907822222;10240;10228
3711;18873940000;18707822222;18907822222;10240;10228
3712;18906376000;18707822222;18907822222;10240;10228
3713;18906388000;18707822222;18907822222;10240;10228
3714;18912656000;18707822222;18907822222;10240;10228
3715;18912913000;18707822222;18907822222;10240;10228
3716;18919882000;18707822222;18907822222;10240;10228
3717;18919903000;18707822222;18907822222;10240;10228
3718;18920396000;18749522222;18949522222;10240;10228
3719;18920405000;18749522222;18949522222;10240;10228
3720;18927016000;18749522222;18949522222;10240;10228
3721;18927034000;18749522222;18949522222;10240;10228
3722;18927290000;18749522222;18949522222;10240;10228
3723;18927299000;18749522222;18949522222;10240;10228
3726;18952932000;18749522222;18949522222;10240;10228
3727;18953158000;18749522222;18949522222;10240;10228
3728;18953178000;18749522222;18949522222;10240;10228
3729;18953557000;18791188888;18991188888;10240;10228
3730;18953568000;18791188888;18991188888;10240;10228
3731;18953811000;18791188888;18991188888;10240;10228
3732;18954206000;18791188888;18991188888;10240;10228
3733;18954227000;18791188888;18991188888;10240;10228
3734;18954448000;18791188888;18991188888;10240;10228
3735;18954460000;18791188888;18991188888;10240;10228
3736;18954774000;18791188888;18991188888;10240;10228
3737;18954794000;18791188888;18991188888;10240;10228
3738;18955033000;18791188888;18991188888;10240;10228
3739;18987346000;18791188888;18991188888;10240;10228
3740;18987545000;18832822222;19032822222;10240;10228
3741;18993445000;18832822222;19032822222;10240;10228
3742;18993754000;18832822222;19032822222;10240;10228
3743;19000887000;18832822222;19032822222;10240;10228
3744;19000901000;18832822222;19032822222;10240;10228
3745;19001367000;18832822222;19032822222;10240;10228
3746;19001382000;18832822222;19032822222;10240;10228
3747;19001617000;18832822222;19032822222;10240;10228
3748;19008024000;18832822222;19032822222;10240;10228
3749;19008036000;18832822222;19032822222;10240;10228
3750;19008255000;18832822222;19032822222;10240;10228
3751;19008264000;18874511111;19074511111;10240;10228
3752;19033702000;18874511111;19074511111;10240;10228
3753;19033714000;18874511111;19074511111;10240;10228
3754;19033944000;18874511111;19074511111;10240;10228
3755;19033957000;18874511111;19074511111;10240;10228
3756;19034185000;18874511111;19074511111;10240;10228
3757;19034617000;18874511111;19074511111;10240;10228
3758;19034637000;18874511111;19074511111;10240;10228
3759;19034838000;18874511111;19074511111;10240;10228
3760;19035161000;18874511111;19074511111;10240;10228
3761;19035175000;18874511111;19074511111;10240;10228
3762;19035407000;18916200000;19116200000;10240;10228
3763;19035419000;18916200000;19116200000;10240;10228
3764;19035749000;18916200000;19116200000;10240;10228
3765;19035766000;18916200000;19116200000;10240;10228
3766;19035989000;18916200000;19116200000;10240;10228
3767;19068262000;18916200000;19116200000;10240;10228
3768;19068532000;18916200000;19116200000;10240;10228
3769;19074285000;18916200000;19116200000;10240;10228
3771;19081912000;18916200000;19116200000;10240;10228
3772;19081939000;18916200000;19116200000;10240;10228
3773;19082367000;18957833333;19157833333;10240;10228
3774;19082377000;18957833333;19157833333;10240;10228
3775;19082630000;18957833333;19157833333;10240;10228
3776;19089054000;18957833333;19157833333;10240;10228
3777;19089069000;18957833333;19157833333;10240;10228
3778;19089290000;18957833333;19157833333;10240;10228
3779;19089302000;18957833333;19157833333;10240;10228
3780;19114588000;18957833333;19157833333;10240;10228
3781;19114603000;18957833333;19157833333;10240;10228
3782;19114908000;18957833333;19157833333;10240;10228
3783;19114923000;18957833333;19157833333;10240;10228
3784;19115164000;18999511111;19199511111;10240;10228
3785;19115622000;18999511111;19199511111;10240;10228
3786;19115643000;18999511111;19199511111;10240;10228
3787;19116207000;18999511111;19199511111;10240;10228
3788;19116230000;18999511111;19199511111;10240;10228
3789;19116427000;18999511111;19199511111;10240;10228
3790;19116434000;18999511111;19199511111;10240;10228
3791;19116739000;18999511111;19199511111;10240;10228
3792;19116758000;18999511111;19199511111;10240;10228
3793;19116987000;18999511111;19199511111;10240;10228
3794;19117007000;18999511111;19199511111;10240;10228
3795;19149245000;19041188888;19241188888;10240;10228
3796;19149606000;19041188888;19241188888;10240;10228
3797;19155263000;19041188888;19241188888;10240;10228
3798;19162943000;19041188888;19241188888;10240;10228
3799;19162963000;19041188888;19241188888;10240;10228
3800;19163218000;19041188888;19241188888;10240;10228
3801;19163429000;19041188888;19241188888;10240;10228
3802;19163438000;19041188888;19241188888;10240;10228
3803;19163706000;19041188888;19241188888;10240;10228
3804;19170134000;19041188888;19241188888;10240;10228
3805;19170155000;19041188888;19241188888;10240;10228
3806;19170357000;19082800000;19282800000;10240;10228
3807;19170375000;19082800000;19282800000;10240;10228
3808;19195584000;19082800000;19282800000;10240;10228
3809;19195604000;19082800000;19282800000;10240;10228
3810;19195853000;19082800000;19282800000;10240;10228
3811;19196108000;19082800000;19282800000;10240;10228
3812;19196350000;19082800000;19282800000;10240;10228
3813;19196674000;19082800000;19282800000;10240;10228
3814;19196694000;19082800000;19282800000;10240;10228
3815;19197229000;19082800000;19282800000;10240;10228
3816;19197241000;19082800000;19282800000;10240;10228
3817;19206682000;19124511111;19324511111;10240;10228
3818;19206702000;19124511111;19324511111;10240;10228
3819;19206938000;19124511111;19324511111;10240;10228
3820;19206957000;19124511111;19324511111;10240;10228
3821;19207184000;19124511111;19324511111;10240;10228
3822;19207205000;19124511111;19324511111;10240;10228
3823;19230127000;19124511111;19324511111;10240;10228
3824;19230631000;19124511111;19324511111;10240;10228
3825;19236193000;19124511111;19324511111;10240;10228
3826;19244001000;19124511111;19324511111;10240;10228
3827;19244022000;19124511111;19324511111;10240;10228
3829;19248306000;19166233333;19366233333;10240;10228
3830;19248338000;19166233333;19366233333;10240;10228
3831;19248589000;19166233333;19366233333;10240;10228
3832;19248600000;19166233333;19366233333;10240;10228
3833;19251208000;19166233333;19366233333;10240;10228
3835;19251230000;19166233333;19366233333;10240;10228
3837;19276538000;19166233333;19366233333;10240;10228
3838;19276549000;19166233333;19366233333;10240;10228
3839;19289989000;19207855555;19407855555;10240;10228
3840;19290008000;19207855555;19407855555;10240;10228
3841;19290239000;19207855555;19407855555;10240;10228
3842;19290258000;19207855555;19407855555;10240;10228
3843;19290478000;19207855555;19407855555;10240;10228
3844;19290487000;19207855555;19407855555;10240;10228
3845;19290732000;19207855555;19407855555;10240;10228
3846;19290751000;19207855555;19407855555;10240;10228
3847;19290974000;19207855555;19407855555;10240;10228
3848;19290983000;19207855555;19407855555;10240;10228
3849;19291186000;19207855555;19407855555;10240;10228
3828;19329684000;19166233333;19366233333;10240;10228
3834;19357666000;19166233333;19366233333;10240;10228
3850;19357686000;19249577777;19449577777;10240;10228
3851;19371031000;19249577777;19449577777;10240;10228
3852;19371054000;19249577777;19449577777;10240;10228
3853;19371285000;19249577777;19449577777;10240;10228
3854;19371318000;19249577777;19449577777;10240;10228
3855;19371530000;19249577777;19449577777;10240;10228
3856;19371551000;19249577777;19449577777;10240;10228
3857;19371773000;19249577777;19449577777;10240;10228
3859;19371794000;19249577777;19449577777;10240;10228
3860;19372033000;19249577777;19449577777;10240;10228
3861;19373321000;19291188888;19491188888;10240;10228
3862;19373342000;19291188888;19491188888;10240;10228
3863;19373557000;19291188888;19491188888;10240;10228
3864;19373577000;19291188888;19491188888;10240;10228
3865;19438731000;19291188888;19491188888;10240;10228
3866;19452143000;19291188888;19491188888;10240;10228
3867;19452164000;19291188888;19491188888;10240;10228
3868;19452412000;19291188888;19491188888;10240;10228
3869;19452421000;19291188888;19491188888;10240;10228
3870;19452649000;19291188888;19491188888;10240;10228
3871;19452658000;19291188888;19491188888;10240;10228
3872;19452893000;19332866666;19532866666;10240;10228
3873;19452912000;19332866666;19532866666;10240;10228
3874;19453168000;19332866666;19532866666;10240;10228
3875;19453190000;19332866666;19532866666;10240;10228
3876;19453367000;19332866666;19532866666;10240;10228
3877;19453378000;19332866666;19532866666;10240;10228
3878;19454392000;19332866666;19532866666;10240;10228
3879;19454404000;19332866666;19532866666;10240;10228
3880;19454602000;19332866666;19532866666;10240;10228
3881;19454613000;19332866666;19532866666;10240;10228
3882;19519550000;19332866666;19532866666;10240;10228
3883;19533217000;19374500000;19574500000;10240;10228
3884;19533236000;19374500000;19574500000;10240;10228
3885;19533463000;19374500000;19574500000;10240;10228
3886;19533473000;19374500000;19574500000;10240;10228
3887;19533720000;19374500000;19574500000;10240;10228
3888;19533739000;19374500000;19574500000;10240;10228
3889;19533960000;19374500000;19574500000;10240;10228
3890;19533981000;19374500000;19574500000;10240;10228
3891;19534234000;19374500000;19574500000;10240;10228
3892;19534252000;19374500000;19574500000;10240;10228
3893;19534453000;19374500000;19574500000;10240;10228
3894;19535467000;19416188888;19616188888;10240;10228
3895;19535476000;19416188888;19616188888;10240;10228
3896;19535672000;19416188888;19616188888;10240;10228
3897;19535681000;19416188888;19616188888;10240;10228
3898;19535874000;19416188888;19616188888;10240;10228
3899;19600473000;19416188888;19616188888;10240;10228
3900;19614294000;19416188888;19616188888;10240;10228
3901;19614314000;19416188888;19616188888;10240;10228
3902;19614530000;19416188888;19616188888;10240;10228
3903;19614550000;19416188888;19616188888;10240;10228
3904;19614794000;19416188888;19616188888;10240;10228
3905;19614814000;19457833333;19657833333;10240;10228
3906;19615046000;19457833333;19657833333;10240;10228
3907;19615066000;19457833333;19657833333;10240;10228
3908;19615319000;19457833333;19657833333;10240;10228
3909;19615330000;19457833333;19657833333;10240;10228
3910;19615573000;19457833333;19657833333;10240;10228
3911;19615595000;19457833333;19657833333;10240;10228
3912;19616522000;19457833333;19657833333;10240;10228
3913;19616541000;19457833333;19657833333;10240;10228
3915;19616721000;19457833333;19657833333;10240;10228
3916;19624246000;19499522222;19699522222;10240;10228
3917;19690436000;19499522222;19699522222;10240;10228
3919;19695382000;19499522222;19699522222;10240;10228
3920;19695403000;19499522222;19699522222;10240;10228
3921;19695584000;19499522222;19699522222;10240;10228
3922;19695604000;19499522222;19699522222;10240;10228
3923;19695892000;19499522222;19699522222;10240;10228
3924;19696136000;19499522222;19699522222;10240;10228
3925;19696155000;19499522222;19699522222;10240;10228
3926;19696379000;19499522222;19699522222;10240;10228
3927;19696390000;19541177777;19741177777;10240;10228
3928;19696617000;19541177777;19741177777;10240;10228
3929;19696639000;19541177777;19741177777;10240;10228
3930;19697588000;19541177777;19741177777;10240;10228
3931;19697609000;19541177777;19741177777;10240;10228
3932;19697795000;19541177777;19741177777;10240;10228
3933;19697806000;19541177777;19741177777;10240;10228
3934;19697992000;19541177777;19741177777;10240;10228
3935;19705358000;19541177777;19741177777;10240;10228
3936;19771446000;19541177777;19741177777;10240;10228
3937;19776358000;19541177777;19741177777;10240;10228
3938;19776580000;19582811111;19782811111;10240;10228
3939;19776600000;19582811111;19782811111;10240;10228
3940;19776849000;19582811111;19782811111;10240;10228
3941;19776860000;19582811111;19782811111;10240;10228
3942;19777144000;19582811111;19782811111;10240;10228
3943;19777154000;19582811111;19782811111;10240;10228
3944;19777370000;19582811111;19782811111;10240;10228
3945;19777379000;19582811111;19782811111;10240;10228
3946;19777612000;19582811111;19782811111;10240;10228
3947;19777630000;19582811111;19782811111;10240;10228
3948;19777813000;19582811111;19782811111;10240;10228
3949;19778544000;19624533333;19824533333;10240;10228
3950;19778772000;19624533333;19824533333;10240;10228
3951;19778784000;19624533333;19824533333;10240;10228
3952;19779101000;19624533333;19824533333;10240;10228
3953;19779111000;19624533333;19824533333;10240;10228
3955;19852469000;19624533333;19824533333;10240;10228
3956;19857408000;19624533333;19824533333;10240;10228
3957;19857417000;19624533333;19824533333;10240;10228
3963;19858170000;19666200000;19866200000;10240;10228
3964;19858189000;19666200000;19866200000;10240;10228
3965;19858411000;19666200000;19866200000;10240;10228
3966;19858668000;19666200000;19866200000;10240;10228
3967;19858688000;19666200000;19866200000;10240;10228
3968;19858931000;19666200000;19866200000;10240;10228
3969;19859612000;19666200000;19866200000;10240;10228
3970;19859620000;19666200000;19866200000;10240;10228
3971;19859860000;19707833333;19907833333;10240;10228
3973;19859880000;19707833333;19907833333;10240;10228
3974;19938453000;19707833333;19907833333;10240;10228
3975;19938468000;19707833333;19907833333;10240;10228
3976;19938699000;19707833333;19907833333;10240;10228
3977;19938715000;19707833333;19907833333;10240;10228
3978;19939159000;19707833333;19907833333;10240;10228
3979;19939170000;19707833333;19907833333;10240;10228
3981;19939409000;19707833333;19907833333;10240;10228
3982;19939420000;19749522222;19949522222;10240;10228
3983;19939667000;19749522222;19949522222;10240;10228
3984;19939682000;19749522222;19949522222;10240;10228
3985;19939909000;19749522222;19949522222;10240;10228
3986;19939919000;19749522222;19949522222;10240;10228
3987;19940157000;19749522222;19949522222;10240;10228
3988;19940167000;19749522222;19949522222;10240;10228
3989;19940561000;19749522222;19949522222;10240;10228
3990;19940571000;19749522222;19949522222;10240;10228
3991;19940821000;19749522222;19949522222;10240;10228
3992;19940834000;19749522222;19949522222;10240;10228
3993;19941061000;19791166666;19991166666;10240;10228
3994;20019462000;19791166666;19991166666;10240;10228
3995;20019486000;19791166666;19991166666;10240;10228
3996;20019749000;19791166666;19991166666;10240;10228
3997;20019776000;19791166666;19991166666;10240;10228
3998;20020167000;19791166666;19991166666;10240;10228
3999;20020193000;19791166666;19991166666;10240;10228
4000;20020408000;19791166666;19991166666;10240;10228
4001;20020430000;19791166666;19991166666;10240;10228
4002;20020670000;19791166666;19991166666;10240;10228
4003;20020694000;19791166666;19991166666;10240;10228
4004;20020924000;19832833333;20032833333;10240;10228
4005;20020936000;19832833333;20032833333;10240;10228
4006;20021161000;19832833333;20032833333;10240;10228
4007;20021171000;19832833333;20032833333;10240;10228
4008;20021419000;19832833333;20032833333;10240;10228
4009;20021439000;19832833333;20032833333;10240;10228
4010;20021624000;19832833333;20032833333;10240;10228
4011;20021883000;19832833333;20032833333;10240;10228
4012;20021901000;19832833333;20032833333;10240;10228
4013;20022133000;19832833333;20032833333;10240;10228
4014;20100181000;19832833333;20032833333;10240;10228
4015;20100462000;19874522222;20074522222;10240;10228
4016;20100768000;19874522222;20074522222;10240;10228
4017;20100794000;19874522222;20074522222;10240;10228
4018;20101139000;19874522222;20074522222;10240;10228
4019;20101166000;19874522222;20074522222;10240;10228
4020;20101378000;19874522222;20074522222;10240;10228
4021;20101664000;19874522222;20074522222;10240;10228
4022;20101687000;19874522222;20074522222;10240;10228
4023;20101913000;19874522222;20074522222;10240;10228
4024;20101937000;19874522222;20074522222;10240;10228
4025;20102152000;19874522222;20074522222;10240;10228
4026;20102173000;19916188888;20116188888;10240;10228
4027;20102413000;19916188888;20116188888;10240;10228
4028;20102432000;19916188888;20116188888;10240;10228
4029;20102664000;19916188888;20116188888;10240;10228
4030;20102677000;19916188888;20116188888;10240;10228
4031;20102869000;19916188888;20116188888;10240;10228
4032;20102879000;19916188888;20116188888;10240;10228
4033;20103118000;19916188888;20116188888;10240;10228
4034;20103127000;19916188888;20116188888;10240;10228
4035;20181146000;19916188888;20116188888;10240;10228
4036;20181394000;19916188888;20116188888;10240;10228
4037;20181730000;19957866666;20157866666;10240;10228
4038;20181755000;19957866666;20157866666;10240;10228
4039;20181990000;19957866666;20157866666;10240;10228
4040;20182232000;19957866666;20157866666;10240;10228
4041;20182651000;19957866666;20157866666;10240;10228
4042;20182675000;19957866666;20157866666;10240;10228
4045;20182904000;19957866666;20157866666;10240;10228
4046;20182946000;19957866666;20157866666;10240;10228
4047;20183146000;19957866666;20157866666;10240;10228
4048;20183355000;19999522222;20199522222;10240;10228
4049;20183653000;19999522222;20199522222;10240;10228
4050;20183677000;19999522222;20199522222;10240;10228
4051;20183686000;19999522222;20199522222;10240;10228
4052;20183888000;19999522222;20199522222;10240;10228
4053;20183898000;19999522222;20199522222;10240;10228
4054;20184154000;19999522222;20199522222;10240;10228
4055;20184173000;19999522222;20199522222;10240;10228
4056;20193510000;19999522222;20199522222;10240;10228
4057;20262409000;19999522222;20199522222;10240;10228
4058;20262436000;19999522222;20199522222;10240;10228
4059;20262709000;20041177777;20241177777;10240;10228
4060;20262736000;20041177777;20241177777;10240;10228
4061;20263236000;20041177777;20241177777;10240;10228
4062;20263262000;20041177777;20241177777;10240;10228
4063;20263748000;20041177777;20241177777;10240;10228
4064;20263775000;20041177777;20241177777;10240;10228
4065;20264000000;20041177777;20241177777;10240;10228
4066;20264026000;20041177777;20241177777;10240;10228
4067;20264031000;20041177777;20241177777;10240;10228
4068;20264234000;20041177777;20241177777;10240;10228
4069;20264256000;20041177777;20241177777;10240;10228
4070;20264489000;20082811111;20282811111;10240;10228
4071;20264753000;20082811111;20282811111;10240;10228
4072;20264767000;20082811111;20282811111;10240;10228
4073;20264775000;20082811111;20282811111;10240;10228
4074;20264991000;20082811111;20282811111;10240;10228
4075;20265002000;20082811111;20282811111;10240;10228
4076;20265250000;20082811111;20282811111;10240;10228
4079;20343405000;20082811111;20282811111;10240;10228
4081;20343727000;20124511111;20324511111;10240;10228
4082;20343754000;20124511111;20324511111;10240;10228
4083;20344242000;20124511111;20324511111;10240;10228
4084;20344256000;20124511111;20324511111;10240;10228
4085;20344753000;20124511111;20324511111;10240;10228
4086;20344766000;20124511111;20324511111;10240;10228
4087;20345000000;20124511111;20324511111;10240;10228
4088;20345013000;20124511111;20324511111;10240;10228
4089;20345247000;20124511111;20324511111;10240;10228
4090;20345257000;20124511111;20324511111;10240;10228
4091;20345505000;20124511111;20324511111;10240;10228
4092;20345532000;20166177777;20366177777;10240;10228
4093;20345756000;20166177777;20366177777;10240;10228
4094;20345770000;20166177777;20366177777;10240;10228
4095;20345778000;20166177777;20366177777;10240;10228
4096;20345997000;20166177777;20366177777;10240;10228
4097;20346007000;20166177777;20366177777;10240;10228
4098;20346246000;20166177777;20366177777;10240;10228
4099;20346255000;20166177777;20366177777;10240;10228
4100;20424349000;20166177777;20366177777;10240;10228
4101;20424371000;20166177777;20366177777;10240;10228
4102;20424633000;20166177777;20366177777;10240;10228
4103;20424658000;20207822222;20407822222;10240;10228
4104;20424893000;20207822222;20407822222;10240;10228
4105;20424917000;20207822222;20407822222;10240;10228
4106;20425226000;20207822222;20407822222;10240;10228
4107;20425249000;20207822222;20407822222;10240;10228
4108;20425743000;20207822222;20407822222;10240;10228
4109;20425769000;20207822222;20407822222;10240;10228
4110;20425984000;20207822222;20407822222;10240;10228
4111;20426007000;20207822222;20407822222;10240;10228
4112;20426233000;20207822222;20407822222;10240;10228
4113;20426255000;20207822222;20407822222;10240;10228
4114;20426497000;20249533333;20449533333;10240;10228
4115;20426526000;20249533333;20449533333;10240;10228
4116;20426698000;20249533333;20449533333;10240;10228
4117;20426709000;20249533333;20449533333;10240;10228
4118;20426988000;20249533333;20449533333;10240;10228
4119;20427006000;20249533333;20449533333;10240;10228
4120;20427247000;20249533333;20449533333;10240;10228
4121;20427266000;20249533333;20449533333;10240;10228
4122;20427449000;20249533333;20449533333;10240;10228
4123;20505322000;20249533333;20449533333;10240;10228
4124;20505348000;20249533333;20449533333;10240;10228
4125;20505621000;20291188888;20491188888;10240;10228
4126;20505645000;20291188888;20491188888;10240;10228
4127;20505861000;20291188888;20491188888;10240;10228
4128;20505888000;20291188888;20491188888;10240;10228
4129;20506187000;20291188888;20491188888;10240;10228
4130;20506208000;20291188888;20491188888;10240;10228
4131;20506714000;20291188888;20491188888;10240;10228
4132;20506735000;20291188888;20491188888;10240;10228
4133;20506957000;20291188888;20491188888;10240;10228
4134;20506978000;20291188888;20491188888;10240;10228
4135;20507212000;20291188888;20491188888;10240;10228
4136;20507222000;20332866666;20532866666;10240;10228
4137;20507464000;20332866666;20532866666;10240;10228
4138;20507481000;20332866666;20532866666;10240;10228
4139;20507714000;20332866666;20532866666;10240;10228
4140;20507722000;20332866666;20532866666;10240;10228
4141;20507970000;20332866666;20532866666;10240;10228
4142;20507987000;20332866666;20532866666;10240;10228
4143;20508210000;20332866666;20532866666;10240;10228
4144;20508218000;20332866666;20532866666;10240;10228
4145;20508459000;20332866666;20532866666;10240;10228
4146;20508469000;20332866666;20532866666;10240;10228
4147;20508721000;20374511111;20574511111;10240;10228
4148;20586341000;20374511111;20574511111;10240;10228
4149;20586599000;20374511111;20574511111;10240;10228
4150;20586622000;20374511111;20574511111;10240;10228
4151;20586848000;20374511111;20574511111;10240;10228
4152;20587167000;20374511111;20574511111;10240;10228
4153;20587187000;20374511111;20574511111;10240;10228
4154;20587684000;20374511111;20574511111;10240;10228
4155;20587703000;20374511111;20574511111;10240;10228
4156;20587941000;20374511111;20574511111;10240;10228
4157;20587960000;20374511111;20574511111;10240;10228
4158;20588191000;20416166666;20616166666;10240;10228
4159;20588210000;20416166666;20616166666;10240;10228
4160;20588442000;20416166666;20616166666;10240;10228
4161;20588461000;20416166666;20616166666;10240;10228
4162;20588688000;20416166666;20616166666;10240;10228
4163;20588699000;20416166666;20616166666;10240;10228
4164;20588949000;20416166666;20616166666;10240;10228
4165;20588967000;20416166666;20616166666;10240;10228
4166;20589192000;20416166666;20616166666;10240;10228
4167;20589211000;20416166666;20616166666;10240;10228
4168;20589449000;20416166666;20616166666;10240;10228
4169;20589467000;20457833333;20657833333;10240;10228
4170;20589670000;20457833333;20657833333;10240;10228
4171;20589679000;20457833333;20657833333;10240;10228
4172;20595015000;20457833333;20657833333;10240;10228
4173;20667631000;20457833333;20657833333;10240;10228
4174;20667656000;20457833333;20657833333;10240;10228
4175;20667873000;20457833333;20657833333;10240;10228
4176;20667895000;20457833333;20657833333;10240;10228
4177;20668177000;20457833333;20657833333;10240;10228
4178;20668198000;20457833333;20657833333;10240;10228
4180;20668693000;20499533333;20699533333;10240;10228
4181;20668731000;20499533333;20699533333;10240;10228
4182;20668943000;20499533333;20699533333;10240;10228
4183;20669186000;20499533333;20699533333;10240;10228
4184;20669196000;20499533333;20699533333;10240;10228
4185;20669434000;20499533333;20699533333;10240;10228
4186;20669443000;20499533333;20699533333;10240;10228
4187;20669695000;20499533333;20699533333;10240;10228
4188;20669710000;20499533333;20699533333;10240;10228
4189;20669936000;20499533333;20699533333;10240;10228
4190;20669947000;20499533333;20699533333;10240;10228
4191;20670186000;20541188888;20741188888;10240;10228
4192;20670197000;20541188888;20741188888;10240;10228
4193;20670411000;20541188888;20741188888;10240;10228
4194;20670430000;20541188888;20741188888;10240;10228
4195;20670652000;20541188888;20741188888;10240;10228
4196;20670662000;20541188888;20741188888;10240;10228
4197;20670911000;20541188888;20741188888;10240;10228
4198;20676059000;20541188888;20741188888;10240;10228
4199;20676073000;20541188888;20741188888;10240;10228
4200;20748924000;20541188888;20741188888;10240;10228
4201;20748949000;20541188888;20741188888;10240;10228
4202;20749172000;20582822222;20782822222;10240;10228
4203;20749188000;20582822222;20782822222;10240;10228
4204;20749414000;20582822222;20782822222;10240;10228
4205;20749429000;20582822222;20782822222;10240;10228
4206;20749675000;20582822222;20782822222;10240;10228
4207;20749688000;20582822222;20782822222;10240;10228
4208;20749924000;20582822222;20782822222;10240;10228
4209;20749939000;20582822222;20782822222;10240;10228
4210;20750159000;20582822222;20782822222;10240;10228
4211;20750169000;20582822222;20782822222;10240;10228
4212;20750425000;20582822222;20782822222;10240;10228
4213;20750444000;20624533333;20824533333;10240;10228
4214;20750635000;20624533333;20824533333;10240;10228
4215;20750894000;20624533333;20824533333;10240;10228
4216;20750913000;20624533333;20824533333;10240;10228
4217;20751416000;20624533333;20824533333;10240;10228
4218;20751436000;20624533333;20824533333;10240;10228
4219;20751678000;20624533333;20824533333;10240;10228
4220;20751691000;20624533333;20824533333;10240;10228
4222;20751926000;20624533333;20824533333;10240;10228
4223;20751949000;20624533333;20824533333;10240;10228
4224;20752174000;20666188888;20866188888;10240;10228
4225;20757044000;20666188888;20866188888;10240;10228
4226;20757060000;20666188888;20866188888;10240;10228
4227;20829838000;20666188888;20866188888;10240;10228
4228;20829854000;20666188888;20866188888;10240;10228
4229;20830221000;20666188888;20866188888;10240;10228
4230;20830237000;20666188888;20866188888;10240;10228
4231;20830458000;20666188888;20866188888;10240;10228
4232;20830471000;20666188888;20866188888;10240;10228
4233;20830723000;20666188888;20866188888;10240;10228
4234;20830738000;20666188888;20866188888;10240;10228
4235;20830974000;20707844444;20907844444;10240;10228
4236;20830988000;20707844444;20907844444;10240;10228
4237;20831215000;20707844444;20907844444;10240;10228
4238;20831225000;20707844444;20907844444;10240;10228
4239;20831466000;20707844444;20907844444;10240;10228
4240;20831476000;20707844444;20907844444;10240;10228
4241;20831727000;20707844444;20907844444;10240;10228
4242;20831931000;20707844444;20907844444;10240;10228
4243;20831942000;20707844444;20907844444;10240;10228
4244;20832413000;20707844444;20907844444;10240;10228
4245;20832432000;20707844444;20907844444;10240;10228
4246;20832637000;20749533333;20949533333;10240;10228
4247;20832647000;20749533333;20949533333;10240;10228
4248;20832934000;20749533333;20949533333;10240;10228
4249;20832953000;20749533333;20949533333;10240;10228
4250;20833173000;20749533333;20949533333;10240;10228
4251;20833182000;20749533333;20949533333;10240;10228
4252;20833426000;20749533333;20949533333;10240;10228
4253;20838021000;20749533333;20949533333;10240;10228
4254;20838036000;20749533333;20949533333;10240;10228
4255;20910665000;20749533333;20949533333;10240;10228
4256;20910679000;20749533333;20949533333;10240;10228
4257;20911260000;20791222222;20991222222;10240;10228
4258;20911275000;20791222222;20991222222;10240;10228
4259;20911495000;20791222222;20991222222;10240;10228
4260;20911507000;20791222222;20991222222;10240;10228
4261;20911756000;20791222222;20991222222;10240;10228
4262;20911770000;20791222222;20991222222;10240;10228
4263;20912014000;20791222222;20991222222;10240;10228
4264;20912028000;20791222222;20991222222;10240;10228
4265;20912255000;20791222222;20991222222;10240;10228
4266;20912264000;20791222222;20991222222;10240;10228
4267;20912504000;20791222222;20991222222;10240;10228
4268;20914968000;20832833333;21032833333;10240;10228
4269;20914982000;20832833333;21032833333;10240;10228
4270;20915209000;20832833333;21032833333;10240;10228
4271;20915219000;20832833333;21032833333;10240;10228
4272;20915422000;20832833333;21032833333;10240;10228
4273;20915432000;20832833333;21032833333;10240;10228
4274;20915673000;20832833333;21032833333;10240;10228
4277;20915682000;20832833333;21032833333;10240;10228
4278;20915967000;20832833333;21032833333;10240;10228
4279;20956636000;20874588888;21074588888;10240;10228
4280;20956653000;20874588888;21074588888;10240;10228
4281;20956886000;20874588888;21074588888;10240;10228
4282;20956902000;20874588888;21074588888;10240;10228
4283;20991646000;20874588888;21074588888;10240;10228
4284;20991661000;20874588888;21074588888;10240;10228
4285;20992238000;20874588888;21074588888;10240;10228
4286;20992253000;20874588888;21074588888;10240;10228
4287;20992487000;20874588888;21074588888;10240;10228
4288;20992748000;20874588888;21074588888;10240;10228
4289;20992762000;20874588888;21074588888;10240;10228
4290;20998280000;20916255555;21116255555;10240;10228
4291;20998294000;20916255555;21116255555;10240;10228
4292;20998543000;20916255555;21116255555;10240;10228
4293;20998566000;20916255555;21116255555;10240;10228
4294;20998787000;20916255555;21116255555;10240;10228
4295;20998803000;20916255555;21116255555;10240;10228
4296;20999032000;20916255555;21116255555;10240;10228
4297;20999055000;20916255555;21116255555;10240;10228
4298;20999273000;20916255555;21116255555;10240;10228
4299;20999284000;20916255555;21116255555;10240;10228
4300;20999502000;20916255555;21116255555;10240;10228
4301;21039827000;20957911111;21157911111;10240;10228
4302;21040064000;20957911111;21157911111;10240;10228
4303;21040075000;20957911111;21157911111;10240;10228
4304;21040313000;20957911111;21157911111;10240;10228
4305;21040323000;20957911111;21157911111;10240;10228
4306;21040611000;20957911111;21157911111;10240;10228
4307;21040617000;20957911111;21157911111;10240;10228
4308;21040821000;20957911111;21157911111;10240;10228
4309;21040829000;20957911111;21157911111;10240;10228
4310;21041090000;20957911111;21157911111;10240;10228
4311;21072578000;20957911111;21157911111;10240;10228
4312;21081659000;20999577777;21199577777;10240;10228
4313;21081677000;20999577777;21199577777;10240;10228
4314;21081904000;20999577777;21199577777;10240;10228
4315;21081924000;20999577777;21199577777;10240;10228
4316;21082147000;20999577777;21199577777;10240;10228
4317;21082167000;20999577777;21199577777;10240;10228
4318;21082392000;20999577777;21199577777;10240;10228
4319;21082404000;20999577777;21199577777;10240;10228
4320;21082656000;20999577777;21199577777;10240;10228
4321;21082668000;20999577777;21199577777;10240;10228
4322;21082682000;20999577777;21199577777;10240;10228
4323;21123296000;21041277777;21241277777;10240;10228
4324;21123315000;21041277777;21241277777;10240;10228
4325;21123610000;21041277777;21241277777;10240;10228
4326;21123628000;21041277777;21241277777;10240;10228
4327;21123821000;21041277777;21241277777;10240;10228
4328;21123827000;21041277777;21241277777;10240;10228
4329;21124105000;21041277777;21241277777;10240;10228
4330;21124125000;21041277777;21241277777;10240;10228
4331;21124309000;21041277777;21241277777;10240;10228
4332;21124316000;21041277777;21241277777;10240;10228
4333;21124568000;21041277777;21241277777;10240;10228
4334;21164898000;21082877777;21282877777;10240;10228
4335;21165137000;21082877777;21282877777;10240;10228
4336;21165158000;21082877777;21282877777;10240;10228
4337;21165386000;21082877777;21282877777;10240;10228
4338;21165397000;21082877777;21282877777;10240;10228
4339;21165643000;21082877777;21282877777;10240;10228
4340;21165663000;21082877777;21282877777;10240;10228
4341;21165894000;21082877777;21282877777;10240;10228
4342;21165914000;21082877777;21282877777;10240;10228
4343;21166138000;21082877777;21282877777;10240;10228
4344;21166158000;21082877777;21282877777;10240;10228
4347;21206648000;21124600000;21324600000;10240;10228
4348;21206671000;21124600000;21324600000;10240;10228
4350;21206897000;21124600000;21324600000;10240;10228
4351;21206907000;21124600000;21324600000;10240;10228
4352;21207093000;21124600000;21324600000;10240;10228
4353;21207100000;21124600000;21324600000;10240;10228
4354;21207343000;21124600000;21324600000;10240;10228
4355;21207350000;21124600000;21324600000;10240;10228
4356;21248271000;21166266666;21366266666;10240;10228
4357;21248291000;21166266666;21366266666;10240;10228
4358;21248522000;21166266666;21366266666;10240;10228
4359;21248543000;21166266666;21366266666;10240;10228
4360;21248771000;21166266666;21366266666;10240;10228
4361;21248782000;21166266666;21366266666;10240;10228
4362;21249014000;21166266666;21366266666;10240;10228
4363;21249035000;21166266666;21366266666;10240;10228
4364;21249267000;21166266666;21366266666;10240;10228
4365;21249287000;21166266666;21366266666;10240;10228
4366;21249519000;21166266666;21366266666;10240;10228
4345;21287737000;21124600000;21324600000;10240;10228
4346;21287746000;21124600000;21324600000;10240;10228
4349;21288103000;21124600000;21324600000;10240;10228
4367;21329299000;21207866666;21407866666;10240;10228
4368;21329319000;21207866666;21407866666;10240;10228
4369;21329581000;21207866666;21407866666;10240;10228
4370;21329603000;21207866666;21407866666;10240;10228
4371;21329803000;21207866666;21407866666;10240;10228
4372;21329821000;21207866666;21407866666;10240;10228
4373;21330054000;21207866666;21407866666;10240;10228
4374;21330063000;21207866666;21407866666;10240;10228
4375;21330295000;21207866666;21407866666;10240;10228
4376;21330313000;21207866666;21407866666;10240;10228
4377;21330558000;21207866666;21407866666;10240;10228
4378;21331591000;21249533333;21449533333;10240;10228
4379;21331610000;21249533333;21449533333;10240;10228
4380;21331864000;21249533333;21449533333;10240;10228
4381;21410140000;21249533333;21449533333;10240;10228
4382;21410160000;21249533333;21449533333;10240;10228
4383;21410378000;21249533333;21449533333;10240;10228
4384;21410389000;21249533333;21449533333;10240;10228
4385;21410642000;21249533333;21449533333;10240;10228
4387;21410662000;21249533333;21449533333;10240;10228
4388;21410892000;21249533333;21449533333;10240;10228
4389;21411140000;21291233333;21491233333;10240;10228
4390;21411158000;21291233333;21491233333;10240;10228
4391;21411388000;21291233333;21491233333;10240;10228
4392;21411398000;21291233333;21491233333;10240;10228
4393;21411644000;21291233333;21491233333;10240;10228
4394;21412554000;21291233333;21491233333;10240;10228
4395;21412568000;21291233333;21491233333;10240;10228
4396;21418594000;21291233333;21491233333;10240;10228
4397;21491078000;21291233333;21491233333;10240;10228
4398;21491099000;21291233333;21491233333;10240;10228
4399;21491305000;21291233333;21491233333;10240;10228
4400;21491618000;21332844444;21532844444;10240;10228
4401;21491636000;21332844444;21532844444;10240;10228
4402;21491829000;21332844444;21532844444;10240;10228
4403;21491847000;21332844444;21532844444;10240;10228
4404;21492084000;21332844444;21532844444;10240;10228
4405;21492094000;21332844444;21532844444;10240;10228
4406;21492108000;21332844444;21532844444;10240;10228
4407;21492319000;21332844444;21532844444;10240;10228
4408;21492338000;21332844444;21532844444;10240;10228
4409;21492605000;21332844444;21532844444;10240;10228
4410;21492622000;21332844444;21532844444;10240;10228
4411;21493614000;21374522222;21574522222;10240;10228
4413;21499591000;21374522222;21574522222;10240;10228
4414;21572107000;21374522222;21574522222;10240;10228
4415;21572126000;21374522222;21574522222;10240;10228
4416;21572384000;21374522222;21574522222;10240;10228
4417;21572633000;21374522222;21574522222;10240;10228
4418;21572644000;21374522222;21574522222;10240;10228
4419;21572885000;21374522222;21574522222;10240;10228
4420;21572895000;21374522222;21574522222;10240;10228
4421;21573135000;21374522222;21574522222;10240;10228
4423;21573155000;21416177777;21616177777;10240;10228
4424;21573386000;21416177777;21616177777;10240;10228
4425;21573394000;21416177777;21616177777;10240;10228
4426;21573645000;21416177777;21616177777;10240;10228
4427;21573653000;21416177777;21616177777;10240;10228
4428;21574524000;21416177777;21616177777;10240;10228
4429;21580561000;21416177777;21616177777;10240;10228
4430;21580581000;21416177777;21616177777;10240;10228
4431;21653127000;21416177777;21616177777;10240;10228
4432;21653147000;21416177777;21616177777;10240;10228
4433;21653407000;21457844444;21657844444;10240;10228
4434;21653418000;21457844444;21657844444;10240;10228
4435;21653663000;21457844444;21657844444;10240;10228
4436;21653906000;21457844444;21657844444;10240;10228
4437;21653917000;21457844444;21657844444;10240;10228
4438;21654160000;21457844444;21657844444;10240;10228
4439;21654181000;21457844444;21657844444;10240;10228
4440;21654407000;21457844444;21657844444;10240;10228
4441;21654418000;21457844444;21657844444;10240;10228
4442;21654665000;21457844444;21657844444;10240;10228
4443;21654685000;21457844444;21657844444;10240;10228
4444;21654872000;21499544444;21699544444;10240;10228
4445;21655485000;21499544444;21699544444;10240;10228
4446;21661570000;21499544444;21699544444;10240;10228
4447;21661580000;21499544444;21699544444;10240;10228
4448;21734089000;21499544444;21699544444;10240;10228
4449;21734109000;21499544444;21699544444;10240;10228
4450;21734418000;21499544444;21699544444;10240;10228
4451;21734426000;21499544444;21699544444;10240;10228
4452;21734674000;21499544444;21699544444;10240;10228
4453;21734924000;21499544444;21699544444;10240;10228
4454;21734944000;21499544444;21699544444;10240;10228
4455;21735181000;21541222222;21741222222;10240;10228
4458;21735648000;21541222222;21741222222;10240;10228
4459;21735670000;21541222222;21741222222;10240;10228
4460;21735900000;21541222222;21741222222;10240;10228
4461;21735910000;21541222222;21741222222;10240;10228
4462;21736152000;21541222222;21741222222;10240;10228
4463;21736423000;21541222222;21741222222;10240;10228
4465;21742465000;21541222222;21741222222;10240;10228
4466;21815113000;21582822222;21782822222;10240;10228
4467;21815122000;21582822222;21782822222;10240;10228
4468;21815416000;21582822222;21782822222;10240;10228
4469;21815428000;21582822222;21782822222;10240;10228
4470;21815670000;21582822222;21782822222;10240;10228
4471;21815919000;21582822222;21782822222;10240;10228
4472;21815932000;21582822222;21782822222;10240;10228
4473;21816172000;21582822222;21782822222;10240;10228
4474;21816656000;21582822222;21782822222;10240;10228
4475;21816668000;21582822222;21782822222;10240;10228
4477;21816898000;21624544444;21824544444;10240;10228
4478;21816920000;21624544444;21824544444;10240;10228
4479;21817145000;21624544444;21824544444;10240;10228
4480;21817165000;21624544444;21824544444;10240;10228
4481;21817378000;21624544444;21824544444;10240;10228
4482;21823469000;21624544444;21824544444;10240;10228
4483;21823487000;21624544444;21824544444;10240;10228
4484;21896143000;21624544444;21824544444;10240;10228
4485;21896164000;21624544444;21824544444;10240;10228
4486;21896431000;21624544444;21824544444;10240;10228
4487;21896455000;21624544444;21824544444;10240;10228
4488;21896674000;21666155555;21866155555;10240;10228
4489;21896928000;21666155555;21866155555;10240;10228
4490;21896951000;21666155555;21866155555;10240;10228
4491;21897179000;21666155555;21866155555;10240;10228
4492;21897642000;21666155555;21866155555;10240;10228
4493;21897665000;21666155555;21866155555;10240;10228
4494;21897899000;21666155555;21866155555;10240;10228
4495;21897922000;21666155555;21866155555;10240;10228
4496;21898121000;21666155555;21866155555;10240;10228
4497;21898144000;21666155555;21866155555;10240;10228
4498;21898344000;21666155555;21866155555;10240;10228
4499;21898364000;21707844444;21907844444;10240;10228
4500;21904460000;21707844444;21907844444;10240;10228
4501;21904479000;21707844444;21907844444;10240;10228
4502;21977101000;21707844444;21907844444;10240;10228
4503;21977124000;21707844444;21907844444;10240;10228
4504;21977429000;21707844444;21907844444;10240;10228
4505;21977451000;21707844444;21907844444;10240;10228
4506;21977697000;21707844444;21907844444;10240;10228
4507;21977935000;21707844444;21907844444;10240;10228
4508;21977959000;21707844444;21907844444;10240;10228
4509;21978187000;21707844444;21907844444;10240;10228
4510;21978657000;21749522222;21949522222;10240;10228
4511;21978679000;21749522222;21949522222;10240;10228
4512;21978908000;21749522222;21949522222;10240;10228
4513;21978928000;21749522222;21949522222;10240;10228
4514;21979142000;21749522222;21949522222;10240;10228
4515;21979173000;21749522222;21949522222;10240;10228
4516;21979377000;21749522222;21949522222;10240;10228
4517;21979391000;21749522222;21949522222;10240;10228
4518;21979612000;21749522222;21949522222;10240;10228
4519;21985438000;21749522222;21949522222;10240;10228
4520;21985443000;21749522222;21949522222;10240;10228
4521;21985717000;21791155555;21991155555;10240;10228
4522;22057953000;21791155555;21991155555;10240;10228
4523;22057976000;21791155555;21991155555;10240;10228
4524;22058432000;21791155555;21991155555;10240;10228
4525;22058455000;21791155555;21991155555;10240;10228
4526;22058698000;21791155555;21991155555;10240;10228
4527;22058951000;21791155555;21991155555;10240;10228
4528;22058977000;21791155555;21991155555;10240;10228
4529;22059655000;21791155555;21991155555;10240;10228
4530;22059678000;21791155555;21991155555;10240;10228
4531;22059903000;21791155555;21991155555;10240;10228
4532;22059928000;21832811111;22032811111;10240;10228
4533;22060148000;21832811111;22032811111;10240;10228
4534;22060180000;21832811111;22032811111;10240;10228
4535;22060395000;21832811111;22032811111;10240;10228
4536;22060426000;21832811111;22032811111;10240;10228
4537;22060654000;21832811111;22032811111;10240;10228
4538;22060677000;21832811111;22032811111;10240;10228
4539;22060853000;21832811111;22032811111;10240;10228
4540;22066494000;21832811111;22032811111;10240;10228
4541;22073957000;21832811111;22032811111;10240;10228
4542;22138890000;21832811111;22032811111;10240;10228
4543;22139141000;21874511111;22074511111;10240;10228
4544;22139162000;21874511111;22074511111;10240;10228
4545;22139446000;21874511111;22074511111;10240;10228
4546;22139467000;21874511111;22074511111;10240;10228
4547;22139963000;21874511111;22074511111;10240;10228
4548;22139983000;21874511111;22074511111;10240;10228
4549;22140677000;21874511111;22074511111;10240;10228
4550;22140697000;21874511111;22074511111;10240;10228
4551;22140926000;21874511111;22074511111;10240;10228
4552;22140938000;21874511111;22074511111;10240;10228
4553;22141168000;21874511111;22074511111;10240;10228
4554;22141201000;21916177777;22116177777;10240;10228
4555;22141385000;21916177777;22116177777;10240;10228
4556;22141409000;21916177777;22116177777;10240;10228
4557;22141677000;21916177777;22116177777;10240;10228
4558;22141701000;21916177777;22116177777;10240;10228
4559;22141920000;21916177777;22116177777;10240;10228
4560;22141952000;21916177777;22116177777;10240;10228
4561;22142180000;21916177777;22116177777;10240;10228
4562;22154996000;21916177777;22116177777;10240;10228
4563;22155017000;21916177777;22116177777;10240;10228
4564;22220056000;21916177777;22116177777;10240;10228
4565;22220297000;21957833333;22157833333;10240;10228
4566;22220329000;21957833333;22157833333;10240;10228
4567;22220579000;21957833333;22157833333;10240;10228
4568;22220600000;21957833333;22157833333;10240;10228
4569;22220964000;21957833333;22157833333;10240;10228
4570;22220984000;21957833333;22157833333;10240;10228
4571;22221706000;21957833333;22157833333;10240;10228
4572;22221730000;21957833333;22157833333;10240;10228
4573;22221944000;21957833333;22157833333;10240;10228
4574;22221964000;21957833333;22157833333;10240;10228
4575;22222269000;21957833333;22157833333;10240;10228
4577;22222476000;21999511111;22199511111;10240;10228
4578;22222768000;21999511111;22199511111;10240;10228
4579;22222778000;21999511111;22199511111;10240;10228
4580;22222782000;21999511111;22199511111;10240;10228
4581;22222975000;21999511111;22199511111;10240;10228
4582;22223223000;21999511111;22199511111;10240;10228
4583;22223244000;21999511111;22199511111;10240;10228
4584;22223509000;21999511111;22199511111;10240;10228
4585;22236004000;21999511111;22199511111;10240;10228
4586;22236022000;21999511111;22199511111;10240;10228
4587;22300949000;22041166666;22241166666;10240;10228
4588;22301306000;22041166666;22241166666;10240;10228
4589;22301329000;22041166666;22241166666;10240;10228
4590;22301577000;22041166666;22241166666;10240;10228
4591;22301608000;22041166666;22241166666;10240;10228
4592;22301984000;22041166666;22241166666;10240;10228
4593;22302007000;22041166666;22241166666;10240;10228
4594;22302715000;22041166666;22241166666;10240;10228
4595;22302738000;22041166666;22241166666;10240;10228
4596;22302968000;22041166666;22241166666;10240;10228
4597;22302988000;22041166666;22241166666;10240;10228
4598;22303277000;22082800000;22282800000;10240;10228
4599;22303484000;22082800000;22282800000;10240;10228
4600;22303509000;22082800000;22282800000;10240;10228
4601;22303756000;22082800000;22282800000;10240;10228
4602;22303779000;22082800000;22282800000;10240;10228
4603;22304000000;22082800000;22282800000;10240;10228
4604;22304032000;22082800000;22282800000;10240;10228
4605;22304205000;22082800000;22282800000;10240;10228
4606;22304223000;22082800000;22282800000;10240;10228
4607;22304499000;22082800000;22282800000;10240;10228
4608;22316949000;22082800000;22282800000;10240;10228
4609;22317201000;22124500000;22324500000;10240;10228
4610;22381984000;22124500000;22324500000;10240;10228
4611;22382292000;22124500000;22324500000;10240;10228
4613;22382579000;22124500000;22324500000;10240;10228
4614;22382612000;22124500000;22324500000;10240;10228
4615;22383065000;22124500000;22324500000;10240;10228
4616;22383104000;22124500000;22324500000;10240;10228
4617;22383738000;22124500000;22324500000;10240;10228
4618;22383760000;22124500000;22324500000;10240;10228
4619;22383982000;22124500000;22324500000;10240;10228
4620;22384004000;22166166666;22366166666;10240;10228
4621;22384250000;22166166666;22366166666;10240;10228
4622;22384524000;22166166666;22366166666;10240;10228
4623;22384548000;22166166666;22366166666;10240;10228
4624;22384948000;22166166666;22366166666;10240;10228
4625;22385232000;22166166666;22366166666;10240;10228
4626;22385252000;22166166666;22366166666;10240;10228
4627;22385257000;22166166666;22366166666;10240;10228
4628;22385477000;22166166666;22366166666;10240;10228
4629;22385500000;22166166666;22366166666;10240;10228
4630;22385735000;22166166666;22366166666;10240;10228
4631;22385757000;22207822222;22407822222;10240;10228
4632;22397961000;22207822222;22407822222;10240;10228
4633;22397975000;22207822222;22407822222;10240;10228
4634;22462830000;22207822222;22407822222;10240;10228
4635;22463296000;22207822222;22407822222;10240;10228
4636;22463576000;22207822222;22407822222;10240;10228
4637;22463596000;22207822222;22407822222;10240;10228
4638;22463812000;22207822222;22407822222;10240;10228
4639;22464078000;22207822222;22407822222;10240;10228
4640;22464748000;22207822222;22407822222;10240;10228
4641;22464769000;22207822222;22407822222;10240;10228
4642;22465000000;22249522222;22449522222;10240;10228
4643;22465021000;22249522222;22449522222;10240;10228
4644;22465250000;22249522222;22449522222;10240;10228
4645;22465282000;22249522222;22449522222;10240;10228
4646;22465505000;22249522222;22449522222;10240;10228
4647;22465546000;22249522222;22449522222;10240;10228
4648;22465875000;22249522222;22449522222;10240;10228
4649;22466156000;22249522222;22449522222;10240;10228
4650;22466451000;22249522222;22449522222;10240;10228
4651;22466474000;22249522222;22449522222;10240;10228
4652;22466479000;22249522222;22449522222;10240;10228
4653;22466709000;22291177777;22491177777;10240;10228
4654;22466729000;22291177777;22491177777;10240;10228
4655;22466962000;22291177777;22491177777;10240;10228
4656;22478960000;22291177777;22491177777;10240;10228
4657;22478980000;22291177777;22491177777;10240;10228
4658;22543807000;22291177777;22491177777;10240;10228
4659;22544301000;22291177777;22491177777;10240;10228
4660;22544324000;22291177777;22491177777;10240;10228
4661;22544584000;22291177777;22491177777;10240;10228
4662;22545089000;22291177777;22491177777;10240;10228
4663;22545110000;22291177777;22491177777;10240;10228
4664;22545765000;22332833333;22532833333;10240;10228
4665;22545785000;22332833333;22532833333;10240;10228
4666;22546015000;22332833333;22532833333;10240;10228
4667;22546036000;22332833333;22532833333;10240;10228
4668;22546263000;22332833333;22532833333;10240;10228
4669;22546283000;22332833333;22532833333;10240;10228
4670;22546499000;22332833333;22532833333;10240;10228
4671;22546528000;22332833333;22532833333;10240;10228
4672;22546884000;22332833333;22532833333;10240;10228
4673;22546897000;22332833333;22532833333;10240;10228
4674;22547136000;22332833333;22532833333;10240;10228
4675;22547407000;22374500000;22574500000;10240;10228
4676;22547417000;22374500000;22574500000;10240;10228
4677;22547651000;22374500000;22574500000;10240;10228
4678;22547670000;22374500000;22574500000;10240;10228
4679;22547867000;22374500000;22574500000;10240;10228
4680;22547871000;22374500000;22574500000;10240;10228
4681;22559952000;22374500000;22574500000;10240;10228
4682;22559957000;22374500000;22574500000;10240;10228
4683;22624637000;22374500000;22574500000;10240;10228
4684;22625310000;22374500000;22574500000;10240;10228
4685;22625334000;22374500000;22574500000;10240;10228
4686;22626101000;22416155555;22616155555;10240;10228
4687;22626121000;22416155555;22616155555;10240;10228
4688;22626360000;22416155555;22616155555;10240;10228
4689;22626782000;22416155555;22616155555;10240;10228
4690;22626806000;22416155555;22616155555;10240;10228
4691;22627032000;22416155555;22616155555;10240;10228
4692;22627055000;22416155555;22616155555;10240;10228
4693;22627275000;22416155555;22616155555;10240;10228
4694;22627307000;22416155555;22616155555;10240;10228
4695;22627525000;22416155555;22616155555;10240;10228
4696;22627537000;22416155555;22616155555;10240;10228
4697;22627865000;22457822222;22657822222;10240;10228
4698;22628100000;22457822222;22657822222;10240;10228
4699;22628112000;22457822222;22657822222;10240;10228
4700;22628126000;22457822222;22657822222;10240;10228
4701;22628326000;22457822222;22657822222;10240;10228
4702;22628331000;22457822222;22657822222;10240;10228
4703;22628618000;22457822222;22657822222;10240;10228
4704;22628849000;22457822222;22657822222;10240;10228
4705;22628870000;22457822222;22657822222;10240;10228
4706;22629108000;22457822222;22657822222;10240;10228
4707;22640909000;22457822222;22657822222;10240;10228
4708;22641140000;22499522222;22699522222;10240;10228
4709;22706302000;22499522222;22699522222;10240;10228
4710;22706324000;22499522222;22699522222;10240;10228
4711;22706581000;22499522222;22699522222;10240;10228
4712;22707143000;22499522222;22699522222;10240;10228
4713;22707163000;22499522222;22699522222;10240;10228
4714;22707794000;22499522222;22699522222;10240;10228
4715;22707814000;22499522222;22699522222;10240;10228
4716;22708046000;22499522222;22699522222;10240;10228
4717;22708065000;22499522222;22699522222;10240;10228
4718;22708297000;22499522222;22699522222;10240;10228
4719;22708317000;22541177777;22741177777;10240;10228
4720;22708524000;22541177777;22741177777;10240;10228
4721;22708535000;22541177777;22741177777;10240;10228
4722;22708795000;22541177777;22741177777;10240;10228
4723;22709096000;22541177777;22741177777;10240;10228
4724;22709116000;22541177777;22741177777;10240;10228
4725;22709341000;22541177777;22741177777;10240;10228
4726;22709350000;22541177777;22741177777;10240;10228
4727;22709630000;22541177777;22741177777;10240;10228
4728;22709649000;22541177777;22741177777;10240;10228
4729;22709870000;22541177777;22741177777;10240;10228
4730;22709888000;22582811111;22782811111;10240;10228
4731;22710053000;22582811111;22782811111;10240;10228
4732;22710060000;22582811111;22782811111;10240;10228
4733;22710340000;22582811111;22782811111;10240;10228
4734;22721909000;22582811111;22782811111;10240;10228
4735;22729762000;22582811111;22782811111;10240;10228
4736;22787328000;22582811111;22782811111;10240;10228
4737;22787340000;22582811111;22782811111;10240;10228
4738;22788179000;22582811111;22782811111;10240;10228
4739;22788199000;22582811111;22782811111;10240;10228
4740;22788704000;22582811111;22782811111;10240;10228
4741;22788956000;22624544444;22824544444;10240;10228
4742;22788976000;22624544444;22824544444;10240;10228
4743;22789196000;22624544444;22824544444;10240;10228
4745;22789217000;22624544444;22824544444;10240;10228
4746;22789500000;22624544444;22824544444;10240;10228
4747;22789520000;22624544444;22824544444;10240;10228
4748;22789767000;22624544444;22824544444;10240;10228
4749;22789777000;22624544444;22824544444;10240;10228
4750;22790024000;22624544444;22824544444;10240;10228
4751;22790033000;22624544444;22824544444;10240;10228
4752;22790258000;22666211111;22866211111;10240;10228
4753;22790276000;22666211111;22866211111;10240;10228
4754;22790468000;22666211111;22866211111;10240;10228
4755;22790476000;22666211111;22866211111;10240;10228
4756;22790728000;22666211111;22866211111;10240;10228
4757;22790747000;22666211111;22866211111;10240;10228
4758;22791054000;22666211111;22866211111;10240;10228
4759;22791072000;22666211111;22866211111;10240;10228
4760;22791293000;22666211111;22866211111;10240;10228
4761;22791303000;22666211111;22866211111;10240;10228
4762;22810697000;22666211111;22866211111;10240;10228
4763;22810948000;22707877777;22907877777;10240;10228
4764;22868329000;22707877777;22907877777;10240;10228
4765;22868350000;22707877777;22907877777;10240;10228
4766;22869232000;22707877777;22907877777;10240;10228
4767;22869252000;22707877777;22907877777;10240;10228
4768;22869700000;22707877777;22907877777;10240;10228
4769;22869711000;22707877777;22907877777;10240;10228
4770;22869951000;22707877777;22907877777;10240;10228
4771;22870241000;22707877777;22907877777;10240;10228
4774;22870470000;22749577777;22949577777;10240;10228
4775;22870484000;22749577777;22949577777;10240;10228
4776;22870749000;22749577777;22949577777;10240;10228
4777;22870759000;22749577777;22949577777;10240;10228
4778;22870994000;22749577777;22949577777;10240;10228
4779;22871013000;22749577777;22949577777;10240;10228
4780;22871246000;22749577777;22949577777;10240;10228
4781;22871266000;22749577777;22949577777;10240;10228
4782;22871449000;22749577777;22949577777;10240;10228
4783;22871456000;22749577777;22949577777;10240;10228
4784;22871711000;22749577777;22949577777;10240;10228
4785;22873304000;22791188888;22991188888;10240;10228
4786;22873325000;22791188888;22991188888;10240;10228
4787;22873557000;22791188888;22991188888;10240;10228
4788;22873577000;22791188888;22991188888;10240;10228
4789;22873810000;22791188888;22991188888;10240;10228
4790;22891751000;22791188888;22991188888;10240;10228
4791;22891762000;22791188888;22991188888;10240;10228
4792;22949255000;22791188888;22991188888;10240;10228
4793;22949276000;22791188888;22991188888;10240;10228
4794;22950271000;22791188888;22991188888;10240;10228
4795;22950291000;22791188888;22991188888;10240;10228
4796;22950709000;22832877777;23032877777;10240;10228
4797;22950721000;22832877777;23032877777;10240;10228
4798;22950958000;22832877777;23032877777;10240;10228
4799;22951448000;22832877777;23032877777;10240;10228
4800;22951458000;22832877777;23032877777;10240;10228
4801;22951703000;22832877777;23032877777;10240;10228
4802;22951723000;22832877777;23032877777;10240;10228
4803;22951953000;22832877777;23032877777;10240;10228
4804;22951975000;22832877777;23032877777;10240;10228
4805;22952194000;22832877777;23032877777;10240;10228
4806;22952206000;22832877777;23032877777;10240;10228
4807;22956635000;22874533333;23074533333;10240;10228
4808;22956655000;22874533333;23074533333;10240;10228
4809;22956888000;22874533333;23074533333;10240;10228
4810;22956908000;22874533333;23074533333;10240;10228
4811;22957126000;22874533333;23074533333;10240;10228
4812;22957147000;22874533333;23074533333;10240;10228
4813;22957337000;22874533333;23074533333;10240;10228
4814;22957342000;22874533333;23074533333;10240;10228
4815;22957638000;22874533333;23074533333;10240;10228
4816;22957658000;22874533333;23074533333;10240;10228
4817;22957888000;22874533333;23074533333;10240;10228
4818;22998179000;22916322222;23116322222;10240;10228
4819;22998462000;22916322222;23116322222;10240;10228
4820;23030292000;22916322222;23116322222;10240;10228
4821;23030313000;22916322222;23116322222;10240;10228
4822;23031334000;22916322222;23116322222;10240;10228
4823;23031355000;22916322222;23116322222;10240;10228
4824;23031591000;22916322222;23116322222;10240;10228
4825;23031844000;22916322222;23116322222;10240;10228
4826;23031865000;22916322222;23116322222;10240;10228
4827;23032444000;22916322222;23116322222;10240;10228
4828;23032455000;22916322222;23116322222;10240;10228
4829;23039954000;22957877777;23157877777;10240;10228
4830;23039974000;22957877777;23157877777;10240;10228
4831;23040203000;22957877777;23157877777;10240;10228
4832;23040224000;22957877777;23157877777;10240;10228
4833;23040447000;22957877777;23157877777;10240;10228
4834;23040458000;22957877777;23157877777;10240;10228
4835;23040696000;22957877777;23157877777;10240;10228
4837;23040716000;22957877777;23157877777;10240;10228
4838;23040954000;22957877777;23157877777;10240;10228
4839;23040975000;22957877777;23157877777;10240;10228
4840;23081628000;22999588888;23199588888;10240;10228
4841;23081641000;22999588888;23199588888;10240;10228
4842;23081892000;22999588888;23199588888;10240;10228
4843;23081913000;22999588888;23199588888;10240;10228
4844;23082093000;22999588888;23199588888;10240;10228
4845;23082102000;22999588888;23199588888;10240;10228
4846;23082381000;22999588888;23199588888;10240;10228
4847;23082390000;22999588888;23199588888;10240;10228
4848;23111187000;22999588888;23199588888;10240;10228
4849;23111196000;22999588888;23199588888;10240;10228
4850;23111425000;22999588888;23199588888;10240;10228
4836;23121954000;22957877777;23157877777;10240;10228
4851;23123290000;23041255555;23241255555;10240;10228
4852;23123311000;23041255555;23241255555;10240;10228
4853;23123532000;23041255555;23241255555;10240;10228
4854;23162680000;23041255555;23241255555;10240;10228
4855;23162703000;23041255555;23241255555;10240;10228
4856;23162932000;23041255555;23241255555;10240;10228
4857;23162951000;23041255555;23241255555;10240;10228
4858;23163175000;23041255555;23241255555;10240;10228
4859;23163184000;23041255555;23241255555;10240;10228
4860;23163425000;23041255555;23241255555;10240;10228
4861;23163434000;23041255555;23241255555;10240;10228
4862;23164949000;23082855555;23282855555;10240;10228
4863;23192161000;23082855555;23282855555;10240;10228
4864;23192181000;23082855555;23282855555;10240;10228
4865;23192401000;23082855555;23282855555;10240;10228
4866;23204107000;23082855555;23282855555;10240;10228
4867;23204127000;23082855555;23282855555;10240;10228
4868;23204343000;23082855555;23282855555;10240;10228
4869;23204364000;23082855555;23282855555;10240;10228
4870;23212937000;23082855555;23282855555;10240;10228
4871;23244228000;23082855555;23282855555;10240;10228
4872;23244237000;23082855555;23282855555;10240;10228
4873;23244477000;23124544444;23324544444;10240;10228
4874;23244486000;23124544444;23324544444;10240;10228
4875;23244734000;23124544444;23324544444;10240;10228
4876;23244752000;23124544444;23324544444;10240;10228
4877;23244983000;23124544444;23324544444;10240;10228
4878;23245002000;23124544444;23324544444;10240;10228
4879;23253581000;23124544444;23324544444;10240;10228
4880;23273210000;23124544444;23324544444;10240;10228
4881;23273228000;23124544444;23324544444;10240;10228
4882;23273451000;23124544444;23324544444;10240;10228
4883;23284792000;23124544444;23324544444;10240;10228
4884;23285303000;23166211111;23366211111;10240;10228
4885;23285322000;23166211111;23366211111;10240;10228
4886;23293837000;23166211111;23366211111;10240;10228
4887;23293855000;23166211111;23366211111;10240;10228
4888;23294096000;23166211111;23366211111;10240;10228
4889;23325115000;23166211111;23366211111;10240;10228
4891;23325426000;23166211111;23366211111;10240;10228
4892;23325438000;23166211111;23366211111;10240;10228
4893;23325683000;23166211111;23366211111;10240;10228
4894;23325693000;23166211111;23366211111;10240;10228
4895;23325959000;23207844444;23407844444;10240;10228
4896;23325980000;23207844444;23407844444;10240;10228
4897;23339903000;23207844444;23407844444;10240;10228
4898;23354256000;23207844444;23407844444;10240;10228
4900;23360417000;23207844444;23407844444;10240;10228
4901;23365746000;23207844444;23407844444;10240;10228
4902;23366251000;23207844444;23407844444;10240;10228
4903;23366495000;23207844444;23407844444;10240;10228
4904;23374875000;23207844444;23407844444;10240;10228
4905;23374886000;23207844444;23407844444;10240;10228
4906;23375130000;23249533333;23449533333;10240;10228
4907;23380781000;23249533333;23449533333;10240;10228
4908;23406488000;23249533333;23449533333;10240;10228
4909;23406497000;23249533333;23449533333;10240;10228
4910;23406725000;23249533333;23449533333;10240;10228
4911;23406734000;23249533333;23449533333;10240;10228
4912;23406971000;23249533333;23449533333;10240;10228
4913;23406980000;23249533333;23449533333;10240;10228
4914;23407207000;23249533333;23449533333;10240;10228
4915;23407226000;23249533333;23449533333;10240;10228
4916;23420727000;23249533333;23449533333;10240;10228
4917;23435293000;23291222222;23491222222;10240;10228
4921;23447282000;23291222222;23491222222;10240;10228
4922;23447305000;23291222222;23491222222;10240;10228
4923;23455947000;23291222222;23491222222;10240;10228
4924;23455958000;23291222222;23491222222;10240;10228
4925;23456195000;23291222222;23491222222;10240;10228
4926;23461775000;23291222222;23491222222;10240;10228
4927;23487404000;23291222222;23491222222;10240;10228
4928;23487663000;23332866666;23532866666;10240;10228
4929;23487672000;23332866666;23532866666;10240;10228
4930;23487914000;23332866666;23532866666;10240;10228
4931;23487923000;23332866666;23532866666;10240;10228
4932;23488157000;23332866666;23532866666;10240;10228
4933;23488182000;23332866666;23532866666;10240;10228
4934;23488404000;23332866666;23532866666;10240;10228
4935;23501635000;23332866666;23532866666;10240;10228
4936;23516326000;23332866666;23532866666;10240;10228
4937;23528215000;23332866666;23532866666;10240;10228
4938;23528447000;23332866666;23532866666;10240;10228
4939;23528458000;23374555555;23574555555;10240;10228
4940;23528727000;23374555555;23574555555;10240;10228
4942;23536782000;23374555555;23574555555;10240;10228
4944;23537212000;23374555555;23574555555;10240;10228
4945;23542763000;23374555555;23574555555;10240;10228
4946;23568436000;23374555555;23574555555;10240;10228
4947;23568447000;23374555555;23574555555;10240;10228
4948;23568681000;23374555555;23574555555;10240;10228
4949;23568691000;23374555555;23574555555;10240;10228
4950;23568937000;23416211111;23616211111;10240;10228
4951;23568948000;23416211111;23616211111;10240;10228
4952;23569191000;23416211111;23616211111;10240;10228
4953;23569429000;23416211111;23616211111;10240;10228
4954;23582649000;23416211111;23616211111;10240;10228
4955;23597361000;23416211111;23616211111;10240;10228
4956;23609266000;23416211111;23616211111;10240;10228
4957;23609284000;23416211111;23616211111;10240;10228
4958;23609604000;23416211111;23616211111;10240;10228
4959;23609846000;23416211111;23616211111;10240;10228
4960;23617729000;23416211111;23616211111;10240;10228
4961;23617979000;23457855555;23657855555;10240;10228
4962;23618224000;23457855555;23657855555;10240;10228
4963;23618244000;23457855555;23657855555;10240;10228
4964;23623744000;23457855555;23657855555;10240;10228
4965;23649481000;23457855555;23657855555;10240;10228
4966;23649490000;23457855555;23657855555;10240;10228
4967;23649726000;23457855555;23657855555;10240;10228
4970;23649978000;23457855555;23657855555;10240;10228
4971;23649991000;23457855555;23657855555;10240;10228
4972;23650416000;23499544444;23699544444;10240;10228
4973;23663643000;23499544444;23699544444;10240;10228
4974;23678406000;23499544444;23699544444;10240;10228
4975;23690167000;23499544444;23699544444;10240;10228
4976;23690186000;23499544444;23699544444;10240;10228
4977;23690441000;23499544444;23699544444;10240;10228
4978;23690714000;23499544444;23699544444;10240;10228
4979;23698773000;23499544444;23699544444;10240;10228
4980;23698784000;23499544444;23699544444;10240;10228
4981;23699281000;23499544444;23699544444;10240;10228
4982;23699292000;23499544444;23699544444;10240;10228
4983;23711276000;23541233333;23741233333;10240;10228
4984;23730445000;23541233333;23741233333;10240;10228
4985;23730454000;23541233333;23741233333;10240;10228
4986;23730695000;23541233333;23741233333;10240;10228
4987;23730963000;23541233333;23741233333;10240;10228
4988;23730985000;23541233333;23741233333;10240;10228
4989;23731211000;23541233333;23741233333;10240;10228
4990;23731231000;23541233333;23741233333;10240;10228
4992;23744658000;23541233333;23741233333;10240;10228
4993;23759353000;23541233333;23741233333;10240;10228
4994;23771020000;23582833333;23782833333;10240;10228
4995;23771039000;23582833333;23782833333;10240;10228
4996;23771274000;23582833333;23782833333;10240;10228
4997;23771510000;23582833333;23782833333;10240;10228
4998;23779821000;23582833333;23782833333;10240;10228
4999;23780078000;23582833333;23782833333;10240;10228
5000;23780319000;23582833333;23782833333;10240;10228
5001;23780337000;23582833333;23782833333;10240;10228
5002;23792307000;23582833333;23782833333;10240;10228
5003;23811307000;23582833333;23782833333;10240;10228
5004;23811330000;23582833333;23782833333;10240;10228
5005;23811587000;23624544444;23824544444;10240;10228
5006;23811814000;23624544444;23824544444;10240;10228
5007;23811825000;23624544444;23824544444;10240;10228
5008;23812063000;23624544444;23824544444;10240;10228
5009;23812307000;23624544444;23824544444;10240;10228
5010;23812326000;23624544444;23824544444;10240;10228
5011;23825602000;23624544444;23824544444;10240;10228
5012;23825907000;23624544444;23824544444;10240;10228
5013;23840428000;23624544444;23824544444;10240;10228
5014;23851870000;23624544444;23824544444;10240;10228
5015;23851910000;23624544444;23824544444;10240;10228
5016;23852127000;23666188888;23866188888;10240;10228
5017;23860795000;23666188888;23866188888;10240;10228
5018;23860815000;23666188888;23866188888;10240;10228
5019;23861070000;23666188888;23866188888;10240;10228
5020;23861091000;23666188888;23866188888;10240;10228
5021;23861316000;23666188888;23866188888;10240;10228
5022;23873335000;23666188888;23866188888;10240;10228
5023;23892152000;23666188888;23866188888;10240;10228
5024;23892831000;23666188888;23866188888;10240;10228
5025;23892852000;23666188888;23866188888;10240;10228
5026;23893080000;23666188888;23866188888;10240;10228
5027;23893100000;23707844444;23907844444;10240;10228
5028;23893315000;23707844444;23907844444;10240;10228
5029;23893335000;23707844444;23907844444;10240;10228
5030;23893584000;23707844444;23907844444;10240;10228
5031;23906834000;23707844444;23907844444;10240;10228
5032;23906852000;23707844444;23907844444;10240;10228
5033;23929972000;23707844444;23907844444;10240;10228
5034;23933084000;23707844444;23907844444;10240;10228
5035;23933107000;23707844444;23907844444;10240;10228
5036;23933320000;23707844444;23907844444;10240;10228
5037;23941675000;23707844444;23907844444;10240;10228
5038;23941919000;23749555555;23949555555;10240;10228
5039;23941941000;23749555555;23949555555;10240;10228
5040;23942163000;23749555555;23949555555;10240;10228
5041;23942183000;23749555555;23949555555;10240;10228
5042;23954353000;23749555555;23949555555;10240;10228
5043;23973162000;23749555555;23949555555;10240;10228
5044;23973746000;23749555555;23949555555;10240;10228
5045;23973766000;23749555555;23949555555;10240;10228
5046;23974062000;23749555555;23949555555;10240;10228
5047;23974083000;23749555555;23949555555;10240;10228
5048;23974306000;23749555555;23949555555;10240;10228
5049;23974327000;23791200000;23991200000;10240;10228
5050;23974582000;23791200000;23991200000;10240;10228
5051;23974600000;23791200000;23991200000;10240;10228
5052;23987755000;23791200000;23991200000;10240;10228
5053;23996067000;23791200000;23991200000;10240;10228
5054;24014035000;23791200000;23991200000;10240;10228
5055;24014058000;23791200000;23991200000;10240;10228
5056;24014279000;23791200000;23991200000;10240;10228
5057;24014311000;23791200000;23991200000;10240;10228
5058;24022667000;23791200000;23991200000;10240;10228
5059;24022691000;23791200000;23991200000;10240;10228
5060;24022981000;23832922222;24032922222;10240;10228
5061;24023002000;23832922222;24032922222;10240;10228
5062;24023251000;23832922222;24032922222;10240;10228
5063;24041834000;23832922222;24032922222;10240;10228
5064;24054606000;23832922222;24032922222;10240;10228
5065;24054630000;23832922222;24032922222;10240;10228
5066;24055034000;23832922222;24032922222;10240;10228
5067;24055057000;23832922222;24032922222;10240;10228
5068;24055279000;23832922222;24032922222;10240;10228
5069;24055310000;23832922222;24032922222;10240;10228
5070;24055538000;23832922222;24032922222;10240;10228
5071;24055563000;23874533333;24074533333;10240;10228
5072;24055788000;23874533333;24074533333;10240;10228
5073;24062193000;23874533333;24074533333;10240;10228
5074;24076898000;23874533333;24074533333;10240;10228
5075;24076918000;23874533333;24074533333;10240;10228
5076;24094867000;23874533333;24074533333;10240;10228
5077;24094888000;23874533333;24074533333;10240;10228
5078;24095373000;23874533333;24074533333;10240;10228
5079;24095395000;23874533333;24074533333;10240;10228
5080;24103641000;23874533333;24074533333;10240;10228
5081;24103664000;23874533333;24074533333;10240;10228
5082;24103968000;23916211111;24116211111;10240;10228
5083;24103989000;23916211111;24116211111;10240;10228
5084;24113057000;23916211111;24116211111;10240;10228
5085;24128321000;23916211111;24116211111;10240;10228
5086;24135495000;23916211111;24116211111;10240;10228
5087;24135539000;23916211111;24116211111;10240;10228
5088;24136023000;23916211111;24116211111;10240;10228
5089;24136035000;23916211111;24116211111;10240;10228
5090;24136266000;23916211111;24116211111;10240;10228
5091;24136299000;23916211111;24116211111;10240;10228
5092;24136529000;23916211111;24116211111;10240;10228
5093;24136554000;23957877777;24157877777;10240;10228
5094;24136777000;23957877777;24157877777;10240;10228
5095;24136796000;23957877777;24157877777;10240;10228
5096;24148641000;23957877777;24157877777;10240;10228
5097;24157930000;23957877777;24157877777;10240;10228
5098;24157942000;23957877777;24157877777;10240;10228
5099;24175805000;23957877777;24157877777;10240;10228
5100;24175828000;23957877777;24157877777;10240;10228
5102;24176305000;23957877777;24157877777;10240;10228
5103;24184550000;23957877777;24157877777;10240;10228
5104;24184793000;23999533333;24199533333;10240;10228
5105;24185046000;23999533333;24199533333;10240;10228
5106;24185056000;23999533333;24199533333;10240;10228
5107;24199484000;23999533333;24199533333;10240;10228
5108;24214794000;23999533333;24199533333;10240;10228
5109;24216519000;23999533333;24199533333;10240;10228
5110;24216541000;23999533333;24199533333;10240;10228
5111;24217028000;23999533333;24199533333;10240;10228
5112;24217052000;23999533333;24199533333;10240;10228
5113;24217274000;23999533333;24199533333;10240;10228
5114;24217306000;23999533333;24199533333;10240;10228
5115;24217535000;24041211111;24241211111;10240;10228
5116;24217785000;24041211111;24241211111;10240;10228
5117;24217794000;24041211111;24241211111;10240;10228
5118;24218032000;24041211111;24241211111;10240;10228
5119;24224842000;24041211111;24241211111;10240;10228
5120;24235167000;24041211111;24241211111;10240;10228
5121;24238930000;24041211111;24241211111;10240;10228
5122;24238950000;24041211111;24241211111;10240;10228
5123;24256817000;24041211111;24241211111;10240;10228
5124;24256838000;24041211111;24241211111;10240;10228
5125;24257078000;24041211111;24241211111;10240;10228
5126;24257326000;24082822222;24282822222;10240;10228
5127;24257611000;24082822222;24282822222;10240;10228
5128;24265813000;24082822222;24282822222;10240;10228
5129;24266069000;24082822222;24282822222;10240;10228
5130;24266087000;24082822222;24282822222;10240;10228
5131;24280459000;24082822222;24282822222;10240;10228
5132;24295859000;24082822222;24282822222;10240;10228
5133;24297587000;24082822222;24282822222;10240;10228
5134;24297610000;24082822222;24282822222;10240;10228
5135;24297867000;24082822222;24282822222;10240;10228
5136;24297889000;24082822222;24282822222;10240;10228
5137;24298116000;24124522222;24324522222;10240;10228
5138;24298366000;24124522222;24324522222;10240;10228
5139;24298632000;24124522222;24324522222;10240;10228
5140;24298872000;24124522222;24324522222;10240;10228
5141;24298890000;24124522222;24324522222;10240;10228
5142;24299124000;24124522222;24324522222;10240;10228
5143;24305902000;24124522222;24324522222;10240;10228
5144;24316193000;24124522222;24324522222;10240;10228
5145;24319933000;24124522222;24324522222;10240;10228
5146;24319950000;24124522222;24324522222;10240;10228
5147;24337707000;24124522222;24324522222;10240;10228
5148;24337956000;24166211111;24366211111;10240;10228
5149;24337968000;24166211111;24366211111;10240;10228
5150;24338209000;24166211111;24366211111;10240;10228
5151;24346109000;24166211111;24366211111;10240;10228
5152;24347014000;24166211111;24366211111;10240;10228
5153;24347035000;24166211111;24366211111;10240;10228
5154;24347266000;24166211111;24366211111;10240;10228
5155;24361472000;24166211111;24366211111;10240;10228
5156;24376885000;24166211111;24366211111;10240;10228
5157;24378254000;24166211111;24366211111;10240;10228
5158;24378506000;24166211111;24366211111;10240;10228
5159;24378538000;24207833333;24407833333;10240;10228
5160;24378834000;24207833333;24407833333;10240;10228
5161;24379120000;24207833333;24407833333;10240;10228
5162;24379141000;24207833333;24407833333;10240;10228
5163;24379849000;24207833333;24407833333;10240;10228
5164;24379870000;24207833333;24407833333;10240;10228
5165;24380091000;24207833333;24407833333;10240;10228
5166;24380111000;24207833333;24407833333;10240;10228
5167;24380336000;24207833333;24407833333;10240;10228
5168;24380347000;24207833333;24407833333;10240;10228
5169;24386848000;24207833333;24407833333;10240;10228
5170;24397141000;24249544444;24449544444;10240;10228
5171;24400974000;24249544444;24449544444;10240;10228
5172;24400993000;24249544444;24449544444;10240;10228
5173;24418819000;24249544444;24449544444;10240;10228
5174;24418828000;24249544444;24449544444;10240;10228
5175;24419123000;24249544444;24449544444;10240;10228
5176;24419372000;24249544444;24449544444;10240;10228
5177;24428028000;24249544444;24449544444;10240;10228
5178;24428046000;24249544444;24449544444;10240;10228
5179;24428278000;24249544444;24449544444;10240;10228
5180;24428287000;24249544444;24449544444;10240;10228
5181;24448649000;24291200000;24491200000;10240;10228
5182;24459138000;24291200000;24491200000;10240;10228
5183;24459376000;24291200000;24491200000;10240;10228
5184;24459386000;24291200000;24491200000;10240;10228
5185;24459900000;24291200000;24491200000;10240;10228
5186;24459921000;24291200000;24491200000;10240;10228
5187;24460137000;24291200000;24491200000;10240;10228
5188;24460157000;24291200000;24491200000;10240;10228
5189;24460848000;24291200000;24491200000;10240;10228
5190;24460869000;24291200000;24491200000;10240;10228
5191;24461092000;24291200000;24491200000;10240;10228
5192;24461112000;24332855555;24532855555;10240;10228
5193;24461335000;24332855555;24532855555;10240;10228
5194;24461346000;24332855555;24532855555;10240;10228
5195;24461594000;24332855555;24532855555;10240;10228
5196;24467871000;24332855555;24532855555;10240;10228
5197;24482050000;24332855555;24532855555;10240;10228
5198;24482069000;24332855555;24532855555;10240;10228
5199;24489364000;24332855555;24532855555;10240;10228
5200;24499691000;24332855555;24532855555;10240;10228
5201;24499970000;24332855555;24532855555;10240;10228
5202;24500188000;24332855555;24532855555;10240;10228
5203;24500448000;24374522222;24574522222;10240;10228
5204;24509050000;24374522222;24574522222;10240;10228
5205;24509070000;24374522222;24574522222;10240;10228
5206;24509292000;24374522222;24574522222;10240;10228
5207;24509312000;24374522222;24574522222;10240;10228
5208;24535119000;24374522222;24574522222;10240;10228
5209;24540496000;24374522222;24574522222;10240;10228
5210;24540507000;24374522222;24574522222;10240;10228
5211;24540882000;24374522222;24574522222;10240;10228
5212;24540902000;24374522222;24574522222;10240;10228
5213;24541126000;24374522222;24574522222;10240;10228
5214;24541147000;24416177777;24616177777;10240;10228
5215;24541869000;24416177777;24616177777;10240;10228
5216;24541890000;24416177777;24616177777;10240;10228
5217;24542112000;24416177777;24616177777;10240;10228
5218;24542133000;24416177777;24616177777;10240;10228
5219;24542357000;24416177777;24616177777;10240;10228
5220;24542368000;24416177777;24616177777;10240;10228
5221;24542614000;24416177777;24616177777;10240;10228
5222;24542633000;24416177777;24616177777;10240;10228
5223;24542872000;24416177777;24616177777;10240;10228
5224;24555384000;24416177777;24616177777;10240;10228
5225;24563088000;24457844444;24657844444;10240;10228
5226;24563107000;24457844444;24657844444;10240;10228
5227;24575831000;24457844444;24657844444;10240;10228
5228;24580811000;24457844444;24657844444;10240;10228
5229;24581059000;24457844444;24657844444;10240;10228
5230;24581068000;24457844444;24657844444;10240;10228
5231;24590051000;24457844444;24657844444;10240;10228
5232;24590070000;24457844444;24657844444;10240;10228
5233;24590291000;24457844444;24657844444;10240;10228
5234;24590311000;24457844444;24657844444;10240;10228
5235;24596050000;24457844444;24657844444;10240;10228
5236;24621379000;24499566666;24699566666;10240;10228
5237;24621628000;24499566666;24699566666;10240;10228
5238;24621915000;24499566666;24699566666;10240;10228
5239;24621933000;24499566666;24699566666;10240;10228
5240;24622132000;24499566666;24699566666;10240;10228
5241;24622137000;24499566666;24699566666;10240;10228
5242;24622854000;24499566666;24699566666;10240;10228
5243;24622873000;24499566666;24699566666;10240;10228
5244;24623135000;24499566666;24699566666;10240;10228
5245;24623351000;24499566666;24699566666;10240;10228
5246;24623362000;24499566666;24699566666;10240;10228
5247;24623366000;24541233333;24741233333;10240;10228
5248;24623636000;24541233333;24741233333;10240;10228
5249;24623642000;24541233333;24741233333;10240;10228
5250;24623893000;24541233333;24741233333;10240;10228
5251;24623914000;24541233333;24741233333;10240;10228
5252;24624127000;24541233333;24741233333;10240;10228
5253;24636387000;24541233333;24741233333;10240;10228
5254;24644120000;24541233333;24741233333;10240;10228
5255;24644141000;24541233333;24741233333;10240;10228
5256;24661740000;24541233333;24741233333;10240;10228
5257;24661761000;24541233333;24741233333;10240;10228
5258;24664941000;24582855555;24782855555;10240;10228
5259;24664962000;24582855555;24782855555;10240;10228
5260;24670898000;24582855555;24782855555;10240;10228
5263;24671301000;24582855555;24782855555;10240;10228
5264;24677095000;24582855555;24782855555;10240;10228
5265;24702656000;24582855555;24782855555;10240;10228
5266;24702677000;24582855555;24782855555;10240;10228
5267;24702906000;24582855555;24782855555;10240;10228
5268;24702926000;24582855555;24782855555;10240;10228
5269;24706623000;24624555555;24824555555;10240;10228
5270;24706643000;24624555555;24824555555;10240;10228
5271;24706881000;24624555555;24824555555;10240;10228
5272;24706903000;24624555555;24824555555;10240;10228
5273;24707124000;24624555555;24824555555;10240;10228
5274;24707144000;24624555555;24824555555;10240;10228
5275;24707369000;24624555555;24824555555;10240;10228
5276;24707380000;24624555555;24824555555;10240;10228
5277;24707639000;24624555555;24824555555;10240;10228
5278;24707648000;24624555555;24824555555;10240;10228
5279;24707885000;24624555555;24824555555;10240;10228
5280;24748284000;24666266666;24866266666;10240;10228
5281;24748293000;24666266666;24866266666;10240;10228
5282;24748569000;24666266666;24866266666;10240;10228
5283;24748588000;24666266666;24866266666;10240;10228
5284;24748789000;24666266666;24866266666;10240;10228
5285;24748807000;24666266666;24866266666;10240;10228
5286;24749092000;24666266666;24866266666;10240;10228
5287;24749117000;24666266666;24866266666;10240;10228
5288;24749327000;24666266666;24866266666;10240;10228
5289;24752307000;24666266666;24866266666;10240;10228
5290;24752327000;24666266666;24866266666;10240;10228
5291;24789936000;24707888888;24907888888;10240;10228
5292;24789957000;24707888888;24907888888;10240;10228
5293;24790181000;24707888888;24907888888;10240;10228
5294;24790201000;24707888888;24907888888;10240;10228
5295;24790428000;24707888888;24907888888;10240;10228
5296;24790439000;24707888888;24907888888;10240;10228
5297;24790682000;24707888888;24907888888;10240;10228
5298;24790702000;24707888888;24907888888;10240;10228
5299;24790939000;24707888888;24907888888;10240;10228
5300;24790958000;24707888888;24907888888;10240;10228
5301;24791191000;24707888888;24907888888;10240;10228
5302;24831632000;24749588888;24949588888;10240;10228
5303;24831894000;24749588888;24949588888;10240;10228
5304;24831903000;24749588888;24949588888;10240;10228
5305;24831918000;24749588888;24949588888;10240;10228
5306;24832098000;24749588888;24949588888;10240;10228
5307;24832104000;24749588888;24949588888;10240;10228
5308;24832348000;24749588888;24949588888;10240;10228
5309;24832353000;24749588888;24949588888;10240;10228
5310;24832651000;24749588888;24949588888;10240;10228
5311;24832671000;24749588888;24949588888;10240;10228
5312;24832902000;24749588888;24949588888;10240;10228
5313;24873213000;24791255555;24991255555;10240;10228
5314;24873447000;24791255555;24991255555;10240;10228
5315;24873458000;24791255555;24991255555;10240;10228
5316;24873709000;24791255555;24991255555;10240;10228
5317;24873727000;24791255555;24991255555;10240;10228
5318;24873957000;24791255555;24991255555;10240;10228
5319;24873976000;24791255555;24991255555;10240;10228
5320;24874209000;24791255555;24991255555;10240;10228
5321;24874218000;24791255555;24991255555;10240;10228
5322;24874443000;24791255555;24991255555;10240;10228
5323;24874453000;24791255555;24991255555;10240;10228
5324;24914931000;24832911111;25032911111;10240;10228
5325;24914941000;24832911111;25032911111;10240;10228
5326;24915193000;24832911111;25032911111;10240;10228
5327;24915206000;24832911111;25032911111;10240;10228
5328;24915481000;24832911111;25032911111;10240;10228
5329;24915492000;24832911111;25032911111;10240;10228
5330;24915694000;24832911111;25032911111;10240;10228
5331;24915699000;24832911111;25032911111;10240;10228
5332;24915991000;24832911111;25032911111;10240;10228
5333;24916002000;24832911111;25032911111;10240;10228
5334;24916016000;24832911111;25032911111;10240;10228
5335;24956635000;24874555555;25074555555;10240;10228
5336;24956653000;24874555555;25074555555;10240;10228
5337;24956882000;24874555555;25074555555;10240;10228
5338;24956902000;24874555555;25074555555;10240;10228
5339;24957132000;24874555555;25074555555;10240;10228
5340;24957152000;24874555555;25074555555;10240;10228
5341;24957369000;24874555555;25074555555;10240;10228
5342;24957381000;24874555555;25074555555;10240;10228
5343;24957633000;24874555555;25074555555;10240;10228
5344;24957653000;24874555555;25074555555;10240;10228
5345;24957883000;24874555555;25074555555;10240;10228
5346;24998217000;24916266666;25116266666;10240;10228
5347;24998482000;24916266666;25116266666;10240;10228
5348;24998494000;24916266666;25116266666;10240;10228
5349;24998666000;24916266666;25116266666;10240;10228
5350;24998677000;24916266666;25116266666;10240;10228
5351;24998957000;24916266666;25116266666;10240;10228
5352;24998977000;24916266666;25116266666;10240;10228
5353;24999201000;24916266666;25116266666;10240;10228
5354;24999221000;24916266666;25116266666;10240;10228
5355;24999452000;24916266666;25116266666;10240;10228
5356;24999461000;24916266666;25116266666;10240;10228
5358;25040011000;24957877777;25157877777;10240;10228
5359;25040032000;24957877777;25157877777;10240;10228
5360;25040259000;24957877777;25157877777;10240;10228
5361;25040278000;24957877777;25157877777;10240;10228
5362;25040509000;24957877777;25157877777;10240;10228
5363;25040529000;24957877777;25157877777;10240;10228
5364;25040765000;24957877777;25157877777;10240;10228
5365;25040776000;24957877777;25157877777;10240;10228
5366;25041015000;24957877777;25157877777;10240;10228
5367;25041035000;24957877777;25157877777;10240;10228
5368;25081603000;24999600000;25199600000;10240;10228
5369;25081621000;24999600000;25199600000;10240;10228
5370;25081905000;24999600000;25199600000;10240;10228
5371;25081916000;24999600000;25199600000;10240;10228
5372;25082161000;24999600000;25199600000;10240;10228
5373;25082182000;24999600000;25199600000;10240;10228
5374;25082360000;24999600000;25199600000;10240;10228
5375;25082371000;24999600000;25199600000;10240;10228
5376;25082662000;24999600000;25199600000;10240;10228
5377;25082675000;24999600000;25199600000;10240;10228
5378;25082679000;24999600000;25199600000;10240;10228
5357;25121066000;24957877777;25157877777;10240;10228
5379;25123236000;25041266666;25241266666;10240;10228
5380;25123257000;25041266666;25241266666;10240;10228
5381;25123484000;25041266666;25241266666;10240;10228
5382;25162636000;25041266666;25241266666;10240;10228
5383;25162656000;25041266666;25241266666;10240;10228
5384;25162886000;25041266666;25241266666;10240;10228
5385;25162906000;25041266666;25241266666;10240;10228
5386;25163125000;25041266666;25241266666;10240;10228
5387;25163137000;25041266666;25241266666;10240;10228
5388;25163375000;25041266666;25241266666;10240;10228
5389;25163386000;25041266666;25241266666;10240;10228
5390;25164960000;25082811111;25282811111;10240;10228
5391;25164981000;25082811111;25282811111;10240;10228
5392;25165204000;25082811111;25282811111;10240;10228
5393;25165224000;25082811111;25282811111;10240;10228
5394;25204211000;25082811111;25282811111;10240;10228
5395;25204230000;25082811111;25282811111;10240;10228
5396;25204484000;25082811111;25282811111;10240;10228
5397;25204493000;25082811111;25282811111;10240;10228
5398;25211767000;25082811111;25282811111;10240;10228
5400;25243583000;25082811111;25282811111;10240;10228
5401;25243837000;25124544444;25324544444;10240;10228
5402;25243846000;25124544444;25324544444;10240;10228
5403;25244077000;25124544444;25324544444;10240;10228
5404;25244087000;25124544444;25324544444;10240;10228
5405;25244372000;25124544444;25324544444;10240;10228
5406;25244383000;25124544444;25324544444;10240;10228
5407;25245830000;25124544444;25324544444;10240;10228
5408;25245852000;25124544444;25324544444;10240;10228
5409;25246087000;25124544444;25324544444;10240;10228
5410;25246330000;25124544444;25324544444;10240;10228
5411;25285003000;25124544444;25324544444;10240;10228
5412;25285258000;25166177777;25366177777;10240;10228
5413;25285453000;25166177777;25366177777;10240;10228
5414;25285471000;25166177777;25366177777;10240;10228
5415;25285750000;25166177777;25366177777;10240;10228
5416;25298206000;25166177777;25366177777;10240;10228
5417;25324627000;25166177777;25366177777;10240;10228
5418;25324647000;25166177777;25366177777;10240;10228
5419;25324872000;25166177777;25366177777;10240;10228
5420;25324880000;25166177777;25366177777;10240;10228
5421;25325120000;25166177777;25366177777;10240;10228
5422;25325131000;25166177777;25366177777;10240;10228
5423;25325365000;25207844444;25407844444;10240;10228
5424;25325374000;25207844444;25407844444;10240;10228
5425;25326681000;25207844444;25407844444;10240;10228
5426;25326690000;25207844444;25407844444;10240;10228
5427;25327188000;25207844444;25407844444;10240;10228
5428;25327198000;25207844444;25407844444;10240;10228
5429;25327212000;25207844444;25407844444;10240;10228
5430;25365980000;25207844444;25407844444;10240;10228
5431;25366241000;25207844444;25407844444;10240;10228
5432;25366275000;25207844444;25407844444;10240;10228
5433;25366485000;25207844444;25407844444;10240;10228
5434;25379129000;25249533333;25449533333;10240;10228
5435;25379148000;25249533333;25449533333;10240;10228
5436;25405677000;25249533333;25449533333;10240;10228
5437;25405696000;25249533333;25449533333;10240;10228
5438;25405926000;25249533333;25449533333;10240;10228
5439;25405934000;25249533333;25449533333;10240;10228
5440;25406164000;25249533333;25449533333;10240;10228
5441;25406173000;25249533333;25449533333;10240;10228
5442;25406417000;25249533333;25449533333;10240;10228
5443;25407702000;25249533333;25449533333;10240;10228
5444;25407726000;25249533333;25449533333;10240;10228
5448;25408204000;25291222222;25491222222;10240;10228
5449;25447126000;25291222222;25491222222;10240;10228
5450;25447147000;25291222222;25491222222;10240;10228
5451;25447361000;25291222222;25491222222;10240;10228
5452;25447382000;25291222222;25491222222;10240;10228
5453;25460170000;25291222222;25491222222;10240;10228
5454;25460191000;25291222222;25491222222;10240;10228
5455;25486614000;25291222222;25491222222;10240;10228
5456;25486870000;25332855555;25532855555;10240;10228
5457;25486879000;25332855555;25532855555;10240;10228
5458;25487107000;25332855555;25532855555;10240;10228
5459;25487118000;25332855555;25532855555;10240;10228
5460;25487352000;25332855555;25532855555;10240;10228
5461;25487363000;25332855555;25532855555;10240;10228
5462;25488684000;25332855555;25532855555;10240;10228
5463;25488695000;25332855555;25532855555;10240;10228
5464;25489200000;25332855555;25532855555;10240;10228
5465;25528039000;25332855555;25532855555;10240;10228
5466;25528058000;25332855555;25532855555;10240;10228
5467;25528292000;25374488888;25574488888;10240;10228
5468;25528301000;25374488888;25574488888;10240;10228
5469;25528546000;25374488888;25574488888;10240;10228
5470;25528558000;25374488888;25574488888;10240;10228
5471;25528787000;25374488888;25574488888;10240;10228
5472;25528808000;25374488888;25574488888;10240;10228
5473;25541219000;25374488888;25574488888;10240;10228
5474;25541241000;25374488888;25574488888;10240;10228
5475;25567662000;25374488888;25574488888;10240;10228
5476;25567682000;25374488888;25574488888;10240;10228
5477;25567910000;25374488888;25574488888;10240;10228
5478;25567921000;25416177777;25616177777;10240;10228
5479;25568160000;25416177777;25616177777;10240;10228
5480;25568416000;25416177777;25616177777;10240;10228
5481;25568425000;25416177777;25616177777;10240;10228
5482;25569438000;25416177777;25616177777;10240;10228
5483;25569456000;25416177777;25616177777;10240;10228
5484;25570238000;25416177777;25616177777;10240;10228
5485;25608950000;25416177777;25616177777;10240;10228
5486;25609234000;25416177777;25616177777;10240;10228
5487;25609254000;25416177777;25616177777;10240;10228
5488;25609487000;25416177777;25616177777;10240;10228
5489;25609498000;25457844444;25657844444;10240;10228
5490;25609741000;25457844444;25657844444;10240;10228
5491;25609766000;25457844444;25657844444;10240;10228
5492;25609978000;25457844444;25657844444;10240;10228
5493;25609999000;25457844444;25657844444;10240;10228
5494;25622258000;25457844444;25657844444;10240;10228
5495;25622279000;25457844444;25657844444;10240;10228
5498;25648868000;25457844444;25657844444;10240;10228
5499;25649111000;25457844444;25657844444;10240;10228
