seqnum;now;rtptime;deadline;packet_len;payload_len
0;8763566000;8631388888;8831388888;1398;1386
1;8763599000;8631388888;8831388888;1400;1388
2;8763684000;8631388888;8831388888;1398;1386
3;8763705000;8631388888;8831388888;1400;1388
4;8763938000;8631388888;8831388888;1400;1388
5;8763950000;8631388888;8831388888;1398;1386
6;8764178000;8631388888;8831388888;1400;1388
7;8764188000;8631388888;8831388888;1398;1386
8;8764424000;8631388888;8831388888;1400;1388
9;8764431000;8631388888;8831388888;1400;1388
10;8764704000;8631388888;8831388888;982;970
11;8805120000;8663200000;8863200000;1398;1386
12;8805144000;8663200000;8863200000;1400;1388
13;8805336000;8663200000;8863200000;1398;1386
14;8805344000;8663200000;8863200000;1400;1388
16;8805588000;8663200000;8863200000;1398;1386
17;8805597000;8663200000;8863200000;1400;1388
18;8805838000;8663200000;8863200000;1398;1386
19;8805850000;8663200000;8863200000;1400;1388
20;8806088000;8663200000;8863200000;1400;1388
21;8806104000;8663200000;8863200000;982;970
22;8846775000;8704833333;8904833333;1398;1386
23;8846793000;8704833333;8904833333;1400;1388
24;8846997000;8704833333;8904833333;1398;1386
25;8847008000;8704833333;8904833333;1400;1388
26;8847247000;8704833333;8904833333;1400;1388
27;8847259000;8704833333;8904833333;1398;1386
28;8847506000;8704833333;8904833333;1400;1388
29;8847534000;8704833333;8904833333;1398;1386
30;8847756000;8704833333;8904833333;1400;1388
31;8847768000;8704833333;8904833333;1400;1388
32;8847778000;8704833333;8904833333;982;970
33;8888433000;8746433333;8946433333;1398;1386
34;8888449000;8746433333;8946433333;1400;1388
35;8888693000;8746433333;8946433333;1398;1386
36;8888705000;8746433333;8946433333;1400;1388
37;8888939000;8746433333;8946433333;1400;1388
38;8888951000;8746433333;8946433333;1398;1386
39;8889145000;8746433333;8946433333;1400;1388
40;8889154000;8746433333;8946433333;1398;1386
41;8889423000;8746433333;8946433333;1400;1388
42;8889435000;8746433333;8946433333;1400;1388
43;8889443000;8746433333;8946433333;982;970
46;8930134000;8788111111;8988111111;1398;1386
47;8930164000;8788111111;8988111111;1400;1388
48;8930356000;8788111111;8988111111;1400;1388
49;8930365000;8788111111;8988111111;1398;1386
50;8930606000;8788111111;8988111111;1400;1388
51;8930615000;8788111111;8988111111;1398;1386
52;8930861000;8788111111;8988111111;1400;1388
53;8930870000;8788111111;8988111111;1400;1388
54;8931105000;8788111111;8988111111;982;970
55;8971805000;8829766666;9029766666;1398;1386
56;8971823000;8829766666;9029766666;1400;1388
57;8972020000;8829766666;9029766666;1398;1386
58;8972032000;8829766666;9029766666;1400;1388
59;8972256000;8829766666;9029766666;1400;1388
60;8972269000;8829766666;9029766666;1398;1386
61;8972506000;8829766666;9029766666;1400;1388
62;8972535000;8829766666;9029766666;1398;1386
63;8972758000;8829766666;9029766666;1400;1388
64;8972770000;8829766666;9029766666;1400;1388
65;8972982000;8829766666;9029766666;982;970
66;9013444000;8871400000;9071400000;1398;1386
67;9013460000;8871400000;9071400000;1400;1388
68;9013693000;8871400000;9071400000;1398;1386
70;9013705000;8871400000;9071400000;1400;1388
71;9013949000;8871400000;9071400000;1398;1386
72;9013957000;8871400000;9071400000;1400;1388
73;9014201000;8871400000;9071400000;1398;1386
74;9014209000;8871400000;9071400000;1400;1388
75;9014404000;8871400000;9071400000;1400;1388
78;9055113000;8913133333;9113133333;1400;1388
79;9055138000;8913133333;9113133333;1398;1386
80;9055364000;8913133333;9113133333;1400;1388
81;9055372000;8913133333;9113133333;1400;1388
82;9055621000;8913133333;9113133333;1398;1386
83;9055629000;8913133333;9113133333;1400;1388
84;9055870000;8913133333;9113133333;1398;1386
85;9055878000;8913133333;9113133333;1400;1388
86;9056075000;8913133333;9113133333;1400;1388
87;9056079000;8913133333;9113133333;982;970
88;9096790000;8954733333;9154733333;1398;1386
89;9096807000;8954733333;9154733333;1400;1388
90;9097028000;8954733333;9154733333;1398;1386
91;9097040000;8954733333;9154733333;1400;1388
92;9097283000;8954733333;9154733333;1400;1388
93;9097294000;8954733333;9154733333;1398;1386
94;9097534000;8954733333;9154733333;1400;1388
95;9097570000;8954733333;9154733333;1398;1386
96;9097743000;8954733333;9154733333;1400;1388
97;9097750000;8954733333;9154733333;1400;1388
98;9098029000;8954733333;9154733333;982;970
99;9138429000;8996411111;9196411111;1398;1386
100;9138441000;8996411111;9196411111;1400;1388
101;9138679000;8996411111;9196411111;1398;1386
102;9138691000;8996411111;9196411111;1400;1388
103;9138922000;8996411111;9196411111;1400;1388
104;9138934000;8996411111;9196411111;1398;1386
105;9139180000;8996411111;9196411111;1400;1388
106;9139192000;8996411111;9196411111;1398;1386
108;9139430000;8996411111;9196411111;1400;1388
109;9139454000;8996411111;9196411111;982;970
110;9180096000;9038044444;9238044444;1398;1386
111;9180108000;9038044444;9238044444;1400;1388
112;9180347000;9038044444;9238044444;1398;1386
113;9180359000;9038044444;9238044444;1400;1388
114;9180556000;9038044444;9238044444;1400;1388
115;9180564000;9038044444;9238044444;1398;1386
116;9180803000;9038044444;9238044444;1400;1388
117;9180810000;9038044444;9238044444;1398;1386
118;9181099000;9038044444;9238044444;1400;1388
119;9181110000;9038044444;9238044444;1400;1388
120;9181349000;9038044444;9238044444;982;970
121;9221744000;9079766666;9279766666;1398;1386
122;9221756000;9079766666;9279766666;1400;1388
123;9221987000;9079766666;9279766666;1398;1386
124;9221998000;9079766666;9279766666;1400;1388
125;9222236000;9079766666;9279766666;1400;1388
126;9222248000;9079766666;9279766666;1398;1386
128;9222498000;9079766666;9279766666;1398;1386
129;9222531000;9079766666;9279766666;1400;1388
130;9222745000;9079766666;9279766666;1400;1388
131;9222753000;9079766666;9279766666;982;970
132;9263429000;9121388888;9321388888;1398;1386
133;9263442000;9121388888;9321388888;1400;1388
134;9263675000;9121388888;9321388888;1398;1386
135;9263687000;9121388888;9321388888;1400;1388
136;9263881000;9121388888;9321388888;1400;1388
138;9263889000;9121388888;9321388888;1400;1388
139;9264175000;9121388888;9321388888;1398;1386
140;9264183000;9121388888;9321388888;1400;1388
141;9264379000;9121388888;9321388888;1400;1388
142;9264383000;9121388888;9321388888;982;970
143;9305121000;9163033333;9363033333;1398;1386
144;9305133000;9163033333;9363033333;1400;1388
145;9305378000;9163033333;9363033333;1398;1386
146;9305390000;9163033333;9363033333;1400;1388
149;9305627000;9163033333;9363033333;1400;1388
150;9305650000;9163033333;9363033333;1398;1386
151;9305879000;9163033333;9363033333;1400;1388
152;9305888000;9163033333;9363033333;1400;1388
153;9305891000;9163033333;9363033333;982;970
154;9346744000;9204766666;9404766666;1398;1386
156;9346756000;9204766666;9404766666;1398;1386
157;9346988000;9204766666;9404766666;1400;1388
158;9346996000;9204766666;9404766666;1400;1388
159;9347236000;9204766666;9404766666;1398;1386
160;9347244000;9204766666;9404766666;1400;1388
161;9347448000;9204766666;9404766666;1398;1386
162;9347453000;9204766666;9404766666;1400;1388
163;9347699000;9204766666;9404766666;1400;1388
164;9347703000;9204766666;9404766666;982;970
165;9388443000;9246400000;9446400000;1398;1386
166;9388455000;9246400000;9446400000;1400;1388
167;9388694000;9246400000;9446400000;1398;1386
168;9388706000;9246400000;9446400000;1400;1388
169;9388948000;9246400000;9446400000;1400;1388
170;9388961000;9246400000;9446400000;1398;1386
171;9389200000;9246400000;9446400000;1400;1388
172;9389212000;9246400000;9446400000;1398;1386
173;9389451000;9246400000;9446400000;1400;1388
174;9389463000;9246400000;9446400000;1400;1388
175;9389473000;9246400000;9446400000;982;970
177;9430085000;9288088888;9488088888;1400;1388
178;9430108000;9288088888;9488088888;1398;1386
179;9430335000;9288088888;9488088888;1400;1388
180;9430343000;9288088888;9488088888;1400;1388
181;9430540000;9288088888;9488088888;1398;1386
182;9430544000;9288088888;9488088888;1400;1388
186;9430788000;9288088888;9488088888;982;970
187;9471777000;9329744444;9529744444;1398;1386
188;9471789000;9329744444;9529744444;1400;1388
189;9472028000;9329744444;9529744444;1398;1386
190;9472040000;9329744444;9529744444;1400;1388
191;9472285000;9329744444;9529744444;1400;1388
192;9472297000;9329744444;9529744444;1398;1386
193;9472535000;9329744444;9529744444;1400;1388
194;9472547000;9329744444;9529744444;1398;1386
196;9472785000;9329744444;9529744444;1400;1388
197;9472808000;9329744444;9529744444;982;970
198;9513435000;9371377777;9571377777;1398;1386
199;9513447000;9371377777;9571377777;1400;1388
200;9513686000;9371377777;9571377777;1398;1386
202;9513698000;9371377777;9571377777;1400;1388
203;9513891000;9371377777;9571377777;1398;1386
204;9513896000;9371377777;9571377777;1400;1388
205;9514139000;9371377777;9571377777;1398;1386
206;9514143000;9371377777;9571377777;1400;1388
207;9514436000;9371377777;9571377777;1400;1388
208;9514444000;9371377777;9571377777;982;970
209;9555072000;9413055555;9613055555;1398;1386
210;9555086000;9413055555;9613055555;1400;1388
211;9555327000;9413055555;9613055555;1398;1386
212;9555339000;9413055555;9613055555;1400;1388
213;9555571000;9413055555;9613055555;1400;1388
214;9555583000;9413055555;9613055555;1398;1386
215;9555828000;9413055555;9613055555;1400;1388
216;9555840000;9413055555;9613055555;1398;1386
217;9556081000;9413055555;9613055555;1400;1388
219;9556092000;9413055555;9613055555;982;970
220;9596755000;9454755555;9654755555;1398;1386
221;9596767000;9454755555;9654755555;1400;1388
222;9596997000;9454755555;9654755555;1398;1386
223;9597009000;9454755555;9654755555;1400;1388
224;9597248000;9454755555;9654755555;1400;1388
228;9597260000;9454755555;9654755555;1400;1388
229;9597461000;9454755555;9654755555;1400;1388
230;9597466000;9454755555;9654755555;982;970
231;9638435000;9496388888;9696388888;1398;1386
232;9638444000;9496388888;9696388888;1400;1388
233;9638703000;9496388888;9696388888;1398;1386
234;9638715000;9496388888;9696388888;1400;1388
235;9638960000;9496388888;9696388888;1400;1388
236;9638972000;9496388888;9696388888;1398;1386
239;9639211000;9496388888;9696388888;1400;1388
240;9639234000;9496388888;9696388888;1400;1388
241;9639248000;9496388888;9696388888;982;970
242;9680098000;9538088888;9738088888;1398;1386
243;9680110000;9538088888;9738088888;1400;1388
244;9680359000;9538088888;9738088888;1398;1386
245;9680370000;9538088888;9738088888;1400;1388
246;9680605000;9538088888;9738088888;1400;1388
247;9680617000;9538088888;9738088888;1398;1386
248;9680813000;9538088888;9738088888;1400;1388
249;9680821000;9538088888;9738088888;1398;1386
252;9681106000;9538088888;9738088888;982;970
253;9721743000;9579744444;9779744444;1398;1386
254;9721756000;9579744444;9779744444;1400;1388
255;9721987000;9579744444;9779744444;1398;1386
256;9721999000;9579744444;9779744444;1400;1388
257;9722236000;9579744444;9779744444;1400;1388
259;9722248000;9579744444;9779744444;1400;1388
260;9722494000;9579744444;9779744444;1398;1386
261;9722502000;9579744444;9779744444;1400;1388
262;9722699000;9579744444;9779744444;1400;1388
263;9722704000;9579744444;9779744444;982;970
264;9763453000;9621377777;9821377777;1398;1386
265;9763465000;9621377777;9821377777;1400;1388
266;9763711000;9621377777;9821377777;1398;1386
267;9763723000;9621377777;9821377777;1400;1388
268;9763959000;9621377777;9821377777;1400;1388
269;9763971000;9621377777;9821377777;1398;1386
270;9764211000;9621377777;9821377777;1400;1388
273;9764223000;9621377777;9821377777;1400;1388
274;9764244000;9621377777;9821377777;982;970
278;9805102000;9663044444;9863044444;1400;1388
279;9805125000;9663044444;9863044444;1400;1388
280;9805352000;9663044444;9863044444;1398;1386
281;9805360000;9663044444;9863044444;1400;1388
282;9805557000;9663044444;9863044444;1398;1386
283;9805561000;9663044444;9863044444;1400;1388
284;9805806000;9663044444;9863044444;1400;1388
285;9805810000;9663044444;9863044444;982;970
286;9846772000;9704755555;9904755555;1398;1386
287;9846784000;9704755555;9904755555;1400;1388
288;9847018000;9704755555;9904755555;1398;1386
289;9847030000;9704755555;9904755555;1400;1388
290;9847275000;9704755555;9904755555;1400;1388
291;9847287000;9704755555;9904755555;1398;1386
292;9847527000;9704755555;9904755555;1400;1388
293;9847539000;9704755555;9904755555;1398;1386
294;9847779000;9704755555;9904755555;1400;1388
295;9847791000;9704755555;9904755555;1400;1388
296;9847810000;9704755555;9904755555;982;970
297;9888409000;9746366666;9946366666;1398;1386
298;9888422000;9746366666;9946366666;1400;1388
299;9888659000;9746366666;9946366666;1398;1386
300;9888671000;9746366666;9946366666;1400;1388
301;9888904000;9746366666;9946366666;1400;1388
302;9888916000;9746366666;9946366666;1398;1386
304;9889116000;9746366666;9946366666;1398;1386
307;9889135000;9746366666;9946366666;982;970
309;9930121000;9788044444;9988044444;1400;1388
311;9930144000;9788044444;9988044444;1400;1388
312;9930378000;9788044444;9988044444;1400;1388
313;9930386000;9788044444;9988044444;1398;1386
314;9930628000;9788044444;9988044444;1400;1388
315;9930636000;9788044444;9988044444;1398;1386
316;9930877000;9788044444;9988044444;1400;1388
317;9930885000;9788044444;9988044444;1400;1388
318;9930889000;9788044444;9988044444;982;970
319;9971782000;9829744444;10029744444;1398;1386
320;9971794000;9829744444;10029744444;1400;1388
322;9972033000;9829744444;10029744444;1400;1388
324;9972056000;9829744444;10029744444;1398;1386
325;9972288000;9829744444;10029744444;1400;1388
326;9972296000;9829744444;10029744444;1398;1386
327;9972492000;9829744444;10029744444;1400;1388
329;9972496000;9829744444;10029744444;982;970
330;10013431000;9871422222;10071422222;1398;1386
331;10013443000;9871422222;10071422222;1400;1388
332;10013681000;9871422222;10071422222;1398;1386
333;10013692000;9871422222;10071422222;1400;1388
336;10013938000;9871422222;10071422222;1400;1388
337;10013961000;9871422222;10071422222;1398;1386
338;10014189000;9871422222;10071422222;1400;1388
339;10014197000;9871422222;10071422222;1400;1388
340;10014200000;9871422222;10071422222;982;970
342;10055080000;9913044444;10113044444;1400;1388
343;10055353000;9913044444;10113044444;1398;1386
344;10055361000;9913044444;10113044444;1400;1388
345;10055365000;9913044444;10113044444;1400;1388
346;10055597000;9913044444;10113044444;1398;1386
347;10055605000;9913044444;10113044444;1400;1388
348;10055807000;9913044444;10113044444;1398;1386
349;10055812000;9913044444;10113044444;1400;1388
351;10056056000;9913044444;10113044444;982;970
353;10096790000;9954755555;10154755555;1400;1388
354;10096813000;9954755555;10154755555;1398;1386
355;10097040000;9954755555;10154755555;1400;1388
356;10097048000;9954755555;10154755555;1400;1388
357;10097297000;9954755555;10154755555;1398;1386
358;10097305000;9954755555;10154755555;1400;1388
359;10097548000;9954755555;10154755555;1398;1386
360;10097556000;9954755555;10154755555;1400;1388
361;10097798000;9954755555;10154755555;1400;1388
362;10097806000;9954755555;10154755555;982;970
363;10138425000;9996388888;10196388888;1398;1386
364;10138437000;9996388888;10196388888;1400;1388
365;10138673000;9996388888;10196388888;1398;1386
366;10138685000;9996388888;10196388888;1400;1388
367;10138878000;9996388888;10196388888;1400;1388
368;10138885000;9996388888;10196388888;1398;1386
369;10139127000;9996388888;10196388888;1400;1388
370;10139134000;9996388888;10196388888;1398;1386
371;10139427000;9996388888;10196388888;1400;1388
372;10139439000;9996388888;10196388888;1400;1388
373;10139450000;9996388888;10196388888;982;970
374;10180070000;10038033333;10238033333;1398;1386
375;10180083000;10038033333;10238033333;1400;1388
376;10180326000;10038033333;10238033333;1398;1386
377;10180338000;10038033333;10238033333;1400;1388
378;10180581000;10038033333;10238033333;1400;1388
379;10180593000;10038033333;10238033333;1398;1386
380;10180828000;10038033333;10238033333;1400;1388
381;10180840000;10038033333;10238033333;1398;1386
382;10181080000;10038033333;10238033333;1400;1388
383;10181092000;10038033333;10238033333;1400;1388
384;10181327000;10038033333;10238033333;982;970
385;10221741000;10079711111;10279711111;1398;1386
386;10221962000;10079711111;10279711111;1400;1388
387;10221970000;10079711111;10279711111;1398;1386
388;10222249000;10079711111;10279711111;1400;1388
389;10222261000;10079711111;10279711111;1400;1388
390;10222269000;10079711111;10279711111;1398;1386
391;10222463000;10079711111;10279711111;1400;1388
392;10222471000;10079711111;10279711111;1398;1386
393;10222759000;10079711111;10279711111;1400;1388
394;10222779000;10079711111;10279711111;1400;1388
395;10223001000;10079711111;10279711111;982;970
396;10263442000;10121377777;10321377777;1398;1386
397;10263454000;10121377777;10321377777;1400;1388
398;10263691000;10121377777;10321377777;1398;1386
399;10263702000;10121377777;10321377777;1400;1388
400;10263934000;10121377777;10321377777;1400;1388
401;10263946000;10121377777;10321377777;1398;1386
402;10264191000;10121377777;10321377777;1400;1388
403;10264203000;10121377777;10321377777;1398;1386
404;10264442000;10121377777;10321377777;1400;1388
405;10264454000;10121377777;10321377777;1400;1388
406;10264463000;10121377777;10321377777;982;970
407;10305093000;10163044444;10363044444;1398;1386
408;10305304000;10163044444;10363044444;1400;1388
409;10305312000;10163044444;10363044444;1398;1386
410;10305588000;10163044444;10363044444;1400;1388
411;10305600000;10163044444;10363044444;1400;1388
412;10305608000;10163044444;10363044444;1398;1386
413;10305801000;10163044444;10363044444;1400;1388
414;10305809000;10163044444;10363044444;1398;1386
415;10306086000;10163044444;10363044444;1400;1388
416;10306098000;10163044444;10363044444;1400;1388
417;10306335000;10163044444;10363044444;982;970
418;10346790000;10204733333;10404733333;1398;1386
419;10346807000;10204733333;10404733333;1400;1388
420;10347012000;10204733333;10404733333;1398;1386
421;10347024000;10204733333;10404733333;1400;1388
422;10347274000;10204733333;10404733333;1400;1388
423;10347286000;10204733333;10404733333;1398;1386
424;10347535000;10204733333;10404733333;1400;1388
425;10347548000;10204733333;10404733333;1398;1386
426;10347771000;10204733333;10404733333;1400;1388
427;10347783000;10204733333;10404733333;1400;1388
428;10347789000;10204733333;10404733333;982;970
429;10388441000;10246422222;10446422222;1398;1386
430;10388457000;10246422222;10446422222;1400;1388
431;10388674000;10246422222;10446422222;1398;1386
432;10388683000;10246422222;10446422222;1400;1388
433;10388923000;10246422222;10446422222;1400;1388
435;10388931000;10246422222;10446422222;1400;1388
436;10389138000;10246422222;10446422222;1398;1386
437;10389142000;10246422222;10446422222;1400;1388
438;10389389000;10246422222;10446422222;1400;1388
439;10389394000;10246422222;10446422222;982;970
440;10430142000;10288088888;10488088888;1398;1386
441;10430159000;10288088888;10488088888;1400;1388
442;10430371000;10288088888;10488088888;1398;1386
443;10430383000;10288088888;10488088888;1400;1388
444;10430627000;10288088888;10488088888;1400;1388
445;10430639000;10288088888;10488088888;1398;1386
446;10430877000;10288088888;10488088888;1400;1388
447;10430889000;10288088888;10488088888;1398;1386
448;10431132000;10288088888;10488088888;1400;1388
449;10431144000;10288088888;10488088888;1400;1388
450;10431153000;10288088888;10488088888;982;970
451;10471772000;10329733333;10529733333;1398;1386
452;10471789000;10329733333;10529733333;1400;1388
453;10471995000;10329733333;10529733333;1398;1386
454;10472004000;10329733333;10529733333;1400;1388
455;10472244000;10329733333;10529733333;1400;1388
456;10472252000;10329733333;10529733333;1398;1386
457;10472495000;10329733333;10529733333;1400;1388
460;10472504000;10329733333;10529733333;1400;1388
461;10472745000;10329733333;10529733333;982;970
462;10513424000;10371366666;10571366666;1398;1386
463;10513438000;10371366666;10571366666;1400;1388
464;10513679000;10371366666;10571366666;1398;1386
465;10513691000;10371366666;10571366666;1400;1388
466;10513936000;10371366666;10571366666;1400;1388
467;10513948000;10371366666;10571366666;1398;1386
468;10514186000;10371366666;10571366666;1400;1388
469;10514198000;10371366666;10571366666;1398;1386
470;10514392000;10371366666;10571366666;1400;1388
471;10514400000;10371366666;10571366666;1400;1388
473;10555083000;10413033333;10613033333;1398;1386
474;10555094000;10413033333;10613033333;1400;1388
475;10555345000;10413033333;10613033333;1398;1386
476;10555353000;10413033333;10613033333;1400;1388
477;10555602000;10413033333;10613033333;1400;1388
478;10555611000;10413033333;10613033333;1398;1386
479;10555853000;10413033333;10613033333;1400;1388
480;10555880000;10413033333;10613033333;1398;1386
481;10556057000;10413033333;10613033333;1400;1388
482;10556062000;10413033333;10613033333;1400;1388
483;10556352000;10413033333;10613033333;982;970
484;10596759000;10454744444;10654744444;1398;1386
485;10596771000;10454744444;10654744444;1400;1388
486;10597003000;10454744444;10654744444;1398;1386
487;10597015000;10454744444;10654744444;1400;1388
488;10597253000;10454744444;10654744444;1400;1388
489;10597265000;10454744444;10654744444;1398;1386
490;10597466000;10454744444;10654744444;1400;1388
491;10597474000;10454744444;10654744444;1398;1386
492;10597761000;10454744444;10654744444;1400;1388
493;10597773000;10454744444;10654744444;1400;1388
494;10598003000;10454744444;10654744444;982;970
495;10638440000;10496388888;10696388888;1398;1386
496;10638453000;10496388888;10696388888;1400;1388
497;10638690000;10496388888;10696388888;1398;1386
498;10638701000;10496388888;10696388888;1400;1388
499;10638934000;10496388888;10696388888;1400;1388
500;10638946000;10496388888;10696388888;1398;1386
501;10639191000;10496388888;10696388888;1400;1388
502;10639203000;10496388888;10696388888;1398;1386
503;10639398000;10496388888;10696388888;1400;1388
504;10639406000;10496388888;10696388888;1400;1388
505;10639693000;10496388888;10696388888;982;970
506;10680088000;10538077777;10738077777;1398;1386
507;10680100000;10538077777;10738077777;1400;1388
508;10680338000;10538077777;10738077777;1398;1386
509;10680350000;10538077777;10738077777;1400;1388
510;10680582000;10538077777;10738077777;1400;1388
511;10680594000;10538077777;10738077777;1398;1386
512;10680795000;10538077777;10738077777;1400;1388
514;10680803000;10538077777;10738077777;1400;1388
515;10681090000;10538077777;10738077777;1400;1388
516;10681098000;10538077777;10738077777;982;970
518;10721756000;10579744444;10779744444;1400;1388
519;10721779000;10579744444;10779744444;1398;1386
520;10721999000;10579744444;10779744444;1400;1388
521;10722007000;10579744444;10779744444;1400;1388
522;10722249000;10579744444;10779744444;1398;1386
523;10722258000;10579744444;10779744444;1400;1388
524;10722508000;10579744444;10779744444;1398;1386
525;10722530000;10579744444;10779744444;1400;1388
526;10722759000;10579744444;10779744444;1400;1388
527;10722767000;10579744444;10779744444;982;970
528;10763419000;10621388888;10821388888;1398;1386
529;10763431000;10621388888;10821388888;1400;1388
530;10763671000;10621388888;10821388888;1398;1386
531;10763683000;10621388888;10821388888;1400;1388
532;10763915000;10621388888;10821388888;1400;1388
533;10763927000;10621388888;10821388888;1398;1386
534;10764172000;10621388888;10821388888;1400;1388
535;10764184000;10621388888;10821388888;1398;1386
536;10764423000;10621388888;10821388888;1400;1388
537;10764435000;10621388888;10821388888;1400;1388
538;10764673000;10621388888;10821388888;982;970
539;10805090000;10663033333;10863033333;1398;1386
540;10805102000;10663033333;10863033333;1400;1388
541;10805341000;10663033333;10863033333;1398;1386
542;10805352000;10663033333;10863033333;1400;1388
543;10805547000;10663033333;10863033333;1400;1388
544;10805555000;10663033333;10863033333;1398;1386
545;10805840000;10663033333;10863033333;1400;1388
546;10805852000;10663033333;10863033333;1398;1386
547;10806091000;10663033333;10863033333;1400;1388
548;10806103000;10663033333;10863033333;1400;1388
549;10806343000;10663033333;10863033333;982;970
551;10846756000;10704744444;10904744444;1400;1388
552;10846779000;10704744444;10904744444;1398;1386
553;10847000000;10704744444;10904744444;1400;1388
554;10847008000;10704744444;10904744444;1400;1388
555;10847249000;10704744444;10904744444;1398;1386
556;10847257000;10704744444;10904744444;1400;1388
557;10847460000;10704744444;10904744444;1398;1386
558;10847464000;10704744444;10904744444;1400;1388
559;10847748000;10704744444;10904744444;1400;1388
560;10847756000;10704744444;10904744444;982;970
561;10888437000;10746377777;10946377777;1398;1386
562;10888449000;10746377777;10946377777;1400;1388
563;10888681000;10746377777;10946377777;1398;1386
564;10888693000;10746377777;10946377777;1400;1388
566;10888940000;10746377777;10946377777;1398;1386
567;10888963000;10746377777;10946377777;1400;1388
568;10889191000;10746377777;10946377777;1398;1386
569;10889199000;10746377777;10946377777;1400;1388
570;10889439000;10746377777;10946377777;1400;1388
571;10889447000;10746377777;10946377777;982;970
572;10930089000;10788055555;10988055555;1398;1386
573;10930102000;10788055555;10988055555;1400;1388
574;10930341000;10788055555;10988055555;1398;1386
575;10930353000;10788055555;10988055555;1400;1388
576;10930547000;10788055555;10988055555;1400;1388
577;10930555000;10788055555;10988055555;1398;1386
581;10930795000;10788055555;10988055555;1400;1388
582;10930814000;10788055555;10988055555;982;970
583;10971776000;10829744444;11029744444;1398;1386
584;10971788000;10829744444;11029744444;1400;1388
585;10972024000;10829744444;11029744444;1398;1386
586;10972036000;10829744444;11029744444;1400;1388
587;10972281000;10829744444;11029744444;1400;1388
588;10972294000;10829744444;11029744444;1398;1386
589;10972533000;10829744444;11029744444;1400;1388
590;10972545000;10829744444;11029744444;1398;1386
591;10972783000;10829744444;11029744444;1400;1388
592;10972795000;10829744444;11029744444;1400;1388
593;10972805000;10829744444;11029744444;982;970
594;11013411000;10871388888;11071388888;1398;1386
595;11013423000;10871388888;11071388888;1400;1388
597;11013662000;10871388888;11071388888;1400;1388
598;11013685000;10871388888;11071388888;1400;1388
599;11013865000;10871388888;11071388888;1398;1386
600;11013870000;10871388888;11071388888;1400;1388
601;11014115000;10871388888;11071388888;1398;1386
602;11014119000;10871388888;11071388888;1400;1388
603;11014413000;10871388888;11071388888;1400;1388
604;11014421000;10871388888;11071388888;982;970
605;11055090000;10913044444;11113044444;1398;1386
606;11055103000;10913044444;11113044444;1400;1388
607;11055341000;10913044444;11113044444;1398;1386
608;11055353000;10913044444;11113044444;1400;1388
610;11055585000;10913044444;11113044444;1398;1386
611;11055608000;10913044444;11113044444;1400;1388
612;11055843000;10913044444;11113044444;1398;1386
613;11055851000;10913044444;11113044444;1400;1388
614;11056092000;10913044444;11113044444;1400;1388
615;11056100000;10913044444;11113044444;982;970
616;11096766000;10954744444;11154744444;1398;1386
617;11096782000;10954744444;11154744444;1400;1388
618;11096997000;10954744444;11154744444;1398;1386
619;11097009000;10954744444;11154744444;1400;1388
620;11097211000;10954744444;11154744444;1400;1388
621;11097218000;10954744444;11154744444;1398;1386
622;11097460000;10954744444;11154744444;1400;1388
623;11097467000;10954744444;11154744444;1398;1386
624;11097757000;10954744444;11154744444;1400;1388
625;11097769000;10954744444;11154744444;1400;1388
626;11097998000;10954744444;11154744444;982;970
627;11138430000;10996411111;11196411111;1398;1386
628;11138442000;10996411111;11196411111;1400;1388
629;11138679000;10996411111;11196411111;1398;1386
631;11138691000;10996411111;11196411111;1400;1388
632;11138924000;10996411111;11196411111;1398;1386
633;11138932000;10996411111;11196411111;1400;1388
634;11139181000;10996411111;11196411111;1398;1386
635;11139189000;10996411111;11196411111;1400;1388
636;11139432000;10996411111;11196411111;1400;1388
637;11139440000;10996411111;11196411111;982;970
638;11180105000;11038044444;11238044444;1398;1386
639;11180117000;11038044444;11238044444;1400;1388
641;11180355000;11038044444;11238044444;1400;1388
642;11180378000;11038044444;11238044444;1400;1388
643;11180562000;11038044444;11238044444;1398;1386
644;11180567000;11038044444;11238044444;1400;1388
645;11180860000;11038044444;11238044444;1398;1386
646;11180868000;11038044444;11238044444;1400;1388
647;11181107000;11038044444;11238044444;1400;1388
648;11181115000;11038044444;11238044444;982;970
649;11221743000;11079755555;11279755555;1398;1386
651;11221755000;11079755555;11279755555;1398;1386
652;11221997000;11079755555;11279755555;1400;1388
654;11222005000;11079755555;11279755555;1398;1386
655;11222236000;11079755555;11279755555;1400;1388
656;11222245000;11079755555;11279755555;1398;1386
657;11222494000;11079755555;11279755555;1400;1388
658;11222503000;11079755555;11279755555;1400;1388
659;11222745000;11079755555;11279755555;982;970
660;11263422000;11121388888;11321388888;1398;1386
661;11263434000;11121388888;11321388888;1400;1388
662;11263673000;11121388888;11321388888;1398;1386
664;11263684000;11121388888;11321388888;1400;1388
665;11263877000;11121388888;11321388888;1398;1386
666;11263882000;11121388888;11321388888;1400;1388
667;11264174000;11121388888;11321388888;1398;1386
668;11264182000;11121388888;11321388888;1400;1388
669;11264423000;11121388888;11321388888;1400;1388
670;11264431000;11121388888;11321388888;982;970
671;11305088000;11163033333;11363033333;1398;1386
672;11305100000;11163033333;11363033333;1400;1388
673;11305335000;11163033333;11363033333;1398;1386
674;11305347000;11163033333;11363033333;1400;1388
675;11305581000;11163033333;11363033333;1400;1388
676;11305592000;11163033333;11363033333;1398;1386
677;11305837000;11163033333;11363033333;1400;1388
678;11305849000;11163033333;11363033333;1398;1386
679;11306088000;11163033333;11363033333;1400;1388
680;11306100000;11163033333;11363033333;1400;1388
681;11306338000;11163033333;11363033333;982;970
682;11346728000;11204766666;11404766666;1398;1386
683;11346960000;11204766666;11404766666;1400;1388
684;11346968000;11204766666;11404766666;1398;1386
685;11347250000;11204766666;11404766666;1400;1388
686;11347262000;11204766666;11404766666;1400;1388
687;11347272000;11204766666;11404766666;1398;1386
688;11347461000;11204766666;11404766666;1400;1388
689;11347468000;11204766666;11404766666;1398;1386
690;11347757000;11204766666;11404766666;1400;1388
691;11347768000;11204766666;11404766666;1400;1388
692;11347999000;11204766666;11404766666;982;970
693;11388427000;11246400000;11446400000;1398;1386
694;11388439000;11246400000;11446400000;1400;1388
695;11388676000;11246400000;11446400000;1398;1386
696;11388687000;11246400000;11446400000;1400;1388
698;11388920000;11246400000;11446400000;1398;1386
699;11388943000;11246400000;11446400000;1400;1388
700;11389178000;11246400000;11446400000;1398;1386
701;11389186000;11246400000;11446400000;1400;1388
702;11389428000;11246400000;11446400000;1400;1388
703;11389436000;11246400000;11446400000;982;970
704;11430062000;11288111111;11488111111;1398;1386
705;11430282000;11288111111;11488111111;1400;1388
706;11430290000;11288111111;11488111111;1398;1386
709;11430571000;11288111111;11488111111;1398;1386
710;11430594000;11288111111;11488111111;1400;1388
711;11430605000;11288111111;11488111111;1398;1386
712;11430781000;11288111111;11488111111;1400;1388
713;11430785000;11288111111;11488111111;1400;1388
714;11431070000;11288111111;11488111111;982;970
715;11471777000;11329722222;11529722222;1398;1386
716;11471789000;11329722222;11529722222;1400;1388
717;11472020000;11329722222;11529722222;1398;1386
719;11472032000;11329722222;11529722222;1400;1388
720;11472271000;11329722222;11529722222;1398;1386
721;11472279000;11329722222;11529722222;1400;1388
722;11472529000;11329722222;11529722222;1398;1386
724;11472537000;11329722222;11529722222;1400;1388
725;11472778000;11329722222;11529722222;982;970
726;11513422000;11371400000;11571400000;1398;1386
727;11513434000;11371400000;11571400000;1400;1388
728;11513672000;11371400000;11571400000;1398;1386
729;11513684000;11371400000;11571400000;1400;1388
730;11513914000;11371400000;11571400000;1400;1388
731;11513926000;11371400000;11571400000;1398;1386
732;11514128000;11371400000;11571400000;1400;1388
733;11514135000;11371400000;11571400000;1398;1386
734;11514378000;11371400000;11571400000;1400;1388
735;11514385000;11371400000;11571400000;1400;1388
736;11514673000;11371400000;11571400000;982;970
737;11555084000;11413055555;11613055555;1398;1386
738;11555097000;11413055555;11613055555;1400;1388
740;11555339000;11413055555;11613055555;1400;1388
741;11555362000;11413055555;11613055555;1400;1388
742;11555584000;11413055555;11613055555;1398;1386
743;11555592000;11413055555;11613055555;1400;1388
744;11555841000;11413055555;11613055555;1398;1386
745;11555849000;11413055555;11613055555;1400;1388
746;11556092000;11413055555;11613055555;1400;1388
747;11556108000;11413055555;11613055555;982;970
750;11596769000;11454766666;11654766666;1398;1386
751;11596792000;11454766666;11654766666;1400;1388
752;11596973000;11454766666;11654766666;1400;1388
754;11597223000;11454766666;11654766666;1400;1388
755;11597227000;11454766666;11654766666;1398;1386
756;11597231000;11454766666;11654766666;1400;1388
757;11597533000;11454766666;11654766666;1400;1388
758;11597542000;11454766666;11654766666;982;970
759;11638423000;11496422222;11696422222;1398;1386
760;11638436000;11496422222;11696422222;1400;1388
761;11638673000;11496422222;11696422222;1398;1386
762;11638685000;11496422222;11696422222;1400;1388
763;11638918000;11496422222;11696422222;1400;1388
764;11638930000;11496422222;11696422222;1398;1386
765;11639174000;11496422222;11696422222;1400;1388
766;11639186000;11496422222;11696422222;1398;1386
767;11639424000;11496422222;11696422222;1400;1388
768;11639436000;11496422222;11696422222;1400;1388
769;11639675000;11496422222;11696422222;982;970
770;11680052000;11538055555;11738055555;1398;1386
771;11680285000;11538055555;11738055555;1400;1388
772;11680293000;11538055555;11738055555;1398;1386
773;11680533000;11538055555;11738055555;1400;1388
774;11680541000;11538055555;11738055555;1400;1388
776;11680555000;11538055555;11738055555;1400;1388
777;11680781000;11538055555;11738055555;1398;1386
778;11680786000;11538055555;11738055555;1400;1388
779;11681070000;11538055555;11738055555;1400;1388
781;11721762000;11579755555;11779755555;1398;1386
782;11721785000;11579755555;11779755555;1400;1388
783;11722005000;11579755555;11779755555;1398;1386
784;11722013000;11579755555;11779755555;1400;1388
785;11722256000;11579755555;11779755555;1400;1388
786;11722264000;11579755555;11779755555;1398;1386
787;11722520000;11579755555;11779755555;1400;1388
788;11722528000;11579755555;11779755555;1398;1386
789;11722764000;11579755555;11779755555;1400;1388
790;11722772000;11579755555;11779755555;1400;1388
792;11763436000;11621400000;11821400000;1398;1386
793;11763459000;11621400000;11821400000;1400;1388
794;11763687000;11621400000;11821400000;1398;1386
795;11763695000;11621400000;11821400000;1400;1388
796;11763929000;11621400000;11821400000;1400;1388
797;11763937000;11621400000;11821400000;1398;1386
798;11764187000;11621400000;11821400000;1400;1388
799;11764196000;11621400000;11821400000;1398;1386
800;11764437000;11621400000;11821400000;1400;1388
801;11764445000;11621400000;11821400000;1400;1388
802;11764688000;11621400000;11821400000;982;970
803;11805064000;11663066666;11863066666;1398;1386
804;11805295000;11663066666;11863066666;1400;1388
805;11805304000;11663066666;11863066666;1398;1386
806;11805547000;11663066666;11863066666;1400;1388
807;11805554000;11663066666;11863066666;1400;1388
808;11805560000;11663066666;11863066666;1398;1386
809;11805840000;11663066666;11863066666;1400;1388
810;11805852000;11663066666;11863066666;1398;1386
811;11806092000;11663066666;11863066666;1400;1388
812;11806104000;11663066666;11863066666;1400;1388
813;11806341000;11663066666;11863066666;982;970
814;11846744000;11704755555;11904755555;1398;1386
815;11846757000;11704755555;11904755555;1400;1388
816;11846993000;11704755555;11904755555;1398;1386
817;11847004000;11704755555;11904755555;1400;1388
818;11847236000;11704755555;11904755555;1400;1388
819;11847248000;11704755555;11904755555;1398;1386
820;11847452000;11704755555;11904755555;1400;1388
821;11847460000;11704755555;11904755555;1398;1386
822;11847700000;11704755555;11904755555;1400;1388
823;11847707000;11704755555;11904755555;1400;1388
824;11847949000;11704755555;11904755555;982;970
825;11888430000;11746388888;11946388888;1398;1386
826;11888442000;11746388888;11946388888;1400;1388
827;11888681000;11746388888;11946388888;1398;1386
828;11888693000;11746388888;11946388888;1400;1388
829;11888937000;11746388888;11946388888;1400;1388
830;11888949000;11746388888;11946388888;1398;1386
831;11889187000;11746388888;11946388888;1400;1388
832;11889199000;11746388888;11946388888;1398;1386
833;11889395000;11746388888;11946388888;1400;1388
834;11889404000;11746388888;11946388888;1400;1388
835;11889688000;11746388888;11946388888;982;970
836;11930088000;11788077777;11988077777;1398;1386
837;11930100000;11788077777;11988077777;1400;1388
838;11930335000;11788077777;11988077777;1398;1386
839;11930346000;11788077777;11988077777;1400;1388
840;11930542000;11788077777;11988077777;1400;1388
841;11930550000;11788077777;11988077777;1398;1386
842;11930791000;11788077777;11988077777;1400;1388
843;11930798000;11788077777;11988077777;1398;1386
844;11931080000;11788077777;11988077777;1400;1388
845;11931092000;11788077777;11988077777;1400;1388
846;11931337000;11788077777;11988077777;982;970
847;11971767000;11829766666;12029766666;1398;1386
848;11971779000;11829766666;12029766666;1400;1388
849;11972010000;11829766666;12029766666;1398;1386
850;11972022000;11829766666;12029766666;1400;1388
851;11972260000;11829766666;12029766666;1400;1388
852;11972272000;11829766666;12029766666;1398;1386
853;11972476000;11829766666;12029766666;1400;1388
854;11972484000;11829766666;12029766666;1398;1386
855;11972770000;11829766666;12029766666;1400;1388
856;11972781000;11829766666;12029766666;1400;1388
860;12013433000;11871411111;12071411111;1398;1386
861;12013457000;11871411111;12071411111;1400;1388
862;12013684000;11871411111;12071411111;1400;1388
863;12013692000;11871411111;12071411111;1398;1386
864;12013927000;11871411111;12071411111;1400;1388
865;12013935000;11871411111;12071411111;1398;1386
866;12014139000;11871411111;12071411111;1400;1388
867;12014144000;11871411111;12071411111;1400;1388
868;12014433000;11871411111;12071411111;982;970
869;12055071000;11913088888;12113088888;1398;1386
870;12055083000;11913088888;12113088888;1400;1388
871;12055326000;11913088888;12113088888;1398;1386
872;12055337000;11913088888;12113088888;1400;1388
873;12055570000;11913088888;12113088888;1400;1388
874;12055582000;11913088888;12113088888;1398;1386
875;12055828000;11913088888;12113088888;1400;1388
876;12055840000;11913088888;12113088888;1398;1386
877;12056071000;11913088888;12113088888;1400;1388
878;12056083000;11913088888;12113088888;1400;1388
881;12096765000;11954744444;12154744444;1400;1388
882;12096789000;11954744444;12154744444;1398;1386
884;12097009000;11954744444;12154744444;1400;1388
885;12097018000;11954744444;12154744444;1398;1386
886;12097221000;11954744444;12154744444;1400;1388
887;12097225000;11954744444;12154744444;1398;1386
888;12097469000;11954744444;12154744444;1400;1388
889;12097473000;11954744444;12154744444;1400;1388
890;12097763000;11954744444;12154744444;982;970
891;12138437000;11996388888;12196388888;1398;1386
892;12138449000;11996388888;12196388888;1400;1388
893;12138688000;11996388888;12196388888;1398;1386
894;12138699000;11996388888;12196388888;1400;1388
895;12138930000;11996388888;12196388888;1400;1388
896;12138942000;11996388888;12196388888;1398;1386
898;12139188000;11996388888;12196388888;1398;1386
899;12139211000;11996388888;12196388888;1400;1388
900;12139438000;11996388888;12196388888;1400;1388
901;12139446000;11996388888;12196388888;982;970
902;12180072000;12038077777;12238077777;1398;1386
903;12180084000;12038077777;12238077777;1400;1388
904;12180328000;12038077777;12238077777;1398;1386
905;12180340000;12038077777;12238077777;1400;1388
906;12180535000;12038077777;12238077777;1400;1388
907;12180542000;12038077777;12238077777;1398;1386
909;12180784000;12038077777;12238077777;1398;1386
910;12180802000;12038077777;12238077777;1400;1388
912;12181072000;12038077777;12238077777;982;970
913;12221762000;12079744444;12279744444;1398;1386
915;12221774000;12079744444;12279744444;1398;1386
916;12222005000;12079744444;12279744444;1400;1388
920;12222013000;12079744444;12279744444;1398;1386
921;12222257000;12079744444;12279744444;1400;1388
922;12222265000;12079744444;12279744444;1400;1388
923;12222520000;12079744444;12279744444;982;970
924;12263438000;12121400000;12321400000;1398;1386
925;12263450000;12121400000;12321400000;1400;1388
926;12263687000;12121400000;12321400000;1398;1386
927;12263699000;12121400000;12321400000;1400;1388
928;12263929000;12121400000;12321400000;1400;1388
929;12263941000;12121400000;12321400000;1398;1386
930;12264144000;12121400000;12321400000;1400;1388
931;12264152000;12121400000;12321400000;1398;1386
932;12264438000;12121400000;12321400000;1400;1388
933;12264450000;12121400000;12321400000;1400;1388
934;12264688000;12121400000;12321400000;982;970
935;12305073000;12163066666;12363066666;1398;1386
936;12305339000;12163066666;12363066666;1400;1388
937;12305351000;12163066666;12363066666;1398;1386
938;12305358000;12163066666;12363066666;1400;1388
939;12305583000;12163066666;12363066666;1400;1388
940;12305595000;12163066666;12363066666;1398;1386
941;12305795000;12163066666;12363066666;1400;1388
942;12305803000;12163066666;12363066666;1398;1386
943;12306090000;12163066666;12363066666;1400;1388
944;12306101000;12163066666;12363066666;1400;1388
945;12306339000;12163066666;12363066666;982;970
946;12346765000;12204755555;12404755555;1398;1386
947;12346777000;12204755555;12404755555;1400;1388
948;12347009000;12204755555;12404755555;1398;1386
949;12347020000;12204755555;12404755555;1400;1388
950;12347259000;12204755555;12404755555;1400;1388
951;12347271000;12204755555;12404755555;1398;1386
952;12347472000;12204755555;12404755555;1400;1388
953;12347479000;12204755555;12404755555;1398;1386
954;12347768000;12204755555;12404755555;1400;1388
955;12347780000;12204755555;12404755555;1400;1388
956;12348010000;12204755555;12404755555;982;970
957;12388430000;12246422222;12446422222;1398;1386
958;12388442000;12246422222;12446422222;1400;1388
959;12388681000;12246422222;12446422222;1398;1386
960;12388692000;12246422222;12446422222;1400;1388
961;12388924000;12246422222;12446422222;1400;1388
962;12388935000;12246422222;12446422222;1398;1386
963;12389180000;12246422222;12446422222;1400;1388
964;12389192000;12246422222;12446422222;1398;1386
965;12389387000;12246422222;12446422222;1400;1388
966;12389394000;12246422222;12446422222;1400;1388
967;12389649000;12246422222;12446422222;982;970
968;12430108000;12288100000;12488100000;1398;1386
969;12430120000;12288100000;12488100000;1400;1388
970;12430357000;12288100000;12488100000;1398;1386
972;12430369000;12288100000;12488100000;1400;1388
973;12430607000;12288100000;12488100000;1398;1386
974;12430612000;12288100000;12488100000;1400;1388
975;12430818000;12288100000;12488100000;1398;1386
977;12430822000;12288100000;12488100000;1400;1388
978;12431104000;12288100000;12488100000;982;970
979;12471760000;12329733333;12529733333;1398;1386
981;12471772000;12329733333;12529733333;1398;1386
982;12472002000;12329733333;12529733333;1400;1388
983;12472010000;12329733333;12529733333;1400;1388
984;12472253000;12329733333;12529733333;1398;1386
985;12472261000;12329733333;12529733333;1400;1388
986;12472509000;12329733333;12529733333;1398;1386
987;12472526000;12329733333;12529733333;1400;1388
988;12472760000;12329733333;12529733333;1400;1388
989;12472767000;12329733333;12529733333;982;970
990;12513423000;12371388888;12571388888;1398;1386
991;12513436000;12371388888;12571388888;1400;1388
992;12513673000;12371388888;12571388888;1398;1386
993;12513685000;12371388888;12571388888;1400;1388
995;12513917000;12371388888;12571388888;1398;1386
996;12513940000;12371388888;12571388888;1400;1388
997;12514128000;12371388888;12571388888;1398;1386
1000;12514133000;12371388888;12571388888;982;970
1001;12555094000;12413044444;12613044444;1398;1386
1002;12555104000;12413044444;12613044444;1400;1388
1004;12555371000;12413044444;12613044444;1400;1388
1005;12555394000;12413044444;12613044444;1400;1388
1006;12555619000;12413044444;12613044444;1398;1386
1007;12555628000;12413044444;12613044444;1400;1388
1008;12555870000;12413044444;12613044444;1398;1386
1009;12555878000;12413044444;12613044444;1400;1388
1010;12556121000;12413044444;12613044444;1400;1388
1011;12556129000;12413044444;12613044444;982;970
1012;12596756000;12454755555;12654755555;1398;1386
1013;12596768000;12454755555;12654755555;1400;1388
1015;12596999000;12454755555;12654755555;1400;1388
1016;12597022000;12454755555;12654755555;1400;1388
1018;12597210000;12454755555;12654755555;1400;1388
1019;12597214000;12454755555;12654755555;1398;1386
1020;12597460000;12454755555;12654755555;1400;1388
1021;12597472000;12454755555;12654755555;1400;1388
1022;12597756000;12454755555;12654755555;982;970
1023;12638420000;12496400000;12696400000;1398;1386
1024;12638432000;12496400000;12696400000;1400;1388
1025;12638670000;12496400000;12696400000;1398;1386
1026;12638682000;12496400000;12696400000;1400;1388
1027;12638914000;12496400000;12696400000;1400;1388
1028;12638925000;12496400000;12696400000;1398;1386
1029;12639172000;12496400000;12696400000;1400;1388
1030;12639184000;12496400000;12696400000;1398;1386
1031;12639422000;12496400000;12696400000;1400;1388
1032;12639434000;12496400000;12696400000;1400;1388
1033;12639640000;12496400000;12696400000;982;970
1034;12680121000;12538077777;12738077777;1398;1386
1035;12680133000;12538077777;12738077777;1400;1388
1036;12680368000;12538077777;12738077777;1398;1386
1037;12680380000;12538077777;12738077777;1400;1388
1038;12680583000;12538077777;12738077777;1400;1388
1039;12680591000;12538077777;12738077777;1398;1386
1040;12680830000;12538077777;12738077777;1400;1388
1041;12680838000;12538077777;12738077777;1398;1386
1042;12681126000;12538077777;12738077777;1400;1388
1043;12681138000;12538077777;12738077777;1400;1388
1045;12721757000;12579777777;12779777777;1398;1386
1046;12721781000;12579777777;12779777777;1400;1388
1047;12721999000;12579777777;12779777777;1398;1386
1048;12722007000;12579777777;12779777777;1400;1388
1049;12722248000;12579777777;12779777777;1400;1388
1050;12722257000;12579777777;12779777777;1398;1386
1051;12722507000;12579777777;12779777777;1400;1388
1052;12722524000;12579777777;12779777777;1398;1386
1053;12722757000;12579777777;12779777777;1400;1388
1054;12722765000;12579777777;12779777777;1400;1388
1055;12723000000;12579777777;12779777777;982;970
1056;12763432000;12621377777;12821377777;1398;1386
1058;12763445000;12621377777;12821377777;1398;1386
1059;12763680000;12621377777;12821377777;1400;1388
1060;12763688000;12621377777;12821377777;1400;1388
1061;12763926000;12621377777;12821377777;1398;1386
1062;12763934000;12621377777;12821377777;1400;1388
1063;12764182000;12621377777;12821377777;1398;1386
1064;12764190000;12621377777;12821377777;1400;1388
1065;12764432000;12621377777;12821377777;1400;1388
1066;12764441000;12621377777;12821377777;982;970
1067;12805070000;12663033333;12863033333;1398;1386
1068;12805082000;12663033333;12863033333;1400;1388
1069;12805325000;12663033333;12863033333;1398;1386
1070;12805337000;12663033333;12863033333;1400;1388
1071;12805570000;12663033333;12863033333;1400;1388
1072;12805582000;12663033333;12863033333;1398;1386
1073;12805784000;12663033333;12863033333;1400;1388
1075;12805792000;12663033333;12863033333;1400;1388
1076;12806070000;12663033333;12863033333;1400;1388
1077;12806078000;12663033333;12863033333;982;970
1078;12846767000;12704744444;12904744444;1398;1386
1080;12846779000;12704744444;12904744444;1398;1386
1081;12847008000;12704744444;12904744444;1400;1388
1082;12847016000;12704744444;12904744444;1400;1388
1083;12847260000;12704744444;12904744444;1398;1386
1084;12847268000;12704744444;12904744444;1400;1388
1085;12847523000;12704744444;12904744444;1398;1386
1086;12847531000;12704744444;12904744444;1400;1388
1087;12847721000;12704744444;12904744444;1400;1388
1088;12847725000;12704744444;12904744444;982;970
1089;12888454000;12746377777;12946377777;1398;1386
1090;12888466000;12746377777;12946377777;1400;1388
1091;12888713000;12746377777;12946377777;1398;1386
1093;12888725000;12746377777;12946377777;1400;1388
1094;12888959000;12746377777;12946377777;1398;1386
1095;12888967000;12746377777;12946377777;1400;1388
1097;12889210000;12746377777;12946377777;1400;1388
1098;12889219000;12746377777;12946377777;1400;1388
1099;12889222000;12746377777;12946377777;982;970
1100;12930111000;12788066666;12988066666;1398;1386
1101;12930123000;12788066666;12988066666;1400;1388
1102;12930370000;12788066666;12988066666;1398;1386
1104;12930382000;12788066666;12988066666;1400;1388
1105;12930618000;12788066666;12988066666;1398;1386
1106;12930626000;12788066666;12988066666;1400;1388
1107;12930868000;12788066666;12988066666;1398;1386
1108;12930884000;12788066666;12988066666;1400;1388
1109;12931073000;12788066666;12988066666;1400;1388
1110;12931078000;12788066666;12988066666;982;970
1111;12971777000;12829733333;13029733333;1398;1386
1112;12971789000;12829733333;13029733333;1400;1388
1114;12972027000;12829733333;13029733333;1400;1388
1115;12972050000;12829733333;13029733333;1400;1388
1116;12972282000;12829733333;13029733333;1398;1386
1117;12972290000;12829733333;13029733333;1400;1388
1118;12972487000;12829733333;13029733333;1398;1386
1119;12972491000;12829733333;13029733333;1400;1388
1120;12972784000;12829733333;13029733333;1400;1388
1121;12972792000;12829733333;13029733333;982;970
1122;13013433000;12871377777;13071377777;1398;1386
1123;13013445000;12871377777;13071377777;1400;1388
1124;13013683000;12871377777;13071377777;1398;1386
1125;13013695000;12871377777;13071377777;1400;1388
1126;13013926000;12871377777;13071377777;1400;1388
1127;13013937000;12871377777;13071377777;1398;1386
1128;13014185000;12871377777;13071377777;1400;1388
1130;13014197000;12871377777;13071377777;1400;1388
1132;13014434000;12871377777;13071377777;982;970
1133;13055083000;12913066666;13113066666;1398;1386
1134;13055095000;12913066666;13113066666;1400;1388
1135;13055339000;12913066666;13113066666;1398;1386
1136;13055351000;12913066666;13113066666;1400;1388
1138;13055583000;12913066666;13113066666;1398;1386
1139;13055605000;12913066666;13113066666;1400;1388
1140;13055794000;12913066666;13113066666;1398;1386
1141;13055799000;12913066666;13113066666;1400;1388
1142;13056043000;12913066666;13113066666;1400;1388
1143;13056047000;12913066666;13113066666;982;970
1144;13096775000;12954733333;13154733333;1398;1386
1145;13096787000;12954733333;13154733333;1400;1388
1146;13097025000;12954733333;13154733333;1398;1386
1147;13097036000;12954733333;13154733333;1400;1388
1148;13097284000;12954733333;13154733333;1400;1388
1149;13097296000;12954733333;13154733333;1398;1386
1150;13097491000;12954733333;13154733333;1400;1388
1151;13097500000;12954733333;13154733333;1398;1386
1152;13097784000;12954733333;13154733333;1400;1388
1153;13097796000;12954733333;13154733333;1400;1388
1154;13097803000;12954733333;13154733333;982;970
1155;13138426000;12996377777;13196377777;1398;1386
1156;13138438000;12996377777;13196377777;1400;1388
1157;13138674000;12996377777;13196377777;1398;1386
1158;13138686000;12996377777;13196377777;1400;1388
1159;13138917000;12996377777;13196377777;1400;1388
1160;13138929000;12996377777;13196377777;1398;1386
1161;13139176000;12996377777;13196377777;1400;1388
1162;13139188000;12996377777;13196377777;1398;1386
1163;13139426000;12996377777;13196377777;1400;1388
1164;13139437000;12996377777;13196377777;1400;1388
1165;13139634000;12996377777;13196377777;982;970
1166;13180109000;13038044444;13238044444;1398;1386
1167;13180122000;13038044444;13238044444;1400;1388
1168;13180365000;13038044444;13238044444;1398;1386
1169;13180376000;13038044444;13238044444;1400;1388
1170;13180571000;13038044444;13238044444;1400;1388
1171;13180579000;13038044444;13238044444;1398;1386
1172;13180820000;13038044444;13238044444;1400;1388
1173;13180827000;13038044444;13238044444;1398;1386
1175;13181116000;13038044444;13238044444;1400;1388
1176;13181139000;13038044444;13238044444;982;970
1177;13221742000;13079722222;13279722222;1398;1386
1178;13221754000;13079722222;13279722222;1400;1388
1179;13221991000;13079722222;13279722222;1398;1386
1180;13222003000;13079722222;13279722222;1400;1388
1181;13222235000;13079722222;13279722222;1400;1388
1182;13222247000;13079722222;13279722222;1398;1386
1183;13222493000;13079722222;13279722222;1400;1388
1184;13222505000;13079722222;13279722222;1398;1386
1185;13222743000;13079722222;13279722222;1400;1388
1188;13263409000;13121377777;13321377777;1398;1386
1189;13263432000;13121377777;13321377777;1400;1388
1190;13263661000;13121377777;13321377777;1398;1386
1191;13263669000;13121377777;13321377777;1400;1388
1192;13263862000;13121377777;13321377777;1400;1388
1193;13263866000;13121377777;13321377777;1398;1386
1194;13264112000;13121377777;13321377777;1400;1388
1195;13264116000;13121377777;13321377777;1398;1386
1196;13264410000;13121377777;13321377777;1400;1388
1197;13264418000;13121377777;13321377777;1400;1388
1198;13264662000;13121377777;13321377777;982;970
1199;13305097000;13163033333;13363033333;1398;1386
1200;13305110000;13163033333;13363033333;1400;1388
1201;13305347000;13163033333;13363033333;1398;1386
1202;13305358000;13163033333;13363033333;1400;1388
1204;13305590000;13163033333;13363033333;1398;1386
1205;13305614000;13163033333;13363033333;1400;1388
1208;13305848000;13163033333;13363033333;1400;1388
1209;13305857000;13163033333;13363033333;982;970
1211;13346767000;13204755555;13404755555;1400;1388
1212;13346791000;13204755555;13404755555;1398;1386
1213;13347010000;13204755555;13404755555;1400;1388
1214;13347018000;13204755555;13404755555;1400;1388
1215;13347222000;13204755555;13404755555;1398;1386
1216;13347226000;13204755555;13404755555;1400;1388
1217;13347525000;13204755555;13404755555;1398;1386
1218;13347534000;13204755555;13404755555;1400;1388
1219;13347768000;13204755555;13404755555;1400;1388
1220;13347776000;13204755555;13404755555;982;970
1221;13388409000;13246411111;13446411111;1398;1386
1222;13388421000;13246411111;13446411111;1400;1388
1223;13388660000;13246411111;13446411111;1398;1386
1224;13388671000;13246411111;13446411111;1400;1388
1227;13388903000;13246411111;13446411111;1400;1388
1228;13388926000;13246411111;13446411111;1398;1386
1229;13389159000;13246411111;13446411111;1400;1388
1230;13389167000;13246411111;13446411111;1400;1388
1231;13389410000;13246411111;13446411111;982;970
1232;13430066000;13288077777;13488077777;1398;1386
1234;13430298000;13288077777;13488077777;1398;1386
1235;13430316000;13288077777;13488077777;1400;1388
1236;13430586000;13288077777;13488077777;1400;1388
1237;13430594000;13288077777;13488077777;1398;1386
1238;13430598000;13288077777;13488077777;1400;1388
1239;13430796000;13288077777;13488077777;1398;1386
1240;13430800000;13288077777;13488077777;1400;1388
1241;13431095000;13288077777;13488077777;1400;1388
1242;13431103000;13288077777;13488077777;982;970
1243;13471764000;13329722222;13529722222;1398;1386
1244;13471777000;13329722222;13529722222;1400;1388
1245;13472009000;13329722222;13529722222;1398;1386
1246;13472020000;13329722222;13529722222;1400;1388
1247;13472258000;13329722222;13529722222;1400;1388
1248;13472269000;13329722222;13529722222;1398;1386
1249;13472524000;13329722222;13529722222;1400;1388
1250;13472536000;13329722222;13529722222;1398;1386
1251;13472766000;13329722222;13529722222;1400;1388
1252;13472777000;13329722222;13529722222;1400;1388
1253;13472984000;13329722222;13529722222;982;970
1254;13513443000;13371388888;13571388888;1398;1386
1255;13513455000;13371388888;13571388888;1400;1388
1256;13513701000;13371388888;13571388888;1398;1386
1257;13513713000;13371388888;13571388888;1400;1388
1258;13513904000;13371388888;13571388888;1400;1388
1259;13513911000;13371388888;13571388888;1398;1386
1260;13514153000;13371388888;13571388888;1400;1388
1261;13514160000;13371388888;13571388888;1398;1386
1262;13514450000;13371388888;13571388888;1400;1388
1263;13514462000;13371388888;13571388888;1400;1388
1264;13514469000;13371388888;13571388888;982;970
1265;13555084000;13413033333;13613033333;1398;1386
1266;13555096000;13413033333;13613033333;1400;1388
1267;13555340000;13413033333;13613033333;1398;1386
1268;13555351000;13413033333;13613033333;1400;1388
1269;13555583000;13413033333;13613033333;1400;1388
1270;13555595000;13413033333;13613033333;1398;1386
1271;13555840000;13413033333;13613033333;1400;1388
1272;13555852000;13413033333;13613033333;1398;1386
1273;13556094000;13413033333;13613033333;1400;1388
1274;13556106000;13413033333;13613033333;1400;1388
1276;13596752000;13454755555;13654755555;1398;1386
1277;13596776000;13454755555;13654755555;1400;1388
1278;13596956000;13454755555;13654755555;1398;1386
1279;13597246000;13454755555;13654755555;1400;1388
1280;13597255000;13454755555;13654755555;1400;1388
1281;13597258000;13454755555;13654755555;1398;1386
1282;13597505000;13454755555;13654755555;1400;1388
1283;13597522000;13454755555;13654755555;1398;1386
1284;13597754000;13454755555;13654755555;1400;1388
1285;13597770000;13454755555;13654755555;1400;1388
1287;13638422000;13496388888;13696388888;1398;1386
1288;13638445000;13496388888;13696388888;1400;1388
1289;13638672000;13496388888;13696388888;1398;1386
1290;13638681000;13496388888;13696388888;1400;1388
1291;13638915000;13496388888;13696388888;1400;1388
1293;13638923000;13496388888;13696388888;1400;1388
1294;13639173000;13496388888;13696388888;1398;1386
1295;13639181000;13496388888;13696388888;1400;1388
1296;13639377000;13496388888;13696388888;1400;1388
1297;13639381000;13496388888;13696388888;982;970
1298;13680091000;13538055555;13738055555;1398;1386
1299;13680102000;13538055555;13738055555;1400;1388
1300;13680360000;13538055555;13738055555;1398;1386
1301;13680371000;13538055555;13738055555;1400;1388
1302;13680617000;13538055555;13738055555;1400;1388
1303;13680629000;13538055555;13738055555;1398;1386
1306;13680823000;13538055555;13738055555;1400;1388
1307;13680842000;13538055555;13738055555;1400;1388
1308;13681117000;13538055555;13738055555;982;970
1309;13721761000;13579744444;13779744444;1398;1386
1310;13721773000;13579744444;13779744444;1400;1388
1311;13722001000;13579744444;13779744444;1398;1386
1313;13722013000;13579744444;13779744444;1400;1388
1314;13722250000;13579744444;13779744444;1398;1386
1315;13722259000;13579744444;13779744444;1400;1388
1316;13722508000;13579744444;13779744444;1398;1386
1317;13722525000;13579744444;13779744444;1400;1388
1318;13722713000;13579744444;13779744444;1400;1388
1319;13722718000;13579744444;13779744444;982;970
1320;13763443000;13621388888;13821388888;1398;1386
1321;13763456000;13621388888;13821388888;1400;1388
1322;13763701000;13621388888;13821388888;1398;1386
1323;13763713000;13621388888;13821388888;1400;1388
1325;13763948000;13621388888;13821388888;1398;1386
1326;13763971000;13621388888;13821388888;1400;1388
1327;13764199000;13621388888;13821388888;1398;1386
1328;13764207000;13621388888;13821388888;1400;1388
1329;13764449000;13621388888;13821388888;1400;1388
1330;13764457000;13621388888;13821388888;982;970
1331;13805084000;13663033333;13863033333;1398;1386
1332;13805097000;13663033333;13863033333;1400;1388
1333;13805340000;13663033333;13863033333;1398;1386
1334;13805352000;13663033333;13863033333;1400;1388
1335;13805584000;13663033333;13863033333;1400;1388
1336;13805596000;13663033333;13863033333;1398;1386
1337;13805798000;13663033333;13863033333;1400;1388
1338;13805806000;13663033333;13863033333;1398;1386
1339;13806047000;13663033333;13863033333;1400;1388
1340;13806054000;13663033333;13863033333;1400;1388
1341;13806342000;13663033333;13863033333;982;970
1342;13846726000;13704744444;13904744444;1398;1386
1343;13846739000;13704744444;13904744444;1400;1388
1344;13846976000;13704744444;13904744444;1398;1386
1345;13846988000;13704744444;13904744444;1400;1388
1346;13847219000;13704744444;13904744444;1400;1388
1347;13847231000;13704744444;13904744444;1398;1386
1349;13847478000;13704744444;13904744444;1398;1386
1350;13847501000;13704744444;13904744444;1400;1388
1351;13847728000;13704744444;13904744444;1400;1388
1352;13847736000;13704744444;13904744444;982;970
1353;13888391000;13746377777;13946377777;1398;1386
1355;13888403000;13746377777;13946377777;1398;1386
1356;13888642000;13746377777;13946377777;1400;1388
1357;13888650000;13746377777;13946377777;1400;1388
1358;13888884000;13746377777;13946377777;1398;1386
1360;13888892000;13746377777;13946377777;1398;1386
1361;13889095000;13746377777;13946377777;1400;1388
1362;13889099000;13746377777;13946377777;1400;1388
1363;13889391000;13746377777;13946377777;982;970
1364;13930063000;13788055555;13988055555;1398;1386
1365;13930074000;13788055555;13988055555;1400;1388
1369;13930318000;13788055555;13988055555;1398;1386
1370;13930342000;13788055555;13988055555;1400;1388
1373;13930570000;13788055555;13988055555;1400;1388
1374;13930578000;13788055555;13988055555;982;970
1375;13971724000;13829766666;14029766666;1398;1386
1377;13971736000;13829766666;14029766666;1398;1386
1378;13971973000;13829766666;14029766666;1400;1388
1379;13971981000;13829766666;14029766666;1400;1388
1380;13972218000;13829766666;14029766666;1398;1386
1381;13972226000;13829766666;14029766666;1400;1388
1382;13972474000;13829766666;14029766666;1398;1386
1383;13972482000;13829766666;14029766666;1400;1388
1384;13972679000;13829766666;14029766666;1400;1388
1385;13972683000;13829766666;14029766666;982;970
1386;14013394000;13871400000;14071400000;1398;1386
1387;14013413000;13871400000;14071400000;1400;1388
1388;14013659000;13871400000;14071400000;1398;1386
1389;14013671000;13871400000;14071400000;1400;1388
1390;14013907000;13871400000;14071400000;1400;1388
1392;14013919000;13871400000;14071400000;1400;1388
1393;14014158000;13871400000;14071400000;1398;1386
1394;14014166000;13871400000;14071400000;1400;1388
1395;14014362000;13871400000;14071400000;1400;1388
1396;14014366000;13871400000;14071400000;982;970
1397;14055066000;13913055555;14113055555;1398;1386
1398;14055079000;13913055555;14113055555;1400;1388
1399;14055317000;13913055555;14113055555;1398;1386
1400;14055329000;13913055555;14113055555;1400;1388
1401;14055578000;13913055555;14113055555;1400;1388
1402;14055590000;13913055555;14113055555;1398;1386
1403;14055823000;13913055555;14113055555;1400;1388
1404;14055835000;13913055555;14113055555;1398;1386
1405;14056030000;13913055555;14113055555;1400;1388
1406;14056037000;13913055555;14113055555;1400;1388
1407;14056323000;13913055555;14113055555;982;970
1408;14096721000;13954733333;14154733333;1398;1386
1409;14096733000;13954733333;14154733333;1400;1388
1410;14096971000;13954733333;14154733333;1398;1386
1411;14096982000;13954733333;14154733333;1400;1388
1412;14097213000;13954733333;14154733333;1400;1388
1413;14097225000;13954733333;14154733333;1398;1386
1414;14097427000;13954733333;14154733333;1400;1388
1417;14097435000;13954733333;14154733333;1400;1388
1418;14097722000;13954733333;14154733333;982;970
1419;14138379000;13996388888;14196388888;1398;1386
1420;14138391000;13996388888;14196388888;1400;1388
1421;14138629000;13996388888;14196388888;1398;1386
1422;14138641000;13996388888;14196388888;1400;1388
1423;14138873000;13996388888;14196388888;1400;1388
1425;14138885000;13996388888;14196388888;1400;1388
1426;14139125000;13996388888;14196388888;1398;1386
1427;14139133000;13996388888;14196388888;1400;1388
1428;14139335000;13996388888;14196388888;1400;1388
1429;14139339000;13996388888;14196388888;982;970
1430;14180066000;14038044444;14238044444;1398;1386
1431;14180078000;14038044444;14238044444;1400;1388
1432;14180325000;14038044444;14238044444;1398;1386
1433;14180337000;14038044444;14238044444;1400;1388
1434;14180573000;14038044444;14238044444;1400;1388
1435;14180586000;14038044444;14238044444;1398;1386
1437;14180829000;14038044444;14238044444;1398;1386
1438;14180852000;14038044444;14238044444;1400;1388
1439;14181028000;14038044444;14238044444;1400;1388
1440;14181033000;14038044444;14238044444;982;970
1441;14221734000;14079733333;14279733333;1398;1386
1442;14221746000;14079733333;14279733333;1400;1388
1443;14221981000;14079733333;14279733333;1398;1386
1444;14221993000;14079733333;14279733333;1400;1388
1447;14222239000;14079733333;14279733333;1400;1388
1448;14222262000;14079733333;14279733333;1398;1386
1449;14222444000;14079733333;14279733333;1400;1388
1450;14222449000;14079733333;14279733333;1400;1388
1451;14222696000;14079733333;14279733333;982;970
1452;14263402000;14121388888;14321388888;1398;1386
1453;14263414000;14121388888;14321388888;1400;1388
1454;14263658000;14121388888;14321388888;1398;1386
1456;14263671000;14121388888;14321388888;1400;1388
1457;14263907000;14121388888;14321388888;1398;1386
1458;14263915000;14121388888;14321388888;1400;1388
1459;14264158000;14121388888;14321388888;1398;1386
1460;14264166000;14121388888;14321388888;1400;1388
1461;14264408000;14121388888;14321388888;1400;1388
1462;14264416000;14121388888;14321388888;982;970
1463;14305041000;14163033333;14363033333;1398;1386
1466;14305053000;14163033333;14363033333;1400;1388
1467;14305297000;14163033333;14363033333;1400;1388
1468;14305305000;14163033333;14363033333;1398;1386
1469;14305501000;14163033333;14363033333;1400;1388
1470;14305506000;14163033333;14363033333;1398;1386
1471;14305799000;14163033333;14363033333;1400;1388
1472;14305807000;14163033333;14363033333;1400;1388
1474;14346684000;14204744444;14404744444;1398;1386
1475;14346963000;14204744444;14404744444;1400;1388
1476;14346971000;14204744444;14404744444;1398;1386
1477;14346975000;14204744444;14404744444;1400;1388
1478;14347206000;14204744444;14404744444;1400;1388
1479;14347215000;14204744444;14404744444;1398;1386
1482;14347463000;14204744444;14404744444;1400;1388
1484;14347472000;14204744444;14404744444;982;970
1485;14388380000;14246400000;14446400000;1398;1386
1486;14388392000;14246400000;14446400000;1400;1388
1487;14388630000;14246400000;14446400000;1398;1386
1488;14388641000;14246400000;14446400000;1400;1388
1489;14388872000;14246400000;14446400000;1400;1388
1490;14388884000;14246400000;14446400000;1398;1386
1491;14389087000;14246400000;14446400000;1400;1388
1492;14389094000;14246400000;14446400000;1398;1386
1493;14389380000;14246400000;14446400000;1400;1388
1495;14389392000;14246400000;14446400000;982;970
1496;14430021000;14288088888;14488088888;1398;1386
1497;14430297000;14288088888;14488088888;1400;1388
1498;14430309000;14288088888;14488088888;1398;1386
1499;14430317000;14288088888;14488088888;1400;1388
1500;14430540000;14288088888;14488088888;1400;1388
1501;14430552000;14288088888;14488088888;1398;1386
1502;14430797000;14288088888;14488088888;1400;1388
1503;14430809000;14288088888;14488088888;1398;1386
1505;14431042000;14288088888;14488088888;1400;1388
1506;14431065000;14288088888;14488088888;982;970
1507;14471699000;14329722222;14529722222;1398;1386
1508;14471711000;14329722222;14529722222;1400;1388
1509;14471968000;14329722222;14529722222;1398;1386
1510;14471980000;14329722222;14529722222;1400;1388
1511;14472177000;14329722222;14529722222;1400;1388
1516;14472185000;14329722222;14529722222;1400;1388
1517;14472423000;14329722222;14529722222;982;970
1518;14513380000;14371366666;14571366666;1398;1386
1519;14513389000;14371366666;14571366666;1400;1388
1520;14513650000;14371366666;14571366666;1398;1386
1521;14513662000;14371366666;14571366666;1400;1388
1522;14513907000;14371366666;14571366666;1400;1388
1523;14513919000;14371366666;14571366666;1398;1386
1524;14514156000;14371366666;14571366666;1400;1388
1525;14514168000;14371366666;14571366666;1398;1386
1526;14514408000;14371366666;14571366666;1400;1388
1527;14514419000;14371366666;14571366666;1400;1388
1528;14514427000;14371366666;14571366666;982;970
1529;14555021000;14413033333;14613033333;1398;1386
1530;14555297000;14413033333;14613033333;1400;1388
1531;14555309000;14413033333;14613033333;1398;1386
1532;14555319000;14413033333;14613033333;1400;1388
1533;14555524000;14413033333;14613033333;1400;1388
1534;14555542000;14413033333;14613033333;1398;1386
1535;14555798000;14413033333;14613033333;1400;1388
1536;14555811000;14413033333;14613033333;1398;1386
1537;14556005000;14413033333;14613033333;1400;1388
1538;14556013000;14413033333;14613033333;1400;1388
1539;14556299000;14413033333;14613033333;982;970
1540;14596748000;14454755555;14654755555;1398;1386
1541;14596759000;14454755555;14654755555;1400;1388
1542;14596995000;14454755555;14654755555;1398;1386
1544;14597007000;14454755555;14654755555;1400;1388
1545;14597238000;14454755555;14654755555;1398;1386
1546;14597246000;14454755555;14654755555;1400;1388
1547;14597497000;14454755555;14654755555;1398;1386
1548;14597505000;14454755555;14654755555;1400;1388
1549;14597749000;14454755555;14654755555;1400;1388
1550;14597757000;14454755555;14654755555;982;970
1551;14638408000;14496400000;14696400000;1398;1386
1552;14638420000;14496400000;14696400000;1400;1388
1553;14638659000;14496400000;14696400000;1398;1386
1554;14638671000;14496400000;14696400000;1400;1388
1555;14638905000;14496400000;14696400000;1400;1388
1556;14638916000;14496400000;14696400000;1398;1386
1557;14639125000;14496400000;14696400000;1400;1388
1558;14639142000;14496400000;14696400000;1398;1386
1559;14639365000;14496400000;14696400000;1400;1388
1560;14639371000;14496400000;14696400000;1400;1388
1561;14639660000;14496400000;14696400000;982;970
1562;14680082000;14538055555;14738055555;1398;1386
1563;14680094000;14538055555;14738055555;1400;1388
1564;14680338000;14538055555;14738055555;1398;1386
1565;14680349000;14538055555;14738055555;1400;1388
1566;14680582000;14538055555;14738055555;1400;1388
1567;14680594000;14538055555;14738055555;1398;1386
1569;14680839000;14538055555;14738055555;1398;1386
1570;14680862000;14538055555;14738055555;1400;1388
1571;14681083000;14538055555;14738055555;1400;1388
1572;14681092000;14538055555;14738055555;982;970
1573;14721762000;14579755555;14779755555;1398;1386
1574;14721774000;14579755555;14779755555;1400;1388
1575;14722006000;14579755555;14779755555;1398;1386
1576;14722018000;14579755555;14779755555;1400;1388
1577;14722219000;14579755555;14779755555;1400;1388
1578;14722227000;14579755555;14779755555;1398;1386
1579;14722468000;14579755555;14779755555;1400;1388
1580;14722476000;14579755555;14779755555;1398;1386
1581;14722765000;14579755555;14779755555;1400;1388
1582;14722776000;14579755555;14779755555;1400;1388
1583;14722783000;14579755555;14779755555;982;970
1584;14763429000;14621400000;14821400000;1398;1386
1585;14763440000;14621400000;14821400000;1400;1388
1586;14763677000;14621400000;14821400000;1398;1386
1587;14763689000;14621400000;14821400000;1400;1388
1588;14763923000;14621400000;14821400000;1400;1388
1589;14763936000;14621400000;14821400000;1398;1386
1590;14764183000;14621400000;14821400000;1400;1388
1591;14764194000;14621400000;14821400000;1398;1386
1593;14764432000;14621400000;14821400000;1400;1388
1594;14764455000;14621400000;14821400000;982;970
1595;14805084000;14663055555;14863055555;1398;1386
1596;14805096000;14663055555;14863055555;1400;1388
1597;14805340000;14663055555;14863055555;1398;1386
1598;14805351000;14663055555;14863055555;1400;1388
1599;14805547000;14663055555;14863055555;1400;1388
1600;14805555000;14663055555;14863055555;1398;1386
1601;14805840000;14663055555;14863055555;1400;1388
1603;14805852000;14663055555;14863055555;1400;1388
1604;14806085000;14663055555;14863055555;1400;1388
1605;14806093000;14663055555;14863055555;982;970
1606;14846749000;14704755555;14904755555;1398;1386
1607;14846761000;14704755555;14904755555;1400;1388
1608;14846997000;14704755555;14904755555;1398;1386
1609;14847009000;14704755555;14904755555;1400;1388
1610;14847242000;14704755555;14904755555;1400;1388
1611;14847254000;14704755555;14904755555;1398;1386
1612;14847500000;14704755555;14904755555;1400;1388
1614;14847519000;14704755555;14904755555;1400;1388
1615;14847751000;14704755555;14904755555;1400;1388
1616;14847759000;14704755555;14904755555;982;970
1617;14888400000;14746388888;14946388888;1398;1386
1618;14888671000;14746388888;14946388888;1400;1388
1619;14888683000;14746388888;14946388888;1398;1386
1620;14888693000;14746388888;14946388888;1400;1388
1621;14888876000;14746388888;14946388888;1400;1388
1622;14888884000;14746388888;14946388888;1398;1386
1623;14889173000;14746388888;14946388888;1400;1388
1624;14889184000;14746388888;14946388888;1398;1386
1625;14889423000;14746388888;14946388888;1400;1388
1626;14889435000;14746388888;14946388888;1400;1388
1627;14889673000;14746388888;14946388888;982;970
1628;14930099000;14788077777;14988077777;1398;1386
1629;14930112000;14788077777;14988077777;1400;1388
1630;14930348000;14788077777;14988077777;1398;1386
1631;14930360000;14788077777;14988077777;1400;1388
1633;14930594000;14788077777;14988077777;1398;1386
1634;14930617000;14788077777;14988077777;1400;1388
1635;14930807000;14788077777;14988077777;1398;1386
1636;14930812000;14788077777;14988077777;1400;1388
1637;14931053000;14788077777;14988077777;1400;1388
1638;14931057000;14788077777;14988077777;982;970
1639;14971740000;14829777777;15029777777;1398;1386
1640;14971749000;14829777777;15029777777;1400;1388
1641;14972024000;14829777777;15029777777;1398;1386
1642;14972036000;14829777777;15029777777;1400;1388
1643;14972283000;14829777777;15029777777;1400;1388
1644;14972295000;14829777777;15029777777;1398;1386
1645;14972545000;14829777777;15029777777;1400;1388
1646;14972566000;14829777777;15029777777;1398;1386
1647;14972784000;14829777777;15029777777;1400;1388
1648;14972804000;14829777777;15029777777;1400;1388
1649;14972819000;14829777777;15029777777;982;970
1650;15013409000;14871400000;15071400000;1398;1386
1651;15013421000;14871400000;15071400000;1400;1388
1652;15013659000;14871400000;15071400000;1398;1386
1653;15013670000;14871400000;15071400000;1400;1388
1654;15013901000;14871400000;15071400000;1400;1388
1655;15013913000;14871400000;15071400000;1398;1386
1656;15014115000;14871400000;15071400000;1400;1388
1657;15014123000;14871400000;15071400000;1398;1386
1658;15014364000;14871400000;15071400000;1400;1388
1661;15055112000;14913066666;15113066666;1398;1386
1662;15055135000;14913066666;15113066666;1400;1388
1663;15055372000;14913066666;15113066666;1398;1386
1664;15055380000;14913066666;15113066666;1400;1388
1665;15055619000;14913066666;15113066666;1400;1388
1669;15055627000;14913066666;15113066666;1400;1388
1670;15055869000;14913066666;15113066666;1400;1388
1671;15055878000;14913066666;15113066666;982;970
1676;15096770000;14954755555;15154755555;1400;1388
1677;15096793000;14954755555;15154755555;1398;1386
1678;15097013000;14954755555;15154755555;1400;1388
1679;15097021000;14954755555;15154755555;1398;1386
1680;15097264000;14954755555;15154755555;1400;1388
1681;15097272000;14954755555;15154755555;1400;1388
1684;15138402000;14996422222;15196422222;1400;1388
1685;15138422000;14996422222;15196422222;1398;1386
1686;15138633000;14996422222;15196422222;1400;1388
1687;15138637000;14996422222;15196422222;1400;1388
1689;15138923000;14996422222;15196422222;1400;1388
1690;15138932000;14996422222;15196422222;1398;1386
1691;15139182000;14996422222;15196422222;1400;1388
1692;15139190000;14996422222;15196422222;1400;1388
1693;15139431000;14996422222;15196422222;982;970
1694;15180085000;15038055555;15238055555;1398;1386
1696;15180097000;15038055555;15238055555;1398;1386
1697;15180338000;15038055555;15238055555;1400;1388
1698;15180346000;15038055555;15238055555;1400;1388
1699;15180583000;15038055555;15238055555;1398;1386
1700;15180591000;15038055555;15238055555;1400;1388
1701;15180840000;15038055555;15238055555;1398;1386
1702;15180848000;15038055555;15238055555;1400;1388
1703;15181043000;15038055555;15238055555;1400;1388
1704;15181047000;15038055555;15238055555;982;970
1705;15221757000;15079744444;15279744444;1398;1386
1706;15221767000;15079744444;15279744444;1400;1388
1707;15222025000;15079744444;15279744444;1398;1386
1708;15222037000;15079744444;15279744444;1400;1388
1710;15222283000;15079744444;15279744444;1398;1386
1711;15222305000;15079744444;15279744444;1400;1388
1712;15222487000;15079744444;15279744444;1398;1386
1713;15222492000;15079744444;15279744444;1400;1388
1714;15222783000;15079744444;15279744444;1400;1388
1715;15222792000;15079744444;15279744444;982;970
1716;15263408000;15121400000;15321400000;1398;1386
1717;15263420000;15121400000;15321400000;1400;1388
1718;15263659000;15121400000;15321400000;1398;1386
1719;15263671000;15121400000;15321400000;1400;1388
1720;15263920000;15121400000;15321400000;1400;1388
1721;15263941000;15121400000;15321400000;1398;1386
1722;15264160000;15121400000;15321400000;1400;1388
1723;15264172000;15121400000;15321400000;1398;1386
1724;15264367000;15121400000;15321400000;1400;1388
1725;15264375000;15121400000;15321400000;1400;1388
1726;15264660000;15121400000;15321400000;982;970
1727;15305080000;15163044444;15363044444;1398;1386
1728;15305092000;15163044444;15363044444;1400;1388
1729;15305335000;15163044444;15363044444;1398;1386
1731;15305347000;15163044444;15363044444;1400;1388
1732;15305580000;15163044444;15363044444;1398;1386
1733;15305588000;15163044444;15363044444;1400;1388
1734;15305791000;15163044444;15363044444;1398;1386
1735;15305795000;15163044444;15363044444;1400;1388
1736;15306081000;15163044444;15363044444;1400;1388
1737;15306089000;15163044444;15363044444;982;970
1738;15346772000;15204755555;15404755555;1398;1386
1739;15346784000;15204755555;15404755555;1400;1388
1740;15347015000;15204755555;15404755555;1398;1386
1741;15347027000;15204755555;15404755555;1400;1388
1742;15347266000;15204755555;15404755555;1400;1388
1743;15347278000;15204755555;15404755555;1398;1386
1744;15347526000;15204755555;15404755555;1400;1388
1745;15347538000;15204755555;15404755555;1398;1386
1746;15347775000;15204755555;15404755555;1400;1388
1747;15347787000;15204755555;15404755555;1400;1388
1748;15347796000;15204755555;15404755555;982;970
1749;15388429000;15246433333;15446433333;1398;1386
1750;15388441000;15246433333;15446433333;1400;1388
1751;15388679000;15246433333;15446433333;1398;1386
1752;15388690000;15246433333;15446433333;1400;1388
1753;15388885000;15246433333;15446433333;1400;1388
1754;15388893000;15246433333;15446433333;1398;1386
1755;15389135000;15246433333;15446433333;1400;1388
1756;15389142000;15246433333;15446433333;1398;1386
1757;15389387000;15246433333;15446433333;1400;1388
1758;15389395000;15246433333;15446433333;1400;1388
1759;15389681000;15246433333;15446433333;982;970
1760;15430082000;15288100000;15488100000;1398;1386
1761;15430094000;15288100000;15488100000;1400;1388
1762;15430339000;15288100000;15488100000;1398;1386
1763;15430350000;15288100000;15488100000;1400;1388
1764;15430582000;15288100000;15488100000;1400;1388
1765;15430594000;15288100000;15488100000;1398;1386
1766;15430839000;15288100000;15488100000;1400;1388
1767;15430851000;15288100000;15488100000;1398;1386
1769;15431083000;15288100000;15488100000;1400;1388
1770;15431106000;15288100000;15488100000;982;970
1772;15471740000;15329733333;15529733333;1400;1388
1773;15471760000;15329733333;15529733333;1398;1386
1774;15472009000;15329733333;15529733333;1400;1388
1775;15472017000;15329733333;15529733333;1400;1388
1776;15472217000;15329733333;15529733333;1398;1386
1777;15472222000;15329733333;15529733333;1400;1388
1778;15472467000;15329733333;15529733333;1398;1386
1779;15472471000;15329733333;15529733333;1400;1388
1780;15472769000;15329733333;15529733333;1400;1388
1781;15472777000;15329733333;15529733333;982;970
1782;15513418000;15371388888;15571388888;1398;1386
1783;15513430000;15371388888;15571388888;1400;1388
1784;15513668000;15371388888;15571388888;1398;1386
1785;15513680000;15371388888;15571388888;1400;1388
1786;15513916000;15371388888;15571388888;1400;1388
1787;15513928000;15371388888;15571388888;1398;1386
1788;15514171000;15371388888;15571388888;1400;1388
1789;15514182000;15371388888;15571388888;1398;1386
1790;15514419000;15371388888;15571388888;1400;1388
1791;15514431000;15371388888;15571388888;1400;1388
1792;15514670000;15371388888;15571388888;982;970
1793;15555075000;15413044444;15613044444;1398;1386
1794;15555295000;15413044444;15613044444;1400;1388
1795;15555304000;15413044444;15613044444;1398;1386
1796;15555554000;15413044444;15613044444;1400;1388
1797;15555563000;15413044444;15613044444;1400;1388
1798;15555579000;15413044444;15613044444;1398;1386
1799;15555793000;15413044444;15613044444;1400;1388
1801;15555799000;15413044444;15613044444;1400;1388
1802;15556082000;15413044444;15613044444;1400;1388
1803;15556090000;15413044444;15613044444;982;970
1804;15596764000;15454766666;15654766666;1398;1386
1805;15596776000;15454766666;15654766666;1400;1388
1806;15597009000;15454766666;15654766666;1398;1386
1807;15597021000;15454766666;15654766666;1400;1388
1808;15597257000;15454766666;15654766666;1400;1388
1809;15597269000;15454766666;15654766666;1398;1386
1810;15597523000;15454766666;15654766666;1400;1388
1811;15597535000;15454766666;15654766666;1398;1386
1812;15597723000;15454766666;15654766666;1400;1388
1813;15597731000;15454766666;15654766666;1400;1388
1814;15598008000;15454766666;15654766666;982;970
1815;15638431000;15496411111;15696411111;1398;1386
1816;15638443000;15496411111;15696411111;1400;1388
1817;15638680000;15496411111;15696411111;1398;1386
1818;15638691000;15496411111;15696411111;1400;1388
1819;15638924000;15496411111;15696411111;1400;1388
1820;15638936000;15496411111;15696411111;1398;1386
1821;15639138000;15496411111;15696411111;1400;1388
1822;15639146000;15496411111;15696411111;1398;1386
1823;15639432000;15496411111;15696411111;1400;1388
1824;15639443000;15496411111;15696411111;1400;1388
1827;15680081000;15538077777;15738077777;1400;1388
1828;15680105000;15538077777;15738077777;1398;1386
1829;15680338000;15538077777;15738077777;1400;1388
1830;15680346000;15538077777;15738077777;1400;1388
1831;15680581000;15538077777;15738077777;1398;1386
1832;15680589000;15538077777;15738077777;1400;1388
1833;15680839000;15538077777;15738077777;1398;1386
1834;15680848000;15538077777;15738077777;1400;1388
1835;15681044000;15538077777;15738077777;1400;1388
1836;15681048000;15538077777;15738077777;982;970
1837;15721775000;15579777777;15779777777;1398;1386
1838;15721787000;15579777777;15779777777;1400;1388
1840;15722023000;15579777777;15779777777;1400;1388
1841;15722046000;15579777777;15779777777;1400;1388
1842;15722280000;15579777777;15779777777;1398;1386
1843;15722288000;15579777777;15779777777;1400;1388
1844;15722532000;15579777777;15779777777;1398;1386
1846;15722540000;15579777777;15779777777;1400;1388
1847;15722544000;15579777777;15779777777;982;970
1848;15763455000;15621377777;15821377777;1398;1386
1849;15763467000;15621377777;15821377777;1400;1388
1850;15763712000;15621377777;15821377777;1398;1386
1851;15763724000;15621377777;15821377777;1400;1388
1852;15763962000;15621377777;15821377777;1400;1388
1853;15763974000;15621377777;15821377777;1398;1386
1854;15764212000;15621377777;15821377777;1400;1388
1855;15764224000;15621377777;15821377777;1398;1386
1856;15764466000;15621377777;15821377777;1400;1388
1857;15764477000;15621377777;15821377777;1400;1388
1858;15764484000;15621377777;15821377777;982;970
1859;15805078000;15663044444;15863044444;1398;1386
1860;15805090000;15663044444;15863044444;1400;1388
1862;15805303000;15663044444;15863044444;1400;1388
1863;15805581000;15663044444;15863044444;1400;1388
1864;15805589000;15663044444;15863044444;1398;1386
1865;15805593000;15663044444;15863044444;1400;1388
1866;15805790000;15663044444;15863044444;1398;1386
1867;15805794000;15663044444;15863044444;1400;1388
1868;15806080000;15663044444;15863044444;1400;1388
1869;15806089000;15663044444;15863044444;982;970
1870;15846749000;15704733333;15904733333;1398;1386
1871;15846761000;15704733333;15904733333;1400;1388
1872;15846998000;15704733333;15904733333;1398;1386
1873;15847009000;15704733333;15904733333;1400;1388
1874;15847241000;15704733333;15904733333;1400;1388
1875;15847253000;15704733333;15904733333;1398;1386
1876;15847498000;15704733333;15904733333;1400;1388
1878;15847510000;15704733333;15904733333;1400;1388
1879;15847750000;15704733333;15904733333;1400;1388
1880;15847758000;15704733333;15904733333;982;970
1881;15888422000;15746366666;15946366666;1398;1386
1882;15888434000;15746366666;15946366666;1400;1388
1883;15888672000;15746366666;15946366666;1398;1386
1885;15888684000;15746366666;15946366666;1400;1388
1886;15888916000;15746366666;15946366666;1398;1386
1887;15888924000;15746366666;15946366666;1400;1388
1889;15889127000;15746366666;15946366666;1400;1388
1890;15889132000;15746366666;15946366666;1400;1388
1891;15889423000;15746366666;15946366666;982;970
1893;15930105000;15788044444;15988044444;1400;1388
1894;15930128000;15788044444;15988044444;1398;1386
1895;15930351000;15788044444;15988044444;1400;1388
1896;15930359000;15788044444;15988044444;1400;1388
1897;15930595000;15788044444;15988044444;1398;1386
1898;15930603000;15788044444;15988044444;1400;1388
1899;15930853000;15788044444;15988044444;1398;1386
1900;15930862000;15788044444;15988044444;1400;1388
1901;15931096000;15788044444;15988044444;1400;1388
1902;15931105000;15788044444;15988044444;982;970
1903;15971764000;15829744444;16029744444;1398;1386
1906;15971776000;15829744444;16029744444;1400;1388
1907;15972013000;15829744444;16029744444;1400;1388
1908;15972021000;15829744444;16029744444;1398;1386
1909;15972218000;15829744444;16029744444;1400;1388
1910;15972222000;15829744444;16029744444;1398;1386
1911;15972468000;15829744444;16029744444;1400;1388
1912;15972472000;15829744444;16029744444;1400;1388
1913;15972765000;15829744444;16029744444;982;970
1914;16013409000;15871388888;16071388888;1398;1386
1915;16013421000;15871388888;16071388888;1400;1388
1916;16013660000;15871388888;16071388888;1398;1386
1917;16013672000;15871388888;16071388888;1400;1388
1918;16013903000;15871388888;16071388888;1400;1388
1919;16013922000;15871388888;16071388888;1398;1386
1920;16014160000;15871388888;16071388888;1400;1388
1921;16014172000;15871388888;16071388888;1398;1386
1922;16014410000;15871388888;16071388888;1400;1388
1923;16014422000;15871388888;16071388888;1400;1388
1924;16014661000;15871388888;16071388888;982;970
1925;16055061000;15913044444;16113044444;1398;1386
1926;16055283000;15913044444;16113044444;1400;1388
1927;16055301000;15913044444;16113044444;1398;1386
1928;16055532000;15913044444;16113044444;1400;1388
1929;16055540000;15913044444;16113044444;1400;1388
1930;16055546000;15913044444;16113044444;1398;1386
1931;16055780000;15913044444;16113044444;1400;1388
1932;16055787000;15913044444;16113044444;1398;1386
1933;16056070000;15913044444;16113044444;1400;1388
1935;16056082000;15913044444;16113044444;982;970
1936;16096773000;15954722222;16154722222;1398;1386
1937;16096785000;15954722222;16154722222;1400;1388
1938;16097016000;15954722222;16154722222;1398;1386
1939;16097027000;15954722222;16154722222;1400;1388
1940;16097268000;15954722222;16154722222;1400;1388
1941;16097279000;15954722222;16154722222;1398;1386
1942;16097524000;15954722222;16154722222;1400;1388
1943;16097536000;15954722222;16154722222;1398;1386
1944;16097732000;15954722222;16154722222;1400;1388
1945;16097740000;15954722222;16154722222;1400;1388
1946;16098018000;15954722222;16154722222;982;970
1948;16138440000;15996388888;16196388888;1400;1388
1949;16138463000;15996388888;16196388888;1398;1386
1951;16138689000;15996388888;16196388888;1400;1388
1952;16138697000;15996388888;16196388888;1398;1386
1953;16138894000;15996388888;16196388888;1400;1388
1954;16138898000;15996388888;16196388888;1398;1386
1955;16139191000;15996388888;16196388888;1400;1388
1956;16139200000;15996388888;16196388888;1400;1388
1957;16139441000;15996388888;16196388888;982;970
1961;16180084000;16038055555;16238055555;1400;1388
1962;16180108000;16038055555;16238055555;1400;1388
1963;16180341000;16038055555;16238055555;1398;1386
1964;16180348000;16038055555;16238055555;1400;1388
1965;16180585000;16038055555;16238055555;1398;1386
1966;16180593000;16038055555;16238055555;1400;1388
1967;16180841000;16038055555;16238055555;1400;1388
1968;16180850000;16038055555;16238055555;982;970
1969;16221757000;16079722222;16279722222;1398;1386
1970;16221769000;16079722222;16279722222;1400;1388
1971;16222007000;16079722222;16279722222;1398;1386
1972;16222019000;16079722222;16279722222;1400;1388
1973;16222249000;16079722222;16279722222;1400;1388
1974;16222261000;16079722222;16279722222;1398;1386
1975;16222464000;16079722222;16279722222;1400;1388
1976;16222471000;16079722222;16279722222;1398;1386
1977;16222759000;16079722222;16279722222;1400;1388
1978;16222770000;16079722222;16279722222;1400;1388
1979;16222965000;16079722222;16279722222;982;970
1980;16263443000;16121377777;16321377777;1398;1386
1981;16263455000;16121377777;16321377777;1400;1388
1982;16263702000;16121377777;16321377777;1398;1386
1983;16263714000;16121377777;16321377777;1400;1388
1984;16263949000;16121377777;16321377777;1400;1388
1985;16263961000;16121377777;16321377777;1398;1386
1986;16264200000;16121377777;16321377777;1400;1388
1987;16264212000;16121377777;16321377777;1398;1386
1988;16264451000;16121377777;16321377777;1400;1388
1989;16264463000;16121377777;16321377777;1400;1388
1990;16264473000;16121377777;16321377777;982;970
1991;16305071000;16163022222;16363022222;1398;1386
1992;16305082000;16163022222;16363022222;1400;1388
1993;16305339000;16163022222;16363022222;1398;1386
1994;16305350000;16163022222;16363022222;1400;1388
1995;16305558000;16163022222;16363022222;1400;1388
1996;16305567000;16163022222;16363022222;1398;1386
1997;16305795000;16163022222;16363022222;1400;1388
1998;16305802000;16163022222;16363022222;1398;1386
1999;16306045000;16163022222;16363022222;1400;1388
2001;16306052000;16163022222;16363022222;982;970
2002;16346762000;16204733333;16404733333;1398;1386
2003;16346774000;16204733333;16404733333;1400;1388
2004;16347011000;16204733333;16404733333;1398;1386
2005;16347022000;16204733333;16404733333;1400;1388
2006;16347267000;16204733333;16404733333;1400;1388
2007;16347278000;16204733333;16404733333;1398;1386
2008;16347525000;16204733333;16404733333;1400;1388
2009;16347537000;16204733333;16404733333;1398;1386
2010;16347769000;16204733333;16404733333;1400;1388
2011;16347780000;16204733333;16404733333;1400;1388
2012;16347788000;16204733333;16404733333;982;970
2013;16388424000;16246388888;16446388888;1398;1386
2014;16388436000;16246388888;16446388888;1400;1388
2015;16388675000;16246388888;16446388888;1398;1386
2016;16388686000;16246388888;16446388888;1400;1388
2017;16388916000;16246388888;16446388888;1400;1388
2018;16388928000;16246388888;16446388888;1398;1386
2019;16389130000;16246388888;16446388888;1400;1388
2021;16389139000;16246388888;16446388888;1400;1388
2022;16389380000;16246388888;16446388888;1400;1388
2023;16389385000;16246388888;16446388888;982;970
2024;16430107000;16288088888;16488088888;1398;1386
2025;16430119000;16288088888;16488088888;1400;1388
2026;16430355000;16288088888;16488088888;1398;1386
2027;16430367000;16288088888;16488088888;1400;1388
2028;16430613000;16288088888;16488088888;1400;1388
2029;16430624000;16288088888;16488088888;1398;1386
2030;16430862000;16288088888;16488088888;1400;1388
2031;16430874000;16288088888;16488088888;1398;1386
2032;16431113000;16288088888;16488088888;1400;1388
2033;16431125000;16288088888;16488088888;1400;1388
2036;16471756000;16329733333;16529733333;1400;1388
2037;16471779000;16329733333;16529733333;1398;1386
2038;16472005000;16329733333;16529733333;1400;1388
2039;16472013000;16329733333;16529733333;1400;1388
2040;16472210000;16329733333;16529733333;1398;1386
2041;16472215000;16329733333;16529733333;1400;1388
2042;16472459000;16329733333;16529733333;1398;1386
2044;16472463000;16329733333;16529733333;1400;1388
2045;16472756000;16329733333;16529733333;982;970
2046;16513420000;16371366666;16571366666;1398;1386
2047;16513432000;16371366666;16571366666;1400;1388
2048;16513669000;16371366666;16571366666;1398;1386
2049;16513681000;16371366666;16571366666;1400;1388
2050;16513912000;16371366666;16571366666;1400;1388
2051;16513924000;16371366666;16571366666;1398;1386
2052;16514176000;16371366666;16571366666;1400;1388
2053;16514187000;16371366666;16571366666;1398;1386
2054;16514419000;16371366666;16571366666;1400;1388
2058;16555070000;16413044444;16613044444;1400;1388
2059;16555094000;16413044444;16613044444;1398;1386
2060;16555327000;16413044444;16613044444;1400;1388
2061;16555336000;16413044444;16613044444;1400;1388
2064;16555572000;16413044444;16613044444;1398;1386
2065;16555580000;16413044444;16613044444;1400;1388
2066;16555782000;16413044444;16613044444;1400;1388
2067;16555787000;16413044444;16613044444;982;970
2068;16596769000;16454733333;16654733333;1398;1386
2069;16596778000;16454733333;16654733333;1400;1388
2070;16597036000;16454733333;16654733333;1398;1386
2071;16597048000;16454733333;16654733333;1400;1388
2072;16597293000;16454733333;16654733333;1400;1388
2074;16597305000;16454733333;16654733333;1400;1388
2075;16597545000;16454733333;16654733333;1398;1386
2076;16597553000;16454733333;16654733333;1400;1388
2077;16597794000;16454733333;16654733333;1400;1388
2078;16597802000;16454733333;16654733333;982;970
2079;16638423000;16496400000;16696400000;1398;1386
2080;16638435000;16496400000;16696400000;1400;1388
2081;16638674000;16496400000;16696400000;1398;1386
2082;16638686000;16496400000;16696400000;1400;1388
2084;16638916000;16496400000;16696400000;1398;1386
2085;16638939000;16496400000;16696400000;1400;1388
2086;16639128000;16496400000;16696400000;1398;1386
2087;16639132000;16496400000;16696400000;1400;1388
2088;16639424000;16496400000;16696400000;1400;1388
2089;16639432000;16496400000;16696400000;982;970
2090;16680079000;16538066666;16738066666;1398;1386
2091;16680091000;16538066666;16738066666;1400;1388
2092;16680335000;16538066666;16738066666;1398;1386
2093;16680346000;16538066666;16738066666;1400;1388
2096;16680579000;16538066666;16738066666;1400;1388
2097;16680602000;16538066666;16738066666;1398;1386
2098;16680836000;16538066666;16738066666;1400;1388
2099;16680845000;16538066666;16738066666;1400;1388
2100;16681079000;16538066666;16738066666;982;970
2101;16721738000;16579755555;16779755555;1398;1386
2102;16721750000;16579755555;16779755555;1400;1388
2103;16721986000;16579755555;16779755555;1398;1386
2104;16721997000;16579755555;16779755555;1400;1388
2105;16722194000;16579755555;16779755555;1400;1388
2106;16722201000;16579755555;16779755555;1398;1386
2107;16722443000;16579755555;16779755555;1400;1388
2108;16722450000;16579755555;16779755555;1398;1386
2109;16722707000;16579755555;16779755555;1400;1388
2110;16722715000;16579755555;16779755555;1400;1388
2111;16722988000;16579755555;16779755555;982;970
2112;16763419000;16621411111;16821411111;1398;1386
2113;16763431000;16621411111;16821411111;1400;1388
2114;16763671000;16621411111;16821411111;1398;1386
2116;16763683000;16621411111;16821411111;1400;1388
2117;16763914000;16621411111;16821411111;1398;1386
2118;16763922000;16621411111;16821411111;1400;1388
2119;16764172000;16621411111;16821411111;1398;1386
2120;16764181000;16621411111;16821411111;1400;1388
2121;16764422000;16621411111;16821411111;1400;1388
2122;16764430000;16621411111;16821411111;982;970
2123;16805081000;16663088888;16863088888;1398;1386
2124;16805093000;16663088888;16863088888;1400;1388
2125;16805337000;16663088888;16863088888;1398;1386
2126;16805349000;16663088888;16863088888;1400;1388
2127;16805581000;16663088888;16863088888;1400;1388
2128;16805593000;16663088888;16863088888;1398;1386
2129;16805794000;16663088888;16863088888;1400;1388
2130;16805802000;16663088888;16863088888;1398;1386
2131;16806083000;16663088888;16863088888;1400;1388
2132;16806095000;16663088888;16863088888;1400;1388
2133;16806339000;16663088888;16863088888;982;970
2134;16846750000;16704788888;16904788888;1398;1386
2135;16846762000;16704788888;16904788888;1400;1388
2136;16847001000;16704788888;16904788888;1398;1386
2137;16847012000;16704788888;16904788888;1400;1388
2138;16847243000;16704788888;16904788888;1400;1388
2139;16847255000;16704788888;16904788888;1398;1386
2140;16847457000;16704788888;16904788888;1400;1388
2141;16847465000;16704788888;16904788888;1398;1386
2142;16847708000;16704788888;16904788888;1400;1388
2143;16847715000;16704788888;16904788888;1400;1388
2144;16847958000;16704788888;16904788888;982;970
2145;16888439000;16746422222;16946422222;1398;1386
2146;16888451000;16746422222;16946422222;1400;1388
2147;16888687000;16746422222;16946422222;1398;1386
2148;16888699000;16746422222;16946422222;1400;1388
2149;16888943000;16746422222;16946422222;1400;1388
2150;16888955000;16746422222;16946422222;1398;1386
2151;16889194000;16746422222;16946422222;1400;1388
2152;16889206000;16746422222;16946422222;1398;1386
2153;16889446000;16746422222;16946422222;1400;1388
2154;16889458000;16746422222;16946422222;1400;1388
2155;16889468000;16746422222;16946422222;982;970
2156;16930076000;16788111111;16988111111;1398;1386
2157;16930305000;16788111111;16988111111;1400;1388
2158;16930313000;16788111111;16988111111;1398;1386
2159;16930558000;16788111111;16988111111;1400;1388
2160;16930566000;16788111111;16988111111;1400;1388
2161;16930573000;16788111111;16988111111;1398;1386
2162;16930815000;16788111111;16988111111;1400;1388
2163;16930822000;16788111111;16988111111;1398;1386
2164;16931095000;16788111111;16988111111;1400;1388
2165;16931106000;16788111111;16988111111;1400;1388
2166;16931351000;16788111111;16988111111;982;970
2167;16971764000;16829777777;17029777777;1398;1386
2168;16971775000;16829777777;17029777777;1400;1388
2169;16972014000;16829777777;17029777777;1398;1386
2170;16972027000;16829777777;17029777777;1400;1388
2171;16972262000;16829777777;17029777777;1400;1388
2172;16972271000;16829777777;17029777777;1398;1386
2173;16972527000;16829777777;17029777777;1400;1388
2174;16972545000;16829777777;17029777777;1398;1386
2175;16972722000;16829777777;17029777777;1400;1388
2176;16972729000;16829777777;17029777777;1400;1388
2178;17013454000;16871433333;17071433333;1398;1386
2179;17013463000;16871433333;17071433333;1400;1388
2180;17013703000;16871433333;17071433333;1398;1386
2181;17013711000;16871433333;17071433333;1400;1388
2182;17013958000;16871433333;17071433333;1400;1388
2183;17013974000;16871433333;17071433333;1398;1386
2184;17014208000;16871433333;17071433333;1400;1388
2185;17014217000;16871433333;17071433333;1398;1386
2187;17014413000;16871433333;17071433333;1400;1388
2188;17014418000;16871433333;17071433333;982;970
2189;17055111000;16913133333;17113133333;1398;1386
2190;17055124000;16913133333;17113133333;1400;1388
2191;17055358000;16913133333;17113133333;1398;1386
2192;17055369000;16913133333;17113133333;1400;1388
2193;17055615000;16913133333;17113133333;1400;1388
2194;17055627000;16913133333;17113133333;1398;1386
2195;17055865000;16913133333;17113133333;1400;1388
2196;17055877000;16913133333;17113133333;1398;1386
2197;17056072000;16913133333;17113133333;1400;1388
2198;17056080000;16913133333;17113133333;1400;1388
2199;17056365000;16913133333;17113133333;982;970
2200;17096756000;16954755555;17154755555;1398;1386
2201;17096768000;16954755555;17154755555;1400;1388
2202;17097007000;16954755555;17154755555;1398;1386
2203;17097018000;16954755555;17154755555;1400;1388
2204;17097250000;16954755555;17154755555;1400;1388
2205;17097261000;16954755555;17154755555;1398;1386
2206;17097465000;16954755555;17154755555;1400;1388
2207;17097473000;16954755555;17154755555;1398;1386
2208;17097760000;16954755555;17154755555;1400;1388
2209;17097772000;16954755555;17154755555;1400;1388
2210;17098008000;16954755555;17154755555;982;970
2211;17138404000;16996400000;17196400000;1398;1386
2212;17138416000;16996400000;17196400000;1400;1388
2213;17138673000;16996400000;17196400000;1398;1386
2214;17138685000;16996400000;17196400000;1400;1388
2215;17138926000;16996400000;17196400000;1400;1388
2216;17138938000;16996400000;17196400000;1398;1386
2217;17139175000;16996400000;17196400000;1400;1388
2218;17139187000;16996400000;17196400000;1398;1386
2219;17139423000;16996400000;17196400000;1400;1388
2220;17139435000;16996400000;17196400000;1400;1388
2221;17139674000;16996400000;17196400000;982;970
2222;17180069000;17038055555;17238055555;1398;1386
2223;17180082000;17038055555;17238055555;1400;1388
2225;17180283000;17038055555;17238055555;1400;1388
2226;17180531000;17038055555;17238055555;1400;1388
2227;17180536000;17038055555;17238055555;1398;1386
2228;17180539000;17038055555;17238055555;1400;1388
2229;17180779000;17038055555;17238055555;1398;1386
2230;17180783000;17038055555;17238055555;1400;1388
2231;17181070000;17038055555;17238055555;1400;1388
2232;17181079000;17038055555;17238055555;982;970
2233;17221749000;17079755555;17279755555;1398;1386
2234;17221761000;17079755555;17279755555;1400;1388
2235;17221998000;17079755555;17279755555;1398;1386
2236;17222009000;17079755555;17279755555;1400;1388
2237;17222243000;17079755555;17279755555;1400;1388
2238;17222255000;17079755555;17279755555;1398;1386
2239;17222501000;17079755555;17279755555;1400;1388
2240;17222521000;17079755555;17279755555;1398;1386
2241;17222752000;17079755555;17279755555;1400;1388
2242;17222764000;17079755555;17279755555;1400;1388
2243;17222771000;17079755555;17279755555;982;970
2244;17263414000;17121411111;17321411111;1398;1386
2245;17263426000;17121411111;17321411111;1400;1388
2247;17263682000;17121411111;17321411111;1400;1388
2248;17263706000;17121411111;17321411111;1400;1388
2249;17263887000;17121411111;17321411111;1398;1386
2250;17263891000;17121411111;17321411111;1400;1388
2251;17264136000;17121411111;17321411111;1398;1386
2252;17264139000;17121411111;17321411111;1400;1388
2253;17264388000;17121411111;17321411111;1400;1388
2255;17305109000;17163088888;17363088888;1398;1386
2256;17305132000;17163088888;17363088888;1400;1388
2258;17305358000;17163088888;17363088888;1400;1388
2259;17305366000;17163088888;17363088888;1400;1388
2260;17305615000;17163088888;17363088888;1398;1386
2261;17305624000;17163088888;17363088888;1400;1388
2264;17305865000;17163088888;17363088888;1400;1388
2265;17305873000;17163088888;17363088888;982;970
2266;17346743000;17204788888;17404788888;1398;1386
2267;17346755000;17204788888;17404788888;1400;1388
2268;17346993000;17204788888;17404788888;1398;1386
2269;17347004000;17204788888;17404788888;1400;1388
2270;17347237000;17204788888;17404788888;1400;1388
2271;17347249000;17204788888;17404788888;1398;1386
2272;17347449000;17204788888;17404788888;1400;1388
2273;17347457000;17204788888;17404788888;1398;1386
2274;17347745000;17204788888;17404788888;1400;1388
2275;17347756000;17204788888;17404788888;1400;1388
2276;17347994000;17204788888;17404788888;982;970
2277;17388408000;17246422222;17446422222;1398;1386
2278;17388684000;17246422222;17446422222;1400;1388
2279;17388696000;17246422222;17446422222;1398;1386
2280;17388704000;17246422222;17446422222;1400;1388
2282;17388927000;17246422222;17446422222;1398;1386
2283;17388950000;17246422222;17446422222;1400;1388
2284;17389184000;17246422222;17446422222;1398;1386
2285;17389192000;17246422222;17446422222;1400;1388
2286;17389435000;17246422222;17446422222;1400;1388
2287;17389443000;17246422222;17446422222;982;970
2288;17430083000;17288133333;17488133333;1398;1386
2290;17430305000;17288133333;17488133333;1398;1386
2291;17430324000;17288133333;17488133333;1400;1388
2293;17430595000;17288133333;17488133333;1398;1386
2294;17430603000;17288133333;17488133333;1400;1388
2295;17430607000;17288133333;17488133333;1398;1386
2296;17430851000;17288133333;17488133333;1400;1388
2297;17430859000;17288133333;17488133333;1400;1388
2298;17431055000;17288133333;17488133333;982;970
2299;17471776000;17329766666;17529766666;1398;1386
2300;17471788000;17329766666;17529766666;1400;1388
2301;17472026000;17329766666;17529766666;1398;1386
2302;17472038000;17329766666;17529766666;1400;1388
2303;17472282000;17329766666;17529766666;1400;1388
2304;17472294000;17329766666;17529766666;1398;1386
2305;17472534000;17329766666;17529766666;1400;1388
2306;17472546000;17329766666;17529766666;1398;1386
2307;17472785000;17329766666;17529766666;1400;1388
2308;17472796000;17329766666;17529766666;1400;1388
2309;17472804000;17329766666;17529766666;982;970
2311;17513398000;17371388888;17571388888;1400;1388
2312;17513674000;17371388888;17571388888;1398;1386
2313;17513682000;17371388888;17571388888;1400;1388
2314;17513686000;17371388888;17571388888;1400;1388
2315;17513916000;17371388888;17571388888;1398;1386
2316;17513924000;17371388888;17571388888;1400;1388
2317;17514128000;17371388888;17571388888;1398;1386
2318;17514133000;17371388888;17571388888;1400;1388
2319;17514378000;17371388888;17571388888;1400;1388
2320;17514382000;17371388888;17571388888;982;970
2321;17555109000;17413055555;17613055555;1398;1386
2322;17555121000;17413055555;17613055555;1400;1388
2323;17555369000;17413055555;17613055555;1398;1386
2324;17555381000;17413055555;17613055555;1400;1388
2325;17555617000;17413055555;17613055555;1400;1388
2327;17555629000;17413055555;17613055555;1400;1388
2328;17555867000;17413055555;17613055555;1398;1386
2329;17555876000;17413055555;17613055555;1400;1388
2330;17556117000;17413055555;17613055555;1400;1388
2331;17556125000;17413055555;17613055555;982;970
2332;17596756000;17454777777;17654777777;1398;1386
2334;17596768000;17454777777;17654777777;1398;1386
2335;17597006000;17454777777;17654777777;1400;1388
2336;17597014000;17454777777;17654777777;1400;1388
2337;17597250000;17454777777;17654777777;1398;1386
2338;17597258000;17454777777;17654777777;1400;1388
2339;17597461000;17454777777;17654777777;1398;1386
2340;17597465000;17454777777;17654777777;1400;1388
2341;17597711000;17454777777;17654777777;1400;1388
2344;17638444000;17496411111;17696411111;1400;1388
2345;17638467000;17496411111;17696411111;1398;1386
2346;17638704000;17496411111;17696411111;1400;1388
2347;17638712000;17496411111;17696411111;1400;1388
2348;17638951000;17496411111;17696411111;1398;1386
2349;17638959000;17496411111;17696411111;1400;1388
2350;17639202000;17496411111;17696411111;1398;1386
2351;17639210000;17496411111;17696411111;1400;1388
2352;17639452000;17496411111;17696411111;1400;1388
2353;17639460000;17496411111;17696411111;982;970
2354;17680086000;17538088888;17738088888;1398;1386
2355;17680098000;17538088888;17738088888;1400;1388
2356;17680342000;17538088888;17738088888;1398;1386
2357;17680354000;17538088888;17738088888;1400;1388
2358;17680585000;17538088888;17738088888;1400;1388
2360;17680609000;17538088888;17738088888;1400;1388
2361;17680798000;17538088888;17738088888;1398;1386
2362;17680803000;17538088888;17738088888;1400;1388
2363;17681046000;17538088888;17738088888;1400;1388
2364;17681050000;17538088888;17738088888;982;970
2365;17721763000;17579766666;17779766666;1398;1386
2366;17721775000;17579766666;17779766666;1400;1388
2367;17722012000;17579766666;17779766666;1398;1386
2368;17722024000;17579766666;17779766666;1400;1388
2369;17722269000;17579766666;17779766666;1400;1388
2370;17722281000;17579766666;17779766666;1398;1386
2371;17722527000;17579766666;17779766666;1400;1388
2372;17722539000;17579766666;17779766666;1398;1386
2373;17722739000;17579766666;17779766666;1400;1388
2374;17722748000;17579766666;17779766666;1400;1388
2375;17723017000;17579766666;17779766666;982;970
2376;17763427000;17621400000;17821400000;1398;1386
2377;17763438000;17621400000;17821400000;1400;1388
2378;17763676000;17621400000;17821400000;1398;1386
2379;17763687000;17621400000;17821400000;1400;1388
2380;17763921000;17621400000;17821400000;1400;1388
2381;17763933000;17621400000;17821400000;1398;1386
2382;17764177000;17621400000;17821400000;1400;1388
2383;17764189000;17621400000;17821400000;1398;1386
2384;17764430000;17621400000;17821400000;1400;1388
2385;17764441000;17621400000;17821400000;1400;1388
2386;17764448000;17621400000;17821400000;982;970
2387;17805092000;17663044444;17863044444;1398;1386
2388;17805104000;17663044444;17863044444;1400;1388
2389;17805348000;17663044444;17863044444;1398;1386
2390;17805359000;17663044444;17863044444;1400;1388
2391;17805556000;17663044444;17863044444;1400;1388
2392;17805564000;17663044444;17863044444;1398;1386
2393;17805804000;17663044444;17863044444;1400;1388
2394;17805812000;17663044444;17863044444;1398;1386
2395;17806093000;17663044444;17863044444;1400;1388
2396;17806105000;17663044444;17863044444;1400;1388
2397;17806349000;17663044444;17863044444;982;970
2398;17846757000;17704777777;17904777777;1398;1386
2399;17846769000;17704777777;17904777777;1400;1388
2400;17847006000;17704777777;17904777777;1398;1386
2401;17847018000;17704777777;17904777777;1400;1388
2402;17847250000;17704777777;17904777777;1400;1388
2403;17847262000;17704777777;17904777777;1398;1386
2404;17847507000;17704777777;17904777777;1400;1388
2405;17847529000;17704777777;17904777777;1398;1386
2406;17847757000;17704777777;17904777777;1400;1388
2407;17847769000;17704777777;17904777777;1400;1388
2408;17847964000;17704777777;17904777777;982;970
2409;17888443000;17746388888;17946388888;1398;1386
2410;17888455000;17746388888;17946388888;1400;1388
2411;17888692000;17746388888;17946388888;1398;1386
2412;17888704000;17746388888;17946388888;1400;1388
2413;17888947000;17746388888;17946388888;1400;1388
2414;17888959000;17746388888;17946388888;1398;1386
2415;17889199000;17746388888;17946388888;1400;1388
2416;17889210000;17746388888;17946388888;1398;1386
2417;17889407000;17746388888;17946388888;1400;1388
2419;17889415000;17746388888;17946388888;982;970
2420;17930093000;17788077777;17988077777;1398;1386
2421;17930105000;17788077777;17988077777;1400;1388
2422;17930343000;17788077777;17988077777;1398;1386
2423;17930354000;17788077777;17988077777;1400;1388
2424;17930601000;17788077777;17988077777;1400;1388
2425;17930613000;17788077777;17988077777;1398;1386
2426;17930808000;17788077777;17988077777;1400;1388
2427;17930816000;17788077777;17988077777;1398;1386
2428;17931057000;17788077777;17988077777;1400;1388
2429;17931064000;17788077777;17988077777;1400;1388
2430;17931352000;17788077777;17988077777;982;970
2431;17971758000;17829755555;18029755555;1398;1386
2432;17971770000;17829755555;18029755555;1400;1388
2434;17972006000;17829755555;18029755555;1400;1388
2435;17972029000;17829755555;18029755555;1400;1388
2436;17972250000;17829755555;18029755555;1398;1386
2437;17972258000;17829755555;18029755555;1400;1388
2438;17972508000;17829755555;18029755555;1398;1386
2439;17972524000;17829755555;18029755555;1400;1388
2440;17972758000;17829755555;18029755555;1400;1388
2441;17972766000;17829755555;18029755555;982;970
2442;18013431000;17871400000;18071400000;1398;1386
2443;18013443000;17871400000;18071400000;1400;1388
2444;18013683000;17871400000;18071400000;1398;1386
2445;18013695000;17871400000;18071400000;1400;1388
2446;18013924000;17871400000;18071400000;1400;1388
2447;18013936000;17871400000;18071400000;1398;1386
2448;18014139000;17871400000;18071400000;1400;1388
2449;18014147000;17871400000;18071400000;1398;1386
2451;18014388000;17871400000;18071400000;1400;1388
2452;18014406000;17871400000;18071400000;982;970
2453;18055096000;17913088888;18113088888;1398;1386
2454;18055107000;17913088888;18113088888;1400;1388
2455;18055365000;17913088888;18113088888;1398;1386
2456;18055377000;17913088888;18113088888;1400;1388
2457;18055583000;17913088888;18113088888;1400;1388
2458;18055592000;17913088888;18113088888;1398;1386
2459;18055865000;17913088888;18113088888;1400;1388
2460;18055877000;17913088888;18113088888;1398;1386
2461;18056116000;17913088888;18113088888;1400;1388
2463;18056128000;17913088888;18113088888;982;970
2464;18096755000;17954744444;18154744444;1398;1386
2465;18096767000;17954744444;18154744444;1400;1388
2466;18097005000;17954744444;18154744444;1398;1386
2467;18097017000;17954744444;18154744444;1400;1388
2468;18097248000;17954744444;18154744444;1400;1388
2469;18097260000;17954744444;18154744444;1398;1386
2470;18097462000;17954744444;18154744444;1400;1388
2472;18097470000;17954744444;18154744444;1400;1388
2473;18097712000;17954744444;18154744444;1400;1388
2474;18097716000;17954744444;18154744444;982;970
2475;18138442000;17996400000;18196400000;1398;1386
2476;18138454000;17996400000;18196400000;1400;1388
2477;18138690000;17996400000;18196400000;1398;1386
2478;18138701000;17996400000;18196400000;1400;1388
2479;18138949000;17996400000;18196400000;1400;1388
2480;18138961000;17996400000;18196400000;1398;1386
2481;18139166000;17996400000;18196400000;1400;1388
2482;18139175000;17996400000;18196400000;1398;1386
2483;18139448000;17996400000;18196400000;1400;1388
2484;18139459000;17996400000;18196400000;1400;1388
2485;18139467000;17996400000;18196400000;982;970
2486;18180083000;18038055555;18238055555;1398;1386
2487;18180095000;18038055555;18238055555;1400;1388
2489;18180337000;18038055555;18238055555;1400;1388
2490;18180360000;18038055555;18238055555;1400;1388
2491;18180544000;18038055555;18238055555;1398;1386
2492;18180549000;18038055555;18238055555;1400;1388
2494;18180791000;18038055555;18238055555;1400;1388
2495;18180795000;18038055555;18238055555;1400;1388
2496;18181082000;18038055555;18238055555;982;970
2497;18221749000;18079733333;18279733333;1398;1386
2498;18221761000;18079733333;18279733333;1400;1388
2499;18221999000;18079733333;18279733333;1398;1386
2500;18222011000;18079733333;18279733333;1400;1388
2501;18222243000;18079733333;18279733333;1400;1388
2502;18222255000;18079733333;18279733333;1398;1386
2503;18222500000;18079733333;18279733333;1400;1388
2504;18222522000;18079733333;18279733333;1398;1386
2505;18222751000;18079733333;18279733333;1400;1388
2506;18222762000;18079733333;18279733333;1400;1388
2507;18222769000;18079733333;18279733333;982;970
2508;18263425000;18121400000;18321400000;1398;1386
2509;18263437000;18121400000;18321400000;1400;1388
2510;18263675000;18121400000;18321400000;1398;1386
2511;18263686000;18121400000;18321400000;1400;1388
2512;18263880000;18121400000;18321400000;1400;1388
2513;18263888000;18121400000;18321400000;1398;1386
2514;18264130000;18121400000;18321400000;1400;1388
2515;18264137000;18121400000;18321400000;1398;1386
2516;18264425000;18121400000;18321400000;1400;1388
2517;18264437000;18121400000;18321400000;1400;1388
2518;18264677000;18121400000;18321400000;982;970
2519;18305092000;18163044444;18363044444;1398;1386
2520;18305104000;18163044444;18363044444;1400;1388
2521;18305349000;18163044444;18363044444;1398;1386
2522;18305361000;18163044444;18363044444;1400;1388
2523;18305591000;18163044444;18363044444;1400;1388
2524;18305603000;18163044444;18363044444;1398;1386
2525;18305851000;18163044444;18363044444;1400;1388
2526;18305863000;18163044444;18363044444;1398;1386
2527;18306093000;18163044444;18363044444;1400;1388
2528;18306112000;18163044444;18363044444;1400;1388
2529;18306305000;18163044444;18363044444;982;970
2530;18346743000;18204777777;18404777777;1398;1386
2531;18346752000;18204777777;18404777777;1400;1388
2532;18347021000;18204777777;18404777777;1398;1386
2533;18347033000;18204777777;18404777777;1400;1388
2534;18347269000;18204777777;18404777777;1400;1388
2535;18347281000;18204777777;18404777777;1398;1386
2536;18347474000;18204777777;18404777777;1400;1388
2537;18347482000;18204777777;18404777777;1398;1386
2538;18347770000;18204777777;18404777777;1400;1388
2540;18347781000;18204777777;18404777777;982;970
2541;18388423000;18246411111;18446411111;1398;1386
2542;18388435000;18246411111;18446411111;1400;1388
2543;18388674000;18246411111;18446411111;1398;1386
2546;18388685000;18246411111;18446411111;1398;1386
2547;18388916000;18246411111;18446411111;1400;1388
2548;18388924000;18246411111;18446411111;1398;1386
2549;18389174000;18246411111;18446411111;1400;1388
2550;18389182000;18246411111;18446411111;1400;1388
2551;18389423000;18246411111;18446411111;982;970
2552;18430079000;18288111111;18488111111;1398;1386
2553;18430091000;18288111111;18488111111;1400;1388
2554;18430335000;18288111111;18488111111;1398;1386
2555;18430347000;18288111111;18488111111;1400;1388
2556;18430579000;18288111111;18488111111;1400;1388
2557;18430591000;18288111111;18488111111;1398;1386
2558;18430792000;18288111111;18488111111;1400;1388
2559;18430800000;18288111111;18488111111;1398;1386
2560;18431041000;18288111111;18488111111;1400;1388
2561;18431048000;18288111111;18488111111;1400;1388
2562;18431293000;18288111111;18488111111;982;970
2564;18471777000;18329755555;18529755555;1400;1388
2565;18471800000;18329755555;18529755555;1398;1386
2566;18472026000;18329755555;18529755555;1400;1388
2567;18472034000;18329755555;18529755555;1400;1388
2568;18472282000;18329755555;18529755555;1398;1386
2569;18472291000;18329755555;18529755555;1400;1388
2572;18472534000;18329755555;18529755555;1400;1388
2573;18472543000;18329755555;18529755555;982;970
2574;18513435000;18371388888;18571388888;1398;1386
2575;18513447000;18371388888;18571388888;1400;1388
2576;18513684000;18371388888;18571388888;1398;1386
2581;18513695000;18371388888;18571388888;1398;1386
2582;18513889000;18371388888;18571388888;1400;1388
2583;18513894000;18371388888;18571388888;1400;1388
2584;18514183000;18371388888;18571388888;982;970
2585;18555084000;18413066666;18613066666;1398;1386
2586;18555096000;18413066666;18613066666;1400;1388
2587;18555341000;18413066666;18613066666;1398;1386
2588;18555353000;18413066666;18613066666;1400;1388
2589;18555585000;18413066666;18613066666;1400;1388
2590;18555597000;18413066666;18613066666;1398;1386
2591;18555842000;18413066666;18613066666;1400;1388
2592;18555854000;18413066666;18613066666;1398;1386
2593;18556086000;18413066666;18613066666;1400;1388
2594;18556098000;18413066666;18613066666;1400;1388
2597;18596739000;18454766666;18654766666;1400;1388
2598;18596759000;18454766666;18654766666;1398;1386
2599;18597013000;18454766666;18654766666;1400;1388
2600;18597021000;18454766666;18654766666;1400;1388
2601;18597256000;18454766666;18654766666;1398;1386
2602;18597264000;18454766666;18654766666;1400;1388
2603;18597468000;18454766666;18654766666;1398;1386
2604;18597472000;18454766666;18654766666;1400;1388
2605;18597718000;18454766666;18654766666;1400;1388
2606;18597722000;18454766666;18654766666;982;970
2607;18638442000;18496411111;18696411111;1398;1386
2608;18638454000;18496411111;18696411111;1400;1388
2609;18638701000;18496411111;18696411111;1398;1386
2610;18638713000;18496411111;18696411111;1400;1388
2611;18638948000;18496411111;18696411111;1400;1388
2612;18638959000;18496411111;18696411111;1398;1386
2613;18639199000;18496411111;18696411111;1400;1388
2614;18639211000;18496411111;18696411111;1398;1386
2615;18639451000;18496411111;18696411111;1400;1388
2616;18639463000;18496411111;18696411111;1400;1388
2617;18639471000;18496411111;18696411111;982;970
2618;18680055000;18538077777;18738077777;1398;1386
2619;18680324000;18538077777;18738077777;1400;1388
2620;18680336000;18538077777;18738077777;1398;1386
2622;18680355000;18538077777;18738077777;1400;1388
2623;18680570000;18538077777;18738077777;1398;1386
2624;18680578000;18538077777;18738077777;1400;1388
2626;18680825000;18538077777;18738077777;1400;1388
2628;18680833000;18538077777;18738077777;982;970
2629;18721741000;18579755555;18779755555;1398;1386
2630;18722005000;18579755555;18779755555;1400;1388
2631;18722017000;18579755555;18779755555;1398;1386
2632;18722027000;18579755555;18779755555;1400;1388
2633;18722249000;18579755555;18779755555;1400;1388
2634;18722261000;18579755555;18779755555;1398;1386
2635;18722507000;18579755555;18779755555;1400;1388
2636;18722531000;18579755555;18779755555;1398;1386
2637;18722757000;18579755555;18779755555;1400;1388
2638;18722768000;18579755555;18779755555;1400;1388
2639;18722963000;18579755555;18779755555;982;970
2640;18763455000;18621377777;18821377777;1398;1386
2641;18763466000;18621377777;18821377777;1400;1388
2645;18763704000;18621377777;18821377777;1398;1386
2646;18763728000;18621377777;18821377777;1400;1388
2647;18763918000;18621377777;18821377777;1398;1386
2648;18763922000;18621377777;18821377777;1400;1388
2649;18764167000;18621377777;18821377777;1400;1388
2650;18764171000;18621377777;18821377777;982;970
2651;18805082000;18663044444;18863044444;1398;1386
2652;18805094000;18663044444;18863044444;1400;1388
2653;18805338000;18663044444;18863044444;1398;1386
2654;18805350000;18663044444;18863044444;1400;1388
2655;18805583000;18663044444;18863044444;1400;1388
2658;18805595000;18663044444;18863044444;1398;1386
2659;18805840000;18663044444;18863044444;1400;1388
2660;18805848000;18663044444;18863044444;1400;1388
2661;18806044000;18663044444;18863044444;982;970
2662;18846778000;18704733333;18904733333;1398;1386
2663;18846790000;18704733333;18904733333;1400;1388
2664;18847027000;18704733333;18904733333;1398;1386
2665;18847038000;18704733333;18904733333;1400;1388
2666;18847284000;18704733333;18904733333;1400;1388
2667;18847296000;18704733333;18904733333;1398;1386
2668;18847535000;18704733333;18904733333;1400;1388
2669;18847547000;18704733333;18904733333;1398;1386
2670;18847742000;18704733333;18904733333;1400;1388
2671;18847749000;18704733333;18904733333;1400;1388
2672;18848029000;18704733333;18904733333;982;970
2673;18888430000;18746366666;18946366666;1398;1386
2674;18888442000;18746366666;18946366666;1400;1388
2675;18888680000;18746366666;18946366666;1398;1386
2676;18888692000;18746366666;18946366666;1400;1388
2678;18888924000;18746366666;18946366666;1398;1386
2679;18888947000;18746366666;18946366666;1400;1388
2680;18889135000;18746366666;18946366666;1398;1386
2681;18889139000;18746366666;18946366666;1400;1388
2682;18889431000;18746366666;18946366666;1400;1388
2683;18889440000;18746366666;18946366666;982;970
2684;18930080000;18788044444;18988044444;1398;1386
2685;18930092000;18788044444;18988044444;1400;1388
2686;18930336000;18788044444;18988044444;1398;1386
2687;18930348000;18788044444;18988044444;1400;1388
2688;18930580000;18788044444;18988044444;1400;1388
2689;18930591000;18788044444;18988044444;1398;1386
2690;18930838000;18788044444;18988044444;1400;1388
2691;18930850000;18788044444;18988044444;1398;1386
2692;18931047000;18788044444;18988044444;1400;1388
2693;18931055000;18788044444;18988044444;1400;1388
2694;18931337000;18788044444;18988044444;982;970
2695;18971754000;18829722222;19029722222;1398;1386
2696;18971766000;18829722222;19029722222;1400;1388
2697;18972004000;18829722222;19029722222;1398;1386
2698;18972015000;18829722222;19029722222;1400;1388
2699;18972247000;18829722222;19029722222;1400;1388
2700;18972259000;18829722222;19029722222;1398;1386
2701;18972461000;18829722222;19029722222;1400;1388
2702;18972469000;18829722222;19029722222;1398;1386
2703;18972756000;18829722222;19029722222;1400;1388
2704;18972768000;18829722222;19029722222;1400;1388
2705;18973005000;18829722222;19029722222;982;970
2706;19013424000;18871377777;19071377777;1398;1386
2707;19013436000;18871377777;19071377777;1400;1388
2708;19013674000;18871377777;19071377777;1398;1386
2709;19013686000;18871377777;19071377777;1400;1388
2710;19013917000;18871377777;19071377777;1400;1388
2711;19013929000;18871377777;19071377777;1398;1386
2712;19014175000;18871377777;19071377777;1400;1388
2713;19014187000;18871377777;19071377777;1398;1386
2714;19014381000;18871377777;19071377777;1400;1388
2715;19014389000;18871377777;19071377777;1400;1388
2716;19014678000;18871377777;19071377777;982;970
2717;19055087000;18913044444;19113044444;1398;1386
2718;19055099000;18913044444;19113044444;1400;1388
2720;19055340000;18913044444;19113044444;1400;1388
2721;19055363000;18913044444;19113044444;1400;1388
2722;19055586000;18913044444;19113044444;1398;1386
2723;19055594000;18913044444;19113044444;1400;1388
2724;19055840000;18913044444;19113044444;1398;1386
2725;19055848000;18913044444;19113044444;1400;1388
2726;19056086000;18913044444;19113044444;1400;1388
2727;19056094000;18913044444;19113044444;982;970
2728;19096783000;18954733333;19154733333;1398;1386
2729;19096801000;18954733333;19154733333;1400;1388
2730;19097014000;18954733333;19154733333;1398;1386
2731;19097026000;18954733333;19154733333;1400;1388
2732;19097265000;18954733333;19154733333;1400;1388
2733;19097277000;18954733333;19154733333;1398;1386
2734;19097530000;18954733333;19154733333;1400;1388
2736;19097542000;18954733333;19154733333;1400;1388
2739;19138448000;18996377777;19196377777;1398;1386
2740;19138475000;18996377777;19196377777;1400;1388
2741;19138677000;18996377777;19196377777;1398;1386
2742;19138686000;18996377777;19196377777;1400;1388
2743;19138938000;18996377777;19196377777;1400;1388
2744;19138946000;18996377777;19196377777;1398;1386
2745;19139185000;18996377777;19196377777;1400;1388
2746;19139194000;18996377777;19196377777;1398;1386
2747;19139437000;18996377777;19196377777;1400;1388
2748;19139445000;18996377777;19196377777;1400;1388
2749;19139449000;18996377777;19196377777;982;970
2750;19180108000;19038033333;19238033333;1398;1386
2751;19180120000;19038033333;19238033333;1400;1388
2752;19180368000;19038033333;19238033333;1398;1386
2753;19180380000;19038033333;19238033333;1400;1388
2754;19180616000;19038033333;19238033333;1400;1388
2755;19180628000;19038033333;19238033333;1398;1386
2756;19180865000;19038033333;19238033333;1400;1388
2757;19180877000;19038033333;19238033333;1398;1386
2758;19181072000;19038033333;19238033333;1400;1388
2759;19181080000;19038033333;19238033333;1400;1388
2760;19181367000;19038033333;19238033333;982;970
2761;19221746000;19079733333;19279733333;1398;1386
2762;19221758000;19079733333;19279733333;1400;1388
2763;19221996000;19079733333;19279733333;1398;1386
2764;19222008000;19079733333;19279733333;1400;1388
2765;19222238000;19079733333;19279733333;1400;1388
2766;19222250000;19079733333;19279733333;1398;1386
2767;19222452000;19079733333;19279733333;1400;1388
2768;19222460000;19079733333;19279733333;1398;1386
2769;19222747000;19079733333;19279733333;1400;1388
2771;19222759000;19079733333;19279733333;982;970
2772;19263418000;19121400000;19321400000;1398;1386
2773;19263430000;19121400000;19321400000;1400;1388
2774;19263669000;19121400000;19321400000;1398;1386
2775;19263681000;19121400000;19321400000;1400;1388
2777;19263912000;19121400000;19321400000;1398;1386
2778;19263935000;19121400000;19321400000;1400;1388
2779;19264169000;19121400000;19321400000;1398;1386
2780;19264177000;19121400000;19321400000;1400;1388
2781;19264420000;19121400000;19321400000;1400;1388
2782;19264429000;19121400000;19321400000;982;970
2784;19305096000;19163044444;19363044444;1400;1388
2785;19305119000;19163044444;19363044444;1398;1386
2787;19305305000;19163044444;19363044444;1400;1388
2788;19305556000;19163044444;19363044444;1398;1386
2789;19305561000;19163044444;19363044444;1400;1388
2790;19305564000;19163044444;19363044444;1398;1386
2791;19305853000;19163044444;19363044444;1400;1388
2793;19305861000;19163044444;19363044444;982;970
2794;19346758000;19204755555;19404755555;1398;1386
2795;19346770000;19204755555;19404755555;1400;1388
2797;19347005000;19204755555;19404755555;1400;1388
2798;19347028000;19204755555;19404755555;1400;1388
2801;19347249000;19204755555;19404755555;1398;1386
2802;19347257000;19204755555;19404755555;1400;1388
2803;19347506000;19204755555;19404755555;1400;1388
2804;19347528000;19204755555;19404755555;982;970
2805;19388424000;19246411111;19446411111;1398;1386
2806;19388436000;19246411111;19446411111;1400;1388
2807;19388673000;19246411111;19446411111;1398;1386
2808;19388685000;19246411111;19446411111;1400;1388
2809;19388916000;19246411111;19446411111;1400;1388
2810;19388928000;19246411111;19446411111;1398;1386
2811;19389173000;19246411111;19446411111;1400;1388
2812;19389185000;19246411111;19446411111;1398;1386
2813;19389380000;19246411111;19446411111;1400;1388
2814;19389387000;19246411111;19446411111;1400;1388
2815;19389629000;19246411111;19446411111;982;970
2819;19430124000;19288066666;19488066666;1400;1388
2820;19430148000;19288066666;19488066666;1400;1388
2821;19430373000;19288066666;19488066666;1398;1386
2822;19430381000;19288066666;19488066666;1400;1388
2823;19430631000;19288066666;19488066666;1398;1386
2824;19430639000;19288066666;19488066666;1400;1388
2825;19430882000;19288066666;19488066666;1400;1388
2826;19430890000;19288066666;19488066666;982;970
2827;19471755000;19329733333;19529733333;1398;1386
2828;19471767000;19329733333;19529733333;1400;1388
2829;19472009000;19329733333;19529733333;1398;1386
2830;19472021000;19329733333;19529733333;1400;1388
2831;19472248000;19329733333;19529733333;1400;1388
2832;19472260000;19329733333;19529733333;1398;1386
2833;19472462000;19329733333;19529733333;1400;1388
2834;19472470000;19329733333;19529733333;1398;1386
2835;19472757000;19329733333;19529733333;1400;1388
2836;19472769000;19329733333;19529733333;1400;1388
2837;19473010000;19329733333;19529733333;982;970
2840;19513408000;19371366666;19571366666;1398;1386
2841;19513431000;19371366666;19571366666;1400;1388
2842;19513658000;19371366666;19571366666;1400;1388
2843;19513666000;19371366666;19571366666;1398;1386
2844;19513901000;19371366666;19571366666;1400;1388
2845;19513909000;19371366666;19571366666;1398;1386
2846;19514151000;19371366666;19571366666;1400;1388
2847;19514159000;19371366666;19571366666;1400;1388
2848;19514407000;19371366666;19571366666;982;970
2849;19555063000;19413033333;19613033333;1398;1386
2850;19555294000;19413033333;19613033333;1400;1388
2851;19555302000;19413033333;19613033333;1398;1386
2852;19555583000;19413033333;19613033333;1400;1388
2853;19555595000;19413033333;19613033333;1400;1388
2854;19555602000;19413033333;19613033333;1398;1386
2855;19555839000;19413033333;19613033333;1400;1388
2856;19555851000;19413033333;19613033333;1398;1386
2857;19556046000;19413033333;19613033333;1400;1388
2858;19556053000;19413033333;19613033333;1400;1388
2859;19556339000;19413033333;19613033333;982;970
2860;19596740000;19454744444;19654744444;1398;1386
2861;19596753000;19454744444;19654744444;1400;1388
2862;19596990000;19454744444;19654744444;1398;1386
2863;19597002000;19454744444;19654744444;1400;1388
2864;19597233000;19454744444;19654744444;1400;1388
2865;19597245000;19454744444;19654744444;1398;1386
2866;19597491000;19454744444;19654744444;1400;1388
2867;19597503000;19454744444;19654744444;1398;1386
2868;19597740000;19454744444;19654744444;1400;1388
2871;19638397000;19496411111;19696411111;1398;1386
2872;19638675000;19496411111;19696411111;1400;1388
2873;19638684000;19496411111;19696411111;1398;1386
2874;19638687000;19496411111;19696411111;1400;1388
2875;19638878000;19496411111;19696411111;1400;1388
2876;19638882000;19496411111;19696411111;1398;1386
2877;19639175000;19496411111;19696411111;1400;1388
2878;19639183000;19496411111;19696411111;1398;1386
2879;19639427000;19496411111;19696411111;1400;1388
2882;19680080000;19538055555;19738055555;1398;1386
2883;19680104000;19538055555;19738055555;1400;1388
2884;19680336000;19538055555;19738055555;1398;1386
2885;19680344000;19538055555;19738055555;1400;1388
2886;19680580000;19538055555;19738055555;1400;1388
2887;19680588000;19538055555;19738055555;1398;1386
2888;19680838000;19538055555;19738055555;1400;1388
2889;19680846000;19538055555;19738055555;1398;1386
2890;19681081000;19538055555;19738055555;1400;1388
2891;19681089000;19538055555;19738055555;1400;1388
2892;19681337000;19538055555;19738055555;982;970
2893;19721731000;19579733333;19779733333;1398;1386
2894;19721961000;19579733333;19779733333;1400;1388
2895;19721969000;19579733333;19779733333;1398;1386
2896;19722249000;19579733333;19779733333;1400;1388
2897;19722260000;19579733333;19779733333;1400;1388
2898;19722268000;19579733333;19779733333;1398;1386
2899;19722463000;19579733333;19779733333;1400;1388
2900;19722470000;19579733333;19779733333;1398;1386
2901;19722758000;19579733333;19779733333;1400;1388
2902;19722770000;19579733333;19779733333;1400;1388
2903;19723005000;19579733333;19779733333;982;970
2904;19763422000;19621366666;19821366666;1398;1386
2905;19763434000;19621366666;19821366666;1400;1388
2906;19763672000;19621366666;19821366666;1398;1386
2907;19763683000;19621366666;19821366666;1400;1388
2908;19763915000;19621366666;19821366666;1400;1388
2909;19763927000;19621366666;19821366666;1398;1386
2910;19764174000;19621366666;19821366666;1400;1388
2911;19764186000;19621366666;19821366666;1398;1386
2912;19764424000;19621366666;19821366666;1400;1388
2913;19764435000;19621366666;19821366666;1400;1388
2915;19805080000;19663011111;19863011111;1398;1386
2916;19805103000;19663011111;19863011111;1400;1388
2917;19805337000;19663011111;19863011111;1398;1386
2918;19805346000;19663011111;19863011111;1400;1388
2919;19805542000;19663011111;19863011111;1400;1388
2920;19805547000;19663011111;19863011111;1398;1386
2921;19805791000;19663011111;19863011111;1400;1388
2922;19805795000;19663011111;19863011111;1398;1386
2923;19806082000;19663011111;19863011111;1400;1388
2924;19806090000;19663011111;19863011111;1400;1388
2925;19806338000;19663011111;19863011111;982;970
2926;19846756000;19704722222;19904722222;1398;1386
2928;19846768000;19704722222;19904722222;1398;1386
2929;19847006000;19704722222;19904722222;1400;1388
2930;19847014000;19704722222;19904722222;1400;1388
2931;19847248000;19704722222;19904722222;1398;1386
2932;19847256000;19704722222;19904722222;1400;1388
2933;19847506000;19704722222;19904722222;1398;1386
2934;19847522000;19704722222;19904722222;1400;1388
2935;19847757000;19704722222;19904722222;1400;1388
2936;19847766000;19704722222;19904722222;982;970
2937;19888394000;19746355555;19946355555;1398;1386
2938;19888660000;19746355555;19946355555;1400;1388
2939;19888672000;19746355555;19946355555;1398;1386
2940;19888680000;19746355555;19946355555;1400;1388
2941;19888902000;19746355555;19946355555;1400;1388
2942;19888914000;19746355555;19946355555;1398;1386
2943;19889116000;19746355555;19946355555;1400;1388
2944;19889124000;19746355555;19946355555;1398;1386
2945;19889411000;19746355555;19946355555;1400;1388
2946;19889422000;19746355555;19946355555;1400;1388
2947;19889661000;19746355555;19946355555;982;970
2948;19930084000;19788033333;19988033333;1398;1386
2951;19930096000;19788033333;19988033333;1400;1388
2952;19930338000;19788033333;19988033333;1400;1388
2953;19930347000;19788033333;19988033333;1398;1386
2954;19930582000;19788033333;19988033333;1400;1388
2955;19930591000;19788033333;19988033333;1398;1386
2956;19930840000;19788033333;19988033333;1400;1388
2957;19930848000;19788033333;19988033333;1400;1388
2958;19931084000;19788033333;19988033333;982;970
2959;19971746000;19829711111;20029711111;1398;1386
2960;19971756000;19829711111;20029711111;1400;1388
2961;19971977000;19829711111;20029711111;1398;1386
2962;19971985000;19829711111;20029711111;1400;1388
2963;19972265000;19829711111;20029711111;1400;1388
2964;19972277000;19829711111;20029711111;1398;1386
2965;19972524000;19829711111;20029711111;1400;1388
2966;19972536000;19829711111;20029711111;1398;1386
2967;19972729000;19829711111;20029711111;1400;1388
2968;19972737000;19829711111;20029711111;1400;1388
2969;19973024000;19829711111;20029711111;982;970
2970;20013422000;19871388888;20071388888;1398;1386
2971;20013435000;19871388888;20071388888;1400;1388
2972;20013673000;19871388888;20071388888;1398;1386
2973;20013685000;19871388888;20071388888;1400;1388
2974;20013915000;19871388888;20071388888;1400;1388
2975;20013927000;19871388888;20071388888;1398;1386
2976;20014173000;19871388888;20071388888;1400;1388
2977;20014192000;19871388888;20071388888;1398;1386
2978;20014424000;19871388888;20071388888;1400;1388
2979;20014436000;19871388888;20071388888;1400;1388
2980;20014631000;19871388888;20071388888;982;970
2981;20055090000;19913033333;20113033333;1398;1386
2982;20055100000;19913033333;20113033333;1400;1388
2983;20055357000;19913033333;20113033333;1398;1386
2984;20055369000;19913033333;20113033333;1400;1388
2985;20055614000;19913033333;20113033333;1400;1388
2986;20055626000;19913033333;20113033333;1398;1386
2989;20055821000;19913033333;20113033333;1400;1388
2990;20055840000;19913033333;20113033333;1400;1388
2991;20056069000;19913033333;20113033333;982;970
2992;20096776000;19954711111;20154711111;1398;1386
2993;20096788000;19954711111;20154711111;1400;1388
2994;20097026000;19954711111;20154711111;1398;1386
2995;20097037000;19954711111;20154711111;1400;1388
2996;20097283000;19954711111;20154711111;1400;1388
2997;20097295000;19954711111;20154711111;1398;1386
2998;20097491000;19954711111;20154711111;1400;1388
2999;20097499000;19954711111;20154711111;1398;1386
3000;20097785000;19954711111;20154711111;1400;1388
3001;20097798000;19954711111;20154711111;1400;1388
3002;20097808000;19954711111;20154711111;982;970
3003;20138420000;19996366666;20196366666;1398;1386
3004;20138432000;19996366666;20196366666;1400;1388
3005;20138671000;19996366666;20196366666;1398;1386
3006;20138682000;19996366666;20196366666;1400;1388
3008;20138915000;19996366666;20196366666;1398;1386
3009;20138938000;19996366666;20196366666;1400;1388
3010;20139165000;19996366666;20196366666;1398;1386
3011;20139173000;19996366666;20196366666;1400;1388
3012;20139376000;19996366666;20196366666;1400;1388
3013;20139380000;19996366666;20196366666;982;970
3014;20180109000;20038022222;20238022222;1398;1386
3015;20180122000;20038022222;20238022222;1400;1388
3016;20180368000;20038022222;20238022222;1398;1386
3017;20180379000;20038022222;20238022222;1400;1388
3018;20180616000;20038022222;20238022222;1400;1388
3019;20180628000;20038022222;20238022222;1398;1386
3020;20180866000;20038022222;20238022222;1400;1388
3021;20180878000;20038022222;20238022222;1398;1386
3022;20181083000;20038022222;20238022222;1400;1388
3023;20181091000;20038022222;20238022222;1400;1388
3024;20181367000;20038022222;20238022222;982;970
3025;20221759000;20079711111;20279711111;1398;1386
3026;20221772000;20079711111;20279711111;1400;1388
3027;20222006000;20079711111;20279711111;1398;1386
3028;20222017000;20079711111;20279711111;1400;1388
3029;20222251000;20079711111;20279711111;1400;1388
3030;20222263000;20079711111;20279711111;1398;1386
3031;20222464000;20079711111;20279711111;1400;1388
3032;20222472000;20079711111;20279711111;1398;1386
3033;20222759000;20079711111;20279711111;1400;1388
3034;20222771000;20079711111;20279711111;1400;1388
3035;20223008000;20079711111;20279711111;982;970
3036;20263420000;20121366666;20321366666;1398;1386
3037;20263432000;20121366666;20321366666;1400;1388
3038;20263672000;20121366666;20321366666;1398;1386
3039;20263683000;20121366666;20321366666;1400;1388
3040;20263917000;20121366666;20321366666;1400;1388
3041;20263929000;20121366666;20321366666;1398;1386
3042;20264129000;20121366666;20321366666;1400;1388
3043;20264137000;20121366666;20321366666;1398;1386
3046;20264422000;20121366666;20321366666;982;970
3047;20305084000;20163011111;20363011111;1398;1386
3048;20305096000;20163011111;20363011111;1400;1388
3049;20305340000;20163011111;20363011111;1398;1386
3050;20305351000;20163011111;20363011111;1400;1388
3051;20305584000;20163011111;20363011111;1400;1388
3055;20305596000;20163011111;20363011111;1400;1388
3056;20305840000;20163011111;20363011111;1400;1388
3057;20305849000;20163011111;20363011111;982;970
3058;20346739000;20204722222;20404722222;1398;1386
3060;20347005000;20204722222;20404722222;1398;1386
3061;20347028000;20204722222;20404722222;1400;1388
3062;20347039000;20204722222;20404722222;1400;1388
3063;20347248000;20204722222;20404722222;1398;1386
3065;20347256000;20204722222;20404722222;1398;1386
3066;20347507000;20204722222;20404722222;1400;1388
3067;20347524000;20204722222;20404722222;1400;1388
3068;20347713000;20204722222;20404722222;982;970
3069;20388409000;20246377777;20446377777;1398;1386
3070;20388418000;20246377777;20446377777;1400;1388
3071;20388677000;20246377777;20446377777;1398;1386
3072;20388690000;20246377777;20446377777;1400;1388
3073;20388934000;20246377777;20446377777;1400;1388
3074;20388945000;20246377777;20446377777;1398;1386
3075;20389185000;20246377777;20446377777;1400;1388
3076;20389197000;20246377777;20446377777;1398;1386
3077;20389390000;20246377777;20446377777;1400;1388
3079;20389398000;20246377777;20446377777;982;970
3080;20430107000;20288055555;20488055555;1398;1386
3081;20430119000;20288055555;20488055555;1400;1388
3082;20430366000;20288055555;20488055555;1398;1386
3083;20430378000;20288055555;20488055555;1400;1388
3084;20430615000;20288055555;20488055555;1400;1388
3085;20430627000;20288055555;20488055555;1398;1386
3086;20430823000;20288055555;20488055555;1400;1388
3087;20430831000;20288055555;20488055555;1398;1386
3088;20431070000;20288055555;20488055555;1400;1388
3089;20431077000;20288055555;20488055555;1400;1388
3090;20431365000;20288055555;20488055555;982;970
3091;20471765000;20329700000;20529700000;1398;1386
3092;20471777000;20329700000;20529700000;1400;1388
3093;20472014000;20329700000;20529700000;1398;1386
3094;20472025000;20329700000;20529700000;1400;1388
3095;20472257000;20329700000;20529700000;1400;1388
3097;20472269000;20329700000;20529700000;1400;1388
3098;20472523000;20329700000;20529700000;1398;1386
3099;20472531000;20329700000;20529700000;1400;1388
3100;20472765000;20329700000;20529700000;1400;1388
3101;20472773000;20329700000;20529700000;982;970
3102;20513426000;20371377777;20571377777;1398;1386
3103;20513438000;20371377777;20571377777;1400;1388
3104;20513683000;20371377777;20571377777;1398;1386
3105;20513695000;20371377777;20571377777;1400;1388
3106;20513880000;20371377777;20571377777;1400;1388
3107;20513887000;20371377777;20571377777;1398;1386
3108;20514175000;20371377777;20571377777;1400;1388
3109;20514186000;20371377777;20571377777;1398;1386
3112;20514380000;20371377777;20571377777;982;970
3113;20555093000;20413022222;20613022222;1398;1386
3114;20555106000;20413022222;20613022222;1400;1388
3115;20555352000;20413022222;20613022222;1398;1386
3116;20555363000;20413022222;20613022222;1400;1388
3117;20555603000;20413022222;20613022222;1400;1388
3118;20555615000;20413022222;20613022222;1398;1386
3119;20555851000;20413022222;20613022222;1400;1388
3120;20555864000;20413022222;20613022222;1398;1386
3121;20556097000;20413022222;20613022222;1400;1388
3122;20556108000;20413022222;20613022222;1400;1388
3123;20556115000;20413022222;20613022222;982;970
3124;20596742000;20454722222;20654722222;1398;1386
3125;20596754000;20454722222;20654722222;1400;1388
3126;20597010000;20454722222;20654722222;1398;1386
3127;20597022000;20454722222;20654722222;1400;1388
3131;20597219000;20454722222;20654722222;1398;1386
3135;20638431000;20496377777;20696377777;1398;1386
3136;20638450000;20496377777;20696377777;1400;1388
3137;20638705000;20496377777;20696377777;1398;1386
3138;20638713000;20496377777;20696377777;1400;1388
3139;20638959000;20496377777;20696377777;1400;1388
3140;20638968000;20496377777;20696377777;1398;1386
3141;20639211000;20496377777;20696377777;1400;1388
3142;20639219000;20496377777;20696377777;1398;1386
3143;20639462000;20496377777;20696377777;1400;1388
3144;20639471000;20496377777;20696377777;1400;1388
3145;20639474000;20496377777;20696377777;982;970
3147;20680052000;20538055555;20738055555;1400;1388
3148;20680328000;20538055555;20738055555;1398;1386
3149;20680336000;20538055555;20738055555;1400;1388
3150;20680339000;20538055555;20738055555;1400;1388
3151;20680571000;20538055555;20738055555;1398;1386
3152;20680579000;20538055555;20738055555;1400;1388
3153;20680782000;20538055555;20738055555;1398;1386
3154;20680786000;20538055555;20738055555;1400;1388
3155;20681031000;20538055555;20738055555;1400;1388
3156;20681035000;20538055555;20738055555;982;970
3157;20721776000;20579722222;20779722222;1398;1386
3158;20721788000;20579722222;20779722222;1400;1388
3161;20722026000;20579722222;20779722222;1400;1388
3162;20722049000;20579722222;20779722222;1398;1386
3163;20722282000;20579722222;20779722222;1400;1388
3164;20722291000;20579722222;20779722222;1398;1386
3165;20722534000;20579722222;20779722222;1400;1388
3166;20722542000;20579722222;20779722222;1400;1388
3167;20722546000;20579722222;20779722222;982;970
3169;20763437000;20621377777;20821377777;1400;1388
3170;20763460000;20621377777;20821377777;1398;1386
3171;20763718000;20621377777;20821377777;1400;1388
3172;20763744000;20621377777;20821377777;1400;1388
3173;20763928000;20621377777;20821377777;1398;1386
3174;20763937000;20621377777;20821377777;1400;1388
3176;20764179000;20621377777;20821377777;1400;1388
3177;20764205000;20621377777;20821377777;1400;1388
3178;20764429000;20621377777;20821377777;982;970
3179;20805084000;20663055555;20863055555;1398;1386
3180;20805096000;20663055555;20863055555;1400;1388
3181;20805340000;20663055555;20863055555;1398;1386
3182;20805352000;20663055555;20863055555;1400;1388
3183;20805585000;20663055555;20863055555;1400;1388
3184;20805596000;20663055555;20863055555;1398;1386
3185;20805841000;20663055555;20863055555;1400;1388
3188;20805853000;20663055555;20863055555;1400;1388
3189;20806088000;20663055555;20863055555;982;970
3190;20846743000;20704744444;20904744444;1398;1386
3191;20846762000;20704744444;20904744444;1400;1388
3193;20847006000;20704744444;20904744444;1400;1388
3194;20847029000;20704744444;20904744444;1400;1388
3195;20847252000;20704744444;20904744444;1398;1386
3196;20847260000;20704744444;20904744444;1400;1388
3197;20847462000;20704744444;20904744444;1398;1386
3200;20847466000;20704744444;20904744444;982;970
3201;20888441000;20746366666;20946366666;1398;1386
3202;20888453000;20746366666;20946366666;1400;1388
3203;20888700000;20746366666;20946366666;1398;1386
3204;20888711000;20746366666;20946366666;1400;1388
3205;20888947000;20746366666;20946366666;1400;1388
3206;20888958000;20746366666;20946366666;1398;1386
3207;20889197000;20746366666;20946366666;1400;1388
3208;20889208000;20746366666;20946366666;1398;1386
3209;20889448000;20746366666;20946366666;1400;1388
3210;20889460000;20746366666;20946366666;1400;1388
3211;20889468000;20746366666;20946366666;982;970
3212;20930068000;20788044444;20988044444;1398;1386
3213;20930338000;20788044444;20988044444;1400;1388
3214;20930350000;20788044444;20988044444;1398;1386
3215;20930365000;20788044444;20988044444;1400;1388
3216;20930582000;20788044444;20988044444;1400;1388
3217;20930594000;20788044444;20988044444;1398;1386
3218;20930795000;20788044444;20988044444;1400;1388
3219;20930802000;20788044444;20988044444;1398;1386
3220;20931044000;20788044444;20988044444;1400;1388
3221;20931051000;20788044444;20988044444;1400;1388
3222;20931340000;20788044444;20988044444;982;970
3223;20971755000;20829722222;21029722222;1398;1386
3224;20971767000;20829722222;21029722222;1400;1388
3225;20972004000;20829722222;21029722222;1398;1386
3226;20972015000;20829722222;21029722222;1400;1388
3227;20972247000;20829722222;21029722222;1400;1388
3228;20972259000;20829722222;21029722222;1398;1386
3229;20972509000;20829722222;21029722222;1400;1388
3230;20972528000;20829722222;21029722222;1398;1386
3231;20972756000;20829722222;21029722222;1400;1388
3232;20972767000;20829722222;21029722222;1400;1388
3233;20973005000;20829722222;21029722222;982;970
3234;21013397000;20871377777;21071377777;1398;1386
3235;21013628000;20871377777;21071377777;1400;1388
3236;21013636000;20871377777;21071377777;1398;1386
3237;21013875000;20871377777;21071377777;1400;1388
3238;21013883000;20871377777;21071377777;1400;1388
3239;21013889000;20871377777;21071377777;1398;1386
3240;21014126000;20871377777;21071377777;1400;1388
3241;21014133000;20871377777;21071377777;1398;1386
3242;21014421000;20871377777;21071377777;1400;1388
3243;21014433000;20871377777;21071377777;1400;1388
3244;21014672000;20871377777;21071377777;982;970
3245;21055050000;20913044444;21113044444;1398;1386
3246;21055062000;20913044444;21113044444;1400;1388
3247;21055306000;20913044444;21113044444;1398;1386
3248;21055317000;20913044444;21113044444;1400;1388
3249;21055550000;20913044444;21113044444;1400;1388
3250;21055562000;20913044444;21113044444;1398;1386
3251;21055808000;20913044444;21113044444;1400;1388
3252;21055820000;20913044444;21113044444;1398;1386
3253;21056052000;20913044444;21113044444;1400;1388
3254;21056064000;20913044444;21113044444;1400;1388
3255;21056307000;20913044444;21113044444;982;970
3256;21096683000;20954722222;21154722222;1398;1386
3257;21096931000;20954722222;21154722222;1400;1388
3258;21096939000;20954722222;21154722222;1398;1386
3259;21097217000;20954722222;21154722222;1400;1388
3260;21097229000;20954722222;21154722222;1400;1388
3261;21097236000;20954722222;21154722222;1398;1386
3262;21097431000;20954722222;21154722222;1400;1388
3263;21097438000;20954722222;21154722222;1398;1386
3264;21097727000;20954722222;21154722222;1400;1388
3265;21097739000;20954722222;21154722222;1400;1388
3266;21097975000;20954722222;21154722222;982;970
3267;21138401000;20996377777;21196377777;1398;1386
3269;21138413000;20996377777;21196377777;1398;1386
3270;21138652000;20996377777;21196377777;1400;1388
3271;21138660000;20996377777;21196377777;1400;1388
3272;21138895000;20996377777;21196377777;1398;1386
3273;21138903000;20996377777;21196377777;1400;1388
3274;21139146000;20996377777;21196377777;1398;1386
3275;21139154000;20996377777;21196377777;1400;1388
3276;21139403000;20996377777;21196377777;1400;1388
3277;21139411000;20996377777;21196377777;982;970
3278;21180041000;21038055555;21238055555;1398;1386
3279;21180053000;21038055555;21238055555;1400;1388
3281;21180297000;21038055555;21238055555;1400;1388
3282;21180320000;21038055555;21238055555;1400;1388
3283;21180541000;21038055555;21238055555;1398;1386
3284;21180549000;21038055555;21238055555;1400;1388
3285;21180752000;21038055555;21238055555;1398;1386
3286;21180756000;21038055555;21238055555;1400;1388
3287;21181002000;21038055555;21238055555;1400;1388
3288;21181006000;21038055555;21238055555;982;970
3290;21221734000;21079722222;21279722222;1400;1388
3291;21221757000;21079722222;21279722222;1398;1386
3292;21221992000;21079722222;21279722222;1400;1388
3293;21222000000;21079722222;21279722222;1400;1388
3295;21222241000;21079722222;21279722222;1400;1388
3296;21222249000;21079722222;21279722222;1398;1386
3297;21222492000;21079722222;21279722222;1400;1388
3298;21222500000;21079722222;21279722222;1400;1388
3299;21222503000;21079722222;21279722222;982;970
3300;21263377000;21121377777;21321377777;1398;1386
3301;21263390000;21121377777;21321377777;1400;1388
3302;21263628000;21121377777;21321377777;1398;1386
3303;21263639000;21121377777;21321377777;1400;1388
3304;21263834000;21121377777;21321377777;1400;1388
3305;21263842000;21121377777;21321377777;1398;1386
3306;21264084000;21121377777;21321377777;1400;1388
3307;21264091000;21121377777;21321377777;1398;1386
3308;21264380000;21121377777;21321377777;1400;1388
3309;21264392000;21121377777;21321377777;1400;1388
3310;21264630000;21121377777;21321377777;982;970
3311;21305040000;21163022222;21363022222;1398;1386
3313;21305052000;21163022222;21363022222;1398;1386
3314;21305294000;21163022222;21363022222;1400;1388
3315;21305303000;21163022222;21363022222;1400;1388
3316;21305539000;21163022222;21363022222;1398;1386
3317;21305547000;21163022222;21363022222;1400;1388
3318;21305796000;21163022222;21363022222;1398;1386
3319;21305804000;21163022222;21363022222;1400;1388
3320;21306040000;21163022222;21363022222;1400;1388
3321;21306048000;21163022222;21363022222;982;970
3323;21346718000;21204733333;21404733333;1400;1388
3324;21346729000;21204733333;21404733333;1398;1386
3326;21346936000;21204733333;21404733333;1400;1388
3327;21346941000;21204733333;21404733333;1398;1386
3329;21347226000;21204733333;21404733333;1398;1386
3330;21347234000;21204733333;21404733333;1400;1388
3331;21347483000;21204733333;21404733333;1400;1388
3333;21388353000;21246400000;21446400000;1398;1386
3334;21388633000;21246400000;21446400000;1400;1388
3335;21388641000;21246400000;21446400000;1398;1386
3339;21388644000;21246400000;21446400000;1400;1388
3342;21388883000;21246400000;21446400000;1400;1388
3343;21388899000;21246400000;21446400000;982;970
3347;21430042000;21288077777;21488077777;1400;1388
3348;21430066000;21288077777;21488077777;1400;1388
3349;21430297000;21288077777;21488077777;1398;1386
3350;21430305000;21288077777;21488077777;1400;1388
3351;21430542000;21288077777;21488077777;1398;1386
3352;21430550000;21288077777;21488077777;1400;1388
3353;21430753000;21288077777;21488077777;1400;1388
3354;21430757000;21288077777;21488077777;982;970
3355;21471734000;21329711111;21529711111;1398;1386
3356;21471747000;21329711111;21529711111;1400;1388
3357;21471992000;21329711111;21529711111;1398;1386
3358;21472004000;21329711111;21529711111;1400;1388
3359;21472239000;21329711111;21529711111;1400;1388
3360;21472251000;21329711111;21529711111;1398;1386
3361;21472489000;21329711111;21529711111;1400;1388
3363;21472501000;21329711111;21529711111;1400;1388
3364;21472698000;21329711111;21529711111;1400;1388
3365;21472703000;21329711111;21529711111;982;970
3366;21513399000;21371366666;21571366666;1398;1386
3367;21513411000;21371366666;21571366666;1400;1388
3369;21513647000;21371366666;21571366666;1400;1388
3370;21513669000;21371366666;21571366666;1400;1388
3371;21513904000;21371366666;21571366666;1398;1386
3372;21513912000;21371366666;21571366666;1400;1388
3373;21514108000;21371366666;21571366666;1398;1386
3374;21514112000;21371366666;21571366666;1400;1388
3375;21514405000;21371366666;21571366666;1400;1388
3376;21514413000;21371366666;21571366666;982;970
3377;21555042000;21413022222;21613022222;1398;1386
3378;21555054000;21413022222;21613022222;1400;1388
3379;21555296000;21413022222;21613022222;1398;1386
3380;21555308000;21413022222;21613022222;1400;1388
3381;21555540000;21413022222;21613022222;1400;1388
3382;21555552000;21413022222;21613022222;1398;1386
3383;21555798000;21413022222;21613022222;1400;1388
3384;21555810000;21413022222;21613022222;1398;1386
3386;21556042000;21413022222;21613022222;1400;1388
3387;21556065000;21413022222;21613022222;982;970
3388;21596731000;21454744444;21654744444;1398;1386
3389;21596743000;21454744444;21654744444;1400;1388
3390;21597000000;21454744444;21654744444;1398;1386
3391;21597011000;21454744444;21654744444;1400;1388
3392;21597206000;21454744444;21654744444;1400;1388
3393;21597214000;21454744444;21654744444;1398;1386
3394;21597455000;21454744444;21654744444;1400;1388
3395;21597463000;21454744444;21654744444;1398;1386
3396;21597754000;21454744444;21654744444;1400;1388
3397;21597766000;21454744444;21654744444;1400;1388
3398;21597773000;21454744444;21654744444;982;970
3399;21638409000;21496388888;21696388888;1398;1386
3400;21638421000;21496388888;21696388888;1400;1388
3401;21638658000;21496388888;21696388888;1398;1386
3402;21638670000;21496388888;21696388888;1400;1388
3403;21638901000;21496388888;21696388888;1400;1388
3404;21638913000;21496388888;21696388888;1398;1386
3405;21639160000;21496388888;21696388888;1400;1388
3406;21639172000;21496388888;21696388888;1398;1386
3407;21639410000;21496388888;21696388888;1400;1388
3408;21639422000;21496388888;21696388888;1400;1388
3409;21639616000;21496388888;21696388888;982;970
3410;21680090000;21538044444;21738044444;1398;1386
3413;21680100000;21538044444;21738044444;1400;1388
3414;21680359000;21538044444;21738044444;1400;1388
3415;21680368000;21538044444;21738044444;1398;1386
3416;21680617000;21538044444;21738044444;1400;1388
3417;21680625000;21538044444;21738044444;1398;1386
3418;21680820000;21538044444;21738044444;1400;1388
3419;21680824000;21538044444;21738044444;1400;1388
3420;21681112000;21538044444;21738044444;982;970
3421;21721762000;21579744444;21779744444;1398;1386
3422;21721774000;21579744444;21779744444;1400;1388
3423;21722010000;21579744444;21779744444;1398;1386
3424;21722021000;21579744444;21779744444;1400;1388
3425;21722257000;21579744444;21779744444;1400;1388
3426;21722269000;21579744444;21779744444;1398;1386
3427;21722522000;21579744444;21779744444;1400;1388
3428;21722534000;21579744444;21779744444;1398;1386
3429;21722720000;21579744444;21779744444;1400;1388
3430;21722727000;21579744444;21779744444;1400;1388
3431;21723014000;21579744444;21779744444;982;970
3433;21763423000;21621388888;21821388888;1400;1388
3434;21763446000;21621388888;21821388888;1398;1386
3435;21763672000;21621388888;21821388888;1400;1388
3436;21763680000;21621388888;21821388888;1400;1388
3437;21763915000;21621388888;21821388888;1398;1386
3438;21763923000;21621388888;21821388888;1400;1388
3439;21764173000;21621388888;21821388888;1398;1386
3440;21764181000;21621388888;21821388888;1400;1388
3441;21764424000;21621388888;21821388888;1400;1388
3442;21764432000;21621388888;21821388888;982;970
3443;21805069000;21663033333;21863033333;1398;1386
3444;21805081000;21663033333;21863033333;1400;1388
3445;21805325000;21663033333;21863033333;1398;1386
3446;21805336000;21663033333;21863033333;1400;1388
3447;21805533000;21663033333;21863033333;1400;1388
3448;21805540000;21663033333;21863033333;1398;1386
3449;21805782000;21663033333;21863033333;1400;1388
3450;21805789000;21663033333;21863033333;1398;1386
3451;21806071000;21663033333;21863033333;1400;1388
3452;21806082000;21663033333;21863033333;1400;1388
3453;21806327000;21663033333;21863033333;982;970
3454;21846755000;21704744444;21904744444;1398;1386
3455;21846767000;21704744444;21904744444;1400;1388
3456;21847005000;21704744444;21904744444;1398;1386
3457;21847017000;21704744444;21904744444;1400;1388
3458;21847248000;21704744444;21904744444;1400;1388
3459;21847260000;21704744444;21904744444;1398;1386
3460;21847464000;21704744444;21904744444;1400;1388
3461;21847472000;21704744444;21904744444;1398;1386
3462;21847757000;21704744444;21904744444;1400;1388
3463;21847769000;21704744444;21904744444;1400;1388
3464;21848007000;21704744444;21904744444;982;970
3465;21888395000;21746377777;21946377777;1398;1386
3467;21888674000;21746377777;21946377777;1398;1386
3468;21888697000;21746377777;21946377777;1400;1388
3469;21888708000;21746377777;21946377777;1400;1388
3470;21888915000;21746377777;21946377777;1398;1386
3471;21888923000;21746377777;21946377777;1400;1388
3472;21889172000;21746377777;21946377777;1398;1386
3473;21889180000;21746377777;21946377777;1400;1388
3474;21889423000;21746377777;21946377777;1400;1388
3475;21889431000;21746377777;21946377777;982;970
3476;21930083000;21788055555;21988055555;1398;1386
3477;21930094000;21788055555;21988055555;1400;1388
3478;21930340000;21788055555;21988055555;1398;1386
3479;21930351000;21788055555;21988055555;1400;1388
3481;21930584000;21788055555;21988055555;1398;1386
3482;21930607000;21788055555;21988055555;1400;1388
3483;21930795000;21788055555;21988055555;1398;1386
3484;21930799000;21788055555;21988055555;1400;1388
3485;21931045000;21788055555;21988055555;1400;1388
3486;21931049000;21788055555;21988055555;982;970
3487;21971765000;21829744444;22029744444;1398;1386
3488;21971777000;21829744444;22029744444;1400;1388
3489;21972013000;21829744444;22029744444;1398;1386
3490;21972025000;21829744444;22029744444;1400;1388
3493;21972271000;21829744444;22029744444;1400;1388
3494;21972294000;21829744444;22029744444;1398;1386
3495;21972528000;21829744444;22029744444;1400;1388
3496;21972536000;21829744444;22029744444;1400;1388
3497;21972540000;21829744444;22029744444;982;970
3498;22013409000;21871400000;22071400000;1398;1386
3499;22013421000;21871400000;22071400000;1400;1388
3500;22013660000;21871400000;22071400000;1398;1386
3501;22013672000;21871400000;22071400000;1400;1388
3502;22013866000;21871400000;22071400000;1400;1388
3503;22013873000;21871400000;22071400000;1398;1386
3504;22014116000;21871400000;22071400000;1400;1388
3505;22014123000;21871400000;22071400000;1398;1386
3506;22014367000;21871400000;22071400000;1400;1388
3507;22014375000;21871400000;22071400000;1400;1388
3508;22014662000;21871400000;22071400000;982;970
3509;22055090000;21913044444;22113044444;1398;1386
3510;22055102000;21913044444;22113044444;1400;1388
3511;22055347000;21913044444;22113044444;1398;1386
3512;22055359000;21913044444;22113044444;1400;1388
3513;22055591000;21913044444;22113044444;1400;1388
3514;22055603000;21913044444;22113044444;1398;1386
3515;22055848000;21913044444;22113044444;1400;1388
3516;22055860000;21913044444;22113044444;1398;1386
3519;22056092000;21913044444;22113044444;982;970
3520;22096771000;21954755555;22154755555;1398;1386
3521;22096783000;21954755555;22154755555;1400;1388
3522;22097019000;21954755555;22154755555;1398;1386
3523;22097031000;21954755555;22154755555;1400;1388
3524;22097228000;21954755555;22154755555;1400;1388
3525;22097236000;21954755555;22154755555;1398;1386
3526;22097529000;21954755555;22154755555;1400;1388
3528;22097541000;21954755555;22154755555;1400;1388
3529;22097728000;21954755555;22154755555;1400;1388
3530;22097733000;21954755555;22154755555;982;970
3531;22138441000;21996400000;22196400000;1398;1386
3532;22138453000;21996400000;22196400000;1400;1388
3533;22138689000;21996400000;22196400000;1398;1386
3534;22138701000;21996400000;22196400000;1400;1388
3535;22138947000;21996400000;22196400000;1400;1388
3536;22138959000;21996400000;22196400000;1398;1386
3537;22139200000;21996400000;22196400000;1400;1388
3538;22139212000;21996400000;22196400000;1398;1386
3539;22139449000;21996400000;22196400000;1400;1388
3540;22139460000;21996400000;22196400000;1400;1388
3541;22139468000;21996400000;22196400000;982;970
3542;22180068000;22038044444;22238044444;1398;1386
3543;22180338000;22038044444;22238044444;1400;1388
3544;22180350000;22038044444;22238044444;1398;1386
3545;22180360000;22038044444;22238044444;1400;1388
3546;22180557000;22038044444;22238044444;1400;1388
3547;22180565000;22038044444;22238044444;1398;1386
3548;22180839000;22038044444;22238044444;1400;1388
3549;22180850000;22038044444;22238044444;1398;1386
3550;22181045000;22038044444;22238044444;1400;1388
3551;22181052000;22038044444;22238044444;1400;1388
3552;22181340000;22038044444;22238044444;982;970
3553;22221752000;22079744444;22279744444;1398;1386
3554;22221764000;22079744444;22279744444;1400;1388
3555;22222001000;22079744444;22279744444;1398;1386
3556;22222013000;22079744444;22279744444;1400;1388
3557;22222245000;22079744444;22279744444;1400;1388
3558;22222258000;22079744444;22279744444;1398;1386
3559;22222504000;22079744444;22279744444;1400;1388
3560;22222525000;22079744444;22279744444;1398;1386
3561;22222754000;22079744444;22279744444;1400;1388
3562;22222766000;22079744444;22279744444;1400;1388
3563;22223004000;22079744444;22279744444;982;970
3564;22263422000;22121388888;22321388888;1398;1386
3565;22263434000;22121388888;22321388888;1400;1388
3567;22263673000;22121388888;22321388888;1400;1388
3568;22263696000;22121388888;22321388888;1400;1388
3569;22263877000;22121388888;22321388888;1398;1386
3570;22263881000;22121388888;22321388888;1400;1388
3571;22264126000;22121388888;22321388888;1398;1386
3572;22264130000;22121388888;22321388888;1400;1388
3573;22264424000;22121388888;22321388888;1400;1388
3574;22264432000;22121388888;22321388888;982;970
3575;22305083000;22163033333;22363033333;1398;1386
3576;22305096000;22163033333;22363033333;1400;1388
3577;22305339000;22163033333;22363033333;1398;1386
3578;22305350000;22163033333;22363033333;1400;1388
3579;22305583000;22163033333;22363033333;1400;1388
3580;22305594000;22163033333;22363033333;1398;1386
3581;22305840000;22163033333;22363033333;1400;1388
3582;22305851000;22163033333;22363033333;1398;1386
3584;22306084000;22163033333;22363033333;1400;1388
3585;22306107000;22163033333;22363033333;982;970
3588;22346723000;22204744444;22404744444;1398;1386
3589;22346997000;22204744444;22404744444;1400;1388
3590;22347005000;22204744444;22404744444;1400;1388
3591;22347009000;22204744444;22404744444;1398;1386
3593;22347203000;22204744444;22404744444;1398;1386
3594;22347208000;22204744444;22404744444;1400;1388
3595;22347453000;22204744444;22404744444;1400;1388
3596;22347457000;22204744444;22404744444;982;970
3597;22388444000;22246400000;22446400000;1398;1386
3599;22388456000;22246400000;22446400000;1398;1386
3600;22388702000;22246400000;22446400000;1400;1388
3602;22388710000;22246400000;22446400000;1398;1386
3603;22388950000;22246400000;22446400000;1400;1388
3604;22388959000;22246400000;22446400000;1398;1386
3605;22389201000;22246400000;22446400000;1400;1388
3606;22389210000;22246400000;22446400000;1400;1388
3607;22389213000;22246400000;22446400000;982;970
3608;22430094000;22288100000;22488100000;1398;1386
3609;22430106000;22288100000;22488100000;1400;1388
3610;22430349000;22288100000;22488100000;1398;1386
3611;22430361000;22288100000;22488100000;1400;1388
3612;22430594000;22288100000;22488100000;1400;1388
3613;22430606000;22288100000;22488100000;1398;1386
3614;22430807000;22288100000;22488100000;1400;1388
3615;22430814000;22288100000;22488100000;1398;1386
3616;22431057000;22288100000;22488100000;1400;1388
3617;22431064000;22288100000;22488100000;1400;1388
3619;22471763000;22329744444;22529744444;1398;1386
3620;22471786000;22329744444;22529744444;1400;1388
3621;22472012000;22329744444;22529744444;1398;1386
3622;22472020000;22329744444;22529744444;1400;1388
3623;22472268000;22329744444;22529744444;1400;1388
3624;22472276000;22329744444;22529744444;1398;1386
3625;22472526000;22329744444;22529744444;1400;1388
3626;22472535000;22329744444;22529744444;1398;1386
3627;22472769000;22329744444;22529744444;1400;1388
3629;22472778000;22329744444;22529744444;982;970
3630;22513423000;22371377777;22571377777;1398;1386
3631;22513435000;22371377777;22571377777;1400;1388
3632;22513672000;22371377777;22571377777;1398;1386
3633;22513684000;22371377777;22571377777;1400;1388
3634;22513878000;22371377777;22571377777;1400;1388
3635;22513886000;22371377777;22571377777;1398;1386
3636;22514128000;22371377777;22571377777;1400;1388
3637;22514136000;22371377777;22571377777;1398;1386
3638;22514424000;22371377777;22571377777;1400;1388
3639;22514436000;22371377777;22571377777;1400;1388
3640;22514673000;22371377777;22571377777;982;970
3641;22555094000;22413044444;22613044444;1398;1386
3643;22555107000;22413044444;22613044444;1398;1386
3644;22555351000;22413044444;22613044444;1400;1388
3645;22555360000;22413044444;22613044444;1400;1388
3646;22555594000;22413044444;22613044444;1398;1386
3647;22555602000;22413044444;22613044444;1400;1388
3648;22555852000;22413044444;22613044444;1398;1386
3649;22555860000;22413044444;22613044444;1400;1388
3650;22556095000;22413044444;22613044444;1400;1388
3651;22556104000;22413044444;22613044444;982;970
3652;22596747000;22454766666;22654766666;1398;1386
3653;22596766000;22454766666;22654766666;1400;1388
3654;22596968000;22454766666;22654766666;1398;1386
3655;22596976000;22454766666;22654766666;1400;1388
3656;22597258000;22454766666;22654766666;1400;1388
3659;22597270000;22454766666;22654766666;1398;1386
3660;22597520000;22454766666;22654766666;1400;1388
3661;22597528000;22454766666;22654766666;1400;1388
3662;22597717000;22454766666;22654766666;982;970
3663;22638442000;22496388888;22696388888;1398;1386
3664;22638454000;22496388888;22696388888;1400;1388
3665;22638691000;22496388888;22696388888;1398;1386
3666;22638703000;22496388888;22696388888;1400;1388
3667;22638948000;22496388888;22696388888;1400;1388
3668;22638960000;22496388888;22696388888;1398;1386
3669;22639199000;22496388888;22696388888;1400;1388
3670;22639211000;22496388888;22696388888;1398;1386
3671;22639451000;22496388888;22696388888;1400;1388
3672;22639463000;22496388888;22696388888;1400;1388
3673;22639472000;22496388888;22696388888;982;970
3674;22680049000;22538055555;22738055555;1398;1386
3675;22680325000;22538055555;22738055555;1400;1388
3676;22680337000;22538055555;22738055555;1398;1386
3677;22680344000;22538055555;22738055555;1400;1388
3678;22680570000;22538055555;22738055555;1400;1388
3679;22680582000;22538055555;22738055555;1398;1386
3680;22680783000;22538055555;22738055555;1400;1388
3681;22680790000;22538055555;22738055555;1398;1386
3682;22681032000;22538055555;22738055555;1400;1388
3683;22681039000;22538055555;22738055555;1400;1388
3684;22681327000;22538055555;22738055555;982;970
3685;22721756000;22579744444;22779744444;1398;1386
3686;22721768000;22579744444;22779744444;1400;1388
3687;22722006000;22579744444;22779744444;1398;1386
3688;22722018000;22579744444;22779744444;1400;1388
3689;22722249000;22579744444;22779744444;1400;1388
3690;22722261000;22579744444;22779744444;1398;1386
3691;22722507000;22579744444;22779744444;1400;1388
3692;22722531000;22579744444;22779744444;1398;1386
3693;22722758000;22579744444;22779744444;1400;1388
3694;22722778000;22579744444;22779744444;1400;1388
3695;22723007000;22579744444;22779744444;982;970
3696;22763430000;22621377777;22821377777;1398;1386
3697;22763442000;22621377777;22821377777;1400;1388
3698;22763674000;22621377777;22821377777;1398;1386
3699;22763697000;22621377777;22821377777;1400;1388
3700;22763923000;22621377777;22821377777;1400;1388
3701;22763935000;22621377777;22821377777;1398;1386
3702;22764174000;22621377777;22821377777;1400;1388
3703;22764185000;22621377777;22821377777;1398;1386
3704;22764424000;22621377777;22821377777;1400;1388
3705;22764436000;22621377777;22821377777;1400;1388
3706;22764684000;22621377777;22821377777;982;970
3707;22805084000;22663044444;22863044444;1398;1386
3708;22805096000;22663044444;22863044444;1400;1388
3709;22805338000;22663044444;22863044444;1398;1386
3710;22805350000;22663044444;22863044444;1400;1388
3712;22805546000;22663044444;22863044444;1398;1386
3715;22805565000;22663044444;22863044444;1400;1388
3717;22805839000;22663044444;22863044444;982;970
3718;22846741000;22704722222;22904722222;1398;1386
3719;22846752000;22704722222;22904722222;1400;1388
3720;22846991000;22704722222;22904722222;1398;1386
3721;22847003000;22704722222;22904722222;1400;1388
3722;22847233000;22704722222;22904722222;1400;1388
3723;22847245000;22704722222;22904722222;1398;1386
3724;22847492000;22704722222;22904722222;1400;1388
3725;22847504000;22704722222;22904722222;1398;1386
3726;22847701000;22704722222;22904722222;1400;1388
3727;22847710000;22704722222;22904722222;1400;1388
3728;22847948000;22704722222;22904722222;982;970
3729;22888427000;22746366666;22946366666;1398;1386
3730;22888439000;22746366666;22946366666;1400;1388
3731;22888676000;22746366666;22946366666;1398;1386
3732;22888687000;22746366666;22946366666;1400;1388
3733;22888936000;22746366666;22946366666;1400;1388
3734;22888948000;22746366666;22946366666;1398;1386
3735;22889140000;22746366666;22946366666;1400;1388
3737;22889147000;22746366666;22946366666;1400;1388
3738;22889434000;22746366666;22946366666;1400;1388
3739;22889442000;22746366666;22946366666;982;970
3740;22930093000;22788044444;22988044444;1398;1386
3741;22930105000;22788044444;22988044444;1400;1388
3742;22930347000;22788044444;22988044444;1398;1386
3743;22930359000;22788044444;22988044444;1400;1388
3744;22930591000;22788044444;22988044444;1400;1388
3745;22930603000;22788044444;22988044444;1398;1386
3746;22930807000;22788044444;22988044444;1400;1388
3748;22930816000;22788044444;22988044444;1400;1388
3749;22931054000;22788044444;22988044444;1400;1388
3750;22931059000;22788044444;22988044444;982;970
3751;22971786000;22829744444;23029744444;1398;1386
3752;22971798000;22829744444;23029744444;1400;1388
3753;22972035000;22829744444;23029744444;1398;1386
3754;22972046000;22829744444;23029744444;1400;1388
3755;22972292000;22829744444;23029744444;1400;1388
3756;22972304000;22829744444;23029744444;1398;1386
3757;22972544000;22829744444;23029744444;1400;1388
3758;22972555000;22829744444;23029744444;1398;1386
3759;22972749000;22829744444;23029744444;1400;1388
3760;22972757000;22829744444;23029744444;1400;1388
3761;22973037000;22829744444;23029744444;982;970
3762;23013428000;22871400000;23071400000;1398;1386
3763;23013440000;22871400000;23071400000;1400;1388
3764;23013677000;22871400000;23071400000;1398;1386
3765;23013689000;22871400000;23071400000;1400;1388
3766;23013922000;22871400000;23071400000;1400;1388
3767;23013934000;22871400000;23071400000;1398;1386
3768;23014135000;22871400000;23071400000;1400;1388
3769;23014142000;22871400000;23071400000;1398;1386
3770;23014431000;22871400000;23071400000;1400;1388
3771;23014442000;22871400000;23071400000;1400;1388
3772;23014450000;22871400000;23071400000;982;970
3773;23055081000;22913033333;23113033333;1398;1386
3774;23055093000;22913033333;23113033333;1400;1388
3775;23055339000;22913033333;23113033333;1398;1386
3776;23055350000;22913033333;23113033333;1400;1388
3778;23055581000;22913033333;23113033333;1398;1386
3779;23055604000;22913033333;23113033333;1400;1388
3780;23055793000;22913033333;23113033333;1398;1386
3781;23055798000;22913033333;23113033333;1400;1388
3782;23056083000;22913033333;23113033333;1400;1388
3783;23056091000;22913033333;23113033333;982;970
3784;23096762000;22954722222;23154722222;1398;1386
3785;23096774000;22954722222;23154722222;1400;1388
3786;23097009000;22954722222;23154722222;1398;1386
3787;23097021000;22954722222;23154722222;1400;1388
3788;23097254000;22954722222;23154722222;1400;1388
3790;23097266000;22954722222;23154722222;1400;1388
3792;23097522000;22954722222;23154722222;1400;1388
3793;23097531000;22954722222;23154722222;1400;1388
3794;23097717000;22954722222;23154722222;982;970
3795;23138442000;22996377777;23196377777;1398;1386
3796;23138454000;22996377777;23196377777;1400;1388
3797;23138692000;22996377777;23196377777;1398;1386
3798;23138704000;22996377777;23196377777;1400;1388
3799;23138948000;22996377777;23196377777;1400;1388
3800;23138960000;22996377777;23196377777;1398;1386
3805;23139198000;22996377777;23196377777;982;970
3806;23180063000;23038033333;23238033333;1398;1386
3807;23180339000;23038033333;23238033333;1400;1388
3808;23180351000;23038033333;23238033333;1398;1386
3809;23180361000;23038033333;23238033333;1400;1388
3814;23180583000;23038033333;23238033333;1400;1388
3815;23180606000;23038033333;23238033333;1400;1388
3816;23180839000;23038033333;23238033333;982;970
3817;23221729000;23079722222;23279722222;1398;1386
3818;23222005000;23079722222;23279722222;1400;1388
3819;23222017000;23079722222;23279722222;1398;1386
3820;23222024000;23079722222;23279722222;1400;1388
3821;23222248000;23079722222;23279722222;1400;1388
3822;23222259000;23079722222;23279722222;1398;1386
3823;23222506000;23079722222;23279722222;1400;1388
3824;23222528000;23079722222;23279722222;1398;1386
3825;23222759000;23079722222;23279722222;1400;1388
3826;23222770000;23079722222;23279722222;1400;1388
3827;23222963000;23079722222;23279722222;982;970
3828;23263428000;23121377777;23321377777;1398;1386
3829;23263440000;23121377777;23321377777;1400;1388
3830;23263676000;23121377777;23321377777;1398;1386
3831;23263687000;23121377777;23321377777;1400;1388
3832;23263934000;23121377777;23321377777;1400;1388
3833;23263945000;23121377777;23321377777;1398;1386
3834;23264140000;23121377777;23321377777;1400;1388
3835;23264147000;23121377777;23321377777;1398;1386
3836;23264391000;23121377777;23321377777;1400;1388
3837;23264399000;23121377777;23321377777;1400;1388
3838;23264685000;23121377777;23321377777;982;970
3839;23305081000;23163022222;23363022222;1398;1386
3840;23305093000;23163022222;23363022222;1400;1388
3841;23305337000;23163022222;23363022222;1398;1386
3842;23305349000;23163022222;23363022222;1400;1388
3843;23305582000;23163022222;23363022222;1400;1388
3844;23305594000;23163022222;23363022222;1398;1386
3845;23305794000;23163022222;23363022222;1400;1388
3846;23305802000;23163022222;23363022222;1398;1386
3847;23306081000;23163022222;23363022222;1400;1388
3851;23346760000;23204733333;23404733333;1400;1388
3852;23346784000;23204733333;23404733333;1398;1386
3853;23347009000;23204733333;23404733333;1400;1388
3854;23347017000;23204733333;23404733333;1400;1388
3856;23347254000;23204733333;23404733333;1400;1388
3857;23347262000;23204733333;23404733333;1398;1386
3858;23347519000;23204733333;23404733333;1400;1388
3859;23347528000;23204733333;23404733333;1400;1388
3860;23347716000;23204733333;23404733333;982;970
3861;23388429000;23246400000;23446400000;1398;1386
3863;23388441000;23246400000;23446400000;1398;1386
3864;23388688000;23246400000;23446400000;1400;1388
3865;23388696000;23246400000;23446400000;1400;1388
3866;23388935000;23246400000;23446400000;1398;1386
3867;23388943000;23246400000;23446400000;1400;1388
3868;23389187000;23246400000;23446400000;1398;1386
3869;23389195000;23246400000;23446400000;1400;1388
3870;23389390000;23246400000;23446400000;1400;1388
3871;23389394000;23246400000;23446400000;982;970
3872;23430117000;23288055555;23488055555;1398;1386
3873;23430129000;23288055555;23488055555;1400;1388
3876;23430375000;23288055555;23488055555;1400;1388
3877;23430399000;23288055555;23488055555;1398;1386
3879;23430626000;23288055555;23488055555;1398;1386
3880;23430642000;23288055555;23488055555;1400;1388
3882;23430875000;23288055555;23488055555;982;970
3883;23471728000;23329733333;23529733333;1398;1386
3884;23472004000;23329733333;23529733333;1400;1388
3885;23472016000;23329733333;23529733333;1398;1386
3886;23472030000;23329733333;23529733333;1400;1388
3887;23472247000;23329733333;23529733333;1400;1388
3888;23472258000;23329733333;23529733333;1398;1386
3889;23472504000;23329733333;23529733333;1400;1388
3891;23472525000;23329733333;23529733333;1400;1388
3892;23472711000;23329733333;23529733333;1400;1388
3893;23472716000;23329733333;23529733333;982;970
3894;23513409000;23371388888;23571388888;1398;1386
3895;23513418000;23371388888;23571388888;1400;1388
3896;23513678000;23371388888;23571388888;1398;1386
3897;23513690000;23371388888;23571388888;1400;1388
3898;23513934000;23371388888;23571388888;1400;1388
3901;23513947000;23371388888;23571388888;1398;1386
3902;23514186000;23371388888;23571388888;1400;1388
3903;23514194000;23371388888;23571388888;1400;1388
3904;23514198000;23371388888;23571388888;982;970
3905;23555109000;23413022222;23613022222;1398;1386
3906;23555121000;23413022222;23613022222;1400;1388
3907;23555366000;23413022222;23613022222;1398;1386
3908;23555378000;23413022222;23613022222;1400;1388
3909;23555616000;23413022222;23613022222;1400;1388
3910;23555628000;23413022222;23613022222;1398;1386
3911;23555866000;23413022222;23613022222;1400;1388
3912;23555877000;23413022222;23613022222;1398;1386
3913;23556073000;23413022222;23613022222;1400;1388
3914;23556081000;23413022222;23613022222;1400;1388
3915;23556367000;23413022222;23613022222;982;970
3918;23596769000;23454755555;23654755555;1398;1386
3919;23596792000;23454755555;23654755555;1400;1388
3920;23597017000;23454755555;23654755555;1400;1388
3921;23597026000;23454755555;23654755555;1398;1386
3922;23597262000;23454755555;23654755555;1400;1388
3923;23597270000;23454755555;23654755555;1398;1386
3924;23597528000;23454755555;23654755555;1400;1388
3925;23597536000;23454755555;23654755555;1400;1388
3926;23597770000;23454755555;23654755555;982;970
3927;23638433000;23496411111;23696411111;1398;1386
3928;23638445000;23496411111;23696411111;1400;1388
3929;23638685000;23496411111;23696411111;1398;1386
3930;23638697000;23496411111;23696411111;1400;1388
3931;23638890000;23496411111;23696411111;1400;1388
3932;23638897000;23496411111;23696411111;1398;1386
3933;23639139000;23496411111;23696411111;1400;1388
3934;23639146000;23496411111;23696411111;1398;1386
3935;23639435000;23496411111;23696411111;1400;1388
3936;23639447000;23496411111;23696411111;1400;1388
3937;23639687000;23496411111;23696411111;982;970
3938;23680066000;23538066666;23738066666;1398;1386
3939;23680078000;23538066666;23738066666;1400;1388
3940;23680322000;23538066666;23738066666;1398;1386
3941;23680334000;23538066666;23738066666;1400;1388
3942;23680567000;23538066666;23738066666;1400;1388
3943;23680579000;23538066666;23738066666;1398;1386
3944;23680825000;23538066666;23738066666;1400;1388
3945;23680837000;23538066666;23738066666;1398;1386
3946;23681069000;23538066666;23738066666;1400;1388
3947;23681081000;23538066666;23738066666;1400;1388
3948;23681291000;23538066666;23738066666;982;970
3949;23721755000;23579733333;23779733333;1398;1386
3950;23721764000;23579733333;23779733333;1400;1388
3952;23722024000;23579733333;23779733333;1400;1388
3953;23722047000;23579733333;23779733333;1400;1388
3954;23722236000;23579733333;23779733333;1398;1386
3955;23722240000;23579733333;23779733333;1400;1388
3956;23722532000;23579733333;23779733333;1398;1386
3957;23722540000;23579733333;23779733333;1400;1388
3958;23722782000;23579733333;23779733333;1400;1388
3959;23722790000;23579733333;23779733333;982;970
3960;23763432000;23621377777;23821377777;1398;1386
3963;23763443000;23621377777;23821377777;1400;1388
3964;23763683000;23621377777;23821377777;1400;1388
3965;23763691000;23621377777;23821377777;1398;1386
3966;23763926000;23621377777;23821377777;1400;1388
3967;23763935000;23621377777;23821377777;1398;1386
3968;23764186000;23621377777;23821377777;1400;1388
3969;23764194000;23621377777;23821377777;1400;1388
3970;23764435000;23621377777;23821377777;982;970
3972;23805083000;23663044444;23863044444;1400;1388
3973;23805106000;23663044444;23863044444;1398;1386
3974;23805338000;23663044444;23863044444;1400;1388
3975;23805347000;23663044444;23863044444;1400;1388
3976;23805583000;23663044444;23863044444;1398;1386
3977;23805591000;23663044444;23863044444;1400;1388
3978;23805794000;23663044444;23863044444;1398;1386
3979;23805799000;23663044444;23863044444;1400;1388
3982;23846753000;23704733333;23904733333;1398;1386
3983;23846773000;23704733333;23904733333;1400;1388
3984;23847023000;23704733333;23904733333;1398;1386
3985;23847031000;23704733333;23904733333;1400;1388
3986;23847281000;23704733333;23904733333;1400;1388
3987;23847290000;23704733333;23904733333;1398;1386
3988;23847533000;23704733333;23904733333;1400;1388
3991;23847541000;23704733333;23904733333;1400;1388
3992;23847545000;23704733333;23904733333;982;970
3993;23888422000;23746366666;23946366666;1398;1386
3994;23888434000;23746366666;23946366666;1400;1388
3995;23888672000;23746366666;23946366666;1398;1386
3996;23888684000;23746366666;23946366666;1400;1388
3997;23888918000;23746366666;23946366666;1400;1388
3998;23888930000;23746366666;23946366666;1398;1386
3999;23889129000;23746366666;23946366666;1400;1388
4000;23889137000;23746366666;23946366666;1398;1386
4001;23889425000;23746366666;23946366666;1400;1388
4002;23889436000;23746366666;23946366666;1400;1388
4003;23889674000;23746366666;23946366666;982;970
4004;23930081000;23788044444;23988044444;1398;1386
4005;23930093000;23788044444;23988044444;1400;1388
4006;23930340000;23788044444;23988044444;1398;1386
4007;23930352000;23788044444;23988044444;1400;1388
4008;23930582000;23788044444;23988044444;1400;1388
4009;23930593000;23788044444;23988044444;1398;1386
4010;23930795000;23788044444;23988044444;1400;1388
4011;23930803000;23788044444;23988044444;1398;1386
4012;23931083000;23788044444;23988044444;1400;1388
4013;23931095000;23788044444;23988044444;1400;1388
4015;23971748000;23829733333;24029733333;1398;1386
4016;23971771000;23829733333;24029733333;1400;1388
4017;23971996000;23829733333;24029733333;1398;1386
4018;23972004000;23829733333;24029733333;1400;1388
4019;23972243000;23829733333;24029733333;1400;1388
4020;23972251000;23829733333;24029733333;1398;1386
4021;23972499000;23829733333;24029733333;1400;1388
4022;23972507000;23829733333;24029733333;1398;1386
4023;23972750000;23829733333;24029733333;1400;1388
4024;23972759000;23829733333;24029733333;1400;1388
4025;23972762000;23829733333;24029733333;982;970
4026;24013385000;23871377777;24071377777;1398;1386
4027;24013614000;23871377777;24071377777;1400;1388
4028;24013622000;23871377777;24071377777;1398;1386
4029;24013864000;23871377777;24071377777;1400;1388
4030;24013871000;23871377777;24071377777;1400;1388
4031;24013884000;23871377777;24071377777;1398;1386
4032;24014158000;23871377777;24071377777;1400;1388
4033;24014170000;23871377777;24071377777;1398;1386
4034;24014408000;23871377777;24071377777;1400;1388
4035;24014420000;23871377777;24071377777;1400;1388
4036;24014660000;23871377777;24071377777;982;970
4037;24055078000;23913044444;24113044444;1398;1386
4038;24055090000;23913044444;24113044444;1400;1388
4039;24055334000;23913044444;24113044444;1398;1386
4040;24055347000;23913044444;24113044444;1400;1388
4042;24055579000;23913044444;24113044444;1398;1386
4043;24055602000;23913044444;24113044444;1400;1388
4044;24055791000;23913044444;24113044444;1398;1386
4045;24055796000;23913044444;24113044444;1400;1388
4048;24096761000;23954744444;24154744444;1398;1386
4049;24096780000;23954744444;24154744444;1400;1388
4050;24097045000;23954744444;24154744444;1398;1386
4051;24097053000;23954744444;24154744444;1400;1388
4052;24097291000;23954744444;24154744444;1400;1388
4053;24097299000;23954744444;24154744444;1398;1386
4054;24097542000;23954744444;24154744444;1400;1388
4055;24097550000;23954744444;24154744444;1398;1386
4056;24097747000;23954744444;24154744444;1400;1388
4057;24097751000;23954744444;24154744444;1400;1388
4058;24098040000;23954744444;24154744444;982;970
4059;24138434000;23996400000;24196400000;1398;1386
4060;24138446000;23996400000;24196400000;1400;1388
4062;24138684000;23996400000;24196400000;1400;1388
4063;24138707000;23996400000;24196400000;1400;1388
4064;24138928000;23996400000;24196400000;1398;1386
4065;24138937000;23996400000;24196400000;1400;1388
4066;24139179000;23996400000;24196400000;1398;1386
4067;24139187000;23996400000;24196400000;1400;1388
4068;24139435000;23996400000;24196400000;1400;1388
4069;24139443000;23996400000;24196400000;982;970
4070;24180092000;24038055555;24238055555;1398;1386
4071;24180104000;24038055555;24238055555;1400;1388
4072;24180348000;24038055555;24238055555;1398;1386
4073;24180360000;24038055555;24238055555;1400;1388
4074;24180557000;24038055555;24238055555;1400;1388
4075;24180564000;24038055555;24238055555;1398;1386
4076;24180804000;24038055555;24238055555;1400;1388
4077;24180811000;24038055555;24238055555;1398;1386
4078;24181093000;24038055555;24238055555;1400;1388
4079;24181105000;24038055555;24238055555;1400;1388
4080;24181350000;24038055555;24238055555;982;970
4081;24221755000;24079744444;24279744444;1398;1386
4082;24221766000;24079744444;24279744444;1400;1388
4083;24222007000;24079744444;24279744444;1398;1386
4084;24222018000;24079744444;24279744444;1400;1388
4085;24222248000;24079744444;24279744444;1400;1388
4087;24222260000;24079744444;24279744444;1400;1388
4088;24222463000;24079744444;24279744444;1398;1386
4089;24222468000;24079744444;24279744444;1400;1388
4090;24222711000;24079744444;24279744444;1400;1388
4091;24222716000;24079744444;24279744444;982;970
4092;24263434000;24121377777;24321377777;1398;1386
4093;24263446000;24121377777;24321377777;1400;1388
4094;24263691000;24121377777;24321377777;1398;1386
4095;24263703000;24121377777;24321377777;1400;1388
4097;24263895000;24121377777;24321377777;1398;1386
4098;24263913000;24121377777;24321377777;1400;1388
4099;24264194000;24121377777;24321377777;1398;1386
4100;24264202000;24121377777;24321377777;1400;1388
4101;24264439000;24121377777;24321377777;1400;1388
4102;24264447000;24121377777;24321377777;982;970
4103;24305069000;24163022222;24363022222;1398;1386
4104;24305081000;24163022222;24363022222;1400;1388
4105;24305325000;24163022222;24363022222;1398;1386
4106;24305337000;24163022222;24363022222;1400;1388
4107;24305569000;24163022222;24363022222;1400;1388
4108;24305580000;24163022222;24363022222;1398;1386
4109;24305826000;24163022222;24363022222;1400;1388
4110;24305838000;24163022222;24363022222;1398;1386
4111;24306033000;24163022222;24363022222;1400;1388
4112;24306041000;24163022222;24363022222;1400;1388
4113;24306327000;24163022222;24363022222;982;970
4114;24346766000;24204733333;24404733333;1398;1386
4115;24346778000;24204733333;24404733333;1400;1388
4116;24347015000;24204733333;24404733333;1398;1386
4117;24347027000;24204733333;24404733333;1400;1388
4118;24347259000;24204733333;24404733333;1400;1388
4119;24347271000;24204733333;24404733333;1398;1386
4120;24347473000;24204733333;24404733333;1400;1388
4121;24347480000;24204733333;24404733333;1398;1386
4122;24347767000;24204733333;24404733333;1400;1388
4123;24347779000;24204733333;24404733333;1400;1388
4124;24348017000;24204733333;24404733333;982;970
4129;24388424000;24246411111;24446411111;1400;1388
4130;24388449000;24246411111;24446411111;1398;1386
4131;24388674000;24246411111;24446411111;1400;1388
4132;24388682000;24246411111;24446411111;1398;1386
4134;24388923000;24246411111;24446411111;1400;1388
4135;24388931000;24246411111;24446411111;982;970
4137;24430074000;24288111111;24488111111;1400;1388
4138;24430339000;24288111111;24488111111;1398;1386
4139;24430347000;24288111111;24488111111;1400;1388
4140;24430351000;24288111111;24488111111;1400;1388
4141;24430583000;24288111111;24488111111;1398;1386
4142;24430591000;24288111111;24488111111;1400;1388
4143;24430841000;24288111111;24488111111;1398;1386
4144;24430849000;24288111111;24488111111;1400;1388
4145;24431045000;24288111111;24488111111;1400;1388
4146;24431049000;24288111111;24488111111;982;970
4147;24471787000;24329722222;24529722222;1398;1386
4148;24471799000;24329722222;24529722222;1400;1388
4149;24472046000;24329722222;24529722222;1398;1386
4150;24472057000;24329722222;24529722222;1400;1388
4151;24472293000;24329722222;24529722222;1400;1388
4152;24472305000;24329722222;24529722222;1398;1386
4153;24472543000;24329722222;24529722222;1400;1388
4154;24472555000;24329722222;24529722222;1398;1386
4155;24472749000;24329722222;24529722222;1400;1388
4156;24472756000;24329722222;24529722222;1400;1388
4157;24473041000;24329722222;24529722222;982;970
4158;24513422000;24371388888;24571388888;1398;1386
4159;24513434000;24371388888;24571388888;1400;1388
4160;24513676000;24371388888;24571388888;1398;1386
4162;24513688000;24371388888;24571388888;1400;1388
4163;24513918000;24371388888;24571388888;1398;1386
4165;24513926000;24371388888;24571388888;1398;1386
4166;24514173000;24371388888;24571388888;1400;1388
4169;24555080000;24413033333;24613033333;1398;1386
4170;24555105000;24413033333;24613033333;1400;1388
4171;24555337000;24413033333;24613033333;1398;1386
4172;24555345000;24413033333;24613033333;1400;1388
4173;24555582000;24413033333;24613033333;1400;1388
4174;24555590000;24413033333;24613033333;1398;1386
4175;24555841000;24413033333;24613033333;1400;1388
4176;24555849000;24413033333;24613033333;1398;1386
4177;24556043000;24413033333;24613033333;1400;1388
4178;24556047000;24413033333;24613033333;1400;1388
4180;24596755000;24454744444;24654744444;1398;1386
4181;24596776000;24454744444;24654744444;1400;1388
4182;24597023000;24454744444;24654744444;1398;1386
4183;24597031000;24454744444;24654744444;1400;1388
4184;24597281000;24454744444;24654744444;1400;1388
4185;24597289000;24454744444;24654744444;1398;1386
4186;24597533000;24454744444;24654744444;1400;1388
4187;24597541000;24454744444;24654744444;1398;1386
4188;24597737000;24454744444;24654744444;1400;1388
4189;24597741000;24454744444;24654744444;1400;1388
4190;24598032000;24454744444;24654744444;982;970
4191;24638420000;24496388888;24696388888;1398;1386
4192;24638432000;24496388888;24696388888;1400;1388
4193;24638670000;24496388888;24696388888;1398;1386
4194;24638682000;24496388888;24696388888;1400;1388
4195;24638913000;24496388888;24696388888;1400;1388
4196;24638925000;24496388888;24696388888;1398;1386
4197;24639172000;24496388888;24696388888;1400;1388
4198;24639184000;24496388888;24696388888;1398;1386
4199;24639422000;24496388888;24696388888;1400;1388
4200;24639434000;24496388888;24696388888;1400;1388
4201;24639672000;24496388888;24696388888;982;970
4202;24680064000;24538055555;24738055555;1398;1386
4203;24680283000;24538055555;24738055555;1400;1388
4204;24680292000;24538055555;24738055555;1398;1386
4205;24680533000;24538055555;24738055555;1400;1388
4206;24680541000;24538055555;24738055555;1400;1388
4207;24680547000;24538055555;24738055555;1398;1386
4209;24680782000;24538055555;24738055555;1398;1386
4210;24680800000;24538055555;24738055555;1400;1388
4211;24681072000;24538055555;24738055555;1400;1388
4212;24681080000;24538055555;24738055555;982;970
4213;24721770000;24579744444;24779744444;1398;1386
4214;24721783000;24579744444;24779744444;1400;1388
4215;24722008000;24579744444;24779744444;1398;1386
4216;24722020000;24579744444;24779744444;1400;1388
4217;24722254000;24579744444;24779744444;1400;1388
4218;24722265000;24579744444;24779744444;1398;1386
4219;24722509000;24579744444;24779744444;1400;1388
4220;24722532000;24579744444;24779744444;1398;1386
4221;24722761000;24579744444;24779744444;1400;1388
4222;24722773000;24579744444;24779744444;1400;1388
4223;24722781000;24579744444;24779744444;982;970
4224;24763445000;24621388888;24821388888;1398;1386
4225;24763456000;24621388888;24821388888;1400;1388
4226;24763673000;24621388888;24821388888;1398;1386
4227;24763682000;24621388888;24821388888;1400;1388
4229;24763963000;24621388888;24821388888;1398;1386
4230;24763987000;24621388888;24821388888;1400;1388
4231;24764215000;24621388888;24821388888;1398;1386
4232;24764223000;24621388888;24821388888;1400;1388
4233;24764465000;24621388888;24821388888;1400;1388
4234;24764473000;24621388888;24821388888;982;970
4235;24805083000;24663066666;24863066666;1398;1386
4236;24805095000;24663066666;24863066666;1400;1388
4237;24805342000;24663066666;24863066666;1398;1386
4238;24805354000;24663066666;24863066666;1400;1388
4239;24805585000;24663066666;24863066666;1400;1388
4240;24805597000;24663066666;24863066666;1398;1386
4241;24805798000;24663066666;24863066666;1400;1388
4242;24805805000;24663066666;24863066666;1398;1386
4243;24806085000;24663066666;24863066666;1400;1388
4245;24806096000;24663066666;24863066666;982;970
4246;24846761000;24704755555;24904755555;1398;1386
4247;24846773000;24704755555;24904755555;1400;1388
4248;24847009000;24704755555;24904755555;1398;1386
4249;24847021000;24704755555;24904755555;1400;1388
4250;24847256000;24704755555;24904755555;1400;1388
4251;24847267000;24704755555;24904755555;1398;1386
4252;24847519000;24704755555;24904755555;1400;1388
4253;24847532000;24704755555;24904755555;1398;1386
4254;24847719000;24704755555;24904755555;1400;1388
4255;24847726000;24704755555;24904755555;1400;1388
4256;24848012000;24704755555;24904755555;982;970
4257;24888420000;24746377777;24946377777;1398;1386
4258;24888433000;24746377777;24946377777;1400;1388
4259;24888672000;24746377777;24946377777;1398;1386
4260;24888683000;24746377777;24946377777;1400;1388
4261;24888914000;24746377777;24946377777;1400;1388
4262;24888926000;24746377777;24946377777;1398;1386
4263;24889127000;24746377777;24946377777;1400;1388
4264;24889135000;24746377777;24946377777;1398;1386
4265;24889422000;24746377777;24946377777;1400;1388
4266;24889434000;24746377777;24946377777;1400;1388
4267;24889673000;24746377777;24946377777;982;970
4268;24930080000;24788055555;24988055555;1398;1386
4269;24930092000;24788055555;24988055555;1400;1388
4270;24930336000;24788055555;24988055555;1398;1386
4271;24930348000;24788055555;24988055555;1400;1388
4272;24930581000;24788055555;24988055555;1400;1388
4273;24930592000;24788055555;24988055555;1398;1386
4274;24930794000;24788055555;24988055555;1400;1388
4275;24930801000;24788055555;24988055555;1398;1386
4276;24931083000;24788055555;24988055555;1400;1388
4277;24931094000;24788055555;24988055555;1400;1388
4278;24931339000;24788055555;24988055555;982;970
4281;24971758000;24829744444;25029744444;1398;1386
4282;24971782000;24829744444;25029744444;1400;1388
4283;24972007000;24829744444;25029744444;1400;1388
4284;24972015000;24829744444;25029744444;1398;1386
4285;24972276000;24829744444;25029744444;1400;1388
4286;24972284000;24829744444;25029744444;1398;1386
4287;24972509000;24829744444;25029744444;1400;1388
4288;24972526000;24829744444;25029744444;1400;1388
4289;24972758000;24829744444;25029744444;982;970
4290;25013394000;24871388888;25071388888;1398;1386
4291;25013627000;24871388888;25071388888;1400;1388
4292;25013635000;24871388888;25071388888;1398;1386
4293;25013914000;24871388888;25071388888;1400;1388
4294;25013926000;24871388888;25071388888;1400;1388
4295;25013937000;24871388888;25071388888;1398;1386
4297;25014173000;24871388888;25071388888;1398;1386
4299;25014196000;24871388888;25071388888;1400;1388
4300;25014421000;24871388888;25071388888;982;970
4301;25055069000;24913055555;25113055555;1398;1386
4302;25055081000;24913055555;25113055555;1400;1388
4303;25055325000;24913055555;25113055555;1398;1386
4304;25055337000;24913055555;25113055555;1400;1388
4305;25055569000;24913055555;25113055555;1400;1388
4306;25055581000;24913055555;25113055555;1398;1386
4307;25055825000;24913055555;25113055555;1400;1388
4309;25055837000;24913055555;25113055555;1400;1388
4310;25056032000;24913055555;25113055555;1400;1388
4311;25056037000;24913055555;25113055555;982;970
4312;25096739000;24954744444;25154744444;1398;1386
4313;25096749000;24954744444;25154744444;1400;1388
4314;25097023000;24954744444;25154744444;1398;1386
4315;25097035000;24954744444;25154744444;1400;1388
4316;25097280000;24954744444;25154744444;1400;1388
4317;25097292000;24954744444;25154744444;1398;1386
4318;25097531000;24954744444;25154744444;1400;1388
4319;25097543000;24954744444;25154744444;1398;1386
4320;25097737000;24954744444;25154744444;1400;1388
4321;25097744000;24954744444;25154744444;1400;1388
4322;25098034000;24954744444;25154744444;982;970
4323;25138428000;24996388888;25196388888;1398;1386
4325;25138440000;24996388888;25196388888;1398;1386
4326;25138679000;24996388888;25196388888;1400;1388
4327;25138687000;24996388888;25196388888;1400;1388
4328;25138921000;24996388888;25196388888;1398;1386
4329;25138929000;24996388888;25196388888;1400;1388
4330;25139173000;24996388888;25196388888;1398;1386
4331;25139181000;24996388888;25196388888;1400;1388
4332;25139429000;24996388888;25196388888;1400;1388
4333;25139438000;24996388888;25196388888;982;970
4334;25180093000;25038066666;25238066666;1398;1386
4335;25180105000;25038066666;25238066666;1400;1388
4336;25180348000;25038066666;25238066666;1398;1386
4337;25180360000;25038066666;25238066666;1400;1388
4338;25180592000;25038066666;25238066666;1400;1388
4339;25180604000;25038066666;25238066666;1398;1386
4341;25180806000;25038066666;25238066666;1398;1386
4342;25180824000;25038066666;25238066666;1400;1388
4343;25181054000;25038066666;25238066666;1400;1388
4344;25181058000;25038066666;25238066666;982;970
4347;25221776000;25079744444;25279744444;1398;1386
4348;25221799000;25079744444;25279744444;1400;1388
4349;25222035000;25079744444;25279744444;1400;1388
4350;25222043000;25079744444;25279744444;1398;1386
4351;25222283000;25079744444;25279744444;1400;1388
4352;25222291000;25079744444;25279744444;1398;1386
4353;25222536000;25079744444;25279744444;1400;1388
4354;25222544000;25079744444;25279744444;1400;1388
4355;25222548000;25079744444;25279744444;982;970
4356;25263414000;25121388888;25321388888;1398;1386
4357;25263426000;25121388888;25321388888;1400;1388
4358;25263662000;25121388888;25321388888;1398;1386
4359;25263673000;25121388888;25321388888;1400;1388
4360;25263868000;25121388888;25321388888;1400;1388
4361;25263876000;25121388888;25321388888;1398;1386
4362;25264117000;25121388888;25321388888;1400;1388
4363;25264124000;25121388888;25321388888;1398;1386
4364;25264416000;25121388888;25321388888;1400;1388
4365;25264428000;25121388888;25321388888;1400;1388
4366;25264435000;25121388888;25321388888;982;970
4367;25305080000;25163033333;25363033333;1398;1386
4368;25305092000;25163033333;25363033333;1400;1388
4369;25305337000;25163033333;25363033333;1398;1386
4370;25305349000;25163033333;25363033333;1400;1388
4371;25305580000;25163033333;25363033333;1400;1388
4372;25305592000;25163033333;25363033333;1398;1386
4373;25305836000;25163033333;25363033333;1400;1388
4374;25305848000;25163033333;25363033333;1398;1386
4375;25306045000;25163033333;25363033333;1400;1388
4376;25306053000;25163033333;25363033333;1400;1388
4377;25306338000;25163033333;25363033333;982;970
4378;25346753000;25204744444;25404744444;1398;1386
4379;25346765000;25204744444;25404744444;1400;1388
4382;25347003000;25204744444;25404744444;1400;1388
4383;25347026000;25204744444;25404744444;1398;1386
4384;25347245000;25204744444;25404744444;1400;1388
4385;25347253000;25204744444;25404744444;1398;1386
4386;25347457000;25204744444;25404744444;1400;1388
4387;25347461000;25204744444;25404744444;1400;1388
4388;25347754000;25204744444;25404744444;982;970
4389;25388419000;25246411111;25446411111;1398;1386
4390;25388432000;25246411111;25446411111;1400;1388
4391;25388668000;25246411111;25446411111;1398;1386
4392;25388680000;25246411111;25446411111;1400;1388
4393;25388912000;25246411111;25446411111;1400;1388
4394;25388924000;25246411111;25446411111;1398;1386
4395;25389171000;25246411111;25446411111;1400;1388
4396;25389183000;25246411111;25446411111;1398;1386
4397;25389420000;25246411111;25446411111;1400;1388
4398;25389432000;25246411111;25446411111;1400;1388
4399;25389639000;25246411111;25446411111;982;970
4400;25430103000;25288088888;25488088888;1398;1386
4401;25430115000;25288088888;25488088888;1400;1388
4402;25430353000;25288088888;25488088888;1398;1386
4403;25430365000;25288088888;25488088888;1400;1388
4404;25430568000;25288088888;25488088888;1400;1388
4405;25430575000;25288088888;25488088888;1398;1386
4406;25430817000;25288088888;25488088888;1400;1388
4407;25430824000;25288088888;25488088888;1398;1386
4408;25431106000;25288088888;25488088888;1400;1388
4409;25431118000;25288088888;25488088888;1400;1388
4410;25431136000;25288088888;25488088888;982;970
4412;25471763000;25329744444;25529744444;1400;1388
4413;25471786000;25329744444;25529744444;1398;1386
4414;25472011000;25329744444;25529744444;1400;1388
4415;25472019000;25329744444;25529744444;1400;1388
4416;25472256000;25329744444;25529744444;1398;1386
4417;25472264000;25329744444;25529744444;1400;1388
4418;25472521000;25329744444;25529744444;1398;1386
4419;25472530000;25329744444;25529744444;1400;1388
4420;25472764000;25329744444;25529744444;1400;1388
4421;25472772000;25329744444;25529744444;982;970
4423;25513432000;25371377777;25571377777;1400;1388
4424;25513456000;25371377777;25571377777;1398;1386
4425;25513684000;25371377777;25571377777;1400;1388
4426;25513692000;25371377777;25571377777;1400;1388
4427;25513887000;25371377777;25571377777;1398;1386
4428;25513892000;25371377777;25571377777;1400;1388
4429;25514137000;25371377777;25571377777;1398;1386
4430;25514141000;25371377777;25571377777;1400;1388
4431;25514434000;25371377777;25571377777;1400;1388
4432;25514442000;25371377777;25571377777;982;970
4433;25555073000;25413055555;25613055555;1398;1386
4434;25555085000;25413055555;25613055555;1400;1388
4435;25555328000;25413055555;25613055555;1398;1386
4436;25555340000;25413055555;25613055555;1400;1388
4437;25555573000;25413055555;25613055555;1400;1388
4438;25555585000;25413055555;25613055555;1398;1386
4439;25555830000;25413055555;25613055555;1400;1388
4440;25555842000;25413055555;25613055555;1398;1386
4441;25556075000;25413055555;25613055555;1400;1388
4442;25556087000;25413055555;25613055555;1400;1388
4443;25556331000;25413055555;25613055555;982;970
4444;25596738000;25454755555;25654755555;1398;1386
4445;25596969000;25454755555;25654755555;1400;1388
4446;25596977000;25454755555;25654755555;1398;1386
4447;25597217000;25454755555;25654755555;1400;1388
4448;25597224000;25454755555;25654755555;1400;1388
4449;25597230000;25454755555;25654755555;1398;1386
4451;25597467000;25454755555;25654755555;1398;1386
4452;25597485000;25454755555;25654755555;1400;1388
4453;25597763000;25454755555;25654755555;1400;1388
4454;25597771000;25454755555;25654755555;982;970
4455;25638432000;25496400000;25696400000;1398;1386
4456;25638444000;25496400000;25696400000;1400;1388
4457;25638682000;25496400000;25696400000;1398;1386
4458;25638694000;25496400000;25696400000;1400;1388
4459;25638924000;25496400000;25696400000;1400;1388
4460;25638937000;25496400000;25696400000;1398;1386
4461;25639183000;25496400000;25696400000;1400;1388
4462;25639194000;25496400000;25696400000;1398;1386
4463;25639433000;25496400000;25696400000;1400;1388
4464;25639445000;25496400000;25696400000;1400;1388
4466;25680062000;25538088888;25738088888;1398;1386
4467;25680337000;25538088888;25738088888;1400;1388
4468;25680346000;25538088888;25738088888;1398;1386
4469;25680349000;25538088888;25738088888;1400;1388
4470;25680543000;25538088888;25738088888;1400;1388
4471;25680547000;25538088888;25738088888;1398;1386
4472;25680839000;25538088888;25738088888;1400;1388
4473;25680847000;25538088888;25738088888;1398;1386
4474;25681082000;25538088888;25738088888;1400;1388
4475;25681090000;25538088888;25738088888;1400;1388
4476;25681339000;25538088888;25738088888;982;970
4477;25721730000;25579744444;25779744444;1398;1386
4478;25722005000;25579744444;25779744444;1400;1388
4479;25722017000;25579744444;25779744444;1398;1386
4480;25722024000;25579744444;25779744444;1400;1388
4481;25722247000;25579744444;25779744444;1400;1388
4482;25722259000;25579744444;25779744444;1398;1386
4483;25722508000;25579744444;25779744444;1400;1388
4484;25722529000;25579744444;25779744444;1398;1386
4486;25722755000;25579744444;25779744444;1400;1388
4487;25722778000;25579744444;25779744444;982;970
4488;25763403000;25621366666;25821366666;1398;1386
4490;25763415000;25621366666;25821366666;1398;1386
4491;25763630000;25621366666;25821366666;1400;1388
4492;25763878000;25621366666;25821366666;1400;1388
4493;25763882000;25621366666;25821366666;1398;1386
4494;25763886000;25621366666;25821366666;1400;1388
4495;25764127000;25621366666;25821366666;1398;1386
4496;25764140000;25621366666;25821366666;1400;1388
4497;25764379000;25621366666;25821366666;1400;1388
4498;25764384000;25621366666;25821366666;982;970
4499;25805104000;25663011111;25863011111;1398;1386
4503;25805116000;25663011111;25863011111;1400;1388
4504;25805354000;25663011111;25863011111;1398;1386
4505;25805362000;25663011111;25863011111;1400;1388
4506;25805612000;25663011111;25863011111;1398;1386
4507;25805620000;25663011111;25863011111;1400;1388
4508;25805816000;25663011111;25863011111;1400;1388
4509;25805820000;25663011111;25863011111;982;970
4510;25846766000;25704722222;25904722222;1398;1386
4511;25846778000;25704722222;25904722222;1400;1388
4512;25847020000;25704722222;25904722222;1398;1386
4513;25847032000;25704722222;25904722222;1400;1388
4514;25847269000;25704722222;25904722222;1400;1388
4515;25847281000;25704722222;25904722222;1398;1386
4516;25847526000;25704722222;25904722222;1400;1388
4517;25847539000;25704722222;25904722222;1398;1386
4518;25847774000;25704722222;25904722222;1400;1388
4519;25847786000;25704722222;25904722222;1400;1388
4520;25847793000;25704722222;25904722222;982;970
4521;25888379000;25746355555;25946355555;1398;1386
4522;25888656000;25746355555;25946355555;1400;1388
4523;25888667000;25746355555;25946355555;1398;1386
4524;25888675000;25746355555;25946355555;1400;1388
4525;25888873000;25746355555;25946355555;1400;1388
4526;25888881000;25746355555;25946355555;1398;1386
4527;25889111000;25746355555;25946355555;1400;1388
4528;25889117000;25746355555;25946355555;1398;1386
4529;25889406000;25746355555;25946355555;1400;1388
4530;25889418000;25746355555;25946355555;1400;1388
4531;25889656000;25746355555;25946355555;982;970
4532;25930092000;25788033333;25988033333;1398;1386
4533;25930104000;25788033333;25988033333;1400;1388
4535;25930349000;25788033333;25988033333;1400;1388
4536;25930372000;25788033333;25988033333;1400;1388
4537;25930594000;25788033333;25988033333;1398;1386
4538;25930602000;25788033333;25988033333;1400;1388
4539;25930851000;25788033333;25988033333;1398;1386
4542;25930859000;25788033333;25988033333;982;970
4543;25971752000;25829733333;26029733333;1398;1386
4544;25971764000;25829733333;26029733333;1400;1388
4545;25972002000;25829733333;26029733333;1398;1386
4546;25972014000;25829733333;26029733333;1400;1388
4547;25972208000;25829733333;26029733333;1400;1388
4548;25972216000;25829733333;26029733333;1398;1386
4549;25972503000;25829733333;26029733333;1400;1388
4550;25972524000;25829733333;26029733333;1398;1386
4551;25972754000;25829733333;26029733333;1400;1388
4552;25972766000;25829733333;26029733333;1400;1388
4553;25973003000;25829733333;26029733333;982;970
4554;26013421000;25871388888;26071388888;1398;1386
4555;26013433000;25871388888;26071388888;1400;1388
4556;26013672000;25871388888;26071388888;1398;1386
4557;26013684000;25871388888;26071388888;1400;1388
4558;26013913000;25871388888;26071388888;1400;1388
4560;26013925000;25871388888;26071388888;1400;1388
4561;26014127000;25871388888;26071388888;1398;1386
4562;26014131000;25871388888;26071388888;1400;1388
4563;26014421000;25871388888;26071388888;1400;1388
4564;26014430000;25871388888;26071388888;982;970
4565;26055092000;25913033333;26113033333;1398;1386
4566;26055104000;25913033333;26113033333;1400;1388
4567;26055348000;25913033333;26113033333;1398;1386
4568;26055360000;25913033333;26113033333;1400;1388
4569;26055593000;25913033333;26113033333;1400;1388
4571;26055604000;25913033333;26113033333;1400;1388
4572;26055851000;25913033333;26113033333;1398;1386
4573;26055859000;25913033333;26113033333;1400;1388
4574;26056094000;25913033333;26113033333;1400;1388
4575;26056102000;25913033333;26113033333;982;970
4576;26096762000;25954733333;26154733333;1398;1386
4577;26096774000;25954733333;26154733333;1400;1388
4578;26097008000;25954733333;26154733333;1398;1386
4579;26097020000;25954733333;26154733333;1400;1388
4580;26097256000;25954733333;26154733333;1400;1388
4581;26097267000;25954733333;26154733333;1398;1386
4582;26097468000;25954733333;26154733333;1400;1388
4584;26097475000;25954733333;26154733333;1400;1388
4585;26097718000;25954733333;26154733333;1400;1388
4586;26097731000;25954733333;26154733333;982;970
4587;26138443000;25996366666;26196366666;1398;1386
4588;26138455000;25996366666;26196366666;1400;1388
4589;26138690000;25996366666;26196366666;1398;1386
4590;26138701000;25996366666;26196366666;1400;1388
4591;26138947000;25996366666;26196366666;1400;1388
4592;26138959000;25996366666;26196366666;1398;1386
4593;26139155000;25996366666;26196366666;1400;1388
4594;26139164000;25996366666;26196366666;1398;1386
4595;26139448000;25996366666;26196366666;1400;1388
4596;26139460000;25996366666;26196366666;1400;1388
4597;26139467000;25996366666;26196366666;982;970
4598;26180078000;26038022222;26238022222;1398;1386
4599;26180090000;26038022222;26238022222;1400;1388
4600;26180334000;26038022222;26238022222;1398;1386
4601;26180346000;26038022222;26238022222;1400;1388
4602;26180579000;26038022222;26238022222;1400;1388
4603;26180591000;26038022222;26238022222;1398;1386
4604;26180836000;26038022222;26238022222;1400;1388
4605;26180847000;26038022222;26238022222;1398;1386
4606;26181042000;26038022222;26238022222;1400;1388
4607;26181049000;26038022222;26238022222;1400;1388
4608;26181337000;26038022222;26238022222;982;970
4609;26221755000;26079733333;26279733333;1398;1386
4610;26221767000;26079733333;26279733333;1400;1388
4611;26222004000;26079733333;26279733333;1398;1386
4612;26222016000;26079733333;26279733333;1400;1388
4613;26222248000;26079733333;26279733333;1400;1388
4614;26222259000;26079733333;26279733333;1398;1386
4615;26222461000;26079733333;26279733333;1400;1388
4616;26222469000;26079733333;26279733333;1398;1386
4617;26222756000;26079733333;26279733333;1400;1388
4618;26222768000;26079733333;26279733333;1400;1388
4619;26223006000;26079733333;26279733333;982;970
4620;26263431000;26121366666;26321366666;1398;1386
4621;26263443000;26121366666;26321366666;1400;1388
4622;26263682000;26121366666;26321366666;1398;1386
4623;26263693000;26121366666;26321366666;1400;1388
4624;26263925000;26121366666;26321366666;1400;1388
4625;26263937000;26121366666;26321366666;1398;1386
4626;26264139000;26121366666;26321366666;1400;1388
4627;26264147000;26121366666;26321366666;1398;1386
4628;26264433000;26121366666;26321366666;1400;1388
4629;26264445000;26121366666;26321366666;1400;1388
4631;26305069000;26163033333;26363033333;1398;1386
4632;26305092000;26163033333;26363033333;1400;1388
4633;26305325000;26163033333;26363033333;1398;1386
4634;26305333000;26163033333;26363033333;1400;1388
4635;26305569000;26163033333;26363033333;1400;1388
4637;26305577000;26163033333;26363033333;1400;1388
4638;26305827000;26163033333;26363033333;1398;1386
4639;26305835000;26163033333;26363033333;1400;1388
4640;26306070000;26163033333;26363033333;1400;1388
4641;26306078000;26163033333;26363033333;982;970
4642;26346760000;26204722222;26404722222;1398;1386
4643;26346772000;26204722222;26404722222;1400;1388
4644;26347009000;26204722222;26404722222;1398;1386
4645;26347021000;26204722222;26404722222;1400;1388
4646;26347217000;26204722222;26404722222;1400;1388
4647;26347224000;26204722222;26404722222;1398;1386
4648;26347466000;26204722222;26404722222;1400;1388
4649;26347473000;26204722222;26404722222;1398;1386
4650;26347763000;26204722222;26404722222;1400;1388
4651;26347775000;26204722222;26404722222;1400;1388
4652;26347782000;26204722222;26404722222;982;970
4653;26388431000;26246377777;26446377777;1398;1386
4654;26388443000;26246377777;26446377777;1400;1388
4655;26388681000;26246377777;26446377777;1398;1386
4656;26388693000;26246377777;26446377777;1400;1388
4657;26388925000;26246377777;26446377777;1400;1388
4658;26388937000;26246377777;26446377777;1398;1386
4661;26389182000;26246377777;26446377777;1400;1388
4662;26389205000;26246377777;26446377777;1400;1388
4663;26389389000;26246377777;26446377777;982;970
4664;26430108000;26288088888;26488088888;1398;1386
4665;26430120000;26288088888;26488088888;1400;1388
4666;26430357000;26288088888;26488088888;1398;1386
4667;26430368000;26288088888;26488088888;1400;1388
4668;26430614000;26288088888;26488088888;1400;1388
4669;26430626000;26288088888;26488088888;1398;1386
4670;26430821000;26288088888;26488088888;1400;1388
4671;26430837000;26288088888;26488088888;1398;1386
4672;26431111000;26288088888;26488088888;1400;1388
4673;26431122000;26288088888;26488088888;1400;1388
4674;26431130000;26288088888;26488088888;982;970
4675;26471747000;26329711111;26529711111;1398;1386
4676;26471759000;26329711111;26529711111;1400;1388
4677;26471996000;26329711111;26529711111;1398;1386
4678;26472008000;26329711111;26529711111;1400;1388
4679;26472241000;26329711111;26529711111;1400;1388
4680;26472253000;26329711111;26529711111;1398;1386
4681;26472498000;26329711111;26529711111;1400;1388
4682;26472509000;26329711111;26529711111;1398;1386
4683;26472705000;26329711111;26529711111;1400;1388
4684;26472714000;26329711111;26529711111;1400;1388
4685;26472998000;26329711111;26529711111;982;970
4686;26513422000;26371355555;26571355555;1398;1386
4687;26513435000;26371355555;26571355555;1400;1388
4688;26513673000;26371355555;26571355555;1398;1386
4689;26513685000;26371355555;26571355555;1400;1388
4690;26513879000;26371355555;26571355555;1400;1388
4691;26513887000;26371355555;26571355555;1398;1386
4692;26514174000;26371355555;26571355555;1400;1388
4693;26514186000;26371355555;26571355555;1398;1386
4694;26514425000;26371355555;26571355555;1400;1388
4695;26514437000;26371355555;26571355555;1400;1388
4696;26514675000;26371355555;26571355555;982;970
4697;26555091000;26413022222;26613022222;1398;1386
4698;26555102000;26413022222;26613022222;1400;1388
4699;26555347000;26413022222;26613022222;1398;1386
4700;26555359000;26413022222;26613022222;1400;1388
4702;26555591000;26413022222;26613022222;1398;1386
4703;26555615000;26413022222;26613022222;1400;1388
4704;26555842000;26413022222;26613022222;1398;1386
4705;26555847000;26413022222;26613022222;1400;1388
4706;26556052000;26413022222;26613022222;1400;1388
4707;26556056000;26413022222;26613022222;982;970
4708;26596755000;26454744444;26654744444;1398;1386
4710;26596765000;26454744444;26654744444;1398;1386
4711;26597025000;26454744444;26654744444;1400;1388
4712;26597033000;26454744444;26654744444;1400;1388
4713;26597280000;26454744444;26654744444;1398;1386
4714;26597289000;26454744444;26654744444;1400;1388
4715;26597486000;26454744444;26654744444;1398;1386
4716;26597490000;26454744444;26654744444;1400;1388
4717;26597784000;26454744444;26654744444;1400;1388
4718;26597792000;26454744444;26654744444;982;970
4719;26638418000;26496377777;26696377777;1398;1386
4720;26638431000;26496377777;26696377777;1400;1388
4721;26638670000;26496377777;26696377777;1398;1386
4722;26638682000;26496377777;26696377777;1400;1388
4723;26638912000;26496377777;26696377777;1400;1388
4725;26638924000;26496377777;26696377777;1400;1388
4726;26639173000;26496377777;26696377777;1398;1386
4727;26639181000;26496377777;26696377777;1400;1388
4728;26639421000;26496377777;26696377777;1400;1388
4729;26639429000;26496377777;26696377777;982;970
4730;26680081000;26538044444;26738044444;1398;1386
4731;26680093000;26538044444;26738044444;1400;1388
4732;26680337000;26538044444;26738044444;1398;1386
4733;26680349000;26538044444;26738044444;1400;1388
4734;26680582000;26538044444;26738044444;1400;1388
4735;26680594000;26538044444;26738044444;1398;1386
4736;26680794000;26538044444;26738044444;1400;1388
4738;26680802000;26538044444;26738044444;1400;1388
4739;26681043000;26538044444;26738044444;1400;1388
4741;26721776000;26579722222;26779722222;1398;1386
4742;26721799000;26579722222;26779722222;1400;1388
4743;26722032000;26579722222;26779722222;1398;1386
4745;26722040000;26579722222;26779722222;1400;1388
4746;26722281000;26579722222;26779722222;1398;1386
4747;26722290000;26579722222;26779722222;1400;1388
4751;26722532000;26579722222;26779722222;982;970
4752;26763407000;26621388888;26821388888;1398;1386
4753;26763419000;26621388888;26821388888;1400;1388
4754;26763657000;26621388888;26821388888;1398;1386
4755;26763669000;26621388888;26821388888;1400;1388
4756;26763902000;26621388888;26821388888;1400;1388
4757;26763914000;26621388888;26821388888;1398;1386
4759;26764159000;26621388888;26821388888;1398;1386
4760;26764182000;26621388888;26821388888;1400;1388
4761;26764410000;26621388888;26821388888;1400;1388
4762;26764418000;26621388888;26821388888;982;970
4763;26805086000;26663044444;26863044444;1398;1386
4764;26805098000;26663044444;26863044444;1400;1388
4765;26805343000;26663044444;26863044444;1398;1386
4766;26805355000;26663044444;26863044444;1400;1388
4767;26805588000;26663044444;26863044444;1400;1388
4769;26805599000;26663044444;26863044444;1400;1388
4770;26805799000;26663044444;26863044444;1398;1386
4771;26805804000;26663044444;26863044444;1400;1388
4772;26806088000;26663044444;26863044444;1400;1388
4773;26806096000;26663044444;26863044444;982;970
4774;26846759000;26704755555;26904755555;1398;1386
4775;26846771000;26704755555;26904755555;1400;1388
4776;26847007000;26704755555;26904755555;1398;1386
4777;26847019000;26704755555;26904755555;1400;1388
4778;26847252000;26704755555;26904755555;1400;1388
4779;26847264000;26704755555;26904755555;1398;1386
4780;26847509000;26704755555;26904755555;1400;1388
4781;26847528000;26704755555;26904755555;1398;1386
4782;26847716000;26704755555;26904755555;1400;1388
4783;26847724000;26704755555;26904755555;1400;1388
4784;26848010000;26704755555;26904755555;982;970
4787;26888422000;26746400000;26946400000;1398;1386
4788;26888445000;26746400000;26946400000;1400;1388
4789;26888673000;26746400000;26946400000;1400;1388
4790;26888681000;26746400000;26946400000;1398;1386
4791;26888915000;26746400000;26946400000;1400;1388
4792;26888923000;26746400000;26946400000;1398;1386
4793;26889174000;26746400000;26946400000;1400;1388
4794;26889182000;26746400000;26946400000;1400;1388
4796;26930090000;26788066666;26988066666;1398;1386
4797;26930113000;26788066666;26988066666;1400;1388
4798;26930346000;26788066666;26988066666;1398;1386
4799;26930354000;26788066666;26988066666;1400;1388
4800;26930552000;26788066666;26988066666;1400;1388
4801;26930556000;26788066666;26988066666;1398;1386
4802;26930800000;26788066666;26988066666;1400;1388
4803;26930804000;26788066666;26988066666;1398;1386
4804;26931091000;26788066666;26988066666;1400;1388
4805;26931099000;26788066666;26988066666;1400;1388
4806;26931347000;26788066666;26988066666;982;970
4807;26971752000;26829766666;27029766666;1398;1386
4809;26971764000;26829766666;27029766666;1398;1386
4810;26972002000;26829766666;27029766666;1400;1388
4811;26972010000;26829766666;27029766666;1400;1388
4812;26972246000;26829766666;27029766666;1398;1386
4813;26972254000;26829766666;27029766666;1400;1388
4814;26972504000;26829766666;27029766666;1398;1386
4815;26972520000;26829766666;27029766666;1400;1388
4816;26972755000;26829766666;27029766666;1400;1388
4817;26972763000;26829766666;27029766666;982;970
4818;27013418000;26871400000;27071400000;1398;1386
4819;27013430000;26871400000;27071400000;1400;1388
4820;27013668000;26871400000;27071400000;1398;1386
4821;27013680000;26871400000;27071400000;1400;1388
4822;27013911000;26871400000;27071400000;1400;1388
4823;27013923000;26871400000;27071400000;1398;1386
4824;27014125000;26871400000;27071400000;1400;1388
4825;27014133000;26871400000;27071400000;1398;1386
4826;27014375000;26871400000;27071400000;1400;1388
4827;27014382000;26871400000;27071400000;1400;1388
4828;27014670000;26871400000;27071400000;982;970
4829;27055080000;26913055555;27113055555;1398;1386
4830;27055092000;26913055555;27113055555;1400;1388
4831;27055337000;26913055555;27113055555;1398;1386
4833;27055348000;26913055555;27113055555;1400;1388
4834;27055584000;26913055555;27113055555;1398;1386
4835;27055592000;26913055555;27113055555;1400;1388
4836;27055839000;26913055555;27113055555;1398;1386
4837;27055847000;26913055555;27113055555;1400;1388
4838;27056082000;26913055555;27113055555;1400;1388
4839;27056090000;26913055555;27113055555;982;970
4840;27096762000;26954744444;27154744444;1398;1386
4841;27096773000;26954744444;27154744444;1400;1388
4842;27097010000;26954744444;27154744444;1398;1386
4843;27097022000;26954744444;27154744444;1400;1388
4844;27097219000;26954744444;27154744444;1400;1388
4845;27097226000;26954744444;27154744444;1398;1386
4846;27097520000;26954744444;27154744444;1400;1388
4847;27097532000;26954744444;27154744444;1398;1386
4848;27097731000;26954744444;27154744444;1400;1388
4849;27097739000;26954744444;27154744444;1400;1388
4850;27098015000;26954744444;27154744444;982;970
4851;27138420000;26996388888;27196388888;1398;1386
4852;27138432000;26996388888;27196388888;1400;1388
4853;27138670000;26996388888;27196388888;1398;1386
4854;27138681000;26996388888;27196388888;1400;1388
4855;27138913000;26996388888;27196388888;1400;1388
4856;27138925000;26996388888;27196388888;1398;1386
4857;27139164000;26996388888;27196388888;1400;1388
4858;27139176000;26996388888;27196388888;1398;1386
4859;27139421000;26996388888;27196388888;1400;1388
4863;27180060000;27038055555;27238055555;1400;1388
4864;27180339000;27038055555;27238055555;1398;1386
4865;27180347000;27038055555;27238055555;1400;1388
4866;27180351000;27038055555;27238055555;1400;1388
4867;27180544000;27038055555;27238055555;1398;1386
4868;27180549000;27038055555;27238055555;1400;1388
4869;27180840000;27038055555;27238055555;1398;1386
4870;27180848000;27038055555;27238055555;1400;1388
4871;27181084000;27038055555;27238055555;1400;1388
4872;27181092000;27038055555;27238055555;982;970
4873;27221760000;27079744444;27279744444;1398;1386
4874;27221773000;27079744444;27279744444;1400;1388
4875;27222008000;27079744444;27279744444;1398;1386
4876;27222019000;27079744444;27279744444;1400;1388
4877;27222255000;27079744444;27279744444;1400;1388
4879;27222266000;27079744444;27279744444;1400;1388
4880;27222519000;27079744444;27279744444;1398;1386
4881;27222528000;27079744444;27279744444;1400;1388
4882;27222762000;27079744444;27279744444;1400;1388
4883;27222770000;27079744444;27279744444;982;970
4884;27263421000;27121400000;27321400000;1398;1386
4885;27263433000;27121400000;27321400000;1400;1388
4886;27263671000;27121400000;27321400000;1398;1386
4887;27263682000;27121400000;27321400000;1400;1388
4888;27263877000;27121400000;27321400000;1400;1388
4889;27263885000;27121400000;27321400000;1398;1386
4890;27264171000;27121400000;27321400000;1400;1388
4893;27264183000;27121400000;27321400000;1400;1388
4894;27264377000;27121400000;27321400000;982;970
4895;27305107000;27163044444;27363044444;1398;1386
4896;27305119000;27163044444;27363044444;1400;1388
4897;27305366000;27163044444;27363044444;1398;1386
4898;27305378000;27163044444;27363044444;1400;1388
4899;27305615000;27163044444;27363044444;1400;1388
4900;27305627000;27163044444;27363044444;1398;1386
4901;27305865000;27163044444;27363044444;1400;1388
4902;27305877000;27163044444;27363044444;1398;1386
4903;27306111000;27163044444;27363044444;1400;1388
4905;27306123000;27163044444;27363044444;982;970
4906;27346726000;27204755555;27404755555;1398;1386
4907;27346738000;27204755555;27404755555;1400;1388
4908;27346995000;27204755555;27404755555;1398;1386
4909;27347006000;27204755555;27404755555;1400;1388
4910;27347201000;27204755555;27404755555;1400;1388
4911;27347209000;27204755555;27404755555;1398;1386
4912;27347451000;27204755555;27404755555;1400;1388
4913;27347458000;27204755555;27404755555;1398;1386
4915;27347747000;27204755555;27404755555;1400;1388
4916;27347770000;27204755555;27404755555;982;970
4917;27388420000;27246411111;27446411111;1398;1386
4918;27388432000;27246411111;27446411111;1400;1388
4919;27388670000;27246411111;27446411111;1398;1386
4923;27388681000;27246411111;27446411111;1400;1388
4924;27388914000;27246411111;27446411111;1398;1386
4925;27388922000;27246411111;27446411111;1400;1388
4928;27430085000;27288111111;27488111111;1398;1386
4929;27430109000;27288111111;27488111111;1400;1388
4930;27430340000;27288111111;27488111111;1398;1386
4931;27430348000;27288111111;27488111111;1400;1388
4932;27430586000;27288111111;27488111111;1400;1388
4933;27430594000;27288111111;27488111111;1398;1386
4934;27430843000;27288111111;27488111111;1400;1388
4935;27430851000;27288111111;27488111111;1398;1386
4936;27431047000;27288111111;27488111111;1400;1388
4937;27431051000;27288111111;27488111111;1400;1388
4938;27431343000;27288111111;27488111111;982;970
4939;27471754000;27329755555;27529755555;1398;1386
4942;27471766000;27329755555;27529755555;1400;1388
4943;27472003000;27329755555;27529755555;1400;1388
4944;27472012000;27329755555;27529755555;1398;1386
4946;27472247000;27329755555;27529755555;1398;1386
4948;27472255000;27329755555;27529755555;1400;1388
4949;27472503000;27329755555;27529755555;982;970
4950;27513431000;27371388888;27571388888;1398;1386
4951;27513443000;27371388888;27571388888;1400;1388
4952;27513683000;27371388888;27571388888;1398;1386
4953;27513694000;27371388888;27571388888;1400;1388
4954;27513923000;27371388888;27571388888;1400;1388
4955;27513935000;27371388888;27571388888;1398;1386
4961;27555097000;27413066666;27613066666;1398;1386
4963;27555120000;27413066666;27613066666;1398;1386
4964;27555349000;27413066666;27613066666;1400;1388
4965;27555357000;27413066666;27613066666;1400;1388
4966;27555557000;27413066666;27613066666;1398;1386
4967;27555561000;27413066666;27613066666;1400;1388
4968;27555853000;27413066666;27613066666;1398;1386
4969;27555861000;27413066666;27613066666;1400;1388
4970;27556097000;27413066666;27613066666;1400;1388
4971;27556105000;27413066666;27613066666;982;970
4972;27596762000;27454766666;27654766666;1398;1386
4973;27596774000;27454766666;27654766666;1400;1388
4974;27597011000;27454766666;27654766666;1398;1386
4975;27597023000;27454766666;27654766666;1400;1388
4976;27597256000;27454766666;27654766666;1400;1388
4977;27597268000;27454766666;27654766666;1398;1386
4979;27597532000;27454766666;27654766666;1398;1386
4980;27597555000;27454766666;27654766666;1400;1388
4981;27597764000;27454766666;27654766666;1400;1388
4982;27597772000;27454766666;27654766666;982;970
4983;27638420000;27496400000;27696400000;1398;1386
4984;27638433000;27496400000;27696400000;1400;1388
4985;27638670000;27496400000;27696400000;1398;1386
4986;27638681000;27496400000;27696400000;1400;1388
4987;27638914000;27496400000;27696400000;1400;1388
4988;27638926000;27496400000;27696400000;1398;1386
4989;27639127000;27496400000;27696400000;1400;1388
4990;27639135000;27496400000;27696400000;1398;1386
4992;27639421000;27496400000;27696400000;1400;1388
4993;27639443000;27496400000;27696400000;982;970
4994;27680082000;27538077777;27738077777;1398;1386
4995;27680094000;27538077777;27738077777;1400;1388
4996;27680337000;27538077777;27738077777;1398;1386
4997;27680349000;27538077777;27738077777;1400;1388
4998;27680582000;27538077777;27738077777;1400;1388
4999;27680593000;27538077777;27738077777;1398;1386
5000;27680839000;27538077777;27738077777;1400;1388
5001;27680851000;27538077777;27738077777;1398;1386
5002;27681084000;27538077777;27738077777;1400;1388
5003;27681096000;27538077777;27738077777;1400;1388
5004;27681339000;27538077777;27738077777;982;970
5005;27721729000;27579755555;27779755555;1398;1386
5006;27721960000;27579755555;27779755555;1400;1388
5007;27721968000;27579755555;27779755555;1398;1386
5008;27722248000;27579755555;27779755555;1400;1388
5009;27722260000;27579755555;27779755555;1400;1388
5010;27722274000;27579755555;27779755555;1398;1386
5011;27722462000;27579755555;27779755555;1400;1388
5012;27722469000;27579755555;27779755555;1398;1386
5013;27722756000;27579755555;27779755555;1400;1388
5014;27722767000;27579755555;27779755555;1400;1388
5015;27723005000;27579755555;27779755555;982;970
5016;27763421000;27621388888;27821388888;1398;1386
5017;27763434000;27621388888;27821388888;1400;1388
5018;27763670000;27621388888;27821388888;1398;1386
5019;27763682000;27621388888;27821388888;1400;1388
5020;27763913000;27621388888;27821388888;1400;1388
5021;27763925000;27621388888;27821388888;1398;1386
5022;27764172000;27621388888;27821388888;1400;1388
5023;27764183000;27621388888;27821388888;1398;1386
5024;27764423000;27621388888;27821388888;1400;1388
5025;27764434000;27621388888;27821388888;1400;1388
5026;27764673000;27621388888;27821388888;982;970
5027;27805054000;27663033333;27863033333;1398;1386
5028;27805324000;27663033333;27863033333;1400;1388
5029;27805335000;27663033333;27863033333;1398;1386
5030;27805343000;27663033333;27863033333;1400;1388
5034;27805530000;27663033333;27863033333;1398;1386
5035;27805550000;27663033333;27863033333;1400;1388
5036;27805777000;27663033333;27863033333;1400;1388
5037;27805790000;27663033333;27863033333;982;970
5038;27846775000;27704744444;27904744444;1398;1386
5039;27846787000;27704744444;27904744444;1400;1388
5040;27847032000;27704744444;27904744444;1398;1386
5041;27847044000;27704744444;27904744444;1400;1388
5042;27847280000;27704744444;27904744444;1400;1388
5043;27847292000;27704744444;27904744444;1398;1386
5044;27847532000;27704744444;27904744444;1400;1388
5045;27847543000;27704744444;27904744444;1398;1386
5046;27847783000;27704744444;27904744444;1400;1388
5047;27847795000;27704744444;27904744444;1400;1388
5048;27847802000;27704744444;27904744444;982;970
5049;27888413000;27746377777;27946377777;1398;1386
5050;27888684000;27746377777;27946377777;1400;1388
5051;27888696000;27746377777;27946377777;1398;1386
5052;27888703000;27746377777;27946377777;1400;1388
5054;27888891000;27746377777;27946377777;1398;1386
5055;27888910000;27746377777;27946377777;1400;1388
5057;27889138000;27746377777;27946377777;1400;1388
5059;27889142000;27746377777;27946377777;982;970
5060;27930094000;27788088888;27988088888;1398;1386
5061;27930106000;27788088888;27988088888;1400;1388
5062;27930351000;27788088888;27988088888;1398;1386
5063;27930363000;27788088888;27988088888;1400;1388
5064;27930605000;27788088888;27988088888;1400;1388
5065;27930617000;27788088888;27988088888;1398;1386
5066;27930851000;27788088888;27988088888;1400;1388
5067;27930863000;27788088888;27988088888;1398;1386
5068;27931095000;27788088888;27988088888;1400;1388
5069;27931107000;27788088888;27988088888;1400;1388
5072;27971774000;27829744444;28029744444;1400;1388
5073;27971798000;27829744444;28029744444;1398;1386
5075;27972019000;27829744444;28029744444;1400;1388
5076;27972028000;27829744444;28029744444;1398;1386
5077;27972226000;27829744444;28029744444;1400;1388
5078;27972231000;27829744444;28029744444;1398;1386
5079;27972476000;27829744444;28029744444;1400;1388
5080;27972480000;27829744444;28029744444;1400;1388
5081;27972774000;27829744444;28029744444;982;970
5082;28013430000;27871400000;28071400000;1398;1386
5083;28013442000;27871400000;28071400000;1400;1388
5084;28013681000;27871400000;28071400000;1398;1386
5085;28013692000;27871400000;28071400000;1400;1388
5086;28013924000;27871400000;28071400000;1400;1388
5087;28013936000;27871400000;28071400000;1398;1386
5088;28014181000;27871400000;28071400000;1400;1388
5089;28014193000;27871400000;28071400000;1398;1386
5090;28014431000;27871400000;28071400000;1400;1388
5091;28014443000;27871400000;28071400000;1400;1388
5092;28014682000;27871400000;28071400000;982;970
5093;28055051000;27913077777;28113077777;1398;1386
5094;28055282000;27913077777;28113077777;1400;1388
5095;28055290000;27913077777;28113077777;1398;1386
5096;28055530000;27913077777;28113077777;1400;1388
5097;28055537000;27913077777;28113077777;1400;1388
5098;28055544000;27913077777;28113077777;1398;1386
5099;28055779000;27913077777;28113077777;1400;1388
5100;28055786000;27913077777;28113077777;1398;1386
5101;28056068000;27913077777;28113077777;1400;1388
5102;28056080000;27913077777;28113077777;1400;1388
5103;28056324000;27913077777;28113077777;982;970
5104;28096755000;27954733333;28154733333;1398;1386
5107;28096767000;27954733333;28154733333;1400;1388
5108;28097006000;27954733333;28154733333;1400;1388
5109;28097014000;27954733333;28154733333;1398;1386
5111;28097248000;27954733333;28154733333;1398;1386
5112;28097256000;27954733333;28154733333;1400;1388
5113;28097506000;27954733333;28154733333;1400;1388
5114;28097523000;27954733333;28154733333;982;970
5115;28138431000;27996388888;28196388888;1398;1386
5116;28138443000;27996388888;28196388888;1400;1388
5118;28138680000;27996388888;28196388888;1400;1388
5119;28138703000;27996388888;28196388888;1400;1388
5120;28138885000;27996388888;28196388888;1398;1386
5121;28138889000;27996388888;28196388888;1400;1388
5122;28139175000;27996388888;28196388888;1398;1386
5123;28139184000;27996388888;28196388888;1400;1388
5124;28139432000;27996388888;28196388888;1400;1388
5125;28139441000;27996388888;28196388888;982;970
5126;28180093000;28038066666;28238066666;1398;1386
5127;28180105000;28038066666;28238066666;1400;1388
5128;28180348000;28038066666;28238066666;1398;1386
5129;28180360000;28038066666;28238066666;1400;1388
5134;28180593000;28038066666;28238066666;1400;1388
5135;28180616000;28038066666;28238066666;1400;1388
5136;28180848000;28038066666;28238066666;982;970
5137;28221754000;28079733333;28279733333;1398;1386
5138;28221766000;28079733333;28279733333;1400;1388
5139;28222004000;28079733333;28279733333;1398;1386
5140;28222016000;28079733333;28279733333;1400;1388
5141;28222210000;28079733333;28279733333;1400;1388
5142;28222218000;28079733333;28279733333;1398;1386
5143;28222505000;28079733333;28279733333;1400;1388
5144;28222527000;28079733333;28279733333;1398;1386
5145;28222756000;28079733333;28279733333;1400;1388
5146;28222768000;28079733333;28279733333;1400;1388
5147;28223006000;28079733333;28279733333;982;970
5148;28263407000;28121388888;28321388888;1398;1386
5149;28263419000;28121388888;28321388888;1400;1388
5151;28263658000;28121388888;28321388888;1400;1388
5152;28263681000;28121388888;28321388888;1400;1388
5153;28263900000;28121388888;28321388888;1398;1386
5154;28263908000;28121388888;28321388888;1400;1388
5155;28264158000;28121388888;28321388888;1398;1386
5156;28264166000;28121388888;28321388888;1400;1388
5157;28264362000;28121388888;28321388888;1400;1388
5158;28264366000;28121388888;28321388888;982;970
5159;28305098000;28163033333;28363033333;1398;1386
5160;28305117000;28163033333;28363033333;1400;1388
5161;28305367000;28163033333;28363033333;1398;1386
5162;28305378000;28163033333;28363033333;1400;1388
5163;28305615000;28163033333;28363033333;1400;1388
5164;28305627000;28163033333;28363033333;1398;1386
5165;28305821000;28163033333;28363033333;1400;1388
5166;28305829000;28163033333;28363033333;1398;1386
5167;28306109000;28163033333;28363033333;1400;1388
5168;28306121000;28163033333;28363033333;1400;1388
5169;28306128000;28163033333;28363033333;982;970
5170;28346772000;28204744444;28404744444;1398;1386
5171;28346784000;28204744444;28404744444;1400;1388
5172;28347020000;28204744444;28404744444;1398;1386
5173;28347031000;28204744444;28404744444;1400;1388
5174;28347265000;28204744444;28404744444;1400;1388
5175;28347277000;28204744444;28404744444;1398;1386
5176;28347529000;28204744444;28404744444;1400;1388
5177;28347541000;28204744444;28404744444;1398;1386
5178;28347729000;28204744444;28404744444;1400;1388
5179;28347737000;28204744444;28404744444;1400;1388
5180;28348023000;28204744444;28404744444;982;970
5181;28388421000;28246411111;28446411111;1398;1386
5182;28388432000;28246411111;28446411111;1400;1388
5183;28388671000;28246411111;28446411111;1398;1386
5184;28388682000;28246411111;28446411111;1400;1388
5185;28388913000;28246411111;28446411111;1400;1388
5186;28388924000;28246411111;28446411111;1398;1386
5188;28389127000;28246411111;28446411111;1398;1386
5189;28389145000;28246411111;28446411111;1400;1388
5190;28389421000;28246411111;28446411111;1400;1388
5191;28389429000;28246411111;28446411111;982;970
5193;28430081000;28288088888;28488088888;1400;1388
5194;28430105000;28288088888;28488088888;1398;1386
5195;28430337000;28288088888;28488088888;1400;1388
5196;28430345000;28288088888;28488088888;1400;1388
5197;28430581000;28288088888;28488088888;1398;1386
5198;28430589000;28288088888;28488088888;1400;1388
5199;28430840000;28288088888;28488088888;1398;1386
5200;28430848000;28288088888;28488088888;1400;1388
5201;28431084000;28288088888;28488088888;1400;1388
5202;28431092000;28288088888;28488088888;982;970
5203;28471762000;28329722222;28529722222;1398;1386
5205;28471774000;28329722222;28529722222;1398;1386
5206;28472011000;28329722222;28529722222;1400;1388
5207;28472019000;28329722222;28529722222;1400;1388
5208;28472216000;28329722222;28529722222;1398;1386
5210;28472220000;28329722222;28529722222;1398;1386
5211;28472465000;28329722222;28529722222;1400;1388
5212;28472469000;28329722222;28529722222;1400;1388
5214;28513429000;28371377777;28571377777;1398;1386
5215;28513452000;28371377777;28571377777;1400;1388
5216;28513678000;28371377777;28571377777;1398;1386
5217;28513686000;28371377777;28571377777;1400;1388
5218;28513936000;28371377777;28571377777;1400;1388
5219;28513944000;28371377777;28571377777;1398;1386
5220;28514185000;28371377777;28571377777;1400;1388
5221;28514193000;28371377777;28571377777;1398;1386
5222;28514436000;28371377777;28571377777;1400;1388
5223;28514444000;28371377777;28571377777;1400;1388
5224;28514447000;28371377777;28571377777;982;970
5225;28555069000;28413033333;28613033333;1398;1386
5226;28555081000;28413033333;28613033333;1400;1388
5227;28555323000;28413033333;28613033333;1398;1386
5228;28555334000;28413033333;28613033333;1400;1388
5229;28555530000;28413033333;28613033333;1400;1388
5230;28555538000;28413033333;28613033333;1398;1386
5231;28555779000;28413033333;28613033333;1400;1388
5232;28555786000;28413033333;28613033333;1398;1386
5233;28556069000;28413033333;28613033333;1400;1388
5234;28556081000;28413033333;28613033333;1400;1388
5235;28556325000;28413033333;28613033333;982;970
5236;28596765000;28454755555;28654755555;1398;1386
5237;28596778000;28454755555;28654755555;1400;1388
5238;28597015000;28454755555;28654755555;1398;1386
5239;28597027000;28454755555;28654755555;1400;1388
5240;28597258000;28454755555;28654755555;1400;1388
5241;28597270000;28454755555;28654755555;1398;1386
5242;28597474000;28454755555;28654755555;1400;1388
5244;28597482000;28454755555;28654755555;1400;1388
5245;28597767000;28454755555;28654755555;1400;1388
5246;28597775000;28454755555;28654755555;982;970
5248;28638431000;28496411111;28696411111;1400;1388
5249;28638455000;28496411111;28696411111;1398;1386
5250;28638682000;28496411111;28696411111;1400;1388
5251;28638690000;28496411111;28696411111;1400;1388
5252;28638886000;28496411111;28696411111;1398;1386
5253;28638890000;28496411111;28696411111;1400;1388
5254;28639184000;28496411111;28696411111;1398;1386
5255;28639192000;28496411111;28696411111;1400;1388
5256;28639434000;28496411111;28696411111;1400;1388
5257;28639442000;28496411111;28696411111;982;970
5258;28680080000;28538088888;28738088888;1398;1386
5259;28680092000;28538088888;28738088888;1400;1388
5260;28680337000;28538088888;28738088888;1398;1386
5261;28680348000;28538088888;28738088888;1400;1388
5262;28680581000;28538088888;28738088888;1400;1388
5263;28680592000;28538088888;28738088888;1398;1386
5264;28680838000;28538088888;28738088888;1400;1388
5265;28680850000;28538088888;28738088888;1398;1386
5266;28681082000;28538088888;28738088888;1400;1388
5267;28681093000;28538088888;28738088888;1400;1388
5268;28681339000;28538088888;28738088888;982;970
5269;28721713000;28579744444;28779744444;1398;1386
5270;28721945000;28579744444;28779744444;1400;1388
5271;28721953000;28579744444;28779744444;1398;1386
5272;28722233000;28579744444;28779744444;1400;1388
5273;28722245000;28579744444;28779744444;1400;1388
5274;28722253000;28579744444;28779744444;1398;1386
5275;28722445000;28579744444;28779744444;1400;1388
5276;28722453000;28579744444;28779744444;1398;1386
5277;28722741000;28579744444;28779744444;1400;1388
5278;28722753000;28579744444;28779744444;1400;1388
5279;28722991000;28579744444;28779744444;982;970
5280;28763423000;28621388888;28821388888;1398;1386
5281;28763435000;28621388888;28821388888;1400;1388
5282;28763673000;28621388888;28821388888;1398;1386
5283;28763685000;28621388888;28821388888;1400;1388
5284;28763916000;28621388888;28821388888;1400;1388
5285;28763928000;28621388888;28821388888;1398;1386
5286;28764174000;28621388888;28821388888;1400;1388
5287;28764186000;28621388888;28821388888;1398;1386
5288;28764425000;28621388888;28821388888;1400;1388
5289;28764436000;28621388888;28821388888;1400;1388
5290;28764676000;28621388888;28821388888;982;970
5293;28805092000;28663033333;28863033333;1398;1386
5294;28805116000;28663033333;28863033333;1400;1388
5295;28805302000;28663033333;28863033333;1400;1388
5296;28805593000;28663033333;28863033333;1398;1386
5297;28805601000;28663033333;28863033333;1400;1388
5299;28805605000;28663033333;28863033333;1400;1388
5300;28805849000;28663033333;28863033333;1400;1388
5301;28805857000;28663033333;28863033333;982;970
5302;28846741000;28704766666;28904766666;1398;1386
5303;28846753000;28704766666;28904766666;1400;1388
5304;28846990000;28704766666;28904766666;1398;1386
5305;28847002000;28704766666;28904766666;1400;1388
5307;28847233000;28704766666;28904766666;1398;1386
5308;28847256000;28704766666;28904766666;1400;1388
5309;28847491000;28704766666;28904766666;1398;1386
5310;28847499000;28704766666;28904766666;1400;1388
5311;28847743000;28704766666;28904766666;1400;1388
5312;28847751000;28704766666;28904766666;982;970
5313;28888406000;28746377777;28946377777;1398;1386
5314;28888418000;28746377777;28946377777;1400;1388
5315;28888657000;28746377777;28946377777;1398;1386
5316;28888669000;28746377777;28946377777;1400;1388
5317;28888863000;28746377777;28946377777;1400;1388
5318;28888871000;28746377777;28946377777;1398;1386
5319;28889158000;28746377777;28946377777;1400;1388
5320;28889169000;28746377777;28946377777;1398;1386
5321;28889407000;28746377777;28946377777;1400;1388
5322;28889419000;28746377777;28946377777;1400;1388
5323;28889615000;28746377777;28946377777;982;970
5325;28930100000;28788055555;28988055555;1400;1388
5326;28930120000;28788055555;28988055555;1398;1386
5327;28930378000;28788055555;28988055555;1400;1388
5328;28930386000;28788055555;28988055555;1400;1388
5329;28930627000;28788055555;28988055555;1398;1386
5330;28930636000;28788055555;28988055555;1400;1388
5331;28930831000;28788055555;28988055555;1398;1386
5332;28930835000;28788055555;28988055555;1400;1388
5333;28931121000;28788055555;28988055555;1400;1388
5334;28931129000;28788055555;28988055555;982;970
5335;28971771000;28829755555;29029755555;1398;1386
5336;28971783000;28829755555;29029755555;1400;1388
5337;28972020000;28829755555;29029755555;1398;1386
5338;28972032000;28829755555;29029755555;1400;1388
5339;28972264000;28829755555;29029755555;1400;1388
5340;28972276000;28829755555;29029755555;1398;1386
5341;28972529000;28829755555;29029755555;1400;1388
5342;28972541000;28829755555;29029755555;1398;1386
5344;28972729000;28829755555;29029755555;1400;1388
5345;28972747000;28829755555;29029755555;982;970
5346;29013425000;28871400000;29071400000;1398;1386
5347;29013437000;28871400000;29071400000;1400;1388
5349;29013688000;28871400000;29071400000;1400;1388
5350;29013711000;28871400000;29071400000;1400;1388
5351;29013945000;28871400000;29071400000;1398;1386
5352;29013953000;28871400000;29071400000;1400;1388
5353;29014149000;28871400000;29071400000;1398;1386
5354;29014153000;28871400000;29071400000;1400;1388
5355;29014446000;28871400000;29071400000;1400;1388
5356;29014455000;28871400000;29071400000;982;970
5357;29055083000;28913044444;29113044444;1398;1386
5358;29055095000;28913044444;29113044444;1400;1388
5359;29055338000;28913044444;29113044444;1398;1386
5360;29055350000;28913044444;29113044444;1400;1388
5361;29055583000;28913044444;29113044444;1400;1388
5362;29055595000;28913044444;29113044444;1398;1386
5364;29055840000;28913044444;29113044444;1398;1386
5365;29055863000;28913044444;29113044444;1400;1388
5366;29056085000;28913044444;29113044444;1400;1388
5367;29056093000;28913044444;29113044444;982;970
5368;29096759000;28954733333;29154733333;1398;1386
5369;29096772000;28954733333;29154733333;1400;1388
5370;29097009000;28954733333;29154733333;1398;1386
5371;29097020000;28954733333;29154733333;1400;1388
5372;29097217000;28954733333;29154733333;1400;1388
5373;29097224000;28954733333;29154733333;1398;1386
5374;29097467000;28954733333;29154733333;1400;1388
5375;29097474000;28954733333;29154733333;1398;1386
5376;29097764000;28954733333;29154733333;1400;1388
5377;29097775000;28954733333;29154733333;1400;1388
5378;29097783000;28954733333;29154733333;982;970
5379;29138420000;28996388888;29196388888;1398;1386
5380;29138432000;28996388888;29196388888;1400;1388
5381;29138670000;28996388888;29196388888;1398;1386
5382;29138682000;28996388888;29196388888;1400;1388
5383;29138913000;28996388888;29196388888;1400;1388
5384;29138925000;28996388888;29196388888;1398;1386
5385;29139164000;28996388888;29196388888;1400;1388
5386;29139176000;28996388888;29196388888;1398;1386
5387;29139422000;28996388888;29196388888;1400;1388
5388;29139434000;28996388888;29196388888;1400;1388
5390;29180079000;29038044444;29238044444;1398;1386
5391;29180102000;29038044444;29238044444;1400;1388
5392;29180335000;29038044444;29238044444;1398;1386
5393;29180343000;29038044444;29238044444;1400;1388
5394;29180541000;29038044444;29238044444;1400;1388
5395;29180545000;29038044444;29238044444;1398;1386
5396;29180789000;29038044444;29238044444;1400;1388
5397;29180793000;29038044444;29238044444;1398;1386
5398;29181080000;29038044444;29238044444;1400;1388
5399;29181088000;29038044444;29238044444;1400;1388
5401;29221759000;29079733333;29279733333;1398;1386
5402;29221784000;29079733333;29279733333;1400;1388
5403;29222008000;29079733333;29279733333;1398;1386
5404;29222016000;29079733333;29279733333;1400;1388
5406;29222253000;29079733333;29279733333;1398;1386
5407;29222262000;29079733333;29279733333;1400;1388
5408;29222510000;29079733333;29279733333;1398;1386
5409;29222526000;29079733333;29279733333;1400;1388
5410;29222762000;29079733333;29279733333;1400;1388
5411;29222770000;29079733333;29279733333;982;970
5412;29263407000;29121388888;29321388888;1398;1386
5413;29263419000;29121388888;29321388888;1400;1388
5415;29263661000;29121388888;29321388888;1400;1388
5417;29263684000;29121388888;29321388888;1398;1386
5418;29263861000;29121388888;29321388888;1400;1388
5419;29263865000;29121388888;29321388888;1398;1386
5421;29264157000;29121388888;29321388888;1400;1388
5422;29264165000;29121388888;29321388888;982;970
5423;29305070000;29163033333;29363033333;1398;1386
5424;29305082000;29163033333;29363033333;1400;1388
5425;29305324000;29163033333;29363033333;1398;1386
5426;29305336000;29163033333;29363033333;1400;1388
5427;29305568000;29163033333;29363033333;1400;1388
5428;29305580000;29163033333;29363033333;1398;1386
5429;29305829000;29163033333;29363033333;1400;1388
5430;29305841000;29163033333;29363033333;1398;1386
5431;29306069000;29163033333;29363033333;1400;1388
5432;29306081000;29163033333;29363033333;1400;1388
5433;29306283000;29163033333;29363033333;982;970
5434;29346792000;29204744444;29404744444;1398;1386
5435;29346805000;29204744444;29404744444;1400;1388
5436;29347020000;29204744444;29404744444;1398;1386
5437;29347032000;29204744444;29404744444;1400;1388
5438;29347246000;29204744444;29404744444;1400;1388
5439;29347254000;29204744444;29404744444;1398;1386
5440;29347497000;29204744444;29404744444;1400;1388
5441;29347504000;29204744444;29404744444;1398;1386
5442;29347773000;29204744444;29404744444;1400;1388
5443;29347785000;29204744444;29404744444;1400;1388
5444;29347793000;29204744444;29404744444;982;970
5445;29388426000;29246411111;29446411111;1398;1386
5446;29388438000;29246411111;29446411111;1400;1388
5448;29388676000;29246411111;29446411111;1400;1388
5449;29388690000;29246411111;29446411111;1400;1388
5450;29388902000;29246411111;29446411111;1398;1386
5451;29388907000;29246411111;29446411111;1400;1388
5452;29389151000;29246411111;29446411111;1398;1386
5453;29389155000;29246411111;29446411111;1400;1388
5454;29389401000;29246411111;29446411111;1400;1388
5455;29389405000;29246411111;29446411111;982;970
5456;29430088000;29288111111;29488111111;1398;1386
5457;29430098000;29288111111;29488111111;1400;1388
5459;29430319000;29288111111;29488111111;1400;1388
5460;29430327000;29288111111;29488111111;1400;1388
5461;29430595000;29288111111;29488111111;1398;1386
5462;29430603000;29288111111;29488111111;1400;1388
5463;29430848000;29288111111;29488111111;1398;1386
5464;29430857000;29288111111;29488111111;1400;1388
5465;29431068000;29288111111;29488111111;1400;1388
5466;29431072000;29288111111;29488111111;982;970
5467;29471773000;29329722222;29529722222;1398;1386
5468;29471786000;29329722222;29529722222;1400;1388
5469;29472000000;29329722222;29529722222;1398;1386
5470;29472012000;29329722222;29529722222;1400;1388
5471;29472251000;29329722222;29529722222;1400;1388
5472;29472263000;29329722222;29529722222;1398;1386
5474;29472502000;29329722222;29529722222;1398;1386
5475;29472526000;29329722222;29529722222;1400;1388
5476;29472752000;29329722222;29529722222;1400;1388
5477;29472761000;29329722222;29529722222;982;970
5478;29513407000;29371377777;29571377777;1398;1386
5479;29513425000;29371377777;29571377777;1400;1388
5480;29513662000;29371377777;29571377777;1398;1386
5481;29513674000;29371377777;29571377777;1400;1388
5483;29513912000;29371377777;29571377777;1398;1386
5484;29513926000;29371377777;29571377777;1400;1388
5485;29514137000;29371377777;29571377777;1398;1386
5486;29514141000;29371377777;29571377777;1400;1388
5487;29514386000;29371377777;29571377777;1400;1388
5488;29514390000;29371377777;29571377777;982;970
5489;29555119000;29413044444;29613044444;1398;1386
5491;29555132000;29413044444;29613044444;1398;1386
5492;29555347000;29413044444;29613044444;1400;1388
5493;29555355000;29413044444;29613044444;1400;1388
5494;29555598000;29413044444;29613044444;1398;1386
5495;29555606000;29413044444;29613044444;1400;1388
5497;29555848000;29413044444;29613044444;1400;1388
5498;29555857000;29413044444;29613044444;1400;1388
5499;29556098000;29413044444;29613044444;982;970
