seqnum;now;rtptime;deadline;packet_len;payload_len
0;14784777000;14294922222;14794922222;10240;10228
1;14784826000;14294922222;14794922222;10240;10228
2;14784839000;14294922222;14794922222;10240;10228
3;14784843000;14326300000;14826300000;10240;10228
4;14985124000;14326300000;14826300000;10240;10228
5;14985153000;14326300000;14826300000;10240;10228
6;14985173000;14326300000;14826300000;10240;10228
7;14985177000;14326300000;14826300000;10240;10228
8;14985183000;14326300000;14826300000;10240;10228
9;14985191000;14326300000;14826300000;10240;10228
10;15013495000;14326311111;14826311111;10240;10228
11;15013518000;14326655555;14826655555;10240;10228
12;15185419000;14326655555;14826655555;10240;10228
13;15185433000;14326655555;14826655555;10240;10228
14;15185439000;14367955555;14867955555;10240;10228
15;15185447000;14367955555;14867955555;10240;10228
16;15185458000;14367955555;14867955555;10240;10228
17;15185463000;14367955555;14867955555;10240;10228
18;15185470000;14367955555;14867955555;10240;10228
19;15185474000;14367955555;14867955555;10240;10228
20;15185478000;14367955555;14867955555;10240;10228
21;15185483000;14367966666;14867966666;10240;10228
22;15185710000;14368366666;14868366666;10240;10228
23;15185732000;14368366666;14868366666;10240;10228
24;15213843000;14368366666;14868366666;10240;10228
25;15213863000;14409611111;14909611111;10240;10228
26;15242277000;14409611111;14909611111;10240;10228
27;15242296000;14409611111;14909611111;10240;10228
28;15385660000;14409611111;14909611111;10240;10228
29;15385683000;14409611111;14909611111;10240;10228
30;15385693000;14409611111;14909611111;10240;10228
31;15385698000;14409611111;14909611111;10240;10228
32;15385704000;14409622222;14909622222;10240;10228
33;15385710000;14409955555;14909955555;10240;10228
34;15385715000;14409955555;14909955555;10240;10228
35;15385729000;14409955555;14909955555;10240;10228
36;15385735000;14451277777;14951277777;10240;10228
37;15385749000;14451277777;14951277777;10240;10228
38;15385753000;14451277777;14951277777;10240;10228
39;15385757000;14451277777;14951277777;10240;10228
40;15385815000;14451277777;14951277777;10240;10228
41;15385827000;14451277777;14951277777;10240;10228
42;15385832000;14451277777;14951277777;10240;10228
43;15385836000;14451300000;14951300000;10240;10228
44;15385841000;14451633333;14951633333;10240;10228
45;15385850000;14451633333;14951633333;10240;10228
46;15385855000;14451633333;14951633333;10240;10228
47;15385859000;14492944444;14992944444;10240;10228
48;15385924000;14492944444;14992944444;10240;10228
49;15385936000;14492944444;14992944444;10240;10228
50;15385941000;14492944444;14992944444;10240;10228
51;15385945000;14492944444;14992944444;10240;10228
52;15414112000;14492944444;14992944444;10240;10228
53;15414132000;14492944444;14992944444;10240;10228
54;15440638000;14492966666;14992966666;10240;10228
55;15440658000;14493277777;14993277777;10240;10228
56;15442551000;14493277777;14993277777;10240;10228
57;15442561000;14493277777;14993277777;10240;10228
58;15442566000;14534611111;15034611111;10240;10228
59;15442570000;14534611111;15034611111;10240;10228
60;15585961000;14534611111;15034611111;10240;10228
61;15585983000;14534611111;15034611111;10240;10228
62;15585989000;14534611111;15034611111;10240;10228
63;15585993000;14534611111;15034611111;10240;10228
64;15586001000;14534611111;15034611111;10240;10228
65;15586007000;14534633333;15034633333;10240;10228
66;15586011000;14534911111;15034911111;10240;10228
67;15586016000;14534911111;15034911111;10240;10228
68;15586025000;14534911111;15034911111;10240;10228
69;15586034000;14576277777;15076277777;10240;10228
70;15586039000;14576277777;15076277777;10240;10228
71;15586074000;14576277777;15076277777;10240;10228
72;15586103000;14576277777;15076277777;10240;10228
73;15586109000;14576277777;15076277777;10240;10228
74;15586113000;14576277777;15076277777;10240;10228
75;15586117000;14576277777;15076277777;10240;10228
76;15586124000;14576300000;15076300000;10240;10228
77;15586132000;14576633333;15076633333;10240;10228
78;15586136000;14576633333;15076633333;10240;10228
79;15586141000;14576633333;15076633333;10240;10228
80;15586177000;14617944444;15117944444;10240;10228
81;15586182000;14617944444;15117944444;10240;10228
82;15586188000;14617944444;15117944444;10240;10228
83;15586192000;14617944444;15117944444;10240;10228
84;15586198000;14617944444;15117944444;10240;10228
85;15586202000;14617944444;15117944444;10240;10228
86;15586207000;14617944444;15117944444;10240;10228
87;15586211000;14617966666;15117966666;10240;10228
88;15586241000;14618277777;15118277777;10240;10228
89;15586246000;14618277777;15118277777;10240;10228
90;15586249000;14618277777;15118277777;10240;10228
91;15586308000;14659633333;15159633333;10240;10228
92;15586319000;14659633333;15159633333;10240;10228
93;15586325000;14659633333;15159633333;10240;10228
94;15586329000;14659633333;15159633333;10240;10228
95;15586334000;14659633333;15159633333;10240;10228
96;15586338000;14659633333;15159633333;10240;10228
97;15586347000;14659633333;15159633333;10240;10228
98;15586354000;14659644444;15159644444;10240;10228
99;15586359000;14659977777;15159977777;10240;10228
100;15586417000;14659977777;15159977777;10240;10228
101;15586454000;14659977777;15159977777;10240;10228
102;15586459000;14701277777;15201277777;10240;10228
103;15586464000;14701277777;15201277777;10240;10228
104;15586468000;14701277777;15201277777;10240;10228
105;15586481000;14701277777;15201277777;10240;10228
106;15613227000;14701277777;15201277777;10240;10228
107;15613245000;14701277777;15201277777;10240;10228
108;15614333000;14701277777;15201277777;10240;10228
109;15614342000;14701300000;15201300000;10240;10228
110;15614348000;14701544444;15201544444;10240;10228
111;15614352000;14701544444;15201544444;10240;10228
112;15640895000;14701544444;15201544444;10240;10228
113;15640904000;14742944444;15242944444;10240;10228
114;15642781000;14742944444;15242944444;10240;10228
115;15642791000;14742944444;15242944444;10240;10228
116;15642797000;14742944444;15242944444;10240;10228
117;15642801000;14742944444;15242944444;10240;10228
118;15642805000;14742944444;15242944444;10240;10228
119;15642866000;14742944444;15242944444;10240;10228
120;15642875000;14742966666;15242966666;10240;10228
121;15642894000;14743277777;15243277777;10240;10228
122;15642898000;14743277777;15243277777;10240;10228
123;15642902000;14743277777;15243277777;10240;10228
124;15786264000;14784611111;15284611111;10240;10228
125;15786275000;14784611111;15284611111;10240;10228
126;15786280000;14784611111;15284611111;10240;10228
127;15786285000;14784611111;15284611111;10240;10228
128;15786289000;14784611111;15284611111;10240;10228
129;15786294000;14784611111;15284611111;10240;10228
130;15786305000;14784611111;15284611111;10240;10228
131;15786314000;14784622222;15284622222;10240;10228
132;15786321000;14784933333;15284933333;10240;10228
133;15786325000;14784933333;15284933333;10240;10228
134;15786330000;14784933333;15284933333;10240;10228
135;15786334000;14826277777;15326277777;10240;10228
136;15786354000;14826277777;15326277777;10240;10228
137;15786359000;14826277777;15326277777;10240;10228
138;15786364000;14826277777;15326277777;10240;10228
139;15786367000;14826277777;15326277777;10240;10228
140;15786470000;14826277777;15326277777;10240;10228
141;15786482000;14826277777;15326277777;10240;10228
142;15786487000;14826300000;15326300000;10240;10228
143;15786494000;14826577777;15326577777;10240;10228
144;15786498000;14826577777;15326577777;10240;10228
145;15786503000;14826577777;15326577777;10240;10228
146;15786507000;14867944444;15367944444;10240;10228
147;15786512000;14867944444;15367944444;10240;10228
148;15786515000;14867944444;15367944444;10240;10228
149;15786772000;14867944444;15367944444;10240;10228
150;15786782000;14867944444;15367944444;10240;10228
151;15786788000;14867944444;15367944444;10240;10228
152;15786792000;14867944444;15367944444;10240;10228
153;15786797000;14867955555;15367955555;10240;10228
154;15786801000;14868277777;15368277777;10240;10228
155;15786806000;14868277777;15368277777;10240;10228
156;15786810000;14868277777;15368277777;10240;10228
157;15786814000;14909611111;15409611111;10240;10228
158;15786824000;14909611111;15409611111;10240;10228
159;15786838000;14909611111;15409611111;10240;10228
160;15786843000;14909611111;15409611111;10240;10228
161;15786852000;14909611111;15409611111;10240;10228
162;15786857000;14909611111;15409611111;10240;10228
163;15786861000;14909611111;15409611111;10240;10228
164;15786869000;14909622222;15409622222;10240;10228
165;15786873000;14909922222;15409922222;10240;10228
166;15786878000;14909922222;15409922222;10240;10228
167;15786882000;14909922222;15409922222;10240;10228
168;15786886000;14951277777;15451277777;10240;10228
169;15786891000;14951277777;15451277777;10240;10228
170;15786895000;14951277777;15451277777;10240;10228
171;15786900000;14951277777;15451277777;10240;10228
172;15786904000;14951277777;15451277777;10240;10228
174;15786909000;14951277777;15451277777;10240;10228
175;15786918000;14951288888;15451288888;10240;10228
176;15786927000;14951588888;15451588888;10240;10228
177;15786931000;14951588888;15451588888;10240;10228
179;15786936000;14992944444;15492944444;10240;10228
180;15786941000;14992944444;15492944444;10240;10228
181;15813732000;14992944444;15492944444;10240;10228
182;15813743000;14992944444;15492944444;10240;10228
183;15813748000;14992944444;15492944444;10240;10228
184;15813753000;14992944444;15492944444;10240;10228
185;15813757000;14992944444;15492944444;10240;10228
186;15814633000;14992966666;15492966666;10240;10228
187;15814644000;14993255555;15493255555;10240;10228
188;15814649000;14993255555;15493255555;10240;10228
189;15841161000;14993255555;15493255555;10240;10228
190;15841176000;15034611111;15534611111;10240;10228
191;15841181000;15034611111;15534611111;10240;10228
192;15843072000;15034611111;15534611111;10240;10228
193;15843081000;15034611111;15534611111;10240;10228
194;15843088000;15034611111;15534611111;10240;10228
195;15843092000;15034611111;15534611111;10240;10228
196;15843151000;15034611111;15534611111;10240;10228
197;15843162000;15034622222;15534622222;10240;10228
198;15843168000;15034900000;15534900000;10240;10228
199;15843182000;15034900000;15534900000;10240;10228
200;15986547000;15034900000;15534900000;10240;10228
201;15986558000;15076277777;15576277777;10240;10228
202;15986563000;15076277777;15576277777;10240;10228
203;15986568000;15076277777;15576277777;10240;10228
204;15986572000;15076277777;15576277777;10240;10228
205;15986586000;15076277777;15576277777;10240;10228
206;15986591000;15076277777;15576277777;10240;10228
207;15986651000;15076277777;15576277777;10240;10228
208;15986662000;15076300000;15576300000;10240;10228
209;15986668000;15076577777;15576577777;10240;10228
210;15986673000;15076577777;15576577777;10240;10228
211;15986677000;15076577777;15576577777;10240;10228
212;15986683000;15117944444;15617944444;10240;10228
213;15986692000;15117944444;15617944444;10240;10228
214;15986697000;15117944444;15617944444;10240;10228
215;15986702000;15117944444;15617944444;10240;10228
216;15986763000;15117944444;15617944444;10240;10228
217;15986773000;15117944444;15617944444;10240;10228
218;15986778000;15117944444;15617944444;10240;10228
219;15986782000;15117955555;15617955555;10240;10228
220;15986788000;15118288888;15618288888;10240;10228
221;15986793000;15118288888;15618288888;10240;10228
222;15986797000;15118288888;15618288888;10240;10228
223;15986801000;15159611111;15659611111;10240;10228
224;15986805000;15159611111;15659611111;10240;10228
225;15986943000;15159611111;15659611111;10240;10228
226;15986953000;15159611111;15659611111;10240;10228
227;15986958000;15159611111;15659611111;10240;10228
228;15986967000;15159611111;15659611111;10240;10228
229;15986978000;15159611111;15659611111;10240;10228
230;15986986000;15159622222;15659622222;10240;10228
231;15986992000;15159922222;15659922222;10240;10228
232;15986996000;15159922222;15659922222;10240;10228
234;15987072000;15201255555;15701255555;10240;10228
235;15987094000;15201255555;15701255555;10240;10228
236;15987100000;15201255555;15701255555;10240;10228
237;15987113000;15201255555;15701255555;10240;10228
238;15987119000;15201255555;15701255555;10240;10228
239;15987124000;15201255555;15701255555;10240;10228
240;15987128000;15201255555;15701255555;10240;10228
241;15987140000;15201266666;15701266666;10240;10228
242;15987145000;15201533333;15701533333;10240;10228
243;15987150000;15201533333;15701533333;10240;10228
244;15987154000;15201533333;15701533333;10240;10228
245;15987160000;15242944444;15742944444;10240;10228
246;15987169000;15242944444;15742944444;10240;10228
247;15987177000;15242944444;15742944444;10240;10228
248;15987184000;15242944444;15742944444;10240;10228
249;15987212000;15242944444;15742944444;10240;10228
250;15987219000;15242944444;15742944444;10240;10228
251;15987233000;15242944444;15742944444;10240;10228
252;15987245000;15242955555;15742955555;10240;10228
253;15987250000;15243277777;15743277777;10240;10228
254;15987262000;15243277777;15743277777;10240;10228
255;15987269000;15243277777;15743277777;10240;10228
256;15987278000;15284611111;15784611111;10240;10228
257;15987285000;15284611111;15784611111;10240;10228
258;15987293000;15284611111;15784611111;10240;10228
259;16013947000;15284611111;15784611111;10240;10228
262;16013964000;15284611111;15784611111;10240;10228
263;16013970000;15284633333;15784633333;10240;10228
264;16014872000;15284911111;15784911111;10240;10228
265;16014891000;15284911111;15784911111;10240;10228
266;16014895000;15284911111;15784911111;10240;10228
267;16041343000;15326288888;15826288888;10240;10228
268;16041358000;15326288888;15826288888;10240;10228
269;16041365000;15326288888;15826288888;10240;10228
270;16043305000;15326288888;15826288888;10240;10228
271;16043318000;15326288888;15826288888;10240;10228
272;16043322000;15326288888;15826288888;10240;10228
273;16043332000;15326288888;15826288888;10240;10228
274;16043343000;15326300000;15826300000;10240;10228
275;16043349000;15326555555;15826555555;10240;10228
276;16043367000;15326555555;15826555555;10240;10228
277;16186880000;15326555555;15826555555;10240;10228
278;16186922000;15367944444;15867944444;10240;10228
279;16186929000;15367944444;15867944444;10240;10228
280;16186939000;15367944444;15867944444;10240;10228
281;16186945000;15367944444;15867944444;10240;10228
282;16186954000;15367944444;15867944444;10240;10228
283;16186959000;15367944444;15867944444;10240;10228
284;16186964000;15367944444;15867944444;10240;10228
285;16186968000;15367955555;15867955555;10240;10228
286;16186974000;15368266666;15868266666;10240;10228
287;16186989000;15368266666;15868266666;10240;10228
288;16186993000;15368266666;15868266666;10240;10228
289;16187201000;15409588888;15909588888;10240;10228
290;16187212000;15409588888;15909588888;10240;10228
291;16187217000;15409588888;15909588888;10240;10228
292;16187222000;15409588888;15909588888;10240;10228
293;16187227000;15409588888;15909588888;10240;10228
294;16187231000;15409588888;15909588888;10240;10228
295;16187237000;15409588888;15909588888;10240;10228
296;16187258000;15409600000;15909600000;10240;10228
297;16187269000;15409855555;15909855555;10240;10228
298;16187275000;15409855555;15909855555;10240;10228
299;16187284000;15409855555;15909855555;10240;10228
300;16187290000;15451288888;15951288888;10240;10228
301;16187299000;15451288888;15951288888;10240;10228
302;16187305000;15451288888;15951288888;10240;10228
303;16187313000;15451288888;15951288888;10240;10228
304;16187324000;15451288888;15951288888;10240;10228
305;16187331000;15451288888;15951288888;10240;10228
306;16187342000;15451288888;15951288888;10240;10228
307;16187346000;15451300000;15951300000;10240;10228
308;16187355000;15451577777;15951577777;10240;10228
309;16187381000;15451577777;15951577777;10240;10228
310;16187390000;15451577777;15951577777;10240;10228
311;16187395000;15492955555;15992955555;10240;10228
312;16187406000;15492955555;15992955555;10240;10228
313;16187413000;15492955555;15992955555;10240;10228
314;16187425000;15492955555;15992955555;10240;10228
315;16187441000;15492955555;15992955555;10240;10228
316;16187446000;15492955555;15992955555;10240;10228
317;16187455000;15492955555;15992955555;10240;10228
318;16187460000;15492966666;15992966666;10240;10228
319;16187469000;15493266666;15993266666;10240;10228
320;16187476000;15493266666;15993266666;10240;10228
321;16187488000;15493266666;15993266666;10240;10228
322;16187510000;15534611111;16034611111;10240;10228
323;16187515000;15534611111;16034611111;10240;10228
324;16187519000;15534611111;16034611111;10240;10228
325;16187523000;15534611111;16034611111;10240;10228
326;16187527000;15534611111;16034611111;10240;10228
327;16187534000;15534611111;16034611111;10240;10228
328;16187641000;15534611111;16034611111;10240;10228
329;16187653000;15534622222;16034622222;10240;10228
330;16187662000;15534900000;16034900000;10240;10228
331;16187669000;15534900000;16034900000;10240;10228
332;16187678000;15534900000;16034900000;10240;10228
333;16187682000;15576277777;16076277777;10240;10228
334;16187694000;15576277777;16076277777;10240;10228
335;16187699000;15576277777;16076277777;10240;10228
336;16187710000;15576277777;16076277777;10240;10228
337;16187714000;15576277777;16076277777;10240;10228
338;16214397000;15576277777;16076277777;10240;10228
339;16214425000;15576277777;16076277777;10240;10228
340;16214434000;15576300000;16076300000;10240;10228
341;16214443000;15576577777;16076577777;10240;10228
342;16214448000;15576577777;16076577777;10240;10228
343;16215320000;15576577777;16076577777;10240;10228
344;16215331000;15617922222;16117922222;10240;10228
345;16215339000;15617922222;16117922222;10240;10228
346;16215361000;15617922222;16117922222;10240;10228
347;16241838000;15617922222;16117922222;10240;10228
348;16241851000;15617922222;16117922222;10240;10228
349;16241868000;15617922222;16117922222;10240;10228
350;16243605000;15617922222;16117922222;10240;10228
351;16243623000;15617933333;16117933333;10240;10228
352;16243634000;15618233333;16118233333;10240;10228
353;16243642000;15618233333;16118233333;10240;10228
355;16243651000;15659577777;16159577777;10240;10228
356;16387194000;15659577777;16159577777;10240;10228
357;16387220000;15659577777;16159577777;10240;10228
358;16387225000;15659577777;16159577777;10240;10228
359;16387232000;15659577777;16159577777;10240;10228
362;16387236000;15659588888;16159588888;10240;10228
363;16387244000;15659855555;16159855555;10240;10228
364;16387248000;15659855555;16159855555;10240;10228
365;16387253000;15659855555;16159855555;10240;10228
366;16387258000;15701288888;16201288888;10240;10228
367;16387473000;15701288888;16201288888;10240;10228
368;16387484000;15701288888;16201288888;10240;10228
369;16387490000;15701288888;16201288888;10240;10228
370;16387495000;15701288888;16201288888;10240;10228
371;16387515000;15701288888;16201288888;10240;10228
372;16387523000;15701288888;16201288888;10240;10228
373;16387528000;15701300000;16201300000;10240;10228
374;16387537000;15701533333;16201533333;10240;10228
375;16387541000;15701533333;16201533333;10240;10228
376;16387562000;15701533333;16201533333;10240;10228
377;16387567000;15742955555;16242955555;10240;10228
378;16387573000;15742955555;16242955555;10240;10228
379;16387581000;15742955555;16242955555;10240;10228
380;16387591000;15742955555;16242955555;10240;10228
382;16387605000;15742955555;16242955555;10240;10228
383;16387611000;15742955555;16242955555;10240;10228
384;16387618000;15743011111;16243011111;10240;10228
385;16387632000;15743333333;16243333333;10240;10228
386;16387639000;15743333333;16243333333;10240;10228
387;16387643000;15743333333;16243333333;10240;10228
388;16387658000;15784611111;16284611111;10240;10228
389;16387663000;15784611111;16284611111;10240;10228
390;16387673000;15784611111;16284611111;10240;10228
391;16387677000;15784611111;16284611111;10240;10228
392;16387743000;15784611111;16284611111;10240;10228
393;16387756000;15784611111;16284611111;10240;10228
394;16387768000;15784611111;16284611111;10240;10228
395;16387779000;15784633333;16284633333;10240;10228
396;16387784000;15784900000;16284900000;10240;10228
397;16387794000;15784900000;16284900000;10240;10228
398;16387809000;15784900000;16284900000;10240;10228
399;16387817000;15826266666;16326266666;10240;10228
400;16387821000;15826266666;16326266666;10240;10228
401;16387838000;15826266666;16326266666;10240;10228
402;16387859000;15826266666;16326266666;10240;10228
403;16387868000;15826266666;16326266666;10240;10228
404;16387891000;15826266666;16326266666;10240;10228
405;16387896000;15826266666;16326266666;10240;10228
406;16387904000;15826288888;16326288888;10240;10228
407;16387910000;15826555555;16326555555;10240;10228
408;16387918000;15826555555;16326555555;10240;10228
409;16387922000;15826555555;16326555555;10240;10228
410;16387931000;15867944444;16367944444;10240;10228
411;16387936000;15867944444;16367944444;10240;10228
412;16387952000;15867944444;16367944444;10240;10228
413;16387958000;15867944444;16367944444;10240;10228
414;16387968000;15867944444;16367944444;10240;10228
415;16387972000;15867944444;16367944444;10240;10228
416;16387984000;15867944444;16367944444;10240;10228
417;16414653000;15867955555;16367955555;10240;10228
418;16414677000;15868277777;16368277777;10240;10228
419;16414685000;15868277777;16368277777;10240;10228
421;16415508000;15909622222;16409622222;10240;10228
423;16415527000;15909622222;16409622222;10240;10228
424;16415536000;15909622222;16409622222;10240;10228
425;16415546000;15909622222;16409622222;10240;10228
426;16442084000;15909622222;16409622222;10240;10228
427;16442098000;15909622222;16409622222;10240;10228
428;16443792000;15909633333;16409633333;10240;10228
429;16443881000;15909911111;16409911111;10240;10228
430;16443892000;15909911111;16409911111;10240;10228
431;16443898000;15909911111;16409911111;10240;10228
432;16443902000;15951277777;16451277777;10240;10228
433;16443907000;15951277777;16451277777;10240;10228
434;16443911000;15951277777;16451277777;10240;10228
435;16587459000;15951277777;16451277777;10240;10228
436;16587472000;15951277777;16451277777;10240;10228
437;16587485000;15951277777;16451277777;10240;10228
438;16587491000;15951277777;16451277777;10240;10228
439;16587496000;15951288888;16451288888;10240;10228
440;16587505000;15951566666;16451566666;10240;10228
441;16587510000;15951566666;16451566666;10240;10228
442;16587530000;15951566666;16451566666;10240;10228
443;16587535000;15992933333;16492933333;10240;10228
444;16587543000;15992933333;16492933333;10240;10228
445;16587548000;15992933333;16492933333;10240;10228
446;16587638000;15992933333;16492933333;10240;10228
447;16587649000;15992933333;16492933333;10240;10228
448;16587672000;15992933333;16492933333;10240;10228
449;16587682000;15992933333;16492933333;10240;10228
450;16587687000;15992955555;16492955555;10240;10228
451;16587751000;15993244444;16493244444;10240;10228
452;16587762000;15993244444;16493244444;10240;10228
453;16587767000;15993244444;16493244444;10240;10228
454;16587772000;16034600000;16534600000;10240;10228
455;16587778000;16034600000;16534600000;10240;10228
456;16587786000;16034600000;16534600000;10240;10228
457;16587795000;16034600000;16534600000;10240;10228
458;16587799000;16034600000;16534600000;10240;10228
459;16587856000;16034600000;16534600000;10240;10228
460;16587867000;16034600000;16534600000;10240;10228
461;16587875000;16034611111;16534611111;10240;10228
462;16587880000;16034888888;16534888888;10240;10228
463;16587885000;16034888888;16534888888;10240;10228
464;16587889000;16034888888;16534888888;10240;10228
465;16587893000;16076266666;16576266666;10240;10228
466;16587899000;16076266666;16576266666;10240;10228
467;16587911000;16076266666;16576266666;10240;10228
468;16587920000;16076266666;16576266666;10240;10228
469;16587929000;16076266666;16576266666;10240;10228
470;16587934000;16076266666;16576266666;10240;10228
471;16587943000;16076266666;16576266666;10240;10228
472;16587947000;16076288888;16576288888;10240;10228
473;16587965000;16076555555;16576555555;10240;10228
474;16587976000;16076555555;16576555555;10240;10228
475;16587989000;16076555555;16576555555;10240;10228
476;16587994000;16117944444;16617944444;10240;10228
477;16588016000;16117944444;16617944444;10240;10228
478;16588023000;16117944444;16617944444;10240;10228
479;16588032000;16117944444;16617944444;10240;10228
480;16588038000;16117944444;16617944444;10240;10228
481;16588067000;16117944444;16617944444;10240;10228
482;16588079000;16117944444;16617944444;10240;10228
483;16588084000;16117966666;16617966666;10240;10228
484;16588092000;16118288888;16618288888;10240;10228
485;16588115000;16118288888;16618288888;10240;10228
486;16588121000;16118288888;16618288888;10240;10228
487;16588130000;16159611111;16659611111;10240;10228
488;16588136000;16159611111;16659611111;10240;10228
489;16588165000;16159611111;16659611111;10240;10228
490;16588177000;16159611111;16659611111;10240;10228
491;16588181000;16159611111;16659611111;10240;10228
492;16588192000;16159611111;16659611111;10240;10228
493;16588196000;16159611111;16659611111;10240;10228
494;16588213000;16159622222;16659622222;10240;10228
495;16588219000;16159900000;16659900000;10240;10228
496;16614925000;16159900000;16659900000;10240;10228
497;16614939000;16159900000;16659900000;10240;10228
498;16614947000;16201266666;16701266666;10240;10228
499;16615698000;16201266666;16701266666;10240;10228
501;16615718000;16201266666;16701266666;10240;10228
502;16615728000;16201266666;16701266666;10240;10228
503;16615735000;16201266666;16701266666;10240;10228
504;16615747000;16201266666;16701266666;10240;10228
505;16642309000;16201288888;16701288888;10240;10228
506;16642332000;16201544444;16701544444;10240;10228
507;16644014000;16201544444;16701544444;10240;10228
508;16644074000;16201544444;16701544444;10240;10228
509;16644084000;16242933333;16742933333;10240;10228
510;16644090000;16242933333;16742933333;10240;10228
511;16644095000;16242933333;16742933333;10240;10228
512;16644102000;16242933333;16742933333;10240;10228
513;16644106000;16242933333;16742933333;10240;10228
514;16787730000;16242933333;16742933333;10240;10228
515;16787754000;16242933333;16742933333;10240;10228
516;16787765000;16242955555;16742955555;10240;10228
517;16787774000;16243266666;16743266666;10240;10228
518;16787778000;16243266666;16743266666;10240;10228
519;16787783000;16243266666;16743266666;10240;10228
520;16787812000;16284600000;16784600000;10240;10228
521;16787818000;16284600000;16784600000;10240;10228
522;16787826000;16284600000;16784600000;10240;10228
523;16787832000;16284600000;16784600000;10240;10228
524;16787836000;16284600000;16784600000;10240;10228
527;16787853000;16284622222;16784622222;10240;10228
528;16787863000;16284900000;16784900000;10240;10228
529;16787870000;16284900000;16784900000;10240;10228
530;16787923000;16284900000;16784900000;10240;10228
531;16787928000;16326288888;16826288888;10240;10228
532;16787978000;16326288888;16826288888;10240;10228
533;16787983000;16326288888;16826288888;10240;10228
534;16787988000;16326288888;16826288888;10240;10228
535;16788001000;16326288888;16826288888;10240;10228
536;16788009000;16326288888;16826288888;10240;10228
537;16788013000;16326288888;16826288888;10240;10228
538;16788019000;16326300000;16826300000;10240;10228
539;16788057000;16326566666;16826566666;10240;10228
540;16788069000;16326566666;16826566666;10240;10228
541;16788076000;16326566666;16826566666;10240;10228
542;16788100000;16367944444;16867944444;10240;10228
543;16788111000;16367944444;16867944444;10240;10228
544;16788116000;16367944444;16867944444;10240;10228
545;16788125000;16367944444;16867944444;10240;10228
546;16788130000;16367944444;16867944444;10240;10228
547;16788151000;16367944444;16867944444;10240;10228
548;16788159000;16367944444;16867944444;10240;10228
549;16788164000;16367955555;16867955555;10240;10228
550;16788168000;16368266666;16868266666;10240;10228
551;16788202000;16368266666;16868266666;10240;10228
552;16788209000;16368266666;16868266666;10240;10228
553;16788217000;16409600000;16909600000;10240;10228
554;16788228000;16409600000;16909600000;10240;10228
555;16788249000;16409600000;16909600000;10240;10228
556;16788261000;16409600000;16909600000;10240;10228
557;16788265000;16409600000;16909600000;10240;10228
558;16788274000;16409600000;16909600000;10240;10228
559;16788303000;16409600000;16909600000;10240;10228
560;16788311000;16409611111;16909611111;10240;10228
561;16788322000;16409900000;16909900000;10240;10228
562;16788334000;16409900000;16909900000;10240;10228
563;16788346000;16409900000;16909900000;10240;10228
564;16788354000;16451266666;16951266666;10240;10228
565;16788361000;16451266666;16951266666;10240;10228
566;16788369000;16451266666;16951266666;10240;10228
567;16788382000;16451266666;16951266666;10240;10228
568;16788401000;16451266666;16951266666;10240;10228
569;16788410000;16451266666;16951266666;10240;10228
570;16788415000;16451266666;16951266666;10240;10228
571;16788425000;16451288888;16951288888;10240;10228
572;16788449000;16451555555;16951555555;10240;10228
573;16788459000;16451555555;16951555555;10240;10228
574;16788464000;16451555555;16951555555;10240;10228
575;16815165000;16492955555;16992955555;10240;10228
576;16815177000;16492955555;16992955555;10240;10228
577;16815186000;16492955555;16992955555;10240;10228
578;16815907000;16492955555;16992955555;10240;10228
579;16815928000;16492955555;16992955555;10240;10228
580;16815938000;16492955555;16992955555;10240;10228
581;16815945000;16492955555;16992955555;10240;10228
582;16815950000;16492966666;16992966666;10240;10228
583;16815959000;16493266666;16993266666;10240;10228
584;16842556000;16493266666;16993266666;10240;10228
585;16842575000;16493266666;16993266666;10240;10228
586;16844284000;16534611111;17034611111;10240;10228
587;16844294000;16534611111;17034611111;10240;10228
588;16844301000;16534611111;17034611111;10240;10228
589;16844315000;16534611111;17034611111;10240;10228
590;16844321000;16534611111;17034611111;10240;10228
591;16844331000;16534611111;17034611111;10240;10228
592;16988011000;16534611111;17034611111;10240;10228
593;16988021000;16534622222;17034622222;10240;10228
594;16988026000;16534911111;17034911111;10240;10228
595;16988037000;16534911111;17034911111;10240;10228
596;16988059000;16534911111;17034911111;10240;10228
597;16988083000;16576277777;17076277777;10240;10228
598;16988089000;16576277777;17076277777;10240;10228
599;16988094000;16576277777;17076277777;10240;10228
600;16988099000;16576277777;17076277777;10240;10228
601;16988111000;16576277777;17076277777;10240;10228
602;16988115000;16576277777;17076277777;10240;10228
603;16988134000;16576277777;17076277777;10240;10228
604;16988139000;16576288888;17076288888;10240;10228
605;16988146000;16576577777;17076577777;10240;10228
606;16988151000;16576577777;17076577777;10240;10228
607;16988156000;16576577777;17076577777;10240;10228
608;16988183000;16617933333;17117933333;10240;10228
609;16988187000;16617933333;17117933333;10240;10228
610;16988195000;16617933333;17117933333;10240;10228
611;16988200000;16617933333;17117933333;10240;10228
613;16988210000;16617933333;17117933333;10240;10228
614;16988242000;16617933333;17117933333;10240;10228
615;16988248000;16617955555;17117955555;10240;10228
616;16988266000;16618266666;17118266666;10240;10228
617;16988279000;16618266666;17118266666;10240;10228
618;16988286000;16618266666;17118266666;10240;10228
619;16988297000;16659611111;17159611111;10240;10228
620;16988310000;16659611111;17159611111;10240;10228
621;16988315000;16659611111;17159611111;10240;10228
622;16988331000;16659611111;17159611111;10240;10228
623;16988336000;16659611111;17159611111;10240;10228
624;16988347000;16659611111;17159611111;10240;10228
625;16988352000;16659611111;17159611111;10240;10228
626;16988363000;16659622222;17159622222;10240;10228
627;16988380000;16659911111;17159911111;10240;10228
628;16988391000;16659911111;17159911111;10240;10228
629;16988395000;16659911111;17159911111;10240;10228
630;16988403000;16701288888;17201288888;10240;10228
631;16988431000;16701288888;17201288888;10240;10228
632;16988439000;16701288888;17201288888;10240;10228
633;16988448000;16701288888;17201288888;10240;10228
634;16988459000;16701288888;17201288888;10240;10228
635;16988481000;16701288888;17201288888;10240;10228
636;16988489000;16701288888;17201288888;10240;10228
637;16988494000;16701300000;17201300000;10240;10228
638;16988503000;16701555555;17201555555;10240;10228
639;16988533000;16701555555;17201555555;10240;10228
640;16988541000;16701555555;17201555555;10240;10228
641;16988552000;16742944444;17242944444;10240;10228
642;16988563000;16742944444;17242944444;10240;10228
643;16988576000;16742944444;17242944444;10240;10228
644;16988584000;16742944444;17242944444;10240;10228
645;16988591000;16742944444;17242944444;10240;10228
646;16988600000;16742944444;17242944444;10240;10228
647;16988612000;16742944444;17242944444;10240;10228
648;16988631000;16742966666;17242966666;10240;10228
649;16988639000;16743277777;17243277777;10240;10228
650;16988646000;16743277777;17243277777;10240;10228
651;16988651000;16743277777;17243277777;10240;10228
652;16988680000;16784611111;17284611111;10240;10228
653;16988687000;16784611111;17284611111;10240;10228
654;17015394000;16784611111;17284611111;10240;10228
655;17015407000;16784611111;17284611111;10240;10228
656;17015415000;16784611111;17284611111;10240;10228
657;17016091000;16784611111;17284611111;10240;10228
658;17016129000;16784611111;17284611111;10240;10228
659;17016138000;16784633333;17284633333;10240;10228
660;17016162000;16784911111;17284911111;10240;10228
661;17016173000;16784911111;17284911111;10240;10228
662;17016185000;16784911111;17284911111;10240;10228
663;17042772000;16826266666;17326266666;10240;10228
664;17044504000;16826266666;17326266666;10240;10228
665;17044520000;16826266666;17326266666;10240;10228
666;17044525000;16826266666;17326266666;10240;10228
667;17044530000;16826266666;17326266666;10240;10228
668;17044534000;16826266666;17326266666;10240;10228
669;17044546000;16826266666;17326266666;10240;10228
670;17044551000;16826288888;17326288888;10240;10228
671;17188265000;16826566666;17326566666;10240;10228
672;17188295000;16826566666;17326566666;10240;10228
673;17188303000;16826566666;17326566666;10240;10228
674;17188309000;16867944444;17367944444;10240;10228
675;17188318000;16867944444;17367944444;10240;10228
676;17188377000;16867944444;17367944444;10240;10228
677;17188386000;16867944444;17367944444;10240;10228
678;17188396000;16867944444;17367944444;10240;10228
679;17188403000;16867944444;17367944444;10240;10228
680;17188409000;16867944444;17367944444;10240;10228
681;17188413000;16867966666;17367966666;10240;10228
682;17188418000;16868277777;17368277777;10240;10228
684;17188422000;16868277777;17368277777;10240;10228
685;17188428000;16909622222;17409622222;10240;10228
686;17188444000;16909622222;17409622222;10240;10228
687;17188453000;16909622222;17409622222;10240;10228
688;17188473000;16909622222;17409622222;10240;10228
689;17188492000;16909622222;17409622222;10240;10228
690;17188499000;16909622222;17409622222;10240;10228
691;17188503000;16909622222;17409622222;10240;10228
692;17188508000;16909633333;17409633333;10240;10228
693;17188512000;16909922222;17409922222;10240;10228
694;17188523000;16909922222;17409922222;10240;10228
695;17188542000;16909922222;17409922222;10240;10228
696;17188547000;16951277777;17451277777;10240;10228
697;17188554000;16951277777;17451277777;10240;10228
698;17188558000;16951277777;17451277777;10240;10228
699;17188585000;16951277777;17451277777;10240;10228
700;17188597000;16951277777;17451277777;10240;10228
701;17188607000;16951277777;17451277777;10240;10228
702;17188612000;16951277777;17451277777;10240;10228
703;17188636000;16951300000;17451300000;10240;10228
704;17188641000;16951577777;17451577777;10240;10228
705;17188651000;16951577777;17451577777;10240;10228
706;17188655000;16951577777;17451577777;10240;10228
707;17188685000;16992933333;17492933333;10240;10228
708;17188693000;16992933333;17492933333;10240;10228
709;17188701000;16992933333;17492933333;10240;10228
710;17188709000;16992933333;17492933333;10240;10228
713;17188735000;16992933333;17492933333;10240;10228
714;17188747000;16992944444;17492944444;10240;10228
715;17188754000;16993255555;17493255555;10240;10228
716;17188763000;16993255555;17493255555;10240;10228
717;17188768000;16993255555;17493255555;10240;10228
718;17188787000;17034611111;17534611111;10240;10228
719;17188795000;17034611111;17534611111;10240;10228
720;17188802000;17034611111;17534611111;10240;10228
721;17188808000;17034611111;17534611111;10240;10228
722;17188835000;17034611111;17534611111;10240;10228
723;17188843000;17034611111;17534611111;10240;10228
724;17188850000;17034611111;17534611111;10240;10228
725;17188857000;17034622222;17534622222;10240;10228
726;17188885000;17035044444;17535044444;10240;10228
727;17188894000;17035044444;17535044444;10240;10228
728;17188899000;17035044444;17535044444;10240;10228
729;17188911000;17076277777;17576277777;10240;10228
730;17188916000;17076277777;17576277777;10240;10228
731;17188935000;17076277777;17576277777;10240;10228
732;17188940000;17076277777;17576277777;10240;10228
733;17215645000;17076277777;17576277777;10240;10228
734;17215659000;17076277777;17576277777;10240;10228
735;17215664000;17076277777;17576277777;10240;10228
736;17216358000;17076288888;17576288888;10240;10228
737;17218059000;17076577777;17576577777;10240;10228
738;17218076000;17076577777;17576577777;10240;10228
739;17218082000;17076577777;17576577777;10240;10228
740;17218087000;17117966666;17617966666;10240;10228
741;17218091000;17117966666;17617966666;10240;10228
742;17243052000;17117966666;17617966666;10240;10228
743;17243073000;17117966666;17617966666;10240;10228
744;17244780000;17117966666;17617966666;10240;10228
745;17244790000;17117966666;17617966666;10240;10228
746;17244796000;17117966666;17617966666;10240;10228
747;17244800000;17118000000;17618000000;10240;10228
748;17259758000;17118322222;17618322222;10240;10228
749;17259769000;17118322222;17618322222;10240;10228
750;17388565000;17118322222;17618322222;10240;10228
751;17388589000;17159633333;17659633333;10240;10228
752;17388600000;17159633333;17659633333;10240;10228
753;17388605000;17159633333;17659633333;10240;10228
754;17388610000;17159633333;17659633333;10240;10228
755;17388615000;17159633333;17659633333;10240;10228
756;17388693000;17159633333;17659633333;10240;10228
757;17388705000;17159633333;17659633333;10240;10228
758;17388709000;17159644444;17659644444;10240;10228
759;17388715000;17159955555;17659955555;10240;10228
760;17388718000;17159955555;17659955555;10240;10228
761;17388722000;17159955555;17659955555;10240;10228
683;17388736000;16868277777;17368277777;10240;10228
711;17388908000;16992933333;17492933333;10240;10228
712;17388919000;16992933333;17492933333;10240;10228
762;17388941000;17201266666;17701266666;10240;10228
763;17389012000;17201266666;17701266666;10240;10228
764;17389088000;17201266666;17701266666;10240;10228
765;17389099000;17201266666;17701266666;10240;10228
766;17389115000;17201266666;17701266666;10240;10228
767;17389120000;17201266666;17701266666;10240;10228
768;17389124000;17201266666;17701266666;10240;10228
769;17389128000;17201288888;17701288888;10240;10228
770;17389132000;17201555555;17701555555;10240;10228
771;17415911000;17201555555;17701555555;10240;10228
772;17415921000;17201555555;17701555555;10240;10228
773;17415926000;17242933333;17742933333;10240;10228
774;17415932000;17242933333;17742933333;10240;10228
775;17416588000;17242933333;17742933333;10240;10228
776;17418283000;17242933333;17742933333;10240;10228
777;17418296000;17242933333;17742933333;10240;10228
778;17418302000;17242933333;17742933333;10240;10228
779;17418306000;17242933333;17742933333;10240;10228
780;17418310000;17242955555;17742955555;10240;10228
781;17443282000;17243266666;17743266666;10240;10228
782;17443302000;17243266666;17743266666;10240;10228
783;17444968000;17243266666;17743266666;10240;10228
784;17444979000;17284600000;17784600000;10240;10228
785;17444984000;17284600000;17784600000;10240;10228
786;17444990000;17284600000;17784600000;10240;10228
787;17460093000;17284600000;17784600000;10240;10228
788;17460103000;17284600000;17784600000;10240;10228
789;17588869000;17284600000;17784600000;10240;10228
790;17588890000;17284600000;17784600000;10240;10228
791;17588901000;17284622222;17784622222;10240;10228
792;17588907000;17284911111;17784911111;10240;10228
793;17588913000;17284911111;17784911111;10240;10228
794;17588918000;17284911111;17784911111;10240;10228
795;17588923000;17326288888;17826288888;10240;10228
796;17588927000;17326288888;17826288888;10240;10228
797;17588932000;17326288888;17826288888;10240;10228
798;17588936000;17326288888;17826288888;10240;10228
799;17588940000;17326288888;17826288888;10240;10228
800;17588945000;17326288888;17826288888;10240;10228
801;17588949000;17326288888;17826288888;10240;10228
802;17588953000;17326300000;17826300000;10240;10228
803;17589204000;17326577777;17826577777;10240;10228
804;17589241000;17326577777;17826577777;10240;10228
805;17589248000;17326577777;17826577777;10240;10228
806;17589255000;17367944444;17867944444;10240;10228
807;17589259000;17367944444;17867944444;10240;10228
808;17589265000;17367944444;17867944444;10240;10228
809;17589269000;17367944444;17867944444;10240;10228
810;17589273000;17367944444;17867944444;10240;10228
811;17589277000;17367944444;17867944444;10240;10228
812;17589281000;17367944444;17867944444;10240;10228
813;17616211000;17367966666;17867966666;10240;10228
814;17616222000;17368300000;17868300000;10240;10228
815;17616228000;17368300000;17868300000;10240;10228
816;17616233000;17368300000;17868300000;10240;10228
817;17616247000;17409600000;17909600000;10240;10228
818;17618537000;17409600000;17909600000;10240;10228
819;17618551000;17409600000;17909600000;10240;10228
820;17618555000;17409600000;17909600000;10240;10228
821;17618559000;17409600000;17909600000;10240;10228
822;17618564000;17409600000;17909600000;10240;10228
823;17618567000;17409600000;17909600000;10240;10228
824;17643548000;17409622222;17909622222;10240;10228
825;17643569000;17409900000;17909900000;10240;10228
826;17645219000;17409900000;17909900000;10240;10228
827;17645229000;17409900000;17909900000;10240;10228
828;17645243000;17451266666;17951266666;10240;10228
829;17660344000;17451266666;17951266666;10240;10228
830;17660365000;17451266666;17951266666;10240;10228
831;17688736000;17451266666;17951266666;10240;10228
832;17789171000;17451266666;17951266666;10240;10228
833;17789181000;17451266666;17951266666;10240;10228
834;17789188000;17451266666;17951266666;10240;10228
835;17789193000;17451288888;17951288888;10240;10228
836;17789198000;17451566666;17951566666;10240;10228
837;17789203000;17451566666;17951566666;10240;10228
838;17789207000;17451566666;17951566666;10240;10228
839;17789212000;17492955555;17992955555;10240;10228
840;17789216000;17492955555;17992955555;10240;10228
841;17789476000;17492955555;17992955555;10240;10228
842;17789488000;17492955555;17992955555;10240;10228
843;17789493000;17492955555;17992955555;10240;10228
844;17789497000;17492955555;17992955555;10240;10228
845;17789503000;17492955555;17992955555;10240;10228
846;17789507000;17492966666;17992966666;10240;10228
847;17789511000;17493288888;17993288888;10240;10228
848;17789515000;17493288888;17993288888;10240;10228
849;17789519000;17493288888;17993288888;10240;10228
850;17789524000;17534611111;18034611111;10240;10228
851;17789528000;17534611111;18034611111;10240;10228
852;17789533000;17534611111;18034611111;10240;10228
853;17789537000;17534611111;18034611111;10240;10228
854;17789546000;17534611111;18034611111;10240;10228
855;17789551000;17534611111;18034611111;10240;10228
856;17789556000;17534611111;18034611111;10240;10228
857;17816683000;17534633333;18034633333;10240;10228
858;17816695000;17534911111;18034911111;10240;10228
859;17816700000;17534911111;18034911111;10240;10228
860;17816714000;17534911111;18034911111;10240;10228
861;17818843000;17576277777;18076277777;10240;10228
862;17818858000;17576277777;18076277777;10240;10228
863;17818865000;17576277777;18076277777;10240;10228
864;17818870000;17576277777;18076277777;10240;10228
865;17818882000;17576277777;18076277777;10240;10228
866;17818887000;17576277777;18076277777;10240;10228
867;17818892000;17576277777;18076277777;10240;10228
868;17843815000;17576300000;18076300000;10240;10228
870;17845656000;17576611111;18076611111;10240;10228
871;17845679000;17576611111;18076611111;10240;10228
872;17860663000;17617944444;18117944444;10240;10228
873;17860672000;17617944444;18117944444;10240;10228
874;17886918000;17617944444;18117944444;10240;10228
875;17917364000;17617944444;18117944444;10240;10228
876;17989434000;17617944444;18117944444;10240;10228
877;17989459000;17617944444;18117944444;10240;10228
878;17989465000;17617944444;18117944444;10240;10228
879;17989560000;17617966666;18117966666;10240;10228
880;17989577000;17618266666;18118266666;10240;10228
881;17989582000;17618266666;18118266666;10240;10228
882;17989586000;17618266666;18118266666;10240;10228
883;17989590000;17659611111;18159611111;10240;10228
884;17989602000;17659611111;18159611111;10240;10228
885;17989718000;17659611111;18159611111;10240;10228
886;17989729000;17659611111;18159611111;10240;10228
887;17989736000;17659611111;18159611111;10240;10228
888;17989740000;17659611111;18159611111;10240;10228
889;17989744000;17659611111;18159611111;10240;10228
890;17989764000;17659622222;18159622222;10240;10228
891;17989771000;17659911111;18159911111;10240;10228
892;17989776000;17659911111;18159911111;10240;10228
893;17989780000;17659911111;18159911111;10240;10228
894;17989785000;17701277777;18201277777;10240;10228
895;17989789000;17701277777;18201277777;10240;10228
896;17989810000;17701277777;18201277777;10240;10228
897;17989816000;17701277777;18201277777;10240;10228
898;17989821000;17701277777;18201277777;10240;10228
899;17989825000;17701277777;18201277777;10240;10228
900;17989829000;17701277777;18201277777;10240;10228
901;17989914000;17701300000;18201300000;10240;10228
902;18017040000;17701555555;18201555555;10240;10228
903;18017074000;17701555555;18201555555;10240;10228
904;18017079000;17701555555;18201555555;10240;10228
905;18017093000;17742944444;18242944444;10240;10228
906;18019122000;17742944444;18242944444;10240;10228
907;18019134000;17742944444;18242944444;10240;10228
908;18019139000;17742944444;18242944444;10240;10228
911;18019144000;17742944444;18242944444;10240;10228
912;18019166000;17742955555;18242955555;10240;10228
913;18044098000;17743266666;18243266666;10240;10228
914;18045938000;17743266666;18243266666;10240;10228
915;18045949000;17743266666;18243266666;10240;10228
869;18060966000;17576611111;18076611111;10240;10228
916;18190005000;17784611111;18284611111;10240;10228
917;18190020000;17784611111;18284611111;10240;10228
918;18190027000;17784611111;18284611111;10240;10228
919;18190032000;17784611111;18284611111;10240;10228
920;18190041000;17784611111;18284611111;10240;10228
921;18190066000;17784611111;18284611111;10240;10228
922;18190079000;17784611111;18284611111;10240;10228
923;18190094000;17784633333;18284633333;10240;10228
924;18190112000;17784933333;18284933333;10240;10228
925;18217286000;17784933333;18284933333;10240;10228
926;18217297000;17784933333;18284933333;10240;10228
928;18217301000;17826277777;18326277777;10240;10228
929;18219369000;17826277777;18326277777;10240;10228
930;18219381000;17826277777;18326277777;10240;10228
931;18219386000;17826277777;18326277777;10240;10228
932;18219390000;17826277777;18326277777;10240;10228
933;18244349000;17826277777;18326277777;10240;10228
934;18244359000;17826300000;18326300000;10240;10228
935;18244367000;17826577777;18326577777;10240;10228
936;18244371000;17826577777;18326577777;10240;10228
937;18246123000;17826577777;18326577777;10240;10228
938;18246132000;17867955555;18367955555;10240;10228
939;18390222000;17867955555;18367955555;10240;10228
940;18390233000;17867955555;18367955555;10240;10228
941;18390238000;17867955555;18367955555;10240;10228
942;18390242000;17867955555;18367955555;10240;10228
943;18390250000;17867955555;18367955555;10240;10228
944;18390260000;17867955555;18367955555;10240;10228
945;18390264000;17867966666;18367966666;10240;10228
946;18390276000;17868300000;18368300000;10240;10228
947;18390295000;17868300000;18368300000;10240;10228
948;18417569000;17868300000;18368300000;10240;10228
949;18417580000;17909611111;18409611111;10240;10228
950;18417586000;17909611111;18409611111;10240;10228
951;18417590000;17909611111;18409611111;10240;10228
952;18419580000;17909611111;18409611111;10240;10228
955;18419590000;17909611111;18409611111;10240;10228
956;18444583000;17909633333;18409633333;10240;10228
957;18444597000;17909922222;18409922222;10240;10228
958;18444602000;17909922222;18409922222;10240;10228
959;18444610000;17909922222;18409922222;10240;10228
960;18444614000;17951277777;18451277777;10240;10228
961;18446355000;17951277777;18451277777;10240;10228
962;18446364000;17951277777;18451277777;10240;10228
963;18590504000;17951277777;18451277777;10240;10228
964;18590515000;17951277777;18451277777;10240;10228
965;18590521000;17951277777;18451277777;10240;10228
969;18590542000;17951588888;18451588888;10240;10228
970;18590571000;17951588888;18451588888;10240;10228
971;18590577000;17992933333;18492933333;10240;10228
973;18617855000;17992933333;18492933333;10240;10228
974;18617867000;17992933333;18492933333;10240;10228
975;18617871000;17992933333;18492933333;10240;10228
976;18619835000;17992933333;18492933333;10240;10228
977;18619844000;17992933333;18492933333;10240;10228
978;18619849000;17992955555;18492955555;10240;10228
979;18619854000;17993255555;18493255555;10240;10228
980;18644862000;17993255555;18493255555;10240;10228
981;18644872000;17993255555;18493255555;10240;10228
982;18644877000;18034600000;18534600000;10240;10228
983;18644886000;18034600000;18534600000;10240;10228
984;18644891000;18034600000;18534600000;10240;10228
985;18646600000;18034600000;18534600000;10240;10228
986;18646611000;18034600000;18534600000;10240;10228
987;18790853000;18034600000;18534600000;10240;10228
988;18790865000;18034600000;18534600000;10240;10228
989;18790869000;18034622222;18534622222;10240;10228
990;18790874000;18034900000;18534900000;10240;10228
991;18790879000;18034900000;18534900000;10240;10228
992;18790883000;18034900000;18534900000;10240;10228
993;18790905000;18076266666;18576266666;10240;10228
994;18790910000;18076266666;18576266666;10240;10228
995;18790915000;18076266666;18576266666;10240;10228
996;18818307000;18076266666;18576266666;10240;10228
997;18818318000;18076266666;18576266666;10240;10228
998;18818322000;18076266666;18576266666;10240;10228
999;18818326000;18076266666;18576266666;10240;10228
1000;18820113000;18076288888;18576288888;10240;10228
1001;18820123000;18076577777;18576577777;10240;10228
1002;18820129000;18076577777;18576577777;10240;10228
1003;18820133000;18076577777;18576577777;10240;10228
1004;18845137000;18117944444;18617944444;10240;10228
1005;18845147000;18117944444;18617944444;10240;10228
1006;18845153000;18117944444;18617944444;10240;10228
1007;18845158000;18117944444;18617944444;10240;10228
1008;18845165000;18117944444;18617944444;10240;10228
1009;18846885000;18117944444;18617944444;10240;10228
1010;18846895000;18117944444;18617944444;10240;10228
1011;18991136000;18117966666;18617966666;10240;10228
1012;18991149000;18118300000;18618300000;10240;10228
1013;18991155000;18118300000;18618300000;10240;10228
1014;18991159000;18118300000;18618300000;10240;10228
1015;18991164000;18159611111;18659611111;10240;10228
1016;18991184000;18159611111;18659611111;10240;10228
1017;18991191000;18159611111;18659611111;10240;10228
1018;18991195000;18159611111;18659611111;10240;10228
1019;18991200000;18159611111;18659611111;10240;10228
1020;19018569000;18159611111;18659611111;10240;10228
1021;19018580000;18159611111;18659611111;10240;10228
1022;19018584000;18159633333;18659633333;10240;10228
1023;19018589000;18159922222;18659922222;10240;10228
1024;19020308000;18159922222;18659922222;10240;10228
1025;19020318000;18159922222;18659922222;10240;10228
1026;19020324000;18201266666;18701266666;10240;10228
1027;19020329000;18201266666;18701266666;10240;10228
1028;19045408000;18201266666;18701266666;10240;10228
1029;19045418000;18201266666;18701266666;10240;10228
1030;19045423000;18201266666;18701266666;10240;10228
1031;19045429000;18201266666;18701266666;10240;10228
1032;19045443000;18201266666;18701266666;10240;10228
1033;19047119000;18201288888;18701288888;10240;10228
1034;19047139000;18201566666;18701566666;10240;10228
1035;19191422000;18201566666;18701566666;10240;10228
1036;19191435000;18201566666;18701566666;10240;10228
1037;19191442000;18242944444;18742944444;10240;10228
1038;19191448000;18242944444;18742944444;10240;10228
1039;19191453000;18242944444;18742944444;10240;10228
1040;19191457000;18242944444;18742944444;10240;10228
1041;19191462000;18242944444;18742944444;10240;10228
1042;19191521000;18242944444;18742944444;10240;10228
1043;19191531000;18242944444;18742944444;10240;10228
1044;19191536000;18242955555;18742955555;10240;10228
1045;19218816000;18243300000;18743300000;10240;10228
1046;19218825000;18243300000;18743300000;10240;10228
1047;19218831000;18243300000;18743300000;10240;10228
1048;19220500000;18284600000;18784600000;10240;10228
1049;19220518000;18284600000;18784600000;10240;10228
1050;19220522000;18284600000;18784600000;10240;10228
1051;19220526000;18284600000;18784600000;10240;10228
1052;19220531000;18284600000;18784600000;10240;10228
1053;19245677000;18284600000;18784600000;10240;10228
1054;19245690000;18284600000;18784600000;10240;10228
1055;19245694000;18284622222;18784622222;10240;10228
1056;19245700000;18284900000;18784900000;10240;10228
1057;19245705000;18284900000;18784900000;10240;10228
1058;19247271000;18284900000;18784900000;10240;10228
1059;19273996000;18326288888;18826288888;10240;10228
1060;19391694000;18326288888;18826288888;10240;10228
1061;19391707000;18326288888;18826288888;10240;10228
1062;19391713000;18326288888;18826288888;10240;10228
1063;19391718000;18326288888;18826288888;10240;10228
1064;19391723000;18326288888;18826288888;10240;10228
1065;19391735000;18326288888;18826288888;10240;10228
1066;19391739000;18326300000;18826300000;10240;10228
1067;19391746000;18326566666;18826566666;10240;10228
1068;19391750000;18326566666;18826566666;10240;10228
1069;19391770000;18326566666;18826566666;10240;10228
1070;19391775000;18367955555;18867955555;10240;10228
1071;19419143000;18367955555;18867955555;10240;10228
1072;19419152000;18367955555;18867955555;10240;10228
1073;19419166000;18367955555;18867955555;10240;10228
1074;19420789000;18367955555;18867955555;10240;10228
1075;19420802000;18367955555;18867955555;10240;10228
1076;19420807000;18367955555;18867955555;10240;10228
1077;19420820000;18367966666;18867966666;10240;10228
1078;19445978000;18368266666;18868266666;10240;10228
1079;19445988000;18368266666;18868266666;10240;10228
1080;19445993000;18368266666;18868266666;10240;10228
1081;19445997000;18409600000;18909600000;10240;10228
1082;19446001000;18409600000;18909600000;10240;10228
1083;19446005000;18409600000;18909600000;10240;10228
1084;19447460000;18409600000;18909600000;10240;10228
1085;19502794000;18409600000;18909600000;10240;10228
1086;19592031000;18409600000;18909600000;10240;10228
1087;19592053000;18409600000;18909600000;10240;10228
1088;19592076000;18409622222;18909622222;10240;10228
1089;19592094000;18409911111;18909911111;10240;10228
1090;19592099000;18409911111;18909911111;10240;10228
1091;19592103000;18409911111;18909911111;10240;10228
1092;19592108000;18451277777;18951277777;10240;10228
1093;19592113000;18451277777;18951277777;10240;10228
1094;19592124000;18451277777;18951277777;10240;10228
1096;19592130000;18451277777;18951277777;10240;10228
1097;19619462000;18451277777;18951277777;10240;10228
1098;19619476000;18451277777;18951277777;10240;10228
1099;19619480000;18451300000;18951300000;10240;10228
1100;19619485000;18451555555;18951555555;10240;10228
1101;19621060000;18451555555;18951555555;10240;10228
1102;19621070000;18451555555;18951555555;10240;10228
1103;19621076000;18492944444;18992944444;10240;10228
1104;19621080000;18492944444;18992944444;10240;10228
1105;19646275000;18492944444;18992944444;10240;10228
1106;19646284000;18492944444;18992944444;10240;10228
1107;19646289000;18492944444;18992944444;10240;10228
1108;19646293000;18492944444;18992944444;10240;10228
1109;19646299000;18492944444;18992944444;10240;10228
1110;19647722000;18492966666;18992966666;10240;10228
1111;19647743000;18493277777;18993277777;10240;10228
1112;19731491000;18493277777;18993277777;10240;10228
1113;19792296000;18493277777;18993277777;10240;10228
1114;19792309000;18534611111;19034611111;10240;10228
1115;19792314000;18534611111;19034611111;10240;10228
1116;19792319000;18534611111;19034611111;10240;10228
1117;19792378000;18534611111;19034611111;10240;10228
1118;19792389000;18534611111;19034611111;10240;10228
1119;19792394000;18534611111;19034611111;10240;10228
1120;19792398000;18534611111;19034611111;10240;10228
1121;19792405000;18534633333;19034633333;10240;10228
1122;19792410000;18534900000;19034900000;10240;10228
1123;19792414000;18534900000;19034900000;10240;10228
1124;19792418000;18534900000;19034900000;10240;10228
1125;19819764000;18576277777;19076277777;10240;10228
1126;19819775000;18576277777;19076277777;10240;10228
1127;19819797000;18576277777;19076277777;10240;10228
1128;19819801000;18576277777;19076277777;10240;10228
1129;19821312000;18576277777;19076277777;10240;10228
1130;19821322000;18576277777;19076277777;10240;10228
1131;19821327000;18576277777;19076277777;10240;10228
1132;19821331000;18576300000;19076300000;10240;10228
1133;19846549000;18576577777;19076577777;10240;10228
1134;19846562000;18576577777;19076577777;10240;10228
1135;19846568000;18576577777;19076577777;10240;10228
1136;19846573000;18617944444;19117944444;10240;10228
1137;19846578000;18617944444;19117944444;10240;10228
1138;19848030000;18617944444;19117944444;10240;10228
1139;19848041000;18617944444;19117944444;10240;10228
1140;19931754000;18617944444;19117944444;10240;10228
1141;19992555000;18617944444;19117944444;10240;10228
1142;19992569000;18617944444;19117944444;10240;10228
1143;19992576000;18617955555;19117955555;10240;10228
1144;19992583000;18618266666;19118266666;10240;10228
1145;19992592000;18618266666;19118266666;10240;10228
1146;19992613000;18618266666;19118266666;10240;10228
1147;19992618000;18659611111;19159611111;10240;10228
1148;19992624000;18659611111;19159611111;10240;10228
1149;19992627000;18659611111;19159611111;10240;10228
1150;19992647000;18659611111;19159611111;10240;10228
1151;19992652000;18659611111;19159611111;10240;10228
1152;19992656000;18659611111;19159611111;10240;10228
1153;20020034000;18659611111;19159611111;10240;10228
1154;20020065000;18659622222;19159622222;10240;10228
1155;20020071000;18659900000;19159900000;10240;10228
1156;20020089000;18659900000;19159900000;10240;10228
1157;20021526000;18659900000;19159900000;10240;10228
1158;20021536000;18701277777;19201277777;10240;10228
1159;20021542000;18701277777;19201277777;10240;10228
1160;20021556000;18701277777;19201277777;10240;10228
1161;20046892000;18701277777;19201277777;10240;10228
1162;20046901000;18701277777;19201277777;10240;10228
1163;20046906000;18701277777;19201277777;10240;10228
1164;20046910000;18701277777;19201277777;10240;10228
1165;20046914000;18701300000;19201300000;10240;10228
1168;20132015000;18701533333;19201533333;10240;10228
1169;20192880000;18742944444;19242944444;10240;10228
1170;20192905000;18742944444;19242944444;10240;10228
1171;20192917000;18742944444;19242944444;10240;10228
1174;20192926000;18742944444;19242944444;10240;10228
1175;20192939000;18742944444;19242944444;10240;10228
1176;20192956000;18742966666;19242966666;10240;10228
1177;20192960000;18743255555;19243255555;10240;10228
1178;20192964000;18743255555;19243255555;10240;10228
1179;20192968000;18743255555;19243255555;10240;10228
1180;20193179000;18784611111;19284611111;10240;10228
1181;20193189000;18784611111;19284611111;10240;10228
1182;20220335000;18784611111;19284611111;10240;10228
1183;20220348000;18784611111;19284611111;10240;10228
1184;20220353000;18784611111;19284611111;10240;10228
1185;20220357000;18784611111;19284611111;10240;10228
1186;20221762000;18784611111;19284611111;10240;10228
1187;20221773000;18784622222;19284622222;10240;10228
1188;20221778000;18784911111;19284911111;10240;10228
1189;20247209000;18784911111;19284911111;10240;10228
1190;20247218000;18784911111;19284911111;10240;10228
1191;20247223000;18826266666;19326266666;10240;10228
1192;20247227000;18826266666;19326266666;10240;10228
1193;20247233000;18826266666;19326266666;10240;10228
1194;20247236000;18826266666;19326266666;10240;10228
1195;20332282000;18826266666;19326266666;10240;10228
1196;20332305000;18826266666;19326266666;10240;10228
1197;20332310000;18826266666;19326266666;10240;10228
1198;20393146000;18826288888;19326288888;10240;10228
1199;20393170000;18826566666;19326566666;10240;10228
1200;20393182000;18826566666;19326566666;10240;10228
1201;20393187000;18826566666;19326566666;10240;10228
1202;20393192000;18867944444;19367944444;10240;10228
1203;20393196000;18867944444;19367944444;10240;10228
1204;20393202000;18867944444;19367944444;10240;10228
1205;20393206000;18867944444;19367944444;10240;10228
1206;20393223000;18867944444;19367944444;10240;10228
1207;20393234000;18867944444;19367944444;10240;10228
1208;20393246000;18867944444;19367944444;10240;10228
1209;20393434000;18867955555;19367955555;10240;10228
1210;20393445000;18868277777;19368277777;10240;10228
1211;20420599000;18868277777;19368277777;10240;10228
1212;20420608000;18868277777;19368277777;10240;10228
1213;20420614000;18909611111;19409611111;10240;10228
1214;20420619000;18909611111;19409611111;10240;10228
1215;20421992000;18909611111;19409611111;10240;10228
1216;20422001000;18909611111;19409611111;10240;10228
1217;20422007000;18909611111;19409611111;10240;10228
1218;20447494000;18909611111;19409611111;10240;10228
1219;20447505000;18909611111;19409611111;10240;10228
1220;20447510000;18909633333;19409633333;10240;10228
1221;20447515000;18909922222;19409922222;10240;10228
1222;20447520000;18909922222;19409922222;10240;10228
1223;20447523000;18909922222;19409922222;10240;10228
1224;20532550000;18951288888;19451288888;10240;10228
1225;20532562000;18951288888;19451288888;10240;10228
1226;20532568000;18951288888;19451288888;10240;10228
1227;20593447000;18951288888;19451288888;10240;10228
1228;20593473000;18951288888;19451288888;10240;10228
1229;20593479000;18951288888;19451288888;10240;10228
1230;20593484000;18951288888;19451288888;10240;10228
1231;20593500000;18951300000;19451300000;10240;10228
1232;20593509000;18951577777;19451577777;10240;10228
1233;20593515000;18951577777;19451577777;10240;10228
1234;20593521000;18951577777;19451577777;10240;10228
1235;20593540000;18992933333;19492933333;10240;10228
1236;20593545000;18992933333;19492933333;10240;10228
1237;20593559000;18992933333;19492933333;10240;10228
1238;20593652000;18992933333;19492933333;10240;10228
1239;20593672000;18992933333;19492933333;10240;10228
1240;20620813000;18992933333;19492933333;10240;10228
1241;20620825000;18992933333;19492933333;10240;10228
1242;20620829000;18992955555;19492955555;10240;10228
1243;20620844000;18993255555;19493255555;10240;10228
1244;20622201000;18993255555;19493255555;10240;10228
1245;20622211000;18993255555;19493255555;10240;10228
1246;20622215000;19034600000;19534600000;10240;10228
1247;20647761000;19034600000;19534600000;10240;10228
1248;20647773000;19034600000;19534600000;10240;10228
1249;20647778000;19034600000;19534600000;10240;10228
1250;20647786000;19034600000;19534600000;10240;10228
1251;20647790000;19034600000;19534600000;10240;10228
1252;20647794000;19034600000;19534600000;10240;10228
1253;20732785000;19034611111;19534611111;10240;10228
1254;20732811000;19034888888;19534888888;10240;10228
1255;20732832000;19034888888;19534888888;10240;10228
1256;20793737000;19034888888;19534888888;10240;10228
1257;20793759000;19076288888;19576288888;10240;10228
1258;20793764000;19076288888;19576288888;10240;10228
1259;20793769000;19076288888;19576288888;10240;10228
1260;20793774000;19076288888;19576288888;10240;10228
1261;20793780000;19076288888;19576288888;10240;10228
1262;20793784000;19076288888;19576288888;10240;10228
1263;20793789000;19076288888;19576288888;10240;10228
1264;20793794000;19076300000;19576300000;10240;10228
1265;20793813000;19076588888;19576588888;10240;10228
1266;20793832000;19076588888;19576588888;10240;10228
1267;20793838000;19076588888;19576588888;10240;10228
1268;20793842000;19117944444;19617944444;10240;10228
1269;20821065000;19117944444;19617944444;10240;10228
1270;20821075000;19117944444;19617944444;10240;10228
1271;20821080000;19117944444;19617944444;10240;10228
1272;20821093000;19117944444;19617944444;10240;10228
1273;20822438000;19117944444;19617944444;10240;10228
1274;20822450000;19117944444;19617944444;10240;10228
1275;20822455000;19117966666;19617966666;10240;10228
1276;20848101000;19118277777;19618277777;10240;10228
1277;20848111000;19118277777;19618277777;10240;10228
1278;20848116000;19118277777;19618277777;10240;10228
1279;20848120000;19159622222;19659622222;10240;10228
1284;20933062000;19159622222;19659622222;10240;10228
1285;20933085000;19159622222;19659622222;10240;10228
1286;20994013000;19159633333;19659633333;10240;10228
1287;20994036000;19159911111;19659911111;10240;10228
1288;20994065000;19159911111;19659911111;10240;10228
1289;20994073000;19159911111;19659911111;10240;10228
1290;20994089000;19201266666;19701266666;10240;10228
1291;20994095000;19201266666;19701266666;10240;10228
1292;20994114000;19201266666;19701266666;10240;10228
1293;20994120000;19201266666;19701266666;10240;10228
1294;20994125000;19201266666;19701266666;10240;10228
1295;20994139000;19201266666;19701266666;10240;10228
1296;20994153000;19201266666;19701266666;10240;10228
1297;20994158000;19201288888;19701288888;10240;10228
1298;20994164000;19201555555;19701555555;10240;10228
1299;21021309000;19201555555;19701555555;10240;10228
1300;21021320000;19201555555;19701555555;10240;10228
1301;21021324000;19242955555;19742955555;10240;10228
1302;21021329000;19242955555;19742955555;10240;10228
1303;21022646000;19242955555;19742955555;10240;10228
1304;21022659000;19242955555;19742955555;10240;10228
1305;21022663000;19242955555;19742955555;10240;10228
1306;21022668000;19242955555;19742955555;10240;10228
1307;21048411000;19242955555;19742955555;10240;10228
1308;21048423000;19242966666;19742966666;10240;10228
1309;21048428000;19243277777;19743277777;10240;10228
1310;21078542000;19243277777;19743277777;10240;10228
1311;21133333000;19243277777;19743277777;10240;10228
1312;21133357000;19284611111;19784611111;10240;10228
1313;21133368000;19284611111;19784611111;10240;10228
1314;21133372000;19284611111;19784611111;10240;10228
1315;21133376000;19284611111;19784611111;10240;10228
1316;21133380000;19284611111;19784611111;10240;10228
1317;21194309000;19284611111;19784611111;10240;10228
1318;21194331000;19284611111;19784611111;10240;10228
1319;21194337000;19284622222;19784622222;10240;10228
1320;21194342000;19284911111;19784911111;10240;10228
1321;21194351000;19284911111;19784911111;10240;10228
1322;21194355000;19284911111;19784911111;10240;10228
1323;21194360000;19326277777;19826277777;10240;10228
1324;21194365000;19326277777;19826277777;10240;10228
1325;21194372000;19326277777;19826277777;10240;10228
1326;21194402000;19326277777;19826277777;10240;10228
1327;21194407000;19326277777;19826277777;10240;10228
1328;21194415000;19326277777;19826277777;10240;10228
1329;21194420000;19326277777;19826277777;10240;10228
1330;21221572000;19326288888;19826288888;10240;10228
1331;21221582000;19326566666;19826566666;10240;10228
1332;21221588000;19326566666;19826566666;10240;10228
1333;21221591000;19326566666;19826566666;10240;10228
1334;21222863000;19367944444;19867944444;10240;10228
1335;21222873000;19367944444;19867944444;10240;10228
1336;21222878000;19367944444;19867944444;10240;10228
1337;21222882000;19367944444;19867944444;10240;10228
1338;21248702000;19367944444;19867944444;10240;10228
1339;21248712000;19367944444;19867944444;10240;10228
1340;21248716000;19367944444;19867944444;10240;10228
1341;21278808000;19367966666;19867966666;10240;10228
1342;21333598000;19368277777;19868277777;10240;10228
1343;21333614000;19368277777;19868277777;10240;10228
1344;21333623000;19368277777;19868277777;10240;10228
1345;21333628000;19409611111;19909611111;10240;10228
1346;21333633000;19409611111;19909611111;10240;10228
1347;21333638000;19409611111;19909611111;10240;10228
1348;21394599000;19409611111;19909611111;10240;10228
1349;21394610000;19409611111;19909611111;10240;10228
1350;21394620000;19409611111;19909611111;10240;10228
1351;21394624000;19409611111;19909611111;10240;10228
1352;21394628000;19409622222;19909622222;10240;10228
1353;21394636000;19409900000;19909900000;10240;10228
1354;21394642000;19409900000;19909900000;10240;10228
1355;21394650000;19409900000;19909900000;10240;10228
1356;21394658000;19451277777;19951277777;10240;10228
1357;21394662000;19451277777;19951277777;10240;10228
1358;21394753000;19451277777;19951277777;10240;10228
1359;21394762000;19451277777;19951277777;10240;10228
1360;21394777000;19451277777;19951277777;10240;10228
1361;21394781000;19451277777;19951277777;10240;10228
1362;21394785000;19451277777;19951277777;10240;10228
1363;21421822000;19451288888;19951288888;10240;10228
1364;21421833000;19451577777;19951577777;10240;10228
1365;21421838000;19451577777;19951577777;10240;10228
1366;21421842000;19451577777;19951577777;10240;10228
1367;21423100000;19492944444;19992944444;10240;10228
1368;21423110000;19492944444;19992944444;10240;10228
1369;21423116000;19492944444;19992944444;10240;10228
1370;21423120000;19492944444;19992944444;10240;10228
1371;21448968000;19492944444;19992944444;10240;10228
1372;21448977000;19492944444;19992944444;10240;10228
1373;21448982000;19492944444;19992944444;10240;10228
1374;21533859000;19492966666;19992966666;10240;10228
1375;21533884000;19493300000;19993300000;10240;10228
1376;21533890000;19493300000;19993300000;10240;10228
1377;21533895000;19493300000;19993300000;10240;10228
1378;21533899000;19534611111;20034611111;10240;10228
1379;21533904000;19534611111;20034611111;10240;10228
1380;21560899000;19534611111;20034611111;10240;10228
1381;21594921000;19534611111;20034611111;10240;10228
1382;21594932000;19534611111;20034611111;10240;10228
1383;21594937000;19534611111;20034611111;10240;10228
1384;21594943000;19534611111;20034611111;10240;10228
1385;21594946000;19534633333;20034633333;10240;10228
1386;21594952000;19534911111;20034911111;10240;10228
1387;21594956000;19534911111;20034911111;10240;10228
1388;21594963000;19534911111;20034911111;10240;10228
1389;21594967000;19576277777;20076277777;10240;10228
1390;21595222000;19576277777;20076277777;10240;10228
1391;21595233000;19576277777;20076277777;10240;10228
1392;21595237000;19576277777;20076277777;10240;10228
1393;21595242000;19576277777;20076277777;10240;10228
1394;21595246000;19576277777;20076277777;10240;10228
1395;21595250000;19576277777;20076277777;10240;10228
1396;21595254000;19576300000;20076300000;10240;10228
1397;21622135000;19576588888;20076588888;10240;10228
1398;21622144000;19576588888;20076588888;10240;10228
1399;21622150000;19576588888;20076588888;10240;10228
1400;21622163000;19617933333;20117933333;10240;10228
1401;21623328000;19617933333;20117933333;10240;10228
1402;21623338000;19617933333;20117933333;10240;10228
1403;21623342000;19617933333;20117933333;10240;10228
1404;21623346000;19617933333;20117933333;10240;10228
1405;21649212000;19617933333;20117933333;10240;10228
1406;21649223000;19617933333;20117933333;10240;10228
1407;21649227000;19617955555;20117955555;10240;10228
1408;21734126000;19618277777;20118277777;10240;10228
1409;21734141000;19618277777;20118277777;10240;10228
1410;21734151000;19618277777;20118277777;10240;10228
1411;21734155000;19659600000;20159600000;10240;10228
1412;21734161000;19659600000;20159600000;10240;10228
1413;21734174000;19659600000;20159600000;10240;10228
1414;21789205000;19659600000;20159600000;10240;10228
1415;21795256000;19659600000;20159600000;10240;10228
1416;21795266000;19659600000;20159600000;10240;10228
1417;21795271000;19659600000;20159600000;10240;10228
1418;21795279000;19659622222;20159622222;10240;10228
1419;21795286000;19659911111;20159911111;10240;10228
1420;21795290000;19659911111;20159911111;10240;10228
1421;21795295000;19659911111;20159911111;10240;10228
1422;21795299000;19701277777;20201277777;10240;10228
1423;21795303000;19701277777;20201277777;10240;10228
1424;21795669000;19701277777;20201277777;10240;10228
1425;21795681000;19701277777;20201277777;10240;10228
1426;21795685000;19701277777;20201277777;10240;10228
1427;21795690000;19701277777;20201277777;10240;10228
1428;21795694000;19701277777;20201277777;10240;10228
1429;21795698000;19701300000;20201300000;10240;10228
1430;21795703000;19701544444;20201544444;10240;10228
1431;21795706000;19701544444;20201544444;10240;10228
1432;21822406000;19701544444;20201544444;10240;10228
1433;21822417000;19742944444;20242944444;10240;10228
1434;21822432000;19742944444;20242944444;10240;10228
1435;21823741000;19742944444;20242944444;10240;10228
1436;21823752000;19742944444;20242944444;10240;10228
1438;21823767000;19742944444;20242944444;10240;10228
1439;21849509000;19742944444;20242944444;10240;10228
1440;21849520000;19742966666;20242966666;10240;10228
1441;21849526000;19743266666;20243266666;10240;10228
1442;21849530000;19743266666;20243266666;10240;10228
1443;21934377000;19743266666;20243266666;10240;10228
1444;21934401000;19784611111;20284611111;10240;10228
1445;21934416000;19784611111;20284611111;10240;10228
1446;21934421000;19784611111;20284611111;10240;10228
1447;21934426000;19784611111;20284611111;10240;10228
1448;21961714000;19784611111;20284611111;10240;10228
1449;21995528000;19784611111;20284611111;10240;10228
1450;21995553000;19784611111;20284611111;10240;10228
1451;21995558000;19784622222;20284622222;10240;10228
1452;21995580000;19784911111;20284911111;10240;10228
1453;21995585000;19784911111;20284911111;10240;10228
1454;21995591000;19784911111;20284911111;10240;10228
1455;21995598000;19826277777;20326277777;10240;10228
1456;21995612000;19826277777;20326277777;10240;10228
1457;21995616000;19826277777;20326277777;10240;10228
1458;21995620000;19826277777;20326277777;10240;10228
1459;21995624000;19826277777;20326277777;10240;10228
1460;21995933000;19826277777;20326277777;10240;10228
1461;21995944000;19826277777;20326277777;10240;10228
1462;21995948000;19826288888;20326288888;10240;10228
1463;21995953000;19826577777;20326577777;10240;10228
1464;21995958000;19826577777;20326577777;10240;10228
1466;21995963000;19867944444;20367944444;10240;10228
1467;21995972000;19867944444;20367944444;10240;10228
1468;22022623000;19867944444;20367944444;10240;10228
1469;22022634000;19867944444;20367944444;10240;10228
1470;22022638000;19867944444;20367944444;10240;10228
1471;22023969000;19867944444;20367944444;10240;10228
1472;22023980000;19867944444;20367944444;10240;10228
1473;22023985000;19867966666;20367966666;10240;10228
1474;22023990000;19868277777;20368277777;10240;10228
1475;22049804000;19868277777;20368277777;10240;10228
1476;22049813000;19868277777;20368277777;10240;10228
1477;22049818000;19909611111;20409611111;10240;10228
1478;22049822000;19909611111;20409611111;10240;10228
1479;22134667000;19909611111;20409611111;10240;10228
1480;22134676000;19909611111;20409611111;10240;10228
1481;22134682000;19909611111;20409611111;10240;10228
1482;22134688000;19909611111;20409611111;10240;10228
1483;22134693000;19909611111;20409611111;10240;10228
1484;22161953000;19909633333;20409633333;10240;10228
1485;22195886000;19909922222;20409922222;10240;10228
1486;22195915000;19909922222;20409922222;10240;10228
1487;22195921000;19909922222;20409922222;10240;10228
1488;22195926000;19951277777;20451277777;10240;10228
1489;22195933000;19951277777;20451277777;10240;10228
1490;22195938000;19951277777;20451277777;10240;10228
1491;22195943000;19951277777;20451277777;10240;10228
1492;22195949000;19951277777;20451277777;10240;10228
1493;22195953000;19951277777;20451277777;10240;10228
1494;22196182000;19951277777;20451277777;10240;10228
1495;22196193000;19951300000;20451300000;10240;10228
1496;22196198000;19951577777;20451577777;10240;10228
1497;22196203000;19951577777;20451577777;10240;10228
1498;22196207000;19951577777;20451577777;10240;10228
1499;22196211000;19992933333;20492933333;10240;10228
1500;22196215000;19992933333;20492933333;10240;10228
1501;22196237000;19992933333;20492933333;10240;10228
1502;22196242000;19992933333;20492933333;10240;10228
1503;22196248000;19992933333;20492933333;10240;10228
1504;22223085000;19992933333;20492933333;10240;10228
1505;22223096000;19992933333;20492933333;10240;10228
1506;22223100000;19992944444;20492944444;10240;10228
1507;22224241000;19993255555;20493255555;10240;10228
1508;22224252000;19993255555;20493255555;10240;10228
1509;22224256000;19993255555;20493255555;10240;10228
1510;22224261000;20034611111;20534611111;10240;10228
1511;22250137000;20034611111;20534611111;10240;10228
1512;22250149000;20034611111;20534611111;10240;10228
1513;22250154000;20034611111;20534611111;10240;10228
1514;22250159000;20034611111;20534611111;10240;10228
1515;22334931000;20034611111;20534611111;10240;10228
1516;22334943000;20034611111;20534611111;10240;10228
1517;22334948000;20034622222;20534622222;10240;10228
1518;22334954000;20034900000;20534900000;10240;10228
1519;22334958000;20034900000;20534900000;10240;10228
1520;22362220000;20034900000;20534900000;10240;10228
1521;22396165000;20076277777;20576277777;10240;10228
1522;22396179000;20076277777;20576277777;10240;10228
1523;22396197000;20076277777;20576277777;10240;10228
1524;22396202000;20076277777;20576277777;10240;10228
1525;22396208000;20076277777;20576277777;10240;10228
1526;22396212000;20076277777;20576277777;10240;10228
1527;22396217000;20076277777;20576277777;10240;10228
1528;22396239000;20076288888;20576288888;10240;10228
1529;22396246000;20076577777;20576577777;10240;10228
1530;22396389000;20076577777;20576577777;10240;10228
1531;22396401000;20076577777;20576577777;10240;10228
1532;22396406000;20117966666;20617966666;10240;10228
1533;22396416000;20117966666;20617966666;10240;10228
1534;22396429000;20117966666;20617966666;10240;10228
1535;22396434000;20117966666;20617966666;10240;10228
1536;22396440000;20117966666;20617966666;10240;10228
1537;22396499000;20117966666;20617966666;10240;10228
1538;22396511000;20117966666;20617966666;10240;10228
1539;22423300000;20117977777;20617977777;10240;10228
1540;22423312000;20118300000;20618300000;10240;10228
1541;22423317000;20118300000;20618300000;10240;10228
1542;22423322000;20118300000;20618300000;10240;10228
1543;22424456000;20159611111;20659611111;10240;10228
1544;22424468000;20159611111;20659611111;10240;10228
1545;22424473000;20159611111;20659611111;10240;10228
1546;22424477000;20159611111;20659611111;10240;10228
1547;22450398000;20159611111;20659611111;10240;10228
1548;22450410000;20159611111;20659611111;10240;10228
1549;22450415000;20159611111;20659611111;10240;10228
1550;22450419000;20159633333;20659633333;10240;10228
1551;22535166000;20159922222;20659922222;10240;10228
1552;22535179000;20159922222;20659922222;10240;10228
1553;22535187000;20159922222;20659922222;10240;10228
1554;22535192000;20201266666;20701266666;10240;10228
1555;22535198000;20201266666;20701266666;10240;10228
1556;22535202000;20201266666;20701266666;10240;10228
1557;22562515000;20201266666;20701266666;10240;10228
1558;22596491000;20201266666;20701266666;10240;10228
1559;22596501000;20201266666;20701266666;10240;10228
1560;22596505000;20201266666;20701266666;10240;10228
1561;22596518000;20201288888;20701288888;10240;10228
1562;22596529000;20201566666;20701566666;10240;10228
1563;22596534000;20201566666;20701566666;10240;10228
1564;22596539000;20201566666;20701566666;10240;10228
1565;22596543000;20242955555;20742955555;10240;10228
1566;22596548000;20242955555;20742955555;10240;10228
1567;22596649000;20242955555;20742955555;10240;10228
1568;22596661000;20242955555;20742955555;10240;10228
1569;22596667000;20242955555;20742955555;10240;10228
1570;22596672000;20242955555;20742955555;10240;10228
1571;22596676000;20242955555;20742955555;10240;10228
1572;22596680000;20242966666;20742966666;10240;10228
1573;22596685000;20243300000;20743300000;10240;10228
1574;22596698000;20243300000;20743300000;10240;10228
1575;22596703000;20243300000;20743300000;10240;10228
1576;22623556000;20284600000;20784600000;10240;10228
1577;22623568000;20284600000;20784600000;10240;10228
1578;22623573000;20284600000;20784600000;10240;10228
1579;22623587000;20284600000;20784600000;10240;10228
1581;22624679000;20284600000;20784600000;10240;10228
1582;22624706000;20284600000;20784600000;10240;10228
1583;22624711000;20284622222;20784622222;10240;10228
1584;22650766000;20284933333;20784933333;10240;10228
1585;22650782000;20284933333;20784933333;10240;10228
1586;22650787000;20284933333;20784933333;10240;10228
1587;22650790000;20326277777;20826277777;10240;10228
1588;22735408000;20326277777;20826277777;10240;10228
1589;22735419000;20326277777;20826277777;10240;10228
1590;22735424000;20326277777;20826277777;10240;10228
1591;22735429000;20326277777;20826277777;10240;10228
1592;22735432000;20326277777;20826277777;10240;10228
1593;22735446000;20326277777;20826277777;10240;10228
1594;22762791000;20326300000;20826300000;10240;10228
1595;22762815000;20326577777;20826577777;10240;10228
1596;22796786000;20326577777;20826577777;10240;10228
1597;22796798000;20326577777;20826577777;10240;10228
1598;22796803000;20367944444;20867944444;10240;10228
1599;22796808000;20367944444;20867944444;10240;10228
1600;22796812000;20367944444;20867944444;10240;10228
1602;22796825000;20367944444;20867944444;10240;10228
1603;22796844000;20367944444;20867944444;10240;10228
1604;22796850000;20367944444;20867944444;10240;10228
1605;22796855000;20367966666;20867966666;10240;10228
1606;22796859000;20368288888;20868288888;10240;10228
1607;22796962000;20368288888;20868288888;10240;10228
1608;22796976000;20368288888;20868288888;10240;10228
1609;22796982000;20409600000;20909600000;10240;10228
1610;22796987000;20409600000;20909600000;10240;10228
1611;22796991000;20409600000;20909600000;10240;10228
1612;22796995000;20409600000;20909600000;10240;10228
1613;22796999000;20409600000;20909600000;10240;10228
1614;22824037000;20409600000;20909600000;10240;10228
1615;22824067000;20409600000;20909600000;10240;10228
1616;22824074000;20409622222;20909622222;10240;10228
1617;22824079000;20409922222;20909922222;10240;10228
1618;22825106000;20409922222;20909922222;10240;10228
1619;22825116000;20409922222;20909922222;10240;10228
1620;22825123000;20451277777;20951277777;10240;10228
1621;22825128000;20451277777;20951277777;10240;10228
1622;22851071000;20451277777;20951277777;10240;10228
1623;22851081000;20451277777;20951277777;10240;10228
1624;22851095000;20451277777;20951277777;10240;10228
1625;22851099000;20451277777;20951277777;10240;10228
1626;22935676000;20451277777;20951277777;10240;10228
1627;22935686000;20451300000;20951300000;10240;10228
1628;22935695000;20451577777;20951577777;10240;10228
1629;22935700000;20451577777;20951577777;10240;10228
1630;22935709000;20451577777;20951577777;10240;10228
1631;22935718000;20492944444;20992944444;10240;10228
1632;22963078000;20492944444;20992944444;10240;10228
1633;22963089000;20492944444;20992944444;10240;10228
1634;22997085000;20492944444;20992944444;10240;10228
1635;22997109000;20492944444;20992944444;10240;10228
1636;22997122000;20492944444;20992944444;10240;10228
1637;22997128000;20492944444;20992944444;10240;10228
1638;22997135000;20492966666;20992966666;10240;10228
1639;22997141000;20493300000;20993300000;10240;10228
1640;22997149000;20493300000;20993300000;10240;10228
1641;22997153000;20493300000;20993300000;10240;10228
1642;22997165000;20534611111;21034611111;10240;10228
1643;22997171000;20534611111;21034611111;10240;10228
1644;22997176000;20534611111;21034611111;10240;10228
1645;22997184000;20534611111;21034611111;10240;10228
1646;22997197000;20534611111;21034611111;10240;10228
1647;22997201000;20534611111;21034611111;10240;10228
1648;22997221000;20534611111;21034611111;10240;10228
1649;22997226000;20534633333;21034633333;10240;10228
1650;22997232000;20534922222;21034922222;10240;10228
1651;22997236000;20534922222;21034922222;10240;10228
1652;23024292000;20534922222;21034922222;10240;10228
1653;23024304000;20576277777;21076277777;10240;10228
1654;23024309000;20576277777;21076277777;10240;10228
1655;23024315000;20576277777;21076277777;10240;10228
1656;23025334000;20576277777;21076277777;10240;10228
1657;23025347000;20576277777;21076277777;10240;10228
1658;23025352000;20576277777;21076277777;10240;10228
1659;23025357000;20576277777;21076277777;10240;10228
1660;23051335000;20576300000;21076300000;10240;10228
1661;23051347000;20576600000;21076600000;10240;10228
1662;23051352000;20576600000;21076600000;10240;10228
1663;23051356000;20576600000;21076600000;10240;10228
1664;23135933000;20617933333;21117933333;10240;10228
1665;23135947000;20617933333;21117933333;10240;10228
1666;23135953000;20617933333;21117933333;10240;10228
1667;23135958000;20617933333;21117933333;10240;10228
1668;23135977000;20617933333;21117933333;10240;10228
1669;23135982000;20617933333;21117933333;10240;10228
1670;23163449000;20617933333;21117933333;10240;10228
1671;23163458000;20617955555;21117955555;10240;10228
1672;23197412000;20618288888;21118288888;10240;10228
1673;23197434000;20618288888;21118288888;10240;10228
1674;23197440000;20618288888;21118288888;10240;10228
1675;23197444000;20659611111;21159611111;10240;10228
1676;23197455000;20659611111;21159611111;10240;10228
1677;23197460000;20659611111;21159611111;10240;10228
1678;23197465000;20659611111;21159611111;10240;10228
1679;23197469000;20659611111;21159611111;10240;10228
1680;23197490000;20659611111;21159611111;10240;10228
1681;23197720000;20659611111;21159611111;10240;10228
1682;23197729000;20659622222;21159622222;10240;10228
1683;23197740000;20659933333;21159933333;10240;10228
1684;23197745000;20659933333;21159933333;10240;10228
1685;23197750000;20659933333;21159933333;10240;10228
1686;23197758000;20701288888;21201288888;10240;10228
1687;23197763000;20701288888;21201288888;10240;10228
1688;23197767000;20701288888;21201288888;10240;10228
1689;23197770000;20701288888;21201288888;10240;10228
1690;23197784000;20701288888;21201288888;10240;10228
1691;23224592000;20701288888;21201288888;10240;10228
1692;23224603000;20701288888;21201288888;10240;10228
1693;23224617000;20701300000;21201300000;10240;10228
1694;23224978000;20701566666;21201566666;10240;10228
1695;23225611000;20701566666;21201566666;10240;10228
1696;23225622000;20701566666;21201566666;10240;10228
1697;23225627000;20742955555;21242955555;10240;10228
1698;23225641000;20742955555;21242955555;10240;10228
1699;23251594000;20742955555;21242955555;10240;10228
1700;23251605000;20742955555;21242955555;10240;10228
1701;23251609000;20742955555;21242955555;10240;10228
1702;23251613000;20742955555;21242955555;10240;10228
1703;23336218000;20742955555;21242955555;10240;10228
1704;23336229000;20742966666;21242966666;10240;10228
1705;23336235000;20743277777;21243277777;10240;10228
1706;23336241000;20743277777;21243277777;10240;10228
1707;23336247000;20743277777;21243277777;10240;10228
1708;23336348000;20784611111;21284611111;10240;10228
1709;23363751000;20784611111;21284611111;10240;10228
1710;23363770000;20784611111;21284611111;10240;10228
1711;23397748000;20784611111;21284611111;10240;10228
1712;23397758000;20784611111;21284611111;10240;10228
1713;23397764000;20784611111;21284611111;10240;10228
1714;23397770000;20784611111;21284611111;10240;10228
1715;23397775000;20784633333;21284633333;10240;10228
1716;23397780000;20784922222;21284922222;10240;10228
1717;23397784000;20784922222;21284922222;10240;10228
1718;23397789000;20784922222;21284922222;10240;10228
1719;23398159000;20826266666;21326266666;10240;10228
1720;23398171000;20826266666;21326266666;10240;10228
1721;23398176000;20826266666;21326266666;10240;10228
1722;23398184000;20826266666;21326266666;10240;10228
1723;23398188000;20826266666;21326266666;10240;10228
1724;23398193000;20826266666;21326266666;10240;10228
1725;23398197000;20826266666;21326266666;10240;10228
1726;23398203000;20826288888;21326288888;10240;10228
1727;23398209000;20826588888;21326588888;10240;10228
1728;23398216000;20826588888;21326588888;10240;10228
1729;23398220000;20826588888;21326588888;10240;10228
1730;23424040000;20867944444;21367944444;10240;10228
1731;23424998000;20867944444;21367944444;10240;10228
1732;23425008000;20867944444;21367944444;10240;10228
1735;23425894000;20867944444;21367944444;10240;10228
1736;23425909000;20867944444;21367944444;10240;10228
1737;23425916000;20867966666;21367966666;10240;10228
1738;23425921000;20868288888;21368288888;10240;10228
1739;23451883000;20868288888;21368288888;10240;10228
1740;23451896000;20868288888;21368288888;10240;10228
1741;23451902000;20909611111;21409611111;10240;10228
1742;23451906000;20909611111;21409611111;10240;10228
1743;23536464000;20909611111;21409611111;10240;10228
1744;23536488000;20909611111;21409611111;10240;10228
1745;23536499000;20909611111;21409611111;10240;10228
1746;23536505000;20909611111;21409611111;10240;10228
1747;23536510000;20909611111;21409611111;10240;10228
1748;23564012000;20909622222;21409622222;10240;10228
1749;23564034000;20909933333;21409933333;10240;10228
1750;23591568000;20909933333;21409933333;10240;10228
1751;23598069000;20909933333;21409933333;10240;10228
1752;23598092000;20951255555;21451255555;10240;10228
1753;23598097000;20951255555;21451255555;10240;10228
1754;23598101000;20951255555;21451255555;10240;10228
1755;23598109000;20951255555;21451255555;10240;10228
1756;23598115000;20951255555;21451255555;10240;10228
1757;23598123000;20951255555;21451255555;10240;10228
1758;23598128000;20951255555;21451255555;10240;10228
1759;23598409000;20951266666;21451266666;10240;10228
1760;23598420000;20951566666;21451566666;10240;10228
1761;23598426000;20951566666;21451566666;10240;10228
1762;23598430000;20951566666;21451566666;10240;10228
1763;23598435000;20992944444;21492944444;10240;10228
1764;23598451000;20992944444;21492944444;10240;10228
1765;23598457000;20992944444;21492944444;10240;10228
1766;23598462000;20992944444;21492944444;10240;10228
1767;23598471000;20992944444;21492944444;10240;10228
1768;23598476000;20992944444;21492944444;10240;10228
1769;23598486000;20992944444;21492944444;10240;10228
1770;23598492000;20992955555;21492955555;10240;10228
1771;23625234000;20993266666;21493266666;10240;10228
1772;23625245000;20993266666;21493266666;10240;10228
1773;23626126000;20993266666;21493266666;10240;10228
1774;23626151000;21034611111;21534611111;10240;10228
1775;23626160000;21034611111;21534611111;10240;10228
1776;23626180000;21034611111;21534611111;10240;10228
1777;23626187000;21034611111;21534611111;10240;10228
1778;23626195000;21034611111;21534611111;10240;10228
1779;23626203000;21034611111;21534611111;10240;10228
1780;23652213000;21034611111;21534611111;10240;10228
1781;23652223000;21034622222;21534622222;10240;10228
1782;23652228000;21034911111;21534911111;10240;10228
1783;23652233000;21034911111;21534911111;10240;10228
1784;23736789000;21034911111;21534911111;10240;10228
1785;23736800000;21076277777;21576277777;10240;10228
1786;23736806000;21076277777;21576277777;10240;10228
1787;23736811000;21076277777;21576277777;10240;10228
1788;23736815000;21076277777;21576277777;10240;10228
1789;23764537000;21076277777;21576277777;10240;10228
1790;23764547000;21076277777;21576277777;10240;10228
1791;23791907000;21076277777;21576277777;10240;10228
1792;23798360000;21076288888;21576288888;10240;10228
1793;23798383000;21076588888;21576588888;10240;10228
1794;23798389000;21076588888;21576588888;10240;10228
1795;23798394000;21076588888;21576588888;10240;10228
1796;23798399000;21117944444;21617944444;10240;10228
1797;23798404000;21117944444;21617944444;10240;10228
1798;23798410000;21117944444;21617944444;10240;10228
1799;23798414000;21117944444;21617944444;10240;10228
1800;23798667000;21117944444;21617944444;10240;10228
1801;23798680000;21117944444;21617944444;10240;10228
1802;23798685000;21117944444;21617944444;10240;10228
1803;23798689000;21117966666;21617966666;10240;10228
1804;23798694000;21118300000;21618300000;10240;10228
1805;23798787000;21118300000;21618300000;10240;10228
1806;23798797000;21118300000;21618300000;10240;10228
1807;23798801000;21159644444;21659644444;10240;10228
1808;23798806000;21159644444;21659644444;10240;10228
1809;23798811000;21159644444;21659644444;10240;10228
1810;23798815000;21159644444;21659644444;10240;10228
1811;23798820000;21159644444;21659644444;10240;10228
1812;23825735000;21159644444;21659644444;10240;10228
1813;23825756000;21159644444;21659644444;10240;10228
1814;23826531000;21159655555;21659655555;10240;10228
1815;23826542000;21159955555;21659955555;10240;10228
1816;23826547000;21159955555;21659955555;10240;10228
1817;23826551000;21159955555;21659955555;10240;10228
1818;23826555000;21201266666;21701266666;10240;10228
1819;23826559000;21201266666;21701266666;10240;10228
1820;23826563000;21201266666;21701266666;10240;10228
1821;23852483000;21201266666;21701266666;10240;10228
1822;23852494000;21201266666;21701266666;10240;10228
1823;23852499000;21201266666;21701266666;10240;10228
1824;23852503000;21201266666;21701266666;10240;10228
1825;23937081000;21201288888;21701288888;10240;10228
1826;23937097000;21201577777;21701577777;10240;10228
1827;23937114000;21201577777;21701577777;10240;10228
1828;23937119000;21201577777;21701577777;10240;10228
1829;23937132000;21242944444;21742944444;10240;10228
1830;23964895000;21242944444;21742944444;10240;10228
1831;23964905000;21242944444;21742944444;10240;10228
1832;23992235000;21242944444;21742944444;10240;10228
1833;23998699000;21242944444;21742944444;10240;10228
1834;23998709000;21242944444;21742944444;10240;10228
1835;23998714000;21242944444;21742944444;10240;10228
1836;23998719000;21242966666;21742966666;10240;10228
1837;23998732000;21243288888;21743288888;10240;10228
1838;23998736000;21243288888;21743288888;10240;10228
1839;23998740000;21243288888;21743288888;10240;10228
1840;23998754000;21284622222;21784622222;10240;10228
1841;23999135000;21284622222;21784622222;10240;10228
1842;23999150000;21284622222;21784622222;10240;10228
1843;23999158000;21284622222;21784622222;10240;10228
1844;23999166000;21284622222;21784622222;10240;10228
1845;23999172000;21284622222;21784622222;10240;10228
1846;23999179000;21284622222;21784622222;10240;10228
1847;23999186000;21284633333;21784633333;10240;10228
1848;23999195000;21284900000;21784900000;10240;10228
1849;23999202000;21284900000;21784900000;10240;10228
1850;23999210000;21284900000;21784900000;10240;10228
1851;23999216000;21326277777;21826277777;10240;10228
1852;23999224000;21326277777;21826277777;10240;10228
1853;23999231000;21326277777;21826277777;10240;10228
1854;24026170000;21326277777;21826277777;10240;10228
1855;24026189000;21326277777;21826277777;10240;10228
1857;24026965000;21326277777;21826277777;10240;10228
1858;24026982000;21326300000;21826300000;10240;10228
1859;24026988000;21326555555;21826555555;10240;10228
1860;24026993000;21326555555;21826555555;10240;10228
1861;24026997000;21326555555;21826555555;10240;10228
1862;24052820000;21367955555;21867955555;10240;10228
1863;24052842000;21367955555;21867955555;10240;10228
1864;24052863000;21367955555;21867955555;10240;10228
1865;24052867000;21367955555;21867955555;10240;10228
1866;24052883000;21367955555;21867955555;10240;10228
1867;24137356000;21367955555;21867955555;10240;10228
1868;24137380000;21367955555;21867955555;10240;10228
1869;24137385000;21367977777;21867977777;10240;10228
1870;24137390000;21368288888;21868288888;10240;10228
1871;24165133000;21368288888;21868288888;10240;10228
1872;24165144000;21368288888;21868288888;10240;10228
1873;24190660000;21409600000;21909600000;10240;10228
1874;24199007000;21409600000;21909600000;10240;10228
1875;24199018000;21409600000;21909600000;10240;10228
1876;24199022000;21409600000;21909600000;10240;10228
1877;24199027000;21409600000;21909600000;10240;10228
1878;24199031000;21409600000;21909600000;10240;10228
1879;24199036000;21409600000;21909600000;10240;10228
1880;24199039000;21409622222;21909622222;10240;10228
1881;24199065000;21409888888;21909888888;10240;10228
1882;24199609000;21409888888;21909888888;10240;10228
1883;24199619000;21409888888;21909888888;10240;10228
1888;24199624000;21451288888;21951288888;10240;10228
1889;24199638000;21451288888;21951288888;10240;10228
1890;24199644000;21451288888;21951288888;10240;10228
1891;24199648000;21451300000;21951300000;10240;10228
1892;24199659000;21451566666;21951566666;10240;10228
1893;24199664000;21451566666;21951566666;10240;10228
1894;24199670000;21451566666;21951566666;10240;10228
1895;24199674000;21492944444;21992944444;10240;10228
1896;24226352000;21492944444;21992944444;10240;10228
1897;24226361000;21492944444;21992944444;10240;10228
1898;24226592000;21492944444;21992944444;10240;10228
1899;24227240000;21492944444;21992944444;10240;10228
1900;24227251000;21492944444;21992944444;10240;10228
1901;24227255000;21492944444;21992944444;10240;10228
1902;24227259000;21492966666;21992966666;10240;10228
1903;24227270000;21493266666;21993266666;10240;10228
1904;24227275000;21493266666;21993266666;10240;10228
1905;24253109000;21493266666;21993266666;10240;10228
1906;24253124000;21534600000;22034600000;10240;10228
1907;24253130000;21534600000;22034600000;10240;10228
1908;24253137000;21534600000;22034600000;10240;10228
1909;24253155000;21534600000;22034600000;10240;10228
1910;24337623000;21534600000;22034600000;10240;10228
1911;24337634000;21534600000;22034600000;10240;10228
1912;24337643000;21534600000;22034600000;10240;10228
1913;24337647000;21534622222;22034622222;10240;10228
1914;24365425000;21534900000;22034900000;10240;10228
1915;24365449000;21534900000;22034900000;10240;10228
1917;24399347000;21576288888;22076288888;10240;10228
1918;24399377000;21576288888;22076288888;10240;10228
1919;24399393000;21576288888;22076288888;10240;10228
1920;24399419000;21576288888;22076288888;10240;10228
1921;24399424000;21576288888;22076288888;10240;10228
1922;24399436000;21576288888;22076288888;10240;10228
1923;24399440000;21576288888;22076288888;10240;10228
1924;24399444000;21576311111;22076311111;10240;10228
1925;24399925000;21576588888;22076588888;10240;10228
1926;24399936000;21576588888;22076588888;10240;10228
1927;24399941000;21576588888;22076588888;10240;10228
1928;24399954000;21617933333;22117933333;10240;10228
1929;24399959000;21617933333;22117933333;10240;10228
1930;24399963000;21617933333;22117933333;10240;10228
1931;24399967000;21617933333;22117933333;10240;10228
1932;24399972000;21617933333;22117933333;10240;10228
1933;24399976000;21617933333;22117933333;10240;10228
1934;24399988000;21617933333;22117933333;10240;10228
1935;24399993000;21617955555;22117955555;10240;10228
1937;24399999000;21618266666;22118266666;10240;10228
1938;24400005000;21618266666;22118266666;10240;10228
1939;24426632000;21659611111;22159611111;10240;10228
1940;24426652000;21659611111;22159611111;10240;10228
1941;24426839000;21659611111;22159611111;10240;10228
1942;24427473000;21659611111;22159611111;10240;10228
1943;24427484000;21659611111;22159611111;10240;10228
1944;24427489000;21659611111;22159611111;10240;10228
1945;24427493000;21659611111;22159611111;10240;10228
1946;24427498000;21659633333;22159633333;10240;10228
1947;24427502000;21659900000;22159900000;10240;10228
1949;24453459000;21659900000;22159900000;10240;10228
1950;24453469000;21701277777;22201277777;10240;10228
1951;24453474000;21701277777;22201277777;10240;10228
1952;24453479000;21701277777;22201277777;10240;10228
1953;24537904000;21701277777;22201277777;10240;10228
1954;24537915000;21701277777;22201277777;10240;10228
1955;24537920000;21701277777;22201277777;10240;10228
1956;24537924000;21701277777;22201277777;10240;10228
1957;24565715000;21701300000;22201300000;10240;10228
1958;24565737000;21701533333;22201533333;10240;10228
1959;24599662000;21701533333;22201533333;10240;10228
1960;24599685000;21701533333;22201533333;10240;10228
1961;24599691000;21742944444;22242944444;10240;10228
1962;24599700000;21742944444;22242944444;10240;10228
1963;24599709000;21742944444;22242944444;10240;10228
1964;24599715000;21742944444;22242944444;10240;10228
1965;24599719000;21742944444;22242944444;10240;10228
1966;24599733000;21742944444;22242944444;10240;10228
1967;24599737000;21742944444;22242944444;10240;10228
1968;24600175000;21742966666;22242966666;10240;10228
1969;24600192000;21743255555;22243255555;10240;10228
1970;24600197000;21743255555;22243255555;10240;10228
1971;24600202000;21743255555;22243255555;10240;10228
1972;24600207000;21784611111;22284611111;10240;10228
1973;24600212000;21784611111;22284611111;10240;10228
1974;24600217000;21784611111;22284611111;10240;10228
1975;24600239000;21784611111;22284611111;10240;10228
1976;24600244000;21784611111;22284611111;10240;10228
1977;24600249000;21784611111;22284611111;10240;10228
1978;24600254000;21784611111;22284611111;10240;10228
1979;24600340000;21784622222;22284622222;10240;10228
1980;24600351000;21784922222;22284922222;10240;10228
1981;24600356000;21784922222;22284922222;10240;10228
1982;24626898000;21784922222;22284922222;10240;10228
1983;24626909000;21826266666;22326266666;10240;10228
1984;24627010000;21826266666;22326266666;10240;10228
1985;24627742000;21826266666;22326266666;10240;10228
1986;24627755000;21826266666;22326266666;10240;10228
1987;24627760000;21826266666;22326266666;10240;10228
1988;24627765000;21826266666;22326266666;10240;10228
1990;24627769000;21826288888;22326288888;10240;10228
1991;24653757000;21826566666;22326566666;10240;10228
1993;24653767000;21826566666;22326566666;10240;10228
1994;24653772000;21867955555;22367955555;10240;10228
1995;24653776000;21867955555;22367955555;10240;10228
1996;24738168000;21867955555;22367955555;10240;10228
1997;24738191000;21867955555;22367955555;10240;10228
1998;24738197000;21867955555;22367955555;10240;10228
1999;24738202000;21867955555;22367955555;10240;10228
2000;24766030000;21867955555;22367955555;10240;10228
2001;24766070000;21867966666;22367966666;10240;10228
2002;24799984000;21868311111;22368311111;10240;10228
2003;24799996000;21868311111;22368311111;10240;10228
2004;24800001000;21868311111;22368311111;10240;10228
2005;24800005000;21909611111;22409611111;10240;10228
2006;24800009000;21909611111;22409611111;10240;10228
2007;24800013000;21909611111;22409611111;10240;10228
2008;24800019000;21909611111;22409611111;10240;10228
2009;24800023000;21909611111;22409611111;10240;10228
2010;24800033000;21909611111;22409611111;10240;10228
2011;24800638000;21909611111;22409611111;10240;10228
2012;24800651000;21909633333;22409633333;10240;10228
2013;24800656000;21909911111;22409911111;10240;10228
2014;24800661000;21909911111;22409911111;10240;10228
2015;24800666000;21909911111;22409911111;10240;10228
2016;24800670000;21951277777;22451277777;10240;10228
2017;24800683000;21951277777;22451277777;10240;10228
2018;24800689000;21951277777;22451277777;10240;10228
2019;24800693000;21951277777;22451277777;10240;10228
2020;24800711000;21951277777;22451277777;10240;10228
2021;24800717000;21951277777;22451277777;10240;10228
2022;24800724000;21951277777;22451277777;10240;10228
2023;24800729000;21951300000;22451300000;10240;10228
2024;24800733000;21951566666;22451566666;10240;10228
2025;24827221000;21951566666;22451566666;10240;10228
2026;24827230000;21951566666;22451566666;10240;10228
2027;24827244000;21992944444;22492944444;10240;10228
2028;24828189000;21992944444;22492944444;10240;10228
2029;24828200000;21992944444;22492944444;10240;10228
2030;24828205000;21992944444;22492944444;10240;10228
2031;24828212000;21992944444;22492944444;10240;10228
2032;24828216000;21992944444;22492944444;10240;10228
2033;24828220000;21992944444;22492944444;10240;10228
2035;24854057000;21993266666;22493266666;10240;10228
2037;24854074000;21993266666;22493266666;10240;10228
2038;24854080000;22034611111;22534611111;10240;10228
2039;24938435000;22034611111;22534611111;10240;10228
2040;24938451000;22034611111;22534611111;10240;10228
2041;24938457000;22034611111;22534611111;10240;10228
2042;24938461000;22034611111;22534611111;10240;10228
2043;24966367000;22034611111;22534611111;10240;10228
2044;24966379000;22034611111;22534611111;10240;10228
2045;25000243000;22034622222;22534622222;10240;10228
2046;25000268000;22034888888;22534888888;10240;10228
2047;25000273000;22034888888;22534888888;10240;10228
2048;25000279000;22034888888;22534888888;10240;10228
2049;25000283000;22076277777;22576277777;10240;10228
2050;25000288000;22076277777;22576277777;10240;10228
2051;25000297000;22076277777;22576277777;10240;10228
2052;25000315000;22076277777;22576277777;10240;10228
2053;25000334000;22076277777;22576277777;10240;10228
2054;25000894000;22076277777;22576277777;10240;10228
2055;25000906000;22076277777;22576277777;10240;10228
2056;25000911000;22076300000;22576300000;10240;10228
2057;25000918000;22076566666;22576566666;10240;10228
2058;25000922000;22076566666;22576566666;10240;10228
2060;25000927000;22117944444;22617944444;10240;10228
2061;25000954000;22117944444;22617944444;10240;10228
2062;25000962000;22117944444;22617944444;10240;10228
2063;25000967000;22117944444;22617944444;10240;10228
2064;25000971000;22117944444;22617944444;10240;10228
2066;25000976000;22117944444;22617944444;10240;10228
2067;25001034000;22117966666;22617966666;10240;10228
2068;25027483000;22118277777;22618277777;10240;10228
2069;25027494000;22118277777;22618277777;10240;10228
2070;25027499000;22118277777;22618277777;10240;10228
2071;25028400000;22159611111;22659611111;10240;10228
2072;25028412000;22159611111;22659611111;10240;10228
2073;25028417000;22159611111;22659611111;10240;10228
2074;25028428000;22159611111;22659611111;10240;10228
2075;25028432000;22159611111;22659611111;10240;10228
2076;25028436000;22159611111;22659611111;10240;10228
2077;25054375000;22159611111;22659611111;10240;10228
2080;25054386000;22159900000;22659900000;10240;10228
2081;25054392000;22159900000;22659900000;10240;10228
2082;25138701000;22201266666;22701266666;10240;10228
2083;25138714000;22201266666;22701266666;10240;10228
2084;25138726000;22201266666;22701266666;10240;10228
2085;25138731000;22201266666;22701266666;10240;10228
2086;25166737000;22201266666;22701266666;10240;10228
2087;25166748000;22201266666;22701266666;10240;10228
2088;25200573000;22201266666;22701266666;10240;10228
2089;25200584000;22201277777;22701277777;10240;10228
2090;25200590000;22201566666;22701566666;10240;10228
2091;25200594000;22201566666;22701566666;10240;10228
2092;25200598000;22201566666;22701566666;10240;10228
2093;25200602000;22242944444;22742944444;10240;10228
2094;25200607000;22242944444;22742944444;10240;10228
2095;25200611000;22242944444;22742944444;10240;10228
2096;25200623000;22242944444;22742944444;10240;10228
2097;25201376000;22242944444;22742944444;10240;10228
2098;25201387000;22242944444;22742944444;10240;10228
2099;25201392000;22242944444;22742944444;10240;10228
2100;25201397000;22242966666;22742966666;10240;10228
2101;25201401000;22243277777;22743277777;10240;10228
2102;25201407000;22243277777;22743277777;10240;10228
2103;25201411000;22243277777;22743277777;10240;10228
2104;25201417000;22284611111;22784611111;10240;10228
2105;25201426000;22284611111;22784611111;10240;10228
2106;25201432000;22284611111;22784611111;10240;10228
2107;25201444000;22284611111;22784611111;10240;10228
2108;25201449000;22284611111;22784611111;10240;10228
2109;25201458000;22284611111;22784611111;10240;10228
2110;25201466000;22284611111;22784611111;10240;10228
2111;25227791000;22284622222;22784622222;10240;10228
2112;25227803000;22284933333;22784933333;10240;10228
2113;25227808000;22284933333;22784933333;10240;10228
2114;25228823000;22284933333;22784933333;10240;10228
2115;25228835000;22326277777;22826277777;10240;10228
2116;25228840000;22326277777;22826277777;10240;10228
2117;25228845000;22326277777;22826277777;10240;10228
2118;25228849000;22326277777;22826277777;10240;10228
2119;25228854000;22326277777;22826277777;10240;10228
2120;25254648000;22326277777;22826277777;10240;10228
2121;25254658000;22326277777;22826277777;10240;10228
2122;25254663000;22326300000;22826300000;10240;10228
2123;25254668000;22326588888;22826588888;10240;10228
2124;25254672000;22326588888;22826588888;10240;10228
2125;25338971000;22326588888;22826588888;10240;10228
2126;25338987000;22367944444;22867944444;10240;10228
2127;25338993000;22367944444;22867944444;10240;10228
2128;25338999000;22367944444;22867944444;10240;10228
2130;25367057000;22367944444;22867944444;10240;10228
2131;25400898000;22367944444;22867944444;10240;10228
2132;25400921000;22367944444;22867944444;10240;10228
2133;25400927000;22367966666;22867966666;10240;10228
2135;25400933000;22368288888;22868288888;10240;10228
2136;25400940000;22368288888;22868288888;10240;10228
2137;25400949000;22409600000;22909600000;10240;10228
2138;25400954000;22409600000;22909600000;10240;10228
2139;25400958000;22409600000;22909600000;10240;10228
2140;25401837000;22409600000;22909600000;10240;10228
2141;25401853000;22409600000;22909600000;10240;10228
2142;25401858000;22409600000;22909600000;10240;10228
2143;25401862000;22409600000;22909600000;10240;10228
2144;25401870000;22409622222;22909622222;10240;10228
2145;25401876000;22409944444;22909944444;10240;10228
2146;25401886000;22409944444;22909944444;10240;10228
2147;25401894000;22409944444;22909944444;10240;10228
2148;25401905000;22451277777;22951277777;10240;10228
2149;25401909000;22451277777;22951277777;10240;10228
2150;25401925000;22451277777;22951277777;10240;10228
2151;25401932000;22451277777;22951277777;10240;10228
2152;25401937000;22451277777;22951277777;10240;10228
2153;25401947000;22451277777;22951277777;10240;10228
2154;25428235000;22451277777;22951277777;10240;10228
2155;25428244000;22451300000;22951300000;10240;10228
2156;25428249000;22451588888;22951588888;10240;10228
2157;25429239000;22451588888;22951588888;10240;10228
2158;25429249000;22451588888;22951588888;10240;10228
2159;25429254000;22492944444;22992944444;10240;10228
2160;25429260000;22492944444;22992944444;10240;10228
2161;25429267000;22492944444;22992944444;10240;10228
2162;25429271000;22492944444;22992944444;10240;10228
2163;25454937000;22492944444;22992944444;10240;10228
2164;25454954000;22492944444;22992944444;10240;10228
2165;25454960000;22492944444;22992944444;10240;10228
2166;25454964000;22492966666;22992966666;10240;10228
2167;25454969000;22493300000;22993300000;10240;10228
2168;25539251000;22493300000;22993300000;10240;10228
2169;25539265000;22493300000;22993300000;10240;10228
2170;25539271000;22534611111;23034611111;10240;10228
2171;25539276000;22534611111;23034611111;10240;10228
2172;25567395000;22534611111;23034611111;10240;10228
2173;25567406000;22534611111;23034611111;10240;10228
2174;25601256000;22534611111;23034611111;10240;10228
2175;25601268000;22534611111;23034611111;10240;10228
2176;25601273000;22534611111;23034611111;10240;10228
2177;25601277000;22534633333;23034633333;10240;10228
2178;25601283000;22534922222;23034922222;10240;10228
2179;25601287000;22534922222;23034922222;10240;10228
2180;25601294000;22534922222;23034922222;10240;10228
2181;25601302000;22576277777;23076277777;10240;10228
2182;25601311000;22576277777;23076277777;10240;10228
2183;25602307000;22576277777;23076277777;10240;10228
2184;25602318000;22576277777;23076277777;10240;10228
2185;25602323000;22576277777;23076277777;10240;10228
2186;25602327000;22576277777;23076277777;10240;10228
2187;25602332000;22576277777;23076277777;10240;10228
2189;25602336000;22576600000;23076600000;10240;10228
2190;25602346000;22576600000;23076600000;10240;10228
2191;25602353000;22576600000;23076600000;10240;10228
2192;25602359000;22617933333;23117933333;10240;10228
2193;25602363000;22617933333;23117933333;10240;10228
2194;25602368000;22617933333;23117933333;10240;10228
2195;25602373000;22617933333;23117933333;10240;10228
2196;25602378000;22617933333;23117933333;10240;10228
2197;25628557000;22617933333;23117933333;10240;10228
2199;25628578000;22617955555;23117955555;10240;10228
2200;25629653000;22618311111;23118311111;10240;10228
2201;25629664000;22618311111;23118311111;10240;10228
2202;25629670000;22618311111;23118311111;10240;10228
2203;25629675000;22659622222;23159622222;10240;10228
2204;25629680000;22659622222;23159622222;10240;10228
2205;25629685000;22659622222;23159622222;10240;10228
2206;25655274000;22659622222;23159622222;10240;10228
2207;25655290000;22659622222;23159622222;10240;10228
2208;25655309000;22659622222;23159622222;10240;10228
2209;25655314000;22659622222;23159622222;10240;10228
2210;25655318000;22659633333;23159633333;10240;10228
2211;25739531000;22659944444;23159944444;10240;10228
2212;25739546000;22659944444;23159944444;10240;10228
2213;25739553000;22659944444;23159944444;10240;10228
2214;25739559000;22701277777;23201277777;10240;10228
2215;25767665000;22701277777;23201277777;10240;10228
2216;25767674000;22701277777;23201277777;10240;10228
2217;25801540000;22701277777;23201277777;10240;10228
2218;25801549000;22701277777;23201277777;10240;10228
2219;25801555000;22701277777;23201277777;10240;10228
2220;25801559000;22701277777;23201277777;10240;10228
2221;25801568000;22701300000;23201300000;10240;10228
2222;25801574000;22701566666;23201566666;10240;10228
2223;25801580000;22701566666;23201566666;10240;10228
2224;25801591000;22701566666;23201566666;10240;10228
2225;25801597000;22742944444;23242944444;10240;10228
2226;25802585000;22742944444;23242944444;10240;10228
2227;25802594000;22742944444;23242944444;10240;10228
2228;25802599000;22742944444;23242944444;10240;10228
2229;25802604000;22742944444;23242944444;10240;10228
2230;25802608000;22742944444;23242944444;10240;10228
2231;25802629000;22742944444;23242944444;10240;10228
2232;25802635000;22742966666;23242966666;10240;10228
2233;25802640000;22743277777;23243277777;10240;10228
2234;25802645000;22743277777;23243277777;10240;10228
2235;25802649000;22743277777;23243277777;10240;10228
2236;25802656000;22784611111;23284611111;10240;10228
2237;25802667000;22784611111;23284611111;10240;10228
2238;25802673000;22784611111;23284611111;10240;10228
2240;25828787000;22784611111;23284611111;10240;10228
2241;25828801000;22784611111;23284611111;10240;10228
2242;25828820000;22784611111;23284611111;10240;10228
2243;25829864000;22784622222;23284622222;10240;10228
2244;25829884000;22784933333;23284933333;10240;10228
2245;25829889000;22784933333;23284933333;10240;10228
2246;25829894000;22784933333;23284933333;10240;10228
2248;25829897000;22826266666;23326266666;10240;10228
2249;25855540000;22826266666;23326266666;10240;10228
2250;25855551000;22826266666;23326266666;10240;10228
2251;25855556000;22826266666;23326266666;10240;10228
2252;25855560000;22826266666;23326266666;10240;10228
2253;25855564000;22826266666;23326266666;10240;10228
2254;25939794000;22826288888;23326288888;10240;10228
2255;25939805000;22826600000;23326600000;10240;10228
2256;25939811000;22826600000;23326600000;10240;10228
2257;25939815000;22826600000;23326600000;10240;10228
2258;25967921000;22867944444;23367944444;10240;10228
2259;25967943000;22867944444;23367944444;10240;10228
2260;26001858000;22867944444;23367944444;10240;10228
2261;26001880000;22867944444;23367944444;10240;10228
2262;26001886000;22867944444;23367944444;10240;10228
2263;26001890000;22867944444;23367944444;10240;10228
2264;26001902000;22867944444;23367944444;10240;10228
2265;26001908000;22867966666;23367966666;10240;10228
2266;26001915000;22868300000;23368300000;10240;10228
2267;26001923000;22868300000;23368300000;10240;10228
2268;26001927000;22868300000;23368300000;10240;10228
2269;26002863000;22909611111;23409611111;10240;10228
2270;26002872000;22909611111;23409611111;10240;10228
2271;26002877000;22909611111;23409611111;10240;10228
2272;26002882000;22909611111;23409611111;10240;10228
2273;26002887000;22909611111;23409611111;10240;10228
2274;26002903000;22909611111;23409611111;10240;10228
2275;26002908000;22909611111;23409611111;10240;10228
2276;26002913000;22909633333;23409633333;10240;10228
2278;26002922000;22909933333;23409933333;10240;10228
2279;26002932000;22909933333;23409933333;10240;10228
2280;26002938000;22951277777;23451277777;10240;10228
2281;26002943000;22951277777;23451277777;10240;10228
2282;26029056000;22951277777;23451277777;10240;10228
2283;26029067000;22951277777;23451277777;10240;10228
2284;26029072000;22951277777;23451277777;10240;10228
2285;26029077000;22951277777;23451277777;10240;10228
2286;26030088000;22951277777;23451277777;10240;10228
2287;26030105000;22951300000;23451300000;10240;10228
2288;26030111000;22951600000;23451600000;10240;10228
2289;26030116000;22951600000;23451600000;10240;10228
2290;26030121000;22951600000;23451600000;10240;10228
2291;26030129000;22992944444;23492944444;10240;10228
2292;26055843000;22992944444;23492944444;10240;10228
2293;26055857000;22992944444;23492944444;10240;10228
2294;26055863000;22992944444;23492944444;10240;10228
2295;26055867000;22992944444;23492944444;10240;10228
2296;26055871000;22992944444;23492944444;10240;10228
2297;26140064000;22992944444;23492944444;10240;10228
2298;26140076000;22992955555;23492955555;10240;10228
2299;26140082000;22993277777;23493277777;10240;10228
2300;26140087000;22993277777;23493277777;10240;10228
2301;26168195000;22993277777;23493277777;10240;10228
2302;26168205000;23034600000;23534600000;10240;10228
2303;26202166000;23034600000;23534600000;10240;10228
2304;26202176000;23034600000;23534600000;10240;10228
2305;26202182000;23034600000;23534600000;10240;10228
2306;26202186000;23034600000;23534600000;10240;10228
2307;26202192000;23034600000;23534600000;10240;10228
2308;26202212000;23034600000;23534600000;10240;10228
2309;26202219000;23034622222;23534622222;10240;10228
2310;26202223000;23034922222;23534922222;10240;10228
2311;26202228000;23034922222;23534922222;10240;10228
2312;26203127000;23034922222;23534922222;10240;10228
2313;26203152000;23076288888;23576288888;10240;10228
2314;26203162000;23076288888;23576288888;10240;10228
2315;26203170000;23076288888;23576288888;10240;10228
2316;26203191000;23076288888;23576288888;10240;10228
2317;26203204000;23076288888;23576288888;10240;10228
2318;26203218000;23076288888;23576288888;10240;10228
2319;26203225000;23076288888;23576288888;10240;10228
2320;26203242000;23076300000;23576300000;10240;10228
2321;26203251000;23076611111;23576611111;10240;10228
2322;26203259000;23076611111;23576611111;10240;10228
2323;26203276000;23076611111;23576611111;10240;10228
2324;26203281000;23117955555;23617955555;10240;10228
2325;26229547000;23117955555;23617955555;10240;10228
2326;26229559000;23117955555;23617955555;10240;10228
2327;26229564000;23117955555;23617955555;10240;10228
2328;26229577000;23117955555;23617955555;10240;10228
2329;26230535000;23117955555;23617955555;10240;10228
2330;26230545000;23117955555;23617955555;10240;10228
2331;26230550000;23117966666;23617966666;10240;10228
2552;26230555000;23951633333;24451633333;10240;10228
2553;26230611000;23951633333;24451633333;10240;10228
2554;26230619000;23951633333;24451633333;10240;10228
2555;26256132000;23992944444;24492944444;10240;10228
2556;26256146000;23992944444;24492944444;10240;10228
2557;26256153000;23992944444;24492944444;10240;10228
2558;26256159000;23992944444;24492944444;10240;10228
2559;26256164000;23992944444;24492944444;10240;10228
2560;26340315000;23992944444;24492944444;10240;10228
2561;26340327000;23992944444;24492944444;10240;10228
2562;26340332000;23992966666;24492966666;10240;10228
2563;26340337000;23993266666;24493266666;10240;10228
2564;26368493000;23993266666;24493266666;10240;10228
2565;26368512000;23993266666;24493266666;10240;10228
2566;26402470000;24034600000;24534600000;10240;10228
2567;26402485000;24034600000;24534600000;10240;10228
2568;26402509000;24034600000;24534600000;10240;10228
2569;26402522000;24034600000;24534600000;10240;10228
2570;26402528000;24034600000;24534600000;10240;10228
2571;26402533000;24034600000;24534600000;10240;10228
2572;26402540000;24034600000;24534600000;10240;10228
2573;26402546000;24034622222;24534622222;10240;10228
2574;26402561000;24034900000;24534900000;10240;10228
2575;26403396000;24034900000;24534900000;10240;10228
2576;26403407000;24034900000;24534900000;10240;10228
2577;26403413000;24076277777;24576277777;10240;10228
2578;26403419000;24076277777;24576277777;10240;10228
2579;26403425000;24076277777;24576277777;10240;10228
2580;26403541000;24076277777;24576277777;10240;10228
2581;26403554000;24076277777;24576277777;10240;10228
2582;26403559000;24076277777;24576277777;10240;10228
2583;26403565000;24076277777;24576277777;10240;10228
2584;26403571000;24076300000;24576300000;10240;10228
2585;26403577000;24076577777;24576577777;10240;10228
2586;26403582000;24076577777;24576577777;10240;10228
2587;26403587000;24076577777;24576577777;10240;10228
2588;26403592000;24117944444;24617944444;10240;10228
2589;26430002000;24117944444;24617944444;10240;10228
2590;26430015000;24117944444;24617944444;10240;10228
2591;26430020000;24117944444;24617944444;10240;10228
2592;26430026000;24117944444;24617944444;10240;10228
2593;26430801000;24117944444;24617944444;10240;10228
2594;26430814000;24117944444;24617944444;10240;10228
2595;26430820000;24117966666;24617966666;10240;10228
2596;26430827000;24118288888;24618288888;10240;10228
2597;26430832000;24118288888;24618288888;10240;10228
2598;26430847000;24118288888;24618288888;10240;10228
2599;26456444000;24159611111;24659611111;10240;10228
2600;26456456000;24159611111;24659611111;10240;10228
2601;26456461000;24159611111;24659611111;10240;10228
2602;26456466000;24159611111;24659611111;10240;10228
2603;26456480000;24159611111;24659611111;10240;10228
2604;26540576000;24159611111;24659611111;10240;10228
2605;26540589000;24159611111;24659611111;10240;10228
2606;26540595000;24159633333;24659633333;10240;10228
2607;26540601000;24159922222;24659922222;10240;10228
2608;26568760000;24159922222;24659922222;10240;10228
2609;26568782000;24159922222;24659922222;10240;10228
2610;26602783000;24201266666;24701266666;10240;10228
2611;26602795000;24201266666;24701266666;10240;10228
2612;26602801000;24201266666;24701266666;10240;10228
2613;26602806000;24201266666;24701266666;10240;10228
2615;26602814000;24201266666;24701266666;10240;10228
2616;26602819000;24201266666;24701266666;10240;10228
2617;26602827000;24201288888;24701288888;10240;10228
2618;26602833000;24201566666;24701566666;10240;10228
2619;26603645000;24201566666;24701566666;10240;10228
2620;26603655000;24201566666;24701566666;10240;10228
2621;26603664000;24242944444;24742944444;10240;10228
2622;26603691000;24242944444;24742944444;10240;10228
2623;26603706000;24242944444;24742944444;10240;10228
2624;26603788000;24242944444;24742944444;10240;10228
2625;26603800000;24242944444;24742944444;10240;10228
2626;26603806000;24242944444;24742944444;10240;10228
2627;26603815000;24242944444;24742944444;10240;10228
2628;26603820000;24242966666;24742966666;10240;10228
2629;26603830000;24243277777;24743277777;10240;10228
2630;26603846000;24243277777;24743277777;10240;10228
2631;26603863000;24243277777;24743277777;10240;10228
2632;26603869000;24284622222;24784622222;10240;10228
2633;26603874000;24284622222;24784622222;10240;10228
2635;26630510000;24284622222;24784622222;10240;10228
2636;26630521000;24284622222;24784622222;10240;10228
2637;26630527000;24284622222;24784622222;10240;10228
2639;26631071000;24284633333;24784633333;10240;10228
2640;26631094000;24284911111;24784911111;10240;10228
2641;26631101000;24284911111;24784911111;10240;10228
2642;26631106000;24284911111;24784911111;10240;10228
2643;26631112000;24326277777;24826277777;10240;10228
2644;26631117000;24326277777;24826277777;10240;10228
2645;26656727000;24326277777;24826277777;10240;10228
2646;26656737000;24326277777;24826277777;10240;10228
2647;26656743000;24326277777;24826277777;10240;10228
2648;26656748000;24326277777;24826277777;10240;10228
2649;26684146000;24326277777;24826277777;10240;10228
2650;26740827000;24326300000;24826300000;10240;10228
2651;26740840000;24326588888;24826588888;10240;10228
2652;26740846000;24326588888;24826588888;10240;10228
2653;26769063000;24326588888;24826588888;10240;10228
2654;26769075000;24367944444;24867944444;10240;10228
2655;26769081000;24367944444;24867944444;10240;10228
2656;26803065000;24367944444;24867944444;10240;10228
2657;26803076000;24367944444;24867944444;10240;10228
2658;26803082000;24367944444;24867944444;10240;10228
2659;26803087000;24367944444;24867944444;10240;10228
2660;26803103000;24367944444;24867944444;10240;10228
2661;26803108000;24367966666;24867966666;10240;10228
2662;26803115000;24368266666;24868266666;10240;10228
2663;26803120000;24368266666;24868266666;10240;10228
2664;26803129000;24368266666;24868266666;10240;10228
2665;26803919000;24409600000;24909600000;10240;10228
2666;26803931000;24409600000;24909600000;10240;10228
2667;26803936000;24409600000;24909600000;10240;10228
2668;26803943000;24409600000;24909600000;10240;10228
2669;26803953000;24409600000;24909600000;10240;10228
2670;26803959000;24409600000;24909600000;10240;10228
2671;26803973000;24409600000;24909600000;10240;10228
2672;26803979000;24409622222;24909622222;10240;10228
2673;26803986000;24409888888;24909888888;10240;10228
2674;26803991000;24409888888;24909888888;10240;10228
2675;26804073000;24409888888;24909888888;10240;10228
2676;26804093000;24451288888;24951288888;10240;10228
2677;26804100000;24451288888;24951288888;10240;10228
2678;26804105000;24451288888;24951288888;10240;10228
2679;26804110000;24451288888;24951288888;10240;10228
2680;26830780000;24451288888;24951288888;10240;10228
2681;26830792000;24451288888;24951288888;10240;10228
2682;26830798000;24451288888;24951288888;10240;10228
2683;26830803000;24451300000;24951300000;10240;10228
2684;26831285000;24451555555;24951555555;10240;10228
2685;26831296000;24451555555;24951555555;10240;10228
2686;26831303000;24451555555;24951555555;10240;10228
2687;26831307000;24492944444;24992944444;10240;10228
2688;26831313000;24492944444;24992944444;10240;10228
2689;26831318000;24492944444;24992944444;10240;10228
2690;26831326000;24492944444;24992944444;10240;10228
2691;26857059000;24492944444;24992944444;10240;10228
2692;26857071000;24492944444;24992944444;10240;10228
2693;26857081000;24492944444;24992944444;10240;10228
2694;26857087000;24492966666;24992966666;10240;10228
2696;26941071000;24493255555;24993255555;10240;10228
2697;26941096000;24493255555;24993255555;10240;10228
2698;26941114000;24534611111;25034611111;10240;10228
2699;26969375000;24534611111;25034611111;10240;10228
2700;26969386000;24534611111;25034611111;10240;10228
2701;26969391000;24534611111;25034611111;10240;10228
2702;27003416000;24534611111;25034611111;10240;10228
2703;27003426000;24534611111;25034611111;10240;10228
2704;27003434000;24534611111;25034611111;10240;10228
2705;27003439000;24534633333;25034633333;10240;10228
2706;27003443000;24534900000;25034900000;10240;10228
2707;27003447000;24534900000;25034900000;10240;10228
2708;27003459000;24534900000;25034900000;10240;10228
2709;27003464000;24576277777;25076277777;10240;10228
2710;27003473000;24576277777;25076277777;10240;10228
2711;27004366000;24576277777;25076277777;10240;10228
2712;27004375000;24576277777;25076277777;10240;10228
2713;27004382000;24576277777;25076277777;10240;10228
2714;27004386000;24576277777;25076277777;10240;10228
2715;27004391000;24576277777;25076277777;10240;10228
2716;27004395000;24576300000;25076300000;10240;10228
2717;27004400000;24576577777;25076577777;10240;10228
2718;27004404000;24576577777;25076577777;10240;10228
2719;27004414000;24576577777;25076577777;10240;10228
2720;27004421000;24617933333;25117933333;10240;10228
2721;27004427000;24617933333;25117933333;10240;10228
2722;27004439000;24617933333;25117933333;10240;10228
2723;27004444000;24617933333;25117933333;10240;10228
2724;27004449000;24617933333;25117933333;10240;10228
2725;27004456000;24617933333;25117933333;10240;10228
2726;27031104000;24617933333;25117933333;10240;10228
2727;27031113000;24617955555;25117955555;10240;10228
2728;27031119000;24618255555;25118255555;10240;10228
2729;27031123000;24618255555;25118255555;10240;10228
2730;27031699000;24618255555;25118255555;10240;10228
2731;27031710000;24659611111;25159611111;10240;10228
2732;27031718000;24659611111;25159611111;10240;10228
2733;27031723000;24659611111;25159611111;10240;10228
2734;27031727000;24659611111;25159611111;10240;10228
2735;27031733000;24659611111;25159611111;10240;10228
2736;27031737000;24659611111;25159611111;10240;10228
2737;27057548000;24659611111;25159611111;10240;10228
2738;27057558000;24659633333;25159633333;10240;10228
2739;27057563000;24659900000;25159900000;10240;10228
2740;27057567000;24659900000;25159900000;10240;10228
2741;27141340000;24659900000;25159900000;10240;10228
2742;27141350000;24701277777;25201277777;10240;10228
2743;27141355000;24701277777;25201277777;10240;10228
2744;27141359000;24701277777;25201277777;10240;10228
2745;27169675000;24701277777;25201277777;10240;10228
2746;27169686000;24701277777;25201277777;10240;10228
2747;27169691000;24701277777;25201277777;10240;10228
2748;27203716000;24701277777;25201277777;10240;10228
2749;27203738000;24701300000;25201300000;10240;10228
2750;27203744000;24701533333;25201533333;10240;10228
2751;27203748000;24701533333;25201533333;10240;10228
2752;27203754000;24701533333;25201533333;10240;10228
2753;27203758000;24742944444;25242944444;10240;10228
2755;27203763000;24742944444;25242944444;10240;10228
2756;27203769000;24742944444;25242944444;10240;10228
2757;27204643000;24742944444;25242944444;10240;10228
2758;27204654000;24742944444;25242944444;10240;10228
2759;27204659000;24742944444;25242944444;10240;10228
2760;27204667000;24742966666;25242966666;10240;10228
2761;27204691000;24743255555;25243255555;10240;10228
2762;27204697000;24743255555;25243255555;10240;10228
2763;27204701000;24743255555;25243255555;10240;10228
2764;27204707000;24784611111;25284611111;10240;10228
2765;27204715000;24784611111;25284611111;10240;10228
2766;27204734000;24784611111;25284611111;10240;10228
2767;27204740000;24784611111;25284611111;10240;10228
2768;27204745000;24784611111;25284611111;10240;10228
2769;27204749000;24784611111;25284611111;10240;10228
2770;27204753000;24784611111;25284611111;10240;10228
2771;27204760000;24784633333;25284633333;10240;10228
2772;27231369000;24784900000;25284900000;10240;10228
2773;27231381000;24784900000;25284900000;10240;10228
2774;27231386000;24784900000;25284900000;10240;10228
2775;27231391000;24826266666;25326266666;10240;10228
2776;27231921000;24826266666;25326266666;10240;10228
2777;27231932000;24826266666;25326266666;10240;10228
2778;27231937000;24826266666;25326266666;10240;10228
2779;27231942000;24826266666;25326266666;10240;10228
2781;27231961000;24826266666;25326266666;10240;10228
2782;27231968000;24826288888;25326288888;10240;10228
2783;27257874000;24826555555;25326555555;10240;10228
2784;27257886000;24826555555;25326555555;10240;10228
2785;27257891000;24826555555;25326555555;10240;10228
2786;27257895000;24867955555;25367955555;10240;10228
2787;27341591000;24867955555;25367955555;10240;10228
2788;27341602000;24867955555;25367955555;10240;10228
2789;27341607000;24867955555;25367955555;10240;10228
2790;27341611000;24867955555;25367955555;10240;10228
2791;27341625000;24867955555;25367955555;10240;10228
2792;27369999000;24867955555;25367955555;10240;10228
2793;27370010000;24867966666;25367966666;10240;10228
2794;27370016000;24868288888;25368288888;10240;10228
2795;27404072000;24868288888;25368288888;10240;10228
2796;27404082000;24868288888;25368288888;10240;10228
2797;27404097000;24909611111;25409611111;10240;10228
2798;27404108000;24909611111;25409611111;10240;10228
2799;27404113000;24909611111;25409611111;10240;10228
2800;27404125000;24909611111;25409611111;10240;10228
2801;27404130000;24909611111;25409611111;10240;10228
2802;27404138000;24909611111;25409611111;10240;10228
2803;27404145000;24909611111;25409611111;10240;10228
2804;27405135000;24909622222;25409622222;10240;10228
2805;27405146000;24909900000;25409900000;10240;10228
2806;27405156000;24909900000;25409900000;10240;10228
2807;27405161000;24909900000;25409900000;10240;10228
2808;27405166000;24951300000;25451300000;10240;10228
2809;27405170000;24951300000;25451300000;10240;10228
2810;27405176000;24951300000;25451300000;10240;10228
2811;27405187000;24951300000;25451300000;10240;10228
2812;27405193000;24951300000;25451300000;10240;10228
2813;27405202000;24951300000;25451300000;10240;10228
2814;27405208000;24951300000;25451300000;10240;10228
2815;27405213000;24951311111;25451311111;10240;10228
2816;27405224000;24951588888;25451588888;10240;10228
2817;27405230000;24951588888;25451588888;10240;10228
2818;27405234000;24951588888;25451588888;10240;10228
2819;27431698000;24992944444;25492944444;10240;10228
2820;27431708000;24992944444;25492944444;10240;10228
2821;27431714000;24992944444;25492944444;10240;10228
2822;27431718000;24992944444;25492944444;10240;10228
2823;27432332000;24992944444;25492944444;10240;10228
2824;27432342000;24992944444;25492944444;10240;10228
2825;27432348000;24992944444;25492944444;10240;10228
2826;27432352000;24992966666;25492966666;10240;10228
2827;27432357000;24993244444;25493244444;10240;10228
2828;27432363000;24993244444;25493244444;10240;10228
2829;27432367000;24993244444;25493244444;10240;10228
2830;27458160000;25034600000;25534600000;10240;10228
2831;27458174000;25034600000;25534600000;10240;10228
2832;27458180000;25034600000;25534600000;10240;10228
2833;27458184000;25034600000;25534600000;10240;10228
2834;27541903000;25034600000;25534600000;10240;10228
2835;27541915000;25034600000;25534600000;10240;10228
2836;27541920000;25034600000;25534600000;10240;10228
2837;27541924000;25034622222;25534622222;10240;10228
2838;27541929000;25034888888;25534888888;10240;10228
2839;27570302000;25034888888;25534888888;10240;10228
2840;27570314000;25034888888;25534888888;10240;10228
2841;27570320000;25076266666;25576266666;10240;10228
2842;27604383000;25076266666;25576266666;10240;10228
2843;27604407000;25076266666;25576266666;10240;10228
2844;27604412000;25076266666;25576266666;10240;10228
2845;27604418000;25076266666;25576266666;10240;10228
2846;27604424000;25076266666;25576266666;10240;10228
2847;27604430000;25076266666;25576266666;10240;10228
2848;27604436000;25076288888;25576288888;10240;10228
2849;27604442000;25076555555;25576555555;10240;10228
2850;27604447000;25076555555;25576555555;10240;10228
2851;27605397000;25076555555;25576555555;10240;10228
2852;27605408000;25117955555;25617955555;10240;10228
2853;27605413000;25117955555;25617955555;10240;10228
2854;27605418000;25117955555;25617955555;10240;10228
2855;27605422000;25117955555;25617955555;10240;10228
2856;27605432000;25117955555;25617955555;10240;10228
2857;27605439000;25117955555;25617955555;10240;10228
2858;27605452000;25117955555;25617955555;10240;10228
2859;27605456000;25117966666;25617966666;10240;10228
2860;27605461000;25118266666;25618266666;10240;10228
2861;27605465000;25118266666;25618266666;10240;10228
2862;27605469000;25118266666;25618266666;10240;10228
2864;27605489000;25159622222;25659622222;10240;10228
2865;27605509000;25159622222;25659622222;10240;10228
2866;27631968000;25159622222;25659622222;10240;10228
2867;27631978000;25159622222;25659622222;10240;10228
2868;27631984000;25159622222;25659622222;10240;10228
2869;27631987000;25159622222;25659622222;10240;10228
2870;27632552000;25159644444;25659644444;10240;10228
2871;27632561000;25159933333;25659933333;10240;10228
2872;27632567000;25159933333;25659933333;10240;10228
2873;27632572000;25159933333;25659933333;10240;10228
2874;27632576000;25201266666;25701266666;10240;10228
2875;27632580000;25201266666;25701266666;10240;10228
2876;27632589000;25201266666;25701266666;10240;10228
2877;27658430000;25201266666;25701266666;10240;10228
2878;27658441000;25201266666;25701266666;10240;10228
2879;27658448000;25201266666;25701266666;10240;10228
2880;27658452000;25201266666;25701266666;10240;10228
2881;27742171000;25201288888;25701288888;10240;10228
2882;27742182000;25201544444;25701544444;10240;10228
2883;27742187000;25201544444;25701544444;10240;10228
2884;27742192000;25201544444;25701544444;10240;10228
2885;27742204000;25242944444;25742944444;10240;10228
2886;27770573000;25242944444;25742944444;10240;10228
2887;27770584000;25242944444;25742944444;10240;10228
2888;27770588000;25242944444;25742944444;10240;10228
2889;27804662000;25242944444;25742944444;10240;10228
2890;27804674000;25242944444;25742944444;10240;10228
2891;27804683000;25242944444;25742944444;10240;10228
2892;27804688000;25242966666;25742966666;10240;10228
2893;27804693000;25243288888;25743288888;10240;10228
2894;27804699000;25243288888;25743288888;10240;10228
2895;27804711000;25243288888;25743288888;10240;10228
2896;27804717000;25284611111;25784611111;10240;10228
2897;27804722000;25284611111;25784611111;10240;10228
2898;27805646000;25284611111;25784611111;10240;10228
2899;27805655000;25284611111;25784611111;10240;10228
2900;27805664000;25284611111;25784611111;10240;10228
2901;27805685000;25284611111;25784611111;10240;10228
2902;27805692000;25284611111;25784611111;10240;10228
2903;27805697000;25284622222;25784622222;10240;10228
2904;27805711000;25284888888;25784888888;10240;10228
2905;27805717000;25284888888;25784888888;10240;10228
2906;27805735000;25284888888;25784888888;10240;10228
2907;27805741000;25326277777;25826277777;10240;10228
2908;27805745000;25326277777;25826277777;10240;10228
2909;27805751000;25326277777;25826277777;10240;10228
2910;27805755000;25326277777;25826277777;10240;10228
2911;27805763000;25326277777;25826277777;10240;10228
2912;27805768000;25326277777;25826277777;10240;10228
2913;27805778000;25326277777;25826277777;10240;10228
2914;27832283000;25326300000;25826300000;10240;10228
2915;27832294000;25326555555;25826555555;10240;10228
2916;27832299000;25326555555;25826555555;10240;10228
2917;27832303000;25326555555;25826555555;10240;10228
2918;27832812000;25367944444;25867944444;10240;10228
2919;27832824000;25367944444;25867944444;10240;10228
2920;27832831000;25367944444;25867944444;10240;10228
2921;27832835000;25367944444;25867944444;10240;10228
2922;27832840000;25367944444;25867944444;10240;10228
2923;27832844000;25367944444;25867944444;10240;10228
2924;27832849000;25367944444;25867944444;10240;10228
2925;27858918000;25367966666;25867966666;10240;10228
2926;27858931000;25368277777;25868277777;10240;10228
2928;27858935000;25368277777;25868277777;10240;10228
2929;27942499000;25409600000;25909600000;10240;10228
2930;27942519000;25409600000;25909600000;10240;10228
2931;27942525000;25409600000;25909600000;10240;10228
2932;27942530000;25409600000;25909600000;10240;10228
2933;27942535000;25409600000;25909600000;10240;10228
2934;27971136000;25409600000;25909600000;10240;10228
2935;27971157000;25409600000;25909600000;10240;10228
2936;27971163000;25409622222;25909622222;10240;10228
2937;28005079000;25409877777;25909877777;10240;10228
2938;28005097000;25409877777;25909877777;10240;10228
2939;28005103000;25409877777;25909877777;10240;10228
2940;28005107000;25451288888;25951288888;10240;10228
2941;28005111000;25451288888;25951288888;10240;10228
2942;28005116000;25451288888;25951288888;10240;10228
2943;28005125000;25451288888;25951288888;10240;10228
2944;28005129000;25451288888;25951288888;10240;10228
2945;28005134000;25451288888;25951288888;10240;10228
2946;28006132000;25451288888;25951288888;10240;10228
2947;28006147000;25451300000;25951300000;10240;10228
2948;28006156000;25451555555;25951555555;10240;10228
2949;28006165000;25451555555;25951555555;10240;10228
2950;28006172000;25451555555;25951555555;10240;10228
2951;28006186000;25492955555;25992955555;10240;10228
2952;28006195000;25492955555;25992955555;10240;10228
2953;28006210000;25492955555;25992955555;10240;10228
2954;28006219000;25492955555;25992955555;10240;10228
2955;28006226000;25492955555;25992955555;10240;10228
2956;28006244000;25492955555;25992955555;10240;10228
2957;28006253000;25492955555;25992955555;10240;10228
2958;28006261000;25492966666;25992966666;10240;10228
2959;28006268000;25493255555;25993255555;10240;10228
2960;28006282000;25493255555;25993255555;10240;10228
2961;28006290000;25493255555;25993255555;10240;10228
2962;28032561000;25534611111;26034611111;10240;10228
2963;28032571000;25534611111;26034611111;10240;10228
2964;28032577000;25534611111;26034611111;10240;10228
2965;28032592000;25534611111;26034611111;10240;10228
2966;28033233000;25534611111;26034611111;10240;10228
2967;28033244000;25534611111;26034611111;10240;10228
2968;28033249000;25534611111;26034611111;10240;10228
2969;28033254000;25534633333;26034633333;10240;10228
2970;28033259000;25534888888;26034888888;10240;10228
2971;28033265000;25534888888;26034888888;10240;10228
2972;28033269000;25534888888;26034888888;10240;10228
2973;28059190000;25576277777;26076277777;10240;10228
2974;28059200000;25576277777;26076277777;10240;10228
2975;28059205000;25576277777;26076277777;10240;10228
2976;28059209000;25576277777;26076277777;10240;10228
2977;28142809000;25576277777;26076277777;10240;10228
2978;28142820000;25576277777;26076277777;10240;10228
2979;28142825000;25576277777;26076277777;10240;10228
2980;28142829000;25576300000;26076300000;10240;10228
2981;28142833000;25576588888;26076588888;10240;10228
2982;28171461000;25576588888;26076588888;10240;10228
2983;28171470000;25576588888;26076588888;10240;10228
2984;28171475000;25617933333;26117933333;10240;10228
2985;28205414000;25617933333;26117933333;10240;10228
2986;28205426000;25617933333;26117933333;10240;10228
2987;28205431000;25617933333;26117933333;10240;10228
2988;28205438000;25617933333;26117933333;10240;10228
2989;28205442000;25617933333;26117933333;10240;10228
2990;28205447000;25617933333;26117933333;10240;10228
2991;28205451000;25617955555;26117955555;10240;10228
2992;28205455000;25618244444;26118244444;10240;10228
2993;28205459000;25618244444;26118244444;10240;10228
2994;28206647000;25618244444;26118244444;10240;10228
2995;28206658000;25659611111;26159611111;10240;10228
2996;28206664000;25659611111;26159611111;10240;10228
2997;28206668000;25659611111;26159611111;10240;10228
2998;28206672000;25659611111;26159611111;10240;10228
2999;28206678000;25659611111;26159611111;10240;10228
3000;28206681000;25659611111;26159611111;10240;10228
3001;28206687000;25659611111;26159611111;10240;10228
3002;28206691000;25659633333;26159633333;10240;10228
3003;28206696000;25659888888;26159888888;10240;10228
3004;28206708000;25659888888;26159888888;10240;10228
3005;28206714000;25659888888;26159888888;10240;10228
3006;28206724000;25701277777;26201277777;10240;10228
3007;28206729000;25701277777;26201277777;10240;10228
3008;28206735000;25701277777;26201277777;10240;10228
3009;28206740000;25701277777;26201277777;10240;10228
3010;28232869000;25701277777;26201277777;10240;10228
3011;28232880000;25701277777;26201277777;10240;10228
3012;28232897000;25701277777;26201277777;10240;10228
3013;28232901000;25701300000;26201300000;10240;10228
3014;28233668000;25701555555;26201555555;10240;10228
3015;28233686000;25701555555;26201555555;10240;10228
3016;28233691000;25701555555;26201555555;10240;10228
3017;28233695000;25742944444;26242944444;10240;10228
3018;28233699000;25742944444;26242944444;10240;10228
3019;28233704000;25742944444;26242944444;10240;10228
3020;28233708000;25742944444;26242944444;10240;10228
3021;28259663000;25742944444;26242944444;10240;10228
3022;28259673000;25742944444;26242944444;10240;10228
3023;28259678000;25742944444;26242944444;10240;10228
3024;28259682000;25742966666;26242966666;10240;10228
3025;28343173000;25743244444;26243244444;10240;10228
3026;28343185000;25743244444;26243244444;10240;10228
3027;28343191000;25743244444;26243244444;10240;10228
3028;28343196000;25784611111;26284611111;10240;10228
3029;28343201000;25784611111;26284611111;10240;10228
3030;28371989000;25784611111;26284611111;10240;10228
3031;28372000000;25784611111;26284611111;10240;10228
3032;28372006000;25784611111;26284611111;10240;10228
3033;28405805000;25784611111;26284611111;10240;10228
3034;28405818000;25784611111;26284611111;10240;10228
3035;28405823000;25784633333;26284633333;10240;10228
3036;28405829000;25784911111;26284911111;10240;10228
3037;28405833000;25784911111;26284911111;10240;10228
3038;28405838000;25784911111;26284911111;10240;10228
3039;28405842000;25826266666;26326266666;10240;10228
3040;28405847000;25826266666;26326266666;10240;10228
3041;28405852000;25826266666;26326266666;10240;10228
3042;28407128000;25826266666;26326266666;10240;10228
3043;28407138000;25826266666;26326266666;10240;10228
3044;28407143000;25826266666;26326266666;10240;10228
3045;28407147000;25826266666;26326266666;10240;10228
3046;28407152000;25826288888;26326288888;10240;10228
3047;28407158000;25826544444;26326544444;10240;10228
3048;28407162000;25826544444;26326544444;10240;10228
3049;28407167000;25826544444;26326544444;10240;10228
3050;28407171000;25867944444;26367944444;10240;10228
3051;28407176000;25867944444;26367944444;10240;10228
3052;28407181000;25867944444;26367944444;10240;10228
3053;28407185000;25867944444;26367944444;10240;10228
3054;28407190000;25867944444;26367944444;10240;10228
3055;28407194000;25867944444;26367944444;10240;10228
3056;28407200000;25867944444;26367944444;10240;10228
3057;28407204000;25867955555;26367955555;10240;10228
3058;28407209000;25868277777;26368277777;10240;10228
3059;28433197000;25868277777;26368277777;10240;10228
3060;28433210000;25868277777;26368277777;10240;10228
3061;28433215000;25909611111;26409611111;10240;10228
3062;28433230000;25909611111;26409611111;10240;10228
3063;28434108000;25909611111;26409611111;10240;10228
3064;28434121000;25909611111;26409611111;10240;10228
3065;28434131000;25909611111;26409611111;10240;10228
3066;28434136000;25909611111;26409611111;10240;10228
3067;28434141000;25909611111;26409611111;10240;10228
3068;28434148000;25909633333;26409633333;10240;10228
3069;28434154000;25909900000;26409900000;10240;10228
3070;28459970000;25909900000;26409900000;10240;10228
3071;28459982000;25909900000;26409900000;10240;10228
3072;28459988000;25951288888;26451288888;10240;10228
3073;28459993000;25951288888;26451288888;10240;10228
3074;28543463000;25951288888;26451288888;10240;10228
3075;28543475000;25951288888;26451288888;10240;10228
3076;28543481000;25951288888;26451288888;10240;10228
3077;28543486000;25951288888;26451288888;10240;10228
3078;28543492000;25951288888;26451288888;10240;10228
3080;28572299000;25951566666;26451566666;10240;10228
3081;28598471000;25951566666;26451566666;10240;10228
3082;28606108000;25951566666;26451566666;10240;10228
3083;28606122000;25992944444;26492944444;10240;10228
3084;28606128000;25992944444;26492944444;10240;10228
3085;28606133000;25992944444;26492944444;10240;10228
3086;28606138000;25992944444;26492944444;10240;10228
3087;28606161000;25992944444;26492944444;10240;10228
3088;28606166000;25992944444;26492944444;10240;10228
3089;28606171000;25992944444;26492944444;10240;10228
3090;28607440000;25992966666;26492966666;10240;10228
3091;28607452000;25993255555;26493255555;10240;10228
3092;28607457000;25993255555;26493255555;10240;10228
3093;28607471000;25993255555;26493255555;10240;10228
3094;28607476000;26034600000;26534600000;10240;10228
3095;28607480000;26034600000;26534600000;10240;10228
3096;28607484000;26034600000;26534600000;10240;10228
3097;28607488000;26034600000;26534600000;10240;10228
3098;28607493000;26034600000;26534600000;10240;10228
3099;28607498000;26034600000;26534600000;10240;10228
3100;28607509000;26034600000;26534600000;10240;10228
3101;28607516000;26034622222;26534622222;10240;10228
3102;28607754000;26034877777;26534877777;10240;10228
3103;28607764000;26034877777;26534877777;10240;10228
3104;28607769000;26034877777;26534877777;10240;10228
3105;28607773000;26076277777;26576277777;10240;10228
3106;28607788000;26076277777;26576277777;10240;10228
3107;28633483000;26076277777;26576277777;10240;10228
3108;28633499000;26076277777;26576277777;10240;10228
3109;28633504000;26076277777;26576277777;10240;10228
3110;28633513000;26076277777;26576277777;10240;10228
3111;28633520000;26076277777;26576277777;10240;10228
3112;28633527000;26076300000;26576300000;10240;10228
3113;28634333000;26076555555;26576555555;10240;10228
3114;28634348000;26076555555;26576555555;10240;10228
3115;28634354000;26076555555;26576555555;10240;10228
3116;28634359000;26117955555;26617955555;10240;10228
3117;28634368000;26117955555;26617955555;10240;10228
3118;28634373000;26117955555;26617955555;10240;10228
3119;28660252000;26117955555;26617955555;10240;10228
3120;28660264000;26117955555;26617955555;10240;10228
3121;28660269000;26117955555;26617955555;10240;10228
3122;28660273000;26117955555;26617955555;10240;10228
3123;28660278000;26117966666;26617966666;10240;10228
3278;28743715000;26701588888;27201588888;10240;10228
3279;28743767000;26701588888;27201588888;10240;10228
3280;28743783000;26701588888;27201588888;10240;10228
3281;28743788000;26742955555;27242955555;10240;10228
3282;28743804000;26742955555;27242955555;10240;10228
3283;28772676000;26742955555;27242955555;10240;10228
3284;28772698000;26742955555;27242955555;10240;10228
3285;28798784000;26742955555;27242955555;10240;10228
3286;28806446000;26742955555;27242955555;10240;10228
3287;28806458000;26742955555;27242955555;10240;10228
3288;28806463000;26742966666;27242966666;10240;10228
3289;28806469000;26743255555;27243255555;10240;10228
3290;28806476000;26743255555;27243255555;10240;10228
3291;28806481000;26743255555;27243255555;10240;10228
3292;28806486000;26784611111;27284611111;10240;10228
3293;28806491000;26784611111;27284611111;10240;10228
3294;28807888000;26784611111;27284611111;10240;10228
3295;28807900000;26784611111;27284611111;10240;10228
3296;28807905000;26784611111;27284611111;10240;10228
3297;28807911000;26784611111;27284611111;10240;10228
3298;28807920000;26784611111;27284611111;10240;10228
3299;28807925000;26784633333;27284633333;10240;10228
3300;28807931000;26784900000;27284900000;10240;10228
3301;28807936000;26784900000;27284900000;10240;10228
3302;28807942000;26784900000;27284900000;10240;10228
3303;28807946000;26826266666;27326266666;10240;10228
3304;28807952000;26826266666;27326266666;10240;10228
3305;28807957000;26826266666;27326266666;10240;10228
3306;28808142000;26826266666;27326266666;10240;10228
3307;28808152000;26826266666;27326266666;10240;10228
3308;28808159000;26826266666;27326266666;10240;10228
3309;28808164000;26826266666;27326266666;10240;10228
3310;28808169000;26826288888;27326288888;10240;10228
3311;28833951000;26826555555;27326555555;10240;10228
3312;28833965000;26826555555;27326555555;10240;10228
3313;28833971000;26826555555;27326555555;10240;10228
3314;28833975000;26867933333;27367933333;10240;10228
3315;28833981000;26867933333;27367933333;10240;10228
3316;28833985000;26867933333;27367933333;10240;10228
3318;28834801000;26867933333;27367933333;10240;10228
3319;28834814000;26867933333;27367933333;10240;10228
3320;28834820000;26867933333;27367933333;10240;10228
3321;28834825000;26867955555;27367955555;10240;10228
3322;28834830000;26868266666;27368266666;10240;10228
3323;28860758000;26868266666;27368266666;10240;10228
3324;28860770000;26868266666;27368266666;10240;10228
3325;28860776000;26909611111;27409611111;10240;10228
3326;28860789000;26909611111;27409611111;10240;10228
3327;28860804000;26909611111;27409611111;10240;10228
3328;28944217000;26909611111;27409611111;10240;10228
3329;28944230000;26909611111;27409611111;10240;10228
3330;28944235000;26909611111;27409611111;10240;10228
3331;28944241000;26909611111;27409611111;10240;10228
3332;28944245000;26909633333;27409633333;10240;10228
3333;28973147000;26909911111;27409911111;10240;10228
3334;28973158000;26909911111;27409911111;10240;10228
3335;29006966000;26909911111;27409911111;10240;10228
3336;29006977000;26951277777;27451277777;10240;10228
3337;29006983000;26951277777;27451277777;10240;10228
3338;29006989000;26951277777;27451277777;10240;10228
3339;29006994000;26951277777;27451277777;10240;10228
3340;29006999000;26951277777;27451277777;10240;10228
3341;29007003000;26951277777;27451277777;10240;10228
3342;29007009000;26951277777;27451277777;10240;10228
3343;29007013000;26951300000;27451300000;10240;10228
3344;29008192000;26951577777;27451577777;10240;10228
3345;29008203000;26951577777;27451577777;10240;10228
3346;29008208000;26951577777;27451577777;10240;10228
3347;29008213000;26992933333;27492933333;10240;10228
3348;29008220000;26992933333;27492933333;10240;10228
3349;29008225000;26992933333;27492933333;10240;10228
3350;29008230000;26992933333;27492933333;10240;10228
3351;29008239000;26992933333;27492933333;10240;10228
3352;29008249000;26992933333;27492933333;10240;10228
3353;29008436000;26992933333;27492933333;10240;10228
3354;29008448000;26992955555;27492955555;10240;10228
3356;29008455000;26993244444;27493244444;10240;10228
3357;29008460000;26993244444;27493244444;10240;10228
3358;29008467000;27034600000;27534600000;10240;10228
3359;29008472000;27034600000;27534600000;10240;10228
3360;29008478000;27034600000;27534600000;10240;10228
3361;29034376000;27034600000;27534600000;10240;10228
3362;29034389000;27034600000;27534600000;10240;10228
3363;29034394000;27034600000;27534600000;10240;10228
3364;29034400000;27034600000;27534600000;10240;10228
3365;29034405000;27034622222;27534622222;10240;10228
3366;29034410000;27034900000;27534900000;10240;10228
3367;29034415000;27034900000;27534900000;10240;10228
3368;29035225000;27034900000;27534900000;10240;10228
3369;29035237000;27076277777;27576277777;10240;10228
3370;29035244000;27076277777;27576277777;10240;10228
3371;29035249000;27076277777;27576277777;10240;10228
3372;29035254000;27076277777;27576277777;10240;10228
3373;29035259000;27076277777;27576277777;10240;10228
3374;29061264000;27076277777;27576277777;10240;10228
3375;29061277000;27076277777;27576277777;10240;10228
3376;29061283000;27076300000;27576300000;10240;10228
3377;29061288000;27076566666;27576566666;10240;10228
3379;29144649000;27076566666;27576566666;10240;10228
3380;29144661000;27117944444;27617944444;10240;10228
3381;29144668000;27117944444;27617944444;10240;10228
3382;29144675000;27117944444;27617944444;10240;10228
3383;29144681000;27117944444;27617944444;10240;10228
3384;29173681000;27117944444;27617944444;10240;10228
3385;29173703000;27117944444;27617944444;10240;10228
3386;29207356000;27117944444;27617944444;10240;10228
3387;29207368000;27117966666;27617966666;10240;10228
3388;29207374000;27118266666;27618266666;10240;10228
3389;29207379000;27118266666;27618266666;10240;10228
3390;29207384000;27118266666;27618266666;10240;10228
3391;29207391000;27159611111;27659611111;10240;10228
3392;29207396000;27159611111;27659611111;10240;10228
3393;29207400000;27159611111;27659611111;10240;10228
3394;29207405000;27159611111;27659611111;10240;10228
3395;29208688000;27159611111;27659611111;10240;10228
3396;29208705000;27159611111;27659611111;10240;10228
3397;29208711000;27159611111;27659611111;10240;10228
3398;29208717000;27159633333;27659633333;10240;10228
3399;29208722000;27159911111;27659911111;10240;10228
3400;29208728000;27159911111;27659911111;10240;10228
3401;29208734000;27159911111;27659911111;10240;10228
3402;29208740000;27201288888;27701288888;10240;10228
3403;29208744000;27201288888;27701288888;10240;10228
3404;29208751000;27201288888;27701288888;10240;10228
3405;29208763000;27201288888;27701288888;10240;10228
3406;29208769000;27201288888;27701288888;10240;10228
3407;29208774000;27201288888;27701288888;10240;10228
3408;29208779000;27201288888;27701288888;10240;10228
3409;29208787000;27201300000;27701300000;10240;10228
3410;29208792000;27201555555;27701555555;10240;10228
3411;29208801000;27201555555;27701555555;10240;10228
3412;29234839000;27201555555;27701555555;10240;10228
3413;29234855000;27242933333;27742933333;10240;10228
3414;29234876000;27242933333;27742933333;10240;10228
3415;29234885000;27242933333;27742933333;10240;10228
3416;29234902000;27242933333;27742933333;10240;10228
3417;29234908000;27242933333;27742933333;10240;10228
3418;29234923000;27242933333;27742933333;10240;10228
3419;29235639000;27242933333;27742933333;10240;10228
3420;29235650000;27242955555;27742955555;10240;10228
3421;29235656000;27243266666;27743266666;10240;10228
3422;29235662000;27243266666;27743266666;10240;10228
3424;29235666000;27284611111;27784611111;10240;10228
3425;29261737000;27284611111;27784611111;10240;10228
3426;29261748000;27284611111;27784611111;10240;10228
3427;29261753000;27284611111;27784611111;10240;10228
3428;29261759000;27284611111;27784611111;10240;10228
3429;29344923000;27284611111;27784611111;10240;10228
3430;29344937000;27284611111;27784611111;10240;10228
3431;29344946000;27284633333;27784633333;10240;10228
3432;29344956000;27284911111;27784911111;10240;10228
3433;29344964000;27284911111;27784911111;10240;10228
3434;29344972000;27284911111;27784911111;10240;10228
3435;29374011000;27326288888;27826288888;10240;10228
3436;29374023000;27326288888;27826288888;10240;10228
3437;29407693000;27326288888;27826288888;10240;10228
3438;29407704000;27326288888;27826288888;10240;10228
3439;29407709000;27326288888;27826288888;10240;10228
3440;29407716000;27326288888;27826288888;10240;10228
3441;29407721000;27326288888;27826288888;10240;10228
3442;29407731000;27326300000;27826300000;10240;10228
3443;29407736000;27326566666;27826566666;10240;10228
3444;29407744000;27326566666;27826566666;10240;10228
3445;29407751000;27326566666;27826566666;10240;10228
3446;29409145000;27367944444;27867944444;10240;10228
3447;29409157000;27367944444;27867944444;10240;10228
3448;29409162000;27367944444;27867944444;10240;10228
3449;29409167000;27367944444;27867944444;10240;10228
3450;29409171000;27367944444;27867944444;10240;10228
3451;29409178000;27367944444;27867944444;10240;10228
3452;29409182000;27367944444;27867944444;10240;10228
3453;29409187000;27367966666;27867966666;10240;10228
3454;29409192000;27368266666;27868266666;10240;10228
3459;29409201000;27409600000;27909600000;10240;10228
3460;29409219000;27409600000;27909600000;10240;10228
3461;29409231000;27409600000;27909600000;10240;10228
3462;29409238000;27409600000;27909600000;10240;10228
3463;29435152000;27409600000;27909600000;10240;10228
3464;29435163000;27409622222;27909622222;10240;10228
3465;29435169000;27409900000;27909900000;10240;10228
3466;29435174000;27409900000;27909900000;10240;10228
3467;29435178000;27409900000;27909900000;10240;10228
3468;29435184000;27451288888;27951288888;10240;10228
3469;29435188000;27451288888;27951288888;10240;10228
3470;29436080000;27451288888;27951288888;10240;10228
3471;29436091000;27451288888;27951288888;10240;10228
3472;29436097000;27451288888;27951288888;10240;10228
3473;29436104000;27451288888;27951288888;10240;10228
3474;29436108000;27451288888;27951288888;10240;10228
3475;29436117000;27451300000;27951300000;10240;10228
3476;29462228000;27451566666;27951566666;10240;10228
3477;29462240000;27451566666;27951566666;10240;10228
3478;29462247000;27451566666;27951566666;10240;10228
3479;29462252000;27492955555;27992955555;10240;10228
3480;29545187000;27492955555;27992955555;10240;10228
3481;29545198000;27492955555;27992955555;10240;10228
3482;29545203000;27492955555;27992955555;10240;10228
3483;29545208000;27492955555;27992955555;10240;10228
3484;29545212000;27492955555;27992955555;10240;10228
3485;29545225000;27492955555;27992955555;10240;10228
3486;29574295000;27492966666;27992966666;10240;10228
3487;29574322000;27493277777;27993277777;10240;10228
3488;29607968000;27493277777;27993277777;10240;10228
3489;29607983000;27493277777;27993277777;10240;10228
3490;29607992000;27534611111;28034611111;10240;10228
3491;29608002000;27534611111;28034611111;10240;10228
3492;29608010000;27534611111;28034611111;10240;10228
3493;29608016000;27534611111;28034611111;10240;10228
3494;29608024000;27534611111;28034611111;10240;10228
3495;29608029000;27534611111;28034611111;10240;10228
3496;29608033000;27534611111;28034611111;10240;10228
3497;29609389000;27534622222;28034622222;10240;10228
3498;29609401000;27534911111;28034911111;10240;10228
3499;29609407000;27534911111;28034911111;10240;10228
3500;29609412000;27534911111;28034911111;10240;10228
3501;29609434000;27576277777;28076277777;10240;10228
3502;29609441000;27576277777;28076277777;10240;10228
3503;29609462000;27576277777;28076277777;10240;10228
3504;29609466000;27576277777;28076277777;10240;10228
3505;29609478000;27576277777;28076277777;10240;10228
3506;29609483000;27576277777;28076277777;10240;10228
3507;29609494000;27576277777;28076277777;10240;10228
3508;29609499000;27576300000;28076300000;10240;10228
3509;29609504000;27576577777;28076577777;10240;10228
3510;29609507000;27576577777;28076577777;10240;10228
3511;29609512000;27576577777;28076577777;10240;10228
3512;29609523000;27617933333;28117933333;10240;10228
3514;29635417000;27617933333;28117933333;10240;10228
3515;29635441000;27617933333;28117933333;10240;10228
3516;29635452000;27617933333;28117933333;10240;10228
3517;29635457000;27617933333;28117933333;10240;10228
3518;29635471000;27617933333;28117933333;10240;10228
3519;29635477000;27617955555;28117955555;10240;10228
3520;29635481000;27618255555;28118255555;10240;10228
3521;29636364000;27618255555;28118255555;10240;10228
3522;29636373000;27618255555;28118255555;10240;10228
3523;29636380000;27659611111;28159611111;10240;10228
3524;29636385000;27659611111;28159611111;10240;10228
3525;29636390000;27659611111;28159611111;10240;10228
3526;29636394000;27659611111;28159611111;10240;10228
3527;29662560000;27659611111;28159611111;10240;10228
3528;29662571000;27659611111;28159611111;10240;10228
3529;29662576000;27659611111;28159611111;10240;10228
3530;29662581000;27659633333;28159633333;10240;10228
3531;29745658000;27659900000;28159900000;10240;10228
3532;29745670000;27659900000;28159900000;10240;10228
3533;29745678000;27659900000;28159900000;10240;10228
3534;29745687000;27701277777;28201277777;10240;10228
3535;29745692000;27701277777;28201277777;10240;10228
3536;29745705000;27701277777;28201277777;10240;10228
3537;29774818000;27701277777;28201277777;10240;10228
3538;29774828000;27701277777;28201277777;10240;10228
3539;29808398000;27701277777;28201277777;10240;10228
3540;29808414000;27701277777;28201277777;10240;10228
3541;29808425000;27701300000;28201300000;10240;10228
3542;29808435000;27701544444;28201544444;10240;10228
3543;29808443000;27701544444;28201544444;10240;10228
3544;29808450000;27701544444;28201544444;10240;10228
3545;29808466000;27742955555;28242955555;10240;10228
3546;29808472000;27742955555;28242955555;10240;10228
3547;29808476000;27742955555;28242955555;10240;10228
3548;29809907000;27742955555;28242955555;10240;10228
3549;29809921000;27742955555;28242955555;10240;10228
3550;29809927000;27742955555;28242955555;10240;10228
3551;29809931000;27742955555;28242955555;10240;10228
3552;29809935000;27742966666;28242966666;10240;10228
3553;29809944000;27743255555;28243255555;10240;10228
3554;29809953000;27743255555;28243255555;10240;10228
3555;29809958000;27743255555;28243255555;10240;10228
3556;29809968000;27784622222;28284622222;10240;10228
3557;29809973000;27784622222;28284622222;10240;10228
3558;29809985000;27784622222;28284622222;10240;10228
3559;29809989000;27784622222;28284622222;10240;10228
3560;29809994000;27784622222;28284622222;10240;10228
3561;29810005000;27784622222;28284622222;10240;10228
3562;29810010000;27784622222;28284622222;10240;10228
3563;29810014000;27784633333;28284633333;10240;10228
3564;29835701000;27784911111;28284911111;10240;10228
3565;29835719000;27784911111;28284911111;10240;10228
3566;29835724000;27784911111;28284911111;10240;10228
3567;29835729000;27826277777;28326277777;10240;10228
3568;29835733000;27826277777;28326277777;10240;10228
3571;29835749000;27826277777;28326277777;10240;10228
3572;29836832000;27826277777;28326277777;10240;10228
3573;29836845000;27826277777;28326277777;10240;10228
3574;29836850000;27826300000;28326300000;10240;10228
3575;29836856000;27826566666;28326566666;10240;10228
3576;29836860000;27826566666;28326566666;10240;10228
3577;29836865000;27826566666;28326566666;10240;10228
3579;29863027000;27867955555;28367955555;10240;10228
3580;29863038000;27867955555;28367955555;10240;10228
3581;29863053000;27867955555;28367955555;10240;10228
3582;29945898000;27867955555;28367955555;10240;10228
3583;29945909000;27867955555;28367955555;10240;10228
3584;29945919000;27867955555;28367955555;10240;10228
3585;29945924000;27867966666;28367966666;10240;10228
3586;29945929000;27868277777;28368277777;10240;10228
3587;29945933000;27868277777;28368277777;10240;10228
3588;29975176000;27868277777;28368277777;10240;10228
3589;29975187000;27909611111;28409611111;10240;10228
3590;30008739000;27909611111;28409611111;10240;10228
3591;30008756000;27909611111;28409611111;10240;10228
3592;30008762000;27909611111;28409611111;10240;10228
3593;30008766000;27909611111;28409611111;10240;10228
3594;30008773000;27909611111;28409611111;10240;10228
3595;30008779000;27909611111;28409611111;10240;10228
3596;30008784000;27909633333;28409633333;10240;10228
3597;30008788000;27909922222;28409922222;10240;10228
3598;30008793000;27909922222;28409922222;10240;10228
3599;30010364000;27909922222;28409922222;10240;10228
3600;30010376000;27951277777;28451277777;10240;10228
3601;30010381000;27951277777;28451277777;10240;10228
3602;30010391000;27951277777;28451277777;10240;10228
3603;30010399000;27951277777;28451277777;10240;10228
3604;30010406000;27951277777;28451277777;10240;10228
3605;30010414000;27951277777;28451277777;10240;10228
3606;30010421000;27951277777;28451277777;10240;10228
3607;30010425000;27951288888;28451288888;10240;10228
3608;30010429000;27951577777;28451577777;10240;10228
3609;30010434000;27951577777;28451577777;10240;10228
3610;30010438000;27951577777;28451577777;10240;10228
3611;30010442000;27992955555;28492955555;10240;10228
3612;30010446000;27992955555;28492955555;10240;10228
3613;30010451000;27992955555;28492955555;10240;10228
3614;30010456000;27992955555;28492955555;10240;10228
3615;30036009000;27992955555;28492955555;10240;10228
3617;30036019000;27992955555;28492955555;10240;10228
3618;30036039000;27992966666;28492966666;10240;10228
3619;30036053000;27993255555;28493255555;10240;10228
3620;30036068000;27993255555;28493255555;10240;10228
3621;30036074000;27993255555;28493255555;10240;10228
3622;30036078000;28034600000;28534600000;10240;10228
3623;30037272000;28034600000;28534600000;10240;10228
3624;30037282000;28034600000;28534600000;10240;10228
3625;30037293000;28034600000;28534600000;10240;10228
3626;30037297000;28034600000;28534600000;10240;10228
3627;30037303000;28034600000;28534600000;10240;10228
3628;30037307000;28034600000;28534600000;10240;10228
3629;30063482000;28034622222;28534622222;10240;10228
3630;30063497000;28034900000;28534900000;10240;10228
3631;30063503000;28034900000;28534900000;10240;10228
3632;30063507000;28034900000;28534900000;10240;10228
3633;30146145000;28076277777;28576277777;10240;10228
3634;30146156000;28076277777;28576277777;10240;10228
3635;30146160000;28076277777;28576277777;10240;10228
3636;30146190000;28076277777;28576277777;10240;10228
3637;30146196000;28076277777;28576277777;10240;10228
3638;30146207000;28076277777;28576277777;10240;10228
3639;30175467000;28076277777;28576277777;10240;10228
3640;30175478000;28076300000;28576300000;10240;10228
3641;30209040000;28076577777;28576577777;10240;10228
3642;30209075000;28076577777;28576577777;10240;10228
3643;30209097000;28076577777;28576577777;10240;10228
3644;30209108000;28117944444;28617944444;10240;10228
3645;30209116000;28117944444;28617944444;10240;10228
3646;30209122000;28117944444;28617944444;10240;10228
3647;30209139000;28117944444;28617944444;10240;10228
3648;30209143000;28117944444;28617944444;10240;10228
3649;30209157000;28117944444;28617944444;10240;10228
3650;30210824000;28117944444;28617944444;10240;10228
3651;30210836000;28117966666;28617966666;10240;10228
3652;30210841000;28118277777;28618277777;10240;10228
3653;30210847000;28118277777;28618277777;10240;10228
3654;30210851000;28118277777;28618277777;10240;10228
3655;30210856000;28159611111;28659611111;10240;10228
3656;30210860000;28159611111;28659611111;10240;10228
3657;30210865000;28159611111;28659611111;10240;10228
3658;30210874000;28159611111;28659611111;10240;10228
3659;30210882000;28159611111;28659611111;10240;10228
3660;30210889000;28159611111;28659611111;10240;10228
3661;30210898000;28159611111;28659611111;10240;10228
3662;30210902000;28159633333;28659633333;10240;10228
3663;30210910000;28159911111;28659911111;10240;10228
3664;30210917000;28159911111;28659911111;10240;10228
3665;30210924000;28159911111;28659911111;10240;10228
3666;30236326000;28201277777;28701277777;10240;10228
3667;30236335000;28201277777;28701277777;10240;10228
3668;30236341000;28201277777;28701277777;10240;10228
3669;30236346000;28201277777;28701277777;10240;10228
3670;30236350000;28201277777;28701277777;10240;10228
3671;30236355000;28201277777;28701277777;10240;10228
3672;30236359000;28201277777;28701277777;10240;10228
3673;30236371000;28201300000;28701300000;10240;10228
3674;30237726000;28201566666;28701566666;10240;10228
3675;30237739000;28201566666;28701566666;10240;10228
3676;30237744000;28201566666;28701566666;10240;10228
3677;30237749000;28242944444;28742944444;10240;10228
3678;30237754000;28242944444;28742944444;10240;10228
3679;30237759000;28242944444;28742944444;10240;10228
3680;30263973000;28242944444;28742944444;10240;10228
3681;30263990000;28242944444;28742944444;10240;10228
3682;30263995000;28242944444;28742944444;10240;10228
3683;30263999000;28242944444;28742944444;10240;10228
3684;30346611000;28242966666;28742966666;10240;10228
3685;30346623000;28243300000;28743300000;10240;10228
3686;30346628000;28243300000;28743300000;10240;10228
3687;30346632000;28243300000;28743300000;10240;10228
3688;30346636000;28284611111;28784611111;10240;10228
3689;30346640000;28284611111;28784611111;10240;10228
3690;30376013000;28284611111;28784611111;10240;10228
3691;30376023000;28284611111;28784611111;10240;10228
3692;30409425000;28284611111;28784611111;10240;10228
3693;30409434000;28284611111;28784611111;10240;10228
3694;30409440000;28284611111;28784611111;10240;10228
3695;30409445000;28284633333;28784633333;10240;10228
3696;30409450000;28284900000;28784900000;10240;10228
3697;30409460000;28284900000;28784900000;10240;10228
3699;30409467000;28326277777;28826277777;10240;10228
3700;30409485000;28326277777;28826277777;10240;10228
3701;30411087000;28326277777;28826277777;10240;10228
3702;30411104000;28326277777;28826277777;10240;10228
3703;30411109000;28326277777;28826277777;10240;10228
3704;30411120000;28326277777;28826277777;10240;10228
3705;30411133000;28326277777;28826277777;10240;10228
3706;30411139000;28326300000;28826300000;10240;10228
3707;30411143000;28326555555;28826555555;10240;10228
3708;30411150000;28326555555;28826555555;10240;10228
3709;30411160000;28326555555;28826555555;10240;10228
3710;30411165000;28367944444;28867944444;10240;10228
3711;30411169000;28367944444;28867944444;10240;10228
3712;30411185000;28367944444;28867944444;10240;10228
3713;30411191000;28367944444;28867944444;10240;10228
3714;30411196000;28367944444;28867944444;10240;10228
3715;30411208000;28367944444;28867944444;10240;10228
3716;30411213000;28367944444;28867944444;10240;10228
3717;30436563000;28367966666;28867966666;10240;10228
3718;30436578000;28368255555;28868255555;10240;10228
3719;30436587000;28368255555;28868255555;10240;10228
3720;30436594000;28368255555;28868255555;10240;10228
3721;30436603000;28409600000;28909600000;10240;10228
3722;30436608000;28409600000;28909600000;10240;10228
3723;30436617000;28409600000;28909600000;10240;10228
3724;30436627000;28409600000;28909600000;10240;10228
3725;30437922000;28409600000;28909600000;10240;10228
3726;30437944000;28409600000;28909600000;10240;10228
3727;30437948000;28409600000;28909600000;10240;10228
3728;30437955000;28409622222;28909622222;10240;10228
3729;30437961000;28409888888;28909888888;10240;10228
3730;30437972000;28409888888;28909888888;10240;10228
3731;30464202000;28409888888;28909888888;10240;10228
3732;30464218000;28451277777;28951277777;10240;10228
3733;30464226000;28451277777;28951277777;10240;10228
3734;30464236000;28451277777;28951277777;10240;10228
3735;30546842000;28451277777;28951277777;10240;10228
3736;30546853000;28451277777;28951277777;10240;10228
3737;30546861000;28451277777;28951277777;10240;10228
3738;30546938000;28451277777;28951277777;10240;10228
3739;30546949000;28451300000;28951300000;10240;10228
3740;30546953000;28451544444;28951544444;10240;10228
3741;30576273000;28451544444;28951544444;10240;10228
3742;30576281000;28451544444;28951544444;10240;10228
3743;30609730000;28492944444;28992944444;10240;10228
3744;30609745000;28492944444;28992944444;10240;10228
3745;30609754000;28492944444;28992944444;10240;10228
3746;30609762000;28492944444;28992944444;10240;10228
3747;30609770000;28492944444;28992944444;10240;10228
3748;30609775000;28492944444;28992944444;10240;10228
3749;30609779000;28492944444;28992944444;10240;10228
3750;30609784000;28492966666;28992966666;10240;10228
3751;30609794000;28493255555;28993255555;10240;10228
3752;30609799000;28493255555;28993255555;10240;10228
3753;30611553000;28493255555;28993255555;10240;10228
3754;30611566000;28534611111;29034611111;10240;10228
3755;30611571000;28534611111;29034611111;10240;10228
3756;30611576000;28534611111;29034611111;10240;10228
3757;30611580000;28534611111;29034611111;10240;10228
3758;30611586000;28534611111;29034611111;10240;10228
3759;30611591000;28534611111;29034611111;10240;10228
3760;30611595000;28534611111;29034611111;10240;10228
3807;30611605000;28701577777;29201577777;10240;10228
3808;30611629000;28701577777;29201577777;10240;10228
3809;30611644000;28742944444;29242944444;10240;10228
3810;30611650000;28742944444;29242944444;10240;10228
3811;30611664000;28742944444;29242944444;10240;10228
3812;30611668000;28742944444;29242944444;10240;10228
3814;30637070000;28742944444;29242944444;10240;10228
3815;30637083000;28742944444;29242944444;10240;10228
3816;30637089000;28742966666;29242966666;10240;10228
3817;30637104000;28743266666;29243266666;10240;10228
3818;30637118000;28743266666;29243266666;10240;10228
3819;30637124000;28743266666;29243266666;10240;10228
3820;30637129000;28784611111;29284611111;10240;10228
3821;30638202000;28784611111;29284611111;10240;10228
3822;30638219000;28784611111;29284611111;10240;10228
3823;30638230000;28784611111;29284611111;10240;10228
3824;30638235000;28784611111;29284611111;10240;10228
3826;30638241000;28784611111;29284611111;10240;10228
3827;30664507000;28784633333;29284633333;10240;10228
3828;30664519000;28784900000;29284900000;10240;10228
3829;30664523000;28784900000;29284900000;10240;10228
3830;30664528000;28784900000;29284900000;10240;10228
3831;30747122000;28826266666;29326266666;10240;10228
3832;30747133000;28826266666;29326266666;10240;10228
3833;30747140000;28826266666;29326266666;10240;10228
3834;30747145000;28826266666;29326266666;10240;10228
3835;30747149000;28826266666;29326266666;10240;10228
3836;30747159000;28826266666;29326266666;10240;10228
3837;30776577000;28826266666;29326266666;10240;10228
3838;30776597000;28826288888;29326288888;10240;10228
3839;30810040000;28826555555;29326555555;10240;10228
3840;30810070000;28826555555;29326555555;10240;10228
3841;30810076000;28826555555;29326555555;10240;10228
3842;30810081000;28867933333;29367933333;10240;10228
3843;30810096000;28867933333;29367933333;10240;10228
3844;30810105000;28867933333;29367933333;10240;10228
3845;30810111000;28867933333;29367933333;10240;10228
3846;30810118000;28867933333;29367933333;10240;10228
3847;30810125000;28867933333;29367933333;10240;10228
3848;30811819000;28867933333;29367933333;10240;10228
3849;30811830000;28867955555;29367955555;10240;10228
3850;30811843000;28868255555;29368255555;10240;10228
3851;30811847000;28868255555;29368255555;10240;10228
3852;30811853000;28868255555;29368255555;10240;10228
3853;30811858000;28909611111;29409611111;10240;10228
3854;30811863000;28909611111;29409611111;10240;10228
3855;30811867000;28909611111;29409611111;10240;10228
3856;30811881000;28909611111;29409611111;10240;10228
3857;30811886000;28909611111;29409611111;10240;10228
3858;30811895000;28909611111;29409611111;10240;10228
3859;30811915000;28909611111;29409611111;10240;10228
3860;30811920000;28909622222;29409622222;10240;10228
3861;30811925000;28909900000;29409900000;10240;10228
3862;30811929000;28909900000;29409900000;10240;10228
3863;30811933000;28909900000;29409900000;10240;10228
3864;30811991000;28951277777;29451277777;10240;10228
3865;30837364000;28951277777;29451277777;10240;10228
3866;30837373000;28951277777;29451277777;10240;10228
3867;30837379000;28951277777;29451277777;10240;10228
3868;30837383000;28951277777;29451277777;10240;10228
3869;30837395000;28951277777;29451277777;10240;10228
3870;30837400000;28951277777;29451277777;10240;10228
3871;30837408000;28951288888;29451288888;10240;10228
3872;30837413000;28951566666;29451566666;10240;10228
3873;30838444000;28951566666;29451566666;10240;10228
3874;30838454000;28951566666;29451566666;10240;10228
3875;30838459000;28992944444;29492944444;10240;10228
3876;30838465000;28992944444;29492944444;10240;10228
3877;30838470000;28992944444;29492944444;10240;10228
3878;30838475000;28992944444;29492944444;10240;10228
3879;30864782000;28992944444;29492944444;10240;10228
3880;30864793000;28992944444;29492944444;10240;10228
3881;30864797000;28992944444;29492944444;10240;10228
3882;30864801000;28992966666;29492966666;10240;10228
3883;30947582000;28993244444;29493244444;10240;10228
3884;30947600000;28993244444;29493244444;10240;10228
3885;30947610000;28993244444;29493244444;10240;10228
3886;30947631000;29034600000;29534600000;10240;10228
3887;30947652000;29034600000;29534600000;10240;10228
3888;30947659000;29034600000;29534600000;10240;10228
3889;30977101000;29034600000;29534600000;10240;10228
3890;30977110000;29034600000;29534600000;10240;10228
3891;31010450000;29034600000;29534600000;10240;10228
3892;31010459000;29034600000;29534600000;10240;10228
3893;31010464000;29034622222;29534622222;10240;10228
3894;31010469000;29034888888;29534888888;10240;10228
3895;31010474000;29034888888;29534888888;10240;10228
3896;31010478000;29034888888;29534888888;10240;10228
3897;31010483000;29076288888;29576288888;10240;10228
3898;31010487000;29076288888;29576288888;10240;10228
3899;31010491000;29076288888;29576288888;10240;10228
3900;31012298000;29076288888;29576288888;10240;10228
3901;31012309000;29076288888;29576288888;10240;10228
3902;31012314000;29076288888;29576288888;10240;10228
3903;31012318000;29076288888;29576288888;10240;10228
3904;31012322000;29076300000;29576300000;10240;10228
3905;31012327000;29076577777;29576577777;10240;10228
3906;31012331000;29076577777;29576577777;10240;10228
3907;31012335000;29076577777;29576577777;10240;10228
3908;31012341000;29117944444;29617944444;10240;10228
3909;31012350000;29117944444;29617944444;10240;10228
3910;31012357000;29117944444;29617944444;10240;10228
3911;31012364000;29117944444;29617944444;10240;10228
3912;31012371000;29117944444;29617944444;10240;10228
3913;31012381000;29117944444;29617944444;10240;10228
3914;31012385000;29117944444;29617944444;10240;10228
3915;31012391000;29117966666;29617966666;10240;10228
3916;31012400000;29118288888;29618288888;10240;10228
3917;31037678000;29118288888;29618288888;10240;10228
3918;31037687000;29118288888;29618288888;10240;10228
3919;31037693000;29159611111;29659611111;10240;10228
3921;31037698000;29159611111;29659611111;10240;10228
3922;31037715000;29159611111;29659611111;10240;10228
3923;31037719000;29159611111;29659611111;10240;10228
3924;31037732000;29159611111;29659611111;10240;10228
3925;31038870000;29159611111;29659611111;10240;10228
3926;31038881000;29159633333;29659633333;10240;10228
3927;31038891000;29159900000;29659900000;10240;10228
3928;31038904000;29159900000;29659900000;10240;10228
3929;31038911000;29159900000;29659900000;10240;10228
3930;31038915000;29201277777;29701277777;10240;10228
3931;31065316000;29201277777;29701277777;10240;10228
3932;31065326000;29201277777;29701277777;10240;10228
3933;31065332000;29201277777;29701277777;10240;10228
3934;31065336000;29201277777;29701277777;10240;10228
3935;31147834000;29201277777;29701277777;10240;10228
3936;31147844000;29201277777;29701277777;10240;10228
3937;31147855000;29201300000;29701300000;10240;10228
3938;31147864000;29201544444;29701544444;10240;10228
3939;31147869000;29201544444;29701544444;10240;10228
3940;31147874000;29201544444;29701544444;10240;10228
3941;31177426000;29242944444;29742944444;10240;10228
3942;31177437000;29242944444;29742944444;10240;10228
3943;31210772000;29242944444;29742944444;10240;10228
3944;31210783000;29242944444;29742944444;10240;10228
3945;31210788000;29242944444;29742944444;10240;10228
3946;31210796000;29242944444;29742944444;10240;10228
3947;31210800000;29242944444;29742944444;10240;10228
3948;31210814000;29242955555;29742955555;10240;10228
3949;31210820000;29243266666;29743266666;10240;10228
3950;31210825000;29243266666;29743266666;10240;10228
3951;31210829000;29243266666;29743266666;10240;10228
3953;31212774000;29284611111;29784611111;10240;10228
3954;31212799000;29284611111;29784611111;10240;10228
3955;31212812000;29284611111;29784611111;10240;10228
3956;31212817000;29284611111;29784611111;10240;10228
3957;31212832000;29284611111;29784611111;10240;10228
3958;31212836000;29284611111;29784611111;10240;10228
3959;31212841000;29284633333;29784633333;10240;10228
3960;31212847000;29284900000;29784900000;10240;10228
3961;31212852000;29284900000;29784900000;10240;10228
3962;31212857000;29284900000;29784900000;10240;10228
3963;31212865000;29326288888;29826288888;10240;10228
3964;31212871000;29326288888;29826288888;10240;10228
3965;31212876000;29326288888;29826288888;10240;10228
3966;31212880000;29326288888;29826288888;10240;10228
3967;31212884000;29326288888;29826288888;10240;10228
3968;31212892000;29326288888;29826288888;10240;10228
3969;31212900000;29326288888;29826288888;10240;10228
3970;31237969000;29326311111;29826311111;10240;10228
3971;31237983000;29326588888;29826588888;10240;10228
3972;31237987000;29326588888;29826588888;10240;10228
3973;31237992000;29326588888;29826588888;10240;10228
3974;31237996000;29367944444;29867944444;10240;10228
3975;31238007000;29367944444;29867944444;10240;10228
3976;31238014000;29367944444;29867944444;10240;10228
3977;31238019000;29367944444;29867944444;10240;10228
3978;31239291000;29367944444;29867944444;10240;10228
3979;31239302000;29367944444;29867944444;10240;10228
3980;31239313000;29367944444;29867944444;10240;10228
3981;31239318000;29367966666;29867966666;10240;10228
3982;31239323000;29368288888;29868288888;10240;10228
3983;31239327000;29368288888;29868288888;10240;10228
3984;31265811000;29368288888;29868288888;10240;10228
3985;31265820000;29409600000;29909600000;10240;10228
3986;31265825000;29409600000;29909600000;10240;10228
3987;31265830000;29409600000;29909600000;10240;10228
3988;31348082000;29409600000;29909600000;10240;10228
3989;31348091000;29409600000;29909600000;10240;10228
3990;31348095000;29409600000;29909600000;10240;10228
3991;31348117000;29409600000;29909600000;10240;10228
3992;31348122000;29409622222;29909622222;10240;10228
3993;31348132000;29409888888;29909888888;10240;10228
3994;31377696000;29409888888;29909888888;10240;10228
3995;31377712000;29409888888;29909888888;10240;10228
3996;31411086000;29451277777;29951277777;10240;10228
3997;31411107000;29451277777;29951277777;10240;10228
3998;31411116000;29451277777;29951277777;10240;10228
3999;31411122000;29451277777;29951277777;10240;10228
4000;31411127000;29451277777;29951277777;10240;10228
4001;31411135000;29451277777;29951277777;10240;10228
4002;31411140000;29451277777;29951277777;10240;10228
4003;31411147000;29451300000;29951300000;10240;10228
4004;31411156000;29451577777;29951577777;10240;10228
4005;31413270000;29451577777;29951577777;10240;10228
4006;31413281000;29451577777;29951577777;10240;10228
4007;31413298000;29492944444;29992944444;10240;10228
4008;31413304000;29492944444;29992944444;10240;10228
4009;31413308000;29492944444;29992944444;10240;10228
4011;31413313000;29492944444;29992944444;10240;10228
4012;31413330000;29492944444;29992944444;10240;10228
4013;31413336000;29492944444;29992944444;10240;10228
4014;31413341000;29492966666;29992966666;10240;10228
4015;31413346000;29493255555;29993255555;10240;10228
4016;31413351000;29493255555;29993255555;10240;10228
4017;31413364000;29493255555;29993255555;10240;10228
4018;31413369000;29534611111;30034611111;10240;10228
4019;31413378000;29534611111;30034611111;10240;10228
4020;31413387000;29534611111;30034611111;10240;10228
4021;31413391000;29534611111;30034611111;10240;10228
4022;31413404000;29534611111;30034611111;10240;10228
4023;31438285000;29534611111;30034611111;10240;10228
4024;31438296000;29534611111;30034611111;10240;10228
4025;31438302000;29534633333;30034633333;10240;10228
4026;31438310000;29534900000;30034900000;10240;10228
4027;31438315000;29534900000;30034900000;10240;10228
4028;31438320000;29534900000;30034900000;10240;10228
4029;31438325000;29576277777;30076277777;10240;10228
4030;31438530000;29576277777;30076277777;10240;10228
4031;31439708000;29576277777;30076277777;10240;10228
4032;31439720000;29576277777;30076277777;10240;10228
4033;31439727000;29576277777;30076277777;10240;10228
4034;31439732000;29576277777;30076277777;10240;10228
4035;31439737000;29576277777;30076277777;10240;10228
4036;31439740000;29576300000;30076300000;10240;10228
4037;31466106000;29576577777;30076577777;10240;10228
4038;31466116000;29576577777;30076577777;10240;10228
4039;31466121000;29576577777;30076577777;10240;10228
4040;31466125000;29617933333;30117933333;10240;10228
4041;31548360000;29617933333;30117933333;10240;10228
4042;31548370000;29617933333;30117933333;10240;10228
4043;31548374000;29617933333;30117933333;10240;10228
4044;31548378000;29617933333;30117933333;10240;10228
4045;31548382000;29617933333;30117933333;10240;10228
4046;31548396000;29617933333;30117933333;10240;10228
4047;31577976000;29617955555;30117955555;10240;10228
4048;31577988000;29618255555;30118255555;10240;10228
4049;31611372000;29618255555;30118255555;10240;10228
4050;31611383000;29618255555;30118255555;10240;10228
4051;31611388000;29659611111;30159611111;10240;10228
4052;31611395000;29659611111;30159611111;10240;10228
4053;31611399000;29659611111;30159611111;10240;10228
4054;31611416000;29659611111;30159611111;10240;10228
4055;31611421000;29659611111;30159611111;10240;10228
4056;31611426000;29659611111;30159611111;10240;10228
4057;31611438000;29659611111;30159611111;10240;10228
4058;31613504000;29659633333;30159633333;10240;10228
4059;31613520000;29659900000;30159900000;10240;10228
4060;31613526000;29659900000;30159900000;10240;10228
4061;31613534000;29659900000;30159900000;10240;10228
4062;31613549000;29701277777;30201277777;10240;10228
4063;31613555000;29701277777;30201277777;10240;10228
4064;31613559000;29701277777;30201277777;10240;10228
4065;31613571000;29701277777;30201277777;10240;10228
4066;31613576000;29701277777;30201277777;10240;10228
4067;31613581000;29701277777;30201277777;10240;10228
4068;31613585000;29701277777;30201277777;10240;10228
4069;31613600000;29701300000;30201300000;10240;10228
4070;31613605000;29701533333;30201533333;10240;10228
4071;31613609000;29701533333;30201533333;10240;10228
4072;31613618000;29701533333;30201533333;10240;10228
4073;31613624000;29742944444;30242944444;10240;10228
4074;31613687000;29742944444;30242944444;10240;10228
4075;31613691000;29742944444;30242944444;10240;10228
4076;31638544000;29742944444;30242944444;10240;10228
4077;31638556000;29742944444;30242944444;10240;10228
4078;31638565000;29742944444;30242944444;10240;10228
4079;31638570000;29742944444;30242944444;10240;10228
4080;31638578000;29742966666;30242966666;10240;10228
4081;31638583000;29743277777;30243277777;10240;10228
4082;31638592000;29743277777;30243277777;10240;10228
4083;31638700000;29743277777;30243277777;10240;10228
4084;31639907000;29784611111;30284611111;10240;10228
4085;31639920000;29784611111;30284611111;10240;10228
4086;31639939000;29784611111;30284611111;10240;10228
4087;31639946000;29784611111;30284611111;10240;10228
4088;31639950000;29784611111;30284611111;10240;10228
4089;31639955000;29784611111;30284611111;10240;10228
4090;31666355000;29784611111;30284611111;10240;10228
4091;31666367000;29784622222;30284622222;10240;10228
4092;31666373000;29784900000;30284900000;10240;10228
4093;31666377000;29784900000;30284900000;10240;10228
4094;31748597000;29784900000;30284900000;10240;10228
4095;31748607000;29826266666;30326266666;10240;10228
4096;31748618000;29826266666;30326266666;10240;10228
4097;31748623000;29826266666;30326266666;10240;10228
4098;31748631000;29826266666;30326266666;10240;10228
4099;31748635000;29826266666;30326266666;10240;10228
4100;31778305000;29826266666;30326266666;10240;10228
4101;31778314000;29826266666;30326266666;10240;10228
4102;31811689000;29826288888;30326288888;10240;10228
4103;31811703000;29826555555;30326555555;10240;10228
4104;31811712000;29826555555;30326555555;10240;10228
4105;31811719000;29826555555;30326555555;10240;10228
4106;31811727000;29867955555;30367955555;10240;10228
4107;31811732000;29867955555;30367955555;10240;10228
4108;31811737000;29867955555;30367955555;10240;10228
4109;31811740000;29867955555;30367955555;10240;10228
4110;31811744000;29867955555;30367955555;10240;10228
4111;31813792000;29867955555;30367955555;10240;10228
4112;31813800000;29867955555;30367955555;10240;10228
4113;31813806000;29867966666;30367966666;10240;10228
4114;31813811000;29868277777;30368277777;10240;10228
4115;31813815000;29868277777;30368277777;10240;10228
4116;31813820000;29868277777;30368277777;10240;10228
4117;31813830000;29909611111;30409611111;10240;10228
4118;31813836000;29909611111;30409611111;10240;10228
4119;31813840000;29909611111;30409611111;10240;10228
4120;31813844000;29909611111;30409611111;10240;10228
4122;31813849000;29909611111;30409611111;10240;10228
4123;31813884000;29909611111;30409611111;10240;10228
4124;31813900000;29909633333;30409633333;10240;10228
4125;31813905000;29909911111;30409911111;10240;10228
4126;31813909000;29909911111;30409911111;10240;10228
4127;31813929000;29909911111;30409911111;10240;10228
4128;31813933000;29951277777;30451277777;10240;10228
4129;31838811000;29951277777;30451277777;10240;10228
4130;31838821000;29951277777;30451277777;10240;10228
4131;31838827000;29951277777;30451277777;10240;10228
4132;31838831000;29951277777;30451277777;10240;10228
4133;31838835000;29951277777;30451277777;10240;10228
4134;31838841000;29951277777;30451277777;10240;10228
4135;31838845000;29951288888;30451288888;10240;10228
4136;31838942000;29951577777;30451577777;10240;10228
4137;31840119000;29951577777;30451577777;10240;10228
4138;31840132000;29951577777;30451577777;10240;10228
4140;31840136000;29992944444;30492944444;10240;10228
4141;31840142000;29992944444;30492944444;10240;10228
4142;31840146000;29992944444;30492944444;10240;10228
4143;31866733000;29992944444;30492944444;10240;10228
4144;31866748000;29992944444;30492944444;10240;10228
4145;31866767000;29992944444;30492944444;10240;10228
4146;31866773000;29992966666;30492966666;10240;10228
4147;31948867000;29993244444;30493244444;10240;10228
4148;31948878000;29993244444;30493244444;10240;10228
4149;31948884000;29993244444;30493244444;10240;10228
4150;31948888000;30034600000;30534600000;10240;10228
4151;31948893000;30034600000;30534600000;10240;10228
4152;31948898000;30034600000;30534600000;10240;10228
4153;31978605000;30034600000;30534600000;10240;10228
4154;31978617000;30034600000;30534600000;10240;10228
4155;31978621000;30034600000;30534600000;10240;10228
4156;32011993000;30034600000;30534600000;10240;10228
4157;32012002000;30034622222;30534622222;10240;10228
4158;32012008000;30034888888;30534888888;10240;10228
4159;32012012000;30034888888;30534888888;10240;10228
4160;32012020000;30034888888;30534888888;10240;10228
4161;32012025000;30076277777;30576277777;10240;10228
4162;32012033000;30076277777;30576277777;10240;10228
4163;32012052000;30076277777;30576277777;10240;10228
4164;32012092000;30076277777;30576277777;10240;10228
4165;32014071000;30076277777;30576277777;10240;10228
4166;32014085000;30076277777;30576277777;10240;10228
4167;32014091000;30076277777;30576277777;10240;10228
4168;32014095000;30076300000;30576300000;10240;10228
4169;32014101000;30076566666;30576566666;10240;10228
4172;32014112000;30117944444;30617944444;10240;10228
4173;32014118000;30117944444;30617944444;10240;10228
4174;32014126000;30117944444;30617944444;10240;10228
4175;32014145000;30117944444;30617944444;10240;10228
4176;32014150000;30117944444;30617944444;10240;10228
4177;32014164000;30117944444;30617944444;10240;10228
4178;32014170000;30117944444;30617944444;10240;10228
4179;32014175000;30117966666;30617966666;10240;10228
4180;32014186000;30118288888;30618288888;10240;10228
4181;32014191000;30118288888;30618288888;10240;10228
4182;32014195000;30118288888;30618288888;10240;10228
4183;32039071000;30159611111;30659611111;10240;10228
4184;32039083000;30159611111;30659611111;10240;10228
4185;32039088000;30159611111;30659611111;10240;10228
4186;32039096000;30159611111;30659611111;10240;10228
4187;32039101000;30159611111;30659611111;10240;10228
4188;32039122000;30159611111;30659611111;10240;10228
4189;32039128000;30159611111;30659611111;10240;10228
4190;32039133000;30159622222;30659622222;10240;10228
4191;32040385000;30159911111;30659911111;10240;10228
4192;32040395000;30159911111;30659911111;10240;10228
4193;32040401000;30159911111;30659911111;10240;10228
4194;32040405000;30201277777;30701277777;10240;10228
4195;32040410000;30201277777;30701277777;10240;10228
4196;32040415000;30201277777;30701277777;10240;10228
4197;32067033000;30201277777;30701277777;10240;10228
4198;32067051000;30201277777;30701277777;10240;10228
4199;32067068000;30201277777;30701277777;10240;10228
4200;32067072000;30201277777;30701277777;10240;10228
4201;32149339000;30201300000;30701300000;10240;10228
4202;32149350000;30201555555;30701555555;10240;10228
4203;32149358000;30201555555;30701555555;10240;10228
4204;32149363000;30201555555;30701555555;10240;10228
4205;32149372000;30242944444;30742944444;10240;10228
4206;32149384000;30242944444;30742944444;10240;10228
4207;32179082000;30242944444;30742944444;10240;10228
4208;32179096000;30242944444;30742944444;10240;10228
4209;32179101000;30242944444;30742944444;10240;10228
4210;32212344000;30242944444;30742944444;10240;10228
4211;32212358000;30242944444;30742944444;10240;10228
4212;32212365000;30242966666;30742966666;10240;10228
4213;32212369000;30243266666;30743266666;10240;10228
4214;32212375000;30243266666;30743266666;10240;10228
4215;32212386000;30243266666;30743266666;10240;10228
4216;32212391000;30284622222;30784622222;10240;10228
4217;32212404000;30284622222;30784622222;10240;10228
4218;32212409000;30284622222;30784622222;10240;10228
4219;32214306000;30284622222;30784622222;10240;10228
4220;32214325000;30284622222;30784622222;10240;10228
4221;32214331000;30284622222;30784622222;10240;10228
4222;32214342000;30284622222;30784622222;10240;10228
4223;32214347000;30284633333;30784633333;10240;10228
4224;32214352000;30284922222;30784922222;10240;10228
4225;32214363000;30284922222;30784922222;10240;10228
4226;32214367000;30284922222;30784922222;10240;10228
4227;32214381000;30326288888;30826288888;10240;10228
4228;32214386000;30326288888;30826288888;10240;10228
4229;32214392000;30326288888;30826288888;10240;10228
4230;32214400000;30326288888;30826288888;10240;10228
4231;32214468000;30326288888;30826288888;10240;10228
4232;32214483000;30326288888;30826288888;10240;10228
4233;32214492000;30326288888;30826288888;10240;10228
4234;32214499000;30326300000;30826300000;10240;10228
4235;32214503000;30326577777;30826577777;10240;10228
4236;32214512000;30326577777;30826577777;10240;10228
4237;32239330000;30326577777;30826577777;10240;10228
4238;32239347000;30367944444;30867944444;10240;10228
4239;32239352000;30367944444;30867944444;10240;10228
4240;32239360000;30367944444;30867944444;10240;10228
4241;32239368000;30367944444;30867944444;10240;10228
4242;32239376000;30367944444;30867944444;10240;10228
4243;32239384000;30367944444;30867944444;10240;10228
4244;32239396000;30367944444;30867944444;10240;10228
4245;32240597000;30367966666;30867966666;10240;10228
4246;32240617000;30368300000;30868300000;10240;10228
4247;32240623000;30368300000;30868300000;10240;10228
4248;32240628000;30368300000;30868300000;10240;10228
4249;32240637000;30409600000;30909600000;10240;10228
4250;32240642000;30409600000;30909600000;10240;10228
4251;32267287000;30409600000;30909600000;10240;10228
4252;32267298000;30409600000;30909600000;10240;10228
4253;32267308000;30409600000;30909600000;10240;10228
4254;32267313000;30409600000;30909600000;10240;10228
4255;32349578000;30409600000;30909600000;10240;10228
4256;32349593000;30409622222;30909622222;10240;10228
4257;32349603000;30409900000;30909900000;10240;10228
4258;32349613000;30409900000;30909900000;10240;10228
4259;32349620000;30409900000;30909900000;10240;10228
4260;32349627000;30451277777;30951277777;10240;10228
4261;32379433000;30451277777;30951277777;10240;10228
4262;32379445000;30451277777;30951277777;10240;10228
4263;32379449000;30451277777;30951277777;10240;10228
4264;32412680000;30451277777;30951277777;10240;10228
4265;32412690000;30451277777;30951277777;10240;10228
4266;32412698000;30451277777;30951277777;10240;10228
4267;32412702000;30451300000;30951300000;10240;10228
4268;32412706000;30451566666;30951566666;10240;10228
4269;32412712000;30451566666;30951566666;10240;10228
4270;32412716000;30451566666;30951566666;10240;10228
4271;32412726000;30492944444;30992944444;10240;10228
4272;32412731000;30492944444;30992944444;10240;10228
4273;32414803000;30492944444;30992944444;10240;10228
4274;32414813000;30492944444;30992944444;10240;10228
4275;32414818000;30492944444;30992944444;10240;10228
4276;32414827000;30492944444;30992944444;10240;10228
4277;32414832000;30492944444;30992944444;10240;10228
4278;32414850000;30492966666;30992966666;10240;10228
4290;32414858000;30535000000;31035000000;10240;10228
4291;32414879000;30535000000;31035000000;10240;10228
4292;32414888000;30535000000;31035000000;10240;10228
4293;32414893000;30576277777;31076277777;10240;10228
4294;32414898000;30576277777;31076277777;10240;10228
4295;32414913000;30576277777;31076277777;10240;10228
4296;32414917000;30576277777;31076277777;10240;10228
4297;32414922000;30576277777;31076277777;10240;10228
4298;32414926000;30576277777;31076277777;10240;10228
4299;32414932000;30576277777;31076277777;10240;10228
4300;32414937000;30576288888;31076288888;10240;10228
4301;32414942000;30576577777;31076577777;10240;10228
4302;32439820000;30576577777;31076577777;10240;10228
4303;32439831000;30576577777;31076577777;10240;10228
4304;32439837000;30617933333;31117933333;10240;10228
4305;32439842000;30617933333;31117933333;10240;10228
4306;32439846000;30617933333;31117933333;10240;10228
4307;32439850000;30617933333;31117933333;10240;10228
4308;32439855000;30617933333;31117933333;10240;10228
4309;32439859000;30617933333;31117933333;10240;10228
4310;32441019000;30617933333;31117933333;10240;10228
4311;32441032000;30617955555;31117955555;10240;10228
4312;32441038000;30618266666;31118266666;10240;10228
4313;32441051000;30618266666;31118266666;10240;10228
4314;32441057000;30618266666;31118266666;10240;10228
4315;32441061000;30659611111;31159611111;10240;10228
4316;32467747000;30659611111;31159611111;10240;10228
4317;32467758000;30659611111;31159611111;10240;10228
4319;32467772000;30659611111;31159611111;10240;10228
4320;32550087000;30659611111;31159611111;10240;10228
4321;32550096000;30659611111;31159611111;10240;10228
4322;32550102000;30659633333;31159633333;10240;10228
4323;32550107000;30659911111;31159911111;10240;10228
4324;32550117000;30659911111;31159911111;10240;10228
4325;32550124000;30659911111;31159911111;10240;10228
4326;32550128000;30701277777;31201277777;10240;10228
4327;32579965000;30701277777;31201277777;10240;10228
4328;32579980000;30701277777;31201277777;10240;10228
4329;32579995000;30701277777;31201277777;10240;10228
4330;32613071000;30701277777;31201277777;10240;10228
4331;32613083000;30701277777;31201277777;10240;10228
4332;32613089000;30701277777;31201277777;10240;10228
4333;32613102000;30701300000;31201300000;10240;10228
4334;32613107000;30701544444;31201544444;10240;10228
4335;32613112000;30701544444;31201544444;10240;10228
4336;32613117000;30701544444;31201544444;10240;10228
4337;32613122000;30742988888;31242988888;10240;10228
4338;32613126000;30742988888;31242988888;10240;10228
4339;32615251000;30742988888;31242988888;10240;10228
4340;32615263000;30742988888;31242988888;10240;10228
4341;32615268000;30742988888;31242988888;10240;10228
4342;32615273000;30742988888;31242988888;10240;10228
4343;32615277000;30742988888;31242988888;10240;10228
4344;32615286000;30743000000;31243000000;10240;10228
4345;32615295000;30743311111;31243311111;10240;10228
4346;32615300000;30743311111;31243311111;10240;10228
4347;32615308000;30743311111;31243311111;10240;10228
4348;32615316000;30784611111;31284611111;10240;10228
4349;32615322000;30784611111;31284611111;10240;10228
4350;32615335000;30784611111;31284611111;10240;10228
4351;32615339000;30784611111;31284611111;10240;10228
4352;32615344000;30784611111;31284611111;10240;10228
4353;32615351000;30784611111;31284611111;10240;10228
4354;32615360000;30784611111;31284611111;10240;10228
4355;32615365000;30784633333;31284633333;10240;10228
4356;32640128000;30784911111;31284911111;10240;10228
4358;32640141000;30784911111;31284911111;10240;10228
4359;32640146000;30826266666;31326266666;10240;10228
4361;32640154000;30826266666;31326266666;10240;10228
4362;32640160000;30826266666;31326266666;10240;10228
4363;32640165000;30826266666;31326266666;10240;10228
4364;32640170000;30826266666;31326266666;10240;10228
4365;32641445000;30826266666;31326266666;10240;10228
4366;32641455000;30826288888;31326288888;10240;10228
4367;32641460000;30826566666;31326566666;10240;10228
4368;32641465000;30826566666;31326566666;10240;10228
4369;32641469000;30826566666;31326566666;10240;10228
4370;32668188000;30867944444;31367944444;10240;10228
4371;32668198000;30867944444;31367944444;10240;10228
4372;32668204000;30867944444;31367944444;10240;10228
4373;32668209000;30867944444;31367944444;10240;10228
4374;32668214000;30867944444;31367944444;10240;10228
4375;32750529000;30867944444;31367944444;10240;10228
4376;32750541000;30867944444;31367944444;10240;10228
4377;32750545000;30867966666;31367966666;10240;10228
4378;32750550000;30868277777;31368277777;10240;10228
4379;32750554000;30868277777;31368277777;10240;10228
4380;32750558000;30868277777;31368277777;10240;10228
4381;32750563000;30909611111;31409611111;10240;10228
4382;32780427000;30909611111;31409611111;10240;10228
4383;32780438000;30909611111;31409611111;10240;10228
4384;32780442000;30909611111;31409611111;10240;10228
4385;32813516000;30909611111;31409611111;10240;10228
4386;32813530000;30909611111;31409611111;10240;10228
4387;32813536000;30909611111;31409611111;10240;10228
4388;32813540000;30909622222;31409622222;10240;10228
4389;32813545000;30909911111;31409911111;10240;10228
4390;32813549000;30909911111;31409911111;10240;10228
4391;32813562000;30909911111;31409911111;10240;10228
4392;32813566000;30951300000;31451300000;10240;10228
4393;32813571000;30951300000;31451300000;10240;10228
4394;32815538000;30951300000;31451300000;10240;10228
4395;32815553000;30951300000;31451300000;10240;10228
4396;32815559000;30951300000;31451300000;10240;10228
4397;32815569000;30951300000;31451300000;10240;10228
4398;32815575000;30951300000;31451300000;10240;10228
4399;32815579000;30951311111;31451311111;10240;10228
4400;32815590000;30951600000;31451600000;10240;10228
4401;32815595000;30951600000;31451600000;10240;10228
4402;32815606000;30951600000;31451600000;10240;10228
4403;32815756000;30992944444;31492944444;10240;10228
4404;32815762000;30992944444;31492944444;10240;10228
4405;32815773000;30992944444;31492944444;10240;10228
4406;32815778000;30992944444;31492944444;10240;10228
4407;32815784000;30992944444;31492944444;10240;10228
4408;32815791000;30992944444;31492944444;10240;10228
4409;32815802000;30992944444;31492944444;10240;10228
4410;32815809000;30992955555;31492955555;10240;10228
4411;32840592000;30993255555;31493255555;10240;10228
4412;32840608000;30993255555;31493255555;10240;10228
4413;32840613000;30993255555;31493255555;10240;10228
4414;32840617000;31034600000;31534600000;10240;10228
4415;32840624000;31034600000;31534600000;10240;10228
4416;32840633000;31034600000;31534600000;10240;10228
4417;32840638000;31034600000;31534600000;10240;10228
4418;32840642000;31034600000;31534600000;10240;10228
4419;32840654000;31034600000;31534600000;10240;10228
4420;32841839000;31034600000;31534600000;10240;10228
4421;32841857000;31034611111;31534611111;10240;10228
4422;32841864000;31034900000;31534900000;10240;10228
4423;32841868000;31034900000;31534900000;10240;10228
4424;32841873000;31034900000;31534900000;10240;10228
4425;32868662000;31076288888;31576288888;10240;10228
4426;32868674000;31076288888;31576288888;10240;10228
4427;32868684000;31076288888;31576288888;10240;10228
4428;32868691000;31076288888;31576288888;10240;10228
4429;32868704000;31076288888;31576288888;10240;10228
4430;32951022000;31076288888;31576288888;10240;10228
4431;32951037000;31076288888;31576288888;10240;10228
4432;32951068000;31076300000;31576300000;10240;10228
4433;32951077000;31076588888;31576588888;10240;10228
4434;32951094000;31076588888;31576588888;10240;10228
4435;32951110000;31076588888;31576588888;10240;10228
4436;32951116000;31117944444;31617944444;10240;10228
4437;32980909000;31117944444;31617944444;10240;10228
4438;32980918000;31117944444;31617944444;10240;10228
4439;32980923000;31117944444;31617944444;10240;10228
4440;33014021000;31117944444;31617944444;10240;10228
4442;33014033000;31117944444;31617944444;10240;10228
4443;33014059000;31117966666;31617966666;10240;10228
4444;33014077000;31118300000;31618300000;10240;10228
4445;33014082000;31118300000;31618300000;10240;10228
4446;33014100000;31118300000;31618300000;10240;10228
4447;33014104000;31159611111;31659611111;10240;10228
4448;33014118000;31159611111;31659611111;10240;10228
4449;33015874000;31159611111;31659611111;10240;10228
4450;33015883000;31159611111;31659611111;10240;10228
4451;33015889000;31159611111;31659611111;10240;10228
4452;33015896000;31159611111;31659611111;10240;10228
4453;33015900000;31159611111;31659611111;10240;10228
4454;33015904000;31159622222;31659622222;10240;10228
4455;33015913000;31159911111;31659911111;10240;10228
4456;33015918000;31159911111;31659911111;10240;10228
4457;33015928000;31159911111;31659911111;10240;10228
4458;33016087000;31201277777;31701277777;10240;10228
4459;33016100000;31201277777;31701277777;10240;10228
4460;33016106000;31201277777;31701277777;10240;10228
4461;33016110000;31201277777;31701277777;10240;10228
4462;33016114000;31201277777;31701277777;10240;10228
4463;33016119000;31201277777;31701277777;10240;10228
4464;33016124000;31201277777;31701277777;10240;10228
4465;33016128000;31201300000;31701300000;10240;10228
4466;33041088000;31201566666;31701566666;10240;10228
4467;33041098000;31201566666;31701566666;10240;10228
4468;33041104000;31201566666;31701566666;10240;10228
4469;33041108000;31242933333;31742933333;10240;10228
4470;33041113000;31242933333;31742933333;10240;10228
4471;33041118000;31242933333;31742933333;10240;10228
4472;33041128000;31242933333;31742933333;10240;10228
4473;33041134000;31242933333;31742933333;10240;10228
4474;33041144000;31242933333;31742933333;10240;10228
4475;33041151000;31242933333;31742933333;10240;10228
4476;33042266000;31242955555;31742955555;10240;10228
4477;33042280000;31243277777;31743277777;10240;10228
4478;33042285000;31243277777;31743277777;10240;10228
4479;33042289000;31243277777;31743277777;10240;10228
4480;33042293000;31284611111;31784611111;10240;10228
4481;33069179000;31284611111;31784611111;10240;10228
4482;33069189000;31284611111;31784611111;10240;10228
4483;33069194000;31284611111;31784611111;10240;10228
4484;33069199000;31284611111;31784611111;10240;10228
4485;33069203000;31284611111;31784611111;10240;10228
4486;33151521000;31284611111;31784611111;10240;10228
4487;33151531000;31284633333;31784633333;10240;10228
4488;33151537000;31284888888;31784888888;10240;10228
4489;33151542000;31284888888;31784888888;10240;10228
4490;33151554000;31284888888;31784888888;10240;10228
4492;33151567000;31326288888;31826288888;10240;10228
4493;33181382000;31326288888;31826288888;10240;10228
4494;33181391000;31326288888;31826288888;10240;10228
4495;33181396000;31326288888;31826288888;10240;10228
4496;33214499000;31326288888;31826288888;10240;10228
4497;33214511000;31326288888;31826288888;10240;10228
4498;33214516000;31326300000;31826300000;10240;10228
4499;33214525000;31326555555;31826555555;10240;10228
4500;33214538000;31326555555;31826555555;10240;10228
4501;33214543000;31326555555;31826555555;10240;10228
4502;33214547000;31367944444;31867944444;10240;10228
4503;33214558000;31367944444;31867944444;10240;10228
4504;33214563000;31367944444;31867944444;10240;10228
4505;33216154000;31367944444;31867944444;10240;10228
4506;33216170000;31367944444;31867944444;10240;10228
4507;33216175000;31367944444;31867944444;10240;10228
4508;33216186000;31367944444;31867944444;10240;10228
4509;33216191000;31367966666;31867966666;10240;10228
4510;33216195000;31368277777;31868277777;10240;10228
4511;33216211000;31368277777;31868277777;10240;10228
4512;33216407000;31368277777;31868277777;10240;10228
4513;33216422000;31409611111;31909611111;10240;10228
4514;33216430000;31409611111;31909611111;10240;10228
4515;33216450000;31409611111;31909611111;10240;10228
4516;33216458000;31409611111;31909611111;10240;10228
4517;33216478000;31409611111;31909611111;10240;10228
4518;33216485000;31409611111;31909611111;10240;10228
4519;33216493000;31409611111;31909611111;10240;10228
4520;33216498000;31409622222;31909622222;10240;10228
4521;33216511000;31409877777;31909877777;10240;10228
4522;33241494000;31409877777;31909877777;10240;10228
4523;33241507000;31409877777;31909877777;10240;10228
4524;33241516000;31451277777;31951277777;10240;10228
4525;33241523000;31451277777;31951277777;10240;10228
4526;33241534000;31451277777;31951277777;10240;10228
4527;33241538000;31451277777;31951277777;10240;10228
4528;33241548000;31451277777;31951277777;10240;10228
4529;33241553000;31451277777;31951277777;10240;10228
4530;33241563000;31451277777;31951277777;10240;10228
4531;33241567000;31451300000;31951300000;10240;10228
4532;33241578000;31451544444;31951544444;10240;10228
4533;33242689000;31451544444;31951544444;10240;10228
4534;33242698000;31451544444;31951544444;10240;10228
4535;33242706000;31492955555;31992955555;10240;10228
4536;33242713000;31492955555;31992955555;10240;10228
4537;33269494000;31492955555;31992955555;10240;10228
4538;33269505000;31492955555;31992955555;10240;10228
4539;33269517000;31492955555;31992955555;10240;10228
4540;33269521000;31492955555;31992955555;10240;10228
4541;33269531000;31492955555;31992955555;10240;10228
4542;33351742000;31492966666;31992966666;10240;10228
4543;33351751000;31493266666;31993266666;10240;10228
4544;33351771000;31493266666;31993266666;10240;10228
4545;33351787000;31493266666;31993266666;10240;10228
4546;33351796000;31534611111;32034611111;10240;10228
4547;33351802000;31534611111;32034611111;10240;10228
4548;33351812000;31534611111;32034611111;10240;10228
4549;33381610000;31534611111;32034611111;10240;10228
4550;33381618000;31534611111;32034611111;10240;10228
4551;33381627000;31534611111;32034611111;10240;10228
4552;33414751000;31534611111;32034611111;10240;10228
4553;33414780000;31534633333;32034633333;10240;10228
4554;33414799000;31534900000;32034900000;10240;10228
4555;33414806000;31534900000;32034900000;10240;10228
4556;33414814000;31534900000;32034900000;10240;10228
4557;33414821000;31576277777;32076277777;10240;10228
4558;33414826000;31576277777;32076277777;10240;10228
4559;33414830000;31576277777;32076277777;10240;10228
4560;33414842000;31576277777;32076277777;10240;10228
4561;33416421000;31576277777;32076277777;10240;10228
4562;33416431000;31576277777;32076277777;10240;10228
4563;33416436000;31576277777;32076277777;10240;10228
4564;33416440000;31576300000;32076300000;10240;10228
4565;33416446000;31576566666;32076566666;10240;10228
4566;33416450000;31576566666;32076566666;10240;10228
4567;33416456000;31576566666;32076566666;10240;10228
4568;33416641000;31617933333;32117933333;10240;10228
4569;33416660000;31617933333;32117933333;10240;10228
4570;33416665000;31617933333;32117933333;10240;10228
4571;33416670000;31617933333;32117933333;10240;10228
4572;33416674000;31617933333;32117933333;10240;10228
4573;33416679000;31617933333;32117933333;10240;10228
4574;33416683000;31617933333;32117933333;10240;10228
4575;33416687000;31617955555;32117955555;10240;10228
4576;33416692000;31618244444;32118244444;10240;10228
4577;33416738000;31618244444;32118244444;10240;10228
4578;33441755000;31618244444;32118244444;10240;10228
4579;33441764000;31659611111;32159611111;10240;10228
4580;33441769000;31659611111;32159611111;10240;10228
4581;33441775000;31659611111;32159611111;10240;10228
4582;33441780000;31659611111;32159611111;10240;10228
4583;33441791000;31659611111;32159611111;10240;10228
4584;33441797000;31659611111;32159611111;10240;10228
4585;33441806000;31659611111;32159611111;10240;10228
4586;33441812000;31659633333;32159633333;10240;10228
4587;33441818000;31659888888;32159888888;10240;10228
4588;33441851000;31659888888;32159888888;10240;10228
4589;33442962000;31659888888;32159888888;10240;10228
4590;33442978000;31701277777;32201277777;10240;10228
4591;33442985000;31701277777;32201277777;10240;10228
4592;33442989000;31701277777;32201277777;10240;10228
4593;33469762000;31701277777;32201277777;10240;10228
4594;33469771000;31701277777;32201277777;10240;10228
4595;33469777000;31701277777;32201277777;10240;10228
4596;33469781000;31701277777;32201277777;10240;10228
4597;33469792000;31701300000;32201300000;10240;10228
4598;33469799000;31701522222;32201522222;10240;10228
4599;33552021000;31701522222;32201522222;10240;10228
4600;33552032000;31701522222;32201522222;10240;10228
4601;33552036000;31742955555;32242955555;10240;10228
4602;33552050000;31742955555;32242955555;10240;10228
4603;33552056000;31742955555;32242955555;10240;10228
4604;33552061000;31742955555;32242955555;10240;10228
4605;33581955000;31742955555;32242955555;10240;10228
4606;33581967000;31742955555;32242955555;10240;10228
4607;33581971000;31742955555;32242955555;10240;10228
4608;33615085000;31742966666;32242966666;10240;10228
4609;33615095000;31743266666;32243266666;10240;10228
4610;33615100000;31743266666;32243266666;10240;10228
4611;33615104000;31743266666;32243266666;10240;10228
4612;33615107000;31784611111;32284611111;10240;10228
4613;33615194000;31784611111;32284611111;10240;10228
4614;33615205000;31784611111;32284611111;10240;10228
4617;33616683000;31784611111;32284611111;10240;10228
4618;33616706000;31784611111;32284611111;10240;10228
4619;33616713000;31784622222;32284622222;10240;10228
4620;33616719000;31784888888;32284888888;10240;10228
4621;33616734000;31784888888;32284888888;10240;10228
4622;33616738000;31784888888;32284888888;10240;10228
4623;33616743000;31826266666;32326266666;10240;10228
4624;33616884000;31826266666;32326266666;10240;10228
4625;33616896000;31826266666;32326266666;10240;10228
4626;33616900000;31826266666;32326266666;10240;10228
4627;33616905000;31826266666;32326266666;10240;10228
4628;33616909000;31826266666;32326266666;10240;10228
4629;33616914000;31826266666;32326266666;10240;10228
4630;33616917000;31826288888;32326288888;10240;10228
4631;33616931000;31826555555;32326555555;10240;10228
4632;33616938000;31826555555;32326555555;10240;10228
4633;33616942000;31826555555;32326555555;10240;10228
4634;33616956000;31867944444;32367944444;10240;10228
4635;33641995000;31867944444;32367944444;10240;10228
4636;33642012000;31867944444;32367944444;10240;10228
4637;33642020000;31867944444;32367944444;10240;10228
4638;33642028000;31867944444;32367944444;10240;10228
4639;33642035000;31867944444;32367944444;10240;10228
4640;33642047000;31867944444;32367944444;10240;10228
4641;33642052000;31867966666;32367966666;10240;10228
4642;33642067000;31868255555;32368255555;10240;10228
4643;33642072000;31868255555;32368255555;10240;10228
4645;33642077000;31909611111;32409611111;10240;10228
4646;33643232000;31909611111;32409611111;10240;10228
4647;33643242000;31909611111;32409611111;10240;10228
4648;33643247000;31909611111;32409611111;10240;10228
4649;33643259000;31909611111;32409611111;10240;10228
4650;33643263000;31909611111;32409611111;10240;10228
4651;33670084000;31909611111;32409611111;10240;10228
4652;33670097000;31909633333;32409633333;10240;10228
4653;33670102000;31909900000;32409900000;10240;10228
4654;33670107000;31909900000;32409900000;10240;10228
4655;33670111000;31909900000;32409900000;10240;10228
4656;33670115000;31951288888;32451288888;10240;10228
4657;33752237000;31951288888;32451288888;10240;10228
4660;33752247000;31951288888;32451288888;10240;10228
4661;33752252000;31951288888;32451288888;10240;10228
4662;33778067000;31951288888;32451288888;10240;10228
4663;33782254000;31951300000;32451300000;10240;10228
4664;33782264000;31951588888;32451588888;10240;10228
4665;33782270000;31951588888;32451588888;10240;10228
4666;33815365000;31951588888;32451588888;10240;10228
4667;33815381000;31992944444;32492944444;10240;10228
4668;33815387000;31992944444;32492944444;10240;10228
4669;33815391000;31992944444;32492944444;10240;10228
4670;33815395000;31992944444;32492944444;10240;10228
4671;33815403000;31992944444;32492944444;10240;10228
4672;33816954000;31992944444;32492944444;10240;10228
4673;33816963000;31992944444;32492944444;10240;10228
4674;33816969000;31992966666;32492966666;10240;10228
4675;33816974000;31993233333;32493233333;10240;10228
4676;33816983000;31993233333;32493233333;10240;10228
4677;33816987000;31993233333;32493233333;10240;10228
4678;33816999000;32034600000;32534600000;10240;10228
4679;33817004000;32034600000;32534600000;10240;10228
4680;33817009000;32034600000;32534600000;10240;10228
4681;33817014000;32034600000;32534600000;10240;10228
4682;33817080000;32034600000;32534600000;10240;10228
4683;33817091000;32034600000;32534600000;10240;10228
4684;33817096000;32034600000;32534600000;10240;10228
4685;33817101000;32034622222;32534622222;10240;10228
4686;33817106000;32034877777;32534877777;10240;10228
4687;33817120000;32034877777;32534877777;10240;10228
4688;33817125000;32034877777;32534877777;10240;10228
4689;33817185000;32076277777;32576277777;10240;10228
4690;33817195000;32076277777;32576277777;10240;10228
4691;33817209000;32076277777;32576277777;10240;10228
4692;33817213000;32076277777;32576277777;10240;10228
4693;33842255000;32076277777;32576277777;10240;10228
4694;33842267000;32076277777;32576277777;10240;10228
4695;33842273000;32076277777;32576277777;10240;10228
4696;33842277000;32076300000;32576300000;10240;10228
4697;33842282000;32076555555;32576555555;10240;10228
4698;33842382000;32076555555;32576555555;10240;10228
4699;33842396000;32076555555;32576555555;10240;10228
4700;33842403000;32117955555;32617955555;10240;10228
4701;33842407000;32117955555;32617955555;10240;10228
4702;33842412000;32117955555;32617955555;10240;10228
4703;33842416000;32117955555;32617955555;10240;10228
4704;33843515000;32117955555;32617955555;10240;10228
4705;33843525000;32117955555;32617955555;10240;10228
4706;33843532000;32117955555;32617955555;10240;10228
4707;33843536000;32117966666;32617966666;10240;10228
4708;33843541000;32118277777;32618277777;10240;10228
4709;33870411000;32118277777;32618277777;10240;10228
4710;33870422000;32118277777;32618277777;10240;10228
4711;33870427000;32159600000;32659600000;10240;10228
4712;33870433000;32159600000;32659600000;10240;10228
4713;33870438000;32159600000;32659600000;10240;10228
4714;33870442000;32159600000;32659600000;10240;10228
4715;33952479000;32159600000;32659600000;10240;10228
4716;33952488000;32159600000;32659600000;10240;10228
4717;33952494000;32159600000;32659600000;10240;10228
4718;33952497000;32159622222;32659622222;10240;10228
4720;33978393000;32159900000;32659900000;10240;10228
4721;33982543000;32159900000;32659900000;10240;10228
4722;33982557000;32201277777;32701277777;10240;10228
4723;33982563000;32201277777;32701277777;10240;10228
4724;34015689000;32201277777;32701277777;10240;10228
4725;34015701000;32201277777;32701277777;10240;10228
4726;34015706000;32201277777;32701277777;10240;10228
4727;34015711000;32201277777;32701277777;10240;10228
4728;34015716000;32201277777;32701277777;10240;10228
4729;34015738000;32201300000;32701300000;10240;10228
4730;34017212000;32201544444;32701544444;10240;10228
4731;34017223000;32201544444;32701544444;10240;10228
4732;34017228000;32201544444;32701544444;10240;10228
4733;34017232000;32242933333;32742933333;10240;10228
4734;34017236000;32242933333;32742933333;10240;10228
4735;34017252000;32242933333;32742933333;10240;10228
4736;34017263000;32242933333;32742933333;10240;10228
4737;34017269000;32242933333;32742933333;10240;10228
4738;34017278000;32242933333;32742933333;10240;10228
4739;34017282000;32242933333;32742933333;10240;10228
4740;34017387000;32242955555;32742955555;10240;10228
4741;34017396000;32243255555;32743255555;10240;10228
4742;34017402000;32243255555;32743255555;10240;10228
4743;34017406000;32243255555;32743255555;10240;10228
4744;34017417000;32284622222;32784622222;10240;10228
4745;34017423000;32284622222;32784622222;10240;10228
4746;34017428000;32284622222;32784622222;10240;10228
4747;34017439000;32284622222;32784622222;10240;10228
4748;34017445000;32284622222;32784622222;10240;10228
4749;34017451000;32284622222;32784622222;10240;10228
4750;34017459000;32284622222;32784622222;10240;10228
4751;34042699000;32284633333;32784633333;10240;10228
4752;34042710000;32284922222;32784922222;10240;10228
4753;34042716000;32284922222;32784922222;10240;10228
4754;34042720000;32284922222;32784922222;10240;10228
4755;34042725000;32326288888;32826288888;10240;10228
4756;34042729000;32326288888;32826288888;10240;10228
4757;34042734000;32326288888;32826288888;10240;10228
4758;34042748000;32326288888;32826288888;10240;10228
4759;34042753000;32326288888;32826288888;10240;10228
4760;34042757000;32326288888;32826288888;10240;10228
4761;34042767000;32326288888;32826288888;10240;10228
4762;34043990000;32326300000;32826300000;10240;10228
4763;34044002000;32326588888;32826588888;10240;10228
4764;34044007000;32326588888;32826588888;10240;10228
4765;34044012000;32326588888;32826588888;10240;10228
4766;34044016000;32367944444;32867944444;10240;10228
4767;34070692000;32367944444;32867944444;10240;10228
4768;34070708000;32367944444;32867944444;10240;10228
4769;34070717000;32367944444;32867944444;10240;10228
4770;34070722000;32367944444;32867944444;10240;10228
4771;34070726000;32367944444;32867944444;10240;10228
4772;34070734000;32367944444;32867944444;10240;10228
4773;34152725000;32367966666;32867966666;10240;10228
4774;34152737000;32368300000;32868300000;10240;10228
4775;34152743000;32368300000;32868300000;10240;10228
4776;34152747000;32368300000;32868300000;10240;10228
4777;34178678000;32409611111;32909611111;10240;10228
4778;34178697000;32409611111;32909611111;10240;10228
4779;34182863000;32409611111;32909611111;10240;10228
4780;34182872000;32409611111;32909611111;10240;10228
4781;34182887000;32409611111;32909611111;10240;10228
4782;34215966000;32409611111;32909611111;10240;10228
4783;34215978000;32409611111;32909611111;10240;10228
4784;34215983000;32409633333;32909633333;10240;10228
4785;34215987000;32409911111;32909911111;10240;10228
4786;34215991000;32409911111;32909911111;10240;10228
4787;34215996000;32409911111;32909911111;10240;10228
4788;34217523000;32451277777;32951277777;10240;10228
4790;34217533000;32451277777;32951277777;10240;10228
4791;34217552000;32451277777;32951277777;10240;10228
4792;34217561000;32451277777;32951277777;10240;10228
4793;34217573000;32451277777;32951277777;10240;10228
4794;34217587000;32451277777;32951277777;10240;10228
4795;34217592000;32451300000;32951300000;10240;10228
4796;34217596000;32451566666;32951566666;10240;10228
4798;34217618000;32451566666;32951566666;10240;10228
4799;34217624000;32492944444;32992944444;10240;10228
4800;34217630000;32492944444;32992944444;10240;10228
4801;34217634000;32492944444;32992944444;10240;10228
4802;34217642000;32492944444;32992944444;10240;10228
4803;34217717000;32492944444;32992944444;10240;10228
4804;34217726000;32492944444;32992944444;10240;10228
4805;34217732000;32492944444;32992944444;10240;10228
4806;34217739000;32492966666;32992966666;10240;10228
4807;34217745000;32493266666;32993266666;10240;10228
4808;34217749000;32493266666;32993266666;10240;10228
4809;34242990000;32493266666;32993266666;10240;10228
4811;34243000000;32534622222;33034622222;10240;10228
4812;34243006000;32534622222;33034622222;10240;10228
4813;34243011000;32534622222;33034622222;10240;10228
4814;34243020000;32534622222;33034622222;10240;10228
4815;34243028000;32534622222;33034622222;10240;10228
4816;34243037000;32534622222;33034622222;10240;10228
4817;34243051000;32534633333;33034633333;10240;10228
4818;34243076000;32534922222;33034922222;10240;10228
4819;34243082000;32534922222;33034922222;10240;10228
4820;34244226000;32534922222;33034922222;10240;10228
4821;34244239000;32576277777;33076277777;10240;10228
4822;34244245000;32576277777;33076277777;10240;10228
4823;34244250000;32576277777;33076277777;10240;10228
4824;34244254000;32576277777;33076277777;10240;10228
4825;34271015000;32576277777;33076277777;10240;10228
4826;34271030000;32576277777;33076277777;10240;10228
4827;34271035000;32576277777;33076277777;10240;10228
4828;34271040000;32576300000;33076300000;10240;10228
4829;34271052000;32576588888;33076588888;10240;10228
4830;34271069000;32576588888;33076588888;10240;10228
4831;34352992000;32576588888;33076588888;10240;10228
4832;34353008000;32617933333;33117933333;10240;10228
4833;34353014000;32617933333;33117933333;10240;10228
4834;34353023000;32617933333;33117933333;10240;10228
4835;34379033000;32617933333;33117933333;10240;10228
4836;34379053000;32617933333;33117933333;10240;10228
4837;34383182000;32617933333;33117933333;10240;10228
4838;34383193000;32617933333;33117933333;10240;10228
4839;34383197000;32617955555;33117955555;10240;10228
4840;34416250000;32618266666;33118266666;10240;10228
4841;34416260000;32618266666;33118266666;10240;10228
4842;34416265000;32618266666;33118266666;10240;10228
4843;34416271000;32659622222;33159622222;10240;10228
4844;34416276000;32659622222;33159622222;10240;10228
4845;34416292000;32659622222;33159622222;10240;10228
4846;34417768000;32659622222;33159622222;10240;10228
4847;34417788000;32659622222;33159622222;10240;10228
4848;34417796000;32659622222;33159622222;10240;10228
4849;34417801000;32659622222;33159622222;10240;10228
4850;34417816000;32659633333;33159633333;10240;10228
4851;34417826000;32659922222;33159922222;10240;10228
4852;34417830000;32659922222;33159922222;10240;10228
4853;34417840000;32659922222;33159922222;10240;10228
4854;34417845000;32701288888;33201288888;10240;10228
4855;34417855000;32701288888;33201288888;10240;10228
4856;34417868000;32701288888;33201288888;10240;10228
4857;34417873000;32701288888;33201288888;10240;10228
4858;34417883000;32701288888;33201288888;10240;10228
4859;34417888000;32701288888;33201288888;10240;10228
4860;34417898000;32701288888;33201288888;10240;10228
4861;34417911000;32701300000;33201300000;10240;10228
4862;34417916000;32701566666;33201566666;10240;10228
4863;34417921000;32701566666;33201566666;10240;10228
4864;34417931000;32701566666;33201566666;10240;10228
4865;34417938000;32742955555;33242955555;10240;10228
4866;34417966000;32742955555;33242955555;10240;10228
4867;34443226000;32742955555;33242955555;10240;10228
4868;34443243000;32742955555;33242955555;10240;10228
4869;34443252000;32742955555;33242955555;10240;10228
4870;34443256000;32742955555;33242955555;10240;10228
4871;34443261000;32742955555;33242955555;10240;10228
4872;34443329000;32742966666;33242966666;10240;10228
4873;34443344000;32743288888;33243288888;10240;10228
4874;34443352000;32743288888;33243288888;10240;10228
4875;34443361000;32743288888;33243288888;10240;10228
4876;34443368000;32784600000;33284600000;10240;10228
4878;34444480000;32784600000;33284600000;10240;10228
4879;34444506000;32784600000;33284600000;10240;10228
4880;34444514000;32784600000;33284600000;10240;10228
4881;34444532000;32784600000;33284600000;10240;10228
4882;34444539000;32784600000;33284600000;10240;10228
4883;34471295000;32784622222;33284622222;10240;10228
4884;34471310000;32784911111;33284911111;10240;10228
4885;34471320000;32784911111;33284911111;10240;10228
4886;34471325000;32784911111;33284911111;10240;10228
4887;34471337000;32826266666;33326266666;10240;10228
4888;34471350000;32826266666;33326266666;10240;10228
4889;34553231000;32826266666;33326266666;10240;10228
4891;34553238000;32826266666;33326266666;10240;10228
4892;34553254000;32826266666;33326266666;10240;10228
4893;34579315000;32826266666;33326266666;10240;10228
4894;34579338000;32826288888;33326288888;10240;10228
4895;34583445000;32826577777;33326577777;10240;10228
4896;34583455000;32826577777;33326577777;10240;10228
4897;34583460000;32826577777;33326577777;10240;10228
4898;34616540000;32867944444;33367944444;10240;10228
4899;34616552000;32867944444;33367944444;10240;10228
4900;34616557000;32867944444;33367944444;10240;10228
4901;34616562000;32867944444;33367944444;10240;10228
4902;34616566000;32867944444;33367944444;10240;10228
4903;34616579000;32867944444;33367944444;10240;10228
4904;34618058000;32867944444;33367944444;10240;10228
4905;34618070000;32867966666;33367966666;10240;10228
4906;34618075000;32868277777;33368277777;10240;10228
4907;34618080000;32868277777;33368277777;10240;10228
4908;34618102000;32868277777;33368277777;10240;10228
4911;34618107000;32909611111;33409611111;10240;10228
4912;34618125000;32909611111;33409611111;10240;10228
4913;34618137000;32909611111;33409611111;10240;10228
4914;34618144000;32909611111;33409611111;10240;10228
4915;34618150000;32909611111;33409611111;10240;10228
4916;34618168000;32909633333;33409633333;10240;10228
4920;34618271000;32951311111;33451311111;10240;10228
4921;34618283000;32951311111;33451311111;10240;10228
4922;34618288000;32951311111;33451311111;10240;10228
4923;34618297000;32951311111;33451311111;10240;10228
4924;34618302000;32951311111;33451311111;10240;10228
4925;34643512000;32951311111;33451311111;10240;10228
4926;34643524000;32951311111;33451311111;10240;10228
4927;34643529000;32951322222;33451322222;10240;10228
4928;34643544000;32951611111;33451611111;10240;10228
4929;34643549000;32951611111;33451611111;10240;10228
4930;34643554000;32951611111;33451611111;10240;10228
4931;34643562000;32992944444;33492944444;10240;10228
4932;34643567000;32992944444;33492944444;10240;10228
4933;34643571000;32992944444;33492944444;10240;10228
4934;34643577000;32992944444;33492944444;10240;10228
4935;34644765000;32992944444;33492944444;10240;10228
4936;34644776000;32992944444;33492944444;10240;10228
4937;34644781000;32992944444;33492944444;10240;10228
4938;34644786000;32992955555;33492955555;10240;10228
4939;34644791000;32993255555;33493255555;10240;10228
4940;34644796000;32993255555;33493255555;10240;10228
4941;34671593000;32993255555;33493255555;10240;10228
4942;34671603000;33034600000;33534600000;10240;10228
4943;34671609000;33034600000;33534600000;10240;10228
4944;34671623000;33034600000;33534600000;10240;10228
4945;34671633000;33034600000;33534600000;10240;10228
4946;34671649000;33034600000;33534600000;10240;10228
4947;34753475000;33034600000;33534600000;10240;10228
4948;34753486000;33034600000;33534600000;10240;10228
4949;34753491000;33034622222;33534622222;10240;10228
4950;34753497000;33034900000;33534900000;10240;10228
4951;34779658000;33034900000;33534900000;10240;10228
4952;34779679000;33034900000;33534900000;10240;10228
4953;34783751000;33076277777;33576277777;10240;10228
4954;34783762000;33076277777;33576277777;10240;10228
4955;34783767000;33076277777;33576277777;10240;10228
4956;34816878000;33076277777;33576277777;10240;10228
4957;34816892000;33076277777;33576277777;10240;10228
4958;34816898000;33076277777;33576277777;10240;10228
4959;34816903000;33076277777;33576277777;10240;10228
4960;34816908000;33076300000;33576300000;10240;10228
4962;34818336000;33076577777;33576577777;10240;10228
4963;34818360000;33076577777;33576577777;10240;10228
4964;34818374000;33117955555;33617955555;10240;10228
4965;34818378000;33117955555;33617955555;10240;10228
4966;34818393000;33117955555;33617955555;10240;10228
4967;34818397000;33117955555;33617955555;10240;10228
4968;34818402000;33117955555;33617955555;10240;10228
4969;34818406000;33117955555;33617955555;10240;10228
4970;34818426000;33117955555;33617955555;10240;10228
4971;34818432000;33117966666;33617966666;10240;10228
4972;34818445000;33118300000;33618300000;10240;10228
4973;34818449000;33118300000;33618300000;10240;10228
4974;34818453000;33118300000;33618300000;10240;10228
4975;34818539000;33159611111;33659611111;10240;10228
4976;34818551000;33159611111;33659611111;10240;10228
4979;34818557000;33159611111;33659611111;10240;10228
4980;34818566000;33159611111;33659611111;10240;10228
4981;34818571000;33159611111;33659611111;10240;10228
4982;34818575000;33159622222;33659622222;10240;10228
4983;34843787000;33159922222;33659922222;10240;10228
4984;34843797000;33159922222;33659922222;10240;10228
4985;34843802000;33159922222;33659922222;10240;10228
4986;34843807000;33201277777;33701277777;10240;10228
4987;34843812000;33201277777;33701277777;10240;10228
4988;34843822000;33201277777;33701277777;10240;10228
4989;34843827000;33201277777;33701277777;10240;10228
4990;34843838000;33201277777;33701277777;10240;10228
4991;34843844000;33201277777;33701277777;10240;10228
4992;34843851000;33201277777;33701277777;10240;10228
4993;34845033000;33201300000;33701300000;10240;10228
4994;34845054000;33201566666;33701566666;10240;10228
4995;34845060000;33201566666;33701566666;10240;10228
4996;34845066000;33201566666;33701566666;10240;10228
4997;34845070000;33242933333;33742933333;10240;10228
4998;34845075000;33242933333;33742933333;10240;10228
4999;34871867000;33242933333;33742933333;10240;10228
5000;34871880000;33242933333;33742933333;10240;10228
5001;34871885000;33242933333;33742933333;10240;10228
5002;34871889000;33242933333;33742933333;10240;10228
5003;34871893000;33242933333;33742933333;10240;10228
5004;34871897000;33242955555;33742955555;10240;10228
5005;34953733000;33243277777;33743277777;10240;10228
5006;34953743000;33243277777;33743277777;10240;10228
5007;34953748000;33243277777;33743277777;10240;10228
5008;34953752000;33284611111;33784611111;10240;10228
5009;34979982000;33284611111;33784611111;10240;10228
5010;34979992000;33284611111;33784611111;10240;10228
5011;34984070000;33284611111;33784611111;10240;10228
5012;34984079000;33284611111;33784611111;10240;10228
5013;34984084000;33284611111;33784611111;10240;10228
5014;35017200000;33284611111;33784611111;10240;10228
5015;35017211000;33284622222;33784622222;10240;10228
5016;35017216000;33284911111;33784911111;10240;10228
5017;35017220000;33284911111;33784911111;10240;10228
5018;35017225000;33284911111;33784911111;10240;10228
5019;35018596000;33326288888;33826288888;10240;10228
5020;35018608000;33326288888;33826288888;10240;10228
5021;35018612000;33326288888;33826288888;10240;10228
5022;35018617000;33326288888;33826288888;10240;10228
5023;35018622000;33326288888;33826288888;10240;10228
5024;35018644000;33326288888;33826288888;10240;10228
5025;35018649000;33326288888;33826288888;10240;10228
5026;35018654000;33326300000;33826300000;10240;10228
5027;35018658000;33326566666;33826566666;10240;10228
5028;35018662000;33326566666;33826566666;10240;10228
5029;35018740000;33326566666;33826566666;10240;10228
5030;35018750000;33367944444;33867944444;10240;10228
5031;35018756000;33367944444;33867944444;10240;10228
5032;35018761000;33367944444;33867944444;10240;10228
5033;35018767000;33367944444;33867944444;10240;10228
5034;35018772000;33367944444;33867944444;10240;10228
5035;35018776000;33367944444;33867944444;10240;10228
5036;35018780000;33367944444;33867944444;10240;10228
5037;35018785000;33367966666;33867966666;10240;10228
5038;35019052000;33368277777;33868277777;10240;10228
5039;35019065000;33368277777;33868277777;10240;10228
5040;35019069000;33368277777;33868277777;10240;10228
5041;35044086000;33409611111;33909611111;10240;10228
5042;35044097000;33409611111;33909611111;10240;10228
5043;35044103000;33409611111;33909611111;10240;10228
5044;35044109000;33409611111;33909611111;10240;10228
5045;35044113000;33409611111;33909611111;10240;10228
5046;35044117000;33409611111;33909611111;10240;10228
5047;35044121000;33409611111;33909611111;10240;10228
5048;35044132000;33409633333;33909633333;10240;10228
5049;35044136000;33409900000;33909900000;10240;10228
5050;35044145000;33409900000;33909900000;10240;10228
5051;35045513000;33409900000;33909900000;10240;10228
5052;35045525000;33451266666;33951266666;10240;10228
5053;35045530000;33451266666;33951266666;10240;10228
5054;35045540000;33451266666;33951266666;10240;10228
5055;35045545000;33451266666;33951266666;10240;10228
5056;35045549000;33451266666;33951266666;10240;10228
5057;35072174000;33451266666;33951266666;10240;10228
5058;35072185000;33451266666;33951266666;10240;10228
5059;35072190000;33451288888;33951288888;10240;10228
5060;35072195000;33451555555;33951555555;10240;10228
5061;35072200000;33451555555;33951555555;10240;10228
5062;35072204000;33451555555;33951555555;10240;10228
5063;35154180000;33492955555;33992955555;10240;10228
5064;35154194000;33492955555;33992955555;10240;10228
5065;35154202000;33492955555;33992955555;10240;10228
5066;35154227000;33492955555;33992955555;10240;10228
5067;35180509000;33492955555;33992955555;10240;10228
5068;35180533000;33492955555;33992955555;10240;10228
5069;35184597000;33492955555;33992955555;10240;10228
5070;35184612000;33492966666;33992966666;10240;10228
5071;35184632000;33493277777;33993277777;10240;10228
5072;35217691000;33493277777;33993277777;10240;10228
5074;35217700000;33534611111;34034611111;10240;10228
5075;35217720000;33534611111;34034611111;10240;10228
5076;35217729000;33534611111;34034611111;10240;10228
5077;35219086000;33534611111;34034611111;10240;10228
5078;35219096000;33534611111;34034611111;10240;10228
5079;35219101000;33534611111;34034611111;10240;10228
5080;35219106000;33534611111;34034611111;10240;10228
5081;35219110000;33534633333;34034633333;10240;10228
5082;35219114000;33534911111;34034911111;10240;10228
5083;35219119000;33534911111;34034911111;10240;10228
5084;35219133000;33534911111;34034911111;10240;10228
5085;35219139000;33576277777;34076277777;10240;10228
5086;35219143000;33576277777;34076277777;10240;10228
5087;35219148000;33576277777;34076277777;10240;10228
5088;35219171000;33576277777;34076277777;10240;10228
5089;35219176000;33576277777;34076277777;10240;10228
5090;35219181000;33576277777;34076277777;10240;10228
5091;35219188000;33576277777;34076277777;10240;10228
5092;35219193000;33576288888;34076288888;10240;10228
5093;35219251000;33576577777;34076577777;10240;10228
5094;35219270000;33576577777;34076577777;10240;10228
5095;35219275000;33576577777;34076577777;10240;10228
5096;35219467000;33617933333;34117933333;10240;10228
5097;35219478000;33617933333;34117933333;10240;10228
5098;35219483000;33617933333;34117933333;10240;10228
5099;35244518000;33617933333;34117933333;10240;10228
5100;35244528000;33617933333;34117933333;10240;10228
5101;35244534000;33617933333;34117933333;10240;10228
5102;35244543000;33617933333;34117933333;10240;10228
5103;35244549000;33617955555;34117955555;10240;10228
5104;35244558000;33618266666;34118266666;10240;10228
5105;35244564000;33618266666;34118266666;10240;10228
5106;35244574000;33618266666;34118266666;10240;10228
5107;35244580000;33659611111;34159611111;10240;10228
5108;35244584000;33659611111;34159611111;10240;10228
5109;35245954000;33659611111;34159611111;10240;10228
5110;35245965000;33659611111;34159611111;10240;10228
5111;35245970000;33659611111;34159611111;10240;10228
5112;35245976000;33659611111;34159611111;10240;10228
5113;35245981000;33659611111;34159611111;10240;10228
5114;35245985000;33659622222;34159622222;10240;10228
5115;35272646000;33659900000;34159900000;10240;10228
5116;35272658000;33659900000;34159900000;10240;10228
5117;35272663000;33659900000;34159900000;10240;10228
5118;35272668000;33701288888;34201288888;10240;10228
5119;35272672000;33701288888;34201288888;10240;10228
5120;35272681000;33701288888;34201288888;10240;10228
5121;35354397000;33701288888;34201288888;10240;10228
5122;35354408000;33701288888;34201288888;10240;10228
5123;35354414000;33701288888;34201288888;10240;10228
5124;35354418000;33701288888;34201288888;10240;10228
5125;35380791000;33701300000;34201300000;10240;10228
5126;35380810000;33701555555;34201555555;10240;10228
5127;35384924000;33701555555;34201555555;10240;10228
5128;35384933000;33701555555;34201555555;10240;10228
5129;35384938000;33742955555;34242955555;10240;10228
5130;35418022000;33742955555;34242955555;10240;10228
5131;35418032000;33742955555;34242955555;10240;10228
5132;35418037000;33742955555;34242955555;10240;10228
5133;35418041000;33742955555;34242955555;10240;10228
5134;35418066000;33742955555;34242955555;10240;10228
5135;35419322000;33742955555;34242955555;10240;10228
5136;35419332000;33742966666;34242966666;10240;10228
5137;35419337000;33743277777;34243277777;10240;10228
5138;35419343000;33743277777;34243277777;10240;10228
5139;35419391000;33743277777;34243277777;10240;10228
5140;35419486000;33784611111;34284611111;10240;10228
5141;35419496000;33784611111;34284611111;10240;10228
5142;35419501000;33784611111;34284611111;10240;10228
5143;35419506000;33784611111;34284611111;10240;10228
5144;35419510000;33784611111;34284611111;10240;10228
5145;35419514000;33784611111;34284611111;10240;10228
5146;35419520000;33784611111;34284611111;10240;10228
5147;35419525000;33784622222;34284622222;10240;10228
5148;35419530000;33784900000;34284900000;10240;10228
5149;35419541000;33784900000;34284900000;10240;10228
5150;35419546000;33784900000;34284900000;10240;10228
5151;35419555000;33826266666;34326266666;10240;10228
5152;35419560000;33826266666;34326266666;10240;10228
5153;35419565000;33826266666;34326266666;10240;10228
5154;35419706000;33826266666;34326266666;10240;10228
5155;35419728000;33826266666;34326266666;10240;10228
5156;35419732000;33826266666;34326266666;10240;10228
5157;35444761000;33826266666;34326266666;10240;10228
5158;35444772000;33826288888;34326288888;10240;10228
5159;35444777000;33826566666;34326566666;10240;10228
5160;35444782000;33826566666;34326566666;10240;10228
5161;35444786000;33826566666;34326566666;10240;10228
5162;35444791000;33867955555;34367955555;10240;10228
5163;35444795000;33867955555;34367955555;10240;10228
5164;35444809000;33867955555;34367955555;10240;10228
5165;35444814000;33867955555;34367955555;10240;10228
5166;35444823000;33867955555;34367955555;10240;10228
5167;35446224000;33867955555;34367955555;10240;10228
5168;35446237000;33867955555;34367955555;10240;10228
5169;35446243000;33867966666;34367966666;10240;10228
5170;35446247000;33868288888;34368288888;10240;10228
5171;35446252000;33868288888;34368288888;10240;10228
5172;35446256000;33868288888;34368288888;10240;10228
5173;35472979000;33909611111;34409611111;10240;10228
5174;35472989000;33909611111;34409611111;10240;10228
5175;35472994000;33909611111;34409611111;10240;10228
5176;35472999000;33909611111;34409611111;10240;10228
5177;35473004000;33909611111;34409611111;10240;10228
5178;35473008000;33909611111;34409611111;10240;10228
5179;35554649000;33909611111;34409611111;10240;10228
5180;35554659000;33909633333;34409633333;10240;10228
5181;35554726000;33909922222;34409922222;10240;10228
5182;35554735000;33909922222;34409922222;10240;10228
5183;35581067000;33909922222;34409922222;10240;10228
5184;35581077000;33951288888;34451288888;10240;10228
5185;35585182000;33951288888;34451288888;10240;10228
5186;35585194000;33951288888;34451288888;10240;10228
5187;35585199000;33951288888;34451288888;10240;10228
5188;35618323000;33951288888;34451288888;10240;10228
5189;35618331000;33951288888;34451288888;10240;10228
5190;35618336000;33951288888;34451288888;10240;10228
5191;35618342000;33951300000;34451300000;10240;10228
5192;35618352000;33951588888;34451588888;10240;10228
5193;35618357000;33951588888;34451588888;10240;10228
5194;35619574000;33951588888;34451588888;10240;10228
5195;35619589000;33992944444;34492944444;10240;10228
5196;35619594000;33992944444;34492944444;10240;10228
5197;35619602000;33992944444;34492944444;10240;10228
5198;35619608000;33992944444;34492944444;10240;10228
5199;35619678000;33992944444;34492944444;10240;10228
5200;35619683000;33992944444;34492944444;10240;10228
5201;35619694000;33992944444;34492944444;10240;10228
5202;35619705000;33992955555;34492955555;10240;10228
5203;35619711000;33993255555;34493255555;10240;10228
5204;35619717000;33993255555;34493255555;10240;10228
5205;35619728000;33993255555;34493255555;10240;10228
5206;35619733000;34034600000;34534600000;10240;10228
5207;35619803000;34034600000;34534600000;10240;10228
5208;35619810000;34034600000;34534600000;10240;10228
5209;35619819000;34034600000;34534600000;10240;10228
5210;35619834000;34034600000;34534600000;10240;10228
5211;35619845000;34034600000;34534600000;10240;10228
5212;35619851000;34034600000;34534600000;10240;10228
5213;35619905000;34034611111;34534611111;10240;10228
5214;35619915000;34034888888;34534888888;10240;10228
5215;35619920000;34034888888;34534888888;10240;10228
5216;35645003000;34034888888;34534888888;10240;10228
5217;35645026000;34076266666;34576266666;10240;10228
5218;35645038000;34076266666;34576266666;10240;10228
5219;35645058000;34076266666;34576266666;10240;10228
5220;35645088000;34076266666;34576266666;10240;10228
5221;35645094000;34076266666;34576266666;10240;10228
5222;35645108000;34076266666;34576266666;10240;10228
5224;35645112000;34076288888;34576288888;10240;10228
5225;35645130000;34076566666;34576566666;10240;10228
5226;35646695000;34076566666;34576566666;10240;10228
5227;35646705000;34076566666;34576566666;10240;10228
5228;35646711000;34117944444;34617944444;10240;10228
5229;35646716000;34117944444;34617944444;10240;10228
5230;35646721000;34117944444;34617944444;10240;10228
5231;35646725000;34117944444;34617944444;10240;10228
5232;35673270000;34117944444;34617944444;10240;10228
5233;35673280000;34117944444;34617944444;10240;10228
5234;35673285000;34117944444;34617944444;10240;10228
5235;35673290000;34117966666;34617966666;10240;10228
5236;35673296000;34118300000;34618300000;10240;10228
5237;35673300000;34118300000;34618300000;10240;10228
5238;35754906000;34118300000;34618300000;10240;10228
5239;35754917000;34159611111;34659611111;10240;10228
5240;35754922000;34159611111;34659611111;10240;10228
5241;35754927000;34159611111;34659611111;10240;10228
5242;35781319000;34159611111;34659611111;10240;10228
5243;35781329000;34159611111;34659611111;10240;10228
5244;35785432000;34159611111;34659611111;10240;10228
5245;35785448000;34159611111;34659611111;10240;10228
5246;35785456000;34159622222;34659622222;10240;10228
5248;35818614000;34159911111;34659911111;10240;10228
5249;35818638000;34159911111;34659911111;10240;10228
5250;35818653000;34201255555;34701255555;10240;10228
5251;35818670000;34201255555;34701255555;10240;10228
5252;35818675000;34201255555;34701255555;10240;10228
5253;35818679000;34201255555;34701255555;10240;10228
5254;35819872000;34201255555;34701255555;10240;10228
5255;35819883000;34201255555;34701255555;10240;10228
5256;35819888000;34201255555;34701255555;10240;10228
5257;35819893000;34201266666;34701266666;10240;10228
5258;35819905000;34201522222;34701522222;10240;10228
5259;35819913000;34201522222;34701522222;10240;10228
5260;35819917000;34201522222;34701522222;10240;10228
5261;35819921000;34242933333;34742933333;10240;10228
5262;35819932000;34242933333;34742933333;10240;10228
5263;35819937000;34242933333;34742933333;10240;10228
5264;35819942000;34242933333;34742933333;10240;10228
5265;35819964000;34242933333;34742933333;10240;10228
5266;35819974000;34242933333;34742933333;10240;10228
5267;35819982000;34242933333;34742933333;10240;10228
5268;35819987000;34242955555;34742955555;10240;10228
5269;35819992000;34243266666;34743266666;10240;10228
5270;35820060000;34243266666;34743266666;10240;10228
5271;35820069000;34243266666;34743266666;10240;10228
5272;35820075000;34284622222;34784622222;10240;10228
5273;35820080000;34284622222;34784622222;10240;10228
5274;35820084000;34284622222;34784622222;10240;10228
5275;35820088000;34284622222;34784622222;10240;10228
5276;35845270000;34284622222;34784622222;10240;10228
5277;35845282000;34284622222;34784622222;10240;10228
5278;35845286000;34284622222;34784622222;10240;10228
5279;35845290000;34284633333;34784633333;10240;10228
5280;35845295000;34284911111;34784911111;10240;10228
5281;35845300000;34284911111;34784911111;10240;10228
5282;35845310000;34284911111;34784911111;10240;10228
5283;35845317000;34326277777;34826277777;10240;10228
5284;35845338000;34326277777;34826277777;10240;10228
5285;35845350000;34326277777;34826277777;10240;10228
5286;35846921000;34326277777;34826277777;10240;10228
5287;35846939000;34326277777;34826277777;10240;10228
5288;35846948000;34326277777;34826277777;10240;10228
5289;35846956000;34326277777;34826277777;10240;10228
5290;35846961000;34326300000;34826300000;10240;10228
5291;35846970000;34326566666;34826566666;10240;10228
5292;35873561000;34326566666;34826566666;10240;10228
5293;35873578000;34326566666;34826566666;10240;10228
5294;35873589000;34367944444;34867944444;10240;10228
5295;35873593000;34367944444;34867944444;10240;10228
5296;35873603000;34367944444;34867944444;10240;10228
5297;35873608000;34367944444;34867944444;10240;10228
5298;35955131000;34367944444;34867944444;10240;10228
5299;35955138000;34367944444;34867944444;10240;10228
5300;35955148000;34367944444;34867944444;10240;10228
5301;35955152000;34367955555;34867955555;10240;10228
5302;35981558000;34368266666;34868266666;10240;10228
5303;35981573000;34368266666;34868266666;10240;10228
5304;35985752000;34368266666;34868266666;10240;10228
5305;35985764000;34409633333;34909633333;10240;10228
5306;35985769000;34409633333;34909633333;10240;10228
5307;36018892000;34409633333;34909633333;10240;10228
5308;36018901000;34409633333;34909633333;10240;10228
5309;36018906000;34409633333;34909633333;10240;10228
5310;36018911000;34409633333;34909633333;10240;10228
5311;36018915000;34409633333;34909633333;10240;10228
5312;36018920000;34409644444;34909644444;10240;10228
5313;36018929000;34409911111;34909911111;10240;10228
5314;36020189000;34409911111;34909911111;10240;10228
5315;36020200000;34409911111;34909911111;10240;10228
5316;36020206000;34451266666;34951266666;10240;10228
5317;36020210000;34451266666;34951266666;10240;10228
5318;36020215000;34451266666;34951266666;10240;10228
5319;36020227000;34451266666;34951266666;10240;10228
5320;36020233000;34451266666;34951266666;10240;10228
5321;36020237000;34451266666;34951266666;10240;10228
5322;36020249000;34451266666;34951266666;10240;10228
5323;36020253000;34451288888;34951288888;10240;10228
5324;36020258000;34451566666;34951566666;10240;10228
5325;36020264000;34451566666;34951566666;10240;10228
5326;36020282000;34451566666;34951566666;10240;10228
5327;36020288000;34492944444;34992944444;10240;10228
5328;36020293000;34492944444;34992944444;10240;10228
5329;36020298000;34492944444;34992944444;10240;10228
5330;36020393000;34492944444;34992944444;10240;10228
5331;36020405000;34492944444;34992944444;10240;10228
5332;36020411000;34492944444;34992944444;10240;10228
5333;36020416000;34492944444;34992944444;10240;10228
5334;36020420000;34492966666;34992966666;10240;10228
5335;36020425000;34493266666;34993266666;10240;10228
5336;36045574000;34493266666;34993266666;10240;10228
5337;36045586000;34493266666;34993266666;10240;10228
5338;36045591000;34534622222;35034622222;10240;10228
5339;36045596000;34534622222;35034622222;10240;10228
5340;36045601000;34534622222;35034622222;10240;10228
5341;36045606000;34534622222;35034622222;10240;10228
5342;36045611000;34534622222;35034622222;10240;10228
5343;36045615000;34534622222;35034622222;10240;10228
5344;36045620000;34534622222;35034622222;10240;10228
5345;36045624000;34534633333;35034633333;10240;10228
5346;36047411000;34534911111;35034911111;10240;10228
5347;36047421000;34534911111;35034911111;10240;10228
5348;36047426000;34534911111;35034911111;10240;10228
5349;36047430000;34576288888;35076288888;10240;10228
5350;36047437000;34576288888;35076288888;10240;10228
5351;36047441000;34576288888;35076288888;10240;10228
5352;36073895000;34576288888;35076288888;10240;10228
5353;36073906000;34576288888;35076288888;10240;10228
5354;36073911000;34576288888;35076288888;10240;10228
5355;36073916000;34576288888;35076288888;10240;10228
5356;36073920000;34576300000;35076300000;10240;10228
5357;36073925000;34576577777;35076577777;10240;10228
5358;36155419000;34576577777;35076577777;10240;10228
5359;36155430000;34576577777;35076577777;10240;10228
5360;36155434000;34617966666;35117966666;10240;10228
5362;36181819000;34617966666;35117966666;10240;10228
5363;36181841000;34617966666;35117966666;10240;10228
5364;36186085000;34617966666;35117966666;10240;10228
5365;36186103000;34617966666;35117966666;10240;10228
5366;36186116000;34617966666;35117966666;10240;10228
5367;36219169000;34617977777;35117977777;10240;10228
5368;36219179000;34618300000;35118300000;10240;10228
5369;36219185000;34618300000;35118300000;10240;10228
5370;36219193000;34618300000;35118300000;10240;10228
5371;36219199000;34659611111;35159611111;10240;10228
5372;36219213000;34659611111;35159611111;10240;10228
5373;36219220000;34659611111;35159611111;10240;10228
5374;36220493000;34659611111;35159611111;10240;10228
5375;36220509000;34659611111;35159611111;10240;10228
5376;36220513000;34659611111;35159611111;10240;10228
5377;36220524000;34659611111;35159611111;10240;10228
5378;36220529000;34659622222;35159622222;10240;10228
5379;36220545000;34659911111;35159911111;10240;10228
5380;36220550000;34659911111;35159911111;10240;10228
5381;36220554000;34659911111;35159911111;10240;10228
5382;36220566000;34701288888;35201288888;10240;10228
5383;36220571000;34701288888;35201288888;10240;10228
5384;36220576000;34701288888;35201288888;10240;10228
5385;36220590000;34701288888;35201288888;10240;10228
5386;36220597000;34701288888;35201288888;10240;10228
5387;36220605000;34701288888;35201288888;10240;10228
5388;36220614000;34701288888;35201288888;10240;10228
5389;36220618000;34701300000;35201300000;10240;10228
5390;36220647000;34701566666;35201566666;10240;10228
5391;36220656000;34701566666;35201566666;10240;10228
5392;36220662000;34701566666;35201566666;10240;10228
5393;36220671000;34742955555;35242955555;10240;10228
5394;36220676000;34742955555;35242955555;10240;10228
5395;36220691000;34742955555;35242955555;10240;10228
5396;36220695000;34742955555;35242955555;10240;10228
5397;36245806000;34742955555;35242955555;10240;10228
5398;36245820000;34742955555;35242955555;10240;10228
5399;36245830000;34742955555;35242955555;10240;10228
5400;36245834000;34742966666;35242966666;10240;10228
5401;36245844000;34743266666;35243266666;10240;10228
5402;36245848000;34743266666;35243266666;10240;10228
5403;36245857000;34743266666;35243266666;10240;10228
5404;36245868000;34784622222;35284622222;10240;10228
5405;36245877000;34784622222;35284622222;10240;10228
5406;36245887000;34784622222;35284622222;10240;10228
5407;36247618000;34784622222;35284622222;10240;10228
5408;36247637000;34784622222;35284622222;10240;10228
5409;36247645000;34784622222;35284622222;10240;10228
5410;36247653000;34784622222;35284622222;10240;10228
5411;36247658000;34784633333;35284633333;10240;10228
5412;36247668000;34784911111;35284911111;10240;10228
5413;36274157000;34784911111;35284911111;10240;10228
5415;36274174000;34826266666;35326266666;10240;10228
5416;36274192000;34826266666;35326266666;10240;10228
5417;36274202000;34826266666;35326266666;10240;10228
5418;36274207000;34826266666;35326266666;10240;10228
5419;36355643000;34826266666;35326266666;10240;10228
5420;36355655000;34826266666;35326266666;10240;10228
5421;36355662000;34826266666;35326266666;10240;10228
5422;36382085000;34826300000;35326300000;10240;10228
5423;36382100000;34826588888;35326588888;10240;10228
5424;36382119000;34826588888;35326588888;10240;10228
5425;36386346000;34826588888;35326588888;10240;10228
5426;36386357000;34867955555;35367955555;10240;10228
5427;36386362000;34867955555;35367955555;10240;10228
5428;36419436000;34867955555;35367955555;10240;10228
5429;36419445000;34867955555;35367955555;10240;10228
5430;36419450000;34867955555;35367955555;10240;10228
5432;36419458000;34867955555;35367955555;10240;10228
5433;36419474000;34867966666;35367966666;10240;10228
5434;36419486000;34868277777;35368277777;10240;10228
5435;36420798000;34868277777;35368277777;10240;10228
5436;36420809000;34868277777;35368277777;10240;10228
5437;36420813000;34909611111;35409611111;10240;10228
5438;36420820000;34909611111;35409611111;10240;10228
5439;36420824000;34909611111;35409611111;10240;10228
5440;36420846000;34909611111;35409611111;10240;10228
5441;36420851000;34909611111;35409611111;10240;10228
5442;36420857000;34909611111;35409611111;10240;10228
5443;36420861000;34909611111;35409611111;10240;10228
5444;36420873000;34909633333;35409633333;10240;10228
5445;36420877000;34909922222;35409922222;10240;10228
5446;36420882000;34909922222;35409922222;10240;10228
5447;36420891000;34909922222;35409922222;10240;10228
5448;36420895000;34951288888;35451288888;10240;10228
5449;36420907000;34951288888;35451288888;10240;10228
5450;36420912000;34951288888;35451288888;10240;10228
5451;36420971000;34951288888;35451288888;10240;10228
5452;36420980000;34951288888;35451288888;10240;10228
5453;36420990000;34951288888;35451288888;10240;10228
5454;36420996000;34951288888;35451288888;10240;10228
5455;36421001000;34951300000;35451300000;10240;10228
5456;36421005000;34951577777;35451577777;10240;10228
5457;36421009000;34951577777;35451577777;10240;10228
5458;36446100000;34951577777;35451577777;10240;10228
5459;36446110000;34992944444;35492944444;10240;10228
5460;36446116000;34992944444;35492944444;10240;10228
5461;36446120000;34992944444;35492944444;10240;10228
5462;36446126000;34992944444;35492944444;10240;10228
5463;36446134000;34992944444;35492944444;10240;10228
5464;36446145000;34992944444;35492944444;10240;10228
5465;36446150000;34992944444;35492944444;10240;10228
5466;36446154000;34992966666;35492966666;10240;10228
5467;36446165000;34993255555;35493255555;10240;10228
5468;36447907000;34993255555;35493255555;10240;10228
5469;36447918000;34993255555;35493255555;10240;10228
5470;36447924000;35034600000;35534600000;10240;10228
5471;36447928000;35034600000;35534600000;10240;10228
5472;36447932000;35034600000;35534600000;10240;10228
5473;36447937000;35034600000;35534600000;10240;10228
5474;36474495000;35034600000;35534600000;10240;10228
5475;36474507000;35034600000;35534600000;10240;10228
5476;36474512000;35034600000;35534600000;10240;10228
5477;36474517000;35034622222;35534622222;10240;10228
5478;36474522000;35034922222;35534922222;10240;10228
5479;36474527000;35034922222;35534922222;10240;10228
5480;36555921000;35034922222;35534922222;10240;10228
5481;36555933000;35076288888;35576288888;10240;10228
5482;36555938000;35076288888;35576288888;10240;10228
5483;36582381000;35076288888;35576288888;10240;10228
5484;36582392000;35076288888;35576288888;10240;10228
5485;36582397000;35076288888;35576288888;10240;10228
5486;36586626000;35076288888;35576288888;10240;10228
5487;36586637000;35076288888;35576288888;10240;10228
5488;36586642000;35076300000;35576300000;10240;10228
5489;36619727000;35076588888;35576588888;10240;10228
5490;36619738000;35076588888;35576588888;10240;10228
5491;36619744000;35076588888;35576588888;10240;10228
5492;36619748000;35117944444;35617944444;10240;10228
5493;36619753000;35117944444;35617944444;10240;10228
5494;36619767000;35117944444;35617944444;10240;10228
5495;36619773000;35117944444;35617944444;10240;10228
5496;36621076000;35117944444;35617944444;10240;10228
5498;36621087000;35117944444;35617944444;10240;10228
5499;36621105000;35117966666;35617966666;10240;10228
