seqnum;now;rtptime;deadline
1;2361568000;1866677777;2366677777
3;2419510000;1897944444;2397944444
12;2419880000;1898344444;2398344444
13;2419883000;1898344444;2398344444
14;2461138000;1939611111;2439611111
24;2461441000;1940033333;2440033333
25;2502464000;1981277777;2481277777
34;2502738000;1981666666;2481666666
35;2502741000;1981666666;2481666666
36;2544118000;2022955555;2522955555
46;2544226000;2023433333;2523433333
47;2584376000;2064611111;2564611111
56;2584488000;2064966666;2564966666
57;2584492000;2064966666;2564966666
58;2625418000;2106277777;2606277777
68;2625519000;2106611111;2606611111
69;2663772000;2147911111;2647911111
78;2663884000;2148322222;2648322222
79;2663888000;2148322222;2648322222
80;2704451000;2189611111;2689611111
90;2704567000;2189966666;2689966666
91;2741238000;2231277777;2731277777
98;2743164000;2231322222;2731322222
99;2743179000;2231644444;2731644444
100;2743181000;2231644444;2731644444
101;2743182000;2231644444;2731644444
102;2781363000;2272911111;2772911111
112;2781476000;2273266666;2773266666
113;2817782000;2314577777;2814577777
114;2817798000;2314577777;2814577777
115;2817800000;2314577777;2814577777
116;2817802000;2314577777;2814577777
117;2817804000;2314577777;2814577777
118;2817806000;2314577777;2814577777
119;2817808000;2314577777;2814577777
120;2819666000;2314633333;2814633333
121;2819672000;2314933333;2814933333
122;2819677000;2314933333;2814933333
123;2819680000;2314933333;2814933333
124;2858222000;2356277777;2856277777
125;2858226000;2356277777;2856277777
126;2858227000;2356277777;2856277777
127;2858228000;2356277777;2856277777
128;2858229000;2356277777;2856277777
129;2858230000;2356277777;2856277777
130;2858231000;2356277777;2856277777
131;2858430000;2356322222;2856322222
132;2858445000;2356611111;2856611111
133;2858446000;2356611111;2856611111
134;2858447000;2356611111;2856611111
135;2895386000;2397955555;2897955555
136;2895390000;2397955555;2897955555
137;2895391000;2397955555;2897955555
138;2895392000;2397955555;2897955555
139;2895393000;2397955555;2897955555
140;2895394000;2397955555;2897955555
141;2895395000;2397955555;2897955555
142;2896883000;2398011111;2898011111
143;2896899000;2398322222;2898322222
144;2896900000;2398322222;2898322222
145;2896901000;2398322222;2898322222
146;2935998000;2439611111;2939611111
147;2936001000;2439611111;2939611111
148;2936002000;2439611111;2939611111
149;2936003000;2439611111;2939611111
150;2936005000;2439611111;2939611111
151;2936006000;2439611111;2939611111
152;2936007000;2439611111;2939611111
153;2936228000;2439655555;2939655555
154;2936244000;2440000000;2940000000
155;2936245000;2440000000;2940000000
156;2936246000;2440000000;2940000000
157;2974713000;2481277777;2981277777
158;2974716000;2481277777;2981277777
159;2974717000;2481277777;2981277777
160;2974719000;2481277777;2981277777
161;2974720000;2481277777;2981277777
162;2974721000;2481277777;2981277777
163;2974722000;2481277777;2981277777
164;2975656000;2481322222;2981322222
165;2975671000;2481622222;2981622222
166;2975672000;2481622222;2981622222
167;2975673000;2481622222;2981622222
168;3015784000;2522911111;3022911111
169;3015787000;2522911111;3022911111
170;3015788000;2522911111;3022911111
171;3015789000;2522911111;3022911111
172;3015790000;2522911111;3022911111
173;3015791000;2522911111;3022911111
174;3015792000;2522911111;3022911111
175;3015992000;2522955555;3022955555
176;3016007000;2523311111;3023311111
177;3016008000;2523311111;3023311111
178;3016010000;2523311111;3023311111
179;3056069000;2564611111;3064611111
180;3056073000;2564611111;3064611111
181;3056083000;2564611111;3064611111
182;3056084000;2564611111;3064611111
183;3056086000;2564611111;3064611111
184;3056087000;2564611111;3064611111
185;3056088000;2564611111;3064611111
186;3056402000;2564655555;3064655555
187;3056417000;2564955555;3064955555
188;3056418000;2564955555;3064955555
189;3056419000;2564955555;3064955555
190;3097486000;2606277777;3106277777
191;3097489000;2606277777;3106277777
192;3097490000;2606277777;3106277777
193;3097491000;2606277777;3106277777
194;3097492000;2606277777;3106277777
195;3097493000;2606277777;3106277777
196;3097509000;2606277777;3106277777
197;3097708000;2606322222;3106322222
198;3097724000;2606600000;3106600000
199;3097725000;2606600000;3106600000
200;3097726000;2606600000;3106600000
201;3138601000;2647911111;3147911111
202;3138606000;2647911111;3147911111
203;3138607000;2647911111;3147911111
204;3138608000;2647911111;3147911111
205;3138609000;2647911111;3147911111
206;3138610000;2647911111;3147911111
207;3138611000;2647911111;3147911111
208;3138775000;2647966666;3147966666
209;3138782000;2648288888;3148288888
210;3138783000;2648288888;3148288888
211;3138784000;2648288888;3148288888
212;3180238000;2689611111;3189611111
213;3180242000;2689611111;3189611111
214;3180243000;2689611111;3189611111
215;3180244000;2689611111;3189611111
216;3180245000;2689611111;3189611111
217;3180246000;2689611111;3189611111
218;3180247000;2689611111;3189611111
219;3180418000;2689655555;3189655555
220;3180423000;2689977777;3189977777
221;3180424000;2689977777;3189977777
222;3180425000;2689977777;3189977777
223;3221618000;2731277777;3231277777
224;3221622000;2731277777;3231277777
225;3221623000;2731277777;3231277777
226;3221624000;2731277777;3231277777
227;3221625000;2731277777;3231277777
228;3221626000;2731277777;3231277777
229;3221627000;2731277777;3231277777
230;3221847000;2731322222;3231322222
231;3221853000;2731611111;3231611111
232;3221855000;2731611111;3231611111
233;3221856000;2731611111;3231611111
234;3263231000;2772911111;3272911111
235;3263234000;2772911111;3272911111
236;3263236000;2772911111;3272911111
237;3263237000;2772911111;3272911111
238;3263238000;2772911111;3272911111
239;3263239000;2772911111;3272911111
240;3263240000;2772911111;3272911111
241;3263378000;2772955555;3272955555
242;3263381000;2773288888;3273288888
243;3263382000;2773288888;3273288888
244;3263383000;2773288888;3273288888
245;3304921000;2814577777;3314577777
246;3304925000;2814577777;3314577777
247;3304926000;2814577777;3314577777
248;3304927000;2814577777;3314577777
249;3304928000;2814577777;3314577777
250;3304929000;2814577777;3314577777
251;3304930000;2814577777;3314577777
252;3305137000;2814622222;3314622222
253;3305143000;2814944444;3314944444
254;3305144000;2814944444;3314944444
255;3305145000;2814944444;3314944444
256;3346585000;2856244444;3356244444
257;3346589000;2856244444;3356244444
258;3346590000;2856244444;3356244444
259;3346591000;2856244444;3356244444
260;3346592000;2856244444;3356244444
261;3346593000;2856244444;3356244444
262;3346594000;2856244444;3356244444
263;3346793000;2856288888;3356288888
264;3346799000;2856600000;3356600000
265;3346800000;2856600000;3356600000
266;3346801000;2856600000;3356600000
267;3388347000;2897911111;3397911111
268;3388351000;2897911111;3397911111
269;3388352000;2897911111;3397911111
270;3388353000;2897911111;3397911111
271;3388354000;2897911111;3397911111
272;3388355000;2897911111;3397911111
273;3388356000;2897911111;3397911111
274;3388574000;2897955555;3397955555
275;3388591000;2898255555;3398255555
276;3388592000;2898255555;3398255555
277;3388593000;2898255555;3398255555
278;3431895000;2939611111;3439611111
279;3431912000;2939611111;3439611111
280;3431915000;2939611111;3439611111
281;3431916000;2939611111;3439611111
282;3431917000;2939611111;3439611111
283;3431918000;2939611111;3439611111
284;3431920000;2939611111;3439611111
285;3432104000;2939655555;3439655555
286;3432111000;2939955555;3439955555
287;3432112000;2939955555;3439955555
288;3432113000;2939955555;3439955555
289;3471668000;2981277777;3481277777
290;3471674000;2981277777;3481277777
291;3471675000;2981277777;3481277777
292;3471677000;2981277777;3481277777
293;3471678000;2981277777;3481277777
294;3471679000;2981277777;3481277777
295;3471681000;2981277777;3481277777
296;3471895000;2981322222;3481322222
297;3471911000;2981588888;3481588888
298;3471913000;2981588888;3481588888
299;3471914000;2981588888;3481588888
300;3513319000;3022911111;3522911111
301;3513325000;3022911111;3522911111
302;3513327000;3022911111;3522911111
303;3513328000;3022911111;3522911111
304;3513330000;3022911111;3522911111
305;3513331000;3022911111;3522911111
306;3513333000;3022911111;3522911111
307;3513489000;3022955555;3522955555
308;3513495000;3023266666;3523266666
309;3513497000;3023266666;3523266666
310;3513498000;3023266666;3523266666
311;3555021000;3064611111;3564611111
312;3555027000;3064611111;3564611111
313;3555028000;3064611111;3564611111
314;3555029000;3064611111;3564611111
315;3555031000;3064611111;3564611111
316;3555033000;3064611111;3564611111
317;3555034000;3064611111;3564611111
318;3555157000;3064644444;3564644444
319;3555162000;3064966666;3564966666
320;3555164000;3064966666;3564966666
321;3555165000;3064966666;3564966666
322;3596622000;3106277777;3606277777
323;3596628000;3106277777;3606277777
324;3596630000;3106277777;3606277777
325;3596631000;3106277777;3606277777
326;3596632000;3106277777;3606277777
327;3596634000;3106277777;3606277777
328;3596636000;3106277777;3606277777
329;3596776000;3106311111;3606311111
330;3596781000;3106588888;3606588888
331;3596783000;3106588888;3606588888
332;3596784000;3106588888;3606588888
333;3638273000;3147944444;3647944444
334;3638279000;3147944444;3647944444
335;3638281000;3147944444;3647944444
336;3638282000;3147944444;3647944444
337;3638283000;3147944444;3647944444
338;3638285000;3147944444;3647944444
339;3638286000;3147944444;3647944444
340;3638395000;3147988888;3647988888
341;3638400000;3148288888;3648288888
342;3638402000;3148288888;3648288888
343;3638403000;3148288888;3648288888
344;3679908000;3189611111;3689611111
345;3679911000;3189611111;3689611111
346;3679913000;3189611111;3689611111
347;3679914000;3189611111;3689611111
348;3679915000;3189611111;3689611111
349;3679916000;3189611111;3689611111
350;3679918000;3189611111;3689611111
351;3680040000;3189655555;3689655555
352;3680053000;3189966666;3689966666
353;3680054000;3189966666;3689966666
354;3680056000;3189966666;3689966666
355;3721577000;3231277777;3731277777
356;3721580000;3231277777;3731277777
357;3721581000;3231277777;3731277777
358;3721583000;3231277777;3731277777
359;3721585000;3231277777;3731277777
360;3721586000;3231277777;3731277777
361;3721587000;3231277777;3731277777
362;3721690000;3231322222;3731322222
363;3721695000;3231588888;3731588888
364;3721697000;3231588888;3731588888
365;3721698000;3231588888;3731588888
366;3763241000;3272944444;3772944444
367;3763245000;3272944444;3772944444
368;3763246000;3272944444;3772944444
369;3763247000;3272944444;3772944444
370;3763248000;3272944444;3772944444
371;3763250000;3272944444;3772944444
372;3763251000;3272944444;3772944444
373;3763344000;3272988888;3772988888
374;3763349000;3273300000;3773300000
375;3763350000;3273300000;3773300000
376;3763352000;3273300000;3773300000
377;3805001000;3314577777;3814577777
378;3805005000;3314577777;3814577777
379;3805006000;3314577777;3814577777
380;3805007000;3314577777;3814577777
381;3805009000;3314577777;3814577777
382;3805010000;3314577777;3814577777
383;3805011000;3314577777;3814577777
384;3805212000;3314622222;3814622222
385;3805219000;3314900000;3814900000
386;3805220000;3314900000;3814900000
387;3805221000;3314900000;3814900000
388;3846692000;3356277777;3856277777
389;3846696000;3356277777;3856277777
390;3846697000;3356277777;3856277777
391;3846698000;3356277777;3856277777
392;3846700000;3356277777;3856277777
393;3846701000;3356277777;3856277777
394;3846702000;3356277777;3856277777
395;3846902000;3356311111;3856311111
396;3846908000;3356588888;3856588888
397;3846910000;3356588888;3856588888
398;3846911000;3356588888;3856588888
399;3888349000;3397911111;3897911111
400;3888353000;3397911111;3897911111
401;3888354000;3397911111;3897911111
402;3888355000;3397911111;3897911111
403;3888357000;3397911111;3897911111
404;3888358000;3397911111;3897911111
405;3888359000;3397911111;3897911111
406;3888559000;3397955555;3897955555
407;3888574000;3398244444;3898244444
408;3888576000;3398244444;3898244444
409;3888577000;3398244444;3898244444
410;3929875000;3439577777;3939577777
411;3929889000;3439577777;3939577777
412;3929891000;3439577777;3939577777
413;3929893000;3439577777;3939577777
414;3929894000;3439577777;3939577777
415;3929896000;3439577777;3939577777
416;3929898000;3439577777;3939577777
417;3930048000;3439622222;3939622222
418;3930063000;3439922222;3939922222
419;3930064000;3439922222;3939922222
420;3930066000;3439922222;3939922222
421;3971674000;3481277777;3981277777
422;3971678000;3481277777;3981277777
423;3971680000;3481277777;3981277777
424;3971681000;3481277777;3981277777
425;3971683000;3481277777;3981277777
426;3971684000;3481277777;3981277777
427;3971685000;3481277777;3981277777
428;3971846000;3481322222;3981322222
429;3971853000;3481622222;3981622222
430;3971855000;3481622222;3981622222
431;3971856000;3481622222;3981622222
432;4013233000;3522944444;4022944444
433;4013237000;3522944444;4022944444
434;4013239000;3522944444;4022944444
435;4013240000;3522944444;4022944444
436;4013242000;3522944444;4022944444
437;4013243000;3522944444;4022944444
438;4013244000;3522944444;4022944444
439;4013459000;3522977777;4022977777
440;4013465000;3523322222;4023322222
441;4013467000;3523322222;4023322222
442;4013468000;3523322222;4023322222
443;4055024000;3564611111;4064611111
444;4055028000;3564611111;4064611111
445;4055029000;3564611111;4064611111
446;4055030000;3564611111;4064611111
447;4055032000;3564611111;4064611111
448;4055033000;3564611111;4064611111
449;4055034000;3564611111;4064611111
450;4055240000;3564655555;4064655555
451;4055246000;3564933333;4064933333
452;4055248000;3564933333;4064933333
453;4055249000;3564933333;4064933333
454;4096701000;3606288888;4106288888
455;4096705000;3606288888;4106288888
456;4096706000;3606288888;4106288888
457;4096707000;3606288888;4106288888
458;4096708000;3606288888;4106288888
459;4096710000;3606288888;4106288888
460;4096711000;3606288888;4106288888
461;4096910000;3606333333;4106333333
462;4096916000;3606600000;4106600000
463;4096917000;3606600000;4106600000
464;4096918000;3606600000;4106600000
465;4138323000;3647911111;4147911111
466;4138327000;3647911111;4147911111
467;4138328000;3647911111;4147911111
468;4138329000;3647911111;4147911111
469;4138330000;3647911111;4147911111
470;4138331000;3647911111;4147911111
471;4138331000;3647911111;4147911111
472;4138530000;3647955555;4147955555
473;4138536000;3648244444;4148244444
474;4138537000;3648244444;4148244444
475;4138538000;3648244444;4148244444
476;4180024000;3689611111;4189611111
477;4180027000;3689611111;4189611111
478;4180029000;3689611111;4189611111
479;4180030000;3689611111;4189611111
480;4180031000;3689611111;4189611111
481;4180031000;3689611111;4189611111
482;4180032000;3689611111;4189611111
483;4180238000;3689655555;4189655555
484;4180245000;3689977777;4189977777
485;4180246000;3689977777;4189977777
486;4180247000;3689977777;4189977777
487;4221472000;3731277777;4231277777
488;4221476000;3731277777;4231277777
489;4221477000;3731277777;4231277777
490;4221478000;3731277777;4231277777
491;4221479000;3731277777;4231277777
492;4221480000;3731277777;4231277777
493;4221481000;3731277777;4231277777
494;4221600000;3731311111;4231311111
495;4221605000;3731600000;4231600000
496;4221607000;3731600000;4231600000
497;4221608000;3731600000;4231600000
498;4263247000;3772944444;4272944444
499;4263259000;3772944444;4272944444
500;4263260000;3772944444;4272944444
501;4263261000;3772944444;4272944444
502;4263262000;3772944444;4272944444
503;4263263000;3772944444;4272944444
504;4263264000;3772944444;4272944444
505;4263354000;3772988888;4272988888
506;4263359000;3773300000;4273300000
507;4263360000;3773300000;4273300000
508;4263361000;3773300000;4273300000
509;4304999000;3814577777;4314577777
510;4305003000;3814577777;4314577777
511;4305004000;3814577777;4314577777
512;4305005000;3814577777;4314577777
513;4305005000;3814577777;4314577777
514;4305007000;3814577777;4314577777
515;4305007000;3814577777;4314577777
516;4305215000;3814622222;4314622222
517;4305230000;3814922222;4314922222
518;4305231000;3814922222;4314922222
519;4305232000;3814922222;4314922222
520;4346698000;3856277777;4356277777
521;4346702000;3856277777;4356277777
522;4346703000;3856277777;4356277777
523;4346704000;3856277777;4356277777
524;4346704000;3856277777;4356277777
525;4346705000;3856277777;4356277777
526;4346706000;3856277777;4356277777
527;4346904000;3856322222;4356322222
528;4346931000;3856600000;4356600000
529;4346933000;3856600000;4356600000
530;4346935000;3856600000;4356600000
531;4388258000;3897911111;4397911111
532;4388261000;3897911111;4397911111
533;4388262000;3897911111;4397911111
534;4388263000;3897911111;4397911111
535;4388264000;3897911111;4397911111
536;4388265000;3897911111;4397911111
537;4388266000;3897911111;4397911111
538;4388480000;3897955555;4397955555
539;4388495000;3898266666;4398266666
540;4388496000;3898266666;4398266666
541;4388497000;3898266666;4398266666
542;4429938000;3939577777;4439577777
543;4429942000;3939577777;4439577777
544;4429943000;3939577777;4439577777
545;4429944000;3939577777;4439577777
546;4429945000;3939577777;4439577777
547;4429946000;3939577777;4439577777
548;4429947000;3939577777;4439577777
549;4430152000;3939633333;4439633333
550;4430167000;3939944444;4439944444
551;4430168000;3939944444;4439944444
552;4430169000;3939944444;4439944444
553;4471619000;3981277777;4481277777
554;4471622000;3981277777;4481277777
555;4471623000;3981277777;4481277777
556;4471625000;3981277777;4481277777
557;4471625000;3981277777;4481277777
558;4471626000;3981277777;4481277777
559;4471628000;3981277777;4481277777
560;4471833000;3981311111;4481311111
561;4471849000;3981588888;4481588888
562;4471850000;3981588888;4481588888
563;4471851000;3981588888;4481588888
564;4513344000;4022911111;4522911111
565;4513348000;4022911111;4522911111
566;4513349000;4022911111;4522911111
567;4513350000;4022911111;4522911111
568;4513352000;4022911111;4522911111
569;4513353000;4022911111;4522911111
570;4513354000;4022911111;4522911111
571;4513558000;4022955555;4522955555
572;4513573000;4023277777;4523277777
573;4513574000;4023277777;4523277777
574;4513576000;4023277777;4523277777
575;4554983000;4064611111;4564611111
576;4554987000;4064611111;4564611111
577;4554988000;4064611111;4564611111
578;4554989000;4064611111;4564611111
579;4554990000;4064611111;4564611111
580;4554992000;4064611111;4564611111
581;4554993000;4064611111;4564611111
582;4555202000;4064655555;4564655555
583;4555218000;4064955555;4564955555
584;4555219000;4064955555;4564955555
585;4555221000;4064955555;4564955555
586;4596634000;4106277777;4606277777
587;4596638000;4106277777;4606277777
588;4596639000;4106277777;4606277777
589;4596640000;4106277777;4606277777
590;4596641000;4106277777;4606277777
591;4596643000;4106277777;4606277777
592;4596644000;4106277777;4606277777
593;4596813000;4106311111;4606311111
594;4596818000;4106622222;4606622222
595;4596819000;4106622222;4606622222
596;4596820000;4106622222;4606622222
597;4638246000;4147911111;4647911111
598;4638250000;4147911111;4647911111
599;4638251000;4147911111;4647911111
600;4638252000;4147911111;4647911111
601;4638254000;4147911111;4647911111
602;4638255000;4147911111;4647911111
603;4638256000;4147911111;4647911111
604;4638455000;4147955555;4647955555
605;4638462000;4148266666;4648266666
606;4638463000;4148266666;4648266666
607;4638464000;4148266666;4648266666
608;4680052000;4189611111;4689611111
609;4680056000;4189611111;4689611111
610;4680058000;4189611111;4689611111
611;4680059000;4189611111;4689611111
612;4680060000;4189611111;4689611111
613;4680061000;4189611111;4689611111
614;4680062000;4189611111;4689611111
615;4680276000;4189633333;4689633333
616;4680291000;4189944444;4689944444
617;4680293000;4189944444;4689944444
618;4680294000;4189944444;4689944444
619;4721636000;4231277777;4731277777
620;4721639000;4231277777;4731277777
621;4721641000;4231277777;4731277777
622;4721642000;4231277777;4731277777
623;4721643000;4231277777;4731277777
624;4721644000;4231277777;4731277777
625;4721645000;4231277777;4731277777
626;4721845000;4231311111;4731311111
627;4721860000;4231600000;4731600000
628;4721862000;4231600000;4731600000
629;4721863000;4231600000;4731600000
630;4763364000;4272944444;4772944444
631;4763367000;4272944444;4772944444
632;4763368000;4272944444;4772944444
633;4763370000;4272944444;4772944444
634;4763371000;4272944444;4772944444
635;4763373000;4272944444;4772944444
636;4763374000;4272944444;4772944444
637;4763572000;4272988888;4772988888
638;4763578000;4273300000;4773300000
639;4763588000;4273300000;4773300000
640;4763589000;4273300000;4773300000
641;4804913000;4314577777;4814577777
642;4804917000;4314577777;4814577777
643;4804918000;4314577777;4814577777
644;4804919000;4314577777;4814577777
645;4804920000;4314577777;4814577777
646;4804922000;4314577777;4814577777
647;4804923000;4314577777;4814577777
648;4805150000;4314633333;4814633333
649;4805156000;4314944444;4814944444
650;4805158000;4314944444;4814944444
651;4805159000;4314944444;4814944444
652;4846689000;4356277777;4856277777
653;4846692000;4356277777;4856277777
654;4846694000;4356277777;4856277777
655;4846695000;4356277777;4856277777
656;4846696000;4356277777;4856277777
657;4846697000;4356277777;4856277777
658;4846699000;4356277777;4856277777
659;4846897000;4356322222;4856322222
660;4846903000;4356611111;4856611111
661;4846905000;4356611111;4856611111
662;4846906000;4356611111;4856611111
663;4888269000;4397922222;4897922222
664;4888282000;4397922222;4897922222
665;4888283000;4397922222;4897922222
666;4888284000;4397922222;4897922222
667;4888285000;4397922222;4897922222
668;4888286000;4397922222;4897922222
669;4888288000;4397922222;4897922222
670;4888423000;4397966666;4897966666
671;4888426000;4398288888;4898288888
672;4888427000;4398288888;4898288888
673;4888428000;4398288888;4898288888
674;4929894000;4439577777;4939577777
675;4929898000;4439577777;4939577777
676;4929899000;4439577777;4939577777
677;4929900000;4439577777;4939577777
678;4929901000;4439577777;4939577777
679;4929903000;4439577777;4939577777
680;4929904000;4439577777;4939577777
681;4930110000;4439622222;4939622222
682;4930117000;4439944444;4939944444
683;4930118000;4439944444;4939944444
684;4930120000;4439944444;4939944444
685;4971689000;4481277777;4981277777
686;4971693000;4481277777;4981277777
687;4971694000;4481277777;4981277777
688;4971695000;4481277777;4981277777
689;4971697000;4481277777;4981277777
690;4971698000;4481277777;4981277777
691;4971699000;4481277777;4981277777
692;4971897000;4481322222;4981322222
693;4971903000;4481622222;4981622222
694;4971905000;4481622222;4981622222
695;4971906000;4481622222;4981622222
696;5013334000;4522922222;5022922222
697;5013337000;4522922222;5022922222
698;5013338000;4522922222;5022922222
699;5013339000;4522922222;5022922222
700;5013341000;4522922222;5022922222
701;5013342000;4522922222;5022922222
702;5013343000;4522922222;5022922222
703;5013542000;4522977777;5022977777
704;5013548000;4523322222;5023322222
705;5013549000;4523322222;5023322222
706;5013550000;4523322222;5023322222
707;5054999000;4564611111;5064611111
708;5055002000;4564611111;5064611111
709;5055003000;4564611111;5064611111
710;5055004000;4564611111;5064611111
711;5055005000;4564611111;5064611111
712;5055007000;4564611111;5064611111
713;5055007000;4564611111;5064611111
714;5055216000;4564655555;5064655555
715;5055222000;4564955555;5064955555
716;5055223000;4564955555;5064955555
717;5055224000;4564955555;5064955555
718;5096613000;4606277777;5106277777
719;5096616000;4606277777;5106277777
720;5096618000;4606277777;5106277777
721;5096619000;4606277777;5106277777
722;5096620000;4606277777;5106277777
723;5096621000;4606277777;5106277777
724;5096622000;4606277777;5106277777
725;5096821000;4606322222;5106322222
726;5096827000;4606600000;5106600000
727;5096828000;4606600000;5106600000
728;5096829000;4606600000;5106600000
729;5138219000;4647911111;5147911111
730;5138223000;4647911111;5147911111
731;5138224000;4647911111;5147911111
732;5138225000;4647911111;5147911111
733;5138226000;4647911111;5147911111
734;5138227000;4647911111;5147911111
735;5138228000;4647911111;5147911111
736;5138425000;4647955555;5147955555
737;5138432000;4648266666;5148266666
738;5138433000;4648266666;5148266666
739;5138434000;4648266666;5148266666
740;5180021000;4689611111;5189611111
741;5180025000;4689611111;5189611111
742;5180026000;4689611111;5189611111
743;5180027000;4689611111;5189611111
744;5180028000;4689611111;5189611111
745;5180029000;4689611111;5189611111
746;5180030000;4689611111;5189611111
747;5180250000;4689655555;5189655555
748;5180256000;4689977777;5189977777
749;5180258000;4689977777;5189977777
750;5180266000;4689977777;5189977777
751;5221687000;4731277777;5231277777
752;5221691000;4731277777;5231277777
753;5221692000;4731277777;5231277777
754;5221693000;4731277777;5231277777
755;5221694000;4731277777;5231277777
756;5221695000;4731277777;5231277777
757;5221696000;4731277777;5231277777
758;5221894000;4731322222;5231322222
759;5221900000;4731622222;5231622222
760;5221902000;4731622222;5231622222
761;5221903000;4731622222;5231622222
762;5263245000;4772911111;5272911111
763;5263248000;4772911111;5272911111
764;5263249000;4772911111;5272911111
765;5263250000;4772911111;5272911111
766;5263251000;4772911111;5272911111
767;5263252000;4772911111;5272911111
768;5263253000;4772911111;5272911111
769;5263451000;4772966666;5272966666
770;5263457000;4773288888;5273288888
771;5263459000;4773288888;5273288888
772;5263460000;4773288888;5273288888
773;5304892000;4814588888;5314588888
774;5304896000;4814588888;5314588888
775;5304897000;4814588888;5314588888
776;5304898000;4814588888;5314588888
777;5304899000;4814588888;5314588888
778;5304900000;4814588888;5314588888
779;5304900000;4814588888;5314588888
780;5305109000;4814633333;5314633333
781;5305115000;4814955555;5314955555
782;5305117000;4814955555;5314955555
783;5305117000;4814955555;5314955555
784;5346687000;4856277777;5356277777
785;5346691000;4856277777;5356277777
786;5346692000;4856277777;5356277777
787;5346693000;4856277777;5356277777
788;5346694000;4856277777;5356277777
789;5346695000;4856277777;5356277777
790;5346696000;4856277777;5356277777
791;5346894000;4856322222;5356322222
792;5346900000;4856622222;5356622222
793;5346901000;4856622222;5356622222
794;5346902000;4856622222;5356622222
795;5388361000;4897944444;5397944444
796;5388364000;4897944444;5397944444
797;5388365000;4897944444;5397944444
798;5388366000;4897944444;5397944444
799;5388367000;4897944444;5397944444
800;5388368000;4897944444;5397944444
801;5388369000;4897944444;5397944444
802;5388568000;4897988888;5397988888
803;5388583000;4898300000;5398300000
804;5388584000;4898300000;5398300000
805;5388585000;4898300000;5398300000
806;5429996000;4939577777;5439577777
807;5429999000;4939577777;5439577777
808;5430001000;4939577777;5439577777
809;5430002000;4939577777;5439577777
810;5430002000;4939577777;5439577777
811;5430003000;4939577777;5439577777
812;5430004000;4939577777;5439577777
813;5430226000;4939622222;5439622222
814;5430241000;4939944444;5439944444
815;5430242000;4939944444;5439944444
816;5430243000;4939944444;5439944444
817;5471696000;4981277777;5481277777
818;5471699000;4981277777;5481277777
819;5471700000;4981277777;5481277777
820;5471701000;4981277777;5481277777
821;5471702000;4981277777;5481277777
822;5471703000;4981277777;5481277777
823;5471704000;4981277777;5481277777
824;5471919000;4981322222;5481322222
825;5471925000;4981611111;5481611111
826;5471926000;4981611111;5481611111
827;5471927000;4981611111;5481611111
828;5513320000;5022911111;5522911111
829;5513323000;5022911111;5522911111
830;5513324000;5022911111;5522911111
831;5513325000;5022911111;5522911111
832;5513326000;5022911111;5522911111
833;5513327000;5022911111;5522911111
834;5513328000;5022911111;5522911111
835;5513527000;5022966666;5522966666
836;5513533000;5023288888;5523288888
837;5513534000;5023288888;5523288888
838;5513535000;5023288888;5523288888
839;5554945000;5064611111;5564611111
840;5554948000;5064611111;5564611111
841;5554949000;5064611111;5564611111
842;5554950000;5064611111;5564611111
843;5554951000;5064611111;5564611111
844;5554952000;5064611111;5564611111
845;5554953000;5064611111;5564611111
846;5555205000;5064655555;5564655555
847;5555211000;5064966666;5564966666
848;5555212000;5064966666;5564966666
849;5555213000;5064966666;5564966666
850;5596610000;5106277777;5606277777
851;5596613000;5106277777;5606277777
852;5596614000;5106277777;5606277777
853;5596615000;5106277777;5606277777
854;5596616000;5106277777;5606277777
855;5596617000;5106277777;5606277777
856;5596618000;5106277777;5606277777
857;5596816000;5106322222;5606322222
858;5596822000;5106622222;5606622222
859;5596824000;5106622222;5606622222
860;5596832000;5106622222;5606622222
861;5638320000;5147911111;5647911111
862;5638323000;5147911111;5647911111
863;5638324000;5147911111;5647911111
864;5638325000;5147911111;5647911111
865;5638326000;5147911111;5647911111
866;5638327000;5147911111;5647911111
867;5638328000;5147911111;5647911111
868;5638526000;5147955555;5647955555
869;5638532000;5148277777;5648277777
870;5638533000;5148277777;5648277777
871;5638534000;5148277777;5648277777
872;5680052000;5189611111;5689611111
873;5680057000;5189611111;5689611111
874;5680058000;5189611111;5689611111
875;5680060000;5189611111;5689611111
876;5680061000;5189611111;5689611111
877;5680063000;5189611111;5689611111
878;5680064000;5189611111;5689611111
879;5680282000;5189655555;5689655555
880;5680298000;5189966666;5689966666
881;5680299000;5189966666;5689966666
882;5680300000;5189966666;5689966666
883;5721708000;5231277777;5731277777
884;5721711000;5231277777;5731277777
885;5721712000;5231277777;5731277777
886;5721713000;5231277777;5731277777
887;5721714000;5231277777;5731277777
888;5721715000;5231277777;5731277777
889;5721716000;5231277777;5731277777
890;5721915000;5231311111;5731311111
891;5721930000;5231600000;5731600000
892;5721932000;5231600000;5731600000
893;5721932000;5231600000;5731600000
894;5763300000;5272944444;5772944444
895;5763303000;5272944444;5772944444
896;5763304000;5272944444;5772944444
897;5763305000;5272944444;5772944444
898;5763306000;5272944444;5772944444
899;5763307000;5272944444;5772944444
900;5763308000;5272944444;5772944444
901;5763507000;5272988888;5772988888
902;5763513000;5273300000;5773300000
903;5763514000;5273300000;5773300000
904;5763515000;5273300000;5773300000
905;5805020000;5314611111;5814611111
906;5805023000;5314611111;5814611111
907;5805024000;5314611111;5814611111
908;5805025000;5314611111;5814611111
909;5805026000;5314611111;5814611111
910;5805027000;5314611111;5814611111
911;5805028000;5314611111;5814611111
912;5805248000;5314644444;5814644444
913;5805254000;5314955555;5814955555
914;5805255000;5314955555;5814955555
915;5805256000;5314955555;5814955555
916;5846686000;5356277777;5856277777
917;5846689000;5356277777;5856277777
918;5846690000;5356277777;5856277777
919;5846691000;5356277777;5856277777
920;5846692000;5356277777;5856277777
921;5846693000;5356277777;5856277777
922;5846694000;5356277777;5856277777
923;5846892000;5356322222;5856322222
924;5846898000;5356622222;5856622222
925;5846899000;5356622222;5856622222
926;5846900000;5356622222;5856622222
927;5888244000;5397911111;5897911111
928;5888247000;5397911111;5897911111
929;5888248000;5397911111;5897911111
930;5888249000;5397911111;5897911111
931;5888250000;5397911111;5897911111
932;5888251000;5397911111;5897911111
933;5888252000;5397911111;5897911111
934;5888389000;5397955555;5897955555
935;5888392000;5398255555;5898255555
936;5888393000;5398255555;5898255555
937;5888394000;5398255555;5898255555
938;5929989000;5439577777;5939577777
939;5929992000;5439577777;5939577777
940;5929993000;5439577777;5939577777
941;5929994000;5439577777;5939577777
942;5929995000;5439577777;5939577777
943;5929996000;5439577777;5939577777
944;5929997000;5439577777;5939577777
945;5930203000;5439622222;5939622222
946;5930210000;5439944444;5939944444
947;5930211000;5439944444;5939944444
948;5930212000;5439944444;5939944444
949;5971610000;5481277777;5981277777
950;5971613000;5481277777;5981277777
951;5971614000;5481277777;5981277777
952;5971615000;5481277777;5981277777
953;5971616000;5481277777;5981277777
954;5971617000;5481277777;5981277777
955;5971618000;5481277777;5981277777
956;5971815000;5481322222;5981322222
957;5971821000;5481633333;5981633333
958;5971823000;5481633333;5981633333
959;5971824000;5481633333;5981633333
960;6013212000;5522911111;6022911111
961;6013216000;5522911111;6022911111
962;6013217000;5522911111;6022911111
963;6013217000;5522911111;6022911111
964;6013219000;5522911111;6022911111
965;6013220000;5522911111;6022911111
966;6013220000;5522911111;6022911111
967;6013339000;5522955555;6022955555
968;6013343000;5523300000;6023300000
969;6013344000;5523300000;6023300000
970;6013345000;5523300000;6023300000
971;6055048000;5564611111;6064611111
972;6055051000;5564611111;6064611111
973;6055052000;5564611111;6064611111
974;6055053000;5564611111;6064611111
975;6055054000;5564611111;6064611111
976;6055055000;5564611111;6064611111
977;6055056000;5564611111;6064611111
978;6055255000;5564655555;6064655555
979;6055270000;5564955555;6064955555
980;6055271000;5564955555;6064955555
981;6055272000;5564955555;6064955555
982;6096633000;5606277777;6106277777
983;6096636000;5606277777;6106277777
984;6096637000;5606277777;6106277777
985;6096638000;5606277777;6106277777
986;6096639000;5606277777;6106277777
987;6096640000;5606277777;6106277777
988;6096641000;5606277777;6106277777
989;6096840000;5606322222;6106322222
990;6096856000;5606611111;6106611111
991;6096857000;5606611111;6106611111
992;6096858000;5606611111;6106611111
993;6138360000;5647944444;6147944444
994;6138364000;5647944444;6147944444
995;6138365000;5647944444;6147944444
996;6138366000;5647944444;6147944444
997;6138367000;5647944444;6147944444
998;6138368000;5647944444;6147944444
999;6138369000;5647944444;6147944444
1000;6138567000;5647988888;6147988888
1001;6138582000;5648300000;6148300000
1002;6138583000;5648300000;6148300000
1003;6138584000;5648300000;6148300000
1004;6180026000;5689611111;6189611111
1005;6180029000;5689611111;6189611111
1006;6180030000;5689611111;6189611111
1007;6180031000;5689611111;6189611111
1008;6180032000;5689611111;6189611111
1009;6180033000;5689611111;6189611111
1010;6180034000;5689611111;6189611111
1011;6180240000;5689655555;6189655555
1012;6180255000;5689977777;6189977777
1013;6180256000;5689977777;6189977777
1014;6180257000;5689977777;6189977777
1015;6221616000;5731277777;6231277777
1016;6221620000;5731277777;6231277777
1017;6221621000;5731277777;6231277777
1018;6221622000;5731277777;6231277777
1019;6221623000;5731277777;6231277777
1020;6221624000;5731277777;6231277777
1021;6221625000;5731277777;6231277777
1022;6221823000;5731322222;6231322222
1023;6221829000;5731622222;6231622222
1024;6221830000;5731622222;6231622222
1025;6221831000;5731622222;6231622222
1026;6263259000;5772911111;6272911111
1027;6263262000;5772911111;6272911111
1028;6263263000;5772911111;6272911111
1029;6263264000;5772911111;6272911111
1030;6263265000;5772911111;6272911111
1031;6263266000;5772911111;6272911111
1032;6263267000;5772911111;6272911111
1033;6263466000;5772955555;6272955555
1034;6263472000;5773288888;6273288888
1035;6263473000;5773288888;6273288888
1036;6263474000;5773288888;6273288888
1037;6305000000;5814577777;6314577777
1038;6305003000;5814577777;6314577777
1039;6305004000;5814577777;6314577777
1040;6305005000;5814577777;6314577777
1041;6305006000;5814577777;6314577777
1042;6305007000;5814577777;6314577777
1043;6305008000;5814577777;6314577777
1044;6305215000;5814622222;6314622222
1045;6305221000;5814944444;6314944444
1046;6305222000;5814944444;6314944444
1047;6305223000;5814944444;6314944444
1048;6346566000;5856277777;6356277777
1049;6346569000;5856277777;6356277777
1050;6346570000;5856277777;6356277777
1051;6346571000;5856277777;6356277777
1052;6346572000;5856277777;6356277777
1053;6346573000;5856277777;6356277777
1054;6346574000;5856277777;6356277777
1055;6346666000;5856322222;6356322222
1056;6346671000;5856600000;6356600000
1057;6346673000;5856600000;6356600000
1058;6346673000;5856600000;6356600000
1059;6388201000;5897911111;6397911111
1060;6388205000;5897911111;6397911111
1061;6388206000;5897911111;6397911111
1062;6388207000;5897911111;6397911111
1063;6388208000;5897911111;6397911111
1064;6388209000;5897911111;6397911111
1065;6388210000;5897911111;6397911111
1066;6388331000;5897955555;6397955555
1067;6388337000;5898244444;6398244444
1068;6388338000;5898244444;6398244444
1069;6388339000;5898244444;6398244444
1070;6429884000;5939577777;6439577777
1071;6429887000;5939577777;6439577777
1072;6429888000;5939577777;6439577777
1073;6429889000;5939577777;6439577777
1074;6429890000;5939577777;6439577777
1075;6429891000;5939577777;6439577777
1076;6429892000;5939577777;6439577777
1077;6430014000;5939622222;6439622222
1078;6430019000;5939933333;6439933333
1079;6430020000;5939933333;6439933333
1080;6430038000;5939933333;6439933333
1081;6471646000;5981277777;6481277777
1082;6471649000;5981277777;6481277777
1083;6471650000;5981277777;6481277777
1084;6471651000;5981277777;6481277777
1085;6471652000;5981277777;6481277777
1086;6471653000;5981277777;6481277777
1087;6471654000;5981277777;6481277777
1088;6471766000;5981322222;6481322222
1089;6471771000;5981588888;6481588888
1090;6471772000;5981588888;6481588888
1091;6471773000;5981588888;6481588888
1092;6513189000;6022911111;6522911111
1093;6513201000;6022911111;6522911111
1094;6513202000;6022911111;6522911111
1095;6513203000;6022911111;6522911111
1096;6513205000;6022911111;6522911111
1097;6513205000;6022911111;6522911111
1098;6513206000;6022911111;6522911111
1099;6513305000;6022966666;6522966666
1100;6513310000;6023288888;6523288888
1101;6513311000;6023288888;6523288888
1102;6513312000;6023288888;6523288888
1103;6554877000;6064611111;6564611111
1104;6554880000;6064611111;6564611111
1105;6554881000;6064611111;6564611111
1106;6554881000;6064611111;6564611111
1107;6554882000;6064611111;6564611111
1108;6554883000;6064611111;6564611111
1109;6554884000;6064611111;6564611111
1110;6555003000;6064655555;6564655555
1111;6555008000;6064955555;6564955555
1112;6555009000;6064955555;6564955555
1113;6555010000;6064955555;6564955555
1114;6596568000;6106277777;6606277777
1115;6596571000;6106277777;6606277777
1116;6596572000;6106277777;6606277777
1117;6596573000;6106277777;6606277777
1118;6596574000;6106277777;6606277777
1119;6596575000;6106277777;6606277777
1120;6596576000;6106277777;6606277777
1121;6596711000;6106322222;6606322222
1122;6596716000;6106600000;6606600000
1123;6596717000;6106600000;6606600000
1124;6596718000;6106600000;6606600000
1125;6638202000;6147911111;6647911111
1126;6638206000;6147911111;6647911111
1127;6638207000;6147911111;6647911111
1128;6638208000;6147911111;6647911111
1129;6638209000;6147911111;6647911111
1130;6638210000;6147911111;6647911111
1131;6638211000;6147911111;6647911111
1132;6638303000;6147955555;6647955555
1133;6638309000;6148266666;6648266666
1134;6638310000;6148266666;6648266666
1135;6638311000;6148266666;6648266666
1136;6679902000;6189611111;6689611111
1137;6679905000;6189611111;6689611111
1138;6679906000;6189611111;6689611111
1139;6679907000;6189611111;6689611111
1140;6679908000;6189611111;6689611111
1141;6679909000;6189611111;6689611111
1142;6679910000;6189611111;6689611111
1143;6680032000;6189655555;6689655555
1144;6680038000;6189955555;6689955555
1145;6680039000;6189955555;6689955555
1146;6680040000;6189955555;6689955555
1147;6721519000;6231277777;6731277777
1148;6721522000;6231277777;6731277777
1149;6721523000;6231277777;6731277777
1150;6721524000;6231277777;6731277777
1151;6721525000;6231277777;6731277777
1152;6721526000;6231277777;6731277777
1153;6721527000;6231277777;6731277777
1154;6721649000;6231322222;6731322222
1155;6721654000;6231600000;6731600000
1156;6721655000;6231600000;6731600000
1157;6721656000;6231600000;6731600000
1158;6763312000;6272944444;6772944444
1159;6763315000;6272944444;6772944444
1160;6763316000;6272944444;6772944444
1161;6763317000;6272944444;6772944444
1162;6763318000;6272944444;6772944444
1163;6763319000;6272944444;6772944444
1164;6763320000;6272944444;6772944444
1165;6763442000;6272988888;6772988888
1166;6763447000;6273288888;6773288888
1167;6763448000;6273288888;6773288888
1168;6763450000;6273288888;6773288888
1169;6804835000;6314577777;6814577777
1170;6804847000;6314577777;6814577777
1171;6804848000;6314577777;6814577777
1172;6804849000;6314577777;6814577777
1173;6804850000;6314577777;6814577777
1174;6804851000;6314577777;6814577777
1175;6804852000;6314577777;6814577777
1176;6804947000;6314622222;6814622222
1177;6804952000;6314911111;6814911111
1178;6804953000;6314911111;6814911111
1179;6804954000;6314911111;6814911111
1180;6846555000;6356277777;6856277777
1181;6846567000;6356277777;6856277777
1182;6846568000;6356277777;6856277777
1183;6846569000;6356277777;6856277777
1184;6846570000;6356277777;6856277777
1185;6846570000;6356277777;6856277777
1186;6846571000;6356277777;6856277777
1187;6846687000;6356322222;6856322222
1188;6846692000;6356600000;6856600000
1189;6846693000;6356600000;6856600000
1190;6846694000;6356600000;6856600000
1191;6888187000;6397911111;6897911111
1192;6888199000;6397911111;6897911111
1193;6888200000;6397911111;6897911111
1194;6888201000;6397911111;6897911111
1195;6888202000;6397911111;6897911111
1196;6888203000;6397911111;6897911111
1197;6888204000;6397911111;6897911111
1198;6888321000;6397955555;6897955555
1199;6888326000;6398255555;6898255555
1200;6888327000;6398255555;6898255555
1201;6888328000;6398255555;6898255555
1202;6929854000;6439577777;6939577777
1203;6929866000;6439577777;6939577777
1204;6929867000;6439577777;6939577777
1205;6929868000;6439577777;6939577777
1206;6929869000;6439577777;6939577777
1207;6929870000;6439577777;6939577777
1208;6929871000;6439577777;6939577777
1209;6929988000;6439622222;6939622222
1210;6929993000;6439933333;6939933333
1211;6929994000;6439933333;6939933333
1212;6929995000;6439933333;6939933333
1213;6971553000;6481277777;6981277777
1214;6971564000;6481277777;6981277777
1215;6971565000;6481277777;6981277777
1216;6971566000;6481277777;6981277777
1217;6971567000;6481277777;6981277777
1218;6971568000;6481277777;6981277777
1219;6971569000;6481277777;6981277777
1220;6971687000;6481322222;6981322222
1221;6971692000;6481611111;6981611111
1222;6971693000;6481611111;6981611111
1223;6971694000;6481611111;6981611111
1224;7013183000;6522911111;7022911111
1225;7013195000;6522911111;7022911111
1226;7013196000;6522911111;7022911111
1227;7013197000;6522911111;7022911111
1228;7013198000;6522911111;7022911111
1229;7013198000;6522911111;7022911111
1230;7013199000;6522911111;7022911111
1231;7013295000;6522955555;7022955555
1232;7013300000;6523288888;7023288888
1233;7013301000;6523288888;7023288888
1234;7013302000;6523288888;7023288888
1235;7054882000;6564611111;7064611111
1236;7054884000;6564611111;7064611111
1237;7054895000;6564611111;7064611111
1238;7054895000;6564611111;7064611111
1239;7054896000;6564611111;7064611111
1240;7054898000;6564611111;7064611111
1241;7054898000;6564611111;7064611111
1242;7054995000;6564655555;7064655555
1243;7055000000;6564944444;7064944444
1244;7055001000;6564944444;7064944444
1245;7055002000;6564944444;7064944444
1246;7096570000;6606277777;7106277777
1247;7096573000;6606277777;7106277777
1248;7096574000;6606277777;7106277777
1249;7096575000;6606277777;7106277777
1250;7096576000;6606277777;7106277777
1251;7096577000;6606277777;7106277777
1252;7096578000;6606277777;7106277777
1253;7096700000;6606322222;7106322222
1254;7096705000;6606588888;7106588888
1255;7096706000;6606588888;7106588888
1256;7096707000;6606588888;7106588888
1257;7138149000;6647911111;7147911111
1258;7138152000;6647911111;7147911111
1259;7138154000;6647911111;7147911111
1260;7138154000;6647911111;7147911111
1261;7138156000;6647911111;7147911111
1262;7138156000;6647911111;7147911111
1263;7138157000;6647911111;7147911111
1264;7138279000;6647955555;7147955555
1265;7138284000;6648255555;7148255555
1266;7138285000;6648255555;7148255555
1267;7138286000;6648255555;7148255555
1268;7179978000;6689611111;7189611111
1269;7179982000;6689611111;7189611111
1270;7179984000;6689611111;7189611111
1271;7179985000;6689611111;7189611111
1272;7179986000;6689611111;7189611111
1273;7179987000;6689611111;7189611111
1274;7179987000;6689611111;7189611111
1275;7180120000;6689655555;7189655555
1276;7180125000;6689966666;7189966666
1277;7180126000;6689966666;7189966666
1278;7180127000;6689966666;7189966666
1279;7221540000;6731277777;7231277777
1280;7221543000;6731277777;7231277777
1281;7221544000;6731277777;7231277777
1282;7221545000;6731277777;7231277777
1283;7221546000;6731277777;7231277777
1284;7221547000;6731277777;7231277777
1285;7221548000;6731277777;7231277777
1286;7221663000;6731322222;7231322222
1287;7221668000;6731611111;7231611111
1288;7221669000;6731611111;7231611111
1289;7221670000;6731611111;7231611111
1290;7263165000;6772911111;7272911111
1291;7263168000;6772911111;7272911111
1292;7263178000;6772911111;7272911111
1293;7263179000;6772911111;7272911111
1294;7263180000;6772911111;7272911111
1295;7263187000;6772911111;7272911111
1296;7263188000;6772911111;7272911111
1297;7263306000;6772955555;7272955555
1298;7263311000;6773277777;7273277777
1299;7263312000;6773277777;7273277777
1300;7263313000;6773277777;7273277777
1301;7304858000;6814588888;7314588888
1302;7304860000;6814588888;7314588888
1303;7304870000;6814588888;7314588888
1304;7304871000;6814588888;7314588888
1305;7304872000;6814588888;7314588888
1306;7304873000;6814588888;7314588888
1307;7304874000;6814588888;7314588888
1308;7304988000;6814633333;7314633333
1309;7304993000;6814955555;7314955555
1310;7304994000;6814955555;7314955555
1311;7304995000;6814955555;7314955555
1312;7346546000;6856277777;7356277777
1313;7346549000;6856277777;7356277777
1314;7346550000;6856277777;7356277777
1315;7346560000;6856277777;7356277777
1316;7346561000;6856277777;7356277777
1317;7346562000;6856277777;7356277777
1318;7346563000;6856277777;7356277777
1319;7346677000;6856322222;7356322222
1320;7346681000;6856622222;7356622222
1321;7346683000;6856622222;7356622222
1322;7346684000;6856622222;7356622222
1323;7388201000;6897911111;7397911111
1324;7388205000;6897911111;7397911111
1325;7388206000;6897911111;7397911111
1326;7388207000;6897911111;7397911111
1327;7388207000;6897911111;7397911111
1328;7388208000;6897911111;7397911111
1329;7388209000;6897911111;7397911111
1330;7388312000;6897955555;7397955555
1331;7388317000;6898255555;7398255555
1332;7388319000;6898255555;7398255555
1333;7388320000;6898255555;7398255555
1334;7429943000;6939577777;7439577777
1335;7429947000;6939577777;7439577777
1336;7429948000;6939577777;7439577777
1337;7429949000;6939577777;7439577777
1338;7429950000;6939577777;7439577777
1339;7429951000;6939577777;7439577777
1340;7429952000;6939577777;7439577777
1341;7430061000;6939622222;7439622222
1342;7430077000;6939944444;7439944444
1343;7430078000;6939944444;7439944444
1344;7430079000;6939944444;7439944444
1345;7471663000;6981277777;7481277777
1346;7471666000;6981277777;7481277777
1347;7471667000;6981277777;7481277777
1348;7471668000;6981277777;7481277777
1349;7471669000;6981277777;7481277777
1350;7471670000;6981277777;7481277777
1351;7471671000;6981277777;7481277777
1352;7471774000;6981322222;7481322222
1353;7471779000;6981600000;7481600000
1354;7471780000;6981600000;7481600000
1355;7471781000;6981600000;7481600000
1356;7513252000;7022911111;7522911111
1357;7513255000;7022911111;7522911111
1358;7513256000;7022911111;7522911111
1359;7513257000;7022911111;7522911111
1360;7513258000;7022911111;7522911111
1361;7513259000;7022911111;7522911111
1362;7513260000;7022911111;7522911111
1363;7513358000;7022955555;7522955555
1364;7513363000;7023277777;7523277777
1365;7513364000;7023277777;7523277777
1366;7513365000;7023277777;7523277777
1367;7554835000;7064611111;7564611111
1368;7554847000;7064611111;7564611111
1369;7554848000;7064611111;7564611111
1370;7554849000;7064611111;7564611111
1371;7554850000;7064611111;7564611111
1372;7554851000;7064611111;7564611111
1373;7554852000;7064611111;7564611111
1374;7554950000;7064655555;7564655555
1375;7554954000;7064966666;7564966666
1376;7554955000;7064966666;7564966666
1377;7554956000;7064966666;7564966666
1378;7596502000;7106266666;7606266666
1379;7596505000;7106266666;7606266666
1380;7596506000;7106266666;7606266666
1381;7596507000;7106266666;7606266666
1382;7596508000;7106266666;7606266666
1383;7596509000;7106266666;7606266666
1384;7596510000;7106266666;7606266666
1385;7596637000;7106300000;7606300000
1386;7596642000;7106611111;7606611111
1387;7596643000;7106611111;7606611111
1388;7596644000;7106611111;7606611111
1389;7638206000;7147944444;7647944444
1390;7638209000;7147944444;7647944444
1391;7638210000;7147944444;7647944444
1392;7638211000;7147944444;7647944444
1393;7638212000;7147944444;7647944444
1394;7638213000;7147944444;7647944444
1395;7638214000;7147944444;7647944444
1396;7638332000;7147988888;7647988888
1397;7638336000;7148311111;7648311111
1398;7638337000;7148311111;7648311111
1399;7638338000;7148311111;7648311111
1400;7679900000;7189611111;7689611111
1401;7679903000;7189611111;7689611111
1402;7679904000;7189611111;7689611111
1403;7679912000;7189611111;7689611111
1404;7679914000;7189611111;7689611111
1405;7679914000;7189611111;7689611111
1406;7679915000;7189611111;7689611111
1407;7680029000;7189666666;7689666666
1408;7680051000;7190011111;7690011111
1409;7680052000;7190011111;7690011111
1410;7680053000;7190011111;7690011111
1411;7721616000;7231277777;7731277777
1412;7721619000;7231277777;7731277777
1413;7721620000;7231277777;7731277777
1414;7721622000;7231277777;7731277777
1415;7721623000;7231277777;7731277777
1416;7721623000;7231277777;7731277777
1417;7721625000;7231277777;7731277777
1418;7721824000;7231333333;7731333333
1419;7721839000;7231622222;7731622222
1420;7721841000;7231622222;7731622222
1421;7721842000;7231622222;7731622222
1422;7763252000;7272944444;7772944444
1423;7763255000;7272944444;7772944444
1424;7763256000;7272944444;7772944444
1425;7763257000;7272944444;7772944444
1426;7763258000;7272944444;7772944444
1427;7763259000;7272944444;7772944444
1428;7763260000;7272944444;7772944444
1429;7763459000;7272988888;7772988888
1430;7763474000;7273300000;7773300000
1431;7763475000;7273300000;7773300000
1432;7763476000;7273300000;7773300000
1433;7804991000;7314577777;7814577777
1434;7804995000;7314577777;7814577777
1435;7804996000;7314577777;7814577777
1436;7804997000;7314577777;7814577777
1437;7804998000;7314577777;7814577777
1438;7804999000;7314577777;7814577777
1439;7805000000;7314577777;7814577777
1440;7805223000;7314622222;7814622222
1441;7805229000;7314922222;7814922222
1442;7805230000;7314922222;7814922222
1443;7805231000;7314922222;7814922222
1444;7846684000;7356277777;7856277777
1445;7846688000;7356277777;7856277777
1446;7846689000;7356277777;7856277777
1447;7846690000;7356277777;7856277777
1448;7846691000;7356277777;7856277777
1449;7846692000;7356277777;7856277777
1450;7846693000;7356277777;7856277777
1451;7846903000;7356322222;7856322222
1452;7846909000;7356611111;7856611111
1453;7846910000;7356611111;7856611111
1454;7846911000;7356611111;7856611111
1455;7888350000;7397944444;7897944444
1456;7888354000;7397944444;7897944444
1457;7888355000;7397944444;7897944444
1458;7888356000;7397944444;7897944444
1459;7888357000;7397944444;7897944444
1460;7888358000;7397944444;7897944444
1461;7888359000;7397944444;7897944444
1462;7888497000;7397988888;7897988888
1463;7888500000;7398300000;7898300000
1464;7888501000;7398300000;7898300000
1465;7888502000;7398300000;7898300000
1466;7929982000;7439577777;7939577777
1467;7929986000;7439577777;7939577777
1468;7929987000;7439577777;7939577777
1469;7929988000;7439577777;7939577777
1470;7929989000;7439577777;7939577777
1471;7929990000;7439577777;7939577777
1472;7929991000;7439577777;7939577777
1473;7930197000;7439622222;7939622222
1474;7930203000;7439933333;7939933333
1475;7930205000;7439933333;7939933333
1476;7930206000;7439933333;7939933333
1477;7971685000;7481277777;7981277777
1478;7971688000;7481277777;7981277777
1479;7971689000;7481277777;7981277777
1480;7971691000;7481277777;7981277777
1481;7971692000;7481277777;7981277777
1482;7971693000;7481277777;7981277777
1483;7971693000;7481277777;7981277777
1484;7971892000;7481322222;7981322222
1485;7971899000;7481622222;7981622222
1486;7971900000;7481622222;7981622222
1487;7971901000;7481622222;7981622222
1488;8013365000;7522944444;8022944444
1489;8013368000;7522944444;8022944444
1490;8013369000;7522944444;8022944444
1491;8013370000;7522944444;8022944444
1492;8013371000;7522944444;8022944444
1493;8013372000;7522944444;8022944444
1494;8013373000;7522944444;8022944444
1495;8013573000;7522977777;8022977777
1496;8013579000;7523322222;8023322222
1497;8013580000;7523322222;8023322222
1498;8013582000;7523322222;8023322222
1499;8054945000;7564611111;8064611111
1500;8054949000;7564611111;8064611111
1501;8054950000;7564611111;8064611111
1502;8054951000;7564611111;8064611111
1503;8054952000;7564611111;8064611111
1504;8054953000;7564611111;8064611111
1505;8054954000;7564611111;8064611111
1506;8055160000;7564655555;8064655555
1507;8055166000;7564955555;8064955555
1508;8055167000;7564955555;8064955555
1509;8055168000;7564955555;8064955555
1510;8096682000;7606277777;8106277777
1511;8096693000;7606277777;8106277777
1512;8096694000;7606277777;8106277777
1513;8096695000;7606277777;8106277777
1514;8096696000;7606277777;8106277777
1515;8096697000;7606277777;8106277777
1516;8096698000;7606277777;8106277777
1517;8096898000;7606311111;8106311111
1518;8096904000;7606588888;8106588888
1519;8096905000;7606588888;8106588888
1520;8096906000;7606588888;8106588888
1521;8138316000;7647944444;8147944444
1522;8138320000;7647944444;8147944444
1523;8138321000;7647944444;8147944444
1524;8138322000;7647944444;8147944444
1525;8138323000;7647944444;8147944444
1526;8138324000;7647944444;8147944444
1527;8138325000;7647944444;8147944444
1528;8138524000;7647988888;8147988888
1529;8138531000;7648288888;8148288888
1530;8138532000;7648288888;8148288888
1531;8138533000;7648288888;8148288888
1532;8180017000;7689611111;8189611111
1533;8180020000;7689611111;8189611111
1534;8180021000;7689611111;8189611111
1535;8180022000;7689611111;8189611111
1536;8180023000;7689611111;8189611111
1537;8180024000;7689611111;8189611111
1538;8180025000;7689611111;8189611111
1539;8180226000;7689655555;8189655555
1540;8180232000;7689977777;8189977777
1541;8180233000;7689977777;8189977777
1542;8180234000;7689977777;8189977777
1543;8221682000;7731277777;8231277777
1544;8221686000;7731277777;8231277777
1545;8221687000;7731277777;8231277777
1546;8221688000;7731277777;8231277777
1547;8221689000;7731277777;8231277777
1548;8221690000;7731277777;8231277777
1549;8221691000;7731277777;8231277777
1550;8221891000;7731322222;8231322222
1551;8221897000;7731611111;8231611111
1552;8221898000;7731611111;8231611111
1553;8221900000;7731611111;8231611111
1554;8263273000;7772944444;8272944444
1555;8263277000;7772944444;8272944444
1556;8263278000;7772944444;8272944444
1557;8263279000;7772944444;8272944444
1558;8263280000;7772944444;8272944444
1559;8263281000;7772944444;8272944444
1560;8263282000;7772944444;8272944444
1561;8263481000;7772988888;8272988888
1562;8263487000;7773311111;8273311111
1563;8263488000;7773311111;8273311111
1564;8263490000;7773311111;8273311111
1565;8304873000;7814577777;8314577777
1566;8304876000;7814577777;8314577777
1567;8304877000;7814577777;8314577777
1568;8304878000;7814577777;8314577777
1569;8304879000;7814577777;8314577777
1570;8304881000;7814577777;8314577777
1571;8304881000;7814577777;8314577777
1572;8305036000;7814622222;8314622222
1573;8305049000;7814944444;8314944444
1574;8305051000;7814944444;8314944444
1575;8305051000;7814944444;8314944444
1576;8346703000;7856277777;8356277777
1577;8346706000;7856277777;8356277777
1578;8346707000;7856277777;8356277777
1579;8346708000;7856277777;8356277777
1580;8346709000;7856277777;8356277777
1581;8346710000;7856277777;8356277777
1582;8346711000;7856277777;8356277777
1583;8346910000;7856311111;8356311111
1584;8346916000;7856611111;8356611111
1585;8346918000;7856611111;8356611111
1586;8346919000;7856611111;8356611111
1587;8388356000;7897944444;8397944444
1588;8388360000;7897944444;8397944444
1589;8388361000;7897944444;8397944444
1590;8388362000;7897944444;8397944444
1591;8388363000;7897944444;8397944444
1592;8388364000;7897944444;8397944444
1593;8388365000;7897944444;8397944444
1594;8388503000;7897988888;8397988888
1595;8388506000;7898288888;8398288888
1596;8388507000;7898288888;8398288888
1597;8388508000;7898288888;8398288888
1598;8429896000;7939611111;8439611111
1599;8429899000;7939611111;8439611111
1600;8429900000;7939611111;8439611111
1601;8429901000;7939611111;8439611111
1602;8429902000;7939611111;8439611111
1603;8429903000;7939611111;8439611111
1604;8429904000;7939611111;8439611111
1605;8430076000;7939655555;8439655555
1606;8430080000;7939977777;8439977777
1607;8430082000;7939977777;8439977777
1608;8430083000;7939977777;8439977777
1609;8471567000;7981277777;8481277777
1610;8471570000;7981277777;8481277777
1611;8471571000;7981277777;8481277777
1612;8471573000;7981277777;8481277777
1613;8471573000;7981277777;8481277777
1614;8471574000;7981277777;8481277777
1615;8471575000;7981277777;8481277777
1616;8471776000;7981322222;8481322222
1617;8471782000;7981611111;8481611111
1618;8471784000;7981611111;8481611111
1619;8471792000;7981611111;8481611111
1620;8513350000;8022944444;8522944444
1621;8513353000;8022944444;8522944444
1622;8513354000;8022944444;8522944444
1623;8513355000;8022944444;8522944444
1624;8513357000;8022944444;8522944444
1625;8513358000;8022944444;8522944444
1626;8513359000;8022944444;8522944444
1627;8513497000;8022988888;8522988888
1628;8513499000;8023333333;8523333333
1629;8513500000;8023333333;8523333333
1630;8513501000;8023333333;8523333333
1631;8554941000;8064611111;8564611111
1632;8554944000;8064611111;8564611111
1633;8554945000;8064611111;8564611111
1634;8554947000;8064611111;8564611111
1635;8554948000;8064611111;8564611111
1636;8554949000;8064611111;8564611111
1637;8554950000;8064611111;8564611111
1638;8555156000;8064655555;8564655555
1639;8555162000;8064977777;8564977777
1640;8555163000;8064977777;8564977777
1641;8555164000;8064977777;8564977777
1642;8596660000;8106277777;8606277777
1643;8596663000;8106277777;8606277777
1644;8596664000;8106277777;8606277777
1645;8596665000;8106277777;8606277777
1646;8596666000;8106277777;8606277777
1647;8596667000;8106277777;8606277777
1648;8596668000;8106277777;8606277777
1649;8596868000;8106322222;8606322222
1650;8596874000;8106622222;8606622222
1651;8596875000;8106622222;8606622222
1652;8596876000;8106622222;8606622222
1653;8638242000;8147911111;8647911111
1654;8638246000;8147911111;8647911111
1655;8638247000;8147911111;8647911111
1656;8638248000;8147911111;8647911111
1657;8638249000;8147911111;8647911111
1658;8638250000;8147911111;8647911111
1659;8638252000;8147911111;8647911111
1660;8638466000;8147955555;8647955555
1661;8638472000;8148277777;8648277777
1662;8638473000;8148277777;8648277777
1663;8638474000;8148277777;8648277777
1664;8680024000;8189611111;8689611111
1665;8680027000;8189611111;8689611111
1666;8680029000;8189611111;8689611111
1667;8680030000;8189611111;8689611111
1668;8680030000;8189611111;8689611111
1669;8680032000;8189611111;8689611111
1670;8680033000;8189611111;8689611111
1671;8680203000;8189655555;8689655555
1672;8680206000;8189966666;8689966666
1673;8680207000;8189966666;8689966666
1674;8680208000;8189966666;8689966666
1675;8721691000;8231277777;8731277777
1676;8721694000;8231277777;8731277777
1677;8721695000;8231277777;8731277777
1678;8721697000;8231277777;8731277777
1679;8721697000;8231277777;8731277777
1680;8721698000;8231277777;8731277777
1681;8721699000;8231277777;8731277777
1682;8721898000;8231322222;8731322222
1683;8721914000;8231622222;8731622222
1684;8721915000;8231622222;8731622222
1685;8721916000;8231622222;8731622222
1686;8763338000;8272911111;8772911111
1687;8763341000;8272911111;8772911111
1688;8763342000;8272911111;8772911111
1689;8763343000;8272911111;8772911111
1690;8763345000;8272911111;8772911111
1691;8763346000;8272911111;8772911111
1692;8763347000;8272911111;8772911111
1693;8763548000;8272955555;8772955555
1694;8763563000;8273266666;8773266666
1695;8763564000;8273266666;8773266666
1696;8763565000;8273266666;8773266666
1697;8805019000;8314577777;8814577777
1698;8805031000;8314577777;8814577777
1699;8805032000;8314577777;8814577777
1700;8805033000;8314577777;8814577777
1701;8805034000;8314577777;8814577777
1702;8805036000;8314577777;8814577777
1703;8805036000;8314577777;8814577777
1704;8805261000;8314622222;8814622222
1705;8805267000;8314933333;8814933333
1706;8805268000;8314933333;8814933333
1707;8805269000;8314933333;8814933333
1708;8846697000;8356288888;8856288888
1709;8846701000;8356288888;8856288888
1710;8846702000;8356288888;8856288888
1711;8846703000;8356288888;8856288888
1712;8846704000;8356288888;8856288888
1713;8846705000;8356288888;8856288888
1714;8846706000;8356288888;8856288888
1715;8846905000;8356333333;8856333333
1716;8846911000;8356655555;8856655555
1717;8846912000;8356655555;8856655555
1718;8846913000;8356655555;8856655555
1719;8888328000;8397922222;8897922222
1720;8888332000;8397922222;8897922222
1721;8888333000;8397922222;8897922222
1722;8888334000;8397922222;8897922222
1723;8888335000;8397922222;8897922222
1724;8888336000;8397922222;8897922222
1725;8888337000;8397922222;8897922222
1726;8888544000;8397966666;8897966666
1727;8888551000;8398311111;8898311111
1728;8888552000;8398311111;8898311111
1729;8888553000;8398311111;8898311111
1730;8930028000;8439622222;8939622222
1731;8930031000;8439622222;8939622222
1732;8930033000;8439622222;8939622222
1733;8930033000;8439622222;8939622222
1734;8930035000;8439622222;8939622222
1735;8930036000;8439622222;8939622222
1736;8930037000;8439622222;8939622222
1737;8930243000;8439666666;8939666666
1738;8930249000;8440011111;8940011111
1739;8930250000;8440011111;8940011111
1740;8930251000;8440011111;8940011111
1741;8971672000;8481266666;8981266666
1742;8971675000;8481266666;8981266666
1743;8971676000;8481266666;8981266666
1744;8971678000;8481266666;8981266666
1745;8971679000;8481266666;8981266666
1746;8971680000;8481266666;8981266666
1747;8971681000;8481266666;8981266666
1748;8971880000;8481311111;8981311111
1749;8971886000;8481622222;8981622222
1750;8971888000;8481622222;8981622222
1751;8971889000;8481622222;8981622222
1752;9013317000;8522911111;9022911111
1753;9013320000;8522911111;9022911111
1754;9013321000;8522911111;9022911111
1755;9013322000;8522911111;9022911111
1756;9013324000;8522911111;9022911111
1757;9013325000;8522911111;9022911111
1758;9013326000;8522911111;9022911111
1759;9013525000;8522955555;9022955555
1760;9013531000;8523311111;9023311111
1761;9013533000;8523311111;9023311111
1762;9013534000;8523311111;9023311111
1763;9054993000;8564622222;9064622222
1764;9054997000;8564622222;9064622222
1765;9054998000;8564622222;9064622222
1766;9054999000;8564622222;9064622222
1767;9055000000;8564622222;9064622222
1768;9055001000;8564622222;9064622222
1769;9055002000;8564622222;9064622222
1770;9055157000;8564666666;9064666666
1771;9055163000;8564977777;9064977777
1772;9055164000;8564977777;9064977777
1773;9055165000;8564977777;9064977777
1774;9096710000;8606288888;9106288888
1775;9096714000;8606288888;9106288888
1776;9096715000;8606288888;9106288888
1777;9096716000;8606288888;9106288888
1778;9096717000;8606288888;9106288888
1779;9096717000;8606288888;9106288888
1780;9096719000;8606288888;9106288888
1781;9096933000;8606333333;9106333333
1782;9096940000;8606622222;9106622222
1783;9096941000;8606622222;9106622222
1784;9096942000;8606622222;9106622222
1785;9138242000;8647911111;9147911111
1786;9138246000;8647911111;9147911111
1787;9138247000;8647911111;9147911111
1788;9138248000;8647911111;9147911111
1789;9138249000;8647911111;9147911111
1790;9138250000;8647911111;9147911111
1791;9138251000;8647911111;9147911111
1792;9138467000;8647955555;9147955555
1793;9138473000;8648277777;9148277777
1794;9138474000;8648277777;9148277777
1795;9138475000;8648277777;9148277777
1796;9180019000;8689611111;9189611111
1797;9180022000;8689611111;9189611111
1798;9180023000;8689611111;9189611111
1799;9180024000;8689611111;9189611111
1800;9180025000;8689611111;9189611111
1801;9180026000;8689611111;9189611111
1802;9180027000;8689611111;9189611111
1803;9180263000;8689655555;9189655555
1804;9180269000;8689988888;9189988888
1805;9180270000;8689988888;9189988888
1806;9180272000;8689988888;9189988888
1807;9221700000;8731277777;9231277777
1808;9221704000;8731277777;9231277777
1809;9221705000;8731277777;9231277777
1810;9221706000;8731277777;9231277777
1811;9221707000;8731277777;9231277777
1812;9221708000;8731277777;9231277777
1813;9221709000;8731277777;9231277777
1814;9221909000;8731311111;9231311111
1815;9221915000;8731622222;9231622222
1816;9221916000;8731622222;9231622222
1817;9221917000;8731622222;9231622222
1818;9263318000;8772944444;9272944444
1819;9263322000;8772944444;9272944444
1820;9263323000;8772944444;9272944444
1821;9263324000;8772944444;9272944444
1822;9263325000;8772944444;9272944444
1823;9263326000;8772944444;9272944444
1824;9263327000;8772944444;9272944444
1825;9263526000;8772977777;9272977777
1826;9263533000;8773311111;9273311111
1827;9263534000;8773311111;9273311111
1828;9263535000;8773311111;9273311111
1829;9304910000;8814611111;9314611111
1830;9304913000;8814611111;9314611111
1831;9304914000;8814611111;9314611111
1832;9304915000;8814611111;9314611111
1833;9304916000;8814611111;9314611111
1834;9304925000;8814611111;9314611111
1835;9304926000;8814611111;9314611111
1836;9305081000;8814644444;9314644444
1837;9305087000;8814966666;9314966666
1838;9305088000;8814966666;9314966666
1839;9305089000;8814966666;9314966666
1840;9346602000;8856277777;9356277777
1841;9346606000;8856277777;9356277777
1842;9346607000;8856277777;9356277777
1843;9346608000;8856277777;9356277777
1844;9346609000;8856277777;9356277777
1845;9346610000;8856277777;9356277777
1846;9346611000;8856277777;9356277777
1847;9346766000;8856311111;9356311111
1848;9346772000;8856588888;9356588888
1849;9346773000;8856588888;9356588888
1850;9346774000;8856588888;9356588888
1851;9388310000;8897944444;9397944444
1852;9388313000;8897944444;9397944444
1853;9388314000;8897944444;9397944444
1854;9388324000;8897944444;9397944444
1855;9388325000;8897944444;9397944444
1856;9388326000;8897944444;9397944444
1857;9388327000;8897944444;9397944444
1858;9388463000;8897977777;9397977777
1859;9388466000;8898288888;9398288888
1860;9388467000;8898288888;9398288888
1861;9388468000;8898288888;9398288888
1862;9429918000;8939577777;9439577777
1863;9429921000;8939577777;9439577777
1864;9429922000;8939577777;9439577777
1865;9429923000;8939577777;9439577777
1866;9429924000;8939577777;9439577777
1867;9429925000;8939577777;9439577777
1868;9429926000;8939577777;9439577777
1869;9430164000;8939622222;9439622222
1870;9430180000;8939922222;9439922222
1871;9430181000;8939922222;9439922222
1872;9430182000;8939922222;9439922222
1873;9471697000;8981277777;9481277777
1874;9471701000;8981277777;9481277777
1875;9471702000;8981277777;9481277777
1876;9471703000;8981277777;9481277777
1877;9471704000;8981277777;9481277777
1878;9471705000;8981277777;9481277777
1879;9471706000;8981277777;9481277777
1880;9471931000;8981322222;9481322222
1881;9471946000;8981588888;9481588888
1882;9471948000;8981588888;9481588888
1883;9471949000;8981588888;9481588888
1884;9513343000;9022911111;9522911111
1885;9513346000;9022911111;9522911111
1886;9513347000;9022911111;9522911111
1887;9513348000;9022911111;9522911111
1888;9513350000;9022911111;9522911111
1889;9513351000;9022911111;9522911111
1890;9513351000;9022911111;9522911111
1891;9513566000;9022955555;9522955555
1892;9513572000;9023266666;9523266666
1893;9513574000;9023266666;9523266666
1894;9513575000;9023266666;9523266666
1895;9554944000;9064611111;9564611111
1896;9554948000;9064611111;9564611111
1897;9554949000;9064611111;9564611111
1898;9554950000;9064611111;9564611111
1899;9554951000;9064611111;9564611111
1900;9554952000;9064611111;9564611111
1901;9554953000;9064611111;9564611111
1902;9555158000;9064655555;9564655555
1903;9555164000;9064944444;9564944444
1904;9555165000;9064944444;9564944444
1905;9555166000;9064944444;9564944444
1906;9596686000;9106277777;9606277777
1907;9596689000;9106277777;9606277777
1908;9596690000;9106277777;9606277777
1909;9596691000;9106277777;9606277777
1910;9596692000;9106277777;9606277777
1911;9596693000;9106277777;9606277777
1912;9596694000;9106277777;9606277777
1913;9596894000;9106333333;9606333333
1914;9596900000;9106622222;9606622222
1915;9596902000;9106622222;9606622222
1916;9596903000;9106622222;9606622222
1917;9638320000;9147911111;9647911111
1918;9638324000;9147911111;9647911111
1919;9638325000;9147911111;9647911111
1920;9638326000;9147911111;9647911111
1921;9638327000;9147911111;9647911111
1922;9638327000;9147911111;9647911111
1923;9638328000;9147911111;9647911111
1924;9638547000;9147955555;9647955555
1925;9638553000;9148255555;9648255555
1926;9638554000;9148255555;9648255555
1927;9638555000;9148255555;9648255555
1928;9680027000;9189611111;9689611111
1929;9680031000;9189611111;9689611111
1930;9680032000;9189611111;9689611111
1931;9680033000;9189611111;9689611111
1932;9680034000;9189611111;9689611111
1933;9680035000;9189611111;9689611111
1934;9680036000;9189611111;9689611111
1935;9680204000;9189655555;9689655555
1936;9680206000;9189944444;9689944444
1937;9680208000;9189944444;9689944444
1938;9680208000;9189944444;9689944444
1939;9721723000;9231288888;9731288888
1940;9721727000;9231288888;9731288888
1941;9721728000;9231288888;9731288888
1942;9721738000;9231288888;9731288888
1943;9721739000;9231288888;9731288888
1944;9721740000;9231288888;9731288888
1945;9721741000;9231288888;9731288888
1946;9721939000;9231333333;9731333333
1947;9721954000;9231611111;9731611111
1948;9721956000;9231611111;9731611111
1949;9721956000;9231611111;9731611111
1950;9763341000;9272911111;9772911111
1951;9763344000;9272911111;9772911111
1952;9763345000;9272911111;9772911111
1953;9763346000;9272911111;9772911111
1954;9763347000;9272911111;9772911111
1955;9763348000;9272911111;9772911111
1956;9763349000;9272911111;9772911111
1957;9763547000;9272955555;9772955555
1958;9763562000;9273255555;9773255555
1959;9763564000;9273255555;9773255555
1960;9763565000;9273255555;9773255555
1961;9804961000;9314577777;9814577777
1962;9804965000;9314577777;9814577777
1963;9804966000;9314577777;9814577777
1964;9804967000;9314577777;9814577777
1965;9804968000;9314577777;9814577777
1966;9804969000;9314577777;9814577777
1967;9804970000;9314577777;9814577777
1968;9805131000;9314644444;9814644444
1969;9805137000;9314933333;9814933333
1970;9805138000;9314933333;9814933333
1971;9805139000;9314933333;9814933333
1972;9846559000;9356277777;9856277777
1973;9846563000;9356277777;9856277777
1974;9846564000;9356277777;9856277777
1975;9846565000;9356277777;9856277777
1976;9846566000;9356277777;9856277777
1977;9846567000;9356277777;9856277777
1978;9846568000;9356277777;9856277777
1979;9846766000;9356322222;9856322222
1980;9846773000;9356588888;9856588888
1981;9846774000;9356588888;9856588888
1982;9846775000;9356588888;9856588888
1983;9888276000;9397944444;9897944444
1984;9888280000;9397944444;9897944444
1985;9888281000;9397944444;9897944444
1986;9888282000;9397944444;9897944444
1987;9888283000;9397944444;9897944444
1988;9888284000;9397944444;9897944444
1989;9888285000;9397944444;9897944444
1990;9888484000;9397988888;9897988888
1991;9888490000;9398277777;9898277777
1992;9888492000;9398277777;9898277777
1993;9888493000;9398277777;9898277777
1994;9929968000;9439577777;9939577777
1995;9929971000;9439577777;9939577777
1996;9929973000;9439577777;9939577777
1997;9929974000;9439577777;9939577777
1998;9929975000;9439577777;9939577777
1999;9929976000;9439577777;9939577777
2000;9929976000;9439577777;9939577777
2001;9930176000;9439622222;9939622222
2002;9930183000;9439922222;9939922222
2003;9930184000;9439922222;9939922222
2004;9930185000;9439922222;9939922222
2005;9971656000;9481277777;9981277777
2006;9971659000;9481277777;9981277777
2007;9971660000;9481277777;9981277777
2008;9971662000;9481277777;9981277777
2009;9971663000;9481277777;9981277777
2010;9971664000;9481277777;9981277777
2011;9971665000;9481277777;9981277777
2012;9971818000;9481322222;9981322222
2013;9971824000;9481600000;9981600000
2014;9971826000;9481600000;9981600000
2015;9971827000;9481600000;9981600000
2016;10013341000;9522933333;10022933333
2017;10013344000;9522933333;10022933333
2018;10013345000;9522933333;10022933333
2019;10013346000;9522933333;10022933333
2020;10013348000;9522933333;10022933333
2021;10013349000;9522933333;10022933333
2022;10013349000;9522933333;10022933333
2023;10013547000;9522977777;10022977777
2024;10013553000;9523311111;10023311111
2025;10013555000;9523311111;10023311111
2026;10013556000;9523311111;10023311111
2027;10055027000;9564611111;10064611111
2028;10055030000;9564611111;10064611111
2029;10055031000;9564611111;10064611111
2030;10055032000;9564611111;10064611111
2031;10055033000;9564611111;10064611111
2032;10055034000;9564611111;10064611111
2033;10055035000;9564611111;10064611111
2034;10055240000;9564655555;10064655555
2035;10055256000;9564933333;10064933333
2036;10055257000;9564933333;10064933333
2037;10055258000;9564933333;10064933333
2038;10096708000;9606277777;10106277777
2039;10096712000;9606277777;10106277777
2040;10096713000;9606277777;10106277777
2041;10096714000;9606277777;10106277777
2042;10096715000;9606277777;10106277777
2043;10096716000;9606277777;10106277777
2044;10096717000;9606277777;10106277777
2045;10096915000;9606322222;10106322222
2046;10096930000;9606600000;10106600000
2047;10096931000;9606600000;10106600000
2048;10096939000;9606600000;10106600000
2049;10138187000;9647944444;10147944444
2050;10138191000;9647944444;10147944444
2051;10138192000;9647944444;10147944444
2052;10138193000;9647944444;10147944444
2053;10138194000;9647944444;10147944444
2054;10138195000;9647944444;10147944444
2055;10138196000;9647944444;10147944444
2056;10138416000;9647988888;10147988888
2057;10138423000;9648277777;10148277777
2058;10138424000;9648277777;10148277777
2059;10138425000;9648277777;10148277777
2060;10179942000;9689611111;10189611111
2061;10179945000;9689611111;10189611111
2062;10179947000;9689611111;10189611111
2063;10179948000;9689611111;10189611111
2064;10179949000;9689611111;10189611111
2065;10179950000;9689611111;10189611111
2066;10179951000;9689611111;10189611111
2067;10180156000;9689655555;10189655555
2068;10180162000;9689955555;10189955555
2069;10180163000;9689955555;10189955555
2070;10180164000;9689955555;10189955555
2071;10221610000;9731277777;10231277777
2072;10221614000;9731277777;10231277777
2073;10221615000;9731277777;10231277777
2074;10221616000;9731277777;10231277777
2075;10221617000;9731277777;10231277777
2076;10221618000;9731277777;10231277777
2077;10221619000;9731277777;10231277777
2078;10221774000;9731322222;10231322222
2079;10221780000;9731622222;10231622222
2080;10221782000;9731622222;10231622222
2081;10221782000;9731622222;10231622222
2082;10263319000;9772911111;10272911111
2083;10263322000;9772911111;10272911111
2084;10263324000;9772911111;10272911111
2085;10263325000;9772911111;10272911111
2086;10263326000;9772911111;10272911111
2087;10263327000;9772911111;10272911111
2088;10263327000;9772911111;10272911111
2089;10263526000;9772955555;10272955555
2090;10263532000;9773266666;10273266666
2091;10263533000;9773266666;10273266666
2092;10263534000;9773266666;10273266666
2093;10304985000;9814577777;10314577777
2094;10304988000;9814577777;10314577777
2095;10304990000;9814577777;10314577777
2096;10304990000;9814577777;10314577777
2097;10304992000;9814577777;10314577777
2098;10304993000;9814577777;10314577777
2099;10304994000;9814577777;10314577777
2100;10305200000;9814622222;10314622222
2101;10305206000;9814922222;10314922222
2102;10305208000;9814922222;10314922222
2103;10305209000;9814922222;10314922222
2104;10346686000;9856277777;10356277777
2105;10346689000;9856277777;10356277777
2106;10346690000;9856277777;10356277777
2107;10346691000;9856277777;10356277777
2108;10346692000;9856277777;10356277777
2109;10346693000;9856277777;10356277777
2110;10346694000;9856277777;10356277777
2111;10346893000;9856322222;10356322222
2112;10346899000;9856622222;10356622222
2113;10346900000;9856622222;10356622222
2114;10346901000;9856622222;10356622222
2115;10388326000;9897911111;10397911111
2116;10388330000;9897911111;10397911111
2117;10388331000;9897911111;10397911111
2118;10388332000;9897911111;10397911111
2119;10388333000;9897911111;10397911111
2120;10388334000;9897911111;10397911111
2121;10388335000;9897911111;10397911111
2122;10388533000;9897955555;10397955555
2123;10388549000;9898277777;10398277777
2124;10388550000;9898277777;10398277777
2125;10388551000;9898277777;10398277777
2126;10429996000;9939588888;10439588888
2127;10430000000;9939588888;10439588888
2128;10430001000;9939588888;10439588888
2129;10430002000;9939588888;10439588888
2130;10430003000;9939588888;10439588888
2131;10430004000;9939588888;10439588888
2132;10430005000;9939588888;10439588888
2133;10430218000;9939633333;10439633333
2134;10430234000;9939966666;10439966666
2135;10430235000;9939966666;10439966666
2136;10430236000;9939966666;10439966666
2137;10471707000;9981277777;10481277777
2138;10471710000;9981277777;10481277777
2139;10471711000;9981277777;10481277777
2140;10471713000;9981277777;10481277777
2141;10471714000;9981277777;10481277777
2142;10471714000;9981277777;10481277777
2143;10471715000;9981277777;10481277777
2144;10471914000;9981322222;10481322222
2145;10471920000;9981622222;10481622222
2146;10471921000;9981622222;10481622222
2147;10471922000;9981622222;10481622222
2148;10513317000;10022911111;10522911111
2149;10513320000;10022911111;10522911111
2150;10513328000;10022911111;10522911111
2151;10513329000;10022911111;10522911111
2152;10513331000;10022911111;10522911111
2153;10513332000;10022911111;10522911111
2154;10513333000;10022911111;10522911111
2155;10513532000;10022955555;10522955555
2156;10513538000;10023300000;10523300000
2157;10513540000;10023300000;10523300000
2158;10513541000;10023300000;10523300000
2159;10555017000;10064611111;10564611111
2160;10555021000;10064611111;10564611111
2161;10555022000;10064611111;10564611111
2162;10555023000;10064611111;10564611111
2163;10555024000;10064611111;10564611111
2164;10555025000;10064611111;10564611111
2165;10555026000;10064611111;10564611111
2166;10555230000;10064655555;10564655555
2167;10555237000;10064977777;10564977777
2168;10555238000;10064977777;10564977777
2169;10555239000;10064977777;10564977777
2170;10596614000;10106277777;10606277777
2171;10596618000;10106277777;10606277777
2172;10596619000;10106277777;10606277777
2173;10596620000;10106277777;10606277777
2174;10596621000;10106277777;10606277777
2175;10596621000;10106277777;10606277777
2176;10596622000;10106277777;10606277777
2177;10596839000;10106311111;10606311111
2178;10596854000;10106622222;10606622222
2179;10596855000;10106622222;10606622222
2180;10596856000;10106622222;10606622222
2181;10638343000;10147955555;10647955555
2182;10638347000;10147955555;10647955555
2183;10638348000;10147955555;10647955555
2184;10638349000;10147955555;10647955555
2185;10638350000;10147955555;10647955555
2186;10638351000;10147955555;10647955555
2187;10638352000;10147955555;10647955555
2188;10638512000;10148000000;10648000000
2189;10638518000;10148333333;10648333333
2190;10638520000;10148333333;10648333333
2191;10638521000;10148333333;10648333333
2192;10680049000;10189611111;10689611111
2193;10680053000;10189611111;10689611111
2194;10680054000;10189611111;10689611111
2195;10680055000;10189611111;10689611111
2196;10680056000;10189611111;10689611111
2197;10680057000;10189611111;10689611111
2198;10680058000;10189611111;10689611111
2199;10680257000;10189644444;10689644444
2200;10680272000;10189966666;10689966666
2201;10680273000;10189966666;10689966666
2202;10680274000;10189966666;10689966666
2203;10721707000;10231277777;10731277777
2204;10721711000;10231277777;10731277777
2205;10721712000;10231277777;10731277777
2206;10721713000;10231277777;10731277777
2207;10721714000;10231277777;10731277777
2208;10721715000;10231277777;10731277777
2209;10721716000;10231277777;10731277777
2210;10721916000;10231322222;10731322222
2211;10721931000;10231622222;10731622222
2212;10721933000;10231622222;10731622222
2213;10721933000;10231622222;10731622222
2214;10763340000;10272911111;10772911111
2215;10763344000;10272911111;10772911111
2216;10763345000;10272911111;10772911111
2217;10763346000;10272911111;10772911111
2218;10763347000;10272911111;10772911111
2219;10763348000;10272911111;10772911111
2220;10763349000;10272911111;10772911111
2221;10763548000;10272955555;10772955555
2222;10763554000;10273277777;10773277777
2223;10763556000;10273277777;10773277777
2224;10763557000;10273277777;10773277777
2225;10804984000;10314577777;10814577777
2226;10804987000;10314577777;10814577777
2227;10804988000;10314577777;10814577777
2228;10804989000;10314577777;10814577777
2229;10804990000;10314577777;10814577777
2230;10804991000;10314577777;10814577777
2231;10804992000;10314577777;10814577777
2232;10805213000;10314622222;10814622222
2233;10805220000;10314944444;10814944444
2234;10805221000;10314944444;10814944444
2235;10805222000;10314944444;10814944444
2236;10846694000;10356288888;10856288888
2237;10846698000;10356288888;10856288888
2238;10846699000;10356288888;10856288888
2239;10846700000;10356288888;10856288888
2240;10846701000;10356288888;10856288888
2241;10846701000;10356288888;10856288888
2242;10846703000;10356288888;10856288888
2243;10846901000;10356344444;10856344444
2244;10846907000;10356655555;10856655555
2245;10846908000;10356655555;10856655555
2246;10846909000;10356655555;10856655555
2247;10888328000;10397922222;10897922222
2248;10888331000;10397922222;10897922222
2249;10888332000;10397922222;10897922222
2250;10888340000;10397922222;10897922222
2251;10888341000;10397922222;10897922222
2252;10888342000;10397922222;10897922222
2253;10888343000;10397922222;10897922222
2254;10888542000;10397966666;10897966666
2255;10888549000;10398311111;10898311111
2256;10888550000;10398311111;10898311111
2257;10888551000;10398311111;10898311111
2258;10929984000;10439577777;10939577777
2259;10929988000;10439577777;10939577777
2260;10929989000;10439577777;10939577777
2261;10929990000;10439577777;10939577777
2262;10929991000;10439577777;10939577777
2263;10929992000;10439577777;10939577777
2264;10929993000;10439577777;10939577777
2265;10930198000;10439622222;10939622222
2266;10930204000;10439966666;10939966666
2267;10930206000;10439966666;10939966666
2268;10930207000;10439966666;10939966666
2269;10971608000;10481277777;10981277777
2270;10971611000;10481277777;10981277777
2271;10971612000;10481277777;10981277777
2272;10971613000;10481277777;10981277777
2273;10971614000;10481277777;10981277777
2274;10971615000;10481277777;10981277777
2275;10971616000;10481277777;10981277777
2276;10971815000;10481311111;10981311111
2277;10971821000;10481633333;10981633333
2278;10971823000;10481633333;10981633333
2279;10971823000;10481633333;10981633333
2280;11013383000;10522944444;11022944444
2281;11013387000;10522944444;11022944444
2282;11013388000;10522944444;11022944444
2283;11013389000;10522944444;11022944444
2284;11013390000;10522944444;11022944444
2285;11013391000;10522944444;11022944444
2286;11013392000;10522944444;11022944444
2287;11013592000;10522988888;11022988888
2288;11013598000;10523344444;11023344444
2289;11013599000;10523344444;11023344444
2290;11013601000;10523344444;11023344444
2291;11054953000;10564622222;11064622222
2292;11054956000;10564622222;11064622222
2293;11054957000;10564622222;11064622222
2294;11054958000;10564622222;11064622222
2295;11054959000;10564622222;11064622222
2296;11054960000;10564622222;11064622222
2297;11054961000;10564622222;11064622222
2298;11055176000;10564666666;11064666666
2299;11055182000;10564977777;11064977777
2300;11055183000;10564977777;11064977777
2301;11055184000;10564977777;11064977777
2302;11096691000;10606277777;11106277777
2303;11096694000;10606277777;11106277777
2304;11096695000;10606277777;11106277777
2305;11096696000;10606277777;11106277777
2306;11096697000;10606277777;11106277777
2307;11096698000;10606277777;11106277777
2308;11096699000;10606277777;11106277777
2309;11096837000;10606322222;11106322222
2310;11096839000;10606611111;11106611111
2311;11096840000;10606611111;11106611111
2312;11096841000;10606611111;11106611111
2313;11138357000;10647944444;11147944444
2314;11138361000;10647944444;11147944444
2315;11138362000;10647944444;11147944444
2316;11138363000;10647944444;11147944444
2317;11138363000;10647944444;11147944444
2318;11138364000;10647944444;11147944444
2319;11138365000;10647944444;11147944444
2320;11138563000;10647988888;11147988888
2321;11138578000;10648311111;11148311111
2322;11138579000;10648311111;11148311111
2323;11138580000;10648311111;11148311111
2324;11179972000;10689611111;11189611111
2325;11179975000;10689611111;11189611111
2326;11179977000;10689611111;11189611111
2327;11179978000;10689611111;11189611111
2328;11179979000;10689611111;11189611111
2329;11179979000;10689611111;11189611111
2330;11179980000;10689611111;11189611111
2331;11180202000;10689655555;11189655555
2332;11180217000;10689988888;11189988888
2333;11180218000;10689988888;11189988888
2334;11180219000;10689988888;11189988888
2335;11221706000;10731277777;11231277777
2336;11221709000;10731277777;11231277777
2337;11221710000;10731277777;11231277777
2338;11221712000;10731277777;11231277777
2339;11221713000;10731277777;11231277777
2340;11221714000;10731277777;11231277777
2341;11221715000;10731277777;11231277777
2342;11221955000;10731322222;11231322222
2343;11221970000;10731622222;11231622222
2344;11221971000;10731622222;11231622222
2345;11221972000;10731622222;11231622222
2346;11263351000;10772922222;11272922222
2347;11263354000;10772922222;11272922222
2348;11263355000;10772922222;11272922222
2349;11263356000;10772922222;11272922222
2350;11263364000;10772922222;11272922222
2351;11263365000;10772922222;11272922222
2352;11263366000;10772922222;11272922222
2353;11263565000;10772977777;11272977777
2354;11263571000;10773311111;11273311111
2355;11263572000;10773311111;11273311111
2356;11263573000;10773311111;11273311111
2357;11304918000;10814588888;11314588888
2358;11304921000;10814588888;11314588888
2359;11304922000;10814588888;11314588888
2360;11304923000;10814588888;11314588888
2361;11304924000;10814588888;11314588888
2362;11304925000;10814588888;11314588888
2363;11304926000;10814588888;11314588888
2364;11305149000;10814633333;11314633333
2365;11305155000;10814977777;11314977777
2366;11305156000;10814977777;11314977777
2367;11305157000;10814977777;11314977777
2368;11346580000;10856277777;11356277777
2369;11346583000;10856277777;11356277777
2370;11346584000;10856277777;11356277777
2371;11346585000;10856277777;11356277777
2372;11346586000;10856277777;11356277777
2373;11346587000;10856277777;11356277777
2374;11346588000;10856277777;11356277777
2375;11346787000;10856322222;11356322222
2376;11346793000;10856622222;11356622222
2377;11346794000;10856622222;11356622222
2378;11346795000;10856622222;11356622222
2379;11388338000;10897911111;11397911111
2380;11388342000;10897911111;11397911111
2381;11388343000;10897911111;11397911111
2382;11388344000;10897911111;11397911111
2383;11388345000;10897911111;11397911111
2384;11388346000;10897911111;11397911111
2385;11388347000;10897911111;11397911111
2386;11388534000;10897955555;11397955555
2387;11388550000;10898266666;11398266666
2388;11388551000;10898266666;11398266666
2389;11388552000;10898266666;11398266666
2390;11429929000;10939577777;11439577777
2391;11429932000;10939577777;11439577777
2392;11429934000;10939577777;11439577777
2393;11429935000;10939577777;11439577777
2394;11429936000;10939577777;11439577777
2395;11429936000;10939577777;11439577777
2396;11429937000;10939577777;11439577777
2397;11430143000;10939622222;11439622222
2398;11430159000;10939944444;11439944444
2399;11430160000;10939944444;11439944444
2400;11430161000;10939944444;11439944444
2401;11471630000;10981277777;11481277777
2402;11471633000;10981277777;11481277777
2403;11471634000;10981277777;11481277777
2404;11471635000;10981277777;11481277777
2405;11471636000;10981277777;11481277777
2406;11471637000;10981277777;11481277777
2407;11471638000;10981277777;11481277777
2408;11471853000;10981322222;11481322222
2409;11471859000;10981611111;11481611111
2410;11471860000;10981611111;11481611111
2411;11471861000;10981611111;11481611111
2412;11513316000;11022911111;11522911111
2413;11513319000;11022911111;11522911111
2414;11513320000;11022911111;11522911111
2415;11513321000;11022911111;11522911111
2416;11513322000;11022911111;11522911111
2417;11513323000;11022911111;11522911111
2418;11513324000;11022911111;11522911111
2419;11513523000;11022955555;11522955555
2420;11513529000;11023288888;11523288888
2421;11513531000;11023288888;11523288888
2422;11513532000;11023288888;11523288888
2423;11555016000;11064611111;11564611111
2424;11555019000;11064611111;11564611111
2425;11555020000;11064611111;11564611111
2426;11555021000;11064611111;11564611111
2427;11555022000;11064611111;11564611111
2428;11555023000;11064611111;11564611111
2429;11555024000;11064611111;11564611111
2430;11555222000;11064655555;11564655555
2431;11555228000;11064966666;11564966666
2432;11555230000;11064966666;11564966666
2433;11555231000;11064966666;11564966666
2434;11596556000;11106277777;11606277777
2435;11596559000;11106277777;11606277777
2436;11596560000;11106277777;11606277777
2437;11596561000;11106277777;11606277777
2438;11596562000;11106277777;11606277777
2439;11596563000;11106277777;11606277777
2440;11596564000;11106277777;11606277777
2441;11596763000;11106322222;11606322222
2442;11596769000;11106622222;11606622222
2443;11596770000;11106622222;11606622222
2444;11596771000;11106622222;11606622222
2445;11638350000;11147944444;11647944444
2446;11638354000;11147944444;11647944444
2447;11638355000;11147944444;11647944444
2448;11638356000;11147944444;11647944444
2449;11638357000;11147944444;11647944444
2450;11638365000;11147944444;11647944444
2451;11638366000;11147944444;11647944444
2452;11638565000;11147988888;11647988888
2453;11638571000;11148311111;11648311111
2454;11638572000;11148311111;11648311111
2455;11638573000;11148311111;11648311111
2456;11679981000;11189611111;11689611111
2457;11679985000;11189611111;11689611111
2458;11679986000;11189611111;11689611111
2459;11679987000;11189611111;11689611111
2460;11679988000;11189611111;11689611111
2461;11679989000;11189611111;11689611111
2462;11679990000;11189611111;11689611111
2463;11680178000;11189655555;11689655555
2464;11680193000;11189977777;11689977777
2465;11680195000;11189977777;11689977777
2466;11680196000;11189977777;11689977777
2467;11721705000;11231277777;11731277777
2468;11721709000;11231277777;11731277777
2469;11721710000;11231277777;11731277777
2470;11721711000;11231277777;11731277777
2471;11721712000;11231277777;11731277777
2472;11721713000;11231277777;11731277777
2473;11721714000;11231277777;11731277777
2474;11721913000;11231322222;11731322222
2475;11721928000;11231611111;11731611111
2476;11721929000;11231611111;11731611111
2477;11721930000;11231611111;11731611111
2478;11763371000;11272944444;11772944444
2479;11763375000;11272944444;11772944444
2480;11763376000;11272944444;11772944444
2481;11763377000;11272944444;11772944444
2482;11763378000;11272944444;11772944444
2483;11763379000;11272944444;11772944444
2484;11763380000;11272944444;11772944444
2485;11763579000;11272988888;11772988888
2486;11763585000;11273300000;11773300000
2487;11763586000;11273300000;11773300000
2488;11763587000;11273300000;11773300000
2489;11804891000;11314577777;11814577777
2490;11804894000;11314577777;11814577777
2491;11804895000;11314577777;11814577777
2492;11804896000;11314577777;11814577777
2493;11804897000;11314577777;11814577777
2494;11804899000;11314577777;11814577777
2495;11804899000;11314577777;11814577777
2496;11805106000;11314622222;11814622222
2497;11805112000;11314933333;11814933333
2498;11805113000;11314933333;11814933333
2499;11805114000;11314933333;11814933333
2500;11846683000;11356277777;11856277777
2501;11846686000;11356277777;11856277777
2502;11846687000;11356277777;11856277777
2503;11846688000;11356277777;11856277777
2504;11846689000;11356277777;11856277777
2505;11846690000;11356277777;11856277777
2506;11846691000;11356277777;11856277777
2507;11846828000;11356322222;11856322222
2508;11846831000;11356622222;11856622222
2509;11846832000;11356622222;11856622222
2510;11846833000;11356622222;11856622222
2511;11888382000;11397977777;11897977777
2512;11888386000;11397977777;11897977777
2513;11888387000;11397977777;11897977777
2514;11888387000;11397977777;11897977777
2515;11888389000;11397977777;11897977777
2516;11888390000;11397977777;11897977777
2517;11888390000;11397977777;11897977777
2518;11888610000;11398022222;11898022222
2519;11888616000;11398322222;11898322222
2520;11888617000;11398322222;11898322222
2521;11888618000;11398322222;11898322222
2522;11929940000;11439611111;11939611111
2523;11929943000;11439611111;11939611111
2524;11929945000;11439611111;11939611111
2525;11929945000;11439611111;11939611111
2526;11929947000;11439611111;11939611111
2527;11929947000;11439611111;11939611111
2528;11929948000;11439611111;11939611111
2529;11930155000;11439655555;11939655555
2530;11930162000;11439977777;11939977777
2531;11930163000;11439977777;11939977777
2532;11930164000;11439977777;11939977777
2533;11971607000;11481277777;11981277777
2534;11971610000;11481277777;11981277777
2535;11971611000;11481277777;11981277777
2536;11971612000;11481277777;11981277777
2537;11971613000;11481277777;11981277777
2538;11971614000;11481277777;11981277777
2539;11971615000;11481277777;11981277777
2540;11971813000;11481322222;11981322222
2541;11971819000;11481633333;11981633333
2542;11971820000;11481633333;11981633333
2543;11971821000;11481633333;11981633333
2544;12013315000;11522911111;12022911111
2545;12013319000;11522911111;12022911111
2546;12013320000;11522911111;12022911111
2547;12013321000;11522911111;12022911111
2548;12013322000;11522911111;12022911111
2549;12013323000;11522911111;12022911111
2550;12013331000;11522911111;12022911111
2551;12013528000;11522955555;12022955555
2552;12013535000;11523300000;12023300000
2553;12013536000;11523300000;12023300000
2554;12013537000;11523300000;12023300000
2555;12054999000;11564611111;12064611111
2556;12055002000;11564611111;12064611111
2557;12055003000;11564611111;12064611111
2558;12055004000;11564611111;12064611111
2559;12055005000;11564611111;12064611111
2560;12055007000;11564611111;12064611111
2561;12055008000;11564611111;12064611111
2562;12055207000;11564644444;12064644444
2563;12055214000;11564944444;12064944444
2564;12055215000;11564944444;12064944444
2565;12055216000;11564944444;12064944444
2566;12096674000;11606277777;12106277777
2567;12096678000;11606277777;12106277777
2568;12096679000;11606277777;12106277777
2569;12096680000;11606277777;12106277777
2570;12096681000;11606277777;12106277777
2571;12096682000;11606277777;12106277777
2572;12096683000;11606277777;12106277777
2573;12096837000;11606344444;12106344444
2574;12096843000;11606644444;12106644444
2575;12096844000;11606644444;12106644444
2576;12096845000;11606644444;12106644444
2577;12138236000;11647911111;12147911111
2578;12138239000;11647911111;12147911111
2579;12138240000;11647911111;12147911111
2580;12138241000;11647911111;12147911111
2581;12138242000;11647911111;12147911111
2582;12138243000;11647911111;12147911111
2583;12138244000;11647911111;12147911111
2584;12138458000;11647955555;12147955555
2585;12138464000;11648277777;12148277777
2586;12138466000;11648277777;12148277777
2587;12138466000;11648277777;12148277777
2588;12179931000;11689611111;12189611111
2589;12179935000;11689611111;12189611111
2590;12179936000;11689611111;12189611111
2591;12179937000;11689611111;12189611111
2592;12179938000;11689611111;12189611111
2593;12179939000;11689611111;12189611111
2594;12179940000;11689611111;12189611111
2595;12180096000;11689655555;12189655555
2596;12180102000;11689988888;12189988888
2597;12180103000;11689988888;12189988888
2598;12180104000;11689988888;12189988888
2599;12221686000;11731266666;12231266666
2600;12221690000;11731266666;12231266666
2601;12221691000;11731266666;12231266666
2602;12221692000;11731266666;12231266666
2603;12221693000;11731266666;12231266666
2604;12221694000;11731266666;12231266666
2605;12221695000;11731266666;12231266666
2606;12221893000;11731322222;12231322222
2607;12221908000;11731622222;12231622222
2608;12221909000;11731622222;12231622222
2609;12221910000;11731622222;12231622222
2610;12263339000;11772911111;12272911111
2611;12263342000;11772911111;12272911111
2612;12263343000;11772911111;12272911111
2613;12263344000;11772911111;12272911111
2614;12263345000;11772911111;12272911111
2615;12263346000;11772911111;12272911111
2616;12263347000;11772911111;12272911111
2617;12263547000;11772955555;12272955555
2618;12263553000;11773288888;12273288888
2619;12263555000;11773288888;12273288888
2620;12263556000;11773288888;12273288888
2621;12304962000;11814600000;12314600000
2622;12304966000;11814600000;12314600000
2623;12304967000;11814600000;12314600000
2624;12304968000;11814600000;12314600000
2625;12304969000;11814600000;12314600000
2626;12304970000;11814600000;12314600000
2627;12304971000;11814600000;12314600000
2628;12305109000;11814655555;12314655555
2629;12305126000;11814977777;12314977777
2630;12305127000;11814977777;12314977777
2631;12305128000;11814977777;12314977777
2632;12346704000;11856277777;12356277777
2633;12346707000;11856277777;12356277777
2634;12346708000;11856277777;12356277777
2635;12346709000;11856277777;12356277777
2636;12346710000;11856277777;12356277777
2637;12346711000;11856277777;12356277777
2638;12346712000;11856277777;12356277777
2639;12346910000;11856322222;12356322222
2640;12346916000;11856600000;12356600000
2641;12346918000;11856600000;12356600000
2642;12346919000;11856600000;12356600000
2643;12388306000;11897911111;12397911111
2644;12388310000;11897911111;12397911111
2645;12388311000;11897911111;12397911111
2646;12388312000;11897911111;12397911111
2647;12388313000;11897911111;12397911111
2648;12388314000;11897911111;12397911111
2649;12388315000;11897911111;12397911111
2650;12388440000;11897955555;12397955555
2651;12388444000;11898244444;12398244444
2652;12388445000;11898244444;12398244444
2653;12388446000;11898244444;12398244444
2654;12429864000;11939577777;12439577777
2655;12429867000;11939577777;12439577777
2656;12429868000;11939577777;12439577777
2657;12429869000;11939577777;12439577777
2658;12429870000;11939577777;12439577777
2659;12429871000;11939577777;12439577777
2660;12429872000;11939577777;12439577777
2661;12430079000;11939622222;12439622222
2662;12430095000;11939933333;12439933333
2663;12430096000;11939933333;12439933333
2664;12430097000;11939933333;12439933333
2665;12471683000;11981277777;12481277777
2666;12471686000;11981277777;12481277777
2667;12471687000;11981277777;12481277777
2668;12471689000;11981277777;12481277777
2669;12471690000;11981277777;12481277777
2670;12471691000;11981277777;12481277777
2671;12471692000;11981277777;12481277777
2672;12471898000;11981322222;12481322222
2673;12471913000;11981588888;12481588888
2674;12471915000;11981588888;12481588888
2675;12471916000;11981588888;12481588888
2676;12513333000;12022922222;12522922222
2677;12513337000;12022922222;12522922222
2678;12513338000;12022922222;12522922222
2679;12513339000;12022922222;12522922222
2680;12513340000;12022922222;12522922222
2681;12513341000;12022922222;12522922222
2682;12513342000;12022922222;12522922222
2683;12513541000;12022966666;12522966666
2684;12513548000;12023300000;12523300000
2685;12513549000;12023300000;12523300000
2686;12513550000;12023300000;12523300000
2687;12554890000;12064611111;12564611111
2688;12554894000;12064611111;12564611111
2689;12554895000;12064611111;12564611111
2690;12554896000;12064611111;12564611111
2691;12554897000;12064611111;12564611111
2692;12554898000;12064611111;12564611111
2693;12554899000;12064611111;12564611111
2694;12555103000;12064655555;12564655555
2695;12555119000;12064955555;12564955555
2696;12555121000;12064955555;12564955555
2697;12555122000;12064955555;12564955555
2698;12596684000;12106277777;12606277777
2699;12596688000;12106277777;12606277777
2700;12596689000;12106277777;12606277777
2701;12596690000;12106277777;12606277777
2702;12596691000;12106277777;12606277777
2703;12596691000;12106277777;12606277777
2704;12596693000;12106277777;12606277777
2705;12596892000;12106322222;12606322222
2706;12596898000;12106600000;12606600000
2707;12596899000;12106600000;12606600000
2708;12596900000;12106600000;12606600000
2709;12638315000;12147911111;12647911111
2710;12638319000;12147911111;12647911111
2711;12638320000;12147911111;12647911111
2712;12638321000;12147911111;12647911111
2713;12638322000;12147911111;12647911111
2714;12638323000;12147911111;12647911111
2715;12638324000;12147911111;12647911111
2716;12638524000;12147955555;12647955555
2717;12638531000;12148266666;12648266666
2718;12638532000;12148266666;12648266666
2719;12638533000;12148266666;12648266666
2720;12679947000;12189611111;12689611111
2721;12679950000;12189611111;12689611111
2722;12679951000;12189611111;12689611111
2723;12679952000;12189611111;12689611111
2724;12679953000;12189611111;12689611111
2725;12679954000;12189611111;12689611111
2726;12679955000;12189611111;12689611111
2727;12680160000;12189655555;12689655555
2728;12680176000;12189955555;12689955555
2729;12680177000;12189955555;12689955555
2730;12680178000;12189955555;12689955555
2731;12721709000;12231277777;12731277777
2732;12721713000;12231277777;12731277777
2733;12721714000;12231277777;12731277777
2734;12721715000;12231277777;12731277777
2735;12721716000;12231277777;12731277777
2736;12721717000;12231277777;12731277777
2737;12721718000;12231277777;12731277777
2738;12721916000;12231322222;12731322222
2739;12721932000;12231600000;12731600000
2740;12721933000;12231600000;12731600000
2741;12721934000;12231600000;12731600000
2742;12763323000;12272911111;12772911111
2743;12763326000;12272911111;12772911111
2744;12763327000;12272911111;12772911111
2745;12763328000;12272911111;12772911111
2746;12763329000;12272911111;12772911111
2747;12763330000;12272911111;12772911111
2748;12763331000;12272911111;12772911111
2749;12763468000;12272955555;12772955555
2750;12763478000;12273255555;12773255555
2751;12763479000;12273255555;12773255555
2752;12763480000;12273255555;12773255555
2753;12804915000;12314577777;12814577777
2754;12804918000;12314577777;12814577777
2755;12804920000;12314577777;12814577777
2756;12804920000;12314577777;12814577777
2757;12804921000;12314577777;12814577777
2758;12804923000;12314577777;12814577777
2759;12804924000;12314577777;12814577777
2760;12805145000;12314633333;12814633333
2761;12805151000;12314911111;12814911111
2762;12805152000;12314911111;12814911111
2763;12805153000;12314911111;12814911111
2764;12846620000;12356277777;12856277777
2765;12846623000;12356277777;12856277777
2766;12846634000;12356277777;12856277777
2767;12846635000;12356277777;12856277777
2768;12846636000;12356277777;12856277777
2769;12846637000;12356277777;12856277777
2770;12846638000;12356277777;12856277777
2771;12846851000;12356322222;12856322222
2772;12846857000;12356600000;12856600000
2773;12846858000;12356600000;12856600000
2774;12846859000;12356600000;12856600000
2775;12888350000;12397944444;12897944444
2776;12888354000;12397944444;12897944444
2777;12888355000;12397944444;12897944444
2778;12888356000;12397944444;12897944444
2779;12888357000;12397944444;12897944444
2780;12888358000;12397944444;12897944444
2781;12888359000;12397944444;12897944444
2782;12888529000;12397988888;12897988888
2783;12888533000;12398277777;12898277777
2784;12888534000;12398277777;12898277777
2785;12888535000;12398277777;12898277777
2786;12929889000;12439577777;12939577777
2787;12929893000;12439577777;12939577777
2788;12929894000;12439577777;12939577777
2789;12929895000;12439577777;12939577777
2790;12929896000;12439577777;12939577777
2791;12929897000;12439577777;12939577777
2792;12929898000;12439577777;12939577777
2793;12930104000;12439622222;12939622222
2794;12930111000;12439933333;12939933333
2795;12930112000;12439933333;12939933333
2796;12930113000;12439933333;12939933333
2797;12971685000;12481277777;12981277777
2798;12971688000;12481277777;12981277777
2799;12971689000;12481277777;12981277777
2800;12971690000;12481277777;12981277777
2801;12971692000;12481277777;12981277777
2802;12971693000;12481277777;12981277777
2803;12971694000;12481277777;12981277777
2804;12971892000;12481322222;12981322222
2805;12971898000;12481622222;12981622222
2806;12971900000;12481622222;12981622222
2807;12971901000;12481622222;12981622222
2808;13013253000;12522911111;13022911111
2809;13013266000;12522911111;13022911111
2810;13013267000;12522911111;13022911111
2811;13013268000;12522911111;13022911111
2812;13013269000;12522911111;13022911111
2813;13013270000;12522911111;13022911111
2814;13013271000;12522911111;13022911111
2815;13013406000;12522966666;13022966666
2816;13013408000;12523300000;13023300000
2817;13013409000;12523300000;13023300000
2818;13013410000;12523300000;13023300000
2819;13054943000;12564611111;13064611111
2820;13054947000;12564611111;13064611111
2821;13054948000;12564611111;13064611111
2822;13054949000;12564611111;13064611111
2823;13054950000;12564611111;13064611111
2824;13054951000;12564611111;13064611111
2825;13054952000;12564611111;13064611111
2826;13055157000;12564655555;13064655555
2827;13055163000;12564944444;13064944444
2828;13055164000;12564944444;13064944444
2829;13055165000;12564944444;13064944444
2830;13096677000;12606277777;13106277777
2831;13096681000;12606277777;13106277777
2832;13096682000;12606277777;13106277777
2833;13096683000;12606277777;13106277777
2834;13096684000;12606277777;13106277777
2835;13096685000;12606277777;13106277777
2836;13096686000;12606277777;13106277777
2837;13096840000;12606322222;13106322222
2838;13096846000;12606588888;13106588888
2839;13096847000;12606588888;13106588888
2840;13096848000;12606588888;13106588888
2841;13138234000;12647911111;13147911111
2842;13138238000;12647911111;13147911111
2843;13138239000;12647911111;13147911111
2844;13138240000;12647911111;13147911111
2845;13138241000;12647911111;13147911111
2846;13138242000;12647911111;13147911111
2847;13138243000;12647911111;13147911111
2848;13138397000;12647955555;13147955555
2849;13138403000;12648255555;13148255555
2850;13138413000;12648255555;13148255555
2851;13138414000;12648255555;13148255555
2852;13179933000;12689611111;13189611111
2853;13179936000;12689611111;13189611111
2854;13179938000;12689611111;13189611111
2855;13179939000;12689611111;13189611111
2856;13179940000;12689611111;13189611111
2857;13179941000;12689611111;13189611111
2858;13179942000;12689611111;13189611111
2859;13180103000;12689655555;13189655555
2860;13180110000;12689966666;13189966666
2861;13180111000;12689966666;13189966666
2862;13180112000;12689966666;13189966666
2863;13221703000;12731277777;13231277777
2864;13221706000;12731277777;13231277777
2865;13221707000;12731277777;13231277777
2866;13221709000;12731277777;13231277777
2867;13221709000;12731277777;13231277777
2868;13221711000;12731277777;13231277777
2869;13221711000;12731277777;13231277777
2870;13221951000;12731322222;13231322222
2871;13221957000;12731611111;13231611111
2872;13221958000;12731611111;13231611111
2873;13221959000;12731611111;13231611111
2874;13263233000;12772911111;13272911111
2875;13263237000;12772911111;13272911111
2876;13263238000;12772911111;13272911111
2877;13263239000;12772911111;13272911111
2878;13263240000;12772911111;13272911111
2879;13263241000;12772911111;13272911111
2880;13263242000;12772911111;13272911111
2881;13263395000;12772955555;13272955555
2882;13263401000;12773277777;13273277777
2883;13263403000;12773277777;13273277777
2884;13263404000;12773277777;13273277777
2885;13304924000;12814588888;13314588888
2886;13304928000;12814588888;13314588888
2887;13304929000;12814588888;13314588888
2888;13304930000;12814588888;13314588888
2889;13304931000;12814588888;13314588888
2890;13304932000;12814588888;13314588888
2891;13304933000;12814588888;13314588888
2892;13305081000;12814633333;13314633333
2893;13305086000;12814955555;13314955555
2894;13305087000;12814955555;13314955555
2895;13305088000;12814955555;13314955555
2896;13346597000;12856277777;13356277777
2897;13346601000;12856277777;13356277777
2898;13346602000;12856277777;13356277777
2899;13346603000;12856277777;13356277777
2900;13346604000;12856277777;13356277777
2901;13346605000;12856277777;13356277777
2902;13346606000;12856277777;13356277777
2903;13346734000;12856322222;13356322222
2904;13346737000;12856588888;13356588888
2905;13346738000;12856588888;13356588888
2906;13346739000;12856588888;13356588888
2907;13388316000;12897911111;13397911111
2908;13388319000;12897911111;13397911111
2909;13388321000;12897911111;13397911111
2910;13388322000;12897911111;13397911111
2911;13388323000;12897911111;13397911111
2912;13388324000;12897911111;13397911111
2913;13388325000;12897911111;13397911111
2914;13388460000;12897966666;13397966666
2915;13388463000;12898244444;13398244444
2916;13388464000;12898244444;13398244444
2917;13388465000;12898244444;13398244444
2918;13429906000;12939577777;13439577777
2919;13429910000;12939577777;13439577777
2920;13429911000;12939577777;13439577777
2921;13429912000;12939577777;13439577777
2922;13429913000;12939577777;13439577777
2923;13429914000;12939577777;13439577777
2924;13429915000;12939577777;13439577777
2925;13430110000;12939622222;13439622222
2926;13430114000;12939922222;13439922222
2927;13430115000;12939922222;13439922222
2928;13430116000;12939922222;13439922222
2929;13471699000;12981277777;13481277777
2930;13471712000;12981277777;13481277777
2931;13471713000;12981277777;13481277777
2932;13471715000;12981277777;13481277777
2933;13471716000;12981277777;13481277777
2934;13471717000;12981277777;13481277777
2935;13471718000;12981277777;13481277777
2936;13471930000;12981322222;13481322222
2937;13471933000;12981577777;13481577777
2938;13471934000;12981577777;13481577777
2939;13471935000;12981577777;13481577777
2940;13513275000;13022911111;13522911111
2941;13513279000;13022911111;13522911111
2942;13513280000;13022911111;13522911111
2943;13513281000;13022911111;13522911111
2944;13513291000;13022911111;13522911111
2945;13513292000;13022911111;13522911111
2946;13513293000;13022911111;13522911111
2947;13513429000;13022955555;13522955555
2948;13513431000;13023255555;13523255555
2949;13513432000;13023255555;13523255555
2950;13513440000;13023255555;13523255555
2951;13554940000;13064611111;13564611111
2952;13554943000;13064611111;13564611111
2953;13554944000;13064611111;13564611111
2954;13554945000;13064611111;13564611111
2955;13554946000;13064611111;13564611111
2956;13554948000;13064611111;13564611111
2957;13554949000;13064611111;13564611111
2958;13555166000;13064655555;13564655555
2959;13555170000;13064944444;13564944444
2960;13555171000;13064944444;13564944444
2961;13555172000;13064944444;13564944444
2962;13596688000;13106277777;13606277777
2963;13596692000;13106277777;13606277777
2964;13596693000;13106277777;13606277777
2965;13596694000;13106277777;13606277777
2966;13596695000;13106277777;13606277777
2967;13596696000;13106277777;13606277777
2968;13596697000;13106277777;13606277777
2969;13596895000;13106322222;13606322222
2970;13596901000;13106588888;13606588888
2971;13596902000;13106588888;13606588888
2972;13596903000;13106588888;13606588888
2973;13638326000;13147944444;13647944444
2974;13638329000;13147944444;13647944444
2975;13638330000;13147944444;13647944444
2976;13638331000;13147944444;13647944444
2977;13638332000;13147944444;13647944444
2978;13638333000;13147944444;13647944444
2979;13638334000;13147944444;13647944444
2980;13638472000;13147988888;13647988888
2981;13638475000;13148288888;13648288888
2982;13638476000;13148288888;13648288888
2983;13638477000;13148288888;13648288888
2984;13679985000;13189611111;13689611111
2985;13679988000;13189611111;13689611111
2986;13679990000;13189611111;13689611111
2987;13679991000;13189611111;13689611111
2988;13679992000;13189611111;13689611111
2989;13679993000;13189611111;13689611111
2990;13679994000;13189611111;13689611111
2991;13680181000;13189655555;13689655555
2992;13680197000;13189944444;13689944444
2993;13680198000;13189944444;13689944444
2994;13680199000;13189944444;13689944444
2995;13721705000;13231277777;13731277777
2996;13721709000;13231277777;13731277777
2997;13721710000;13231277777;13731277777
2998;13721711000;13231277777;13731277777
2999;13721712000;13231277777;13731277777
3000;13721713000;13231277777;13731277777
3001;13721714000;13231277777;13731277777
3002;13721931000;13231333333;13731333333
3003;13721934000;13231600000;13731600000
3004;13721935000;13231600000;13731600000
3005;13721936000;13231600000;13731600000
3006;13763278000;13272944444;13772944444
3007;13763281000;13272944444;13772944444
3008;13763282000;13272944444;13772944444
3009;13763284000;13272944444;13772944444
3010;13763285000;13272944444;13772944444
3011;13763286000;13272944444;13772944444
3012;13763287000;13272944444;13772944444
3013;13763461000;13272988888;13772988888
3014;13763464000;13273277777;13773277777
3015;13763465000;13273277777;13773277777
3016;13763466000;13273277777;13773277777
3017;13804939000;13314611111;13814611111
3018;13804943000;13314611111;13814611111
3019;13804944000;13314611111;13814611111
3020;13804945000;13314611111;13814611111
3021;13804946000;13314611111;13814611111
3022;13804947000;13314611111;13814611111
3023;13804948000;13314611111;13814611111
3024;13805167000;13314655555;13814655555
3025;13805170000;13314933333;13814933333
3026;13805171000;13314933333;13814933333
3027;13805172000;13314933333;13814933333
3028;13846682000;13356277777;13856277777
3029;13846686000;13356277777;13856277777
3030;13846687000;13356277777;13856277777
3031;13846688000;13356277777;13856277777
3032;13846688000;13356277777;13856277777
3033;13846689000;13356277777;13856277777
3034;13846690000;13356277777;13856277777
3035;13846905000;13356322222;13856322222
3036;13846909000;13356588888;13856588888
3037;13846910000;13356588888;13856588888
3038;13846911000;13356588888;13856588888
3039;13888288000;13397911111;13897911111
3040;13888292000;13397911111;13897911111
3041;13888293000;13397911111;13897911111
3042;13888294000;13397911111;13897911111
3043;13888295000;13397911111;13897911111
3044;13888296000;13397911111;13897911111
3045;13888297000;13397911111;13897911111
3046;13888432000;13397966666;13897966666
3047;13888434000;13398244444;13898244444
3048;13888435000;13398244444;13898244444
3049;13888436000;13398244444;13898244444
3050;13929916000;13439577777;13939577777
3051;13929920000;13439577777;13939577777
3052;13929921000;13439577777;13939577777
3053;13929922000;13439577777;13939577777
3054;13929923000;13439577777;13939577777
3055;13929924000;13439577777;13939577777
3056;13929925000;13439577777;13939577777
3057;13930146000;13439622222;13939622222
3058;13930161000;13439922222;13939922222
3059;13930162000;13439922222;13939922222
3060;13930163000;13439922222;13939922222
3061;13971694000;13481277777;13981277777
3062;13971697000;13481277777;13981277777
3063;13971698000;13481277777;13981277777
3064;13971700000;13481277777;13981277777
3065;13971701000;13481277777;13981277777
3066;13971701000;13481277777;13981277777
3067;13971702000;13481277777;13981277777
3068;13971872000;13481322222;13981322222
3069;13971877000;13481600000;13981600000
3070;13971878000;13481600000;13981600000
3071;13971879000;13481600000;13981600000
3072;14013203000;13522911111;14022911111
3073;14013206000;13522911111;14022911111
3074;14013207000;13522911111;14022911111
3075;14013208000;13522911111;14022911111
3076;14013209000;13522911111;14022911111
3077;14013210000;13522911111;14022911111
3078;14013211000;13522911111;14022911111
3079;14013409000;13522966666;14022966666
3080;14013415000;13523277777;14023277777
3081;14013416000;13523277777;14023277777
3082;14013417000;13523277777;14023277777
3083;14055051000;13564611111;14064611111
3084;14055054000;13564611111;14064611111
3085;14055055000;13564611111;14064611111
3086;14055056000;13564611111;14064611111
3087;14055057000;13564611111;14064611111
3088;14055059000;13564611111;14064611111
3089;14055060000;13564611111;14064611111
3090;14055197000;13564655555;14064655555
3091;14055200000;13564922222;14064922222
3092;14055201000;13564922222;14064922222
3093;14055202000;13564922222;14064922222
3094;14096633000;13606277777;14106277777
3095;14096636000;13606277777;14106277777
3096;14096637000;13606277777;14106277777
3097;14096638000;13606277777;14106277777
3098;14096640000;13606277777;14106277777
3099;14096640000;13606277777;14106277777
3100;14096641000;13606277777;14106277777
3101;14096857000;13606322222;14106322222
3102;14096872000;13606577777;14106577777
3103;14096873000;13606577777;14106577777
3104;14096874000;13606577777;14106577777
3105;14138375000;13647944444;14147944444
3106;14138379000;13647944444;14147944444
3107;14138380000;13647944444;14147944444
3108;14138381000;13647944444;14147944444
3109;14138382000;13647944444;14147944444
3110;14138383000;13647944444;14147944444
3111;14138384000;13647944444;14147944444
3112;14138583000;13647988888;14147988888
3113;14138589000;13648277777;14148277777
3114;14138590000;13648277777;14148277777
3115;14138591000;13648277777;14148277777
3116;14180036000;13689611111;14189611111
3117;14180039000;13689611111;14189611111
3118;14180040000;13689611111;14189611111
3119;14180042000;13689611111;14189611111
3120;14180050000;13689611111;14189611111
3121;14180051000;13689611111;14189611111
3122;14180052000;13689611111;14189611111
3123;14180250000;13689655555;14189655555
3124;14180257000;13689955555;14189955555
3125;14180258000;13689955555;14189955555
3126;14180259000;13689955555;14189955555
3127;14221702000;13731277777;14231277777
3128;14221705000;13731277777;14231277777
3129;14221706000;13731277777;14231277777
3130;14221707000;13731277777;14231277777
3131;14221708000;13731277777;14231277777
3132;14221709000;13731277777;14231277777
3133;14221710000;13731277777;14231277777
3134;14221909000;13731322222;14231322222
3135;14221925000;13731600000;14231600000
3136;14221926000;13731600000;14231600000
3137;14221927000;13731600000;14231600000
3138;14263338000;13772911111;14272911111
3139;14263342000;13772911111;14272911111
3140;14263343000;13772911111;14272911111
3141;14263344000;13772911111;14272911111
3142;14263345000;13772911111;14272911111
3143;14263346000;13772911111;14272911111
3144;14263347000;13772911111;14272911111
3145;14263483000;13772955555;14272955555
3146;14263485000;13773255555;14273255555
3147;14263486000;13773255555;14273255555
3148;14263487000;13773255555;14273255555
3149;14304915000;13814611111;14314611111
3150;14304918000;13814611111;14314611111
3151;14304919000;13814611111;14314611111
3152;14304920000;13814611111;14314611111
3153;14304922000;13814611111;14314611111
3154;14304923000;13814611111;14314611111
3155;14304924000;13814611111;14314611111
3156;14305102000;13814655555;14314655555
3157;14305105000;13814944444;14314944444
3158;14305106000;13814944444;14314944444
3159;14305108000;13814944444;14314944444
3160;14346584000;13856277777;14356277777
3161;14346588000;13856277777;14356277777
3162;14346589000;13856277777;14356277777
3163;14346590000;13856277777;14356277777
3164;14346591000;13856277777;14356277777
3165;14346592000;13856277777;14356277777
3166;14346593000;13856277777;14356277777
3167;14346805000;13856322222;14356322222
3168;14346809000;13856600000;14356600000
3169;14346810000;13856600000;14356600000
3170;14346811000;13856600000;14356600000
3171;14388239000;13897911111;14397911111
3172;14388243000;13897911111;14397911111
3173;14388244000;13897911111;14397911111
3174;14388245000;13897911111;14397911111
3175;14388246000;13897911111;14397911111
3176;14388247000;13897911111;14397911111
3177;14388248000;13897911111;14397911111
3178;14388383000;13897955555;14397955555
3179;14388386000;13898244444;14398244444
3180;14388387000;13898244444;14398244444
3181;14388388000;13898244444;14398244444
3182;14429931000;13939577777;14439577777
3183;14429934000;13939577777;14439577777
3184;14429936000;13939577777;14439577777
3185;14429937000;13939577777;14439577777
3186;14429938000;13939577777;14439577777
3187;14429939000;13939577777;14439577777
3188;14429940000;13939577777;14439577777
3189;14430159000;13939633333;14439633333
3190;14430162000;13939933333;14439933333
3191;14430163000;13939933333;14439933333
3192;14430164000;13939933333;14439933333
3193;14471712000;13981277777;14481277777
3194;14471716000;13981277777;14481277777
3195;14471717000;13981277777;14481277777
3196;14471718000;13981277777;14481277777
3197;14471719000;13981277777;14481277777
3198;14471720000;13981277777;14481277777
3199;14471721000;13981277777;14481277777
3200;14471933000;13981311111;14481311111
3201;14471936000;13981577777;14481577777
3202;14471938000;13981577777;14481577777
3203;14471939000;13981577777;14481577777
3204;14513372000;14022944444;14522944444
3205;14513375000;14022944444;14522944444
3206;14513377000;14022944444;14522944444
3207;14513378000;14022944444;14522944444
3208;14513379000;14022944444;14522944444
3209;14513380000;14022944444;14522944444
3210;14513381000;14022944444;14522944444
3211;14513593000;14022988888;14522988888
3212;14513596000;14023322222;14523322222
3213;14513597000;14023322222;14523322222
3214;14513599000;14023322222;14523322222
3215;14554941000;14064611111;14564611111
3216;14554945000;14064611111;14564611111
3217;14554946000;14064611111;14564611111
3218;14554947000;14064611111;14564611111
3219;14554948000;14064611111;14564611111
3220;14554949000;14064611111;14564611111
3221;14554950000;14064611111;14564611111
3222;14555178000;14064655555;14564655555
3223;14555181000;14064955555;14564955555
3224;14555182000;14064955555;14564955555
3225;14555183000;14064955555;14564955555
3226;14596694000;14106277777;14606277777
3227;14596698000;14106277777;14606277777
3228;14596699000;14106277777;14606277777
3229;14596700000;14106277777;14606277777
3230;14596701000;14106277777;14606277777
3231;14596702000;14106277777;14606277777
3232;14596703000;14106277777;14606277777
3233;14596903000;14106322222;14606322222
3234;14596918000;14106600000;14606600000
3235;14596920000;14106600000;14606600000
3236;14596920000;14106600000;14606600000
3237;14638376000;14147944444;14647944444
3238;14638380000;14147944444;14647944444
3239;14638381000;14147944444;14647944444
3240;14638382000;14147944444;14647944444
3241;14638383000;14147944444;14647944444
3242;14638384000;14147944444;14647944444
3243;14638385000;14147944444;14647944444
3244;14638584000;14147988888;14647988888
3245;14638599000;14148288888;14648288888
3246;14638600000;14148288888;14648288888
3247;14638601000;14148288888;14648288888
3248;14680027000;14189611111;14689611111
3249;14680037000;14189611111;14689611111
3250;14680038000;14189611111;14689611111
3251;14680039000;14189611111;14689611111
3252;14680040000;14189611111;14689611111
3253;14680042000;14189611111;14689611111
3254;14680049000;14189611111;14689611111
3255;14680249000;14189655555;14689655555
3256;14680264000;14189955555;14689955555
3257;14680265000;14189955555;14689955555
3258;14680266000;14189955555;14689955555
3259;14721710000;14231277777;14731277777
3260;14721713000;14231277777;14731277777
3261;14721714000;14231277777;14731277777
3262;14721716000;14231277777;14731277777
3263;14721717000;14231277777;14731277777
3264;14721718000;14231277777;14731277777
3265;14721718000;14231277777;14731277777
3266;14721917000;14231322222;14731322222
3267;14721932000;14231600000;14731600000
3268;14721933000;14231600000;14731600000
3269;14721934000;14231600000;14731600000
3270;14763345000;14272911111;14772911111
3271;14763348000;14272911111;14772911111
3272;14763349000;14272911111;14772911111
3273;14763350000;14272911111;14772911111
3274;14763352000;14272911111;14772911111
3275;14763353000;14272911111;14772911111
3276;14763354000;14272911111;14772911111
3277;14763565000;14272955555;14772955555
3278;14763581000;14273255555;14773255555
3279;14763582000;14273255555;14773255555
3280;14763583000;14273255555;14773255555
3281;14805009000;14314577777;14814577777
3282;14805012000;14314577777;14814577777
3283;14805013000;14314577777;14814577777
3284;14805014000;14314577777;14814577777
3285;14805015000;14314577777;14814577777
3286;14805016000;14314577777;14814577777
3287;14805017000;14314577777;14814577777
3288;14805216000;14314611111;14814611111
3289;14805222000;14314900000;14814900000
3290;14805224000;14314900000;14814900000
3291;14805225000;14314900000;14814900000
3292;14846584000;14356277777;14856277777
3293;14846587000;14356277777;14856277777
3294;14846588000;14356277777;14856277777
3295;14846589000;14356277777;14856277777
3296;14846590000;14356277777;14856277777
3297;14846591000;14356277777;14856277777
3298;14846592000;14356277777;14856277777
3299;14846790000;14356322222;14856322222
3300;14846796000;14356600000;14856600000
3301;14846797000;14356600000;14856600000
3302;14846798000;14356600000;14856600000
3303;14888244000;14397911111;14897911111
3304;14888248000;14397911111;14897911111
3305;14888249000;14397911111;14897911111
3306;14888250000;14397911111;14897911111
3307;14888251000;14397911111;14897911111
3308;14888252000;14397911111;14897911111
3309;14888253000;14397911111;14897911111
3310;14888466000;14397955555;14897955555
3311;14888473000;14398266666;14898266666
3312;14888474000;14398266666;14898266666
3313;14888475000;14398266666;14898266666
3314;14929971000;14439588888;14939588888
3315;14929975000;14439588888;14939588888
3316;14929976000;14439588888;14939588888
3317;14929977000;14439588888;14939588888
3318;14929978000;14439588888;14939588888
3319;14929979000;14439588888;14939588888
3320;14929980000;14439588888;14939588888
3321;14930125000;14439633333;14939633333
3322;14930128000;14439944444;14939944444
3323;14930129000;14439944444;14939944444
3324;14930130000;14439944444;14939944444
3325;14971610000;14481277777;14981277777
3326;14971614000;14481277777;14981277777
3327;14971615000;14481277777;14981277777
3328;14971616000;14481277777;14981277777
3329;14971617000;14481277777;14981277777
3330;14971618000;14481277777;14981277777
3331;14971619000;14481277777;14981277777
3332;14971817000;14481311111;14981311111
3333;14971823000;14481600000;14981600000
3334;14971825000;14481600000;14981600000
3335;14971826000;14481600000;14981600000
3336;15013235000;14522944444;15022944444
3337;15013239000;14522944444;15022944444
3338;15013240000;14522944444;15022944444
3339;15013241000;14522944444;15022944444
3340;15013242000;14522944444;15022944444
3341;15013243000;14522944444;15022944444
3342;15013244000;14522944444;15022944444
3343;15013443000;14522988888;15022988888
3344;15013449000;14523322222;15023322222
3345;15013450000;14523322222;15023322222
3346;15013451000;14523322222;15023322222
3347;15054944000;14564611111;15064611111
3348;15054947000;14564611111;15064611111
3349;15054956000;14564611111;15064611111
3350;15054957000;14564611111;15064611111
3351;15054958000;14564611111;15064611111
3352;15054960000;14564611111;15064611111
3353;15054961000;14564611111;15064611111
3354;15055160000;14564655555;15064655555
3355;15055166000;14564944444;15064944444
3356;15055167000;14564944444;15064944444
3357;15055168000;14564944444;15064944444
3358;15096695000;14606277777;15106277777
3359;15096698000;14606277777;15106277777
3360;15096700000;14606277777;15106277777
3361;15096701000;14606277777;15106277777
3362;15096701000;14606277777;15106277777
3363;15096702000;14606277777;15106277777
3364;15096704000;14606277777;15106277777
3365;15096886000;14606322222;15106322222
3366;15096901000;14606588888;15106588888
3367;15096902000;14606588888;15106588888
3368;15096903000;14606588888;15106588888
3369;15138376000;14647944444;15147944444
3370;15138379000;14647944444;15147944444
3371;15138381000;14647944444;15147944444
3372;15138382000;14647944444;15147944444
3373;15138383000;14647944444;15147944444
3374;15138384000;14647944444;15147944444
3375;15138385000;14647944444;15147944444
3376;15138583000;14647977777;15147977777
3377;15138599000;14648266666;15148266666
3378;15138600000;14648266666;15148266666
3379;15138601000;14648266666;15148266666
3380;15180049000;14689611111;15189611111
3381;15180052000;14689611111;15189611111
3382;15180053000;14689611111;15189611111
3383;15180054000;14689611111;15189611111
3384;15180055000;14689611111;15189611111
3385;15180056000;14689611111;15189611111
3386;15180057000;14689611111;15189611111
3387;15180257000;14689644444;15189644444
3388;15180263000;14689955555;15189955555
3389;15180264000;14689955555;15189955555
3390;15180265000;14689955555;15189955555
3391;15221616000;14731277777;15231277777
3392;15221619000;14731277777;15231277777
3393;15221620000;14731277777;15231277777
3394;15221621000;14731277777;15231277777
3395;15221622000;14731277777;15231277777
3396;15221623000;14731277777;15231277777
3397;15221624000;14731277777;15231277777
3398;15221823000;14731322222;15231322222
3399;15221829000;14731611111;15231611111
3400;15221830000;14731611111;15231611111
3401;15221831000;14731611111;15231611111
3402;15263241000;14772911111;15272911111
3403;15263244000;14772911111;15272911111
3404;15263246000;14772911111;15272911111
3405;15263246000;14772911111;15272911111
3406;15263248000;14772911111;15272911111
3407;15263249000;14772911111;15272911111
3408;15263250000;14772911111;15272911111
3409;15263462000;14772966666;15272966666
3410;15263465000;14773277777;15273277777
3411;15263466000;14773277777;15273277777
3412;15263468000;14773277777;15273277777
3413;15304906000;14814577777;15314577777
3414;15304910000;14814577777;15314577777
3415;15304911000;14814577777;15314577777
3416;15304912000;14814577777;15314577777
3417;15304913000;14814577777;15314577777
3418;15304914000;14814577777;15314577777
3419;15304915000;14814577777;15314577777
3420;15305109000;14814633333;15314633333
3421;15305112000;14814933333;15314933333
3422;15305114000;14814933333;15314933333
3423;15305115000;14814933333;15314933333
3424;15346608000;14856277777;15356277777
3425;15346611000;14856277777;15356277777
3426;15346612000;14856277777;15356277777
3427;15346613000;14856277777;15356277777
3428;15346614000;14856277777;15356277777
3429;15346615000;14856277777;15356277777
3430;15346616000;14856277777;15356277777
3431;15346832000;14856322222;15356322222
3432;15346835000;14856611111;15356611111
3433;15346836000;14856611111;15356611111
3434;15346838000;14856611111;15356611111
3435;15388240000;14897911111;15397911111
3436;15388244000;14897911111;15397911111
3437;15388245000;14897911111;15397911111
3438;15388246000;14897911111;15397911111
3439;15388247000;14897911111;15397911111
3440;15388248000;14897911111;15397911111
3441;15388249000;14897911111;15397911111
3442;15388461000;14897966666;15397966666
3443;15388464000;14898255555;15398255555
3444;15388465000;14898255555;15398255555
3445;15388466000;14898255555;15398255555
3446;15429934000;14939577777;15439577777
3447;15429937000;14939577777;15439577777
3448;15429938000;14939577777;15439577777
3449;15429947000;14939577777;15439577777
3450;15429948000;14939577777;15439577777
3451;15429949000;14939577777;15439577777
3452;15429950000;14939577777;15439577777
3453;15430163000;14939622222;15439622222
3454;15430167000;14939933333;15439933333
3455;15430180000;14939933333;15439933333
3456;15430182000;14939933333;15439933333
3457;15471707000;14981277777;15481277777
3458;15471710000;14981277777;15481277777
3459;15471711000;14981277777;15481277777
3460;15471712000;14981277777;15481277777
3461;15471714000;14981277777;15481277777
3462;15471714000;14981277777;15481277777
3463;15471715000;14981277777;15481277777
3464;15471851000;14981322222;15481322222
3465;15471854000;14981600000;15481600000
3466;15471855000;14981600000;15481600000
3467;15471856000;14981600000;15481600000
3468;15513263000;15022911111;15522911111
3469;15513267000;15022911111;15522911111
3470;15513268000;15022911111;15522911111
3471;15513269000;15022911111;15522911111
3472;15513270000;15022911111;15522911111
3473;15513271000;15022911111;15522911111
3474;15513272000;15022911111;15522911111
3475;15513489000;15022955555;15522955555
3476;15513492000;15023277777;15523277777
3477;15513493000;15023277777;15523277777
3478;15513494000;15023277777;15523277777
3479;15555016000;15064611111;15564611111
3480;15555020000;15064611111;15564611111
3481;15555021000;15064611111;15564611111
3482;15555022000;15064611111;15564611111
3483;15555023000;15064611111;15564611111
3484;15555024000;15064611111;15564611111
3485;15555025000;15064611111;15564611111
3486;15555223000;15064655555;15564655555
3487;15555226000;15064966666;15564966666
3488;15555227000;15064966666;15564966666
3489;15555228000;15064966666;15564966666
3490;15596688000;15106277777;15606277777
3491;15596691000;15106277777;15606277777
3492;15596692000;15106277777;15606277777
3493;15596693000;15106277777;15606277777
3494;15596694000;15106277777;15606277777
3495;15596695000;15106277777;15606277777
3496;15596696000;15106277777;15606277777
3497;15596895000;15106311111;15606311111
3498;15596901000;15106600000;15606600000
3499;15596902000;15106600000;15606600000
3500;15596903000;15106600000;15606600000
3501;15638197000;15147911111;15647911111
3502;15638200000;15147911111;15647911111
3503;15638201000;15147911111;15647911111
3504;15638202000;15147911111;15647911111
3505;15638203000;15147911111;15647911111
3506;15638204000;15147911111;15647911111
3507;15638205000;15147911111;15647911111
3508;15638376000;15147955555;15647955555
3509;15638380000;15148266666;15648266666
3510;15638382000;15148266666;15648266666
3511;15638383000;15148266666;15648266666
3512;15679966000;15189611111;15689611111
3513;15679970000;15189611111;15689611111
3514;15679971000;15189611111;15689611111
3515;15679972000;15189611111;15689611111
3516;15679973000;15189611111;15689611111
3517;15679974000;15189611111;15689611111
3518;15679975000;15189611111;15689611111
3519;15680168000;15189655555;15689655555
3520;15680184000;15189955555;15689955555
3521;15680185000;15189955555;15689955555
3522;15680186000;15189955555;15689955555
3523;15721694000;15231277777;15731277777
3524;15721698000;15231277777;15731277777
3525;15721699000;15231277777;15731277777
3526;15721700000;15231277777;15731277777
3527;15721701000;15231277777;15731277777
3528;15721702000;15231277777;15731277777
3529;15721703000;15231277777;15731277777
3530;15721901000;15231333333;15731333333
3531;15721916000;15231622222;15731622222
3532;15721917000;15231622222;15731622222
3533;15721918000;15231622222;15731622222
3534;15763353000;15272944444;15772944444
3535;15763357000;15272944444;15772944444
3536;15763358000;15272944444;15772944444
3537;15763359000;15272944444;15772944444
3538;15763360000;15272944444;15772944444
3539;15763361000;15272944444;15772944444
3540;15763362000;15272944444;15772944444
3541;15763568000;15272988888;15772988888
3542;15763574000;15273300000;15773300000
3543;15763576000;15273300000;15773300000
3544;15763577000;15273300000;15773300000
3545;15804982000;15314577777;15814577777
3546;15804986000;15314577777;15814577777
3547;15804987000;15314577777;15814577777
3548;15804988000;15314577777;15814577777
3549;15804996000;15314577777;15814577777
3550;15804997000;15314577777;15814577777
3551;15804998000;15314577777;15814577777
3552;15805218000;15314633333;15814633333
3553;15805221000;15314922222;15814922222
3554;15805222000;15314922222;15814922222
3555;15805223000;15314922222;15814922222
3556;15846566000;15356277777;15856277777
3557;15846570000;15356277777;15856277777
3558;15846571000;15356277777;15856277777
3559;15846572000;15356277777;15856277777
3560;15846573000;15356277777;15856277777
3561;15846574000;15356277777;15856277777
3562;15846575000;15356277777;15856277777
3563;15846741000;15356322222;15856322222
3564;15846744000;15356611111;15856611111
3565;15846746000;15356611111;15856611111
3566;15846747000;15356611111;15856611111
3567;15888187000;15397911111;15897911111
3568;15888200000;15397911111;15897911111
3569;15888202000;15397911111;15897911111
3570;15888203000;15397911111;15897911111
3571;15888204000;15397911111;15897911111
3572;15888204000;15397911111;15897911111
3573;15888205000;15397911111;15897911111
3574;15888346000;15397955555;15897955555
3575;15888348000;15398255555;15898255555
3576;15888349000;15398255555;15898255555
3577;15888350000;15398255555;15898255555
3578;15929982000;15439611111;15939611111
3579;15929986000;15439611111;15939611111
3580;15929987000;15439611111;15939611111
3581;15929988000;15439611111;15939611111
3582;15929989000;15439611111;15939611111
3583;15929990000;15439611111;15939611111
3584;15929991000;15439611111;15939611111
3585;15930142000;15439655555;15939655555
3586;15930145000;15439966666;15939966666
3587;15930146000;15439966666;15939966666
3588;15930147000;15439966666;15939966666
3589;15971593000;15481277777;15981277777
3590;15971596000;15481277777;15981277777
3591;15971597000;15481277777;15981277777
3592;15971599000;15481277777;15981277777
3593;15971599000;15481277777;15981277777
3594;15971600000;15481277777;15981277777
3595;15971601000;15481277777;15981277777
3596;15971806000;15481322222;15981322222
3597;15971813000;15481622222;15981622222
3598;15971814000;15481622222;15981622222
3599;15971816000;15481622222;15981622222
3600;16013354000;15522944444;16022944444
3601;16013358000;15522944444;16022944444
3602;16013359000;15522944444;16022944444
3603;16013360000;15522944444;16022944444
3604;16013361000;15522944444;16022944444
3605;16013362000;15522944444;16022944444
3606;16013363000;15522944444;16022944444
3607;16013562000;15522988888;16022988888
3608;16013568000;15523333333;16023333333
3609;16013569000;15523333333;16023333333
3610;16013571000;15523333333;16023333333
3611;16055019000;15564611111;16064611111
3612;16055022000;15564611111;16064611111
3613;16055023000;15564611111;16064611111
3614;16055024000;15564611111;16064611111
3615;16055025000;15564611111;16064611111
3616;16055026000;15564611111;16064611111
3617;16055027000;15564611111;16064611111
3618;16055172000;15564655555;16064655555
3619;16055175000;15564944444;16064944444
3620;16055176000;15564944444;16064944444
3621;16055177000;15564944444;16064944444
3622;16096675000;15606288888;16106288888
3623;16096678000;15606288888;16106288888
3624;16096680000;15606288888;16106288888
3625;16096681000;15606288888;16106288888
3626;16096682000;15606288888;16106288888
3627;16096682000;15606288888;16106288888
3628;16096683000;15606288888;16106288888
3629;16096898000;15606333333;16106333333
3630;16096904000;15606622222;16106622222
3631;16096906000;15606622222;16106622222
3632;16096907000;15606622222;16106622222
3633;16138272000;15647944444;16147944444
3634;16138276000;15647944444;16147944444
3635;16138277000;15647944444;16147944444
3636;16138278000;15647944444;16147944444
3637;16138279000;15647944444;16147944444
3638;16138280000;15647944444;16147944444
3639;16138281000;15647944444;16147944444
3640;16138494000;15648000000;16148000000
3641;16138497000;15648300000;16148300000
3642;16138498000;15648300000;16148300000
3643;16138499000;15648300000;16148300000
3644;16179940000;15689611111;16189611111
3645;16179944000;15689611111;16189611111
3646;16179945000;15689611111;16189611111
3647;16179946000;15689611111;16189611111
3648;16179947000;15689611111;16189611111
3649;16179955000;15689611111;16189611111
3650;16179956000;15689611111;16189611111
3651;16180153000;15689655555;16189655555
3652;16180157000;15689977777;16189977777
3653;16180158000;15689977777;16189977777
3654;16180159000;15689977777;16189977777
3655;16221707000;15731277777;16231277777
3656;16221711000;15731277777;16231277777
3657;16221712000;15731277777;16231277777
3658;16221713000;15731277777;16231277777
3659;16221714000;15731277777;16231277777
3660;16221715000;15731277777;16231277777
3661;16221716000;15731277777;16231277777
3662;16221852000;15731322222;16231322222
3663;16221854000;15731622222;16231622222
3664;16221855000;15731622222;16231622222
3665;16221856000;15731622222;16231622222
3666;16263262000;15772911111;16272911111
3667;16263266000;15772911111;16272911111
3668;16263267000;15772911111;16272911111
3669;16263268000;15772911111;16272911111
3670;16263269000;15772911111;16272911111
3671;16263270000;15772911111;16272911111
3672;16263271000;15772911111;16272911111
3673;16263483000;15772955555;16272955555
3674;16263486000;15773288888;16273288888
3675;16263487000;15773288888;16273288888
3676;16263488000;15773288888;16273288888
3677;16304919000;15814577777;16314577777
3678;16304922000;15814577777;16314577777
3679;16304923000;15814577777;16314577777
3680;16304924000;15814577777;16314577777
3681;16304925000;15814577777;16314577777
3682;16304927000;15814577777;16314577777
3683;16304928000;15814577777;16314577777
3684;16305149000;15814633333;16314633333
3685;16305152000;15814944444;16314944444
3686;16305153000;15814944444;16314944444
3687;16305154000;15814944444;16314944444
3688;16346605000;15856277777;16356277777
3689;16346609000;15856277777;16356277777
3690;16346610000;15856277777;16356277777
3691;16346610000;15856277777;16356277777
3692;16346611000;15856277777;16356277777
3693;16346612000;15856277777;16356277777
3694;16346614000;15856277777;16356277777
3695;16346826000;15856322222;16356322222
3696;16346829000;15856600000;16356600000
3697;16346831000;15856600000;16356600000
3698;16346832000;15856600000;16356600000
3699;16388314000;15897911111;16397911111
3700;16388318000;15897911111;16397911111
3701;16388319000;15897911111;16397911111
3702;16388320000;15897911111;16397911111
3703;16388321000;15897911111;16397911111
3704;16388323000;15897911111;16397911111
3705;16388323000;15897911111;16397911111
3706;16388536000;15897955555;16397955555
3707;16388539000;15898255555;16398255555
3708;16388540000;15898255555;16398255555
3709;16388542000;15898255555;16398255555
3710;16429929000;15939577777;16439577777
3711;16429932000;15939577777;16439577777
3712;16429934000;15939577777;16439577777
3713;16429935000;15939577777;16439577777
3714;16429936000;15939577777;16439577777
3715;16429937000;15939577777;16439577777
3716;16429938000;15939577777;16439577777
3717;16430157000;15939622222;16439622222
3718;16430160000;15939933333;16439933333
3719;16430161000;15939933333;16439933333
3720;16430162000;15939933333;16439933333
3721;16471699000;15981277777;16481277777
3722;16471702000;15981277777;16481277777
3723;16471703000;15981277777;16481277777
3724;16471705000;15981277777;16481277777
3725;16471706000;15981277777;16481277777
3726;16471707000;15981277777;16481277777
3727;16471708000;15981277777;16481277777
3728;16471907000;15981322222;16481322222
3729;16471922000;15981588888;16481588888
3730;16471923000;15981588888;16481588888
3731;16471924000;15981588888;16481588888
3732;16513202000;16022911111;16522911111
3733;16513205000;16022911111;16522911111
3734;16513206000;16022911111;16522911111
3735;16513207000;16022911111;16522911111
3736;16513208000;16022911111;16522911111
3737;16513209000;16022911111;16522911111
3738;16513210000;16022911111;16522911111
3739;16513437000;16022955555;16522955555
3740;16513443000;16023266666;16523266666
3741;16513444000;16023266666;16523266666
3742;16513445000;16023266666;16523266666
3743;16554941000;16064611111;16564611111
3744;16554944000;16064611111;16564611111
3745;16554945000;16064611111;16564611111
3746;16554946000;16064611111;16564611111
3747;16554947000;16064611111;16564611111
3748;16554949000;16064611111;16564611111
3749;16554956000;16064611111;16564611111
3750;16555178000;16064655555;16564655555
3751;16555185000;16064955555;16564955555
3752;16555186000;16064955555;16564955555
3753;16555187000;16064955555;16564955555
3754;16596685000;16106277777;16606277777
3755;16596688000;16106277777;16606277777
3756;16596689000;16106277777;16606277777
3757;16596690000;16106277777;16606277777
3758;16596691000;16106277777;16606277777
3759;16596692000;16106277777;16606277777
3760;16596693000;16106277777;16606277777
3761;16596892000;16106322222;16606322222
3762;16596898000;16106600000;16606600000
3763;16596899000;16106600000;16606600000
3764;16596900000;16106600000;16606600000
3765;16638317000;16147911111;16647911111
3766;16638320000;16147911111;16647911111
3767;16638321000;16147911111;16647911111
3768;16638322000;16147911111;16647911111
3769;16638323000;16147911111;16647911111
3770;16638324000;16147911111;16647911111
3771;16638325000;16147911111;16647911111
3772;16638463000;16147966666;16647966666
3773;16638466000;16148255555;16648255555
3774;16638467000;16148255555;16648255555
3775;16638468000;16148255555;16648255555
3776;16679964000;16189611111;16689611111
3777;16679967000;16189611111;16689611111
3778;16679968000;16189611111;16689611111
3779;16679969000;16189611111;16689611111
3780;16679970000;16189611111;16689611111
3781;16679971000;16189611111;16689611111
3782;16679972000;16189611111;16689611111
3783;16680171000;16189655555;16689655555
3784;16680187000;16189955555;16689955555
3785;16680188000;16189955555;16689955555
3786;16680189000;16189955555;16689955555
3787;16721705000;16231277777;16731277777
3788;16721709000;16231277777;16731277777
3789;16721710000;16231277777;16731277777
3790;16721711000;16231277777;16731277777
3791;16721712000;16231277777;16731277777
3792;16721713000;16231277777;16731277777
3793;16721714000;16231277777;16731277777
3794;16721912000;16231322222;16731322222
3795;16721927000;16231600000;16731600000
3796;16721928000;16231600000;16731600000
3797;16721929000;16231600000;16731600000
3798;16763355000;16272944444;16772944444
3799;16763359000;16272944444;16772944444
3800;16763360000;16272944444;16772944444
3801;16763361000;16272944444;16772944444
3802;16763362000;16272944444;16772944444
3803;16763363000;16272944444;16772944444
3804;16763364000;16272944444;16772944444
3805;16763534000;16272988888;16772988888
3806;16763538000;16273288888;16773288888
3807;16763539000;16273288888;16773288888
3808;16763540000;16273288888;16773288888
3809;16805004000;16314577777;16814577777
3810;16805008000;16314577777;16814577777
3811;16805009000;16314577777;16814577777
3812;16805010000;16314577777;16814577777
3813;16805011000;16314577777;16814577777
3814;16805012000;16314577777;16814577777
3815;16805013000;16314577777;16814577777
3816;16805228000;16314633333;16814633333
3817;16805234000;16314911111;16814911111
3818;16805235000;16314911111;16814911111
3819;16805236000;16314911111;16814911111
3820;16846682000;16356277777;16856277777
3821;16846686000;16356277777;16856277777
3822;16846687000;16356277777;16856277777
3823;16846688000;16356277777;16856277777
3824;16846689000;16356277777;16856277777
3825;16846690000;16356277777;16856277777
3826;16846691000;16356277777;16856277777
3827;16846905000;16356322222;16856322222
3828;16846911000;16356600000;16856600000
3829;16846912000;16356600000;16856600000
3830;16846913000;16356600000;16856600000
3831;16888273000;16397944444;16897944444
3832;16888276000;16397944444;16897944444
3833;16888278000;16397944444;16897944444
3834;16888279000;16397944444;16897944444
3835;16888280000;16397944444;16897944444
3836;16888281000;16397944444;16897944444
3837;16888282000;16397944444;16897944444
3838;16888497000;16397988888;16897988888
3839;16888503000;16398266666;16898266666
3840;16888504000;16398266666;16898266666
3841;16888506000;16398266666;16898266666
3842;16929988000;16439588888;16939588888
3843;16929992000;16439588888;16939588888
3844;16929993000;16439588888;16939588888
3845;16929994000;16439588888;16939588888
3846;16929995000;16439588888;16939588888
3847;16929996000;16439588888;16939588888
3848;16929997000;16439588888;16939588888
3849;16930225000;16439633333;16939633333
3850;16930229000;16439944444;16939944444
3851;16930230000;16439944444;16939944444
3852;16930231000;16439944444;16939944444
3853;16971624000;16481277777;16981277777
3854;16971628000;16481277777;16981277777
3855;16971629000;16481277777;16981277777
3856;16971630000;16481277777;16981277777
3857;16971631000;16481277777;16981277777
3858;16971632000;16481277777;16981277777
3859;16971633000;16481277777;16981277777
3860;16971846000;16481322222;16981322222
3861;16971849000;16481611111;16981611111
3862;16971851000;16481611111;16981611111
3863;16971851000;16481611111;16981611111
3864;17013233000;16522911111;17022911111
3865;17013237000;16522911111;17022911111
3866;17013238000;16522911111;17022911111
3867;17013239000;16522911111;17022911111
3868;17013240000;16522911111;17022911111
3869;17013241000;16522911111;17022911111
3870;17013242000;16522911111;17022911111
3871;17013455000;16522955555;17022955555
3872;17013458000;16523277777;17023277777
3873;17013459000;16523277777;17023277777
3874;17013460000;16523277777;17023277777
3875;17054982000;16564611111;17064611111
3876;17054985000;16564611111;17064611111
3877;17054986000;16564611111;17064611111
3878;17054987000;16564611111;17064611111
3879;17054988000;16564611111;17064611111
3880;17054989000;16564611111;17064611111
3881;17054990000;16564611111;17064611111
3882;17055132000;16564655555;17064655555
3883;17055135000;16564944444;17064944444
3884;17055136000;16564944444;17064944444
3885;17055137000;16564944444;17064944444
3886;17096600000;16606277777;17106277777
3887;17096603000;16606277777;17106277777
3888;17096604000;16606277777;17106277777
3889;17096605000;16606277777;17106277777
3890;17096606000;16606277777;17106277777
3891;17096607000;16606277777;17106277777
3892;17096608000;16606277777;17106277777
3893;17096824000;16606322222;17106322222
3894;17096827000;16606588888;17106588888
3895;17096828000;16606588888;17106588888
3896;17096829000;16606588888;17106588888
3897;17138205000;16647911111;17147911111
3898;17138209000;16647911111;17147911111
3899;17138210000;16647911111;17147911111
3900;17138211000;16647911111;17147911111
3901;17138212000;16647911111;17147911111
3902;17138213000;16647911111;17147911111
3903;17138214000;16647911111;17147911111
3904;17138430000;16647955555;17147955555
3905;17138434000;16648244444;17148244444
3906;17138435000;16648244444;17148244444
3907;17138436000;16648244444;17148244444
3908;17179924000;16689611111;17189611111
3909;17179928000;16689611111;17189611111
3910;17179929000;16689611111;17189611111
3911;17179930000;16689611111;17189611111
3912;17179931000;16689611111;17189611111
3913;17179932000;16689611111;17189611111
3914;17179933000;16689611111;17189611111
3915;17180349000;16689655555;17189655555
3916;17180365000;16689955555;17189955555
3917;17180366000;16689955555;17189955555
3918;17180367000;16689955555;17189955555
3919;17221698000;16731277777;17231277777
3920;17221701000;16731277777;17231277777
3921;17221702000;16731277777;17231277777
3922;17221704000;16731277777;17231277777
3923;17221705000;16731277777;17231277777
3924;17221706000;16731277777;17231277777
3925;17221706000;16731277777;17231277777
3926;17221919000;16731322222;17231322222
3927;17221922000;16731600000;17231600000
3928;17221923000;16731600000;17231600000
3929;17221924000;16731600000;17231600000
3930;17263331000;16772911111;17272911111
3931;17263335000;16772911111;17272911111
3932;17263336000;16772911111;17272911111
3933;17263337000;16772911111;17272911111
3934;17263338000;16772911111;17272911111
3935;17263339000;16772911111;17272911111
3936;17263340000;16772911111;17272911111
3937;17263552000;16772955555;17272955555
3938;17263555000;16773277777;17273277777
3939;17263556000;16773277777;17273277777
3940;17263557000;16773277777;17273277777
3941;17304997000;16814588888;17314588888
3942;17305001000;16814588888;17314588888
3943;17305002000;16814588888;17314588888
3944;17305003000;16814588888;17314588888
3945;17305004000;16814588888;17314588888
3946;17305005000;16814588888;17314588888
3947;17305006000;16814588888;17314588888
3948;17305228000;16814633333;17314633333
3949;17305241000;16814944444;17314944444
3950;17305242000;16814944444;17314944444
3951;17305243000;16814944444;17314944444
3952;17346604000;16856277777;17356277777
3953;17346608000;16856277777;17356277777
3954;17346609000;16856277777;17356277777
3955;17346610000;16856277777;17356277777
3956;17346611000;16856277777;17356277777
3957;17346612000;16856277777;17356277777
3958;17346613000;16856277777;17356277777
3959;17346811000;16856322222;17356322222
3960;17346818000;16856600000;17356600000
3961;17346819000;16856600000;17356600000
3962;17346820000;16856600000;17356600000
3963;17388203000;16897911111;17397911111
3964;17388207000;16897911111;17397911111
3965;17388208000;16897911111;17397911111
3966;17388209000;16897911111;17397911111
3967;17388210000;16897911111;17397911111
3968;17388211000;16897911111;17397911111
3969;17388212000;16897911111;17397911111
3970;17388435000;16897955555;17397955555
3971;17388439000;16898255555;17398255555
3972;17388440000;16898255555;17398255555
3973;17388441000;16898255555;17398255555
3974;17429998000;16939577777;17439577777
3975;17430001000;16939577777;17439577777
3976;17430003000;16939577777;17439577777
3977;17430004000;16939577777;17439577777
3978;17430005000;16939577777;17439577777
3979;17430006000;16939577777;17439577777
3980;17430007000;16939577777;17439577777
3981;17430226000;16939622222;17439622222
3982;17430230000;16939933333;17439933333
3983;17430231000;16939933333;17439933333
3984;17430232000;16939933333;17439933333
3985;17471623000;16981277777;17481277777
3986;17471627000;16981277777;17481277777
3987;17471628000;16981277777;17481277777
3988;17471629000;16981277777;17481277777
3989;17471630000;16981277777;17481277777
3990;17471631000;16981277777;17481277777
3991;17471632000;16981277777;17481277777
3992;17471850000;16981322222;17481322222
3993;17471853000;16981611111;17481611111
3994;17471855000;16981611111;17481611111
3995;17471856000;16981611111;17481611111
3996;17513364000;17022944444;17522944444
3997;17513367000;17022944444;17522944444
3998;17513368000;17022944444;17522944444
3999;17513369000;17022944444;17522944444
4000;17513370000;17022944444;17522944444
4001;17513372000;17022944444;17522944444
4002;17513373000;17022944444;17522944444
4003;17513585000;17022988888;17522988888
4004;17513588000;17023300000;17523300000
4005;17513589000;17023300000;17523300000
4006;17513590000;17023300000;17523300000
4007;17554979000;17064611111;17564611111
4008;17554983000;17064611111;17564611111
4009;17554984000;17064611111;17564611111
4010;17554985000;17064611111;17564611111
4011;17554986000;17064611111;17564611111
4012;17554987000;17064611111;17564611111
4013;17554988000;17064611111;17564611111
4014;17555131000;17064655555;17564655555
4015;17555134000;17064944444;17564944444
4016;17555135000;17064944444;17564944444
4017;17555136000;17064944444;17564944444
4018;17596502000;17106277777;17606277777
4019;17596505000;17106277777;17606277777
4020;17596506000;17106277777;17606277777
4021;17596507000;17106277777;17606277777
4022;17596508000;17106277777;17606277777
4023;17596509000;17106277777;17606277777
4024;17596510000;17106277777;17606277777
4025;17596680000;17106322222;17606322222
4026;17596684000;17106600000;17606600000
4027;17596685000;17106600000;17606600000
4028;17596686000;17106600000;17606600000
4029;17638190000;17147911111;17647911111
4030;17638194000;17147911111;17647911111
4031;17638195000;17147911111;17647911111
4032;17638196000;17147911111;17647911111
4033;17638197000;17147911111;17647911111
4034;17638198000;17147911111;17647911111
4035;17638199000;17147911111;17647911111
4036;17638370000;17147955555;17647955555
4037;17638374000;17148266666;17648266666
4038;17638375000;17148266666;17648266666
4039;17638376000;17148266666;17648266666
4040;17679958000;17189611111;17689611111
4041;17679961000;17189611111;17689611111
4042;17679963000;17189611111;17689611111
4043;17679964000;17189611111;17689611111
4044;17679965000;17189611111;17689611111
4045;17679966000;17189611111;17689611111
4046;17679966000;17189611111;17689611111
4047;17680162000;17189655555;17689655555
4048;17680177000;17189977777;17689977777
4049;17680185000;17189977777;17689977777
4050;17680186000;17189977777;17689977777
4051;17721697000;17231277777;17731277777
4052;17721700000;17231277777;17731277777
4053;17721701000;17231277777;17731277777
4054;17721702000;17231277777;17731277777
4055;17721703000;17231277777;17731277777
4056;17721704000;17231277777;17731277777
4057;17721705000;17231277777;17731277777
4058;17721917000;17231322222;17731322222
4059;17721921000;17231600000;17731600000
4060;17721922000;17231600000;17731600000
4061;17721923000;17231600000;17731600000
4062;17763356000;17272944444;17772944444
4063;17763360000;17272944444;17772944444
4064;17763361000;17272944444;17772944444
4065;17763362000;17272944444;17772944444
4066;17763363000;17272944444;17772944444
4067;17763364000;17272944444;17772944444
4068;17763365000;17272944444;17772944444
4069;17763510000;17272977777;17772977777
4070;17763512000;17273277777;17773277777
4071;17763514000;17273277777;17773277777
4072;17763515000;17273277777;17773277777
4073;17804896000;17314577777;17814577777
4074;17804900000;17314577777;17814577777
4075;17804901000;17314577777;17814577777
4076;17804902000;17314577777;17814577777
4077;17804903000;17314577777;17814577777
4078;17804904000;17314577777;17814577777
4079;17804905000;17314577777;17814577777
4080;17805118000;17314622222;17814622222
4081;17805121000;17314911111;17814911111
4082;17805122000;17314911111;17814911111
4083;17805123000;17314911111;17814911111
4084;17846659000;17356277777;17856277777
4085;17846663000;17356277777;17856277777
4086;17846664000;17356277777;17856277777
4087;17846665000;17356277777;17856277777
4088;17846666000;17356277777;17856277777
4089;17846667000;17356277777;17856277777
4090;17846668000;17356277777;17856277777
4091;17846745000;17356322222;17856322222
4092;17846747000;17356600000;17856600000
4093;17846748000;17356600000;17856600000
4094;17846749000;17356600000;17856600000
4095;17888230000;17397911111;17897911111
4096;17888233000;17397911111;17897911111
4097;17888234000;17397911111;17897911111
4098;17888236000;17397911111;17897911111
4099;17888237000;17397911111;17897911111
4100;17888237000;17397911111;17897911111
4101;17888238000;17397911111;17897911111
4102;17888451000;17397955555;17897955555
4103;17888454000;17398266666;17898266666
4104;17888455000;17398266666;17898266666
4105;17888456000;17398266666;17898266666
4106;17929902000;17439577777;17939577777
4107;17929905000;17439577777;17939577777
4108;17929906000;17439577777;17939577777
4109;17929907000;17439577777;17939577777
4110;17929908000;17439577777;17939577777
4111;17929909000;17439577777;17939577777
4112;17929910000;17439577777;17939577777
4113;17930109000;17439622222;17939622222
4114;17930115000;17439922222;17939922222
4115;17930116000;17439922222;17939922222
4116;17930117000;17439922222;17939922222
4117;17971573000;17481277777;17981277777
4118;17971576000;17481277777;17981277777
4119;17971577000;17481277777;17981277777
4120;17971579000;17481277777;17981277777
4121;17971580000;17481277777;17981277777
4122;17971581000;17481277777;17981277777
4123;17971582000;17481277777;17981277777
4124;17971796000;17481322222;17981322222
4125;17971802000;17481611111;17981611111
4126;17971804000;17481611111;17981611111
4127;17971805000;17481611111;17981611111
4128;18013282000;17522911111;18022911111
4129;18013286000;17522911111;18022911111
4130;18013287000;17522911111;18022911111
4131;18013288000;17522911111;18022911111
4132;18013289000;17522911111;18022911111
4133;18013290000;17522911111;18022911111
4134;18013291000;17522911111;18022911111
4135;18013474000;17522955555;18022955555
4136;18013480000;17523288888;18023288888
4137;18013481000;17523288888;18023288888
4138;18013482000;17523288888;18023288888
4139;18055030000;17564611111;18064611111
4140;18055033000;17564611111;18064611111
4141;18055034000;17564611111;18064611111
4142;18055035000;17564611111;18064611111
4143;18055036000;17564611111;18064611111
4144;18055037000;17564611111;18064611111
4145;18055038000;17564611111;18064611111
4146;18055257000;17564655555;18064655555
4147;18055260000;17564944444;18064944444
4148;18055277000;17564944444;18064944444
4149;18055278000;17564944444;18064944444
4150;18096695000;17606277777;18106277777
4151;18096698000;17606277777;18106277777
4152;18096699000;17606277777;18106277777
4153;18096700000;17606277777;18106277777
4154;18096701000;17606277777;18106277777
4155;18096702000;17606277777;18106277777
4156;18096703000;17606277777;18106277777
4157;18096838000;17606344444;18106344444
4158;18096841000;17606622222;18106622222
4159;18096842000;17606622222;18106622222
4160;18096843000;17606622222;18106622222
4161;18138208000;17647944444;18147944444
4162;18138212000;17647944444;18147944444
4163;18138213000;17647944444;18147944444
4164;18138214000;17647944444;18147944444
4165;18138215000;17647944444;18147944444
4166;18138216000;17647944444;18147944444
4167;18138217000;17647944444;18147944444
4168;18138387000;17647988888;18147988888
4169;18138390000;17648288888;18148288888
4170;18138391000;17648288888;18148288888
4171;18138392000;17648288888;18148288888
4172;18179929000;17689611111;18189611111
4173;18179933000;17689611111;18189611111
4174;18179934000;17689611111;18189611111
4175;18179935000;17689611111;18189611111
4176;18179936000;17689611111;18189611111
4177;18179937000;17689611111;18189611111
4178;18179938000;17689611111;18189611111
4179;18180160000;17689655555;18189655555
4180;18180163000;17689966666;18189966666
4181;18180164000;17689966666;18189966666
4182;18180165000;17689966666;18189966666
4183;18221625000;17731277777;18231277777
4184;18221629000;17731277777;18231277777
4185;18221630000;17731277777;18231277777
4186;18221631000;17731277777;18231277777
4187;18221632000;17731277777;18231277777
4188;18221633000;17731277777;18231277777
4189;18221634000;17731277777;18231277777
4190;18221832000;17731322222;18231322222
4191;18221838000;17731611111;18231611111
4192;18221839000;17731611111;18231611111
4193;18221840000;17731611111;18231611111
4194;18263248000;17772911111;18272911111
4195;18263251000;17772911111;18272911111
4196;18263253000;17772911111;18272911111
4197;18263254000;17772911111;18272911111
4198;18263255000;17772911111;18272911111
4199;18263256000;17772911111;18272911111
4200;18263257000;17772911111;18272911111
4201;18263455000;17772955555;18272955555
4202;18263461000;17773266666;18273266666
4203;18263463000;17773266666;18273266666
4204;18263464000;17773266666;18273266666
4205;18304974000;17814600000;18314600000
4206;18304977000;17814600000;18314600000
4207;18304978000;17814600000;18314600000
4208;18304979000;17814600000;18314600000
4209;18304981000;17814600000;18314600000
4210;18304982000;17814600000;18314600000
4211;18304983000;17814600000;18314600000
4212;18305204000;17814644444;18314644444
4213;18305207000;17814955555;18314955555
4214;18305208000;17814955555;18314955555
4215;18305209000;17814955555;18314955555
4216;18346675000;17856277777;18356277777
4217;18346679000;17856277777;18356277777
4218;18346680000;17856277777;18356277777
4219;18346681000;17856277777;18356277777
4220;18346682000;17856277777;18356277777
4221;18346683000;17856277777;18356277777
4222;18346684000;17856277777;18356277777
4223;18346897000;17856322222;18356322222
4224;18346900000;17856611111;18356611111
4225;18346901000;17856611111;18356611111
4226;18346902000;17856611111;18356611111
4227;18388305000;17897911111;18397911111
4228;18388308000;17897911111;18397911111
4229;18388309000;17897911111;18397911111
4230;18388310000;17897911111;18397911111
4231;18388311000;17897911111;18397911111
4232;18388312000;17897911111;18397911111
4233;18388313000;17897911111;18397911111
4234;18388449000;17897955555;18397955555
4235;18388452000;17898255555;18398255555
4236;18388453000;17898255555;18398255555
4237;18388454000;17898255555;18398255555
4238;18429852000;17939577777;18439577777
4239;18429856000;17939577777;18439577777
4240;18429857000;17939577777;18439577777
4241;18429858000;17939577777;18439577777
4242;18429859000;17939577777;18439577777
4243;18429860000;17939577777;18439577777
4244;18429861000;17939577777;18439577777
4245;18430084000;17939622222;18439622222
4246;18430087000;17939933333;18439933333
4247;18430088000;17939933333;18439933333
4248;18430105000;17939933333;18439933333
4249;18471695000;17981277777;18481277777
4250;18471699000;17981277777;18481277777
4251;18471700000;17981277777;18481277777
4252;18471701000;17981277777;18481277777
4253;18471702000;17981277777;18481277777
4254;18471703000;17981277777;18481277777
4255;18471704000;17981277777;18481277777
4256;18471875000;17981322222;18481322222
4257;18471878000;17981600000;18481600000
4258;18471879000;17981600000;18481600000
4259;18471880000;17981600000;18481600000
4260;18513251000;18022922222;18522922222
4261;18513255000;18022922222;18522922222
4262;18513256000;18022922222;18522922222
4263;18513257000;18022922222;18522922222
4264;18513258000;18022922222;18522922222
4265;18513259000;18022922222;18522922222
4266;18513260000;18022922222;18522922222
4267;18513458000;18022966666;18522966666
4268;18513460000;18023300000;18523300000
4269;18513461000;18023300000;18523300000
4270;18513463000;18023300000;18523300000
4271;18554929000;18064611111;18564611111
4272;18554932000;18064611111;18564611111
4273;18554933000;18064611111;18564611111
4274;18554934000;18064611111;18564611111
4275;18554935000;18064611111;18564611111
4276;18554936000;18064611111;18564611111
4277;18554937000;18064611111;18564611111
4278;18555159000;18064655555;18564655555
4279;18555163000;18064966666;18564966666
4280;18555164000;18064966666;18564966666
4281;18555165000;18064966666;18564966666
4282;18596565000;18106277777;18606277777
4283;18596569000;18106277777;18606277777
4284;18596570000;18106277777;18606277777
4285;18596581000;18106277777;18606277777
4286;18596581000;18106277777;18606277777
4287;18596582000;18106277777;18606277777
4288;18596583000;18106277777;18606277777
4289;18596718000;18106322222;18606322222
4290;18596721000;18106611111;18606611111
4291;18596722000;18106611111;18606611111
4292;18596723000;18106611111;18606611111
4293;18638292000;18147944444;18647944444
4294;18638295000;18147944444;18647944444
4295;18638296000;18147944444;18647944444
4296;18638297000;18147944444;18647944444
4297;18638298000;18147944444;18647944444
4298;18638299000;18147944444;18647944444
4299;18638300000;18147944444;18647944444
4300;18638515000;18147977777;18647977777
4301;18638530000;18148300000;18648300000
4302;18638532000;18148300000;18648300000
4303;18638532000;18148300000;18648300000
4304;18679957000;18189611111;18689611111
4305;18679961000;18189611111;18689611111
4306;18679962000;18189611111;18689611111
4307;18679963000;18189611111;18689611111
4308;18679964000;18189611111;18689611111
4309;18679965000;18189611111;18689611111
4310;18679966000;18189611111;18689611111
4311;18680183000;18189655555;18689655555
4312;18680198000;18189955555;18689955555
4313;18680199000;18189955555;18689955555
4314;18680200000;18189955555;18689955555
4315;18721647000;18231300000;18731300000
4316;18721651000;18231300000;18731300000
4317;18721652000;18231300000;18731300000
4318;18721653000;18231300000;18731300000
4319;18721654000;18231300000;18731300000
4320;18721655000;18231300000;18731300000
4321;18721656000;18231300000;18731300000
4322;18721855000;18231344444;18731344444
4323;18721870000;18231633333;18731633333
4324;18721871000;18231633333;18731633333
4325;18721872000;18231633333;18731633333
4326;18763318000;18272911111;18772911111
4327;18763321000;18272911111;18772911111
4328;18763322000;18272911111;18772911111
4329;18763323000;18272911111;18772911111
4330;18763325000;18272911111;18772911111
4331;18763326000;18272911111;18772911111
4332;18763327000;18272911111;18772911111
4333;18763464000;18272955555;18772955555
4334;18763467000;18273266666;18773266666
4335;18763468000;18273266666;18773266666
4336;18763469000;18273266666;18773266666
4337;18804922000;18314577777;18814577777
4338;18804925000;18314577777;18814577777
4339;18804926000;18314577777;18814577777
4340;18804927000;18314577777;18814577777
4341;18804928000;18314577777;18814577777
4342;18804929000;18314577777;18814577777
4343;18804930000;18314577777;18814577777
4344;18805132000;18314622222;18814622222
4345;18805139000;18314922222;18814922222
4346;18805140000;18314922222;18814922222
4347;18805141000;18314922222;18814922222
4348;18846681000;18356277777;18856277777
4349;18846684000;18356277777;18856277777
4350;18846685000;18356277777;18856277777
4351;18846686000;18356277777;18856277777
4352;18846687000;18356277777;18856277777
4353;18846688000;18356277777;18856277777
4354;18846689000;18356277777;18856277777
4355;18846889000;18356322222;18856322222
4356;18846895000;18356611111;18856611111
4357;18846896000;18356611111;18856611111
4358;18846897000;18356611111;18856611111
4359;18888348000;18397944444;18897944444
4360;18888351000;18397944444;18897944444
4361;18888352000;18397944444;18897944444
4362;18888353000;18397944444;18897944444
4363;18888354000;18397944444;18897944444
4364;18888355000;18397944444;18897944444
4365;18888356000;18397944444;18897944444
4366;18888555000;18397988888;18897988888
4367;18888561000;18398288888;18898288888
4368;18888562000;18398288888;18898288888
4369;18888563000;18398288888;18898288888
4370;18929982000;18439577777;18939577777
4371;18929985000;18439577777;18939577777
4372;18929986000;18439577777;18939577777
4373;18929987000;18439577777;18939577777
4374;18929988000;18439577777;18939577777
4375;18929989000;18439577777;18939577777
4376;18929990000;18439577777;18939577777
4377;18930196000;18439611111;18939611111
4378;18930203000;18439933333;18939933333
4379;18930204000;18439933333;18939933333
4380;18930205000;18439933333;18939933333
4381;18971583000;18481277777;18981277777
4382;18971586000;18481277777;18981277777
4383;18971587000;18481277777;18981277777
4384;18971588000;18481277777;18981277777
4385;18971589000;18481277777;18981277777
4386;18971590000;18481277777;18981277777
4387;18971591000;18481277777;18981277777
4388;18971790000;18481322222;18981322222
4389;18971796000;18481611111;18981611111
4390;18971798000;18481611111;18981611111
4391;18971799000;18481611111;18981611111
4392;19013348000;18522944444;19022944444
4393;19013351000;18522944444;19022944444
4394;19013353000;18522944444;19022944444
4395;19013354000;18522944444;19022944444
4396;19013355000;18522944444;19022944444
4397;19013356000;18522944444;19022944444
4398;19013357000;18522944444;19022944444
4399;19013555000;18522988888;19022988888
4400;19013561000;18523322222;19023322222
4401;19013562000;18523322222;19023322222
4402;19013564000;18523322222;19023322222
4403;19055016000;18564611111;19064611111
4404;19055019000;18564611111;19064611111
4405;19055020000;18564611111;19064611111
4406;19055021000;18564611111;19064611111
4407;19055022000;18564611111;19064611111
4408;19055024000;18564611111;19064611111
4409;19055025000;18564611111;19064611111
4410;19055224000;18564655555;19064655555
4411;19055230000;18564944444;19064944444
4412;19055231000;18564944444;19064944444
4413;19055232000;18564944444;19064944444
4414;19096691000;18606277777;19106277777
4415;19096694000;18606277777;19106277777
4416;19096695000;18606277777;19106277777
4417;19096696000;18606277777;19106277777
4418;19096697000;18606277777;19106277777
4419;19096698000;18606277777;19106277777
4420;19096699000;18606277777;19106277777
4421;19096897000;18606322222;19106322222
4422;19096912000;18606600000;19106600000
4423;19096914000;18606600000;19106600000
4424;19096915000;18606600000;19106600000
4425;19138184000;18647911111;19147911111
4426;19138187000;18647911111;19147911111
4427;19138188000;18647911111;19147911111
4428;19138189000;18647911111;19147911111
4429;19138190000;18647911111;19147911111
4430;19138191000;18647911111;19147911111
4431;19138192000;18647911111;19147911111
4432;19138391000;18647955555;19147955555
4433;19138406000;18648255555;19148255555
4434;19138407000;18648255555;19148255555
4435;19138408000;18648255555;19148255555
4436;19180054000;18689611111;19189611111
4437;19180058000;18689611111;19189611111
4438;19180059000;18689611111;19189611111
4439;19180060000;18689611111;19189611111
4440;19180061000;18689611111;19189611111
4441;19180062000;18689611111;19189611111
4442;19180063000;18689611111;19189611111
4443;19180262000;18689655555;19189655555
4444;19180277000;18689977777;19189977777
4445;19180278000;18689977777;19189977777
4446;19180279000;18689977777;19189977777
4447;19221614000;18731277777;19231277777
4448;19221624000;18731277777;19231277777
4449;19221626000;18731277777;19231277777
4450;19221627000;18731277777;19231277777
4451;19221628000;18731277777;19231277777
4452;19221629000;18731277777;19231277777
4453;19221630000;18731277777;19231277777
4454;19221769000;18731322222;19231322222
4455;19221771000;18731611111;19231611111
4456;19221773000;18731611111;19231611111
4457;19221773000;18731611111;19231611111
4458;19263209000;18772911111;19272911111
4459;19263213000;18772911111;19272911111
4460;19263214000;18772911111;19272911111
4461;19263215000;18772911111;19272911111
4462;19263216000;18772911111;19272911111
4463;19263217000;18772911111;19272911111
4464;19263218000;18772911111;19272911111
4465;19263388000;18772955555;19272955555
4466;19263391000;18773277777;19273277777
4467;19263392000;18773277777;19273277777
4468;19263393000;18773277777;19273277777
4469;19304917000;18814588888;19314588888
4470;19304921000;18814588888;19314588888
4471;19304922000;18814588888;19314588888
4472;19304923000;18814588888;19314588888
4473;19304924000;18814588888;19314588888
4474;19304926000;18814588888;19314588888
4475;19304926000;18814588888;19314588888
4476;19305146000;18814633333;19314633333
4477;19305150000;18814955555;19314955555
4478;19305151000;18814955555;19314955555
4479;19305152000;18814955555;19314955555
4480;19346605000;18856277777;19356277777
4481;19346609000;18856277777;19356277777
4482;19346610000;18856277777;19356277777
4483;19346611000;18856277777;19356277777
4484;19346612000;18856277777;19356277777
4485;19346613000;18856277777;19356277777
4486;19346614000;18856277777;19356277777
4487;19346826000;18856322222;19356322222
4488;19346829000;18856588888;19356588888
4489;19346830000;18856588888;19356588888
4490;19346831000;18856588888;19356588888
4491;19388239000;18897911111;19397911111
4492;19388243000;18897911111;19397911111
4493;19388244000;18897911111;19397911111
4494;19388245000;18897911111;19397911111
4495;19388246000;18897911111;19397911111
4496;19388247000;18897911111;19397911111
4497;19388247000;18897911111;19397911111
4498;19388383000;18897955555;19397955555
4499;19388386000;18898233333;19398233333
4500;19388387000;18898233333;19398233333
4501;19388388000;18898233333;19398233333
4502;19429929000;18939577777;19439577777
4503;19429933000;18939577777;19439577777
4504;19429934000;18939577777;19439577777
4505;19429935000;18939577777;19439577777
4506;19429936000;18939577777;19439577777
4507;19429937000;18939577777;19439577777
4508;19429938000;18939577777;19439577777
4509;19430158000;18939622222;19439622222
4510;19430161000;18939911111;19439911111
4511;19430162000;18939911111;19439911111
4512;19430164000;18939911111;19439911111
4513;19471705000;18981277777;19481277777
4514;19471709000;18981277777;19481277777
4515;19471710000;18981277777;19481277777
4516;19471711000;18981277777;19481277777
4517;19471712000;18981277777;19481277777
4518;19471713000;18981277777;19481277777
4519;19471714000;18981277777;19481277777
4520;19471927000;18981322222;19481322222
4521;19471930000;18981577777;19481577777
4522;19471932000;18981577777;19481577777
4523;19471932000;18981577777;19481577777
4524;19513338000;19022911111;19522911111
4525;19513341000;19022911111;19522911111
4526;19513342000;19022911111;19522911111
4527;19513343000;19022911111;19522911111
4528;19513344000;19022911111;19522911111
4529;19513345000;19022911111;19522911111
4530;19513346000;19022911111;19522911111
4531;19513559000;19022955555;19522955555
4532;19513563000;19023255555;19523255555
4533;19513564000;19023255555;19523255555
4534;19513565000;19023255555;19523255555
4535;19554989000;19064611111;19564611111
4536;19554992000;19064611111;19564611111
4537;19554993000;19064611111;19564611111
4538;19554994000;19064611111;19564611111
4539;19554995000;19064611111;19564611111
4540;19554997000;19064611111;19564611111
4541;19554998000;19064611111;19564611111
4542;19555141000;19064655555;19564655555
4543;19555144000;19064933333;19564933333
4544;19555145000;19064933333;19564933333
4545;19555146000;19064933333;19564933333
4546;19596561000;19106277777;19606277777
4547;19596565000;19106277777;19606277777
4548;19596572000;19106277777;19606277777
4549;19596574000;19106277777;19606277777
4550;19596574000;19106277777;19606277777
4551;19596575000;19106277777;19606277777
4552;19596576000;19106277777;19606277777
4553;19596775000;19106311111;19606311111
4554;19596782000;19106577777;19606577777
4555;19596783000;19106577777;19606577777
4556;19596784000;19106577777;19606577777
4557;19638313000;19147944444;19647944444
4558;19638316000;19147944444;19647944444
4559;19638318000;19147944444;19647944444
4560;19638319000;19147944444;19647944444
4561;19638320000;19147944444;19647944444
4562;19638321000;19147944444;19647944444
4563;19638321000;19147944444;19647944444
4564;19638459000;19147988888;19647988888
4565;19638462000;19148277777;19648277777
4566;19638463000;19148277777;19648277777
4567;19638464000;19148277777;19648277777
4568;19679967000;19189611111;19689611111
4569;19679971000;19189611111;19689611111
4570;19679972000;19189611111;19689611111
4571;19679973000;19189611111;19689611111
4572;19679974000;19189611111;19689611111
4573;19679975000;19189611111;19689611111
4574;19679976000;19189611111;19689611111
4575;19680155000;19189655555;19689655555
4576;19680171000;19189933333;19689933333
4577;19680172000;19189933333;19689933333
4578;19680173000;19189933333;19689933333
4579;19721695000;19231277777;19731277777
4580;19721699000;19231277777;19731277777
4581;19721700000;19231277777;19731277777
4582;19721701000;19231277777;19731277777
4583;19721702000;19231277777;19731277777
4584;19721703000;19231277777;19731277777
4585;19721704000;19231277777;19731277777
4586;19721903000;19231322222;19731322222
4587;19721918000;19231600000;19731600000
4588;19721919000;19231600000;19731600000
4589;19721920000;19231600000;19731600000
4590;19763269000;19272911111;19772911111
4591;19763272000;19272911111;19772911111
4592;19763274000;19272911111;19772911111
4593;19763275000;19272911111;19772911111
4594;19763276000;19272911111;19772911111
4595;19763277000;19272911111;19772911111
4596;19763278000;19272911111;19772911111
4597;19763464000;19272955555;19772955555
4598;19763480000;19273244444;19773244444
4599;19763481000;19273244444;19773244444
4600;19763482000;19273244444;19773244444
4601;19804966000;19314611111;19814611111
4602;19804969000;19314611111;19814611111
4603;19804970000;19314611111;19814611111
4604;19804971000;19314611111;19814611111
4605;19804972000;19314611111;19814611111
4606;19804973000;19314611111;19814611111
4607;19804974000;19314611111;19814611111
4608;19805197000;19314655555;19814655555
4609;19805203000;19314933333;19814933333
4610;19805204000;19314933333;19814933333
4611;19805205000;19314933333;19814933333
4612;19846591000;19356277777;19856277777
4613;19846594000;19356277777;19856277777
4614;19846596000;19356277777;19856277777
4615;19846597000;19356277777;19856277777
4616;19846598000;19356277777;19856277777
4617;19846598000;19356277777;19856277777
4618;19846599000;19356277777;19856277777
4619;19846798000;19356322222;19856322222
4620;19846804000;19356588888;19856588888
4621;19846805000;19356588888;19856588888
4622;19846806000;19356588888;19856588888
4623;19888330000;19397944444;19897944444
4624;19888333000;19397944444;19897944444
4625;19888334000;19397944444;19897944444
4626;19888335000;19397944444;19897944444
4627;19888336000;19397944444;19897944444
4628;19888337000;19397944444;19897944444
4629;19888338000;19397944444;19897944444
4630;19888475000;19397988888;19897988888
4631;19888478000;19398266666;19898266666
4632;19888479000;19398266666;19898266666
4633;19888480000;19398266666;19898266666
4634;19929989000;19439577777;19939577777
4635;19929993000;19439577777;19939577777
4636;19929994000;19439577777;19939577777
4637;19929995000;19439577777;19939577777
4638;19929996000;19439577777;19939577777
4639;19929997000;19439577777;19939577777
4640;19929998000;19439577777;19939577777
4641;19930203000;19439622222;19939622222
4642;19930210000;19439911111;19939911111
4643;19930211000;19439911111;19939911111
4644;19930212000;19439911111;19939911111
4645;19971690000;19481277777;19981277777
4646;19971693000;19481277777;19981277777
4647;19971695000;19481277777;19981277777
4648;19971703000;19481277777;19981277777
4649;19971704000;19481277777;19981277777
4650;19971705000;19481277777;19981277777
4651;19971706000;19481277777;19981277777
4652;19971904000;19481322222;19981322222
4653;19971910000;19481600000;19981600000
4654;19971912000;19481600000;19981600000
4655;19971913000;19481600000;19981600000
4656;20013321000;19522911111;20022911111
4657;20013324000;19522911111;20022911111
4658;20013325000;19522911111;20022911111
4659;20013326000;19522911111;20022911111
4660;20013328000;19522911111;20022911111
4661;20013329000;19522911111;20022911111
4662;20013330000;19522911111;20022911111
4663;20013467000;19522955555;20022955555
4664;20013469000;19523277777;20023277777
4665;20013471000;19523277777;20023277777
4666;20013472000;19523277777;20023277777
4667;20054946000;19564611111;20064611111
4668;20054949000;19564611111;20064611111
4669;20054950000;19564611111;20064611111
4670;20054951000;19564611111;20064611111
4671;20054952000;19564611111;20064611111
4672;20054953000;19564611111;20064611111
4673;20054954000;19564611111;20064611111
4674;20055172000;19564655555;20064655555
4675;20055178000;19564922222;20064922222
4676;20055180000;19564922222;20064922222
4677;20055181000;19564922222;20064922222
4678;20096689000;19606277777;20106277777
4679;20096693000;19606277777;20106277777
4680;20096693000;19606277777;20106277777
4681;20096694000;19606277777;20106277777
4682;20096695000;19606277777;20106277777
4683;20096696000;19606277777;20106277777
4684;20096697000;19606277777;20106277777
4685;20096896000;19606311111;20106311111
4686;20096902000;19606566666;20106566666
4687;20096903000;19606566666;20106566666
4688;20096904000;19606566666;20106566666
4689;20138244000;19647911111;20147911111
4690;20138248000;19647911111;20147911111
4691;20138249000;19647911111;20147911111
4692;20138249000;19647911111;20147911111
4693;20138250000;19647911111;20147911111
4694;20138251000;19647911111;20147911111
4695;20138252000;19647911111;20147911111
4696;20138465000;19647955555;20147955555
4697;20138468000;19648233333;20148233333
4698;20138469000;19648233333;20148233333
4699;20138470000;19648233333;20148233333
4700;20180005000;19689611111;20189611111
4701;20180008000;19689611111;20189611111
4702;20180009000;19689611111;20189611111
4703;20180010000;19689611111;20189611111
4704;20180011000;19689611111;20189611111
4705;20180012000;19689611111;20189611111
4706;20180013000;19689611111;20189611111
4707;20180226000;19689655555;20189655555
4708;20180230000;19689944444;20189944444
4709;20180231000;19689944444;20189944444
4710;20180232000;19689944444;20189944444
4711;20221686000;19731277777;20231277777
4712;20221689000;19731277777;20231277777
4713;20221690000;19731277777;20231277777
4714;20221692000;19731277777;20231277777
4715;20221693000;19731277777;20231277777
4716;20221694000;19731277777;20231277777
4717;20221695000;19731277777;20231277777
4718;20221906000;19731322222;20231322222
4719;20221909000;19731588888;20231588888
4720;20221911000;19731588888;20231588888
4721;20221912000;19731588888;20231588888
4722;20263277000;19772944444;20272944444
4723;20263280000;19772944444;20272944444
4724;20263281000;19772944444;20272944444
4725;20263282000;19772944444;20272944444
4726;20263283000;19772944444;20272944444
4727;20263284000;19772944444;20272944444
4728;20263285000;19772944444;20272944444
4729;20263420000;19772988888;20272988888
4730;20263423000;19773288888;20273288888
4731;20263424000;19773288888;20273288888
4732;20263425000;19773288888;20273288888
4733;20304933000;19814577777;20314577777
4734;20304937000;19814577777;20314577777
4735;20304938000;19814577777;20314577777
4736;20304939000;19814577777;20314577777
4737;20304940000;19814577777;20314577777
4738;20304941000;19814577777;20314577777
4739;20304942000;19814577777;20314577777
4740;20305163000;19814622222;20314622222
4741;20305166000;19814922222;20314922222
4742;20305167000;19814922222;20314922222
4743;20305168000;19814922222;20314922222
4744;20346633000;19856277777;20356277777
4745;20346637000;19856277777;20356277777
4746;20346638000;19856277777;20356277777
4747;20346639000;19856277777;20356277777
4748;20346648000;19856277777;20356277777
4749;20346649000;19856277777;20356277777
4750;20346650000;19856277777;20356277777
4751;20346865000;19856322222;20356322222
4752;20346868000;19856611111;20356611111
4753;20346869000;19856611111;20356611111
4754;20346870000;19856611111;20356611111
4755;20388266000;19897911111;20397911111
4756;20388270000;19897911111;20397911111
4757;20388271000;19897911111;20397911111
4758;20388272000;19897911111;20397911111
4759;20388273000;19897911111;20397911111
4760;20388274000;19897911111;20397911111
4761;20388275000;19897911111;20397911111
4762;20388488000;19897955555;20397955555
4763;20388491000;19898266666;20398266666
4764;20388492000;19898266666;20398266666
4765;20388493000;19898266666;20398266666
4766;20429978000;19939577777;20439577777
4767;20429981000;19939577777;20439577777
4768;20429982000;19939577777;20439577777
4769;20429983000;19939577777;20439577777
4770;20429984000;19939577777;20439577777
4771;20429985000;19939577777;20439577777
4772;20429986000;19939577777;20439577777
4773;20430065000;19939622222;20439622222
4774;20430068000;19939944444;20439944444
4775;20430069000;19939944444;20439944444
4776;20430070000;19939944444;20439944444
4777;20471588000;19981277777;20481277777
4778;20471591000;19981277777;20481277777
4779;20471593000;19981277777;20481277777
4780;20471594000;19981277777;20481277777
4781;20471595000;19981277777;20481277777
4782;20471596000;19981277777;20481277777
4783;20471597000;19981277777;20481277777
4784;20471800000;19981322222;20481322222
4785;20471815000;19981611111;20481611111
4786;20471816000;19981611111;20481611111
4787;20471817000;19981611111;20481611111
4788;20513304000;20022944444;20522944444
4789;20513307000;20022944444;20522944444
4790;20513308000;20022944444;20522944444
4791;20513309000;20022944444;20522944444
4792;20513310000;20022944444;20522944444
4793;20513311000;20022944444;20522944444
4794;20513312000;20022944444;20522944444
4795;20513511000;20022988888;20522988888
4796;20513526000;20023333333;20523333333
4797;20513527000;20023333333;20523333333
4798;20513529000;20023333333;20523333333
4799;20555054000;20064611111;20564611111
4800;20555058000;20064611111;20564611111
4801;20555059000;20064611111;20564611111
4802;20555060000;20064611111;20564611111
4803;20555061000;20064611111;20564611111
4804;20555062000;20064611111;20564611111
4805;20555063000;20064611111;20564611111
4806;20555233000;20064655555;20564655555
4807;20555237000;20064966666;20564966666
4808;20555238000;20064966666;20564966666
4809;20555240000;20064966666;20564966666
4810;20596691000;20106277777;20606277777
4811;20596694000;20106277777;20606277777
4812;20596695000;20106277777;20606277777
4813;20596696000;20106277777;20606277777
4814;20596697000;20106277777;20606277777
4815;20596698000;20106277777;20606277777
4816;20596699000;20106277777;20606277777
4817;20596898000;20106322222;20606322222
4818;20596904000;20106611111;20606611111
4819;20596905000;20106611111;20606611111
4820;20596906000;20106611111;20606611111
4821;20638249000;20147911111;20647911111
4822;20638253000;20147911111;20647911111
4823;20638254000;20147911111;20647911111
4824;20638255000;20147911111;20647911111
4825;20638255000;20147911111;20647911111
4826;20638256000;20147911111;20647911111
4827;20638257000;20147911111;20647911111
4828;20638472000;20147955555;20647955555
4829;20638478000;20148277777;20648277777
4830;20638479000;20148277777;20648277777
4831;20638480000;20148277777;20648277777
4832;20679919000;20189611111;20689611111
4833;20679922000;20189611111;20689611111
4834;20679924000;20189611111;20689611111
4835;20679925000;20189611111;20689611111
4836;20679926000;20189611111;20689611111
4837;20679926000;20189611111;20689611111
4838;20679927000;20189611111;20689611111
4839;20680134000;20189655555;20689655555
4840;20680150000;20189966666;20689966666
4841;20680151000;20189966666;20689966666
4842;20680152000;20189966666;20689966666
4843;20721637000;20231277777;20731277777
4844;20721640000;20231277777;20731277777
4845;20721641000;20231277777;20731277777
4846;20721642000;20231277777;20731277777
4847;20721643000;20231277777;20731277777
4848;20721651000;20231277777;20731277777
4849;20721652000;20231277777;20731277777
4850;20721881000;20231322222;20731322222
4851;20721896000;20231611111;20731611111
4852;20721897000;20231611111;20731611111
4853;20721898000;20231611111;20731611111
4854;20763363000;20272944444;20772944444
4855;20763367000;20272944444;20772944444
4856;20763368000;20272944444;20772944444
4857;20763369000;20272944444;20772944444
4858;20763370000;20272944444;20772944444
4859;20763371000;20272944444;20772944444
4860;20763372000;20272944444;20772944444
4861;20763542000;20272988888;20772988888
4862;20763546000;20273300000;20773300000
4863;20763547000;20273300000;20773300000
4864;20763548000;20273300000;20773300000
4865;20804951000;20314577777;20814577777
4866;20804954000;20314577777;20814577777
4867;20804955000;20314577777;20814577777
4868;20804966000;20314577777;20814577777
4869;20804967000;20314577777;20814577777
4870;20804968000;20314577777;20814577777
4871;20804969000;20314577777;20814577777
4872;20805106000;20314622222;20814622222
4873;20805109000;20314933333;20814933333
4874;20805110000;20314933333;20814933333
4875;20805111000;20314933333;20814933333
4876;20846614000;20356277777;20856277777
4877;20846617000;20356277777;20856277777
4878;20846618000;20356277777;20856277777
4879;20846619000;20356277777;20856277777
4880;20846620000;20356277777;20856277777
4881;20846621000;20356277777;20856277777
4882;20846623000;20356277777;20856277777
4883;20846821000;20356322222;20856322222
4884;20846828000;20356611111;20856611111
4885;20846829000;20356611111;20856611111
4886;20846830000;20356611111;20856611111
4887;20888297000;20397911111;20897911111
4888;20888300000;20397911111;20897911111
4889;20888301000;20397911111;20897911111
4890;20888302000;20397911111;20897911111
4891;20888303000;20397911111;20897911111
4892;20888304000;20397911111;20897911111
4893;20888305000;20397911111;20897911111
4894;20888442000;20397955555;20897955555
4895;20888445000;20398266666;20898266666
4896;20888446000;20398266666;20898266666
4897;20888447000;20398266666;20898266666
4898;20929937000;20439600000;20939600000
4899;20929940000;20439600000;20939600000
4900;20929941000;20439600000;20939600000
4901;20929942000;20439600000;20939600000
4902;20929943000;20439600000;20939600000
4903;20929944000;20439600000;20939600000
4904;20929945000;20439600000;20939600000
4905;20930150000;20439644444;20939644444
4906;20930156000;20440000000;20940000000
4907;20930158000;20440000000;20940000000
4908;20930159000;20440000000;20940000000
4909;20971690000;20481277777;20981277777
4910;20971694000;20481277777;20981277777
4911;20971695000;20481277777;20981277777
4912;20971696000;20481277777;20981277777
4913;20971697000;20481277777;20981277777
4914;20971698000;20481277777;20981277777
4915;20971699000;20481277777;20981277777
4916;20971897000;20481322222;20981322222
4917;20971903000;20481633333;20981633333
4918;20971905000;20481633333;20981633333
4919;20971906000;20481633333;20981633333
4920;21013322000;20522911111;21022911111
4921;21013326000;20522911111;21022911111
4922;21013327000;20522911111;21022911111
4923;21013328000;20522911111;21022911111
4924;21013329000;20522911111;21022911111
4925;21013330000;20522911111;21022911111
4926;21013331000;20522911111;21022911111
4927;21013468000;20522955555;21022955555
4928;21013471000;20523311111;21023311111
4929;21013472000;20523311111;21023311111
4930;21013473000;20523311111;21023311111
4931;21054948000;20564611111;21064611111
4932;21054951000;20564611111;21064611111
4933;21054953000;20564611111;21064611111
4934;21054954000;20564611111;21064611111
4935;21054955000;20564611111;21064611111
4936;21054956000;20564611111;21064611111
4937;21054957000;20564611111;21064611111
4938;21055163000;20564655555;21064655555
4939;21055169000;20564955555;21064955555
4940;21055170000;20564955555;21064955555
4941;21055171000;20564955555;21064955555
4942;21096614000;20606277777;21106277777
4943;21096617000;20606277777;21106277777
4944;21096618000;20606277777;21106277777
4945;21096619000;20606277777;21106277777
4946;21096620000;20606277777;21106277777
4947;21096621000;20606277777;21106277777
4948;21096629000;20606277777;21106277777
4949;21096827000;20606322222;21106322222
4950;21096833000;20606611111;21106611111
4951;21096835000;20606611111;21106611111
4952;21096836000;20606611111;21106611111
4953;21138322000;20647911111;21147911111
4954;21138326000;20647911111;21147911111
4955;21138327000;20647911111;21147911111
4956;21138328000;20647911111;21147911111
4957;21138329000;20647911111;21147911111
4958;21138330000;20647911111;21147911111
4959;21138331000;20647911111;21147911111
4960;21138468000;20647955555;21147955555
4961;21138471000;20648266666;21148266666
4962;21138472000;20648266666;21148266666
4963;21138473000;20648266666;21148266666
4964;21179972000;20689611111;21189611111
4965;21179975000;20689611111;21189611111
4966;21179987000;20689611111;21189611111
4967;21179988000;20689611111;21189611111
4968;21179989000;20689611111;21189611111
4969;21179991000;20689611111;21189611111
4970;21179992000;20689611111;21189611111
4971;21180243000;20689644444;21189644444
4972;21180259000;20689966666;21189966666
4973;21180260000;20689966666;21189966666
4974;21180261000;20689966666;21189966666
4975;21221635000;20731277777;21231277777
4976;21221638000;20731277777;21231277777
4977;21221639000;20731277777;21231277777
4978;21221641000;20731277777;21231277777
4979;21221642000;20731277777;21231277777
4980;21221643000;20731277777;21231277777
4981;21221643000;20731277777;21231277777
4982;21221815000;20731322222;21231322222
4983;21221819000;20731622222;21231622222
4984;21221821000;20731622222;21231622222
4985;21221822000;20731622222;21231622222
4986;21263270000;20772944444;21272944444
4987;21263273000;20772944444;21272944444
4988;21263274000;20772944444;21272944444
4989;21263276000;20772944444;21272944444
4990;21263277000;20772944444;21272944444
4991;21263278000;20772944444;21272944444
4992;21263279000;20772944444;21272944444
4993;21263479000;20772988888;21272988888
4994;21263494000;20773311111;21273311111
4995;21263496000;20773311111;21273311111
4996;21263497000;20773311111;21273311111
4997;21304921000;20814577777;21314577777
4998;21304924000;20814577777;21314577777
4999;21304925000;20814577777;21314577777
5000;21304926000;20814577777;21314577777
5001;21304927000;20814577777;21314577777
5002;21304929000;20814577777;21314577777
5003;21304929000;20814577777;21314577777
5004;21305136000;20814622222;21314622222
5005;21305142000;20814944444;21314944444
5006;21305143000;20814944444;21314944444
5007;21305144000;20814944444;21314944444
5008;21346629000;20856277777;21356277777
5009;21346632000;20856277777;21356277777
5010;21346634000;20856277777;21356277777
5011;21346634000;20856277777;21356277777
5012;21346636000;20856277777;21356277777
5013;21346636000;20856277777;21356277777
5014;21346637000;20856277777;21356277777
5015;21346837000;20856322222;21356322222
5016;21346843000;20856611111;21356611111
5017;21346844000;20856611111;21356611111
5018;21346845000;20856611111;21356611111
5019;21388256000;20897911111;21397911111
5020;21388260000;20897911111;21397911111
5021;21388261000;20897911111;21397911111
5022;21388262000;20897911111;21397911111
5023;21388263000;20897911111;21397911111
5024;21388264000;20897911111;21397911111
5025;21388265000;20897911111;21397911111
5026;21388412000;20897955555;21397955555
5027;21388414000;20898255555;21398255555
5028;21388415000;20898255555;21398255555
5029;21388416000;20898255555;21398255555
5030;21429928000;20939577777;21439577777
5031;21429931000;20939577777;21439577777
5032;21429933000;20939577777;21439577777
5033;21429934000;20939577777;21439577777
5034;21429935000;20939577777;21439577777
5035;21429936000;20939577777;21439577777
5036;21429937000;20939577777;21439577777
5037;21430143000;20939622222;21439622222
5038;21430158000;20939933333;21439933333
5039;21430160000;20939933333;21439933333
5040;21430161000;20939933333;21439933333
5041;21471620000;20981277777;21481277777
5042;21471623000;20981277777;21481277777
5043;21471625000;20981277777;21481277777
5044;21471626000;20981277777;21481277777
5045;21471627000;20981277777;21481277777
5046;21471628000;20981277777;21481277777
5047;21471629000;20981277777;21481277777
5048;21471837000;20981322222;21481322222
5049;21471852000;20981600000;21481600000
5050;21471853000;20981600000;21481600000
5051;21471854000;20981600000;21481600000
5052;21513288000;21022944444;21522944444
5053;21513291000;21022944444;21522944444
5054;21513292000;21022944444;21522944444
5055;21513293000;21022944444;21522944444
5056;21513294000;21022944444;21522944444
5057;21513295000;21022944444;21522944444
5058;21513296000;21022944444;21522944444
5059;21513496000;21022988888;21522988888
5060;21513511000;21023311111;21523311111
5061;21513512000;21023311111;21523311111
5062;21513513000;21023311111;21523311111
5063;21554953000;21064611111;21564611111
5064;21554956000;21064611111;21564611111
5065;21554958000;21064611111;21564611111
5066;21554958000;21064611111;21564611111
5067;21554959000;21064611111;21564611111
5068;21554961000;21064611111;21564611111
5069;21554962000;21064611111;21564611111
5070;21555177000;21064655555;21564655555
5071;21555184000;21064955555;21564955555
5072;21555185000;21064955555;21564955555
5073;21555186000;21064955555;21564955555
5074;21596614000;21106277777;21606277777
5075;21596617000;21106277777;21606277777
5076;21596618000;21106277777;21606277777
5077;21596619000;21106277777;21606277777
5078;21596620000;21106277777;21606277777
5079;21596621000;21106277777;21606277777
5080;21596622000;21106277777;21606277777
5081;21596844000;21106322222;21606322222
5082;21596850000;21106611111;21606611111
5083;21596852000;21106611111;21606611111
5084;21596853000;21106611111;21606611111
5085;21638164000;21147911111;21647911111
5086;21638167000;21147911111;21647911111
5087;21638177000;21147911111;21647911111
5088;21638178000;21147911111;21647911111
5089;21638179000;21147911111;21647911111
5090;21638180000;21147911111;21647911111
5091;21638181000;21147911111;21647911111
5092;21638317000;21147955555;21647955555
5093;21638320000;21148266666;21648266666
5094;21638321000;21148266666;21648266666
5095;21638322000;21148266666;21648266666
5096;21679953000;21189611111;21689611111
5097;21679956000;21189611111;21689611111
5098;21679957000;21189611111;21689611111
5099;21679958000;21189611111;21689611111
5100;21679959000;21189611111;21689611111
5101;21679960000;21189611111;21689611111
5102;21679961000;21189611111;21689611111
5103;21680189000;21189655555;21689655555
5104;21680205000;21189955555;21689955555
5105;21680206000;21189955555;21689955555
5106;21680207000;21189955555;21689955555
5107;21721616000;21231288888;21731288888
5108;21721619000;21231288888;21731288888
5109;21721620000;21231288888;21731288888
5110;21721622000;21231288888;21731288888
5111;21721623000;21231288888;21731288888
5112;21721624000;21231288888;21731288888
5113;21721625000;21231288888;21731288888
5114;21721796000;21231333333;21731333333
5115;21721800000;21231611111;21731611111
5116;21721801000;21231611111;21731611111
5117;21721802000;21231611111;21731611111
5118;21763252000;21272911111;21772911111
5119;21763256000;21272911111;21772911111
5120;21763257000;21272911111;21772911111
5121;21763258000;21272911111;21772911111
5122;21763259000;21272911111;21772911111
5123;21763260000;21272911111;21772911111
5124;21763261000;21272911111;21772911111
5125;21763460000;21272955555;21772955555
5126;21763466000;21273266666;21773266666
5127;21763467000;21273266666;21773266666
5128;21763468000;21273266666;21773266666
5129;21804836000;21314577777;21814577777
5130;21804839000;21314577777;21814577777
5131;21804840000;21314577777;21814577777
5132;21804841000;21314577777;21814577777
5133;21804842000;21314577777;21814577777
5134;21804844000;21314577777;21814577777
5135;21804845000;21314577777;21814577777
5136;21805015000;21314622222;21814622222
5137;21805019000;21314922222;21814922222
5138;21805020000;21314922222;21814922222
5139;21805021000;21314922222;21814922222
5140;21846613000;21356277777;21856277777
5141;21846616000;21356277777;21856277777
5142;21846617000;21356277777;21856277777
5143;21846618000;21356277777;21856277777
5144;21846619000;21356277777;21856277777
5145;21846620000;21356277777;21856277777
5146;21846621000;21356277777;21856277777
5147;21846821000;21356322222;21856322222
5148;21846834000;21356611111;21856611111
5149;21846836000;21356611111;21856611111
5150;21846837000;21356611111;21856611111
5151;21888166000;21397911111;21897911111
5152;21888169000;21397911111;21897911111
5153;21888170000;21397911111;21897911111
5154;21888171000;21397911111;21897911111
5155;21888172000;21397911111;21897911111
5156;21888173000;21397911111;21897911111
5157;21888174000;21397911111;21897911111
5158;21888374000;21397955555;21897955555
5159;21888380000;21398255555;21898255555
5160;21888382000;21398255555;21898255555
5161;21888383000;21398255555;21898255555
5162;21929865000;21439611111;21939611111
5163;21929869000;21439611111;21939611111
5164;21929870000;21439611111;21939611111
5165;21929871000;21439611111;21939611111
5166;21929872000;21439611111;21939611111
5167;21929873000;21439611111;21939611111
5168;21929874000;21439611111;21939611111
5169;21930085000;21439655555;21939655555
5170;21930091000;21439966666;21939966666
5171;21930093000;21439966666;21939966666
5172;21930093000;21439966666;21939966666
5173;21971531000;21481277777;21981277777
5174;21971535000;21481277777;21981277777
5175;21971536000;21481277777;21981277777
5176;21971537000;21481277777;21981277777
5177;21971538000;21481277777;21981277777
5178;21971539000;21481277777;21981277777
5179;21971540000;21481277777;21981277777
5180;21971738000;21481322222;21981322222
5181;21971745000;21481611111;21981611111
5182;21971746000;21481611111;21981611111
5183;21971747000;21481611111;21981611111
5184;22013247000;21522911111;22022911111
5185;22013250000;21522911111;22022911111
5186;22013251000;21522911111;22022911111
5187;22013252000;21522911111;22022911111
5188;22013253000;21522911111;22022911111
5189;22013254000;21522911111;22022911111
5190;22013255000;21522911111;22022911111
5191;22013461000;21522955555;22022955555
5192;22013468000;21523300000;22023300000
5193;22013469000;21523300000;22023300000
5194;22013470000;21523300000;22023300000
5195;22054963000;21564611111;22064611111
5196;22054967000;21564611111;22064611111
5197;22054968000;21564611111;22064611111
5198;22054969000;21564611111;22064611111
5199;22054970000;21564611111;22064611111
5200;22054971000;21564611111;22064611111
5201;22054972000;21564611111;22064611111
5202;22055179000;21564655555;22064655555
5203;22055195000;21564944444;22064944444
5204;22055196000;21564944444;22064944444
5205;22055197000;21564944444;22064944444
5206;22096601000;21606277777;22106277777
5207;22096604000;21606277777;22106277777
5208;22096606000;21606277777;22106277777
5209;22096607000;21606277777;22106277777
5210;22096607000;21606277777;22106277777
5211;22096608000;21606277777;22106277777
5212;22096610000;21606277777;22106277777
5213;22096809000;21606322222;22106322222
5214;22096825000;21606600000;22106600000
5215;22096826000;21606600000;22106600000
5216;22096827000;21606600000;22106600000
5217;22138284000;21647944444;22147944444
5218;22138288000;21647944444;22147944444
5219;22138289000;21647944444;22147944444
5220;22138290000;21647944444;22147944444
5221;22138291000;21647944444;22147944444
5222;22138292000;21647944444;22147944444
5223;22138293000;21647944444;22147944444
5224;22138493000;21647988888;22147988888
5225;22138499000;21648311111;22148311111
5226;22138500000;21648311111;22148311111
5227;22138501000;21648311111;22148311111
5228;22179915000;21689611111;22189611111
5229;22179918000;21689611111;22189611111
5230;22179920000;21689611111;22189611111
5231;22179921000;21689611111;22189611111
5232;22179922000;21689611111;22189611111
5233;22179923000;21689611111;22189611111
5234;22179924000;21689611111;22189611111
5235;22180103000;21689655555;22189655555
5236;22180108000;21689977777;22189977777
5237;22180109000;21689977777;22189977777
5238;22180110000;21689977777;22189977777
5239;22221582000;21731277777;22231277777
5240;22221585000;21731277777;22231277777
5241;22221586000;21731277777;22231277777
5242;22221587000;21731277777;22231277777
5243;22221588000;21731277777;22231277777
5244;22221589000;21731277777;22231277777
5245;22221590000;21731277777;22231277777
5246;22221762000;21731322222;22231322222
5247;22221774000;21731611111;22231611111
5248;22221775000;21731611111;22231611111
5249;22221776000;21731611111;22231611111
5250;22263230000;21772944444;22272944444
5251;22263233000;21772944444;22272944444
5252;22263234000;21772944444;22272944444
5253;22263235000;21772944444;22272944444
5254;22263236000;21772944444;22272944444
5255;22263238000;21772944444;22272944444
5256;22263239000;21772944444;22272944444
5257;22263376000;21772977777;22272977777
5258;22263379000;21773300000;22273300000
5259;22263380000;21773300000;22273300000
5260;22263381000;21773300000;22273300000
5261;22304823000;21814577777;22314577777
5262;22304826000;21814577777;22314577777
5263;22304836000;21814577777;22314577777
5264;22304837000;21814577777;22314577777
5265;22304838000;21814577777;22314577777
5266;22304840000;21814577777;22314577777
5267;22304840000;21814577777;22314577777
5268;22304975000;21814622222;22314622222
5269;22304978000;21814933333;22314933333
5270;22304979000;21814933333;22314933333
5271;22304980000;21814933333;22314933333
5272;22346606000;21856277777;22356277777
5273;22346609000;21856277777;22356277777
5274;22346610000;21856277777;22356277777
5275;22346611000;21856277777;22356277777
5276;22346612000;21856277777;22356277777
5277;22346613000;21856277777;22356277777
5278;22346614000;21856277777;22356277777
5279;22346784000;21856322222;22356322222
5280;22346789000;21856611111;22356611111
5281;22346790000;21856611111;22356611111
5282;22346791000;21856611111;22356611111
5283;22388186000;21897944444;22397944444
5284;22388189000;21897944444;22397944444
5285;22388190000;21897944444;22397944444
5286;22388191000;21897944444;22397944444
5287;22388201000;21897944444;22397944444
5288;22388202000;21897944444;22397944444
5289;22388203000;21897944444;22397944444
5290;22388337000;21897988888;22397988888
5291;22388340000;21898277777;22398277777
5292;22388341000;21898277777;22398277777
5293;22388342000;21898277777;22398277777
5294;22429940000;21939611111;22439611111
5295;22429944000;21939611111;22439611111
5296;22429945000;21939611111;22439611111
5297;22429946000;21939611111;22439611111
5298;22429947000;21939611111;22439611111
5299;22429948000;21939611111;22439611111
5300;22429949000;21939611111;22439611111
5301;22430155000;21939644444;22439644444
5302;22430161000;21939955555;22439955555
5303;22430163000;21939955555;22439955555
5304;22430163000;21939955555;22439955555
5305;22471628000;21981277777;22481277777
5306;22471632000;21981277777;22481277777
5307;22471633000;21981277777;22481277777
5308;22471634000;21981277777;22481277777
5309;22471635000;21981277777;22481277777
5310;22471636000;21981277777;22481277777
5311;22471637000;21981277777;22481277777
5312;22471836000;21981311111;22481311111
5313;22471852000;21981588888;22481588888
5314;22471854000;21981588888;22481588888
5315;22471854000;21981588888;22481588888
5316;22513281000;22022944444;22522944444
5317;22513284000;22022944444;22522944444
5318;22513285000;22022944444;22522944444
5319;22513286000;22022944444;22522944444
5320;22513287000;22022944444;22522944444
5321;22513288000;22022944444;22522944444
5322;22513289000;22022944444;22522944444
5323;22513489000;22022988888;22522988888
5324;22513504000;22023311111;22523311111
5325;22513505000;22023311111;22523311111
5326;22513507000;22023311111;22523311111
5327;22554947000;22064611111;22564611111
5328;22554950000;22064611111;22564611111
5329;22554951000;22064611111;22564611111
5330;22554952000;22064611111;22564611111
5331;22554953000;22064611111;22564611111
5332;22554955000;22064611111;22564611111
5333;22554955000;22064611111;22564611111
5334;22555161000;22064655555;22564655555
5335;22555167000;22064955555;22564955555
5336;22555168000;22064955555;22564955555
5337;22555169000;22064955555;22564955555
5338;22596613000;22106277777;22606277777
5339;22596617000;22106277777;22606277777
5340;22596618000;22106277777;22606277777
5341;22596619000;22106277777;22606277777
5342;22596620000;22106277777;22606277777
5343;22596621000;22106277777;22606277777
5344;22596622000;22106277777;22606277777
5345;22596822000;22106322222;22606322222
5346;22596837000;22106611111;22606611111
5347;22596845000;22106611111;22606611111
5348;22596846000;22106611111;22606611111
5349;22638257000;22147911111;22647911111
5350;22638261000;22147911111;22647911111
5351;22638262000;22147911111;22647911111
5352;22638263000;22147911111;22647911111
5353;22638264000;22147911111;22647911111
5354;22638265000;22147911111;22647911111
5355;22638266000;22147911111;22647911111
5356;22638466000;22147955555;22647955555
5357;22638481000;22148266666;22648266666
5358;22638482000;22148266666;22648266666
5359;22638483000;22148266666;22648266666
5360;22679930000;22189611111;22689611111
5361;22679933000;22189611111;22689611111
5362;22679934000;22189611111;22689611111
5363;22679935000;22189611111;22689611111
5364;22679936000;22189611111;22689611111
5365;22679937000;22189611111;22689611111
5366;22679938000;22189611111;22689611111
5367;22680159000;22189655555;22689655555
5368;22680175000;22189955555;22689955555
5369;22680176000;22189955555;22689955555
5370;22680177000;22189955555;22689955555
5371;22721613000;22231277777;22731277777
5372;22721616000;22231277777;22731277777
5373;22721617000;22231277777;22731277777
5374;22721618000;22231277777;22731277777
5375;22721619000;22231277777;22731277777
5376;22721620000;22231277777;22731277777
5377;22721621000;22231277777;22731277777
5378;22721836000;22231322222;22731322222
5379;22721852000;22231600000;22731600000
5380;22721853000;22231600000;22731600000
5381;22721854000;22231600000;22731600000
5382;22763321000;22272911111;22772911111
5383;22763325000;22272911111;22772911111
5384;22763326000;22272911111;22772911111
5385;22763327000;22272911111;22772911111
5386;22763328000;22272911111;22772911111
5387;22763329000;22272911111;22772911111
5388;22763330000;22272911111;22772911111
5389;22763530000;22272955555;22772955555
5390;22763536000;22273266666;22773266666
5391;22763537000;22273266666;22773266666
5392;22763539000;22273266666;22773266666
5393;22804966000;22314577777;22814577777
5394;22804969000;22314577777;22814577777
5395;22804970000;22314577777;22814577777
5396;22804971000;22314577777;22814577777
5397;22804972000;22314577777;22814577777
5398;22804973000;22314577777;22814577777
5399;22804974000;22314577777;22814577777
5400;22805173000;22314622222;22814622222
5401;22805179000;22314922222;22814922222
5402;22805181000;22314922222;22814922222
5403;22805182000;22314922222;22814922222
5404;22846663000;22356277777;22856277777
5405;22846667000;22356277777;22856277777
5406;22846668000;22356277777;22856277777
5407;22846669000;22356277777;22856277777
5408;22846670000;22356277777;22856277777
5409;22846671000;22356277777;22856277777
5410;22846672000;22356277777;22856277777
5411;22846871000;22356322222;22856322222
5412;22846877000;22356611111;22856611111
5413;22846878000;22356611111;22856611111
5414;22846879000;22356611111;22856611111
5415;22888316000;22397944444;22897944444
5416;22888320000;22397944444;22897944444
5417;22888321000;22397944444;22897944444
5418;22888322000;22397944444;22897944444
5419;22888323000;22397944444;22897944444
5420;22888324000;22397944444;22897944444
5421;22888325000;22397944444;22897944444
5422;22888546000;22397988888;22897988888
5423;22888561000;22398288888;22898288888
5424;22888563000;22398288888;22898288888
5425;22888564000;22398288888;22898288888
5426;22929940000;22439588888;22939588888
5427;22929942000;22439588888;22939588888
5428;22929943000;22439588888;22939588888
5429;22929944000;22439588888;22939588888
5430;22929945000;22439588888;22939588888
5431;22929946000;22439588888;22939588888
5432;22929947000;22439588888;22939588888
5433;22930090000;22439633333;22939633333
5434;22930093000;22439955555;22939955555
5435;22930094000;22439955555;22939955555
5436;22930095000;22439955555;22939955555
5437;22971661000;22481277777;22981277777
5438;22971664000;22481277777;22981277777
5439;22971665000;22481277777;22981277777
5440;22971667000;22481277777;22981277777
5441;22971668000;22481277777;22981277777
5442;22971669000;22481277777;22981277777
5443;22971670000;22481277777;22981277777
5444;22971870000;22481322222;22981322222
5445;22971885000;22481622222;22981622222
5446;22971886000;22481622222;22981622222
5447;22971894000;22481622222;22981622222
5448;23013335000;22522911111;23022911111
5449;23013338000;22522911111;23022911111
5450;23013339000;22522911111;23022911111
5451;23013340000;22522911111;23022911111
5452;23013341000;22522911111;23022911111
5453;23013342000;22522911111;23022911111
5454;23013343000;22522911111;23022911111
5455;23013543000;22522955555;23022955555
5456;23013549000;22523300000;23023300000
5457;23013551000;22523300000;23023300000
5458;23013552000;22523300000;23023300000
5459;23055030000;22564611111;23064611111
5460;23055033000;22564611111;23064611111
5461;23055034000;22564611111;23064611111
5462;23055035000;22564611111;23064611111
5463;23055036000;22564611111;23064611111
5464;23055038000;22564611111;23064611111
5465;23055038000;22564611111;23064611111
5466;23055245000;22564655555;23064655555
5467;23055260000;22564944444;23064944444
5468;23055261000;22564944444;23064944444
5469;23055262000;22564944444;23064944444
5470;23096684000;22606277777;23106277777
5471;23096687000;22606277777;23106277777
5472;23096688000;22606277777;23106277777
5473;23096689000;22606277777;23106277777
5474;23096690000;22606277777;23106277777
5475;23096691000;22606277777;23106277777
5476;23096692000;22606277777;23106277777
5477;23096891000;22606322222;23106322222
5478;23096907000;22606600000;23106600000
5479;23096908000;22606600000;23106600000
5480;23096909000;22606600000;23106600000
5481;23138299000;22647911111;23147911111
5482;23138303000;22647911111;23147911111
5483;23138304000;22647911111;23147911111
5484;23138305000;22647911111;23147911111
5485;23138306000;22647911111;23147911111
5486;23138307000;22647911111;23147911111
5487;23138308000;22647911111;23147911111
5488;23138507000;22647955555;23147955555
5489;23138523000;22648255555;23148255555
5490;23138524000;22648255555;23148255555
5491;23138525000;22648255555;23148255555
5492;23180016000;22689611111;23189611111
5493;23180019000;22689611111;23189611111
5494;23180020000;22689611111;23189611111
5495;23180021000;22689611111;23189611111
5496;23180022000;22689611111;23189611111
5497;23180023000;22689611111;23189611111
5498;23180024000;22689611111;23189611111
5499;23180224000;22689655555;23189655555
