seqnum;now;rtptime;deadline;packet_len;payload_len
0;4226547000;3194711111;3694711111;10240;10228
3;4226572000;3225700000;3725700000;10240;10228
4;4226595000;3225700000;3725700000;10240;10228
8;4226617000;3225700000;3725700000;10240;10228
11;4226626000;3226077777;3726077777;10240;10228
12;4226634000;3226077777;3726077777;10240;10228
15;4226641000;3267366666;3767366666;10240;10228
16;4226646000;3267366666;3767366666;10240;10228
23;4226651000;3267766666;3767766666;10240;10228
24;4226659000;3267766666;3767766666;10240;10228
27;4226663000;3309033333;3809033333;10240;10228
28;4226671000;3309033333;3809033333;10240;10228
31;4226678000;3309033333;3809033333;10240;10228
32;4226682000;3309055555;3809055555;10240;10228
35;4226698000;3309388888;3809388888;10240;10228
36;4226702000;3350700000;3850700000;10240;10228
39;4226705000;3350700000;3850700000;10240;10228
40;4226709000;3350700000;3850700000;10240;10228
43;4226712000;3350711111;3850711111;10240;10228
2;4226717000;3194711111;3694711111;10240;10228
47;4226722000;3392366666;3892366666;10240;10228
48;4226737000;3392366666;3892366666;10240;10228
52;4226743000;3392366666;3892366666;10240;10228
55;4226750000;3392700000;3892700000;10240;10228
5;4226869000;3225700000;3725700000;10240;10228
6;4227038000;3225700000;3725700000;10240;10228
9;4227076000;3225700000;3725700000;10240;10228
10;4227221000;3225722222;3725722222;10240;10228
13;4227233000;3226077777;3726077777;10240;10228
14;4227433000;3267366666;3767366666;10240;10228
21;4227448000;3267388888;3767388888;10240;10228
25;4227633000;3309033333;3809033333;10240;10228
26;4227641000;3309033333;3809033333;10240;10228
29;4227837000;3309033333;3809033333;10240;10228
30;4228038000;3309033333;3809033333;10240;10228
33;4228066000;3309388888;3809388888;10240;10228
34;4228261000;3309388888;3809388888;10240;10228
38;4228272000;3350700000;3850700000;10240;10228
41;4228465000;3350700000;3850700000;10240;10228
42;4228473000;3350700000;3850700000;10240;10228
45;4228669000;3351055555;3851055555;10240;10228
46;4228875000;3351055555;3851055555;10240;10228
49;4228884000;3392366666;3892366666;10240;10228
50;4229091000;3392366666;3892366666;10240;10228
53;4229100000;3392366666;3892366666;10240;10228
54;4229284000;3392388888;3892388888;10240;10228
58;4236879000;3434033333;3934033333;10240;10228
60;4236904000;3434033333;3934033333;10240;10228
66;4236911000;3434355555;3934355555;10240;10228
67;4236917000;3434355555;3934355555;10240;10228
69;4236936000;3475700000;3975700000;10240;10228
73;4236943000;3475700000;3975700000;10240;10228
74;4236948000;3475700000;3975700000;10240;10228
77;4236952000;3476055555;3976055555;10240;10228
78;4236971000;3476055555;3976055555;10240;10228
81;4236977000;3517377777;4017377777;10240;10228
82;4236988000;3517377777;4017377777;10240;10228
84;4237013000;3517377777;4017377777;10240;10228
85;4237023000;3517377777;4017377777;10240;10228
88;4237028000;3517755555;4017755555;10240;10228
91;4237033000;3559033333;4059033333;10240;10228
93;4237057000;3559033333;4059033333;10240;10228
95;4237063000;3559033333;4059033333;10240;10228
96;4237094000;3559033333;4059033333;10240;10228
57;4237100000;3392700000;3892700000;10240;10228
102;4237106000;3600700000;4100700000;10240;10228
103;4237114000;3600700000;4100700000;10240;10228
105;4237119000;3600700000;4100700000;10240;10228
106;4237125000;3600700000;4100700000;10240;10228
108;4237136000;3600700000;4100700000;10240;10228
59;4237207000;3434033333;3934033333;10240;10228
71;4237402000;3475700000;3975700000;10240;10228
72;4237412000;3475700000;3975700000;10240;10228
75;4237603000;3475700000;3975700000;10240;10228
76;4237615000;3475722222;3975722222;10240;10228
79;4237807000;3476055555;3976055555;10240;10228
80;4237820000;3517377777;4017377777;10240;10228
83;4238019000;3517377777;4017377777;10240;10228
86;4238251000;3517377777;4017377777;10240;10228
87;4238263000;3517400000;4017400000;10240;10228
89;4238281000;3517755555;4017755555;10240;10228
90;4238454000;3517755555;4017755555;10240;10228
92;4238654000;3559033333;4059033333;10240;10228
94;4238665000;3559033333;4059033333;10240;10228
98;4238856000;3559055555;4059055555;10240;10228
100;4238884000;3559355555;4059355555;10240;10228
101;4239069000;3559355555;4059355555;10240;10228
104;4239081000;3600700000;4100700000;10240;10228
107;4239251000;3600700000;4100700000;10240;10228
109;4239271000;3600711111;4100711111;10240;10228
112;4247371000;3600966666;4100966666;10240;10228
113;4247410000;3642366666;4142366666;10240;10228
114;4247423000;3642366666;4142366666;10240;10228
116;4247433000;3642366666;4142366666;10240;10228
119;4247442000;3642366666;4142366666;10240;10228
120;4247452000;3642388888;4142388888;10240;10228
122;4247463000;3642688888;4142688888;10240;10228
123;4247472000;3642688888;4142688888;10240;10228
125;4247480000;3684033333;4184033333;10240;10228
128;4247499000;3684033333;4184033333;10240;10228
129;4247512000;3684033333;4184033333;10240;10228
132;4247533000;3684355555;4184355555;10240;10228
133;4247544000;3684355555;4184355555;10240;10228
136;4247551000;3725700000;4225700000;10240;10228
137;4247558000;3725700000;4225700000;10240;10228
140;4247567000;3725700000;4225700000;10240;10228
141;4247577000;3725700000;4225700000;10240;10228
144;4247584000;3726000000;4226000000;10240;10228
145;4247592000;3726000000;4226000000;10240;10228
148;4247613000;3767366666;4267366666;10240;10228
111;4247629000;3600966666;4100966666;10240;10228
149;4247642000;3767366666;4267366666;10240;10228
152;4247651000;3767366666;4267366666;10240;10228
156;4247662000;3767700000;4267700000;10240;10228
159;4247670000;3809033333;4309033333;10240;10228
161;4247677000;3809033333;4309033333;10240;10228
163;4247685000;3809033333;4309033333;10240;10228
115;4247723000;3642366666;4142366666;10240;10228
117;4247942000;3642366666;4142366666;10240;10228
118;4247952000;3642366666;4142366666;10240;10228
121;4248157000;3642688888;4142688888;10240;10228
124;4248180000;3684033333;4184033333;10240;10228
126;4248354000;3684033333;4184033333;10240;10228
130;4248379000;3684033333;4184033333;10240;10228
131;4248557000;3684044444;4184044444;10240;10228
134;4248579000;3684355555;4184355555;10240;10228
135;4248760000;3725700000;4225700000;10240;10228
138;4248955000;3725700000;4225700000;10240;10228
139;4248967000;3725700000;4225700000;10240;10228
142;4249173000;3725711111;4225711111;10240;10228
143;4249195000;3726000000;4226000000;10240;10228
146;4249376000;3767366666;4267366666;10240;10228
147;4249398000;3767366666;4267366666;10240;10228
150;4249588000;3767366666;4267366666;10240;10228
151;4249779000;3767366666;4267366666;10240;10228
153;4249785000;3767388888;4267388888;10240;10228
154;4249971000;3767700000;4267700000;10240;10228
158;4249977000;3809033333;4309033333;10240;10228
160;4250187000;3809033333;4309033333;10240;10228
162;4250192000;3809033333;4309033333;10240;10228
164;4250409000;3809044444;4309044444;10240;10228
165;4250418000;3809366666;4309366666;10240;10228
167;4257702000;3809366666;4309366666;10240;10228
169;4257724000;3850700000;4350700000;10240;10228
170;4257734000;3850700000;4350700000;10240;10228
171;4257746000;3850700000;4350700000;10240;10228
174;4257756000;3850700000;4350700000;10240;10228
176;4257766000;3851011111;4351011111;10240;10228
177;4257774000;3851011111;4351011111;10240;10228
179;4257781000;3892366666;4392366666;10240;10228
182;4257841000;3892366666;4392366666;10240;10228
185;4257861000;3892366666;4392366666;10240;10228
187;4257869000;3892677777;4392677777;10240;10228
189;4257878000;3892677777;4392677777;10240;10228
166;4257894000;3809366666;4309366666;10240;10228
190;4257907000;3934033333;4434033333;10240;10228
193;4257915000;3934033333;4434033333;10240;10228
195;4257943000;3934033333;4434033333;10240;10228
197;4257952000;3934055555;4434055555;10240;10228
200;4257996000;3934333333;4434333333;10240;10228
201;4258007000;3975700000;4475700000;10240;10228
202;4258016000;3975700000;4475700000;10240;10228
203;4258023000;3975700000;4475700000;10240;10228
204;4258069000;3975700000;4475700000;10240;10228
205;4258085000;3975700000;4475700000;10240;10228
206;4258102000;3975700000;4475700000;10240;10228
168;4258109000;3850700000;4350700000;10240;10228
172;4258302000;3850700000;4350700000;10240;10228
173;4258347000;3850700000;4350700000;10240;10228
175;4258494000;3850711111;4350711111;10240;10228
178;4258504000;3851011111;4351011111;10240;10228
181;4258704000;3892366666;4392366666;10240;10228
183;4258713000;3892366666;4392366666;10240;10228
184;4258980000;3892366666;4392366666;10240;10228
186;4258989000;3892388888;4392388888;10240;10228
191;4259141000;3934033333;4434033333;10240;10228
192;4259161000;3934033333;4434033333;10240;10228
194;4259363000;3934033333;4434033333;10240;10228
196;4259545000;3934033333;4434033333;10240;10228
199;4259570000;3934333333;4434333333;10240;10228
208;4259749000;3975711111;4475711111;10240;10228
209;4259928000;3976000000;4476000000;10240;10228
210;4259941000;3976000000;4476000000;10240;10228
211;4260175000;3976000000;4476000000;10240;10228
212;4260387000;4017366666;4517366666;10240;10228
213;4260590000;4017366666;4517366666;10240;10228
214;4260788000;4017366666;4517366666;10240;10228
215;4260798000;4017366666;4517366666;10240;10228
216;4260981000;4017366666;4517366666;10240;10228
217;4260991000;4017366666;4517366666;10240;10228
218;4261206000;4017366666;4517366666;10240;10228
219;4267945000;4017377777;4517377777;10240;10228
220;4267987000;4017711111;4517711111;10240;10228
222;4267999000;4017711111;4517711111;10240;10228
223;4268009000;4059033333;4559033333;10240;10228
224;4268019000;4059033333;4559033333;10240;10228
225;4268029000;4059033333;4559033333;10240;10228
226;4268040000;4059033333;4559033333;10240;10228
227;4268080000;4059033333;4559033333;10240;10228
228;4268125000;4059033333;4559033333;10240;10228
229;4268146000;4059033333;4559033333;10240;10228
230;4268161000;4059055555;4559055555;10240;10228
231;4268172000;4059377777;4559377777;10240;10228
155;4268185000;3767700000;4267700000;10240;10228
232;4268217000;4059377777;4559377777;10240;10228
233;4268226000;4059377777;4559377777;10240;10228
234;4268247000;4100700000;4600700000;10240;10228
235;4268258000;4100700000;4600700000;10240;10228
236;4268280000;4100700000;4600700000;10240;10228
237;4268299000;4100700000;4600700000;10240;10228
238;4268320000;4100700000;4600700000;10240;10228
239;4268330000;4100700000;4600700000;10240;10228
198;4268342000;3934333333;4434333333;10240;10228
240;4268366000;4100700000;4600700000;10240;10228
241;4268373000;4100711111;4600711111;10240;10228
243;4268382000;4100988888;4600988888;10240;10228
244;4268403000;4100988888;4600988888;10240;10228
180;4268414000;3892366666;4392366666;10240;10228
245;4268700000;4142366666;4642366666;10240;10228
246;4268892000;4142366666;4642366666;10240;10228
247;4269120000;4142366666;4642366666;10240;10228
249;4269139000;4142366666;4642366666;10240;10228
250;4269376000;4142366666;4642366666;10240;10228
188;4269687000;3892677777;4392677777;10240;10228
251;4269786000;4142366666;4642366666;10240;10228
252;4269800000;4142388888;4642388888;10240;10228
253;4269808000;4142700000;4642700000;10240;10228
254;4269981000;4142700000;4642700000;10240;10228
255;4269995000;4142700000;4642700000;10240;10228
256;4270181000;4184033333;4684033333;10240;10228
257;4270192000;4184033333;4684033333;10240;10228
258;4270382000;4184033333;4684033333;10240;10228
259;4270587000;4184033333;4684033333;10240;10228
260;4270605000;4184033333;4684033333;10240;10228
261;4270791000;4184033333;4684033333;10240;10228
262;4270804000;4184033333;4684033333;10240;10228
263;4271209000;4184044444;4684044444;10240;10228
264;4271218000;4184344444;4684344444;10240;10228
265;4271241000;4184344444;4684344444;10240;10228
266;4271432000;4184344444;4684344444;10240;10228
267;4271631000;4225700000;4725700000;10240;10228
268;4271646000;4225700000;4725700000;10240;10228
269;4271813000;4225700000;4725700000;10240;10228
272;4278332000;4225700000;4725700000;10240;10228
273;4278369000;4225700000;4725700000;10240;10228
274;4278376000;4225722222;4725722222;10240;10228
275;4278387000;4226044444;4726044444;10240;10228
276;4278394000;4226044444;4726044444;10240;10228
277;4278430000;4226044444;4726044444;10240;10228
278;4278438000;4267366666;4767366666;10240;10228
279;4278443000;4267366666;4767366666;10240;10228
280;4278449000;4267366666;4767366666;10240;10228
281;4278483000;4267366666;4767366666;10240;10228
282;4278489000;4267366666;4767366666;10240;10228
283;4278493000;4267366666;4767366666;10240;10228
285;4278498000;4267377777;4767377777;10240;10228
207;4278515000;3975700000;4475700000;10240;10228
221;4278695000;4017711111;4517711111;10240;10228
248;4279940000;4142366666;4642366666;10240;10228
271;4288599000;4225700000;4725700000;10240;10228
242;4288768000;4100988888;4600988888;10240;10228
270;4288927000;4225700000;4725700000;10240;10228
286;4314776000;4267700000;4767700000;10240;10228
288;4314809000;4267700000;4767700000;10240;10228
290;4314822000;4309066666;4809066666;10240;10228
292;4314833000;4309066666;4809066666;10240;10228
294;4314842000;4309066666;4809066666;10240;10228
296;4314847000;4309122222;4809122222;10240;10228
287;4314952000;4267700000;4767700000;10240;10228
289;4315153000;4309066666;4809066666;10240;10228
291;4315342000;4309066666;4809066666;10240;10228
293;4315354000;4309066666;4809066666;10240;10228
295;4315544000;4309066666;4809066666;10240;10228
284;4325142000;4267366666;4767366666;10240;10228
300;4356435000;4350700000;4850700000;10240;10228
304;4356496000;4350700000;4850700000;10240;10228
306;4356503000;4350700000;4850700000;10240;10228
297;4356643000;4309433333;4809433333;10240;10228
299;4356770000;4309433333;4809433333;10240;10228
301;4356974000;4350700000;4850700000;10240;10228
303;4356987000;4350700000;4850700000;10240;10228
307;4357227000;4350744444;4850744444;10240;10228
298;4366930000;4309433333;4809433333;10240;10228
308;4398115000;4351044444;4851044444;10240;10228
310;4398150000;4351044444;4851044444;10240;10228
312;4398163000;4392388888;4892388888;10240;10228
314;4398172000;4392388888;4892388888;10240;10228
316;4398177000;4392388888;4892388888;10240;10228
318;4398182000;4392433333;4892433333;10240;10228
309;4398318000;4351044444;4851044444;10240;10228
311;4398480000;4392388888;4892388888;10240;10228
313;4398678000;4392388888;4892388888;10240;10228
315;4398686000;4392388888;4892388888;10240;10228
317;4398912000;4392388888;4892388888;10240;10228
302;4408608000;4350700000;4850700000;10240;10228
305;4408939000;4350700000;4850700000;10240;10228
320;4439785000;4392733333;4892733333;10240;10228
322;4439822000;4434055555;4934055555;10240;10228
324;4439831000;4434055555;4934055555;10240;10228
328;4439837000;4434055555;4934055555;10240;10228
319;4439936000;4392733333;4892733333;10240;10228
321;4440183000;4392733333;4892733333;10240;10228
323;4440209000;4434055555;4934055555;10240;10228
325;4440363000;4434055555;4934055555;10240;10228
327;4440560000;4434055555;4934055555;10240;10228
329;4440591000;4434100000;4934100000;10240;10228
332;4481437000;4434411111;4934411111;10240;10228
334;4481472000;4475688888;4975688888;10240;10228
338;4481479000;4475688888;4975688888;10240;10228
331;4481613000;4434411111;4934411111;10240;10228
333;4481797000;4475688888;4975688888;10240;10228
335;4482003000;4475688888;4975688888;10240;10228
339;4482016000;4475688888;4975688888;10240;10228
326;4491756000;4434055555;4934055555;10240;10228
330;4491789000;4434411111;4934411111;10240;10228
344;4523134000;4517388888;5017388888;10240;10228
346;4523174000;4517388888;5017388888;10240;10228
348;4523181000;4517388888;5017388888;10240;10228
350;4523186000;4517388888;5017388888;10240;10228
341;4523279000;4476022222;4976022222;10240;10228
345;4523492000;4517388888;5017388888;10240;10228
347;4523686000;4517388888;5017388888;10240;10228
349;4523701000;4517388888;5017388888;10240;10228
351;4523865000;4517433333;5017433333;10240;10228
336;4533439000;4475688888;4975688888;10240;10228
337;4533764000;4475688888;4975688888;10240;10228
343;4533934000;4476022222;4976022222;10240;10228
352;4564751000;4517733333;5017733333;10240;10228
354;4564766000;4517733333;5017733333;10240;10228
356;4564803000;4559055555;5059055555;10240;10228
362;4564811000;4559100000;5059100000;10240;10228
353;4564958000;4517733333;5017733333;10240;10228
355;4565212000;4559055555;5059055555;10240;10228
357;4565224000;4559055555;5059055555;10240;10228
359;4565371000;4559055555;5059055555;10240;10228
361;4565594000;4559055555;5059055555;10240;10228
364;4606381000;4559411111;5059411111;10240;10228
366;4606398000;4600688888;5100688888;10240;10228
368;4606407000;4600688888;5100688888;10240;10228
370;4606415000;4600688888;5100688888;10240;10228
372;4606429000;4600688888;5100688888;10240;10228
363;4606594000;4559411111;5059411111;10240;10228
365;4606791000;4559411111;5059411111;10240;10228
367;4606992000;4600688888;5100688888;10240;10228
369;4606998000;4600688888;5100688888;10240;10228
371;4607198000;4600688888;5100688888;10240;10228
374;4648128000;4600988888;5100988888;10240;10228
376;4648155000;4600988888;5100988888;10240;10228
378;4648164000;4642388888;5142388888;10240;10228
380;4648168000;4642388888;5142388888;10240;10228
382;4648173000;4642388888;5142388888;10240;10228
384;4648177000;4642433333;5142433333;10240;10228
375;4648302000;4600988888;5100988888;10240;10228
377;4648476000;4642388888;5142388888;10240;10228
379;4648677000;4642388888;5142388888;10240;10228
381;4648682000;4642388888;5142388888;10240;10228
383;4648880000;4642388888;5142388888;10240;10228
373;4658903000;4600744444;5100744444;10240;10228
386;4689731000;4642722222;5142722222;10240;10228
388;4689748000;4684022222;5184022222;10240;10228
390;4689754000;4684022222;5184022222;10240;10228
394;4689768000;4684022222;5184022222;10240;10228
385;4689923000;4642722222;5142722222;10240;10228
387;4690179000;4642722222;5142722222;10240;10228
389;4690328000;4684022222;5184022222;10240;10228
391;4690348000;4684022222;5184022222;10240;10228
393;4690540000;4684022222;5184022222;10240;10228
395;4690562000;4684077777;5184077777;10240;10228
396;4731414000;4684388888;5184388888;10240;10228
398;4731425000;4684388888;5184388888;10240;10228
400;4731430000;4725733333;5225733333;10240;10228
402;4731434000;4725733333;5225733333;10240;10228
404;4731440000;4725733333;5225733333;10240;10228
406;4731445000;4725777777;5225777777;10240;10228
397;4731626000;4684388888;5184388888;10240;10228
399;4731830000;4725733333;5225733333;10240;10228
401;4731852000;4725733333;5225733333;10240;10228
403;4732032000;4725733333;5225733333;10240;10228
405;4732249000;4725733333;5225733333;10240;10228
392;4741700000;4684022222;5184022222;10240;10228
408;4773120000;4726066666;5226066666;10240;10228
410;4773135000;4767388888;5267388888;10240;10228
412;4773141000;4767388888;5267388888;10240;10228
414;4773146000;4767388888;5267388888;10240;10228
416;4773150000;4767388888;5267388888;10240;10228
407;4773284000;4726066666;5226066666;10240;10228
409;4773492000;4726066666;5226066666;10240;10228
411;4773512000;4767388888;5267388888;10240;10228
413;4773699000;4767388888;5267388888;10240;10228
415;4773895000;4767388888;5267388888;10240;10228
417;4773913000;4767444444;5267444444;10240;10228
418;4814737000;4767744444;5267744444;10240;10228
420;4814747000;4767744444;5267744444;10240;10228
422;4814758000;4809055555;5309055555;10240;10228
424;4814765000;4809055555;5309055555;10240;10228
428;4814770000;4809100000;5309100000;10240;10228
419;4814912000;4767744444;5267744444;10240;10228
421;4815165000;4809055555;5309055555;10240;10228
423;4815186000;4809055555;5309055555;10240;10228
425;4815358000;4809055555;5309055555;10240;10228
427;4815557000;4809055555;5309055555;10240;10228
430;4856382000;4809422222;5309422222;10240;10228
432;4856417000;4850688888;5350688888;10240;10228
434;4856434000;4850688888;5350688888;10240;10228
436;4856439000;4850688888;5350688888;10240;10228
438;4856443000;4850688888;5350688888;10240;10228
429;4856589000;4809422222;5309422222;10240;10228
431;4856793000;4809422222;5309422222;10240;10228
433;4856814000;4850688888;5350688888;10240;10228
435;4856995000;4850688888;5350688888;10240;10228
437;4857209000;4850688888;5350688888;10240;10228
439;4857220000;4850744444;5350744444;10240;10228
442;4898118000;4851022222;5351022222;10240;10228
444;4898130000;4892388888;5392388888;10240;10228
446;4898135000;4892388888;5392388888;10240;10228
448;4898140000;4892388888;5392388888;10240;10228
450;4898144000;4892433333;5392433333;10240;10228
441;4898288000;4851022222;5351022222;10240;10228
443;4898496000;4892388888;5392388888;10240;10228
445;4898534000;4892388888;5392388888;10240;10228
447;4898703000;4892388888;5392388888;10240;10228
449;4898898000;4892388888;5392388888;10240;10228
440;4908374000;4851022222;5351022222;10240;10228
452;4939784000;4892722222;5392722222;10240;10228
454;4939801000;4934055555;5434055555;10240;10228
456;4939806000;4934055555;5434055555;10240;10228
458;4939811000;4934055555;5434055555;10240;10228
460;4939815000;4934055555;5434055555;10240;10228
451;4939953000;4892722222;5392722222;10240;10228
453;4940156000;4892722222;5392722222;10240;10228
455;4940176000;4934055555;5434055555;10240;10228
457;4940330000;4934055555;5434055555;10240;10228
459;4940565000;4934055555;5434055555;10240;10228
461;4940604000;4934100000;5434100000;10240;10228
462;4981389000;4934400000;5434400000;10240;10228
464;4981400000;4934400000;5434400000;10240;10228
466;4981409000;4975700000;5475700000;10240;10228
468;4981417000;4975700000;5475700000;10240;10228
470;4981422000;4975700000;5475700000;10240;10228
472;4981427000;4975744444;5475744444;10240;10228
463;4981589000;4934400000;5434400000;10240;10228
465;4981802000;4975700000;5475700000;10240;10228
467;4981837000;4975700000;5475700000;10240;10228
469;4981998000;4975700000;5475700000;10240;10228
471;4982208000;4975700000;5475700000;10240;10228
474;5023084000;4976011111;5476011111;10240;10228
476;5023100000;5017388888;5517388888;10240;10228
478;5023105000;5017388888;5517388888;10240;10228
480;5023110000;5017388888;5517388888;10240;10228
482;5023114000;5017388888;5517388888;10240;10228
473;5023279000;4976011111;5476011111;10240;10228
475;5023472000;4976011111;5476011111;10240;10228
477;5023486000;5017388888;5517388888;10240;10228
479;5023676000;5017388888;5517388888;10240;10228
481;5023847000;5017388888;5517388888;10240;10228
483;5023870000;5017433333;5517433333;10240;10228
484;5064711000;5017744444;5517744444;10240;10228
486;5064721000;5017744444;5517744444;10240;10228
490;5064741000;5059022222;5559022222;10240;10228
492;5064748000;5059022222;5559022222;10240;10228
494;5064752000;5059077777;5559077777;10240;10228
485;5064920000;5017744444;5517744444;10240;10228
487;5065160000;5059022222;5559022222;10240;10228
489;5065289000;5059022222;5559022222;10240;10228
491;5065298000;5059022222;5559022222;10240;10228
493;5065504000;5059022222;5559022222;10240;10228
496;5106410000;5059388888;5559388888;10240;10228
498;5106442000;5100722222;5600722222;10240;10228
500;5106449000;5100722222;5600722222;10240;10228
502;5106468000;5100722222;5600722222;10240;10228
504;5106472000;5100722222;5600722222;10240;10228
495;5106617000;5059388888;5559388888;10240;10228
497;5106822000;5059388888;5559388888;10240;10228
499;5106832000;5100722222;5600722222;10240;10228
501;5107026000;5100722222;5600722222;10240;10228
503;5107237000;5100722222;5600722222;10240;10228
505;5107247000;5100766666;5600766666;10240;10228
488;5116672000;5059022222;5559022222;10240;10228
506;5148068000;5101033333;5601033333;10240;10228
508;5148081000;5101033333;5601033333;10240;10228
510;5148093000;5142388888;5642388888;10240;10228
512;5148100000;5142388888;5642388888;10240;10228
514;5148105000;5142388888;5642388888;10240;10228
516;5148108000;5142433333;5642433333;10240;10228
509;5148288000;5142388888;5642388888;10240;10228
511;5148500000;5142388888;5642388888;10240;10228
515;5148510000;5142388888;5642388888;10240;10228
507;5158990000;5101033333;5601033333;10240;10228
518;5189756000;5142744444;5642744444;10240;10228
520;5189787000;5184055555;5684055555;10240;10228
522;5189794000;5184055555;5684055555;10240;10228
524;5189810000;5184055555;5684055555;10240;10228
526;5189813000;5184055555;5684055555;10240;10228
517;5189977000;5142744444;5642744444;10240;10228
519;5190185000;5142744444;5642744444;10240;10228
521;5190196000;5184055555;5684055555;10240;10228
523;5190420000;5184055555;5684055555;10240;10228
525;5190591000;5184055555;5684055555;10240;10228
527;5190611000;5184100000;5684100000;10240;10228
513;5200424000;5142388888;5642388888;10240;10228
528;5231400000;5184422222;5684422222;10240;10228
530;5231409000;5184422222;5684422222;10240;10228
532;5231424000;5225700000;5725700000;10240;10228
534;5231439000;5225700000;5725700000;10240;10228
536;5231443000;5225700000;5725700000;10240;10228
538;5231457000;5225744444;5725744444;10240;10228
529;5231591000;5184422222;5684422222;10240;10228
531;5231795000;5225700000;5725700000;10240;10228
535;5231814000;5225700000;5725700000;10240;10228
537;5231997000;5225700000;5725700000;10240;10228
540;5273068000;5226022222;5726022222;10240;10228
542;5273090000;5267388888;5767388888;10240;10228
544;5273097000;5267388888;5767388888;10240;10228
546;5273112000;5267388888;5767388888;10240;10228
548;5273117000;5267388888;5767388888;10240;10228
539;5273281000;5226022222;5726022222;10240;10228
541;5273454000;5226022222;5726022222;10240;10228
543;5273659000;5267388888;5767388888;10240;10228
547;5273669000;5267388888;5767388888;10240;10228
549;5273860000;5267433333;5767433333;10240;10228
533;5283703000;5225700000;5725700000;10240;10228
550;5314710000;5267744444;5767744444;10240;10228
552;5314719000;5267744444;5767744444;10240;10228
554;5314727000;5309022222;5809022222;10240;10228
556;5314735000;5309022222;5809022222;10240;10228
558;5314739000;5309022222;5809022222;10240;10228
560;5314747000;5309077777;5809077777;10240;10228
551;5314920000;5267744444;5767744444;10240;10228
553;5315148000;5309022222;5809022222;10240;10228
555;5315328000;5309022222;5809022222;10240;10228
557;5315340000;5309022222;5809022222;10240;10228
559;5315542000;5309022222;5809022222;10240;10228
562;5356394000;5309377777;5809377777;10240;10228
564;5356410000;5350688888;5850688888;10240;10228
566;5356418000;5350688888;5850688888;10240;10228
570;5356431000;5350688888;5850688888;10240;10228
561;5356557000;5309377777;5809377777;10240;10228
563;5356786000;5309377777;5809377777;10240;10228
565;5356997000;5350688888;5850688888;10240;10228
567;5357017000;5350688888;5850688888;10240;10228
569;5357169000;5350688888;5850688888;10240;10228
571;5357181000;5350744444;5850744444;10240;10228
572;5398062000;5351022222;5851022222;10240;10228
574;5398074000;5351022222;5851022222;10240;10228
576;5398088000;5392388888;5892388888;10240;10228
578;5398101000;5392388888;5892388888;10240;10228
580;5398117000;5392388888;5892388888;10240;10228
573;5398243000;5351022222;5851022222;10240;10228
575;5398443000;5392388888;5892388888;10240;10228
577;5398646000;5392388888;5892388888;10240;10228
579;5398652000;5392388888;5892388888;10240;10228
581;5398836000;5392388888;5892388888;10240;10228
568;5408539000;5350688888;5850688888;10240;10228
584;5439796000;5392744444;5892744444;10240;10228
586;5439813000;5434055555;5934055555;10240;10228
590;5439819000;5434055555;5934055555;10240;10228
592;5439833000;5434055555;5934055555;10240;10228
583;5439953000;5392744444;5892744444;10240;10228
585;5440128000;5392744444;5892744444;10240;10228
587;5440359000;5434055555;5934055555;10240;10228
589;5440371000;5434055555;5934055555;10240;10228
591;5440571000;5434055555;5934055555;10240;10228
593;5440581000;5434100000;5934100000;10240;10228
582;5450237000;5392433333;5892433333;10240;10228
594;5481424000;5434422222;5934422222;10240;10228
596;5481436000;5434422222;5934422222;10240;10228
598;5481458000;5475688888;5975688888;10240;10228
600;5481482000;5475688888;5975688888;10240;10228
602;5481486000;5475688888;5975688888;10240;10228
595;5481593000;5434422222;5934422222;10240;10228
597;5481793000;5475688888;5975688888;10240;10228
599;5481815000;5475688888;5975688888;10240;10228
601;5481995000;5475688888;5975688888;10240;10228
603;5482206000;5475688888;5975688888;10240;10228
588;5491764000;5434055555;5934055555;10240;10228
606;5523084000;5476033333;5976033333;10240;10228
608;5523101000;5517400000;6017400000;10240;10228
610;5523106000;5517400000;6017400000;10240;10228
612;5523112000;5517400000;6017400000;10240;10228
614;5523115000;5517400000;6017400000;10240;10228
605;5523286000;5476033333;5976033333;10240;10228
607;5523495000;5476033333;5976033333;10240;10228
611;5523506000;5517400000;6017400000;10240;10228
613;5523700000;5517400000;6017400000;10240;10228
604;5533352000;5475744444;5975744444;10240;10228
616;5564740000;5517755555;6017755555;10240;10228
618;5564779000;5517755555;6017755555;10240;10228
620;5564786000;5559055555;6059055555;10240;10228
622;5564803000;5559055555;6059055555;10240;10228
624;5564807000;5559055555;6059055555;10240;10228
626;5564820000;5559100000;6059100000;10240;10228
617;5564917000;5517755555;6017755555;10240;10228
619;5565157000;5559055555;6059055555;10240;10228
621;5565169000;5559055555;6059055555;10240;10228
625;5565366000;5559055555;6059055555;10240;10228
609;5575401000;5517400000;6017400000;10240;10228
628;5606431000;5559433333;6059433333;10240;10228
632;5606442000;5600688888;6100688888;10240;10228
634;5606448000;5600688888;6100688888;10240;10228
636;5606452000;5600688888;6100688888;10240;10228
629;5606595000;5559433333;6059433333;10240;10228
631;5606800000;5600688888;6100688888;10240;10228
633;5606821000;5600688888;6100688888;10240;10228
635;5607004000;5600688888;6100688888;10240;10228
637;5607015000;5600744444;6100744444;10240;10228
630;5616940000;5600688888;6100688888;10240;10228
623;5617108000;5559055555;6059055555;10240;10228
627;5617118000;5559433333;6059433333;10240;10228
638;5648069000;5601000000;6101000000;10240;10228
640;5648078000;5601000000;6101000000;10240;10228
642;5648088000;5642388888;6142388888;10240;10228
644;5648095000;5642388888;6142388888;10240;10228
646;5648101000;5642388888;6142388888;10240;10228
648;5648106000;5642433333;6142433333;10240;10228
639;5648284000;5601000000;6101000000;10240;10228
641;5648488000;5642388888;6142388888;10240;10228
643;5648507000;5642388888;6142388888;10240;10228
645;5648698000;5642388888;6142388888;10240;10228
647;5648863000;5642388888;6142388888;10240;10228
650;5689756000;5642733333;6142733333;10240;10228
652;5689769000;5684055555;6184055555;10240;10228
654;5689776000;5684055555;6184055555;10240;10228
656;5689780000;5684055555;6184055555;10240;10228
658;5689785000;5684055555;6184055555;10240;10228
649;5689949000;5642733333;6142733333;10240;10228
651;5690149000;5642733333;6142733333;10240;10228
653;5690161000;5684055555;6184055555;10240;10228
657;5690318000;5684055555;6184055555;10240;10228
659;5690518000;5684100000;6184100000;10240;10228
660;5731414000;5684422222;6184422222;10240;10228
662;5731426000;5684422222;6184422222;10240;10228
664;5731454000;5725722222;6225722222;10240;10228
668;5731464000;5725722222;6225722222;10240;10228
670;5731478000;5725766666;6225766666;10240;10228
661;5731618000;5684422222;6184422222;10240;10228
663;5731822000;5725722222;6225722222;10240;10228
665;5731846000;5725722222;6225722222;10240;10228
667;5732024000;5725722222;6225722222;10240;10228
669;5732235000;5725722222;6225722222;10240;10228
655;5742092000;5684055555;6184055555;10240;10228
672;5773123000;5726055555;6226055555;10240;10228
674;5773153000;5767388888;6267388888;10240;10228
676;5773160000;5767388888;6267388888;10240;10228
678;5773176000;5767388888;6267388888;10240;10228
680;5773179000;5767388888;6267388888;10240;10228
671;5773284000;5726055555;6226055555;10240;10228
673;5773488000;5726055555;6226055555;10240;10228
675;5773499000;5767388888;6267388888;10240;10228
677;5773693000;5767388888;6267388888;10240;10228
679;5773890000;5767388888;6267388888;10240;10228
681;5773899000;5767433333;6267433333;10240;10228
666;5783632000;5725722222;6225722222;10240;10228
682;5814764000;5767744444;6267744444;10240;10228
684;5814775000;5767744444;6267744444;10240;10228
686;5814786000;5809055555;6309055555;10240;10228
688;5814793000;5809055555;6309055555;10240;10228
690;5814798000;5809055555;6309055555;10240;10228
692;5814801000;5809100000;6309100000;10240;10228
683;5814953000;5767744444;6267744444;10240;10228
685;5815155000;5809055555;6309055555;10240;10228
687;5815175000;5809055555;6309055555;10240;10228
689;5815366000;5809055555;6309055555;10240;10228
691;5815536000;5809055555;6309055555;10240;10228
694;5856439000;5809433333;6309433333;10240;10228
696;5856483000;5850688888;6350688888;10240;10228
698;5856488000;5850688888;6350688888;10240;10228
700;5856492000;5850688888;6350688888;10240;10228
702;5856497000;5850688888;6350688888;10240;10228
695;5856610000;5809433333;6309433333;10240;10228
704;5898141000;5851033333;6351033333;10240;10228
706;5898200000;5851033333;6351033333;10240;10228
708;5898208000;5892388888;6392388888;10240;10228
710;5898226000;5892388888;6392388888;10240;10228
712;5898231000;5892388888;6392388888;10240;10228
714;5898234000;5892433333;6392433333;10240;10228
705;5898340000;5851033333;6351033333;10240;10228
707;5898482000;5892388888;6392388888;10240;10228
709;5898688000;5892388888;6392388888;10240;10228
711;5898715000;5892388888;6392388888;10240;10228
713;5898892000;5892388888;6392388888;10240;10228
693;5908869000;5809433333;6309433333;10240;10228
699;5909242000;5850688888;6350688888;10240;10228
701;5909446000;5850688888;6350688888;10240;10228
703;5909469000;5850744444;6350744444;10240;10228
716;5939816000;5892733333;6392733333;10240;10228
718;5939856000;5934066666;6434066666;10240;10228
720;5939862000;5934066666;6434066666;10240;10228
722;5939867000;5934066666;6434066666;10240;10228
724;5939872000;5934066666;6434066666;10240;10228
715;5940000000;5892733333;6392733333;10240;10228
717;5940238000;5892733333;6392733333;10240;10228
719;5940275000;5934066666;6434066666;10240;10228
721;5940387000;5934066666;6434066666;10240;10228
723;5940616000;5934066666;6434066666;10240;10228
725;5940650000;5934111111;6434111111;10240;10228
726;5981453000;5934433333;6434433333;10240;10228
728;5981474000;5934433333;6434433333;10240;10228
730;5981499000;5975688888;6475688888;10240;10228
732;5981507000;5975688888;6475688888;10240;10228
734;5981514000;5975688888;6475688888;10240;10228
736;5981533000;5975744444;6475744444;10240;10228
727;5981634000;5934433333;6434433333;10240;10228
729;5981864000;5975688888;6475688888;10240;10228
731;5981904000;5975688888;6475688888;10240;10228
733;5982014000;5975688888;6475688888;10240;10228
735;5982250000;5975688888;6475688888;10240;10228
738;6023119000;5976022222;6476022222;10240;10228
740;6023156000;6017388888;6517388888;10240;10228
742;6023162000;6017388888;6517388888;10240;10228
744;6023167000;6017388888;6517388888;10240;10228
746;6023172000;6017388888;6517388888;10240;10228
739;6023311000;5976022222;6476022222;10240;10228
741;6023525000;6017388888;6517388888;10240;10228
743;6023690000;6017388888;6517388888;10240;10228
745;6023707000;6017388888;6517388888;10240;10228
747;6023892000;6017433333;6517433333;10240;10228
748;6064810000;6017755555;6517755555;10240;10228
750;6064844000;6017755555;6517755555;10240;10228
752;6064859000;6059055555;6559055555;10240;10228
754;6064864000;6059055555;6559055555;10240;10228
756;6064868000;6059055555;6559055555;10240;10228
758;6064872000;6059100000;6559100000;10240;10228
749;6064964000;6017755555;6517755555;10240;10228
751;6065190000;6059055555;6559055555;10240;10228
753;6065209000;6059055555;6559055555;10240;10228
755;6065407000;6059055555;6559055555;10240;10228
757;6065590000;6059055555;6559055555;10240;10228
760;6106430000;6059433333;6559433333;10240;10228
762;6106455000;6100722222;6600722222;10240;10228
764;6106462000;6100722222;6600722222;10240;10228
766;6106468000;6100722222;6600722222;10240;10228
768;6106472000;6100722222;6600722222;10240;10228
759;6106670000;6059433333;6559433333;10240;10228
761;6106848000;6059433333;6559433333;10240;10228
763;6106869000;6100722222;6600722222;10240;10228
765;6107056000;6100722222;6600722222;10240;10228
767;6107266000;6100722222;6600722222;10240;10228
769;6107285000;6100766666;6600766666;10240;10228
770;6148070000;6101044444;6601044444;10240;10228
772;6148079000;6101044444;6601044444;10240;10228
774;6148090000;6142388888;6642388888;10240;10228
776;6148098000;6142388888;6642388888;10240;10228
778;6148102000;6142388888;6642388888;10240;10228
780;6148106000;6142433333;6642433333;10240;10228
771;6148308000;6101044444;6601044444;10240;10228
773;6148524000;6142388888;6642388888;10240;10228
777;6148561000;6142388888;6642388888;10240;10228
779;6148748000;6142388888;6642388888;10240;10228
782;6189770000;6142744444;6642744444;10240;10228
784;6189805000;6184055555;6684055555;10240;10228
786;6189820000;6184055555;6684055555;10240;10228
788;6189825000;6184055555;6684055555;10240;10228
790;6189828000;6184055555;6684055555;10240;10228
783;6189985000;6142744444;6642744444;10240;10228
787;6190198000;6184055555;6684055555;10240;10228
789;6190217000;6184055555;6684055555;10240;10228
791;6190428000;6184100000;6684100000;10240;10228
775;6200445000;6142388888;6642388888;10240;10228
781;6200886000;6142744444;6642744444;10240;10228
792;6231396000;6184433333;6684433333;10240;10228
798;6231409000;6225700000;6725700000;10240;10228
800;6231414000;6225700000;6725700000;10240;10228
802;6231419000;6225744444;6725744444;10240;10228
793;6231631000;6184433333;6684433333;10240;10228
795;6231819000;6225700000;6725700000;10240;10228
799;6231838000;6225700000;6725700000;10240;10228
801;6232028000;6225700000;6725700000;10240;10228
794;6241780000;6184433333;6684433333;10240;10228
796;6241791000;6225700000;6725700000;10240;10228
785;6242115000;6184055555;6684055555;10240;10228
804;6273071000;6226033333;6726033333;10240;10228
806;6273104000;6267388888;6767388888;10240;10228
808;6273110000;6267388888;6767388888;10240;10228
810;6273125000;6267388888;6767388888;10240;10228
812;6273129000;6267388888;6767388888;10240;10228
803;6273321000;6226033333;6726033333;10240;10228
805;6273489000;6226033333;6726033333;10240;10228
807;6273500000;6267388888;6767388888;10240;10228
809;6273691000;6267388888;6767388888;10240;10228
811;6273890000;6267388888;6767388888;10240;10228
813;6273901000;6267433333;6767433333;10240;10228
797;6283545000;6225700000;6725700000;10240;10228
814;6314761000;6267755555;6767755555;10240;10228
816;6314770000;6267755555;6767755555;10240;10228
818;6314781000;6309055555;6809055555;10240;10228
820;6314788000;6309055555;6809055555;10240;10228
824;6314793000;6309100000;6809100000;10240;10228
815;6314951000;6267755555;6767755555;10240;10228
817;6315158000;6309055555;6809055555;10240;10228
819;6315175000;6309055555;6809055555;10240;10228
821;6315363000;6309055555;6809055555;10240;10228
823;6315534000;6309055555;6809055555;10240;10228
826;6356397000;6309422222;6809422222;10240;10228
828;6356417000;6350688888;6850688888;10240;10228
830;6356428000;6350688888;6850688888;10240;10228
832;6356434000;6350688888;6850688888;10240;10228
834;6356447000;6350688888;6850688888;10240;10228
825;6356557000;6309422222;6809422222;10240;10228
827;6356814000;6309422222;6809422222;10240;10228
831;6356826000;6350688888;6850688888;10240;10228
833;6356987000;6350688888;6850688888;10240;10228
835;6357168000;6350744444;6850744444;10240;10228
822;6366724000;6309055555;6809055555;10240;10228
829;6367549000;6350688888;6850688888;10240;10228
836;6398080000;6351022222;6851022222;10240;10228
838;6398090000;6351022222;6851022222;10240;10228
840;6398100000;6392388888;6892388888;10240;10228
842;6398107000;6392388888;6892388888;10240;10228
844;6398112000;6392388888;6892388888;10240;10228
846;6398115000;6392433333;6892433333;10240;10228
837;6398286000;6351022222;6851022222;10240;10228
839;6398487000;6392388888;6892388888;10240;10228
841;6398501000;6392388888;6892388888;10240;10228
843;6398682000;6392388888;6892388888;10240;10228
845;6398888000;6392388888;6892388888;10240;10228
848;6439703000;6392744444;6892744444;10240;10228
850;6439726000;6434022222;6934022222;10240;10228
852;6439732000;6434022222;6934022222;10240;10228
854;6439736000;6434022222;6934022222;10240;10228
856;6439741000;6434022222;6934022222;10240;10228
847;6439891000;6392744444;6892744444;10240;10228
849;6440119000;6392744444;6892744444;10240;10228
851;6440328000;6434022222;6934022222;10240;10228
853;6440347000;6434022222;6934022222;10240;10228
855;6440502000;6434022222;6934022222;10240;10228
857;6440521000;6434077777;6934077777;10240;10228
864;6481418000;6475700000;6975700000;10240;10228
866;6481445000;6475700000;6975700000;10240;10228
868;6481450000;6475744444;6975744444;10240;10228
859;6481602000;6434400000;6934400000;10240;10228
861;6481792000;6475700000;6975700000;10240;10228
865;6481997000;6475700000;6975700000;10240;10228
867;6482008000;6475700000;6975700000;10240;10228
860;6491782000;6434400000;6934400000;10240;10228
862;6491813000;6475700000;6975700000;10240;10228
870;6523126000;6476044444;6976044444;10240;10228
872;6523149000;6517388888;7017388888;10240;10228
874;6523181000;6517388888;7017388888;10240;10228
876;6523191000;6517388888;7017388888;10240;10228
878;6523195000;6517388888;7017388888;10240;10228
873;6523298000;6517388888;7017388888;10240;10228
875;6523497000;6517388888;7017388888;10240;10228
879;6523508000;6517433333;7017433333;10240;10228
880;6564679000;6517744444;7017744444;10240;10228
882;6564690000;6517744444;7017744444;10240;10228
884;6564700000;6559022222;7059022222;10240;10228
886;6564712000;6559022222;7059022222;10240;10228
888;6564717000;6559022222;7059022222;10240;10228
890;6564724000;6559066666;7059066666;10240;10228
881;6564912000;6517744444;7017744444;10240;10228
883;6565118000;6559022222;7059022222;10240;10228
885;6565317000;6559022222;7059022222;10240;10228
887;6565327000;6559022222;7059022222;10240;10228
889;6565522000;6559022222;7059022222;10240;10228
871;6575179000;6476044444;6976044444;10240;10228
877;6575356000;6517388888;7017388888;10240;10228
869;6575380000;6476044444;6976044444;10240;10228
892;6606392000;6559400000;7059400000;10240;10228
894;6606411000;6600688888;7100688888;10240;10228
896;6606416000;6600688888;7100688888;10240;10228
898;6606425000;6600688888;7100688888;10240;10228
900;6606428000;6600688888;7100688888;10240;10228
891;6606561000;6559400000;7059400000;10240;10228
895;6606793000;6600688888;7100688888;10240;10228
897;6606804000;6600688888;7100688888;10240;10228
899;6606994000;6600688888;7100688888;10240;10228
901;6607005000;6600744444;7100744444;10240;10228
893;6617308000;6559400000;7059400000;10240;10228
902;6648101000;6601011111;7101011111;10240;10228
904;6648111000;6601011111;7101011111;10240;10228
906;6648121000;6642388888;7142388888;10240;10228
908;6648129000;6642388888;7142388888;10240;10228
910;6648133000;6642388888;7142388888;10240;10228
912;6648137000;6642433333;7142433333;10240;10228
903;6648281000;6601011111;7101011111;10240;10228
905;6648492000;6642388888;7142388888;10240;10228
907;6648509000;6642388888;7142388888;10240;10228
909;6648701000;6642388888;7142388888;10240;10228
911;6648892000;6642388888;7142388888;10240;10228
914;6689730000;6642744444;7142744444;10240;10228
918;6689757000;6684022222;7184022222;10240;10228
920;6689773000;6684022222;7184022222;10240;10228
913;6689919000;6642744444;7142744444;10240;10228
915;6690149000;6642744444;7142744444;10240;10228
917;6690329000;6684022222;7184022222;10240;10228
919;6690339000;6684022222;7184022222;10240;10228
921;6690540000;6684022222;7184022222;10240;10228
923;6690549000;6684077777;7184077777;10240;10228
924;6731415000;6684400000;7184400000;10240;10228
926;6731425000;6684400000;7184400000;10240;10228
928;6731430000;6725733333;7225733333;10240;10228
930;6731435000;6725733333;7225733333;10240;10228
932;6731440000;6725733333;7225733333;10240;10228
934;6731450000;6725777777;7225777777;10240;10228
929;6731639000;6725733333;7225733333;10240;10228
931;6731843000;6725733333;7225733333;10240;10228
933;6731863000;6725733333;7225733333;10240;10228
916;6741717000;6684022222;7184022222;10240;10228
922;6741727000;6684022222;7184022222;10240;10228
925;6752004000;6684400000;7184400000;10240;10228
927;6752218000;6725733333;7225733333;10240;10228
936;6773115000;6726077777;7226077777;10240;10228
938;6773128000;6767388888;7267388888;10240;10228
940;6773138000;6767388888;7267388888;10240;10228
942;6773143000;6767388888;7267388888;10240;10228
944;6773147000;6767388888;7267388888;10240;10228
935;6773276000;6726077777;7226077777;10240;10228
937;6773487000;6726077777;7226077777;10240;10228
939;6773506000;6767388888;7267388888;10240;10228
941;6773685000;6767388888;7267388888;10240;10228
943;6773897000;6767388888;7267388888;10240;10228
945;6773915000;6767433333;7267433333;10240;10228
946;6814735000;6767755555;7267755555;10240;10228
948;6814746000;6767755555;7267755555;10240;10228
950;6814757000;6809055555;7309055555;10240;10228
952;6814765000;6809055555;7309055555;10240;10228
954;6814771000;6809055555;7309055555;10240;10228
956;6814775000;6809100000;7309100000;10240;10228
947;6814918000;6767755555;7267755555;10240;10228
949;6815126000;6809055555;7309055555;10240;10228
951;6815364000;6809055555;7309055555;10240;10228
953;6815410000;6809055555;7309055555;10240;10228
955;6815572000;6809055555;7309055555;10240;10228
958;6856378000;6809433333;7309433333;10240;10228
960;6856393000;6850688888;7350688888;10240;10228
962;6856403000;6850688888;7350688888;10240;10228
964;6856407000;6850688888;7350688888;10240;10228
966;6856412000;6850688888;7350688888;10240;10228
959;6856597000;6809433333;7309433333;10240;10228
961;6856802000;6850688888;7350688888;10240;10228
963;6856812000;6850688888;7350688888;10240;10228
965;6857022000;6850688888;7350688888;10240;10228
967;6857208000;6850744444;7350744444;10240;10228
970;6898144000;6851044444;7351044444;10240;10228
972;6898156000;6892388888;7392388888;10240;10228
974;6898161000;6892388888;7392388888;10240;10228
978;6898165000;6892433333;7392433333;10240;10228
969;6898285000;6851044444;7351044444;10240;10228
971;6898498000;6892388888;7392388888;10240;10228
973;6898508000;6892388888;7392388888;10240;10228
975;6898705000;6892388888;7392388888;10240;10228
977;6898896000;6892388888;7392388888;10240;10228
980;6939747000;6892744444;7392744444;10240;10228
982;6939756000;6934055555;7434055555;10240;10228
984;6939762000;6934055555;7434055555;10240;10228
986;6939767000;6934055555;7434055555;10240;10228
988;6939771000;6934055555;7434055555;10240;10228
983;6939960000;6934055555;7434055555;10240;10228
985;6940158000;6934055555;7434055555;10240;10228
987;6940375000;6934055555;7434055555;10240;10228
968;6950135000;6851044444;7351044444;10240;10228
981;6950707000;6892744444;7392744444;10240;10228
979;6950857000;6892744444;7392744444;10240;10228
990;6981421000;6934422222;7434422222;10240;10228
992;6981431000;6934422222;7434422222;10240;10228
994;6981441000;6975688888;7475688888;10240;10228
996;6981445000;6975688888;7475688888;10240;10228
998;6981451000;6975688888;7475688888;10240;10228
1000;6981454000;6975744444;7475744444;10240;10228
991;6981586000;6934422222;7434422222;10240;10228
993;6981791000;6975688888;7475688888;10240;10228
995;6981811000;6975688888;7475688888;10240;10228
997;6981995000;6975688888;7475688888;10240;10228
999;6982205000;6975688888;7475688888;10240;10228
1002;7023119000;6976033333;7476033333;10240;10228
1004;7023129000;7017388888;7517388888;10240;10228
1006;7023139000;7017388888;7517388888;10240;10228
1008;7023144000;7017388888;7517388888;10240;10228
1010;7023149000;7017388888;7517388888;10240;10228
1001;7023277000;6976033333;7476033333;10240;10228
1003;7023491000;6976033333;7476033333;10240;10228
1005;7023502000;7017388888;7517388888;10240;10228
1007;7023694000;7017388888;7517388888;10240;10228
1009;7023889000;7017388888;7517388888;10240;10228
1011;7023900000;7017433333;7517433333;10240;10228
1012;7064763000;7017755555;7517755555;10240;10228
1014;7064773000;7017755555;7517755555;10240;10228
1016;7064779000;7059055555;7559055555;10240;10228
1018;7064783000;7059055555;7559055555;10240;10228
1020;7064788000;7059055555;7559055555;10240;10228
1022;7064793000;7059100000;7559100000;10240;10228
1013;7064953000;7017755555;7517755555;10240;10228
1015;7065175000;7059055555;7559055555;10240;10228
1017;7065186000;7059055555;7559055555;10240;10228
1019;7065364000;7059055555;7559055555;10240;10228
1021;7065574000;7059055555;7559055555;10240;10228
1024;7106369000;7059433333;7559433333;10240;10228
1026;7106395000;7100688888;7600688888;10240;10228
1028;7106403000;7100688888;7600688888;10240;10228
1030;7106407000;7100688888;7600688888;10240;10228
1032;7106412000;7100688888;7600688888;10240;10228
1023;7106586000;7059433333;7559433333;10240;10228
1025;7106791000;7059433333;7559433333;10240;10228
1027;7106827000;7100688888;7600688888;10240;10228
1029;7106994000;7100688888;7600688888;10240;10228
1031;7107204000;7100688888;7600688888;10240;10228
1033;7107222000;7100744444;7600744444;10240;10228
1034;7148074000;7101022222;7601022222;10240;10228
1036;7148085000;7101022222;7601022222;10240;10228
1038;7148096000;7142388888;7642388888;10240;10228
1040;7148103000;7142388888;7642388888;10240;10228
1042;7148110000;7142388888;7642388888;10240;10228
1044;7148114000;7142444444;7642444444;10240;10228
1035;7148287000;7101022222;7601022222;10240;10228
1037;7148496000;7142388888;7642388888;10240;10228
1039;7148516000;7142388888;7642388888;10240;10228
1041;7148704000;7142388888;7642388888;10240;10228
1046;7189768000;7142766666;7642766666;10240;10228
1048;7189797000;7184055555;7684055555;10240;10228
1050;7189805000;7184055555;7684055555;10240;10228
1052;7189810000;7184055555;7684055555;10240;10228
1054;7189824000;7184055555;7684055555;10240;10228
1049;7189965000;7184055555;7684055555;10240;10228
1051;7190166000;7184055555;7684055555;10240;10228
1053;7190178000;7184055555;7684055555;10240;10228
1055;7190375000;7184100000;7684100000;10240;10228
1056;7231390000;7184411111;7684411111;10240;10228
1058;7231402000;7184411111;7684411111;10240;10228
1060;7231408000;7225688888;7725688888;10240;10228
1062;7231412000;7225688888;7725688888;10240;10228
1064;7231417000;7225688888;7725688888;10240;10228
1066;7231421000;7225744444;7725744444;10240;10228
1057;7231586000;7184411111;7684411111;10240;10228
1061;7231791000;7225688888;7725688888;10240;10228
1063;7231812000;7225688888;7725688888;10240;10228
1065;7231996000;7225688888;7725688888;10240;10228
1043;7242085000;7142388888;7642388888;10240;10228
1045;7242129000;7142766666;7642766666;10240;10228
1047;7242299000;7142766666;7642766666;10240;10228
1059;7242511000;7225688888;7725688888;10240;10228
1068;7273131000;7226022222;7726022222;10240;10228
1070;7273148000;7267388888;7767388888;10240;10228
1072;7273154000;7267388888;7767388888;10240;10228
1074;7273159000;7267388888;7767388888;10240;10228
1067;7273277000;7226022222;7726022222;10240;10228
1069;7273487000;7226022222;7726022222;10240;10228
1071;7273506000;7267388888;7767388888;10240;10228
1073;7273684000;7267388888;7767388888;10240;10228
1075;7273892000;7267388888;7767388888;10240;10228
1077;7273901000;7267433333;7767433333;10240;10228
1078;7314737000;7267744444;7767744444;10240;10228
1082;7314747000;7309055555;7809055555;10240;10228
1084;7314754000;7309055555;7809055555;10240;10228
1088;7314758000;7309100000;7809100000;10240;10228
1079;7314922000;7267744444;7767744444;10240;10228
1081;7315127000;7309055555;7809055555;10240;10228
1083;7315323000;7309055555;7809055555;10240;10228
1085;7315334000;7309055555;7809055555;10240;10228
1087;7315527000;7309055555;7809055555;10240;10228
1092;7356402000;7350700000;7850700000;10240;10228
1094;7356414000;7350700000;7850700000;10240;10228
1096;7356421000;7350700000;7850700000;10240;10228
1098;7356425000;7350700000;7850700000;10240;10228
1089;7356561000;7309411111;7809411111;10240;10228
1091;7356755000;7309411111;7809411111;10240;10228
1093;7356961000;7350700000;7850700000;10240;10228
1095;7356971000;7350700000;7850700000;10240;10228
1097;7357168000;7350700000;7850700000;10240;10228
1099;7357177000;7350744444;7850744444;10240;10228
1076;7366659000;7267388888;7767388888;10240;10228
1080;7366682000;7267744444;7767744444;10240;10228
1086;7366695000;7309055555;7809055555;10240;10228
1090;7366763000;7309411111;7809411111;10240;10228
1100;7398080000;7351011111;7851011111;10240;10228
1102;7398092000;7351011111;7851011111;10240;10228
1104;7398101000;7392388888;7892388888;10240;10228
1106;7398109000;7392388888;7892388888;10240;10228
1108;7398114000;7392388888;7892388888;10240;10228
1110;7398119000;7392433333;7892433333;10240;10228
1101;7398280000;7351011111;7851011111;10240;10228
1105;7398450000;7392388888;7892388888;10240;10228
1107;7398680000;7392388888;7892388888;10240;10228
1109;7398687000;7392388888;7892388888;10240;10228
1103;7408985000;7392388888;7892388888;10240;10228
1112;7439772000;7392733333;7892733333;10240;10228
1114;7439789000;7434055555;7934055555;10240;10228
1116;7439794000;7434055555;7934055555;10240;10228
1118;7439799000;7434055555;7934055555;10240;10228
1120;7439803000;7434055555;7934055555;10240;10228
1111;7439952000;7392733333;7892733333;10240;10228
1113;7440153000;7392733333;7892733333;10240;10228
1115;7440191000;7434055555;7934055555;10240;10228
1117;7440362000;7434055555;7934055555;10240;10228
1119;7440543000;7434055555;7934055555;10240;10228
1121;7440573000;7434100000;7934100000;10240;10228
1122;7481367000;7434422222;7934422222;10240;10228
1124;7481378000;7434422222;7934422222;10240;10228
1126;7481387000;7475688888;7975688888;10240;10228
1128;7481395000;7475688888;7975688888;10240;10228
1130;7481400000;7475688888;7975688888;10240;10228
1132;7481404000;7475744444;7975744444;10240;10228
1123;7481590000;7434422222;7934422222;10240;10228
1125;7481794000;7475688888;7975688888;10240;10228
1127;7481831000;7475688888;7975688888;10240;10228
1129;7481997000;7475688888;7975688888;10240;10228
1131;7482208000;7475688888;7975688888;10240;10228
1136;7523068000;7517388888;8017388888;10240;10228
1138;7523083000;7517388888;8017388888;10240;10228
1140;7523090000;7517388888;8017388888;10240;10228
1142;7523095000;7517388888;8017388888;10240;10228
1133;7523277000;7476033333;7976033333;10240;10228
1135;7523448000;7476033333;7976033333;10240;10228
1137;7523645000;7517388888;8017388888;10240;10228
1139;7523657000;7517388888;8017388888;10240;10228
1141;7523847000;7517388888;8017388888;10240;10228
1143;7523858000;7517433333;8017433333;10240;10228
1134;7533394000;7476033333;7976033333;10240;10228
1144;7564744000;7517733333;8017733333;10240;10228
1146;7564759000;7517733333;8017733333;10240;10228
1148;7564773000;7559055555;8059055555;10240;10228
1150;7564778000;7559055555;8059055555;10240;10228
1154;7564783000;7559100000;8059100000;10240;10228
1145;7564941000;7517733333;8017733333;10240;10228
1147;7565157000;7559055555;8059055555;10240;10228
1149;7565179000;7559055555;8059055555;10240;10228
1151;7565362000;7559055555;8059055555;10240;10228
1153;7565573000;7559055555;8059055555;10240;10228
1156;7606456000;7559411111;8059411111;10240;10228
1158;7606487000;7600722222;8100722222;10240;10228
1160;7606494000;7600722222;8100722222;10240;10228
1162;7606513000;7600722222;8100722222;10240;10228
1164;7606516000;7600722222;8100722222;10240;10228
1155;7606621000;7559411111;8059411111;10240;10228
1157;7606822000;7559411111;8059411111;10240;10228
1159;7606842000;7600722222;8100722222;10240;10228
1163;7607023000;7600722222;8100722222;10240;10228
1165;7607034000;7600766666;8100766666;10240;10228
1152;7616769000;7559055555;8059055555;10240;10228
1166;7648058000;7601022222;8101022222;10240;10228
1168;7648072000;7601022222;8101022222;10240;10228
1170;7648102000;7642388888;8142388888;10240;10228
1172;7648112000;7642388888;8142388888;10240;10228
1174;7648126000;7642388888;8142388888;10240;10228
1176;7648131000;7642433333;8142433333;10240;10228
1167;7648280000;7601022222;8101022222;10240;10228
1169;7648492000;7642388888;8142388888;10240;10228
1171;7648501000;7642388888;8142388888;10240;10228
1173;7648697000;7642388888;8142388888;10240;10228
1175;7648893000;7642388888;8142388888;10240;10228
1161;7658560000;7600722222;8100722222;10240;10228
1178;7689731000;7642733333;8142733333;10240;10228
1180;7689745000;7684022222;8184022222;10240;10228
1182;7689753000;7684022222;8184022222;10240;10228
1184;7689758000;7684022222;8184022222;10240;10228
1186;7689763000;7684022222;8184022222;10240;10228
1177;7689919000;7642733333;8142733333;10240;10228
1179;7690149000;7642733333;8142733333;10240;10228
1181;7690327000;7684022222;8184022222;10240;10228
1183;7690346000;7684022222;8184022222;10240;10228
1185;7690538000;7684022222;8184022222;10240;10228
1187;7690557000;7684066666;8184066666;10240;10228
1188;7731453000;7684388888;8184388888;10240;10228
1190;7731466000;7684388888;8184388888;10240;10228
1194;7731477000;7725722222;8225722222;10240;10228
1196;7731485000;7725722222;8225722222;10240;10228
1198;7731490000;7725766666;8225766666;10240;10228
1189;7731640000;7684388888;8184388888;10240;10228
1193;7731822000;7725722222;8225722222;10240;10228
1195;7731841000;7725722222;8225722222;10240;10228
1197;7732025000;7725722222;8225722222;10240;10228
1192;7741898000;7725722222;8225722222;10240;10228
1191;7742368000;7725722222;8225722222;10240;10228
1200;7773112000;7726044444;8226044444;10240;10228
1202;7773129000;7767388888;8267388888;10240;10228
1206;7773135000;7767388888;8267388888;10240;10228
1208;7773140000;7767388888;8267388888;10240;10228
1199;7773271000;7726044444;8226044444;10240;10228
1201;7773490000;7726044444;8226044444;10240;10228
1203;7773509000;7767388888;8267388888;10240;10228
1205;7773696000;7767388888;8267388888;10240;10228
1207;7773894000;7767388888;8267388888;10240;10228
1209;7773904000;7767433333;8267433333;10240;10228
1212;7814737000;7767744444;8267744444;10240;10228
1214;7814760000;7809022222;8309022222;10240;10228
1216;7814780000;7809022222;8309022222;10240;10228
1220;7814785000;7809077777;8309077777;10240;10228
1211;7814930000;7767744444;8267744444;10240;10228
1213;7815115000;7809022222;8309022222;10240;10228
1215;7815339000;7809022222;8309022222;10240;10228
1219;7815350000;7809022222;8309022222;10240;10228
1204;7825146000;7767388888;8267388888;10240;10228
1210;7825167000;7767744444;8267744444;10240;10228
1222;7856405000;7809400000;8309400000;10240;10228
1224;7856438000;7850722222;8350722222;10240;10228
1226;7856445000;7850722222;8350722222;10240;10228
1228;7856459000;7850722222;8350722222;10240;10228
1230;7856463000;7850722222;8350722222;10240;10228
1221;7856616000;7809400000;8309400000;10240;10228
1225;7856820000;7850722222;8350722222;10240;10228
1227;7856831000;7850722222;8350722222;10240;10228
1229;7857021000;7850722222;8350722222;10240;10228
1231;7857031000;7850766666;8350766666;10240;10228
1223;7867399000;7809400000;8309400000;10240;10228
1232;7898076000;7851055555;8351055555;10240;10228
1234;7898088000;7851055555;8351055555;10240;10228
1236;7898097000;7892388888;8392388888;10240;10228
1238;7898107000;7892388888;8392388888;10240;10228
1240;7898114000;7892388888;8392388888;10240;10228
1242;7898119000;7892433333;8392433333;10240;10228
1235;7898287000;7892388888;8392388888;10240;10228
1237;7898492000;7892388888;8392388888;10240;10228
1239;7898501000;7892388888;8392388888;10240;10228
1241;7898687000;7892388888;8392388888;10240;10228
1244;7939736000;7892722222;8392722222;10240;10228
1246;7939753000;7934055555;8434055555;10240;10228
1248;7939760000;7934055555;8434055555;10240;10228
1250;7939766000;7934055555;8434055555;10240;10228
1252;7939771000;7934055555;8434055555;10240;10228
1247;7939965000;7934055555;8434055555;10240;10228
1249;7940174000;7934055555;8434055555;10240;10228
1251;7940183000;7934055555;8434055555;10240;10228
1253;7940379000;7934111111;8434111111;10240;10228
1245;7950475000;7892722222;8392722222;10240;10228
1243;7950698000;7892722222;8392722222;10240;10228
1254;7981375000;7934422222;8434422222;10240;10228
1256;7981387000;7934422222;8434422222;10240;10228
1258;7981396000;7975688888;8475688888;10240;10228
1260;7981403000;7975688888;8475688888;10240;10228
1262;7981411000;7975688888;8475688888;10240;10228
1264;7981415000;7975744444;8475744444;10240;10228
1255;7981589000;7934422222;8434422222;10240;10228
1257;7981791000;7975688888;8475688888;10240;10228
1259;7981829000;7975688888;8475688888;10240;10228
1263;7981993000;7975688888;8475688888;10240;10228
1266;8023099000;7976022222;8476022222;10240;10228
1268;8023119000;8017388888;8517388888;10240;10228
1270;8023128000;8017388888;8517388888;10240;10228
1272;8023132000;8017388888;8517388888;10240;10228
1274;8023136000;8017388888;8517388888;10240;10228
1265;8023239000;7976022222;8476022222;10240;10228
1267;8023480000;7976022222;8476022222;10240;10228
1269;8023487000;8017388888;8517388888;10240;10228
1271;8023676000;8017388888;8517388888;10240;10228
1273;8023894000;8017388888;8517388888;10240;10228
1275;8023904000;8017433333;8517433333;10240;10228
1261;8034005000;7975688888;8475688888;10240;10228
1276;8064737000;8017744444;8517744444;10240;10228
1278;8064750000;8017744444;8517744444;10240;10228
1280;8064759000;8059055555;8559055555;10240;10228
1282;8064766000;8059055555;8559055555;10240;10228
1284;8064770000;8059055555;8559055555;10240;10228
1286;8064776000;8059100000;8559100000;10240;10228
1277;8064950000;8017744444;8517744444;10240;10228
1281;8065157000;8059055555;8559055555;10240;10228
1285;8065365000;8059055555;8559055555;10240;10228
1288;8106449000;8059422222;8559422222;10240;10228
1290;8106461000;8100722222;8600722222;10240;10228
1292;8106466000;8100722222;8600722222;10240;10228
1294;8106471000;8100722222;8600722222;10240;10228
1296;8106482000;8100722222;8600722222;10240;10228
1287;8106618000;8059422222;8559422222;10240;10228
1289;8106820000;8059422222;8559422222;10240;10228
1291;8106831000;8100722222;8600722222;10240;10228
1293;8107024000;8100722222;8600722222;10240;10228
1295;8107235000;8100722222;8600722222;10240;10228
1297;8107245000;8100766666;8600766666;10240;10228
1283;8117096000;8059055555;8559055555;10240;10228
1279;8117117000;8059055555;8559055555;10240;10228
1298;8148095000;8101033333;8601033333;10240;10228
1300;8148106000;8101033333;8601033333;10240;10228
1302;8148115000;8142388888;8642388888;10240;10228
1304;8148126000;8142388888;8642388888;10240;10228
1306;8148131000;8142388888;8642388888;10240;10228
1308;8148138000;8142433333;8642433333;10240;10228
1299;8148282000;8101033333;8601033333;10240;10228
1303;8148491000;8142388888;8642388888;10240;10228
1310;8189730000;8142744444;8642744444;10240;10228
1312;8189760000;8184055555;8684055555;10240;10228
1314;8189768000;8184055555;8684055555;10240;10228
1316;8189783000;8184055555;8684055555;10240;10228
1318;8189787000;8184055555;8684055555;10240;10228
1309;8189949000;8142744444;8642744444;10240;10228
1311;8190158000;8142744444;8642744444;10240;10228
1313;8190167000;8184055555;8684055555;10240;10228
1315;8190367000;8184055555;8684055555;10240;10228
1317;8190561000;8184055555;8684055555;10240;10228
1319;8190582000;8184100000;8684100000;10240;10228
1301;8200427000;8142388888;8642388888;10240;10228
1307;8200545000;8142388888;8642388888;10240;10228
1305;8200688000;8142388888;8642388888;10240;10228
1320;8231426000;8184422222;8684422222;10240;10228
1322;8231438000;8184422222;8684422222;10240;10228
1328;8231448000;8225688888;8725688888;10240;10228
1330;8231456000;8225744444;8725744444;10240;10228
1323;8231590000;8225688888;8725688888;10240;10228
1325;8231798000;8225688888;8725688888;10240;10228
1329;8231817000;8225688888;8725688888;10240;10228
1321;8242345000;8184422222;8684422222;10240;10228
1332;8273113000;8226022222;8726022222;10240;10228
1334;8273144000;8267388888;8767388888;10240;10228
1336;8273165000;8267388888;8767388888;10240;10228
1338;8273170000;8267388888;8767388888;10240;10228
1340;8273174000;8267388888;8767388888;10240;10228
1331;8273277000;8226022222;8726022222;10240;10228
1333;8273489000;8226022222;8726022222;10240;10228
1335;8273499000;8267388888;8767388888;10240;10228
1337;8273695000;8267388888;8767388888;10240;10228
1339;8273888000;8267388888;8767388888;10240;10228
1324;8283451000;8225688888;8725688888;10240;10228
1326;8283478000;8225688888;8725688888;10240;10228
1327;8284006000;8225688888;8725688888;10240;10228
1342;8314768000;8267744444;8767744444;10240;10228
1344;8314787000;8267744444;8767744444;10240;10228
1346;8314797000;8309055555;8809055555;10240;10228
1348;8314802000;8309055555;8809055555;10240;10228
1350;8314807000;8309055555;8809055555;10240;10228
1352;8314811000;8309100000;8809100000;10240;10228
1343;8314938000;8267744444;8767744444;10240;10228
1345;8315117000;8309055555;8809055555;10240;10228
1347;8315355000;8309055555;8809055555;10240;10228
1349;8315364000;8309055555;8809055555;10240;10228
1351;8315556000;8309055555;8809055555;10240;10228
1341;8325800000;8267433333;8767433333;10240;10228
1354;8356413000;8309411111;8809411111;10240;10228
1356;8356428000;8350733333;8850733333;10240;10228
1358;8356436000;8350733333;8850733333;10240;10228
1360;8356440000;8350733333;8850733333;10240;10228
1362;8356444000;8350733333;8850733333;10240;10228
1353;8356620000;8309411111;8809411111;10240;10228
1355;8356854000;8309411111;8809411111;10240;10228
1357;8356873000;8350733333;8850733333;10240;10228
1359;8357027000;8350733333;8850733333;10240;10228
1361;8357201000;8350733333;8850733333;10240;10228
1363;8357218000;8350777777;8850777777;10240;10228
1364;8398104000;8351066666;8851066666;10240;10228
1366;8398114000;8351066666;8851066666;10240;10228
1368;8398124000;8392388888;8892388888;10240;10228
1370;8398131000;8392388888;8892388888;10240;10228
1372;8398136000;8392388888;8892388888;10240;10228
1374;8398140000;8392433333;8892433333;10240;10228
1365;8398284000;8351066666;8851066666;10240;10228
1367;8398485000;8392388888;8892388888;10240;10228
1369;8398498000;8392388888;8892388888;10240;10228
1371;8398684000;8392388888;8892388888;10240;10228
1373;8398885000;8392388888;8892388888;10240;10228
1376;8439738000;8392744444;8892744444;10240;10228
1378;8439751000;8434022222;8934022222;10240;10228
1380;8439758000;8434022222;8934022222;10240;10228
1382;8439762000;8434022222;8934022222;10240;10228
1384;8439775000;8434022222;8934022222;10240;10228
1375;8439888000;8392744444;8892744444;10240;10228
1377;8440162000;8392744444;8892744444;10240;10228
1379;8440319000;8434022222;8934022222;10240;10228
1381;8440347000;8434022222;8934022222;10240;10228
1383;8440538000;8434022222;8934022222;10240;10228
1385;8440572000;8434066666;8934066666;10240;10228
1388;8481401000;8434388888;8934388888;10240;10228
1390;8481418000;8475688888;8975688888;10240;10228
1392;8481425000;8475688888;8975688888;10240;10228
1394;8481429000;8475688888;8975688888;10240;10228
1396;8481434000;8475744444;8975744444;10240;10228
1387;8481567000;8434388888;8934388888;10240;10228
1389;8481766000;8475688888;8975688888;10240;10228
1391;8481970000;8475688888;8975688888;10240;10228
1393;8481982000;8475688888;8975688888;10240;10228
1395;8482174000;8475688888;8975688888;10240;10228
1386;8491824000;8434388888;8934388888;10240;10228
1398;8523113000;8476033333;8976033333;10240;10228
1400;8523131000;8517388888;9017388888;10240;10228
1402;8523138000;8517388888;9017388888;10240;10228
1404;8523142000;8517388888;9017388888;10240;10228
1406;8523147000;8517388888;9017388888;10240;10228
1397;8523249000;8476033333;8976033333;10240;10228
1399;8523487000;8476033333;8976033333;10240;10228
1401;8523504000;8517388888;9017388888;10240;10228
1403;8523652000;8517388888;9017388888;10240;10228
1405;8523889000;8517388888;9017388888;10240;10228
1407;8523907000;8517433333;9017433333;10240;10228
1408;8564727000;8517744444;9017744444;10240;10228
1410;8564739000;8517744444;9017744444;10240;10228
1412;8564750000;8559022222;9059022222;10240;10228
1416;8564758000;8559022222;9059022222;10240;10228
1418;8564762000;8559066666;9059066666;10240;10228
1409;8564891000;8517744444;9017744444;10240;10228
1411;8565148000;8559022222;9059022222;10240;10228
1413;8565351000;8559022222;9059022222;10240;10228
1415;8565371000;8559022222;9059022222;10240;10228
1417;8565536000;8559022222;9059022222;10240;10228
1426;8606457000;8600688888;9100688888;10240;10228
1428;8606467000;8600688888;9100688888;10240;10228
1419;8606584000;8559388888;9059388888;10240;10228
1421;8606790000;8559388888;9059388888;10240;10228
1425;8606801000;8600688888;9100688888;10240;10228
1427;8606994000;8600688888;9100688888;10240;10228
1429;8607003000;8600744444;9100744444;10240;10228
1414;8616970000;8559022222;9059022222;10240;10228
1423;8617554000;8600688888;9100688888;10240;10228
1432;8648092000;8601000000;9101000000;10240;10228
1434;8648114000;8642388888;9142388888;10240;10228
1436;8648121000;8642388888;9142388888;10240;10228
1438;8648127000;8642388888;9142388888;10240;10228
1440;8648143000;8642433333;9142433333;10240;10228
1433;8648305000;8642388888;9142388888;10240;10228
1435;8648512000;8642388888;9142388888;10240;10228
1437;8648522000;8642388888;9142388888;10240;10228
1439;8648708000;8642388888;9142388888;10240;10228
1422;8658384000;8600688888;9100688888;10240;10228
1424;8658421000;8600688888;9100688888;10240;10228
1420;8658574000;8559388888;9059388888;10240;10228
1430;8658803000;8601000000;9101000000;10240;10228
1431;8659141000;8601000000;9101000000;10240;10228
1442;8689782000;8642733333;9142733333;10240;10228
1444;8689799000;8684055555;9184055555;10240;10228
1448;8689804000;8684055555;9184055555;10240;10228
1441;8689951000;8642733333;9142733333;10240;10228
1443;8690152000;8642733333;9142733333;10240;10228
1445;8690171000;8684055555;9184055555;10240;10228
1447;8690365000;8684055555;9184055555;10240;10228
1449;8690568000;8684055555;9184055555;10240;10228
1451;8690578000;8684100000;9184100000;10240;10228
1452;8731410000;8684422222;9184422222;10240;10228
1454;8731422000;8684422222;9184422222;10240;10228
1456;8731427000;8725722222;9225722222;10240;10228
1458;8731440000;8725722222;9225722222;10240;10228
1460;8731447000;8725722222;9225722222;10240;10228
1453;8731608000;8684422222;9184422222;10240;10228
1459;8731819000;8725722222;9225722222;10240;10228
1461;8731840000;8725722222;9225722222;10240;10228
1450;8741856000;8684055555;9184055555;10240;10228
1464;8773039000;8726055555;9226055555;10240;10228
1466;8773073000;8767388888;9267388888;10240;10228
1468;8773099000;8767388888;9267388888;10240;10228
1470;8773117000;8767388888;9267388888;10240;10228
1472;8773142000;8767388888;9267388888;10240;10228
1463;8773226000;8726055555;9226055555;10240;10228
1465;8773531000;8726055555;9226055555;10240;10228
1467;8773647000;8767388888;9267388888;10240;10228
1469;8773661000;8767388888;9267388888;10240;10228
1471;8773853000;8767388888;9267388888;10240;10228
1473;8773864000;8767433333;9267433333;10240;10228
1462;8783615000;8725766666;9225766666;10240;10228
1474;8814753000;8767766666;9267766666;10240;10228
1478;8814771000;8809055555;9309055555;10240;10228
1480;8814782000;8809055555;9309055555;10240;10228
1482;8814790000;8809055555;9309055555;10240;10228
1484;8814809000;8809100000;9309100000;10240;10228
1475;8814941000;8767766666;9267766666;10240;10228
1477;8815159000;8809055555;9309055555;10240;10228
1479;8815169000;8809055555;9309055555;10240;10228
1481;8815365000;8809055555;9309055555;10240;10228
1483;8815560000;8809055555;9309055555;10240;10228
1476;8825189000;8767766666;9267766666;10240;10228
1486;8856362000;8809433333;9309433333;10240;10228
1488;8856380000;8850688888;9350688888;10240;10228
1492;8856394000;8850688888;9350688888;10240;10228
1494;8856413000;8850688888;9350688888;10240;10228
1485;8856586000;8809433333;9309433333;10240;10228
1487;8856793000;8809433333;9309433333;10240;10228
1493;8856805000;8850688888;9350688888;10240;10228
1495;8856993000;8850744444;9350744444;10240;10228
1496;8898056000;8851033333;9351033333;10240;10228
1498;8898070000;8851033333;9351033333;10240;10228
1500;8898096000;8892388888;9392388888;10240;10228
1502;8898116000;8892388888;9392388888;10240;10228
1504;8898146000;8892388888;9392388888;10240;10228
1506;8898164000;8892433333;9392433333;10240;10228
1497;8898280000;8851033333;9351033333;10240;10228
1499;8898495000;8892388888;9392388888;10240;10228
1503;8898507000;8892388888;9392388888;10240;10228
1505;8898698000;8892388888;9392388888;10240;10228
1489;8908761000;8850688888;9350688888;10240;10228
1491;8908810000;8850688888;9350688888;10240;10228
1508;8939728000;8892733333;9392733333;10240;10228
1510;8939746000;8934055555;9434055555;10240;10228
1516;8939754000;8934055555;9434055555;10240;10228
1507;8939946000;8892733333;9392733333;10240;10228
1509;8940156000;8892733333;9392733333;10240;10228
1511;8940168000;8934055555;9434055555;10240;10228
1513;8940368000;8934055555;9434055555;10240;10228
1517;8940380000;8934100000;9434100000;10240;10228
1501;8950248000;8892388888;9392388888;10240;10228
1518;8981431000;8934411111;9434411111;10240;10228
1520;8981446000;8934411111;9434411111;10240;10228
1522;8981461000;8975722222;9475722222;10240;10228
1524;8981479000;8975722222;9475722222;10240;10228
1526;8981488000;8975722222;9475722222;10240;10228
1528;8981508000;8975766666;9475766666;10240;10228
1521;8981619000;8975722222;9475722222;10240;10228
1523;8981825000;8975722222;9475722222;10240;10228
1525;8981845000;8975722222;9475722222;10240;10228
1527;8982039000;8975722222;9475722222;10240;10228
1514;8991788000;8934055555;9434055555;10240;10228
1512;8992008000;8934055555;9434055555;10240;10228
1515;8992341000;8934055555;9434055555;10240;10228
1530;9023079000;8976066666;9476066666;10240;10228
1532;9023094000;9017388888;9517388888;10240;10228
1534;9023109000;9017388888;9517388888;10240;10228
1536;9023128000;9017388888;9517388888;10240;10228
1538;9023137000;9017388888;9517388888;10240;10228
1529;9023247000;8976066666;9476066666;10240;10228
1531;9023445000;8976066666;9476066666;10240;10228
1533;9023653000;9017388888;9517388888;10240;10228
1535;9023663000;9017388888;9517388888;10240;10228
1537;9023861000;9017388888;9517388888;10240;10228
1539;9023871000;9017433333;9517433333;10240;10228
1540;9064716000;9017766666;9517766666;10240;10228
1542;9064731000;9017766666;9517766666;10240;10228
1544;9064767000;9059055555;9559055555;10240;10228
1546;9064787000;9059055555;9559055555;10240;10228
1548;9064803000;9059055555;9559055555;10240;10228
1550;9064816000;9059100000;9559100000;10240;10228
1541;9064913000;9017766666;9517766666;10240;10228
1543;9065159000;9059055555;9559055555;10240;10228
1545;9065184000;9059055555;9559055555;10240;10228
1549;9065368000;9059055555;9559055555;10240;10228
1552;9106400000;9059422222;9559422222;10240;10228
1554;9106442000;9100722222;9600722222;10240;10228
1556;9106451000;9100722222;9600722222;10240;10228
1558;9106489000;9100722222;9600722222;10240;10228
1560;9106515000;9100722222;9600722222;10240;10228
1553;9106623000;9059422222;9559422222;10240;10228
1555;9106830000;9100722222;9600722222;10240;10228
1557;9106849000;9100722222;9600722222;10240;10228
1559;9107038000;9100722222;9600722222;10240;10228
1561;9107059000;9100766666;9600766666;10240;10228
1551;9117162000;9059422222;9559422222;10240;10228
1547;9117341000;9059055555;9559055555;10240;10228
1562;9148071000;9101044444;9601044444;10240;10228
1564;9148086000;9101044444;9601044444;10240;10228
1566;9148109000;9142400000;9642400000;10240;10228
1568;9148124000;9142400000;9642400000;10240;10228
1570;9148146000;9142400000;9642400000;10240;10228
1572;9148164000;9142444444;9642444444;10240;10228
1563;9148257000;9101044444;9601044444;10240;10228
1565;9148500000;9142400000;9642400000;10240;10228
1567;9148525000;9142400000;9642400000;10240;10228
1574;9189726000;9142777777;9642777777;10240;10228
1576;9189757000;9184055555;9684055555;10240;10228
1578;9189771000;9184055555;9684055555;10240;10228
1580;9189798000;9184055555;9684055555;10240;10228
1582;9189809000;9184055555;9684055555;10240;10228
1577;9189909000;9184055555;9684055555;10240;10228
1579;9190107000;9184055555;9684055555;10240;10228
1581;9190309000;9184055555;9684055555;10240;10228
1583;9190318000;9184100000;9684100000;10240;10228
1569;9200640000;9142400000;9642400000;10240;10228
1573;9200654000;9142777777;9642777777;10240;10228
1575;9200682000;9142777777;9642777777;10240;10228
1571;9200877000;9142400000;9642400000;10240;10228
1584;9231439000;9184455555;9684455555;10240;10228
1586;9231452000;9184455555;9684455555;10240;10228
1588;9231474000;9225722222;9725722222;10240;10228
1590;9231490000;9225722222;9725722222;10240;10228
1592;9231513000;9225722222;9725722222;10240;10228
1594;9231526000;9225766666;9725766666;10240;10228
1585;9231627000;9184455555;9684455555;10240;10228
1587;9231822000;9225722222;9725722222;10240;10228
1589;9231849000;9225722222;9725722222;10240;10228
1591;9232025000;9225722222;9725722222;10240;10228
1593;9232237000;9225722222;9725722222;10240;10228
1596;9273110000;9226066666;9726066666;10240;10228
1600;9273137000;9267388888;9767388888;10240;10228
1602;9273148000;9267388888;9767388888;10240;10228
1604;9273171000;9267388888;9767388888;10240;10228
1595;9273252000;9226066666;9726066666;10240;10228
1597;9273448000;9226066666;9726066666;10240;10228
1599;9273688000;9267388888;9767388888;10240;10228
1601;9273707000;9267388888;9767388888;10240;10228
1603;9273888000;9267388888;9767388888;10240;10228
1605;9273899000;9267433333;9767433333;10240;10228
1598;9283808000;9267388888;9767388888;10240;10228
1606;9314725000;9267766666;9767766666;10240;10228
1608;9314740000;9267766666;9767766666;10240;10228
1610;9314770000;9309055555;9809055555;10240;10228
1612;9314779000;9309055555;9809055555;10240;10228
1614;9314808000;9309055555;9809055555;10240;10228
1607;9314940000;9267766666;9767766666;10240;10228
1613;9315160000;9309055555;9809055555;10240;10228
1615;9315169000;9309055555;9809055555;10240;10228
1618;9356394000;9309422222;9809422222;10240;10228
1620;9356422000;9350722222;9850722222;10240;10228
1622;9356440000;9350722222;9850722222;10240;10228
1624;9356456000;9350722222;9850722222;10240;10228
1626;9356473000;9350722222;9850722222;10240;10228
1617;9356613000;9309422222;9809422222;10240;10228
1619;9356821000;9309422222;9809422222;10240;10228
1621;9356833000;9350722222;9850722222;10240;10228
1623;9357022000;9350722222;9850722222;10240;10228
1625;9357230000;9350722222;9850722222;10240;10228
1627;9357249000;9350766666;9850766666;10240;10228
1611;9366997000;9309055555;9809055555;10240;10228
1628;9398087000;9351066666;9851066666;10240;10228
1636;9398102000;9392388888;9892388888;10240;10228
1631;9398286000;9392388888;9892388888;10240;10228
1633;9398499000;9392388888;9892388888;10240;10228
1635;9398510000;9392388888;9892388888;10240;10228
1637;9398705000;9392388888;9892388888;10240;10228
1629;9408877000;9351066666;9851066666;10240;10228
1640;9439772000;9392755555;9892755555;10240;10228
1642;9439788000;9434055555;9934055555;10240;10228
1644;9439797000;9434055555;9934055555;10240;10228
1646;9439818000;9434055555;9934055555;10240;10228
1648;9439827000;9434055555;9934055555;10240;10228
1641;9439951000;9392755555;9892755555;10240;10228
1643;9440163000;9434055555;9934055555;10240;10228
1645;9440175000;9434055555;9934055555;10240;10228
1647;9440367000;9434055555;9934055555;10240;10228
1649;9440378000;9434100000;9934100000;10240;10228
1630;9450129000;9351066666;9851066666;10240;10228
1632;9450170000;9392388888;9892388888;10240;10228
1634;9450193000;9392388888;9892388888;10240;10228
1638;9450232000;9392433333;9892433333;10240;10228
1639;9450534000;9392755555;9892755555;10240;10228
1650;9481398000;9434433333;9934433333;10240;10228
1652;9481424000;9434433333;9934433333;10240;10228
1654;9481447000;9475722222;9975722222;10240;10228
1656;9481476000;9475722222;9975722222;10240;10228
1658;9481485000;9475722222;9975722222;10240;10228
1660;9481492000;9475766666;9975766666;10240;10228
1651;9481609000;9434433333;9934433333;10240;10228
1653;9481813000;9475722222;9975722222;10240;10228
1655;9481833000;9475722222;9975722222;10240;10228
1657;9482016000;9475722222;9975722222;10240;10228
1659;9482241000;9475722222;9975722222;10240;10228
1662;9523072000;9476077777;9976077777;10240;10228
1664;9523102000;9517400000;10017400000;10240;10228
1666;9523132000;9517400000;10017400000;10240;10228
1668;9523143000;9517400000;10017400000;10240;10228
1670;9523160000;9517400000;10017400000;10240;10228
1661;9523242000;9476077777;9976077777;10240;10228
1665;9523482000;9517400000;10017400000;10240;10228
1667;9523495000;9517400000;10017400000;10240;10228
1669;9523679000;9517400000;10017400000;10240;10228
1671;9523700000;9517444444;10017444444;10240;10228
1663;9534190000;9476077777;9976077777;10240;10228
1672;9564685000;9517777777;10017777777;10240;10228
1674;9564764000;9517777777;10017777777;10240;10228
1676;9564787000;9559055555;10059055555;10240;10228
1678;9564805000;9559055555;10059055555;10240;10228
1680;9564822000;9559055555;10059055555;10240;10228
1682;9564838000;9559100000;10059100000;10240;10228
1673;9564940000;9517777777;10017777777;10240;10228
1675;9565181000;9559055555;10059055555;10240;10228
1677;9565362000;9559055555;10059055555;10240;10228
1679;9565390000;9559055555;10059055555;10240;10228
1684;9606428000;9559444444;10059444444;10240;10228
1686;9606460000;9600722222;10100722222;10240;10228
1688;9606476000;9600722222;10100722222;10240;10228
1690;9606493000;9600722222;10100722222;10240;10228
1692;9606509000;9600722222;10100722222;10240;10228
1683;9606585000;9559444444;10059444444;10240;10228
1687;9606822000;9600722222;10100722222;10240;10228
1689;9606841000;9600722222;10100722222;10240;10228
1691;9607027000;9600722222;10100722222;10240;10228
1693;9607036000;9600766666;10100766666;10240;10228
1681;9617216000;9559055555;10059055555;10240;10228
1685;9617382000;9559444444;10059444444;10240;10228
1694;9648109000;9601033333;10101033333;10240;10228
1696;9648122000;9601033333;10101033333;10240;10228
1700;9648143000;9642388888;10142388888;10240;10228
1704;9648160000;9642433333;10142433333;10240;10228
1695;9648282000;9601033333;10101033333;10240;10228
1697;9648496000;9642388888;10142388888;10240;10228
1699;9648522000;9642388888;10142388888;10240;10228
1701;9648726000;9642388888;10142388888;10240;10228
1703;9648893000;9642388888;10142388888;10240;10228
1706;9689748000;9642755555;10142755555;10240;10228
1708;9689777000;9684077777;10184077777;10240;10228
1710;9689834000;9684077777;10184077777;10240;10228
1712;9689853000;9684077777;10184077777;10240;10228
1714;9689861000;9684077777;10184077777;10240;10228
1705;9689958000;9642755555;10142755555;10240;10228
1707;9690162000;9642755555;10142755555;10240;10228
1709;9690377000;9684077777;10184077777;10240;10228
1711;9690388000;9684077777;10184077777;10240;10228
1713;9690580000;9684077777;10184077777;10240;10228
1715;9690589000;9684122222;10184122222;10240;10228
1698;9700294000;9642388888;10142388888;10240;10228
1702;9700482000;9642388888;10142388888;10240;10228
1716;9731391000;9684455555;10184455555;10240;10228
1718;9731404000;9684455555;10184455555;10240;10228
1722;9731438000;9725722222;10225722222;10240;10228
1724;9731456000;9725722222;10225722222;10240;10228
1726;9731475000;9725766666;10225766666;10240;10228
1717;9731616000;9684455555;10184455555;10240;10228
1719;9731822000;9725722222;10225722222;10240;10228
1721;9731848000;9725722222;10225722222;10240;10228
1723;9732015000;9725722222;10225722222;10240;10228
1725;9732197000;9725722222;10225722222;10240;10228
1720;9741937000;9725722222;10225722222;10240;10228
1728;9773089000;9726066666;10226066666;10240;10228
1730;9773115000;9767388888;10267388888;10240;10228
1732;9773135000;9767388888;10267388888;10240;10228
1736;9773158000;9767388888;10267388888;10240;10228
1727;9773302000;9726066666;10226066666;10240;10228
1729;9773473000;9726066666;10226066666;10240;10228
1731;9773672000;9767388888;10267388888;10240;10228
1733;9773700000;9767388888;10267388888;10240;10228
1735;9773892000;9767388888;10267388888;10240;10228
1738;9814759000;9767766666;10267766666;10240;10228
1740;9814799000;9767766666;10267766666;10240;10228
1742;9814821000;9809055555;10309055555;10240;10228
1744;9814829000;9809055555;10309055555;10240;10228
1746;9814871000;9809055555;10309055555;10240;10228
1739;9814970000;9767766666;10267766666;10240;10228
1741;9815164000;9809055555;10309055555;10240;10228
1743;9815174000;9809055555;10309055555;10240;10228
1745;9815372000;9809055555;10309055555;10240;10228
1747;9815567000;9809055555;10309055555;10240;10228
1737;9825739000;9767433333;10267433333;10240;10228
1756;9856482000;9850722222;10350722222;10240;10228
1758;9856521000;9850722222;10350722222;10240;10228
1749;9856618000;9809444444;10309444444;10240;10228
1751;9856820000;9809444444;10309444444;10240;10228
1753;9856831000;9850722222;10350722222;10240;10228
1755;9857022000;9850722222;10350722222;10240;10228
1757;9857236000;9850722222;10350722222;10240;10228
1760;9898068000;9851077777;10351077777;10240;10228
1762;9898105000;9851077777;10351077777;10240;10228
1764;9898115000;9892388888;10392388888;10240;10228
1766;9898133000;9892388888;10392388888;10240;10228
1768;9898153000;9892388888;10392388888;10240;10228
1770;9898181000;9892433333;10392433333;10240;10228
1761;9898282000;9851077777;10351077777;10240;10228
1763;9898491000;9892388888;10392388888;10240;10228
1765;9898503000;9892388888;10392388888;10240;10228
1767;9898686000;9892388888;10392388888;10240;10228
1769;9898892000;9892388888;10392388888;10240;10228
1748;9908411000;9809100000;10309100000;10240;10228
1750;9908454000;9809444444;10309444444;10240;10228
1754;9908478000;9850722222;10350722222;10240;10228
1752;9908642000;9850722222;10350722222;10240;10228
1759;9909154000;9850777777;10350777777;10240;10228
1772;9939697000;9892744444;10392744444;10240;10228
1774;9939724000;9934022222;10434022222;10240;10228
1776;9939735000;9934022222;10434022222;10240;10228
1778;9939775000;9934022222;10434022222;10240;10228
1780;9939784000;9934022222;10434022222;10240;10228
1771;9939922000;9892744444;10392744444;10240;10228
1773;9940161000;9892744444;10392744444;10240;10228
1775;9940330000;9934022222;10434022222;10240;10228
1777;9940356000;9934022222;10434022222;10240;10228
1779;9940539000;9934022222;10434022222;10240;10228
1782;9981411000;9934400000;10434400000;10240;10228
1784;9981439000;9934400000;10434400000;10240;10228
1786;9981448000;9975688888;10475688888;10240;10228
1788;9981478000;9975688888;10475688888;10240;10228
1790;9981487000;9975688888;10475688888;10240;10228
1792;9981506000;9975733333;10475733333;10240;10228
1783;9981590000;9934400000;10434400000;10240;10228
1785;9981781000;9975688888;10475688888;10240;10228
1787;9981787000;9975688888;10475688888;10240;10228
1789;9981985000;9975688888;10475688888;10240;10228
1791;9982208000;9975688888;10475688888;10240;10228
1781;9992483000;9934066666;10434066666;10240;10228
1794;10023103000;9976033333;10476033333;10240;10228
1796;10023130000;10017388888;10517388888;10240;10228
1798;10023139000;10017388888;10517388888;10240;10228
1800;10023163000;10017388888;10517388888;10240;10228
1802;10023182000;10017388888;10517388888;10240;10228
1793;10023279000;9976033333;10476033333;10240;10228
1795;10023490000;9976033333;10476033333;10240;10228
1797;10023517000;10017388888;10517388888;10240;10228
1799;10023709000;10017388888;10517388888;10240;10228
1801;10023889000;10017388888;10517388888;10240;10228
1803;10023915000;10017433333;10517433333;10240;10228
1804;10064694000;10017766666;10517766666;10240;10228
1806;10064709000;10017766666;10517766666;10240;10228
1812;10064740000;10059022222;10559022222;10240;10228
1814;10064762000;10059066666;10559066666;10240;10228
1805;10064911000;10017766666;10517766666;10240;10228
1807;10065132000;10059022222;10559022222;10240;10228
1809;10065330000;10059022222;10559022222;10240;10228
1811;10065340000;10059022222;10559022222;10240;10228
1813;10065539000;10059022222;10559022222;10240;10228
1816;10106395000;10059422222;10559422222;10240;10228
1820;10106436000;10100722222;10600722222;10240;10228
1822;10106462000;10100722222;10600722222;10240;10228
1824;10106485000;10100722222;10600722222;10240;10228
1815;10106619000;10059422222;10559422222;10240;10228
1817;10106820000;10059422222;10559422222;10240;10228
1819;10106841000;10100722222;10600722222;10240;10228
1821;10107022000;10100722222;10600722222;10240;10228
1823;10107238000;10100722222;10600722222;10240;10228
1825;10107248000;10100766666;10600766666;10240;10228
1810;10116724000;10059022222;10559022222;10240;10228
1808;10116938000;10059022222;10559022222;10240;10228
1818;10117186000;10100722222;10600722222;10240;10228
1826;10148081000;10101055555;10601055555;10240;10228
1828;10148096000;10101055555;10601055555;10240;10228
1830;10148126000;10142388888;10642388888;10240;10228
1832;10148135000;10142388888;10642388888;10240;10228
1836;10148162000;10142433333;10642433333;10240;10228
1827;10148280000;10101055555;10601055555;10240;10228
1829;10148493000;10142388888;10642388888;10240;10228
1831;10148519000;10142388888;10642388888;10240;10228
1833;10148715000;10142388888;10642388888;10240;10228
1835;10148892000;10142388888;10642388888;10240;10228
1838;10189717000;10142766666;10642766666;10240;10228
1840;10189748000;10184055555;10684055555;10240;10228
1842;10189765000;10184055555;10684055555;10240;10228
1844;10189801000;10184055555;10684055555;10240;10228
1846;10189814000;10184055555;10684055555;10240;10228
1837;10189941000;10142766666;10642766666;10240;10228
1839;10190198000;10142766666;10642766666;10240;10228
1841;10190210000;10184055555;10684055555;10240;10228
1843;10190361000;10184055555;10684055555;10240;10228
1845;10190569000;10184055555;10684055555;10240;10228
1847;10190578000;10184100000;10684100000;10240;10228
1834;10200079000;10142388888;10642388888;10240;10228
1848;10231404000;10184400000;10684400000;10240;10228
1850;10231419000;10184400000;10684400000;10240;10228
1854;10231440000;10225688888;10725688888;10240;10228
1856;10231459000;10225688888;10725688888;10240;10228
1858;10231482000;10225744444;10725744444;10240;10228
1849;10231584000;10184400000;10684400000;10240;10228
1853;10231795000;10225688888;10725688888;10240;10228
1855;10231814000;10225688888;10725688888;10240;10228
1857;10231997000;10225688888;10725688888;10240;10228
1852;10241932000;10225688888;10725688888;10240;10228
1851;10242318000;10225688888;10725688888;10240;10228
1860;10273096000;10226011111;10726011111;10240;10228
1862;10273124000;10267388888;10767388888;10240;10228
1864;10273132000;10267388888;10767388888;10240;10228
1866;10273161000;10267388888;10767388888;10240;10228
1868;10273171000;10267388888;10767388888;10240;10228
1859;10273278000;10226011111;10726011111;10240;10228
1861;10273486000;10226011111;10726011111;10240;10228
1863;10273513000;10267388888;10767388888;10240;10228
1865;10273694000;10267388888;10767388888;10240;10228
1867;10273866000;10267388888;10767388888;10240;10228
1869;10273894000;10267433333;10767433333;10240;10228
1870;10314727000;10267744444;10767744444;10240;10228
1872;10314743000;10267744444;10767744444;10240;10228
1874;10314765000;10309022222;10809022222;10240;10228
1876;10314786000;10309022222;10809022222;10240;10228
1878;10314808000;10309022222;10809022222;10240;10228
1875;10314895000;10309022222;10809022222;10240;10228
1877;10315119000;10309022222;10809022222;10240;10228
1879;10315306000;10309022222;10809022222;10240;10228
1873;10325605000;10309022222;10809022222;10240;10228
1871;10325792000;10267744444;10767744444;10240;10228
1882;10356418000;10309366666;10809366666;10240;10228
1884;10356445000;10350722222;10850722222;10240;10228
1888;10356455000;10350722222;10850722222;10240;10228
1890;10356479000;10350722222;10850722222;10240;10228
1881;10356588000;10309366666;10809366666;10240;10228
1883;10356788000;10309366666;10809366666;10240;10228
1885;10356995000;10350722222;10850722222;10240;10228
1887;10357005000;10350722222;10850722222;10240;10228
1889;10357199000;10350722222;10850722222;10240;10228
1891;10357210000;10350777777;10850777777;10240;10228
1880;10366992000;10309066666;10809066666;10240;10228
1892;10398103000;10351055555;10851055555;10240;10228
1894;10398118000;10351055555;10851055555;10240;10228
1896;10398148000;10392388888;10892388888;10240;10228
1898;10398169000;10392388888;10892388888;10240;10228
1900;10398223000;10392388888;10892388888;10240;10228
1902;10398241000;10392433333;10892433333;10240;10228
1893;10398304000;10351055555;10851055555;10240;10228
1895;10398472000;10392388888;10892388888;10240;10228
1897;10398695000;10392388888;10892388888;10240;10228
1899;10398713000;10392388888;10892388888;10240;10228
1901;10398897000;10392388888;10892388888;10240;10228
1904;10439746000;10392744444;10892744444;10240;10228
1908;10439773000;10434055555;10934055555;10240;10228
1910;10439783000;10434055555;10934055555;10240;10228
1912;10439811000;10434055555;10934055555;10240;10228
1903;10439942000;10392744444;10892744444;10240;10228
1905;10440158000;10392744444;10892744444;10240;10228
1907;10440185000;10434055555;10934055555;10240;10228
1909;10440323000;10434055555;10934055555;10240;10228
1911;10440529000;10434055555;10934055555;10240;10228
1913;10440538000;10434100000;10934100000;10240;10228
1906;10450454000;10434055555;10934055555;10240;10228
1914;10481368000;10434411111;10934411111;10240;10228
1916;10481385000;10434411111;10934411111;10240;10228
1918;10481415000;10475688888;10975688888;10240;10228
1920;10481439000;10475688888;10975688888;10240;10228
1922;10481456000;10475688888;10975688888;10240;10228
1924;10481466000;10475744444;10975744444;10240;10228
1915;10481591000;10434411111;10934411111;10240;10228
1917;10481790000;10475688888;10975688888;10240;10228
1919;10481818000;10475688888;10975688888;10240;10228
1921;10481993000;10475688888;10975688888;10240;10228
1925;10523012000;10476033333;10976033333;10240;10228
1927;10523073000;10476033333;10976033333;10240;10228
1929;10523111000;10517388888;11017388888;10240;10228
1931;10523120000;10517388888;11017388888;10240;10228
1933;10523150000;10517388888;11017388888;10240;10228
1935;10523168000;10517433333;11017433333;10240;10228
1928;10523254000;10517388888;11017388888;10240;10228
1930;10523455000;10517388888;11017388888;10240;10228
1932;10523651000;10517388888;11017388888;10240;10228
1934;10523665000;10517388888;11017388888;10240;10228
1926;10533994000;10476033333;10976033333;10240;10228
1923;10534227000;10475688888;10975688888;10240;10228
1937;10564715000;10517733333;11017733333;10240;10228
1941;10564749000;10559055555;11059055555;10240;10228
1943;10564779000;10559055555;11059055555;10240;10228
1945;10564794000;10559055555;11059055555;10240;10228
1938;10564924000;10517733333;11017733333;10240;10228
1942;10565164000;10559055555;11059055555;10240;10228
1946;10565191000;10559100000;11059100000;10240;10228
1939;10575258000;10559055555;11059055555;10240;10228
1936;10575499000;10517733333;11017733333;10240;10228
1947;10606401000;10559411111;11059411111;10240;10228
1949;10606416000;10559411111;11059411111;10240;10228
1951;10606440000;10600688888;11100688888;10240;10228
1953;10606477000;10600688888;11100688888;10240;10228
1955;10606505000;10600688888;11100688888;10240;10228
1957;10606528000;10600733333;11100733333;10240;10228
1948;10606554000;10559411111;11059411111;10240;10228
1950;10606756000;10600688888;11100688888;10240;10228
1952;10606952000;10600688888;11100688888;10240;10228
1954;10606958000;10600688888;11100688888;10240;10228
1956;10607142000;10600688888;11100688888;10240;10228
1940;10617074000;10559055555;11059055555;10240;10228
1944;10617306000;10559055555;11059055555;10240;10228
1959;10648100000;10600988888;11100988888;10240;10228
1961;10648129000;10642388888;11142388888;10240;10228
1963;10648137000;10642388888;11142388888;10240;10228
1965;10648168000;10642388888;11142388888;10240;10228
1967;10648177000;10642388888;11142388888;10240;10228
1958;10648277000;10600988888;11100988888;10240;10228
1960;10648486000;10600988888;11100988888;10240;10228
1962;10648514000;10642388888;11142388888;10240;10228
1964;10648682000;10642388888;11142388888;10240;10228
1966;10648880000;10642388888;11142388888;10240;10228
1968;10648906000;10642433333;11142433333;10240;10228
1969;10689709000;10642733333;11142733333;10240;10228
1971;10689724000;10642733333;11142733333;10240;10228
1973;10689752000;10684022222;11184022222;10240;10228
1975;10689780000;10684022222;11184022222;10240;10228
1977;10689790000;10684022222;11184022222;10240;10228
1979;10689809000;10684066666;11184066666;10240;10228
1970;10689912000;10642733333;11142733333;10240;10228
1972;10690168000;10684022222;11184022222;10240;10228
1974;10690328000;10684022222;11184022222;10240;10228
1976;10690348000;10684022222;11184022222;10240;10228
1978;10690532000;10684022222;11184022222;10240;10228
1981;10731453000;10684377777;11184377777;10240;10228
1983;10731470000;10725733333;11225733333;10240;10228
1985;10731476000;10725733333;11225733333;10240;10228
1987;10731483000;10725733333;11225733333;10240;10228
1989;10731488000;10725733333;11225733333;10240;10228
1980;10731620000;10684377777;11184377777;10240;10228
1982;10731822000;10684377777;11184377777;10240;10228
1984;10731842000;10725733333;11225733333;10240;10228
1986;10731993000;10725733333;11225733333;10240;10228
1988;10732202000;10725733333;11225733333;10240;10228
1990;10732219000;10725777777;11225777777;10240;10228
1991;10773082000;10726066666;11226066666;10240;10228
1995;10773093000;10767388888;11267388888;10240;10228
1997;10773103000;10767388888;11267388888;10240;10228
1999;10773111000;10767388888;11267388888;10240;10228
2001;10773116000;10767433333;11267433333;10240;10228
1992;10773283000;10726066666;11226066666;10240;10228
1996;10773492000;10767388888;11267388888;10240;10228
1998;10773504000;10767388888;11267388888;10240;10228
2000;10773687000;10767388888;11267388888;10240;10228
1993;10783825000;10726066666;11226066666;10240;10228
1994;10784108000;10767388888;11267388888;10240;10228
2007;10814770000;10809066666;11309066666;10240;10228
2002;10814950000;10767744444;11267744444;10240;10228
2004;10815157000;10767744444;11267744444;10240;10228
2006;10815168000;10809066666;11309066666;10240;10228
2008;10815364000;10809066666;11309066666;10240;10228
2010;10815571000;10809066666;11309066666;10240;10228
2013;10856412000;10809433333;11309433333;10240;10228
2015;10856427000;10809433333;11309433333;10240;10228
2017;10856433000;10850722222;11350722222;10240;10228
2019;10856444000;10850722222;11350722222;10240;10228
2023;10856453000;10850766666;11350766666;10240;10228
2014;10856618000;10809433333;11309433333;10240;10228
2016;10856821000;10850722222;11350722222;10240;10228
2018;10856842000;10850722222;11350722222;10240;10228
2020;10857024000;10850722222;11350722222;10240;10228
2003;10866823000;10767744444;11267744444;10240;10228
2005;10866867000;10809066666;11309066666;10240;10228
2009;10866965000;10809066666;11309066666;10240;10228
2011;10867004000;10809066666;11309066666;10240;10228
2012;10867298000;10809111111;11309111111;10240;10228
2025;10898072000;10851055555;11351055555;10240;10228
2027;10898081000;10892388888;11392388888;10240;10228
2029;10898103000;10892388888;11392388888;10240;10228
2031;10898110000;10892388888;11392388888;10240;10228
2033;10898116000;10892388888;11392388888;10240;10228
2024;10898275000;10851055555;11351055555;10240;10228
2026;10898516000;10851055555;11351055555;10240;10228
2028;10898526000;10892388888;11392388888;10240;10228
2030;10898682000;10892388888;11392388888;10240;10228
2032;10898888000;10892388888;11392388888;10240;10228
2034;10898898000;10892433333;11392433333;10240;10228
2021;10908683000;10850722222;11350722222;10240;10228
2022;10909151000;10850722222;11350722222;10240;10228
2035;10939753000;10892722222;11392722222;10240;10228
2037;10939762000;10892722222;11392722222;10240;10228
2039;10939772000;10934033333;11434033333;10240;10228
2041;10939779000;10934033333;11434033333;10240;10228
2036;10939921000;10892722222;11392722222;10240;10228
2038;10940152000;10934033333;11434033333;10240;10228
2040;10940329000;10934033333;11434033333;10240;10228
2042;10940346000;10934033333;11434033333;10240;10228
2044;10940541000;10934033333;11434033333;10240;10228
2047;10981382000;10934377777;11434377777;10240;10228
2049;10981393000;10975688888;11475688888;10240;10228
2051;10981397000;10975688888;11475688888;10240;10228
2053;10981407000;10975688888;11475688888;10240;10228
2055;10981427000;10975688888;11475688888;10240;10228
2046;10981588000;10934377777;11434377777;10240;10228
2048;10981793000;10934377777;11434377777;10240;10228
2050;10981812000;10975688888;11475688888;10240;10228
2052;10981995000;10975688888;11475688888;10240;10228
2054;10982207000;10975688888;11475688888;10240;10228
2056;10982219000;10975744444;11475744444;10240;10228
2043;10991833000;10934033333;11434033333;10240;10228
2045;10991863000;10934077777;11434077777;10240;10228
2057;11023103000;10976011111;11476011111;10240;10228
2059;11023114000;10976011111;11476011111;10240;10228
2061;11023128000;11017388888;11517388888;10240;10228
2063;11023134000;11017388888;11517388888;10240;10228
2067;11023139000;11017444444;11517444444;10240;10228
2058;11023280000;10976011111;11476011111;10240;10228
2062;11023492000;11017388888;11517388888;10240;10228
2064;11023502000;11017388888;11517388888;10240;10228
2066;11023700000;11017388888;11517388888;10240;10228
2060;11034245000;11017388888;11517388888;10240;10228
2069;11064794000;11017755555;11517755555;10240;10228
2071;11064822000;11059055555;11559055555;10240;10228
2073;11064843000;11059055555;11559055555;10240;10228
2068;11064950000;11017755555;11517755555;10240;10228
2070;11065175000;11017755555;11517755555;10240;10228
2072;11065187000;11059055555;11559055555;10240;10228
2074;11065363000;11059055555;11559055555;10240;10228
2076;11065563000;11059055555;11559055555;10240;10228
2078;11065583000;11059100000;11559100000;10240;10228
2079;11106377000;11059422222;11559422222;10240;10228
2081;11106387000;11059422222;11559422222;10240;10228
2083;11106393000;11100688888;11600688888;10240;10228
2085;11106402000;11100688888;11600688888;10240;10228
2087;11106422000;11100688888;11600688888;10240;10228
2089;11106427000;11100733333;11600733333;10240;10228
2080;11106585000;11059422222;11559422222;10240;10228
2088;11106788000;11100688888;11600688888;10240;10228
2075;11116901000;11059055555;11559055555;10240;10228
2077;11117121000;11059055555;11559055555;10240;10228
2093;11148089000;11142388888;11642388888;10240;10228
2095;11148101000;11142388888;11642388888;10240;10228
2097;11148106000;11142388888;11642388888;10240;10228
2099;11148116000;11142388888;11642388888;10240;10228
2092;11148289000;11101000000;11601000000;10240;10228
2094;11148504000;11142388888;11642388888;10240;10228
2096;11148513000;11142388888;11642388888;10240;10228
2098;11148701000;11142388888;11642388888;10240;10228
2100;11148720000;11142433333;11642433333;10240;10228
2091;11158789000;11101000000;11601000000;10240;10228
2090;11159004000;11101000000;11601000000;10240;10228
2082;11159102000;11100688888;11600688888;10240;10228
2084;11159298000;11100688888;11600688888;10240;10228
2086;11159315000;11100688888;11600688888;10240;10228
2101;11189787000;11142744444;11642744444;10240;10228
2103;11189797000;11142744444;11642744444;10240;10228
2105;11189807000;11184055555;11684055555;10240;10228
2107;11189814000;11184055555;11684055555;10240;10228
2111;11189819000;11184100000;11684100000;10240;10228
2102;11189949000;11142744444;11642744444;10240;10228
2104;11190162000;11184055555;11684055555;10240;10228
2106;11190179000;11184055555;11684055555;10240;10228
2108;11190364000;11184055555;11684055555;10240;10228
2110;11190527000;11184055555;11684055555;10240;10228
2113;11231394000;11184444444;11684444444;10240;10228
2115;11231417000;11225688888;11725688888;10240;10228
2117;11231424000;11225688888;11725688888;10240;10228
2119;11231439000;11225688888;11725688888;10240;10228
2121;11231443000;11225688888;11725688888;10240;10228
2112;11231589000;11184444444;11684444444;10240;10228
2114;11231789000;11184444444;11684444444;10240;10228
2118;11231800000;11225688888;11725688888;10240;10228
2120;11231993000;11225688888;11725688888;10240;10228
2122;11232004000;11225744444;11725744444;10240;10228
2109;11241993000;11184055555;11684055555;10240;10228
2123;11273069000;11226044444;11726044444;10240;10228
2125;11273081000;11226044444;11726044444;10240;10228
2127;11273113000;11267388888;11767388888;10240;10228
2129;11273123000;11267388888;11767388888;10240;10228
2124;11273284000;11226044444;11726044444;10240;10228
2126;11273495000;11267388888;11767388888;10240;10228
2128;11273505000;11267388888;11767388888;10240;10228
2130;11273704000;11267388888;11767388888;10240;10228
2132;11273886000;11267388888;11767388888;10240;10228
2116;11283890000;11225688888;11725688888;10240;10228
2135;11314783000;11267766666;11767766666;10240;10228
2137;11314814000;11309055555;11809055555;10240;10228
2139;11314820000;11309055555;11809055555;10240;10228
2141;11314834000;11309055555;11809055555;10240;10228
2143;11314838000;11309055555;11809055555;10240;10228
2134;11314944000;11267766666;11767766666;10240;10228
2136;11315157000;11267766666;11767766666;10240;10228
2138;11315166000;11309055555;11809055555;10240;10228
2140;11315364000;11309055555;11809055555;10240;10228
2142;11315565000;11309055555;11809055555;10240;10228
2144;11315577000;11309100000;11809100000;10240;10228
2131;11325460000;11267388888;11767388888;10240;10228
2133;11325666000;11267433333;11767433333;10240;10228
2145;11356363000;11309433333;11809433333;10240;10228
2153;11356473000;11350700000;11850700000;10240;10228
2155;11356490000;11350744444;11850744444;10240;10228
2146;11356593000;11309433333;11809433333;10240;10228
2148;11356789000;11350700000;11850700000;10240;10228
2150;11356799000;11350700000;11850700000;10240;10228
2152;11356995000;11350700000;11850700000;10240;10228
2154;11357205000;11350700000;11850700000;10240;10228
2157;11398129000;11351033333;11851033333;10240;10228
2159;11398147000;11392388888;11892388888;10240;10228
2161;11398157000;11392388888;11892388888;10240;10228
2163;11398162000;11392388888;11892388888;10240;10228
2165;11398167000;11392388888;11892388888;10240;10228
2156;11398255000;11351033333;11851033333;10240;10228
2158;11398446000;11351033333;11851033333;10240;10228
2160;11398653000;11392388888;11892388888;10240;10228
2162;11398664000;11392388888;11892388888;10240;10228
2164;11398848000;11392388888;11892388888;10240;10228
2166;11398853000;11392433333;11892433333;10240;10228
2149;11408488000;11350700000;11850700000;10240;10228
2147;11408630000;11309433333;11809433333;10240;10228
2151;11408868000;11350700000;11850700000;10240;10228
2167;11439779000;11392766666;11892766666;10240;10228
2169;11439791000;11392766666;11892766666;10240;10228
2173;11439800000;11434055555;11934055555;10240;10228
2175;11439812000;11434055555;11934055555;10240;10228
2177;11439816000;11434100000;11934100000;10240;10228
2168;11439951000;11392766666;11892766666;10240;10228
2170;11440156000;11434055555;11934055555;10240;10228
2174;11440176000;11434055555;11934055555;10240;10228
2176;11440357000;11434055555;11934055555;10240;10228
2171;11450626000;11434055555;11934055555;10240;10228
2179;11481384000;11434444444;11934444444;10240;10228
2181;11481412000;11475688888;11975688888;10240;10228
2183;11481421000;11475688888;11975688888;10240;10228
2185;11481435000;11475688888;11975688888;10240;10228
2187;11481441000;11475688888;11975688888;10240;10228
2178;11481587000;11434444444;11934444444;10240;10228
2180;11481795000;11434444444;11934444444;10240;10228
2182;11481804000;11475688888;11975688888;10240;10228
2184;11481993000;11475688888;11975688888;10240;10228
2186;11482207000;11475688888;11975688888;10240;10228
2188;11482217000;11475744444;11975744444;10240;10228
2172;11492287000;11434055555;11934055555;10240;10228
2189;11523038000;11476055555;11976055555;10240;10228
2193;11523067000;11517388888;12017388888;10240;10228
2195;11523078000;11517388888;12017388888;10240;10228
2197;11523096000;11517388888;12017388888;10240;10228
2199;11523102000;11517433333;12017433333;10240;10228
2190;11523296000;11476055555;11976055555;10240;10228
2192;11523478000;11517388888;12017388888;10240;10228
2194;11523492000;11517388888;12017388888;10240;10228
2196;11523675000;11517388888;12017388888;10240;10228
2198;11523882000;11517388888;12017388888;10240;10228
2191;11533858000;11476055555;11976055555;10240;10228
2201;11564799000;11517766666;12017766666;10240;10228
2205;11564816000;11559055555;12059055555;10240;10228
2207;11564822000;11559055555;12059055555;10240;10228
2209;11564827000;11559055555;12059055555;10240;10228
2200;11564946000;11517766666;12017766666;10240;10228
2202;11565160000;11517766666;12017766666;10240;10228
2206;11565177000;11559055555;12059055555;10240;10228
2208;11565370000;11559055555;12059055555;10240;10228
2210;11565380000;11559111111;12059111111;10240;10228
2203;11575322000;11559055555;12059055555;10240;10228
2211;11606375000;11559455555;12059455555;10240;10228
2213;11606387000;11559455555;12059455555;10240;10228
2215;11606416000;11600688888;12100688888;10240;10228
2217;11606425000;11600688888;12100688888;10240;10228
2219;11606439000;11600688888;12100688888;10240;10228
2221;11606443000;11600744444;12100744444;10240;10228
2212;11606588000;11559455555;12059455555;10240;10228
2214;11606788000;11600688888;12100688888;10240;10228
2216;11606811000;11600688888;12100688888;10240;10228
2220;11606991000;11600688888;12100688888;10240;10228
2204;11616950000;11559055555;12059055555;10240;10228
2223;11648113000;11601022222;12101022222;10240;10228
2225;11648146000;11642388888;12142388888;10240;10228
2227;11648153000;11642388888;12142388888;10240;10228
2229;11648167000;11642388888;12142388888;10240;10228
2231;11648171000;11642388888;12142388888;10240;10228
2222;11648278000;11601022222;12101022222;10240;10228
2224;11648488000;11601022222;12101022222;10240;10228
2226;11648497000;11642388888;12142388888;10240;10228
2232;11648694000;11642433333;12142433333;10240;10228
2218;11659070000;11600688888;12100688888;10240;10228
2233;11689765000;11642755555;12142755555;10240;10228
2235;11689779000;11642755555;12142755555;10240;10228
2237;11689804000;11684055555;12184055555;10240;10228
2239;11689812000;11684055555;12184055555;10240;10228
2241;11689817000;11684055555;12184055555;10240;10228
2243;11689839000;11684100000;12184100000;10240;10228
2234;11689950000;11642755555;12142755555;10240;10228
2236;11690160000;11684055555;12184055555;10240;10228
2238;11690171000;11684055555;12184055555;10240;10228
2240;11690368000;11684055555;12184055555;10240;10228
2242;11690562000;11684055555;12184055555;10240;10228
2228;11700844000;11642388888;12142388888;10240;10228
2230;11701061000;11642388888;12142388888;10240;10228
2247;11731412000;11725722222;12225722222;10240;10228
2249;11731427000;11725722222;12225722222;10240;10228
2251;11731434000;11725722222;12225722222;10240;10228
2253;11731439000;11725722222;12225722222;10240;10228
2244;11731660000;11684444444;12184444444;10240;10228
2246;11731819000;11684444444;12184444444;10240;10228
2248;11731829000;11725722222;12225722222;10240;10228
2250;11732022000;11725722222;12225722222;10240;10228
2254;11732041000;11725766666;12225766666;10240;10228
2245;11741868000;11684444444;12184444444;10240;10228
2255;11773102000;11726077777;12226077777;10240;10228
2257;11773114000;11726077777;12226077777;10240;10228
2259;11773142000;11767388888;12267388888;10240;10228
2261;11773152000;11767388888;12267388888;10240;10228
2263;11773166000;11767388888;12267388888;10240;10228
2265;11773171000;11767433333;12267433333;10240;10228
2256;11773283000;11726077777;12226077777;10240;10228
2258;11773493000;11767388888;12267388888;10240;10228
2260;11773506000;11767388888;12267388888;10240;10228
2262;11773689000;11767388888;12267388888;10240;10228
2264;11773893000;11767388888;12267388888;10240;10228
2267;11814760000;11767766666;12267766666;10240;10228
2273;11814771000;11809055555;12309055555;10240;10228
2275;11814777000;11809055555;12309055555;10240;10228
2266;11814949000;11767766666;12267766666;10240;10228
2268;11815167000;11767766666;12267766666;10240;10228
2270;11815179000;11809055555;12309055555;10240;10228
2272;11815366000;11809055555;12309055555;10240;10228
2276;11815378000;11809100000;12309100000;10240;10228
2277;11856414000;11809455555;12309455555;10240;10228
2279;11856425000;11809455555;12309455555;10240;10228
2283;11856448000;11850722222;12350722222;10240;10228
2285;11856458000;11850722222;12350722222;10240;10228
2287;11856464000;11850766666;12350766666;10240;10228
2278;11856618000;11809455555;12309455555;10240;10228
2280;11856827000;11850722222;12350722222;10240;10228
2282;11856837000;11850722222;12350722222;10240;10228
2284;11857027000;11850722222;12350722222;10240;10228
2286;11857238000;11850722222;12350722222;10240;10228
2271;11866828000;11809055555;12309055555;10240;10228
2281;11867150000;11850722222;12350722222;10240;10228
2274;11867533000;11809055555;12309055555;10240;10228
2289;11898067000;11851088888;12351088888;10240;10228
2291;11898086000;11892388888;12392388888;10240;10228
2288;11898276000;11851088888;12351088888;10240;10228
2290;11898486000;11851088888;12351088888;10240;10228
2292;11898504000;11892388888;12392388888;10240;10228
2294;11898709000;11892388888;12392388888;10240;10228
2296;11898882000;11892388888;12392388888;10240;10228
2298;11898888000;11892433333;12392433333;10240;10228
2301;11939802000;11892755555;12392755555;10240;10228
2303;11939812000;11934066666;12434066666;10240;10228
2305;11939818000;11934066666;12434066666;10240;10228
2307;11939822000;11934066666;12434066666;10240;10228
2309;11939832000;11934111111;12434111111;10240;10228
2300;11939962000;11892755555;12392755555;10240;10228
2302;11940172000;11934066666;12434066666;10240;10228
2304;11940183000;11934066666;12434066666;10240;10228
2306;11940376000;11934066666;12434066666;10240;10228
2308;11940572000;11934066666;12434066666;10240;10228
2293;11950303000;11892388888;12392388888;10240;10228
2299;11950428000;11892755555;12392755555;10240;10228
2295;11950534000;11892388888;12392388888;10240;10228
2297;11950741000;11892388888;12392388888;10240;10228
2311;11981434000;11934444444;12434444444;10240;10228
2313;11981453000;11975688888;12475688888;10240;10228
2315;11981461000;11975688888;12475688888;10240;10228
2317;11981467000;11975688888;12475688888;10240;10228
2319;11981472000;11975688888;12475688888;10240;10228
2310;11981561000;11934444444;12434444444;10240;10228
2312;11981755000;11934444444;12434444444;10240;10228
2314;11981994000;11975688888;12475688888;10240;10228
2316;11982014000;11975688888;12475688888;10240;10228
2318;11982167000;11975688888;12475688888;10240;10228
2320;11982185000;11975744444;12475744444;10240;10228
2323;12023085000;11976044444;12476044444;10240;10228
2325;12023102000;12017388888;12517388888;10240;10228
2327;12023107000;12017388888;12517388888;10240;10228
2329;12023112000;12017388888;12517388888;10240;10228
2331;12023117000;12017433333;12517433333;10240;10228
2322;12023287000;11976044444;12476044444;10240;10228
2324;12023496000;12017388888;12517388888;10240;10228
2326;12023507000;12017388888;12517388888;10240;10228
2328;12023692000;12017388888;12517388888;10240;10228
2330;12023895000;12017388888;12517388888;10240;10228
2321;12033783000;11976044444;12476044444;10240;10228
2333;12064744000;12017777777;12517777777;10240;10228
2339;12064760000;12059055555;12559055555;10240;10228
2332;12064949000;12017777777;12517777777;10240;10228
2334;12065181000;12017777777;12517777777;10240;10228
2336;12065198000;12059055555;12559055555;10240;10228
2338;12065357000;12059055555;12559055555;10240;10228
2340;12065561000;12059055555;12559055555;10240;10228
2342;12065571000;12059100000;12559100000;10240;10228
2343;12106412000;12059444444;12559444444;10240;10228
2345;12106423000;12059444444;12559444444;10240;10228
2347;12106427000;12100722222;12600722222;10240;10228
2349;12106440000;12100722222;12600722222;10240;10228
2351;12106450000;12100722222;12600722222;10240;10228
2353;12106458000;12100766666;12600766666;10240;10228
2344;12106618000;12059444444;12559444444;10240;10228
2348;12106820000;12100722222;12600722222;10240;10228
2350;12106831000;12100722222;12600722222;10240;10228
2352;12107023000;12100722222;12600722222;10240;10228
2337;12116844000;12059055555;12559055555;10240;10228
2341;12116948000;12059055555;12559055555;10240;10228
2335;12117063000;12059055555;12559055555;10240;10228
2355;12148118000;12101066666;12601066666;10240;10228
2357;12148148000;12142388888;12642388888;10240;10228
2359;12148157000;12142388888;12642388888;10240;10228
2361;12148171000;12142388888;12642388888;10240;10228
2363;12148179000;12142388888;12642388888;10240;10228
2354;12148281000;12101066666;12601066666;10240;10228
2356;12148503000;12101066666;12601066666;10240;10228
2358;12148512000;12142388888;12642388888;10240;10228
2360;12148698000;12142388888;12642388888;10240;10228
2362;12148892000;12142388888;12642388888;10240;10228
2364;12148904000;12142433333;12642433333;10240;10228
2365;12189741000;12142766666;12642766666;10240;10228
2367;12189754000;12142766666;12642766666;10240;10228
2369;12189759000;12184055555;12684055555;10240;10228
2371;12189768000;12184055555;12684055555;10240;10228
2373;12189789000;12184055555;12684055555;10240;10228
2375;12189801000;12184100000;12684100000;10240;10228
2366;12189950000;12142766666;12642766666;10240;10228
2370;12190158000;12184055555;12684055555;10240;10228
2374;12190170000;12184055555;12684055555;10240;10228
2377;12231360000;12184444444;12684444444;10240;10228
2379;12231391000;12225688888;12725688888;10240;10228
2381;12231398000;12225688888;12725688888;10240;10228
2383;12231413000;12225688888;12725688888;10240;10228
2376;12231589000;12184444444;12684444444;10240;10228
2378;12231790000;12184444444;12684444444;10240;10228
2380;12231813000;12225688888;12725688888;10240;10228
2382;12231992000;12225688888;12725688888;10240;10228
2384;12232206000;12225688888;12725688888;10240;10228
2386;12232217000;12225744444;12725744444;10240;10228
2372;12242376000;12184055555;12684055555;10240;10228
2387;12273103000;12226033333;12726033333;10240;10228
2389;12273115000;12226033333;12726033333;10240;10228
2391;12273120000;12267388888;12767388888;10240;10228
2393;12273126000;12267388888;12767388888;10240;10228
2395;12273148000;12267388888;12767388888;10240;10228
2397;12273162000;12267433333;12767433333;10240;10228
2388;12273283000;12226033333;12726033333;10240;10228
2390;12273492000;12267388888;12767388888;10240;10228
2392;12273503000;12267388888;12767388888;10240;10228
2394;12273691000;12267388888;12767388888;10240;10228
2396;12273893000;12267388888;12767388888;10240;10228
2399;12314762000;12267766666;12767766666;10240;10228
2403;12314775000;12309055555;12809055555;10240;10228
2405;12314780000;12309055555;12809055555;10240;10228
2407;12314785000;12309055555;12809055555;10240;10228
2398;12314948000;12267766666;12767766666;10240;10228
2400;12315170000;12267766666;12767766666;10240;10228
2402;12315180000;12309055555;12809055555;10240;10228
2404;12315369000;12309055555;12809055555;10240;10228
2406;12315561000;12309055555;12809055555;10240;10228
2401;12325548000;12309055555;12809055555;10240;10228
2409;12356364000;12309422222;12809422222;10240;10228
2411;12356380000;12309422222;12809422222;10240;10228
2413;12356386000;12350688888;12850688888;10240;10228
2415;12356398000;12350688888;12850688888;10240;10228
2417;12356412000;12350688888;12850688888;10240;10228
2410;12356586000;12309422222;12809422222;10240;10228
2412;12356793000;12350688888;12850688888;10240;10228
2414;12356803000;12350688888;12850688888;10240;10228
2416;12356993000;12350688888;12850688888;10240;10228
2418;12357204000;12350688888;12850688888;10240;10228
2408;12367486000;12309100000;12809100000;10240;10228
2421;12398088000;12351033333;12851033333;10240;10228
2423;12398106000;12392388888;12892388888;10240;10228
2425;12398111000;12392388888;12892388888;10240;10228
2429;12398116000;12392388888;12892388888;10240;10228
2420;12398266000;12351033333;12851033333;10240;10228
2422;12398478000;12351033333;12851033333;10240;10228
2424;12398499000;12392388888;12892388888;10240;10228
2426;12398683000;12392388888;12892388888;10240;10228
2428;12398881000;12392388888;12892388888;10240;10228
2430;12398889000;12392433333;12892433333;10240;10228
2419;12408634000;12350733333;12850733333;10240;10228
2431;12439762000;12392755555;12892755555;10240;10228
2433;12439776000;12392755555;12892755555;10240;10228
2435;12439798000;12434055555;12934055555;10240;10228
2437;12439817000;12434055555;12934055555;10240;10228
2439;12439822000;12434055555;12934055555;10240;10228
2441;12439826000;12434100000;12934100000;10240;10228
2432;12439922000;12392755555;12892755555;10240;10228
2434;12440156000;12434055555;12934055555;10240;10228
2436;12440168000;12434055555;12934055555;10240;10228
2438;12440357000;12434055555;12934055555;10240;10228
2440;12440572000;12434055555;12934055555;10240;10228
2427;12450194000;12392388888;12892388888;10240;10228
2443;12481382000;12434433333;12934433333;10240;10228
2445;12481396000;12475700000;12975700000;10240;10228
2447;12481403000;12475700000;12975700000;10240;10228
2449;12481408000;12475700000;12975700000;10240;10228
2442;12481588000;12434433333;12934433333;10240;10228
2444;12481789000;12434433333;12934433333;10240;10228
2446;12481807000;12475700000;12975700000;10240;10228
2448;12481999000;12475700000;12975700000;10240;10228
2450;12482207000;12475700000;12975700000;10240;10228
2452;12482217000;12475744444;12975744444;10240;10228
2455;12523077000;12476055555;12976055555;10240;10228
2457;12523089000;12517388888;13017388888;10240;10228
2459;12523095000;12517388888;13017388888;10240;10228
2461;12523116000;12517388888;13017388888;10240;10228
2463;12523121000;12517444444;13017444444;10240;10228
2454;12523290000;12476055555;12976055555;10240;10228
2456;12523498000;12517388888;13017388888;10240;10228
2458;12523510000;12517388888;13017388888;10240;10228
2460;12523693000;12517388888;13017388888;10240;10228
2451;12533811000;12475700000;12975700000;10240;10228
2453;12534016000;12476055555;12976055555;10240;10228
2465;12564771000;12517766666;13017766666;10240;10228
2467;12564793000;12559055555;13059055555;10240;10228
2469;12564801000;12559055555;13059055555;10240;10228
2471;12564806000;12559055555;13059055555;10240;10228
2464;12564918000;12517766666;13017766666;10240;10228
2466;12565148000;12517766666;13017766666;10240;10228
2468;12565357000;12559055555;13059055555;10240;10228
2470;12565368000;12559055555;13059055555;10240;10228
2472;12565562000;12559055555;13059055555;10240;10228
2474;12565575000;12559100000;13059100000;10240;10228
2462;12575898000;12517388888;13017388888;10240;10228
2475;12606377000;12559444444;13059444444;10240;10228
2477;12606389000;12559444444;13059444444;10240;10228
2479;12606412000;12600688888;13100688888;10240;10228
2481;12606422000;12600688888;13100688888;10240;10228
2483;12606426000;12600688888;13100688888;10240;10228
2485;12606446000;12600744444;13100744444;10240;10228
2476;12606587000;12559444444;13059444444;10240;10228
2478;12606794000;12600688888;13100688888;10240;10228
2480;12606804000;12600688888;13100688888;10240;10228
2482;12606994000;12600688888;13100688888;10240;10228
2484;12607205000;12600688888;13100688888;10240;10228
2473;12617091000;12559055555;13059055555;10240;10228
2487;12648116000;12601011111;13101011111;10240;10228
2489;12648134000;12642388888;13142388888;10240;10228
2491;12648140000;12642388888;13142388888;10240;10228
2493;12648153000;12642388888;13142388888;10240;10228
2495;12648158000;12642388888;13142388888;10240;10228
2486;12648275000;12601011111;13101011111;10240;10228
2488;12648493000;12601011111;13101011111;10240;10228
2490;12648510000;12642388888;13142388888;10240;10228
2492;12648697000;12642388888;13142388888;10240;10228
2494;12648856000;12642388888;13142388888;10240;10228
2497;12689747000;12642755555;13142755555;10240;10228
2499;12689761000;12642755555;13142755555;10240;10228
2501;12689767000;12684055555;13184055555;10240;10228
2503;12689772000;12684055555;13184055555;10240;10228
2505;12689781000;12684055555;13184055555;10240;10228
2507;12689812000;12684100000;13184100000;10240;10228
2500;12689953000;12684055555;13184055555;10240;10228
2504;12690154000;12684055555;13184055555;10240;10228
2509;12731416000;12684433333;13184433333;10240;10228
2515;12731448000;12725722222;13225722222;10240;10228
2517;12731454000;12725722222;13225722222;10240;10228
2510;12731623000;12684433333;13184433333;10240;10228
2514;12731824000;12725722222;13225722222;10240;10228
2516;12731831000;12725722222;13225722222;10240;10228
2518;12732038000;12725777777;13225777777;10240;10228
2496;12742071000;12642444444;13142444444;10240;10228
2498;12742082000;12642755555;13142755555;10240;10228
2502;12742200000;12684055555;13184055555;10240;10228
2506;12742302000;12684055555;13184055555;10240;10228
2512;12742640000;12725722222;13225722222;10240;10228
2519;12773133000;12726088888;13226088888;10240;10228
2521;12773145000;12726088888;13226088888;10240;10228
2523;12773150000;12767422222;13267422222;10240;10228
2525;12773154000;12767422222;13267422222;10240;10228
2527;12773165000;12767422222;13267422222;10240;10228
2529;12773176000;12767466666;13267466666;10240;10228
2520;12773306000;12726088888;13226088888;10240;10228
2522;12773519000;12767422222;13267422222;10240;10228
2524;12773529000;12767422222;13267422222;10240;10228
2526;12773715000;12767422222;13267422222;10240;10228
2528;12773920000;12767422222;13267422222;10240;10228
2511;12783507000;12725722222;13225722222;10240;10228
2513;12783516000;12725722222;13225722222;10240;10228
2531;12814766000;12767800000;13267800000;10240;10228
2533;12814783000;12809055555;13309055555;10240;10228
2535;12814789000;12809055555;13309055555;10240;10228
2537;12814794000;12809055555;13309055555;10240;10228
2539;12814799000;12809055555;13309055555;10240;10228
2530;12814953000;12767800000;13267800000;10240;10228
2532;12815188000;12767800000;13267800000;10240;10228
2534;12815207000;12809055555;13309055555;10240;10228
2536;12815364000;12809055555;13309055555;10240;10228
2538;12815529000;12809055555;13309055555;10240;10228
2540;12815547000;12809100000;13309100000;10240;10228
2542;12856370000;12809444444;13309444444;10240;10228
2544;12856386000;12850688888;13350688888;10240;10228
2546;12856393000;12850688888;13350688888;10240;10228
2548;12856398000;12850688888;13350688888;10240;10228
2550;12856407000;12850688888;13350688888;10240;10228
2541;12856554000;12809444444;13309444444;10240;10228
2543;12856757000;12809444444;13309444444;10240;10228
2545;12857021000;12850688888;13350688888;10240;10228
2547;12857041000;12850688888;13350688888;10240;10228
2549;12857205000;12850688888;13350688888;10240;10228
2551;12857224000;12850733333;13350733333;10240;10228
2552;12898059000;12851055555;13351055555;10240;10228
2554;12898070000;12851055555;13351055555;10240;10228
2562;12898085000;12892433333;13392433333;10240;10228
2553;12898282000;12851055555;13351055555;10240;10228
2555;12898494000;12892388888;13392388888;10240;10228
2557;12898512000;12892388888;13392388888;10240;10228
2559;12898702000;12892388888;13392388888;10240;10228
2561;12898893000;12892388888;13392388888;10240;10228
2566;12939748000;12934055555;13434055555;10240;10228
2568;12939758000;12934055555;13434055555;10240;10228
2570;12939764000;12934055555;13434055555;10240;10228
2572;12939770000;12934055555;13434055555;10240;10228
2563;12939947000;12892744444;13392744444;10240;10228
2567;12940158000;12934055555;13434055555;10240;10228
2569;12940169000;12934055555;13434055555;10240;10228
2571;12940357000;12934055555;13434055555;10240;10228
2558;12950218000;12892388888;13392388888;10240;10228
2560;12950230000;12892388888;13392388888;10240;10228
2565;12950945000;12892744444;13392744444;10240;10228
2576;12981408000;12934422222;13434422222;10240;10228
2578;12981418000;12975688888;13475688888;10240;10228
2580;12981423000;12975688888;13475688888;10240;10228
2582;12981428000;12975688888;13475688888;10240;10228
2584;12981448000;12975744444;13475744444;10240;10228
2575;12981593000;12934422222;13434422222;10240;10228
2579;12981797000;12975688888;13475688888;10240;10228
2581;12981808000;12975688888;13475688888;10240;10228
2583;12982000000;12975688888;13475688888;10240;10228
2574;12992147000;12934422222;13434422222;10240;10228
2573;12992301000;12934100000;13434100000;10240;10228
2577;12992424000;12975688888;13475688888;10240;10228
2586;13023113000;12976033333;13476033333;10240;10228
2588;13023138000;13017388888;13517388888;10240;10228
2590;13023145000;13017388888;13517388888;10240;10228
2592;13023151000;13017388888;13517388888;10240;10228
2594;13023155000;13017388888;13517388888;10240;10228
2587;13023290000;12976033333;13476033333;10240;10228
2589;13023500000;13017388888;13517388888;10240;10228
2591;13023512000;13017388888;13517388888;10240;10228
2593;13023701000;13017388888;13517388888;10240;10228
2595;13023721000;13017433333;13517433333;10240;10228
2585;13033940000;12976033333;13476033333;10240;10228
2598;13064754000;13017766666;13517766666;10240;10228
2600;13064767000;13059055555;13559055555;10240;10228
2602;13064772000;13059055555;13559055555;10240;10228
2604;13064784000;13059055555;13559055555;10240;10228
2606;13064793000;13059100000;13559100000;10240;10228
2597;13064960000;13017766666;13517766666;10240;10228
2599;13065174000;13059055555;13559055555;10240;10228
2601;13065185000;13059055555;13559055555;10240;10228
2603;13065372000;13059055555;13559055555;10240;10228
2596;13075310000;13017766666;13517766666;10240;10228
2608;13106450000;13059444444;13559444444;10240;10228
2610;13106477000;13100722222;13600722222;10240;10228
2612;13106485000;13100722222;13600722222;10240;10228
2614;13106490000;13100722222;13600722222;10240;10228
2616;13106495000;13100722222;13600722222;10240;10228
2607;13106614000;13059444444;13559444444;10240;10228
2609;13106823000;13059444444;13559444444;10240;10228
2611;13106833000;13100722222;13600722222;10240;10228
2613;13106989000;13100722222;13600722222;10240;10228
2615;13107235000;13100722222;13600722222;10240;10228
2617;13107245000;13100766666;13600766666;10240;10228
2605;13117493000;13059055555;13559055555;10240;10228
2618;13148069000;13101055555;13601055555;10240;10228
2620;13148081000;13101055555;13601055555;10240;10228
2622;13148104000;13142400000;13642400000;10240;10228
2626;13148125000;13142400000;13642400000;10240;10228
2628;13148130000;13142444444;13642444444;10240;10228
2619;13148286000;13101055555;13601055555;10240;10228
2621;13148496000;13142400000;13642400000;10240;10228
2623;13148525000;13142400000;13642400000;10240;10228
2625;13148687000;13142400000;13642400000;10240;10228
2627;13148888000;13142400000;13642400000;10240;10228
2630;13189785000;13142788888;13642788888;10240;10228
2634;13189825000;13184055555;13684055555;10240;10228
2636;13189832000;13184055555;13684055555;10240;10228
2638;13189849000;13184055555;13684055555;10240;10228
2629;13189942000;13142788888;13642788888;10240;10228
2631;13190127000;13142788888;13642788888;10240;10228
2637;13190325000;13184055555;13684055555;10240;10228
2639;13190335000;13184100000;13684100000;10240;10228
2624;13200343000;13142400000;13642400000;10240;10228
2632;13200460000;13184055555;13684055555;10240;10228
2640;13231383000;13184411111;13684411111;10240;10228
2642;13231392000;13184411111;13684411111;10240;10228
2644;13231413000;13225688888;13725688888;10240;10228
2648;13231418000;13225688888;13725688888;10240;10228
2641;13231586000;13184411111;13684411111;10240;10228
2643;13231808000;13225688888;13725688888;10240;10228
2645;13231993000;13225688888;13725688888;10240;10228
2647;13232005000;13225688888;13725688888;10240;10228
2649;13232205000;13225688888;13725688888;10240;10228
2633;13242101000;13184055555;13684055555;10240;10228
2635;13242129000;13184055555;13684055555;10240;10228
2652;13273119000;13226011111;13726011111;10240;10228
2660;13273147000;13267388888;13767388888;10240;10228
2651;13273273000;13226011111;13726011111;10240;10228
2653;13273488000;13226011111;13726011111;10240;10228
2655;13273500000;13267388888;13767388888;10240;10228
2657;13273684000;13267388888;13767388888;10240;10228
2659;13273892000;13267388888;13767388888;10240;10228
2661;13273902000;13267433333;13767433333;10240;10228
2646;13283598000;13225688888;13725688888;10240;10228
2662;13314738000;13267744444;13767744444;10240;10228
2666;13314748000;13309055555;13809055555;10240;10228
2668;13314754000;13309055555;13809055555;10240;10228
2670;13314774000;13309055555;13809055555;10240;10228
2672;13314780000;13309100000;13809100000;10240;10228
2663;13314944000;13267744444;13767744444;10240;10228
2665;13315186000;13309055555;13809055555;10240;10228
2667;13315205000;13309055555;13809055555;10240;10228
2669;13315347000;13309055555;13809055555;10240;10228
2671;13315559000;13309055555;13809055555;10240;10228
2650;13325093000;13225744444;13725744444;10240;10228
2656;13325243000;13267388888;13767388888;10240;10228
2658;13325254000;13267388888;13767388888;10240;10228
2654;13325426000;13267388888;13767388888;10240;10228
2674;13356383000;13309400000;13809400000;10240;10228
2676;13356395000;13350688888;13850688888;10240;10228
2678;13356401000;13350688888;13850688888;10240;10228
2680;13356411000;13350688888;13850688888;10240;10228
2682;13356430000;13350688888;13850688888;10240;10228
2673;13356591000;13309400000;13809400000;10240;10228
2675;13356790000;13309400000;13809400000;10240;10228
2677;13356801000;13350688888;13850688888;10240;10228
2679;13356993000;13350688888;13850688888;10240;10228
2683;13357004000;13350744444;13850744444;10240;10228
2664;13366975000;13267744444;13767744444;10240;10228
2684;13398066000;13351000000;13851000000;10240;10228
2686;13398080000;13351000000;13851000000;10240;10228
2688;13398111000;13392388888;13892388888;10240;10228
2690;13398117000;13392388888;13892388888;10240;10228
2692;13398174000;13392388888;13892388888;10240;10228
2694;13398191000;13392433333;13892433333;10240;10228
2685;13398289000;13351000000;13851000000;10240;10228
2687;13398495000;13392388888;13892388888;10240;10228
2689;13398505000;13392388888;13892388888;10240;10228
2691;13398688000;13392388888;13892388888;10240;10228
2693;13398885000;13392388888;13892388888;10240;10228
2681;13408998000;13350688888;13850688888;10240;10228
2696;13439754000;13392733333;13892733333;10240;10228
2698;13439782000;13434055555;13934055555;10240;10228
2700;13439790000;13434055555;13934055555;10240;10228
2702;13439808000;13434055555;13934055555;10240;10228
2704;13439828000;13434055555;13934055555;10240;10228
2695;13439947000;13392733333;13892733333;10240;10228
2697;13440159000;13392733333;13892733333;10240;10228
2699;13440184000;13434055555;13934055555;10240;10228
2701;13440362000;13434055555;13934055555;10240;10228
2703;13440560000;13434055555;13934055555;10240;10228
2706;13481378000;13434411111;13934411111;10240;10228
2708;13481402000;13434411111;13934411111;10240;10228
2710;13481414000;13475700000;13975700000;10240;10228
2712;13481433000;13475700000;13975700000;10240;10228
2709;13481598000;13475700000;13975700000;10240;10228
2711;13481805000;13475700000;13975700000;10240;10228
2713;13481814000;13475700000;13975700000;10240;10228
2718;13523066000;13476044444;13976044444;10240;10228
2720;13523076000;13517388888;14017388888;10240;10228
2722;13523099000;13517388888;14017388888;10240;10228
2724;13523105000;13517388888;14017388888;10240;10228
2726;13523110000;13517388888;14017388888;10240;10228
2719;13523288000;13476044444;13976044444;10240;10228
2721;13523499000;13517388888;14017388888;10240;10228
2723;13523512000;13517388888;14017388888;10240;10228
2725;13523697000;13517388888;14017388888;10240;10228
2727;13523707000;13517433333;14017433333;10240;10228
2716;13533602000;13475744444;13975744444;10240;10228
2705;13533768000;13434100000;13934100000;10240;10228
2714;13533812000;13475700000;13975700000;10240;10228
2707;13534038000;13434411111;13934411111;10240;10228
2717;13534073000;13476044444;13976044444;10240;10228
2715;13534231000;13475700000;13975700000;10240;10228
2728;13564771000;13517744444;14017744444;10240;10228
2730;13564789000;13517744444;14017744444;10240;10228
2732;13564806000;13559055555;14059055555;10240;10228
2734;13564825000;13559055555;14059055555;10240;10228
2736;13564841000;13559055555;14059055555;10240;10228
2738;13564848000;13559100000;14059100000;10240;10228
2729;13564919000;13517744444;14017744444;10240;10228
2731;13565151000;13559055555;14059055555;10240;10228
2733;13565180000;13559055555;14059055555;10240;10228
2735;13565349000;13559055555;14059055555;10240;10228
2737;13565556000;13559055555;14059055555;10240;10228
2740;13606383000;13559411111;14059411111;10240;10228
2742;13606413000;13600688888;14100688888;10240;10228
2744;13606419000;13600688888;14100688888;10240;10228
2746;13606436000;13600688888;14100688888;10240;10228
2748;13606447000;13600688888;14100688888;10240;10228
2739;13606583000;13559411111;14059411111;10240;10228
2741;13606815000;13559411111;14059411111;10240;10228
2743;13606842000;13600688888;14100688888;10240;10228
2745;13606961000;13600688888;14100688888;10240;10228
2747;13607205000;13600688888;14100688888;10240;10228
2749;13607233000;13600733333;14100733333;10240;10228
2750;13648083000;13600988888;14100988888;10240;10228
2752;13648095000;13600988888;14100988888;10240;10228
2754;13648113000;13642388888;14142388888;10240;10228
2756;13648123000;13642388888;14142388888;10240;10228
2758;13648151000;13642388888;14142388888;10240;10228
2760;13648158000;13642433333;14142433333;10240;10228
2751;13648280000;13600988888;14100988888;10240;10228
2753;13648492000;13642388888;14142388888;10240;10228
2755;13648519000;13642388888;14142388888;10240;10228
2757;13648688000;13642388888;14142388888;10240;10228
2762;13689770000;13642722222;14142722222;10240;10228
2764;13689795000;13684055555;14184055555;10240;10228
2766;13689812000;13684055555;14184055555;10240;10228
2770;13689818000;13684055555;14184055555;10240;10228
2763;13689969000;13642722222;14142722222;10240;10228
2765;13690162000;13684055555;14184055555;10240;10228
2767;13690174000;13684055555;14184055555;10240;10228
2769;13690374000;13684055555;14184055555;10240;10228
2771;13690386000;13684100000;14184100000;10240;10228
2759;13700759000;13642388888;14142388888;10240;10228
2761;13700770000;13642722222;14142722222;10240;10228
2772;13731448000;13684411111;14184411111;10240;10228
2774;13731458000;13684411111;14184411111;10240;10228
2776;13731483000;13725722222;14225722222;10240;10228
2778;13731498000;13725722222;14225722222;10240;10228
2780;13731525000;13725722222;14225722222;10240;10228
2782;13731542000;13725766666;14225766666;10240;10228
2773;13731645000;13684411111;14184411111;10240;10228
2775;13731811000;13725722222;14225722222;10240;10228
2777;13732025000;13725722222;14225722222;10240;10228
2779;13732034000;13725722222;14225722222;10240;10228
2781;13732232000;13725722222;14225722222;10240;10228
2768;13741971000;13684055555;14184055555;10240;10228
2784;13773120000;13726044444;14226044444;10240;10228
2786;13773145000;13767388888;14267388888;10240;10228
2788;13773153000;13767388888;14267388888;10240;10228
2790;13773166000;13767388888;14267388888;10240;10228
2792;13773183000;13767388888;14267388888;10240;10228
2785;13773268000;13726044444;14226044444;10240;10228
2787;13773458000;13767388888;14267388888;10240;10228
2791;13773664000;13767388888;14267388888;10240;10228
2793;13773674000;13767433333;14267433333;10240;10228
2783;13784033000;13726044444;14226044444;10240;10228
2794;13814782000;13767744444;14267744444;10240;10228
2796;13814797000;13767744444;14267744444;10240;10228
2798;13814817000;13809055555;14309055555;10240;10228
2800;13814823000;13809055555;14309055555;10240;10228
2802;13814865000;13809055555;14309055555;10240;10228
2804;13814882000;13809100000;14309100000;10240;10228
2795;13814972000;13767744444;14267744444;10240;10228
2797;13815158000;13809055555;14309055555;10240;10228
2799;13815192000;13809055555;14309055555;10240;10228
2801;13815354000;13809055555;14309055555;10240;10228
2803;13815563000;13809055555;14309055555;10240;10228
2789;13825706000;13767388888;14267388888;10240;10228
2806;13856379000;13809422222;14309422222;10240;10228
2808;13856401000;13850688888;14350688888;10240;10228
2810;13856408000;13850688888;14350688888;10240;10228
2812;13856414000;13850688888;14350688888;10240;10228
2814;13856443000;13850688888;14350688888;10240;10228
2805;13856585000;13809422222;14309422222;10240;10228
2807;13856790000;13809422222;14309422222;10240;10228
2809;13856818000;13850688888;14350688888;10240;10228
2811;13856993000;13850688888;14350688888;10240;10228
2813;13857168000;13850688888;14350688888;10240;10228
2815;13857193000;13850733333;14350733333;10240;10228
2816;13898103000;13851022222;14351022222;10240;10228
2818;13898117000;13851022222;14351022222;10240;10228
2820;13898137000;13892388888;14392388888;10240;10228
2822;13898142000;13892388888;14392388888;10240;10228
2824;13898151000;13892388888;14392388888;10240;10228
2817;13898278000;13851022222;14351022222;10240;10228
2819;13898490000;13892388888;14392388888;10240;10228
2821;13898517000;13892388888;14392388888;10240;10228
2825;13898713000;13892388888;14392388888;10240;10228
2828;13939790000;13892722222;14392722222;10240;10228
2830;13939818000;13934066666;14434066666;10240;10228
2832;13939835000;13934066666;14434066666;10240;10228
2834;13939840000;13934066666;14434066666;10240;10228
2836;13939854000;13934066666;14434066666;10240;10228
2827;13939955000;13892722222;14392722222;10240;10228
2829;13940159000;13892722222;14392722222;10240;10228
2831;13940168000;13934066666;14434066666;10240;10228
2835;13940360000;13934066666;14434066666;10240;10228
2837;13940370000;13934111111;14434111111;10240;10228
2826;13950503000;13892433333;14392433333;10240;10228
2823;13950887000;13892388888;14392388888;10240;10228
2838;13981405000;13934411111;14434411111;10240;10228
2840;13981417000;13934411111;14434411111;10240;10228
2842;13981422000;13975733333;14475733333;10240;10228
2844;13981443000;13975733333;14475733333;10240;10228
2846;13981449000;13975733333;14475733333;10240;10228
2848;13981457000;13975777777;14475777777;10240;10228
2839;13981617000;13934411111;14434411111;10240;10228
2841;13981825000;13975733333;14475733333;10240;10228
2843;13981835000;13975733333;14475733333;10240;10228
2845;13981988000;13975733333;14475733333;10240;10228
2847;13982236000;13975733333;14475733333;10240;10228
2833;13992315000;13934066666;14434066666;10240;10228
2850;14023126000;13976055555;14476055555;10240;10228
2852;14023150000;14017388888;14517388888;10240;10228
2854;14023156000;14017388888;14517388888;10240;10228
2856;14023161000;14017388888;14517388888;10240;10228
2849;14023252000;13976055555;14476055555;10240;10228
2851;14023450000;13976055555;14476055555;10240;10228
2853;14023653000;14017388888;14517388888;10240;10228
2855;14023684000;14017388888;14517388888;10240;10228
2857;14023891000;14017388888;14517388888;10240;10228
2859;14023900000;14017433333;14517433333;10240;10228
2862;14064752000;14017755555;14517755555;10240;10228
2864;14064763000;14059055555;14559055555;10240;10228
2866;14064768000;14059055555;14559055555;10240;10228
2868;14064790000;14059055555;14559055555;10240;10228
2870;14064795000;14059100000;14559100000;10240;10228
2861;14064957000;14017755555;14517755555;10240;10228
2863;14065175000;14059055555;14559055555;10240;10228
2865;14065188000;14059055555;14559055555;10240;10228
2867;14065370000;14059055555;14559055555;10240;10228
2869;14065577000;14059055555;14559055555;10240;10228
2860;14075377000;14017755555;14517755555;10240;10228
2858;14075526000;14017388888;14517388888;10240;10228
2872;14106416000;14059422222;14559422222;10240;10228
2876;14106441000;14100722222;14600722222;10240;10228
2878;14106454000;14100722222;14600722222;10240;10228
2880;14106460000;14100722222;14600722222;10240;10228
2871;14106620000;14059422222;14559422222;10240;10228
2873;14106821000;14059422222;14559422222;10240;10228
2875;14106849000;14100722222;14600722222;10240;10228
2877;14107020000;14100722222;14600722222;10240;10228
2879;14107235000;14100722222;14600722222;10240;10228
2881;14107245000;14100766666;14600766666;10240;10228
2874;14117169000;14100722222;14600722222;10240;10228
2882;14148064000;14101033333;14601033333;10240;10228
2884;14148076000;14101033333;14601033333;10240;10228
2886;14148093000;14142388888;14642388888;10240;10228
2888;14148125000;14142388888;14642388888;10240;10228
2892;14148132000;14142433333;14642433333;10240;10228
2883;14148278000;14101033333;14601033333;10240;10228
2885;14148491000;14142388888;14642388888;10240;10228
2889;14148517000;14142388888;14642388888;10240;10228
2891;14148688000;14142388888;14642388888;10240;10228
2894;14189785000;14142744444;14642744444;10240;10228
2893;14189945000;14142744444;14642744444;10240;10228
2895;14190182000;14142744444;14642744444;10240;10228
2897;14190192000;14184055555;14684055555;10240;10228
2899;14190353000;14184055555;14684055555;10240;10228
2903;14190365000;14184100000;14684100000;10240;10228
2887;14200789000;14142388888;14642388888;10240;10228
2906;14231410000;14184422222;14684422222;10240;10228
2908;14231421000;14225722222;14725722222;10240;10228
2910;14231430000;14225722222;14725722222;10240;10228
2912;14231454000;14225722222;14725722222;10240;10228
2914;14231459000;14225766666;14725766666;10240;10228
2905;14231623000;14184422222;14684422222;10240;10228
2907;14231824000;14225722222;14725722222;10240;10228
2909;14231836000;14225722222;14725722222;10240;10228
2911;14232027000;14225722222;14725722222;10240;10228
2913;14232244000;14225722222;14725722222;10240;10228
2890;14242017000;14142388888;14642388888;10240;10228
2896;14242240000;14184055555;14684055555;10240;10228
2898;14242448000;14184055555;14684055555;10240;10228
2900;14242459000;14184055555;14684055555;10240;10228
2902;14242673000;14184055555;14684055555;10240;10228
2904;14242835000;14184422222;14684422222;10240;10228
2901;14242862000;14184055555;14684055555;10240;10228
2916;14273125000;14226033333;14726033333;10240;10228
2918;14273155000;14267388888;14767388888;10240;10228
2920;14273161000;14267388888;14767388888;10240;10228
2922;14273168000;14267388888;14767388888;10240;10228
2915;14273257000;14226033333;14726033333;10240;10228
2917;14273452000;14226033333;14726033333;10240;10228
2919;14273650000;14267388888;14767388888;10240;10228
2921;14273678000;14267388888;14767388888;10240;10228
2923;14273887000;14267388888;14767388888;10240;10228
2925;14273898000;14267433333;14767433333;10240;10228
2926;14314754000;14267733333;14767733333;10240;10228
2928;14314765000;14267733333;14767733333;10240;10228
2934;14314772000;14309055555;14809055555;10240;10228
2936;14314777000;14309100000;14809100000;10240;10228
2927;14314950000;14267733333;14767733333;10240;10228
2929;14315187000;14309055555;14809055555;10240;10228
2931;14315199000;14309055555;14809055555;10240;10228
2933;14315354000;14309055555;14809055555;10240;10228
2935;14315561000;14309055555;14809055555;10240;10228
2924;14325576000;14267388888;14767388888;10240;10228
2938;14356418000;14309388888;14809388888;10240;10228
2940;14356445000;14350733333;14850733333;10240;10228
2942;14356461000;14350733333;14850733333;10240;10228
2944;14356467000;14350733333;14850733333;10240;10228
2946;14356502000;14350733333;14850733333;10240;10228
2937;14356626000;14309388888;14809388888;10240;10228
2939;14356816000;14309388888;14809388888;10240;10228
2941;14357028000;14350733333;14850733333;10240;10228
2943;14357037000;14350733333;14850733333;10240;10228
2945;14357240000;14350733333;14850733333;10240;10228
2947;14357249000;14350777777;14850777777;10240;10228
2930;14366865000;14309055555;14809055555;10240;10228
2932;14366892000;14309055555;14809055555;10240;10228
2948;14398055000;14351044444;14851044444;10240;10228
2950;14398070000;14351044444;14851044444;10240;10228
2952;14398103000;14392388888;14892388888;10240;10228
2954;14398110000;14392388888;14892388888;10240;10228
2956;14398124000;14392388888;14892388888;10240;10228
2958;14398140000;14392433333;14892433333;10240;10228
2949;14398269000;14351044444;14851044444;10240;10228
2951;14398481000;14392388888;14892388888;10240;10228
2953;14398508000;14392388888;14892388888;10240;10228
2960;14439749000;14392722222;14892722222;10240;10228
2962;14439775000;14434055555;14934055555;10240;10228
2966;14439791000;14434055555;14934055555;10240;10228
2968;14439797000;14434055555;14934055555;10240;10228
2959;14439947000;14392722222;14892722222;10240;10228
2961;14440145000;14392722222;14892722222;10240;10228
2963;14440353000;14434055555;14934055555;10240;10228
2965;14440365000;14434055555;14934055555;10240;10228
2967;14440565000;14434055555;14934055555;10240;10228
2969;14440576000;14434100000;14934100000;10240;10228
2955;14450953000;14392388888;14892388888;10240;10228
2957;14451164000;14392388888;14892388888;10240;10228
2970;14481390000;14434400000;14934400000;10240;10228
2972;14481402000;14434400000;14934400000;10240;10228
2974;14481423000;14475688888;14975688888;10240;10228
2976;14481429000;14475688888;14975688888;10240;10228
2978;14481464000;14475688888;14975688888;10240;10228
2980;14481470000;14475744444;14975744444;10240;10228
2971;14481587000;14434400000;14934400000;10240;10228
2973;14481793000;14475688888;14975688888;10240;10228
2975;14481805000;14475688888;14975688888;10240;10228
2977;14481991000;14475688888;14975688888;10240;10228
2979;14482208000;14475688888;14975688888;10240;10228
2964;14491751000;14434055555;14934055555;10240;10228
2982;14523115000;14476011111;14976011111;10240;10228
2984;14523137000;14517388888;15017388888;10240;10228
2986;14523144000;14517388888;15017388888;10240;10228
2988;14523148000;14517388888;15017388888;10240;10228
2990;14523172000;14517388888;15017388888;10240;10228
2981;14523270000;14476011111;14976011111;10240;10228
2983;14523483000;14476011111;14976011111;10240;10228
2985;14523512000;14517388888;15017388888;10240;10228
2989;14523683000;14517388888;15017388888;10240;10228
2991;14523694000;14517433333;15017433333;10240;10228
2992;14564727000;14517722222;15017722222;10240;10228
2994;14564738000;14517722222;15017722222;10240;10228
2996;14564759000;14559055555;15059055555;10240;10228
2998;14564780000;14559055555;15059055555;10240;10228
2995;14564954000;14559055555;15059055555;10240;10228
2997;14565161000;14559055555;15059055555;10240;10228
2999;14565171000;14559055555;15059055555;10240;10228
2987;14575494000;14517388888;15017388888;10240;10228
2993;14575660000;14517722222;15017722222;10240;10228
3004;14606411000;14559400000;15059400000;10240;10228
3006;14606435000;14600722222;15100722222;10240;10228
3008;14606461000;14600722222;15100722222;10240;10228
3012;14606479000;14600722222;15100722222;10240;10228
3003;14606612000;14559400000;15059400000;10240;10228
3005;14606820000;14559400000;15059400000;10240;10228
3007;14606829000;14600722222;15100722222;10240;10228
3009;14607021000;14600722222;15100722222;10240;10228
3011;14607232000;14600722222;15100722222;10240;10228
3013;14607245000;14600766666;15100766666;10240;10228
3002;14617049000;14559100000;15059100000;10240;10228
3000;14617222000;14559055555;15059055555;10240;10228
3001;14617381000;14559055555;15059055555;10240;10228
3014;14648079000;14601011111;15101011111;10240;10228
3016;14648090000;14601011111;15101011111;10240;10228
3018;14648111000;14642388888;15142388888;10240;10228
3022;14648117000;14642388888;15142388888;10240;10228
3024;14648159000;14642433333;15142433333;10240;10228
3015;14648271000;14601011111;15101011111;10240;10228
3017;14648476000;14642388888;15142388888;10240;10228
3019;14648690000;14642388888;15142388888;10240;10228
3021;14648699000;14642388888;15142388888;10240;10228
3023;14648890000;14642388888;15142388888;10240;10228
3010;14658545000;14600722222;15100722222;10240;10228
3026;14689785000;14642722222;15142722222;10240;10228
3028;14689813000;14684055555;15184055555;10240;10228
3030;14689830000;14684055555;15184055555;10240;10228
3032;14689836000;14684055555;15184055555;10240;10228
3034;14689856000;14684055555;15184055555;10240;10228
3025;14689947000;14642722222;15142722222;10240;10228
3027;14690144000;14642722222;15142722222;10240;10228
3029;14690157000;14684055555;15184055555;10240;10228
3031;14690345000;14684055555;15184055555;10240;10228
3033;14690550000;14684055555;15184055555;10240;10228
3020;14700247000;14642388888;15142388888;10240;10228
3036;14731404000;14684422222;15184422222;10240;10228
3038;14731427000;14684422222;15184422222;10240;10228
3040;14731433000;14725722222;15225722222;10240;10228
3042;14731439000;14725722222;15225722222;10240;10228
3037;14731613000;14684422222;15184422222;10240;10228
3039;14731815000;14725722222;15225722222;10240;10228
3041;14731826000;14725722222;15225722222;10240;10228
3043;14732021000;14725722222;15225722222;10240;10228
3045;14732232000;14725722222;15225722222;10240;10228
3048;14773086000;14726033333;15226033333;10240;10228
3050;14773096000;14767388888;15267388888;10240;10228
3052;14773102000;14767388888;15267388888;10240;10228
3054;14773112000;14767388888;15267388888;10240;10228
3056;14773131000;14767388888;15267388888;10240;10228
3047;14773273000;14726033333;15226033333;10240;10228
3049;14773484000;14726033333;15226033333;10240;10228
3051;14773495000;14767388888;15267388888;10240;10228
3053;14773680000;14767388888;15267388888;10240;10228
3055;14773885000;14767388888;15267388888;10240;10228
3057;14773895000;14767433333;15267433333;10240;10228
3035;14783593000;14684100000;15184100000;10240;10228
3044;14783706000;14725722222;15225722222;10240;10228
3046;14783738000;14725766666;15225766666;10240;10228
3058;14814736000;14767744444;15267744444;10240;10228
3060;14814748000;14767744444;15267744444;10240;10228
3064;14814765000;14809055555;15309055555;10240;10228
3066;14814777000;14809055555;15309055555;10240;10228
3068;14814811000;14809100000;15309100000;10240;10228
3059;14814945000;14767744444;15267744444;10240;10228
3061;14815157000;14809055555;15309055555;10240;10228
3063;14815184000;14809055555;15309055555;10240;10228
3065;14815353000;14809055555;15309055555;10240;10228
3067;14815569000;14809055555;15309055555;10240;10228
3062;14825562000;14809055555;15309055555;10240;10228
3072;14856396000;14850688888;15350688888;10240;10228
3076;14856422000;14850688888;15350688888;10240;10228
3078;14856428000;14850688888;15350688888;10240;10228
3069;14856588000;14809411111;15309411111;10240;10228
3071;14856787000;14809411111;15309411111;10240;10228
3073;14856798000;14850688888;15350688888;10240;10228
3075;14856989000;14850688888;15350688888;10240;10228
3077;14857201000;14850688888;15350688888;10240;10228
3079;14857212000;14850744444;15350744444;10240;10228
3070;14866945000;14809411111;15309411111;10240;10228
3080;14898068000;14851011111;15351011111;10240;10228
3082;14898085000;14851011111;15351011111;10240;10228
3084;14898106000;14892400000;15392400000;10240;10228
3086;14898148000;14892400000;15392400000;10240;10228
3088;14898168000;14892400000;15392400000;10240;10228
3090;14898173000;14892455555;15392455555;10240;10228
3081;14898292000;14851011111;15351011111;10240;10228
3083;14898476000;14892400000;15392400000;10240;10228
3085;14898691000;14892400000;15392400000;10240;10228
3087;14898701000;14892400000;15392400000;10240;10228
3089;14898889000;14892400000;15392400000;10240;10228
3074;14908692000;14850688888;15350688888;10240;10228
3092;14939759000;14892733333;15392733333;10240;10228
3094;14939790000;14934055555;15434055555;10240;10228
3096;14939796000;14934055555;15434055555;10240;10228
3098;14939801000;14934055555;15434055555;10240;10228
3100;14939815000;14934055555;15434055555;10240;10228
3091;14939948000;14892733333;15392733333;10240;10228
3093;14940157000;14892733333;15392733333;10240;10228
3095;14940185000;14934055555;15434055555;10240;10228
3097;14940354000;14934055555;15434055555;10240;10228
3099;14940536000;14934055555;15434055555;10240;10228
3101;14940561000;14934100000;15434100000;10240;10228
3102;14981372000;14934388888;15434388888;10240;10228
3104;14981384000;14934388888;15434388888;10240;10228
3106;14981403000;14975688888;15475688888;10240;10228
3108;14981419000;14975688888;15475688888;10240;10228
3110;14981425000;14975688888;15475688888;10240;10228
3112;14981454000;14975733333;15475733333;10240;10228
3103;14981551000;14934388888;15434388888;10240;10228
3105;14981791000;14975688888;15475688888;10240;10228
3107;14981816000;14975688888;15475688888;10240;10228
3109;14981961000;14975688888;15475688888;10240;10228
3111;14982162000;14975688888;15475688888;10240;10228
3114;15023085000;14976000000;15476000000;10240;10228
3116;15023108000;15017388888;15517388888;10240;10228
3118;15023114000;15017388888;15517388888;10240;10228
3120;15023118000;15017388888;15517388888;10240;10228
3122;15023214000;15017388888;15517388888;10240;10228
3113;15023295000;14976000000;15476000000;10240;10228
3115;15023474000;14976000000;15476000000;10240;10228
3117;15023710000;15017388888;15517388888;10240;10228
3119;15023734000;15017388888;15517388888;10240;10228
3121;15023889000;15017388888;15517388888;10240;10228
3123;15023915000;15017433333;15517433333;10240;10228
3124;15064704000;15017733333;15517733333;10240;10228
3126;15064714000;15017733333;15517733333;10240;10228
3128;15064732000;15059022222;15559022222;10240;10228
3130;15064741000;15059022222;15559022222;10240;10228
3132;15064770000;15059022222;15559022222;10240;10228
3125;15064915000;15017733333;15517733333;10240;10228
3127;15065107000;15059022222;15559022222;10240;10228
3129;15065307000;15059022222;15559022222;10240;10228
3131;15065334000;15059022222;15559022222;10240;10228
3133;15065526000;15059022222;15559022222;10240;10228
3138;15106389000;15100688888;15600688888;10240;10228
3140;15106404000;15100688888;15600688888;10240;10228
3142;15106409000;15100688888;15600688888;10240;10228
3144;15106430000;15100688888;15600688888;10240;10228
3135;15106581000;15059377777;15559377777;10240;10228
3137;15106789000;15059377777;15559377777;10240;10228
3139;15106799000;15100688888;15600688888;10240;10228
3141;15106988000;15100688888;15600688888;10240;10228
3143;15107204000;15100688888;15600688888;10240;10228
3145;15107214000;15100733333;15600733333;10240;10228
3134;15116940000;15059066666;15559066666;10240;10228
3136;15116976000;15059377777;15559377777;10240;10228
3146;15148068000;15100988888;15600988888;10240;10228
3152;15148079000;15142400000;15642400000;10240;10228
3154;15148104000;15142400000;15642400000;10240;10228
3156;15148110000;15142444444;15642444444;10240;10228
3147;15148289000;15100988888;15600988888;10240;10228
3149;15148493000;15142400000;15642400000;10240;10228
3155;15148505000;15142400000;15642400000;10240;10228
3158;15189740000;15142766666;15642766666;10240;10228
3162;15189768000;15184055555;15684055555;10240;10228
3164;15189773000;15184055555;15684055555;10240;10228
3166;15189804000;15184055555;15684055555;10240;10228
3157;15189947000;15142766666;15642766666;10240;10228
3159;15190124000;15142766666;15642766666;10240;10228
3165;15190323000;15184055555;15684055555;10240;10228
3167;15190332000;15184100000;15684100000;10240;10228
3148;15200248000;15100988888;15600988888;10240;10228
3150;15200264000;15142400000;15642400000;10240;10228
3160;15200757000;15184055555;15684055555;10240;10228
3151;15200837000;15142400000;15642400000;10240;10228
3153;15200856000;15142400000;15642400000;10240;10228
3168;15231379000;15184444444;15684444444;10240;10228
3170;15231389000;15184444444;15684444444;10240;10228
3172;15231395000;15225688888;15725688888;10240;10228
3174;15231416000;15225688888;15725688888;10240;10228
3176;15231423000;15225688888;15725688888;10240;10228
3178;15231427000;15225744444;15725744444;10240;10228
3169;15231585000;15184444444;15684444444;10240;10228
3171;15231786000;15225688888;15725688888;10240;10228
3173;15231798000;15225688888;15725688888;10240;10228
3175;15231989000;15225688888;15725688888;10240;10228
3177;15232205000;15225688888;15725688888;10240;10228
3161;15242560000;15184055555;15684055555;10240;10228
3163;15242777000;15184055555;15684055555;10240;10228
3180;15273084000;15226011111;15726011111;10240;10228
3182;15273097000;15267388888;15767388888;10240;10228
3184;15273102000;15267388888;15767388888;10240;10228
3186;15273123000;15267388888;15767388888;10240;10228
3188;15273130000;15267388888;15767388888;10240;10228
3179;15273273000;15226011111;15726011111;10240;10228
3181;15273489000;15226011111;15726011111;10240;10228
3183;15273515000;15267388888;15767388888;10240;10228
3185;15273686000;15267388888;15767388888;10240;10228
3189;15273716000;15267433333;15767433333;10240;10228
3192;15314737000;15267744444;15767744444;10240;10228
3194;15314765000;15309055555;15809055555;10240;10228
3196;15314772000;15309055555;15809055555;10240;10228
3198;15314801000;15309055555;15809055555;10240;10228
3200;15314807000;15309100000;15809100000;10240;10228
3191;15314954000;15267744444;15767744444;10240;10228
3193;15315187000;15309055555;15809055555;10240;10228
3195;15315199000;15309055555;15809055555;10240;10228
3197;15315361000;15309055555;15809055555;10240;10228
3199;15315568000;15309055555;15809055555;10240;10228
3190;15325337000;15267744444;15767744444;10240;10228
3187;15325990000;15267388888;15767388888;10240;10228
3202;15356451000;15309400000;15809400000;10240;10228
3204;15356465000;15350722222;15850722222;10240;10228
3206;15356470000;15350722222;15850722222;10240;10228
3208;15356491000;15350722222;15850722222;10240;10228
3210;15356496000;15350722222;15850722222;10240;10228
3203;15356622000;15309400000;15809400000;10240;10228
3205;15356825000;15350722222;15850722222;10240;10228
3209;15356836000;15350722222;15850722222;10240;10228
3211;15357028000;15350766666;15850766666;10240;10228
3201;15367747000;15309400000;15809400000;10240;10228
3212;15398107000;15351033333;15851033333;10240;10228
3214;15398117000;15351033333;15851033333;10240;10228
3216;15398140000;15392388888;15892388888;10240;10228
3218;15398148000;15392388888;15892388888;10240;10228
3220;15398171000;15392388888;15892388888;10240;10228
3213;15398276000;15351033333;15851033333;10240;10228
3215;15398474000;15392388888;15892388888;10240;10228
3217;15398481000;15392388888;15892388888;10240;10228
3219;15398675000;15392388888;15892388888;10240;10228
3221;15398894000;15392388888;15892388888;10240;10228
3207;15409023000;15350722222;15850722222;10240;10228
3224;15439780000;15392733333;15892733333;10240;10228
3226;15439793000;15434055555;15934055555;10240;10228
3228;15439798000;15434055555;15934055555;10240;10228
3230;15439811000;15434055555;15934055555;10240;10228
3232;15439823000;15434055555;15934055555;10240;10228
3223;15439947000;15392733333;15892733333;10240;10228
3225;15440162000;15392733333;15892733333;10240;10228
3227;15440172000;15434055555;15934055555;10240;10228
3229;15440353000;15434055555;15934055555;10240;10228
3231;15440558000;15434055555;15934055555;10240;10228
3233;15440569000;15434100000;15934100000;10240;10228
3222;15450537000;15392433333;15892433333;10240;10228
3234;15481396000;15434411111;15934411111;10240;10228
3242;15481411000;15475688888;15975688888;10240;10228
3244;15481423000;15475733333;15975733333;10240;10228
3237;15481589000;15475688888;15975688888;10240;10228
3239;15481789000;15475688888;15975688888;10240;10228
3241;15481801000;15475688888;15975688888;10240;10228
3243;15481992000;15475688888;15975688888;10240;10228
3235;15492512000;15434411111;15934411111;10240;10228
3246;15523081000;15476022222;15976022222;10240;10228
3248;15523110000;15517388888;16017388888;10240;10228
3250;15523115000;15517388888;16017388888;10240;10228
3252;15523146000;15517388888;16017388888;10240;10228
3254;15523152000;15517388888;16017388888;10240;10228
3245;15523271000;15476022222;15976022222;10240;10228
3247;15523484000;15476022222;15976022222;10240;10228
3249;15523494000;15517388888;16017388888;10240;10228
3253;15523682000;15517388888;16017388888;10240;10228
3255;15523691000;15517433333;16017433333;10240;10228
3240;15533580000;15475688888;15975688888;10240;10228
3236;15533711000;15434411111;15934411111;10240;10228
3256;15564790000;15517733333;16017733333;10240;10228
3258;15564799000;15517733333;16017733333;10240;10228
3260;15564804000;15559066666;16059066666;10240;10228
3262;15564813000;15559066666;16059066666;10240;10228
3264;15564831000;15559066666;16059066666;10240;10228
3257;15564953000;15517733333;16017733333;10240;10228
3259;15565144000;15559066666;16059066666;10240;10228
3261;15565361000;15559066666;16059066666;10240;10228
3263;15565371000;15559066666;16059066666;10240;10228
3251;15575606000;15517388888;16017388888;10240;10228
3268;15606403000;15559433333;16059433333;10240;10228
3270;15606425000;15600722222;16100722222;10240;10228
3272;15606434000;15600722222;16100722222;10240;10228
3274;15606440000;15600722222;16100722222;10240;10228
3276;15606458000;15600722222;16100722222;10240;10228
3267;15606611000;15559433333;16059433333;10240;10228
3269;15606815000;15559433333;16059433333;10240;10228
3271;15606825000;15600722222;16100722222;10240;10228
3273;15607020000;15600722222;16100722222;10240;10228
3275;15607230000;15600722222;16100722222;10240;10228
3277;15607242000;15600766666;16100766666;10240;10228
3266;15617028000;15559111111;16059111111;10240;10228
3278;15648105000;15601022222;16101022222;10240;10228
3280;15648115000;15601022222;16101022222;10240;10228
3282;15648124000;15642388888;16142388888;10240;10228
3284;15648128000;15642388888;16142388888;10240;10228
3286;15648150000;15642388888;16142388888;10240;10228
3288;15648156000;15642433333;16142433333;10240;10228
3279;15648277000;15601022222;16101022222;10240;10228
3281;15648489000;15642388888;16142388888;10240;10228
3285;15648500000;15642388888;16142388888;10240;10228
3287;15648698000;15642388888;16142388888;10240;10228
3294;15689798000;15684077777;16184077777;10240;10228
3296;15689811000;15684077777;16184077777;10240;10228
3298;15689816000;15684077777;16184077777;10240;10228
3299;15689825000;15684122222;16184122222;10240;10228
3289;15689986000;15642733333;16142733333;10240;10228
3291;15690199000;15642733333;16142733333;10240;10228
3293;15690209000;15684077777;16184077777;10240;10228
3295;15690391000;15684077777;16184077777;10240;10228
3297;15690588000;15684077777;16184077777;10240;10228
3283;15700427000;15642388888;16142388888;10240;10228
3290;15700439000;15642733333;16142733333;10240;10228
3292;15700444000;15684077777;16184077777;10240;10228
3300;15731405000;15684444444;16184444444;10240;10228
3302;15731414000;15684444444;16184444444;10240;10228
3304;15731427000;15725722222;16225722222;10240;10228
3306;15731456000;15725722222;16225722222;10240;10228
3308;15731463000;15725722222;16225722222;10240;10228
3310;15731469000;15725766666;16225766666;10240;10228
3301;15731616000;15684444444;16184444444;10240;10228
3303;15731815000;15725722222;16225722222;10240;10228
3305;15731843000;15725722222;16225722222;10240;10228
3307;15732019000;15725722222;16225722222;10240;10228
3309;15732230000;15725722222;16225722222;10240;10228
3312;15773087000;15726044444;16226044444;10240;10228
3314;15773102000;15767388888;16267388888;10240;10228
3316;15773108000;15767388888;16267388888;10240;10228
3318;15773129000;15767388888;16267388888;10240;10228
3320;15773141000;15767388888;16267388888;10240;10228
3321;15773146000;15767433333;16267433333;10240;10228
3311;15773246000;15726044444;16226044444;10240;10228
3313;15773442000;15726044444;16226044444;10240;10228
3315;15773682000;15767388888;16267388888;10240;10228
3317;15773708000;15767388888;16267388888;10240;10228
3324;15814793000;15767755555;16267755555;10240;10228
3326;15814821000;15809055555;16309055555;10240;10228
3328;15814826000;15809055555;16309055555;10240;10228
3330;15814847000;15809055555;16309055555;10240;10228
3332;15814866000;15809100000;16309100000;10240;10228
3327;15814975000;15809055555;16309055555;10240;10228
3329;15815189000;15809055555;16309055555;10240;10228
3331;15815202000;15809055555;16309055555;10240;10228
3322;15825641000;15767755555;16267755555;10240;10228
3319;15826033000;15767388888;16267388888;10240;10228
3325;15826061000;15809055555;16309055555;10240;10228
3323;15826216000;15767755555;16267755555;10240;10228
3338;15856422000;15850688888;16350688888;10240;10228
3333;15856581000;15809433333;16309433333;10240;10228
3335;15856786000;15809433333;16309433333;10240;10228
3337;15856797000;15850688888;16350688888;10240;10228
3339;15856990000;15850688888;16350688888;10240;10228
3341;15857201000;15850688888;16350688888;10240;10228
3343;15857228000;15850744444;16350744444;10240;10228
3344;15898098000;15851033333;16351033333;10240;10228
3346;15898110000;15851033333;16351033333;10240;10228
3348;15898115000;15892388888;16392388888;10240;10228
3350;15898129000;15892388888;16392388888;10240;10228
3352;15898143000;15892388888;16392388888;10240;10228
3354;15898149000;15892444444;16392444444;10240;10228
3345;15898276000;15851033333;16351033333;10240;10228
3347;15898487000;15892388888;16392388888;10240;10228
3349;15898498000;15892388888;16392388888;10240;10228
3351;15898683000;15892388888;16392388888;10240;10228
3353;15898891000;15892388888;16392388888;10240;10228
3334;15908593000;15809433333;16309433333;10240;10228
3336;15908855000;15850688888;16350688888;10240;10228
3342;15908874000;15850688888;16350688888;10240;10228
3356;15939786000;15892744444;16392744444;10240;10228
3358;15939796000;15934055555;16434055555;10240;10228
3360;15939803000;15934055555;16434055555;10240;10228
3362;15939809000;15934055555;16434055555;10240;10228
3364;15939841000;15934055555;16434055555;10240;10228
3355;15939945000;15892744444;16392744444;10240;10228
3357;15940159000;15892744444;16392744444;10240;10228
3363;15940170000;15934055555;16434055555;10240;10228
3365;15940350000;15934100000;16434100000;10240;10228
3366;15981371000;15934411111;16434411111;10240;10228
3368;15981381000;15934411111;16434411111;10240;10228
3370;15981403000;15975688888;16475688888;10240;10228
3372;15981434000;15975688888;16475688888;10240;10228
3374;15981441000;15975688888;16475688888;10240;10228
3375;15981460000;15975688888;16475688888;10240;10228
3376;15981466000;15975744444;16475744444;10240;10228
3367;15981581000;15934411111;16434411111;10240;10228
3369;15981788000;15975688888;16475688888;10240;10228
3373;15981799000;15975688888;16475688888;10240;10228
3361;15992558000;15934055555;16434055555;10240;10228
3378;16023082000;15976022222;16476022222;10240;10228
3382;16023094000;16017388888;16517388888;10240;10228
3384;16023100000;16017388888;16517388888;10240;10228
3386;16023120000;16017388888;16517388888;10240;10228
3387;16023126000;16017433333;16517433333;10240;10228
3377;16023273000;15976022222;16476022222;10240;10228
3379;16023486000;15976022222;16476022222;10240;10228
3381;16023495000;16017388888;16517388888;10240;10228
3383;16023698000;16017388888;16517388888;10240;10228
3385;16023884000;16017388888;16517388888;10240;10228
3380;16033811000;16017388888;16517388888;10240;10228
3371;16034416000;15975688888;16475688888;10240;10228
3388;16064749000;16017755555;16517755555;10240;10228
3390;16064761000;16017755555;16517755555;10240;10228
3392;16064766000;16059055555;16559055555;10240;10228
3394;16064787000;16059055555;16559055555;10240;10228
3396;16064793000;16059055555;16559055555;10240;10228
3389;16064946000;16017755555;16517755555;10240;10228
3391;16065179000;16059055555;16559055555;10240;10228
3393;16065191000;16059055555;16559055555;10240;10228
3395;16065352000;16059055555;16559055555;10240;10228
3397;16065569000;16059055555;16559055555;10240;10228
3400;16106375000;16059422222;16559422222;10240;10228
3402;16106391000;16100688888;16600688888;10240;10228
3404;16106396000;16100688888;16600688888;10240;10228
3406;16106417000;16100688888;16600688888;10240;10228
3408;16106422000;16100688888;16600688888;10240;10228
3399;16106579000;16059422222;16559422222;10240;10228
3401;16106787000;16059422222;16559422222;10240;10228
3403;16106797000;16100688888;16600688888;10240;10228
3405;16106988000;16100688888;16600688888;10240;10228
3407;16107199000;16100688888;16600688888;10240;10228
3398;16117165000;16059100000;16559100000;10240;10228
3410;16148097000;16101033333;16601033333;10240;10228
3418;16148112000;16142388888;16642388888;10240;10228
3420;16148117000;16142433333;16642433333;10240;10228
3411;16148276000;16101033333;16601033333;10240;10228
3413;16148485000;16142388888;16642388888;10240;10228
3415;16148496000;16142388888;16642388888;10240;10228
3417;16148682000;16142388888;16642388888;10240;10228
3419;16148886000;16142388888;16642388888;10240;10228
3409;16159457000;16100755555;16600755555;10240;10228
3422;16189799000;16142744444;16642744444;10240;10228
3424;16189829000;16184055555;16684055555;10240;10228
3426;16189836000;16184055555;16684055555;10240;10228
3428;16189843000;16184055555;16684055555;10240;10228
3430;16189855000;16184055555;16684055555;10240;10228
3421;16189937000;16142744444;16642744444;10240;10228
3423;16190123000;16142744444;16642744444;10240;10228
3425;16190318000;16184055555;16684055555;10240;10228
3431;16190329000;16184100000;16684100000;10240;10228
3414;16200321000;16142388888;16642388888;10240;10228
3412;16200413000;16101033333;16601033333;10240;10228
3432;16231415000;16184444444;16684444444;10240;10228
3434;16231428000;16184444444;16684444444;10240;10228
3436;16231433000;16225688888;16725688888;10240;10228
3438;16231446000;16225688888;16725688888;10240;10228
3441;16231464000;16225688888;16725688888;10240;10228
3442;16231471000;16225733333;16725733333;10240;10228
3433;16231579000;16184444444;16684444444;10240;10228
3435;16231785000;16225688888;16725688888;10240;10228
3437;16231795000;16225688888;16725688888;10240;10228
3427;16242501000;16184055555;16684055555;10240;10228
3429;16242690000;16184055555;16684055555;10240;10228
3444;16273084000;16226022222;16726022222;10240;10228
3446;16273112000;16267355555;16767355555;10240;10228
3448;16273117000;16267355555;16767355555;10240;10228
3450;16273150000;16267355555;16767355555;10240;10228
3452;16273155000;16267355555;16767355555;10240;10228
3443;16273249000;16226022222;16726022222;10240;10228
3445;16273452000;16226022222;16726022222;10240;10228
3447;16273463000;16267355555;16767355555;10240;10228
3449;16273646000;16267355555;16767355555;10240;10228
3451;16273855000;16267355555;16767355555;10240;10228
3453;16273864000;16267400000;16767400000;10240;10228
3454;16314773000;16267722222;16767722222;10240;10228
3456;16314784000;16267722222;16767722222;10240;10228
3458;16314791000;16309066666;16809066666;10240;10228
3460;16314813000;16309066666;16809066666;10240;10228
3462;16314819000;16309066666;16809066666;10240;10228
3464;16314838000;16309111111;16809111111;10240;10228
3455;16314949000;16267722222;16767722222;10240;10228
3457;16315149000;16309066666;16809066666;10240;10228
3459;16315348000;16309066666;16809066666;10240;10228
3466;16356428000;16309422222;16809422222;10240;10228
3468;16356444000;16350722222;16850722222;10240;10228
3469;16356453000;16350722222;16850722222;10240;10228
3470;16356483000;16350722222;16850722222;10240;10228
3471;16356490000;16350722222;16850722222;10240;10228
3472;16356509000;16350722222;16850722222;10240;10228
3473;16356514000;16350722222;16850722222;10240;10228
3465;16356585000;16309422222;16809422222;10240;10228
3467;16356773000;16309422222;16809422222;10240;10228
3474;16366819000;16350722222;16850722222;10240;10228
3475;16366974000;16350766666;16850766666;10240;10228
3463;16366987000;16309066666;16809066666;10240;10228
3461;16377634000;16309066666;16809066666;10240;10228
3477;16398107000;16351055555;16851055555;10240;10228
3479;16398119000;16392388888;16892388888;10240;10228
3481;16398124000;16392388888;16892388888;10240;10228
3482;16398144000;16392388888;16892388888;10240;10228
3483;16398150000;16392388888;16892388888;10240;10228
3484;16398167000;16392388888;16892388888;10240;10228
3485;16398172000;16392388888;16892388888;10240;10228
3486;16398188000;16392433333;16892433333;10240;10228
3476;16398272000;16351055555;16851055555;10240;10228
3478;16398476000;16351055555;16851055555;10240;10228
3480;16398498000;16392388888;16892388888;10240;10228
3487;16439755000;16392755555;16892755555;10240;10228
3489;16439765000;16392755555;16892755555;10240;10228
3491;16439773000;16434022222;16934022222;10240;10228
3493;16439787000;16434022222;16934022222;10240;10228
3495;16439808000;16434022222;16934022222;10240;10228
3497;16439813000;16434066666;16934066666;10240;10228
3490;16439910000;16434022222;16934022222;10240;10228
3492;16440103000;16434022222;16934022222;10240;10228
3494;16440354000;16434022222;16934022222;10240;10228
3488;16451093000;16392755555;16892755555;10240;10228
3499;16481460000;16434400000;16934400000;10240;10228
3501;16481479000;16475722222;16975722222;10240;10228
3505;16481499000;16475722222;16975722222;10240;10228
3506;16481514000;16475722222;16975722222;10240;10228
3507;16481542000;16475722222;16975722222;10240;10228
3508;16481559000;16475766666;16975766666;10240;10228
3498;16481645000;16434400000;16934400000;10240;10228
3504;16481804000;16475722222;16975722222;10240;10228
3509;16523118000;16476066666;16976066666;10240;10228
3511;16523128000;16476066666;16976066666;10240;10228
3513;16523138000;16517411111;17017411111;10240;10228
3514;16523159000;16517411111;17017411111;10240;10228
3515;16523165000;16517411111;17017411111;10240;10228
3510;16523291000;16476066666;16976066666;10240;10228
3512;16523501000;16517411111;17017411111;10240;10228
3517;16533744000;16517411111;17017411111;10240;10228
3518;16533762000;16517411111;17017411111;10240;10228
3519;16533767000;16517455555;17017455555;10240;10228
3496;16533948000;16434022222;16934022222;10240;10228
3500;16534184000;16434400000;16934400000;10240;10228
3502;16534429000;16475722222;16975722222;10240;10228
3503;16544237000;16475722222;16975722222;10240;10228
3516;16544479000;16517411111;17017411111;10240;10228
3521;16564778000;16517755555;17017755555;10240;10228
3523;16564791000;16559066666;17059066666;10240;10228
3525;16564796000;16559066666;17059066666;10240;10228
3527;16564817000;16559066666;17059066666;10240;10228
3528;16564824000;16559066666;17059066666;10240;10228
3529;16564842000;16559066666;17059066666;10240;10228
3530;16564848000;16559111111;17059111111;10240;10228
3520;16564943000;16517755555;17017755555;10240;10228
3522;16565144000;16517755555;17017755555;10240;10228
3524;16565352000;16559066666;17059066666;10240;10228
3526;16565379000;16559066666;17059066666;10240;10228
3531;16606421000;16559422222;17059422222;10240;10228
3533;16606433000;16559422222;17059422222;10240;10228
3535;16606445000;16600722222;17100722222;10240;10228
3537;16606465000;16600722222;17100722222;10240;10228
3532;16606592000;16559422222;17059422222;10240;10228
3534;16606819000;16600722222;17100722222;10240;10228
3536;16606847000;16600722222;17100722222;10240;10228
3538;16606988000;16600722222;17100722222;10240;10228
3543;16648058000;16601033333;17101033333;10240;10228
3545;16648076000;16642388888;17142388888;10240;10228
3547;16648098000;16642388888;17142388888;10240;10228
3549;16648104000;16642388888;17142388888;10240;10228
3550;16648123000;16642388888;17142388888;10240;10228
3542;16648236000;16601033333;17101033333;10240;10228
3544;16648439000;16601033333;17101033333;10240;10228
3548;16648644000;16642388888;17142388888;10240;10228
3551;16658448000;16642388888;17142388888;10240;10228
3552;16658546000;16642433333;17142433333;10240;10228
3539;16658665000;16600722222;17100722222;10240;10228
3541;16658780000;16600777777;17100777777;10240;10228
3540;16658915000;16600722222;17100722222;10240;10228
3554;16689812000;16642733333;17142733333;10240;10228
3556;16689843000;16684066666;17184066666;10240;10228
3558;16689849000;16684066666;17184066666;10240;10228
3559;16689868000;16684066666;17184066666;10240;10228
3560;16689897000;16684066666;17184066666;10240;10228
3561;16689903000;16684066666;17184066666;10240;10228
3562;16689931000;16684066666;17184066666;10240;10228
3563;16689937000;16684122222;17184122222;10240;10228
3553;16689947000;16642733333;17142733333;10240;10228
3555;16690170000;16642733333;17142733333;10240;10228
3557;16690189000;16684066666;17184066666;10240;10228
3546;16701316000;16642388888;17142388888;10240;10228
3564;16731652000;16684477777;17184477777;10240;10228
3566;16731664000;16684477777;17184477777;10240;10228
3568;16731673000;16725744444;17225744444;10240;10228
3570;16731678000;16725744444;17225744444;10240;10228
3572;16731699000;16725744444;17225744444;10240;10228
3573;16731706000;16725744444;17225744444;10240;10228
3565;16731716000;16684477777;17184477777;10240;10228
3574;16731726000;16725788888;17225788888;10240;10228
3567;16731828000;16725744444;17225744444;10240;10228
3569;16731854000;16725744444;17225744444;10240;10228
3571;16732073000;16725744444;17225744444;10240;10228
3575;16773264000;16726077777;17226077777;10240;10228
3580;16773277000;16767400000;17267400000;10240;10228
3582;16773287000;16767400000;17267400000;10240;10228
3583;16773293000;16767400000;17267400000;10240;10228
3584;16773315000;16767400000;17267400000;10240;10228
3585;16773321000;16767444444;17267444444;10240;10228
3577;16773465000;16726077777;17226077777;10240;10228
3576;16784116000;16726077777;17226077777;10240;10228
3578;16784148000;16767400000;17267400000;10240;10228
3586;16814789000;16767788888;17267788888;10240;10228
3588;16814801000;16767788888;17267788888;10240;10228
3590;16814822000;16809055555;17309055555;10240;10228
3591;16814854000;16809055555;17309055555;10240;10228
3592;16814860000;16809055555;17309055555;10240;10228
3593;16814889000;16809055555;17309055555;10240;10228
3594;16814894000;16809055555;17309055555;10240;10228
3595;16814923000;16809055555;17309055555;10240;10228
3587;16814928000;16767788888;17267788888;10240;10228
3589;16815178000;16809055555;17309055555;10240;10228
3596;16825395000;16809100000;17309100000;10240;10228
3600;16856441000;16850688888;17350688888;10240;10228
3602;16856452000;16850688888;17350688888;10240;10228
3603;16856457000;16850688888;17350688888;10240;10228
3604;16856477000;16850688888;17350688888;10240;10228
3605;16856483000;16850688888;17350688888;10240;10228
3606;16856493000;16850688888;17350688888;10240;10228
3597;16856555000;16809422222;17309422222;10240;10228
3599;16856767000;16809422222;17309422222;10240;10228
3607;16866836000;16850744444;17350744444;10240;10228
3598;16867154000;16809422222;17309422222;10240;10228
3601;16867261000;16850688888;17350688888;10240;10228
3579;16867618000;16767400000;17267400000;10240;10228
3581;16867640000;16767400000;17267400000;10240;10228
3608;16898065000;16851033333;17351033333;10240;10228
3612;16898081000;16892388888;17392388888;10240;10228
3614;16898096000;16892388888;17392388888;10240;10228
3616;16898114000;16892388888;17392388888;10240;10228
3617;16898122000;16892388888;17392388888;10240;10228
3618;16898132000;16892433333;17392433333;10240;10228
3609;16898283000;16851033333;17351033333;10240;10228
3611;16898455000;16892388888;17392388888;10240;10228
3613;16898652000;16892388888;17392388888;10240;10228
3615;16898664000;16892388888;17392388888;10240;10228
3610;16908818000;16851033333;17351033333;10240;10228
3620;16939827000;16892733333;17392733333;10240;10228
3622;16939839000;16934088888;17434088888;10240;10228
3624;16939844000;16934088888;17434088888;10240;10228
3626;16939865000;16934088888;17434088888;10240;10228
3627;16939871000;16934088888;17434088888;10240;10228
3628;16939893000;16934088888;17434088888;10240;10228
3629;16939898000;16934144444;17434144444;10240;10228
3619;16939998000;16892733333;17392733333;10240;10228
3621;16940204000;16892733333;17392733333;10240;10228
3623;16940232000;16934088888;17434088888;10240;10228
3632;16981389000;16934444444;17434444444;10240;10228
3634;16981418000;16975688888;17475688888;10240;10228
3636;16981423000;16975688888;17475688888;10240;10228
3638;16981455000;16975688888;17475688888;10240;10228
3639;16981461000;16975688888;17475688888;10240;10228
3640;16981479000;16975744444;17475744444;10240;10228
3635;16981599000;16975688888;17475688888;10240;10228
3630;16992071000;16934444444;17434444444;10240;10228
3642;17023114000;16976022222;17476022222;10240;10228
3643;17023129000;16976022222;17476022222;10240;10228
3644;17023140000;17017388888;17517388888;10240;10228
3645;17023144000;17017388888;17517388888;10240;10228
3646;17023164000;17017388888;17517388888;10240;10228
3647;17023168000;17017388888;17517388888;10240;10228
3648;17023188000;17017388888;17517388888;10240;10228
3641;17023283000;16976022222;17476022222;10240;10228
3649;17033939000;17017388888;17517388888;10240;10228
3650;17033949000;17017388888;17517388888;10240;10228
3651;17033953000;17017433333;17517433333;10240;10228
3653;17064794000;17017744444;17517744444;10240;10228
3654;17064808000;17017744444;17517744444;10240;10228
3655;17064813000;17059055555;17559055555;10240;10228
3656;17064834000;17059055555;17559055555;10240;10228
3657;17064840000;17059055555;17559055555;10240;10228
3659;17064858000;17059055555;17559055555;10240;10228
3660;17075226000;17059055555;17559055555;10240;10228
3661;17075235000;17059055555;17559055555;10240;10228
3662;17075456000;17059088888;17559088888;10240;10228
3663;17106411000;17059411111;17559411111;10240;10228
3664;17106423000;17059411111;17559411111;10240;10228
3665;17106445000;17059411111;17559411111;10240;10228
3666;17106450000;17100722222;17600722222;10240;10228
3667;17106472000;17100722222;17600722222;10240;10228
3668;17106477000;17100722222;17600722222;10240;10228
3669;17106498000;17100722222;17600722222;10240;10228
3670;17116839000;17100722222;17600722222;10240;10228
3672;17117040000;17100722222;17600722222;10240;10228
3673;17117118000;17100755555;17600755555;10240;10228
3674;17148114000;17101022222;17601022222;10240;10228
3675;17148123000;17101022222;17601022222;10240;10228
3676;17148133000;17101022222;17601022222;10240;10228
3677;17148151000;17142422222;17642422222;10240;10228
3678;17148158000;17142422222;17642422222;10240;10228
3679;17148176000;17142422222;17642422222;10240;10228
3682;17158612000;17142422222;17642422222;10240;10228
3683;17158723000;17142422222;17642422222;10240;10228
3671;17158734000;17100722222;17600722222;10240;10228
3625;17169328000;16934088888;17434088888;10240;10228
3633;17169337000;16975688888;17475688888;10240;10228
3631;17169529000;16934444444;17434444444;10240;10228
3686;17189775000;17142766666;17642766666;10240;10228
3688;17189787000;17184055555;17684055555;10240;10228
3689;17189793000;17184055555;17684055555;10240;10228
3690;17189807000;17184055555;17684055555;10240;10228
3685;17189943000;17142766666;17642766666;10240;10228
3687;17190156000;17142766666;17642766666;10240;10228
3680;17200202000;17142422222;17642422222;10240;10228
3681;17200234000;17142422222;17642422222;10240;10228
3691;17200244000;17184055555;17684055555;10240;10228
3692;17200372000;17184055555;17684055555;10240;10228
3693;17200531000;17184055555;17684055555;10240;10228
3684;17200679000;17142455555;17642455555;10240;10228
3698;17231375000;17184400000;17684400000;10240;10228
3700;17231388000;17225700000;17725700000;10240;10228
3701;17231395000;17225700000;17725700000;10240;10228
3702;17231416000;17225700000;17725700000;10240;10228
3697;17231577000;17184400000;17684400000;10240;10228
3699;17231783000;17225700000;17725700000;10240;10228
3703;17241802000;17225700000;17725700000;10240;10228
3704;17241906000;17225700000;17725700000;10240;10228
3695;17242068000;17184088888;17684088888;10240;10228
3706;17242178000;17225733333;17725733333;10240;10228
3694;17242286000;17184055555;17684055555;10240;10228
3696;17242470000;17184400000;17684400000;10240;10228
3708;17273068000;17226000000;17726000000;10240;10228
3710;17273098000;17267388888;17767388888;10240;10228
3711;17273129000;17267388888;17767388888;10240;10228
3712;17273137000;17267388888;17767388888;10240;10228
3713;17273155000;17267388888;17767388888;10240;10228
3714;17273161000;17267388888;17767388888;10240;10228
3707;17273303000;17226000000;17726000000;10240;10228
3709;17273479000;17226000000;17726000000;10240;10228
3715;17283494000;17267388888;17767388888;10240;10228
3716;17283505000;17267388888;17767388888;10240;10228
3717;17283662000;17267433333;17767433333;10240;10228
3705;17283861000;17225700000;17725700000;10240;10228
3719;17314764000;17267722222;17767722222;10240;10228
3721;17314778000;17309055555;17809055555;10240;10228
3722;17314783000;17309055555;17809055555;10240;10228
3723;17314801000;17309055555;17809055555;10240;10228
3724;17314808000;17309055555;17809055555;10240;10228
3725;17314824000;17309055555;17809055555;10240;10228
3726;17314830000;17309055555;17809055555;10240;10228
3718;17314915000;17267722222;17767722222;10240;10228
3720;17315166000;17267722222;17767722222;10240;10228
3727;17325295000;17309055555;17809055555;10240;10228
3728;17325310000;17309100000;17809100000;10240;10228
3730;17356623000;17309400000;17809400000;10240;10228
3732;17356650000;17350722222;17850722222;10240;10228
3733;17356683000;17350722222;17850722222;10240;10228
3734;17356700000;17350722222;17850722222;10240;10228
3735;17356720000;17350722222;17850722222;10240;10228
3731;17356737000;17309400000;17809400000;10240;10228
3736;17367062000;17350722222;17850722222;10240;10228
3737;17367078000;17350722222;17850722222;10240;10228
3738;17367098000;17350722222;17850722222;10240;10228
3739;17367115000;17350755555;17850755555;10240;10228
3740;17398020000;17351011111;17851011111;10240;10228
3742;17398038000;17351011111;17851011111;10240;10228
3743;17398093000;17392388888;17892388888;10240;10228
3744;17398111000;17392388888;17892388888;10240;10228
3745;17398128000;17392388888;17892388888;10240;10228
3746;17398147000;17392388888;17892388888;10240;10228
3747;17398164000;17392388888;17892388888;10240;10228
3741;17398244000;17351011111;17851011111;10240;10228
3748;17408394000;17392388888;17892388888;10240;10228
3749;17408415000;17392388888;17892388888;10240;10228
3751;17439694000;17392722222;17892722222;10240;10228
3753;17439716000;17392722222;17892722222;10240;10228
3754;17439740000;17434055555;17934055555;10240;10228
3756;17439758000;17434055555;17934055555;10240;10228
3757;17439777000;17434055555;17934055555;10240;10228
3758;17439795000;17434055555;17934055555;10240;10228
3752;17439910000;17392722222;17892722222;10240;10228
3759;17450033000;17434055555;17934055555;10240;10228
3760;17450194000;17434055555;17934055555;10240;10228
3761;17450209000;17434100000;17934100000;10240;10228
3750;17450316000;17392433333;17892433333;10240;10228
3729;17450719000;17309400000;17809400000;10240;10228
3755;17460702000;17434055555;17934055555;10240;10228
3762;17481355000;17434400000;17934400000;10240;10228
3764;17481381000;17434400000;17934400000;10240;10228
3766;17481417000;17475688888;17975688888;10240;10228
3767;17481455000;17475688888;17975688888;10240;10228
3769;17481484000;17475688888;17975688888;10240;10228
3770;17481502000;17475688888;17975688888;10240;10228
3763;17481574000;17434400000;17934400000;10240;10228
3765;17481744000;17475688888;17975688888;10240;10228
3771;17491723000;17475688888;17975688888;10240;10228
3772;17491740000;17475733333;17975733333;10240;10228
3768;17502081000;17475688888;17975688888;10240;10228
3774;17523092000;17476011111;17976011111;10240;10228
3776;17523120000;17517400000;18017400000;10240;10228
3778;17523151000;17517400000;18017400000;10240;10228
3779;17523171000;17517400000;18017400000;10240;10228
3780;17523188000;17517400000;18017400000;10240;10228
3773;17523266000;17476011111;17976011111;10240;10228
3775;17523478000;17476011111;17976011111;10240;10228
3782;17533478000;17517400000;18017400000;10240;10228
3783;17533623000;17517433333;18017433333;10240;10228
3785;17564766000;17517733333;18017733333;10240;10228
3787;17564783000;17559066666;18059066666;10240;10228
3788;17564805000;17559066666;18059066666;10240;10228
3789;17564825000;17559066666;18059066666;10240;10228
3784;17564939000;17517733333;18017733333;10240;10228
3786;17565185000;17517733333;18017733333;10240;10228
3777;17575202000;17517400000;18017400000;10240;10228
3791;17575223000;17559066666;18059066666;10240;10228
3781;17575348000;17517400000;18017400000;10240;10228
3792;17575390000;17559066666;18059066666;10240;10228
3793;17575504000;17559066666;18059066666;10240;10228
3794;17575613000;17559100000;18059100000;10240;10228
3790;17585944000;17559066666;18059066666;10240;10228
3796;17606431000;17559411111;18059411111;10240;10228
3798;17606464000;17600722222;18100722222;10240;10228
3799;17606494000;17600722222;18100722222;10240;10228
3800;17606514000;17600722222;18100722222;10240;10228
3801;17606531000;17600722222;18100722222;10240;10228
3802;17606562000;17600722222;18100722222;10240;10228
3803;17606588000;17600722222;18100722222;10240;10228
3795;17606606000;17559411111;18059411111;10240;10228
3797;17606780000;17559411111;18059411111;10240;10228
3804;17616965000;17600722222;18100722222;10240;10228
3805;17616984000;17600766666;18100766666;10240;10228
3810;17648115000;17642388888;18142388888;10240;10228
3811;17648149000;17642388888;18142388888;10240;10228
3812;17648175000;17642388888;18142388888;10240;10228
3813;17648195000;17642388888;18142388888;10240;10228
3814;17648222000;17642388888;18142388888;10240;10228
3806;17648251000;17601011111;18101011111;10240;10228
3808;17648440000;17601011111;18101011111;10240;10228
3815;17658501000;17642388888;18142388888;10240;10228
3816;17658619000;17642433333;18142433333;10240;10228
3807;17659000000;17601011111;18101011111;10240;10228
3809;17659186000;17642388888;18142388888;10240;10228
3818;17689783000;17642711111;18142711111;10240;10228
3820;17689810000;17684055555;18184055555;10240;10228
3821;17689841000;17684055555;18184055555;10240;10228
3822;17689861000;17684055555;18184055555;10240;10228
3823;17689889000;17684055555;18184055555;10240;10228
3824;17689918000;17684055555;18184055555;10240;10228
3825;17689935000;17684055555;18184055555;10240;10228
3817;17689955000;17642711111;18142711111;10240;10228
3819;17690113000;17642711111;18142711111;10240;10228
3827;17700446000;17684100000;18184100000;10240;10228
3826;17700521000;17684055555;18184055555;10240;10228
3829;17731605000;17684411111;18184411111;10240;10228
3828;17731632000;17684411111;18184411111;10240;10228
3832;17731667000;17725722222;18225722222;10240;10228
3833;17731697000;17725722222;18225722222;10240;10228
3834;17731717000;17725722222;18225722222;10240;10228
3835;17731757000;17725722222;18225722222;10240;10228
3830;17731784000;17684411111;18184411111;10240;10228
3837;17742000000;17725722222;18225722222;10240;10228
3836;17742215000;17725722222;18225722222;10240;10228
3840;17773036000;17726022222;18226022222;10240;10228
3841;17773115000;17726022222;18226022222;10240;10228
3842;17773156000;17767388888;18267388888;10240;10228
3843;17773183000;17767388888;18267388888;10240;10228
3844;17773201000;17767388888;18267388888;10240;10228
3845;17773229000;17767388888;18267388888;10240;10228
3839;17773256000;17726022222;18226022222;10240;10228
3846;17783473000;17767388888;18267388888;10240;10228
3847;17783491000;17767388888;18267388888;10240;10228
3849;17783733000;17767422222;18267422222;10240;10228
3838;17783883000;17725755555;18225755555;10240;10228
3850;17814725000;17767722222;18267722222;10240;10228
3852;17814747000;17767722222;18267722222;10240;10228
3853;17814767000;17809055555;18309055555;10240;10228
3854;17814783000;17809055555;18309055555;10240;10228
3855;17814802000;17809055555;18309055555;10240;10228
3856;17814818000;17809055555;18309055555;10240;10228
3857;17825054000;17809055555;18309055555;10240;10228
3858;17825223000;17809055555;18309055555;10240;10228
3859;17825242000;17809055555;18309055555;10240;10228
3860;17825263000;17809088888;18309088888;10240;10228
3848;17825459000;17767388888;18267388888;10240;10228
3861;17856392000;17809400000;18309400000;10240;10228
3862;17856413000;17809400000;18309400000;10240;10228
3863;17856440000;17809400000;18309400000;10240;10228
3864;17856457000;17850722222;18350722222;10240;10228
3865;17856478000;17850722222;18350722222;10240;10228
3866;17856495000;17850722222;18350722222;10240;10228
3867;17856515000;17850722222;18350722222;10240;10228
3868;17866753000;17850722222;18350722222;10240;10228
3869;17866853000;17850722222;18350722222;10240;10228
3870;17867002000;17850722222;18350722222;10240;10228
3871;17867074000;17850755555;18350755555;10240;10228
3872;17898032000;17851033333;18351033333;10240;10228
3873;17898067000;17851033333;18351033333;10240;10228
3876;17898108000;17892388888;18392388888;10240;10228
3877;17898131000;17892388888;18392388888;10240;10228
3878;17898165000;17892388888;18392388888;10240;10228
3879;17908372000;17892388888;18392388888;10240;10228
3880;17908473000;17892388888;18392388888;10240;10228
3881;17908557000;17892388888;18392388888;10240;10228
3882;17908671000;17892422222;18392422222;10240;10228
3874;17908840000;17851033333;18351033333;10240;10228
3875;17908926000;17892388888;18392388888;10240;10228
3883;17939752000;17892700000;18392700000;10240;10228
3884;17939772000;17892700000;18392700000;10240;10228
3885;17939795000;17892700000;18392700000;10240;10228
3886;17939814000;17934066666;18434066666;10240;10228
3887;17939834000;17934066666;18434066666;10240;10228
3888;17939852000;17934066666;18434066666;10240;10228
3890;17950167000;17934066666;18434066666;10240;10228
3891;17950253000;17934066666;18434066666;10240;10228
3892;17950365000;17934066666;18434066666;10240;10228
3893;17950512000;17934100000;18434100000;10240;10228
3889;17961019000;17934066666;18434066666;10240;10228
3895;17981435000;17934411111;18434411111;10240;10228
3896;17981472000;17934411111;18434411111;10240;10228
3897;17981480000;17975722222;18475722222;10240;10228
3898;17981513000;17975722222;18475722222;10240;10228
3899;17981532000;17975722222;18475722222;10240;10228
3900;17981549000;17975722222;18475722222;10240;10228
3901;17991812000;17975722222;18475722222;10240;10228
3902;17991891000;17975722222;18475722222;10240;10228
3903;17991911000;17975722222;18475722222;10240;10228
3904;17992087000;17975755555;18475755555;10240;10228
3894;17992335000;17934411111;18434411111;10240;10228
3905;18023034000;17976033333;18476033333;10240;10228
3906;18023081000;17976033333;18476033333;10240;10228
3907;18023114000;17976033333;18476033333;10240;10228
3908;18023132000;18017400000;18517400000;10240;10228
3909;18023150000;18017400000;18517400000;10240;10228
3910;18023170000;18017400000;18517400000;10240;10228
3911;18023189000;18017400000;18517400000;10240;10228
3912;18033394000;18017400000;18517400000;10240;10228
3913;18033523000;18017400000;18517400000;10240;10228
3914;18033649000;18017400000;18517400000;10240;10228
3915;18033704000;18017433333;18517433333;10240;10228
3916;18064770000;18017744444;18517744444;10240;10228
3917;18064797000;18017744444;18517744444;10240;10228
3919;18064817000;18059077777;18559077777;10240;10228
3920;18064851000;18059077777;18559077777;10240;10228
3921;18064877000;18059077777;18559077777;10240;10228
3922;18064896000;18059077777;18559077777;10240;10228
3923;18075123000;18059077777;18559077777;10240;10228
3924;18075225000;18059077777;18559077777;10240;10228
3925;18075334000;18059077777;18559077777;10240;10228
3926;18075439000;18059111111;18559111111;10240;10228
3918;18075830000;18017744444;18517744444;10240;10228
3851;18086512000;17767722222;18267722222;10240;10228
3928;18106391000;18059422222;18559422222;10240;10228
3929;18106422000;18059422222;18559422222;10240;10228
3931;18106455000;18100722222;18600722222;10240;10228
3932;18106473000;18100722222;18600722222;10240;10228
3933;18106492000;18100722222;18600722222;10240;10228
3934;18106511000;18100722222;18600722222;10240;10228
3927;18106632000;18059422222;18559422222;10240;10228
3935;18116794000;18100722222;18600722222;10240;10228
3936;18116944000;18100722222;18600722222;10240;10228
3937;18117000000;18100755555;18600755555;10240;10228
3930;18117592000;18100722222;18600722222;10240;10228
3938;18148053000;18101022222;18601022222;10240;10228
3940;18148075000;18101022222;18601022222;10240;10228
3941;18148114000;18142388888;18642388888;10240;10228
3942;18148140000;18142388888;18642388888;10240;10228
3943;18148160000;18142388888;18642388888;10240;10228
3944;18148177000;18142388888;18642388888;10240;10228
3945;18148196000;18142388888;18642388888;10240;10228
3939;18148248000;18101022222;18601022222;10240;10228
3946;18158401000;18142388888;18642388888;10240;10228
3948;18158628000;18142422222;18642422222;10240;10228
3950;18189760000;18142722222;18642722222;10240;10228
3951;18189782000;18142722222;18642722222;10240;10228
3952;18189802000;18184055555;18684055555;10240;10228
3953;18189823000;18184055555;18684055555;10240;10228
3955;18189840000;18184055555;18684055555;10240;10228
3949;18189954000;18142722222;18642722222;10240;10228
3956;18200157000;18184055555;18684055555;10240;10228
3957;18200342000;18184055555;18684055555;10240;10228
3958;18200355000;18184055555;18684055555;10240;10228
3959;18200383000;18184088888;18684088888;10240;10228
3947;18200550000;18142388888;18642388888;10240;10228
3954;18211139000;18184055555;18684055555;10240;10228
3960;18231427000;18184411111;18684411111;10240;10228
3963;18231447000;18225722222;18725722222;10240;10228
3964;18231481000;18225722222;18725722222;10240;10228
3965;18231509000;18225722222;18725722222;10240;10228
3966;18231529000;18225722222;18725722222;10240;10228
3961;18231625000;18184411111;18684411111;10240;10228
3968;18241812000;18225722222;18725722222;10240;10228
3969;18241918000;18225722222;18725722222;10240;10228
3970;18242013000;18225766666;18725766666;10240;10228
3962;18242466000;18184411111;18684411111;10240;10228
3972;18273097000;18226033333;18726033333;10240;10228
3973;18273137000;18226033333;18726033333;10240;10228
3974;18273166000;18267388888;18767388888;10240;10228
3975;18273205000;18267388888;18767388888;10240;10228
3976;18273224000;18267388888;18767388888;10240;10228
3977;18273253000;18267388888;18767388888;10240;10228
3971;18273269000;18226033333;18726033333;10240;10228
3967;18283529000;18225722222;18725722222;10240;10228
3978;18283558000;18267388888;18767388888;10240;10228
3979;18283604000;18267388888;18767388888;10240;10228
3980;18283699000;18267388888;18767388888;10240;10228
3981;18283718000;18267422222;18767422222;10240;10228
3982;18314743000;18267733333;18767733333;10240;10228
3984;18314770000;18267733333;18767733333;10240;10228
3985;18314800000;18309066666;18809066666;10240;10228
3986;18314827000;18309066666;18809066666;10240;10228
3987;18314846000;18309066666;18809066666;10240;10228
3988;18314863000;18309066666;18809066666;10240;10228
3983;18314928000;18267733333;18767733333;10240;10228
3990;18325076000;18309066666;18809066666;10240;10228
3991;18325166000;18309066666;18809066666;10240;10228
3992;18325278000;18309111111;18809111111;10240;10228
3989;18335725000;18309066666;18809066666;10240;10228
3994;18356428000;18309422222;18809422222;10240;10228
3996;18356456000;18350722222;18850722222;10240;10228
3997;18356487000;18350722222;18850722222;10240;10228
3999;18356506000;18350722222;18850722222;10240;10228
4000;18356526000;18350722222;18850722222;10240;10228
3993;18356644000;18309422222;18809422222;10240;10228
4001;18366828000;18350722222;18850722222;10240;10228
4002;18366963000;18350722222;18850722222;10240;10228
4003;18366997000;18350766666;18850766666;10240;10228
3995;18377306000;18309422222;18809422222;10240;10228
3998;18377399000;18350722222;18850722222;10240;10228
4004;18398077000;18351022222;18851022222;10240;10228
4007;18398098000;18392388888;18892388888;10240;10228
4008;18398131000;18392388888;18892388888;10240;10228
4009;18398161000;18392388888;18892388888;10240;10228
4005;18398273000;18351022222;18851022222;10240;10228
4012;18408466000;18392388888;18892388888;10240;10228
4015;18439764000;18392722222;18892722222;10240;10228
4016;18439938000;18392722222;18892722222;10240;10228
4017;18450183000;18392722222;18892722222;10240;10228
4018;18450201000;18434055555;18934055555;10240;10228
4019;18450559000;18434055555;18934055555;10240;10228
4020;18460581000;18434055555;18934055555;10240;10228
4021;18460601000;18434055555;18934055555;10240;10228
4010;18460702000;18392388888;18892388888;10240;10228
4006;18460809000;18351022222;18851022222;10240;10228
4013;18460841000;18392388888;18892388888;10240;10228
4014;18460917000;18392422222;18892422222;10240;10228
4022;18460935000;18434055555;18934055555;10240;10228
4023;18460974000;18434055555;18934055555;10240;10228
4011;18461001000;18392388888;18892388888;10240;10228
4024;18470918000;18434055555;18934055555;10240;10228
4025;18471051000;18434066666;18934066666;10240;10228
4027;18481541000;18434377777;18934377777;10240;10228
4029;18481569000;18475833333;18975833333;10240;10228
4030;18481599000;18475833333;18975833333;10240;10228
4031;18481620000;18475833333;18975833333;10240;10228
4032;18481636000;18475833333;18975833333;10240;10228
4033;18481657000;18475833333;18975833333;10240;10228
4034;18491902000;18475833333;18975833333;10240;10228
4035;18492004000;18475833333;18975833333;10240;10228
4036;18492168000;18475866666;18975866666;10240;10228
4028;18492350000;18434377777;18934377777;10240;10228
4037;18523062000;18476166666;18976166666;10240;10228
4038;18523082000;18476166666;18976166666;10240;10228
4039;18523105000;18476166666;18976166666;10240;10228
4040;18523122000;18517388888;19017388888;10240;10228
4041;18533435000;18517388888;19017388888;10240;10228
4042;18533456000;18517388888;19017388888;10240;10228
4043;18533478000;18517388888;19017388888;10240;10228
4044;18533496000;18517388888;19017388888;10240;10228
4046;18533672000;18517388888;19017388888;10240;10228
4048;18564724000;18517711111;19017711111;10240;10228
4049;18564749000;18517711111;19017711111;10240;10228
4050;18564767000;18517711111;19017711111;10240;10228
4051;18564786000;18559055555;19059055555;10240;10228
4052;18564805000;18559055555;19059055555;10240;10228
4053;18575146000;18559055555;19059055555;10240;10228
4045;18575288000;18517388888;19017388888;10240;10228
4054;18575302000;18559055555;19059055555;10240;10228
4055;18575419000;18559055555;19059055555;10240;10228
4056;18575432000;18559055555;19059055555;10240;10228
4057;18575544000;18559055555;19059055555;10240;10228
4047;18575570000;18517411111;19017411111;10240;10228
4058;18575668000;18559077777;19059077777;10240;10228
4059;18606424000;18559388888;19059388888;10240;10228
4060;18606439000;18559388888;19059388888;10240;10228
4061;18606464000;18559388888;19059388888;10240;10228
4062;18606483000;18600722222;19100722222;10240;10228
4063;18606503000;18600722222;19100722222;10240;10228
4064;18606522000;18600722222;19100722222;10240;10228
4065;18616839000;18600722222;19100722222;10240;10228
4066;18616853000;18600722222;19100722222;10240;10228
4067;18616934000;18600722222;19100722222;10240;10228
4068;18617008000;18600722222;19100722222;10240;10228
4069;18617141000;18600755555;19100755555;10240;10228
4070;18648086000;18601000000;19101000000;10240;10228
4071;18648107000;18601000000;19101000000;10240;10228
4072;18648129000;18601000000;19101000000;10240;10228
4073;18648149000;18642400000;19142400000;10240;10228
4074;18648168000;18642400000;19142400000;10240;10228
4075;18648188000;18642400000;19142400000;10240;10228
4076;18648207000;18642400000;19142400000;10240;10228
4080;18659006000;18642444444;19142444444;10240;10228
4082;18689738000;18642733333;19142733333;10240;10228
4083;18689752000;18642733333;19142733333;10240;10228
4084;18689775000;18684055555;19184055555;10240;10228
4085;18700127000;18684055555;19184055555;10240;10228
4077;18700267000;18642400000;19142400000;10240;10228
4078;18700293000;18642400000;19142400000;10240;10228
4086;18700431000;18684055555;19184055555;10240;10228
4087;18700441000;18684055555;19184055555;10240;10228
4088;18700571000;18684055555;19184055555;10240;10228
4089;18700581000;18684055555;19184055555;10240;10228
4081;18700789000;18642733333;19142733333;10240;10228
4090;18710467000;18684055555;19184055555;10240;10228
4091;18710586000;18684077777;19184077777;10240;10228
4093;18731388000;18684400000;19184400000;10240;10228
4094;18731398000;18684400000;19184400000;10240;10228
4095;18731410000;18725722222;19225722222;10240;10228
4096;18731428000;18725722222;19225722222;10240;10228
4097;18731434000;18725722222;19225722222;10240;10228
4098;18731453000;18725722222;19225722222;10240;10228
4099;18741864000;18725722222;19225722222;10240;10228
4100;18741967000;18725722222;19225722222;10240;10228
4101;18742110000;18725722222;19225722222;10240;10228
4102;18742122000;18725755555;19225755555;10240;10228
4092;18742390000;18684400000;19184400000;10240;10228
4103;18773060000;18726022222;19226022222;10240;10228
4104;18773076000;18726022222;19226022222;10240;10228
4106;18773096000;18767400000;19267400000;10240;10228
4107;18773101000;18767400000;19267400000;10240;10228
4108;18773121000;18767400000;19267400000;10240;10228
4110;18783526000;18767400000;19267400000;10240;10228
4111;18783631000;18767400000;19267400000;10240;10228
4112;18783653000;18767400000;19267400000;10240;10228
4026;18783660000;18434377777;18934377777;10240;10228
4113;18793883000;18767433333;19267433333;10240;10228
4109;18794230000;18767400000;19267400000;10240;10228
4105;18794242000;18726022222;19226022222;10240;10228
4114;18814757000;18767755555;19267755555;10240;10228
4115;18814773000;18767755555;19267755555;10240;10228
4116;18814778000;18767755555;19267755555;10240;10228
4119;18814798000;18809055555;19309055555;10240;10228
4120;18814816000;18809055555;19309055555;10240;10228
4121;18825198000;18809055555;19309055555;10240;10228
4122;18825208000;18809055555;19309055555;10240;10228
4123;18825387000;18809055555;19309055555;10240;10228
4124;18825493000;18809088888;19309088888;10240;10228
4117;18835603000;18809055555;19309055555;10240;10228
4118;18835882000;18809055555;19309055555;10240;10228
4125;18856392000;18809411111;19309411111;10240;10228
4126;18856402000;18809411111;19309411111;10240;10228
4127;18856415000;18809411111;19309411111;10240;10228
4128;18856447000;18850722222;19350722222;10240;10228
4129;18856459000;18850722222;19350722222;10240;10228
4130;18856482000;18850722222;19350722222;10240;10228
4131;18856494000;18850722222;19350722222;10240;10228
4132;18867004000;18850722222;19350722222;10240;10228
4133;18867097000;18850722222;19350722222;10240;10228
4134;18867220000;18850722222;19350722222;10240;10228
4136;18898090000;18851044444;19351044444;10240;10228
4137;18898120000;18851044444;19351044444;10240;10228
4138;18898126000;18851044444;19351044444;10240;10228
4139;18898131000;18892388888;19392388888;10240;10228
4140;18898168000;18892388888;19392388888;10240;10228
4141;18908513000;18892388888;19392388888;10240;10228
4142;18908527000;18892388888;19392388888;10240;10228
4143;18908531000;18892388888;19392388888;10240;10228
4144;18908782000;18892388888;19392388888;10240;10228
4145;18908804000;18892388888;19392388888;10240;10228
4135;18908853000;18850755555;19350755555;10240;10228
4146;18908877000;18892411111;19392411111;10240;10228
4147;18939804000;18892700000;19392700000;10240;10228
4148;18939814000;18892700000;19392700000;10240;10228
4150;18939819000;18934055555;19434055555;10240;10228
4153;18939837000;18934055555;19434055555;10240;10228
4155;18950371000;18934055555;19434055555;10240;10228
4156;18950480000;18934055555;19434055555;10240;10228
4157;18950630000;18934088888;19434088888;10240;10228
4149;18961072000;18892700000;19392700000;10240;10228
4152;18961102000;18934055555;19434055555;10240;10228
4151;18961219000;18934055555;19434055555;10240;10228
4154;18961247000;18934055555;19434055555;10240;10228
4158;18981417000;18934388888;19434388888;10240;10228
4159;18981427000;18934388888;19434388888;10240;10228
4160;18981443000;18934388888;19434388888;10240;10228
4161;18981452000;18975688888;19475688888;10240;10228
4162;18981483000;18975688888;19475688888;10240;10228
4163;18981488000;18975688888;19475688888;10240;10228
4164;18981583000;18975688888;19475688888;10240;10228
4165;18991989000;18975688888;19475688888;10240;10228
4166;18992121000;18975688888;19475688888;10240;10228
4167;18992276000;18975688888;19475688888;10240;10228
4168;18992367000;18975722222;19475722222;10240;10228
4169;19023089000;18976000000;19476000000;10240;10228
4170;19023100000;18976000000;19476000000;10240;10228
4171;19023105000;18976000000;19476000000;10240;10228
4172;19023114000;19017388888;19517388888;10240;10228
4174;19023134000;19017388888;19517388888;10240;10228
4176;19033515000;19017388888;19517388888;10240;10228
4177;19033658000;19017388888;19517388888;10240;10228
4178;19033675000;19017388888;19517388888;10240;10228
4173;19044279000;19017388888;19517388888;10240;10228
4175;19044487000;19017388888;19517388888;10240;10228
4180;19064765000;19017744444;19517744444;10240;10228
4181;19064790000;19017744444;19517744444;10240;10228
4182;19064795000;19017744444;19517744444;10240;10228
4183;19064800000;19059055555;19559055555;10240;10228
4184;19064834000;19059055555;19559055555;10240;10228
4186;19075214000;19059055555;19559055555;10240;10228
4188;19075317000;19059055555;19559055555;10240;10228
4190;19075482000;19059088888;19559088888;10240;10228
4179;19075587000;19017422222;19517422222;10240;10228
4185;19086232000;19059055555;19559055555;10240;10228
4191;19106432000;19059400000;19559400000;10240;10228
4192;19106444000;19059400000;19559400000;10240;10228
4193;19106449000;19059400000;19559400000;10240;10228
4195;19106454000;19100722222;19600722222;10240;10228
4196;19116952000;19100722222;19600722222;10240;10228
4197;19116973000;19100722222;19600722222;10240;10228
4198;19116978000;19100722222;19600722222;10240;10228
4189;19116988000;19059055555;19559055555;10240;10228
4199;19117070000;19100722222;19600722222;10240;10228
4187;19117080000;19059055555;19559055555;10240;10228
4200;19117195000;19100722222;19600722222;10240;10228
4201;19127444000;19100744444;19600744444;10240;10228
4194;19127629000;19100722222;19600722222;10240;10228
4202;19148151000;19101011111;19601011111;10240;10228
4203;19148162000;19101011111;19601011111;10240;10228
4204;19148167000;19101011111;19601011111;10240;10228
4205;19148193000;19142400000;19642400000;10240;10228
4206;19148199000;19142400000;19642400000;10240;10228
4207;19148204000;19142400000;19642400000;10240;10228
4208;19148226000;19142400000;19642400000;10240;10228
4209;19158734000;19142400000;19642400000;10240;10228
4210;19158747000;19142400000;19642400000;10240;10228
4211;19158752000;19142400000;19642400000;10240;10228
4212;19159127000;19142433333;19642433333;10240;10228
4213;19189804000;19142766666;19642766666;10240;10228
4214;19189816000;19142766666;19642766666;10240;10228
4215;19189821000;19142766666;19642766666;10240;10228
4216;19189830000;19184055555;19684055555;10240;10228
4217;19189849000;19184055555;19684055555;10240;10228
4218;19189854000;19184055555;19684055555;10240;10228
4219;19189873000;19184055555;19684055555;10240;10228
4220;19200418000;19184055555;19684055555;10240;10228
4221;19200430000;19184055555;19684055555;10240;10228
4222;19200435000;19184055555;19684055555;10240;10228
4223;19200456000;19184088888;19684088888;10240;10228
4224;19231410000;19184433333;19684433333;10240;10228
4225;19231423000;19184433333;19684433333;10240;10228
4226;19231428000;19184433333;19684433333;10240;10228
4227;19231441000;19225688888;19725688888;10240;10228
4228;19231460000;19225688888;19725688888;10240;10228
4229;19231466000;19225688888;19725688888;10240;10228
4230;19231483000;19225688888;19725688888;10240;10228
4231;19241880000;19225688888;19725688888;10240;10228
4232;19241893000;19225688888;19725688888;10240;10228
4233;19241897000;19225688888;19725688888;10240;10228
4234;19241920000;19225722222;19725722222;10240;10228
4235;19273067000;19226000000;19726000000;10240;10228
4236;19273090000;19226000000;19726000000;10240;10228
4237;19273103000;19226000000;19726000000;10240;10228
4238;19273132000;19267388888;19767388888;10240;10228
4239;19273137000;19267388888;19767388888;10240;10228
4240;19273155000;19267388888;19767388888;10240;10228
4241;19273161000;19267388888;19767388888;10240;10228
4243;19283434000;19267388888;19767388888;10240;10228
4244;19283510000;19267388888;19767388888;10240;10228
4245;19283662000;19267422222;19767422222;10240;10228
4246;19314753000;19267744444;19767744444;10240;10228
4242;19325198000;19267388888;19767388888;10240;10228
4282;21931359000;19434033333;19934033333;10240;10228
4283;21931565000;19434033333;19934033333;10240;10228
4284;21931585000;19434033333;19934033333;10240;10228
4285;21931771000;19434033333;19934033333;10240;10228
4286;21931970000;19434033333;19934033333;10240;10228
4287;21931979000;19434033333;19934033333;10240;10228
4288;21932170000;19434033333;19934033333;10240;10228
4289;21932180000;19434044444;19934044444;10240;10228
4290;21932377000;19434355555;19934355555;10240;10228
4291;21932398000;19434355555;19934355555;10240;10228
4292;21932590000;19434355555;19934355555;10240;10228
4293;21932787000;19475700000;19975700000;10240;10228
4294;21932806000;19475700000;19975700000;10240;10228
4295;21932989000;19475700000;19975700000;10240;10228
4296;21932998000;19475700000;19975700000;10240;10228
4297;21933219000;19475700000;19975700000;10240;10228
4299;21933227000;19475700000;19975700000;10240;10228
4300;21933404000;19475711111;19975711111;10240;10228
4301;21933423000;19476011111;19976011111;10240;10228
4303;21933613000;19476011111;19976011111;10240;10228
4304;21933809000;19517366666;20017366666;10240;10228
4305;21933820000;19517366666;20017366666;10240;10228
4306;21933985000;19517366666;20017366666;10240;10228
4307;21934219000;19517366666;20017366666;10240;10228
4308;21934240000;19517366666;20017366666;10240;10228
4309;21934432000;19517366666;20017366666;10240;10228
4311;21941685000;19517388888;20017388888;10240;10228
4312;21941696000;19517700000;20017700000;10240;10228
4313;21941701000;19517700000;20017700000;10240;10228
4314;21941706000;19517700000;20017700000;10240;10228
4315;21941711000;19559033333;20059033333;10240;10228
4316;21941716000;19559033333;20059033333;10240;10228
4317;21941726000;19559033333;20059033333;10240;10228
4318;21941731000;19559033333;20059033333;10240;10228
4319;21941741000;19559033333;20059033333;10240;10228
4320;21941767000;19559033333;20059033333;10240;10228
4321;21941858000;19559033333;20059033333;10240;10228
4322;21941869000;19559044444;20059044444;10240;10228
4323;21941874000;19559344444;20059344444;10240;10228
4324;21941880000;19559344444;20059344444;10240;10228
4325;21941884000;19559344444;20059344444;10240;10228
4326;21941892000;19600700000;20100700000;10240;10228
4327;21941897000;19600700000;20100700000;10240;10228
4328;21941902000;19600700000;20100700000;10240;10228
4329;21941907000;19600700000;20100700000;10240;10228
4330;21941916000;19600700000;20100700000;10240;10228
4331;21941924000;19600700000;20100700000;10240;10228
4332;21941939000;19600700000;20100700000;10240;10228
4333;21941945000;19600711111;20100711111;10240;10228
4334;21941956000;19600977777;20100977777;10240;10228
4335;21941986000;19600977777;20100977777;10240;10228
4336;21941992000;19600977777;20100977777;10240;10228
4337;21941997000;19642377777;20142377777;10240;10228
4339;21942001000;19642377777;20142377777;10240;10228
4338;21942012000;19642377777;20142377777;10240;10228
4340;21942229000;19642377777;20142377777;10240;10228
4341;21942250000;19642377777;20142377777;10240;10228
4342;21942442000;19642377777;20142377777;10240;10228
4343;21942613000;19642377777;20142377777;10240;10228
4344;21942634000;19642388888;20142388888;10240;10228
4345;21942837000;19642700000;20142700000;10240;10228
4346;21943009000;19642700000;20142700000;10240;10228
4347;21943254000;19642700000;20142700000;10240;10228
4348;21943276000;19684033333;20184033333;10240;10228
4349;21943435000;19684033333;20184033333;10240;10228
4350;21943447000;19684033333;20184033333;10240;10228
4351;21943622000;19684033333;20184033333;10240;10228
4352;21943826000;19684033333;20184033333;10240;10228
4353;21943836000;19684033333;20184033333;10240;10228
4354;21944013000;19684033333;20184033333;10240;10228
4355;21944026000;19684044444;20184044444;10240;10228
4356;21944246000;19684366666;20184366666;10240;10228
4357;21944266000;19684366666;20184366666;10240;10228
4358;21944483000;19684366666;20184366666;10240;10228
4359;21944494000;19725700000;20225700000;10240;10228
4360;21944662000;19725700000;20225700000;10240;10228
4361;21944870000;19725700000;20225700000;10240;10228
4362;21944880000;19725700000;20225700000;10240;10228
4364;21945036000;19725700000;20225700000;10240;10228
4365;21945083000;19725700000;20225700000;10240;10228
4366;21951917000;19725711111;20225711111;10240;10228
4368;21951930000;19726000000;20226000000;10240;10228
4369;21951936000;19726000000;20226000000;10240;10228
4370;21951941000;19767366666;20267366666;10240;10228
4371;21951950000;19767366666;20267366666;10240;10228
4372;21951958000;19767366666;20267366666;10240;10228
4373;21951965000;19767366666;20267366666;10240;10228
4374;21951984000;19767366666;20267366666;10240;10228
4375;21951989000;19767366666;20267366666;10240;10228
4379;21952071000;19767711111;20267711111;10240;10228
4380;21952082000;19767711111;20267711111;10240;10228
4381;21952099000;19809033333;20309033333;10240;10228
4382;21952103000;19809033333;20309033333;10240;10228
4383;21952108000;19809033333;20309033333;10240;10228
4384;21952112000;19809033333;20309033333;10240;10228
4385;21952117000;19809033333;20309033333;10240;10228
4386;21952137000;19809033333;20309033333;10240;10228
4387;21952143000;19809033333;20309033333;10240;10228
4367;21952151000;19726000000;20226000000;10240;10228
4388;21952156000;19809044444;20309044444;10240;10228
4389;21952161000;19809366666;20309366666;10240;10228
4392;21952218000;19850700000;20350700000;10240;10228
4393;21952231000;19850700000;20350700000;10240;10228
4394;21952236000;19850700000;20350700000;10240;10228
4395;21952240000;19850700000;20350700000;10240;10228
4391;21952411000;19809366666;20309366666;10240;10228
4396;21952656000;19850700000;20350700000;10240;10228
4397;21952805000;19850700000;20350700000;10240;10228
4398;21952827000;19850700000;20350700000;10240;10228
4399;21953006000;19850711111;20350711111;10240;10228
4400;21953238000;19851033333;20351033333;10240;10228
4401;21953259000;19851033333;20351033333;10240;10228
4402;21953693000;19851033333;20351033333;10240;10228
4403;21953874000;19892366666;20392366666;10240;10228
4404;21953884000;19892366666;20392366666;10240;10228
4405;21954052000;19892366666;20392366666;10240;10228
4406;21954279000;19892366666;20392366666;10240;10228
4407;21954300000;19892366666;20392366666;10240;10228
4408;21954481000;19892366666;20392366666;10240;10228
4409;21954502000;19892366666;20392366666;10240;10228
4410;21954685000;19892377777;20392377777;10240;10228
4411;21954707000;19892677777;20392677777;10240;10228
4413;21954878000;19892677777;20392677777;10240;10228
4414;21955077000;19934044444;20434044444;10240;10228
4415;21955098000;19934044444;20434044444;10240;10228
4416;21955315000;19934044444;20434044444;10240;10228
4417;21955326000;19934044444;20434044444;10240;10228
4418;21955518000;19934044444;20434044444;10240;10228
4420;21955716000;19934044444;20434044444;10240;10228
4421;21955735000;19934055555;20434055555;10240;10228
4422;21962154000;19934366666;20434366666;10240;10228
4424;21962165000;19934366666;20434366666;10240;10228
4425;21962171000;19975700000;20475700000;10240;10228
4426;21962175000;19975700000;20475700000;10240;10228
4428;21962184000;19975700000;20475700000;10240;10228
4429;21962192000;19975700000;20475700000;10240;10228
4430;21962198000;19975700000;20475700000;10240;10228
4431;21962266000;19975700000;20475700000;10240;10228
4432;21962276000;19975722222;20475722222;10240;10228
4433;21962282000;19976022222;20476022222;10240;10228
4434;21962286000;19976022222;20476022222;10240;10228
4435;21962292000;19976022222;20476022222;10240;10228
4436;21962296000;20017366666;20517366666;10240;10228
4437;21962301000;20017366666;20517366666;10240;10228
4438;21962305000;20017366666;20517366666;10240;10228
4440;21962309000;20017366666;20517366666;10240;10228
4441;21962390000;20017366666;20517366666;10240;10228
4442;21962402000;20017366666;20517366666;10240;10228
4443;21962406000;20017388888;20517388888;10240;10228
4444;21962411000;20017711111;20517711111;10240;10228
4446;21962416000;20017711111;20517711111;10240;10228
4448;21962420000;20059033333;20559033333;10240;10228
4423;21962425000;19934366666;20434366666;10240;10228
4449;21962509000;20059033333;20559033333;10240;10228
4450;21962521000;20059033333;20559033333;10240;10228
4451;21962526000;20059033333;20559033333;10240;10228
4447;21962610000;20059033333;20559033333;10240;10228
4452;21963003000;20059033333;20559033333;10240;10228
4453;21963262000;20059033333;20559033333;10240;10228
4454;21963442000;20059055555;20559055555;10240;10228
4455;21963462000;20059377777;20559377777;10240;10228
4456;21963644000;20059377777;20559377777;10240;10228
4457;21963843000;20059377777;20559377777;10240;10228
4459;21964278000;20100700000;20600700000;10240;10228
4460;21964503000;20100700000;20600700000;10240;10228
4461;21964695000;20100700000;20600700000;10240;10228
4462;21964704000;20100700000;20600700000;10240;10228
4463;21964894000;20100700000;20600700000;10240;10228
4465;21964904000;20100722222;20600722222;10240;10228
4466;21965090000;20100988888;20600988888;10240;10228
4467;21965317000;20100988888;20600988888;10240;10228
4468;21965550000;20100988888;20600988888;10240;10228
4469;21965559000;20142366666;20642366666;10240;10228
4470;21965714000;20142366666;20642366666;10240;10228
4471;21965734000;20142366666;20642366666;10240;10228
4472;21965927000;20142366666;20642366666;10240;10228
4473;21965939000;20142366666;20642366666;10240;10228
4474;21966139000;20142366666;20642366666;10240;10228
4475;21966332000;20142366666;20642366666;10240;10228
4476;21966351000;20142388888;20642388888;10240;10228
4477;21966553000;20142711111;20642711111;10240;10228
4478;21972368000;20142711111;20642711111;10240;10228
4479;21972380000;20142711111;20642711111;10240;10228
4481;21972385000;20184033333;20684033333;10240;10228
4482;21972390000;20184033333;20684033333;10240;10228
4483;21972396000;20184033333;20684033333;10240;10228
4485;21972405000;20184033333;20684033333;10240;10228
4486;21972413000;20184033333;20684033333;10240;10228
4487;21972417000;20184044444;20684044444;10240;10228
4488;21972447000;20184344444;20684344444;10240;10228
4489;21972453000;20184344444;20684344444;10240;10228
4490;21972458000;20184344444;20684344444;10240;10228
4491;21972462000;20225700000;20725700000;10240;10228
4492;21972525000;20225700000;20725700000;10240;10228
4493;21972546000;20225700000;20725700000;10240;10228
4494;21972552000;20225700000;20725700000;10240;10228
4495;21972558000;20225700000;20725700000;10240;10228
4496;21972572000;20225700000;20725700000;10240;10228
4497;21972580000;20225700000;20725700000;10240;10228
4499;21972585000;20225988888;20725988888;10240;10228
4500;21972590000;20225988888;20725988888;10240;10228
4480;21972594000;20184033333;20684033333;10240;10228
4502;21972604000;20267366666;20767366666;10240;10228
4504;21972609000;20267366666;20767366666;10240;10228
4505;21972673000;20267366666;20767366666;10240;10228
4506;21972682000;20267366666;20767366666;10240;10228
4507;21972687000;20267366666;20767366666;10240;10228
4503;21972793000;20267366666;20767366666;10240;10228
4508;21973419000;20267366666;20767366666;10240;10228
4510;21973832000;20267677777;20767677777;10240;10228
4511;21974025000;20267677777;20767677777;10240;10228
4512;21974256000;20267677777;20767677777;10240;10228
4513;21974481000;20309033333;20809033333;10240;10228
4514;21974682000;20309033333;20809033333;10240;10228
4515;21974895000;20309033333;20809033333;10240;10228
4516;21974907000;20309033333;20809033333;10240;10228
4517;21975324000;20309033333;20809033333;10240;10228
4518;21975336000;20309033333;20809033333;10240;10228
4520;21975350000;20309044444;20809044444;10240;10228
4521;21975526000;20309311111;20809311111;10240;10228
4522;21975742000;20309311111;20809311111;10240;10228
4523;21975906000;20309311111;20809311111;10240;10228
4524;21975916000;20350722222;20850722222;10240;10228
4525;21976104000;20350722222;20850722222;10240;10228
4526;21976312000;20350722222;20850722222;10240;10228
4527;21976332000;20350722222;20850722222;10240;10228
4530;21976546000;20350722222;20850722222;10240;10228
4531;21976745000;20350744444;20850744444;10240;10228
4532;21976934000;20351022222;20851022222;10240;10228
4533;21976944000;20351022222;20851022222;10240;10228
4534;21982607000;20351022222;20851022222;10240;10228
4535;21982617000;20392377777;20892377777;10240;10228
4536;21982622000;20392377777;20892377777;10240;10228
4538;21982627000;20392377777;20892377777;10240;10228
4539;21982637000;20392377777;20892377777;10240;10228
4540;21982648000;20392377777;20892377777;10240;10228
4541;21982653000;20392377777;20892377777;10240;10228
4542;21982660000;20392400000;20892400000;10240;10228
4543;21982718000;20392700000;20892700000;10240;10228
4544;21982729000;20392700000;20892700000;10240;10228
4545;21982734000;20392700000;20892700000;10240;10228
4547;21982739000;20434044444;20934044444;10240;10228
4550;21982744000;20434044444;20934044444;10240;10228
4551;21982748000;20434044444;20934044444;10240;10228
4552;21982752000;20434044444;20934044444;10240;10228
4553;21982758000;20434066666;20934066666;10240;10228
4554;21982844000;20434355555;20934355555;10240;10228
4555;21982856000;20434355555;20934355555;10240;10228
4556;21982860000;20434355555;20934355555;10240;10228
4557;21982864000;20475711111;20975711111;10240;10228
4558;21982868000;20475711111;20975711111;10240;10228
4537;21982874000;20392377777;20892377777;10240;10228
4560;21982879000;20475711111;20975711111;10240;10228
4561;21982883000;20475711111;20975711111;10240;10228
4562;21982965000;20475711111;20975711111;10240;10228
4563;21982974000;20475711111;20975711111;10240;10228
4559;21983061000;20475711111;20975711111;10240;10228
4564;21983730000;20475722222;20975722222;10240;10228
4565;21984284000;20476022222;20976022222;10240;10228
4566;21984445000;20476022222;20976022222;10240;10228
4567;21984467000;20476022222;20976022222;10240;10228
4568;21984658000;20517377777;21017377777;10240;10228
4569;21985090000;20517377777;21017377777;10240;10228
4570;21985300000;20517377777;21017377777;10240;10228
4571;21985311000;20517377777;21017377777;10240;10228
4572;21985508000;20517377777;21017377777;10240;10228
4573;21985750000;20517377777;21017377777;10240;10228
4574;21985922000;20517377777;21017377777;10240;10228
4575;21985933000;20517400000;21017400000;10240;10228
4577;21986100000;20517688888;21017688888;10240;10228
4578;21986317000;20517688888;21017688888;10240;10228
4581;21986723000;20559033333;21059033333;10240;10228
4583;21986934000;20559033333;21059033333;10240;10228
4584;21986947000;20559033333;21059033333;10240;10228
4585;21987110000;20559033333;21059033333;10240;10228
4587;21987314000;20559322222;21059322222;10240;10228
4588;21987336000;20559322222;21059322222;10240;10228
4589;21987527000;20559322222;21059322222;10240;10228
4590;21992813000;20600700000;21100700000;10240;10228
4591;21992823000;20600700000;21100700000;10240;10228
4592;21992828000;20600700000;21100700000;10240;10228
4594;21992849000;20600700000;21100700000;10240;10228
4595;21992860000;20600700000;21100700000;10240;10228
4596;21992864000;20600700000;21100700000;10240;10228
4597;21992869000;20600711111;21100711111;10240;10228
4598;21992873000;20600955555;21100955555;10240;10228
4599;21992892000;20600955555;21100955555;10240;10228
4600;21992897000;20600955555;21100955555;10240;10228
4601;21992901000;20642366666;21142366666;10240;10228
4602;21992905000;20642366666;21142366666;10240;10228
4603;21992966000;20642366666;21142366666;10240;10228
4605;21992980000;20642366666;21142366666;10240;10228
4606;21992985000;20642366666;21142366666;10240;10228
4607;21992997000;20642366666;21142366666;10240;10228
4608;21993012000;20642388888;21142388888;10240;10228
4609;21993018000;20642666666;21142666666;10240;10228
4593;21993030000;20600700000;21100700000;10240;10228
4610;21993063000;20642666666;21142666666;10240;10228
4611;21993070000;20642666666;21142666666;10240;10228
4612;21993104000;20684033333;21184033333;10240;10228
4613;21993111000;20684033333;21184033333;10240;10228
4617;21993117000;20684033333;21184033333;10240;10228
4618;21993125000;20684033333;21184033333;10240;10228
4619;21993129000;20684044444;21184044444;10240;10228
4615;21993288000;20684033333;21184033333;10240;10228
4620;21994397000;20684355555;21184355555;10240;10228
4621;21994649000;20684355555;21184355555;10240;10228
4622;21994871000;20684355555;21184355555;10240;10228
4623;21995076000;20725700000;21225700000;10240;10228
4624;21995086000;20725700000;21225700000;10240;10228
4625;21995526000;20725700000;21225700000;10240;10228
4626;21995725000;20725700000;21225700000;10240;10228
4627;21995930000;20725700000;21225700000;10240;10228
4628;21995940000;20725700000;21225700000;10240;10228
4629;21996140000;20725700000;21225700000;10240;10228
4630;21996340000;20725711111;21225711111;10240;10228
4631;21996501000;20725988888;21225988888;10240;10228
4632;21996521000;20725988888;21225988888;10240;10228
4633;21996705000;20725988888;21225988888;10240;10228
4634;21996750000;20767366666;21267366666;10240;10228
4635;21997125000;20767366666;21267366666;10240;10228
4636;21997333000;20767366666;21267366666;10240;10228
4638;21997526000;20767366666;21267366666;10240;10228
4639;21997538000;20767366666;21267366666;10240;10228
4640;21997703000;20767366666;21267366666;10240;10228
4641;21997715000;20767388888;21267388888;10240;10228
4642;21997880000;20767677777;21267677777;10240;10228
4643;21997892000;20767677777;21267677777;10240;10228
4644;21998096000;20767677777;21267677777;10240;10228
4645;21998281000;20809033333;21309033333;10240;10228
4648;22003016000;20809033333;21309033333;10240;10228
4650;22003124000;20809033333;21309033333;10240;10228
4652;22003138000;20809055555;21309055555;10240;10228
4653;22003153000;20809344444;21309344444;10240;10228
4654;22003158000;20809344444;21309344444;10240;10228
4655;22003165000;20809344444;21309344444;10240;10228
4657;22003170000;20850700000;21350700000;10240;10228
4658;22003176000;20850700000;21350700000;10240;10228
4659;22003185000;20850700000;21350700000;10240;10228
4660;22003204000;20850700000;21350700000;10240;10228
4661;22003209000;20850700000;21350700000;10240;10228
4662;22003213000;20850700000;21350700000;10240;10228
4663;22003217000;20850711111;21350711111;10240;10228
4664;22003223000;20851000000;21351000000;10240;10228
4665;22003235000;20851000000;21351000000;10240;10228
4666;22003240000;20851000000;21351000000;10240;10228
4667;22003244000;20892366666;21392366666;10240;10228
4669;22003310000;20892366666;21392366666;10240;10228
4670;22003330000;20892366666;21392366666;10240;10228
4672;22003339000;20892366666;21392366666;10240;10228
4674;22003344000;20892388888;21392388888;10240;10228
4675;22003361000;20892666666;21392666666;10240;10228
4649;22003369000;20809033333;21309033333;10240;10228
4671;22003578000;20892366666;21392366666;10240;10228
4676;22004806000;20892666666;21392666666;10240;10228
4677;22005031000;20892666666;21392666666;10240;10228
4678;22005305000;20934033333;21434033333;10240;10228
4679;22005717000;20934033333;21434033333;10240;10228
4680;22005929000;20934033333;21434033333;10240;10228
4681;22005939000;20934033333;21434033333;10240;10228
4682;22006299000;20934033333;21434033333;10240;10228
4683;22006395000;20934033333;21434033333;10240;10228
4684;22006553000;20934033333;21434033333;10240;10228
4685;22006572000;20934044444;21434044444;10240;10228
4686;22006761000;20934322222;21434322222;10240;10228
4688;22006967000;20934322222;21434322222;10240;10228
4689;22007168000;20975700000;21475700000;10240;10228
4690;22007372000;20975700000;21475700000;10240;10228
4691;22007531000;20975700000;21475700000;10240;10228
4693;22007892000;20975700000;21475700000;10240;10228
4694;22008110000;20975700000;21475700000;10240;10228
4695;22008308000;20975700000;21475700000;10240;10228
4696;22008328000;20975711111;21475711111;10240;10228
4697;22008478000;20975988888;21475988888;10240;10228
4698;22008490000;20975988888;21475988888;10240;10228
4699;22008706000;20975988888;21475988888;10240;10228
4700;22008726000;21017366666;21517366666;10240;10228
4702;22013180000;21017366666;21517366666;10240;10228
4703;22013192000;21017366666;21517366666;10240;10228
4706;22013269000;21017366666;21517366666;10240;10228
4707;22013282000;21017388888;21517388888;10240;10228
4708;22013287000;21017688888;21517688888;10240;10228
4709;22013363000;21017688888;21517688888;10240;10228
4710;22013373000;21017688888;21517688888;10240;10228
4711;22013378000;21059033333;21559033333;10240;10228
4712;22013383000;21059033333;21559033333;10240;10228
4713;22013387000;21059033333;21559033333;10240;10228
4714;22013391000;21059033333;21559033333;10240;10228
4715;22013395000;21059033333;21559033333;10240;10228
4716;22013454000;21059033333;21559033333;10240;10228
4717;22013465000;21059033333;21559033333;10240;10228
4718;22013470000;21059044444;21559044444;10240;10228
4720;22013475000;21059333333;21559333333;10240;10228
4721;22013484000;21059333333;21559333333;10240;10228
4722;22013488000;21100700000;21600700000;10240;10228
4723;22013493000;21100700000;21600700000;10240;10228
4724;22013497000;21100700000;21600700000;10240;10228
4725;22013528000;21100700000;21600700000;10240;10228
4726;22013533000;21100700000;21600700000;10240;10228
4728;22013548000;21100700000;21600700000;10240;10228
4729;22013568000;21100711111;21600711111;10240;10228
4730;22013575000;21100977777;21600977777;10240;10228
4731;22013581000;21100977777;21600977777;10240;10228
4727;22013775000;21100700000;21600700000;10240;10228
4732;22015213000;21100977777;21600977777;10240;10228
4733;22015394000;21142366666;21642366666;10240;10228
4734;22015661000;21142366666;21642366666;10240;10228
4735;22016139000;21142366666;21642366666;10240;10228
4736;22016320000;21142366666;21642366666;10240;10228
4738;22016737000;21142366666;21642366666;10240;10228
4739;22016937000;21142366666;21642366666;10240;10228
4740;22016947000;21142388888;21642388888;10240;10228
4741;22017126000;21142700000;21642700000;10240;10228
4742;22017355000;21142700000;21642700000;10240;10228
4743;22017366000;21142700000;21642700000;10240;10228
4744;22017572000;21184033333;21684033333;10240;10228
4745;22017742000;21184033333;21684033333;10240;10228
4746;22017753000;21184033333;21684033333;10240;10228
4747;22017909000;21184033333;21684033333;10240;10228
4748;22018253000;21184033333;21684033333;10240;10228
4749;22018487000;21184033333;21684033333;10240;10228
4751;22018680000;21184044444;21684044444;10240;10228
4752;22018886000;21184377777;21684377777;10240;10228
4754;22018900000;21184377777;21684377777;10240;10228
4755;22019112000;21225700000;21725700000;10240;10228
4756;22019330000;21225700000;21725700000;10240;10228
4757;22023372000;21225700000;21725700000;10240;10228
4760;22023425000;21225700000;21725700000;10240;10228
4762;22023435000;21225722222;21725722222;10240;10228
4763;22023440000;21226011111;21726011111;10240;10228
4764;22023470000;21226011111;21726011111;10240;10228
4765;22023531000;21226011111;21726011111;10240;10228
4766;22023543000;21267366666;21767366666;10240;10228
4767;22023550000;21267366666;21767366666;10240;10228
4768;22023556000;21267366666;21767366666;10240;10228
4769;22023560000;21267366666;21767366666;10240;10228
4770;22023565000;21267366666;21767366666;10240;10228
4771;22023570000;21267366666;21767366666;10240;10228
4772;22023583000;21267366666;21767366666;10240;10228
4774;22023598000;21267711111;21767711111;10240;10228
4775;22023611000;21267711111;21767711111;10240;10228
4776;22023616000;21267711111;21767711111;10240;10228
4777;22023648000;21309033333;21809033333;10240;10228
4778;22023658000;21309033333;21809033333;10240;10228
4779;22023664000;21309033333;21809033333;10240;10228
4780;22023676000;21309033333;21809033333;10240;10228
4781;22023713000;21309033333;21809033333;10240;10228
4782;22023724000;21309033333;21809033333;10240;10228
4784;22023728000;21309055555;21809055555;10240;10228
4785;22023734000;21309344444;21809344444;10240;10228
4786;22023747000;21309344444;21809344444;10240;10228
4758;22023756000;21225700000;21725700000;10240;10228
4761;22023767000;21225700000;21725700000;10240;10228
4787;22023774000;21309344444;21809344444;10240;10228
4783;22023901000;21309033333;21809033333;10240;10228
4788;22025592000;21350700000;21850700000;10240;10228
4789;22026068000;21350700000;21850700000;10240;10228
4790;22026313000;21350700000;21850700000;10240;10228
4791;22026522000;21350700000;21850700000;10240;10228
4792;22026723000;21350700000;21850700000;10240;10228
4793;22027119000;21350700000;21850700000;10240;10228
4794;22027340000;21350700000;21850700000;10240;10228
4795;22027352000;21350722222;21850722222;10240;10228
4796;22027586000;21351011111;21851011111;10240;10228
4797;22027750000;21351011111;21851011111;10240;10228
4798;22027769000;21351011111;21851011111;10240;10228
4799;22027962000;21392366666;21892366666;10240;10228
4800;22028131000;21392366666;21892366666;10240;10228
4801;22028143000;21392366666;21892366666;10240;10228
4802;22028368000;21392366666;21892366666;10240;10228
4803;22028552000;21392366666;21892366666;10240;10228
4804;22028760000;21392366666;21892366666;10240;10228
4805;22028961000;21392366666;21892366666;10240;10228
4806;22028974000;21392388888;21892388888;10240;10228
4807;22029167000;21392700000;21892700000;10240;10228
4808;22029363000;21392700000;21892700000;10240;10228
4809;22029375000;21392700000;21892700000;10240;10228
4810;22029603000;21434033333;21934033333;10240;10228
4811;22029797000;21434033333;21934033333;10240;10228
4812;22029809000;21434033333;21934033333;10240;10228
4813;22033603000;21434033333;21934033333;10240;10228
4814;22033615000;21434033333;21934033333;10240;10228
4816;22033620000;21434033333;21934033333;10240;10228
4818;22033719000;21434355555;21934355555;10240;10228
4819;22033733000;21434355555;21934355555;10240;10228
4820;22033738000;21434355555;21934355555;10240;10228
4821;22033743000;21475700000;21975700000;10240;10228
4822;22033748000;21475700000;21975700000;10240;10228
4824;22033753000;21475700000;21975700000;10240;10228
4825;22033757000;21475700000;21975700000;10240;10228
4826;22033762000;21475700000;21975700000;10240;10228
4827;22033767000;21475700000;21975700000;10240;10228
4815;22033773000;21434033333;21934033333;10240;10228
4828;22033835000;21475722222;21975722222;10240;10228
4830;22033847000;21476022222;21976022222;10240;10228
4831;22033853000;21476022222;21976022222;10240;10228
4832;22033857000;21517366666;22017366666;10240;10228
4833;22033863000;21517366666;22017366666;10240;10228
4834;22033875000;21517366666;22017366666;10240;10228
4835;22033939000;21517366666;22017366666;10240;10228
4836;22033949000;21517366666;22017366666;10240;10228
4837;22033954000;21517366666;22017366666;10240;10228
4838;22033958000;21517366666;22017366666;10240;10228
4840;22033964000;21517700000;22017700000;10240;10228
4841;22033969000;21517700000;22017700000;10240;10228
4842;22033974000;21517700000;22017700000;10240;10228
4817;22033978000;21434055555;21934055555;10240;10228
4839;22034210000;21517388888;22017388888;10240;10228
4843;22036010000;21559055555;22059055555;10240;10228
4844;22036488000;21559055555;22059055555;10240;10228
4845;22036731000;21559055555;22059055555;10240;10228
4846;22036911000;21559055555;22059055555;10240;10228
4847;22037112000;21559055555;22059055555;10240;10228
4848;22037539000;21559055555;22059055555;10240;10228
4849;22037754000;21559055555;22059055555;10240;10228
4850;22037942000;21559077777;22059077777;10240;10228
4851;22037955000;21559388888;22059388888;10240;10228
4852;22038175000;21559388888;22059388888;10240;10228
4853;22038369000;21559388888;22059388888;10240;10228
4854;22038565000;21600700000;22100700000;10240;10228
4855;22038577000;21600700000;22100700000;10240;10228
4856;22038755000;21600700000;22100700000;10240;10228
4858;22038933000;21600700000;22100700000;10240;10228
4859;22039341000;21600700000;22100700000;10240;10228
4860;22039561000;21600700000;22100700000;10240;10228
4861;22039577000;21600711111;22100711111;10240;10228
4862;22039787000;21600988888;22100988888;10240;10228
4863;22039982000;21600988888;22100988888;10240;10228
4865;22039992000;21642366666;22142366666;10240;10228
4866;22040233000;21642366666;22142366666;10240;10228
4867;22040435000;21642366666;22142366666;10240;10228
4868;22043811000;21642366666;22142366666;10240;10228
4869;22043832000;21642366666;22142366666;10240;10228
4871;22043837000;21642366666;22142366666;10240;10228
4873;22043919000;21642700000;22142700000;10240;10228
4874;22043931000;21642700000;22142700000;10240;10228
4875;22043938000;21642700000;22142700000;10240;10228
4876;22043949000;21684033333;22184033333;10240;10228
4878;22043955000;21684033333;22184033333;10240;10228
4879;22043959000;21684033333;22184033333;10240;10228
4880;22043964000;21684033333;22184033333;10240;10228
4881;22043969000;21684033333;22184033333;10240;10228
4882;22043977000;21684033333;22184033333;10240;10228
4883;22043982000;21684044444;22184044444;10240;10228
4884;22044001000;21684377777;22184377777;10240;10228
4885;22044008000;21684377777;22184377777;10240;10228
4870;22044013000;21642366666;22142366666;10240;10228
4886;22044019000;21684377777;22184377777;10240;10228
4887;22044027000;21725700000;22225700000;10240;10228
4888;22044036000;21725700000;22225700000;10240;10228
4889;22044041000;21725700000;22225700000;10240;10228
4890;22044081000;21725700000;22225700000;10240;10228
4891;22044096000;21725700000;22225700000;10240;10228
4892;22044104000;21725700000;22225700000;10240;10228
4893;22044109000;21725700000;22225700000;10240;10228
4894;22044120000;21725722222;22225722222;10240;10228
4895;22044125000;21726011111;22226011111;10240;10228
4896;22044132000;21726011111;22226011111;10240;10228
4898;22044143000;21767366666;22267366666;10240;10228
4872;22044186000;21642388888;22142388888;10240;10228
4897;22044411000;21726011111;22226011111;10240;10228
4900;22046419000;21767366666;22267366666;10240;10228
4901;22047092000;21767366666;22267366666;10240;10228
4902;22047343000;21767366666;22267366666;10240;10228
4903;22047356000;21767366666;22267366666;10240;10228
4904;22047532000;21767366666;22267366666;10240;10228
4905;22048112000;21767388888;22267388888;10240;10228
4906;22048294000;21767733333;22267733333;10240;10228
4907;22048510000;21767733333;22267733333;10240;10228
4909;22048712000;21809022222;22309022222;10240;10228
4910;22048877000;21809022222;22309022222;10240;10228
4911;22049070000;21809022222;22309022222;10240;10228
4912;22049082000;21809022222;22309022222;10240;10228
4913;22049267000;21809022222;22309022222;10240;10228
4914;22049703000;21809022222;22309022222;10240;10228
4857;22049716000;21600700000;22100700000;10240;10228
4915;22049900000;21809022222;22309022222;10240;10228
4917;22050082000;21809377777;22309377777;10240;10228
4918;22050317000;21809377777;22309377777;10240;10228
4919;22050339000;21809377777;22309377777;10240;10228
4920;22050514000;21850700000;22350700000;10240;10228
4921;22050537000;21850700000;22350700000;10240;10228
4864;22050589000;21600988888;22100988888;10240;10228
4922;22050729000;21850700000;22350700000;10240;10228
4923;22050923000;21850700000;22350700000;10240;10228
4924;22050935000;21850700000;22350700000;10240;10228
4926;22054117000;21850700000;22350700000;10240;10228
4927;22054128000;21850711111;22350711111;10240;10228
4928;22054134000;21851022222;22351022222;10240;10228
4929;22054139000;21851022222;22351022222;10240;10228
4930;22054145000;21851022222;22351022222;10240;10228
4931;22054149000;21892366666;22392366666;10240;10228
4877;22054154000;21684033333;22184033333;10240;10228
4932;22054222000;21892366666;22392366666;10240;10228
4934;22054236000;21892366666;22392366666;10240;10228
4935;22054241000;21892366666;22392366666;10240;10228
4936;22054246000;21892366666;22392366666;10240;10228
4938;22054250000;21892388888;22392388888;10240;10228
4939;22054255000;21892700000;22392700000;10240;10228
4942;22054260000;21934033333;22434033333;10240;10228
4944;22054264000;21934033333;22434033333;10240;10228
4945;22054342000;21934033333;22434033333;10240;10228
4946;22054352000;21934033333;22434033333;10240;10228
4947;22054359000;21934033333;22434033333;10240;10228
4948;22054374000;21934033333;22434033333;10240;10228
4949;22054378000;21934055555;22434055555;10240;10228
4937;22054534000;21892366666;22392366666;10240;10228
4950;22054784000;21934344444;22434344444;10240;10228
4951;22054795000;21934344444;22434344444;10240;10228
4952;22056856000;21934344444;22434344444;10240;10228
4953;22057545000;21975711111;22475711111;10240;10228
4954;22057794000;21975711111;22475711111;10240;10228
4955;22057981000;21975711111;22475711111;10240;10228
4956;22057991000;21975711111;22475711111;10240;10228
4957;22058734000;21975711111;22475711111;10240;10228
4958;22058934000;21975711111;22475711111;10240;10228
4960;22059226000;21975722222;22475722222;10240;10228
4961;22059418000;21976055555;22476055555;10240;10228
4962;22059625000;21976055555;22476055555;10240;10228
4963;22059635000;21976055555;22476055555;10240;10228
4964;22059837000;22017366666;22517366666;10240;10228
4966;22059939000;22017366666;22517366666;10240;10228
4965;22060103000;22017366666;22517366666;10240;10228
4967;22060309000;22017366666;22517366666;10240;10228
4968;22060491000;22017366666;22517366666;10240;10228
4969;22060728000;22017366666;22517366666;10240;10228
4971;22060748000;22017388888;22517388888;10240;10228
4916;22060925000;21809044444;22309044444;10240;10228
4970;22060941000;22017366666;22517366666;10240;10228
4899;22064650000;21767366666;22267366666;10240;10228
4972;22064673000;22017733333;22517733333;10240;10228
4973;22064696000;22017733333;22517733333;10240;10228
4974;22064702000;22017733333;22517733333;10240;10228
4975;22064721000;22059066666;22559066666;10240;10228
4976;22064728000;22059066666;22559066666;10240;10228
4977;22064733000;22059066666;22559066666;10240;10228
4978;22064738000;22059066666;22559066666;10240;10228
4981;22064811000;22059066666;22559066666;10240;10228
4982;22064823000;22059155555;22559155555;10240;10228
4933;22064834000;21892366666;22392366666;10240;10228
4940;22064847000;21892700000;22392700000;10240;10228
4941;22065082000;21892700000;22392700000;10240;10228
4943;22065121000;21934033333;22434033333;10240;10228
4959;22069799000;21975711111;22475711111;10240;10228
4983;22106395000;22059555555;22559555555;10240;10228
4985;22106415000;22059555555;22559555555;10240;10228
4987;22106422000;22100722222;22600722222;10240;10228
4993;22106427000;22100766666;22600766666;10240;10228
4984;22106582000;22059555555;22559555555;10240;10228
4986;22106811000;22100722222;22600722222;10240;10228
4988;22106832000;22100722222;22600722222;10240;10228
4990;22107015000;22100722222;22600722222;10240;10228
4992;22107226000;22100722222;22600722222;10240;10228
4979;22116673000;22059066666;22559066666;10240;10228
4980;22116693000;22059066666;22559066666;10240;10228
4995;22148121000;22101055555;22601055555;10240;10228
4997;22148153000;22142388888;22642388888;10240;10228
4999;22148159000;22142388888;22642388888;10240;10228
5001;22148181000;22142388888;22642388888;10240;10228
5003;22148196000;22142388888;22642388888;10240;10228
4994;22148285000;22101055555;22601055555;10240;10228
4996;22148480000;22101055555;22601055555;10240;10228
4998;22148501000;22142388888;22642388888;10240;10228
5000;22148683000;22142388888;22642388888;10240;10228
5002;22148880000;22142388888;22642388888;10240;10228
5004;22148890000;22142433333;22642433333;10240;10228
4989;22158381000;22100722222;22600722222;10240;10228
4991;22158392000;22100722222;22600722222;10240;10228
5005;22189775000;22142755555;22642755555;10240;10228
5007;22189785000;22142755555;22642755555;10240;10228
5011;22189792000;22184055555;22684055555;10240;10228
5013;22189798000;22184055555;22684055555;10240;10228
5015;22189802000;22184100000;22684100000;10240;10228
5006;22189940000;22142755555;22642755555;10240;10228
5008;22190138000;22184055555;22684055555;10240;10228
5010;22190160000;22184055555;22684055555;10240;10228
5012;22190348000;22184055555;22684055555;10240;10228
5014;22190566000;22184055555;22684055555;10240;10228
5016;22231414000;22184455555;22684455555;10240;10228
5018;22231426000;22184455555;22684455555;10240;10228
5020;22231431000;22225688888;22725688888;10240;10228
5022;22231436000;22225688888;22725688888;10240;10228
5024;22231440000;22225688888;22725688888;10240;10228
5026;22231445000;22225744444;22725744444;10240;10228
5017;22231579000;22184455555;22684455555;10240;10228
5019;22231782000;22225688888;22725688888;10240;10228
5023;22231803000;22225688888;22725688888;10240;10228
5025;22231985000;22225688888;22725688888;10240;10228
5009;22241884000;22184055555;22684055555;10240;10228
5034;22273110000;22267388888;22767388888;10240;10228
5036;22273123000;22267388888;22767388888;10240;10228
5027;22273268000;22226022222;22726022222;10240;10228
5029;22273481000;22226022222;22726022222;10240;10228
5031;22273490000;22267388888;22767388888;10240;10228
5033;22273687000;22267388888;22767388888;10240;10228
5021;22283529000;22225688888;22725688888;10240;10228
5038;22314773000;22267744444;22767744444;10240;10228
5040;22314785000;22267744444;22767744444;10240;10228
5042;22314790000;22309055555;22809055555;10240;10228
5044;22314794000;22309055555;22809055555;10240;10228
5046;22314799000;22309055555;22809055555;10240;10228
5048;22314803000;22309100000;22809100000;10240;10228
5041;22314942000;22309055555;22809055555;10240;10228
5043;22315162000;22309055555;22809055555;10240;10228
5045;22315172000;22309055555;22809055555;10240;10228
5047;22315352000;22309055555;22809055555;10240;10228
5030;22325070000;22267388888;22767388888;10240;10228
5032;22325092000;22267388888;22767388888;10240;10228
5028;22325244000;22226022222;22726022222;10240;10228
5039;22325378000;22267744444;22767744444;10240;10228
5035;22325645000;22267388888;22767388888;10240;10228
5037;22325834000;22267433333;22767433333;10240;10228
5050;22356404000;22309411111;22809411111;10240;10228
5052;22356414000;22350733333;22850733333;10240;10228
5058;22356420000;22350733333;22850733333;10240;10228
5049;22356667000;22309411111;22809411111;10240;10228
5051;22356863000;22309411111;22809411111;10240;10228
5055;22356882000;22350733333;22850733333;10240;10228
5057;22357017000;22350733333;22850733333;10240;10228
5059;22357287000;22350777777;22850777777;10240;10228
5053;22367569000;22350733333;22850733333;10240;10228
5060;22398070000;22351066666;22851066666;10240;10228
5062;22398081000;22351066666;22851066666;10240;10228
5064;22398102000;22392388888;22892388888;10240;10228
5066;22398108000;22392388888;22892388888;10240;10228
5068;22398113000;22392388888;22892388888;10240;10228
5070;22398117000;22392433333;22892433333;10240;10228
5061;22398329000;22351066666;22851066666;10240;10228
5063;22398474000;22392388888;22892388888;10240;10228
5065;22398746000;22392388888;22892388888;10240;10228
5067;22398773000;22392388888;22892388888;10240;10228
5054;22408356000;22350733333;22850733333;10240;10228
5056;22408604000;22350733333;22850733333;10240;10228
5072;22439790000;22392766666;22892766666;10240;10228
5074;22439815000;22434055555;22934055555;10240;10228
5078;22439826000;22434055555;22934055555;10240;10228
5080;22439841000;22434055555;22934055555;10240;10228
5071;22439967000;22392766666;22892766666;10240;10228
5073;22440173000;22392766666;22892766666;10240;10228
5075;22440192000;22434055555;22934055555;10240;10228
5077;22440402000;22434055555;22934055555;10240;10228
5079;22440576000;22434055555;22934055555;10240;10228
5081;22440597000;22434100000;22934100000;10240;10228
5082;22481387000;22434422222;22934422222;10240;10228
5084;22481399000;22434422222;22934422222;10240;10228
5088;22481404000;22475688888;22975688888;10240;10228
5090;22481410000;22475688888;22975688888;10240;10228
5092;22481414000;22475744444;22975744444;10240;10228
5083;22481658000;22434422222;22934422222;10240;10228
5085;22481808000;22475688888;22975688888;10240;10228
5087;22481829000;22475688888;22975688888;10240;10228
5089;22482000000;22475688888;22975688888;10240;10228
5091;22482243000;22475688888;22975688888;10240;10228
5076;22491624000;22434055555;22934055555;10240;10228
5086;22491873000;22475688888;22975688888;10240;10228
5094;22523063000;22476033333;22976033333;10240;10228
5096;22523073000;22517388888;23017388888;10240;10228
5098;22523078000;22517388888;23017388888;10240;10228
5100;22523083000;22517388888;23017388888;10240;10228
5102;22523093000;22517388888;23017388888;10240;10228
5093;22523295000;22476033333;22976033333;10240;10228
5095;22523507000;22476033333;22976033333;10240;10228
5097;22523528000;22517388888;23017388888;10240;10228
5099;22523700000;22517388888;23017388888;10240;10228
5103;22523711000;22517433333;23017433333;10240;10228
5104;22564749000;22517744444;23017744444;10240;10228
5108;22564761000;22559055555;23059055555;10240;10228
5110;22564771000;22559055555;23059055555;10240;10228
5112;22564776000;22559055555;23059055555;10240;10228
5114;22564780000;22559100000;23059100000;10240;10228
5105;22564957000;22517744444;23017744444;10240;10228
5107;22565158000;22559055555;23059055555;10240;10228
5109;22565170000;22559055555;23059055555;10240;10228
5111;22565370000;22559055555;23059055555;10240;10228
5113;22565594000;22559055555;23059055555;10240;10228
5106;22575311000;22517744444;23017744444;10240;10228
5101;22575632000;22517388888;23017388888;10240;10228
5116;22606406000;22559422222;23059422222;10240;10228
5118;22606419000;22600722222;23100722222;10240;10228
5122;22606425000;22600722222;23100722222;10240;10228
5115;22606659000;22559422222;23059422222;10240;10228
5117;22606880000;22559422222;23059422222;10240;10228
5119;22606904000;22600722222;23100722222;10240;10228
5121;22607056000;22600722222;23100722222;10240;10228
5123;22607254000;22600722222;23100722222;10240;10228
5125;22607275000;22600766666;23100766666;10240;10228
5126;22648095000;22601055555;23101055555;10240;10228
5128;22648107000;22601055555;23101055555;10240;10228
5130;22648111000;22642388888;23142388888;10240;10228
5132;22648116000;22642388888;23142388888;10240;10228
5136;22648120000;22642433333;23142433333;10240;10228
5127;22648314000;22601055555;23101055555;10240;10228
5129;22648509000;22642388888;23142388888;10240;10228
5131;22648528000;22642388888;23142388888;10240;10228
5133;22648723000;22642388888;23142388888;10240;10228
5135;22648906000;22642388888;23142388888;10240;10228
5124;22658352000;22600722222;23100722222;10240;10228
5120;22658550000;22600722222;23100722222;10240;10228
5138;22689741000;22642733333;23142733333;10240;10228
5140;22689769000;22684055555;23184055555;10240;10228
5142;22689774000;22684055555;23184055555;10240;10228
5144;22689779000;22684055555;23184055555;10240;10228
5146;22689792000;22684055555;23184055555;10240;10228
5137;22689977000;22642733333;23142733333;10240;10228
5139;22690176000;22642733333;23142733333;10240;10228
5141;22690197000;22684055555;23184055555;10240;10228
5143;22690399000;22684055555;23184055555;10240;10228
5145;22690579000;22684055555;23184055555;10240;10228
5147;22690606000;22684100000;23184100000;10240;10228
5134;22700026000;22642388888;23142388888;10240;10228
5148;22731446000;22684444444;23184444444;10240;10228
5150;22731458000;22684444444;23184444444;10240;10228
5152;22731465000;22725722222;23225722222;10240;10228
5156;22731475000;22725722222;23225722222;10240;10228
5158;22731479000;22725766666;23225766666;10240;10228
5149;22731662000;22684444444;23184444444;10240;10228
5151;22731884000;22725722222;23225722222;10240;10228
5153;22731908000;22725722222;23225722222;10240;10228
5160;22773112000;22726055555;23226055555;10240;10228
5162;22773138000;22767400000;23267400000;10240;10228
5164;22773150000;22767400000;23267400000;10240;10228
5166;22773166000;22767400000;23267400000;10240;10228
5168;22773171000;22767400000;23267400000;10240;10228
5161;22773330000;22726055555;23226055555;10240;10228
5163;22773521000;22767400000;23267400000;10240;10228
5165;22773542000;22767400000;23267400000;10240;10228
5167;22773717000;22767400000;23267400000;10240;10228
5169;22773738000;22767444444;23267444444;10240;10228
5154;22783416000;22725722222;23225722222;10240;10228
5155;22783810000;22725722222;23225722222;10240;10228
5159;22783820000;22726055555;23226055555;10240;10228
5157;22784037000;22725722222;23225722222;10240;10228
5170;22814734000;22767766666;23267766666;10240;10228
5172;22814746000;22767766666;23267766666;10240;10228
5176;22814753000;22809055555;23309055555;10240;10228
5178;22814764000;22809055555;23309055555;10240;10228
5180;22814768000;22809100000;23309100000;10240;10228
5171;22814964000;22767766666;23267766666;10240;10228
5173;22815192000;22809055555;23309055555;10240;10228
5175;22815217000;22809055555;23309055555;10240;10228
5177;22815384000;22809055555;23309055555;10240;10228
5179;22815578000;22809055555;23309055555;10240;10228
5174;22825334000;22809055555;23309055555;10240;10228
5182;22856388000;22809455555;23309455555;10240;10228
5188;22856402000;22850688888;23350688888;10240;10228
5190;22856407000;22850688888;23350688888;10240;10228
5181;22856631000;22809455555;23309455555;10240;10228
5183;22856826000;22809455555;23309455555;10240;10228
5185;22856852000;22850688888;23350688888;10240;10228
5187;22857000000;22850688888;23350688888;10240;10228
5189;22857222000;22850688888;23350688888;10240;10228
5191;22857243000;22850744444;23350744444;10240;10228
5192;22898084000;22851033333;23351033333;10240;10228
5194;22898097000;22851033333;23351033333;10240;10228
5196;22898108000;22892388888;23392388888;10240;10228
5198;22898113000;22892388888;23392388888;10240;10228
5200;22898118000;22892388888;23392388888;10240;10228
5202;22898123000;22892433333;23392433333;10240;10228
5193;22898259000;22851033333;23351033333;10240;10228
5197;22898498000;22892388888;23392388888;10240;10228
5199;22898711000;22892388888;23392388888;10240;10228
5201;22898732000;22892388888;23392388888;10240;10228
5184;22908633000;22850688888;23350688888;10240;10228
5204;22939752000;22892733333;23392733333;10240;10228
5206;22939769000;22934055555;23434055555;10240;10228
5208;22939774000;22934055555;23434055555;10240;10228
5210;22939779000;22934055555;23434055555;10240;10228
5212;22939782000;22934055555;23434055555;10240;10228
5203;22939942000;22892733333;23392733333;10240;10228
5205;22940139000;22892733333;23392733333;10240;10228
5207;22940160000;22934055555;23434055555;10240;10228
5209;22940347000;22934055555;23434055555;10240;10228
5211;22940564000;22934055555;23434055555;10240;10228
5213;22940574000;22934100000;23434100000;10240;10228
5195;22950402000;22892388888;23392388888;10240;10228
5214;22981372000;22934411111;23434411111;10240;10228
5216;22981382000;22934411111;23434411111;10240;10228
5218;22981390000;22975688888;23475688888;10240;10228
5220;22981401000;22975688888;23475688888;10240;10228
5222;22981407000;22975688888;23475688888;10240;10228
5224;22981411000;22975744444;23475744444;10240;10228
5215;22981579000;22934411111;23434411111;10240;10228
5217;22981782000;22975688888;23475688888;10240;10228
5223;22981819000;22975688888;23475688888;10240;10228
5226;23023103000;22976022222;23476022222;10240;10228
5228;23023123000;23017388888;23517388888;10240;10228
5230;23023127000;23017388888;23517388888;10240;10228
5234;23023141000;23017388888;23517388888;10240;10228
5225;23023266000;22976022222;23476022222;10240;10228
5227;23023481000;22976022222;23476022222;10240;10228
5229;23023492000;23017388888;23517388888;10240;10228
5231;23023675000;23017388888;23517388888;10240;10228
5235;23023695000;23017433333;23517433333;10240;10228
5219;23033744000;22975688888;23475688888;10240;10228
5236;23064730000;23017766666;23517766666;10240;10228
5238;23064740000;23017766666;23517766666;10240;10228
5240;23064747000;23059055555;23559055555;10240;10228
5242;23064751000;23059055555;23559055555;10240;10228
5244;23064757000;23059055555;23559055555;10240;10228
5246;23064761000;23059100000;23559100000;10240;10228
5237;23064939000;23017766666;23517766666;10240;10228
5239;23065176000;23059055555;23559055555;10240;10228
5241;23065348000;23059055555;23559055555;10240;10228
5243;23065359000;23059055555;23559055555;10240;10228
5245;23065563000;23059055555;23559055555;10240;10228
5232;23075082000;23017388888;23517388888;10240;10228
5233;23075606000;23017388888;23517388888;10240;10228
5248;23106446000;23059422222;23559422222;10240;10228
5250;23106458000;23100722222;23600722222;10240;10228
5252;23106465000;23100722222;23600722222;10240;10228
5254;23106474000;23100722222;23600722222;10240;10228
5256;23106479000;23100722222;23600722222;10240;10228
5247;23106606000;23059422222;23559422222;10240;10228
5249;23106819000;23059422222;23559422222;10240;10228
5258;23148120000;23101044444;23601044444;10240;10228
5260;23148138000;23101044444;23601044444;10240;10228
5262;23148149000;23142400000;23642400000;10240;10228
5264;23148153000;23142400000;23642400000;10240;10228
5266;23148160000;23142400000;23642400000;10240;10228
5268;23148165000;23142455555;23642455555;10240;10228
5259;23148258000;23101044444;23601044444;10240;10228
5261;23148453000;23142400000;23642400000;10240;10228
5263;23148659000;23142400000;23642400000;10240;10228
5265;23148668000;23142400000;23642400000;10240;10228
5267;23148863000;23142400000;23642400000;10240;10228
5253;23158910000;23100722222;23600722222;10240;10228
5251;23159068000;23100722222;23600722222;10240;10228
5255;23159254000;23100722222;23600722222;10240;10228
5257;23159264000;23100766666;23600766666;10240;10228
5270;23189717000;23142777777;23642777777;10240;10228
5272;23189731000;23184022222;23684022222;10240;10228
5274;23189737000;23184022222;23684022222;10240;10228
5278;23189741000;23184022222;23684022222;10240;10228
5269;23189911000;23142777777;23642777777;10240;10228
5273;23190087000;23184022222;23684022222;10240;10228
5279;23190112000;23184066666;23684066666;10240;10228
5280;23231352000;23184388888;23684388888;10240;10228
5282;23231368000;23184388888;23684388888;10240;10228
5284;23231394000;23225688888;23725688888;10240;10228
5286;23231413000;23225688888;23725688888;10240;10228
5288;23231430000;23225688888;23725688888;10240;10228
5290;23231456000;23225744444;23725744444;10240;10228
5283;23231579000;23225688888;23725688888;10240;10228
5285;23231784000;23225688888;23725688888;10240;10228
5287;23231806000;23225688888;23725688888;10240;10228
5276;23241662000;23184022222;23684022222;10240;10228
5292;23273068000;23226044444;23726044444;10240;10228
5294;23273082000;23267388888;23767388888;10240;10228
5296;23273092000;23267388888;23767388888;10240;10228
5300;23273103000;23267388888;23767388888;10240;10228
5291;23273267000;23226044444;23726044444;10240;10228
5293;23273476000;23226044444;23726044444;10240;10228
5295;23273487000;23267388888;23767388888;10240;10228
5297;23273682000;23267388888;23767388888;10240;10228
5299;23273877000;23267388888;23767388888;10240;10228
5301;23273898000;23267433333;23767433333;10240;10228
5271;23283768000;23142777777;23642777777;10240;10228
5277;23283973000;23184022222;23684022222;10240;10228
5281;23283982000;23184388888;23684388888;10240;10228
5289;23284184000;23225688888;23725688888;10240;10228
5302;23314758000;23267744444;23767744444;10240;10228
5304;23314774000;23267744444;23767744444;10240;10228
5306;23314793000;23309055555;23809055555;10240;10228
5308;23314803000;23309055555;23809055555;10240;10228
5310;23314811000;23309055555;23809055555;10240;10228
5312;23314818000;23309100000;23809100000;10240;10228
5305;23314933000;23309055555;23809055555;10240;10228
5307;23315163000;23309055555;23809055555;10240;10228
5309;23315175000;23309055555;23809055555;10240;10228
5314;23356360000;23309411111;23809411111;10240;10228
5316;23356376000;23350688888;23850688888;10240;10228
5318;23356384000;23350688888;23850688888;10240;10228
5320;23356395000;23350688888;23850688888;10240;10228
5322;23356408000;23350688888;23850688888;10240;10228
5313;23356578000;23309411111;23809411111;10240;10228
5315;23356781000;23309411111;23809411111;10240;10228
5317;23356802000;23350688888;23850688888;10240;10228
5319;23356983000;23350688888;23850688888;10240;10228
5321;23357196000;23350688888;23850688888;10240;10228
5323;23357207000;23350744444;23850744444;10240;10228
5311;23367661000;23309055555;23809055555;10240;10228
5324;23398041000;23351022222;23851022222;10240;10228
5326;23398078000;23351022222;23851022222;10240;10228
5328;23398096000;23392388888;23892388888;10240;10228
5330;23398105000;23392388888;23892388888;10240;10228
5332;23398123000;23392388888;23892388888;10240;10228
5334;23398132000;23392433333;23892433333;10240;10228
5325;23398284000;23351022222;23851022222;10240;10228
5327;23398491000;23392388888;23892388888;10240;10228
5329;23398507000;23392388888;23892388888;10240;10228
5331;23398685000;23392388888;23892388888;10240;10228
5333;23398890000;23392388888;23892388888;10240;10228
5336;23439704000;23392744444;23892744444;10240;10228
5338;23439720000;23434055555;23934055555;10240;10228
5340;23439732000;23434055555;23934055555;10240;10228
5342;23439746000;23434055555;23934055555;10240;10228
5335;23439953000;23392744444;23892744444;10240;10228
5337;23440150000;23392744444;23892744444;10240;10228
5339;23440166000;23434055555;23934055555;10240;10228
5341;23440371000;23434055555;23934055555;10240;10228
5343;23440572000;23434055555;23934055555;10240;10228
5345;23440591000;23434100000;23934100000;10240;10228
5350;23481366000;23475688888;23975688888;10240;10228
5352;23481380000;23475688888;23975688888;10240;10228
5354;23481390000;23475688888;23975688888;10240;10228
5356;23481397000;23475744444;23975744444;10240;10228
5347;23481610000;23434444444;23934444444;10240;10228
5349;23481786000;23475688888;23975688888;10240;10228
5355;23481797000;23475688888;23975688888;10240;10228
5346;23491673000;23434444444;23934444444;10240;10228
5348;23491687000;23434444444;23934444444;10240;10228
5344;23491891000;23434055555;23934055555;10240;10228
5358;23523062000;23476033333;23976033333;10240;10228
5360;23523105000;23517388888;24017388888;10240;10228
5362;23523125000;23517388888;24017388888;10240;10228
5364;23523144000;23517388888;24017388888;10240;10228
5366;23523163000;23517388888;24017388888;10240;10228
5357;23523286000;23476033333;23976033333;10240;10228
5359;23523473000;23476033333;23976033333;10240;10228
5361;23523692000;23517388888;24017388888;10240;10228
5365;23523714000;23517388888;24017388888;10240;10228
5367;23523722000;23517433333;24017433333;10240;10228
5351;23533898000;23475688888;23975688888;10240;10228
5353;23534189000;23475688888;23975688888;10240;10228
5368;23564741000;23517744444;24017744444;10240;10228
5370;23564755000;23517744444;24017744444;10240;10228
5372;23564781000;23559055555;24059055555;10240;10228
5374;23564790000;23559055555;24059055555;10240;10228
5376;23564799000;23559055555;24059055555;10240;10228
5378;23564815000;23559111111;24059111111;10240;10228
5369;23564941000;23517744444;24017744444;10240;10228
5371;23565170000;23559055555;24059055555;10240;10228
5373;23565361000;23559055555;24059055555;10240;10228
5375;23565376000;23559055555;24059055555;10240;10228
5377;23565561000;23559055555;24059055555;10240;10228
5380;23606418000;23559433333;24059433333;10240;10228
5382;23606433000;23600722222;24100722222;10240;10228
5384;23606443000;23600722222;24100722222;10240;10228
5386;23606451000;23600722222;24100722222;10240;10228
5388;23606472000;23600722222;24100722222;10240;10228
5379;23606599000;23559433333;24059433333;10240;10228
5381;23606815000;23559433333;24059433333;10240;10228
5383;23606827000;23600722222;24100722222;10240;10228
5390;23648081000;23601033333;24101033333;10240;10228
5392;23648097000;23601033333;24101033333;10240;10228
5396;23648105000;23642388888;24142388888;10240;10228
5398;23648114000;23642388888;24142388888;10240;10228
5400;23648128000;23642433333;24142433333;10240;10228
5391;23648296000;23601033333;24101033333;10240;10228
5393;23648490000;23642388888;24142388888;10240;10228
5395;23648506000;23642388888;24142388888;10240;10228
5399;23648685000;23642388888;24142388888;10240;10228
5394;23658388000;23642388888;24142388888;10240;10228
5385;23658957000;23600722222;24100722222;10240;10228
5389;23658973000;23600766666;24100766666;10240;10228
5402;23689756000;23642755555;24142755555;10240;10228
5404;23689772000;23684055555;24184055555;10240;10228
5406;23689781000;23684055555;24184055555;10240;10228
5408;23689802000;23684055555;24184055555;10240;10228
5401;23689940000;23642755555;24142755555;10240;10228
5403;23690149000;23642755555;24142755555;10240;10228
5405;23690359000;23684055555;24184055555;10240;10228
5407;23690372000;23684055555;24184055555;10240;10228
5409;23690559000;23684055555;24184055555;10240;10228
5397;23700393000;23642388888;24142388888;10240;10228
5412;23731391000;23684444444;24184444444;10240;10228
5418;23731418000;23725722222;24225722222;10240;10228
5422;23731428000;23725766666;24225766666;10240;10228
5413;23731627000;23684444444;24184444444;10240;10228
5415;23731814000;23725722222;24225722222;10240;10228
5419;23731827000;23725722222;24225722222;10240;10228
5421;23732017000;23725722222;24225722222;10240;10228
5410;23741678000;23684055555;24184055555;10240;10228
5411;23752091000;23684100000;24184100000;10240;10228
5424;23773085000;23726055555;24226055555;10240;10228
5426;23773113000;23767388888;24267388888;10240;10228
5428;23773130000;23767388888;24267388888;10240;10228
5430;23773146000;23767388888;24267388888;10240;10228
5432;23773154000;23767388888;24267388888;10240;10228
5423;23773289000;23726055555;24226055555;10240;10228
5425;23773484000;23726055555;24226055555;10240;10228
5427;23773500000;23767388888;24267388888;10240;10228
5429;23773679000;23767388888;24267388888;10240;10228
5431;23773882000;23767388888;24267388888;10240;10228
5433;23773893000;23767433333;24267433333;10240;10228
5414;23783318000;23684444444;24184444444;10240;10228
5416;23783349000;23725722222;24225722222;10240;10228
5420;23783368000;23725722222;24225722222;10240;10228
5417;23783730000;23725722222;24225722222;10240;10228
5434;23814736000;23767744444;24267744444;10240;10228
5436;23814750000;23767744444;24267744444;10240;10228
5438;23814772000;23809055555;24309055555;10240;10228
5440;23814787000;23809055555;24309055555;10240;10228
5442;23814803000;23809055555;24309055555;10240;10228
5444;23814809000;23809100000;24309100000;10240;10228
5435;23814937000;23767744444;24267744444;10240;10228
5439;23815175000;23809055555;24309055555;10240;10228
5441;23815373000;23809055555;24309055555;10240;10228
5443;23815388000;23809055555;24309055555;10240;10228
5437;23825879000;23809055555;24309055555;10240;10228
5446;23856384000;23809433333;24309433333;10240;10228
5448;23856411000;23850688888;24350688888;10240;10228
5450;23856421000;23850688888;24350688888;10240;10228
5454;23856438000;23850688888;24350688888;10240;10228
5447;23856611000;23809433333;24309433333;10240;10228
5449;23856794000;23850688888;24350688888;10240;10228
5453;23856806000;23850688888;24350688888;10240;10228
5455;23857012000;23850744444;24350744444;10240;10228
5456;23898078000;23851055555;24351055555;10240;10228
5458;23898099000;23851055555;24351055555;10240;10228
5460;23898108000;23892388888;24392388888;10240;10228
5462;23898116000;23892388888;24392388888;10240;10228
5466;23898124000;23892433333;24392433333;10240;10228
5457;23898295000;23851055555;24351055555;10240;10228
5459;23898491000;23892388888;24392388888;10240;10228
5461;23898508000;23892388888;24392388888;10240;10228
5463;23898699