seqnum;now;rtptime;deadline
1;7633214000;7240033333;7440033333
6;7633218000;7240033333;7440033333
7;7633219000;7240033333;7440033333
8;7633221000;7240033333;7440033333
9;7633223000;7240033333;7440033333
10;7684401000;7240033333;7440033333
22;7684418000;7313311111;7513311111
23;7684420000;7313311111;7513311111
24;7684421000;7313311111;7513311111
25;7684423000;7313311111;7513311111
26;7684424000;7313311111;7513311111
27;7684426000;7313311111;7513311111
28;7684427000;7313311111;7513311111
29;7684428000;7313311111;7513311111
30;7684430000;7313311111;7513311111
31;7684431000;7313311111;7513311111
32;7754251000;7313311111;7513311111
33;7754264000;7354900000;7554900000
34;7754265000;7354900000;7554900000
35;7754267000;7354900000;7554900000
36;7754268000;7354900000;7554900000
37;7754270000;7354900000;7554900000
38;7754272000;7354900000;7554900000
39;7754273000;7354900000;7554900000
40;7791373000;7354900000;7554900000
41;7791556000;7354900000;7554900000
42;7791856000;7354900000;7554900000
43;7799433000;7354900000;7554900000
74;7799444000;7479855555;7679855555
75;7799446000;7479855555;7679855555
78;7962226000;7521566666;7721566666
124;8129623000;7688177777;7888177777
182;8338147000;7896511111;8096511111
222;8504639000;8063211111;8263211111
266;8671259000;8229833333;8429833333
196;8671262000;7938188888;8138188888
197;8671263000;7938188888;8138188888
201;8692588000;7979822222;8179822222
202;8692590000;7979822222;8179822222
203;8692591000;7979822222;8179822222
204;8692591000;7979822222;8179822222
205;8692592000;7979822222;8179822222
206;8692593000;7979822222;8179822222
208;8692593000;7979822222;8179822222
209;8692594000;8021511111;8221511111
210;8692595000;8021511111;8221511111
211;8692595000;8021511111;8221511111
212;8692596000;8021511111;8221511111
332;8806662000;8479833333;8679833333
233;8812245000;8104877777;8304877777
234;8812249000;8104877777;8304877777
235;8812250000;8104877777;8304877777
236;8812251000;8104877777;8304877777
237;8812252000;8104877777;8304877777
238;8812252000;8104877777;8304877777
239;8812253000;8104877777;8304877777
240;8812254000;8104877777;8304877777
241;8812344000;8104877777;8304877777
242;8812349000;8146500000;8346500000
243;8812350000;8146500000;8346500000
244;8812351000;8146500000;8346500000
245;8812352000;8146500000;8346500000
246;8812353000;8146500000;8346500000
247;8812354000;8146500000;8346500000
248;8812355000;8146500000;8346500000
249;8812356000;8146500000;8346500000
250;8812357000;8146500000;8346500000
251;8812358000;8146500000;8346500000
252;8854033000;8146500000;8346500000
253;8854039000;8188222222;8388222222
258;8918501000;8188222222;8388222222
259;8919400000;8188222222;8388222222
260;8919588000;8188222222;8388222222
261;8920086000;8188222222;8388222222
262;8920264000;8188222222;8388222222
263;8920434000;8188222222;8388222222
264;8920570000;8229833333;8429833333
265;8920775000;8229833333;8429833333
266;8920987000;8229833333;8429833333
267;8920989000;8229833333;8429833333
268;8921185000;8229833333;8429833333
269;8921187000;8229833333;8429833333
404;8973248000;8729822222;8929822222
278;8974253000;8271488888;8471488888
279;8974257000;8271488888;8471488888
280;8974258000;8271488888;8471488888
281;8974259000;8271488888;8471488888
282;8974260000;8271488888;8471488888
283;8974261000;8271488888;8471488888
284;8974262000;8271488888;8471488888
285;8974380000;8271488888;8471488888
286;8974386000;8313188888;8513188888
287;8974396000;8313188888;8513188888
288;9078775000;8313188888;8513188888
289;9079416000;8313188888;8513188888
290;9079643000;8313188888;8513188888
291;9079646000;8313188888;8513188888
292;9080011000;8313188888;8513188888
293;9080230000;8313188888;8513188888
294;9080399000;8313188888;8513188888
295;9080746000;8313188888;8513188888
296;9081206000;8313188888;8513188888
297;9081338000;8354877777;8554877777
298;9081421000;8354877777;8554877777
300;9081805000;8354877777;8554877777
301;9081927000;8354877777;8554877777
302;9082493000;8354877777;8554877777
303;9082690000;8354877777;8554877777
304;9082705000;8354877777;8554877777
305;9082909000;8354877777;8554877777
306;9083115000;8354877777;8554877777
307;9083373000;8354877777;8554877777
308;9083821000;8396477777;8596477777
309;9084057000;8396477777;8596477777
311;9099226000;8396477777;8596477777
312;9099229000;8396477777;8596477777
313;9099230000;8396477777;8596477777
314;9099233000;8396477777;8596477777
315;9099234000;8396477777;8596477777
316;9099235000;8396477777;8596477777
317;9099236000;8396477777;8596477777
318;9099403000;8396477777;8596477777
319;9099409000;8438233333;8638233333
320;9099411000;8438233333;8638233333
321;9099412000;8438233333;8638233333
323;9240044000;8438233333;8638233333
324;9240539000;8438233333;8638233333
325;9240954000;8438233333;8638233333
326;9241293000;8438233333;8638233333
328;9241816000;8438233333;8638233333
329;9242057000;8438233333;8638233333
330;9242060000;8479833333;8679833333
331;9242474000;8479833333;8679833333
332;9242746000;8479833333;8679833333
333;9242942000;8479833333;8679833333
335;9243226000;8479833333;8679833333
336;9243413000;8479833333;8679833333
337;9243663000;8479833333;8679833333
338;9243879000;8479833333;8679833333
492;9294767000;9063200000;9263200000
349;9296367000;8521866666;8721866666
350;9296371000;8521866666;8721866666
351;9296535000;8521866666;8721866666
352;9296556000;8563188888;8763188888
353;9296557000;8563188888;8763188888
354;9296558000;8563188888;8763188888
356;9401016000;8563188888;8763188888
358;9401493000;8563188888;8763188888
359;9401810000;8563188888;8763188888
360;9402272000;8563188888;8763188888
361;9402463000;8563188888;8763188888
362;9402987000;8563188888;8763188888
363;9403083000;8604822222;8804822222
364;9403301000;8604822222;8804822222
365;9403485000;8604822222;8804822222
366;9403487000;8604822222;8804822222
367;9403744000;8604822222;8804822222
368;9403898000;8604822222;8804822222
369;9404153000;8604822222;8804822222
370;9404364000;8604822222;8804822222
371;9404724000;8604822222;8804822222
372;9404974000;8604822222;8804822222
373;9405200000;8604822222;8804822222
374;9405328000;8646466666;8846466666
375;9405628000;8646466666;8846466666
376;9405848000;8646466666;8846466666
377;9405850000;8646466666;8846466666
378;9406074000;8646466666;8846466666
379;9406246000;8646466666;8846466666
380;9406248000;8646466666;8846466666
381;9406396000;8646466666;8846466666
382;9406678000;8646466666;8846466666
383;9406680000;8646466666;8846466666
384;9420937000;8646466666;8846466666
385;9420943000;8688211111;8888211111
386;9420944000;8688211111;8888211111
387;9420945000;8688211111;8888211111
388;9420946000;8688211111;8888211111
389;9420947000;8688211111;8888211111
390;9561562000;8688211111;8888211111
391;9562125000;8688211111;8888211111
392;9562360000;8688211111;8888211111
395;9562830000;8688211111;8888211111
396;9563003000;8729822222;8929822222
397;9563446000;8729822222;8929822222
398;9563796000;8729822222;8929822222
399;9564244000;8729822222;8929822222
400;9564412000;8729822222;8929822222
401;9564679000;8729822222;8929822222
402;9564682000;8729822222;8929822222
403;9564855000;8729822222;8929822222
404;9565075000;8729822222;8929822222
406;9565411000;8729822222;8929822222
407;9565695000;8771488888;8971488888
408;9565890000;8771488888;8971488888
409;9566115000;8771488888;8971488888
410;9566389000;8771488888;8971488888
411;9566660000;8771488888;8971488888
412;9566807000;8771488888;8971488888
413;9567011000;8771488888;8971488888
414;9567238000;8771488888;8971488888
415;9567240000;8771488888;8971488888
416;9567467000;8771488888;8971488888
417;9567480000;8771488888;8971488888
418;9567696000;8813211111;9013211111
419;9567845000;8813211111;9013211111
420;9567857000;8813211111;9013211111
421;9568064000;8813211111;9013211111
422;9568066000;8813211111;9013211111
423;9723364000;8813211111;9013211111
424;9723557000;8813211111;9013211111
425;9723559000;8813211111;9013211111
426;9723962000;8813211111;9013211111
427;9724178000;8813211111;9013211111
428;9724285000;8813211111;9013211111
429;9724289000;8854844444;9054844444
430;9724537000;8854844444;9054844444
431;9724849000;8854844444;9054844444
432;9725022000;8854844444;9054844444
433;9725202000;8854844444;9054844444
434;9725868000;8854844444;9054844444
435;9726106000;8854844444;9054844444
437;9726327000;8854844444;9054844444
438;9726481000;8854844444;9054844444
439;9726494000;8854844444;9054844444
440;9726755000;8896500000;9096500000
441;9726997000;8896500000;9096500000
442;9727135000;8896500000;9096500000
443;9727340000;8896500000;9096500000
445;9727592000;8896500000;9096500000
446;9727594000;8896500000;9096500000
447;9727779000;8896500000;9096500000
448;9727995000;8896500000;9096500000
449;9728198000;8896500000;9096500000
450;9728220000;8896500000;9096500000
451;9728372000;8938200000;9138200000
452;9728545000;8938200000;9138200000
453;9728546000;8938200000;9138200000
454;9728797000;8938200000;9138200000
455;9728799000;8938200000;9138200000
456;9728996000;8938200000;9138200000
458;9883990000;8938200000;9138200000
459;9884158000;8938200000;9138200000
461;9884768000;8938200000;9138200000
462;9884937000;8979822222;9179822222
463;9885152000;8979822222;9179822222
645;9935937000;9646533333;9846533333
492;9939982000;9063200000;9263200000
493;9939985000;9063200000;9263200000
494;9940094000;9063200000;9263200000
495;9940100000;9104833333;9304833333
496;9940101000;9104833333;9304833333
497;9940102000;9104833333;9304833333
498;9940103000;9104833333;9304833333
500;9981722000;9104833333;9304833333
501;9981736000;9104833333;9304833333
502;9981737000;9104833333;9304833333
503;10045079000;9104833333;9304833333
505;10045855000;9104833333;9304833333
506;10045954000;9146488888;9346488888
508;10046300000;9146488888;9346488888
509;10046425000;9146488888;9346488888
510;10046710000;9146488888;9346488888
511;10046877000;9146488888;9346488888
512;10047509000;9146488888;9346488888
513;10047744000;9146488888;9346488888
514;10047747000;9146488888;9346488888
515;10047963000;9146488888;9346488888
516;10048175000;9146488888;9346488888
517;10048178000;9188200000;9388200000
518;10048515000;9188200000;9388200000
519;10048528000;9188200000;9388200000
520;10048738000;9188200000;9388200000
521;10048947000;9188200000;9388200000
524;10064953000;9188200000;9388200000
525;10064955000;9188200000;9388200000
526;10064956000;9188200000;9388200000
527;10065065000;9188200000;9388200000
528;10065070000;9229833333;9429833333
529;10065072000;9229833333;9429833333
530;10065072000;9229833333;9429833333
531;10065073000;9229833333;9429833333
532;10065074000;9229833333;9429833333
533;10065075000;9229833333;9429833333
534;10065076000;9229833333;9429833333
536;10106745000;9229833333;9429833333
537;10106749000;9229833333;9429833333
541;10207058000;9271500000;9471500000
542;10207063000;9271500000;9471500000
543;10207226000;9271500000;9471500000
544;10207433000;9271500000;9471500000
545;10207436000;9271500000;9471500000
546;10207957000;9271500000;9471500000
547;10208154000;9271500000;9471500000
548;10208486000;9271500000;9471500000
549;10208651000;9271500000;9471500000
550;10208668000;9313233333;9513233333
551;10209063000;9313233333;9513233333
552;10209341000;9313233333;9513233333
553;10209478000;9313233333;9513233333
554;10209764000;9313233333;9513233333
555;10210355000;9313233333;9513233333
556;10210725000;9313233333;9513233333
557;10210928000;9313233333;9513233333
558;10210937000;9313233333;9513233333
561;10231741000;9354833333;9554833333
562;10231745000;9354833333;9554833333
563;10231746000;9354833333;9554833333
564;10231747000;9354833333;9554833333
565;10231748000;9354833333;9554833333
566;10231749000;9354833333;9554833333
567;10231749000;9354833333;9554833333
568;10231750000;9354833333;9554833333
569;10231751000;9354833333;9554833333
573;10367552000;9396500000;9596500000
575;10368098000;9396500000;9596500000
576;10368249000;9396500000;9596500000
578;10368295000;9396500000;9596500000
579;10368683000;9396500000;9596500000
580;10368867000;9396500000;9596500000
581;10368869000;9396500000;9596500000
582;10369082000;9396500000;9596500000
583;10369279000;9438233333;9638233333
584;10369282000;9438233333;9638233333
585;10369689000;9438233333;9638233333
586;10369935000;9438233333;9638233333
587;10370172000;9438233333;9638233333
588;10370337000;9438233333;9638233333
589;10370836000;9438233333;9638233333
590;10371068000;9438233333;9638233333
591;10371070000;9438233333;9638233333
592;10371310000;9438233333;9638233333
593;10371441000;9438233333;9638233333
594;10371681000;9479866666;9679866666
595;10371883000;9479866666;9679866666
596;10372097000;9479866666;9679866666
597;10372099000;9479866666;9679866666
598;10372291000;9479866666;9679866666
599;10372448000;9479866666;9679866666
600;10372656000;9479866666;9679866666
601;10372670000;9479866666;9679866666
602;10372924000;9479866666;9679866666
603;10528043000;9479866666;9679866666
604;10528238000;9479866666;9679866666
605;10528872000;9521511111;9721511111
606;10529092000;9521511111;9721511111
607;10529260000;9521511111;9721511111
609;10529475000;9521511111;9721511111
610;10529705000;9521511111;9721511111
611;10529899000;9521511111;9721511111
612;10530229000;9521511111;9721511111
613;10530443000;9521511111;9721511111
614;10530621000;9521511111;9721511111
615;10530687000;9521511111;9721511111
616;10530800000;9563233333;9763233333
823;10581608000;10313222222;10513222222
825;10623121000;10354833333;10554833333
826;10623125000;10354833333;10554833333
827;10623126000;10354833333;10554833333
828;10623127000;10354833333;10554833333
829;10623128000;10354833333;10554833333
830;10623129000;10354833333;10554833333
831;10623130000;10354833333;10554833333
832;10623131000;10354833333;10554833333
833;10623132000;10354833333;10554833333
834;10623133000;10354833333;10554833333
836;10665028000;10396500000;10596500000
837;10665031000;10396500000;10596500000
838;10665032000;10396500000;10596500000
839;10665034000;10396500000;10596500000
840;10665035000;10396500000;10596500000
841;10665036000;10396500000;10596500000
843;10665037000;10396500000;10596500000
844;10665038000;10396500000;10596500000
845;10665038000;10396500000;10596500000
846;10665049000;10396500000;10596500000
847;10689207000;10438222222;10638222222
848;10689575000;10438222222;10638222222
849;10689852000;10438222222;10638222222
850;10689855000;10438222222;10638222222
853;10692159000;10438222222;10638222222
854;10692171000;10438222222;10638222222
855;10692172000;10438222222;10638222222
856;10692173000;10438222222;10638222222
857;10706374000;10438222222;10638222222
665;10706380000;9729833333;9929833333
666;10706381000;9729833333;9929833333
667;10706382000;9729833333;9929833333
668;10706383000;9729833333;9929833333
669;10706384000;9729833333;9929833333
670;10745394000;9729833333;9929833333
672;10850356000;9771500000;9971500000
673;10850474000;9771500000;9971500000
674;10850935000;9771500000;9971500000
675;10851105000;9771500000;9971500000
676;10851379000;9771500000;9971500000
677;10851590000;9771500000;9971500000
678;10851794000;9771500000;9971500000
679;10851994000;9771500000;9971500000
680;10852197000;9771500000;9971500000
907;10903221000;10646488888;10846488888
697;10906007000;9854844444;10054844444
698;10906010000;9854844444;10054844444
699;10906011000;9854844444;10054844444
700;10906012000;9854844444;10054844444
701;10906013000;9854844444;10054844444
702;10906014000;9854844444;10054844444
703;10906158000;9854844444;10054844444
704;10906164000;9896533333;10096533333
705;10906165000;9896533333;10096533333
707;11011543000;9896533333;10096533333
708;11011769000;9896533333;10096533333
709;11012018000;9896533333;10096533333
710;11012232000;9896533333;10096533333
711;11012385000;9896533333;10096533333
712;11012388000;9896533333;10096533333
713;11012589000;9896533333;10096533333
714;11012991000;9896533333;10096533333
946;11013336000;10813211111;11013211111
947;11013340000;10813211111;11013211111
948;11013342000;10813211111;11013211111
949;11013344000;10813211111;11013211111
950;11013350000;10813211111;11013211111
951;11013351000;10813211111;11013211111
724;11066259000;9938211111;10138211111
729;11107836000;9979833333;10179833333
730;11107840000;9979833333;10179833333
732;11107841000;9979833333;10179833333
733;11107842000;9979833333;10179833333
734;11107843000;9979833333;10179833333
735;11107844000;9979833333;10179833333
736;11107947000;9979833333;10179833333
737;11107953000;10021500000;10221500000
738;11107954000;10021500000;10221500000
740;11149416000;10021500000;10221500000
741;11149430000;10021500000;10221500000
742;11149439000;10021500000;10221500000
743;11149440000;10021500000;10221500000
744;11149441000;10021500000;10221500000
745;11149442000;10021500000;10221500000
746;11149443000;10021500000;10221500000
747;11149544000;10021500000;10221500000
748;11149550000;10063211111;10263211111
749;11149551000;10063211111;10263211111
750;11149552000;10063211111;10263211111
751;11149553000;10063211111;10263211111
752;11172133000;10063211111;10263211111
753;11172330000;10063211111;10263211111
974;11224321000;10896544444;11096544444
781;11229284000;10188200000;10388200000
782;11229288000;10188200000;10388200000
783;11229289000;10188200000;10388200000
784;11229289000;10188200000;10388200000
785;11229291000;10188200000;10388200000
786;11229291000;10188200000;10388200000
787;11333667000;10188200000;10388200000
788;11333873000;10188200000;10388200000
789;11334055000;10188200000;10388200000
790;11334525000;10188200000;10388200000
791;11334814000;10188200000;10388200000
792;11334818000;10229844444;10429844444
793;11334946000;10229844444;10429844444
794;11335348000;10229844444;10429844444
1026;11386225000;11104855555;11304855555
810;11389475000;10271522222;10471522222
811;11389479000;10271522222;10471522222
812;11389480000;10271522222;10471522222
813;11389624000;10271522222;10471522222
814;11389630000;10313222222;10513222222
815;11389631000;10313222222;10513222222
816;11389632000;10313222222;10513222222
817;11389633000;10313222222;10513222222
818;11389634000;10313222222;10513222222
819;11389634000;10313222222;10513222222
820;11389635000;10313222222;10513222222
821;11389636000;10313222222;10513222222
822;11494507000;10313222222;10513222222
823;11494738000;10313222222;10513222222
824;11495188000;10313222222;10513222222
825;11495590000;10354833333;10554833333
826;11496026000;10354833333;10554833333
827;11496197000;10354833333;10554833333
1070;11547270000;11271500000;11471500000
841;11550345000;10396500000;10596500000
842;11550348000;10396500000;10596500000
843;11550349000;10396500000;10596500000
844;11550350000;10396500000;10596500000
845;11550351000;10396500000;10596500000
846;11550466000;10396500000;10596500000
847;11550472000;10438222222;10638222222
851;11592153000;10438222222;10638222222
852;11592156000;10438222222;10638222222
853;11592157000;10438222222;10638222222
856;11592158000;10438222222;10638222222
857;11655280000;10438222222;10638222222
858;11655382000;10479855555;10679855555
859;11655712000;10479855555;10679855555
860;11655890000;10479855555;10679855555
861;11656374000;10479855555;10679855555
862;11656581000;10479855555;10679855555
1105;11707546000;11396488888;11596488888
1120;11749183000;11438200000;11638200000
1121;11749292000;11438200000;11638200000
1122;11749298000;11479833333;11679833333
1123;11749299000;11479833333;11679833333
1124;11749300000;11479833333;11679833333
1125;11749301000;11479833333;11679833333
1127;11790970000;11479833333;11679833333
1128;11790973000;11479833333;11679833333
1129;11790984000;11479833333;11679833333
1130;11790985000;11479833333;11679833333
1131;11790986000;11479833333;11679833333
1132;11791096000;11479833333;11679833333
1133;11791101000;11521500000;11721500000
1134;11791103000;11521500000;11721500000
1135;11791103000;11521500000;11721500000
1136;11791104000;11521500000;11721500000
1137;11791105000;11521500000;11721500000
1138;11791106000;11521500000;11721500000
1139;11791107000;11521500000;11721500000
1140;11791108000;11521500000;11721500000
1141;11791109000;11521500000;11721500000
1142;11791110000;11521500000;11721500000
886;11867136000;10563211111;10763211111
1166;11951654000;11646466666;11846466666
1167;11951658000;11646466666;11846466666
1168;11951659000;11646466666;11846466666
1169;11951660000;11646466666;11846466666
1170;11951661000;11646466666;11846466666
1171;11951662000;11646466666;11846466666
1172;11951663000;11646466666;11846466666
1173;11951664000;11646466666;11846466666
1174;11951665000;11646466666;11846466666
1175;11951666000;11646466666;11846466666
1176;11951746000;11646466666;11846466666
1177;11951752000;11688188888;11888188888
1178;11951753000;11688188888;11888188888
1179;11951763000;11688188888;11888188888
1180;11951764000;11688188888;11888188888
1181;11951765000;11688188888;11888188888
1182;11951766000;11688188888;11888188888
1183;11951767000;11688188888;11888188888
1184;11951768000;11688188888;11888188888
1185;11951769000;11688188888;11888188888
1186;11951770000;11688188888;11888188888
1187;11993182000;11688188888;11888188888
1207;11993188000;11771500000;11971500000
1208;11993189000;11771500000;11971500000
1209;12076676000;11771500000;11971500000
1210;12076683000;11813200000;12013200000
1211;12076684000;11813200000;12013200000
1212;12076685000;11813200000;12013200000
1213;12076686000;11813200000;12013200000
1214;12076687000;11813200000;12013200000
1216;12118616000;11813200000;12013200000
1217;12118630000;11813200000;12013200000
1218;12118631000;11813200000;12013200000
1219;12118632000;11813200000;12013200000
1220;12118742000;11813200000;12013200000
1221;12118747000;11854844444;12054844444
1222;12118748000;11854844444;12054844444
1223;12118750000;11854844444;12054844444
1226;12140671000;11854844444;12054844444
1227;12140673000;11854844444;12054844444
1228;12140674000;11854844444;12054844444
1229;12140675000;11854844444;12054844444
1230;12140676000;11854844444;12054844444
1231;12159705000;11854844444;12054844444
1252;12159711000;11938188888;12138188888
1253;12243368000;11938188888;12138188888
1254;12243373000;11979833333;12179833333
1255;12243375000;11979833333;12179833333
1256;12243376000;11979833333;12179833333
1257;12243377000;11979833333;12179833333
1258;12243378000;11979833333;12179833333
1259;12243379000;11979833333;12179833333
1260;12243380000;11979833333;12179833333
1261;12243381000;11979833333;12179833333
1262;12243382000;11979833333;12179833333
1263;12243383000;11979833333;12179833333
1264;12284793000;11979833333;12179833333
1265;12284799000;12021500000;12221500000
1268;12301455000;12021500000;12221500000
1269;12301458000;12021500000;12221500000
1270;12301459000;12021500000;12221500000
1271;12301460000;12021500000;12221500000
1274;12301703000;12021500000;12221500000
1275;12326388000;12021500000;12221500000
1025;12326393000;11104855555;11304855555
1026;12326395000;11104855555;11304855555
1027;12326396000;11104855555;11304855555
1028;12326397000;11104855555;11304855555
1029;12326398000;11104855555;11304855555
1030;12326398000;11104855555;11304855555
1031;12326399000;11104855555;11304855555
1032;12326400000;11104855555;11304855555
1033;12356071000;11104855555;11304855555
1034;12356087000;11146500000;11346500000
1035;12356088000;11146500000;11346500000
1036;12356089000;11146500000;11346500000
1039;12461773000;11146500000;11346500000
1040;12462167000;11146500000;11346500000
1041;12462378000;11146500000;11346500000
1045;12462716000;11188211111;11388211111
1046;12462797000;11188211111;11388211111
1320;12513877000;12229844444;12429844444
1330;12513987000;12229844444;12429844444
1332;12555402000;12271500000;12471500000
1333;12555404000;12271500000;12471500000
1334;12555405000;12271500000;12471500000
1335;12555406000;12271500000;12471500000
1336;12555407000;12271500000;12471500000
1337;12555408000;12271500000;12471500000
1339;12555409000;12271500000;12471500000
1340;12555410000;12271500000;12471500000
1341;12555498000;12271500000;12471500000
1343;12597131000;12313211111;12513211111
1344;12597144000;12313211111;12513211111
1345;12597145000;12313211111;12513211111
1346;12597145000;12313211111;12513211111
1347;12597146000;12313211111;12513211111
1348;12597147000;12313211111;12513211111
1349;12597148000;12313211111;12513211111
1350;12597149000;12313211111;12513211111
1351;12597150000;12313211111;12513211111
1352;12597258000;12313211111;12513211111
1353;12621712000;12354833333;12554833333
1354;12622772000;12354833333;12554833333
1355;12623040000;12354833333;12554833333
1356;12623043000;12354833333;12554833333
1357;12623344000;12354833333;12554833333
1360;12625349000;12354833333;12554833333
1361;12625361000;12354833333;12554833333
1362;12625362000;12354833333;12554833333
1363;12638690000;12354833333;12554833333
1375;12638695000;12438200000;12638200000
1376;12638696000;12438200000;12638200000
1377;12638717000;12438200000;12638200000
1378;12638718000;12438200000;12638200000
1379;12638719000;12438200000;12638200000
1380;12638720000;12438200000;12638200000
1381;12638721000;12438200000;12638200000
1382;12638722000;12438200000;12638200000
1383;12638723000;12438200000;12638200000
1384;12638724000;12438200000;12638200000
1385;12722385000;12438200000;12638200000
1386;12722390000;12479833333;12679833333
1387;12722392000;12479833333;12679833333
1388;12722392000;12479833333;12679833333
1389;12722393000;12479833333;12679833333
1390;12722394000;12479833333;12679833333
1392;12763955000;12479833333;12679833333
1393;12763968000;12479833333;12679833333
1394;12763969000;12479833333;12679833333
1395;12763970000;12479833333;12679833333
1396;12764078000;12479833333;12679833333
1397;12783430000;12521533333;12721533333
1398;12784093000;12521533333;12721533333
1399;12784095000;12521533333;12721533333
1403;12786897000;12521533333;12721533333
1405;12786900000;12521533333;12721533333
1408;12847267000;12563211111;12763211111
1134;12847379000;11521500000;11721500000
1135;12847383000;11521500000;11721500000
1136;12847384000;11521500000;11721500000
1137;12847384000;11521500000;11721500000
1138;12847385000;11521500000;11721500000
1139;12945437000;11521500000;11721500000
1140;12945697000;11521500000;11721500000
1141;12945876000;11521500000;11721500000
1142;12945880000;11521500000;11721500000
1143;12946095000;11521500000;11721500000
1144;12946291000;11563211111;11763211111
1145;12946449000;11563211111;11763211111
1146;12946715000;11563211111;11763211111
1147;12946717000;11563211111;11763211111
1148;12946913000;11563211111;11763211111
1149;12947127000;11563211111;11763211111
1150;12947310000;11563211111;11763211111
1151;12947526000;11563211111;11763211111
1152;12947792000;11563211111;11763211111
1153;12947794000;11563211111;11763211111
1154;12947978000;11563211111;11763211111
1155;12947996000;11604833333;11804833333
1156;12948207000;11604833333;11804833333
1157;12948368000;11604833333;11804833333
1158;12948723000;11604833333;11804833333
1160;12949108000;11604833333;11804833333
1161;12949251000;11604833333;11804833333
1162;12949428000;11604833333;11804833333
1163;12949669000;11604833333;11804833333
1164;12949872000;11604833333;11804833333
1165;12950087000;11604833333;11804833333
1167;12964921000;11646466666;11846466666
1168;12964934000;11646466666;11846466666
1169;12964935000;11646466666;11846466666
1170;12964936000;11646466666;11846466666
1172;12964937000;11646466666;11846466666
1173;12964938000;11646466666;11846466666
1174;13106093000;11646466666;11846466666
1175;13106337000;11646466666;11846466666
1176;13106590000;11646466666;11846466666
1177;13106775000;11688188888;11888188888
1178;13107005000;11688188888;11888188888
1179;13107415000;11688188888;11888188888
1180;13107651000;11688188888;11888188888
1181;13107654000;11688188888;11888188888
1182;13107888000;11688188888;11888188888
1183;13108010000;11688188888;11888188888
1184;13108013000;11688188888;11888188888
1186;13108461000;11688188888;11888188888
1187;13108672000;11688188888;11888188888
1188;13108899000;11729855555;11929855555
1189;13109119000;11729855555;11929855555
1190;13109280000;11729855555;11929855555
1191;13109477000;11729855555;11929855555
1192;13109759000;11729855555;11929855555
1193;13109948000;11729855555;11929855555
1197;13110485000;11729855555;11929855555
1199;13110764000;11771500000;11971500000
1200;13110868000;11771500000;11971500000
1201;13111100000;11771500000;11971500000
1202;13111296000;11771500000;11971500000
1203;13111299000;11771500000;11971500000
1205;13111520000;11771500000;11971500000
1207;13111523000;11771500000;11971500000
1208;13266806000;11771500000;11971500000
1209;13267041000;11771500000;11971500000
1529;13267979000;13021511111;13221511111
1530;13267992000;13021511111;13221511111
1531;13267993000;13021511111;13221511111
1532;13267993000;13021511111;13221511111
1533;13267994000;13021511111;13221511111
1536;13270119000;13021511111;13221511111
1537;13270121000;13021511111;13221511111
1540;13360181000;13063211111;13263211111
1551;13401567000;13104844444;13304844444
1552;13401578000;13104844444;13304844444
1553;13401579000;13104844444;13304844444
1554;13401580000;13104844444;13304844444
1555;13401581000;13104844444;13304844444
1556;13401582000;13104844444;13304844444
1557;13401583000;13104844444;13304844444
1558;13401584000;13104844444;13304844444
1559;13401585000;13104844444;13304844444
1560;13401586000;13104844444;13304844444
1561;13401668000;13104844444;13304844444
1562;13401674000;13146500000;13346500000
1563;13401675000;13146500000;13346500000
1564;13401676000;13146500000;13346500000
1565;13401677000;13146500000;13346500000
1566;13401678000;13146500000;13346500000
1567;13401679000;13146500000;13346500000
1568;13401680000;13146500000;13346500000
1569;13401681000;13146500000;13346500000
1570;13401682000;13146500000;13346500000
1571;13401683000;13146500000;13346500000
1572;13443093000;13146500000;13346500000
1265;13443098000;12021500000;12221500000
1266;13443100000;12021500000;12221500000
1267;13443101000;12021500000;12221500000
1268;13443102000;12021500000;12221500000
1269;13443103000;12021500000;12221500000
1270;13443104000;12021500000;12221500000
1271;13443104000;12021500000;12221500000
1272;13443105000;12021500000;12221500000
1275;13524654000;12021500000;12221500000
1276;13524660000;12063466666;12263466666
1277;13524661000;12063466666;12263466666
1278;13524662000;12063466666;12263466666
1279;13524663000;12063466666;12263466666
1280;13524664000;12063466666;12263466666
1281;13524665000;12063466666;12263466666
1282;13524666000;12063466666;12263466666
1283;13524667000;12063466666;12263466666
1284;13524668000;12063466666;12263466666
1285;13524669000;12063466666;12263466666
1286;13566657000;12063466666;12263466666
1606;13589726000;13313222222;13513222222
1607;13589728000;13313222222;13513222222
1608;13589740000;13313222222;13513222222
1609;13589741000;13313222222;13513222222
1610;13589742000;13313222222;13513222222
1611;13589973000;13313222222;13513222222
1615;13592815000;13313222222;13513222222
1617;13681895000;13354855555;13554855555
1628;13723308000;13396500000;13596500000
1629;13723311000;13396500000;13596500000
1630;13723312000;13396500000;13596500000
1631;13723313000;13396500000;13596500000
1632;13723314000;13396500000;13596500000
1633;13723315000;13396500000;13596500000
1634;13723316000;13396500000;13596500000
1635;13723317000;13396500000;13596500000
1636;13723318000;13396500000;13596500000
1637;13723319000;13396500000;13596500000
1638;13723425000;13396500000;13596500000
1639;13723431000;13438211111;13638211111
1640;13723432000;13438211111;13638211111
1641;13723433000;13438211111;13638211111
1642;13723434000;13438211111;13638211111
1643;13723435000;13438211111;13638211111
1644;13723436000;13438211111;13638211111
1645;13723437000;13438211111;13638211111
1646;13723438000;13438211111;13638211111
1647;13723438000;13438211111;13638211111
1648;13723439000;13438211111;13638211111
1651;13806720000;13479866666;13679866666
1346;13806815000;12313211111;12513211111
1347;13806818000;12313211111;12513211111
1348;13806819000;12313211111;12513211111
1349;13806820000;12313211111;12513211111
1350;13806821000;12313211111;12513211111
1351;13806822000;12313211111;12513211111
1352;13806832000;12313211111;12513211111
1353;13806834000;12354833333;12554833333
1354;13806845000;12354833333;12554833333
1355;13910863000;12354833333;12554833333
1356;13911425000;12354833333;12554833333
1357;13911726000;12354833333;12554833333
1358;13911924000;12354833333;12554833333
1359;13912093000;12354833333;12554833333
1360;13912468000;12354833333;12554833333
1361;13912857000;12354833333;12554833333
1702;13963685000;13646511111;13846511111
1378;13967912000;12438200000;12638200000
1379;13967916000;12438200000;12638200000
1380;13967917000;12438200000;12638200000
1381;13967918000;12438200000;12638200000
1382;13967919000;12438200000;12638200000
1384;13968029000;12438200000;12638200000
1385;13968151000;12438200000;12638200000
1386;13968157000;12479833333;12679833333
1387;13968158000;12479833333;12679833333
1388;13968159000;12479833333;12679833333
1389;13968160000;12479833333;12679833333
1390;14072136000;12479833333;12679833333
1391;14072585000;12479833333;12679833333
1392;14072774000;12479833333;12679833333
1393;14073166000;12479833333;12679833333
1394;14073542000;12479833333;12679833333
1395;14073910000;12479833333;12679833333
1396;14074491000;12479833333;12679833333
1397;14074700000;12521533333;12721533333
1398;14075167000;12521533333;12721533333
1401;14075381000;12521533333;12721533333
1402;14075912000;12521533333;12721533333
1403;14076164000;12521533333;12721533333
1404;14076452000;12521533333;12721533333
1405;14076669000;12521533333;12721533333
1766;14127570000;13896511111;14096511111
1416;14129235000;12563211111;12763211111
1417;14129238000;12563211111;12763211111
1418;14129319000;12563211111;12763211111
1419;14129324000;12604833333;12804833333
1420;14129326000;12604833333;12804833333
1421;14129331000;12604833333;12804833333
1423;14170934000;12604833333;12804833333
1424;14232860000;12604833333;12804833333
1425;14233494000;12604833333;12804833333
1426;14233813000;12604833333;12804833333
1427;14234266000;12604833333;12804833333
1429;14235092000;12604833333;12804833333
1430;14235382000;12646500000;12846500000
1431;14235533000;12646500000;12846500000
1433;14236401000;12646500000;12846500000
1434;14236633000;12646500000;12846500000
1435;14236854000;12646500000;12846500000
1436;14237086000;12646500000;12846500000
1438;14237347000;12646500000;12846500000
1807;14288230000;14063222222;14263222222
1808;14288233000;14063222222;14263222222
1809;14288234000;14063222222;14263222222
1810;14288235000;14063222222;14263222222
1811;14288236000;14063222222;14263222222
1812;14288237000;14063222222;14263222222
1813;14288238000;14063222222;14263222222
1814;14288345000;14063222222;14263222222
1815;14288351000;14104877777;14304877777
1816;14288352000;14104877777;14304877777
1817;14288353000;14104877777;14304877777
1818;14288354000;14104877777;14304877777
1819;14288355000;14104877777;14304877777
1820;14288355000;14104877777;14304877777
1821;14288356000;14104877777;14304877777
1822;14288357000;14104877777;14304877777
1823;14288358000;14104877777;14304877777
1824;14288359000;14104877777;14304877777
1825;14329754000;14104877777;14304877777
1826;14393942000;14146544444;14346544444
1827;14393944000;14146544444;14346544444
1828;14394525000;14146544444;14346544444
1829;14394540000;14146544444;14346544444
1830;14394819000;14146544444;14346544444
1831;14395182000;14146544444;14346544444
1834;14395809000;14146544444;14346544444
1835;14396103000;14146544444;14346544444
1836;14396249000;14146544444;14346544444
1837;14396331000;14188233333;14388233333
1838;14396620000;14188233333;14388233333
1839;14396622000;14188233333;14388233333
1840;14396624000;14188233333;14388233333
1841;14397337000;14188233333;14388233333
1844;14399697000;14188233333;14388233333
1845;14399699000;14188233333;14388233333
1846;14399700000;14188233333;14388233333
1847;14413027000;14188233333;14388233333
1848;14413033000;14229822222;14429822222
1849;14413034000;14229822222;14429822222
1850;14413035000;14229822222;14429822222
1851;14413036000;14229822222;14429822222
1852;14413037000;14229822222;14429822222
1853;14413037000;14229822222;14429822222
1854;14413038000;14229822222;14429822222
1855;14413039000;14229822222;14429822222
1856;14413040000;14229822222;14429822222
1857;14413041000;14229822222;14429822222
1858;14454734000;14229822222;14429822222
1859;14454740000;14271500000;14471500000
1860;14454741000;14271500000;14471500000
1861;14454742000;14271500000;14471500000
1862;14454743000;14271500000;14471500000
1863;14454744000;14271500000;14471500000
1864;14454745000;14271500000;14471500000
1865;14454746000;14271500000;14471500000
1866;14454747000;14271500000;14471500000
1867;14454748000;14271500000;14471500000
1868;14454749000;14271500000;14471500000
1869;14496403000;14271500000;14471500000
1485;14554895000;12854855555;13054855555
1486;14554898000;12854855555;13054855555
1487;14554899000;12854855555;13054855555
1488;14554900000;12854855555;13054855555
1489;14554901000;12854855555;13054855555
1490;14555080000;12854855555;13054855555
1870;14606210000;14313222222;14513222222
1513;14612311000;12938200000;13138200000
1514;14612322000;12938200000;13138200000
1515;14612323000;12938200000;13138200000
1516;14612324000;12938200000;13138200000
1517;14612444000;12938200000;13138200000
1518;14612459000;12979833333;13179833333
1519;14612460000;12979833333;13179833333
1520;14612461000;12979833333;13179833333
1521;14612462000;12979833333;13179833333
1523;14654006000;12979833333;13179833333
1914;14767297000;14479888888;14679888888
1545;14772834000;13063211111;13263211111
1546;14772837000;13063211111;13263211111
1547;14772838000;13063211111;13263211111
1548;14772839000;13063211111;13263211111
1549;14772840000;13063211111;13263211111
1550;14772964000;13063211111;13263211111
1551;14772979000;13104844444;13304844444
1552;14772980000;13104844444;13304844444
1553;14772981000;13104844444;13304844444
1554;14772982000;13104844444;13304844444
1555;14772983000;13104844444;13304844444
1556;14772984000;13104844444;13304844444
1557;14772984000;13104844444;13304844444
1558;14772985000;13104844444;13304844444
1559;14772986000;13104844444;13304844444
1560;14772987000;13104844444;13304844444
1561;14814602000;13104844444;13304844444
1562;14814608000;13146500000;13346500000
1566;14856389000;13146500000;13346500000
1567;14856391000;13146500000;13346500000
1568;14856392000;13146500000;13346500000
1569;14877155000;13146500000;13346500000
1570;14877666000;13146500000;13346500000
1571;14877901000;13146500000;13346500000
1572;14878216000;13146500000;13346500000
1957;14931798000;14604844444;14804844444
1966;14931804000;14646466666;14846466666
1967;14931805000;14646466666;14846466666
1968;14973316000;14646466666;14846466666
1969;14973322000;14688177777;14888177777
1970;14973323000;14688177777;14888177777
1971;14973324000;14688177777;14888177777
1972;14973325000;14688177777;14888177777
1973;14973326000;14688177777;14888177777
1974;14973327000;14688177777;14888177777
1975;14973328000;14688177777;14888177777
1976;14973329000;14688177777;14888177777
1977;14973330000;14688177777;14888177777
1978;14973331000;14688177777;14888177777
1979;15015028000;14688177777;14888177777
1980;15015034000;14729844444;14929844444
1981;15015035000;14729844444;14929844444
1982;15015036000;14729844444;14929844444
1983;15015037000;14729844444;14929844444
1984;15015038000;14729844444;14929844444
1987;15041940000;14729844444;14929844444
1991;15098425000;14771488888;14971488888
2013;15181878000;14854833333;15054833333
2014;15181882000;14854833333;15054833333
2015;15181883000;14854833333;15054833333
2016;15181883000;14854833333;15054833333
2017;15181884000;14854833333;15054833333
2018;15181885000;14854833333;15054833333
2019;15181886000;14854833333;15054833333
2021;15181887000;14854833333;15054833333
2022;15181888000;14854833333;15054833333
2023;15181995000;14854833333;15054833333
2024;15182000000;14896500000;15096500000
2025;15182002000;14896500000;15096500000
2026;15182003000;14896500000;15096500000
2029;15205317000;14896500000;15096500000
2030;15205320000;14896500000;15096500000
2031;15205322000;14896500000;15096500000
2035;15265140000;14938188888;15138188888
2047;15306746000;14979822222;15179822222
2048;15306750000;14979822222;15179822222
2049;15306751000;14979822222;15179822222
2050;15306752000;14979822222;15179822222
2051;15306752000;14979822222;15179822222
2052;15306753000;14979822222;15179822222
2055;15306755000;14979822222;15179822222
2057;15348438000;15021511111;15221511111
2058;15348442000;15021511111;15221511111
2059;15348443000;15021511111;15221511111
2060;15348443000;15021511111;15221511111
2061;15348445000;15021511111;15221511111
2062;15348446000;15021511111;15221511111
2063;15348446000;15021511111;15221511111
2064;15348447000;15021511111;15221511111
2065;15348448000;15021511111;15221511111
2066;15348449000;15021511111;15221511111
2067;15348459000;15021511111;15221511111
2068;15348461000;15063222222;15263222222
2069;15360316000;15063222222;15263222222
2070;15360552000;15063222222;15263222222
2071;15360560000;15063222222;15263222222
2072;15360820000;15063222222;15263222222
2073;15360829000;15063222222;15263222222
2074;15361048000;15063222222;15263222222
2075;15361055000;15063222222;15263222222
2076;15361300000;15063222222;15263222222
2077;15361315000;15063222222;15263222222
2078;15390012000;15063222222;15263222222
2079;15390018000;15104844444;15304844444
2080;15390019000;15104844444;15304844444
2082;15431761000;15104844444;15304844444
2083;15431774000;15104844444;15304844444
2084;15431775000;15104844444;15304844444
2085;15431776000;15104844444;15304844444
2087;15431777000;15104844444;15304844444
2088;15431778000;15104844444;15304844444
2089;15431887000;15104844444;15304844444
2090;15431893000;15146488888;15346488888
2091;15431894000;15146488888;15346488888
2092;15431895000;15146488888;15346488888
2093;15431896000;15146488888;15346488888
2094;15431897000;15146488888;15346488888
2095;15431898000;15146488888;15346488888
2096;15431899000;15146488888;15346488888
2097;15431900000;15146488888;15346488888
2098;15431901000;15146488888;15346488888
2099;15431901000;15146488888;15346488888
2100;15473319000;15146488888;15346488888
2101;15521271000;15188200000;15388200000
2102;15521490000;15188200000;15388200000
2103;15521497000;15188200000;15388200000
2104;15521509000;15188200000;15388200000
2105;15521747000;15188200000;15388200000
2107;15522274000;15188200000;15388200000
2108;15522866000;15188200000;15388200000
2109;15522883000;15188200000;15388200000
2110;15523122000;15188200000;15388200000
2111;15527140000;15188200000;15388200000
2112;15527274000;15229888888;15429888888
2113;15527547000;15229888888;15429888888
2114;15527810000;15229888888;15429888888
2115;15527813000;15229888888;15429888888
2116;15528031000;15229888888;15429888888
2118;15556624000;15229888888;15429888888
2119;15556628000;15229888888;15429888888
2120;15556639000;15229888888;15429888888
2121;15556640000;15229888888;15429888888
2122;15556749000;15229888888;15429888888
2123;15556755000;15271533333;15471533333
2124;15556756000;15271533333;15471533333
2125;15556757000;15271533333;15471533333
2126;15556758000;15271533333;15471533333
2127;15556759000;15271533333;15471533333
2128;15556760000;15271533333;15471533333
2129;15681970000;15271533333;15471533333
2130;15682209000;15271533333;15471533333
2131;15682217000;15271533333;15471533333
2132;15683134000;15271533333;15471533333
2133;15683463000;15271533333;15471533333
2134;15684470000;15313255555;15513255555
2135;15684732000;15313255555;15513255555
2136;15688187000;15313255555;15513255555
2137;15688786000;15313255555;15513255555
2138;15689086000;15313255555;15513255555
2139;15689103000;15313255555;15513255555
2140;15689329000;15313255555;15513255555
2141;15689338000;15313255555;15513255555
2142;15689911000;15313255555;15513255555
2143;15689930000;15313255555;15513255555
2144;15690199000;15313255555;15513255555
2145;15690206000;15354855555;15554855555
2146;15690347000;15354855555;15554855555
2147;15690654000;15354855555;15554855555
2149;15842946000;15354855555;15554855555
2150;15843661000;15354855555;15554855555
2151;15843924000;15354855555;15554855555
2152;15849997000;15354855555;15554855555
2153;15850017000;15354855555;15554855555
2154;15850509000;15354855555;15554855555
2155;15850569000;15354855555;15554855555
2156;15850746000;15396544444;15596544444
2157;15850749000;15396544444;15596544444
2158;15850995000;15396544444;15596544444
2159;15851010000;15396544444;15596544444
2160;15851248000;15396544444;15596544444
2161;15851257000;15396544444;15596544444
2162;15851473000;15396544444;15596544444
2166;16011611000;15396544444;15596544444
2169;16011969000;15438255555;15638255555
2170;16012382000;15438255555;15638255555
2171;16012391000;15438255555;15638255555
2172;16012651000;15438255555;15638255555
2173;16165132000;15438255555;15638255555
2174;16171503000;15438255555;15638255555
2175;16172326000;15438255555;15638255555
2176;16172608000;15438255555;15638255555
2177;16173081000;15438255555;15638255555
2178;16173301000;15479866666;15679866666
2179;16325890000;15479866666;15679866666
2180;16332258000;15479866666;15679866666
2181;16333244000;15479866666;15679866666
2182;16333899000;15479866666;15679866666
2183;16333916000;15479866666;15679866666
2184;16334166000;15479866666;15679866666
2187;16494639000;15479866666;15679866666
2188;16495495000;15479866666;15679866666
2189;16654552000;15521600000;15721600000
2192;17509654000;15521600000;15721600000
2193;17509657000;15521600000;15721600000
2194;17509901000;15521600000;15721600000
2195;17509910000;15521600000;15721600000
2196;17510137000;15521600000;15721600000
2197;17510148000;15521600000;15721600000
2199;17510406000;15521600000;15721600000
2200;17510420000;15563233333;15763233333
2201;17510626000;15563233333;15763233333
2202;17510646000;15563233333;15763233333
2203;17510898000;15563233333;15763233333
2204;17510911000;15563233333;15763233333
2205;17511131000;15563233333;15763233333
2206;17511149000;15563233333;15763233333
2207;17511347000;15563233333;15763233333
2208;17511364000;15563233333;15763233333
2210;17511391000;15563233333;15763233333
2211;17511589000;15604866666;15804866666
2212;17511606000;15604866666;15804866666
2213;17511829000;15604866666;15804866666
2214;17511845000;15604866666;15804866666
2215;17512159000;15604866666;15804866666
2217;17512179000;15604866666;15804866666
2218;17512373000;15604866666;15804866666
2219;17512376000;15604866666;15804866666
2220;17512642000;15604866666;15804866666
2221;17512671000;15604866666;15804866666
2222;17512676000;15646500000;15846500000
2224;17512956000;15646500000;15846500000
2225;17512958000;15646500000;15846500000
2226;17513164000;15646500000;15846500000
2228;17513179000;15646500000;15846500000
2229;17670353000;15646500000;15846500000
2230;17670658000;15646500000;15846500000
2231;17670677000;15646500000;15846500000
2232;17670920000;15646500000;15846500000
2233;17670936000;15688244444;15888244444
2234;17671271000;15688244444;15888244444
2235;17671289000;15688244444;15888244444
2236;17671549000;15688244444;15888244444
2237;17671552000;15688244444;15888244444
2239;17671822000;15688244444;15888244444
2240;17671834000;15688244444;15888244444
2241;17672068000;15688244444;15888244444
2242;17672086000;15688244444;15888244444
2243;17672354000;15688244444;15888244444
2244;17672358000;15729877777;15929877777
2246;17672539000;15729877777;15929877777
2247;17672870000;15729877777;15929877777
2248;17672888000;15729877777;15929877777
2249;17673140000;15729877777;15929877777
2250;17673147000;15729877777;15929877777
2251;17673371000;15729877777;15929877777
2253;17673815000;15729877777;15929877777
2254;17673838000;15729877777;15929877777
2255;17674093000;15771566666;15971566666
2256;17674096000;15771566666;15971566666
2257;17674305000;15771566666;15971566666
2258;17674318000;15771566666;15971566666
2259;17674533000;15771566666;15971566666
2260;17674551000;15771566666;15971566666
2262;17833070000;15771566666;15971566666
2263;17833643000;15771566666;15971566666
2264;17834121000;15771566666;15971566666
2265;17834151000;15771566666;15971566666
2266;17834609000;15813233333;16013233333
2267;17835138000;15813233333;16013233333
2268;17835943000;15813233333;16013233333
2269;18155739000;15813233333;16013233333
2270;18155746000;15813233333;16013233333
2271;18155991000;15813233333;16013233333
2272;18155999000;15813233333;16013233333
2275;18156205000;15813233333;16013233333
2276;18156227000;15813233333;16013233333
2277;18156439000;15854877777;16054877777
2278;18156446000;15854877777;16054877777
2279;18156721000;15854877777;16054877777
2280;18156738000;15854877777;16054877777
2282;18156991000;15854877777;16054877777
2283;18156994000;15854877777;16054877777
2284;18157228000;15854877777;16054877777
2286;18157247000;15854877777;16054877777
2287;18157269000;15854877777;16054877777
2288;18157439000;15896544444;16096544444
2289;18157445000;15896544444;16096544444
2290;18157713000;15896544444;16096544444
2291;18157731000;15896544444;16096544444
2292;18157954000;15896544444;16096544444
2293;18157973000;15896544444;16096544444
2294;18158222000;15896544444;16096544444
2295;18158233000;15896544444;16096544444
2296;18158436000;15896544444;16096544444
2297;18158446000;15896544444;16096544444
2298;18158734000;15896544444;16096544444
2299;18158741000;15938244444;16138244444
2300;18158756000;15938244444;16138244444
2301;18158948000;15938244444;16138244444
2302;18158964000;15938244444;16138244444
2303;18159187000;15938244444;16138244444
2304;18316286000;15938244444;16138244444
2305;18316294000;15938244444;16138244444
2306;18316582000;15938244444;16138244444
2307;18316598000;15938244444;16138244444
2308;18316808000;15938244444;16138244444
2309;18316826000;15938244444;16138244444
2310;18317022000;15979855555;16179855555
2311;18317030000;15979855555;16179855555
2313;18317308000;15979855555;16179855555
2314;18317310000;15979855555;16179855555
2315;18317542000;15979855555;16179855555
2316;18317561000;15979855555;16179855555
2317;18317790000;15979855555;16179855555
2318;18317798000;15979855555;16179855555
2319;18317816000;15979855555;16179855555
2320;18317986000;15979855555;16179855555
2321;18318000000;16021533333;16221533333
2322;18318215000;16021533333;16221533333
2324;18318264000;16021533333;16221533333
2325;18318476000;16021533333;16221533333
2326;18318498000;16021533333;16221533333
2327;18318791000;16021533333;16221533333
2328;18318799000;16021533333;16221533333
2329;18319050000;16021533333;16221533333
2330;18319058000;16021533333;16221533333
2331;18319079000;16021533333;16221533333
2332;18319232000;16063244444;16263244444
2333;18319237000;16063244444;16263244444
2334;18319499000;16063244444;16263244444
2338;18319587000;16063244444;16263244444
2339;18319796000;16063244444;16263244444
2340;18319814000;16063244444;16263244444
2341;18320028000;16063244444;16263244444
2344;18320153000;16104866666;16304866666
2345;18320280000;16104866666;16304866666
2346;18320288000;16104866666;16304866666
2348;18320481000;16104866666;16304866666
2349;18320490000;16104866666;16304866666
2350;18320786000;16104866666;16304866666
2351;18320795000;16104866666;16304866666
2352;18321040000;16104866666;16304866666
2353;18321071000;16104866666;16304866666
2354;18321085000;16146544444;16346544444
2355;18321270000;16146544444;16346544444
2357;18321285000;16146544444;16346544444
2358;18321486000;16146544444;16346544444
2359;18321494000;16146544444;16346544444
2360;18321718000;16146544444;16346544444
2362;18321735000;16146544444;16346544444
2363;18321988000;16146544444;16346544444
2365;18322026000;16188266666;16388266666
2366;18322223000;16188266666;16388266666
2367;18322233000;16188266666;16388266666
2368;18322453000;16188266666;16388266666
2369;18322464000;16188266666;16388266666
2373;18322789000;16188266666;16388266666
2375;18322813000;16188266666;16388266666
2376;18322825000;16229877777;16429877777
2377;18323063000;16229877777;16429877777
2378;18323070000;16229877777;16429877777
2379;18323264000;16229877777;16429877777
2380;18323272000;16229877777;16429877777
2381;18323482000;16229877777;16429877777
2383;18476890000;16229877777;16429877777
2384;18477197000;16229877777;16429877777
2385;18477433000;16229877777;16429877777
2386;18477453000;16229877777;16429877777
2387;18477722000;16271522222;16471522222
2388;18477953000;16271522222;16471522222
2389;18477962000;16271522222;16471522222
2390;18478203000;16271522222;16471522222
2391;18478212000;16271522222;16471522222
2392;18478446000;16271522222;16471522222
2394;18478466000;16271522222;16471522222
2395;18478722000;16271522222;16471522222
2396;18478730000;16271522222;16471522222
2397;18478957000;16271522222;16471522222
2398;18478960000;16313233333;16513233333
2399;18479150000;16313233333;16513233333
2400;18479157000;16313233333;16513233333
2401;18479398000;16313233333;16513233333
2402;18479409000;16313233333;16513233333
2403;18479417000;16313233333;16513233333
2405;18479675000;16313233333;16513233333
2407;18479942000;16313233333;16513233333
2408;18479962000;16313233333;16513233333
2409;18480226000;16354855555;16554855555
2410;18480236000;16354855555;16554855555
2411;18480256000;16354855555;16554855555
2412;18480418000;16354855555;16554855555
2413;18480426000;16354855555;16554855555
2414;18480715000;16354855555;16554855555
2415;18480722000;16354855555;16554855555
2416;18480989000;16354855555;16554855555
2417;18480997000;16354855555;16554855555
2418;18481222000;16354855555;16554855555
2419;18481237000;16354855555;16554855555
2420;18481441000;16396511111;16596511111
2421;18481444000;16396511111;16596511111
2422;18481701000;16396511111;16596511111
2423;18481709000;16396511111;16596511111
2424;18481719000;16396511111;16596511111
2425;18481950000;16396511111;16596511111
2426;18482202000;16396511111;16596511111
2427;18482214000;16396511111;16596511111
2428;18482220000;16396511111;16596511111
2429;18482388000;16396511111;16596511111
2431;18482413000;16438222222;16638222222
2432;18482667000;16438222222;16638222222
2433;18482689000;16438222222;16638222222
2434;18482927000;16438222222;16638222222
2435;18482938000;16438222222;16638222222
2436;18483188000;16438222222;16638222222
2437;18483210000;16438222222;16638222222
2438;18483406000;16438222222;16638222222
2439;18483417000;16438222222;16638222222
2440;18483718000;16438222222;16638222222
2441;18483747000;16438222222;16638222222
2442;18483761000;16479866666;16679866666
2443;18483980000;16479866666;16679866666
2444;18483987000;16479866666;16679866666
2445;18484226000;16479866666;16679866666
2446;18484233000;16479866666;16679866666
2447;18484424000;16479866666;16679866666
2448;18484432000;16479866666;16679866666
2449;18484715000;16479866666;16679866666
2450;18484722000;16479866666;16679866666
2451;18484960000;16479866666;16679866666
2452;18484998000;16479866666;16679866666
2453;18485210000;16521544444;16721544444
2454;18485218000;16521544444;16721544444
2455;18485228000;16521544444;16721544444
2456;18485422000;16521544444;16721544444
2457;18485661000;16521544444;16721544444
2458;18485673000;16521544444;16721544444
2459;18485679000;16521544444;16721544444
2460;18637781000;16521544444;16721544444
2461;18638272000;16521544444;16721544444
2462;18638537000;16521544444;16721544444
2463;18638571000;16521544444;16721544444
2464;18638796000;16563222222;16763222222
2465;18638812000;16563222222;16763222222
2467;18639083000;16563222222;16763222222
2468;18639275000;16563222222;16763222222
2469;18639282000;16563222222;16763222222
2470;18639302000;16563222222;16763222222
2471;18639527000;16563222222;16763222222
2472;18639551000;16563222222;16763222222
2473;18639726000;16563222222;16763222222
2474;18639762000;16563222222;16763222222
2475;18639970000;16604855555;16804855555
2476;18639979000;16604855555;16804855555
2477;18640215000;16604855555;16804855555
2478;18640226000;16604855555;16804855555
2479;18640502000;16604855555;16804855555
2480;18640515000;16604855555;16804855555
2481;18640799000;16604855555;16804855555
2483;18640818000;16604855555;16804855555
2484;18640821000;16604855555;16804855555
2485;18641059000;16604855555;16804855555
2486;18641073000;16646500000;16846500000
2487;18641276000;16646500000;16846500000
2488;18641287000;16646500000;16846500000
2489;18641488000;16646500000;16846500000
2490;18641495000;16646500000;16846500000
2491;18641730000;16646500000;16846500000
2492;18641750000;16646500000;16846500000
2493;18641984000;16646500000;16846500000
2494;18642001000;16646500000;16846500000
2495;18642224000;16646500000;16846500000
2496;18642246000;16646500000;16846500000
2497;18642249000;16688222222;16888222222
2498;18642460000;16688222222;16888222222
2499;18642470000;16688222222;16888222222
2500;18642724000;16688222222;16888222222
2501;18642747000;16688222222;16888222222
2502;18643030000;16688222222;16888222222
2503;18643049000;16688222222;16888222222
2504;18643258000;16688222222;16888222222
2505;18643265000;16688222222;16888222222
2506;18643462000;16688222222;16888222222
2508;18643487000;16729866666;16929866666
2509;18643729000;16729866666;16929866666
2510;18643738000;16729866666;16929866666
2511;18643998000;16729866666;16929866666
2512;18644011000;16729866666;16929866666
2513;18644262000;16729866666;16929866666
2514;18644270000;16729866666;16929866666
2515;18644480000;16729866666;16929866666
2516;18644485000;16729866666;16929866666
2517;18644763000;16729866666;16929866666
2519;18644803000;16771533333;16971533333
2520;18644804000;16771533333;16971533333
2521;18645016000;16771533333;16971533333
2522;18645032000;16771533333;16971533333
2523;18645229000;16771533333;16971533333
2528;18645794000;16771533333;16971533333
2529;18645820000;16771533333;16971533333
2530;18646101000;16813233333;17013233333
2531;18646365000;16813233333;17013233333
2532;18646370000;16813233333;17013233333
2533;18646638000;16813233333;17013233333
2534;18646644000;16813233333;17013233333
2535;18646654000;16813233333;17013233333
2538;18798391000;16813233333;17013233333
2539;18798824000;16813233333;17013233333
2540;18798852000;16813233333;17013233333
2542;18799655000;16854877777;17054877777
2543;18799658000;16854877777;17054877777
2544;18799905000;16854877777;17054877777
2545;18799913000;16854877777;17054877777
2546;18800375000;16854877777;17054877777
2547;18800383000;16854877777;17054877777
2548;18800598000;16854877777;17054877777
2550;18800635000;16854877777;17054877777
2551;18800874000;16854877777;17054877777
2553;18800897000;16896544444;17096544444
2554;18801050000;16896544444;17096544444
2555;18801059000;16896544444;17096544444
2556;18801309000;16896544444;17096544444
2557;18801316000;16896544444;17096544444
2558;18801558000;16896544444;17096544444
2559;18801842000;16896544444;17096544444
2560;18801861000;16896544444;17096544444
2561;18801870000;16896544444;17096544444
2562;18802127000;16896544444;17096544444
2564;18802169000;16938211111;17138211111
2565;18802374000;16938211111;17138211111
2567;18802388000;16938211111;17138211111
2568;18802548000;16938211111;17138211111
2569;18802808000;16938211111;17138211111
2570;18802842000;16938211111;17138211111
2571;18803060000;16938211111;17138211111
2572;18803079000;16938211111;17138211111
2573;18803314000;16938211111;17138211111
2574;18803329000;16979855555;17179855555
2575;18803591000;16979855555;17179855555
2576;18803598000;16979855555;17179855555
2577;18803875000;16979855555;17179855555
2578;18803882000;16979855555;17179855555
2579;18804129000;16979855555;17179855555
2580;18804146000;16979855555;17179855555
2581;18804163000;16979855555;17179855555
2582;18804351000;16979855555;17179855555
2583;18804359000;16979855555;17179855555
2584;18804642000;16979855555;17179855555
2586;18804666000;17021533333;17221533333
2587;18804827000;17021533333;17221533333
2588;18804833000;17021533333;17221533333
2589;18805122000;17021533333;17221533333
2590;18805130000;17021533333;17221533333
2591;18805380000;17021533333;17221533333
2592;18805388000;17021533333;17221533333
2593;18805568000;17021533333;17221533333
2594;18805574000;17021533333;17221533333
2595;18805604000;17021533333;17221533333
2596;18805867000;17063266666;17263266666
2597;18805875000;17063266666;17263266666
2599;18806167000;17063266666;17263266666
2600;18806171000;17063266666;17263266666
2601;18806390000;17063266666;17263266666
2602;18806395000;17063266666;17263266666
2603;18806616000;17063266666;17263266666
2604;18806867000;17063266666;17263266666
2605;18806886000;17063266666;17263266666
2606;18807191000;17063266666;17263266666
2607;18807371000;17104866666;17304866666
2608;18807377000;17104866666;17304866666
2609;18807642000;17104866666;17304866666
2610;18807650000;17104866666;17304866666
2611;18807880000;17104866666;17304866666
2613;18807956000;17104866666;17304866666
2614;18958821000;17104866666;17304866666
2615;18959532000;17104866666;17304866666
2616;18959865000;17104866666;17304866666
2617;18959900000;17104866666;17304866666
2618;18960175000;17146511111;17346511111
2619;18960183000;17146511111;17346511111
2620;18960392000;17146511111;17346511111
2622;18961046000;17146511111;17346511111
2623;18961049000;17146511111;17346511111
2624;18961271000;17146511111;17346511111
2625;18961484000;17146511111;17346511111
2627;18961762000;17146511111;17346511111
2628;18961784000;17146511111;17346511111
2629;18962026000;17188233333;17388233333
2631;18962064000;17188233333;17388233333
2632;18962224000;17188233333;17388233333
2633;18962234000;17188233333;17388233333
2635;18962465000;17188233333;17388233333
2636;18962467000;17188233333;17388233333
2637;18962724000;17188233333;17388233333
2638;18962758000;17188233333;17388233333
2639;18963025000;17188233333;17388233333
2640;18963039000;17229844444;17429844444
2641;18963271000;17229844444;17429844444
2644;18963472000;17229844444;17429844444
2645;18963474000;17229844444;17429844444
2646;18963773000;17229844444;17429844444
2647;18963782000;17229844444;17429844444
2648;18964009000;17229844444;17429844444
2649;18964028000;17229844444;17429844444
2650;18964048000;17229844444;17429844444
2651;18964216000;17271522222;17471522222
2652;18964225000;17271522222;17471522222
2653;18964444000;17271522222;17471522222
2654;18964767000;17271522222;17471522222
2656;18964813000;17271522222;17471522222
2657;18965040000;17271522222;17471522222
2658;18965048000;17271522222;17471522222
2659;18965273000;17271522222;17471522222
2660;18965281000;17271522222;17471522222
2661;18965304000;17271522222;17471522222
2662;18965479000;17313222222;17513222222
2663;18965487000;17313222222;17513222222
2664;18965763000;17313222222;17513222222
2665;18965772000;17313222222;17513222222
2666;18966020000;17313222222;17513222222
2667;18966028000;17313222222;17513222222
2669;18966272000;17313222222;17513222222
2670;18966460000;17313222222;17513222222
2671;18966471000;17313222222;17513222222
2672;18966789000;17313222222;17513222222
2673;18966804000;17354844444;17554844444
2674;18966806000;17354844444;17554844444
2675;18967027000;17354844444;17554844444
2676;18967035000;17354844444;17554844444
2677;18967260000;17354844444;17554844444
2678;18967264000;17354844444;17554844444
2679;18967482000;17354844444;17554844444
2680;18967490000;17354844444;17554844444
2681;18967715000;17354844444;17554844444
2682;18967722000;17354844444;17554844444
2683;18968208000;17354844444;17554844444
2684;18968214000;17396500000;17596500000
2685;18968235000;17396500000;17596500000
2686;18968247000;17396500000;17596500000
2687;18968257000;17396500000;17596500000
2688;18968778000;17396500000;17596500000
2689;18968785000;17396500000;17596500000
2690;18969028000;17396500000;17596500000
2691;18969036000;17396500000;17596500000
2692;19120491000;17396500000;17596500000
2693;19120495000;17396500000;17596500000
2695;19121077000;17438211111;17638211111
2696;19121259000;17438211111;17638211111
2697;19121277000;17438211111;17638211111
2698;19121492000;17438211111;17638211111
2699;19121500000;17438211111;17638211111
2700;19121759000;17438211111;17638211111
2701;19122114000;17438211111;17638211111
2702;19122123000;17438211111;17638211111
2703;19122354000;17438211111;17638211111
2704;19122363000;17438211111;17638211111
2706;19122924000;17479833333;17679833333
2707;19123102000;17479833333;17679833333
2708;19123120000;17479833333;17679833333
2709;19123131000;17479833333;17679833333
2711;19123349000;17479833333;17679833333
2712;19123357000;17479833333;17679833333
2713;19123600000;17479833333;17679833333
2714;19123624000;17479833333;17679833333
2715;19123830000;17479833333;17679833333
2717;19124159000;17521500000;17721500000
2718;19124171000;17521500000;17721500000
2719;19124351000;17521500000;17721500000
2720;19124360000;17521500000;17721500000
2721;19124572000;17521500000;17721500000
2722;19124592000;17521500000;17721500000
2723;19124904000;17521500000;17721500000
2724;19124917000;17521500000;17721500000
2725;19125110000;17521500000;17721500000
2726;19125118000;17521500000;17721500000
2727;19125329000;17521500000;17721500000
2728;19125343000;17563222222;17763222222
2729;19125621000;17563222222;17763222222
2730;19125635000;17563222222;17763222222
2731;19125645000;17563222222;17763222222
2732;19125867000;17563222222;17763222222
2733;19126137000;17563222222;17763222222
2734;19126144000;17563222222;17763222222
2735;19126369000;17563222222;17763222222
2736;19126378000;17563222222;17763222222
2737;19126388000;17563222222;17763222222
2738;19126649000;17563222222;17763222222
2739;19126663000;17604833333;17804833333
2740;19126885000;17604833333;17804833333
2741;19126893000;17604833333;17804833333
2742;19127096000;17604833333;17804833333
2743;19127105000;17604833333;17804833333
2744;19127359000;17604833333;17804833333
2745;19127365000;17604833333;17804833333
2746;19127638000;17604833333;17804833333
2748;19127735000;17604833333;17804833333
2749;19127768000;17604833333;17804833333
2750;19127868000;17646466666;17846466666
2752;19127951000;17646466666;17846466666
2754;19128192000;17646466666;17846466666
2755;19128211000;17646466666;17846466666
2757;19128351000;17646466666;17846466666
2759;19128357000;17646466666;17846466666
2760;19128644000;17646466666;17846466666
2761;19128657000;17688200000;17888200000
2762;19128866000;17688200000;17888200000
2763;19129113000;17688200000;17888200000
2764;19129132000;17688200000;17888200000
2765;19129364000;17688200000;17888200000
2767;19129939000;17688200000;17888200000
2768;19130154000;17688200000;17888200000
2769;19130170000;17688200000;17888200000
2770;19280943000;17688200000;17888200000
2771;19281321000;17688200000;17888200000
2773;19281673000;17729877777;17929877777
2774;19281895000;17729877777;17929877777
2775;19282148000;17729877777;17929877777
2776;19282619000;17729877777;17929877777
2777;19282626000;17729877777;17929877777
2778;19282884000;17729877777;17929877777
2779;19283159000;17729877777;17929877777
2780;19283175000;17729877777;17929877777
2781;19283362000;17729877777;17929877777
2782;19283382000;17729877777;17929877777
2783;19283680000;17771511111;17971511111
2784;19283688000;17771511111;17971511111
2787;19284202000;17771511111;17971511111
2788;19284383000;17771511111;17971511111
2789;19284669000;17771511111;17971511111
2790;19284688000;17771511111;17971511111
2791;19284698000;17771511111;17971511111
2792;19284935000;17771511111;17971511111
2793;19284954000;17771511111;17971511111
2794;19285169000;17813211111;18013211111
2795;19285178000;17813211111;18013211111
2796;19285383000;17813211111;18013211111
2797;19285392000;17813211111;18013211111
2798;19285610000;17813211111;18013211111
2799;19285626000;17813211111;18013211111
2800;19285849000;17813211111;18013211111
2801;19285862000;17813211111;18013211111
2802;19286109000;17813211111;18013211111
2803;19286123000;17813211111;18013211111
2804;19286149000;17813211111;18013211111
2805;19286366000;17854855555;18054855555
2806;19286377000;17854855555;18054855555
2807;19286610000;17854855555;18054855555
2808;19286625000;17854855555;18054855555
2809;19286863000;17854855555;18054855555
2810;19286881000;17854855555;18054855555
2811;19287152000;17854855555;18054855555
2812;19287174000;17854855555;18054855555
2815;19287403000;17854855555;18054855555
2816;19287418000;17896522222;18096522222
2817;19287665000;17896522222;18096522222
2818;19287684000;17896522222;18096522222
2819;19287908000;17896522222;18096522222
2820;19287917000;17896522222;18096522222
2821;19288105000;17896522222;18096522222
2822;19288116000;17896522222;18096522222
2823;19288410000;17896522222;18096522222
2824;19288429000;17896522222;18096522222
2825;19288698000;17896522222;18096522222
2826;19288726000;17896522222;18096522222
2827;19288929000;17938211111;18138211111
2828;19288948000;17938211111;18138211111
2829;19289151000;17938211111;18138211111
2830;19289166000;17938211111;18138211111
2831;19289410000;17938211111;18138211111
2832;19289417000;17938211111;18138211111
2833;19289659000;17938211111;18138211111
2834;19289674000;17938211111;18138211111
2835;19289901000;17938211111;18138211111
2836;19289910000;17938211111;18138211111
2837;19289936000;17938211111;18138211111
2838;19290151000;17979833333;18179833333
2839;19290167000;17979833333;18179833333
2840;19290370000;17979833333;18179833333
2841;19290376000;17979833333;18179833333
2842;19290649000;17979833333;18179833333
2843;19290667000;17979833333;18179833333
2844;19290906000;17979833333;18179833333
2845;19290921000;17979833333;18179833333
2846;19291174000;17979833333;18179833333
2848;19441408000;17979833333;18179833333
2849;19442047000;18021511111;18221511111
2850;19442363000;18021511111;18221511111
2851;19442654000;18021511111;18221511111
2852;19442978000;18021511111;18221511111
2853;19443227000;18021511111;18221511111
2854;19443237000;18021511111;18221511111
2855;19443463000;18021511111;18221511111
2856;19443733000;18021511111;18221511111
2857;19444007000;18021511111;18221511111
2858;19444237000;18021511111;18221511111
2859;19444256000;18021511111;18221511111
2860;19444744000;18063222222;18263222222
2861;19444747000;18063222222;18263222222
2862;19444981000;18063222222;18263222222
2863;19444988000;18063222222;18263222222
2864;19445174000;18063222222;18263222222
2865;19445182000;18063222222;18263222222
2866;19445423000;18063222222;18263222222
2867;19445788000;18063222222;18263222222
2868;19445796000;18063222222;18263222222
2869;19446079000;18063222222;18263222222
2870;19446098000;18063222222;18263222222
2871;19446290000;18104888888;18304888888
2872;19446294000;18104888888;18304888888
2874;19446500000;18104888888;18304888888
2875;19446503000;18104888888;18304888888
2876;19446768000;18104888888;18304888888
2877;19446776000;18104888888;18304888888
2878;19446996000;18104888888;18304888888
2879;19447012000;18104888888;18304888888
2880;19447248000;18104888888;18304888888
2881;19447269000;18104888888;18304888888
2883;19447282000;18146488888;18346488888
2884;19447465000;18146488888;18346488888
2885;19447773000;18146488888;18346488888
2887;19447791000;18146488888;18346488888
2888;19447793000;18146488888;18346488888
2889;19448022000;18146488888;18346488888
2890;19448037000;18146488888;18346488888
2891;19448213000;18146488888;18346488888
2892;19448230000;18146488888;18346488888
2893;19448451000;18188200000;18388200000
2895;19448465000;18188200000;18388200000
2896;19448724000;18188200000;18388200000
2897;19448746000;18188200000;18388200000
2898;19449005000;18188200000;18388200000
2899;19449024000;18188200000;18388200000
2900;19449239000;18188200000;18388200000
2901;19449248000;18188200000;18388200000
2902;19449465000;18188200000;18388200000
2904;19449489000;18229833333;18429833333
2905;19449771000;18229833333;18429833333
2906;19449789000;18229833333;18429833333
2907;19450021000;18229833333;18429833333
2908;19450040000;18229833333;18429833333
2909;19450271000;18229833333;18429833333
2910;19450279000;18229833333;18429833333
2911;19450487000;18229833333;18429833333
2912;19450496000;18229833333;18429833333
2913;19450767000;18229833333;18429833333
2915;19450878000;18271488888;18471488888
2916;19451047000;18271488888;18471488888
2917;19451053000;18271488888;18471488888
2918;19451411000;18271488888;18471488888
2919;19451733000;18271488888;18471488888
2920;19451741000;18271488888;18471488888
2921;19451992000;18271488888;18471488888
2922;19452003000;18271488888;18471488888
2923;19452226000;18271488888;18471488888
2924;19452233000;18271488888;18471488888
2925;19602404000;18271488888;18471488888
2926;19603147000;18313188888;18513188888
2927;19603758000;18313188888;18513188888
2928;19603766000;18313188888;18513188888
2929;19604276000;18313188888;18513188888
2931;19604326000;18313188888;18513188888
2932;19604534000;18313188888;18513188888
2933;19604547000;18313188888;18513188888
2934;19604758000;18313188888;18513188888
2935;19604775000;18313188888;18513188888
2936;19605216000;18313188888;18513188888
2937;19605415000;18354811111;18554811111
2938;19605818000;18354811111;18554811111
2939;19605826000;18354811111;18554811111
2941;19606117000;18354811111;18554811111
2942;19606119000;18354811111;18554811111
2943;19606362000;18354811111;18554811111
2944;19606373000;18354811111;18554811111
2945;19606550000;18354811111;18554811111
2946;19606786000;18354811111;18554811111
2947;19606815000;18354811111;18554811111
2948;19606829000;18396488888;18596488888
2949;19607098000;18396488888;18596488888
2950;19607332000;18396488888;18596488888
2951;19607341000;18396488888;18596488888
2952;19607539000;18396488888;18596488888
2953;19607557000;18396488888;18596488888
2954;19607888000;18396488888;18596488888
2955;19607907000;18396488888;18596488888
2956;19608154000;18396488888;18596488888
2957;19608163000;18396488888;18596488888
2958;19608404000;18396488888;18596488888
2959;19608419000;18438188888;18638188888
2961;19608647000;18438188888;18638188888
2962;19608649000;18438188888;18638188888
2963;19608834000;18438188888;18638188888
2964;19608841000;18438188888;18638188888
2965;19609081000;18438188888;18638188888
2966;19609090000;18438188888;18638188888
2967;19609330000;18438188888;18638188888
2968;19609338000;18438188888;18638188888
2969;19609358000;18438188888;18638188888
2970;19609593000;18479833333;18679833333
2972;19609648000;18479833333;18679833333
2973;19609872000;18479833333;18679833333
2974;19609911000;18479833333;18679833333
2975;19610136000;18479833333;18679833333
2976;19610154000;18479833333;18679833333
2977;19610336000;18479833333;18679833333
2978;19610345000;18479833333;18679833333
2979;19610623000;18479833333;18679833333
2980;19610650000;18479833333;18679833333
2981;19610664000;18521500000;18721500000
2982;19610862000;18521500000;18721500000
2983;19610881000;18521500000;18721500000
2984;19611111000;18521500000;18721500000
2985;19611129000;18521500000;18721500000
2986;19611368000;18521500000;18721500000
2987;19611378000;18521500000;18721500000
2988;19611655000;18521500000;18721500000
2990;19611672000;18521500000;18721500000
2991;19611692000;18521500000;18721500000
2992;19611903000;18563377777;18763377777
2993;19612122000;18563377777;18763377777
2994;19612132000;18563377777;18763377777
2995;19612149000;18563377777;18763377777
2996;19612371000;18563377777;18763377777
2997;19612380000;18563377777;18763377777
2998;19612623000;18563377777;18763377777
2999;19612632000;18563377777;18763377777
3000;19612866000;18563377777;18763377777
3001;19612884000;18563377777;18763377777
3002;19613137000;18563377777;18763377777
3003;19613376000;18604833333;18804833333
3004;19763054000;18604833333;18804833333
3005;19763645000;18604833333;18804833333
3006;19764553000;18604833333;18804833333
3007;19764772000;18604833333;18804833333
3008;19765026000;18604833333;18804833333
3009;19765033000;18604833333;18804833333
3010;19765658000;18604833333;18804833333
3011;19765882000;18604833333;18804833333
3013;19765955000;18604833333;18804833333
3014;19765968000;18646477777;18846477777
3015;19766142000;18646477777;18846477777
3016;19766151000;18646477777;18846477777
3018;19766784000;18646477777;18846477777
3020;19767059000;18646477777;18846477777
3021;19767351000;18646477777;18846477777
3022;19767649000;18646477777;18846477777
3023;19767657000;18646477777;18846477777
3024;19767845000;18646477777;18846477777
3025;19767881000;18688200000;18888200000
3026;19767892000;18688200000;18888200000
3027;19768141000;18688200000;18888200000
3028;19768150000;18688200000;18888200000
3029;19768397000;18688200000;18888200000
3030;19768410000;18688200000;18888200000
3031;19768648000;18688200000;18888200000
3032;19768666000;18688200000;18888200000
3033;19768865000;18688200000;18888200000
3035;19768903000;18688200000;18888200000
3036;19769152000;18729833333;18929833333
3037;19769436000;18729833333;18929833333
3038;19769444000;18729833333;18929833333
3039;19769699000;18729833333;18929833333
3040;19769711000;18729833333;18929833333
3041;19769717000;18729833333;18929833333
3042;19769970000;18729833333;18929833333
3043;19769978000;18729833333;18929833333
3044;19770228000;18729833333;18929833333
3045;19770235000;18729833333;18929833333
3047;19770470000;18771488888;18971488888
3048;19770708000;18771488888;18971488888
3049;19770716000;18771488888;18971488888
3050;19770735000;18771488888;18971488888
3052;19771011000;18771488888;18971488888
3053;19771014000;18771488888;18971488888
3054;19771169000;18771488888;18971488888
3055;19771177000;18771488888;18971488888
3056;19771440000;18771488888;18971488888
3057;19771470000;18771488888;18971488888
3058;19771681000;18813188888;19013188888
3059;19771700000;18813188888;19013188888
3060;19771957000;18813188888;19013188888
3061;19771975000;18813188888;19013188888
3062;19772207000;18813188888;19013188888
3063;19772213000;18813188888;19013188888
3064;19772434000;18813188888;19013188888
3065;19772441000;18813188888;19013188888
3066;19772701000;18813188888;19013188888
3067;19772707000;18813188888;19013188888
3069;19772978000;18854833333;19054833333
3070;19772979000;18854833333;19054833333
3071;19773222000;18854833333;19054833333
3072;19773231000;18854833333;19054833333
3073;19773423000;18854833333;19054833333
3074;19773432000;18854833333;19054833333
3075;19773734000;18854833333;19054833333
3076;19773752000;18854833333;19054833333
3077;19773963000;18854833333;19054833333
3078;19773972000;18854833333;19054833333
3079;19773996000;18854833333;19054833333
3080;19774212000;18896500000;19096500000
3081;19924122000;18896500000;19096500000
3082;19924161000;18896500000;19096500000
3083;19924715000;18896500000;19096500000
3084;19925004000;18896500000;19096500000
3085;19925011000;18896500000;19096500000
3086;19925860000;18896500000;19096500000
3088;19926146000;18896500000;19096500000
3089;19926149000;18896500000;19096500000
3090;19926906000;18896500000;19096500000
3091;19927130000;18938200000;19138200000
3092;19927138000;18938200000;19138200000
3093;19927361000;18938200000;19138200000
3094;19927370000;18938200000;19138200000
3095;19927667000;18938200000;19138200000
3096;19927679000;18938200000;19138200000
3097;19927883000;18938200000;19138200000
3098;19927892000;18938200000;19138200000
3099;19928254000;18938200000;19138200000
3100;19928484000;18938200000;19138200000
3101;19928504000;18938200000;19138200000
3102;19928772000;18979833333;19179833333
3103;19928780000;18979833333;19179833333
3104;19929004000;18979833333;19179833333
3105;19929012000;18979833333;19179833333
3106;19929254000;18979833333;19179833333
3107;19929273000;18979833333;19179833333
3108;19929468000;18979833333;19179833333
3112;19929866000;18979833333;19179833333
3113;19930042000;19021488888;19221488888
3114;19930059000;19021488888;19221488888
3115;19930399000;19021488888;19221488888
3116;19930668000;19021488888;19221488888
3117;19930696000;19021488888;19221488888
3118;19930705000;19021488888;19221488888
3119;19930947000;19021488888;19221488888
3120;19930964000;19021488888;19221488888
3121;19931205000;19021488888;19221488888
3122;19931212000;19021488888;19221488888
3123;19931448000;19021488888;19221488888
3124;19931463000;19063200000;19263200000
3125;19931718000;19063200000;19263200000
3128;19931742000;19063200000;19263200000
3129;19931982000;19063200000;19263200000
3130;19932001000;19063200000;19263200000
3131;19932016000;19063200000;19263200000
3134;19932203000;19063200000;19263200000
3135;19932216000;19104833333;19304833333
3136;19932410000;19104833333;19304833333
3137;19932828000;19104833333;19304833333
3138;19932846000;19104833333;19304833333
3141;19933159000;19104833333;19304833333
3142;19933386000;19104833333;19304833333
3143;19933392000;19104833333;19304833333
3144;19933578000;19104833333;19304833333
3145;19933594000;19104833333;19304833333
3146;19933846000;19146488888;19346488888
3147;19933852000;19146488888;19346488888
3148;19934089000;19146488888;19346488888
3149;19934107000;19146488888;19346488888
3150;19934337000;19146488888;19346488888
3151;19934346000;19146488888;19346488888
3152;19934576000;19146488888;19346488888
3153;19934594000;19146488888;19346488888
3154;19934833000;19146488888;19346488888
3155;19934852000;19146488888;19346488888
3156;19935098000;19146488888;19346488888
3157;19935112000;19188188888;19388188888
3158;19935343000;19188188888;19388188888
3159;20085267000;19188188888;19388188888
3160;20085275000;19188188888;19388188888
3162;20085900000;19188188888;19388188888
3163;20086059000;19188188888;19388188888
3164;20086077000;19188188888;19388188888
3166;20087276000;19188188888;19388188888
3167;20087299000;19188188888;19388188888
3168;20087787000;19229844444;19429844444
3169;20087795000;19229844444;19429844444
3170;20088222000;19229844444;19429844444
3171;20088230000;19229844444;19429844444
3172;20088469000;19229844444;19429844444
3173;20088739000;19229844444;19429844444
3174;20088758000;19229844444;19429844444
3175;20088996000;19229844444;19429844444
3176;20089004000;19229844444;19429844444
3177;20089268000;19229844444;19429844444
3178;20089297000;19229844444;19429844444
3179;20089496000;19271500000;19471500000
3180;20089504000;19271500000;19471500000
3182;20089791000;19271500000;19471500000
3183;20090107000;19271500000;19471500000
3184;20090116000;19271500000;19471500000
3185;20090348000;19271500000;19471500000
3186;20090358000;19271500000;19471500000
3187;20090557000;19271500000;19471500000
3188;20090823000;19271500000;19471500000
3189;20090851000;19271500000;19471500000
3190;20091069000;19313200000;19513200000
3191;20091074000;19313200000;19513200000
3193;20091364000;19313200000;19513200000
3194;20091366000;19313200000;19513200000
3195;20091605000;19313200000;19513200000
3196;20091634000;19313200000;19513200000
3197;20091879000;19313200000;19513200000
3198;20091897000;19313200000;19513200000
3200;20092194000;19313200000;19513200000
3201;20092358000;19354822222;19554822222
3202;20092364000;19354822222;19554822222
3204;20092684000;19354822222;19554822222
3207;20093026000;19354822222;19554822222
3208;20093028000;19354822222;19554822222
3209;20093290000;19354822222;19554822222
3210;20093296000;19354822222;19554822222
3211;20093487000;19354822222;19554822222
3212;20093501000;19396522222;19596522222
3213;20093773000;19396522222;19596522222
3214;20093780000;19396522222;19596522222
3215;20094053000;19396522222;19596522222
3216;20094070000;19396522222;19596522222
3217;20094275000;19396522222;19596522222
3218;20094282000;19396522222;19596522222
3219;20094479000;19396522222;19596522222
3221;20094834000;19396522222;19596522222
3222;20094854000;19396522222;19596522222
3223;20094858000;19438188888;19638188888
3224;20095012000;19438188888;19638188888
3225;20095031000;19438188888;19638188888
3226;20095229000;19438188888;19638188888
3227;20095249000;19438188888;19638188888
3228;20095470000;19438188888;19638188888
3229;20095768000;19438188888;19638188888
3230;20095774000;19438188888;19638188888
3231;20095792000;19438188888;19638188888
3232;20096018000;19438188888;19638188888
3233;20096043000;19438188888;19638188888
3234;20096236000;19479833333;19679833333
3235;20096245000;19479833333;19679833333
3236;20096468000;19479833333;19679833333
3238;20245895000;19479833333;19679833333
3239;20246422000;19479833333;19679833333
3240;20246914000;19479833333;19679833333
3242;20247279000;19479833333;19679833333
3243;20248374000;19479833333;19679833333
3244;20248463000;19479833333;19679833333
3245;20248875000;19521533333;19721533333
3246;20248883000;19521533333;19721533333
3247;20249133000;19521533333;19721533333
3248;20249382000;19521533333;19721533333
3249;20249390000;19521533333;19721533333
3251;20249643000;19521533333;19721533333
3253;20249876000;19521533333;19721533333
3254;20249880000;19521533333;19721533333
3255;20250141000;19521533333;19721533333
3256;20250155000;19563222222;19763222222
3257;20250324000;19563222222;19763222222
3258;20250334000;19563222222;19763222222
3259;20250582000;19563222222;19763222222
3260;20250894000;19563222222;19763222222
3262;20251244000;19563222222;19763222222
3263;20251255000;19563222222;19763222222
3264;20251456000;19563222222;19763222222
3265;20251782000;19563222222;19763222222
3268;20252051000;19604822222;19804822222
3269;20252053000;19604822222;19804822222
3271;20252244000;19604822222;19804822222
3272;20252262000;19604822222;19804822222
3273;20252642000;19604822222;19804822222
3274;20252888000;19604822222;19804822222
3275;20252897000;19604822222;19804822222
3276;20253224000;19604822222;19804822222
3277;20253242000;19604822222;19804822222
3279;20253463000;19646466666;19846466666
3280;20253471000;19646466666;19846466666
3281;20253775000;19646466666;19846466666
3282;20253791000;19646466666;19846466666
3283;20254035000;19646466666;19846466666
3286;20254305000;19646466666;19846466666
3287;20254307000;19646466666;19846466666
3288;20254328000;19646466666;19846466666
3289;20254495000;19688455555;19888455555
3290;20254780000;19688455555;19888455555
3291;20254789000;19688455555;19888455555
3292;20254807000;19688455555;19888455555
3294;20255143000;19688455555;19888455555
3295;20255145000;19688455555;19888455555
3297;20255389000;19688455555;19888455555
3298;20255391000;19688455555;19888455555
3299;20255800000;19688455555;19888455555
3300;20256051000;19729866666;19929866666
3301;20256061000;19729866666;19929866666
3302;20256282000;19729866666;19929866666
3304;20256315000;19729866666;19929866666
3306;20256522000;19729866666;19929866666
3307;20256534000;19729866666;19929866666
3308;20256740000;19729866666;19929866666
3309;20256748000;19729866666;19929866666
3310;20256997000;19729866666;19929866666
3311;20257011000;19771522222;19971522222
3312;20257242000;19771522222;19971522222
3313;20257251000;19771522222;19971522222
3314;20257489000;19771522222;19971522222
3315;20406944000;19771522222;19971522222
3317;20407506000;19771522222;19971522222
3318;20407509000;19771522222;19971522222
3319;20408030000;19771522222;19971522222
3320;20408269000;19771522222;19971522222
3321;20408838000;19771522222;19971522222
3322;20409308000;19813200000;20013200000
3324;20409833000;19813200000;20013200000
3325;20409845000;19813200000;20013200000
3326;20410075000;19813200000;20013200000
3327;20410302000;19813200000;20013200000
3328;20410541000;19813200000;20013200000
3329;20410802000;19813200000;20013200000
3330;20411082000;19813200000;20013200000
3331;20411091000;19813200000;20013200000
3332;20411112000;19813200000;20013200000
3333;20411260000;19855066666;20055066666
3334;20411497000;19855066666;20055066666
3335;20411506000;19855066666;20055066666
3336;20411516000;19855066666;20055066666
3337;20411749000;19855066666;20055066666
3338;20411754000;19855066666;20055066666
3339;20412062000;19855066666;20055066666
3340;20412069000;19855066666;20055066666
3341;20412300000;19855066666;20055066666
3342;20412308000;19855066666;20055066666
3343;20412552000;19855066666;20055066666
3344;20412852000;19896511111;20096511111
3345;20413110000;19896511111;20096511111
3346;20413128000;19896511111;20096511111
3347;20413350000;19896511111;20096511111
3348;20413357000;19896511111;20096511111
3349;20413575000;19896511111;20096511111
3350;20413584000;19896511111;20096511111
3351;20413796000;19896511111;20096511111
3355;20414348000;19938200000;20138200000
3356;20414351000;19938200000;20138200000
3359;20414922000;19938200000;20138200000
3360;20414924000;19938200000;20138200000
3361;20415194000;19938200000;20138200000
3362;20415213000;19938200000;20138200000
3363;20415420000;19938200000;20138200000
3364;20415430000;19938200000;20138200000
3365;20415643000;19938200000;20138200000
3366;20415679000;19979844444;20179844444
3367;20415925000;19979844444;20179844444
3368;20415943000;19979844444;20179844444
3369;20416184000;19979844444;20179844444
3370;20416193000;19979844444;20179844444
3373;20416429000;19979844444;20179844444
3374;20416694000;19979844444;20179844444
3375;20416712000;19979844444;20179844444
3377;20416994000;20021511111;20221511111
3378;20416996000;20021511111;20221511111
3379;20417219000;20021511111;20221511111
3380;20417230000;20021511111;20221511111
3385;20417870000;20021511111;20221511111
3386;20417872000;20021511111;20221511111
3387;20418172000;20021511111;20221511111
3389;20418189000;20063200000;20263200000
3390;20418376000;20063200000;20263200000
3391;20418385000;20063200000;20263200000
3393;20567997000;20063200000;20263200000
3394;20568604000;20063200000;20263200000
3395;20568622000;20063200000;20263200000
3397;20569141000;20063200000;20263200000
3398;20569164000;20063200000;20263200000
3399;20569902000;20104844444;20304844444
3400;20569909000;20104844444;20304844444
3401;20570315000;20104844444;20304844444
3404;20570971000;20104844444;20304844444
3405;20571380000;20104844444;20304844444
3406;20571399000;20104844444;20304844444
3407;20571643000;20104844444;20304844444
3408;20571881000;20104844444;20304844444
3410;20572244000;20146511111;20346511111
3411;20572247000;20146511111;20346511111
3412;20572739000;20146511111;20346511111
3415;20572774000;20146511111;20346511111
3416;20572970000;20146511111;20346511111
3420;20573247000;20146511111;20346511111
3421;20573498000;20188222222;20388222222
3422;20573728000;20188222222;20388222222
3423;20573776000;20188222222;20388222222
3424;20574046000;20188222222;20388222222
3425;20574054000;20188222222;20388222222
3426;20574265000;20188222222;20388222222
3427;20574272000;20188222222;20388222222
3428;20574483000;20188222222;20388222222
3429;20574782000;20188222222;20388222222
3430;20574790000;20188222222;20388222222
3431;20574810000;20188222222;20388222222
3432;20575384000;20229844444;20429844444
3433;20575394000;20229844444;20429844444
3434;20575897000;20229844444;20429844444
3435;20575907000;20229844444;20429844444
3436;20576143000;20229844444;20429844444
3437;20576160000;20229844444;20429844444
3438;20576382000;20229844444;20429844444
3439;20576391000;20229844444;20429844444
3440;20576659000;20229844444;20429844444
3441;20576680000;20229844444;20429844444
3442;20576701000;20229844444;20429844444
3445;20598196000;20271500000;20471500000
3446;20598198000;20271500000;20471500000
3447;20598200000;20271500000;20471500000
3448;20598201000;20271500000;20471500000
3449;20598203000;20271500000;20471500000
3450;20598214000;20271500000;20471500000
3451;20598215000;20271500000;20471500000
3452;20598216000;20271500000;20471500000
3453;20598274000;20271500000;20471500000
3454;20598278000;20313211111;20513211111
3455;20598279000;20313211111;20513211111
3456;20598280000;20313211111;20513211111
3457;20598281000;20313211111;20513211111
3458;20598282000;20313211111;20513211111
3459;20598283000;20313211111;20513211111
3460;20598284000;20313211111;20513211111
3461;20598285000;20313211111;20513211111
3462;20598285000;20313211111;20513211111
3463;20728507000;20313211111;20513211111
3464;20728603000;20313211111;20513211111
3465;20728800000;20354844444;20554844444
3466;20728817000;20354844444;20554844444
3467;20729122000;20354844444;20554844444
3468;20729131000;20354844444;20554844444
3469;20729355000;20354844444;20554844444
3470;20729363000;20354844444;20554844444
3471;20729620000;20354844444;20554844444
3472;20729628000;20354844444;20554844444
3473;20729867000;20354844444;20554844444
3475;20730164000;20354844444;20554844444
3476;20730371000;20396500000;20596500000
3477;20730380000;20396500000;20596500000
3478;20730933000;20396500000;20596500000
3479;20731228000;20396500000;20596500000
3480;20731236000;20396500000;20596500000
3481;20732060000;20396500000;20596500000
3482;20732068000;20396500000;20596500000
3485;20732711000;20396500000;20596500000
3486;20732733000;20396500000;20596500000
3487;20732988000;20438200000;20638200000
3488;20732991000;20438200000;20638200000
3489;20733337000;20438200000;20638200000
3490;20733585000;20438200000;20638200000
3491;20733874000;20438200000;20638200000
3492;20733882000;20438200000;20638200000
3493;20733902000;20438200000;20638200000
3494;20734194000;20438200000;20638200000
3495;20734212000;20438200000;20638200000
3496;20734656000;20438200000;20638200000
3497;20764946000;20438200000;20638200000
3519;20848564000;20521544444;20721544444
3520;20848570000;20563200000;20763200000
3521;20848571000;20563200000;20763200000
3522;20848572000;20563200000;20763200000
3523;20848573000;20563200000;20763200000
3524;20848574000;20563200000;20763200000
3525;20848575000;20563200000;20763200000
3526;20848576000;20563200000;20763200000
3527;20848577000;20563200000;20763200000
3528;20848578000;20563200000;20763200000
3529;20848579000;20563200000;20763200000
3530;20890074000;20563200000;20763200000
3531;20890080000;20604833333;20804833333
3532;20890081000;20604833333;20804833333
3533;20890082000;20604833333;20804833333
3534;20890083000;20604833333;20804833333
3535;20890084000;20604833333;20804833333
3536;20890085000;20604833333;20804833333
3537;20890086000;20604833333;20804833333
3538;20890087000;20604833333;20804833333
3539;20890088000;20604833333;20804833333
3540;20890089000;20604833333;20804833333
3541;20931631000;20604833333;20804833333
3564;20931648000;20729844444;20929844444
3565;20931649000;20729844444;20929844444
3566;20931650000;20729844444;20929844444
3567;20931651000;20729844444;20929844444
3568;20931652000;20729844444;20929844444
3569;20931663000;20729844444;20929844444
3570;20931664000;20729844444;20929844444
3573;21050262000;20729844444;20929844444
3574;21056583000;20729844444;20929844444
3595;21056589000;20813244444;21013244444
3596;21140065000;20813244444;21013244444
3567;21140069000;20729844444;20929844444
3568;21140070000;20729844444;20929844444
3569;21140071000;20729844444;20929844444
3570;21140071000;20729844444;20929844444
3571;21140072000;20729844444;20929844444
3572;21140073000;20729844444;20929844444
3573;21140074000;20729844444;20929844444
3575;21191639000;20771500000;20971500000
3576;21210821000;20771500000;20971500000
3577;21211430000;20771500000;20971500000
3578;21211643000;20771500000;20971500000
3579;21211856000;20771500000;20971500000
3634;21212394000;20979888888;21179888888
3635;21212397000;20979888888;21179888888
3636;21212419000;20979888888;21179888888
3637;21212442000;20979888888;21179888888
3638;21212444000;20979888888;21179888888
3639;21212472000;20979888888;21179888888
3640;21262685000;20979888888;21179888888
3602;21262689000;20854888888;21054888888
3603;21262689000;20854888888;21054888888
3604;21262690000;20854888888;21054888888
3605;21262691000;20854888888;21054888888
3606;21262692000;20854888888;21054888888
3608;21314924000;20896522222;21096522222
3609;21314926000;20896522222;21096522222
3610;21314926000;20896522222;21096522222
3611;21314927000;20896522222;21096522222
3612;21314928000;20896522222;21096522222
3613;21314928000;20896522222;21096522222
3614;21314929000;20896522222;21096522222
3615;21371327000;20896522222;21096522222
3617;21372247000;20896522222;21096522222
3669;21372828000;21104866666;21304866666
3670;21372833000;21104866666;21304866666
3671;21372835000;21104866666;21304866666
3672;21372836000;21104866666;21304866666
3673;21423127000;21104866666;21304866666
3632;21423130000;20979888888;21179888888
3633;21423131000;20979888888;21179888888
3634;21423132000;20979888888;21179888888
3635;21423132000;20979888888;21179888888
3636;21423133000;20979888888;21179888888
3638;21431595000;20979888888;21179888888
3639;21431606000;20979888888;21179888888
3640;21431607000;20979888888;21179888888
3641;21431608000;21021555555;21221555555
3642;21431608000;21021555555;21221555555
3643;21431609000;21021555555;21221555555
3644;21431610000;21021555555;21221555555
3645;21431610000;21021555555;21221555555
3646;21431611000;21021555555;21221555555
3648;21473223000;21021555555;21221555555
3649;21473225000;21021555555;21221555555
3708;21532158000;21271488888;21471488888
3709;21532161000;21271488888;21471488888
3710;21532181000;21271488888;21471488888
3711;21532199000;21271488888;21471488888
3712;21532201000;21271488888;21471488888
3713;21532792000;21271488888;21471488888
3714;21533053000;21271488888;21471488888
3715;21533362000;21271488888;21471488888
3716;21533399000;21271488888;21471488888
3717;21582417000;21271488888;21471488888
3669;21582420000;21104866666;21304866666
3670;21582421000;21104866666;21304866666
3671;21582422000;21104866666;21304866666
3672;21582422000;21104866666;21304866666
3673;21582423000;21104866666;21304866666
3674;21582424000;21146622222;21346622222
3675;21582424000;21146622222;21346622222
3676;21582425000;21146622222;21346622222
3677;21582426000;21146622222;21346622222
3678;21582426000;21146622222;21346622222
3679;21582427000;21146622222;21346622222
3751;21582695000;21438188888;21638188888
3752;21582707000;21438188888;21638188888
3753;21582715000;21438188888;21638188888
3754;21582717000;21438188888;21638188888
3755;21582718000;21438188888;21638188888
3756;21693255000;21438188888;21638188888
3757;21693895000;21438188888;21638188888
3758;21693903000;21438188888;21638188888
3759;21694137000;21438188888;21638188888
3760;21694145000;21438188888;21638188888
3762;21694884000;21479833333;21679833333
3763;21694888000;21479833333;21679833333
3764;21695164000;21479833333;21679833333
3765;21695171000;21479833333;21679833333
3766;21695408000;21479833333;21679833333
3767;21695416000;21479833333;21679833333
3768;21695673000;21479833333;21679833333
3769;21695681000;21479833333;21679833333
3770;21695908000;21479833333;21679833333
3771;21696171000;21479833333;21679833333
3772;21696212000;21479833333;21679833333
3773;21696460000;21521500000;21721500000
3774;21696463000;21521500000;21721500000
3775;21696731000;21521500000;21721500000
3776;21696750000;21521500000;21721500000
3777;21696759000;21521500000;21721500000
3778;21697001000;21521500000;21721500000
3779;21697009000;21521500000;21721500000
3780;21697211000;21521500000;21721500000
3781;21697229000;21521500000;21721500000
3782;21697419000;21521500000;21721500000
3783;21716213000;21521500000;21721500000
3702;21716216000;21229833333;21429833333
3703;21716217000;21229833333;21429833333
3704;21716217000;21229833333;21429833333
3705;21716218000;21229833333;21429833333
3706;21716219000;21229833333;21429833333
3707;21716220000;21271488888;21471488888
3708;21716229000;21271488888;21471488888
3709;21716229000;21271488888;21471488888
3710;21716230000;21271488888;21471488888
3711;21716231000;21271488888;21471488888
3712;21716231000;21271488888;21471488888
3713;21716232000;21271488888;21471488888
3714;21716233000;21271488888;21471488888
3715;21716233000;21271488888;21471488888
3716;21854060000;21271488888;21471488888
3717;21854369000;21271488888;21471488888
3801;21855015000;21604822222;21804822222
3802;21855019000;21604822222;21804822222
3803;21855020000;21604822222;21804822222
3804;21855021000;21604822222;21804822222
3805;21905310000;21604822222;21804822222
3737;21905313000;21354833333;21554833333
3738;21905314000;21354833333;21554833333
3739;21905315000;21354833333;21554833333
3740;21905316000;21396488888;21596488888
3741;21905316000;21396488888;21596488888
3742;21905317000;21396488888;21596488888
3743;21905317000;21396488888;21596488888
3744;21905318000;21396488888;21596488888
3745;21905319000;21396488888;21596488888
3746;21905319000;21396488888;21596488888
3747;21905320000;21396488888;21596488888
3748;21905321000;21396488888;21596488888
3749;21905321000;21396488888;21596488888
3750;21905322000;21396488888;21596488888
3751;22015242000;21438188888;21638188888
3752;22015388000;21438188888;21638188888
3753;22016467000;21438188888;21638188888
3756;22017070000;21438188888;21638188888
3758;22017552000;21438188888;21638188888
3759;22017782000;21438188888;21638188888
3760;22018125000;21438188888;21638188888
3761;22018355000;21438188888;21638188888
3762;22018610000;21479833333;21679833333
3765;22029441000;21479833333;21679833333
3766;22029443000;21479833333;21679833333
3767;22029444000;21479833333;21679833333
3769;22040024000;21479833333;21679833333
3770;22040035000;21479833333;21679833333
3771;22040035000;21479833333;21679833333
3772;22040036000;21479833333;21679833333
3773;22040037000;21521500000;21721500000
3774;22040037000;21521500000;21721500000
3775;22040038000;21521500000;21721500000
3776;22040039000;21521500000;21721500000
3777;22040039000;21521500000;21721500000
3778;22040040000;21521500000;21721500000
3780;22081806000;21521500000;21721500000
3781;22081809000;21521500000;21721500000
3782;22081809000;21521500000;21721500000
3783;22081810000;21521500000;21721500000
3784;22081811000;21563188888;21763188888
3785;22081822000;21563188888;21763188888
3786;22081822000;21563188888;21763188888
3787;22175959000;21563188888;21763188888
3788;22176290000;21563188888;21763188888
3888;22177374000;21938422222;22138422222
3889;22177379000;21938422222;22138422222
3890;22177386000;21938422222;22138422222
3891;22177388000;21938422222;22138422222
3892;22177390000;21938422222;22138422222
3893;22227713000;21938422222;22138422222
3916;22227719000;22063200000;22263200000
3917;22227720000;22063200000;22263200000
3918;22227721000;22063200000;22263200000
3919;22227722000;22063200000;22263200000
3920;22227723000;22063200000;22263200000
3921;22227724000;22063200000;22263200000
3923;22238913000;22063200000;22263200000
3924;22238915000;22063200000;22263200000
3925;22238916000;22063200000;22263200000
3926;22239024000;22063200000;22263200000
3928;22280579000;22104911111;22304911111
3929;22337146000;22104911111;22304911111
3931;22337211000;22104911111;22304911111
3932;22337693000;22104911111;22304911111
3933;22338198000;22104911111;22304911111
3934;22338200000;22104911111;22304911111
3935;22338438000;22104911111;22304911111
3936;22338440000;22104911111;22304911111
3938;22339081000;22146500000;22346500000
3940;22339315000;22146500000;22346500000
3941;22339317000;22146500000;22346500000
3942;22339531000;22146500000;22346500000
3943;22339537000;22146500000;22346500000
3944;22339807000;22146500000;22346500000
3945;22339892000;22146500000;22346500000
3946;22339977000;22146500000;22346500000
3947;22340230000;22146500000;22346500000
3948;22340251000;22146500000;22346500000
3845;22342443000;21771488888;21971488888
3846;22342446000;21771488888;21971488888
3847;22342447000;21771488888;21971488888
3848;22342458000;21771488888;21971488888
3849;22392851000;21771488888;21971488888
3850;22392867000;21813200000;22013200000
3851;22392878000;21813200000;22013200000
3852;22392889000;21813200000;22013200000
3853;22392890000;21813200000;22013200000
3854;22392891000;21813200000;22013200000
3855;22392892000;21813200000;22013200000
3856;22392893000;21813200000;22013200000
3857;22392893000;21813200000;22013200000
3858;22392894000;21813200000;22013200000
3859;22392895000;21813200000;22013200000
3860;22434449000;21813200000;22013200000
3861;22434455000;21854900000;22054900000
3864;22476299000;21854900000;22054900000
3865;22476313000;21854900000;22054900000
3866;22476314000;21854900000;22054900000
3867;22497607000;21854900000;22054900000
3868;22498016000;21854900000;22054900000
3869;22498434000;21854900000;22054900000
3870;22499011000;21854900000;22054900000
3871;22499312000;21854900000;22054900000
3872;22499318000;21896522222;22096522222
3873;22499486000;21896522222;22096522222
3874;22500096000;21896522222;22096522222
3875;22500292000;21896522222;22096522222
3979;22551740000;22271500000;22471500000
3891;22551743000;21938422222;22138422222
3892;22551744000;21938422222;22138422222
3893;22551744000;21938422222;22138422222
3894;22551745000;21979822222;22179822222
3895;22551746000;21979822222;22179822222
3896;22551746000;21979822222;22179822222
3897;22551747000;21979822222;22179822222
3899;22658561000;21979822222;22179822222
3900;22659525000;21979822222;22179822222
3901;22659957000;21979822222;22179822222
3902;22660845000;21979822222;22179822222
3903;22661017000;21979822222;22179822222
3904;22661215000;21979822222;22179822222
3906;22661920000;22021488888;22221488888
3907;22662147000;22021488888;22221488888
3909;22662273000;22021488888;22221488888
4030;22713366000;22479833333;22679833333
3919;22718671000;22063200000;22263200000
3920;22718675000;22063200000;22263200000
3921;22718676000;22063200000;22263200000
3922;22718676000;22063200000;22263200000
3923;22718677000;22063200000;22263200000
3924;22718678000;22063200000;22263200000
3925;22718679000;22063200000;22263200000
3926;22718779000;22063200000;22263200000
3927;22718783000;22104911111;22304911111
3928;22718793000;22104911111;22304911111
3929;22718794000;22104911111;22304911111
3930;22718795000;22104911111;22304911111
3931;22718796000;22104911111;22304911111
3932;22819534000;22104911111;22304911111
3933;22820182000;22104911111;22304911111
3934;22820466000;22104911111;22304911111
3935;22820704000;22104911111;22304911111
4056;22871797000;22563200000;22763200000
4092;22922044000;22729833333;22929833333
4093;22922048000;22729833333;22929833333
4094;22922049000;22729833333;22929833333
4095;22922050000;22729833333;22929833333
4096;22922051000;22729833333;22929833333
4097;22980413000;22729833333;22929833333
4098;22980768000;22729833333;22929833333
4099;22981069000;22729833333;22929833333
4100;22981071000;22729833333;22929833333
4101;22981325000;22729833333;22929833333
4102;22981444000;22729833333;22929833333
4103;22981948000;22771500000;22971500000
4104;22981950000;22771500000;22971500000
4105;22982202000;22771500000;22971500000
4106;22982441000;22771500000;22971500000
4107;22982741000;22771500000;22971500000
4109;22983277000;22771500000;22971500000
4110;22983280000;22771500000;22971500000
4111;22983502000;22771500000;22971500000
4112;22983505000;22771500000;22971500000
3986;23038613000;22313200000;22513200000
3987;23038617000;22313200000;22513200000
3988;23038618000;22313200000;22513200000
3989;23038619000;22313200000;22513200000
3990;23038620000;22313200000;22513200000
3991;23038621000;22313200000;22513200000
3992;23038728000;22313200000;22513200000
3993;23038734000;22354822222;22554822222
3994;23038735000;22354822222;22554822222
3995;23038736000;22354822222;22554822222
3996;23038737000;22354822222;22554822222
3997;23038738000;22354822222;22554822222
3998;23038738000;22354822222;22554822222
3999;23038739000;22354822222;22554822222
4000;23038740000;22354822222;22554822222
4002;23143288000;22354822222;22554822222
4003;23143612000;22354822222;22554822222
4004;23143702000;22396488888;22596488888
4005;23143882000;22396488888;22596488888
4006;23144062000;22396488888;22596488888
4007;23144243000;22396488888;22596488888
4008;23144292000;22396488888;22596488888
4009;23144494000;22396488888;22596488888
4010;23144709000;22396488888;22596488888
4011;23144923000;22396488888;22596488888
4012;23144925000;22396488888;22596488888
4013;23145094000;22396488888;22596488888
4014;23145393000;22396488888;22596488888
4015;23145556000;22438211111;22638211111
4016;23145808000;22438211111;22638211111
4017;23146026000;22438211111;22638211111
4019;23163340000;22438211111;22638211111
4020;23163342000;22438211111;22638211111
4021;23163343000;22438211111;22638211111
4022;23163344000;22438211111;22638211111
4023;23163345000;22438211111;22638211111
4024;23163346000;22438211111;22638211111
4026;23205200000;22479833333;22679833333
4028;23205204000;22479833333;22679833333
4029;23205205000;22479833333;22679833333
4030;23205206000;22479833333;22679833333
4031;23205207000;22479833333;22679833333
4034;23205208000;22479833333;22679833333
4035;23205209000;22479833333;22679833333
4036;23303325000;22479833333;22679833333
4037;23303468000;22521544444;22721544444
4038;23303912000;22521544444;22721544444
4039;23304237000;22521544444;22721544444
4040;23304459000;22521544444;22721544444
4041;23304918000;22521544444;22721544444
4043;23305314000;22521544444;22721544444
4044;23305506000;22521544444;22721544444
4045;23305948000;22521544444;22721544444
4046;23306117000;22521544444;22721544444
4047;23306375000;22521544444;22721544444
4048;23306499000;22563200000;22763200000
4049;23306501000;22563200000;22763200000
4050;23306763000;22563200000;22763200000
4207;23357368000;23146477777;23346477777
4055;23358014000;22563200000;22763200000
4056;23358017000;22563200000;22763200000
4058;23358227000;22563200000;22763200000
4059;23358233000;22604833333;22804833333
4060;23358234000;22604833333;22804833333
4061;23358235000;22604833333;22804833333
4063;23399710000;22604833333;22804833333
4064;23399712000;22604833333;22804833333
4065;23399713000;22604833333;22804833333
4067;23399714000;22604833333;22804833333
4068;23399715000;22604833333;22804833333
4069;23399824000;22604833333;22804833333
4070;23399830000;22646466666;22846466666
4071;23399831000;22646466666;22846466666
4072;23399832000;22646466666;22846466666
4073;23399833000;22646466666;22846466666
4074;23463894000;22646466666;22846466666
4075;23464076000;22646466666;22846466666
4076;23464473000;22646466666;22846466666
4077;23464680000;22646466666;22846466666
4078;23465043000;22646466666;22846466666
4079;23465254000;22646466666;22846466666
4080;23465635000;22646466666;22846466666
4081;23465667000;22688188888;22888188888
4082;23466087000;22688188888;22888188888
4083;23466368000;22688188888;22888188888
4084;23466534000;22688188888;22888188888
4085;23466806000;22688188888;22888188888
4086;23466808000;22688188888;22888188888
4087;23467006000;22688188888;22888188888
4088;23467219000;22688188888;22888188888
4089;23467678000;22688188888;22888188888
4090;23467870000;22688188888;22888188888
4248;23518792000;23313211111;23513211111
4094;23519537000;22729833333;22929833333
4095;23519550000;22729833333;22929833333
4096;23519551000;22729833333;22929833333
4097;23519552000;22729833333;22929833333
4098;23519553000;22729833333;22929833333
4099;23519554000;22729833333;22929833333
4101;23519658000;22729833333;22929833333
4102;23519768000;22729833333;22929833333
4103;23519774000;22771500000;22971500000
4104;23519775000;22771500000;22971500000
4105;23519776000;22771500000;22971500000
4106;23519777000;22771500000;22971500000
4108;23561270000;22771500000;22971500000
4109;23561273000;22771500000;22971500000
4110;23561274000;22771500000;22971500000
4111;23561275000;22771500000;22971500000
4112;23561276000;22771500000;22971500000
4113;23625091000;22771500000;22971500000
4114;23625157000;22813200000;23013200000
4115;23625627000;22813200000;23013200000
4116;23625836000;22813200000;23013200000
4117;23626062000;22813200000;23013200000
4118;23626268000;22813200000;23013200000
4119;23626640000;22813200000;23013200000
4120;23626864000;22813200000;23013200000
4121;23626976000;22813200000;23013200000
4122;23627252000;22813200000;23013200000
4123;23627450000;22813200000;23013200000
4124;23627485000;22813200000;23013200000
4125;23627683000;22854844444;23054844444
4126;23627849000;22854844444;23054844444
4127;23628057000;22854844444;23054844444
4128;23628278000;22854844444;23054844444
4129;23628418000;22854844444;23054844444
4130;23628430000;22854844444;23054844444
4131;23629032000;22854844444;23054844444
4132;23629207000;22854844444;23054844444
4133;23629405000;22854844444;23054844444
4134;23629642000;22854844444;23054844444
4135;23644586000;22854844444;23054844444
4136;23644592000;22896500000;23096500000
4137;23644593000;22896500000;23096500000
4138;23644594000;22896500000;23096500000
4139;23644595000;22896500000;23096500000
4140;23644596000;22896500000;23096500000
4141;23644597000;22896500000;23096500000
4142;23644598000;22896500000;23096500000
4143;23644599000;22896500000;23096500000
4144;23644600000;22896500000;23096500000
4145;23644601000;22896500000;23096500000
4146;23686372000;22896500000;23096500000
4147;23686378000;22938177777;23138177777
4149;23785746000;22938177777;23138177777
4151;23786455000;22938177777;23138177777
4154;23786888000;22938177777;23138177777
4155;23787613000;22938177777;23138177777
4156;23787802000;22938177777;23138177777
4314;23838614000;23563233333;23763233333
4172;23842297000;23021500000;23221500000
4173;23842300000;23021500000;23221500000
4174;23842301000;23021500000;23221500000
4175;23842302000;23021500000;23221500000
4176;23842303000;23021500000;23221500000
4177;23842304000;23021500000;23221500000
4178;23842305000;23021500000;23221500000
4179;23842377000;23021500000;23221500000
4180;23842380000;23063233333;23263233333
4181;23842381000;23063233333;23263233333
4182;23842383000;23063233333;23263233333
4345;23997616000;23688200000;23888200000
4205;24003384000;23146477777;23346477777
4206;24003387000;23146477777;23346477777
4207;24003388000;23146477777;23346477777
4208;24003389000;23146477777;23346477777
4209;24003390000;23146477777;23346477777
4211;24003496000;23146477777;23346477777
4212;24003601000;23146477777;23346477777
4213;24003614000;23188200000;23388200000
4214;24003615000;23188200000;23388200000
4215;24003616000;23188200000;23388200000
4216;24003617000;23188200000;23388200000
4217;24003618000;23188200000;23388200000
4218;24107990000;23188200000;23388200000
4219;24108703000;23188200000;23388200000
4220;24108920000;23188200000;23388200000
4221;24109163000;23188200000;23388200000
4223;24109479000;23188200000;23388200000
4224;24109911000;23229844444;23429844444
4225;24110053000;23229844444;23429844444
4227;24110484000;23229844444;23429844444
4228;24110709000;23229844444;23429844444
4230;24111222000;23229844444;23429844444
4231;24111361000;23229844444;23429844444
4232;24111591000;23229844444;23429844444
4233;24111593000;23229844444;23429844444
4234;24111951000;23229844444;23429844444
4235;24112142000;23271500000;23471500000
4236;24112298000;23271500000;23471500000
4237;24112491000;23271500000;23471500000
4238;24112753000;23271500000;23471500000
4239;24112943000;23271500000;23471500000
4240;24113164000;23271500000;23471500000
4241;24113167000;23271500000;23471500000
4242;24113356000;23271500000;23471500000
4243;24113875000;23271500000;23471500000
4244;24114029000;23271500000;23471500000
4245;24128427000;23271500000;23471500000
4246;24128433000;23313211111;23513211111
4247;24128434000;23313211111;23513211111
4248;24128435000;23313211111;23513211111
4249;24128436000;23313211111;23513211111
4250;24128437000;23313211111;23513211111
4251;24128438000;23313211111;23513211111
4252;24128439000;23313211111;23513211111
4253;24128440000;23313211111;23513211111
4254;24268591000;23313211111;23513211111
4255;24269332000;23313211111;23513211111
4256;24269662000;23313211111;23513211111
4257;24269872000;23354866666;23554866666
4439;24320971000;24021500000;24221500000
4274;24325015000;23396500000;23596500000
4275;24325019000;23396500000;23596500000
4276;24325020000;23396500000;23596500000
4277;24325021000;23396500000;23596500000
4278;24325091000;23396500000;23596500000
4279;24325096000;23438222222;23638222222
4280;24325097000;23438222222;23638222222
4281;24325098000;23438222222;23638222222
4282;24325116000;23438222222;23638222222
4283;24325117000;23438222222;23638222222
4284;24325118000;23438222222;23638222222
4285;24325118000;23438222222;23638222222
4287;24366797000;23438222222;23638222222
4288;24366800000;23438222222;23638222222
4289;24366891000;23438222222;23638222222
4290;24430219000;23479844444;23679844444
4291;24430455000;23479844444;23679844444
4292;24431006000;23479844444;23679844444
4293;24431505000;23479844444;23679844444
4294;24431716000;23479844444;23679844444
4295;24431718000;23479844444;23679844444
4296;24431938000;23479844444;23679844444
4299;24432372000;23479844444;23679844444
4300;24432654000;23479844444;23679844444
4301;24432811000;23521511111;23721511111
4302;24433206000;23521511111;23721511111
4303;24433421000;23521511111;23721511111
4306;24449968000;23521511111;23721511111
4307;24449970000;23521511111;23721511111
4308;24449971000;23521511111;23721511111
4309;24449972000;23521511111;23721511111
4310;24449973000;23521511111;23721511111
4311;24450082000;23521511111;23721511111
4312;24450087000;23563233333;23763233333
4313;24450089000;23563233333;23763233333
4317;24491819000;23563233333;23763233333
4318;24491821000;23563233333;23763233333
4319;24491822000;23563233333;23763233333
4320;24491823000;23563233333;23763233333
4321;24491824000;23563233333;23763233333
4322;24591010000;23563233333;23763233333
4323;24591383000;23604833333;23804833333
4324;24591583000;23604833333;23804833333
4326;24592305000;23604833333;23804833333
4528;24643198000;24354888888;24554888888
4345;24646667000;23688200000;23888200000
4346;24646671000;23688200000;23888200000
4347;24646672000;23688200000;23888200000
4348;24646673000;23688200000;23888200000
4349;24646674000;23688200000;23888200000
4350;24646675000;23688200000;23888200000
4351;24646676000;23688200000;23888200000
4352;24646677000;23688200000;23888200000
4353;24646678000;23688200000;23888200000
4354;24646678000;23688200000;23888200000
4355;24646786000;23688200000;23888200000
4356;24646790000;23729866666;23929866666
4358;24688392000;23729866666;23929866666
4359;24688394000;23729866666;23929866666
4360;24688395000;23729866666;23929866666
4361;24688396000;23729866666;23929866666
4362;24688397000;23729866666;23929866666
4363;24688398000;23729866666;23929866666
4364;24688399000;23729866666;23929866666
4365;24688400000;23729866666;23929866666
4366;24688488000;23729866666;23929866666
4367;24688494000;23771500000;23971500000
4368;24752258000;23771500000;23971500000
4369;24752748000;23771500000;23971500000
4370;24752951000;23771500000;23971500000
4371;24753441000;23771500000;23971500000
4372;24753686000;23771500000;23971500000
4373;24753944000;23771500000;23971500000
4374;24754108000;23771500000;23971500000
4375;24754386000;23771500000;23971500000
4376;24754676000;23771500000;23971500000
4377;24754809000;23771500000;23971500000
4378;24755204000;23813211111;24013211111
4379;24755736000;23813211111;24013211111
4382;24761096000;23813211111;24013211111
4383;24761100000;23813211111;24013211111
4384;24761111000;23813211111;24013211111
4385;24761112000;23813211111;24013211111
4388;24771725000;23813211111;24013211111
4389;24771731000;23854844444;24054844444
4390;24771732000;23854844444;24054844444
4392;24813382000;23854844444;24054844444
4393;24813384000;23854844444;24054844444
4394;24813385000;23854844444;24054844444
4395;24813386000;23854844444;24054844444
4396;24813387000;23854844444;24054844444
4397;24813388000;23854844444;24054844444
4401;24855148000;23896533333;24096533333
4402;24855151000;23896533333;24096533333
4403;24913424000;23896533333;24096533333
4404;24914102000;23896533333;24096533333
4405;24914497000;23896533333;24096533333
4406;24914742000;23896533333;24096533333
4407;24914936000;23896533333;24096533333
4408;24915231000;23896533333;24096533333
4409;24915354000;23896533333;24096533333
4410;24915643000;23896533333;24096533333
4411;24915825000;23938233333;24138233333
4412;24916265000;23938233333;24138233333
4413;24916941000;23938233333;24138233333
4414;24917118000;23938233333;24138233333
4415;24917341000;23938233333;24138233333
4416;24917566000;23938233333;24138233333
4417;24917774000;23938233333;24138233333
4418;24918006000;23938233333;24138233333
4419;24918228000;23938233333;24138233333
4420;24918387000;23938233333;24138233333
4421;24918501000;23938233333;24138233333
4422;24918589000;23979833333;24179833333
4423;24918770000;23979833333;24179833333
4424;24919007000;23979833333;24179833333
4425;24919245000;23979833333;24179833333
4426;24919247000;23979833333;24179833333
4427;24919447000;23979833333;24179833333
4428;24919450000;23979833333;24179833333
4429;24919688000;23979833333;24179833333
4430;24919690000;23979833333;24179833333
4431;24919893000;23979833333;24179833333
4432;24938338000;23979833333;24179833333
4433;24938344000;24021500000;24221500000
4434;24938345000;24021500000;24221500000
4435;25074060000;24021500000;24221500000
4436;25074242000;24021500000;24221500000
4437;25074699000;24021500000;24221500000
4438;25074885000;24021500000;24221500000
4439;25075339000;24021500000;24221500000
4440;25075466000;24021500000;24221500000
4441;25075706000;24021500000;24221500000
4442;25075989000;24021500000;24221500000
4443;25076029000;24021500000;24221500000
4445;25076213000;24063211111;24263211111
4446;25076365000;24063211111;24263211111
4447;25076571000;24063211111;24263211111
4448;25077130000;24063211111;24263211111
4449;25077381000;24063211111;24263211111
4450;25077675000;24063211111;24263211111
4451;25077862000;24063211111;24263211111
4452;25077879000;24063211111;24263211111
4453;25078231000;24063211111;24263211111
4454;25078487000;24063211111;24263211111
4455;25078972000;24104866666;24304866666
4456;25079180000;24104866666;24304866666
4457;25079348000;24104866666;24304866666
4458;25079358000;24104866666;24304866666
4459;25079543000;24104866666;24304866666
4460;25079792000;24104866666;24304866666
4461;25080033000;24104866666;24304866666
4462;25080173000;24104866666;24304866666
4463;25080179000;24104866666;24304866666
4464;25080389000;24104866666;24304866666
4465;25080597000;24104866666;24304866666
4466;25080610000;24146500000;24346500000
4467;25080756000;24146500000;24346500000
4468;25082013000;24146500000;24346500000
4469;25082385000;24146500000;24346500000
4470;25235287000;24146500000;24346500000
4471;25235472000;24146500000;24346500000
4472;25236099000;24146500000;24346500000
4473;25236327000;24146500000;24346500000
4474;25236489000;24146500000;24346500000
4475;25236814000;24146500000;24346500000
4476;25237034000;24146500000;24346500000
4477;25237225000;24188211111;24388211111
4478;25237241000;24188211111;24388211111
4699;25288115000;25021488888;25221488888
4708;25329785000;25063188888;25263188888
4709;25329788000;25063188888;25263188888
4710;25329789000;25063188888;25263188888
4711;25329790000;25063188888;25263188888
4712;25329791000;25063188888;25263188888
4713;25329792000;25063188888;25263188888
4714;25329794000;25063188888;25263188888
4715;25329795000;25063188888;25263188888
4716;25329796000;25063188888;25263188888
4717;25329796000;25063188888;25263188888
4718;25329906000;25063188888;25263188888
4720;25371569000;25104822222;25304822222
4721;25371581000;25104822222;25304822222
4722;25371582000;25104822222;25304822222
4723;25371583000;25104822222;25304822222
4724;25371584000;25104822222;25304822222
4725;25371585000;25104822222;25304822222
4726;25371586000;25104822222;25304822222
4727;25371587000;25104822222;25304822222
4728;25371588000;25104822222;25304822222
4729;25371696000;25104822222;25304822222
4501;25396130000;24271511111;24471511111
4502;25396140000;24271511111;24471511111
4503;25396144000;24271511111;24471511111
4504;25396146000;24271511111;24471511111
4505;25396147000;24271511111;24471511111
4731;25447472000;25146477777;25346477777
4531;25453755000;24354888888;24554888888
4532;25453758000;24396477777;24596477777
4533;25453759000;24396477777;24596477777
4534;25453760000;24396477777;24596477777
4535;25453761000;24396477777;24596477777
4536;25453762000;24396477777;24596477777
4537;25453763000;24396477777;24596477777
4538;25453764000;24396477777;24596477777
4539;25453765000;24396477777;24596477777
4540;25557762000;24396477777;24596477777
4541;25557920000;24396477777;24596477777
4542;25558052000;24396477777;24596477777
4544;25559029000;24438177777;24638177777
4545;25559132000;24438177777;24638177777
4546;25559366000;24438177777;24638177777
4547;25559374000;24438177777;24638177777
4548;25559525000;24438177777;24638177777
4550;25560277000;24438177777;24638177777
4551;25560405000;24438177777;24638177777
4552;25560425000;24438177777;24638177777
4553;25560882000;24438177777;24638177777
4554;25561366000;24479822222;24679822222
4555;25561562000;24479822222;24679822222
4556;25561758000;24479822222;24679822222
4557;25562007000;24479822222;24679822222
4558;25562219000;24479822222;24679822222
4559;25562384000;24479822222;24679822222
4560;25562590000;24479822222;24679822222
4561;25562814000;24479822222;24679822222
4562;25562831000;24479822222;24679822222
4563;25562972000;24479822222;24679822222
4564;25578643000;24479822222;24679822222
4565;25578649000;24521500000;24721500000
4566;25578650000;24521500000;24721500000
4567;25578651000;24521500000;24721500000
4568;25578652000;24521500000;24721500000
4571;25620498000;24521500000;24721500000
4572;25620500000;24521500000;24721500000
4573;25620501000;24521500000;24721500000
4574;25620502000;24521500000;24721500000
4575;25718692000;24521500000;24721500000
4576;25718965000;24563188888;24763188888
4577;25719769000;24563188888;24763188888
4578;25719970000;24563188888;24763188888
4579;25720182000;24563188888;24763188888
4580;25720663000;24563188888;24763188888
4581;25720848000;24563188888;24763188888
4582;25720861000;24563188888;24763188888
4583;25721096000;24563188888;24763188888
4584;25721398000;24563188888;24763188888
4587;25722171000;24604822222;24804822222
4588;25722358000;24604822222;24804822222
4589;25722538000;24604822222;24804822222
4590;25722775000;24604822222;24804822222
4591;25723004000;24604822222;24804822222
4592;25723006000;24604822222;24804822222
4593;25723201000;24604822222;24804822222
4594;25723373000;24604822222;24804822222
4595;25723375000;24604822222;24804822222
4596;25723584000;24604822222;24804822222
4597;25723598000;24604822222;24804822222
4598;25723796000;24646455555;24846455555
4599;25723872000;24646455555;24846455555
4600;25724025000;24646455555;24846455555
4601;25724206000;24646455555;24846455555
4602;25724212000;24646455555;24846455555
4603;25724416000;24646455555;24846455555
4604;25724432000;24646455555;24846455555
4606;25745234000;24646455555;24846455555
4608;25745345000;24646455555;24846455555
4609;25745351000;24688200000;24888200000
4610;25745352000;24688200000;24888200000
4611;25745353000;24688200000;24888200000
4612;25745354000;24688200000;24888200000
4613;25745355000;24688200000;24888200000
4615;25787085000;24688200000;24888200000
4616;25787087000;24688200000;24888200000
4618;25787088000;24688200000;24888200000
4619;25787196000;24688200000;24888200000
4620;25787202000;24729822222;24929822222
4621;25879666000;24729822222;24929822222
4622;25879854000;24729822222;24929822222
4623;25880069000;24729822222;24929822222
4624;25880402000;24729822222;24929822222
4854;25931641000;25604844444;25804844444
4646;25936610000;24813188888;25013188888
4647;25936614000;24813188888;25013188888
4648;25936615000;24813188888;25013188888
4649;25936616000;24813188888;25013188888
4650;25936617000;24813188888;25013188888
4651;25936618000;24813188888;25013188888
4652;25936689000;24813188888;25013188888
4653;25936693000;24854833333;25054833333
4656;26041040000;24854833333;25054833333
4657;26041462000;24854833333;25054833333
4658;26041720000;24854833333;25054833333
4659;26041986000;24854833333;25054833333
4660;26042169000;24854833333;25054833333
4662;26042608000;24854833333;25054833333
4663;26043336000;24854833333;25054833333
4664;26043502000;24896500000;25096500000
4665;26043745000;24896500000;25096500000
4667;26043966000;24896500000;25096500000
4668;26044210000;24896500000;25096500000
4669;26044398000;24896500000;25096500000
4670;26044547000;24896500000;25096500000
4672;26044955000;24896500000;25096500000
4673;26045573000;24896500000;25096500000
4677;26061638000;24938177777;25138177777
4678;26061642000;24938177777;25138177777
4679;26061643000;24938177777;25138177777
4680;26061651000;24938177777;25138177777
4682;26061652000;24938177777;25138177777
4683;26061653000;24938177777;25138177777
4684;26061654000;24938177777;25138177777
4685;26061664000;24938177777;25138177777
4686;26061665000;24979811111;25179811111
4689;26201617000;24979811111;25179811111
4690;26202073000;24979811111;25179811111
4691;26202333000;24979811111;25179811111
4940;26253333000;25938200000;26138200000
4957;26294905000;25979844444;26179844444
4958;26294909000;25979844444;26179844444
4959;26294910000;25979844444;26179844444
4960;26294996000;25979844444;26179844444
4961;26295002000;26021511111;26221511111
4962;26295004000;26021511111;26221511111
4964;26336503000;26021511111;26221511111
4965;26336505000;26021511111;26221511111
4967;26336506000;26021511111;26221511111
4970;26336507000;26021511111;26221511111
4976;26378141000;26063211111;26263211111
4743;26419544000;25188188888;25388188888
4744;26419548000;25188188888;25388188888
4745;26419549000;25188188888;25388188888
4746;26419550000;25188188888;25388188888
4747;26419551000;25188188888;25388188888
4748;26419552000;25188188888;25388188888
4749;26419553000;25188188888;25388188888
4750;26419554000;25188188888;25388188888
4751;26419653000;25188188888;25388188888
4752;26419659000;25229844444;25429844444
4754;26461095000;25229844444;25429844444
4755;26461097000;25229844444;25429844444
4756;26461098000;25229844444;25429844444
4757;26461099000;25229844444;25429844444
4759;26524858000;25229844444;25429844444
4760;26525421000;25229844444;25429844444
4761;26525747000;25229844444;25429844444
5037;26576890000;26271500000;26471500000
4779;26576896000;25313211111;25513211111
4780;26576898000;25313211111;25513211111
4781;26576898000;25313211111;25513211111
4782;26576900000;25313211111;25513211111
4783;26576900000;25313211111;25513211111
4784;26580495000;25313211111;25513211111
4785;26580501000;25354844444;25554844444
4786;26580502000;25354844444;25554844444
4787;26580503000;25354844444;25554844444
4788;26580504000;25354844444;25554844444
4790;26622195000;25354844444;25554844444
4791;26622197000;25354844444;25554844444
4792;26622198000;25354844444;25554844444
4793;26685814000;25354844444;25554844444
4794;26686066000;25354844444;25554844444
4795;26686417000;25354844444;25554844444
4796;26686530000;25396522222;25596522222
4797;26686731000;25396522222;25596522222
4798;26687422000;25396522222;25596522222
4799;26688167000;25396522222;25596522222
4800;26688433000;25396522222;25596522222
4801;26688669000;25396522222;25596522222
4802;26688825000;25396522222;25596522222
4803;26688832000;25396522222;25596522222
4804;26689072000;25396522222;25596522222
4805;26689079000;25396522222;25596522222
4807;26705540000;25438200000;25638200000
4808;26705544000;25438200000;25638200000
4809;26705545000;25438200000;25638200000
4811;26705546000;25438200000;25638200000
4812;26705547000;25438200000;25638200000
4813;26705547000;25438200000;25638200000
4815;26705548000;25438200000;25638200000
4816;26705549000;25438200000;25638200000
4817;26705559000;25438200000;25638200000
4818;26705561000;25479844444;25679844444
4819;26705572000;25479844444;25679844444
4820;26705572000;25479844444;25679844444
4821;26705573000;25479844444;25679844444
4822;26705574000;25479844444;25679844444
4825;26747206000;25479844444;25679844444
4826;26747208000;25479844444;25679844444
4827;26845844000;25479844444;25679844444
4828;26846440000;25479844444;25679844444
4829;26846740000;25521522222;25721522222
4830;26846977000;25521522222;25721522222
4831;26847143000;25521522222;25721522222
4832;26847695000;25521522222;25721522222
4833;26848106000;25521522222;25721522222
4835;26848790000;25521522222;25721522222
4836;26849123000;25521522222;25721522222
4837;26849303000;25521522222;25721522222
4839;26849678000;25521522222;25721522222
4840;26849855000;25563233333;25763233333
4841;26850017000;25563233333;25763233333
4842;26850019000;25563233333;25763233333
4843;26850258000;25563233333;25763233333
4844;26850490000;25563233333;25763233333
4845;26850628000;25563233333;25763233333
4846;26850647000;25563233333;25763233333
4847;26850844000;25563233333;25763233333
4848;26851039000;25563233333;25763233333
4849;26851042000;25563233333;25763233333
4850;26851253000;25563233333;25763233333
4851;26851429000;25604844444;25804844444
4852;26851434000;25604844444;25804844444
4853;26851631000;25604844444;25804844444
4854;26851715000;25604844444;25804844444
4855;26851903000;25604844444;25804844444
4856;26851906000;25604844444;25804844444
4857;26852146000;25604844444;25804844444
4860;26872091000;25604844444;25804844444
4861;27007117000;25604844444;25804844444
4862;27007203000;25646488888;25846488888
4863;27007636000;25646488888;25846488888
4864;27007829000;25646488888;25846488888
5161;27058942000;26771588888;26971588888
4893;27063888000;25729866666;25929866666
4894;27063961000;25729866666;25929866666
4895;27063966000;25771511111;25971511111
4896;27063967000;25771511111;25971511111
4897;27063968000;25771511111;25971511111
4898;27063978000;25771511111;25971511111
4899;27063979000;25771511111;25971511111
4900;27063980000;25771511111;25971511111
4901;27063981000;25771511111;25971511111
4902;27063982000;25771511111;25971511111
4903;27063983000;25771511111;25971511111
4904;27063984000;25771511111;25971511111
5197;27219756000;26896511111;27096511111
4925;27225060000;25854855555;26054855555
4926;27225063000;25854855555;26054855555
4927;27225132000;25854855555;26054855555
4928;27225136000;25896522222;26096522222
4929;27225138000;25896522222;26096522222
4930;27225151000;25896522222;26096522222
4931;27225154000;25896522222;26096522222
4932;27225155000;25896522222;26096522222
4933;27225156000;25896522222;26096522222
4934;27225157000;25896522222;26096522222
4936;27329144000;25896522222;26096522222
4937;27329324000;25896522222;26096522222
4938;27329450000;25896522222;26096522222
4939;27329618000;25938200000;26138200000
4942;27331300000;25938200000;26138200000
4943;27331523000;25938200000;26138200000
4944;27332068000;25938200000;26138200000
4945;27332253000;25938200000;26138200000
4946;27332428000;25938200000;26138200000
4947;27332678000;25938200000;26138200000
4948;27332680000;25938200000;26138200000
5266;27385271000;27146488888;27346488888
5267;27385274000;27146488888;27346488888
5268;27385381000;27146488888;27346488888
5269;27385387000;27188222222;27388222222
5270;27385388000;27188222222;27388222222
5271;27385389000;27188222222;27388222222
5272;27385390000;27188222222;27388222222
5273;27385391000;27188222222;27388222222
5274;27385392000;27188222222;27388222222
5276;27426863000;27188222222;27388222222
5277;27426865000;27188222222;27388222222
5278;27426866000;27188222222;27388222222
5279;27426978000;27188222222;27388222222
5280;27490120000;27229844444;27429844444
5281;27490410000;27229844444;27429844444
5282;27490752000;27229844444;27429844444
5283;27491024000;27229844444;27429844444
5284;27491026000;27229844444;27429844444
5285;27491080000;27229844444;27429844444
5286;27491276000;27229844444;27429844444
5287;27491532000;27229844444;27429844444
5288;27491793000;27229844444;27429844444
5289;27492259000;27229844444;27429844444
5290;27492381000;27229844444;27429844444
5291;27492504000;27271500000;27471500000
5292;27493023000;27271500000;27471500000
5293;27493025000;27271500000;27471500000
5294;27493252000;27271500000;27471500000
5295;27493307000;27271500000;27471500000
5298;27495742000;27271500000;27471500000
5300;27495744000;27271500000;27471500000
5301;27510104000;27271500000;27471500000
4996;27510110000;26146522222;26346522222
4997;27510111000;26146522222;26346522222
4998;27510112000;26146522222;26346522222
4999;27510113000;26146522222;26346522222
5000;27510115000;26146522222;26346522222
5001;27510116000;26146522222;26346522222
5002;27510116000;26146522222;26346522222
5003;27510117000;26146522222;26346522222
5004;27651300000;26146522222;26346522222
5005;27652778000;26188211111;26388211111
5006;27652984000;26188211111;26388211111
5007;27653186000;26188211111;26388211111
5008;27653400000;26188211111;26388211111
5009;27653931000;26188211111;26388211111
5010;27654172000;26188211111;26388211111
5012;27654544000;26188211111;26388211111
5013;27654774000;26188211111;26388211111
5014;27654776000;26188211111;26388211111
5015;27654994000;26188211111;26388211111
5016;27655337000;26229844444;26429844444
5017;27655712000;26229844444;26429844444
5018;27655958000;26229844444;26429844444
5019;27656230000;26229844444;26429844444
5020;27656405000;26229844444;26429844444
5022;27656635000;26229844444;26429844444
5023;27656826000;26229844444;26429844444
5024;27657069000;26229844444;26429844444
5025;27657289000;26229844444;26429844444
5026;27657489000;26229844444;26429844444
5027;27657503000;26271500000;26471500000
5028;27657691000;26271500000;26471500000
5029;27657902000;26271500000;26471500000
5030;27657905000;26271500000;26471500000
5031;27658094000;26271500000;26471500000
5032;27658107000;26271500000;26471500000
5033;27658285000;26271500000;26471500000
5034;27658299000;26271500000;26471500000
5035;27658496000;26271500000;26471500000
5036;27658721000;26271500000;26471500000
5037;27672404000;26271500000;26471500000
5368;27813628000;27563200000;27763200000
5369;27813633000;27563200000;27763200000
5370;27813634000;27563200000;27763200000
5371;27813635000;27563200000;27763200000
5372;27813636000;27563200000;27763200000
5373;27813877000;27563200000;27763200000
5374;27813880000;27563200000;27763200000
5375;27814128000;27563200000;27763200000
5376;27814147000;27563200000;27763200000
5377;27814378000;27563200000;27763200000
5378;27863955000;27563200000;27763200000
5389;27905579000;27604844444;27804844444
5390;27905585000;27646477777;27846477777
5391;27905586000;27646477777;27846477777
5392;27905587000;27646477777;27846477777
5393;27905588000;27646477777;27846477777
5394;27905589000;27646477777;27846477777
5395;27905589000;27646477777;27846477777
5396;27905590000;27646477777;27846477777
5397;27905591000;27646477777;27846477777
5398;27905592000;27646477777;27846477777
5400;27947227000;27646477777;27846477777
5401;27947232000;27688188888;27888188888
5402;27947234000;27688188888;27888188888
5403;27947235000;27688188888;27888188888
5404;27947236000;27688188888;27888188888
5407;27975880000;27688188888;27888188888
5408;27975882000;27688188888;27888188888
5409;27975883000;27688188888;27888188888
5410;27975884000;27688188888;27888188888
5411;27988771000;27688188888;27888188888
5098;27988777000;26521522222;26721522222
5099;27988778000;26521522222;26721522222
5100;27988779000;26521522222;26721522222
5101;27988780000;26521522222;26721522222
5102;27988781000;26521522222;26721522222
5104;28072602000;26563200000;26763200000
5105;28072606000;26563200000;26763200000
5106;28072607000;26563200000;26763200000
5107;28072608000;26563200000;26763200000
5108;28135217000;26563200000;26763200000
5109;28135677000;26563200000;26763200000
5110;28135880000;26563200000;26763200000
5111;28136065000;26563200000;26763200000
5112;28136639000;26563200000;26763200000
5115;28137461000;26604833333;26804833333
5470;28188430000;27938188888;28138188888
5132;28190901000;26646477777;26846477777
5134;28191017000;26646477777;26846477777
5135;28191019000;26646477777;26846477777
5136;28191128000;26646477777;26846477777
5137;28191133000;26688233333;26888233333
5138;28191135000;26688233333;26888233333
5139;28191135000;26688233333;26888233333
5140;28191137000;26688233333;26888233333
5142;28232720000;26688233333;26888233333
5143;28232722000;26688233333;26888233333
5144;28232723000;26688233333;26888233333
5145;28232724000;26688233333;26888233333
5146;28232725000;26688233333;26888233333
5147;28232839000;26688233333;26888233333
5148;28232845000;26729866666;26929866666
5149;28232846000;26729866666;26929866666
5150;28232847000;26729866666;26929866666
5151;28232848000;26729866666;26929866666
5152;28232849000;26729866666;26929866666
5153;28232850000;26729866666;26929866666
5154;28295959000;26729866666;26929866666
5155;28296343000;26729866666;26929866666
5490;28347541000;28021500000;28221500000
5196;28475063000;26896511111;27096511111
5270;28767591000;27188222222;27388222222
5352;29059217000;27479833333;27679833333
5457;29476930000;27896933333;28096933333
5458;29476934000;27896933333;28096933333
5459;29476935000;27896933333;28096933333
5460;29476936000;27896933333;28096933333
5461;29476944000;27896933333;28096933333
5462;29476945000;27896933333;28096933333
5463;29476946000;27896933333;28096933333
5464;29476947000;27896933333;28096933333
5465;29476948000;27896933333;28096933333
5466;29477055000;27896933333;28096933333
5467;29477061000;27938188888;28138188888
5468;29477062000;27938188888;28138188888
5469;29477063000;27938188888;28138188888
5470;29477064000;27938188888;28138188888
5473;29516438000;27938188888;28138188888
5474;29516441000;27938188888;28138188888
5475;29516441000;27938188888;28138188888
5478;29558022000;27979877777;28179877777
5479;29558026000;27979877777;28179877777
5480;29558027000;27979877777;28179877777
5481;29558028000;27979877777;28179877777
5482;29558029000;27979877777;28179877777
5484;29558030000;27979877777;28179877777
5485;29558031000;27979877777;28179877777
5486;29558032000;27979877777;28179877777
5487;29558033000;27979877777;28179877777
5488;29558043000;27979877777;28179877777
5489;29558055000;28021500000;28221500000
5490;29558056000;28021500000;28221500000
5491;29558057000;28021500000;28221500000
5492;29558058000;28021500000;28221500000
5493;29558059000;28021500000;28221500000
5494;29558060000;28021500000;28221500000
5495;29558061000;28021500000;28221500000
5496;29558061000;28021500000;28221500000
5497;29558063000;28021500000;28221500000
5498;29558063000;28021500000;28221500000
5499;29599632000;28021500000;28221500000
