seqnum;now;rtptime;deadline;packet_len;payload_len
0;3466750000;3425700000;3925700000;10240;10228
1;3466803000;3425700000;3925700000;10240;10228
2;3466827000;3425700000;3925700000;10240;10228
3;3466843000;3456666666;3956666666;10240;10228
4;3466852000;3456666666;3956666666;10240;10228
5;3466856000;3456666666;3956666666;10240;10228
6;3466875000;3456666666;3956666666;10240;10228
7;3466878000;3456666666;3956666666;10240;10228
8;3466882000;3456666666;3956666666;10240;10228
9;3466886000;3456666666;3956666666;10240;10228
10;3466901000;3456755555;3956755555;10240;10228
0;3466906000;3425700000;3925700000;10240;10228
2;3467128000;3425700000;3925700000;10240;10228
3;3467300000;3456666666;3956666666;10240;10228
4;3467313000;3456666666;3956666666;10240;10228
5;3467505000;3456666666;3956666666;10240;10228
6;3467515000;3456666666;3956666666;10240;10228
7;3467708000;3456666666;3956666666;10240;10228
8;3467921000;3456666666;3956666666;10240;10228
9;3467934000;3456666666;3956666666;10240;10228
10;3468134000;3456755555;3956755555;10240;10228
1;3487799000;3425700000;3925700000;10240;10228
11;3508344000;3457122222;3957122222;10240;10228
12;3508372000;3457122222;3957122222;10240;10228
13;3508377000;3457122222;3957122222;10240;10228
14;3508382000;3498288888;3998288888;10240;10228
15;3508387000;3498288888;3998288888;10240;10228
16;3508396000;3498288888;3998288888;10240;10228
17;3508411000;3498288888;3998288888;10240;10228
18;3508416000;3498288888;3998288888;10240;10228
19;3508420000;3498288888;3998288888;10240;10228
20;3508426000;3498288888;3998288888;10240;10228
21;3508429000;3498377777;3998377777;10240;10228
11;3508540000;3457122222;3957122222;10240;10228
12;3508722000;3457122222;3957122222;10240;10228
13;3508917000;3457122222;3957122222;10240;10228
14;3508930000;3498288888;3998288888;10240;10228
15;3509134000;3498288888;3998288888;10240;10228
16;3509160000;3498288888;3998288888;10240;10228
17;3509334000;3498288888;3998288888;10240;10228
18;3509357000;3498288888;3998288888;10240;10228
19;3509542000;3498288888;3998288888;10240;10228
20;3509741000;3498288888;3998288888;10240;10228
21;3509752000;3498377777;3998377777;10240;10228
22;3550021000;3498777777;3998777777;10240;10228
23;3550039000;3498777777;3998777777;10240;10228
24;3550049000;3498777777;3998777777;10240;10228
25;3550079000;3539955555;4039955555;10240;10228
26;3550085000;3539955555;4039955555;10240;10228
27;3550142000;3539955555;4039955555;10240;10228
28;3550153000;3539955555;4039955555;10240;10228
29;3550158000;3539955555;4039955555;10240;10228
30;3550163000;3539955555;4039955555;10240;10228
31;3550167000;3539955555;4039955555;10240;10228
32;3550181000;3540044444;4040044444;10240;10228
22;3550186000;3498777777;3998777777;10240;10228
23;3550399000;3498777777;3998777777;10240;10228
24;3550573000;3498777777;3998777777;10240;10228
25;3550584000;3539955555;4039955555;10240;10228
26;3550785000;3539955555;4039955555;10240;10228
27;3550791000;3539955555;4039955555;10240;10228
28;3550990000;3539955555;4039955555;10240;10228
29;3550995000;3539955555;4039955555;10240;10228
30;3551204000;3539955555;4039955555;10240;10228
31;3551399000;3539955555;4039955555;10240;10228
32;3551406000;3540044444;4040044444;10240;10228
33;3591718000;3540411111;4040411111;10240;10228
34;3591745000;3540411111;4040411111;10240;10228
35;3591750000;3540411111;4040411111;10240;10228
36;3591755000;3581622222;4081622222;10240;10228
37;3591759000;3581622222;4081622222;10240;10228
38;3591774000;3581622222;4081622222;10240;10228
39;3591780000;3581622222;4081622222;10240;10228
40;3591814000;3581622222;4081622222;10240;10228
41;3591820000;3581622222;4081622222;10240;10228
42;3591824000;3581622222;4081622222;10240;10228
43;3591851000;3581722222;4081722222;10240;10228
33;3591859000;3540411111;4040411111;10240;10228
34;3592068000;3540411111;4040411111;10240;10228
35;3592245000;3540411111;4040411111;10240;10228
36;3592252000;3581622222;4081622222;10240;10228
37;3592475000;3581622222;4081622222;10240;10228
38;3592484000;3581622222;4081622222;10240;10228
39;3592683000;3581622222;4081622222;10240;10228
40;3592710000;3581622222;4081622222;10240;10228
41;3592866000;3581622222;4081622222;10240;10228
42;3593100000;3581622222;4081622222;10240;10228
43;3593141000;3581722222;4081722222;10240;10228
44;3633389000;3582055555;4082055555;10240;10228
45;3633411000;3582055555;4082055555;10240;10228
46;3633417000;3582055555;4082055555;10240;10228
47;3633425000;3623311111;4123311111;10240;10228
48;3633430000;3623311111;4123311111;10240;10228
49;3633461000;3623311111;4123311111;10240;10228
50;3633467000;3623311111;4123311111;10240;10228
51;3633473000;3623311111;4123311111;10240;10228
53;3633487000;3623311111;4123311111;10240;10228
54;3633506000;3623400000;4123400000;10240;10228
44;3633574000;3582055555;4082055555;10240;10228
45;3633743000;3582055555;4082055555;10240;10228
46;3633922000;3582055555;4082055555;10240;10228
47;3633931000;3623311111;4123311111;10240;10228
48;3634164000;3623311111;4123311111;10240;10228
49;3634174000;3623311111;4123311111;10240;10228
50;3634369000;3623311111;4123311111;10240;10228
51;3634378000;3623311111;4123311111;10240;10228
52;3634570000;3623311111;4123311111;10240;10228
53;3634765000;3623311111;4123311111;10240;10228
54;3634776000;3623400000;4123400000;10240;10228
55;3675038000;3623733333;4123733333;10240;10228
56;3675094000;3623733333;4123733333;10240;10228
57;3675113000;3623733333;4123733333;10240;10228
58;3675118000;3664955555;4164955555;10240;10228
59;3675127000;3664955555;4164955555;10240;10228
60;3675135000;3664955555;4164955555;10240;10228
61;3675140000;3664955555;4164955555;10240;10228
62;3675147000;3664955555;4164955555;10240;10228
63;3675154000;3664955555;4164955555;10240;10228
64;3675160000;3664955555;4164955555;10240;10228
65;3675166000;3665033333;4165033333;10240;10228
55;3675179000;3623733333;4123733333;10240;10228
56;3675394000;3623733333;4123733333;10240;10228
57;3675591000;3623733333;4123733333;10240;10228
58;3675602000;3664955555;4164955555;10240;10228
59;3675796000;3664955555;4164955555;10240;10228
60;3675807000;3664955555;4164955555;10240;10228
61;3676000000;3664955555;4164955555;10240;10228
62;3676204000;3664955555;4164955555;10240;10228
63;3676216000;3664955555;4164955555;10240;10228
64;3676379000;3664955555;4164955555;10240;10228
65;3676391000;3665033333;4165033333;10240;10228
52;3695307000;3623311111;4123311111;10240;10228
66;3716802000;3665366666;4165366666;10240;10228
67;3716834000;3665366666;4165366666;10240;10228
68;3716843000;3665366666;4165366666;10240;10228
69;3716854000;3706633333;4206633333;10240;10228
70;3716873000;3706633333;4206633333;10240;10228
71;3716879000;3706633333;4206633333;10240;10228
72;3716883000;3706633333;4206633333;10240;10228
73;3716892000;3706633333;4206633333;10240;10228
74;3716896000;3706633333;4206633333;10240;10228
75;3716900000;3706633333;4206633333;10240;10228
76;3716906000;3706722222;4206722222;10240;10228
66;3716911000;3665366666;4165366666;10240;10228
67;3717069000;3665366666;4165366666;10240;10228
68;3717285000;3665366666;4165366666;10240;10228
69;3717295000;3706633333;4206633333;10240;10228
70;3717488000;3706633333;4206633333;10240;10228
71;3717497000;3706633333;4206633333;10240;10228
72;3717684000;3706633333;4206633333;10240;10228
73;3717705000;3706633333;4206633333;10240;10228
74;3717889000;3706633333;4206633333;10240;10228
75;3718072000;3706633333;4206633333;10240;10228
76;3718081000;3706722222;4206722222;10240;10228
77;3758470000;3707122222;4207122222;10240;10228
78;3758487000;3707122222;4207122222;10240;10228
79;3758493000;3707122222;4207122222;10240;10228
80;3758509000;3748322222;4248322222;10240;10228
81;3758517000;3748322222;4248322222;10240;10228
84;3758521000;3748322222;4248322222;10240;10228
85;3758542000;3748322222;4248322222;10240;10228
86;3758546000;3748322222;4248322222;10240;10228
87;3758550000;3748400000;4248400000;10240;10228
77;3758580000;3707122222;4207122222;10240;10228
78;3758776000;3707122222;4207122222;10240;10228
79;3758970000;3707122222;4207122222;10240;10228
80;3758979000;3748322222;4248322222;10240;10228
81;3759179000;3748322222;4248322222;10240;10228
82;3759188000;3748322222;4248322222;10240;10228
83;3759378000;3748322222;4248322222;10240;10228
84;3759403000;3748322222;4248322222;10240;10228
85;3759558000;3748322222;4248322222;10240;10228
86;3759759000;3748322222;4248322222;10240;10228
87;3759770000;3748400000;4248400000;10240;10228
82;3778903000;3748322222;4248322222;10240;10228
83;3778925000;3748322222;4248322222;10240;10228
88;3800066000;3748722222;4248722222;10240;10228
89;3800078000;3748722222;4248722222;10240;10228
90;3800084000;3748722222;4248722222;10240;10228
91;3800088000;3789955555;4289955555;10240;10228
92;3800096000;3789955555;4289955555;10240;10228
93;3800101000;3789955555;4289955555;10240;10228
94;3800112000;3789955555;4289955555;10240;10228
95;3800120000;3789955555;4289955555;10240;10228
96;3800128000;3789955555;4289955555;10240;10228
97;3800143000;3789955555;4289955555;10240;10228
98;3800149000;3790033333;4290033333;10240;10228
88;3800255000;3748722222;4248722222;10240;10228
89;3800393000;3748722222;4248722222;10240;10228
90;3800595000;3748722222;4248722222;10240;10228
91;3800600000;3789955555;4289955555;10240;10228
92;3800801000;3789955555;4289955555;10240;10228
93;3800805000;3789955555;4289955555;10240;10228
94;3800983000;3789955555;4289955555;10240;10228
95;3801210000;3789955555;4289955555;10240;10228
96;3801216000;3789955555;4289955555;10240;10228
97;3801414000;3789955555;4289955555;10240;10228
98;3801420000;3790033333;4290033333;10240;10228
99;3841716000;3790344444;4290344444;10240;10228
100;3841727000;3790344444;4290344444;10240;10228
101;3841732000;3790344444;4290344444;10240;10228
102;3841736000;3831633333;4331633333;10240;10228
103;3841744000;3831633333;4331633333;10240;10228
104;3841750000;3831633333;4331633333;10240;10228
105;3841756000;3831633333;4331633333;10240;10228
106;3841765000;3831633333;4331633333;10240;10228
107;3841773000;3831633333;4331633333;10240;10228
108;3841778000;3831633333;4331633333;10240;10228
109;3841799000;3831711111;4331711111;10240;10228
99;3841859000;3790344444;4290344444;10240;10228
100;3842031000;3790344444;4290344444;10240;10228
101;3842273000;3790344444;4290344444;10240;10228
102;3842295000;3831633333;4331633333;10240;10228
103;3842475000;3831633333;4331633333;10240;10228
104;3842496000;3831633333;4331633333;10240;10228
105;3842680000;3831633333;4331633333;10240;10228
106;3842700000;3831633333;4331633333;10240;10228
107;3842887000;3831633333;4331633333;10240;10228
108;3843078000;3831633333;4331633333;10240;10228
109;3843102000;3831711111;4331711111;10240;10228
110;3883420000;3831977777;4331977777;10240;10228
111;3883443000;3831977777;4331977777;10240;10228
112;3883447000;3831977777;4331977777;10240;10228
113;3883452000;3873288888;4373288888;10240;10228
114;3883457000;3873288888;4373288888;10240;10228
115;3883464000;3873288888;4373288888;10240;10228
116;3883479000;3873288888;4373288888;10240;10228
117;3883484000;3873288888;4373288888;10240;10228
118;3883490000;3873288888;4373288888;10240;10228
119;3883495000;3873288888;4373288888;10240;10228
120;3883499000;3873377777;4373377777;10240;10228
110;3883503000;3831977777;4331977777;10240;10228
111;3883735000;3831977777;4331977777;10240;10228
112;3883928000;3831977777;4331977777;10240;10228
113;3883940000;3873288888;4373288888;10240;10228
114;3884149000;3873288888;4373288888;10240;10228
115;3884160000;3873288888;4373288888;10240;10228
116;3884362000;3873288888;4373288888;10240;10228
117;3884382000;3873288888;4373288888;10240;10228
118;3884567000;3873288888;4373288888;10240;10228
119;3884765000;3873288888;4373288888;10240;10228
120;3884785000;3873377777;4373377777;10240;10228
121;3925083000;3873677777;4373677777;10240;10228
122;3925094000;3873677777;4373677777;10240;10228
123;3925099000;3873677777;4373677777;10240;10228
124;3925104000;3914966666;4414966666;10240;10228
125;3925108000;3914966666;4414966666;10240;10228
126;3925114000;3914966666;4414966666;10240;10228
127;3925121000;3914966666;4414966666;10240;10228
128;3925126000;3914966666;4414966666;10240;10228
129;3925130000;3914966666;4414966666;10240;10228
130;3925134000;3914966666;4414966666;10240;10228
131;3925149000;3915044444;4415044444;10240;10228
121;3925249000;3873677777;4373677777;10240;10228
122;3925421000;3873677777;4373677777;10240;10228
123;3925457000;3873677777;4373677777;10240;10228
124;3925623000;3914966666;4414966666;10240;10228
125;3925813000;3914966666;4414966666;10240;10228
126;3925833000;3914966666;4414966666;10240;10228
127;3926021000;3914966666;4414966666;10240;10228
128;3926033000;3914966666;4414966666;10240;10228
129;3926234000;3914966666;4414966666;10240;10228
130;3926434000;3914966666;4414966666;10240;10228
131;3926453000;3915044444;4415044444;10240;10228
132;3966848000;3915366666;4415366666;10240;10228
132;3966859000;3915366666;4415366666;10240;10228
133;3966865000;3915366666;4415366666;10240;10228
134;3966871000;3915366666;4415366666;10240;10228
135;3966875000;3956633333;4456633333;10240;10228
136;3966880000;3956633333;4456633333;10240;10228
137;3966886000;3956633333;4456633333;10240;10228
138;3966891000;3956633333;4456633333;10240;10228
139;3966895000;3956633333;4456633333;10240;10228
140;3966900000;3956633333;4456633333;10240;10228
141;3966904000;3956633333;4456633333;10240;10228
142;3966908000;3956711111;4456711111;10240;10228
133;3967052000;3915366666;4415366666;10240;10228
134;3967271000;3915366666;4415366666;10240;10228
135;3967282000;3956633333;4456633333;10240;10228
136;3967455000;3956633333;4456633333;10240;10228
137;3967467000;3956633333;4456633333;10240;10228
138;3967658000;3956633333;4456633333;10240;10228
139;3967866000;3956633333;4456633333;10240;10228
140;3967875000;3956633333;4456633333;10240;10228
141;3968059000;3956633333;4456633333;10240;10228
142;3968065000;3956711111;4456711111;10240;10228
143;4008512000;3957000000;4457000000;10240;10228
143;4008524000;3957000000;4457000000;10240;10228
144;4008530000;3957000000;4457000000;10240;10228
145;4008534000;3957000000;4457000000;10240;10228
146;4008538000;3998311111;4498311111;10240;10228
147;4008542000;3998311111;4498311111;10240;10228
148;4008546000;3998311111;4498311111;10240;10228
149;4008554000;3998311111;4498311111;10240;10228
150;4008558000;3998311111;4498311111;10240;10228
151;4008564000;3998311111;4498311111;10240;10228
152;4008568000;3998311111;4498311111;10240;10228
153;4008573000;3998388888;4498388888;10240;10228
144;4008710000;3957000000;4457000000;10240;10228
145;4008917000;3957000000;4457000000;10240;10228
146;4008927000;3998311111;4498311111;10240;10228
147;4009112000;3998311111;4498311111;10240;10228
148;4009117000;3998311111;4498311111;10240;10228
149;4009314000;3998311111;4498311111;10240;10228
150;4009518000;3998311111;4498311111;10240;10228
151;4009523000;3998311111;4498311111;10240;10228
152;4009735000;3998311111;4498311111;10240;10228
153;4009745000;3998388888;4498388888;10240;10228
154;4050209000;3998711111;4498711111;10240;10228
154;4050219000;3998711111;4498711111;10240;10228
155;4050225000;3998711111;4498711111;10240;10228
156;4050229000;3998711111;4498711111;10240;10228
157;4050234000;4039966666;4539966666;10240;10228
158;4050238000;4039966666;4539966666;10240;10228
159;4050245000;4039966666;4539966666;10240;10228
160;4050248000;4039966666;4539966666;10240;10228
161;4050252000;4039966666;4539966666;10240;10228
162;4050256000;4039966666;4539966666;10240;10228
163;4050260000;4039966666;4539966666;10240;10228
164;4050264000;4040044444;4540044444;10240;10228
155;4050349000;3998711111;4498711111;10240;10228
156;4050579000;3998711111;4498711111;10240;10228
157;4050588000;4039966666;4539966666;10240;10228
158;4050784000;4039966666;4539966666;10240;10228
159;4050793000;4039966666;4539966666;10240;10228
160;4050988000;4039966666;4539966666;10240;10228
162;4051193000;4039966666;4539966666;10240;10228
163;4051204000;4039966666;4539966666;10240;10228
164;4051395000;4040044444;4540044444;10240;10228
161;4071796000;4039966666;4539966666;10240;10228
165;4091869000;4040388888;4540388888;10240;10228
165;4091880000;4040388888;4540388888;10240;10228
166;4091886000;4040388888;4540388888;10240;10228
167;4091890000;4040388888;4540388888;10240;10228
168;4091895000;4081633333;4581633333;10240;10228
169;4091899000;4081633333;4581633333;10240;10228
170;4091904000;4081633333;4581633333;10240;10228
171;4091908000;4081633333;4581633333;10240;10228
172;4091924000;4081633333;4581633333;10240;10228
173;4091928000;4081633333;4581633333;10240;10228
174;4091932000;4081633333;4581633333;10240;10228
175;4091935000;4081711111;4581711111;10240;10228
166;4092040000;4040388888;4540388888;10240;10228
167;4092247000;4040388888;4540388888;10240;10228
168;4092257000;4081633333;4581633333;10240;10228
169;4092454000;4081633333;4581633333;10240;10228
170;4092463000;4081633333;4581633333;10240;10228
171;4092658000;4081633333;4581633333;10240;10228
172;4092860000;4081633333;4581633333;10240;10228
173;4092871000;4081633333;4581633333;10240;10228
174;4093064000;4081633333;4581633333;10240;10228
175;4093075000;4081711111;4581711111;10240;10228
176;4133522000;4082033333;4582033333;10240;10228
176;4133534000;4082033333;4582033333;10240;10228
177;4133539000;4082033333;4582033333;10240;10228
178;4133544000;4082033333;4582033333;10240;10228
179;4133552000;4123288888;4623288888;10240;10228
180;4133557000;4123288888;4623288888;10240;10228
181;4133563000;4123288888;4623288888;10240;10228
182;4133566000;4123288888;4623288888;10240;10228
183;4133574000;4123288888;4623288888;10240;10228
184;4133577000;4123288888;4623288888;10240;10228
185;4133582000;4123288888;4623288888;10240;10228
186;4133586000;4123377777;4623377777;10240;10228
177;4133707000;4082033333;4582033333;10240;10228
178;4133909000;4082033333;4582033333;10240;10228
179;4133920000;4123288888;4623288888;10240;10228
180;4134117000;4123288888;4623288888;10240;10228
181;4134128000;4123288888;4623288888;10240;10228
182;4134320000;4123288888;4623288888;10240;10228
183;4134525000;4123288888;4623288888;10240;10228
184;4134536000;4123288888;4623288888;10240;10228
187;4175165000;4123666666;4623666666;10240;10228
188;4175182000;4123666666;4623666666;10240;10228
189;4175188000;4123666666;4623666666;10240;10228
190;4175193000;4164966666;4664966666;10240;10228
191;4175197000;4164966666;4664966666;10240;10228
192;4175202000;4164966666;4664966666;10240;10228
193;4175207000;4164966666;4664966666;10240;10228
194;4175211000;4164966666;4664966666;10240;10228
195;4175215000;4164966666;4664966666;10240;10228
196;4175219000;4164966666;4664966666;10240;10228
197;4175230000;4165044444;4665044444;10240;10228
188;4175237000;4123666666;4623666666;10240;10228
189;4175366000;4123666666;4623666666;10240;10228
190;4175566000;4164966666;4664966666;10240;10228
191;4175577000;4164966666;4664966666;10240;10228
192;4175770000;4164966666;4664966666;10240;10228
193;4175781000;4164966666;4664966666;10240;10228
194;4175974000;4164966666;4664966666;10240;10228
195;4176184000;4164966666;4664966666;10240;10228
196;4176193000;4164966666;4664966666;10240;10228
197;4176374000;4165044444;4665044444;10240;10228
185;4195949000;4123288888;4623288888;10240;10228
186;4196148000;4123377777;4623377777;10240;10228
187;4196160000;4123666666;4623666666;10240;10228
198;4216858000;4165366666;4665366666;10240;10228
198;4216878000;4165366666;4665366666;10240;10228
199;4216883000;4165366666;4665366666;10240;10228
200;4216890000;4165366666;4665366666;10240;10228
201;4216893000;4206622222;4706622222;10240;10228
202;4216898000;4206622222;4706622222;10240;10228
203;4216902000;4206622222;4706622222;10240;10228
204;4216907000;4206622222;4706622222;10240;10228
205;4216910000;4206622222;4706622222;10240;10228
206;4216919000;4206622222;4706622222;10240;10228
207;4216924000;4206622222;4706622222;10240;10228
208;4216928000;4206700000;4706700000;10240;10228
199;4217035000;4165366666;4665366666;10240;10228
200;4217238000;4165366666;4665366666;10240;10228
201;4217250000;4206622222;4706622222;10240;10228
202;4217436000;4206622222;4706622222;10240;10228
203;4217442000;4206622222;4706622222;10240;10228
204;4217648000;4206622222;4706622222;10240;10228
205;4217845000;4206622222;4706622222;10240;10228
206;4217849000;4206622222;4706622222;10240;10228
207;4218058000;4206622222;4706622222;10240;10228
208;4218067000;4206700000;4706700000;10240;10228
209;4258537000;4206988888;4706988888;10240;10228
209;4258549000;4206988888;4706988888;10240;10228
210;4258554000;4206988888;4706988888;10240;10228
211;4258559000;4206988888;4706988888;10240;10228
212;4258571000;4248288888;4748288888;10240;10228
213;4258575000;4248288888;4748288888;10240;10228
214;4258580000;4248288888;4748288888;10240;10228
215;4258585000;4248288888;4748288888;10240;10228
216;4258588000;4248288888;4748288888;10240;10228
217;4258595000;4248288888;4748288888;10240;10228
218;4258599000;4248288888;4748288888;10240;10228
219;4258603000;4248377777;4748377777;10240;10228
210;4258705000;4206988888;4706988888;10240;10228
211;4258910000;4206988888;4706988888;10240;10228
212;4258920000;4248288888;4748288888;10240;10228
213;4259115000;4248288888;4748288888;10240;10228
214;4259126000;4248288888;4748288888;10240;10228
215;4259319000;4248288888;4748288888;10240;10228
216;4259526000;4248288888;4748288888;10240;10228
217;4259535000;4248288888;4748288888;10240;10228
218;4259731000;4248288888;4748288888;10240;10228
219;4259740000;4248377777;4748377777;10240;10228
220;4300197000;4248700000;4748700000;10240;10228
220;4300206000;4248700000;4748700000;10240;10228
221;4300212000;4248700000;4748700000;10240;10228
222;4300216000;4248700000;4748700000;10240;10228
223;4300220000;4289955555;4789955555;10240;10228
224;4300224000;4289955555;4789955555;10240;10228
225;4300228000;4289955555;4789955555;10240;10228
226;4300233000;4289955555;4789955555;10240;10228
227;4300237000;4289955555;4789955555;10240;10228
228;4300245000;4289955555;4789955555;10240;10228
229;4300248000;4289955555;4789955555;10240;10228
230;4300253000;4290044444;4790044444;10240;10228
221;4300371000;4248700000;4748700000;10240;10228
222;4300579000;4248700000;4748700000;10240;10228
223;4300588000;4289955555;4789955555;10240;10228
224;4300781000;4289955555;4789955555;10240;10228
225;4300791000;4289955555;4789955555;10240;10228
226;4300984000;4289955555;4789955555;10240;10228
227;4301191000;4289955555;4789955555;10240;10228
228;4301201000;4289955555;4789955555;10240;10228
229;4301397000;4289955555;4789955555;10240;10228
230;4301406000;4290044444;4790044444;10240;10228
231;4341862000;4290377777;4790377777;10240;10228
231;4341872000;4290377777;4790377777;10240;10228
232;4341877000;4290377777;4790377777;10240;10228
233;4341881000;4290377777;4790377777;10240;10228
234;4341888000;4331622222;4831622222;10240;10228
235;4341893000;4331622222;4831622222;10240;10228
236;4341897000;4331622222;4831622222;10240;10228
237;4341902000;4331622222;4831622222;10240;10228
238;4341906000;4331622222;4831622222;10240;10228
239;4341910000;4331622222;4831622222;10240;10228
240;4341917000;4331622222;4831622222;10240;10228
241;4341921000;4331711111;4831711111;10240;10228
232;4342038000;4290377777;4790377777;10240;10228
233;4342288000;4290377777;4790377777;10240;10228
235;4342297000;4331622222;4831622222;10240;10228
236;4342450000;4331622222;4831622222;10240;10228
237;4342468000;4331622222;4831622222;10240;10228
238;4342690000;4331622222;4831622222;10240;10228
239;4342709000;4331622222;4831622222;10240;10228
240;4342885000;4331622222;4831622222;10240;10228
241;4342895000;4331711111;4831711111;10240;10228
234;4362881000;4331622222;4831622222;10240;10228
242;4383575000;4331977777;4831977777;10240;10228
243;4383589000;4331977777;4831977777;10240;10228
244;4383595000;4331977777;4831977777;10240;10228
245;4383599000;4373288888;4873288888;10240;10228
246;4383604000;4373288888;4873288888;10240;10228
242;4383608000;4331977777;4831977777;10240;10228
247;4383614000;4373288888;4873288888;10240;10228
249;4383618000;4373288888;4873288888;10240;10228
250;4383638000;4373288888;4873288888;10240;10228
251;4383642000;4373288888;4873288888;10240;10228
252;4383684000;4373377777;4873377777;10240;10228
243;4383791000;4331977777;4831977777;10240;10228
244;4383811000;4331977777;4831977777;10240;10228
246;4383971000;4373288888;4873288888;10240;10228
247;4384184000;4373288888;4873288888;10240;10228
248;4384204000;4373288888;4873288888;10240;10228
249;4384388000;4373288888;4873288888;10240;10228
250;4384410000;4373288888;4873288888;10240;10228
251;4384591000;4373288888;4873288888;10240;10228
252;4384611000;4373377777;4873377777;10240;10228
248;4404027000;4373288888;4873288888;10240;10228
245;4404707000;4373288888;4873288888;10240;10228
253;4425082000;4373711111;4873711111;10240;10228
254;4425093000;4373711111;4873711111;10240;10228
255;4425097000;4373711111;4873711111;10240;10228
256;4425102000;4414988888;4914988888;10240;10228
257;4425108000;4414988888;4914988888;10240;10228
258;4425113000;4414988888;4914988888;10240;10228
259;4425117000;4414988888;4914988888;10240;10228
260;4425122000;4414988888;4914988888;10240;10228
261;4425132000;4414988888;4914988888;10240;10228
262;4425136000;4414988888;4914988888;10240;10228
263;4425146000;4415077777;4915077777;10240;10228
253;4425282000;4373711111;4873711111;10240;10228
254;4425478000;4373711111;4873711111;10240;10228
258;4425497000;4414988888;4914988888;10240;10228
259;4425648000;4414988888;4914988888;10240;10228
260;4425865000;4414988888;4914988888;10240;10228
261;4425871000;4414988888;4914988888;10240;10228
262;4426031000;4414988888;4914988888;10240;10228
263;4426064000;4415077777;4915077777;10240;10228
255;4446300000;4373711111;4873711111;10240;10228
256;4446505000;4414988888;4914988888;10240;10228
257;4446512000;4414988888;4914988888;10240;10228
264;4466750000;4415388888;4915388888;10240;10228
265;4466761000;4415388888;4915388888;10240;10228
266;4466767000;4415388888;4915388888;10240;10228
267;4466775000;4456622222;4956622222;10240;10228
268;4466779000;4456622222;4956622222;10240;10228
269;4466783000;4456622222;4956622222;10240;10228
264;4466847000;4415388888;4915388888;10240;10228
270;4466873000;4456622222;4956622222;10240;10228
271;4466895000;4456622222;4956622222;10240;10228
272;4466899000;4456622222;4956622222;10240;10228
273;4466904000;4456622222;4956622222;10240;10228
274;4466911000;4456900000;4956900000;10240;10228
265;4467058000;4415388888;4915388888;10240;10228
266;4467287000;4415388888;4915388888;10240;10228
267;4467308000;4456622222;4956622222;10240;10228
268;4467492000;4456622222;4956622222;10240;10228
269;4467512000;4456622222;4956622222;10240;10228
270;4467688000;4456622222;4956622222;10240;10228
271;4467708000;4456622222;4956622222;10240;10228
273;4467893000;4456622222;4956622222;10240;10228
274;4467903000;4456900000;4956900000;10240;10228
275;4508316000;4457222222;4957222222;10240;10228
276;4508327000;4457222222;4957222222;10240;10228
277;4508333000;4457222222;4957222222;10240;10228
278;4508337000;4498300000;4998300000;10240;10228
279;4508347000;4498300000;4998300000;10240;10228
280;4508351000;4498300000;4998300000;10240;10228
281;4508360000;4498300000;4998300000;10240;10228
282;4508417000;4498300000;4998300000;10240;10228
283;4508429000;4498300000;4998300000;10240;10228
284;4508433000;4498300000;4998300000;10240;10228
285;4508437000;4498388888;4998388888;10240;10228
275;4508536000;4457222222;4957222222;10240;10228
276;4508728000;4457222222;4957222222;10240;10228
277;4508925000;4457222222;4957222222;10240;10228
278;4508935000;4498300000;4998300000;10240;10228
279;4509143000;4498300000;4998300000;10240;10228
280;4509152000;4498300000;4998300000;10240;10228
281;4509346000;4498300000;4998300000;10240;10228
282;4509355000;4498300000;4998300000;10240;10228
283;4509548000;4498300000;4998300000;10240;10228
284;4509742000;4498300000;4998300000;10240;10228
285;4509763000;4498388888;4998388888;10240;10228
272;4528967000;4456622222;4956622222;10240;10228
286;4549986000;4498733333;4998733333;10240;10228
287;4549997000;4498733333;4998733333;10240;10228
288;4550001000;4498733333;4998733333;10240;10228
289;4550005000;4539966666;5039966666;10240;10228
290;4550014000;4539966666;5039966666;10240;10228
291;4550020000;4539966666;5039966666;10240;10228
292;4550027000;4539966666;5039966666;10240;10228
293;4550037000;4539966666;5039966666;10240;10228
294;4550114000;4539966666;5039966666;10240;10228
295;4550135000;4539966666;5039966666;10240;10228
296;4550150000;4540044444;5040044444;10240;10228
286;4550214000;4498733333;4998733333;10240;10228
287;4550399000;4498733333;4998733333;10240;10228
288;4550604000;4498733333;4998733333;10240;10228
289;4550615000;4539966666;5039966666;10240;10228
290;4550801000;4539966666;5039966666;10240;10228
291;4550822000;4539966666;5039966666;10240;10228
292;4551005000;4539966666;5039966666;10240;10228
293;4551017000;4539966666;5039966666;10240;10228
294;4551219000;4539966666;5039966666;10240;10228
295;4551418000;4539966666;5039966666;10240;10228
296;4551436000;4540044444;5040044444;10240;10228
297;4591651000;4540344444;5040344444;10240;10228
298;4591660000;4540344444;5040344444;10240;10228
299;4591665000;4540344444;5040344444;10240;10228
300;4591669000;4581622222;5081622222;10240;10228
301;4591673000;4581622222;5081622222;10240;10228
303;4591678000;4581622222;5081622222;10240;10228
304;4591696000;4581622222;5081622222;10240;10228
305;4591750000;4581622222;5081622222;10240;10228
306;4591760000;4581622222;5081622222;10240;10228
307;4591765000;4581711111;5081711111;10240;10228
297;4591864000;4540344444;5040344444;10240;10228
298;4592073000;4540344444;5040344444;10240;10228
299;4592271000;4540344444;5040344444;10240;10228
300;4592293000;4581622222;5081622222;10240;10228
301;4592466000;4581622222;5081622222;10240;10228
302;4592487000;4581622222;5081622222;10240;10228
303;4592673000;4581622222;5081622222;10240;10228
304;4592684000;4581622222;5081622222;10240;10228
305;4592850000;4581622222;5081622222;10240;10228
306;4593086000;4581622222;5081622222;10240;10228
307;4593097000;4581711111;5081711111;10240;10228
302;4611908000;4581622222;5081622222;10240;10228
308;4633378000;4582000000;5082000000;10240;10228
309;4633387000;4582000000;5082000000;10240;10228
310;4633392000;4582000000;5082000000;10240;10228
311;4633401000;4623288888;5123288888;10240;10228
312;4633406000;4623288888;5123288888;10240;10228
313;4633411000;4623288888;5123288888;10240;10228
314;4633415000;4623288888;5123288888;10240;10228
315;4633420000;4623288888;5123288888;10240;10228
316;4633423000;4623288888;5123288888;10240;10228
308;4633536000;4582000000;5082000000;10240;10228
317;4633667000;4623288888;5123288888;10240;10228
318;4633698000;4623366666;5123366666;10240;10228
309;4633708000;4582000000;5082000000;10240;10228
310;4633939000;4582000000;5082000000;10240;10228
311;4633944000;4623288888;5123288888;10240;10228
312;4634147000;4623288888;5123288888;10240;10228
313;4634153000;4623288888;5123288888;10240;10228
314;4634353000;4623288888;5123288888;10240;10228
315;4634358000;4623288888;5123288888;10240;10228
316;4634567000;4623288888;5123288888;10240;10228
317;4634763000;4623288888;5123288888;10240;10228
318;4634783000;4623366666;5123366666;10240;10228
319;4674980000;4623677777;5123677777;10240;10228
320;4674992000;4623677777;5123677777;10240;10228
321;4675009000;4623677777;5123677777;10240;10228
322;4675015000;4664966666;5164966666;10240;10228
323;4675021000;4664966666;5164966666;10240;10228
324;4675025000;4664966666;5164966666;10240;10228
325;4675038000;4664966666;5164966666;10240;10228
327;4675129000;4664966666;5164966666;10240;10228
328;4675161000;4664966666;5164966666;10240;10228
329;4675165000;4665044444;5165044444;10240;10228
319;4675284000;4623677777;5123677777;10240;10228
320;4675443000;4623677777;5123677777;10240;10228
321;4675463000;4623677777;5123677777;10240;10228
322;4675670000;4664966666;5164966666;10240;10228
323;4675842000;4664966666;5164966666;10240;10228
324;4675863000;4664966666;5164966666;10240;10228
325;4676052000;4664966666;5164966666;10240;10228
326;4676072000;4664966666;5164966666;10240;10228
327;4676266000;4664966666;5164966666;10240;10228
328;4676459000;4664966666;5164966666;10240;10228
329;4676475000;4665044444;5165044444;10240;10228
326;4695327000;4664966666;5164966666;10240;10228
330;4716650000;4665366666;5165366666;10240;10228
331;4716661000;4665366666;5165366666;10240;10228
332;4716665000;4665366666;5165366666;10240;10228
333;4716670000;4706622222;5206622222;10240;10228
334;4716674000;4706622222;5206622222;10240;10228
335;4716684000;4706622222;5206622222;10240;10228
336;4716705000;4706622222;5206622222;10240;10228
337;4716710000;4706622222;5206622222;10240;10228
338;4716716000;4706622222;5206622222;10240;10228
339;4716753000;4706622222;5206622222;10240;10228
340;4716759000;4706700000;5206700000;10240;10228
330;4716899000;4665366666;5165366666;10240;10228
331;4717151000;4665366666;5165366666;10240;10228
332;4717167000;4665366666;5165366666;10240;10228
333;4717319000;4706622222;5206622222;10240;10228
334;4717443000;4706622222;5206622222;10240;10228
335;4717457000;4706622222;5206622222;10240;10228
336;4717686000;4706622222;5206622222;10240;10228
337;4717704000;4706622222;5206622222;10240;10228
338;4717844000;4706622222;5206622222;10240;10228
339;4718053000;4706622222;5206622222;10240;10228
340;4718061000;4706700000;5206700000;10240;10228
341;4758382000;4707000000;5207000000;10240;10228
342;4758393000;4707000000;5207000000;10240;10228
343;4758398000;4707000000;5207000000;10240;10228
344;4758403000;4748322222;5248322222;10240;10228
345;4758406000;4748322222;5248322222;10240;10228
346;4758410000;4748322222;5248322222;10240;10228
347;4758419000;4748322222;5248322222;10240;10228
348;4758429000;4748322222;5248322222;10240;10228
349;4758435000;4748322222;5248322222;10240;10228
350;4758443000;4748322222;5248322222;10240;10228
351;4758449000;4748400000;5248400000;10240;10228
341;4758621000;4707000000;5207000000;10240;10228
342;4758832000;4707000000;5207000000;10240;10228
343;4758842000;4707000000;5207000000;10240;10228
344;4759011000;4748322222;5248322222;10240;10228
345;4759216000;4748322222;5248322222;10240;10228
346;4759237000;4748322222;5248322222;10240;10228
347;4759349000;4748322222;5248322222;10240;10228
348;4759617000;4748322222;5248322222;10240;10228
349;4759636000;4748322222;5248322222;10240;10228
350;4759795000;4748322222;5248322222;10240;10228
351;4759801000;4748400000;5248400000;10240;10228
352;4800019000;4748711111;5248711111;10240;10228
353;4800031000;4748711111;5248711111;10240;10228
354;4800038000;4748711111;5248711111;10240;10228
355;4800050000;4789966666;5289966666;10240;10228
356;4800055000;4789966666;5289966666;10240;10228
357;4800063000;4789966666;5289966666;10240;10228
358;4800068000;4789966666;5289966666;10240;10228
352;4800178000;4748711111;5248711111;10240;10228
359;4800288000;4789966666;5289966666;10240;10228
360;4800313000;4789966666;5289966666;10240;10228
361;4800318000;4789966666;5289966666;10240;10228
362;4800337000;4790044444;5290044444;10240;10228
353;4800415000;4748711111;5248711111;10240;10228
354;4800576000;4748711111;5248711111;10240;10228
355;4800587000;4789966666;5289966666;10240;10228
356;4800782000;4789966666;5289966666;10240;10228
357;4800793000;4789966666;5289966666;10240;10228
358;4800986000;4789966666;5289966666;10240;10228
359;4801211000;4789966666;5289966666;10240;10228
360;4801233000;4789966666;5289966666;10240;10228
361;4801405000;4789966666;5289966666;10240;10228
362;4801414000;4790044444;5290044444;10240;10228
363;4841695000;4790366666;5290366666;10240;10228
364;4841703000;4790366666;5290366666;10240;10228
365;4841711000;4790366666;5290366666;10240;10228
366;4841720000;4831622222;5331622222;10240;10228
367;4841724000;4831622222;5331622222;10240;10228
368;4841745000;4831622222;5331622222;10240;10228
369;4841749000;4831622222;5331622222;10240;10228
370;4841757000;4831622222;5331622222;10240;10228
371;4841772000;4831622222;5331622222;10240;10228
363;4841838000;4790366666;5290366666;10240;10228
372;4841957000;4831622222;5331622222;10240;10228
373;4841974000;4831711111;5331711111;10240;10228
364;4842011000;4790366666;5290366666;10240;10228
365;4842237000;4790366666;5290366666;10240;10228
366;4842251000;4831622222;5331622222;10240;10228
367;4842444000;4831622222;5331622222;10240;10228
368;4842458000;4831622222;5331622222;10240;10228
369;4842627000;4831622222;5331622222;10240;10228
370;4842847000;4831622222;5331622222;10240;10228
371;4842853000;4831622222;5331622222;10240;10228
372;4843056000;4831622222;5331622222;10240;10228
373;4843070000;4831711111;5331711111;10240;10228
374;4883368000;4831966666;5331966666;10240;10228
375;4883375000;4831966666;5331966666;10240;10228
376;4883380000;4831966666;5331966666;10240;10228
377;4883393000;4873300000;5373300000;10240;10228
378;4883398000;4873300000;5373300000;10240;10228
379;4883402000;4873300000;5373300000;10240;10228
380;4883412000;4873300000;5373300000;10240;10228
383;4883428000;4873300000;5373300000;10240;10228
384;4883457000;4873377777;5373377777;10240;10228
374;4883537000;4831966666;5331966666;10240;10228
375;4883710000;4831966666;5331966666;10240;10228
376;4883915000;4831966666;5331966666;10240;10228
377;4883921000;4873300000;5373300000;10240;10228
378;4884127000;4873300000;5373300000;10240;10228
379;4884150000;4873300000;5373300000;10240;10228
380;4884329000;4873300000;5373300000;10240;10228
381;4884528000;4873300000;5373300000;10240;10228
382;4884552000;4873300000;5373300000;10240;10228
383;4884725000;4873300000;5373300000;10240;10228
384;4884731000;4873377777;5373377777;10240;10228
385;4925207000;4873688888;5373688888;10240;10228
385;4925217000;4873688888;5373688888;10240;10228
386;4925223000;4873688888;5373688888;10240;10228
387;4925227000;4873688888;5373688888;10240;10228
388;4925231000;4914966666;5414966666;10240;10228
389;4925240000;4914966666;5414966666;10240;10228
390;4925247000;4914966666;5414966666;10240;10228
391;4925251000;4914966666;5414966666;10240;10228
392;4925261000;4914966666;5414966666;10240;10228
393;4925266000;4914966666;5414966666;10240;10228
394;4925270000;4914966666;5414966666;10240;10228
395;4925279000;4915044444;5415044444;10240;10228
386;4925372000;4873688888;5373688888;10240;10228
387;4925590000;4873688888;5373688888;10240;10228
388;4925611000;4914966666;5414966666;10240;10228
389;4925771000;4914966666;5414966666;10240;10228
390;4925778000;4914966666;5414966666;10240;10228
391;4925978000;4914966666;5414966666;10240;10228
392;4926200000;4914966666;5414966666;10240;10228
393;4926236000;4914966666;5414966666;10240;10228
394;4926397000;4914966666;5414966666;10240;10228
395;4926403000;4915044444;5415044444;10240;10228
396;4966835000;4915377777;5415377777;10240;10228
396;4966846000;4915377777;5415377777;10240;10228
397;4966852000;4915377777;5415377777;10240;10228
398;4966856000;4915377777;5415377777;10240;10228
399;4966861000;4956633333;5456633333;10240;10228
400;4966867000;4956633333;5456633333;10240;10228
401;4966879000;4956633333;5456633333;10240;10228
402;4966884000;4956633333;5456633333;10240;10228
403;4966889000;4956633333;5456633333;10240;10228
404;4966893000;4956633333;5456633333;10240;10228
405;4966913000;4956633333;5456633333;10240;10228
406;4966918000;4956711111;5456711111;10240;10228
397;4967026000;4915377777;5415377777;10240;10228
398;4967252000;4915377777;5415377777;10240;10228
399;4967273000;4956633333;5456633333;10240;10228
400;4967455000;4956633333;5456633333;10240;10228
401;4967477000;4956633333;5456633333;10240;10228
402;4967641000;4956633333;5456633333;10240;10228
403;4967846000;4956633333;5456633333;10240;10228
404;4967852000;4956633333;5456633333;10240;10228
405;4968067000;4956633333;5456633333;10240;10228
406;4968073000;4956711111;5456711111;10240;10228
381;4987455000;4873300000;5373300000;10240;10228
382;4987467000;4873300000;5373300000;10240;10228
407;5008382000;4957000000;5457000000;10240;10228
408;5008389000;4957000000;5457000000;10240;10228
409;5008405000;4957000000;5457000000;10240;10228
410;5008410000;4998300000;5498300000;10240;10228
411;5008418000;4998300000;5498300000;10240;10228
412;5008423000;4998300000;5498300000;10240;10228
413;5008444000;4998300000;5498300000;10240;10228
414;5008449000;4998300000;5498300000;10240;10228
415;5008455000;4998300000;5498300000;10240;10228
416;5008483000;4998300000;5498300000;10240;10228
417;5008490000;4998377777;5498377777;10240;10228
408;5008494000;4957000000;5457000000;10240;10228
409;5008716000;4957000000;5457000000;10240;10228
410;5008911000;4998300000;5498300000;10240;10228
411;5008918000;4998300000;5498300000;10240;10228
412;5009111000;4998300000;5498300000;10240;10228
413;5009126000;4998300000;5498300000;10240;10228
414;5009316000;4998300000;5498300000;10240;10228
415;5009515000;4998300000;5498300000;10240;10228
416;5009524000;4998300000;5498300000;10240;10228
417;5009730000;4998377777;5498377777;10240;10228
407;5029343000;4957000000;5457000000;10240;10228
418;5050250000;4998688888;5498688888;10240;10228
418;5050293000;4998688888;5498688888;10240;10228
419;5050317000;4998688888;5498688888;10240;10228
420;5050325000;4998688888;5498688888;10240;10228
421;5050386000;5039955555;5539955555;10240;10228
422;5050394000;5039955555;5539955555;10240;10228
423;5050413000;5039955555;5539955555;10240;10228
424;5050419000;5039955555;5539955555;10240;10228
427;5050427000;5039955555;5539955555;10240;10228
428;5050452000;5040033333;5540033333;10240;10228
419;5050460000;4998688888;5498688888;10240;10228
420;5050588000;4998688888;5498688888;10240;10228
421;5050600000;5039955555;5539955555;10240;10228
422;5050784000;5039955555;5539955555;10240;10228
423;5050810000;5039955555;5539955555;10240;10228
424;5050985000;5039955555;5539955555;10240;10228
425;5051213000;5039955555;5539955555;10240;10228
426;5051231000;5039955555;5539955555;10240;10228
427;5051418000;5039955555;5539955555;10240;10228
428;5051430000;5040033333;5540033333;10240;10228
429;5091886000;5040366666;5540366666;10240;10228
430;5091927000;5040366666;5540366666;10240;10228
431;5091936000;5040366666;5540366666;10240;10228
432;5091944000;5081622222;5581622222;10240;10228
433;5091950000;5081622222;5581622222;10240;10228
434;5091958000;5081622222;5581622222;10240;10228
435;5091965000;5081622222;5581622222;10240;10228
436;5091971000;5081622222;5581622222;10240;10228
429;5091977000;5040366666;5540366666;10240;10228
437;5091984000;5081622222;5581622222;10240;10228
438;5091990000;5081622222;5581622222;10240;10228
439;5091997000;5081711111;5581711111;10240;10228
430;5092017000;5040366666;5540366666;10240;10228
431;5092253000;5040366666;5540366666;10240;10228
432;5092264000;5081622222;5581622222;10240;10228
433;5092471000;5081622222;5581622222;10240;10228
434;5092485000;5081622222;5581622222;10240;10228
435;5092651000;5081622222;5581622222;10240;10228
436;5092857000;5081622222;5581622222;10240;10228
437;5092882000;5081622222;5581622222;10240;10228
438;5093089000;5081622222;5581622222;10240;10228
439;5093098000;5081711111;5581711111;10240;10228
425;5112563000;5039955555;5539955555;10240;10228
426;5112600000;5039955555;5539955555;10240;10228
440;5133475000;5082000000;5582000000;10240;10228
441;5133535000;5082000000;5582000000;10240;10228
442;5133557000;5082000000;5582000000;10240;10228
443;5133564000;5123311111;5623311111;10240;10228
444;5133569000;5123311111;5623311111;10240;10228
445;5133577000;5123311111;5623311111;10240;10228
446;5133583000;5123311111;5623311111;10240;10228
447;5133592000;5123311111;5623311111;10240;10228
448;5133598000;5123311111;5623311111;10240;10228
449;5133604000;5123311111;5623311111;10240;10228
450;5133609000;5123388888;5623388888;10240;10228
440;5133629000;5082000000;5582000000;10240;10228
441;5133730000;5082000000;5582000000;10240;10228
442;5133949000;5082000000;5582000000;10240;10228
443;5133961000;5123311111;5623311111;10240;10228
444;5134149000;5123311111;5623311111;10240;10228
445;5134157000;5123311111;5623311111;10240;10228
446;5134318000;5123311111;5623311111;10240;10228
447;5134531000;5123311111;5623311111;10240;10228
448;5134537000;5123311111;5623311111;10240;10228
449;5134728000;5123311111;5623311111;10240;10228
450;5134737000;5123388888;5623388888;10240;10228
451;5175271000;5123677777;5623677777;10240;10228
451;5175304000;5123677777;5623677777;10240;10228
452;5175314000;5123677777;5623677777;10240;10228
453;5175320000;5123677777;5623677777;10240;10228
454;5175327000;5164988888;5664988888;10240;10228
455;5175336000;5164988888;5664988888;10240;10228
456;5175343000;5164988888;5664988888;10240;10228
457;5175350000;5164988888;5664988888;10240;10228
458;5175356000;5164988888;5664988888;10240;10228
459;5175376000;5164988888;5664988888;10240;10228
460;5175383000;5164988888;5664988888;10240;10228
461;5175389000;5165066666;5665066666;10240;10228
452;5175395000;5123677777;5623677777;10240;10228
453;5175595000;5123677777;5623677777;10240;10228
454;5175604000;5164988888;5664988888;10240;10228
455;5175808000;5164988888;5664988888;10240;10228
456;5175818000;5164988888;5664988888;10240;10228
457;5176011000;5164988888;5664988888;10240;10228
458;5176247000;5164988888;5664988888;10240;10228
459;5176258000;5164988888;5664988888;10240;10228
460;5176425000;5164988888;5664988888;10240;10228
462;5216878000;5165366666;5665366666;10240;10228
463;5216915000;5165366666;5665366666;10240;10228
462;5216923000;5165366666;5665366666;10240;10228
464;5216934000;5165366666;5665366666;10240;10228
465;5216940000;5206622222;5706622222;10240;10228
466;5216947000;5206622222;5706622222;10240;10228
468;5216953000;5206622222;5706622222;10240;10228
469;5216978000;5206622222;5706622222;10240;10228
470;5216984000;5206622222;5706622222;10240;10228
471;5217021000;5206622222;5706622222;10240;10228
472;5217028000;5206711111;5706711111;10240;10228
463;5217034000;5165366666;5665366666;10240;10228
464;5217251000;5165366666;5665366666;10240;10228
465;5217260000;5206622222;5706622222;10240;10228
466;5217472000;5206622222;5706622222;10240;10228
467;5217481000;5206622222;5706622222;10240;10228
468;5217645000;5206622222;5706622222;10240;10228
469;5217670000;5206622222;5706622222;10240;10228
470;5217850000;5206622222;5706622222;10240;10228
471;5218064000;5206622222;5706622222;10240;10228
472;5218091000;5206711111;5706711111;10240;10228
461;5237641000;5165066666;5665066666;10240;10228
473;5258607000;5206988888;5706988888;10240;10228
473;5258632000;5206988888;5706988888;10240;10228
474;5258638000;5206988888;5706988888;10240;10228
475;5258645000;5206988888;5706988888;10240;10228
477;5258650000;5248288888;5748288888;10240;10228
478;5258695000;5248288888;5748288888;10240;10228
479;5258710000;5248288888;5748288888;10240;10228
480;5258715000;5248288888;5748288888;10240;10228
481;5258729000;5248288888;5748288888;10240;10228
482;5258734000;5248288888;5748288888;10240;10228
483;5258738000;5248377777;5748377777;10240;10228
474;5258742000;5206988888;5706988888;10240;10228
475;5258948000;5206988888;5706988888;10240;10228
476;5258961000;5248288888;5748288888;10240;10228
477;5259184000;5248288888;5748288888;10240;10228
478;5259203000;5248288888;5748288888;10240;10228
479;5259392000;5248288888;5748288888;10240;10228
480;5259411000;5248288888;5748288888;10240;10228
481;5259617000;5248288888;5748288888;10240;10228
482;5259767000;5248288888;5748288888;10240;10228
483;5259791000;5248377777;5748377777;10240;10228
467;5279057000;5206622222;5706622222;10240;10228
476;5279070000;5248288888;5748288888;10240;10228
484;5300064000;5248688888;5748688888;10240;10228
485;5300074000;5248688888;5748688888;10240;10228
486;5300079000;5248688888;5748688888;10240;10228
487;5300083000;5289955555;5789955555;10240;10228
488;5300087000;5289955555;5789955555;10240;10228
489;5300092000;5289955555;5789955555;10240;10228
490;5300101000;5289955555;5789955555;10240;10228
491;5300108000;5289955555;5789955555;10240;10228
492;5300117000;5289955555;5789955555;10240;10228
493;5300121000;5289955555;5789955555;10240;10228
494;5300126000;5290044444;5790044444;10240;10228
484;5300231000;5248688888;5748688888;10240;10228
485;5300446000;5248688888;5748688888;10240;10228
486;5300467000;5248688888;5748688888;10240;10228
487;5300667000;5289955555;5789955555;10240;10228
488;5300812000;5289955555;5789955555;10240;10228
489;5300832000;5289955555;5789955555;10240;10228
491;5301027000;5289955555;5789955555;10240;10228
492;5301036000;5289955555;5789955555;10240;10228
493;5301279000;5289955555;5789955555;10240;10228
494;5301301000;5290044444;5790044444;10240;10228
490;5321628000;5289955555;5789955555;10240;10228
495;5341749000;5290377777;5790377777;10240;10228
496;5341762000;5290377777;5790377777;10240;10228
497;5341767000;5290377777;5790377777;10240;10228
498;5341775000;5331622222;5831622222;10240;10228
499;5341779000;5331622222;5831622222;10240;10228
500;5341784000;5331622222;5831622222;10240;10228
501;5341792000;5331622222;5831622222;10240;10228
502;5341807000;5331622222;5831622222;10240;10228
503;5341814000;5331622222;5831622222;10240;10228
504;5341818000;5331622222;5831622222;10240;10228
505;5341823000;5331700000;5831700000;10240;10228
495;5341827000;5290377777;5790377777;10240;10228
496;5342123000;5290377777;5790377777;10240;10228
497;5342142000;5290377777;5790377777;10240;10228
498;5342339000;5331622222;5831622222;10240;10228
499;5342521000;5331622222;5831622222;10240;10228
500;5342542000;5331622222;5831622222;10240;10228
501;5342644000;5331622222;5831622222;10240;10228
502;5342845000;5331622222;5831622222;10240;10228
503;5342865000;5331622222;5831622222;10240;10228
504;5343053000;5331622222;5831622222;10240;10228
505;5343059000;5331700000;5831700000;10240;10228
506;5383540000;5332000000;5832000000;10240;10228
507;5383553000;5332000000;5832000000;10240;10228
508;5383558000;5332000000;5832000000;10240;10228
509;5383562000;5373288888;5873288888;10240;10228
510;5383567000;5373288888;5873288888;10240;10228
511;5383573000;5373288888;5873288888;10240;10228
512;5383578000;5373288888;5873288888;10240;10228
506;5383583000;5332000000;5832000000;10240;10228
513;5383587000;5373288888;5873288888;10240;10228
514;5383591000;5373288888;5873288888;10240;10228
515;5383596000;5373288888;5873288888;10240;10228
516;5383609000;5373377777;5873377777;10240;10228
507;5383743000;5332000000;5832000000;10240;10228
508;5383762000;5332000000;5832000000;10240;10228
509;5383970000;5373288888;5873288888;10240;10228
510;5384188000;5373288888;5873288888;10240;10228
511;5384205000;5373288888;5873288888;10240;10228
512;5384356000;5373288888;5873288888;10240;10228
513;5384363000;5373288888;5873288888;10240;10228
514;5384522000;5373288888;5873288888;10240;10228
515;5384759000;5373288888;5873288888;10240;10228
516;5384779000;5373377777;5873377777;10240;10228
517;5425220000;5373711111;5873711111;10240;10228
517;5425232000;5373711111;5873711111;10240;10228
518;5425238000;5373711111;5873711111;10240;10228
519;5425242000;5373711111;5873711111;10240;10228
520;5425246000;5414966666;5914966666;10240;10228
521;5425257000;5414966666;5914966666;10240;10228
522;5425262000;5414966666;5914966666;10240;10228
524;5425267000;5414966666;5914966666;10240;10228
525;5425286000;5414966666;5914966666;10240;10228
526;5425291000;5414966666;5914966666;10240;10228
527;5425307000;5415044444;5915044444;10240;10228
518;5425450000;5373711111;5873711111;10240;10228
519;5425461000;5373711111;5873711111;10240;10228
520;5425671000;5414966666;5914966666;10240;10228
521;5425818000;5414966666;5914966666;10240;10228
522;5425839000;5414966666;5914966666;10240;10228
523;5426060000;5414966666;5914966666;10240;10228
524;5426093000;5414966666;5914966666;10240;10228
525;5426198000;5414966666;5914966666;10240;10228
526;5426441000;5414966666;5914966666;10240;10228
527;5426452000;5415044444;5915044444;10240;10228
528;5466887000;5415377777;5915377777;10240;10228
528;5466899000;5415377777;5915377777;10240;10228
530;5466904000;5415377777;5915377777;10240;10228
531;5466921000;5456622222;5956622222;10240;10228
532;5466928000;5456622222;5956622222;10240;10228
533;5466933000;5456622222;5956622222;10240;10228
534;5466938000;5456622222;5956622222;10240;10228
535;5466942000;5456622222;5956622222;10240;10228
536;5466957000;5456622222;5956622222;10240;10228
537;5466961000;5456622222;5956622222;10240;10228
538;5466966000;5456711111;5956711111;10240;10228
529;5467068000;5415377777;5915377777;10240;10228
530;5467249000;5415377777;5915377777;10240;10228
531;5467268000;5456622222;5956622222;10240;10228
532;5467486000;5456622222;5956622222;10240;10228
533;5467505000;5456622222;5956622222;10240;10228
534;5467688000;5456622222;5956622222;10240;10228
535;5467708000;5456622222;5956622222;10240;10228
536;5467893000;5456622222;5956622222;10240;10228
537;5468077000;5456622222;5956622222;10240;10228
538;5468096000;5456711111;5956711111;10240;10228
523;5487357000;5414966666;5914966666;10240;10228
529;5487367000;5415377777;5915377777;10240;10228
539;5508387000;5457000000;5957000000;10240;10228
540;5508396000;5457000000;5957000000;10240;10228
541;5508402000;5457000000;5957000000;10240;10228
542;5508406000;5498288888;5998288888;10240;10228
543;5508410000;5498288888;5998288888;10240;10228
544;5508414000;5498288888;5998288888;10240;10228
545;5508418000;5498288888;5998288888;10240;10228
546;5508422000;5498288888;5998288888;10240;10228
547;5508427000;5498288888;5998288888;10240;10228
548;5508436000;5498288888;5998288888;10240;10228
549;5508441000;5498377777;5998377777;10240;10228
539;5508536000;5457000000;5957000000;10240;10228
540;5508742000;5457000000;5957000000;10240;10228
541;5508772000;5457000000;5957000000;10240;10228
542;5508943000;5498288888;5998288888;10240;10228
543;5509163000;5498288888;5998288888;10240;10228
544;5509172000;5498288888;5998288888;10240;10228
545;5509362000;5498288888;5998288888;10240;10228
546;5509373000;5498288888;5998288888;10240;10228
547;5509568000;5498288888;5998288888;10240;10228
548;5509762000;5498288888;5998288888;10240;10228
549;5509782000;5498377777;5998377777;10240;10228
550;5550069000;5498700000;5998700000;10240;10228
551;5550093000;5498700000;5998700000;10240;10228
552;5550099000;5498700000;5998700000;10240;10228
553;5550103000;5539955555;6039955555;10240;10228
554;5550108000;5539955555;6039955555;10240;10228
556;5550113000;5539955555;6039955555;10240;10228
557;5550131000;5539955555;6039955555;10240;10228
558;5550161000;5539955555;6039955555;10240;10228
559;5550178000;5539955555;6039955555;10240;10228
560;5550182000;5540044444;6040044444;10240;10228
550;5550188000;5498700000;5998700000;10240;10228
551;5550396000;5498700000;5998700000;10240;10228
552;5550602000;5498700000;5998700000;10240;10228
554;5550623000;5539955555;6039955555;10240;10228
555;5550798000;5539955555;6039955555;10240;10228
556;5550836000;5539955555;6039955555;10240;10228
557;5551003000;5539955555;6039955555;10240;10228
558;5551015000;5539955555;6039955555;10240;10228
559;5551215000;5539955555;6039955555;10240;10228
560;5551237000;5540044444;6040044444;10240;10228
555;5570357000;5539955555;6039955555;10240;10228
553;5571257000;5539955555;6039955555;10240;10228
561;5591709000;5540355555;6040355555;10240;10228
562;5591720000;5540355555;6040355555;10240;10228
563;5591725000;5540355555;6040355555;10240;10228
564;5591732000;5581622222;6081622222;10240;10228
565;5591738000;5581622222;6081622222;10240;10228
566;5591744000;5581622222;6081622222;10240;10228
567;5591749000;5581622222;6081622222;10240;10228
568;5591753000;5581622222;6081622222;10240;10228
569;5591763000;5581622222;6081622222;10240;10228
561;5591870000;5540355555;6040355555;10240;10228
570;5592015000;5581622222;6081622222;10240;10228
571;5592025000;5581700000;6081700000;10240;10228
562;5592031000;5540355555;6040355555;10240;10228
563;5592283000;5540355555;6040355555;10240;10228
564;5592294000;5581622222;6081622222;10240;10228
565;5592481000;5581622222;6081622222;10240;10228
566;5592487000;5581622222;6081622222;10240;10228
567;5592697000;5581622222;6081622222;10240;10228
568;5592702000;5581622222;6081622222;10240;10228
569;5592882000;5581622222;6081622222;10240;10228
570;5593073000;5581622222;6081622222;10240;10228
571;5593094000;5581700000;6081700000;10240;10228
572;5633316000;5582011111;6082011111;10240;10228
573;5633329000;5582011111;6082011111;10240;10228
574;5633333000;5582011111;6082011111;10240;10228
575;5633337000;5623288888;6123288888;10240;10228
576;5633341000;5623288888;6123288888;10240;10228
577;5633346000;5623288888;6123288888;10240;10228
578;5633355000;5623288888;6123288888;10240;10228
579;5633420000;5623288888;6123288888;10240;10228
580;5633435000;5623288888;6123288888;10240;10228
581;5633442000;5623288888;6123288888;10240;10228
582;5633447000;5623377777;6123377777;10240;10228
572;5633563000;5582011111;6082011111;10240;10228
573;5633748000;5582011111;6082011111;10240;10228
574;5633767000;5582011111;6082011111;10240;10228
576;5633946000;5623288888;6123288888;10240;10228
577;5634157000;5623288888;6123288888;10240;10228
578;5634168000;5623288888;6123288888;10240;10228
579;5634320000;5623288888;6123288888;10240;10228
580;5634352000;5623288888;6123288888;10240;10228
581;5634562000;5623288888;6123288888;10240;10228
582;5634580000;5623377777;6123377777;10240;10228
575;5654567000;5623288888;6123288888;10240;10228
583;5674968000;5623688888;6123688888;10240;10228
584;5674980000;5623688888;6123688888;10240;10228
585;5674984000;5623688888;6123688888;10240;10228
586;5675005000;5664966666;6164966666;10240;10228
587;5675010000;5664966666;6164966666;10240;10228
588;5675015000;5664966666;6164966666;10240;10228
589;5675113000;5664966666;6164966666;10240;10228
590;5675124000;5664966666;6164966666;10240;10228
591;5675148000;5664966666;6164966666;10240;10228
592;5675152000;5664966666;6164966666;10240;10228
593;5675156000;5665044444;6165044444;10240;10228
583;5675182000;5623688888;6123688888;10240;10228
584;5675397000;5623688888;6123688888;10240;10228
585;5675601000;5623688888;6123688888;10240;10228
586;5675623000;5664966666;6164966666;10240;10228
587;5675797000;5664966666;6164966666;10240;10228
588;5675817000;5664966666;6164966666;10240;10228
589;5676001000;5664966666;6164966666;10240;10228
590;5676013000;5664966666;6164966666;10240;10228
591;5676212000;5664966666;6164966666;10240;10228
592;5676418000;5664966666;6164966666;10240;10228
593;5676439000;5665044444;6165044444;10240;10228
594;5716642000;5665377777;6165377777;10240;10228
595;5716657000;5665377777;6165377777;10240;10228
596;5716661000;5665377777;6165377777;10240;10228
597;5716666000;5706633333;6206633333;10240;10228
598;5716670000;5706633333;6206633333;10240;10228
599;5716678000;5706633333;6206633333;10240;10228
600;5716682000;5706633333;6206633333;10240;10228
601;5716747000;5706633333;6206633333;10240;10228
602;5716757000;5706633333;6206633333;10240;10228
603;5716763000;5706633333;6206633333;10240;10228
604;5716767000;5706711111;6206711111;10240;10228
594;5716866000;5665377777;6165377777;10240;10228
595;5717040000;5665377777;6165377777;10240;10228
596;5717286000;5665377777;6165377777;10240;10228
597;5717307000;5706633333;6206633333;10240;10228
598;5717484000;5706633333;6206633333;10240;10228
599;5717504000;5706633333;6206633333;10240;10228
600;5717689000;5706633333;6206633333;10240;10228
601;5717711000;5706633333;6206633333;10240;10228
602;5717893000;5706633333;6206633333;10240;10228
603;5718075000;5706633333;6206633333;10240;10228
604;5718094000;5706711111;6206711111;10240;10228
605;5758352000;5707033333;6207033333;10240;10228
606;5758363000;5707033333;6207033333;10240;10228
607;5758372000;5707033333;6207033333;10240;10228
608;5758380000;5748333333;6248333333;10240;10228
609;5758385000;5748333333;6248333333;10240;10228
610;5758390000;5748333333;6248333333;10240;10228
611;5758397000;5748333333;6248333333;10240;10228
612;5758497000;5748333333;6248333333;10240;10228
613;5758517000;5748333333;6248333333;10240;10228
614;5758522000;5748333333;6248333333;10240;10228
615;5758527000;5748411111;6248411111;10240;10228
605;5758532000;5707033333;6207033333;10240;10228
606;5758784000;5707033333;6207033333;10240;10228
607;5758805000;5707033333;6207033333;10240;10228
608;5758978000;5748333333;6248333333;10240;10228
609;5759192000;5748333333;6248333333;10240;10228
610;5759203000;5748333333;6248333333;10240;10228
611;5759395000;5748333333;6248333333;10240;10228
612;5759416000;5748333333;6248333333;10240;10228
613;5759601000;5748333333;6248333333;10240;10228
614;5759794000;5748333333;6248333333;10240;10228
615;5759799000;5748411111;6248411111;10240;10228
616;5800027000;5748722222;6248722222;10240;10228
617;5800037000;5748722222;6248722222;10240;10228
618;5800042000;5748722222;6248722222;10240;10228
619;5800054000;5789977777;6289977777;10240;10228
620;5800069000;5789977777;6289977777;10240;10228
622;5800074000;5789977777;6289977777;10240;10228
623;5800096000;5789977777;6289977777;10240;10228
624;5800102000;5789977777;6289977777;10240;10228
625;5800115000;5789977777;6289977777;10240;10228
626;5800120000;5790055555;6290055555;10240;10228
616;5800218000;5748722222;6248722222;10240;10228
617;5800418000;5748722222;6248722222;10240;10228
618;5800424000;5748722222;6248722222;10240;10228
619;5800612000;5789977777;6289977777;10240;10228
620;5800808000;5789977777;6289977777;10240;10228
621;5800827000;5789977777;6289977777;10240;10228
622;5800987000;5789977777;6289977777;10240;10228
623;5800996000;5789977777;6289977777;10240;10228
624;5801242000;5789977777;6289977777;10240;10228
625;5801439000;5789977777;6289977777;10240;10228
626;5801459000;5790055555;6290055555;10240;10228
621;5820274000;5789977777;6289977777;10240;10228
627;5841749000;5790388888;6290388888;10240;10228
628;5841758000;5790388888;6290388888;10240;10228
629;5841763000;5790388888;6290388888;10240;10228
630;5841772000;5831644444;6331644444;10240;10228
631;5841787000;5831644444;6331644444;10240;10228
632;5841793000;5831644444;6331644444;10240;10228
633;5841801000;5831644444;6331644444;10240;10228
634;5841805000;5831644444;6331644444;10240;10228
635;5841810000;5831644444;6331644444;10240;10228
636;5841814000;5831644444;6331644444;10240;10228
637;5841831000;5831722222;6331722222;10240;10228
627;5841937000;5790388888;6290388888;10240;10228
628;5842112000;5790388888;6290388888;10240;10228
629;5842334000;5790388888;6290388888;10240;10228
630;5842353000;5831644444;6331644444;10240;10228
631;5842543000;5831644444;6331644444;10240;10228
632;5842562000;5831644444;6331644444;10240;10228
633;5842724000;5831644444;6331644444;10240;10228
635;5842743000;5831644444;6331644444;10240;10228
636;5842906000;5831644444;6331644444;10240;10228
637;5843112000;5831722222;6331722222;10240;10228
634;5863595000;5831644444;6331644444;10240;10228
638;5883387000;5831988888;6331988888;10240;10228
639;5883398000;5831988888;6331988888;10240;10228
640;5883404000;5831988888;6331988888;10240;10228
641;5883408000;5873288888;6373288888;10240;10228
642;5883414000;5873288888;6373288888;10240;10228
643;5883420000;5873288888;6373288888;10240;10228
644;5883424000;5873288888;6373288888;10240;10228
645;5883431000;5873288888;6373288888;10240;10228
646;5883435000;5873288888;6373288888;10240;10228
647;5883439000;5873288888;6373288888;10240;10228
638;5883590000;5831988888;6331988888;10240;10228
639;5883767000;5831988888;6331988888;10240;10228
640;5883787000;5831988888;6331988888;10240;10228
641;5883970000;5873288888;6373288888;10240;10228
642;5884179000;5873288888;6373288888;10240;10228
643;5884200000;5873288888;6373288888;10240;10228
644;5884395000;5873288888;6373288888;10240;10228
645;5884416000;5873288888;6373288888;10240;10228
646;5884584000;5873288888;6373288888;10240;10228
647;5884792000;5873288888;6373288888;10240;10228
648;5884801000;5873377777;6373377777;10240;10228
649;5925090000;5873677777;6373677777;10240;10228
650;5925099000;5873677777;6373677777;10240;10228
651;5925109000;5873677777;6373677777;10240;10228
652;5925114000;5914955555;6414955555;10240;10228
653;5925121000;5914955555;6414955555;10240;10228
654;5925125000;5914955555;6414955555;10240;10228
655;5925129000;5914955555;6414955555;10240;10228
656;5925144000;5914955555;6414955555;10240;10228
657;5925156000;5914955555;6414955555;10240;10228
658;5925164000;5914955555;6414955555;10240;10228
659;5925177000;5915044444;6415044444;10240;10228
649;5925183000;5873677777;6373677777;10240;10228
650;5925447000;5873677777;6373677777;10240;10228
651;5925468000;5873677777;6373677777;10240;10228
652;5925650000;5914955555;6414955555;10240;10228
653;5925828000;5914955555;6414955555;10240;10228
654;5925847000;5914955555;6414955555;10240;10228
655;5926015000;5914955555;6414955555;10240;10228
656;5926262000;5914955555;6414955555;10240;10228
657;5926272000;5914955555;6414955555;10240;10228
658;5926431000;5914955555;6414955555;10240;10228
659;5926450000;5915044444;6415044444;10240;10228
648;5945501000;5873377777;6373377777;10240;10228
660;5966730000;5915377777;6415377777;10240;10228
662;5966743000;5915377777;6415377777;10240;10228
663;5966761000;5956622222;6456622222;10240;10228
664;5966772000;5956622222;6456622222;10240;10228
665;5966777000;5956622222;6456622222;10240;10228
666;5966782000;5956622222;6456622222;10240;10228
667;5966796000;5956622222;6456622222;10240;10228
668;5966800000;5956622222;6456622222;10240;10228
669;5966817000;5956622222;6456622222;10240;10228
670;5966821000;5956700000;6456700000;10240;10228
660;5966850000;5915377777;6415377777;10240;10228
661;5967065000;5915377777;6415377777;10240;10228
662;5967318000;5915377777;6415377777;10240;10228
663;5967337000;5956622222;6456622222;10240;10228
664;5967524000;5956622222;6456622222;10240;10228
665;5967543000;5956622222;6456622222;10240;10228
666;5967725000;5956622222;6456622222;10240;10228
667;5967733000;5956622222;6456622222;10240;10228
668;5967898000;5956622222;6456622222;10240;10228
669;5968095000;5956622222;6456622222;10240;10228
670;5968115000;5956700000;6456700000;10240;10228
661;5987215000;5915377777;6415377777;10240;10228
671;6008408000;5956988888;6456988888;10240;10228
672;6008420000;5956988888;6456988888;10240;10228
673;6008425000;5956988888;6456988888;10240;10228
674;6008431000;5998288888;6498288888;10240;10228
675;6008435000;5998288888;6498288888;10240;10228
676;6008441000;5998288888;6498288888;10240;10228
677;6008445000;5998288888;6498288888;10240;10228
678;6008457000;5998288888;6498288888;10240;10228
679;6008462000;5998288888;6498288888;10240;10228
680;6008467000;5998288888;6498288888;10240;10228
681;6008471000;5998366666;6498366666;10240;10228
671;6008476000;5956988888;6456988888;10240;10228
672;6008724000;5956988888;6456988888;10240;10228
673;6008913000;5956988888;6456988888;10240;10228
674;6008920000;5998288888;6498288888;10240;10228
675;6009123000;5998288888;6498288888;10240;10228
676;6009131000;5998288888;6498288888;10240;10228
677;6009328000;5998288888;6498288888;10240;10228
678;6009550000;5998288888;6498288888;10240;10228
679;6009559000;5998288888;6498288888;10240;10228
680;6009753000;5998288888;6498288888;10240;10228
682;6050248000;5998700000;6498700000;10240;10228
683;6050259000;5998700000;6498700000;10240;10228
684;6050264000;5998700000;6498700000;10240;10228
686;6050268000;6039955555;6539955555;10240;10228
687;6050286000;6039955555;6539955555;10240;10228
682;6050291000;5998700000;6498700000;10240;10228
688;6050302000;6039955555;6539955555;10240;10228
689;6050306000;6039955555;6539955555;10240;10228
690;6050320000;6039955555;6539955555;10240;10228
691;6050324000;6039955555;6539955555;10240;10228
692;6050328000;6040033333;6540033333;10240;10228
683;6050417000;5998700000;6498700000;10240;10228
684;6050429000;5998700000;6498700000;10240;10228
685;6050604000;6039955555;6539955555;10240;10228
686;6050837000;6039955555;6539955555;10240;10228
687;6050857000;6039955555;6539955555;10240;10228
688;6051054000;6039955555;6539955555;10240;10228
689;6051074000;6039955555;6539955555;10240;10228
690;6051248000;6039955555;6539955555;10240;10228
691;6051444000;6039955555;6539955555;10240;10228
692;6051463000;6040033333;6540033333;10240;10228
685;6070722000;6039955555;6539955555;10240;10228
681;6070959000;5998366666;6498366666;10240;10228
693;6091747000;6040377777;6540377777;10240;10228
694;6091757000;6040377777;6540377777;10240;10228
695;6091762000;6040377777;6540377777;10240;10228
696;6091771000;6081633333;6581633333;10240;10228
697;6091778000;6081633333;6581633333;10240;10228
698;6091784000;6081633333;6581633333;10240;10228
699;6091791000;6081633333;6581633333;10240;10228
701;6091800000;6081633333;6581633333;10240;10228
702;6091816000;6081633333;6581633333;10240;10228
703;6091831000;6081711111;6581711111;10240;10228
693;6091906000;6040377777;6540377777;10240;10228
694;6092073000;6040377777;6540377777;10240;10228
695;6092317000;6040377777;6540377777;10240;10228
696;6092338000;6081633333;6581633333;10240;10228
697;6092522000;6081633333;6581633333;10240;10228
698;6092543000;6081633333;6581633333;10240;10228
699;6092722000;6081633333;6581633333;10240;10228
700;6092742000;6081633333;6581633333;10240;10228
701;6092926000;6081633333;6581633333;10240;10228
702;6093100000;6081633333;6581633333;10240;10228
703;6093119000;6081711111;6581711111;10240;10228
700;6112187000;6081633333;6581633333;10240;10228
704;6133374000;6082033333;6582033333;10240;10228
705;6133384000;6082033333;6582033333;10240;10228
706;6133390000;6082033333;6582033333;10240;10228
707;6133394000;6123288888;6623288888;10240;10228
708;6133399000;6123288888;6623288888;10240;10228
709;6133407000;6123288888;6623288888;10240;10228
710;6133412000;6123288888;6623288888;10240;10228
711;6133424000;6123288888;6623288888;10240;10228
712;6133429000;6123288888;6623288888;10240;10228
713;6133433000;6123288888;6623288888;10240;10228
714;6133440000;6123377777;6623377777;10240;10228
704;6133587000;6082033333;6582033333;10240;10228
705;6133756000;6082033333;6582033333;10240;10228
706;6133777000;6082033333;6582033333;10240;10228
707;6133950000;6123288888;6623288888;10240;10228
708;6134161000;6123288888;6623288888;10240;10228
709;6134171000;6123288888;6623288888;10240;10228
710;6134368000;6123288888;6623288888;10240;10228
711;6134564000;6123288888;6623288888;10240;10228
712;6134586000;6123288888;6623288888;10240;10228
713;6134744000;6123288888;6623288888;10240;10228
714;6134764000;6123377777;6623377777;10240;10228
715;6175051000;6123688888;6623688888;10240;10228
716;6175074000;6123688888;6623688888;10240;10228
717;6175079000;6123688888;6623688888;10240;10228
718;6175093000;6164955555;6664955555;10240;10228
719;6175098000;6164955555;6664955555;10240;10228
720;6175102000;6164955555;6664955555;10240;10228
721;6175107000;6164955555;6664955555;10240;10228
722;6175115000;6164955555;6664955555;10240;10228
723;6175125000;6164955555;6664955555;10240;10228
724;6175143000;6164955555;6664955555;10240;10228
725;6175149000;6165033333;6665033333;10240;10228
715;6175230000;6123688888;6623688888;10240;10228
716;6175415000;6123688888;6623688888;10240;10228
717;6175426000;6123688888;6623688888;10240;10228
718;6175584000;6164955555;6664955555;10240;10228
719;6175810000;6164955555;6664955555;10240;10228
720;6175829000;6164955555;6664955555;10240;10228
721;6176022000;6164955555;6664955555;10240;10228
722;6176031000;6164955555;6664955555;10240;10228
723;6176235000;6164955555;6664955555;10240;10228
724;6176431000;6164955555;6664955555;10240;10228
725;6176451000;6165033333;6665033333;10240;10228
726;6216698000;6165355555;6665355555;10240;10228
727;6216710000;6165355555;6665355555;10240;10228
728;6216714000;6165355555;6665355555;10240;10228
729;6216718000;6206622222;6706622222;10240;10228
730;6216722000;6206622222;6706622222;10240;10228
731;6216727000;6206622222;6706622222;10240;10228
732;6216732000;6206622222;6706622222;10240;10228
733;6216740000;6206622222;6706622222;10240;10228
734;6216746000;6206622222;6706622222;10240;10228
735;6216753000;6206622222;6706622222;10240;10228
736;6216758000;6206700000;6706700000;10240;10228
726;6216858000;6165355555;6665355555;10240;10228
727;6217060000;6165355555;6665355555;10240;10228
728;6217233000;6165355555;6665355555;10240;10228
729;6217251000;6206622222;6706622222;10240;10228
730;6217478000;6206622222;6706622222;10240;10228
731;6217495000;6206622222;6706622222;10240;10228
732;6217675000;6206622222;6706622222;10240;10228
733;6217693000;6206622222;6706622222;10240;10228
734;6217890000;6206622222;6706622222;10240;10228
735;6218070000;6206622222;6706622222;10240;10228
736;6218091000;6206700000;6706700000;10240;10228
737;6258409000;6207000000;6707000000;10240;10228
738;6258421000;6207000000;6707000000;10240;10228
739;6258426000;6207000000;6707000000;10240;10228
740;6258431000;6248288888;6748288888;10240;10228
741;6258436000;6248288888;6748288888;10240;10228
742;6258442000;6248288888;6748288888;10240;10228
743;6258446000;6248288888;6748288888;10240;10228
744;6258450000;6248288888;6748288888;10240;10228
745;6258455000;6248288888;6748288888;10240;10228
746;6258459000;6248288888;6748288888;10240;10228
747;6258463000;6248366666;6748366666;10240;10228
737;6258505000;6207000000;6707000000;10240;10228
738;6258696000;6207000000;6707000000;10240;10228
739;6258943000;6207000000;6707000000;10240;10228
740;6258955000;6248288888;6748288888;10240;10228
741;6259157000;6248288888;6748288888;10240;10228
742;6259169000;6248288888;6748288888;10240;10228
743;6259362000;6248288888;6748288888;10240;10228
744;6259383000;6248288888;6748288888;10240;10228
745;6259566000;6248288888;6748288888;10240;10228
746;6259762000;6248288888;6748288888;10240;10228
747;6259782000;6248366666;6748366666;10240;10228
748;6300063000;6248700000;6748700000;10240;10228
749;6300076000;6248700000;6748700000;10240;10228
750;6300081000;6248700000;6748700000;10240;10228
751;6300095000;6289955555;6789955555;10240;10228
752;6300098000;6289955555;6789955555;10240;10228
753;6300104000;6289955555;6789955555;10240;10228
754;6300108000;6289955555;6789955555;10240;10228
755;6300113000;6289955555;6789955555;10240;10228
756;6300122000;6289955555;6789955555;10240;10228
757;6300127000;6289955555;6789955555;10240;10228
758;6300148000;6290044444;6790044444;10240;10228
748;6300208000;6248700000;6748700000;10240;10228
749;6300395000;6248700000;6748700000;10240;10228
750;6300594000;6248700000;6748700000;10240;10228
751;6300616000;6289955555;6789955555;10240;10228
752;6300797000;6289955555;6789955555;10240;10228
753;6300818000;6289955555;6789955555;10240;10228
754;6301002000;6289955555;6789955555;10240;10228
755;6301017000;6289955555;6789955555;10240;10228
756;6301234000;6289955555;6789955555;10240;10228
757;6301433000;6289955555;6789955555;10240;10228
758;6301451000;6290044444;6790044444;10240;10228
759;6341710000;6290377777;6790377777;10240;10228
760;6341721000;6290377777;6790377777;10240;10228
761;6341726000;6290377777;6790377777;10240;10228
762;6341730000;6331622222;6831622222;10240;10228
763;6341734000;6331622222;6831622222;10240;10228
764;6341739000;6331622222;6831622222;10240;10228
765;6341744000;6331622222;6831622222;10240;10228
766;6341754000;6331622222;6831622222;10240;10228
767;6341759000;6331622222;6831622222;10240;10228
768;6341770000;6331622222;6831622222;10240;10228
769;6341775000;6331711111;6831711111;10240;10228
759;6341875000;6290377777;6790377777;10240;10228
760;6342039000;6290377777;6790377777;10240;10228
761;6342286000;6290377777;6790377777;10240;10228
762;6342297000;6331622222;6831622222;10240;10228
763;6342484000;6331622222;6831622222;10240;10228
764;6342505000;6331622222;6831622222;10240;10228
765;6342686000;6331622222;6831622222;10240;10228
766;6342707000;6331622222;6831622222;10240;10228
767;6342885000;6331622222;6831622222;10240;10228
768;6343074000;6331622222;6831622222;10240;10228
769;6343093000;6331711111;6831711111;10240;10228
770;6383394000;6331988888;6831988888;10240;10228
771;6383404000;6331988888;6831988888;10240;10228
772;6383409000;6331988888;6831988888;10240;10228
773;6383412000;6373288888;6873288888;10240;10228
774;6383421000;6373288888;6873288888;10240;10228
775;6383426000;6373288888;6873288888;10240;10228
776;6383430000;6373288888;6873288888;10240;10228
777;6383435000;6373288888;6873288888;10240;10228
778;6383438000;6373288888;6873288888;10240;10228
779;6383443000;6373288888;6873288888;10240;10228
780;6383453000;6373377777;6873377777;10240;10228
770;6383548000;6331988888;6831988888;10240;10228
771;6383741000;6331988888;6831988888;10240;10228
772;6383762000;6331988888;6831988888;10240;10228
773;6383943000;6373288888;6873288888;10240;10228
774;6384164000;6373288888;6873288888;10240;10228
775;6384173000;6373288888;6873288888;10240;10228
776;6384354000;6373288888;6873288888;10240;10228
777;6384374000;6373288888;6873288888;10240;10228
778;6384567000;6373288888;6873288888;10240;10228
779;6384756000;6373288888;6873288888;10240;10228
780;6384777000;6373377777;6873377777;10240;10228
781;6425066000;6373711111;6873711111;10240;10228
782;6425077000;6373711111;6873711111;10240;10228
783;6425095000;6373711111;6873711111;10240;10228
784;6425100000;6414955555;6914955555;10240;10228
785;6425105000;6414955555;6914955555;10240;10228
786;6425109000;6414955555;6914955555;10240;10228
787;6425114000;6414955555;6914955555;10240;10228
788;6425118000;6414955555;6914955555;10240;10228
789;6425145000;6414955555;6914955555;10240;10228
790;6425151000;6414955555;6914955555;10240;10228
791;6425155000;6415044444;6915044444;10240;10228
781;6425218000;6373711111;6873711111;10240;10228
782;6425405000;6373711111;6873711111;10240;10228
783;6425422000;6373711111;6873711111;10240;10228
784;6425602000;6414955555;6914955555;10240;10228
785;6425774000;6414955555;6914955555;10240;10228
786;6425781000;6414955555;6914955555;10240;10228
788;6426022000;6414955555;6914955555;10240;10228
789;6426032000;6414955555;6914955555;10240;10228
790;6426248000;6414955555;6914955555;10240;10228
787;6446659000;6414955555;6914955555;10240;10228
792;6466714000;6415377777;6915377777;10240;10228
793;6466726000;6415377777;6915377777;10240;10228
794;6466731000;6415377777;6915377777;10240;10228
795;6466736000;6456622222;6956622222;10240;10228
796;6466740000;6456622222;6956622222;10240;10228
797;6466745000;6456622222;6956622222;10240;10228
798;6466750000;6456622222;6956622222;10240;10228
799;6466762000;6456622222;6956622222;10240;10228
800;6466767000;6456622222;6956622222;10240;10228
801;6466781000;6456622222;6956622222;10240;10228
802;6466785000;6456700000;6956700000;10240;10228
792;6466884000;6415377777;6915377777;10240;10228
793;6467067000;6415377777;6915377777;10240;10228
794;6467269000;6415377777;6915377777;10240;10228
795;6467280000;6456622222;6956622222;10240;10228
796;6467473000;6456622222;6956622222;10240;10228
797;6467495000;6456622222;6956622222;10240;10228
798;6467671000;6456622222;6956622222;10240;10228
799;6467693000;6456622222;6956622222;10240;10228
800;6467874000;6456622222;6956622222;10240;10228
801;6468080000;6456622222;6956622222;10240;10228
802;6468101000;6456700000;6956700000;10240;10228
791;6487687000;6415044444;6915044444;10240;10228
803;6508386000;6457022222;6957022222;10240;10228
804;6508400000;6457022222;6957022222;10240;10228
805;6508406000;6457022222;6957022222;10240;10228
806;6508410000;6498288888;6998288888;10240;10228
807;6508414000;6498288888;6998288888;10240;10228
808;6508423000;6498288888;6998288888;10240;10228
809;6508428000;6498288888;6998288888;10240;10228
810;6508433000;6498288888;6998288888;10240;10228
811;6508443000;6498288888;6998288888;10240;10228
812;6508447000;6498288888;6998288888;10240;10228
813;6508456000;6498377777;6998377777;10240;10228
804;6508543000;6457022222;6957022222;10240;10228
805;6508737000;6457022222;6957022222;10240;10228
806;6508941000;6498288888;6998288888;10240;10228
807;6508953000;6498288888;6998288888;10240;10228
808;6509177000;6498288888;6998288888;10240;10228
809;6509196000;6498288888;6998288888;10240;10228
810;6509390000;6498288888;6998288888;10240;10228
811;6509411000;6498288888;6998288888;10240;10228
812;6509580000;6498288888;6998288888;10240;10228
813;6509601000;6498377777;6998377777;10240;10228
803;6529413000;6457022222;6957022222;10240;10228
814;6550120000;6498700000;6998700000;10240;10228
815;6550132000;6498700000;6998700000;10240;10228
816;6550137000;6498700000;6998700000;10240;10228
817;6550143000;6539988888;7039988888;10240;10228
818;6550147000;6539988888;7039988888;10240;10228
819;6550152000;6539988888;7039988888;10240;10228
820;6550156000;6539988888;7039988888;10240;10228
821;6550160000;6539988888;7039988888;10240;10228
822;6550175000;6539988888;7039988888;10240;10228
823;6550184000;6539988888;7039988888;10240;10228
824;6550189000;6540066666;7040066666;10240;10228
814;6550208000;6498700000;6998700000;10240;10228
815;6550465000;6498700000;6998700000;10240;10228
816;6550650000;6498700000;6998700000;10240;10228
817;6550672000;6539988888;7039988888;10240;10228
818;6550861000;6539988888;7039988888;10240;10228
819;6550882000;6539988888;7039988888;10240;10228
820;6551068000;6539988888;7039988888;10240;10228
821;6551089000;6539988888;7039988888;10240;10228
822;6551272000;6539988888;7039988888;10240;10228
823;6551468000;6539988888;7039988888;10240;10228
824;6551492000;6540066666;7040066666;10240;10228
825;6591864000;6540388888;7040388888;10240;10228
825;6591876000;6540388888;7040388888;10240;10228
826;6591882000;6540388888;7040388888;10240;10228
827;6591888000;6540388888;7040388888;10240;10228
828;6591893000;6581622222;7081622222;10240;10228
829;6591898000;6581622222;7081622222;10240;10228
830;6591902000;6581622222;7081622222;10240;10228
831;6591907000;6581622222;7081622222;10240;10228
832;6591915000;6581622222;7081622222;10240;10228
833;6591919000;6581622222;7081622222;10240;10228
834;6591928000;6581622222;7081622222;10240;10228
835;6591933000;6581700000;7081700000;10240;10228
826;6592062000;6540388888;7040388888;10240;10228
827;6592266000;6540388888;7040388888;10240;10228
828;6592279000;6581622222;7081622222;10240;10228
829;6592479000;6581622222;7081622222;10240;10228
830;6592491000;6581622222;7081622222;10240;10228
831;6592664000;6581622222;7081622222;10240;10228
832;6592685000;6581622222;7081622222;10240;10228
833;6592897000;6581622222;7081622222;10240;10228
834;6593075000;6581622222;7081622222;10240;10228
835;6593097000;6581700000;7081700000;10240;10228
836;6633540000;6582022222;7082022222;10240;10228
837;6633551000;6582022222;7082022222;10240;10228
838;6633555000;6582022222;7082022222;10240;10228
839;6633560000;6623288888;7123288888;10240;10228
840;6633583000;6623288888;7123288888;10240;10228
841;6633589000;6623288888;7123288888;10240;10228
842;6633598000;6623288888;7123288888;10240;10228
843;6633603000;6623288888;7123288888;10240;10228
836;6633607000;6582022222;7082022222;10240;10228
844;6633612000;6623288888;7123288888;10240;10228
845;6633626000;6623288888;7123288888;10240;10228
846;6633630000;6623377777;7123377777;10240;10228
837;6633747000;6582022222;7082022222;10240;10228
838;6633763000;6582022222;7082022222;10240;10228
839;6633917000;6623288888;7123288888;10240;10228
840;6634180000;6623288888;7123288888;10240;10228
841;6634200000;6623288888;7123288888;10240;10228
842;6634388000;6623288888;7123288888;10240;10228
843;6634409000;6623288888;7123288888;10240;10228
844;6634583000;6623288888;7123288888;10240;10228
845;6634783000;6623288888;7123288888;10240;10228
846;6634804000;6623377777;7123377777;10240;10228
847;6675203000;6623700000;7123700000;10240;10228
848;6675213000;6623700000;7123700000;10240;10228
849;6675219000;6623700000;7123700000;10240;10228
850;6675222000;6664955555;7164955555;10240;10228
851;6675229000;6664955555;7164955555;10240;10228
852;6675235000;6664955555;7164955555;10240;10228
853;6675255000;6664955555;7164955555;10240;10228
854;6675261000;6664955555;7164955555;10240;10228
855;6675269000;6664955555;7164955555;10240;10228
856;6675274000;6664955555;7164955555;10240;10228
857;6675285000;6665044444;7165044444;10240;10228
847;6675291000;6623700000;7123700000;10240;10228
848;6675403000;6623700000;7123700000;10240;10228
849;6675609000;6623700000;7123700000;10240;10228
850;6675619000;6664955555;7164955555;10240;10228
851;6675804000;6664955555;7164955555;10240;10228
852;6675814000;6664955555;7164955555;10240;10228
853;6675997000;6664955555;7164955555;10240;10228
854;6676212000;6664955555;7164955555;10240;10228
855;6676223000;6664955555;7164955555;10240;10228
856;6676399000;6664955555;7164955555;10240;10228
857;6676408000;6665044444;7165044444;10240;10228
858;6716903000;6665377777;7165377777;10240;10228
859;6716914000;6665377777;7165377777;10240;10228
860;6716919000;6665377777;7165377777;10240;10228
861;6716922000;6706622222;7206622222;10240;10228
862;6716927000;6706622222;7206622222;10240;10228
863;6716932000;6706622222;7206622222;10240;10228
864;6716938000;6706622222;7206622222;10240;10228
865;6716942000;6706622222;7206622222;10240;10228
858;6716946000;6665377777;7165377777;10240;10228
866;6716950000;6706622222;7206622222;10240;10228
867;6716954000;6706622222;7206622222;10240;10228
868;6716963000;6706700000;7206700000;10240;10228
859;6717071000;6665377777;7165377777;10240;10228
860;6717289000;6665377777;7165377777;10240;10228
861;6717299000;6706622222;7206622222;10240;10228
862;6717491000;6706622222;7206622222;10240;10228
863;6717510000;6706622222;7206622222;10240;10228
864;6717687000;6706622222;7206622222;10240;10228
865;6717705000;6706622222;7206622222;10240;10228
866;6717887000;6706622222;7206622222;10240;10228
867;6718070000;6706622222;7206622222;10240;10228
868;6718089000;6706700000;7206700000;10240;10228
869;6758593000;6707022222;7207022222;10240;10228
870;6758606000;6707022222;7207022222;10240;10228
871;6758612000;6707022222;7207022222;10240;10228
872;6758616000;6748322222;7248322222;10240;10228
873;6758620000;6748322222;7248322222;10240;10228
875;6758626000;6748322222;7248322222;10240;10228
876;6758645000;6748322222;7248322222;10240;10228
877;6758650000;6748322222;7248322222;10240;10228
869;6758663000;6707022222;7207022222;10240;10228
878;6758680000;6748322222;7248322222;10240;10228
879;6758685000;6748400000;7248400000;10240;10228
870;6758790000;6707022222;7207022222;10240;10228
871;6758811000;6707022222;7207022222;10240;10228
872;6758975000;6748322222;7248322222;10240;10228
873;6759187000;6748322222;7248322222;10240;10228
874;6759208000;6748322222;7248322222;10240;10228
875;6759393000;6748322222;7248322222;10240;10228
876;6759414000;6748322222;7248322222;10240;10228
877;6759599000;6748322222;7248322222;10240;10228
878;6759805000;6748322222;7248322222;10240;10228
879;6759814000;6748400000;7248400000;10240;10228
874;6779067000;6748322222;7248322222;10240;10228
880;6800056000;6748722222;7248722222;10240;10228
881;6800094000;6748722222;7248722222;10240;10228
882;6800100000;6748722222;7248722222;10240;10228
883;6800115000;6789977777;7289977777;10240;10228
884;6800120000;6789977777;7289977777;10240;10228
885;6800142000;6789977777;7289977777;10240;10228
886;6800148000;6789977777;7289977777;10240;10228
887;6800153000;6789977777;7289977777;10240;10228
888;6800163000;6789977777;7289977777;10240;10228
889;6800177000;6789977777;7289977777;10240;10228
890;6800182000;6790055555;7290055555;10240;10228
880;6800186000;6748722222;7248722222;10240;10228
881;6800417000;6748722222;7248722222;10240;10228
882;6800436000;6748722222;7248722222;10240;10228
883;6800616000;6789977777;7289977777;10240;10228
884;6800809000;6789977777;7289977777;10240;10228
885;6800820000;6789977777;7289977777;10240;10228
886;6801010000;6789977777;7289977777;10240;10228
887;6801016000;6789977777;7289977777;10240;10228
888;6801223000;6789977777;7289977777;10240;10228
889;6801422000;6789977777;7289977777;10240;10228
890;6801439000;6790055555;7290055555;10240;10228
891;6841743000;6790377777;7290377777;10240;10228
892;6841759000;6790377777;7290377777;10240;10228
893;6841763000;6790377777;7290377777;10240;10228
894;6841767000;6831655555;7331655555;10240;10228
895;6841771000;6831655555;7331655555;10240;10228
896;6841775000;6831655555;7331655555;10240;10228
897;6841779000;6831655555;7331655555;10240;10228
898;6841784000;6831655555;7331655555;10240;10228
899;6841789000;6831655555;7331655555;10240;10228
900;6841794000;6831655555;7331655555;10240;10228
901;6841802000;6831744444;7331744444;10240;10228
891;6841888000;6790377777;7290377777;10240;10228
892;6842059000;6790377777;7290377777;10240;10228
893;6842272000;6790377777;7290377777;10240;10228
894;6842287000;6831655555;7331655555;10240;10228
895;6842521000;6831655555;7331655555;10240;10228
897;6842542000;6831655555;7331655555;10240;10228
899;6842716000;6831655555;7331655555;10240;10228
900;6842736000;6831655555;7331655555;10240;10228
902;6883379000;6832011111;7332011111;10240;10228
903;6883390000;6832011111;7332011111;10240;10228
904;6883396000;6832011111;7332011111;10240;10228
905;6883403000;6873288888;7373288888;10240;10228
906;6883408000;6873288888;7373288888;10240;10228
907;6883415000;6873288888;7373288888;10240;10228
908;6883425000;6873288888;7373288888;10240;10228
909;6883429000;6873288888;7373288888;10240;10228
910;6883440000;6873288888;7373288888;10240;10228
911;6883448000;6873288888;7373288888;10240;10228
912;6883453000;6873366666;7373366666;10240;10228
902;6883538000;6832011111;7332011111;10240;10228
903;6883720000;6832011111;7332011111;10240;10228
904;6883918000;6832011111;7332011111;10240;10228
905;6883931000;6873288888;7373288888;10240;10228
906;6884122000;6873288888;7373288888;10240;10228
907;6884134000;6873288888;7373288888;10240;10228
908;6884311000;6873288888;7373288888;10240;10228
909;6884316000;6873288888;7373288888;10240;10228
910;6884514000;6873288888;7373288888;10240;10228
911;6884719000;6873288888;7373288888;10240;10228
912;6884724000;6873366666;7373366666;10240;10228
896;6903960000;6831655555;7331655555;10240;10228
898;6904160000;6831655555;7331655555;10240;10228
901;6904362000;6831744444;7331744444;10240;10228
913;6925027000;6873688888;7373688888;10240;10228
914;6925038000;6873688888;7373688888;10240;10228
915;6925064000;6873688888;7373688888;10240;10228
916;6925097000;6914966666;7414966666;10240;10228
917;6925106000;6914966666;7414966666;10240;10228
918;6925114000;6914966666;7414966666;10240;10228
919;6925122000;6914966666;7414966666;10240;10228
920;6925142000;6914966666;7414966666;10240;10228
921;6925150000;6914966666;7414966666;10240;10228
922;6925160000;6914966666;7414966666;10240;10228
923;6925179000;6915044444;7415044444;10240;10228
913;6925187000;6873688888;7373688888;10240;10228
914;6925416000;6873688888;7373688888;10240;10228
915;6925427000;6873688888;7373688888;10240;10228
916;6925621000;6914966666;7414966666;10240;10228
917;6925811000;6914966666;7414966666;10240;10228
918;6925832000;6914966666;7414966666;10240;10228
919;6926014000;6914966666;7414966666;10240;10228
920;6926026000;6914966666;7414966666;10240;10228
921;6926226000;6914966666;7414966666;10240;10228
922;6926433000;6914966666;7414966666;10240;10228
923;6926452000;6915044444;7415044444;10240;10228
924;6966734000;6915388888;7415388888;10240;10228
925;6966754000;6915388888;7415388888;10240;10228
926;6966765000;6915388888;7415388888;10240;10228
927;6966774000;6956622222;7456622222;10240;10228
928;6966783000;6956622222;7456622222;10240;10228
929;6966792000;6956622222;7456622222;10240;10228
930;6966808000;6956622222;7456622222;10240;10228
931;6966817000;6956622222;7456622222;10240;10228
932;6966824000;6956622222;7456622222;10240;10228
933;6966841000;6956622222;7456622222;10240;10228
934;6966852000;6956711111;7456711111;10240;10228
924;6966860000;6915388888;7415388888;10240;10228
925;6967072000;6915388888;7415388888;10240;10228
926;6967080000;6915388888;7415388888;10240;10228
927;6967283000;6956622222;7456622222;10240;10228
928;6967493000;6956622222;7456622222;10240;10228
929;6967514000;6956622222;7456622222;10240;10228
930;6967686000;6956622222;7456622222;10240;10228
931;6967706000;6956622222;7456622222;10240;10228
932;6967891000;6956622222;7456622222;10240;10228
933;6968064000;6956622222;7456622222;10240;10228
934;6968082000;6956711111;7456711111;10240;10228
935;7008522000;6957000000;7457000000;10240;10228
935;7008531000;6957000000;7457000000;10240;10228
936;7008537000;6957000000;7457000000;10240;10228
937;7008541000;6957000000;7457000000;10240;10228
938;7008546000;6998288888;7498288888;10240;10228
939;7008550000;6998288888;7498288888;10240;10228
940;7008555000;6998288888;7498288888;10240;10228
941;7008559000;6998288888;7498288888;10240;10228
942;7008567000;6998288888;7498288888;10240;10228
943;7008574000;6998288888;7498288888;10240;10228
944;7008581000;6998288888;7498288888;10240;10228
945;7008587000;6998377777;7498377777;10240;10228
936;7008717000;6957000000;7457000000;10240;10228
937;7008738000;6957000000;7457000000;10240;10228
938;7008924000;6998288888;7498288888;10240;10228
939;7009129000;6998288888;7498288888;10240;10228
940;7009138000;6998288888;7498288888;10240;10228
941;7009343000;6998288888;7498288888;10240;10228
942;7009352000;6998288888;7498288888;10240;10228
943;7009544000;6998288888;7498288888;10240;10228
944;7009733000;6998288888;7498288888;10240;10228
945;7009739000;6998377777;7498377777;10240;10228
946;7050220000;6998700000;7498700000;10240;10228
947;7050237000;6998700000;7498700000;10240;10228
948;7050246000;6998700000;7498700000;10240;10228
949;7050253000;7039955555;7539955555;10240;10228
950;7050265000;7039955555;7539955555;10240;10228
946;7050273000;6998700000;7498700000;10240;10228
951;7050283000;7039955555;7539955555;10240;10228
952;7050291000;7039955555;7539955555;10240;10228
953;7050301000;7039955555;7539955555;10240;10228
954;7050308000;7039955555;7539955555;10240;10228
955;7050318000;7039955555;7539955555;10240;10228
956;7050326000;7040033333;7540033333;10240;10228
947;7050413000;6998700000;7498700000;10240;10228
948;7050419000;6998700000;7498700000;10240;10228
949;7050608000;7039955555;7539955555;10240;10228
950;7050811000;7039955555;7539955555;10240;10228
951;7050830000;7039955555;7539955555;10240;10228
952;7051025000;7039955555;7539955555;10240;10228
953;7051034000;7039955555;7539955555;10240;10228
954;7051234000;7039955555;7539955555;10240;10228
955;7051437000;7039955555;7539955555;10240;10228
956;7051458000;7040033333;7540033333;10240;10228
957;7091841000;7040388888;7540388888;10240;10228
957;7091855000;7040388888;7540388888;10240;10228
958;7091861000;7040388888;7540388888;10240;10228
959;7091865000;7040388888;7540388888;10240;10228
960;7091870000;7081622222;7581622222;10240;10228
961;7091874000;7081622222;7581622222;10240;10228
962;7091880000;7081622222;7581622222;10240;10228
963;7091892000;7081622222;7581622222;10240;10228
964;7091897000;7081622222;7581622222;10240;10228
965;7091901000;7081622222;7581622222;10240;10228
966;7091919000;7081622222;7581622222;10240;10228
967;7091924000;7081700000;7581700000;10240;10228
958;7092051000;7040388888;7540388888;10240;10228
959;7092287000;7040388888;7540388888;10240;10228
960;7092298000;7081622222;7581622222;10240;10228
961;7092449000;7081622222;7581622222;10240;10228
962;7092469000;7081622222;7581622222;10240;10228
963;7092691000;7081622222;7581622222;10240;10228
964;7092709000;7081622222;7581622222;10240;10228
965;7092896000;7081622222;7581622222;10240;10228
966;7093064000;7081622222;7581622222;10240;10228
967;7093085000;7081700000;7581700000;10240;10228
968;7133549000;7082022222;7582022222;10240;10228
969;7133568000;7082022222;7582022222;10240;10228
970;7133577000;7082022222;7582022222;10240;10228
971;7133585000;7123288888;7623288888;10240;10228
972;7133593000;7123288888;7623288888;10240;10228
968;7133600000;7082022222;7582022222;10240;10228
973;7133608000;7123288888;7623288888;10240;10228
975;7133614000;7123288888;7623288888;10240;10228
976;7133636000;7123288888;7623288888;10240;10228
977;7133644000;7123288888;7623288888;10240;10228
978;7133653000;7123377777;7623377777;10240;10228
969;7133753000;7082022222;7582022222;10240;10228
970;7133762000;7082022222;7582022222;10240;10228
971;7133935000;7123288888;7623288888;10240;10228
972;7134162000;7123288888;7623288888;10240;10228
973;7134171000;7123288888;7623288888;10240;10228
974;7134366000;7123288888;7623288888;10240;10228
975;7134391000;7123288888;7623288888;10240;10228
976;7134568000;7123288888;7623288888;10240;10228
977;7134763000;7123288888;7623288888;10240;10228
978;7134783000;7123377777;7623377777;10240;10228
974;7154038000;7123288888;7623288888;10240;10228
979;7175033000;7123688888;7623688888;10240;10228
980;7175067000;7123688888;7623688888;10240;10228
981;7175076000;7123688888;7623688888;10240;10228
982;7175093000;7164955555;7664955555;10240;10228
983;7175102000;7164955555;7664955555;10240;10228
984;7175112000;7164955555;7664955555;10240;10228
985;7175121000;7164955555;7664955555;10240;10228
986;7175141000;7164955555;7664955555;10240;10228
987;7175150000;7164955555;7664955555;10240;10228
988;7175158000;7164955555;7664955555;10240;10228
989;7175181000;7165033333;7665033333;10240;10228
979;7175189000;7123688888;7623688888;10240;10228
980;7175416000;7123688888;7623688888;10240;10228
981;7175437000;7123688888;7623688888;10240;10228
982;7175618000;7164955555;7664955555;10240;10228
983;7175809000;7164955555;7664955555;10240;10228
984;7175830000;7164955555;7664955555;10240;10228
985;7176018000;7164955555;7664955555;10240;10228
986;7176030000;7164955555;7664955555;10240;10228
987;7176230000;7164955555;7664955555;10240;10228
988;7176435000;7164955555;7664955555;10240;10228
989;7176455000;7165033333;7665033333;10240;10228
990;7216725000;7165366666;7665366666;10240;10228
991;7216742000;7165366666;7665366666;10240;10228
992;7216751000;7165366666;7665366666;10240;10228
993;7216762000;7206622222;7706622222;10240;10228
994;7216770000;7206622222;7706622222;10240;10228
995;7216779000;7206622222;7706622222;10240;10228
996;7216785000;7206622222;7706622222;10240;10228
997;7216795000;7206622222;7706622222;10240;10228
998;7216801000;7206622222;7706622222;10240;10228
999;7216821000;7206622222;7706622222;10240;10228
1000;7216828000;7206700000;7706700000;10240;10228
990;7216851000;7165366666;7665366666;10240;10228
991;7217078000;7165366666;7665366666;10240;10228
992;7217087000;7165366666;7665366666;10240;10228
993;7217288000;7206622222;7706622222;10240;10228
994;7217500000;7206622222;7706622222;10240;10228
995;7217520000;7206622222;7706622222;10240;10228
996;7217692000;7206622222;7706622222;10240;10228
997;7217712000;7206622222;7706622222;10240;10228
998;7217886000;7206622222;7706622222;10240;10228
999;7218060000;7206622222;7706622222;10240;10228
1000;7218066000;7206700000;7706700000;10240;10228
1001;7258544000;7207000000;7707000000;10240;10228
1001;7258554000;7207000000;7707000000;10240;10228
1002;7258559000;7207000000;7707000000;10240;10228
1003;7258567000;7207000000;7707000000;10240;10228
1004;7258572000;7248311111;7748311111;10240;10228
1005;7258578000;7248311111;7748311111;10240;10228
1006;7258582000;7248311111;7748311111;10240;10228
1007;7258587000;7248311111;7748311111;10240;10228
1008;7258600000;7248311111;7748311111;10240;10228
1009;7258605000;7248311111;7748311111;10240;10228
1010;7258610000;7248311111;7748311111;10240;10228
1011;7258614000;7248388888;7748388888;10240;10228
1002;7258732000;7207000000;7707000000;10240;10228
1005;7258741000;7248311111;7748311111;10240;10228
1006;7258899000;7248311111;7748311111;10240;10228
1007;7259151000;7248311111;7748311111;10240;10228
1008;7259161000;7248311111;7748311111;10240;10228
1009;7259362000;7248311111;7748311111;10240;10228
1010;7259373000;7248311111;7748311111;10240;10228
1011;7259571000;7248388888;7748388888;10240;10228
1003;7279604000;7207000000;7707000000;10240;10228
1004;7279805000;7248311111;7748311111;10240;10228
1012;7300225000;7248733333;7748733333;10240;10228
1013;7300241000;7248733333;7748733333;10240;10228
1014;7300252000;7248733333;7748733333;10240;10228
1015;7300259000;7289977777;7789977777;10240;10228
1016;7300267000;7289977777;7789977777;10240;10228
1012;7300274000;7248733333;7748733333;10240;10228
1017;7300283000;7289977777;7789977777;10240;10228
1018;7300291000;7289977777;7789977777;10240;10228
1019;7300300000;7289977777;7789977777;10240;10228
1020;7300309000;7289977777;7789977777;10240;10228
1021;7300321000;7289977777;7789977777;10240;10228
1022;7300330000;7290066666;7790066666;10240;10228
1013;7300423000;7248733333;7748733333;10240;10228
1014;7300435000;7248733333;7748733333;10240;10228
1015;7300624000;7289977777;7789977777;10240;10228
1016;7300815000;7289977777;7789977777;10240;10228
1017;7300833000;7289977777;7789977777;10240;10228
1018;7301025000;7289977777;7789977777;10240;10228
1019;7301034000;7289977777;7789977777;10240;10228
1020;7301235000;7289977777;7789977777;10240;10228
1021;7301432000;7289977777;7789977777;10240;10228
1022;7301452000;7290066666;7790066666;10240;10228
1023;7341876000;7290422222;7790422222;10240;10228
1023;7341886000;7290422222;7790422222;10240;10228
1024;7341892000;7290422222;7790422222;10240;10228
1025;7341896000;7290422222;7790422222;10240;10228
1026;7341901000;7331622222;7831622222;10240;10228
1027;7341905000;7331622222;7831622222;10240;10228
1028;7341910000;7331622222;7831622222;10240;10228
1029;7341914000;7331622222;7831622222;10240;10228
1030;7341924000;7331622222;7831622222;10240;10228
1031;7341928000;7331622222;7831622222;10240;10228
1032;7341937000;7331622222;7831622222;10240;10228
1033;7341942000;7331711111;7831711111;10240;10228
1024;7342036000;7290422222;7790422222;10240;10228
1025;7342289000;7290422222;7790422222;10240;10228
1026;7342299000;7331622222;7831622222;10240;10228
1027;7342449000;7331622222;7831622222;10240;10228
1028;7342458000;7331622222;7831622222;10240;10228
1029;7342676000;7331622222;7831622222;10240;10228
1030;7342886000;7331622222;7831622222;10240;10228
1031;7342897000;7331622222;7831622222;10240;10228
1032;7343061000;7331622222;7831622222;10240;10228
1033;7343082000;7331711111;7831711111;10240;10228
1034;7383553000;7332000000;7832000000;10240;10228
1035;7383570000;7332000000;7832000000;10240;10228
1036;7383579000;7332000000;7832000000;10240;10228
1037;7383586000;7373288888;7873288888;10240;10228
1038;7383597000;7373288888;7873288888;10240;10228
1034;7383605000;7332000000;7832000000;10240;10228
1039;7383615000;7373288888;7873288888;10240;10228
1040;7383623000;7373288888;7873288888;10240;10228
1041;7383632000;7373288888;7873288888;10240;10228
1042;7383641000;7373288888;7873288888;10240;10228
1043;7383651000;7373288888;7873288888;10240;10228
1044;7383657000;7373377777;7873377777;10240;10228
1035;7383748000;7332000000;7832000000;10240;10228
1036;7383754000;7332000000;7832000000;10240;10228
1037;7383936000;7373288888;7873288888;10240;10228
1038;7384156000;7373288888;7873288888;10240;10228
1039;7384167000;7373288888;7873288888;10240;10228
1040;7384368000;7373288888;7873288888;10240;10228
1041;7384377000;7373288888;7873288888;10240;10228
1042;7384571000;7373288888;7873288888;10240;10228
1043;7384770000;7373288888;7873288888;10240;10228
1044;7384790000;7373377777;7873377777;10240;10228
1045;7425159000;7373700000;7873700000;10240;10228
1045;7425173000;7373700000;7873700000;10240;10228
1046;7425188000;7373700000;7873700000;10240;10228
1047;7425195000;7373700000;7873700000;10240;10228
1048;7425205000;7414955555;7914955555;10240;10228
1049;7425211000;7414955555;7914955555;10240;10228
1050;7425217000;7414955555;7914955555;10240;10228
1051;7425222000;7414955555;7914955555;10240;10228
1052;7425229000;7414955555;7914955555;10240;10228
1053;7425235000;7414955555;7914955555;10240;10228
1054;7425241000;7414955555;7914955555;10240;10228
1055;7425246000;7415044444;7915044444;10240;10228
1046;7425351000;7373700000;7873700000;10240;10228
1047;7425577000;7373700000;7873700000;10240;10228
1048;7425596000;7414955555;7914955555;10240;10228
1049;7425773000;7414955555;7914955555;10240;10228
1050;7425781000;7414955555;7914955555;10240;10228
1051;7425978000;7414955555;7914955555;10240;10228
1052;7425985000;7414955555;7914955555;10240;10228
1053;7426190000;7414955555;7914955555;10240;10228
1054;7426387000;7414955555;7914955555;10240;10228
1055;7426397000;7415044444;7915044444;10240;10228
1056;7466848000;7415366666;7915366666;10240;10228
1057;7466860000;7415366666;7915366666;10240;10228
1058;7466867000;7415366666;7915366666;10240;10228
1059;7466881000;7456622222;7956622222;10240;10228
1060;7466889000;7456622222;7956622222;10240;10228
1061;7466900000;7456622222;7956622222;10240;10228
1062;7466909000;7456622222;7956622222;10240;10228
1063;7466917000;7456622222;7956622222;10240;10228
1056;7466926000;7415366666;7915366666;10240;10228
1064;7466939000;7456622222;7956622222;10240;10228
1065;7466948000;7456622222;7956622222;10240;10228
1066;7466957000;7456700000;7956700000;10240;10228
1057;7467053000;7415366666;7915366666;10240;10228
1058;7467244000;7415366666;7915366666;10240;10228
1059;7467259000;7456622222;7956622222;10240;10228
1060;7467447000;7456622222;7956622222;10240;10228
1061;7467463000;7456622222;7956622222;10240;10228
1062;7467676000;7456622222;7956622222;10240;10228
1063;7467692000;7456622222;7956622222;10240;10228
1064;7467848000;7456622222;7956622222;10240;10228
1065;7468039000;7456622222;7956622222;10240;10228
1066;7468059000;7456700000;7956700000;10240;10228
1067;7508492000;7456988888;7956988888;10240;10228
1067;7508505000;7456988888;7956988888;10240;10228
1068;7508511000;7456988888;7956988888;10240;10228
1069;7508517000;7456988888;7956988888;10240;10228
1072;7508523000;7498288888;7998288888;10240;10228
1073;7508544000;7498288888;7998288888;10240;10228
1074;7508553000;7498288888;7998288888;10240;10228
1075;7508561000;7498288888;7998288888;10240;10228
1076;7508566000;7498288888;7998288888;10240;10228
1077;7508581000;7498377777;7998377777;10240;10228
1068;7508684000;7456988888;7956988888;10240;10228
1069;7508902000;7456988888;7956988888;10240;10228
1070;7508909000;7498288888;7998288888;10240;10228
1071;7509120000;7498288888;7998288888;10240;10228
1073;7509141000;7498288888;7998288888;10240;10228
1074;7509321000;7498288888;7998288888;10240;10228
1075;7509338000;7498288888;7998288888;10240;10228
1076;7509517000;7498288888;7998288888;10240;10228
1077;7509524000;7498377777;7998377777;10240;10228
1070;7528921000;7498288888;7998288888;10240;10228
1071;7528936000;7498288888;7998288888;10240;10228
1072;7529728000;7498288888;7998288888;10240;10228
1078;7550052000;7498688888;7998688888;10240;10228
1079;7550066000;7498688888;7998688888;10240;10228
1080;7550077000;7498688888;7998688888;10240;10228
1083;7550084000;7539966666;8039966666;10240;10228
1084;7550105000;7539966666;8039966666;10240;10228
1085;7550114000;7539966666;8039966666;10240;10228
1086;7550121000;7539966666;8039966666;10240;10228
1087;7550139000;7539966666;8039966666;10240;10228
1088;7550157000;7540044444;8040044444;10240;10228
1078;7550191000;7498688888;7998688888;10240;10228
1079;7550430000;7498688888;7998688888;10240;10228
1080;7550446000;7498688888;7998688888;10240;10228
1081;7550639000;7539966666;8039966666;10240;10228
1082;7550826000;7539966666;8039966666;10240;10228
1083;7550849000;7539966666;8039966666;10240;10228
1084;7551025000;7539966666;8039966666;10240;10228
1085;7551034000;7539966666;8039966666;10240;10228
1086;7551265000;7539966666;8039966666;10240;10228
1087;7551448000;7539966666;8039966666;10240;10228
1088;7551458000;7540044444;8040044444;10240;10228
1081;7570528000;7539966666;8039966666;10240;10228
1082;7570541000;7539966666;8039966666;10240;10228
1089;7591709000;7540344444;8040344444;10240;10228
1090;7591722000;7540344444;8040344444;10240;10228
1091;7591730000;7540344444;8040344444;10240;10228
1092;7591737000;7581622222;8081622222;10240;10228
1093;7591751000;7581622222;8081622222;10240;10228
1094;7591760000;7581622222;8081622222;10240;10228
1095;7591769000;7581622222;8081622222;10240;10228
1096;7591778000;7581622222;8081622222;10240;10228
1097;7591786000;7581622222;8081622222;10240;10228
1098;7591807000;7581622222;8081622222;10240;10228
1099;7591814000;7581700000;8081700000;10240;10228
1090;7591844000;7540344444;8040344444;10240;10228
1091;7592095000;7540344444;8040344444;10240;10228
1092;7592107000;7581622222;8081622222;10240;10228
1093;7592307000;7581622222;8081622222;10240;10228
1094;7592501000;7581622222;8081622222;10240;10228
1095;7592516000;7581622222;8081622222;10240;10228
1096;7592693000;7581622222;8081622222;10240;10228
1097;7592702000;7581622222;8081622222;10240;10228
1098;7592911000;7581622222;8081622222;10240;10228
1089;7612550000;7540344444;8040344444;10240;10228
1100;7633394000;7582000000;8082000000;10240;10228
1101;7633409000;7582000000;8082000000;10240;10228
1102;7633417000;7582000000;8082000000;10240;10228
1103;7633427000;7623288888;8123288888;10240;10228
1104;7633435000;7623288888;8123288888;10240;10228
1105;7633446000;7623288888;8123288888;10240;10228
1106;7633453000;7623288888;8123288888;10240;10228
1107;7633462000;7623288888;8123288888;10240;10228
1108;7633486000;7623288888;8123288888;10240;10228
1109;7633506000;7623288888;8123288888;10240;10228
1110;7633514000;7623377777;8123377777;10240;10228
1100;7633522000;7582000000;8082000000;10240;10228
1101;7633754000;7582000000;8082000000;10240;10228
1102;7633769000;7582000000;8082000000;10240;10228
1103;7633952000;7623288888;8123288888;10240;10228
1104;7634151000;7623288888;8123288888;10240;10228
1105;7634162000;7623288888;8123288888;10240;10228
1106;7634360000;7623288888;8123288888;10240;10228
1107;7634372000;7623288888;8123288888;10240;10228
1108;7634563000;7623288888;8123288888;10240;10228
1109;7634772000;7623288888;8123288888;10240;10228
1110;7634790000;7623377777;8123377777;10240;10228
1099;7654115000;7581700000;8081700000;10240;10228
1111;7675226000;7623677777;8123677777;10240;10228
1111;7675240000;7623677777;8123677777;10240;10228
1112;7675250000;7623677777;8123677777;10240;10228
1113;7675260000;7623677777;8123677777;10240;10228
1114;7675268000;7664955555;8164955555;10240;10228
1115;7675275000;7664955555;8164955555;10240;10228
1116;7675283000;7664955555;8164955555;10240;10228
1117;7675291000;7664955555;8164955555;10240;10228
1118;7675299000;7664955555;8164955555;10240;10228
1119;7675307000;7664955555;8164955555;10240;10228
1120;7675317000;7664955555;8164955555;10240;10228
1121;7675325000;7665033333;8165033333;10240;10228
1112;7675453000;7623677777;8123677777;10240;10228
1114;7675469000;7664955555;8164955555;10240;10228
1115;7675643000;7664955555;8164955555;10240;10228
1116;7675817000;7664955555;8164955555;10240;10228
1117;7675827000;7664955555;8164955555;10240;10228
1118;7676066000;7664955555;8164955555;10240;10228
1113;7696298000;7623677777;8123677777;10240;10228
1122;7716847000;7665366666;8165366666;10240;10228
1123;7716861000;7665366666;8165366666;10240;10228
1124;7716870000;7665366666;8165366666;10240;10228
1125;7716876000;7706622222;8206622222;10240;10228
1126;7716884000;7706622222;8206622222;10240;10228
1127;7716892000;7706622222;8206622222;10240;10228
1129;7716902000;7706622222;8206622222;10240;10228
1130;7716923000;7706622222;8206622222;10240;10228
1131;7716931000;7706622222;8206622222;10240;10228
1132;7716938000;7706700000;8206700000;10240;10228
1122;7716956000;7665366666;8165366666;10240;10228
1123;7717051000;7665366666;8165366666;10240;10228
1124;7717290000;7665366666;8165366666;10240;10228
1125;7717305000;7706622222;8206622222;10240;10228
1126;7717497000;7706622222;8206622222;10240;10228
1127;7717519000;7706622222;8206622222;10240;10228
1128;7717704000;7706622222;8206622222;10240;10228
1130;7717741000;7706622222;8206622222;10240;10228
1131;7717896000;7706622222;8206622222;10240;10228
1132;7717929000;7706700000;8206700000;10240;10228
1128;7737327000;7706622222;8206622222;10240;10228
1119;7737797000;7664955555;8164955555;10240;10228
1120;7737994000;7664955555;8164955555;10240;10228
1121;7738004000;7665033333;8165033333;10240;10228
1129;7757809000;7706622222;8206622222;10240;10228
1133;7758404000;7707000000;8207000000;10240;10228
1134;7758421000;7707000000;8207000000;10240;10228
1135;7758429000;7707000000;8207000000;10240;10228
1136;7758438000;7748333333;8248333333;10240;10228
1138;7758446000;7748333333;8248333333;10240;10228
1139;7758473000;7748333333;8248333333;10240;10228
1140;7758481000;7748333333;8248333333;10240;10228
1141;7758497000;7748333333;8248333333;10240;10228
1142;7758518000;7748333333;8248333333;10240;10228
1143;7758527000;7748411111;8248411111;10240;10228
1133;7758536000;7707000000;8207000000;10240;10228
1134;7758781000;7707000000;8207000000;10240;10228
1135;7758802000;7707000000;8207000000;10240;10228
1136;7758983000;7748333333;8248333333;10240;10228
1137;7759201000;7748333333;8248333333;10240;10228
1138;7759226000;7748333333;8248333333;10240;10228
1139;7759404000;7748333333;8248333333;10240;10228
1140;7759426000;7748333333;8248333333;10240;10228
1141;7759609000;7748333333;8248333333;10240;10228
1142;7759799000;7748333333;8248333333;10240;10228
1143;7759810000;7748411111;8248411111;10240;10228
1137;7778697000;7748333333;8248333333;10240;10228
1144;7800001000;7748722222;8248722222;10240;10228
1145;7800019000;7748722222;8248722222;10240;10228
1146;7800028000;7748722222;8248722222;10240;10228
1147;7800036000;7789955555;8289955555;10240;10228
1148;7800070000;7789955555;8289955555;10240;10228
1149;7800083000;7789955555;8289955555;10240;10228
1150;7800102000;7789955555;8289955555;10240;10228
1151;7800118000;7789955555;8289955555;10240;10228
1152;7800126000;7789955555;8289955555;10240;10228
1153;7800136000;7789955555;8289955555;10240;10228
1144;7800145000;7748722222;8248722222;10240;10228
1145;7800376000;7748722222;8248722222;10240;10228
1146;7800580000;7748722222;8248722222;10240;10228
1147;7800591000;7789955555;8289955555;10240;10228
1148;7800785000;7789955555;8289955555;10240;10228
1149;7800794000;7789955555;8289955555;10240;10228
1150;7800989000;7789955555;8289955555;10240;10228
1151;7801192000;7789955555;8289955555;10240;10228
1152;7801207000;7789955555;8289955555;10240;10228
1153;7801395000;7789955555;8289955555;10240;10228
1154;7801407000;7790055555;8290055555;10240;10228
1155;7841633000;7790366666;8290366666;10240;10228
1156;7841648000;7790366666;8290366666;10240;10228
1157;7841656000;7790366666;8290366666;10240;10228
1158;7841683000;7831622222;8331622222;10240;10228
1159;7841693000;7831622222;8331622222;10240;10228
1160;7841702000;7831622222;8331622222;10240;10228
1161;7841723000;7831622222;8331622222;10240;10228
1162;7841733000;7831622222;8331622222;10240;10228
1163;7841742000;7831622222;8331622222;10240;10228
1164;7841751000;7831622222;8331622222;10240;10228
1165;7841763000;7831711111;8331711111;10240;10228
1155;7841828000;7790366666;8290366666;10240;10228
1156;7842029000;7790366666;8290366666;10240;10228
1157;7842235000;7790366666;8290366666;10240;10228
1158;7842242000;7831622222;8331622222;10240;10228
1159;7842448000;7831622222;8331622222;10240;10228
1160;7842463000;7831622222;8331622222;10240;10228
1161;7842669000;7831622222;8331622222;10240;10228
1162;7842689000;7831622222;8331622222;10240;10228
1163;7842877000;7831622222;8331622222;10240;10228
1164;7843063000;7831622222;8331622222;10240;10228
1165;7843083000;7831711111;8331711111;10240;10228
1154;7861877000;7790055555;8290055555;10240;10228
1166;7883362000;7831966666;8331966666;10240;10228
1167;7883378000;7831966666;8331966666;10240;10228
1168;7883387000;7831966666;8331966666;10240;10228
1169;7883396000;7873288888;8373288888;10240;10228
1170;7883406000;7873288888;8373288888;10240;10228
1171;7883414000;7873288888;8373288888;10240;10228
1172;7883434000;7873288888;8373288888;10240;10228
1173;7883441000;7873288888;8373288888;10240;10228
1174;7883445000;7873288888;8373288888;10240;10228
1166;7883542000;7831966666;8331966666;10240;10228
1175;7883649000;7873288888;8373288888;10240;10228
1176;7883664000;7873366666;8373366666;10240;10228
1167;7883728000;7831966666;8331966666;10240;10228
1168;7883937000;7831966666;8331966666;10240;10228
1169;7883942000;7873288888;8373288888;10240;10228
1170;7884161000;7873288888;8373288888;10240;10228
1171;7884170000;7873288888;8373288888;10240;10228
1172;7884356000;7873288888;8373288888;10240;10228
1173;7884377000;7873288888;8373288888;10240;10228
1174;7884566000;7873288888;8373288888;10240;10228
1175;7884763000;7873288888;8373288888;10240;10228
1176;7884783000;7873366666;8373366666;10240;10228
1177;7924971000;7873666666;8373666666;10240;10228
1178;7924985000;7873666666;8373666666;10240;10228
1179;7924994000;7873666666;8373666666;10240;10228
1180;7925000000;7914955555;8414955555;10240;10228
1181;7925021000;7914955555;8414955555;10240;10228
1182;7925030000;7914955555;8414955555;10240;10228
1183;7925040000;7914955555;8414955555;10240;10228
1184;7925076000;7914955555;8414955555;10240;10228
1185;7925096000;7914955555;8414955555;10240;10228
1186;7925103000;7914955555;8414955555;10240;10228
1187;7925111000;7915033333;8415033333;10240;10228
1177;7925170000;7873666666;8373666666;10240;10228
1178;7925369000;7873666666;8373666666;10240;10228
1179;7925567000;7873666666;8373666666;10240;10228
1180;7925572000;7914955555;8414955555;10240;10228
1181;7925772000;7914955555;8414955555;10240;10228
1182;7925777000;7914955555;8414955555;10240;10228
1184;7925975000;7914955555;8414955555;10240;10228
1185;7925983000;7914955555;8414955555;10240;10228
1186;7926189000;7914955555;8414955555;10240;10228
1187;7926201000;7915033333;8415033333;10240;10228
1183;7946576000;7914955555;8414955555;10240;10228
1188;7966628000;7915366666;8415366666;10240;10228
1189;7966640000;7915366666;8415366666;10240;10228
1190;7966648000;7915366666;8415366666;10240;10228
1191;7966675000;7956622222;8456622222;10240;10228
1192;7966687000;7956622222;8456622222;10240;10228
1193;7966695000;7956622222;8456622222;10240;10228
1194;7966703000;7956622222;8456622222;10240;10228
1195;7966722000;7956622222;8456622222;10240;10228
1196;7966733000;7956622222;8456622222;10240;10228
1197;7966740000;7956622222;8456622222;10240;10228
1198;7966749000;7956711111;8456711111;10240;10228
1188;7966840000;7915366666;8415366666;10240;10228
1189;7967033000;7915366666;8415366666;10240;10228
1190;7967247000;7915366666;8415366666;10240;10228
1191;7967260000;7956622222;8456622222;10240;10228
1192;7967450000;7956622222;8456622222;10240;10228
1193;7967463000;7956622222;8456622222;10240;10228
1194;7967646000;7956622222;8456622222;10240;10228
1195;7967654000;7956622222;8456622222;10240;10228
1196;7967853000;7956622222;8456622222;10240;10228
1197;7968039000;7956622222;8456622222;10240;10228
1198;7968063000;7956711111;8456711111;10240;10228
1199;8008317000;7957011111;8457011111;10240;10228
1200;8008332000;7957011111;8457011111;10240;10228
1201;8008342000;7957011111;8457011111;10240;10228
1202;8008363000;7998288888;8498288888;10240;10228
1203;8008373000;7998288888;8498288888;10240;10228
1204;8008380000;7998288888;8498288888;10240;10228
1205;8008390000;7998288888;8498288888;10240;10228
1206;8008411000;7998288888;8498288888;10240;10228
1207;8008421000;7998288888;8498288888;10240;10228
1208;8008428000;7998288888;8498288888;10240;10228
1209;8008435000;7998366666;8498366666;10240;10228
1199;8008522000;7957011111;8457011111;10240;10228
1200;8008715000;7957011111;8457011111;10240;10228
1201;8008918000;7957011111;8457011111;10240;10228
1202;8008927000;7998288888;8498288888;10240;10228
1203;8009152000;7998288888;8498288888;10240;10228
1204;8009166000;7998288888;8498288888;10240;10228
1205;8009337000;7998288888;8498288888;10240;10228
1206;8009351000;7998288888;8498288888;10240;10228
1207;8009531000;7998288888;8498288888;10240;10228
1208;8009738000;7998288888;8498288888;10240;10228
1209;8009743000;7998366666;8498366666;10240;10228
1210;8049966000;7998700000;8498700000;10240;10228
1211;8049982000;7998700000;8498700000;10240;10228
1212;8049991000;7998700000;8498700000;10240;10228
1213;8050011000;8039966666;8539966666;10240;10228
1214;8050020000;8039966666;8539966666;10240;10228
1215;8050030000;8039966666;8539966666;10240;10228
1216;8050038000;8039966666;8539966666;10240;10228
1217;8050103000;8039966666;8539966666;10240;10228
1218;8050123000;8039966666;8539966666;10240;10228
1219;8050130000;8039966666;8539966666;10240;10228
1220;8050147000;8040044444;8540044444;10240;10228
1210;8050172000;7998700000;8498700000;10240;10228
1211;8050373000;7998700000;8498700000;10240;10228
1212;8050569000;7998700000;8498700000;10240;10228
1213;8050580000;8039966666;8539966666;10240;10228
1214;8050773000;8039966666;8539966666;10240;10228
1215;8050781000;8039966666;8539966666;10240;10228
1216;8050977000;8039966666;8539966666;10240;10228
1217;8050986000;8039966666;8539966666;10240;10228
1218;8051190000;8039966666;8539966666;10240;10228
1219;8051387000;8039966666;8539966666;10240;10228
1220;8051394000;8040044444;8540044444;10240;10228
1221;8091626000;8040377777;8540377777;10240;10228
1222;8091644000;8040377777;8540377777;10240;10228
1223;8091653000;8040377777;8540377777;10240;10228
1224;8091672000;8081633333;8581633333;10240;10228
1225;8091681000;8081633333;8581633333;10240;10228
1226;8091690000;8081633333;8581633333;10240;10228
1227;8091711000;8081633333;8581633333;10240;10228
1228;8091721000;8081633333;8581633333;10240;10228
1229;8091729000;8081633333;8581633333;10240;10228
1230;8091739000;8081633333;8581633333;10240;10228
1231;8091747000;8081711111;8581711111;10240;10228
1221;8091841000;8040377777;8540377777;10240;10228
1222;8092033000;8040377777;8540377777;10240;10228
1223;8092248000;8040377777;8540377777;10240;10228
1224;8092262000;8081633333;8581633333;10240;10228
1225;8092451000;8081633333;8581633333;10240;10228
1226;8092466000;8081633333;8581633333;10240;10228
1227;8092646000;8081633333;8581633333;10240;10228
1228;8092656000;8081633333;8581633333;10240;10228
1229;8092850000;8081633333;8581633333;10240;10228
1230;8093060000;8081633333;8581633333;10240;10228
1231;8093068000;8081711111;8581711111;10240;10228
1232;8133299000;8082011111;8582011111;10240;10228
1233;8133315000;8082011111;8582011111;10240;10228
1234;8133329000;8082011111;8582011111;10240;10228
1235;8133341000;8123300000;8623300000;10240;10228
1236;8133350000;8123300000;8623300000;10240;10228
1237;8133360000;8123300000;8623300000;10240;10228
1238;8133381000;8123300000;8623300000;10240;10228
1239;8133395000;8123300000;8623300000;10240;10228
1240;8133404000;8123300000;8623300000;10240;10228
1241;8133412000;8123300000;8623300000;10240;10228
1242;8133419000;8123377777;8623377777;10240;10228
1232;8133545000;8082011111;8582011111;10240;10228
1233;8133743000;8082011111;8582011111;10240;10228
1234;8133764000;8082011111;8582011111;10240;10228
1235;8133946000;8123300000;8623300000;10240;10228
1236;8134160000;8123300000;8623300000;10240;10228
1237;8134170000;8123300000;8623300000;10240;10228
1238;8134365000;8123300000;8623300000;10240;10228
1239;8134386000;8123300000;8623300000;10240;10228
1240;8134573000;8123300000;8623300000;10240;10228
1241;8134778000;8123300000;8623300000;10240;10228
1242;8134787000;8123377777;8623377777;10240;10228
1243;8174962000;8123677777;8623677777;10240;10228
1244;8174978000;8123677777;8623677777;10240;10228
1245;8174987000;8123677777;8623677777;10240;10228
1246;8174994000;8164966666;8664966666;10240;10228
1247;8175009000;8164966666;8664966666;10240;10228
1248;8175018000;8164966666;8664966666;10240;10228
1249;8175028000;8164966666;8664966666;10240;10228
1250;8175067000;8164966666;8664966666;10240;10228
1251;8175077000;8164966666;8664966666;10240;10228
1252;8175096000;8164966666;8664966666;10240;10228
1253;8175103000;8165044444;8665044444;10240;10228
1243;8175201000;8123677777;8623677777;10240;10228
1244;8175405000;8123677777;8623677777;10240;10228
1245;8175426000;8123677777;8623677777;10240;10228
1246;8175612000;8164966666;8664966666;10240;10228
1247;8175812000;8164966666;8664966666;10240;10228
1248;8175821000;8164966666;8664966666;10240;10228
1249;8176011000;8164966666;8664966666;10240;10228
1250;8176021000;8164966666;8664966666;10240;10228
1251;8176223000;8164966666;8664966666;10240;10228
1252;8176421000;8164966666;8664966666;10240;10228
1253;8176440000;8165044444;8665044444;10240;10228
1254;8216652000;8165366666;8665366666;10240;10228
1255;8216668000;8165366666;8665366666;10240;10228
1256;8216683000;8165366666;8665366666;10240;10228
1257;8216691000;8206655555;8706655555;10240;10228
1258;8216701000;8206655555;8706655555;10240;10228
1259;8216709000;8206655555;8706655555;10240;10228
1260;8216719000;8206655555;8706655555;10240;10228
1261;8216741000;8206655555;8706655555;10240;10228
1262;8216751000;8206655555;8706655555;10240;10228
1263;8216758000;8206655555;8706655555;10240;10228
1264;8216765000;8206733333;8706733333;10240;10228
1254;8216865000;8165366666;8665366666;10240;10228
1255;8217052000;8165366666;8665366666;10240;10228
1256;8217273000;8165366666;8665366666;10240;10228
1257;8217287000;8206655555;8706655555;10240;10228
1258;8217468000;8206655555;8706655555;10240;10228
1259;8217474000;8206655555;8706655555;10240;10228
1260;8217673000;8206655555;8706655555;10240;10228
1261;8217678000;8206655555;8706655555;10240;10228
1262;8217875000;8206655555;8706655555;10240;10228
1263;8218086000;8206655555;8706655555;10240;10228
1264;8218094000;8206733333;8706733333;10240;10228
1265;8258303000;8207022222;8707022222;10240;10228
1266;8258320000;8207022222;8707022222;10240;10228
1267;8258329000;8207022222;8707022222;10240;10228
1268;8258348000;8248288888;8748288888;10240;10228
1269;8258359000;8248288888;8748288888;10240;10228
1270;8258367000;8248288888;8748288888;10240;10228
1271;8258390000;8248288888;8748288888;10240;10228
1272;8258399000;8248288888;8748288888;10240;10228
1273;8258407000;8248288888;8748288888;10240;10228
1274;8258414000;8248288888;8748288888;10240;10228
1275;8258426000;8248366666;8748366666;10240;10228
1265;8258488000;8207022222;8707022222;10240;10228
1266;8258684000;8207022222;8707022222;10240;10228
1267;8258903000;8207022222;8707022222;10240;10228
1268;8258912000;8248288888;8748288888;10240;10228
1269;8259117000;8248288888;8748288888;10240;10228
1270;8259130000;8248288888;8748288888;10240;10228
1271;8259322000;8248288888;8748288888;10240;10228
1272;8259335000;8248288888;8748288888;10240;10228
1273;8259517000;8248288888;8748288888;10240;10228
1274;8259723000;8248288888;8748288888;10240;10228
1275;8259728000;8248366666;8748366666;10240;10228
1276;8299966000;8248700000;8748700000;10240;10228
1277;8299985000;8248700000;8748700000;10240;10228
1278;8299993000;8248700000;8748700000;10240;10228
1279;8300012000;8289955555;8789955555;10240;10228
1280;8300022000;8289955555;8789955555;10240;10228
1281;8300030000;8289955555;8789955555;10240;10228
1282;8300072000;8289955555;8789955555;10240;10228
1283;8300082000;8289955555;8789955555;10240;10228
1284;8300099000;8289955555;8789955555;10240;10228
1285;8300107000;8289955555;8789955555;10240;10228
1286;8300117000;8290033333;8790033333;10240;10228
1276;8300173000;8248700000;8748700000;10240;10228
1277;8300374000;8248700000;8748700000;10240;10228
1278;8300569000;8248700000;8748700000;10240;10228
1279;8300580000;8289955555;8789955555;10240;10228
1280;8300773000;8289955555;8789955555;10240;10228
1281;8300784000;8289955555;8789955555;10240;10228
1282;8300978000;8289955555;8789955555;10240;10228
1283;8300989000;8289955555;8789955555;10240;10228
1284;8301194000;8289955555;8789955555;10240;10228
1285;8301390000;8289955555;8789955555;10240;10228
1286;8301395000;8290033333;8790033333;10240;10228
1287;8341635000;8290366666;8790366666;10240;10228
1288;8341655000;8290366666;8790366666;10240;10228
1289;8341665000;8290366666;8790366666;10240;10228
1290;8341674000;8331622222;8831622222;10240;10228
1291;8341692000;8331622222;8831622222;10240;10228
1292;8341702000;8331622222;8831622222;10240;10228
1293;8341719000;8331622222;8831622222;10240;10228
1294;8341728000;8331622222;8831622222;10240;10228
1295;8341737000;8331622222;8831622222;10240;10228
1296;8341757000;8331622222;8831622222;10240;10228
1297;8341763000;8331711111;8831711111;10240;10228
1287;8341837000;8290366666;8790366666;10240;10228
1288;8342032000;8290366666;8790366666;10240;10228
1289;8342244000;8290366666;8790366666;10240;10228
1290;8342259000;8331622222;8831622222;10240;10228
1291;8342449000;8331622222;8831622222;10240;10228
1292;8342465000;8331622222;8831622222;10240;10228
1293;8342643000;8331622222;8831622222;10240;10228
1294;8342653000;8331622222;8831622222;10240;10228
1295;8342848000;8331622222;8831622222;10240;10228
1296;8343036000;8331622222;8831622222;10240;10228
1297;8343041000;8331711111;8831711111;10240;10228
1298;8383301000;8331988888;8831988888;10240;10228
1299;8383320000;8331988888;8831988888;10240;10228
1300;8383331000;8331988888;8831988888;10240;10228
1301;8383341000;8373300000;8873300000;10240;10228
1302;8383360000;8373300000;8873300000;10240;10228
1303;8383370000;8373300000;8873300000;10240;10228
1304;8383388000;8373300000;8873300000;10240;10228
1305;8383400000;8373300000;8873300000;10240;10228
1306;8383407000;8373300000;8873300000;10240;10228
1307;8383417000;8373300000;8873300000;10240;10228
1298;8383508000;8331988888;8831988888;10240;10228
1299;8383698000;8331988888;8831988888;10240;10228
1300;8383903000;8331988888;8831988888;10240;10228
1301;8383911000;8373300000;8873300000;10240;10228
1302;8384123000;8373300000;8873300000;10240;10228
1303;8384135000;8373300000;8873300000;10240;10228
1304;8384321000;8373300000;8873300000;10240;10228
1305;8384335000;8373300000;8873300000;10240;10228
1306;8384516000;8373300000;8873300000;10240;10228
1307;8384722000;8373300000;8873300000;10240;10228
1308;8384728000;8373377777;8873377777;10240;10228
1309;8424959000;8373722222;8873722222;10240;10228
1310;8424971000;8373722222;8873722222;10240;10228
1311;8424979000;8373722222;8873722222;10240;10228
1312;8425011000;8414966666;8914966666;10240;10228
1313;8425021000;8414966666;8914966666;10240;10228
1314;8425029000;8414966666;8914966666;10240;10228
1315;8425038000;8414966666;8914966666;10240;10228
1316;8425083000;8414966666;8914966666;10240;10228
1317;8425104000;8414966666;8914966666;10240;10228
1318;8425111000;8414966666;8914966666;10240;10228
1319;8425119000;8415044444;8915044444;10240;10228
1309;8425161000;8373722222;8873722222;10240;10228
1310;8425370000;8373722222;8873722222;10240;10228
1311;8425566000;8373722222;8873722222;10240;10228
1312;8425577000;8414966666;8914966666;10240;10228
1313;8425781000;8414966666;8914966666;10240;10228
1314;8425791000;8414966666;8914966666;10240;10228
1315;8425975000;8414966666;8914966666;10240;10228
1316;8425985000;8414966666;8914966666;10240;10228
1317;8426192000;8414966666;8914966666;10240;10228
1318;8426387000;8414966666;8914966666;10240;10228
1319;8426396000;8415044444;8915044444;10240;10228
1308;8445201000;8373377777;8873377777;10240;10228
1320;8466636000;8415377777;8915377777;10240;10228
1321;8466650000;8415377777;8915377777;10240;10228
1322;8466662000;8415377777;8915377777;10240;10228
1323;8466670000;8456633333;8956633333;10240;10228
1324;8466679000;8456633333;8956633333;10240;10228
1325;8466685000;8456633333;8956633333;10240;10228
1326;8466710000;8456633333;8956633333;10240;10228
1327;8466720000;8456633333;8956633333;10240;10228
1328;8466727000;8456633333;8956633333;10240;10228
1329;8466735000;8456633333;8956633333;10240;10228
1330;8466752000;8456711111;8956711111;10240;10228
1320;8466852000;8415377777;8915377777;10240;10228
1321;8467053000;8415377777;8915377777;10240;10228
1322;8467274000;8415377777;8915377777;10240;10228
1323;8467294000;8456633333;8956633333;10240;10228
1324;8467466000;8456633333;8956633333;10240;10228
1325;8467485000;8456633333;8956633333;10240;10228
1326;8467667000;8456633333;8956633333;10240;10228
1327;8467688000;8456633333;8956633333;10240;10228
1328;8467871000;8456633333;8956633333;10240;10228
1329;8468062000;8456633333;8956633333;10240;10228
1330;8468082000;8456711111;8956711111;10240;10228
1331;8508316000;8457000000;8957000000;10240;10228
1332;8508329000;8457000000;8957000000;10240;10228
1333;8508357000;8457000000;8957000000;10240;10228
1334;8508382000;8498300000;8998300000;10240;10228
1335;8508391000;8498300000;8998300000;10240;10228
1336;8508398000;8498300000;8998300000;10240;10228
1337;8508406000;8498300000;8998300000;10240;10228
1338;8508412000;8498300000;8998300000;10240;10228
1340;8508422000;8498300000;8998300000;10240;10228
1341;8508443000;8498377777;8998377777;10240;10228
1332;8508526000;8457000000;8957000000;10240;10228
1333;8508718000;8457000000;8957000000;10240;10228
1334;8508923000;8498300000;8998300000;10240;10228
1335;8508930000;8498300000;8998300000;10240;10228
1336;8509139000;8498300000;8998300000;10240;10228
1337;8509153000;8498300000;8998300000;10240;10228
1338;8509341000;8498300000;8998300000;10240;10228
1339;8509356000;8498300000;8998300000;10240;10228
1340;8509536000;8498300000;8998300000;10240;10228
1341;8509545000;8498377777;8998377777;10240;10228
1331;8529332000;8457000000;8957000000;10240;10228
1342;8549946000;8498711111;8998711111;10240;10228
1343;8549959000;8498711111;8998711111;10240;10228
1344;8549967000;8498711111;8998711111;10240;10228
1345;8549998000;8539955555;9039955555;10240;10228
1346;8550010000;8539955555;9039955555;10240;10228
1347;8550018000;8539955555;9039955555;10240;10228
1348;8550026000;8539955555;9039955555;10240;10228
1349;8550051000;8539955555;9039955555;10240;10228
1350;8550071000;8539955555;9039955555;10240;10228
1351;8550080000;8539955555;9039955555;10240;10228
1352;8550096000;8540033333;9040033333;10240;10228
1342;8550219000;8498711111;8998711111;10240;10228
1343;8550407000;8498711111;8998711111;10240;10228
1344;8550423000;8498711111;8998711111;10240;10228
1345;8550627000;8539955555;9039955555;10240;10228
1346;8550824000;8539955555;9039955555;10240;10228
1347;8550845000;8539955555;9039955555;10240;10228
1348;8551014000;8539955555;9039955555;10240;10228
1349;8551034000;8539955555;9039955555;10240;10228
1350;8551179000;8539955555;9039955555;10240;10228
1351;8551395000;8539955555;9039955555;10240;10228
1352;8551408000;8540033333;9040033333;10240;10228
1339;8570180000;8498300000;8998300000;10240;10228
1353;8591649000;8540355555;9040355555;10240;10228
1354;8591668000;8540355555;9040355555;10240;10228
1355;8591676000;8540355555;9040355555;10240;10228
1356;8591686000;8581622222;9081622222;10240;10228
1357;8591693000;8581622222;9081622222;10240;10228
1358;8591703000;8581622222;9081622222;10240;10228
1359;8591713000;8581622222;9081622222;10240;10228
1360;8591721000;8581622222;9081622222;10240;10228
1361;8591742000;8581622222;9081622222;10240;10228
1362;8591751000;8581622222;9081622222;10240;10228
1363;8591760000;8581711111;9081711111;10240;10228
1353;8591831000;8540355555;9040355555;10240;10228
1354;8592085000;8540355555;9040355555;10240;10228
1355;8592095000;8540355555;9040355555;10240;10228
1356;8592275000;8581622222;9081622222;10240;10228
1357;8592478000;8581622222;9081622222;10240;10228
1358;8592488000;8581622222;9081622222;10240;10228
1359;8592675000;8581622222;9081622222;10240;10228
1360;8592695000;8581622222;9081622222;10240;10228
1361;8592883000;8581622222;9081622222;10240;10228
1362;8593086000;8581622222;9081622222;10240;10228
1363;8593107000;8581711111;9081711111;10240;10228
1364;8633346000;8582011111;9082011111;10240;10228
1365;8633362000;8582011111;9082011111;10240;10228
1366;8633371000;8582011111;9082011111;10240;10228
1367;8633383000;8623288888;9123288888;10240;10228
1368;8633391000;8623288888;9123288888;10240;10228
1369;8633408000;8623288888;9123288888;10240;10228
1370;8633417000;8623288888;9123288888;10240;10228
1371;8633426000;8623288888;9123288888;10240;10228
1372;8633435000;8623288888;9123288888;10240;10228
1373;8633444000;8623288888;9123288888;10240;10228
1374;8633453000;8623366666;9123366666;10240;10228
1364;8633545000;8582011111;9082011111;10240;10228
1365;8633707000;8582011111;9082011111;10240;10228
1366;8633909000;8582011111;9082011111;10240;10228
1367;8633921000;8623288888;9123288888;10240;10228
1368;8634188000;8623288888;9123288888;10240;10228
1369;8634208000;8623288888;9123288888;10240;10228
1370;8634362000;8623288888;9123288888;10240;10228
1371;8634382000;8623288888;9123288888;10240;10228
1372;8634567000;8623288888;9123288888;10240;10228
1373;8634764000;8623288888;9123288888;10240;10228
1374;8634784000;8623366666;9123366666;10240;10228
1375;8675029000;8623688888;9123688888;10240;10228
1376;8675060000;8623688888;9123688888;10240;10228
1377;8675078000;8623688888;9123688888;10240;10228
1378;8675086000;8664966666;9164966666;10240;10228
1379;8675096000;8664966666;9164966666;10240;10228
1380;8675105000;8664966666;9164966666;10240;10228
1381;8675118000;8664966666;9164966666;10240;10228
1382;8675127000;8664966666;9164966666;10240;10228
1384;8675144000;8664966666;9164966666;10240;10228
1385;8675166000;8665044444;9165044444;10240;10228
1375;8675186000;8623688888;9123688888;10240;10228
1376;8675375000;8623688888;9123688888;10240;10228
1377;8675576000;8623688888;9123688888;10240;10228
1378;8675591000;8664966666;9164966666;10240;10228
1379;8675774000;8664966666;9164966666;10240;10228
1380;8675779000;8664966666;9164966666;10240;10228
1381;8675979000;8664966666;9164966666;10240;10228
1382;8675983000;8664966666;9164966666;10240;10228
1383;8676191000;8664966666;9164966666;10240;10228
1384;8676388000;8664966666;9164966666;10240;10228
1385;8676399000;8665044444;9165044444;10240;10228
1386;8716726000;8665377777;9165377777;10240;10228
1387;8716742000;8665377777;9165377777;10240;10228
1388;8716751000;8665377777;9165377777;10240;10228
1389;8716758000;8706633333;9206633333;10240;10228
1390;8716766000;8706633333;9206633333;10240;10228
1391;8716775000;8706633333;9206633333;10240;10228
1392;8716788000;8706633333;9206633333;10240;10228
1393;8716795000;8706633333;9206633333;10240;10228
1394;8716803000;8706633333;9206633333;10240;10228
1395;8716821000;8706633333;9206633333;10240;10228
1396;8716830000;8706711111;9206711111;10240;10228
1386;8716839000;8665377777;9165377777;10240;10228
1387;8717074000;8665377777;9165377777;10240;10228
1388;8717081000;8665377777;9165377777;10240;10228
1389;8717280000;8706633333;9206633333;10240;10228
1390;8717489000;8706633333;9206633333;10240;10228
1391;8717509000;8706633333;9206633333;10240;10228
1392;8717683000;8706633333;9206633333;10240;10228
1393;8717703000;8706633333;9206633333;10240;10228
1394;8717885000;8706633333;9206633333;10240;10228
1395;8718059000;8706633333;9206633333;10240;10228
1396;8718079000;8706711111;9206711111;10240;10228
1383;8737243000;8664966666;9164966666;10240;10228
1397;8758415000;8707011111;9207011111;10240;10228
1398;8758431000;8707011111;9207011111;10240;10228
1399;8758441000;8707011111;9207011111;10240;10228
1400;8758448000;8748322222;9248322222;10240;10228
1401;8758459000;8748322222;9248322222;10240;10228
1402;8758467000;8748322222;9248322222;10240;10228
1403;8758474000;8748322222;9248322222;10240;10228
1404;8758487000;8748322222;9248322222;10240;10228
1405;8758497000;8748322222;9248322222;10240;10228
1406;8758508000;8748322222;9248322222;10240;10228
1407;8758524000;8748400000;9248400000;10240;10228
1397;8758535000;8707011111;9207011111;10240;10228
1398;8758775000;8707011111;9207011111;10240;10228
1399;8758796000;8707011111;9207011111;10240;10228
1400;8758971000;8748322222;9248322222;10240;10228
1401;8759191000;8748322222;9248322222;10240;10228
1402;8759209000;8748322222;9248322222;10240;10228
1403;8759346000;8748322222;9248322222;10240;10228
1404;8759364000;8748322222;9248322222;10240;10228
1405;8759595000;8748322222;9248322222;10240;10228
1406;8759801000;8748322222;9248322222;10240;10228
1407;8759810000;8748400000;9248400000;10240;10228
1408;8800195000;8748722222;9248722222;10240;10228
1408;8800206000;8748722222;9248722222;10240;10228
1409;8800214000;8748722222;9248722222;10240;10228
1410;8800220000;8748722222;9248722222;10240;10228
1411;8800227000;8789988888;9289988888;10240;10228
1412;8800235000;8789988888;9289988888;10240;10228
1413;8800241000;8789988888;9289988888;10240;10228
1414;8800247000;8789988888;9289988888;10240;10228
1415;8800253000;8789988888;9289988888;10240;10228
1416;8800258000;8789988888;9289988888;10240;10228
1417;8800264000;8789988888;9289988888;10240;10228
1418;8800269000;8790077777;9290077777;10240;10228
1409;8800384000;8748722222;9248722222;10240;10228
1410;8800613000;8748722222;9248722222;10240;10228
1411;8800626000;8789988888;9289988888;10240;10228
1412;8800808000;8789988888;9289988888;10240;10228
1413;8800814000;8789988888;9289988888;10240;10228
1414;8801012000;8789988888;9289988888;10240;10228
1415;8801017000;8789988888;9289988888;10240;10228
1416;8801226000;8789988888;9289988888;10240;10228
1417;8801430000;8789988888;9289988888;10240;10228
1418;8801443000;8790077777;9290077777;10240;10228
1419;8841863000;8790455555;9290455555;10240;10228
1420;8841882000;8790455555;9290455555;10240;10228
1421;8841896000;8790455555;9290455555;10240;10228
1422;8841905000;8831622222;9331622222;10240;10228
1423;8841916000;8831622222;9331622222;10240;10228
1424;8841924000;8831622222;9331622222;10240;10228
1425;8841937000;8831622222;9331622222;10240;10228
1426;8841944000;8831622222;9331622222;10240;10228
1419;8841953000;8790455555;9290455555;10240;10228
1427;8841962000;8831622222;9331622222;10240;10228
1428;8841972000;8831622222;9331622222;10240;10228
1429;8841979000;8831711111;9331711111;10240;10228
1420;8842055000;8790455555;9290455555;10240;10228
1421;8842246000;8790455555;9290455555;10240;10228
1422;8842264000;8831622222;9331622222;10240;10228
1423;8842470000;8831622222;9331622222;10240;10228
1424;8842487000;8831622222;9331622222;10240;10228
1425;8842692000;8831622222;9331622222;10240;10228
1426;8842712000;8831622222;9331622222;10240;10228
1427;8842897000;8831622222;9331622222;10240;10228
1428;8843064000;8831622222;9331622222;10240;10228
1429;8843085000;8831711111;9331711111;10240;10228
1430;8883494000;8831966666;9331966666;10240;10228
1430;8883510000;8831966666;9331966666;10240;10228
1431;8883517000;8831966666;9331966666;10240;10228
1432;8883523000;8831966666;9331966666;10240;10228
1433;8883528000;8873288888;9373288888;10240;10228
1434;8883533000;8873288888;9373288888;10240;10228
1435;8883548000;8873288888;9373288888;10240;10228
1436;8883554000;8873288888;9373288888;10240;10228
1437;8883560000;8873288888;9373288888;10240;10228
1438;8883566000;8873288888;9373288888;10240;10228
1439;8883572000;8873288888;9373288888;10240;10228
1440;8883577000;8873366666;9373366666;10240;10228
1431;8883683000;8831966666;9331966666;10240;10228
1432;8883886000;8831966666;9331966666;10240;10228
1433;8883893000;8873288888;9373288888;10240;10228
1434;8884119000;8873288888;9373288888;10240;10228
1435;8884133000;8873288888;9373288888;10240;10228
1436;8884319000;8873288888;9373288888;10240;10228
1437;8884334000;8873288888;9373288888;10240;10228
1438;8884517000;8873288888;9373288888;10240;10228
1439;8884719000;8873288888;9373288888;10240;10228
1440;8884726000;8873366666;9373366666;10240;10228
1441;8925153000;8873677777;9373677777;10240;10228
1441;8925168000;8873677777;9373677777;10240;10228
1442;8925174000;8873677777;9373677777;10240;10228
1443;8925181000;8873677777;9373677777;10240;10228
1444;8925187000;8914955555;9414955555;10240;10228
1445;8925194000;8914955555;9414955555;10240;10228
1446;8925202000;8914955555;9414955555;10240;10228
1447;8925207000;8914955555;9414955555;10240;10228
1448;8925213000;8914955555;9414955555;10240;10228
1449;8925218000;8914955555;9414955555;10240;10228
1450;8925225000;8914955555;9414955555;10240;10228
1451;8925230000;8915033333;9415033333;10240;10228
1442;8925374000;8873677777;9373677777;10240;10228
1443;8925579000;8873677777;9373677777;10240;10228
1444;8925595000;8914955555;9414955555;10240;10228
1445;8925775000;8914955555;9414955555;10240;10228
1446;8925783000;8914955555;9414955555;10240;10228
1447;8925979000;8914955555;9414955555;10240;10228
1448;8925986000;8914955555;9414955555;10240;10228
1449;8926192000;8914955555;9414955555;10240;10228
1450;8926396000;8914955555;9414955555;10240;10228
1451;8926410000;8915033333;9415033333;10240;10228
1452;8966848000;8915366666;9415366666;10240;10228
1453;8966860000;8915366666;9415366666;10240;10228
1454;8966868000;8915366666;9415366666;10240;10228
1455;8966884000;8956622222;9456622222;10240;10228
1456;8966893000;8956622222;9456622222;10240;10228
1457;8966903000;8956622222;9456622222;10240;10228
1458;8966911000;8956622222;9456622222;10240;10228
1459;8966932000;8956622222;9456622222;10240;10228
1460;8966940000;8956622222;9456622222;10240;10228
1452;8966947000;8915366666;9415366666;10240;10228
1461;8966955000;8956622222;9456622222;10240;10228
1462;8966962000;8956700000;9456700000;10240;10228
1453;8967054000;8915366666;9415366666;10240;10228
1454;8967269000;8915366666;9415366666;10240;10228
1455;8967281000;8956622222;9456622222;10240;10228
1456;8967474000;8956622222;9456622222;10240;10228
1457;8967496000;8956622222;9456622222;10240;10228
1458;8967671000;8956622222;9456622222;10240;10228
1459;8967691000;8956622222;9456622222;10240;10228
1460;8967874000;8956622222;9456622222;10240;10228
1461;8968067000;8956622222;9456622222;10240;10228
1462;8968086000;8956700000;9456700000;10240;10228
1463;9008514000;8957000000;9457000000;10240;10228
1463;9008526000;8957000000;9457000000;10240;10228
1464;9008533000;8957000000;9457000000;10240;10228
1465;9008538000;8957000000;9457000000;10240;10228
1466;9008544000;8998300000;9498300000;10240;10228
1467;9008550000;8998300000;9498300000;10240;10228
1468;9008555000;8998300000;9498300000;10240;10228
1469;9008564000;8998300000;9498300000;10240;10228
1470;9008570000;8998300000;9498300000;10240;10228
1471;9008577000;8998300000;9498300000;10240;10228
1472;9008583000;8998300000;9498300000;10240;10228
1473;9008589000;8998377777;9498377777;10240;10228
1464;9008693000;8957000000;9457000000;10240;10228
1465;9008895000;8957000000;9457000000;10240;10228
1466;9008901000;8998300000;9498300000;10240;10228
1467;9009102000;8998300000;9498300000;10240;10228
1468;9009109000;8998300000;9498300000;10240;10228
1469;9009305000;8998300000;9498300000;10240;10228
1470;9009511000;8998300000;9498300000;10240;10228
1471;9009517000;8998300000;9498300000;10240;10228
1472;9009716000;8998300000;9498300000;10240;10228
1473;9009722000;8998377777;9498377777;10240;10228
1474;9050197000;8998700000;9498700000;10240;10228
1475;9050217000;8998700000;9498700000;10240;10228
1476;9050224000;8998700000;9498700000;10240;10228
1477;9050233000;9039955555;9539955555;10240;10228
1478;9050247000;9039955555;9539955555;10240;10228
1479;9050256000;9039955555;9539955555;10240;10228
1480;9050264000;9039955555;9539955555;10240;10228
1481;9050277000;9039955555;9539955555;10240;10228
1482;9050284000;9039955555;9539955555;10240;10228
1474;9050293000;8998700000;9498700000;10240;10228
1483;9050301000;9039955555;9539955555;10240;10228
1484;9050311000;9040033333;9540033333;10240;10228
1475;9050408000;8998700000;9498700000;10240;10228
1476;9050419000;8998700000;9498700000;10240;10228
1477;9050591000;9039955555;9539955555;10240;10228
1478;9050773000;9039955555;9539955555;10240;10228
1479;9050817000;9039955555;9539955555;10240;10228
1480;9051020000;9039955555;9539955555;10240;10228
1481;9051030000;9039955555;9539955555;10240;10228
1482;9051232000;9039955555;9539955555;10240;10228
1483;9051440000;9039955555;9539955555;10240;10228
1484;9051458000;9040033333;9540033333;10240;10228
1485;9091864000;9040377777;9540377777;10240;10228
1485;9091877000;9040377777;9540377777;10240;10228
1486;9091885000;9040377777;9540377777;10240;10228
1487;9091892000;9040377777;9540377777;10240;10228
1488;9091898000;9081655555;9581655555;10240;10228
1489;9091904000;9081655555;9581655555;10240;10228
1490;9091912000;9081655555;9581655555;10240;10228
1491;9091920000;9081655555;9581655555;10240;10228
1492;9091925000;9081655555;9581655555;10240;10228
1493;9091931000;9081655555;9581655555;10240;10228
1494;9091936000;9081655555;9581655555;10240;10228
1495;9091941000;9081744444;9581744444;10240;10228
1486;9092057000;9040377777;9540377777;10240;10228
1487;9092278000;9040377777;9540377777;10240;10228
1488;9092295000;9081655555;9581655555;10240;10228
1489;9092481000;9081655555;9581655555;10240;10228
1490;9092496000;9081655555;9581655555;10240;10228
1491;9092681000;9081655555;9581655555;10240;10228
1492;9092687000;9081655555;9581655555;10240;10228
1493;9092884000;9081655555;9581655555;10240;10228
1494;9093078000;9081655555;9581655555;10240;10228
1495;9093085000;9081744444;9581744444;10240;10228
1496;9133520000;9082044444;9582044444;10240;10228
1496;9133537000;9082044444;9582044444;10240;10228
1497;9133543000;9082044444;9582044444;10240;10228
1498;9133549000;9082044444;9582044444;10240;10228
1499;9133555000;9123333333;9623333333;10240;10228
1500;9133562000;9123333333;9623333333;10240;10228
1501;9133568000;9123333333;9623333333;10240;10228
1502;9133574000;9123333333;9623333333;10240;10228
1503;9133582000;9123333333;9623333333;10240;10228
1504;9133588000;9123333333;9623333333;10240;10228
1505;9133594000;9123333333;9623333333;10240;10228
1506;9133599000;9123411111;9623411111;10240;10228
1497;9133732000;9082044444;9582044444;10240;10228
1498;9133939000;9082044444;9582044444;10240;10228
1499;9133945000;9123333333;9623333333;10240;10228
1500;9134153000;9123333333;9623333333;10240;10228
1501;9134164000;9123333333;9623333333;10240;10228
1502;9134355000;9123333333;9623333333;10240;10228
1503;9134370000;9123333333;9623333333;10240;10228
1504;9134554000;9123333333;9623333333;10240;10228
1505;9134758000;9123333333;9623333333;10240;10228
1506;9134765000;9123411111;9623411111;10240;10228
1507;9175163000;9123711111;9623711111;10240;10228
1507;9175177000;9123711111;9623711111;10240;10228
1508;9175183000;9123711111;9623711111;10240;10228
1509;9175188000;9123711111;9623711111;10240;10228
1510;9175197000;9164988888;9664988888;10240;10228
1511;9175203000;9164988888;9664988888;10240;10228
1512;9175210000;9164988888;9664988888;10240;10228
1513;9175215000;9164988888;9664988888;10240;10228
1514;9175224000;9164988888;9664988888;10240;10228
1515;9175230000;9164988888;9664988888;10240;10228
1516;9175236000;9164988888;9664988888;10240;10228
1517;9175241000;9165111111;9665111111;10240;10228
1508;9175385000;9123711111;9623711111;10240;10228
1509;9175591000;9123711111;9623711111;10240;10228
1510;9175606000;9164988888;9664988888;10240;10228
1511;9175787000;9164988888;9664988888;10240;10228
1512;9175797000;9164988888;9664988888;10240;10228
1513;9175992000;9164988888;9664988888;10240;10228
1514;9175998000;9164988888;9664988888;10240;10228
1515;9176205000;9164988888;9664988888;10240;10228
1516;9176409000;9164988888;9664988888;10240;10228
1517;9176421000;9165111111;9665111111;10240;10228
1518;9216854000;9165422222;9665422222;10240;10228
1519;9216884000;9165422222;9665422222;10240;10228
1520;9216891000;9165422222;9665422222;10240;10228
1521;9216907000;9206622222;9706622222;10240;10228
1522;9216915000;9206622222;9706622222;10240;10228
1523;9216927000;9206622222;9706622222;10240;10228
1524;9216936000;9206622222;9706622222;10240;10228
1525;9216945000;9206622222;9706622222;10240;10228
1527;9216954000;9206622222;9706622222;10240;10228
1528;9216976000;9206700000;9706700000;10240;10228
1518;9216991000;9165422222;9665422222;10240;10228
1519;9217061000;9165422222;9665422222;10240;10228
1520;9217255000;9165422222;9665422222;10240;10228
1521;9217268000;9206622222;9706622222;10240;10228
1522;9217460000;9206622222;9706622222;10240;10228
1523;9217473000;9206622222;9706622222;10240;10228
1524;9217657000;9206622222;9706622222;10240;10228
1525;9217700000;9206622222;9706622222;10240;10228
1526;9217903000;9206622222;9706622222;10240;10228
1527;9218084000;9206622222;9706622222;10240;10228
1528;9218103000;9206700000;9706700000;10240;10228
1529;9258509000;9207000000;9707000000;10240;10228
1530;9258524000;9207000000;9707000000;10240;10228
1531;9258543000;9207000000;9707000000;10240;10228
1532;9258550000;9248288888;9748288888;10240;10228
1533;9258559000;9248288888;9748288888;10240;10228
1534;9258566000;9248288888;9748288888;10240;10228
1535;9258580000;9248288888;9748288888;10240;10228
1536;9258589000;9248288888;9748288888;10240;10228
1529;9258599000;9207000000;9707000000;10240;10228
1537;9258608000;9248288888;9748288888;10240;10228
1538;9258619000;9248288888;9748288888;10240;10228
1539;9258627000;9248366666;9748366666;10240;10228
1530;9258740000;9207000000;9707000000;10240;10228
1531;9258747000;9207000000;9707000000;10240;10228
1532;9258933000;9248288888;9748288888;10240;10228
1533;9259161000;9248288888;9748288888;10240;10228
1534;9259170000;9248288888;9748288888;10240;10228
1535;9259355000;9248288888;9748288888;10240;10228
1536;9259380000;9248288888;9748288888;10240;10228
1537;9259567000;9248288888;9748288888;10240;10228
1538;9259762000;9248288888;9748288888;10240;10228
1539;9259782000;9248366666;9748366666;10240;10228
1526;9278959000;9206622222;9706622222;10240;10228
1540;9300066000;9248700000;9748700000;10240;10228
1541;9300081000;9248700000;9748700000;10240;10228
1542;9300089000;9248700000;9748700000;10240;10228
1543;9300098000;9289966666;9789966666;10240;10228
1544;9300105000;9289966666;9789966666;10240;10228
1545;9300114000;9289966666;9789966666;10240;10228
1546;9300122000;9289966666;9789966666;10240;10228
1547;9300143000;9289966666;9789966666;10240;10228
1548;9300151000;9289966666;9789966666;10240;10228
1549;9300164000;9289966666;9789966666;10240;10228
1550;9300180000;9290044444;9790044444;10240;10228
1540;9300188000;9248700000;9748700000;10240;10228
1541;9300401000;9248700000;9748700000;10240;10228
1542;9300605000;9248700000;9748700000;10240;10228
1543;9300616000;9289966666;9789966666;10240;10228
1544;9300801000;9289966666;9789966666;10240;10228
1545;9300822000;9289966666;9789966666;10240;10228
1546;9301005000;9289966666;9789966666;10240;10228
1547;9301017000;9289966666;9789966666;10240;10228
1548;9301219000;9289966666;9789966666;10240;10228
1549;9301425000;9289966666;9789966666;10240;10228
1550;9301444000;9290044444;9790044444;10240;10228
1551;9341859000;9290377777;9790377777;10240;10228
1552;9341876000;9290377777;9790377777;10240;10228
1553;9341886000;9290377777;9790377777;10240;10228
1554;9341893000;9331633333;9831633333;10240;10228
1555;9341904000;9331633333;9831633333;10240;10228
1556;9341913000;9331633333;9831633333;10240;10228
1557;9341923000;9331633333;9831633333;10240;10228
1551;9341933000;9290377777;9790377777;10240;10228
1558;9341941000;9331633333;9831633333;10240;10228
1560;9341954000;9331633333;9831633333;10240;10228
1561;9341972000;9331711111;9831711111;10240;10228
1552;9342070000;9290377777;9790377777;10240;10228
1553;9342077000;9290377777;9790377777;10240;10228
1554;9342269000;9331633333;9831633333;10240;10228
1555;9342472000;9331633333;9831633333;10240;10228
1556;9342494000;9331633333;9831633333;10240;10228
1557;9342669000;9331633333;9831633333;10240;10228
1558;9342689000;9331633333;9831633333;10240;10228
1559;9342882000;9331633333;9831633333;10240;10228
1560;9343103000;9331633333;9831633333;10240;10228
1561;9343123000;9331711111;9831711111;10240;10228
1562;9383363000;9331988888;9831988888;10240;10228
1563;9383378000;9331988888;9831988888;10240;10228
1564;9383386000;9331988888;9831988888;10240;10228
1565;9383394000;9373288888;9873288888;10240;10228
1566;9383401000;9373288888;9873288888;10240;10228
1567;9383424000;9373288888;9873288888;10240;10228
1568;9383434000;9373288888;9873288888;10240;10228
1569;9383442000;9373288888;9873288888;10240;10228
1570;9383448000;9373288888;9873288888;10240;10228
1571;9383457000;9373288888;9873288888;10240;10228
1572;9383475000;9373366666;9873366666;10240;10228
1562;9383536000;9331988888;9831988888;10240;10228
1563;9383752000;9331988888;9831988888;10240;10228
1564;9383761000;9331988888;9831988888;10240;10228
1565;9383945000;9373288888;9873288888;10240;10228
1566;9384158000;9373288888;9873288888;10240;10228
1567;9384179000;9373288888;9873288888;10240;10228
1568;9384362000;9373288888;9873288888;10240;10228
1569;9384382000;9373288888;9873288888;10240;10228
1570;9384567000;9373288888;9873288888;10240;10228
1571;9384762000;9373288888;9873288888;10240;10228
1572;9384782000;9373366666;9873366666;10240;10228
1559;9403799000;9331633333;9831633333;10240;10228
1573;9425026000;9373700000;9873700000;10240;10228
1574;9425064000;9373700000;9873700000;10240;10228
1575;9425076000;9373700000;9873700000;10240;10228
1576;9425094000;9414966666;9914966666;10240;10228
1577;9425103000;9414966666;9914966666;10240;10228
1578;9425111000;9414966666;9914966666;10240;10228
1579;9425119000;9414966666;9914966666;10240;10228
1580;9425128000;9414966666;9914966666;10240;10228
1581;9425146000;9414966666;9914966666;10240;10228
1573;9425204000;9373700000;9873700000;10240;10228
1582;9425318000;9414966666;9914966666;10240;10228
1583;9425352000;9415044444;9915044444;10240;10228
1574;9425367000;9373700000;9873700000;10240;10228
1575;9425611000;9373700000;9873700000;10240;10228
1576;9425631000;9414966666;9914966666;10240;10228
1577;9425811000;9414966666;9914966666;10240;10228
1578;9425820000;9414966666;9914966666;10240;10228
1579;9425997000;9414966666;9914966666;10240;10228
1580;9426233000;9414966666;9914966666;10240;10228
1581;9426254000;9414966666;9914966666;10240;10228
1582;9426430000;9414966666;9914966666;10240;10228
1583;9426451000;9415044444;9915044444;10240;10228
1584;9466627000;9415388888;9915388888;10240;10228
1585;9466645000;9415388888;9915388888;10240;10228
1586;9466653000;9415388888;9915388888;10240;10228
1587;9466672000;9456633333;9956633333;10240;10228
1588;9466681000;9456633333;9956633333;10240;10228
1589;9466690000;9456633333;9956633333;10240;10228
1590;9466700000;9456633333;9956633333;10240;10228
1591;9466722000;9456633333;9956633333;10240;10228
1592;9466732000;9456633333;9956633333;10240;10228
1593;9466743000;9456633333;9956633333;10240;10228
1594;9466755000;9456711111;9956711111;10240;10228
1584;9466840000;9415388888;9915388888;10240;10228
1585;9467033000;9415388888;9915388888;10240;10228
1586;9467288000;9415388888;9915388888;10240;10228
1587;9467309000;9456633333;9956633333;10240;10228
1588;9467485000;9456633333;9956633333;10240;10228
1589;9467505000;9456633333;9956633333;10240;10228
1590;9467689000;9456633333;9956633333;10240;10228
1591;9467708000;9456633333;9956633333;10240;10228
1592;9467889000;9456633333;9956633333;10240;10228
1593;9468064000;9456633333;9956633333;10240;10228
1594;9468085000;9456711111;9956711111;10240;10228
1595;9508287000;9457011111;9957011111;10240;10228
1596;9508302000;9457011111;9957011111;10240;10228
1597;9508331000;9457011111;9957011111;10240;10228
1598;9508342000;9498300000;9998300000;10240;10228
1599;9508350000;9498300000;9998300000;10240;10228
1600;9508359000;9498300000;9998300000;10240;10228
1601;9508381000;9498300000;9998300000;10240;10228
1602;9508390000;9498300000;9998300000;10240;10228
1603;9508398000;9498300000;9998300000;10240;10228
1604;9508407000;9498300000;9998300000;10240;10228
1605;9508413000;9498377777;9998377777;10240;10228
1595;9508504000;9457011111;9957011111;10240;10228
1596;9508696000;9457011111;9957011111;10240;10228
1597;9508900000;9457011111;9957011111;10240;10228
1598;9508906000;9498300000;9998300000;10240;10228
1599;9509118000;9498300000;9998300000;10240;10228
1600;9509132000;9498300000;9998300000;10240;10228
1601;9509317000;9498300000;9998300000;10240;10228
1602;9509331000;9498300000;9998300000;10240;10228
1603;9509512000;9498300000;9998300000;10240;10228
1604;9509719000;9498300000;9998300000;10240;10228
1605;9509726000;9498377777;9998377777;10240;10228
1606;9549947000;9498711111;9998711111;10240;10228
1607;9549958000;9498711111;9998711111;10240;10228
1608;9549970000;9498711111;9998711111;10240;10228
1609;9550000000;9539966666;10039966666;10240;10228
1610;9550009000;9539966666;10039966666;10240;10228
1611;9550022000;9539966666;10039966666;10240;10228
1612;9550030000;9539966666;10039966666;10240;10228
1613;9550051000;9539966666;10039966666;10240;10228
1614;9550080000;9539966666;10039966666;10240;10228
1615;9550098000;9539966666;10039966666;10240;10228
1616;9550106000;9540055555;10040055555;10240;10228
1606;9550153000;9498711111;9998711111;10240;10228
1607;9550358000;9498711111;9998711111;10240;10228
1608;9550561000;9498711111;9998711111;10240;10228
1609;9550579000;9539966666;10039966666;10240;10228
1610;9550765000;9539966666;10039966666;10240;10228
1611;9550784000;9539966666;10039966666;10240;10228
1612;9551014000;9539966666;10039966666;10240;10228
1613;9551025000;9539966666;10039966666;10240;10228
1614;9551176000;9539966666;10039966666;10240;10228
1615;9551438000;9539966666;10039966666;10240;10228
1616;9551450000;9540055555;10040055555;10240;10228
1618;9591640000;9540388888;10040388888;10240;10228
1619;9591668000;9540388888;10040388888;10240;10228
1620;9591677000;9581633333;10081633333;10240;10228
1621;9591705000;9581633333;10081633333;10240;10228
1622;9591727000;9581633333;10081633333;10240;10228
1623;9591737000;9581633333;10081633333;10240;10228
1624;9591747000;9581633333;10081633333;10240;10228
1625;9591756000;9581633333;10081633333;10240;10228
1626;9591763000;9581633333;10081633333;10240;10228
1627;9591770000;9581711111;10081711111;10240;10228
1617;9591848000;9540388888;10040388888;10240;10228
1618;9592073000;9540388888;10040388888;10240;10228
1619;9592245000;9540388888;10040388888;10240;10228
1620;9592264000;9581633333;10081633333;10240;10228
1621;9592506000;9581633333;10081633333;10240;10228
1622;9592521000;9581633333;10081633333;10240;10228
1623;9592718000;9581633333;10081633333;10240;10228
1624;9592736000;9581633333;10081633333;10240;10228
1625;9592918000;9581633333;10081633333;10240;10228
1626;9593064000;9581633333;10081633333;10240;10228
1627;9593075000;9581711111;10081711111;10240;10228
1617;9611873000;9540388888;10040388888;10240;10228
1628;9633389000;9582022222;10082022222;10240;10228
1629;9633405000;9582022222;10082022222;10240;10228
1630;9633414000;9582022222;10082022222;10240;10228
1631;9633421000;9623322222;10123322222;10240;10228
1632;9633432000;9623322222;10123322222;10240;10228
1633;9633440000;9623322222;10123322222;10240;10228
1634;9633449000;9623322222;10123322222;10240;10228
1635;9633458000;9623322222;10123322222;10240;10228
1636;9633465000;9623322222;10123322222;10240;10228
1629;9633589000;9582022222;10082022222;10240;10228
1637;9633667000;9623322222;10123322222;10240;10228
1638;9633679000;9623400000;10123400000;10240;10228
1630;9633765000;9582022222;10082022222;10240;10228
1631;9633777000;9623322222;10123322222;10240;10228
1632;9633981000;9623322222;10123322222;10240;10228
1633;9634211000;9623322222;10123322222;10240;10228
1634;9634225000;9623322222;10123322222;10240;10228
1635;9634400000;9623322222;10123322222;10240;10228
1636;9634415000;9623322222;10123322222;10240;10228
1637;9634594000;9623322222;10123322222;10240;10228
1638;9634604000;9623400000;10123400000;10240;10228
1628;9654199000;9582022222;10082022222;10240;10228
1639;9675010000;9623733333;10123733333;10240;10228
1640;9675024000;9623733333;10123733333;10240;10228
1641;9675033000;9623733333;10123733333;10240;10228
1642;9675042000;9664966666;10164966666;10240;10228
1643;9675073000;9664966666;10164966666;10240;10228
1644;9675083000;9664966666;10164966666;10240;10228
1645;9675106000;9664966666;10164966666;10240;10228
1646;9675115000;9664966666;10164966666;10240;10228
1647;9675124000;9664966666;10164966666;10240;10228
1648;9675143000;9664966666;10164966666;10240;10228
1649;9675151000;9665044444;10165044444;10240;10228
1639;9675161000;9623733333;10123733333;10240;10228
1640;9675424000;9623733333;10123733333;10240;10228
1641;9675443000;9623733333;10123733333;10240;10228
1642;9675643000;9664966666;10164966666;10240;10228
1643;9675819000;9664966666;10164966666;10240;10228
1644;9675833000;9664966666;10164966666;10240;10228
1645;9676030000;9664966666;10164966666;10240;10228
1646;9676039000;9664966666;10164966666;10240;10228
1647;9676199000;9664966666;10164966666;10240;10228
1648;9676481000;9664966666;10164966666;10240;10228
1649;9676495000;9665044444;10165044444;10240;10228
1650;9716659000;9665388888;10165388888;10240;10228
1651;9716674000;9665388888;10165388888;10240;10228
1652;9716685000;9665388888;10165388888;10240;10228
1653;9716692000;9706644444;10206644444;10240;10228
1654;9716711000;9706644444;10206644444;10240;10228
1655;9716720000;9706644444;10206644444;10240;10228
1656;9716729000;9706644444;10206644444;10240;10228
1657;9716735000;9706644444;10206644444;10240;10228
1658;9716746000;9706644444;10206644444;10240;10228
1659;9716754000;9706644444;10206644444;10240;10228
1660;9716762000;9706733333;10206733333;10240;10228
1650;9716861000;9665388888;10165388888;10240;10228
1651;9717094000;9665388888;10165388888;10240;10228
1652;9717113000;9665388888;10165388888;10240;10228
1653;9717292000;9706644444;10206644444;10240;10228
1654;9717498000;9706644444;10206644444;10240;10228
1655;9717511000;9706644444;10206644444;10240;10228
1656;9717693000;9706644444;10206644444;10240;10228
1657;9717702000;9706644444;10206644444;10240;10228
1658;9717890000;9706644444;10206644444;10240;10228
1659;9718072000;9706644444;10206644444;10240;10228
1660;9718083000;9706733333;10206733333;10240;10228
1661;9758365000;9707088888;10207088888;10240;10228
1662;9758380000;9707088888;10207088888;10240;10228
1663;9758388000;9707088888;10207088888;10240;10228
1664;9758395000;9748322222;10248322222;10240;10228
1665;9758404000;9748322222;10248322222;10240;10228
1666;9758425000;9748322222;10248322222;10240;10228
1667;9758435000;9748322222;10248322222;10240;10228
1670;9758442000;9748322222;10248322222;10240;10228
1671;9758463000;9748411111;10248411111;10240;10228
1661;9758600000;9707088888;10207088888;10240;10228
1662;9758774000;9707088888;10207088888;10240;10228
1663;9758792000;9707088888;10207088888;10240;10228
1664;9758978000;9748322222;10248322222;10240;10228
1665;9759192000;9748322222;10248322222;10240;10228
1666;9759203000;9748322222;10248322222;10240;10228
1667;9759386000;9748322222;10248322222;10240;10228
1668;9759406000;9748322222;10248322222;10240;10228
1669;9759601000;9748322222;10248322222;10240;10228
1670;9759796000;9748322222;10248322222;10240;10228
1671;9759806000;9748411111;10248411111;10240;10228
1672;9799972000;9748733333;10248733333;10240;10228
1673;9799988000;9748733333;10248733333;10240;10228
1674;9799997000;9748733333;10248733333;10240;10228
1675;9800019000;9789966666;10289966666;10240;10228
1676;9800029000;9789966666;10289966666;10240;10228
1677;9800037000;9789966666;10289966666;10240;10228
1678;9800053000;9789966666;10289966666;10240;10228
1679;9800076000;9789966666;10289966666;10240;10228
1680;9800085000;9789966666;10289966666;10240;10228
1681;9800092000;9789966666;10289966666;10240;10228
1682;9800100000;9790044444;10290044444;10240;10228
1672;9800155000;9748733333;10248733333;10240;10228
1673;9800355000;9748733333;10248733333;10240;10228
1674;9800558000;9748733333;10248733333;10240;10228
1675;9800563000;9789966666;10289966666;10240;10228
1676;9800762000;9789966666;10289966666;10240;10228
1677;9800768000;9789966666;10289966666;10240;10228
1678;9800966000;9789966666;10289966666;10240;10228
1679;9801173000;9789966666;10289966666;10240;10228
1680;9801177000;9789966666;10289966666;10240;10228
1681;9801375000;9789966666;10289966666;10240;10228
1682;9801380000;9790044444;10290044444;10240;10228
1683;9841633000;9790388888;10290388888;10240;10228
1684;9841649000;9790388888;10290388888;10240;10228
1685;9841669000;9790388888;10290388888;10240;10228
1688;9841679000;9831622222;10331622222;10240;10228
1689;9841691000;9831622222;10331622222;10240;10228
1690;9841699000;9831622222;10331622222;10240;10228
1691;9841715000;9831622222;10331622222;10240;10228
1692;9841736000;9831622222;10331622222;10240;10228
1693;9841745000;9831711111;10331711111;10240;10228
1683;9841838000;9790388888;10290388888;10240;10228
1684;9842015000;9790388888;10290388888;10240;10228
1685;9842245000;9790388888;10290388888;10240;10228
1686;9842258000;9831622222;10331622222;10240;10228
1687;9842442000;9831622222;10331622222;10240;10228
1688;9842460000;9831622222;10331622222;10240;10228
1689;9842645000;9831622222;10331622222;10240;10228
1690;9842655000;9831622222;10331622222;10240;10228
1691;9842847000;9831622222;10331622222;10240;10228
1692;9843039000;9831622222;10331622222;10240;10228
1693;9843053000;9831711111;10331711111;10240;10228
1668;9862067000;9748322222;10248322222;10240;10228
1669;9862080000;9748322222;10248322222;10240;10228
1694;9883359000;9831988888;10331988888;10240;10228
1695;9883373000;9831988888;10331988888;10240;10228
1696;9883382000;9831988888;10331988888;10240;10228
1697;9883388000;9873288888;10373288888;10240;10228
1698;9883397000;9873288888;10373288888;10240;10228
1699;9883407000;9873288888;10373288888;10240;10228
1700;9883415000;9873288888;10373288888;10240;10228
1701;9883426000;9873288888;10373288888;10240;10228
1702;9883433000;9873288888;10373288888;10240;10228
1694;9883537000;9831988888;10331988888;10240;10228
1703;9883651000;9873288888;10373288888;10240;10228
1704;9883666000;9873377777;10373377777;10240;10228
1695;9883729000;9831988888;10331988888;10240;10228
1696;9883935000;9831988888;10331988888;10240;10228
1697;9883942000;9873288888;10373288888;10240;10228
1698;9884155000;9873288888;10373288888;10240;10228
1699;9884166000;9873288888;10373288888;10240;10228
1700;9884362000;9873288888;10373288888;10240;10228
1701;9884385000;9873288888;10373288888;10240;10228
1702;9884569000;9873288888;10373288888;10240;10228
1703;9884775000;9873288888;10373288888;10240;10228
1704;9884784000;9873377777;10373377777;10240;10228
1686;9903913000;9831622222;10331622222;10240;10228
1687;9903925000;9831622222;10331622222;10240;10228
1705;9925038000;9873700000;10373700000;10240;10228
1706;9925073000;9873700000;10373700000;10240;10228
1707;9925084000;9873700000;10373700000;10240;10228
1708;9925092000;9914966666;10414966666;10240;10228
1709;9925099000;9914966666;10414966666;10240;10228
1711;9925108000;9914966666;10414966666;10240;10228
1712;9925129000;9914966666;10414966666;10240;10228
1713;9925148000;9914966666;10414966666;10240;10228
1714;9925157000;9914966666;10414966666;10240;10228
1715;9925195000;9915044444;10415044444;10240;10228
1705;9925203000;9873700000;10373700000;10240;10228
1706;9925416000;9873700000;10373700000;10240;10228
1707;9925425000;9873700000;10373700000;10240;10228
1708;9925620000;9914966666;10414966666;10240;10228
1709;9925807000;9914966666;10414966666;10240;10228
1710;9925830000;9914966666;10414966666;10240;10228
1711;9926019000;9914966666;10414966666;10240;10228
1712;9926029000;9914966666;10414966666;10240;10228
1713;9926231000;9914966666;10414966666;10240;10228
1715;9926251000;9915044444;10415044444;10240;10228
1710;9945411000;9914966666;10414966666;10240;10228
1716;9966692000;9915377777;10415377777;10240;10228
1717;9966708000;9915377777;10415377777;10240;10228
1718;9966717000;9915377777;10415377777;10240;10228
1719;9966725000;9956622222;10456622222;10240;10228
1720;9966733000;9956622222;10456622222;10240;10228
1721;9966743000;9956622222;10456622222;10240;10228
1722;9966751000;9956622222;10456622222;10240;10228
1723;9966761000;9956622222;10456622222;10240;10228
1724;9966769000;9956622222;10456622222;10240;10228
1716;9966859000;9915377777;10415377777;10240;10228
1725;9966985000;9956622222;10456622222;10240;10228
1726;9966995000;9956700000;10456700000;10240;10228
1717;9967034000;9915377777;10415377777;10240;10228
1718;9967285000;9915377777;10415377777;10240;10228
1719;9967296000;9956622222;10456622222;10240;10228
1720;9967491000;9956622222;10456622222;10240;10228
1721;9967512000;9956622222;10456622222;10240;10228
1722;9967686000;9956622222;10456622222;10240;10228
1723;9967707000;9956622222;10456622222;10240;10228
1724;9967882000;9956622222;10456622222;10240;10228
1725;9968060000;9956622222;10456622222;10240;10228
1726;9968080000;9956700000;10456700000;10240;10228
1714;9987483000;9914966666;10414966666;10240;10228
1727;10008304000;9957011111;10457011111;10240;10228
1728;10008315000;9957011111;10457011111;10240;10228
1729;10008323000;9957011111;10457011111;10240;10228
1730;10008343000;9998300000;10498300000;10240;10228
1731;10008354000;9998300000;10498300000;10240;10228
1732;10008361000;9998300000;10498300000;10240;10228
1733;10008371000;9998300000;10498300000;10240;10228
1734;10008390000;9998300000;10498300000;10240;10228
1735;10008400000;9998300000;10498300000;10240;10228
1736;10008408000;9998300000;10498300000;10240;10228
1737;10008415000;9998400000;10498400000;10240;10228
1727;10008506000;9957011111;10457011111;10240;10228
1728;10008698000;9957011111;10457011111;10240;10228
1729;10008903000;9957011111;10457011111;10240;10228
1730;10008908000;9998300000;10498300000;10240;10228
1731;10009148000;9998300000;10498300000;10240;10228
1732;10009167000;9998300000;10498300000;10240;10228
1733;10009356000;9998300000;10498300000;10240;10228
1734;10009365000;9998300000;10498300000;10240;10228
1735;10009575000;9998300000;10498300000;10240;10228
1737;10009584000;9998400000;10498400000;10240;10228
1738;10049989000;9998733333;10498733333;10240;10228
1739;10050020000;9998733333;10498733333;10240;10228
1740;10050030000;9998733333;10498733333;10240;10228
1741;10050040000;10039955555;10539955555;10240;10228
1742;10050078000;10039955555;10539955555;10240;10228
1743;10050103000;10039955555;10539955555;10240;10228
1744;10050111000;10039955555;10539955555;10240;10228
1745;10050124000;10039955555;10539955555;10240;10228
1746;10050143000;10039955555;10539955555;10240;10228
1747;10050153000;10039955555;10539955555;10240;10228
1748;10050160000;10040033333;10540033333;10240;10228
1738;10050183000;9998733333;10498733333;10240;10228
1739;10050413000;9998733333;10498733333;10240;10228
1740;10050434000;9998733333;10498733333;10240;10228
1741;10050619000;10039955555;10539955555;10240;10228
1742;10050808000;10039955555;10539955555;10240;10228
1743;10050828000;10039955555;10539955555;10240;10228
1744;10051021000;10039955555;10539955555;10240;10228
1745;10051035000;10039955555;10539955555;10240;10228
1746;10051232000;10039955555;10539955555;10240;10228
1747;10051431000;10039955555;10539955555;10240;10228
1748;10051450000;10040033333;10540033333;10240;10228
1736;10070795000;9998300000;10498300000;10240;10228
1749;10091653000;10040388888;10540388888;10240;10228
1750;10091665000;10040388888;10540388888;10240;10228
1751;10091672000;10040388888;10540388888;10240;10228
1752;10091702000;10081666666;10581666666;10240;10228
1753;10091712000;10081666666;10581666666;10240;10228
1754;10091720000;10081666666;10581666666;10240;10228
1755;10091727000;10081666666;10581666666;10240;10228
1756;10091749000;10081666666;10581666666;10240;10228
1757;10091759000;10081666666;10581666666;10240;10228
1758;10091767000;10081666666;10581666666;10240;10228
1759;10091774000;10081744444;10581744444;10240;10228
1749;10091893000;10040388888;10540388888;10240;10228
1750;10092182000;10040388888;10540388888;10240;10228
1751;10092201000;10040388888;10540388888;10240;10228
1752;10092323000;10081666666;10581666666;10240;10228
1753;10092522000;10081666666;10581666666;10240;10228
1754;10092545000;10081666666;10581666666;10240;10228
1755;10092719000;10081666666;10581666666;10240;10228
1756;10092739000;10081666666;10581666666;10240;10228
1757;10092923000;10081666666;10581666666;10240;10228
1759;10092934000;10081744444;10581744444;10240;10228
1760;10133303000;10082055555;10582055555;10240;10228
1761;10133317000;10082055555;10582055555;10240;10228
1762;10133325000;10082055555;10582055555;10240;10228
1763;10133344000;10123300000;10623300000;10240;10228
1764;10133355000;10123300000;10623300000;10240;10228
1765;10133363000;10123300000;10623300000;10240;10228
1766;10133371000;10123300000;10623300000;10240;10228
1767;10133391000;10123300000;10623300000;10240;10228
1768;10133401000;10123300000;10623300000;10240;10228
1769;10133409000;10123300000;10623300000;10240;10228
1770;10133416000;10123377777;10623377777;10240;10228
1760;10133505000;10082055555;10582055555;10240;10228
1761;10133696000;10082055555;10582055555;10240;10228
1762;10133902000;10082055555;10582055555;10240;10228
1763;10133907000;10123300000;10623300000;10240;10228
1764;10134119000;10123300000;10623300000;10240;10228
1765;10134131000;10123300000;10623300000;10240;10228
1766;10134318000;10123300000;10623300000;10240;10228
1767;10134332000;10123300000;10623300000;10240;10228
1768;10134515000;10123300000;10623300000;10240;10228
1769;10134720000;10123300000;10623300000;10240;10228
1770;10134725000;10123377777;10623377777;10240;10228
1758;10154124000;10081666666;10581666666;10240;10228
1771;10174959000;10123688888;10623688888;10240;10228
1772;10174969000;10123688888;10623688888;10240;10228
1773;10174978000;10123688888;10623688888;10240;10228
1774;10175009000;10164955555;10664955555;10240;10228
1775;10175018000;10164955555;10664955555;10240;10228
1776;10175027000;10164955555;10664955555;10240;10228
1777;10175035000;10164955555;10664955555;10240;10228
1778;10175076000;10164955555;10664955555;10240;10228
1779;10175094000;10164955555;10664955555;10240;10228
1780;10175103000;10164955555;10664955555;10240;10228
1781;10175110000;10165044444;10665044444;10240;10228
1771;10175171000;10123688888;10623688888;10240;10228
1772;10175371000;10123688888;10623688888;10240;10228
1773;10175576000;10123688888;10623688888;10240;10228
1774;10175589000;10164955555;10664955555;10240;10228
1775;10175772000;10164955555;10664955555;10240;10228
1776;10175783000;10164955555;10664955555;10240;10228
1777;10175976000;10164955555;10664955555;10240;10228
1778;10175987000;10164955555;10664955555;10240;10228
1780;10176183000;10164955555;10664955555;10240;10228
1781;10176189000;10165044444;10665044444;10240;10228
1782;10216621000;10165366666;10665366666;10240;10228
1783;10216636000;10165366666;10665366666;10240;10228
1784;10216644000;10165366666;10665366666;10240;10228
1785;10216666000;10206622222;10706622222;10240;10228
1786;10216675000;10206622222;10706622222;10240;10228
1787;10216683000;10206622222;10706622222;10240;10228
1788;10216695000;10206622222;10706622222;10240;10228
1789;10216716000;10206622222;10706622222;10240;10228
1790;10216726000;10206622222;10706622222;10240;10228
1791;10216733000;10206622222;10706622222;10240;10228
1792;10216742000;10206711111;10706711111;10240;10228
1782;10216858000;10165366666;10665366666;10240;10228
1783;10217075000;10165366666;10665366666;10240;10228
1784;10217093000;10165366666;10665366666;10240;10228
1785;10217276000;10206622222;10706622222;10240;10228
1786;10217489000;10206622222;10706622222;10240;10228
1787;10217499000;10206622222;10706622222;10240;10228
1788;10217683000;10206622222;10706622222;10240;10228
1789;10217703000;10206622222;10706622222;10240;10228
1790;10217882000;10206622222;10706622222;10240;10228
1791;10218058000;10206622222;10706622222;10240;10228
1792;10218078000;10206711111;10706711111;10240;10228
1779;10237489000;10164955555;10664955555;10240;10228
1793;10258298000;10207022222;10707022222;10240;10228
1794;10258308000;10207022222;10707022222;10240;10228
1796;10258316000;10248288888;10748288888;10240;10228
1797;10258354000;10248288888;10748288888;10240;10228
1798;10258374000;10248288888;10748288888;10240;10228
1799;10258391000;10248288888;10748288888;10240;10228
1800;10258402000;10248288888;10748288888;10240;10228
1801;10258410000;10248288888;10748288888;10240;10228
1802;10258416000;10248288888;10748288888;10240;10228
1803;10258426000;10248366666;10748366666;10240;10228
1793;10258504000;10207022222;10707022222;10240;10228
1794;10258695000;10207022222;10707022222;10240;10228
1795;10258900000;10207022222;10707022222;10240;10228
1796;10258921000;10248288888;10748288888;10240;10228
1797;10259118000;10248288888;10748288888;10240;10228
1798;10259131000;10248288888;10748288888;10240;10228
1799;10259317000;10248288888;10748288888;10240;10228
1800;10259332000;10248288888;10748288888;10240;10228
1801;10259512000;10248288888;10748288888;10240;10228
1802;10259717000;10248288888;10748288888;10240;10228
1803;10259727000;10248366666;10748366666;10240;10228
1795;10278578000;10207022222;10707022222;10240;10228
1804;10300022000;10248711111;10748711111;10240;10228
1805;10300036000;10248711111;10748711111;10240;10228
1806;10300070000;10248711111;10748711111;10240;10228
1807;10300079000;10289966666;10789966666;10240;10228
1808;10300097000;10289966666;10789966666;10240;10228
1809;10300105000;10289966666;10789966666;10240;10228
1810;10300113000;10289966666;10789966666;10240;10228
1811;10300126000;10289966666;10789966666;10240;10228
1812;10300144000;10289966666;10789966666;10240;10228
1804;10300205000;10248711111;10748711111;10240;10228
1813;10300317000;10289966666;10789966666;10240;10228
1814;10300332000;10290044444;10790044444;10240;10228
1805;10300403000;10248711111;10748711111;10240;10228
1806;10300613000;10248711111;10748711111;10240;10228
1807;10300632000;10289966666;10789966666;10240;10228
1808;10300816000;10289966666;10789966666;10240;10228
1809;10300834000;10289966666;10789966666;10240;10228
1810;10301022000;10289966666;10789966666;10240;10228
1811;10301031000;10289966666;10789966666;10240;10228
1813;10301238000;10289966666;10789966666;10240;10228
1814;10301257000;10290044444;10790044444;10240;10228
1815;10341635000;10290377777;10790377777;10240;10228
1816;10341648000;10290377777;10790377777;10240;10228
1817;10341656000;10290377777;10790377777;10240;10228
1818;10341675000;10331622222;10831622222;10240;10228
1819;10341695000;10331622222;10831622222;10240;10228
1820;10341704000;10331622222;10831622222;10240;10228
1821;10341711000;10331622222;10831622222;10240;10228
1822;10341719000;10331622222;10831622222;10240;10228
1823;10341730000;10331622222;10831622222;10240;10228
1824;10341739000;10331622222;10831622222;10240;10228
1825;10341745000;10331700000;10831700000;10240;10228
1815;10341839000;10290377777;10790377777;10240;10228
1816;10342029000;10290377777;10790377777;10240;10228
1817;10342283000;10290377777;10790377777;10240;10228
1818;10342304000;10331622222;10831622222;10240;10228
1819;10342483000;10331622222;10831622222;10240;10228
1820;10342503000;10331622222;10831622222;10240;10228
1821;10342685000;10331622222;10831622222;10240;10228
1822;10342705000;10331622222;10831622222;10240;10228
1823;10342883000;10331622222;10831622222;10240;10228
1824;10343062000;10331622222;10831622222;10240;10228
1825;10343080000;10331700000;10831700000;10240;10228
1812;10362269000;10289966666;10789966666;10240;10228
1826;10383315000;10332000000;10832000000;10240;10228
1827;10383327000;10332000000;10832000000;10240;10228
1828;10383346000;10332000000;10832000000;10240;10228
1829;10383357000;10373300000;10873300000;10240;10228
1830;10383365000;10373300000;10873300000;10240;10228
1831;10383384000;10373300000;10873300000;10240;10228
1833;10383393000;10373300000;10873300000;10240;10228
1834;10383413000;10373300000;10873300000;10240;10228
1835;10383425000;10373300000;10873300000;10240;10228
1836;10383432000;10373377777;10873377777;10240;10228
1826;10383506000;10332000000;10832000000;10240;10228
1827;10383696000;10332000000;10832000000;10240;10228
1828;10383901000;10332000000;10832000000;10240;10228
1829;10383906000;10373300000;10873300000;10240;10228
1830;10384120000;10373300000;10873300000;10240;10228
1831;10384130000;10373300000;10873300000;10240;10228
1833;10384309000;10373300000;10873300000;10240;10228
1834;10384318000;10373300000;10873300000;10240;10228
1835;10384513000;10373300000;10873300000;10240;10228
1836;10384521000;10373377777;10873377777;10240;10228
1832;10403566000;10373300000;10873300000;10240;10228
1832;10404934000;10373300000;10873300000;10240;10228
1837;10424996000;10373711111;10873711111;10240;10228
1838;10425017000;10373711111;10873711111;10240;10228
1839;10425026000;10373711111;10873711111;10240;10228
1840;10425035000;10414955555;10914955555;10240;10228
1841;10425053000;10414955555;10914955555;10240;10228
1842;10425098000;10414955555;10914955555;10240;10228
1843;10425107000;10414955555;10914955555;10240;10228
1844;10425117000;10414955555;10914955555;10240;10228
1845;10425125000;10414955555;10914955555;10240;10228
1846;10425134000;10414955555;10914955555;10240;10228
1847;10425143000;10415044444;10915044444;10240;10228
1837;10425152000;10373711111;10873711111;10240;10228
1838;10425377000;10373711111;10873711111;10240;10228
1839;10425580000;10373711111;10873711111;10240;10228
1840;10425591000;10414955555;10914955555;10240;10228
1841;10425785000;10414955555;10914955555;10240;10228
1842;10425797000;10414955555;10914955555;10240;10228
1843;10425988000;10414955555;10914955555;10240;10228
1844;10426197000;10414955555;10914955555;10240;10228
1845;10426206000;10414955555;10914955555;10240;10228
1846;10426375000;10414955555;10914955555;10240;10228
1847;10426380000;10415044444;10915044444;10240;10228
1848;10466631000;10415355555;10915355555;10240;10228
1849;10466644000;10415355555;10915355555;10240;10228
1850;10466652000;10415355555;10915355555;10240;10228
1851;10466679000;10456633333;10956633333;10240;10228
1852;10466688000;10456633333;10956633333;10240;10228
1853;10466697000;10456633333;10956633333;10240;10228
1854;10466707000;10456633333;10956633333;10240;10228
1855;10466729000;10456633333;10956633333;10240;10228
1856;10466740000;10456633333;10956633333;10240;10228
1857;10466750000;10456633333;10956633333;10240;10228
1858;10466758000;10456711111;10956711111;10240;10228
1848;10466813000;10415355555;10915355555;10240;10228
1849;10467014000;10415355555;10915355555;10240;10228
1850;10467245000;10415355555;10915355555;10240;10228
1851;10467257000;10456633333;10956633333;10240;10228
1852;10467448000;10456633333;10956633333;10240;10228
1853;10467460000;10456633333;10956633333;10240;10228
1854;10467652000;10456633333;10956633333;10240;10228
1855;10467860000;10456633333;10956633333;10240;10228
1856;10467870000;10456633333;10956633333;10240;10228
1857;10468038000;10456633333;10956633333;10240;10228
1858;10468053000;10456711111;10956711111;10240;10228
1859;10508305000;10456988888;10956988888;10240;10228
1860;10508319000;10456988888;10956988888;10240;10228
1861;10508327000;10456988888;10956988888;10240;10228
1862;10508347000;10498300000;10998300000;10240;10228
1863;10508357000;10498300000;10998300000;10240;10228
1864;10508367000;10498300000;10998300000;10240;10228
1865;10508387000;10498300000;10998300000;10240;10228
1866;10508398000;10498300000;10998300000;10240;10228
1867;10508409000;10498300000;10998300000;10240;10228
1868;10508417000;10498300000;10998300000;10240;10228
1869;10508423000;10498377777;10998377777;10240;10228
1859;10508509000;10456988888;10956988888;10240;10228
1860;10508700000;10456988888;10956988888;10240;10228
1861;10508906000;10456988888;10956988888;10240;10228
1862;10508911000;10498300000;10998300000;10240;10228
1863;10509121000;10498300000;10998300000;10240;10228
1864;10509133000;10498300000;10998300000;10240;10228
1865;10509322000;10498300000;10998300000;10240;10228
1866;10509337000;10498300000;10998300000;10240;10228
1867;10509518000;10498300000;10998300000;10240;10228
1868;10509725000;10498300000;10998300000;10240;10228
1869;10509729000;10498377777;10998377777;10240;10228
1870;10549957000;10498688888;10998688888;10240;10228
1871;10549966000;10498688888;10998688888;10240;10228
1872;10549974000;10498688888;10998688888;10240;10228
1873;10550005000;10539955555;11039955555;10240;10228
1874;10550016000;10539955555;11039955555;10240;10228
1875;10550024000;10539955555;11039955555;10240;10228
1876;10550031000;10539955555;11039955555;10240;10228
1877;10550076000;10539955555;11039955555;10240;10228
1878;10550095000;10539955555;11039955555;10240;10228
1879;10550106000;10539955555;11039955555;10240;10228
1880;10550113000;10540033333;11040033333;10240;10228
1870;10550186000;10498688888;10998688888;10240;10228
1871;10550379000;10498688888;10998688888;10240;10228
1872;10550583000;10498688888;10998688888;10240;10228
1873;10550600000;10539955555;11039955555;10240;10228
1874;10550835000;10539955555;11039955555;10240;10228
1875;10550854000;10539955555;11039955555;10240;10228
1876;10550983000;10539955555;11039955555;10240;10228
1877;10551002000;10539955555;11039955555;10240;10228
1878;10551255000;10539955555;11039955555;10240;10228
1879;10551398000;10539955555;11039955555;10240;10228
1880;10551409000;10540033333;11040033333;10240;10228
1881;10591640000;10540344444;11040344444;10240;10228
1882;10591656000;10540344444;11040344444;10240;10228
1883;10591665000;10540344444;11040344444;10240;10228
1884;10591673000;10581622222;11081622222;10240;10228
1885;10591688000;10581622222;11081622222;10240;10228
1886;10591697000;10581622222;11081622222;10240;10228
1887;10591706000;10581622222;11081622222;10240;10228
1888;10591726000;10581622222;11081622222;10240;10228
1889;10591742000;10581622222;11081622222;10240;10228
1890;10591750000;10581622222;11081622222;10240;10228
1891;10591757000;10581711111;11081711111;10240;10228
1881;10591842000;10540344444;11040344444;10240;10228
1882;10592075000;10540344444;11040344444;10240;10228
1883;10592237000;10540344444;11040344444;10240;10228
1884;10592248000;10581622222;11081622222;10240;10228
1885;10592445000;10581622222;11081622222;10240;10228
1886;10592463000;10581622222;11081622222;10240;10228
1887;10592694000;10581622222;11081622222;10240;10228
1888;10592703000;10581622222;11081622222;10240;10228
1889;10592891000;10581622222;11081622222;10240;10228
1890;10593073000;10581622222;11081622222;10240;10228
1891;10593084000;10581711111;11081711111;10240;10228
1892;10633300000;10581977777;11081977777;10240;10228
1893;10633317000;10581977777;11081977777;10240;10228
1894;10633327000;10581977777;11081977777;10240;10228
1895;10633345000;10623322222;11123322222;10240;10228
1896;10633364000;10623322222;11123322222;10240;10228
1897;10633394000;10623322222;11123322222;10240;10228
1898;10633405000;10623322222;11123322222;10240;10228
1899;10633412000;10623322222;11123322222;10240;10228
1900;10633426000;10623322222;11123322222;10240;10228
1901;10633442000;10623322222;11123322222;10240;10228
1902;10633452000;10623400000;11123400000;10240;10228
1892;10633544000;10581977777;11081977777;10240;10228
1893;10633751000;10581977777;11081977777;10240;10228
1894;10633761000;10581977777;11081977777;10240;10228
1895;10633955000;10623322222;11123322222;10240;10228
1896;10634175000;10623322222;11123322222;10240;10228
1897;10634189000;10623322222;11123322222;10240;10228
1898;10634334000;10623322222;11123322222;10240;10228
1899;10634342000;10623322222;11123322222;10240;10228
1900;10634527000;10623322222;11123322222;10240;10228
1901;10634775000;10623322222;11123322222;10240;10228
1902;10634786000;10623400000;11123400000;10240;10228
1903;10674954000;10623711111;11123711111;10240;10228
1904;10674972000;10623711111;11123711111;10240;10228
1905;10674979000;10623711111;11123711111;10240;10228
1906;10675000000;10664966666;11164966666;10240;10228
1907;10675009000;10664966666;11164966666;10240;10228
1908;10675017000;10664966666;11164966666;10240;10228
1909;10675040000;10664966666;11164966666;10240;10228
1910;10675069000;10664966666;11164966666;10240;10228
1911;10675078000;10664966666;11164966666;10240;10228
1912;10675098000;10664966666;11164966666;10240;10228
1913;10675108000;10665055555;11165055555;10240;10228
1905;10675170000;10623711111;11123711111;10240;10228
1906;10675385000;10664966666;11164966666;10240;10228
1907;10675576000;10664966666;11164966666;10240;10228
1908;10675595000;10664966666;11164966666;10240;10228
1909;10675780000;10664966666;11164966666;10240;10228
1910;10675799000;10664966666;11164966666;10240;10228
1911;10676030000;10664966666;11164966666;10240;10228
1912;10676039000;10664966666;11164966666;10240;10228
1913;10676191000;10665055555;11165055555;10240;10228
1903;10696037000;10623711111;11123711111;10240;10228
1904;10696249000;10623711111;11123711111;10240;10228
1914;10716646000;10665377777;11165377777;10240;10228
1915;10716662000;10665377777;11165377777;10240;10228
1916;10716670000;10665377777;11165377777;10240;10228
1917;10716678000;10706622222;11206622222;10240;10228
1918;10716685000;10706622222;11206622222;10240;10228
1919;10716711000;10706622222;11206622222;10240;10228
1920;10716720000;10706622222;11206622222;10240;10228
1921;10716728000;10706622222;11206622222;10240;10228
1922;10716736000;10706622222;11206622222;10240;10228
1923;10716742000;10706622222;11206622222;10240;10228
1924;10716754000;10706700000;11206700000;10240;10228
1915;10716862000;10665377777;11165377777;10240;10228
1916;10717073000;10665377777;11165377777;10240;10228
1917;10717084000;10706622222;11206622222;10240;10228
1921;10717306000;10706622222;11206622222;10240;10228
1922;10717496000;10706622222;11206622222;10240;10228
1923;10717511000;10706622222;11206622222;10240;10228
1924;10717688000;10706700000;11206700000;10240;10228
1914;10737517000;10665377777;11165377777;10240;10228
1918;10737918000;10706622222;11206622222;10240;10228
1919;10738110000;10706622222;11206622222;10240;10228
1920;10738325000;10706622222;11206622222;10240;10228
1925;10758391000;10707000000;11207000000;10240;10228
1926;10758405000;10707000000;11207000000;10240;10228
1927;10758486000;10707000000;11207000000;10240;10228
1928;10758501000;10748444444;11248444444;10240;10228
1929;10758510000;10748444444;11248444444;10240;10228
1930;10758594000;10748444444;11248444444;10240;10228
1931;10758605000;10748444444;11248444444;10240;10228
1932;10758615000;10748444444;11248444444;10240;10228
1933;10758643000;10748444444;11248444444;10240;10228
1934;10758653000;10748444444;11248444444;10240;10228
1925;10758664000;10707000000;11207000000;10240;10228
1935;10758672000;10748622222;11248622222;10240;10228
1926;10758858000;10707000000;11207000000;10240;10228
1927;10758868000;10707000000;11207000000;10240;10228
1928;10759089000;10748444444;11248444444;10240;10228
1930;10759278000;10748444444;11248444444;10240;10228
1931;10759300000;10748444444;11248444444;10240;10228
1932;10759474000;10748444444;11248444444;10240;10228
1933;10759494000;10748444444;11248444444;10240;10228
1934;10759678000;10748444444;11248444444;10240;10228
1935;10759689000;10748622222;11248622222;10240;10228
1929;10779922000;10748444444;11248444444;10240;10228
1936;10800001000;10748933333;11248933333;10240;10228
1937;10800018000;10748933333;11248933333;10240;10228
1938;10800027000;10748933333;11248933333;10240;10228
1939;10800034000;10789955555;11289955555;10240;10228
1940;10800074000;10789955555;11289955555;10240;10228
1941;10800095000;10789955555;11289955555;10240;10228
1942;10800103000;10789955555;11289955555;10240;10228
1943;10800110000;10789955555;11289955555;10240;10228
1944;10800119000;10789955555;11289955555;10240;10228
1945;10800128000;10789955555;11289955555;10240;10228
1946;10800148000;10790033333;11290033333;10240;10228
1936;10800238000;10748933333;11248933333;10240;10228
1937;10800408000;10748933333;11248933333;10240;10228
1938;10800420000;10748933333;11248933333;10240;10228
1939;10800621000;10789955555;11289955555;10240;10228
1940;10800815000;10789955555;11289955555;10240;10228
1941;10800835000;10789955555;11289955555;10240;10228
1942;10801021000;10789955555;11289955555;10240;10228
1943;10801032000;10789955555;11289955555;10240;10228
1944;10801233000;10789955555;11289955555;10240;10228
1945;10801389000;10789955555;11289955555;10240;10228
1946;10801394000;10790033333;11290033333;10240;10228
1947;10841632000;10790388888;11290388888;10240;10228
1948;10841643000;10790388888;11290388888;10240;10228
1949;10841653000;10790388888;11290388888;10240;10228
1950;10841677000;10831622222;11331622222;10240;10228
1951;10841688000;10831622222;11331622222;10240;10228
1952;10841696000;10831622222;11331622222;10240;10228
1953;10841705000;10831622222;11331622222;10240;10228
1954;10841728000;10831622222;11331622222;10240;10228
1955;10841737000;10831622222;11331622222;10240;10228
1956;10841745000;10831622222;11331622222;10240;10228
1957;10841751000;10831711111;11331711111;10240;10228
1947;10841841000;10790388888;11290388888;10240;10228
1948;10842030000;10790388888;11290388888;10240;10228
1949;10842247000;10790388888;11290388888;10240;10228
1953;10842259000;10831622222;11331622222;10240;10228
1954;10842450000;10831622222;11331622222;10240;10228
1955;10842463000;10831622222;11331622222;10240;10228
1956;10842644000;10831622222;11331622222;10240;10228
1957;10842653000;10831711111;11331711111;10240;10228
1950;10862878000;10831622222;11331622222;10240;10228
1951;10863073000;10831622222;11331622222;10240;10228
1952;10863282000;10831622222;11331622222;10240;10228
1958;10883363000;10831955555;11331955555;10240;10228
1959;10883379000;10831955555;11331955555;10240;10228
1960;10883389000;10831955555;11331955555;10240;10228
1961;10883396000;10873311111;11373311111;10240;10228
1962;10883407000;10873311111;11373311111;10240;10228
1963;10883417000;10873311111;11373311111;10240;10228
1964;10883428000;10873311111;11373311111;10240;10228
1965;10883437000;10873311111;11373311111;10240;10228
1966;10883448000;10873311111;11373311111;10240;10228
1967;10883457000;10873311111;11373311111;10240;10228
1968;10883466000;10873400000;11373400000;10240;10228
1958;10883543000;10831955555;11331955555;10240;10228
1959;10883733000;10831955555;11331955555;10240;10228
1960;10883940000;10831955555;11331955555;10240;10228
1961;10883950000;10873311111;11373311111;10240;10228
1962;10884146000;10873311111;11373311111;10240;10228
1963;10884155000;10873311111;11373311111;10240;10228
1964;10884349000;10873311111;11373311111;10240;10228
1965;10884551000;10873311111;11373311111;10240;10228
1966;10884563000;10873311111;11373311111;10240;10228
1967;10884732000;10873311111;11373311111;10240;10228
1968;10884742000;10873400000;11373400000;10240;10228
1969;10925037000;10873711111;11373711111;10240;10228
1970;10925061000;10873711111;11373711111;10240;10228
1971;10925070000;10873711111;11373711111;10240;10228
1972;10925089000;10914966666;11414966666;10240;10228
1973;10925102000;10914966666;11414966666;10240;10228
1974;10925120000;10914966666;11414966666;10240;10228
1975;10925130000;10914966666;11414966666;10240;10228
1976;10925138000;10914966666;11414966666;10240;10228
1977;10925147000;10914966666;11414966666;10240;10228
1978;10925154000;10914966666;11414966666;10240;10228
1979;10925165000;10915044444;11415044444;10240;10228
1969;10925173000;10873711111;11373711111;10240;10228
1970;10925380000;10873711111;11373711111;10240;10228
1971;10925584000;10873711111;11373711111;10240;10228
1972;10925595000;10914966666;11414966666;10240;10228
1973;10925786000;10914966666;11414966666;10240;10228
1974;10925797000;10914966666;11414966666;10240;10228
1975;10925993000;10914966666;11414966666;10240;10228
1976;10926196000;10914966666;11414966666;10240;10228
1977;10926209000;10914966666;11414966666;10240;10228
1978;10926376000;10914966666;11414966666;10240;10228
1979;10926385000;10915044444;11415044444;10240;10228
1980;10966696000;10915388888;11415388888;10240;10228
1981;10966710000;10915388888;11415388888;10240;10228
1982;10966718000;10915388888;11415388888;10240;10228
1983;10966728000;10956622222;11456622222;10240;10228
1984;10966750000;10956622222;11456622222;10240;10228
1985;10966760000;10956622222;11456622222;10240;10228
1986;10966769000;10956622222;11456622222;10240;10228
1988;10966779000;10956622222;11456622222;10240;10228
1989;10966802000;10956622222;11456622222;10240;10228
1990;10966822000;10956700000;11456700000;10240;10228
1980;10966839000;10915388888;11415388888;10240;10228
1981;10967034000;10915388888;11415388888;10240;10228
1982;10967249000;10915388888;11415388888;10240;10228
1983;10967258000;10956622222;11456622222;10240;10228
1984;10967465000;10956622222;11456622222;10240;10228
1985;10967474000;10956622222;11456622222;10240;10228
1986;10967653000;10956622222;11456622222;10240;10228
1987;10967857000;10956622222;11456622222;10240;10228
1988;10967884000;10956622222;11456622222;10240;10228
1989;10968039000;10956622222;11456622222;10240;10228
1990;10968052000;10956700000;11456700000;10240;10228
1987;10987031000;10956622222;11456622222;10240;10228
1991;11008303000;10956988888;11456988888;10240;10228
1992;11008319000;10956988888;11456988888;10240;10228
1993;11008327000;10956988888;11456988888;10240;10228
1994;11008335000;10998288888;11498288888;10240;10228
1995;11008344000;10998288888;11498288888;10240;10228
1996;11008356000;10998288888;11498288888;10240;10228
1997;11008378000;10998288888;11498288888;10240;10228
1998;11008387000;10998288888;11498288888;10240;10228
1999;11008394000;10998288888;11498288888;10240;10228
2000;11008403000;10998288888;11498288888;10240;10228
1991;11008507000;10956988888;11456988888;10240;10228
1992;11008704000;10956988888;11456988888;10240;10228
1993;11008911000;10956988888;11456988888;10240;10228
1994;11008920000;10998288888;11498288888;10240;10228
1996;11009128000;10998288888;11498288888;10240;10228
1997;11009138000;10998288888;11498288888;10240;10228
1998;11009321000;10998288888;11498288888;10240;10228
1999;11009525000;10998288888;11498288888;10240;10228
2000;11009536000;10998288888;11498288888;10240;10228
2001;11009727000;10998366666;11498366666;10240;10228
1995;11029693000;10998288888;11498288888;10240;10228
2004;11049973000;10998700000;11498700000;10240;10228
2005;11050004000;11039955555;11539955555;10240;10228
2006;11050028000;11039955555;11539955555;10240;10228
2007;11050036000;11039955555;11539955555;10240;10228
2008;11050067000;11039955555;11539955555;10240;10228
2009;11050077000;11039955555;11539955555;10240;10228
2010;11050085000;11039955555;11539955555;10240;10228
2011;11050093000;11039955555;11539955555;10240;10228
2012;11050103000;11040044444;11540044444;10240;10228
2002;11050173000;10998700000;11498700000;10240;10228
2003;11050379000;10998700000;11498700000;10240;10228
2004;11050582000;10998700000;11498700000;10240;10228
2007;11050592000;11039955555;11539955555;10240;10228
2008;11050785000;11039955555;11539955555;10240;10228
2009;11050796000;11039955555;11539955555;10240;10228
2010;11050991000;11039955555;11539955555;10240;10228
2011;11051210000;11039955555;11539955555;10240;10228
2012;11051229000;11040044444;11540044444;10240;10228
2001;11070229000;10998366666;11498366666;10240;10228
2002;11070244000;10998700000;11498700000;10240;10228
2003;11070253000;10998700000;11498700000;10240;10228
2005;11071151000;11039955555;11539955555;10240;10228
2006;11071369000;11039955555;11539955555;10240;10228
2013;11091642000;11040366666;11540366666;10240;10228
2014;11091656000;11040366666;11540366666;10240;10228
2015;11091665000;11040366666;11540366666;10240;10228
2016;11091672000;11081622222;11581622222;10240;10228
2017;11091681000;11081622222;11581622222;10240;10228
2018;11091707000;11081622222;11581622222;10240;10228
2019;11091716000;11081622222;11581622222;10240;10228
2020;11091724000;11081622222;11581622222;10240;10228
2021;11091730000;11081622222;11581622222;10240;10228
2022;11091750000;11081622222;11581622222;10240;10228
2023;11091758000;11081700000;11581700000;10240;10228
2013;11091863000;11040366666;11540366666;10240;10228
2014;11092070000;11040366666;11540366666;10240;10228
2015;11092077000;11040366666;11540366666;10240;10228
2016;11092284000;11081622222;11581622222;10240;10228
2017;11092489000;11081622222;11581622222;10240;10228
2018;11092499000;11081622222;11581622222;10240;10228
2019;11092643000;11081622222;11581622222;10240;10228
2020;11092655000;11081622222;11581622222;10240;10228
2021;11092846000;11081622222;11581622222;10240;10228
2022;11093063000;11081622222;11581622222;10240;10228
2023;11093082000;11081700000;11581700000;10240;10228
2024;11133303000;11082000000;11582000000;10240;10228
2025;11133318000;11082000000;11582000000;10240;10228
2026;11133327000;11082000000;11582000000;10240;10228
2027;11133344000;11123288888;11623288888;10240;10228
2028;11133354000;11123288888;11623288888;10240;10228
2029;11133363000;11123288888;11623288888;10240;10228
2030;11133384000;11123288888;11623288888;10240;10228
2031;11133394000;11123288888;11623288888;10240;10228
2032;11133401000;11123288888;11623288888;10240;10228
2033;11133417000;11123288888;11623288888;10240;10228
2034;11133425000;11123366666;11623366666;10240;10228
2024;11133506000;11082000000;11582000000;10240;10228
2025;11133696000;11082000000;11582000000;10240;10228
2026;11133901000;11082000000;11582000000;10240;10228
2027;11133906000;11123288888;11623288888;10240;10228
2028;11134118000;11123288888;11623288888;10240;10228
2029;11134135000;11123288888;11623288888;10240;10228
2030;11134318000;11123288888;11623288888;10240;10228
2031;11134333000;11123288888;11623288888;10240;10228
2032;11134514000;11123288888;11623288888;10240;10228
2033;11134719000;11123288888;11623288888;10240;10228
2034;11134724000;11123366666;11623366666;10240;10228
2035;11174986000;11123655555;11623655555;10240;10228
2036;11174997000;11123655555;11623655555;10240;10228
2037;11175006000;11123655555;11623655555;10240;10228
2038;11175023000;11164966666;11664966666;10240;10228
2039;11175032000;11164966666;11664966666;10240;10228
2040;11175040000;11164966666;11664966666;10240;10228
2041;11175080000;11164966666;11664966666;10240;10228
2042;11175099000;11164966666;11664966666;10240;10228
2043;11175108000;11164966666;11664966666;10240;10228
2044;11175115000;11164966666;11664966666;10240;10228
2045;11175122000;11165044444;11665044444;10240;10228
2035;11175174000;11123655555;11623655555;10240;10228
2036;11175374000;11123655555;11623655555;10240;10228
2037;11175573000;11123655555;11623655555;10240;10228
2039;11175580000;11164966666;11664966666;10240;10228
2040;11175778000;11164966666;11664966666;10240;10228
2041;11175782000;11164966666;11664966666;10240;10228
2042;11175982000;11164966666;11664966666;10240;10228
2043;11175987000;11164966666;11664966666;10240;10228
2044;11176194000;11164966666;11664966666;10240;10228
2045;11176206000;11165044444;11665044444;10240;10228
2046;11216691000;11165344444;11665344444;10240;10228
2047;11216702000;11165344444;11665344444;10240;10228
2048;11216710000;11165344444;11665344444;10240;10228
2049;11216751000;11206688888;11706688888;10240;10228
2050;11216761000;11206688888;11706688888;10240;10228
2051;11216769000;11206688888;11706688888;10240;10228
2052;11216789000;11206688888;11706688888;10240;10228
2053;11216797000;11206688888;11706688888;10240;10228
2054;11216805000;11206688888;11706688888;10240;10228
2055;11216815000;11206688888;11706688888;10240;10228
2056;11216823000;11206766666;11706766666;10240;10228
2047;11216899000;11165344444;11665344444;10240;10228
2048;11217138000;11165344444;11665344444;10240;10228
2049;11217160000;11206688888;11706688888;10240;10228
2051;11217350000;11206688888;11706688888;10240;10228
2052;11217549000;11206688888;11706688888;10240;10228
2053;11217561000;11206688888;11706688888;10240;10228
2054;11217753000;11206688888;11706688888;10240;10228
2055;11217774000;11206688888;11706688888;10240;10228
2056;11217955000;11206766666;11706766666;10240;10228
2038;11237548000;11164966666;11664966666;10240;10228
2046;11237732000;11165344444;11665344444;10240;10228
2050;11237941000;11206688888;11706688888;10240;10228
2057;11258318000;11207055555;11707055555;10240;10228
2058;11258329000;11207055555;11707055555;10240;10228
2059;11258348000;11207055555;11707055555;10240;10228
2060;11258359000;11248288888;11748288888;10240;10228
2061;11258366000;11248288888;11748288888;10240;10228
2062;11258375000;11248288888;11748288888;10240;10228
2063;11258398000;11248288888;11748288888;10240;10228
2064;11258406000;11248288888;11748288888;10240;10228
2065;11258414000;11248288888;11748288888;10240;10228
2066;11258421000;11248288888;11748288888;10240;10228
2067;11258429000;11248377777;11748377777;10240;10228
2057;11258538000;11207055555;11707055555;10240;10228
2058;11258756000;11207055555;11707055555;10240;10228
2059;11258766000;11207055555;11707055555;10240;10228
2060;11258947000;11248288888;11748288888;10240;10228
2061;11259158000;11248288888;11748288888;10240;10228
2062;11259168000;11248288888;11748288888;10240;10228
2063;11259363000;11248288888;11748288888;10240;10228
2064;11259383000;11248288888;11748288888;10240;10228
2065;11259571000;11248288888;11748288888;10240;10228
2066;11259766000;11248288888;11748288888;10240;10228
2067;11259787000;11248377777;11748377777;10240;10228
2068;11299967000;11248688888;11748688888;10240;10228
2069;11299985000;11248688888;11748688888;10240;10228
2070;11299993000;11248688888;11748688888;10240;10228
2071;11300013000;11289955555;11789955555;10240;10228
2072;11300022000;11289955555;11789955555;10240;10228
2073;11300031000;11289955555;11789955555;10240;10228
2074;11300039000;11289955555;11789955555;10240;10228
2075;11300082000;11289955555;11789955555;10240;10228
2076;11300100000;11289955555;11789955555;10240;10228
2077;11300107000;11289955555;11789955555;10240;10228
2078;11300114000;11290044444;11790044444;10240;10228
2068;11300210000;11248688888;11748688888;10240;10228
2069;11300417000;11248688888;11748688888;10240;10228
2071;11300436000;11289955555;11789955555;10240;10228
2072;11300621000;11289955555;11789955555;10240;10228
2073;11300818000;11289955555;11789955555;10240;10228
2074;11300829000;11289955555;11789955555;10240;10228
2075;11300984000;11289955555;11789955555;10240;10228
2076;11301234000;11289955555;11789955555;10240;10228
2077;11301244000;11289955555;11789955555;10240;10228
2078;11301248000;11290044444;11790044444;10240;10228
2070;11321246000;11248688888;11748688888;10240;10228
2079;11341661000;11290366666;11790366666;10240;10228
2080;11341674000;11290366666;11790366666;10240;10228
2081;11341686000;11290366666;11790366666;10240;10228
2082;11341709000;11331655555;11831655555;10240;10228
2083;11341718000;11331655555;11831655555;10240;10228
2084;11341726000;11331655555;11831655555;10240;10228
2085;11341735000;11331655555;11831655555;10240;10228
2086;11341758000;11331655555;11831655555;10240;10228
2087;11341767000;11331655555;11831655555;10240;10228
2088;11341775000;11331655555;11831655555;10240;10228
2089;11341783000;11331744444;11831744444;10240;10228
2079;11341870000;11290366666;11790366666;10240;10228
2080;11342070000;11290366666;11790366666;10240;10228
2081;11342274000;11290366666;11790366666;10240;10228
2082;11342292000;11331655555;11831655555;10240;10228
2083;11342480000;11331655555;11831655555;10240;10228
2084;11342493000;11331655555;11831655555;10240;10228
2085;11342674000;11331655555;11831655555;10240;10228
2086;11342686000;11331655555;11831655555;10240;10228
2087;11342878000;11331655555;11831655555;10240;10228
2088;11343139000;11331655555;11831655555;10240;10228
2089;11343157000;11331744444;11831744444;10240;10228
2090;11383300000;11332011111;11832011111;10240;10228
2091;11383316000;11332011111;11832011111;10240;10228
2092;11383323000;11332011111;11832011111;10240;10228
2093;11383345000;11373288888;11873288888;10240;10228
2094;11383354000;11373288888;11873288888;10240;10228
2095;11383363000;11373288888;11873288888;10240;10228
2096;11383372000;11373288888;11873288888;10240;10228
2097;11383395000;11373288888;11873288888;10240;10228
2098;11383405000;11373288888;11873288888;10240;10228
2099;11383413000;11373288888;11873288888;10240;10228
2100;11383420000;11373377777;11873377777;10240;10228
2090;11383507000;11332011111;11832011111;10240;10228
2091;11383697000;11332011111;11832011111;10240;10228
2092;11383903000;11332011111;11832011111;10240;10228
2093;11383908000;11373288888;11873288888;10240;10228
2094;11384153000;11373288888;11873288888;10240;10228
2095;11384164000;11373288888;11873288888;10240;10228
2096;11384320000;11373288888;11873288888;10240;10228
2097;11384340000;11373288888;11873288888;10240;10228
2098;11384515000;11373288888;11873288888;10240;10228
2099;11384775000;11373288888;11873288888;10240;10228
2100;11384783000;11373377777;11873377777;10240;10228
2101;11424998000;11373688888;11873688888;10240;10228
2102;11425012000;11373688888;11873688888;10240;10228
2104;11425021000;11414988888;11914988888;10240;10228
2105;11425070000;11414988888;11914988888;10240;10228
2106;11425108000;11414988888;11914988888;10240;10228
2107;11425117000;11414988888;11914988888;10240;10228
2108;11425127000;11414988888;11914988888;10240;10228
2109;11425135000;11414988888;11914988888;10240;10228
2110;11425144000;11414988888;11914988888;10240;10228
2111;11425151000;11415066666;11915066666;10240;10228
2101;11425201000;11373688888;11873688888;10240;10228
2102;11425401000;11373688888;11873688888;10240;10228
2103;11425597000;11373688888;11873688888;10240;10228
2104;11425618000;11414988888;11914988888;10240;10228
2105;11425803000;11414988888;11914988888;10240;10228
2106;11425811000;11414988888;11914988888;10240;10228
2107;11426005000;11414988888;11914988888;10240;10228
2108;11426014000;11414988888;11914988888;10240;10228
2109;11426218000;11414988888;11914988888;10240;10228
2110;11426416000;11414988888;11914988888;10240;10228
2111;11426426000;11415066666;11915066666;10240;10228
2103;11445274000;11373688888;11873688888;10240;10228
2112;11466696000;11415411111;11915411111;10240;10228
2113;11466712000;11415411111;11915411111;10240;10228
2114;11466721000;11415411111;11915411111;10240;10228
2115;11466729000;11456622222;11956622222;10240;10228
2116;11466739000;11456622222;11956622222;10240;10228
2117;11466747000;11456622222;11956622222;10240;10228
2118;11466759000;11456622222;11956622222;10240;10228
2119;11466767000;11456622222;11956622222;10240;10228
2120;11466773000;11456622222;11956622222;10240;10228
2112;11466860000;11415411111;11915411111;10240;10228
2121;11466974000;11456622222;11956622222;10240;10228
2122;11466984000;11456700000;11956700000;10240;10228
2113;11467032000;11415411111;11915411111;10240;10228
2114;11467290000;11415411111;11915411111;10240;10228
2115;11467300000;11456622222;11956622222;10240;10228
2116;11467483000;11456622222;11956622222;10240;10228
2117;11467502000;11456622222;11956622222;10240;10228
2118;11467688000;11456622222;11956622222;10240;10228
2119;11467706000;11456622222;11956622222;10240;10228
2120;11467885000;11456622222;11956622222;10240;10228
2121;11468060000;11456622222;11956622222;10240;10228
2122;11468080000;11456700000;11956700000;10240;10228
2123;11508303000;11457011111;11957011111;10240;10228
2124;11508318000;11457011111;11957011111;10240;10228
2125;11508327000;11457011111;11957011111;10240;10228
2126;11508334000;11498288888;11998288888;10240;10228
2127;11508353000;11498288888;11998288888;10240;10228
2129;11508363000;11498288888;11998288888;10240;10228
2130;11508403000;11498288888;11998288888;10240;10228
2131;11508413000;11498288888;11998288888;10240;10228
2132;11508429000;11498288888;11998288888;10240;10228
2133;11508432000;11498366666;11998366666;10240;10228
2123;11508506000;11457011111;11957011111;10240;10228
2124;11508695000;11457011111;11957011111;10240;10228
2125;11508900000;11457011111;11957011111;10240;10228
2126;11508906000;11498288888;11998288888;10240;10228
2127;11509145000;11498288888;11998288888;10240;10228
2128;11509166000;11498288888;11998288888;10240;10228
2129;11509362000;11498288888;11998288888;10240;10228
2130;11509385000;11498288888;11998288888;10240;10228
2131;11509548000;11498288888;11998288888;10240;10228
2132;11509754000;11498288888;11998288888;10240;10228
2133;11509759000;11498366666;11998366666;10240;10228
2128;11528566000;11498288888;11998288888;10240;10228
2134;11550009000;11498711111;11998711111;10240;10228
2135;11550025000;11498711111;11998711111;10240;10228
2136;11550034000;11498711111;11998711111;10240;10228
2137;11550041000;11539955555;12039955555;10240;10228
2138;11550070000;11539955555;12039955555;10240;10228
2139;11550079000;11539955555;12039955555;10240;10228
2140;11550102000;11539955555;12039955555;10240;10228
2141;11550111000;11539955555;12039955555;10240;10228
2142;11550131000;11539955555;12039955555;10240;10228
2134;11550191000;11498711111;11998711111;10240;10228
2143;11550307000;11539955555;12039955555;10240;10228
2144;11550320000;11540044444;12040044444;10240;10228
2135;11550394000;11498711111;11998711111;10240;10228
2136;11550598000;11498711111;11998711111;10240;10228
2137;11550619000;11539955555;12039955555;10240;10228
2138;11550804000;11539955555;12039955555;10240;10228
2139;11550825000;11539955555;12039955555;10240;10228
2140;11551006000;11539955555;12039955555;10240;10228
2141;11551016000;11539955555;12039955555;10240;10228
2142;11551221000;11539955555;12039955555;10240;10228
2143;11551443000;11539955555;12039955555;10240;10228
2144;11551463000;11540044444;12040044444;10240;10228
2145;11591649000;11540377777;12040377777;10240;10228
2146;11591666000;11540377777;12040377777;10240;10228
2147;11591675000;11540377777;12040377777;10240;10228
2148;11591696000;11581644444;12081644444;10240;10228
2149;11591705000;11581644444;12081644444;10240;10228
2150;11591714000;11581644444;12081644444;10240;10228
2152;11591734000;11581644444;12081644444;10240;10228
2153;11591757000;11581644444;12081644444;10240;10228
2154;11591776000;11581644444;12081644444;10240;10228
2155;11591790000;11581722222;12081722222;10240;10228
2145;11591832000;11540377777;12040377777;10240;10228
2146;11592040000;11540377777;12040377777;10240;10228
2147;11592263000;11540377777;12040377777;10240;10228
2148;11592276000;11581644444;12081644444;10240;10228
2149;11592440000;11581644444;12081644444;10240;10228
2150;11592450000;11581644444;12081644444;10240;10228
2151;11592644000;11581644444;12081644444;10240;10228
2152;11592849000;11581644444;12081644444;10240;10228
2153;11592860000;11581644444;12081644444;10240;10228
2154;11593058000;11581644444;12081644444;10240;10228
2155;11593068000;11581722222;12081722222;10240;10228
2151;11611954000;11581644444;12081644444;10240;10228
2156;11633327000;11582022222;12082022222;10240;10228
2157;11633346000;11582022222;12082022222;10240;10228
2158;11633354000;11582022222;12082022222;10240;10228
2159;11633362000;11623288888;12123288888;10240;10228
2160;11633370000;11623288888;12123288888;10240;10228
2161;11633388000;11623288888;12123288888;10240;10228
2162;11633397000;11623288888;12123288888;10240;10228
2163;11633405000;11623288888;12123288888;10240;10228
2164;11633421000;11623288888;12123288888;10240;10228
2165;11633432000;11623288888;12123288888;10240;10228
2166;11633439000;11623366666;12123366666;10240;10228
2156;11633513000;11582022222;12082022222;10240;10228
2157;11633697000;11582022222;12082022222;10240;10228
2158;11633900000;11582022222;12082022222;10240;10228
2159;11633911000;11623288888;12123288888;10240;10228
2160;11634118000;11623288888;12123288888;10240;10228
2161;11634133000;11623288888;12123288888;10240;10228
2162;11634321000;11623288888;12123288888;10240;10228
2163;11634519000;11623288888;12123288888;10240;10228
2164;11634529000;11623288888;12123288888;10240;10228
2165;11634716000;11623288888;12123288888;10240;10228
2166;11634734000;11623366666;12123366666;10240;10228
2167;11675011000;11623700000;12123700000;10240;10228
2168;11675028000;11623700000;12123700000;10240;10228
2169;11675037000;11623700000;12123700000;10240;10228
2170;11675065000;11664955555;12164955555;10240;10228
2171;11675074000;11664955555;12164955555;10240;10228
2172;11675094000;11664955555;12164955555;10240;10228
2174;11675102000;11664955555;12164955555;10240;10228
2175;11675125000;11664955555;12164955555;10240;10228
2176;11675141000;11664955555;12164955555;10240;10228
2167;11675158000;11623700000;12123700000;10240;10228
2171;11675376000;11664955555;12164955555;10240;10228
2172;11675584000;11664955555;12164955555;10240;10228
2173;11675597000;11664955555;12164955555;10240;10228
2174;11675776000;11664955555;12164955555;10240;10228
2175;11675786000;11664955555;12164955555;10240;10228
2176;11675990000;11664955555;12164955555;10240;10228
2177;11676010000;11665033333;12165033333;10240;10228
2168;11696020000;11623700000;12123700000;10240;10228
2169;11696191000;11623700000;12123700000;10240;10228
2170;11696434000;11664955555;12164955555;10240;10228
2178;11716698000;11665388888;12165388888;10240;10228
2179;11716711000;11665388888;12165388888;10240;10228
2180;11716720000;11665388888;12165388888;10240;10228
2181;11716727000;11706666666;12206666666;10240;10228
2182;11716748000;11706666666;12206666666;10240;10228
2183;11716756000;11706666666;12206666666;10240;10228
2184;11716764000;11706666666;12206666666;10240;10228
2185;11716773000;11706666666;12206666666;10240;10228
2186;11716783000;11706666666;12206666666;10240;10228
2187;11716791000;11706666666;12206666666;10240;10228
2188;11716799000;11706744444;12206744444;10240;10228
2178;11716912000;11665388888;12165388888;10240;10228
2179;11717059000;11665388888;12165388888;10240;10228
2180;11717304000;11665388888;12165388888;10240;10228
2181;11717317000;11706666666;12206666666;10240;10228
2182;11717511000;11706666666;12206666666;10240;10228
2183;11717524000;11706666666;12206666666;10240;10228
2184;11717704000;11706666666;12206666666;10240;10228
2185;11717714000;11706666666;12206666666;10240;10228
2186;11717899000;11706666666;12206666666;10240;10228
2187;11718084000;11706666666;12206666666;10240;10228
2188;11718096000;11706744444;12206744444;10240;10228
2173;11736903000;11664955555;12164955555;10240;10228
2177;11736916000;11665033333;12165033333;10240;10228
2189;11758316000;11707077777;12207077777;10240;10228
2190;11758329000;11707077777;12207077777;10240;10228
2191;11758338000;11707077777;12207077777;10240;10228
2192;11758345000;11748288888;12248288888;10240;10228
2193;11758354000;11748288888;12248288888;10240;10228
2194;11758376000;11748288888;12248288888;10240;10228
2195;11758386000;11748288888;12248288888;10240;10228
2196;11758393000;11748288888;12248288888;10240;10228
2197;11758402000;11748288888;12248288888;10240;10228
2198;11758419000;11748288888;12248288888;10240;10228
2199;11758428000;11748377777;12248377777;10240;10228
2189;11758562000;11707077777;12207077777;10240;10228
2190;11758759000;11707077777;12207077777;10240;10228
2191;11758779000;11707077777;12207077777;10240;10228
2192;11758946000;11748288888;12248288888;10240;10228
2193;11759151000;11748288888;12248288888;10240;10228
2194;11759161000;11748288888;12248288888;10240;10228
2195;11759360000;11748288888;12248288888;10240;10228
2196;11759369000;11748288888;12248288888;10240;10228
2197;11759565000;11748288888;12248288888;10240;10228
2198;11759724000;11748288888;12248288888;10240;10228
2199;11759742000;11748377777;12248377777;10240;10228
2200;11799965000;11748711111;12248711111;10240;10228
2201;11799981000;11748711111;12248711111;10240;10228
2202;11799990000;11748711111;12248711111;10240;10228
2203;11800012000;11789955555;12289955555;10240;10228
2204;11800023000;11789955555;12289955555;10240;10228
2205;11800030000;11789955555;12289955555;10240;10228
2206;11800070000;11789955555;12289955555;10240;10228
2207;11800078000;11789955555;12289955555;10240;10228
2208;11800097000;11789955555;12289955555;10240;10228
2209;11800105000;11789955555;12289955555;10240;10228
2210;11800114000;11790044444;12290044444;10240;10228
2200;11800211000;11748711111;12248711111;10240;10228
2201;11800445000;11748711111;12248711111;10240;10228
2202;11800465000;11748711111;12248711111;10240;10228
2203;11800621000;11789955555;12289955555;10240;10228
2204;11800818000;11789955555;12289955555;10240;10228
2205;11800827000;11789955555;12289955555;10240;10228
2206;11800987000;11789955555;12289955555;10240;10228
2207;11801234000;11789955555;12289955555;10240;10228
2208;11801258000;11789955555;12289955555;10240;10228
2209;11801431000;11789955555;12289955555;10240;10228
2210;11801452000;11790044444;12290044444;10240;10228
2211;11841633000;11790411111;12290411111;10240;10228
2212;11841653000;11790411111;12290411111;10240;10228
2213;11841661000;11790411111;12290411111;10240;10228
2214;11841679000;11831622222;12331622222;10240;10228
2215;11841688000;11831622222;12331622222;10240;10228
2216;11841698000;11831622222;12331622222;10240;10228
2217;11841721000;11831622222;12331622222;10240;10228
2218;11841731000;11831622222;12331622222;10240;10228
2219;11841740000;11831622222;12331622222;10240;10228
2220;11841748000;11831622222;12331622222;10240;10228
2221;11841760000;11831700000;12331700000;10240;10228
2211;11841819000;11790411111;12290411111;10240;10228
2212;11842030000;11790411111;12290411111;10240;10228
2213;11842244000;11790411111;12290411111;10240;10228
2214;11842257000;11831622222;12331622222;10240;10228
2215;11842446000;11831622222;12331622222;10240;10228
2216;11842460000;11831622222;12331622222;10240;10228
2217;11842642000;11831622222;12331622222;10240;10228
2218;11842651000;11831622222;12331622222;10240;10228
2219;11842849000;11831622222;12331622222;10240;10228
2220;11843037000;11831622222;12331622222;10240;10228
2221;11843050000;11831700000;12331700000;10240;10228
2222;11883301000;11831988888;12331988888;10240;10228
2223;11883319000;11831988888;12331988888;10240;10228
2224;11883328000;11831988888;12331988888;10240;10228
2225;11883347000;11873288888;12373288888;10240;10228
2226;11883357000;11873288888;12373288888;10240;10228
2227;11883366000;11873288888;12373288888;10240;10228
2228;11883386000;11873288888;12373288888;10240;10228
2229;11883395000;11873288888;12373288888;10240;10228
2230;11883404000;11873288888;12373288888;10240;10228
2231;11883412000;11873288888;12373288888;10240;10228
2232;11883420000;11873366666;12373366666;10240;10228
2222;11883486000;11831988888;12331988888;10240;10228
2223;11883697000;11831988888;12331988888;10240;10228
2224;11883899000;11831988888;12331988888;10240;10228
2225;11883910000;11873288888;12373288888;10240;10228
2226;11884117000;11873288888;12373288888;10240;10228
2227;11884132000;11873288888;12373288888;10240;10228
2228;11884318000;11873288888;12373288888;10240;10228
2229;11884334000;11873288888;12373288888;10240;10228
2230;11884514000;11873288888;12373288888;10240;10228
2231;11884719000;11873288888;12373288888;10240;10228
2232;11884724000;11873366666;12373366666;10240;10228
2233;11924968000;11873700000;12373700000;10240;10228
2234;11924987000;11873700000;12373700000;10240;10228
2235;11924995000;11873700000;12373700000;10240;10228
2236;11925016000;11914966666;12414966666;10240;10228
2237;11925026000;11914966666;12414966666;10240;10228
2238;11925034000;11914966666;12414966666;10240;10228
2239;11925072000;11914966666;12414966666;10240;10228
2240;11925093000;11914966666;12414966666;10240;10228
2241;11925102000;11914966666;12414966666;10240;10228
2242;11925109000;11914966666;12414966666;10240;10228
2243;11925117000;11915044444;12415044444;10240;10228
2233;11925175000;11873700000;12373700000;10240;10228
2234;11925374000;11873700000;12373700000;10240;10228
2235;11925572000;11873700000;12373700000;10240;10228
2236;11925583000;11914966666;12414966666;10240;10228
2237;11925776000;11914966666;12414966666;10240;10228
2238;11925784000;11914966666;12414966666;10240;10228
2239;11925979000;11914966666;12414966666;10240;10228
2240;11925992000;11914966666;12414966666;10240;10228
2241;11926193000;11914966666;12414966666;10240;10228
2242;11926393000;11914966666;12414966666;10240;10228
2243;11926400000;11915044444;12415044444;10240;10228
2244;11966633000;11915388888;12415388888;10240;10228
2245;11966650000;11915388888;12415388888;10240;10228
2246;11966659000;11915388888;12415388888;10240;10228
2247;11966680000;11956633333;12456633333;10240;10228
2248;11966689000;11956633333;12456633333;10240;10228
2249;11966703000;11956633333;12456633333;10240;10228
2250;11966719000;11956633333;12456633333;10240;10228
2251;11966729000;11956633333;12456633333;10240;10228
2252;11966737000;11956633333;12456633333;10240;10228
2253;11966746000;11956633333;12456633333;10240;10228
2254;11966758000;11956711111;12456711111;10240;10228
2244;11966840000;11915388888;12415388888;10240;10228
2245;11967029000;11915388888;12415388888;10240;10228
2246;11967247000;11915388888;12415388888;10240;10228
2247;11967261000;11956633333;12456633333;10240;10228
2248;11967447000;11956633333;12456633333;10240;10228
2249;11967462000;11956633333;12456633333;10240;10228
2250;11967643000;11956633333;12456633333;10240;10228
2251;11967652000;11956633333;12456633333;10240;10228
2252;11967846000;11956633333;12456633333;10240;10228
2253;11968039000;11956633333;12456633333;10240;10228
2254;11968065000;11956711111;12456711111;10240;10228
2255;12008306000;11957022222;12457022222;10240;10228
2256;12008323000;11957022222;12457022222;10240;10228
2257;12008334000;11957022222;12457022222;10240;10228
2258;12008341000;11998288888;12498288888;10240;10228
2259;12008356000;11998288888;12498288888;10240;10228
2260;12008365000;11998288888;12498288888;10240;10228
2261;12008386000;11998288888;12498288888;10240;10228
2262;12008396000;11998288888;12498288888;10240;10228
2263;12008404000;11998288888;12498288888;10240;10228
2264;12008413000;11998288888;12498288888;10240;10228
2265;12008421000;11998366666;12498366666;10240;10228
2255;12008509000;11957022222;12457022222;10240;10228
2256;12008697000;11957022222;12457022222;10240;10228
2257;12008903000;11957022222;12457022222;10240;10228
2258;12008907000;11998288888;12498288888;10240;10228
2259;12009119000;11998288888;12498288888;10240;10228
2260;12009131000;11998288888;12498288888;10240;10228
2261;12009318000;11998288888;12498288888;10240;10228
2262;12009331000;11998288888;12498288888;10240;10228
2263;12009514000;11998288888;12498288888;10240;10228
2264;12009719000;11998288888;12498288888;10240;10228
2265;12009726000;11998366666;12498366666;10240;10228
2266;12049970000;11998733333;12498733333;10240;10228
2267;12049987000;11998733333;12498733333;10240;10228
2268;12049997000;11998733333;12498733333;10240;10228
2269;12050006000;12039955555;12539955555;10240;10228
2270;12050029000;12039955555;12539955555;10240;10228
2271;12050038000;12039955555;12539955555;10240;10228
2272;12050072000;12039955555;12539955555;10240;10228
2273;12050092000;12039955555;12539955555;10240;10228
2274;12050100000;12039955555;12539955555;10240;10228
2275;12050109000;12039955555;12539955555;10240;10228
2276;12050117000;12040033333;12540033333;10240;10228
2266;12050173000;11998733333;12498733333;10240;10228
2267;12050370000;11998733333;12498733333;10240;10228
2268;12050570000;11998733333;12498733333;10240;10228
2269;12050577000;12039955555;12539955555;10240;10228
2270;12050774000;12039955555;12539955555;10240;10228
2271;12050779000;12039955555;12539955555;10240;10228
2272;12050978000;12039955555;12539955555;10240;10228
2273;12050982000;12039955555;12539955555;10240;10228
2274;12051190000;12039955555;12539955555;10240;10228
2275;12051387000;12039955555;12539955555;10240;10228
2276;12051394000;12040033333;12540033333;10240;10228
2277;12091614000;12040400000;12540400000;10240;10228
2278;12091624000;12040400000;12540400000;10240;10228
2279;12091632000;12040400000;12540400000;10240;10228
2280;12091661000;12081622222;12581622222;10240;10228
2281;12091672000;12081622222;12581622222;10240;10228
2282;12091679000;12081622222;12581622222;10240;10228
2283;12091687000;12081622222;12581622222;10240;10228
2284;12091705000;12081622222;12581622222;10240;10228
2285;12091716000;12081622222;12581622222;10240;10228
2286;12091722000;12081622222;12581622222;10240;10228
2287;12091732000;12081700000;12581700000;10240;10228
2277;12091839000;12040400000;12540400000;10240;10228
2278;12092031000;12040400000;12540400000;10240;10228
2279;12092245000;12040400000;12540400000;10240;10228
2280;12092258000;12081622222;12581622222;10240;10228
2281;12092441000;12081622222;12581622222;10240;10228
2282;12092446000;12081622222;12581622222;10240;10228
2283;12092645000;12081622222;12581622222;10240;10228
2284;12092650000;12081622222;12581622222;10240;10228
2285;12092848000;12081622222;12581622222;10240;10228
2286;12093037000;12081622222;12581622222;10240;10228
2287;12093061000;12081700000;12581700000;10240;10228
2288;12133305000;12082055555;12582055555;10240;10228
2289;12133327000;12082055555;12582055555;10240;10228
2290;12133337000;12082055555;12582055555;10240;10228
2291;12133343000;12123300000;12623300000;10240;10228
2292;12133360000;12123300000;12623300000;10240;10228
2293;12133369000;12123300000;12623300000;10240;10228
2294;12133377000;12123300000;12623300000;10240;10228
2295;12133398000;12123300000;12623300000;10240;10228
2296;12133407000;12123300000;12623300000;10240;10228
2297;12133414000;12123300000;12623300000;10240;10228
2298;12133422000;12123377777;12623377777;10240;10228
2288;12133508000;12082055555;12582055555;10240;10228
2289;12133700000;12082055555;12582055555;10240;10228
2290;12133904000;12082055555;12582055555;10240;10228
2291;12133910000;12123300000;12623300000;10240;10228
2292;12134119000;12123300000;12623300000;10240;10228
2293;12134132000;12123300000;12623300000;10240;10228
2294;12134320000;12123300000;12623300000;10240;10228
2295;12134335000;12123300000;12623300000;10240;10228
2296;12134518000;12123300000;12623300000;10240;10228
2297;12134724000;12123300000;12623300000;10240;10228
2298;12134732000;12123377777;12623377777;10240;10228
2299;12174958000;12123711111;12623711111;10240;10228
2300;12174969000;12123711111;12623711111;10240;10228
2302;12174976000;12164955555;12664955555;10240;10228
2303;12175029000;12164955555;12664955555;10240;10228
2304;12175038000;12164955555;12664955555;10240;10228
2305;12175072000;12164955555;12664955555;10240;10228
2306;12175092000;12164955555;12664955555;10240;10228
2307;12175101000;12164955555;12664955555;10240;10228
2308;12175112000;12164955555;12664955555;10240;10228
2309;12175118000;12165044444;12665044444;10240;10228
2299;12175173000;12123711111;12623711111;10240;10228
2300;12175371000;12123711111;12623711111;10240;10228
2301;12175570000;12123711111;12623711111;10240;10228
2302;12175595000;12164955555;12664955555;10240;10228
2303;12175772000;12164955555;12664955555;10240;10228
2304;12175782000;12164955555;12664955555;10240;10228
2305;12175996000;12164955555;12664955555;10240;10228
2306;12176006000;12164955555;12664955555;10240;10228
2307;12176190000;12164955555;12664955555;10240;10228
2308;12176388000;12164955555;12664955555;10240;10228
2309;12176393000;12165044444;12665044444;10240;10228
2301;12195247000;12123711111;12623711111;10240;10228
2311;12216729000;12165377777;12665377777;10240;10228
2312;12216758000;12165377777;12665377777;10240;10228
2313;12216767000;12206688888;12706688888;10240;10228
2314;12216786000;12206688888;12706688888;10240;10228
2315;12216796000;12206688888;12706688888;10240;10228
2316;12216806000;12206688888;12706688888;10240;10228
2317;12216813000;12206688888;12706688888;10240;10228
2318;12216829000;12206688888;12706688888;10240;10228
2319;12216837000;12206688888;12706688888;10240;10228
2320;12216844000;12206766666;12706766666;10240;10228
2310;12216909000;12165377777;12665377777;10240;10228
2311;12217121000;12165377777;12665377777;10240;10228
2312;12217318000;12165377777;12665377777;10240;10228
2313;12217328000;12206688888;12706688888;10240;10228
2314;12217522000;12206688888;12706688888;10240;10228
2315;12217532000;12206688888;12706688888;10240;10228
2316;12217726000;12206688888;12706688888;10240;10228
2317;12217930000;12206688888;12706688888;10240;10228
2318;12217962000;12206688888;12706688888;10240;10228
2319;12218112000;12206688888;12706688888;10240;10228
2320;12218118000;12206766666;12706766666;10240;10228
2310;12236957000;12165377777;12665377777;10240;10228
2321;12258293000;12207077777;12707077777;10240;10228
2322;12258305000;12207077777;12707077777;10240;10228
2323;12258312000;12207077777;12707077777;10240;10228
2324;12258379000;12248300000;12748300000;10240;10228
2325;12258388000;12248300000;12748300000;10240;10228
2326;12258398000;12248300000;12748300000;10240;10228
2327;12258406000;12248300000;12748300000;10240;10228
2328;12258416000;12248300000;12748300000;10240;10228
2329;12258423000;12248300000;12748300000;10240;10228
2330;12258433000;12248300000;12748300000;10240;10228
2331;12258441000;12248377777;12748377777;10240;10228
2321;12258541000;12207077777;12707077777;10240;10228
2322;12258742000;12207077777;12707077777;10240;10228
2323;12258762000;12207077777;12707077777;10240;10228
2324;12258945000;12248300000;12748300000;10240;10228
2325;12259158000;12248300000;12748300000;10240;10228
2326;12259179000;12248300000;12748300000;10240;10228
2327;12259363000;12248300000;12748300000;10240;10228
2328;12259383000;12248300000;12748300000;10240;10228
2329;12259570000;12248300000;12748300000;10240;10228
2330;12259776000;12248300000;12748300000;10240;10228
2331;12259785000;12248377777;12748377777;10240;10228
2332;12300191000;12248722222;12748722222;10240;10228
2333;12300208000;12248722222;12748722222;10240;10228
2334;12300217000;12248722222;12748722222;10240;10228
2335;12300224000;12289955555;12789955555;10240;10228
2336;12300233000;12289955555;12789955555;10240;10228
2337;12300242000;12289955555;12789955555;10240;10228
2338;12300252000;12289955555;12789955555;10240;10228
2339;12300260000;12289955555;12789955555;10240;10228
2332;12300267000;12248722222;12748722222;10240;10228
2340;12300276000;12289955555;12789955555;10240;10228
2341;12300283000;12289955555;12789955555;10240;10228
2342;12300291000;12290033333;12790033333;10240;10228
2333;12300375000;12248722222;12748722222;10240;10228
2334;12300569000;12248722222;12748722222;10240;10228
2335;12300576000;12289955555;12789955555;10240;10228
2336;12300772000;12289955555;12789955555;10240;10228
2337;12300777000;12289955555;12789955555;10240;10228
2338;12300977000;12289955555;12789955555;10240;10228
2339;12300985000;12289955555;12789955555;10240;10228
2340;12301231000;12289955555;12789955555;10240;10228
2341;12301442000;12289955555;12789955555;10240;10228
2342;12301451000;12290033333;12790033333;10240;10228
2343;12341877000;12290388888;12790388888;10240;10228
2343;12341887000;12290388888;12790388888;10240;10228
2344;12341893000;12290388888;12790388888;10240;10228
2345;12341896000;12290388888;12790388888;10240;10228
2347;12341901000;12331622222;12831622222;10240;10228
2348;12341918000;12331622222;12831622222;10240;10228
2349;12341923000;12331622222;12831622222;10240;10228
2350;12341936000;12331622222;12831622222;10240;10228
2352;12341941000;12331622222;12831622222;10240;10228
2353;12341954000;12331700000;12831700000;10240;10228
2344;12342037000;12290388888;12790388888;10240;10228
2345;12342244000;12290388888;12790388888;10240;10228
2346;12342262000;12331622222;12831622222;10240;10228
2347;12342495000;12331622222;12831622222;10240;10228
2348;12342504000;12331622222;12831622222;10240;10228
2349;12342689000;12331622222;12831622222;10240;10228
2350;12342708000;12331622222;12831622222;10240;10228
2351;12342886000;12331622222;12831622222;10240;10228
2352;12343061000;12331622222;12831622222;10240;10228
2353;12343081000;12331700000;12831700000;10240;10228
2346;12362312000;12331622222;12831622222;10240;10228
2354;12383368000;12332011111;12832011111;10240;10228
2356;12383382000;12332011111;12832011111;10240;10228
2357;12383407000;12373288888;12873288888;10240;10228
2358;12383424000;12373288888;12873288888;10240;10228
2359;12383441000;12373288888;12873288888;10240;10228
2360;12383451000;12373288888;12873288888;10240;10228
2361;12383459000;12373288888;12873288888;10240;10228
2362;12383479000;12373288888;12873288888;10240;10228
2363;12383507000;12373288888;12873288888;10240;10228
2364;12383515000;12373366666;12873366666;10240;10228
2354;12383519000;12332011111;12832011111;10240;10228
2355;12383749000;12332011111;12832011111;10240;10228
2356;12383776000;12332011111;12832011111;10240;10228
2357;12383944000;12373288888;12873288888;10240;10228
2358;12384159000;12373288888;12873288888;10240;10228
2359;12384169000;12373288888;12873288888;10240;10228
2360;12384384000;12373288888;12873288888;10240;10228
2361;12384403000;12373288888;12873288888;10240;10228
2362;12384569000;12373288888;12873288888;10240;10228
2363;12384762000;12373288888;12873288888;10240;10228
2364;12384783000;12373366666;12873366666;10240;10228
2351;12403700000;12331622222;12831622222;10240;10228
2355;12403716000;12332011111;12832011111;10240;10228
2365;12424989000;12373711111;12873711111;10240;10228
2366;12425006000;12373711111;12873711111;10240;10228
2367;12425024000;12373711111;12873711111;10240;10228
2368;12425031000;12414955555;12914955555;10240;10228
2369;12425081000;12414955555;12914955555;10240;10228
2370;12425092000;12414955555;12914955555;10240;10228
2371;12425110000;12414955555;12914955555;10240;10228
2372;12425119000;12414955555;12914955555;10240;10228
2373;12425129000;12414955555;12914955555;10240;10228
2374;12425137000;12414955555;12914955555;10240;10228
2375;12425147000;12415033333;12915033333;10240;10228
2365;12425155000;12373711111;12873711111;10240;10228
2366;12425376000;12373711111;12873711111;10240;10228
2367;12425618000;12373711111;12873711111;10240;10228
2368;12425639000;12414955555;12914955555;10240;10228
2369;12425818000;12414955555;12914955555;10240;10228
2370;12425838000;12414955555;12914955555;10240;10228
2371;12426022000;12414955555;12914955555;10240;10228
2372;12426032000;12414955555;12914955555;10240;10228
2373;12426235000;12414955555;12914955555;10240;10228
2374;12426441000;12414955555;12914955555;10240;10228
2375;12426462000;12415033333;12915033333;10240;10228
2376;12466628000;12415355555;12915355555;10240;10228
2377;12466644000;12415355555;12915355555;10240;10228
2378;12466653000;12415355555;12915355555;10240;10228
2379;12466678000;12456622222;12956622222;10240;10228
2380;12466688000;12456622222;12956622222;10240;10228
2381;12466695000;12456622222;12956622222;10240;10228
2382;12466703000;12456622222;12956622222;10240;10228
2383;12466726000;12456622222;12956622222;10240;10228
2384;12466736000;12456622222;12956622222;10240;10228
2385;12466744000;12456622222;12956622222;10240;10228
2386;12466752000;12456700000;12956700000;10240;10228
2376;12466832000;12415355555;12915355555;10240;10228
2377;12467017000;12415355555;12915355555;10240;10228
2378;12467222000;12415355555;12915355555;10240;10228
2379;12467229000;12456622222;12956622222;10240;10228
2380;12467448000;12456622222;12956622222;10240;10228
2381;12467463000;12456622222;12956622222;10240;10228
2382;12467645000;12456622222;12956622222;10240;10228
2383;12467652000;12456622222;12956622222;10240;10228
2384;12467847000;12456622222;12956622222;10240;10228
2385;12468039000;12456622222;12956622222;10240;10228
2386;12468050000;12456700000;12956700000;10240;10228
2387;12508302000;12457011111;12957011111;10240;10228
2388;12508320000;12457011111;12957011111;10240;10228
2389;12508328000;12457011111;12957011111;10240;10228
2390;12508350000;12498300000;12998300000;10240;10228
2391;12508359000;12498300000;12998300000;10240;10228
2392;12508368000;12498300000;12998300000;10240;10228
2393;12508386000;12498300000;12998300000;10240;10228
2394;12508396000;12498300000;12998300000;10240;10228
2395;12508404000;12498300000;12998300000;10240;10228
2396;12508413000;12498300000;12998300000;10240;10228
2397;12508421000;12498377777;12998377777;10240;10228
2387;12508506000;12457011111;12957011111;10240;10228
2388;12508701000;12457011111;12957011111;10240;10228
2389;12508904000;12457011111;12957011111;10240;10228
2390;12508912000;12498300000;12998300000;10240;10228
2391;12509119000;12498300000;12998300000;10240;10228
2392;12509132000;12498300000;12998300000;10240;10228
2393;12509320000;12498300000;12998300000;10240;10228
2394;12509335000;12498300000;12998300000;10240;10228
2395;12509517000;12498300000;12998300000;10240;10228
2396;12509724000;12498300000;12998300000;10240;10228
2397;12509729000;12498377777;12998377777;10240;10228
2398;12550032000;12498711111;12998711111;10240;10228
2399;12550067000;12498711111;12998711111;10240;10228
2400;12550076000;12498711111;12998711111;10240;10228
2401;12550104000;12540000000;13040000000;10240;10228
2402;12550112000;12540000000;13040000000;10240;10228
2403;12550121000;12540000000;13040000000;10240;10228
2404;12550129000;12540000000;13040000000;10240;10228
2405;12550140000;12540000000;13040000000;10240;10228
2406;12550147000;12540000000;13040000000;10240;10228
2407;12550161000;12540000000;13040000000;10240;10228
2408;12550179000;12540077777;13040077777;10240;10228
2398;12550249000;12498711111;12998711111;10240;10228
2399;12550445000;12498711111;12998711111;10240;10228
2400;12550465000;12498711111;12998711111;10240;10228
2401;12550651000;12540000000;13040000000;10240;10228
2402;12550841000;12540000000;13040000000;10240;10228
2403;12550852000;12540000000;13040000000;10240;10228
2404;12551016000;12540000000;13040000000;10240;10228
2405;12551269000;12540000000;13040000000;10240;10228
2406;12551279000;12540000000;13040000000;10240;10228
2407;12551473000;12540000000;13040000000;10240;10228
2408;12551482000;12540077777;13040077777;10240;10228
2409;12591638000;12540400000;13040400000;10240;10228
2411;12591654000;12540400000;13040400000;10240;10228
2412;12591679000;12581633333;13081633333;10240;10228
2413;12591687000;12581633333;13081633333;10240;10228
2414;12591704000;12581633333;13081633333;10240;10228
2415;12591722000;12581633333;13081633333;10240;10228
2416;12591731000;12581633333;13081633333;10240;10228
2417;12591741000;12581633333;13081633333;10240;10228
2418;12591748000;12581633333;13081633333;10240;10228
2419;12591757000;12581711111;13081711111;10240;10228
2409;12591831000;12540400000;13040400000;10240;10228
2410;12592052000;12540400000;13040400000;10240;10228
2411;12592250000;12540400000;13040400000;10240;10228
2412;12592264000;12581633333;13081633333;10240;10228
2414;12592516000;12581633333;13081633333;10240;10228
2415;12592531000;12581633333;13081633333;10240;10228
2416;12592731000;12581633333;13081633333;10240;10228
2417;12592743000;12581633333;13081633333;10240;10228
2418;12592890000;12581633333;13081633333;10240;10228
2419;12592900000;12581711111;13081711111;10240;10228
2410;12611919000;12540400000;13040400000;10240;10228
2413;12613214000;12581633333;13081633333;10240;10228
2420;12633308000;12582011111;13082011111;10240;10228
2421;12633332000;12582011111;13082011111;10240;10228
2422;12633342000;12582011111;13082011111;10240;10228
2423;12633360000;12623288888;13123288888;10240;10228
2424;12633380000;12623288888;13123288888;10240;10228
2425;12633390000;12623288888;13123288888;10240;10228
2427;12633398000;12623288888;13123288888;10240;10228
2428;12633418000;12623288888;13123288888;10240;10228
2429;12633425000;12623288888;13123288888;10240;10228
2430;12633433000;12623377777;13123377777;10240;10228
2420;12633561000;12582011111;13082011111;10240;10228
2421;12633748000;12582011111;13082011111;10240;10228
2422;12633758000;12582011111;13082011111;10240;10228
2423;12633965000;12623288888;13123288888;10240;10228
2424;12634169000;12623288888;13123288888;10240;10228
2425;12634185000;12623288888;13123288888;10240;10228
2426;12634369000;12623288888;13123288888;10240;10228
2427;12634409000;12623288888;13123288888;10240;10228
2428;12634563000;12623288888;13123288888;10240;10228
2429;12634759000;12623288888;13123288888;10240;10228
2430;12634769000;12623377777;13123377777;10240;10228
2426;12653607000;12623288888;13123288888;10240;10228
2431;12674993000;12623722222;13123722222;10240;10228
2432;12675009000;12623722222;13123722222;10240;10228
2433;12675018000;12623722222;13123722222;10240;10228
2434;12675024000;12664955555;13164955555;10240;10228
2435;12675037000;12664955555;13164955555;10240;10228
2436;12675067000;12664955555;13164955555;10240;10228
2437;12675099000;12664955555;13164955555;10240;10228
2438;12675108000;12664955555;13164955555;10240;10228
2439;12675127000;12664955555;13164955555;10240;10228
2440;12675145000;12664955555;13164955555;10240;10228
2441;12675152000;12665033333;13165033333;10240;10228
2431;12675221000;12623722222;13123722222;10240;10228
2432;12675386000;12623722222;13123722222;10240;10228
2433;12675585000;12623722222;13123722222;10240;10228
2434;12675590000;12664955555;13164955555;10240;10228
2435;12675789000;12664955555;13164955555;10240;10228
2436;12675794000;12664955555;13164955555;10240;10228
2437;12675994000;12664955555;13164955555;10240;10228
2438;12675999000;12664955555;13164955555;10240;10228
2439;12676206000;12664955555;13164955555;10240;10228
2440;12676402000;12664955555;13164955555;10240;10228
2441;12676408000;12665033333;13165033333;10240;10228
2442;12716620000;12665366666;13165366666;10240;10228
2443;12716639000;12665366666;13165366666;10240;10228
2444;12716647000;12665366666;13165366666;10240;10228
2445;12716667000;12706622222;13206622222;10240;10228
2446;12716680000;12706622222;13206622222;10240;10228
2447;12716687000;12706622222;13206622222;10240;10228
2448;12716708000;12706622222;13206622222;10240;10228
2449;12716716000;12706622222;13206622222;10240;10228
2450;12716724000;12706622222;13206622222;10240;10228
2451;12716732000;12706622222;13206622222;10240;10228
2452;12716741000;12706711111;13206711111;10240;10228
2442;12716859000;12665366666;13165366666;10240;10228
2443;12717080000;12665366666;13165366666;10240;10228
2444;12717086000;12665366666;13165366666;10240;10228
2445;12717282000;12706622222;13206622222;10240;10228
2446;12717488000;12706622222;13206622222;10240;10228
2447;12717499000;12706622222;13206622222;10240;10228
2448;12717687000;12706622222;13206622222;10240;10228
2449;12717706000;12706622222;13206622222;10240;10228
2450;12717884000;12706622222;13206622222;10240;10228
2451;12718062000;12706622222;13206622222;10240;10228
2452;12718084000;12706711111;13206711111;10240;10228
2453;12758333000;12707022222;13207022222;10240;10228
2454;12758348000;12707022222;13207022222;10240;10228
2455;12758357000;12707022222;13207022222;10240;10228
2456;12758379000;12748322222;13248322222;10240;10228
2457;12758388000;12748322222;13248322222;10240;10228
2458;12758397000;12748322222;13248322222;10240;10228
2459;12758415000;12748322222;13248322222;10240;10228
2460;12758425000;12748322222;13248322222;10240;10228
2461;12758435000;12748322222;13248322222;10240;10228
2462;12758443000;12748322222;13248322222;10240;10228
2463;12758452000;12748411111;13248411111;10240;10228
2453;12758541000;12707022222;13207022222;10240;10228
2454;12758729000;12707022222;13207022222;10240;10228
2455;12758932000;12707022222;13207022222;10240;10228
2456;12758943000;12748322222;13248322222;10240;10228
2457;12759148000;12748322222;13248322222;10240;10228
2458;12759163000;12748322222;13248322222;10240;10228
2459;12759351000;12748322222;13248322222;10240;10228
2460;12759366000;12748322222;13248322222;10240;10228
2461;12759548000;12748322222;13248322222;10240;10228
2462;12759752000;12748322222;13248322222;10240;10228
2463;12759757000;12748411111;13248411111;10240;10228
2464;12800011000;12748733333;13248733333;10240;10228
2465;12800035000;12748733333;13248733333;10240;10228
2466;12800065000;12748733333;13248733333;10240;10228
2467;12800075000;12789955555;13289955555;10240;10228
2468;12800093000;12789955555;13289955555;10240;10228
2469;12800103000;12789955555;13289955555;10240;10228
2470;12800109000;12789955555;13289955555;10240;10228
2464;12800182000;12748733333;13248733333;10240;10228
2471;12800287000;12789955555;13289955555;10240;10228
2472;12800302000;12789955555;13289955555;10240;10228
2473;12800311000;12789955555;13289955555;10240;10228
2474;12800318000;12790044444;13290044444;10240;10228
2465;12800384000;12748733333;13248733333;10240;10228
2466;12800577000;12748733333;13248733333;10240;10228
2467;12800588000;12789955555;13289955555;10240;10228
2468;12800781000;12789955555;13289955555;10240;10228
2469;12800792000;12789955555;13289955555;10240;10228
2470;12801011000;12789955555;13289955555;10240;10228
2471;12801194000;12789955555;13289955555;10240;10228
2472;12801211000;12789955555;13289955555;10240;10228
2473;12801395000;12789955555;13289955555;10240;10228
2474;12801405000;12790044444;13290044444;10240;10228
2475;12841696000;12790377777;13290377777;10240;10228
2476;12841720000;12790377777;13290377777;10240;10228
2477;12841728000;12790377777;13290377777;10240;10228
2478;12841736000;12831622222;13331622222;10240;10228
2479;12841743000;12831622222;13331622222;10240;10228
2480;12841760000;12831622222;13331622222;10240;10228
2481;12841770000;12831622222;13331622222;10240;10228
2482;12841778000;12831622222;13331622222;10240;10228
2475;12841842000;12790377777;13290377777;10240;10228
2483;12841949000;12831622222;13331622222;10240;10228
2484;12841958000;12831622222;13331622222;10240;10228
2485;12841966000;12831700000;13331700000;10240;10228
2476;12842018000;12790377777;13290377777;10240;10228
2477;12842245000;12790377777;13290377777;10240;10228
2478;12842255000;12831622222;13331622222;10240;10228
2479;12842425000;12831622222;13331622222;10240;10228
2480;12842435000;12831622222;13331622222;10240;10228
2481;12842652000;12831622222;13331622222;10240;10228
2482;12842859000;12831622222;13331622222;10240;10228
2483;12842868000;12831622222;13331622222;10240;10228
2484;12843039000;12831622222;13331622222;10240;10228
2485;12843052000;12831700000;13331700000;10240;10228
2486;12883307000;12831977777;13331977777;10240;10228
2487;12883322000;12831977777;13331977777;10240;10228
2488;12883331000;12831977777;13331977777;10240;10228
2489;12883339000;12873288888;13373288888;10240;10228
2490;12883358000;12873288888;13373288888;10240;10228
2491;12883369000;12873288888;13373288888;10240;10228
2492;12883376000;12873288888;13373288888;10240;10228
2493;12883400000;12873288888;13373288888;10240;10228
2494;12883409000;12873288888;13373288888;10240;10228
2495;12883418000;12873288888;13373288888;10240;10228
2496;12883425000;12873377777;13373377777;10240;10228
2486;12883507000;12831977777;13331977777;10240;10228
2487;12883704000;12831977777;13331977777;10240;10228
2488;12883912000;12831977777;13331977777;10240;10228
2489;12883922000;12873288888;13373288888;10240;10228
2490;12884125000;12873288888;13373288888;10240;10228
2491;12884135000;12873288888;13373288888;10240;10228
2492;12884296000;12873288888;13373288888;10240;10228
2493;12884502000;12873288888;13373288888;10240;10228
2494;12884508000;12873288888;13373288888;10240;10228
2495;12884708000;12873288888;13373288888;10240;10228
2496;12884712000;12873377777;13373377777;10240;10228
2497;12924973000;12873688888;13373688888;10240;10228
2498;12924987000;12873688888;13373688888;10240;10228
2499;12924998000;12873688888;13373688888;10240;10228
2500;12925015000;12914966666;13414966666;10240;10228
2501;12925025000;12914966666;13414966666;10240;10228
2502;12925036000;12914966666;13414966666;10240;10228
2503;12925064000;12914966666;13414966666;10240;10228
2504;12925074000;12914966666;13414966666;10240;10228
2505;12925081000;12914966666;13414966666;10240;10228
2506;12925092000;12914966666;13414966666;10240;10228
2507;12925099000;12915044444;13415044444;10240;10228
2497;12925154000;12873688888;13373688888;10240;10228
2498;12925352000;12873688888;13373688888;10240;10228
2499;12925561000;12873688888;13373688888;10240;10228
2500;12925565000;12914966666;13414966666;10240;10228
2501;12925761000;12914966666;13414966666;10240;10228
2502;12925768000;12914966666;13414966666;10240;10228
2503;12925965000;12914966666;13414966666;10240;10228
2504;12926170000;12914966666;13414966666;10240;10228
2505;12926175000;12914966666;13414966666;10240;10228
2506;12926375000;12914966666;13414966666;10240;10228
2507;12926383000;12915044444;13415044444;10240;10228
2508;12966637000;12915388888;13415388888;10240;10228
2509;12966653000;12915388888;13415388888;10240;10228
2510;12966663000;12915388888;13415388888;10240;10228
2511;12966677000;12956622222;13456622222;10240;10228
2512;12966689000;12956622222;13456622222;10240;10228
2513;12966698000;12956622222;13456622222;10240;10228
2514;12966723000;12956622222;13456622222;10240;10228
2515;12966732000;12956622222;13456622222;10240;10228
2516;12966740000;12956622222;13456622222;10240;10228
2517;12966758000;12956622222;13456622222;10240;10228
2518;12966765000;12956711111;13456711111;10240;10228
2508;12966832000;12915388888;13415388888;10240;10228
2509;12967031000;12915388888;13415388888;10240;10228
2510;12967240000;12915388888;13415388888;10240;10228
2511;12967245000;12956622222;13456622222;10240;10228
2512;12967441000;12956622222;13456622222;10240;10228
2513;12967445000;12956622222;13456622222;10240;10228
2514;12967645000;12956622222;13456622222;10240;10228
2515;12967849000;12956622222;13456622222;10240;10228
2516;12967855000;12956622222;13456622222;10240;10228
2517;12968054000;12956622222;13456622222;10240;10228
2518;12968072000;12956711111;13456711111;10240;10228
2519;13008303000;12957011111;13457011111;10240;10228
2520;13008318000;12957011111;13457011111;10240;10228
2521;13008327000;12957011111;13457011111;10240;10228
2522;13008347000;12998288888;13498288888;10240;10228
2523;13008358000;12998288888;13498288888;10240;10228
2524;13008366000;12998288888;13498288888;10240;10228
2525;13008390000;12998288888;13498288888;10240;10228
2526;13008399000;12998288888;13498288888;10240;10228
2527;13008408000;12998288888;13498288888;10240;10228
2528;13008415000;12998288888;13498288888;10240;10228
2529;13008425000;12998377777;13498377777;10240;10228
2519;13008484000;12957011111;13457011111;10240;10228
2520;13008683000;12957011111;13457011111;10240;10228
2521;13008911000;12957011111;13457011111;10240;10228
2522;13008921000;12998288888;13498288888;10240;10228
2523;13009094000;12998288888;13498288888;10240;10228
2524;13009100000;12998288888;13498288888;10240;10228
2525;13009312000;12998288888;13498288888;10240;10228
2526;13009515000;12998288888;13498288888;10240;10228
2527;13009522000;12998288888;13498288888;10240;10228
2528;13009721000;12998288888;13498288888;10240;10228
2529;13009727000;12998377777;13498377777;10240;10228
2530;13049967000;12998722222;13498722222;10240;10228
2531;13049983000;12998722222;13498722222;10240;10228
2532;13049992000;12998722222;13498722222;10240;10228
2533;13050011000;13039955555;13539955555;10240;10228
2534;13050021000;13039955555;13539955555;10240;10228
2535;13050030000;13039955555;13539955555;10240;10228
2536;13050041000;13039955555;13539955555;10240;10228
2537;13050073000;13039955555;13539955555;10240;10228
2538;13050084000;13039955555;13539955555;10240;10228
2539;13050091000;13039955555;13539955555;10240;10228
2540;13050099000;13040033333;13540033333;10240;10228
2530;13050151000;12998722222;13498722222;10240;10228
2531;13050350000;12998722222;13498722222;10240;10228
2532;13050553000;12998722222;13498722222;10240;10228
2533;13050559000;13039955555;13539955555;10240;10228
2534;13050757000;13039955555;13539955555;10240;10228
2535;13050764000;13039955555;13539955555;10240;10228
2536;13050961000;13039955555;13539955555;10240;10228
2537;13051167000;13039955555;13539955555;10240;10228
2538;13051173000;13039955555;13539955555;10240;10228
2539;13051371000;13039955555;13539955555;10240;10228
2540;13051381000;13040033333;13540033333;10240;10228
2541;13091632000;13040388888;13540388888;10240;10228
2542;13091656000;13040388888;13540388888;10240;10228
2543;13091665000;13040388888;13540388888;10240;10228
2544;13091673000;13081633333;13581633333;10240;10228
2546;13091681000;13081633333;13581633333;10240;10228
2547;13091704000;13081633333;13581633333;10240;10228
2548;13091720000;13081633333;13581633333;10240;10228
2550;13091740000;13081633333;13581633333;10240;10228
2551;13091747000;13081711111;13581711111;10240;10228
2541;13091818000;13040388888;13540388888;10240;10228
2542;13092016000;13040388888;13540388888;10240;10228
2543;13092222000;13040388888;13540388888;10240;10228
2544;13092229000;13081633333;13581633333;10240;10228
2545;13092425000;13081633333;13581633333;10240;10228
2546;13092446000;13081633333;13581633333;10240;10228
2547;13092630000;13081633333;13581633333;10240;10228
2548;13092834000;13081633333;13581633333;10240;10228
2549;13092841000;13081633333;13581633333;10240;10228
2550;13093039000;13081633333;13581633333;10240;10228
2551;13093051000;13081711111;13581711111;10240;10228
2545;13111871000;13081633333;13581633333;10240;10228
2552;13133327000;13082022222;13582022222;10240;10228
2553;13133341000;13082022222;13582022222;10240;10228
2554;13133350000;13082022222;13582022222;10240;10228
2555;13133371000;13123288888;13623288888;10240;10228
2556;13133383000;13123288888;13623288888;10240;10228
2557;13133390000;13123288888;13623288888;10240;10228
2558;13133400000;13123288888;13623288888;10240;10228
2559;13133416000;13123288888;13623288888;10240;10228
2560;13133427000;13123288888;13623288888;10240;10228
2561;13133434000;13123288888;13623288888;10240;10228
2562;13133443000;13123366666;13623366666;10240;10228
2552;13133514000;13082022222;13582022222;10240;10228
2553;13133706000;13082022222;13582022222;10240;10228
2554;13133910000;13082022222;13582022222;10240;10228
2555;13133920000;13123288888;13623288888;10240;10228
2556;13134127000;13123288888;13623288888;10240;10228
2557;13134136000;13123288888;13623288888;10240;10228
2558;13134321000;13123288888;13623288888;10240;10228
2559;13134523000;13123288888;13623288888;10240;10228
2560;13134534000;13123288888;13623288888;10240;10228
2561;13134705000;13123288888;13623288888;10240;10228
2562;13134714000;13123366666;13623366666;10240;10228
2549;13153546000;13081633333;13581633333;10240;10228
2563;13174973000;13123688888;13623688888;10240;10228
2564;13174988000;13123688888;13623688888;10240;10228
2565;13174998000;13123688888;13623688888;10240;10228
2566;13175005000;13164966666;13664966666;10240;10228
2567;13175014000;13164966666;13664966666;10240;10228
2568;13175041000;13164966666;13664966666;10240;10228
2569;13175072000;13164966666;13664966666;10240;10228
2570;13175085000;13164966666;13664966666;10240;10228
2571;13175102000;13164966666;13664966666;10240;10228
2572;13175117000;13164966666;13664966666;10240;10228
2573;13175125000;13165044444;13665044444;10240;10228
2563;13175191000;13123688888;13623688888;10240;10228
2564;13175374000;13123688888;13623688888;10240;10228
2565;13175580000;13123688888;13623688888;10240;10228
2566;13175589000;13164966666;13664966666;10240;10228
2567;13175782000;13164966666;13664966666;10240;10228
2568;13175793000;13164966666;13664966666;10240;10228
2569;13175986000;13164966666;13664966666;10240;10228
2570;13176196000;13164966666;13664966666;10240;10228
2571;13176206000;13164966666;13664966666;10240;10228
2572;13176374000;13164966666;13664966666;10240;10228
2573;13176379000;13165044444;13665044444;10240;10228
2574;13216634000;13165355555;13665355555;10240;10228
2575;13216646000;13165355555;13665355555;10240;10228
2576;13216655000;13165355555;13665355555;10240;10228
2577;13216677000;13206633333;13706633333;10240;10228
2578;13216689000;13206633333;13706633333;10240;10228
2579;13216697000;13206633333;13706633333;10240;10228
2580;13216719000;13206633333;13706633333;10240;10228
2581;13216728000;13206633333;13706633333;10240;10228
2582;13216738000;13206633333;13706633333;10240;10228
2583;13216747000;13206633333;13706633333;10240;10228
2584;13216757000;13206711111;13706711111;10240;10228
2574;13216831000;13165355555;13665355555;10240;10228
2575;13217028000;13165355555;13665355555;10240;10228
2576;13217239000;13165355555;13665355555;10240;10228
2577;13217244000;13206633333;13706633333;10240;10228
2578;13217440000;13206633333;13706633333;10240;10228
2579;13217444000;13206633333;13706633333;10240;10228
2581;13217641000;13206633333;13706633333;10240;10228
2582;13217845000;13206633333;13706633333;10240;10228
2583;13217853000;13206633333;13706633333;10240;10228
2584;13218050000;13206711111;13706711111;10240;10228
2580;13238420000;13206633333;13706633333;10240;10228
2585;13258320000;13207033333;13707033333;10240;10228
2586;13258331000;13207033333;13707033333;10240;10228
2587;13258353000;13207033333;13707033333;10240;10228
2588;13258363000;13248288888;13748288888;10240;10228
2589;13258372000;13248288888;13748288888;10240;10228
2590;13258395000;13248288888;13748288888;10240;10228
2591;13258406000;13248288888;13748288888;10240;10228
2592;13258415000;13248288888;13748288888;10240;10228
2593;13258427000;13248288888;13748288888;10240;10228
2594;13258446000;13248288888;13748288888;10240;10228
2595;13258453000;13248366666;13748366666;10240;10228
2585;13258513000;13207033333;13707033333;10240;10228
2586;13258706000;13207033333;13707033333;10240;10228
2587;13258913000;13207033333;13707033333;10240;10228
2588;13258923000;13248288888;13748288888;10240;10228
2589;13259128000;13248288888;13748288888;10240;10228
2590;13259138000;13248288888;13748288888;10240;10228
2591;13259324000;13248288888;13748288888;10240;10228
2592;13259525000;13248288888;13748288888;10240;10228
2593;13259537000;13248288888;13748288888;10240;10228
2594;13259706000;13248288888;13748288888;10240;10228
2595;13259713000;13248366666;13748366666;10240;10228
2596;13299970000;13248733333;13748733333;10240;10228
2597;13299986000;13248733333;13748733333;10240;10228
2598;13299995000;13248733333;13748733333;10240;10228
2599;13300015000;13289966666;13789966666;10240;10228
2600;13300027000;13289966666;13789966666;10240;10228
2601;13300034000;13289966666;13789966666;10240;10228
2602;13300053000;13289966666;13789966666;10240;10228
2603;13300094000;13289966666;13789966666;10240;10228
2604;13300106000;13289966666;13789966666;10240;10228
2605;13300113000;13289966666;13789966666;10240;10228
2606;13300121000;13290044444;13790044444;10240;10228
2596;13300175000;13248733333;13748733333;10240;10228
2597;13300373000;13248733333;13748733333;10240;10228
2598;13300571000;13248733333;13748733333;10240;10228
2599;13300579000;13289966666;13789966666;10240;10228
2600;13300774000;13289966666;13789966666;10240;10228
2601;13300783000;13289966666;13789966666;10240;10228
2602;13300980000;13289966666;13789966666;10240;10228
2603;13300987000;13289966666;13789966666;10240;10228
2604;13301193000;13289966666;13789966666;10240;10228
2605;13301391000;13289966666;13789966666;10240;10228
2606;13301397000;13290044444;13790044444;10240;10228
2607;13341628000;13290411111;13790411111;10240;10228
2608;13341643000;13290411111;13790411111;10240;10228
2609;13341651000;13290411111;13790411111;10240;10228
2610;13341677000;13331622222;13831622222;10240;10228
2611;13341687000;13331622222;13831622222;10240;10228
2612;13341694000;13331622222;13831622222;10240;10228
2613;13341704000;13331622222;13831622222;10240;10228
2614;13341724000;13331622222;13831622222;10240;10228
2615;13341736000;13331622222;13831622222;10240;10228
2616;13341743000;13331622222;13831622222;10240;10228
2617;13341751000;13331711111;13831711111;10240;10228
2607;13341838000;13290411111;13790411111;10240;10228
2608;13342032000;13290411111;13790411111;10240;10228
2609;13342246000;13290411111;13790411111;10240;10228
2610;13342260000;13331622222;13831622222;10240;10228
2611;13342449000;13331622222;13831622222;10240;10228
2612;13342462000;13331622222;13831622222;10240;10228
2613;13342644000;13331622222;13831622222;10240;10228
2614;13342653000;13331622222;13831622222;10240;10228
2615;13342848000;13331622222;13831622222;10240;10228
2616;13343038000;13331622222;13831622222;10240;10228
2617;13343061000;13331711111;13831711111;10240;10228
2618;13383300000;13332000000;13832000000;10240;10228
2620;13383317000;13332000000;13832000000;10240;10228
2621;13383340000;13373288888;13873288888;10240;10228
2622;13383370000;13373288888;13873288888;10240;10228
2623;13383378000;13373288888;13873288888;10240;10228
2624;13383398000;13373288888;13873288888;10240;10228
2625;13383407000;13373288888;13873288888;10240;10228
2626;13383414000;13373288888;13873288888;10240;10228
2627;13383421000;13373288888;13873288888;10240;10228
2628;13383430000;13373366666;13873366666;10240;10228
2618;13383506000;13332000000;13832000000;10240;10228
2619;13383695000;13332000000;13832000000;10240;10228
2620;13383903000;13332000000;13832000000;10240;10228
2621;13383908000;13373288888;13873288888;10240;10228
2622;13384119000;13373288888;13873288888;10240;10228
2623;13384133000;13373288888;13873288888;10240;10228
2624;13384318000;13373288888;13873288888;10240;10228
2625;13384331000;13373288888;13873288888;10240;10228
2626;13384514000;13373288888;13873288888;10240;10228
2627;13384718000;13373288888;13873288888;10240;10228
2628;13384730000;13373366666;13873366666;10240;10228
2619;13403526000;13332000000;13832000000;10240;10228
2629;13425024000;13373700000;13873700000;10240;10228
2630;13425050000;13373700000;13873700000;10240;10228
2631;13425071000;13373700000;13873700000;10240;10228
2632;13425079000;13414966666;13914966666;10240;10228
2633;13425099000;13414966666;13914966666;10240;10228
2634;13425109000;13414966666;13914966666;10240;10228
2635;13425117000;13414966666;13914966666;10240;10228
2636;13425127000;13414966666;13914966666;10240;10228
2637;13425144000;13414966666;13914966666;10240;10228
2629;13425206000;13373700000;13873700000;10240;10228
2638;13425316000;13414966666;13914966666;10240;10228
2639;13425331000;13415044444;13915044444;10240;10228
2630;13425403000;13373700000;13873700000;10240;10228
2631;13425647000;13373700000;13873700000;10240;10228
2632;13425659000;13414966666;13914966666;10240;10228
2633;13425818000;13414966666;13914966666;10240;10228
2634;13425830000;13414966666;13914966666;10240;10228
2635;13425982000;13414966666;13914966666;10240;10228
2636;13426237000;13414966666;13914966666;10240;10228
2637;13426256000;13414966666;13914966666;10240;10228
2638;13426442000;13414966666;13914966666;10240;10228
2639;13426451000;13415044444;13915044444;10240;10228
2640;13466641000;13415344444;13915344444;10240;10228
2641;13466655000;13415344444;13915344444;10240;10228
2642;13466663000;13415344444;13915344444;10240;10228
2643;13466681000;13456622222;13956622222;10240;10228
2644;13466692000;13456622222;13956622222;10240;10228
2645;13466701000;13456622222;13956622222;10240;10228
2646;13466708000;13456622222;13956622222;10240;10228
2647;13466731000;13456622222;13956622222;10240;10228
2648;13466740000;13456622222;13956622222;10240;10228
2649;13466750000;13456622222;13956622222;10240;10228
2650;13466758000;13456700000;13956700000;10240;10228
2640;13466863000;13415344444;13915344444;10240;10228
2641;13467082000;13415344444;13915344444;10240;10228
2642;13467089000;13415344444;13915344444;10240;10228
2643;13467286000;13456622222;13956622222;10240;10228
2644;13467493000;13456622222;13956622222;10240;10228
2645;13467513000;13456622222;13956622222;10240;10228
2646;13467689000;13456622222;13956622222;10240;10228
2647;13467709000;13456622222;13956622222;10240;10228
2648;13467886000;13456622222;13956622222;10240;10228
2649;13468065000;13456622222;13956622222;10240;10228
2650;13468083000;13456700000;13956700000;10240;10228
2651;13508304000;13456977777;13956977777;10240;10228
2652;13508320000;13456977777;13956977777;10240;10228
2653;13508335000;13456977777;13956977777;10240;10228
2654;13508343000;13498288888;13998288888;10240;10228
2655;13508352000;13498288888;13998288888;10240;10228
2656;13508362000;13498288888;13998288888;10240;10228
2657;13508385000;13498288888;13998288888;10240;10228
2658;13508395000;13498288888;13998288888;10240;10228
2659;13508403000;13498288888;13998288888;10240;10228
2660;13508410000;13498288888;13998288888;10240;10228
2661;13508419000;13498366666;13998366666;10240;10228
2651;13508506000;13456977777;13956977777;10240;10228
2654;13508696000;13498288888;13998288888;10240;10228
2655;13508903000;13498288888;13998288888;10240;10228
2656;13508907000;13498288888;13998288888;10240;10228
2657;13509119000;13498288888;13998288888;10240;10228
2658;13509133000;13498288888;13998288888;10240;10228
2659;13509319000;13498288888;13998288888;10240;10228
2660;13509333000;13498288888;13998288888;10240;10228
2661;13509514000;13498366666;13998366666;10240;10228
2652;13529343000;13456977777;13956977777;10240;10228
2653;13529531000;13456977777;13956977777;10240;10228
2662;13549964000;13498688888;13998688888;10240;10228
2663;13549974000;13498688888;13998688888;10240;10228
2664;13549982000;13498688888;13998688888;10240;10228
2665;13550020000;13539955555;14039955555;10240;10228
2666;13550039000;13539955555;14039955555;10240;10228
2667;13550077000;13539955555;14039955555;10240;10228
2668;13550097000;13539955555;14039955555;10240;10228
2669;13550104000;13539955555;14039955555;10240;10228
2670;13550113000;13539955555;14039955555;10240;10228
2671;13550121000;13539955555;14039955555;10240;10228
2672;13550150000;13540033333;14040033333;10240;10228
2662;13550171000;13498688888;13998688888;10240;10228
2663;13550370000;13498688888;13998688888;10240;10228
2664;13550569000;13498688888;13998688888;10240;10228
2665;13550577000;13539955555;14039955555;10240;10228
2666;13550774000;13539955555;14039955555;10240;10228
2667;13550778000;13539955555;14039955555;10240;10228
2668;13550976000;13539955555;14039955555;10240;10228
2669;13550984000;13539955555;14039955555;10240;10228
2670;13551190000;13539955555;14039955555;10240;10228
2671;13551386000;13539955555;14039955555;10240;10228
2672;13551397000;13540033333;14040033333;10240;10228
2673;13591633000;13540344444;14040344444;10240;10228
2674;13591650000;13540344444;14040344444;10240;10228
2675;13591659000;13540344444;14040344444;10240;10228
2676;13591680000;13581622222;14081622222;10240;10228
2677;13591691000;13581622222;14081622222;10240;10228
2678;13591699000;13581622222;14081622222;10240;10228
2679;13591722000;13581622222;14081622222;10240;10228
2680;13591731000;13581622222;14081622222;10240;10228
2681;13591739000;13581622222;14081622222;10240;10228
2682;13591747000;13581622222;14081622222;10240;10228
2683;13591762000;13581700000;14081700000;10240;10228
2673;13591840000;13540344444;14040344444;10240;10228
2674;13592033000;13540344444;14040344444;10240;10228
2675;13592289000;13540344444;14040344444;10240;10228
2676;13592309000;13581622222;14081622222;10240;10228
2677;13592484000;13581622222;14081622222;10240;10228
2678;13592504000;13581622222;14081622222;10240;10228
2679;13592691000;13581622222;14081622222;10240;10228
2680;13592709000;13581622222;14081622222;10240;10228
2681;13592888000;13581622222;14081622222;10240;10228
2682;13593077000;13581622222;14081622222;10240;10228
2683;13593097000;13581700000;14081700000;10240;10228
2684;13633299000;13581977777;14081977777;10240;10228
2685;13633316000;13581977777;14081977777;10240;10228
2686;13633325000;13581977777;14081977777;10240;10228
2687;13633346000;13623288888;14123288888;10240;10228
2688;13633356000;13623288888;14123288888;10240;10228
2689;13633364000;13623288888;14123288888;10240;10228
2690;13633386000;13623288888;14123288888;10240;10228
2691;13633395000;13623288888;14123288888;10240;10228
2692;13633403000;13623288888;14123288888;10240;10228
2693;13633411000;13623288888;14123288888;10240;10228
2694;13633427000;13623366666;14123366666;10240;10228
2684;13633506000;13581977777;14081977777;10240;10228
2685;13633697000;13581977777;14081977777;10240;10228
2686;13633901000;13581977777;14081977777;10240;10228
2687;13633912000;13623288888;14123288888;10240;10228
2688;13634121000;13623288888;14123288888;10240;10228
2689;13634134000;13623288888;14123288888;10240;10228
2690;13634318000;13623288888;14123288888;10240;10228
2691;13634333000;13623288888;14123288888;10240;10228
2692;13634515000;13623288888;14123288888;10240;10228
2693;13634720000;13623288888;14123288888;10240;10228
2694;13634725000;13623366666;14123366666;10240;10228
2695;13674960000;13623677777;14123677777;10240;10228
2696;13674972000;13623677777;14123677777;10240;10228
2697;13674981000;13623677777;14123677777;10240;10228
2698;13675012000;13664966666;14164966666;10240;10228
2699;13675022000;13664966666;14164966666;10240;10228
2700;13675030000;13664966666;14164966666;10240;10228
2701;13675038000;13664966666;14164966666;10240;10228
2702;13675082000;13664966666;14164966666;10240;10228
2703;13675102000;13664966666;14164966666;10240;10228
2704;13675111000;13664966666;14164966666;10240;10228
2705;13675119000;13665044444;14165044444;10240;10228
2695;13675155000;13623677777;14123677777;10240;10228
2696;13675352000;13623677777;14123677777;10240;10228
2697;13675554000;13623677777;14123677777;10240;10228
2698;13675565000;13664966666;14164966666;10240;10228
2699;13675758000;13664966666;14164966666;10240;10228
2700;13675769000;13664966666;14164966666;10240;10228
2701;13675963000;13664966666;14164966666;10240;10228
2702;13676175000;13664966666;14164966666;10240;10228
2703;13676180000;13664966666;14164966666;10240;10228
2704;13676374000;13664966666;14164966666;10240;10228
2705;13676388000;13665044444;14165044444;10240;10228
2706;13716619000;13665355555;14165355555;10240;10228
2707;13716637000;13665355555;14165355555;10240;10228
2708;13716645000;13665355555;14165355555;10240;10228
2709;13716668000;13706622222;14206622222;10240;10228
2710;13716677000;13706622222;14206622222;10240;10228
2711;13716686000;13706622222;14206622222;10240;10228
2712;13716706000;13706622222;14206622222;10240;10228
2713;13716716000;13706622222;14206622222;10240;10228
2715;13716724000;13706622222;14206622222;10240;10228
2716;13716748000;13706700000;14206700000;10240;10228
2706;13716859000;13665355555;14165355555;10240;10228
2707;13717074000;13665355555;14165355555;10240;10228
2708;13717083000;13665355555;14165355555;10240;10228
2709;13717282000;13706622222;14206622222;10240;10228
2710;13717493000;13706622222;14206622222;10240;10228
2711;13717512000;13706622222;14206622222;10240;10228
2712;13717686000;13706622222;14206622222;10240;10228
2713;13717705000;13706622222;14206622222;10240;10228
2714;13717884000;13706622222;14206622222;10240;10228
2715;13718061000;13706622222;14206622222;10240;10228
2716;13718082000;13706700000;14206700000;10240;10228
2717;13758321000;13707000000;14207000000;10240;10228
2718;13758337000;13707000000;14207000000;10240;10228
2719;13758364000;13707000000;14207000000;10240;10228
2720;13758374000;13748322222;14248322222;10240;10228
2721;13758382000;13748322222;14248322222;10240;10228
2722;13758405000;13748322222;14248322222;10240;10228
2723;13758415000;13748322222;14248322222;10240;10228
2724;13758423000;13748322222;14248322222;10240;10228
2725;13758433000;13748322222;14248322222;10240;10228
2726;13758440000;13748322222;14248322222;10240;10228
2727;13758452000;13748400000;14248400000;10240;10228
2717;13758517000;13707000000;14207000000;10240;10228
2718;13758728000;13707000000;14207000000;10240;10228
2719;13758931000;13707000000;14207000000;10240;10228
2720;13758936000;13748322222;14248322222;10240;10228
2721;13759146000;13748322222;14248322222;10240;10228
2722;13759158000;13748322222;14248322222;10240;10228
2723;13759348000;13748322222;14248322222;10240;10228
2724;13759363000;13748322222;14248322222;10240;10228
2725;13759544000;13748322222;14248322222;10240;10228
2726;13759748000;13748322222;14248322222;10240;10228
2727;13759759000;13748400000;14248400000;10240;10228
2714;13778583000;13706622222;14206622222;10240;10228
2728;13800033000;13748711111;14248711111;10240;10228
2729;13800072000;13748711111;14248711111;10240;10228
2730;13800084000;13748711111;14248711111;10240;10228
2731;13800102000;13789988888;14289988888;10240;10228
2733;13800112000;13789988888;14289988888;10240;10228
2734;13800133000;13789988888;14289988888;10240;10228
2735;13800142000;13789988888;14289988888;10240;10228
2736;13800152000;13789988888;14289988888;10240;10228
2737;13800171000;13789988888;14289988888;10240;10228
2738;13800180000;13790066666;14290066666;10240;10228
2728;13800189000;13748711111;14248711111;10240;10228
2729;13800410000;13748711111;14248711111;10240;10228
2730;13800612000;13748711111;14248711111;10240;10228
2731;13800623000;13789988888;14289988888;10240;10228
2732;13800814000;13789988888;14289988888;10240;10228
2733;13800844000;13789988888;14289988888;10240;10228
2734;13801018000;13789988888;14289988888;10240;10228
2735;13801253000;13789988888;14289988888;10240;10228
2736;13801264000;13789988888;14289988888;10240;10228
2737;13801428000;13789988888;14289988888;10240;10228
2738;13801440000;13790066666;14290066666;10240;10228
2732;13820339000;13789988888;14289988888;10240;10228
2739;13841695000;13790366666;14290366666;10240;10228
2740;13841709000;13790366666;14290366666;10240;10228
2741;13841718000;13790366666;14290366666;10240;10228
2742;13841725000;13831655555;14331655555;10240;10228
2743;13841742000;13831655555;14331655555;10240;10228
2744;13841750000;13831655555;14331655555;10240;10228
2745;13841763000;13831655555;14331655555;10240;10228
2746;13841780000;13831655555;14331655555;10240;10228
2747;13841789000;13831655555;14331655555;10240;10228
2748;13841796000;13831655555;14331655555;10240;10228
2749;13841815000;13831733333;14331733333;10240;10228
2739;13841886000;13790366666;14290366666;10240;10228
2740;13842060000;13790366666;14290366666;10240;10228
2743;13842276000;13831655555;14331655555;10240;10228
2744;13842285000;13831655555;14331655555;10240;10228
2745;13842478000;13831655555;14331655555;10240;10228
2746;13842487000;13831655555;14331655555;10240;10228
2747;13842684000;13831655555;14331655555;10240;10228
2748;13842885000;13831655555;14331655555;10240;10228
2749;13842896000;13831733333;14331733333;10240;10228
2742;13862863000;13831655555;14331655555;10240;10228
2750;13883295000;13831988888;14331988888;10240;10228
2751;13883315000;13831988888;14331988888;10240;10228
2752;13883337000;13831988888;14331988888;10240;10228
2753;13883349000;13873288888;14373288888;10240;10228
2754;13883357000;13873288888;14373288888;10240;10228
2755;13883367000;13873288888;14373288888;10240;10228
2756;13883385000;13873288888;14373288888;10240;10228
2757;13883396000;13873288888;14373288888;10240;10228
2758;13883404000;13873288888;14373288888;10240;10228
2759;13883414000;13873288888;14373288888;10240;10228
2760;13883421000;13873366666;14373366666;10240;10228
2750;13883482000;13831988888;14331988888;10240;10228
2751;13883680000;13831988888;14331988888;10240;10228
2752;13883887000;13831988888;14331988888;10240;10228
2753;13883893000;13873288888;14373288888;10240;10228
2754;13884093000;13873288888;14373288888;10240;10228
2755;13884099000;13873288888;14373288888;10240;10228
2756;13884295000;13873288888;14373288888;10240;10228
2757;13884501000;13873288888;14373288888;10240;10228
2758;13884508000;13873288888;14373288888;10240;10228
2759;13884707000;13873288888;14373288888;10240;10228
2760;13884711000;13873366666;14373366666;10240;10228
2741;13904273000;13790366666;14290366666;10240;10228
2761;13924962000;13873677777;14373677777;10240;10228
2762;13924974000;13873677777;14373677777;10240;10228
2763;13924982000;13873677777;14373677777;10240;10228
2764;13925010000;13914966666;14414966666;10240;10228
2765;13925020000;13914966666;14414966666;10240;10228
2766;13925028000;13914966666;14414966666;10240;10228
2767;13925038000;13914966666;14414966666;10240;10228
2768;13925078000;13914966666;14414966666;10240;10228
2769;13925098000;13914966666;14414966666;10240;10228
2770;13925105000;13914966666;14414966666;10240;10228
2771;13925114000;13915044444;14415044444;10240;10228
2761;13925171000;13873677777;14373677777;10240;10228
2762;13925372000;13873677777;14373677777;10240;10228
2763;13925576000;13873677777;14373677777;10240;10228
2764;13925591000;13914966666;14414966666;10240;10228
2765;13925772000;13914966666;14414966666;10240;10228
2766;13925781000;13914966666;14414966666;10240;10228
2767;13925977000;13914966666;14414966666;10240;10228
2768;13925985000;13914966666;14414966666;10240;10228
2769;13926191000;13914966666;14414966666;10240;10228
2770;13926388000;13914966666;14414966666;10240;10228
2771;13926393000;13915044444;14415044444;10240;10228
2773;13966644000;13915366666;14415366666;10240;10228
2774;13966674000;13915366666;14415366666;10240;10228
2775;13966684000;13956622222;14456622222;10240;10228
2776;13966710000;13956622222;14456622222;10240;10228
2777;13966726000;13956622222;14456622222;10240;10228
2779;13966737000;13956622222;14456622222;10240;10228
2780;13966745000;13956622222;14456622222;10240;10228
2781;13966753000;13956622222;14456622222;10240;10228
2782;13966766000;13956711111;14456711111;10240;10228
2772;13966854000;13915366666;14415366666;10240;10228
2773;13967064000;13915366666;14415366666;10240;10228
2774;13967274000;13915366666;14415366666;10240;10228
2775;13967296000;13956622222;14456622222;10240;10228
2776;13967471000;13956622222;14456622222;10240;10228
2777;13967492000;13956622222;14456622222;10240;10228
2778;13967674000;13956622222;14456622222;10240;10228
2779;13967712000;13956622222;14456622222;10240;10228
2780;13967879000;13956622222;14456622222;10240;10228
2781;13968068000;13956622222;14456622222;10240;10228
2782;13968088000;13956711111;14456711111;10240;10228
2772;13986893000;13915366666;14415366666;10240;10228
2778;13986921000;13956622222;14456622222;10240;10228
2783;14008374000;13956988888;14456988888;10240;10228
2784;14008387000;13956988888;14456988888;10240;10228
2785;14008392000;13956988888;14456988888;10240;10228
2786;14008396000;13998300000;14498300000;10240;10228
2787;14008401000;13998300000;14498300000;10240;10228
2788;14008407000;13998300000;14498300000;10240;10228
2789;14008411000;13998300000;14498300000;10240;10228
2790;14008416000;13998300000;14498300000;10240;10228
2791;14008420000;13998300000;14498300000;10240;10228
2783;14008540000;13956988888;14456988888;10240;10228
2792;14008687000;13998300000;14498300000;10240;10228
2793;14008709000;13998377777;14498377777;10240;10228
2784;14008714000;13956988888;14456988888;10240;10228
2785;14008944000;13956988888;14456988888;10240;10228
2786;14008956000;13998300000;14498300000;10240;10228
2787;14009157000;13998300000;14498300000;10240;10228
2788;14009178000;13998300000;14498300000;10240;10228
2789;14009361000;13998300000;14498300000;10240;10228
2790;14009385000;13998300000;14498300000;10240;10228
2791;14009569000;13998300000;14498300000;10240;10228
2792;14009775000;13998300000;14498300000;10240;10228
2793;14009784000;13998377777;14498377777;10240;10228
2794;14050018000;13998688888;14498688888;10240;10228
2795;14050030000;13998688888;14498688888;10240;10228
2796;14050034000;13998688888;14498688888;10240;10228
2797;14050038000;14039955555;14539955555;10240;10228
2798;14050052000;14039955555;14539955555;10240;10228
2799;14050070000;14039955555;14539955555;10240;10228
2800;14050086000;14039955555;14539955555;10240;10228
2803;14050092000;14039955555;14539955555;10240;10228
2804;14050109000;14040033333;14540033333;10240;10228
2794;14050211000;13998688888;14498688888;10240;10228
2795;14050412000;13998688888;14498688888;10240;10228
2796;14050433000;13998688888;14498688888;10240;10228
2797;14050617000;14039955555;14539955555;10240;10228
2798;14050813000;14039955555;14539955555;10240;10228
2799;14050833000;14039955555;14539955555;10240;10228
2800;14051018000;14039955555;14539955555;10240;10228
2801;14051029000;14039955555;14539955555;10240;10228
2802;14051233000;14039955555;14539955555;10240;10228
2803;14051443000;14039955555;14539955555;10240;10228
2804;14051452000;14040033333;14540033333;10240;10228
2805;14091701000;14040366666;14540366666;10240;10228
2806;14091710000;14040366666;14540366666;10240;10228
2807;14091715000;14040366666;14540366666;10240;10228
2808;14091724000;14081622222;14581622222;10240;10228
2809;14091730000;14081622222;14581622222;10240;10228
2810;14091735000;14081622222;14581622222;10240;10228
2811;14091740000;14081622222;14581622222;10240;10228
2812;14091745000;14081622222;14581622222;10240;10228
2813;14091749000;14081622222;14581622222;10240;10228
2805;14091869000;14040366666;14540366666;10240;10228
2814;14091975000;14081622222;14581622222;10240;10228
2815;14091986000;14081700000;14581700000;10240;10228
2806;14092065000;14040366666;14540366666;10240;10228
2807;14092290000;14040366666;14540366666;10240;10228
2808;14092299000;14081622222;14581622222;10240;10228
2809;14092494000;14081622222;14581622222;10240;10228
2810;14092503000;14081622222;14581622222;10240;10228
2811;14092687000;14081622222;14581622222;10240;10228
2812;14092706000;14081622222;14581622222;10240;10228
2813;14092882000;14081622222;14581622222;10240;10228
2814;14093071000;14081622222;14581622222;10240;10228
2815;14093091000;14081700000;14581700000;10240;10228
2801;14111945000;14039955555;14539955555;10240;10228
2802;14111955000;14039955555;14539955555;10240;10228
2816;14133379000;14082000000;14582000000;10240;10228
2817;14133390000;14082000000;14582000000;10240;10228
2818;14133395000;14082000000;14582000000;10240;10228
2819;14133399000;14123300000;14623300000;10240;10228
2820;14133404000;14123300000;14623300000;10240;10228
2821;14133408000;14123300000;14623300000;10240;10228
2822;14133413000;14123300000;14623300000;10240;10228
2823;14133417000;14123300000;14623300000;10240;10228
2824;14133421000;14123300000;14623300000;10240;10228
2816;14133532000;14082000000;14582000000;10240;10228
2825;14133666000;14123300000;14623300000;10240;10228
2826;14133709000;14123377777;14623377777;10240;10228
2817;14133714000;14082000000;14582000000;10240;10228
2818;14133947000;14082000000;14582000000;10240;10228
2819;14133956000;14123300000;14623300000;10240;10228
2820;14134161000;14123300000;14623300000;10240;10228
2821;14134170000;14123300000;14623300000;10240;10228
2822;14134369000;14123300000;14623300000;10240;10228
2823;14134378000;14123300000;14623300000;10240;10228
2824;14134571000;14123300000;14623300000;10240;10228
2825;14134764000;14123300000;14623300000;10240;10228
2826;14134784000;14123377777;14623377777;10240;10228
2827;14174990000;14123677777;14623677777;10240;10228
2828;14175001000;14123677777;14623677777;10240;10228
2829;14175007000;14123677777;14623677777;10240;10228
2830;14175011000;14164955555;14664955555;10240;10228
2831;14175016000;14164955555;14664955555;10240;10228
2832;14175021000;14164955555;14664955555;10240;10228
2833;14175026000;14164955555;14664955555;10240;10228
2834;14175031000;14164955555;14664955555;10240;10228
2835;14175101000;14164955555;14664955555;10240;10228
2836;14175121000;14164955555;14664955555;10240;10228
2837;14175126000;14165044444;14665044444;10240;10228
2827;14175186000;14123677777;14623677777;10240;10228
2828;14175380000;14123677777;14623677777;10240;10228
2829;14175610000;14123677777;14623677777;10240;10228
2830;14175630000;14164955555;14664955555;10240;10228
2831;14175816000;14164955555;14664955555;10240;10228
2832;14175834000;14164955555;14664955555;10240;10228
2833;14176021000;14164955555;14664955555;10240;10228
2834;14176030000;14164955555;14664955555;10240;10228
2835;14176234000;14164955555;14664955555;10240;10228
2836;14176439000;14164955555;14664955555;10240;10228
2838;14216650000;14165344444;14665344444;10240;10228
2839;14216660000;14165344444;14665344444;10240;10228
2840;14216666000;14165344444;14665344444;10240;10228
2841;14216670000;14206622222;14706622222;10240;10228
2842;14216675000;14206622222;14706622222;10240;10228
2843;14216679000;14206622222;14706622222;10240;10228
2844;14216692000;14206622222;14706622222;10240;10228
2845;14216755000;14206622222;14706622222;10240;10228
2846;14216764000;14206622222;14706622222;10240;10228
2847;14216770000;14206622222;14706622222;10240;10228
2848;14216774000;14206700000;14706700000;10240;10228
2838;14216853000;14165344444;14665344444;10240;10228
2839;14217060000;14165344444;14665344444;10240;10228
2840;14217278000;14165344444;14665344444;10240;10228
2842;14217288000;14206622222;14706622222;10240;10228
2843;14217469000;14206622222;14706622222;10240;10228
2844;14217490000;14206622222;14706622222;10240;10228
2845;14217674000;14206622222;14706622222;10240;10228
2846;14217695000;14206622222;14706622222;10240;10228
2847;14217879000;14206622222;14706622222;10240;10228
2848;14217890000;14206700000;14706700000;10240;10228
2837;14237601000;14165044444;14665044444;10240;10228
2841;14237880000;14206622222;14706622222;10240;10228
2849;14258328000;14207000000;14707000000;10240;10228
2850;14258344000;14207000000;14707000000;10240;10228
2851;14258358000;14207000000;14707000000;10240;10228
2852;14258363000;14248288888;14748288888;10240;10228
2853;14258367000;14248288888;14748288888;10240;10228
2854;14258372000;14248288888;14748288888;10240;10228
2855;14258385000;14248288888;14748288888;10240;10228
2856;14258390000;14248288888;14748288888;10240;10228
2857;14258394000;14248288888;14748288888;10240;10228
2858;14258404000;14248288888;14748288888;10240;10228
2859;14258408000;14248377777;14748377777;10240;10228
2849;14258527000;14207000000;14707000000;10240;10228
2850;14258733000;14207000000;14707000000;10240;10228
2851;14258926000;14207000000;14707000000;10240;10228
2852;14258938000;14248288888;14748288888;10240;10228
2853;14259140000;14248288888;14748288888;10240;10228
2854;14259152000;14248288888;14748288888;10240;10228
2855;14259343000;14248288888;14748288888;10240;10228
2856;14259354000;14248288888;14748288888;10240;10228
2857;14259549000;14248288888;14748288888;10240;10228
2858;14259744000;14248288888;14748288888;10240;10228
2859;14259764000;14248377777;14748377777;10240;10228
2860;14299985000;14248688888;14748688888;10240;10228
2861;14299998000;14248688888;14748688888;10240;10228
2862;14300003000;14248688888;14748688888;10240;10228
2863;14300007000;14289955555;14789955555;10240;10228
2864;14300012000;14289955555;14789955555;10240;10228
2865;14300017000;14289955555;14789955555;10240;10228
2866;14300022000;14289955555;14789955555;10240;10228
2867;14300098000;14289955555;14789955555;10240;10228
2868;14300108000;14289955555;14789955555;10240;10228
2869;14300113000;14289955555;14789955555;10240;10228
2870;14300117000;14290044444;14790044444;10240;10228
2860;14300185000;14248688888;14748688888;10240;10228
2861;14300374000;14248688888;14748688888;10240;10228
2862;14300578000;14248688888;14748688888;10240;10228
2863;14300590000;14289955555;14789955555;10240;10228
2864;14300782000;14289955555;14789955555;10240;10228
2865;14300794000;14289955555;14789955555;10240;10228
2866;14300986000;14289955555;14789955555;10240;10228
2867;14301171000;14289955555;14789955555;10240;10228
2868;14301177000;14289955555;14789955555;10240;10228
2869;14301399000;14289955555;14789955555;10240;10228
2870;14301408000;14290044444;14790044444;10240;10228
2871;14341649000;14290366666;14790366666;10240;10228
2872;14341660000;14290366666;14790366666;10240;10228
2873;14341664000;14290366666;14790366666;10240;10228
2874;14341670000;14331633333;14831633333;10240;10228
2875;14341680000;14331633333;14831633333;10240;10228
2876;14341687000;14331633333;14831633333;10240;10228
2877;14341695000;14331633333;14831633333;10240;10228
2878;14341757000;14331633333;14831633333;10240;10228
2879;14341767000;14331633333;14831633333;10240;10228
2880;14341772000;14331633333;14831633333;10240;10228
2881;14341776000;14331711111;14831711111;10240;10228
2871;14341852000;14290366666;14790366666;10240;10228
2872;14342042000;14290366666;14790366666;10240;10228
2873;14342247000;14290366666;14790366666;10240;10228
2874;14342258000;14331633333;14831633333;10240;10228
2875;14342451000;14331633333;14831633333;10240;10228
2876;14342463000;14331633333;14831633333;10240;10228
2877;14342655000;14331633333;14831633333;10240;10228
2879;14342863000;14331633333;14831633333;10240;10228
2880;14342872000;14331633333;14831633333;10240;10228
2881;14343040000;14331711111;14831711111;10240;10228
2878;14363449000;14331633333;14831633333;10240;10228
2882;14383320000;14331977777;14831977777;10240;10228
2883;14383335000;14331977777;14831977777;10240;10228
2884;14383341000;14331977777;14831977777;10240;10228
2885;14383346000;14373288888;14873288888;10240;10228
2886;14383350000;14373288888;14873288888;10240;10228
2887;14383357000;14373288888;14873288888;10240;10228
2888;14383362000;14373288888;14873288888;10240;10228
2889;14383422000;14373288888;14873288888;10240;10228
2890;14383431000;14373288888;14873288888;10240;10228
2891;14383436000;14373288888;14873288888;10240;10228
2892;14383440000;14373366666;14873366666;10240;10228
2882;14383543000;14331977777;14831977777;10240;10228
2883;14383731000;14331977777;14831977777;10240;10228
2884;14383932000;14331977777;14831977777;10240;10228
2885;14383943000;14373288888;14873288888;10240;10228
2886;14384145000;14373288888;14873288888;10240;10228
2887;14384155000;14373288888;14873288888;10240;10228
2888;14384345000;14373288888;14873288888;10240;10228
2889;14384356000;14373288888;14873288888;10240;10228
2890;14384549000;14373288888;14873288888;10240;10228
2891;14384757000;14373288888;14873288888;10240;10228
2892;14384766000;14373366666;14873366666;10240;10228
2893;14424988000;14373711111;14873711111;10240;10228
2894;14425000000;14373711111;14873711111;10240;10228
2895;14425006000;14373711111;14873711111;10240;10228
2896;14425010000;14414955555;14914955555;10240;10228
2897;14425015000;14414955555;14914955555;10240;10228
2898;14425020000;14414955555;14914955555;10240;10228
2899;14425025000;14414955555;14914955555;10240;10228
2900;14425116000;14414955555;14914955555;10240;10228
2901;14425127000;14414955555;14914955555;10240;10228
2902;14425142000;14414955555;14914955555;10240;10228
2903;14425147000;14415055555;14915055555;10240;10228
2893;14425187000;14373711111;14873711111;10240;10228
2894;14425413000;14373711111;14873711111;10240;10228
2895;14425434000;14373711111;14873711111;10240;10228
2896;14425618000;14414955555;14914955555;10240;10228
2897;14425816000;14414955555;14914955555;10240;10228
2898;14425835000;14414955555;14914955555;10240;10228
2899;14426022000;14414955555;14914955555;10240;10228
2900;14426031000;14414955555;14914955555;10240;10228
2901;14426234000;14414955555;14914955555;10240;10228
2902;14426429000;14414955555;14914955555;10240;10228
2903;14426449000;14415055555;14915055555;10240;10228
2904;14466652000;14415366666;14915366666;10240;10228
2905;14466663000;14415366666;14915366666;10240;10228
2906;14466668000;14415366666;14915366666;10240;10228
2907;14466672000;14456622222;14956622222;10240;10228
2908;14466677000;14456622222;14956622222;10240;10228
2909;14466681000;14456622222;14956622222;10240;10228
2910;14466691000;14456622222;14956622222;10240;10228
2911;14466699000;14456622222;14956622222;10240;10228
2912;14466775000;14456622222;14956622222;10240;10228
2913;14466794000;14456622222;14956622222;10240;10228
2914;14466799000;14456700000;14956700000;10240;10228
2904;14466871000;14415366666;14915366666;10240;10228
2905;14467123000;14415366666;14915366666;10240;10228
2906;14467143000;14415366666;14915366666;10240;10228
2907;14467285000;14456622222;14956622222;10240;10228
2908;14467496000;14456622222;14956622222;10240;10228
2909;14467505000;14456622222;14956622222;10240;10228
2910;14467700000;14456622222;14956622222;10240;10228
2911;14467709000;14456622222;14956622222;10240;10228
2912;14467886000;14456622222;14956622222;10240;10228
2913;14468072000;14456622222;14956622222;10240;10228
2914;14468093000;14456700000;14956700000;10240;10228
2915;14508325000;14456977777;14956977777;10240;10228
2916;14508341000;14456977777;14956977777;10240;10228
2917;14508346000;14456977777;14956977777;10240;10228
2918;14508350000;14498300000;14998300000;10240;10228
2919;14508354000;14498300000;14998300000;10240;10228
2920;14508364000;14498300000;14998300000;10240;10228
2921;14508370000;14498300000;14998300000;10240;10228
2922;14508430000;14498300000;14998300000;10240;10228
2923;14508451000;14498300000;14998300000;10240;10228
2924;14508456000;14498300000;14998300000;10240;10228
2925;14508460000;14498377777;14998377777;10240;10228
2915;14508520000;14456977777;14956977777;10240;10228
2916;14508746000;14456977777;14956977777;10240;10228
2917;14508766000;14456977777;14956977777;10240;10228
2918;14508946000;14498300000;14998300000;10240;10228
2919;14509156000;14498300000;14998300000;10240;10228
2920;14509166000;14498300000;14998300000;10240;10228
2921;14509365000;14498300000;14998300000;10240;10228
2922;14509385000;14498300000;14998300000;10240;10228
2923;14509572000;14498300000;14998300000;10240;10228
2924;14509723000;14498300000;14998300000;10240;10228
2925;14509729000;14498377777;14998377777;10240;10228
2926;14549982000;14498688888;14998688888;10240;10228
2927;14549999000;14498688888;14998688888;10240;10228
2928;14550008000;14498688888;14998688888;10240;10228
2929;14550013000;14539955555;15039955555;10240;10228
2930;14550018000;14539955555;15039955555;10240;10228
2931;14550024000;14539955555;15039955555;10240;10228
2932;14550028000;14539955555;15039955555;10240;10228
2933;14550114000;14539955555;15039955555;10240;10228
2934;14550125000;14539955555;15039955555;10240;10228
2935;14550130000;14539955555;15039955555;10240;10228
2936;14550144000;14540044444;15040044444;10240;10228
2926;14550206000;14498688888;14998688888;10240;10228
2927;14550399000;14498688888;14998688888;10240;10228
2928;14550602000;14498688888;14998688888;10240;10228
2929;14550624000;14539955555;15039955555;10240;10228
2930;14550799000;14539955555;15039955555;10240;10228
2931;14550820000;14539955555;15039955555;10240;10228
2932;14551003000;14539955555;15039955555;10240;10228
2933;14551015000;14539955555;15039955555;10240;10228
2934;14551233000;14539955555;15039955555;10240;10228
2935;14551433000;14539955555;15039955555;10240;10228
2936;14551453000;14540044444;15040044444;10240;10228
2937;14591640000;14540333333;15040333333;10240;10228
2939;14591662000;14540333333;15040333333;10240;10228
2940;14591681000;14581622222;15081622222;10240;10228
2941;14591692000;14581622222;15081622222;10240;10228
2942;14591697000;14581622222;15081622222;10240;10228
2943;14591713000;14581622222;15081622222;10240;10228
2944;14591718000;14581622222;15081622222;10240;10228
2945;14591723000;14581622222;15081622222;10240;10228
2946;14591728000;14581622222;15081622222;10240;10228
2947;14591733000;14581700000;15081700000;10240;10228
2937;14591862000;14540333333;15040333333;10240;10228
2938;14592061000;14540333333;15040333333;10240;10228
2939;14592271000;14540333333;15040333333;10240;10228
2940;14592290000;14581622222;15081622222;10240;10228
2941;14592477000;14581622222;15081622222;10240;10228
2942;14592487000;14581622222;15081622222;10240;10228
2943;14592671000;14581622222;15081622222;10240;10228
2944;14592690000;14581622222;15081622222;10240;10228
2945;14592863000;14581622222;15081622222;10240;10228
2946;14593052000;14581622222;15081622222;10240;10228
2947;14593070000;14581700000;15081700000;10240;10228
2938;14611921000;14540333333;15040333333;10240;10228
2948;14633409000;14581966666;15081966666;10240;10228
2949;14633416000;14581966666;15081966666;10240;10228
2950;14633421000;14581966666;15081966666;10240;10228
2951;14633426000;14623322222;15123322222;10240;10228
2952;14633437000;14623322222;15123322222;10240;10228
2953;14633442000;14623322222;15123322222;10240;10228
2954;14633446000;14623322222;15123322222;10240;10228
2955;14633457000;14623322222;15123322222;10240;10228
2956;14633461000;14623322222;15123322222;10240;10228
2948;14633584000;14581966666;15081966666;10240;10228
2957;14633711000;14623322222;15123322222;10240;10228
2958;14633747000;14623400000;15123400000;10240;10228
2949;14633757000;14581966666;15081966666;10240;10228
2950;14634019000;14581966666;15081966666;10240;10228
2951;14634030000;14623322222;15123322222;10240;10228
2952;14634201000;14623322222;15123322222;10240;10228
2953;14634212000;14623322222;15123322222;10240;10228
2954;14634402000;14623322222;15123322222;10240;10228
2955;14634423000;14623322222;15123322222;10240;10228
2956;14634613000;14623322222;15123322222;10240;10228
2957;14634811000;14623322222;15123322222;10240;10228
2958;14634820000;14623400000;15123400000;10240;10228
2959;14675001000;14623700000;15123700000;10240;10228
2960;14675010000;14623700000;15123700000;10240;10228
2961;14675017000;14623700000;15123700000;10240;10228
2962;14675020000;14664955555;15164955555;10240;10228
2963;14675024000;14664955555;15164955555;10240;10228
2964;14675028000;14664955555;15164955555;10240;10228
2965;14675033000;14664955555;15164955555;10240;10228
2966;14675065000;14664955555;15164955555;10240;10228
2967;14675070000;14664955555;15164955555;10240;10228
2968;14675082000;14664955555;15164955555;10240;10228
2969;14675095000;14665044444;15165044444;10240;10228
2959;14675205000;14623700000;15123700000;10240;10228
2960;14675414000;14623700000;15123700000;10240;10228
2961;14675435000;14623700000;15123700000;10240;10228
2962;14675623000;14664955555;15164955555;10240;10228
2963;14675819000;14664955555;15164955555;10240;10228
2964;14675837000;14664955555;15164955555;10240;10228
2965;14676019000;14664955555;15164955555;10240;10228
2966;14676030000;14664955555;15164955555;10240;10228
2967;14676232000;14664955555;15164955555;10240;10228
2968;14676432000;14664955555;15164955555;10240;10228
2969;14676451000;14665044444;15165044444;10240;10228
2970;14716637000;14665344444;15165344444;10240;10228
2971;14716647000;14665344444;15165344444;10240;10228
2972;14716653000;14665344444;15165344444;10240;10228
2973;14716658000;14706622222;15206622222;10240;10228
2974;14716668000;14706622222;15206622222;10240;10228
2975;14716675000;14706622222;15206622222;10240;10228
2976;14716680000;14706622222;15206622222;10240;10228
2977;14716769000;14706622222;15206622222;10240;10228
2978;14716779000;14706622222;15206622222;10240;10228
2979;14716783000;14706622222;15206622222;10240;10228
2980;14716787000;14706711111;15206711111;10240;10228
2970;14716871000;14665344444;15165344444;10240;10228
2971;14717038000;14665344444;15165344444;10240;10228
2972;14717268000;14665344444;15165344444;10240;10228
2973;14717277000;14706622222;15206622222;10240;10228
2974;14717464000;14706622222;15206622222;10240;10228
2976;14717484000;14706622222;15206622222;10240;10228
2977;14717669000;14706622222;15206622222;10240;10228
2978;14717688000;14706622222;15206622222;10240;10228
2979;14717871000;14706622222;15206622222;10240;10228
2980;14717882000;14706711111;15206711111;10240;10228
2975;14738103000;14706622222;15206622222;10240;10228
2981;14758322000;14706988888;15206988888;10240;10228
2982;14758334000;14706988888;15206988888;10240;10228
2983;14758344000;14706988888;15206988888;10240;10228
2984;14758349000;14748322222;15248322222;10240;10228
2985;14758355000;14748322222;15248322222;10240;10228
2986;14758358000;14748322222;15248322222;10240;10228
2987;14758363000;14748322222;15248322222;10240;10228
2988;14758422000;14748322222;15248322222;10240;10228
2990;14758433000;14748322222;15248322222;10240;10228
2991;14758450000;14748400000;15248400000;10240;10228
2981;14758544000;14706988888;15206988888;10240;10228
2982;14758733000;14706988888;15206988888;10240;10228
2983;14758928000;14706988888;15206988888;10240;10228
2984;14758939000;14748322222;15248322222;10240;10228
2985;14759141000;14748322222;15248322222;10240;10228
2986;14759154000;14748322222;15248322222;10240;10228
2987;14759346000;14748322222;15248322222;10240;10228
2988;14759367000;14748322222;15248322222;10240;10228
2989;14759552000;14748322222;15248322222;10240;10228
2990;14759750000;14748322222;15248322222;10240;10228
2991;14759769000;14748400000;15248400000;10240;10228
2992;14799993000;14748700000;15248700000;10240;10228
2993;14800004000;14748700000;15248700000;10240;10228
2994;14800009000;14748700000;15248700000;10240;10228
2995;14800015000;14789966666;15289966666;10240;10228
2996;14800020000;14789966666;15289966666;10240;10228
2997;14800024000;14789966666;15289966666;10240;10228
2998;14800033000;14789966666;15289966666;10240;10228
2999;14800099000;14789966666;15289966666;10240;10228
3000;14800109000;14789966666;15289966666;10240;10228
3001;14800114000;14789966666;15289966666;10240;10228
3002;14800118000;14790044444;15290044444;10240;10228
2992;14800188000;14748700000;15248700000;10240;10228
2993;14800374000;14748700000;15248700000;10240;10228
2994;14800582000;14748700000;15248700000;10240;10228
2995;14800591000;14789966666;15289966666;10240;10228
2996;14800783000;14789966666;15289966666;10240;10228
2997;14800795000;14789966666;15289966666;10240;10228
2998;14800987000;14789966666;15289966666;10240;10228
2999;14801193000;14789966666;15289966666;10240;10228
3000;14801204000;14789966666;15289966666;10240;10228
3001;14801374000;14789966666;15289966666;10240;10228
3002;14801379000;14790044444;15290044444;10240;10228
2989;14820243000;14748322222;15248322222;10240;10228
3003;14841663000;14790344444;15290344444;10240;10228
3004;14841676000;14790344444;15290344444;10240;10228
3005;14841680000;14790344444;15290344444;10240;10228
3006;14841686000;14831622222;15331622222;10240;10228
3007;14841692000;14831622222;15331622222;10240;10228
3008;14841696000;14831622222;15331622222;10240;10228
3009;14841700000;14831622222;15331622222;10240;10228
3010;14841762000;14831622222;15331622222;10240;10228
3011;14841773000;14831622222;15331622222;10240;10228
3012;14841778000;14831622222;15331622222;10240;10228
3013;14841782000;14831700000;15331700000;10240;10228
3003;14841854000;14790344444;15290344444;10240;10228
3004;14842052000;14790344444;15290344444;10240;10228
3005;14842268000;14790344444;15290344444;10240;10228
3006;14842280000;14831622222;15331622222;10240;10228
3007;14842449000;14831622222;15331622222;10240;10228
3008;14842462000;14831622222;15331622222;10240;10228
3009;14842655000;14831622222;15331622222;10240;10228
3010;14842860000;14831622222;15331622222;10240;10228
3012;14842871000;14831622222;15331622222;10240;10228
3013;14843063000;14831700000;15331700000;10240;10228
3014;14883293000;14831955555;15331955555;10240;10228
3015;14883307000;14831955555;15331955555;10240;10228
3016;14883322000;14831955555;15331955555;10240;10228
3018;14883382000;14873288888;15373288888;10240;10228
3019;14883410000;14873288888;15373288888;10240;10228
3020;14883416000;14873288888;15373288888;10240;10228
3021;14883421000;14873288888;15373288888;10240;10228
3022;14883425000;14873288888;15373288888;10240;10228
3023;14883439000;14873288888;15373288888;10240;10228
3024;14883443000;14873377777;15373377777;10240;10228
3014;14883488000;14831955555;15331955555;10240;10228
3015;14883683000;14831955555;15331955555;10240;10228
3016;14883888000;14831955555;15331955555;10240;10228
3017;14883897000;14873288888;15373288888;10240;10228
3018;14884118000;14873288888;15373288888;10240;10228
3019;14884130000;14873288888;15373288888;10240;10228
3020;14884321000;14873288888;15373288888;10240;10228
3021;14884503000;14873288888;15373288888;10240;10228
3022;14884511000;14873288888;15373288888;10240;10228
3023;14884736000;14873288888;15373288888;10240;10228
3024;14884748000;14873377777;15373377777;10240;10228
3017;14903560000;14873288888;15373288888;10240;10228
3011;14904084000;14831622222;15331622222;10240;10228
3025;14925014000;14873655555;15373655555;10240;10228
3026;14925025000;14873655555;15373655555;10240;10228
3027;14925030000;14873655555;15373655555;10240;10228
3028;14925035000;14914955555;15414955555;10240;10228
3029;14925040000;14914955555;15414955555;10240;10228
3030;14925065000;14914955555;15414955555;10240;10228
3031;14925070000;14914955555;15414955555;10240;10228
3032;14925095000;14914955555;15414955555;10240;10228
3033;14925100000;14914955555;15414955555;10240;10228
3034;14925105000;14914955555;15414955555;10240;10228
3035;14925110000;14915044444;15415044444;10240;10228
3025;14925188000;14873655555;15373655555;10240;10228
3026;14925375000;14873655555;15373655555;10240;10228
3027;14925580000;14873655555;15373655555;10240;10228
3028;14925590000;14914955555;15414955555;10240;10228
3029;14925784000;14914955555;15414955555;10240;10228
3030;14925796000;14914955555;15414955555;10240;10228
3031;14925988000;14914955555;15414955555;10240;10228
3032;14926197000;14914955555;15414955555;10240;10228
3033;14926206000;14914955555;15414955555;10240;10228
3034;14926378000;14914955555;15414955555;10240;10228
3035;14926383000;14915044444;15415044444;10240;10228
3036;14966655000;14915344444;15415344444;10240;10228
3037;14966665000;14915344444;15415344444;10240;10228
3038;14966670000;14915344444;15415344444;10240;10228
3039;14966674000;14956622222;15456622222;10240;10228
3040;14966679000;14956622222;15456622222;10240;10228
3041;14966685000;14956622222;15456622222;10240;10228
3042;14966690000;14956622222;15456622222;10240;10228
3043;14966783000;14956622222;15456622222;10240;10228
3044;14966793000;14956622222;15456622222;10240;10228
3045;14966798000;14956622222;15456622222;10240;10228
3046;14966816000;14956711111;15456711111;10240;10228
3036;14966888000;14915344444;15415344444;10240;10228
3037;14967039000;14915344444;15415344444;10240;10228
3038;14967289000;14915344444;15415344444;10240;10228
3039;14967308000;14956622222;15456622222;10240;10228
3040;14967483000;14956622222;15456622222;10240;10228
3041;14967503000;14956622222;15456622222;10240;10228
3044;14967688000;14956622222;15456622222;10240;10228
3045;14967708000;14956622222;15456622222;10240;10228
3046;14967885000;14956711111;15456711111;10240;10228
3042;14988337000;14956622222;15456622222;10240;10228
3043;14988536000;14956622222;15456622222;10240;10228
3047;15008319000;14956977777;15456977777;10240;10228
3048;15008329000;14956977777;15456977777;10240;10228
3049;15008334000;14956977777;15456977777;10240;10228
3050;15008338000;14998288888;15498288888;10240;10228
3051;15008345000;14998288888;15498288888;10240;10228
3052;15008350000;14998288888;15498288888;10240;10228
3053;15008355000;14998288888;15498288888;10240;10228
3054;15008364000;14998288888;15498288888;10240;10228
3055;15008422000;14998288888;15498288888;10240;10228
3056;15008432000;14998288888;15498288888;10240;10228
3057;15008437000;14998366666;15498366666;10240;10228
3047;15008538000;14956977777;15456977777;10240;10228
3048;15008730000;14956977777;15456977777;10240;10228
3049;15008929000;14956977777;15456977777;10240;10228
3050;15008939000;14998288888;15498288888;10240;10228
3051;15009146000;14998288888;15498288888;10240;10228
3052;15009155000;14998288888;15498288888;10240;10228
3053;15009348000;14998288888;15498288888;10240;10228
3054;15009358000;14998288888;15498288888;10240;10228
3055;15009548000;14998288888;15498288888;10240;10228
3056;15009736000;14998288888;15498288888;10240;10228
3057;15009742000;14998366666;15498366666;10240;10228
3058;15050015000;14998688888;15498688888;10240;10228
3059;15050026000;14998688888;15498688888;10240;10228
3060;15050032000;14998688888;15498688888;10240;10228
3061;15050036000;15039988888;15539988888;10240;10228
3062;15050051000;15039988888;15539988888;10240;10228
3063;15050066000;15039988888;15539988888;10240;10228
3064;15050071000;15039988888;15539988888;10240;10228
3065;15050100000;15039988888;15539988888;10240;10228
3066;15050107000;15039988888;15539988888;10240;10228
3067;15050111000;15039988888;15539988888;10240;10228
3068;15050116000;15040066666;15540066666;10240;10228
3058;15050228000;14998688888;15498688888;10240;10228
3059;15050452000;14998688888;15498688888;10240;10228
3060;15050473000;14998688888;15498688888;10240;10228
3061;15050634000;15039988888;15539988888;10240;10228
3062;15050832000;15039988888;15539988888;10240;10228
3063;15050842000;15039988888;15539988888;10240;10228
3064;15051020000;15039988888;15539988888;10240;10228
3065;15051248000;15039988888;15539988888;10240;10228
3066;15051269000;15039988888;15539988888;10240;10228
3067;15051445000;15039988888;15539988888;10240;10228
3068;15051466000;15040066666;15540066666;10240;10228
3069;15091655000;15040388888;15540388888;10240;10228
3070;15091666000;15040388888;15540388888;10240;10228
3071;15091672000;15040388888;15540388888;10240;10228
3072;15091677000;15081622222;15581622222;10240;10228
3073;15091682000;15081622222;15581622222;10240;10228
3074;15091689000;15081622222;15581622222;10240;10228
3075;15091694000;15081622222;15581622222;10240;10228
3076;15091755000;15081622222;15581622222;10240;10228
3077;15091767000;15081622222;15581622222;10240;10228
3078;15091772000;15081622222;15581622222;10240;10228
3079;15091777000;15081711111;15581711111;10240;10228
3069;15091854000;15040388888;15540388888;10240;10228
3070;15092059000;15040388888;15540388888;10240;10228
3071;15092270000;15040388888;15540388888;10240;10228
3072;15092281000;15081622222;15581622222;10240;10228
3073;15092475000;15081622222;15581622222;10240;10228
3074;15092486000;15081622222;15581622222;10240;10228
3075;15092674000;15081622222;15581622222;10240;10228
3076;15092693000;15081622222;15581622222;10240;10228
3077;15092877000;15081622222;15581622222;10240;10228
3078;15093074000;15081622222;15581622222;10240;10228
3079;15093095000;15081711111;15581711111;10240;10228
3080;15133347000;15081988888;15581988888;10240;10228
3081;15133359000;15081988888;15581988888;10240;10228
3082;15133364000;15081988888;15581988888;10240;10228
3083;15133370000;15123322222;15623322222;10240;10228
3084;15133374000;15123322222;15623322222;10240;10228
3085;15133380000;15123322222;15623322222;10240;10228
3086;15133385000;15123322222;15623322222;10240;10228
3087;15133482000;15123322222;15623322222;10240;10228
3088;15133494000;15123322222;15623322222;10240;10228
3089;15133509000;15123322222;15623322222;10240;10228
3090;15133513000;15123400000;15623400000;10240;10228
3080;15133584000;15081988888;15581988888;10240;10228
3081;15133766000;15081988888;15581988888;10240;10228
3082;15133956000;15081988888;15581988888;10240;10228
3083;15133968000;15123322222;15623322222;10240;10228
3084;15134187000;15123322222;15623322222;10240;10228
3085;15134208000;15123322222;15623322222;10240;10228
3086;15134386000;15123322222;15623322222;10240;10228
3087;15134405000;15123322222;15623322222;10240;10228
3088;15134598000;15123322222;15623322222;10240;10228
3089;15134794000;15123322222;15623322222;10240;10228
3090;15134814000;15123400000;15623400000;10240;10228
3091;15174986000;15123677777;15623677777;10240;10228
3092;15174997000;15123677777;15623677777;10240;10228
3093;15175010000;15123677777;15623677777;10240;10228
3094;15175014000;15164955555;15664955555;10240;10228
3095;15175018000;15164955555;15664955555;10240;10228
3096;15175023000;15164955555;15664955555;10240;10228
3097;15175028000;15164955555;15664955555;10240;10228
3098;15175122000;15164955555;15664955555;10240;10228
3099;15175131000;15164955555;15664955555;10240;10228
3100;15175146000;15164955555;15664955555;10240;10228
3101;15175150000;15165044444;15665044444;10240;10228
3091;15175219000;15123677777;15623677777;10240;10228
3092;15175422000;15123677777;15623677777;10240;10228
3093;15175441000;15123677777;15623677777;10240;10228
3094;15175624000;15164955555;15664955555;10240;10228
3095;15175819000;15164955555;15664955555;10240;10228
3096;15175831000;15164955555;15664955555;10240;10228
3097;15175986000;15164955555;15664955555;10240;10228
3098;15176230000;15164955555;15664955555;10240;10228
3099;15176248000;15164955555;15664955555;10240;10228
3100;15176431000;15164955555;15664955555;10240;10228
3101;15176451000;15165044444;15665044444;10240;10228
3102;15216626000;15165333333;15665333333;10240;10228
3103;15216637000;15165333333;15665333333;10240;10228
3104;15216641000;15165333333;15665333333;10240;10228
3105;15216646000;15206622222;15706622222;10240;10228
3106;15216655000;15206622222;15706622222;10240;10228
3107;15216662000;15206622222;15706622222;10240;10228
3108;15216666000;15206622222;15706622222;10240;10228
3109;15216759000;15206622222;15706622222;10240;10228
3110;15216769000;15206622222;15706622222;10240;10228
3111;15216774000;15206622222;15706622222;10240;10228
3112;15216777000;15206700000;15706700000;10240;10228
3102;15216912000;15165333333;15665333333;10240;10228
3103;15217026000;15165333333;15665333333;10240;10228
3104;15217282000;15165333333;15665333333;10240;10228
3105;15217304000;15206622222;15706622222;10240;10228
3106;15217478000;15206622222;15706622222;10240;10228
3107;15217499000;15206622222;15706622222;10240;10228
3108;15217682000;15206622222;15706622222;10240;10228
3109;15217703000;15206622222;15706622222;10240;10228
3110;15217881000;15206622222;15706622222;10240;10228
3111;15218062000;15206622222;15706622222;10240;10228
3112;15218080000;15206700000;15706700000;10240;10228
3113;15258330000;15206977777;15706977777;10240;10228
3114;15258343000;15206977777;15706977777;10240;10228
3115;15258352000;15206977777;15706977777;10240;10228
3116;15258359000;15248288888;15748288888;10240;10228
3117;15258366000;15248288888;15748288888;10240;10228
3118;15258390000;15248288888;15748288888;10240;10228
3119;15258400000;15248288888;15748288888;10240;10228
3120;15258412000;15248288888;15748288888;10240;10228
3121;15258420000;15248288888;15748288888;10240;10228
3122;15258429000;15248288888;15748288888;10240;10228
3123;15258436000;15248377777;15748377777;10240;10228
3113;15258537000;15206977777;15706977777;10240;10228
3114;15258698000;15206977777;15706977777;10240;10228
3115;15258947000;15206977777;15706977777;10240;10228
3116;15258957000;15248288888;15748288888;10240;10228
3117;15259159000;15248288888;15748288888;10240;10228
3118;15259170000;15248288888;15748288888;10240;10228
3119;15259362000;15248288888;15748288888;10240;10228
3120;15259382000;15248288888;15748288888;10240;10228
3121;15259568000;15248288888;15748288888;10240;10228
3122;15259766000;15248288888;15748288888;10240;10228
3123;15259784000;15248377777;15748377777;10240;10228
3124;15299974000;15248677777;15748677777;10240;10228
3125;15299987000;15248677777;15748677777;10240;10228
3126;15299996000;15248677777;15748677777;10240;10228
3127;15300015000;15289966666;15789966666;10240;10228
3128;15300025000;15289966666;15789966666;10240;10228
3129;15300032000;15289966666;15789966666;10240;10228
3130;15300072000;15289966666;15789966666;10240;10228
3131;15300082000;15289966666;15789966666;10240;10228
3132;15300098000;15289966666;15789966666;10240;10228
3133;15300110000;15289966666;15789966666;10240;10228
3134;15300118000;15290055555;15790055555;10240;10228
3124;15300174000;15248677777;15748677777;10240;10228
3125;15300373000;15248677777;15748677777;10240;10228
3126;15300572000;15248677777;15748677777;10240;10228
3127;15300578000;15289966666;15789966666;10240;10228
3128;15300830000;15289966666;15789966666;10240;10228
3129;15300840000;15289966666;15789966666;10240;10228
3130;15301025000;15289966666;15789966666;10240;10228
3131;15301034000;15289966666;15789966666;10240;10228
3132;15301237000;15289966666;15789966666;10240;10228
3133;15301433000;15289966666;15789966666;10240;10228
3134;15301453000;15290055555;15790055555;10240;10228
3135;15341643000;15290388888;15790388888;10240;10228
3136;15341672000;15290388888;15790388888;10240;10228
3137;15341684000;15290388888;15790388888;10240;10228
3138;15341692000;15331622222;15831622222;10240;10228
3139;15341702000;15331622222;15831622222;10240;10228
3140;15341723000;15331622222;15831622222;10240;10228
3141;15341733000;15331622222;15831622222;10240;10228
3142;15341740000;15331622222;15831622222;10240;10228
3143;15341753000;15331622222;15831622222;10240;10228
3144;15341762000;15331622222;15831622222;10240;10228
3145;15341770000;15331711111;15831711111;10240;10228
3135;15341837000;15290388888;15790388888;10240;10228
3136;15342017000;15290388888;15790388888;10240;10228
3137;15342224000;15290388888;15790388888;10240;10228
3138;15342229000;15331622222;15831622222;10240;10228
3139;15342452000;15331622222;15831622222;10240;10228
3140;15342461000;15331622222;15831622222;10240;10228
3141;15342655000;15331622222;15831622222;10240;10228
3142;15342859000;15331622222;15831622222;10240;10228
3143;15342870000;15331622222;15831622222;10240;10228
3144;15343039000;15331622222;15831622222;10240;10228
3145;15343053000;15331711111;15831711111;10240;10228
3146;15383301000;15331977777;15831977777;10240;10228
3147;15383315000;15331977777;15831977777;10240;10228
3148;15383337000;15331977777;15831977777;10240;10228
3149;15383347000;15373288888;15873288888;10240;10228
3150;15383356000;15373288888;15873288888;10240;10228
3151;15383363000;15373288888;15873288888;10240;10228
3152;15383371000;15373288888;15873288888;10240;10228
3153;15383394000;15373288888;15873288888;10240;10228
3154;15383404000;15373288888;15873288888;10240;10228
3155;15383410000;15373288888;15873288888;10240;10228
3156;15383420000;15373377777;15873377777;10240;10228
3146;15383506000;15331977777;15831977777;10240;10228
3147;15383707000;15331977777;15831977777;10240;10228
3148;15383886000;15331977777;15831977777;10240;10228
3149;15383892000;15373288888;15873288888;10240;10228
3150;15384124000;15373288888;15873288888;10240;10228
3151;15384135000;15373288888;15873288888;10240;10228
3152;15384321000;15373288888;15873288888;10240;10228
3153;15384523000;15373288888;15873288888;10240;10228
3154;15384535000;15373288888;15873288888;10240;10228
3155;15384728000;15373288888;15873288888;10240;10228
3156;15384739000;15373377777;15873377777;10240;10228
3157;15424968000;15373677777;15873677777;10240;10228
3158;15424986000;15373677777;15873677777;10240;10228
3159;15424995000;15373677777;15873677777;10240;10228
3160;15425009000;15414955555;15914955555;10240;10228
3161;15425019000;15414955555;15914955555;10240;10228
3162;15425027000;15414955555;15914955555;10240;10228
3163;15425051000;15414955555;15914955555;10240;10228
3164;15425072000;15414955555;15914955555;10240;10228
3165;15425082000;15414955555;15914955555;10240;10228
3166;15425089000;15414955555;15914955555;10240;10228
3167;15425098000;15415044444;15915044444;10240;10228
3157;15425175000;15373677777;15873677777;10240;10228
3158;15425349000;15373677777;15873677777;10240;10228
3159;15425576000;15373677777;15873677777;10240;10228
3160;15425587000;15414955555;15914955555;10240;10228
3161;15425781000;15414955555;15914955555;10240;10228
3162;15425792000;15414955555;15914955555;10240;10228
3163;15425985000;15414955555;15914955555;10240;10228
3164;15426196000;15414955555;15914955555;10240;10228
3165;15426207000;15414955555;15914955555;10240;10228
3166;15426372000;15414955555;15914955555;10240;10228
3167;15426377000;15415044444;15915044444;10240;10228
3168;15466633000;15415377777;15915377777;10240;10228
3169;15466647000;15415377777;15915377777;10240;10228
3170;15466664000;15415377777;15915377777;10240;10228
3171;15466674000;15456633333;15956633333;10240;10228
3172;15466688000;15456633333;15956633333;10240;10228
3173;15466698000;15456633333;15956633333;10240;10228
3174;15466728000;15456633333;15956633333;10240;10228
3175;15466747000;15456633333;15956633333;10240;10228
3176;15466756000;15456633333;15956633333;10240;10228
3177;15466764000;15456633333;15956633333;10240;10228
3178;15466772000;15456711111;15956711111;10240;10228
3168;15466822000;15415377777;15915377777;10240;10228
3169;15467017000;15415377777;15915377777;10240;10228
3170;15467222000;15415377777;15915377777;10240;10228
3171;15467228000;15456633333;15956633333;10240;10228
3172;15467425000;15456633333;15956633333;10240;10228
3173;15467436000;15456633333;15956633333;10240;10228
3174;15467629000;15456633333;15956633333;10240;10228
3175;15467835000;15456633333;15956633333;10240;10228
3176;15467841000;15456633333;15956633333;10240;10228
3177;15468037000;15456633333;15956633333;10240;10228
3178;15468042000;15456711111;15956711111;10240;10228
3179;15508301000;15456988888;15956988888;10240;10228
3180;15508315000;15456988888;15956988888;10240;10228
3181;15508323000;15456988888;15956988888;10240;10228
3182;15508345000;15498300000;15998300000;10240;10228
3183;15508355000;15498300000;15998300000;10240;10228
3184;15508363000;15498300000;15998300000;10240;10228
3185;15508371000;15498300000;15998300000;10240;10228
3186;15508395000;15498300000;15998300000;10240;10228
3187;15508404000;15498300000;15998300000;10240;10228
3188;15508411000;15498300000;15998300000;10240;10228
3189;15508419000;15498377777;15998377777;10240;10228
3179;15508485000;15456988888;15956988888;10240;10228
3180;15508683000;15456988888;15956988888;10240;10228
3181;15508888000;15456988888;15956988888;10240;10228
3182;15508896000;15498300000;15998300000;10240;10228
3183;15509096000;15498300000;15998300000;10240;10228
3184;15509104000;15498300000;15998300000;10240;10228
3185;15509299000;15498300000;15998300000;10240;10228
3186;15509505000;15498300000;15998300000;10240;10228
3187;15509509000;15498300000;15998300000;10240;10228
3188;15509710000;15498300000;15998300000;10240;10228
3189;15509714000;15498377777;15998377777;10240;10228
3190;15549970000;15498711111;15998711111;10240;10228
3191;15549985000;15498711111;15998711111;10240;10228
3192;15549995000;15498711111;15998711111;10240;10228
3193;15550005000;15539966666;16039966666;10240;10228
3194;15550023000;15539966666;16039966666;10240;10228
3195;15550033000;15539966666;16039966666;10240;10228
3196;15550040000;15539966666;16039966666;10240;10228
3197;15550074000;15539966666;16039966666;10240;10228
3198;15550083000;15539966666;16039966666;10240;10228
3199;15550090000;15539966666;16039966666;10240;10228
3200;15550097000;15540044444;16040044444;10240;10228
3190;15550151000;15498711111;15998711111;10240;10228
3191;15550348000;15498711111;15998711111;10240;10228
3192;15550553000;15498711111;15998711111;10240;10228
3193;15550560000;15539966666;16039966666;10240;10228
3194;15550758000;15539966666;16039966666;10240;10228
3195;15550765000;15539966666;16039966666;10240;10228
3196;15550963000;15539966666;16039966666;10240;10228
3197;15551171000;15539966666;16039966666;10240;10228
3198;15551175000;15539966666;16039966666;10240;10228
3199;15551374000;15539966666;16039966666;10240;10228
3200;15551378000;15540044444;16040044444;10240;10228
3201;15591643000;15540344444;16040344444;10240;10228
3202;15591656000;15540344444;16040344444;10240;10228
3203;15591666000;15540344444;16040344444;10240;10228
3204;15591680000;15581622222;16081622222;10240;10228
3205;15591691000;15581622222;16081622222;10240;10228
3206;15591712000;15581622222;16081622222;10240;10228
3207;15591725000;15581622222;16081622222;10240;10228
3208;15591734000;15581622222;16081622222;10240;10228
3209;15591741000;15581622222;16081622222;10240;10228
3210;15591758000;15581622222;16081622222;10240;10228
3211;15591766000;15581700000;16081700000;10240;10228
3201;15591806000;15540344444;16040344444;10240;10228
3202;15592003000;15540344444;16040344444;10240;10228
3203;15592211000;15540344444;16040344444;10240;10228
3204;15592224000;15581622222;16081622222;10240;10228
3205;15592415000;15581622222;16081622222;10240;10228
3206;15592419000;15581622222;16081622222;10240;10228
3207;15592616000;15581622222;16081622222;10240;10228
3208;15592820000;15581622222;16081622222;10240;10228
3209;15592828000;15581622222;16081622222;10240;10228
3210;15593023000;15581622222;16081622222;10240;10228
3211;15593030000;15581700000;16081700000;10240;10228
3212;15633314000;15581977777;16081977777;10240;10228
3213;15633331000;15581977777;16081977777;10240;10228
3214;15633341000;15581977777;16081977777;10240;10228
3215;15633347000;15623300000;16123300000;10240;10228
3216;15633367000;15623300000;16123300000;10240;10228
3217;15633376000;15623300000;16123300000;10240;10228
3218;15633394000;15623300000;16123300000;10240;10228
3219;15633403000;15623300000;16123300000;10240;10228
3220;15633413000;15623300000;16123300000;10240;10228
3221;15633422000;15623300000;16123300000;10240;10228
3222;15633434000;15623377777;16123377777;10240;10228
3212;15633494000;15581977777;16081977777;10240;10228
3213;15633691000;15581977777;16081977777;10240;10228
3214;15633900000;15581977777;16081977777;10240;10228
3215;15633905000;15623300000;16123300000;10240;10228
3216;15634127000;15623300000;16123300000;10240;10228
3217;15634138000;15623300000;16123300000;10240;10228
3218;15634330000;15623300000;16123300000;10240;10228
3219;15634510000;15623300000;16123300000;10240;10228
3220;15634516000;15623300000;16123300000;10240;10228
3221;15634714000;15623300000;16123300000;10240;10228
3222;15634720000;15623377777;16123377777;10240;10228
3223;15674970000;15623677777;16123677777;10240;10228
3224;15674985000;15623677777;16123677777;10240;10228
3226;15675010000;15664966666;16164966666;10240;10228
3227;15675032000;15664966666;16164966666;10240;10228
3228;15675039000;15664966666;16164966666;10240;10228
3229;15675065000;15664966666;16164966666;10240;10228
3230;15675083000;15664966666;16164966666;10240;10228
3231;15675091000;15664966666;16164966666;10240;10228
3232;15675102000;15664966666;16164966666;10240;10228
3233;15675114000;15665044444;16165044444;10240;10228
3223;15675152000;15623677777;16123677777;10240;10228
3224;15675353000;15623677777;16123677777;10240;10228
3225;15675557000;15623677777;16123677777;10240;10228
3226;15675578000;15664966666;16164966666;10240;10228
3227;15675762000;15664966666;16164966666;10240;10228
3228;15675769000;15664966666;16164966666;10240;10228
3230;15675965000;15664966666;16164966666;10240;10228
3231;15676174000;15664966666;16164966666;10240;10228
3232;15676179000;15664966666;16164966666;10240;10228
3233;15676375000;15665044444;16165044444;10240;10228
3225;15695223000;15623677777;16123677777;10240;10228
3229;15696609000;15664966666;16164966666;10240;10228
3234;15716636000;15665355555;16165355555;10240;10228
3235;15716651000;15665355555;16165355555;10240;10228
3236;15716660000;15665355555;16165355555;10240;10228
3237;15716667000;15706633333;16206633333;10240;10228
3238;15716675000;15706633333;16206633333;10240;10228
3239;15716699000;15706633333;16206633333;10240;10228
3240;15716708000;15706633333;16206633333;10240;10228
3241;15716715000;15706633333;16206633333;10240;10228
3242;15716723000;15706633333;16206633333;10240;10228
3243;15716745000;15706633333;16206633333;10240;10228
3244;15716754000;15706711111;16206711111;10240;10228
3234;15716866000;15665355555;16165355555;10240;10228
3235;15717075000;15665355555;16165355555;10240;10228
3236;15717082000;15665355555;16165355555;10240;10228
3237;15717286000;15706633333;16206633333;10240;10228
3238;15717498000;15706633333;16206633333;10240;10228
3239;15717518000;15706633333;16206633333;10240;10228
3240;15717690000;15706633333;16206633333;10240;10228
3241;15717709000;15706633333;16206633333;10240;10228
3243;15717886000;15706633333;16206633333;10240;10228
3244;15717897000;15706711111;16206711111;10240;10228
3245;15758333000;15707033333;16207033333;10240;10228
3246;15758349000;15707033333;16207033333;10240;10228
3247;15758357000;15707033333;16207033333;10240;10228
3248;15758378000;15748322222;16248322222;10240;10228
3249;15758398000;15748322222;16248322222;10240;10228
3250;15758406000;15748322222;16248322222;10240;10228
3251;15758412000;15748322222;16248322222;10240;10228
3252;15758420000;15748322222;16248322222;10240;10228
3253;15758431000;15748322222;16248322222;10240;10228
3254;15758439000;15748322222;16248322222;10240;10228
3255;15758448000;15748400000;16248400000;10240;10228
3245;15758538000;15707033333;16207033333;10240;10228
3246;15758729000;15707033333;16207033333;10240;10228
3247;15758934000;15707033333;16207033333;10240;10228
3248;15758944000;15748322222;16248322222;10240;10228
3249;15759149000;15748322222;16248322222;10240;10228
3250;15759163000;15748322222;16248322222;10240;10228
3251;15759352000;15748322222;16248322222;10240;10228
3252;15759367000;15748322222;16248322222;10240;10228
3253;15759548000;15748322222;16248322222;10240;10228
3254;15759753000;15748322222;16248322222;10240;10228
3255;15759761000;15748400000;16248400000;10240;10228
3242;15779165000;15706633333;16206633333;10240;10228
3256;15799962000;15748711111;16248711111;10240;10228
3257;15799972000;15748711111;16248711111;10240;10228
3258;15799979000;15748711111;16248711111;10240;10228
3259;15800020000;15789966666;16289966666;10240;10228
3260;15800039000;15789966666;16289966666;10240;10228
3261;15800075000;15789966666;16289966666;10240;10228
3262;15800096000;15789966666;16289966666;10240;10228
3263;15800103000;15789966666;16289966666;10240;10228
3264;15800112000;15789966666;16289966666;10240;10228
3265;15800120000;15789966666;16289966666;10240;10228
3266;15800128000;15790044444;16290044444;10240;10228
3256;15800173000;15748711111;16248711111;10240;10228
3257;15800373000;15748711111;16248711111;10240;10228
3258;15800578000;15748711111;16248711111;10240;10228
3259;15800591000;15789966666;16289966666;10240;10228
3260;15800774000;15789966666;16289966666;10240;10228
3261;15800783000;15789966666;16289966666;10240;10228
3262;15800979000;15789966666;16289966666;10240;10228
3263;15800987000;15789966666;16289966666;10240;10228
3264;15801193000;15789966666;16289966666;10240;10228
3265;15801390000;15789966666;16289966666;10240;10228
3266;15801395000;15790044444;16290044444;10240;10228
3267;15841636000;15790366666;16290366666;10240;10228
3268;15841647000;15790366666;16290366666;10240;10228
3269;15841654000;15790366666;16290366666;10240;10228
3270;15841684000;15831622222;16331622222;10240;10228
3271;15841694000;15831622222;16331622222;10240;10228
3273;15841701000;15831622222;16331622222;10240;10228
3274;15841721000;15831622222;16331622222;10240;10228
3275;15841752000;15831622222;16331622222;10240;10228
3276;15841762000;15831622222;16331622222;10240;10228
3277;15841770000;15831711111;16331711111;10240;10228
3267;15841849000;15790366666;16290366666;10240;10228
3268;15842039000;15790366666;16290366666;10240;10228
3269;15842253000;15790366666;16290366666;10240;10228
3270;15842266000;15831622222;16331622222;10240;10228
3271;15842450000;15831622222;16331622222;10240;10228
3272;15842455000;15831622222;16331622222;10240;10228
3273;15842652000;15831622222;16331622222;10240;10228
3274;15842660000;15831622222;16331622222;10240;10228
3275;15842855000;15831622222;16331622222;10240;10228
3276;15843058000;15831622222;16331622222;10240;10228
3277;15843064000;15831711111;16331711111;10240;10228
3278;15883292000;15831966666;16331966666;10240;10228
3279;15883301000;15831966666;16331966666;10240;10228
3280;15883311000;15831966666;16331966666;10240;10228
3282;15883341000;15873300000;16373300000;10240;10228
3283;15883364000;15873300000;16373300000;10240;10228
3284;15883378000;15873300000;16373300000;10240;10228
3285;15883396000;15873300000;16373300000;10240;10228
3286;15883402000;15873300000;16373300000;10240;10228
3287;15883412000;15873300000;16373300000;10240;10228
3288;15883420000;15873377777;16373377777;10240;10228
3278;15883505000;15831966666;16331966666;10240;10228
3279;15883697000;15831966666;16331966666;10240;10228
3280;15883901000;15831966666;16331966666;10240;10228
3281;15883907000;15873300000;16373300000;10240;10228
3282;15884118000;15873300000;16373300000;10240;10228
3283;15884132000;15873300000;16373300000;10240;10228
3284;15884319000;15873300000;16373300000;10240;10228
3285;15884335000;15873300000;16373300000;10240;10228
3286;15884516000;15873300000;16373300000;10240;10228
3287;15884719000;15873300000;16373300000;10240;10228
3272;15903726000;15831622222;16331622222;10240;10228
3289;15924977000;15873677777;16373677777;10240;10228
3290;15924993000;15873677777;16373677777;10240;10228
3291;15925001000;15873677777;16373677777;10240;10228
3292;15925012000;15914966666;16414966666;10240;10228
3293;15925019000;15914966666;16414966666;10240;10228
3294;15925053000;15914966666;16414966666;10240;10228
3295;15925073000;15914966666;16414966666;10240;10228
3296;15925103000;15914966666;16414966666;10240;10228
3297;15925112000;15914966666;16414966666;10240;10228
3298;15925120000;15914966666;16414966666;10240;10228
3299;15925127000;15915044444;16415044444;10240;10228
3289;15925205000;15873677777;16373677777;10240;10228
3290;15925417000;15873677777;16373677777;10240;10228
3291;15925437000;15873677777;16373677777;10240;10228
3292;15925623000;15914966666;16414966666;10240;10228
3293;15925817000;15914966666;16414966666;10240;10228
3294;15925838000;15914966666;16414966666;10240;10228
3295;15926022000;15914966666;16414966666;10240;10228
3296;15926033000;15914966666;16414966666;10240;10228
3297;15926234000;15914966666;16414966666;10240;10228
3298;15926391000;15914966666;16414966666;10240;10228
3299;15926399000;15915044444;16415044444;10240;10228
3288;15945758000;15873377777;16373377777;10240;10228
3300;15966632000;15915366666;16415366666;10240;10228
3301;15966646000;15915366666;16415366666;10240;10228
3302;15966655000;15915366666;16415366666;10240;10228
3303;15966679000;15956633333;16456633333;10240;10228
3304;15966688000;15956633333;16456633333;10240;10228
3305;15966696000;15956633333;16456633333;10240;10228
3306;15966704000;15956633333;16456633333;10240;10228
3307;15966725000;15956633333;16456633333;10240;10228
3308;15966735000;15956633333;16456633333;10240;10228
3309;15966742000;15956633333;16456633333;10240;10228
3310;15966752000;15956711111;16456711111;10240;10228
3300;15966840000;15915366666;16415366666;10240;10228
3301;15967032000;15915366666;16415366666;10240;10228
3302;15967245000;15915366666;16415366666;10240;10228
3303;15967259000;15956633333;16456633333;10240;10228
3304;15967448000;15956633333;16456633333;10240;10228
3305;15967462000;15956633333;16456633333;10240;10228
3306;15967645000;15956633333;16456633333;10240;10228
3307;15967654000;15956633333;16456633333;10240;10228
3308;15967850000;15956633333;16456633333;10240;10228
3309;15968038000;15956633333;16456633333;10240;10228
3310;15968047000;15956711111;16456711111;10240;10228
3281;15987068000;15873300000;16373300000;10240;10228
3311;16008367000;15957000000;16457000000;10240;10228
3312;16008383000;15957000000;16457000000;10240;10228
3313;16008392000;15957000000;16457000000;10240;10228
3314;16008400000;15998288888;16498288888;10240;10228
3315;16008410000;15998288888;16498288888;10240;10228
3316;16008419000;15998288888;16498288888;10240;10228
3317;16008428000;15998288888;16498288888;10240;10228
3318;16008438000;15998288888;16498288888;10240;10228
3319;16008445000;15998288888;16498288888;10240;10228
3311;16008532000;15957000000;16457000000;10240;10228
3320;16008643000;15998288888;16498288888;10240;10228
3321;16008654000;15998377777;16498377777;10240;10228
3312;16008732000;15957000000;16457000000;10240;10228
3313;16008739000;15957000000;16457000000;10240;10228
3314;16008935000;15998288888;16498288888;10240;10228
3315;16009149000;15998288888;16498288888;10240;10228
3316;16009155000;15998288888;16498288888;10240;10228
3317;16009353000;15998288888;16498288888;10240;10228
3318;16009360000;15998288888;16498288888;10240;10228
3319;16009550000;15998288888;16498288888;10240;10228
3320;16009759000;15998288888;16498288888;10240;10228
3321;16009764000;15998377777;16498377777;10240;10228
3322;16049975000;15998688888;16498688888;10240;10228
3323;16049989000;15998688888;16498688888;10240;10228
3324;16049997000;15998688888;16498688888;10240;10228
3325;16050015000;16039955555;16539955555;10240;10228
3326;16050036000;16039955555;16539955555;10240;10228
3327;16050053000;16039955555;16539955555;10240;10228
3328;16050073000;16039955555;16539955555;10240;10228
3329;16050080000;16039955555;16539955555;10240;10228
3330;16050099000;16039955555;16539955555;10240;10228
3331;16050108000;16039955555;16539955555;10240;10228
3332;16050120000;16040033333;16540033333;10240;10228
3322;16050218000;15998688888;16498688888;10240;10228
3323;16050413000;15998688888;16498688888;10240;10228
3324;16050434000;15998688888;16498688888;10240;10228
3325;16050612000;16039955555;16539955555;10240;10228
3326;16050819000;16039955555;16539955555;10240;10228
3327;16050828000;16039955555;16539955555;10240;10228
3328;16050985000;16039955555;16539955555;10240;10228
3329;16051232000;16039955555;16539955555;10240;10228
3330;16051253000;16039955555;16539955555;10240;10228
3331;16051429000;16039955555;16539955555;10240;10228
3332;16051450000;16040033333;16540033333;10240;10228
3333;16091634000;16040366666;16540366666;10240;10228
3334;16091651000;16040366666;16540366666;10240;10228
3335;16091660000;16040366666;16540366666;10240;10228
3336;16091679000;16081633333;16581633333;10240;10228
3337;16091690000;16081633333;16581633333;10240;10228
3338;16091698000;16081633333;16581633333;10240;10228
3339;16091720000;16081633333;16581633333;10240;10228
3340;16091729000;16081633333;16581633333;10240;10228
3341;16091737000;16081633333;16581633333;10240;10228
3342;16091745000;16081633333;16581633333;10240;10228
3343;16091754000;16081711111;16581711111;10240;10228
3333;16091838000;16040366666;16540366666;10240;10228
3334;16092030000;16040366666;16540366666;10240;10228
3335;16092247000;16040366666;16540366666;10240;10228
3336;16092259000;16081633333;16581633333;10240;10228
3337;16092439000;16081633333;16581633333;10240;10228
3338;16092446000;16081633333;16581633333;10240;10228
3339;16092642000;16081633333;16581633333;10240;10228
3340;16092651000;16081633333;16581633333;10240;10228
3341;16092847000;16081633333;16581633333;10240;10228
3342;16093036000;16081633333;16581633333;10240;10228
3344;16133286000;16082011111;16582011111;10240;10228
3345;16133296000;16082011111;16582011111;10240;10228
3346;16133305000;16082011111;16582011111;10240;10228
3347;16133332000;16123300000;16623300000;10240;10228
3348;16133342000;16123300000;16623300000;10240;10228
3349;16133349000;16123300000;16623300000;10240;10228
3350;16133358000;16123300000;16623300000;10240;10228
3351;16133379000;16123300000;16623300000;10240;10228
3352;16133388000;16123300000;16623300000;10240;10228
3353;16133395000;16123300000;16623300000;10240;10228
3354;16133403000;16123377777;16623377777;10240;10228
3344;16133496000;16082011111;16582011111;10240;10228
3345;16133685000;16082011111;16582011111;10240;10228
3346;16133892000;16082011111;16582011111;10240;10228
3347;16133896000;16123300000;16623300000;10240;10228
3348;16134119000;16123300000;16623300000;10240;10228
3349;16134131000;16123300000;16623300000;10240;10228
3350;16134308000;16123300000;16623300000;10240;10228
3351;16134322000;16123300000;16623300000;10240;10228
3352;16134503000;16123300000;16623300000;10240;10228
3353;16134711000;16123300000;16623300000;10240;10228
3354;16134717000;16123377777;16623377777;10240;10228
3343;16154258000;16081711111;16581711111;10240;10228
3355;16174961000;16123677777;16623677777;10240;10228
3356;16174974000;16123677777;16623677777;10240;10228
3357;16174981000;16123677777;16623677777;10240;10228
3358;16175011000;16164955555;16664955555;10240;10228
3359;16175021000;16164955555;16664955555;10240;10228
3360;16175030000;16164955555;16664955555;10240;10228
3361;16175037000;16164955555;16664955555;10240;10228
3362;16175080000;16164955555;16664955555;10240;10228
3363;16175100000;16164955555;16664955555;10240;10228
3364;16175107000;16164955555;16664955555;10240;10228
3365;16175114000;16165033333;16665033333;10240;10228
3355;16175210000;16123677777;16623677777;10240;10228
3356;16175417000;16123677777;16623677777;10240;10228
3357;16175436000;16123677777;16623677777;10240;10228
3358;16175620000;16164955555;16664955555;10240;10228
3359;16175815000;16164955555;16664955555;10240;10228
3360;16175836000;16164955555;16664955555;10240;10228
3361;16176020000;16164955555;16664955555;10240;10228
3362;16176031000;16164955555;16664955555;10240;10228
3363;16176233000;16164955555;16664955555;10240;10228
3364;16176430000;16164955555;16664955555;10240;10228
3365;16176452000;16165033333;16665033333;10240;10228
3366;16216613000;16165344444;16665344444;10240;10228
3367;16216627000;16165344444;16665344444;10240;10228
3368;16216657000;16165344444;16665344444;10240;10228
3369;16216668000;16206622222;16706622222;10240;10228
3370;16216676000;16206622222;16706622222;10240;10228
3371;16216686000;16206622222;16706622222;10240;10228
3372;16216708000;16206622222;16706622222;10240;10228
3373;16216718000;16206622222;16706622222;10240;10228
3374;16216726000;16206622222;16706622222;10240;10228
3375;16216735000;16206622222;16706622222;10240;10228
3376;16216751000;16206700000;16706700000;10240;10228
3366;16216847000;16165344444;16665344444;10240;10228
3367;16217038000;16165344444;16665344444;10240;10228
3368;16217230000;16165344444;16665344444;10240;10228
3369;16217237000;16206622222;16706622222;10240;10228
3370;16217456000;16206622222;16706622222;10240;10228
3371;16217470000;16206622222;16706622222;10240;10228
3372;16217652000;16206622222;16706622222;10240;10228
3373;16217661000;16206622222;16706622222;10240;10228
3374;16217855000;16206622222;16706622222;10240;10228
3375;16218052000;16206622222;16706622222;10240;10228
3376;16218058000;16206700000;16706700000;10240;10228
3377;16258291000;16206988888;16706988888;10240;10228
3378;16258301000;16206988888;16706988888;10240;10228
3379;16258307000;16206988888;16706988888;10240;10228
3380;16258339000;16248288888;16748288888;10240;10228
3381;16258350000;16248288888;16748288888;10240;10228
3382;16258358000;16248288888;16748288888;10240;10228
3383;16258366000;16248288888;16748288888;10240;10228
3384;16258390000;16248288888;16748288888;10240;10228
3385;16258399000;16248288888;16748288888;10240;10228
3386;16258411000;16248288888;16748288888;10240;10228
3387;16258419000;16248366666;16748366666;10240;10228
3377;16258512000;16206988888;16706988888;10240;10228
3378;16258707000;16206988888;16706988888;10240;10228
3379;16258903000;16206988888;16706988888;10240;10228
3380;16258912000;16248288888;16748288888;10240;10228
3381;16259116000;16248288888;16748288888;10240;10228
3382;16259135000;16248288888;16748288888;10240;10228
3383;16259318000;16248288888;16748288888;10240;10228
3384;16259337000;16248288888;16748288888;10240;10228
3385;16259567000;16248288888;16748288888;10240;10228
3386;16259721000;16248288888;16748288888;10240;10228
3387;16259726000;16248366666;16748366666;10240;10228
3388;16300005000;16248688888;16748688888;10240;10228
3389;16300021000;16248688888;16748688888;10240;10228
3390;16300030000;16248688888;16748688888;10240;10228
3391;16300037000;16289966666;16789966666;10240;10228
3392;16300055000;16289966666;16789966666;10240;10228
3393;16300077000;16289966666;16789966666;10240;10228
3394;16300095000;16289966666;16789966666;10240;10228
3395;16300105000;16289966666;16789966666;10240;10228
3396;16300114000;16289966666;16789966666;10240;10228
3397;16300124000;16289966666;16789966666;10240;10228
3398;16300131000;16290044444;16790044444;10240;10228
3388;16300205000;16248688888;16748688888;10240;10228
3389;16300415000;16248688888;16748688888;10240;10228
3390;16300427000;16248688888;16748688888;10240;10228
3391;16300618000;16289966666;16789966666;10240;10228
3392;16300819000;16289966666;16789966666;10240;10228
3393;16300838000;16289966666;16789966666;10240;10228
3394;16301020000;16289966666;16789966666;10240;10228
3395;16301031000;16289966666;16789966666;10240;10228
3396;16301234000;16289966666;16789966666;10240;10228
3397;16301434000;16289966666;16789966666;10240;10228
3398;16301454000;16290044444;16790044444;10240;10228
3399;16341641000;16290377777;16790377777;10240;10228
3400;16341655000;16290377777;16790377777;10240;10228
3401;16341664000;16290377777;16790377777;10240;10228
3402;16341673000;16331633333;16831633333;10240;10228
3403;16341694000;16331633333;16831633333;10240;10228
3404;16341702000;16331633333;16831633333;10240;10228
3405;16341710000;16331633333;16831633333;10240;10228
3406;16341729000;16331633333;16831633333;10240;10228
3407;16341739000;16331633333;16831633333;10240;10228
3408;16341746000;16331633333;16831633333;10240;10228
3409;16341753000;16331711111;16831711111;10240;10228
3399;16341838000;16290377777;16790377777;10240;10228
3400;16342030000;16290377777;16790377777;10240;10228
3401;16342247000;16290377777;16790377777;10240;10228
3402;16342259000;16331633333;16831633333;10240;10228
3403;16342441000;16331633333;16831633333;10240;10228
3404;16342447000;16331633333;16831633333;10240;10228
3405;16342646000;16331633333;16831633333;10240;10228
3406;16342651000;16331633333;16831633333;10240;10228
3407;16342848000;16331633333;16831633333;10240;10228
3408;16343037000;16331633333;16831633333;10240;10228
3409;16343049000;16331711111;16831711111;10240;10228
3410;16383301000;16331977777;16831977777;10240;10228
3411;16383318000;16331977777;16831977777;10240;10228
3412;16383327000;16331977777;16831977777;10240;10228
3413;16383346000;16373288888;16873288888;10240;10228
3414;16383356000;16373288888;16873288888;10240;10228
3415;16383364000;16373288888;16873288888;10240;10228
3416;16383385000;16373288888;16873288888;10240;10228
3417;16383394000;16373288888;16873288888;10240;10228
3420;16383402000;16373377777;16873377777;10240;10228
3410;16383506000;16331977777;16831977777;10240;10228
3411;16383699000;16331977777;16831977777;10240;10228
3412;16383903000;16331977777;16831977777;10240;10228
3413;16383908000;16373288888;16873288888;10240;10228
3414;16384121000;16373288888;16873288888;10240;10228
3415;16384133000;16373288888;16873288888;10240;10228
3416;16384320000;16373288888;16873288888;10240;10228
3417;16384333000;16373288888;16873288888;10240;10228
3418;16384516000;16373288888;16873288888;10240;10228
3419;16384722000;16373288888;16873288888;10240;10228
3420;16384745000;16373377777;16873377777;10240;10228
3421;16424961000;16373688888;16873688888;10240;10228
3422;16424974000;16373688888;16873688888;10240;10228
3423;16424982000;16373688888;16873688888;10240;10228
3424;16425021000;16414955555;16914955555;10240;10228
3425;16425039000;16414955555;16914955555;10240;10228
3426;16425076000;16414955555;16914955555;10240;10228
3427;16425095000;16414955555;16914955555;10240;10228
3428;16425102000;16414955555;16914955555;10240;10228
3429;16425112000;16414955555;16914955555;10240;10228
3430;16425120000;16414955555;16914955555;10240;10228
3431;16425128000;16415033333;16915033333;10240;10228
3421;16425172000;16373688888;16873688888;10240;10228
3422;16425373000;16373688888;16873688888;10240;10228
3423;16425569000;16373688888;16873688888;10240;10228
3424;16425578000;16414955555;16914955555;10240;10228
3425;16425773000;16414955555;16914955555;10240;10228
3426;16425782000;16414955555;16914955555;10240;10228
3427;16425962000;16414955555;16914955555;10240;10228
3428;16426192000;16414955555;16914955555;10240;10228
3429;16426208000;16414955555;16914955555;10240;10228
3430;16426389000;16414955555;16914955555;10240;10228
3431;16426394000;16415033333;16915033333;10240;10228
3418;16445193000;16373288888;16873288888;10240;10228
3419;16445209000;16373288888;16873288888;10240;10228
3432;16466687000;16415388888;16915388888;10240;10228
3433;16466703000;16415388888;16915388888;10240;10228
3434;16466711000;16415388888;16915388888;10240;10228
3435;16466721000;16456622222;16956622222;10240;10228
3436;16466728000;16456622222;16956622222;10240;10228
3437;16466735000;16456622222;16956622222;10240;10228
3438;16466744000;16456622222;16956622222;10240;10228
3439;16466753000;16456622222;16956622222;10240;10228
3440;16466761000;16456622222;16956622222;10240;10228
3432;16466863000;16415388888;16915388888;10240;10228
3441;16466978000;16456622222;16956622222;10240;10228
3442;16466987000;16456700000;16956700000;10240;10228
3433;16467033000;16415388888;16915388888;10240;10228
3434;16467284000;16415388888;16915388888;10240;10228
3435;16467305000;16456622222;16956622222;10240;10228
3436;16467484000;16456622222;16956622222;10240;10228
3437;16467505000;16456622222;16956622222;10240;10228
3438;16467686000;16456622222;16956622222;10240;10228
3439;16467706000;16456622222;16956622222;10240;10228
3440;16467884000;16456622222;16956622222;10240;10228
3441;16468061000;16456622222;16956622222;10240;10228
3442;16468080000;16456700000;16956700000;10240;10228
3443;16508339000;16456988888;16956988888;10240;10228
3444;16508356000;16456988888;16956988888;10240;10228
3445;16508365000;16456988888;16956988888;10240;10228
3446;16508374000;16498300000;16998300000;10240;10228
3447;16508381000;16498300000;16998300000;10240;10228
3448;16508397000;16498300000;16998300000;10240;10228
3449;16508405000;16498300000;16998300000;10240;10228
3450;16508416000;16498300000;16998300000;10240;10228
3451;16508432000;16498300000;16998300000;10240;10228
3452;16508441000;16498300000;16998300000;10240;10228
3453;16508448000;16498377777;16998377777;10240;10228
3443;16508547000;16456988888;16956988888;10240;10228
3444;16508739000;16456988888;16956988888;10240;10228
3445;16508934000;16456988888;16956988888;10240;10228
3446;16508946000;16498300000;16998300000;10240;10228
3447;16509138000;16498300000;16998300000;10240;10228
3448;16509146000;16498300000;16998300000;10240;10228
3449;16509341000;16498300000;16998300000;10240;10228
3450;16509348000;16498300000;16998300000;10240;10228
3451;16509538000;16498300000;16998300000;10240;10228
3452;16509744000;16498300000;16998300000;10240;10228
3453;16509749000;16498377777;16998377777;10240;10228
3454;16549972000;16498700000;16998700000;10240;10228
3455;16549990000;16498700000;16998700000;10240;10228
3456;16549999000;16498700000;16998700000;10240;10228
3457;16550009000;16539966666;17039966666;10240;10228
3458;16550019000;16539966666;17039966666;10240;10228
3459;16550029000;16539966666;17039966666;10240;10228
3460;16550039000;16539966666;17039966666;10240;10228
3461;16550076000;16539966666;17039966666;10240;10228
3462;16550086000;16539966666;17039966666;10240;10228
3463;16550094000;16539966666;17039966666;10240;10228
3464;16550102000;16540044444;17040044444;10240;10228
3454;16550155000;16498700000;16998700000;10240;10228
3455;16550352000;16498700000;16998700000;10240;10228
3456;16550556000;16498700000;16998700000;10240;10228
3457;16550562000;16539966666;17039966666;10240;10228
3458;16550761000;16539966666;17039966666;10240;10228
3459;16550767000;16539966666;17039966666;10240;10228
3460;16550965000;16539966666;17039966666;10240;10228
3461;16551172000;16539966666;17039966666;10240;10228
3462;16551178000;16539966666;17039966666;10240;10228
3463;16551375000;16539966666;17039966666;10240;10228
3464;16551379000;16540044444;17040044444;10240;10228
3465;16591628000;16540355555;17040355555;10240;10228
3466;16591639000;16540355555;17040355555;10240;10228
3467;16591648000;16540355555;17040355555;10240;10228
3468;16591677000;16581622222;17081622222;10240;10228
3469;16591689000;16581622222;17081622222;10240;10228
3470;16591697000;16581622222;17081622222;10240;10228
3473;16591704000;16581622222;17081622222;10240;10228
3475;16591726000;16581711111;17081711111;10240;10228
3465;16591820000;16540355555;17040355555;10240;10228
3466;16592018000;16540355555;17040355555;10240;10228
3467;16592223000;16540355555;17040355555;10240;10228
3468;16592230000;16581622222;17081622222;10240;10228
3469;16592426000;16581622222;17081622222;10240;10228
3470;16592432000;16581622222;17081622222;10240;10228
3471;16592630000;16581622222;17081622222;10240;10228
3472;16592835000;16581622222;17081622222;10240;10228
3473;16592852000;16581622222;17081622222;10240;10228
3474;16593037000;16581622222;17081622222;10240;10228
3475;16593061000;16581711111;17081711111;10240;10228
3476;16633277000;16581988888;17081988888;10240;10228
3477;16633289000;16581988888;17081988888;10240;10228
3478;16633296000;16581988888;17081988888;10240;10228
3479;16633326000;16623300000;17123300000;10240;10228
3480;16633336000;16623300000;17123300000;10240;10228
3481;16633343000;16623300000;17123300000;10240;10228
3482;16633352000;16623300000;17123300000;10240;10228
3483;16633376000;16623300000;17123300000;10240;10228
3484;16633403000;16623300000;17123300000;10240;10228
3485;16633410000;16623300000;17123300000;10240;10228
3486;16633414000;16623377777;17123377777;10240;10228
3476;16633477000;16581988888;17081988888;10240;10228
3477;16633675000;16581988888;17081988888;10240;10228
3478;16633879000;16581988888;17081988888;10240;10228
3479;16633885000;16623300000;17123300000;10240;10228
3480;16634087000;16623300000;17123300000;10240;10228
3481;16634094000;16623300000;17123300000;10240;10228
3482;16634287000;16623300000;17123300000;10240;10228
3483;16634493000;16623300000;17123300000;10240;10228
3484;16634498000;16623300000;17123300000;10240;10228
3485;16634698000;16623300000;17123300000;10240;10228
3486;16634705000;16623377777;17123377777;10240;10228
3471;16653497000;16581622222;17081622222;10240;10228
3472;16653511000;16581622222;17081622222;10240;10228
3474;16653520000;16581622222;17081622222;10240;10228
3487;16674995000;16623711111;17123711111;10240;10228
3488;16675015000;16623711111;17123711111;10240;10228
3489;16675025000;16623711111;17123711111;10240;10228
3490;16675033000;16664955555;17164955555;10240;10228
3491;16675055000;16664955555;17164955555;10240;10228
3492;16675076000;16664955555;17164955555;10240;10228
3493;16675097000;16664955555;17164955555;10240;10228
3494;16675105000;16664955555;17164955555;10240;10228
3495;16675116000;16664955555;17164955555;10240;10228
3496;16675125000;16664955555;17164955555;10240;10228
3487;16675154000;16623711111;17123711111;10240;10228
3488;16675378000;16623711111;17123711111;10240;10228
3489;16675584000;16623711111;17123711111;10240;10228
3490;16675599000;16664955555;17164955555;10240;10228
3491;16675789000;16664955555;17164955555;10240;10228
3492;16675811000;16664955555;17164955555;10240;10228
3493;16675992000;16664955555;17164955555;10240;10228
3494;16676201000;16664955555;17164955555;10240;10228
3495;16676215000;16664955555;17164955555;10240;10228
3496;16676405000;16664955555;17164955555;10240;10228
3497;16676419000;16665044444;17165044444;10240;10228
3498;16716654000;16665377777;17165377777;10240;10228
3499;16716668000;16665377777;17165377777;10240;10228
3500;16716676000;16665377777;17165377777;10240;10228
3501;16716685000;16706633333;17206633333;10240;10228
3502;16716706000;16706633333;17206633333;10240;10228
3503;16716715000;16706633333;17206633333;10240;10228
3504;16716725000;16706633333;17206633333;10240;10228
3505;16716733000;16706633333;17206633333;10240;10228
3506;16716741000;16706633333;17206633333;10240;10228
3507;16716751000;16706633333;17206633333;10240;10228
3508;16716759000;16706711111;17206711111;10240;10228
3498;16716867000;16665377777;17165377777;10240;10228
3499;16717096000;16665377777;17165377777;10240;10228
3500;16717116000;16665377777;17165377777;10240;10228
3501;16717292000;16706633333;17206633333;10240;10228
3502;16717502000;16706633333;17206633333;10240;10228
3503;16717515000;16706633333;17206633333;10240;10228
3504;16717704000;16706633333;17206633333;10240;10228
3505;16717723000;16706633333;17206633333;10240;10228
3506;16717889000;16706633333;17206633333;10240;10228
3507;16718075000;16706633333;17206633333;10240;10228
3508;16718084000;16706711111;17206711111;10240;10228
3497;16736989000;16665044444;17165044444;10240;10228
3509;16758388000;16707011111;17207011111;10240;10228
3510;16758404000;16707011111;17207011111;10240;10228
3511;16758412000;16707011111;17207011111;10240;10228
3512;16758420000;16748322222;17248322222;10240;10228
3513;16758427000;16748322222;17248322222;10240;10228
3514;16758437000;16748322222;17248322222;10240;10228
3515;16758444000;16748322222;17248322222;10240;10228
3516;16758455000;16748322222;17248322222;10240;10228
3517;16758462000;16748322222;17248322222;10240;10228
3509;16758594000;16707011111;17207011111;10240;10228
3518;16758674000;16748322222;17248322222;10240;10228
3519;16758685000;16748400000;17248400000;10240;10228
3510;16758779000;16707011111;17207011111;10240;10228
3511;16758789000;16707011111;17207011111;10240;10228
3512;16758975000;16748322222;17248322222;10240;10228
3513;16759196000;16748322222;17248322222;10240;10228
3514;16759220000;16748322222;17248322222;10240;10228
3515;16759417000;16748322222;17248322222;10240;10228
3516;16759432000;16748322222;17248322222;10240;10228
3517;16759610000;16748322222;17248322222;10240;10228
3518;16759800000;16748322222;17248322222;10240;10228
3519;16759810000;16748400000;17248400000;10240;10228
3520;16800007000;16748711111;17248711111;10240;10228
3521;16800022000;16748711111;17248711111;10240;10228
3522;16800031000;16748711111;17248711111;10240;10228
3523;16800039000;16789955555;17289955555;10240;10228
3524;16800077000;16789955555;17289955555;10240;10228
3525;16800100000;16789955555;17289955555;10240;10228
3526;16800108000;16789955555;17289955555;10240;10228
3527;16800116000;16789955555;17289955555;10240;10228
3528;16800123000;16789955555;17289955555;10240;10228
3529;16800133000;16789955555;17289955555;10240;10228
3530;16800140000;16790033333;17290033333;10240;10228
3520;16800269000;16748711111;17248711111;10240;10228
3521;16800445000;16748711111;17248711111;10240;10228
3522;16800459000;16748711111;17248711111;10240;10228
3523;16800654000;16789955555;17289955555;10240;10228
3524;16800835000;16789955555;17289955555;10240;10228
3525;16800846000;16789955555;17289955555;10240;10228
3526;16800985000;16789955555;17289955555;10240;10228
3527;16801266000;16789955555;17289955555;10240;10228
3528;16801278000;16789955555;17289955555;10240;10228
3529;16801460000;16789955555;17289955555;10240;10228
3530;16801469000;16790033333;17290033333;10240;10228
3531;16841641000;16790355555;17290355555;10240;10228
3532;16841658000;16790355555;17290355555;10240;10228
3533;16841666000;16790355555;17290355555;10240;10228
3534;16841675000;16831622222;17331622222;10240;10228
3535;16841685000;16831622222;17331622222;10240;10228
3536;16841701000;16831622222;17331622222;10240;10228
3537;16841710000;16831622222;17331622222;10240;10228
3538;16841730000;16831622222;17331622222;10240;10228
3539;16841738000;16831622222;17331622222;10240;10228
3540;16841746000;16831622222;17331622222;10240;10228
3541;16841753000;16831700000;17331700000;10240;10228
3531;16841838000;16790355555;17290355555;10240;10228
3532;16842014000;16790355555;17290355555;10240;10228
3533;16842244000;16790355555;17290355555;10240;10228
3534;16842257000;16831622222;17331622222;10240;10228
3535;16842439000;16831622222;17331622222;10240;10228
3536;16842447000;16831622222;17331622222;10240;10228
3537;16842644000;16831622222;17331622222;10240;10228
3538;16842650000;16831622222;17331622222;10240;10228
3539;16842848000;16831622222;17331622222;10240;10228
3540;16843037000;16831622222;17331622222;10240;10228
3541;16843042000;16831700000;17331700000;10240;10228
3543;16883313000;16831966666;17331966666;10240;10228
3544;16883341000;16831966666;17331966666;10240;10228
3545;16883350000;16873288888;17373288888;10240;10228
3546;16883369000;16873288888;17373288888;10240;10228
3547;16883382000;16873288888;17373288888;10240;10228
3548;16883404000;16873288888;17373288888;10240;10228
3549;16883413000;16873288888;17373288888;10240;10228
3550;16883423000;16873288888;17373288888;10240;10228
3551;16883430000;16873288888;17373288888;10240;10228
3552;16883437000;16873366666;17373366666;10240;10228
3542;16883510000;16831966666;17331966666;10240;10228
3543;16883704000;16831966666;17331966666;10240;10228
3544;16883949000;16831966666;17331966666;10240;10228
3545;16883961000;16873288888;17373288888;10240;10228
3546;16884158000;16873288888;17373288888;10240;10228
3547;16884170000;16873288888;17373288888;10240;10228
3548;16884367000;16873288888;17373288888;10240;10228
3549;16884387000;16873288888;17373288888;10240;10228
3550;16884572000;16873288888;17373288888;10240;10228
3551;16884771000;16873288888;17373288888;10240;10228
3552;16884791000;16873366666;17373366666;10240;10228
3542;16903552000;16831966666;17331966666;10240;10228
3553;16924979000;16873677777;17373677777;10240;10228
3554;16924992000;16873677777;17373677777;10240;10228
3555;16925003000;16873677777;17373677777;10240;10228
3556;16925010000;16914955555;17414955555;10240;10228
3557;16925018000;16914955555;17414955555;10240;10228
3558;16925035000;16914955555;17414955555;10240;10228
3559;16925066000;16914955555;17414955555;10240;10228
3560;16925095000;16914955555;17414955555;10240;10228
3561;16925106000;16914955555;17414955555;10240;10228
3562;16925114000;16914955555;17414955555;10240;10228
3563;16925121000;16915044444;17415044444;10240;10228
3553;16925222000;16873677777;17373677777;10240;10228
3554;16925416000;16873677777;17373677777;10240;10228
3555;16925437000;16873677777;17373677777;10240;10228
3556;16925620000;16914955555;17414955555;10240;10228
3557;16925819000;16914955555;17414955555;10240;10228
3558;16925838000;16914955555;17414955555;10240;10228
3559;16926024000;16914955555;17414955555;10240;10228
3560;16926033000;16914955555;17414955555;10240;10228
3561;16926236000;16914955555;17414955555;10240;10228
3562;16926433000;16914955555;17414955555;10240;10228
3563;16926453000;16915044444;17415044444;10240;10228
3564;16966657000;16915388888;17415388888;10240;10228
3565;16966673000;16915388888;17415388888;10240;10228
3566;16966682000;16915388888;17415388888;10240;10228
3567;16966691000;16956633333;17456633333;10240;10228
3568;16966702000;16956633333;17456633333;10240;10228
3569;16966721000;16956633333;17456633333;10240;10228
3570;16966735000;16956633333;17456633333;10240;10228
3571;16966744000;16956633333;17456633333;10240;10228
3572;16966754000;16956633333;17456633333;10240;10228
3573;16966762000;16956633333;17456633333;10240;10228
3574;16966770000;16956711111;17456711111;10240;10228
3564;16966841000;16915388888;17415388888;10240;10228
3565;16967034000;16915388888;17415388888;10240;10228
3566;16967249000;16915388888;17415388888;10240;10228
3567;16967262000;16956633333;17456633333;10240;10228
3568;16967443000;16956633333;17456633333;10240;10228
3569;16967451000;16956633333;17456633333;10240;10228
3570;16967650000;16956633333;17456633333;10240;10228
3571;16967654000;16956633333;17456633333;10240;10228
3572;16967852000;16956633333;17456633333;10240;10228
3573;16968041000;16956633333;17456633333;10240;10228
3574;16968065000;16956711111;17456711111;10240;10228
3575;17008271000;16957000000;17457000000;10240;10228
3576;17008289000;16957000000;17457000000;10240;10228
3577;17008297000;16957000000;17457000000;10240;10228
3578;17008319000;16998288888;17498288888;10240;10228
3579;17008328000;16998288888;17498288888;10240;10228
3580;17008338000;16998288888;17498288888;10240;10228
3581;17008361000;16998288888;17498288888;10240;10228
3582;17008370000;16998288888;17498288888;10240;10228
3583;17008380000;16998288888;17498288888;10240;10228
3584;17008389000;16998288888;17498288888;10240;10228
3585;17008397000;16998377777;17498377777;10240;10228
3575;17008512000;16957000000;17457000000;10240;10228
3576;17008717000;16957000000;17457000000;10240;10228
3577;17008736000;16957000000;17457000000;10240;10228
3578;17008912000;16998288888;17498288888;10240;10228
3579;17009155000;16998288888;17498288888;10240;10228
3580;17009174000;16998288888;17498288888;10240;10228
3581;17009338000;16998288888;17498288888;10240;10228
3582;17009359000;16998288888;17498288888;10240;10228
3583;17009545000;16998288888;17498288888;10240;10228
3584;17009730000;16998288888;17498288888;10240;10228
3585;17009736000;16998377777;17498377777;10240;10228
3586;17049967000;16998688888;17498688888;10240;10228
3587;17049985000;16998688888;17498688888;10240;10228
3588;17049993000;16998688888;17498688888;10240;10228
3589;17050013000;17039955555;17539955555;10240;10228
3590;17050023000;17039955555;17539955555;10240;10228
3591;17050033000;17039955555;17539955555;10240;10228
3592;17050040000;17039955555;17539955555;10240;10228
3593;17050092000;17039955555;17539955555;10240;10228
3594;17050101000;17039955555;17539955555;10240;10228
3595;17050109000;17039955555;17539955555;10240;10228
3596;17050117000;17040033333;17540033333;10240;10228
3586;17050212000;16998688888;17498688888;10240;10228
3587;17050420000;16998688888;17498688888;10240;10228
3588;17050430000;16998688888;17498688888;10240;10228
3589;17050622000;17039955555;17539955555;10240;10228
3590;17050815000;17039955555;17539955555;10240;10228
3591;17050844000;17039955555;17539955555;10240;10228
3592;17051020000;17039955555;17539955555;10240;10228
3593;17051031000;17039955555;17539955555;10240;10228
3594;17051233000;17039955555;17539955555;10240;10228
3595;17051431000;17039955555;17539955555;10240;10228
3596;17051451000;17040033333;17540033333;10240;10228
3597;17091668000;17040377777;17540377777;10240;10228
3598;17091686000;17040377777;17540377777;10240;10228
3599;17091694000;17040377777;17540377777;10240;10228
3600;17091713000;17081655555;17581655555;10240;10228
3601;17091724000;17081655555;17581655555;10240;10228
3602;17091732000;17081655555;17581655555;10240;10228
3603;17091752000;17081655555;17581655555;10240;10228
3604;17091766000;17081655555;17581655555;10240;10228
3605;17091774000;17081655555;17581655555;10240;10228
3606;17091781000;17081655555;17581655555;10240;10228
3607;17091791000;17081733333;17581733333;10240;10228
3597;17091872000;17040377777;17540377777;10240;10228
3598;17092067000;17040377777;17540377777;10240;10228
3599;17092277000;17040377777;17540377777;10240;10228
3600;17092292000;17081655555;17581655555;10240;10228
3601;17092482000;17081655555;17581655555;10240;10228
3602;17092496000;17081655555;17581655555;10240;10228
3603;17092677000;17081655555;17581655555;10240;10228
3604;17092690000;17081655555;17581655555;10240;10228
3605;17092880000;17081655555;17581655555;10240;10228
3606;17093077000;17081655555;17581655555;10240;10228
3607;17093081000;17081733333;17581733333;10240;10228
3608;17133301000;17082044444;17582044444;10240;10228
3609;17133318000;17082044444;17582044444;10240;10228
3610;17133326000;17082044444;17582044444;10240;10228
3611;17133350000;17123288888;17623288888;10240;10228
3612;17133360000;17123288888;17623288888;10240;10228
3613;17133369000;17123288888;17623288888;10240;10228
3614;17133388000;17123288888;17623288888;10240;10228
3615;17133398000;17123288888;17623288888;10240;10228
3616;17133405000;17123288888;17623288888;10240;10228
3617;17133418000;17123288888;17623288888;10240;10228
3618;17133426000;17123377777;17623377777;10240;10228
3608;17133508000;17082044444;17582044444;10240;10228
3609;17133698000;17082044444;17582044444;10240;10228
3610;17133902000;17082044444;17582044444;10240;10228
3611;17133909000;17123288888;17623288888;10240;10228
3612;17134118000;17123288888;17623288888;10240;10228
3613;17134132000;17123288888;17623288888;10240;10228
3614;17134319000;17123288888;17623288888;10240;10228
3615;17134334000;17123288888;17623288888;10240;10228
3616;17134515000;17123288888;17623288888;10240;10228
3617;17134723000;17123288888;17623288888;10240;10228
3618;17134727000;17123377777;17623377777;10240;10228
3619;17174967000;17123677777;17623677777;10240;10228
3620;17174982000;17123677777;17623677777;10240;10228
3621;17174990000;17123677777;17623677777;10240;10228
3622;17175014000;17164955555;17664955555;10240;10228
3623;17175024000;17164955555;17664955555;10240;10228
3624;17175032000;17164955555;17664955555;10240;10228
3625;17175073000;17164955555;17664955555;10240;10228
3626;17175086000;17164955555;17664955555;10240;10228
3627;17175102000;17164955555;17664955555;10240;10228
3628;17175112000;17164955555;17664955555;10240;10228
3629;17175120000;17165044444;17665044444;10240;10228
3619;17175157000;17123677777;17623677777;10240;10228
3620;17175351000;17123677777;17623677777;10240;10228
3621;17175559000;17123677777;17623677777;10240;10228
3622;17175564000;17164955555;17664955555;10240;10228
3624;17175760000;17164955555;17664955555;10240;10228
3625;17175765000;17164955555;17664955555;10240;10228
3626;17175965000;17164955555;17664955555;10240;10228
3627;17176170000;17164955555;17664955555;10240;10228
3628;17176176000;17164955555;17664955555;10240;10228
3629;17176372000;17165044444;17665044444;10240;10228
3623;17196367000;17164955555;17664955555;10240;10228
3630;17216635000;17165355555;17665355555;10240;10228
3631;17216647000;17165355555;17665355555;10240;10228
3632;17216656000;17165355555;17665355555;10240;10228
3633;17216677000;17206622222;17706622222;10240;10228
3634;17216689000;17206622222;17706622222;10240;10228
3635;17216696000;17206622222;17706622222;10240;10228
3636;17216716000;17206622222;17706622222;10240;10228
3637;17216725000;17206622222;17706622222;10240;10228
3638;17216735000;17206622222;17706622222;10240;10228
3639;17216744000;17206622222;17706622222;10240;10228
3640;17216754000;17206700000;17706700000;10240;10228
3630;17216837000;17165355555;17665355555;10240;10228
3631;17217037000;17165355555;17665355555;10240;10228
3632;17217255000;17165355555;17665355555;10240;10228
3633;17217264000;17206622222;17706622222;10240;10228
3634;17217460000;17206622222;17706622222;10240;10228
3635;17217470000;17206622222;17706622222;10240;10228
3636;17217663000;17206622222;17706622222;10240;10228
3637;17217865000;17206622222;17706622222;10240;10228
3638;17217878000;17206622222;17706622222;10240;10228
3639;17218050000;17206622222;17706622222;10240;10228
3640;17218056000;17206700000;17706700000;10240;10228
3641;17258298000;17207000000;17707000000;10240;10228
3642;17258310000;17207000000;17707000000;10240;10228
3643;17258319000;17207000000;17707000000;10240;10228
3644;17258342000;17248288888;17748288888;10240;10228
3645;17258352000;17248288888;17748288888;10240;10228
3646;17258360000;17248288888;17748288888;10240;10228
3647;17258370000;17248288888;17748288888;10240;10228
3648;17258392000;17248288888;17748288888;10240;10228
3649;17258403000;17248288888;17748288888;10240;10228
3650;17258411000;17248288888;17748288888;10240;10228
3651;17258423000;17248377777;17748377777;10240;10228
3641;17258484000;17207000000;17707000000;10240;10228
3642;17258682000;17207000000;17707000000;10240;10228
3643;17258910000;17207000000;17707000000;10240;10228
3644;17258921000;17248288888;17748288888;10240;10228
3645;17259128000;17248288888;17748288888;10240;10228
3646;17259138000;17248288888;17748288888;10240;10228
3647;17259322000;17248288888;17748288888;10240;10228
3648;17259525000;17248288888;17748288888;10240;10228
3649;17259537000;17248288888;17748288888;10240;10228
3651;17259704000;17248377777;17748377777;10240;10228
3652;17299975000;17248700000;17748700000;10240;10228
3653;17299990000;17248700000;17748700000;10240;10228
3654;17300001000;17248700000;17748700000;10240;10228
3655;17300020000;17289966666;17789966666;10240;10228
3656;17300031000;17289966666;17789966666;10240;10228
3657;17300039000;17289966666;17789966666;10240;10228
3658;17300071000;17289966666;17789966666;10240;10228
3659;17300084000;17289966666;17789966666;10240;10228
3660;17300092000;17289966666;17789966666;10240;10228
3661;17300100000;17289966666;17789966666;10240;10228
3662;17300107000;17290044444;17790044444;10240;10228
3652;17300154000;17248700000;17748700000;10240;10228
3653;17300351000;17248700000;17748700000;10240;10228
3654;17300558000;17248700000;17748700000;10240;10228
3655;17300563000;17289966666;17789966666;10240;10228
3656;17300759000;17289966666;17789966666;10240;10228
3657;17300770000;17289966666;17789966666;10240;10228
3658;17300964000;17289966666;17789966666;10240;10228
3659;17301170000;17289966666;17789966666;10240;10228
3660;17301175000;17289966666;17789966666;10240;10228
3661;17301376000;17289966666;17789966666;10240;10228
3662;17301381000;17290044444;17790044444;10240;10228
3650;17320948000;17248288888;17748288888;10240;10228
3663;17341635000;17290400000;17790400000;10240;10228
3664;17341649000;17290400000;17790400000;10240;10228
3665;17341656000;17290400000;17790400000;10240;10228
3666;17341683000;17331622222;17831622222;10240;10228
3667;17341695000;17331622222;17831622222;10240;10228
3668;17341702000;17331622222;17831622222;10240;10228
3669;17341721000;17331622222;17831622222;10240;10228
3670;17341731000;17331622222;17831622222;10240;10228
3671;17341740000;17331622222;17831622222;10240;10228
3672;17341750000;17331622222;17831622222;10240;10228
3673;17341758000;17331700000;17831700000;10240;10228
3663;17341816000;17290400000;17790400000;10240;10228
3664;17342019000;17290400000;17790400000;10240;10228
3665;17342225000;17290400000;17790400000;10240;10228
3666;17342233000;17331622222;17831622222;10240;10228
3667;17342429000;17331622222;17831622222;10240;10228
3668;17342436000;17331622222;17831622222;10240;10228
3669;17342642000;17331622222;17831622222;10240;10228
3670;17342836000;17331622222;17831622222;10240;10228
3671;17342844000;17331622222;17831622222;10240;10228
3672;17343040000;17331622222;17831622222;10240;10228
3673;17343053000;17331700000;17831700000;10240;10228
3674;17383302000;17331977777;17831977777;10240;10228
3675;17383320000;17331977777;17831977777;10240;10228
3676;17383329000;17331977777;17831977777;10240;10228
3677;17383348000;17373288888;17873288888;10240;10228
3678;17383358000;17373288888;17873288888;10240;10228
3679;17383366000;17373288888;17873288888;10240;10228
3680;17383387000;17373288888;17873288888;10240;10228
3681;17383401000;17373288888;17873288888;10240;10228
3682;17383409000;17373288888;17873288888;10240;10228
3683;17383417000;17373288888;17873288888;10240;10228
3684;17383428000;17373366666;17873366666;10240;10228
3674;17383506000;17331977777;17831977777;10240;10228
3675;17383697000;17331977777;17831977777;10240;10228
3676;17383902000;17331977777;17831977777;10240;10228
3677;17383909000;17373288888;17873288888;10240;10228
3678;17384126000;17373288888;17873288888;10240;10228
3679;17384141000;17373288888;17873288888;10240;10228
3680;17384319000;17373288888;17873288888;10240;10228
3681;17384334000;17373288888;17873288888;10240;10228
3682;17384514000;17373288888;17873288888;10240;10228
3683;17384722000;17373288888;17873288888;10240;10228
3685;17424961000;17373700000;17873700000;10240;10228
3686;17424973000;17373700000;17873700000;10240;10228
3687;17424980000;17373700000;17873700000;10240;10228
3688;17425020000;17414955555;17914955555;10240;10228
3689;17425040000;17414955555;17914955555;10240;10228
3690;17425075000;17414955555;17914955555;10240;10228
3691;17425094000;17414955555;17914955555;10240;10228
3692;17425102000;17414955555;17914955555;10240;10228
3693;17425112000;17414955555;17914955555;10240;10228
3694;17425119000;17414955555;17914955555;10240;10228
3695;17425129000;17415044444;17915044444;10240;10228
3685;17425173000;17373700000;17873700000;10240;10228
3686;17425374000;17373700000;17873700000;10240;10228
3688;17425571000;17414955555;17914955555;10240;10228
3689;17425579000;17414955555;17914955555;10240;10228
3690;17425773000;17414955555;17914955555;10240;10228
3691;17425782000;17414955555;17914955555;10240;10228
3692;17425980000;17414955555;17914955555;10240;10228
3693;17425988000;17414955555;17914955555;10240;10228
3694;17426193000;17414955555;17914955555;10240;10228
3695;17426207000;17415044444;17915044444;10240;10228
3684;17445937000;17373366666;17873366666;10240;10228
3687;17446172000;17373700000;17873700000;10240;10228
3696;17466634000;17415355555;17915355555;10240;10228
3697;17466644000;17415355555;17915355555;10240;10228
3698;17466653000;17415355555;17915355555;10240;10228
3699;17466689000;17456622222;17956622222;10240;10228
3700;17466708000;17456622222;17956622222;10240;10228
3701;17466728000;17456622222;17956622222;10240;10228
3702;17466740000;17456622222;17956622222;10240;10228
3703;17466750000;17456622222;17956622222;10240;10228
3704;17466757000;17456622222;17956622222;10240;10228
3705;17466765000;17456622222;17956622222;10240;10228
3706;17466773000;17456711111;17956711111;10240;10228
3696;17466841000;17415355555;17915355555;10240;10228
3697;17467032000;17415355555;17915355555;10240;10228
3699;17467247000;17456622222;17956622222;10240;10228
3700;17467262000;17456622222;17956622222;10240;10228
3701;17467449000;17456622222;17956622222;10240;10228
3702;17467465000;17456622222;17956622222;10240;10228
3703;17467645000;17456622222;17956622222;10240;10228
3704;17467655000;17456622222;17956622222;10240;10228
3705;17467851000;17456622222;17956622222;10240;10228
3706;17467856000;17456711111;17956711111;10240;10228
3698;17487879000;17415355555;17915355555;10240;10228
3707;17508319000;17456977777;17956977777;10240;10228
3708;17508329000;17456977777;17956977777;10240;10228
3709;17508349000;17456977777;17956977777;10240;10228
3710;17508358000;17498288888;17998288888;10240;10228
3711;17508366000;17498288888;17998288888;10240;10228
3712;17508387000;17498288888;17998288888;10240;10228
3713;17508409000;17498288888;17998288888;10240;10228
3714;17508417000;17498288888;17998288888;10240;10228
3715;17508424000;17498288888;17998288888;10240;10228
3716;17508433000;17498288888;17998288888;10240;10228
3717;17508440000;17498377777;17998377777;10240;10228
3707;17508507000;17456977777;17956977777;10240;10228
3708;17508698000;17456977777;17956977777;10240;10228
3709;17508903000;17456977777;17956977777;10240;10228
3710;17508911000;17498288888;17998288888;10240;10228
3711;17509119000;17498288888;17998288888;10240;10228
3712;17509132000;17498288888;17998288888;10240;10228
3713;17509321000;17498288888;17998288888;10240;10228
3714;17509335000;17498288888;17998288888;10240;10228
3715;17509517000;17498288888;17998288888;10240;10228
3716;17509721000;17498288888;17998288888;10240;10228
3717;17509726000;17498377777;17998377777;10240;10228
3718;17549959000;17498677777;17998677777;10240;10228
3719;17549976000;17498677777;17998677777;10240;10228
3720;17549986000;17498677777;17998677777;10240;10228
3721;17550003000;17539966666;18039966666;10240;10228
3722;17550013000;17539966666;18039966666;10240;10228
3723;17550021000;17539966666;18039966666;10240;10228
3724;17550031000;17539966666;18039966666;10240;10228
3725;17550071000;17539966666;18039966666;10240;10228
3726;17550091000;17539966666;18039966666;10240;10228
3727;17550099000;17539966666;18039966666;10240;10228
3728;17550107000;17540044444;18040044444;10240;10228
3718;17550161000;17498677777;17998677777;10240;10228
3719;17550362000;17498677777;17998677777;10240;10228
3720;17550559000;17498677777;17998677777;10240;10228
3721;17550568000;17539966666;18039966666;10240;10228
3722;17550762000;17539966666;18039966666;10240;10228
3723;17550771000;17539966666;18039966666;10240;10228
3724;17550955000;17539966666;18039966666;10240;10228
3725;17551181000;17539966666;18039966666;10240;10228
3726;17551197000;17539966666;18039966666;10240;10228
3727;17551378000;17539966666;18039966666;10240;10228
3728;17551384000;17540044444;18040044444;10240;10228
3729;17591671000;17540355555;18040355555;10240;10228
3730;17591686000;17540355555;18040355555;10240;10228
3731;17591695000;17540355555;18040355555;10240;10228
3732;17591703000;17581622222;18081622222;10240;10228
3733;17591723000;17581622222;18081622222;10240;10228
3734;17591732000;17581622222;18081622222;10240;10228
3735;17591743000;17581622222;18081622222;10240;10228
3736;17591750000;17581622222;18081622222;10240;10228
3737;17591759000;17581622222;18081622222;10240;10228
3738;17591767000;17581622222;18081622222;10240;10228
3739;17591777000;17581700000;18081700000;10240;10228
3729;17591864000;17540355555;18040355555;10240;10228
3730;17592083000;17540355555;18040355555;10240;10228
3731;17592089000;17540355555;18040355555;10240;10228
3732;17592285000;17581622222;18081622222;10240;10228
3733;17592498000;17581622222;18081622222;10240;10228
3734;17592508000;17581622222;18081622222;10240;10228
3735;17592691000;17581622222;18081622222;10240;10228
3736;17592711000;17581622222;18081622222;10240;10228
3737;17592887000;17581622222;18081622222;10240;10228
3738;17593066000;17581622222;18081622222;10240;10228
3739;17593077000;17581700000;18081700000;10240;10228
3740;17633300000;17581966666;18081966666;10240;10228
3741;17633319000;17581966666;18081966666;10240;10228
3742;17633327000;17581966666;18081966666;10240;10228
3743;17633347000;17623311111;18123311111;10240;10228
3744;17633357000;17623311111;18123311111;10240;10228
3745;17633365000;17623311111;18123311111;10240;10228
3746;17633373000;17623311111;18123311111;10240;10228
3747;17633395000;17623311111;18123311111;10240;10228
3748;17633405000;17623311111;18123311111;10240;10228
3749;17633413000;17623311111;18123311111;10240;10228
3750;17633419000;17623388888;18123388888;10240;10228
3740;17633506000;17581966666;18081966666;10240;10228
3742;17633699000;17581966666;18081966666;10240;10228
3743;17633902000;17623311111;18123311111;10240;10228
3744;17633908000;17623311111;18123311111;10240;10228
3745;17634118000;17623311111;18123311111;10240;10228
3746;17634132000;17623311111;18123311111;10240;10228
3747;17634320000;17623311111;18123311111;10240;10228
3748;17634333000;17623311111;18123311111;10240;10228
3749;17634516000;17623311111;18123311111;10240;10228
3750;17634526000;17623388888;18123388888;10240;10228
3741;17654344000;17581966666;18081966666;10240;10228
3751;17674963000;17623688888;18123688888;10240;10228
3752;17674975000;17623688888;18123688888;10240;10228
3755;17674983000;17664955555;18164955555;10240;10228
3756;17675034000;17664955555;18164955555;10240;10228
3757;17675053000;17664955555;18164955555;10240;10228
3758;17675073000;17664955555;18164955555;10240;10228
3759;17675091000;17664955555;18164955555;10240;10228
3760;17675101000;17664955555;18164955555;10240;10228
3761;17675109000;17665044444;18165044444;10240;10228
3751;17675166000;17623688888;18123688888;10240;10228
3752;17675369000;17623688888;18123688888;10240;10228
3753;17675575000;17623688888;18123688888;10240;10228
3754;17675609000;17664955555;18164955555;10240;10228
3755;17675824000;17664955555;18164955555;10240;10228
3756;17675834000;17664955555;18164955555;10240;10228
3757;17675983000;17664955555;18164955555;10240;10228
3758;17676003000;17664955555;18164955555;10240;10228
3759;17676244000;17664955555;18164955555;10240;10228
3760;17676408000;17664955555;18164955555;10240;10228
3761;17676428000;17665044444;18165044444;10240;10228
3753;17695194000;17623688888;18123688888;10240;10228
3754;17695206000;17664955555;18164955555;10240;10228
3762;17716683000;17665355555;18165355555;10240;10228
3763;17716701000;17665355555;18165355555;10240;10228
3764;17716711000;17665355555;18165355555;10240;10228
3765;17716719000;17706622222;18206622222;10240;10228
3766;17716727000;17706622222;18206622222;10240;10228
3767;17716737000;17706622222;18206622222;10240;10228
3768;17716745000;17706622222;18206622222;10240;10228
3769;17716755000;17706622222;18206622222;10240;10228
3770;17716762000;17706622222;18206622222;10240;10228
3762;17716869000;17665355555;18165355555;10240;10228
3771;17716963000;17706622222;18206622222;10240;10228
3772;17716975000;17706711111;18206711111;10240;10228
3763;17717035000;17665355555;18165355555;10240;10228
3764;17717293000;17665355555;18165355555;10240;10228
3765;17717308000;17706622222;18206622222;10240;10228
3766;17717446000;17706622222;18206622222;10240;10228
3767;17717466000;17706622222;18206622222;10240;10228
3768;17717650000;17706622222;18206622222;10240;10228
3769;17717669000;17706622222;18206622222;10240;10228
3770;17717891000;17706622222;18206622222;10240;10228
3771;17718069000;17706622222;18206622222;10240;10228
3772;17718079000;17706711111;18206711111;10240;10228
3773;17758338000;17707000000;18207000000;10240;10228
3774;17758353000;17707000000;18207000000;10240;10228
3775;17758361000;17707000000;18207000000;10240;10228
3776;17758367000;17748322222;18248322222;10240;10228
3777;17758384000;17748322222;18248322222;10240;10228
3778;17758394000;17748322222;18248322222;10240;10228
3779;17758401000;17748322222;18248322222;10240;10228
3780;17758424000;17748322222;18248322222;10240;10228
3781;17758432000;17748322222;18248322222;10240;10228
3782;17758441000;17748322222;18248322222;10240;10228
3783;17758448000;17748400000;18248400000;10240;10228
3773;17758597000;17707000000;18207000000;10240;10228
3774;17758780000;17707000000;18207000000;10240;10228
3775;17758791000;17707000000;18207000000;10240;10228
3776;17758967000;17748322222;18248322222;10240;10228
3777;17759199000;17748322222;18248322222;10240;10228
3778;17759213000;17748322222;18248322222;10240;10228
3782;17759402000;17748322222;18248322222;10240;10228
3783;17759417000;17748400000;18248400000;10240;10228
3784;17799988000;17748700000;18248700000;10240;10228
3785;17800008000;17748700000;18248700000;10240;10228
3786;17800016000;17748700000;18248700000;10240;10228
3787;17800024000;17789955555;18289955555;10240;10228
3788;17800032000;17789955555;18289955555;10240;10228
3789;17800078000;17789955555;18289955555;10240;10228
3790;17800096000;17789955555;18289955555;10240;10228
3791;17800105000;17789955555;18289955555;10240;10228
3792;17800112000;17789955555;18289955555;10240;10228
3793;17800124000;17789955555;18289955555;10240;10228
3794;17800155000;17790033333;18290033333;10240;10228
3784;17800164000;17748700000;18248700000;10240;10228
3785;17800405000;17748700000;18248700000;10240;10228
3786;17800615000;17748700000;18248700000;10240;10228
3787;17800636000;17789955555;18289955555;10240;10228
3788;17800818000;17789955555;18289955555;10240;10228
3789;17800839000;17789955555;18289955555;10240;10228
3790;17801022000;17789955555;18289955555;10240;10228
3791;17801050000;17789955555;18289955555;10240;10228
3792;17801224000;17789955555;18289955555;10240;10228
3793;17801412000;17789955555;18289955555;10240;10228
3794;17801427000;17790033333;18290033333;10240;10228
3779;17820559000;17748322222;18248322222;10240;10228
3795;17841630000;17790355555;18290355555;10240;10228
3796;17841643000;17790355555;18290355555;10240;10228
3797;17841652000;17790355555;18290355555;10240;10228
3798;17841676000;17831622222;18331622222;10240;10228
3799;17841687000;17831622222;18331622222;10240;10228
3800;17841695000;17831622222;18331622222;10240;10228
3801;17841702000;17831622222;18331622222;10240;10228
3802;17841725000;17831622222;18331622222;10240;10228
3803;17841736000;17831622222;18331622222;10240;10228
3804;17841743000;17831622222;18331622222;10240;10228
3805;17841751000;17831700000;18331700000;10240;10228
3795;17841840000;17790355555;18290355555;10240;10228
3796;17842032000;17790355555;18290355555;10240;10228
3797;17842248000;17790355555;18290355555;10240;10228
3798;17842262000;17831622222;18331622222;10240;10228
3799;17842454000;17831622222;18331622222;10240;10228
3800;17842466000;17831622222;18331622222;10240;10228
3801;17842646000;17831622222;18331622222;10240;10228
3802;17842654000;17831622222;18331622222;10240;10228
3803;17842849000;17831622222;18331622222;10240;10228
3804;17843038000;17831622222;18331622222;10240;10228
3805;17843048000;17831700000;18331700000;10240;10228
3780;17862669000;17748322222;18248322222;10240;10228
3781;17862862000;17748322222;18248322222;10240;10228
3806;17883333000;17831955555;18331955555;10240;10228
3807;17883347000;17831955555;18331955555;10240;10228
3808;17883355000;17831955555;18331955555;10240;10228
3809;17883377000;17873322222;18373322222;10240;10228
3810;17883389000;17873322222;18373322222;10240;10228
3811;17883398000;17873322222;18373322222;10240;10228
3812;17883406000;17873322222;18373322222;10240;10228
3813;17883428000;17873322222;18373322222;10240;10228
3814;17883439000;17873322222;18373322222;10240;10228
3815;17883446000;17873322222;18373322222;10240;10228
3816;17883454000;17873411111;18373411111;10240;10228
3806;17883515000;17831955555;18331955555;10240;10228
3807;17883717000;17831955555;18331955555;10240;10228
3808;17883921000;17831955555;18331955555;10240;10228
3809;17883927000;17873322222;18373322222;10240;10228
3810;17884127000;17873322222;18373322222;10240;10228
3811;17884133000;17873322222;18373322222;10240;10228
3812;17884332000;17873322222;18373322222;10240;10228
3813;17884537000;17873322222;18373322222;10240;10228
3814;17884545000;17873322222;18373322222;10240;10228
3815;17884739000;17873322222;18373322222;10240;10228
3816;17884745000;17873411111;18373411111;10240;10228
3817;17924963000;17873700000;18373700000;10240;10228
3818;17924982000;17873700000;18373700000;10240;10228
3819;17924993000;17873700000;18373700000;10240;10228
3820;17925011000;17914955555;18414955555;10240;10228
3821;17925020000;17914955555;18414955555;10240;10228
3822;17925029000;17914955555;18414955555;10240;10228
3823;17925060000;17914955555;18414955555;10240;10228
3824;17925071000;17914955555;18414955555;10240;10228
3825;17925080000;17914955555;18414955555;10240;10228
3826;17925088000;17914955555;18414955555;10240;10228
3827;17925098000;17915044444;18415044444;10240;10228
3817;17925170000;17873700000;18373700000;10240;10228
3818;17925376000;17873700000;18373700000;10240;10228
3819;17925578000;17873700000;18373700000;10240;10228
3820;17925590000;17914955555;18414955555;10240;10228
3821;17925783000;17914955555;18414955555;10240;10228
3822;17925795000;17914955555;18414955555;10240;10228
3823;17925963000;17914955555;18414955555;10240;10228
3824;17926169000;17914955555;18414955555;10240;10228
3825;17926176000;17914955555;18414955555;10240;10228
3826;17926374000;17914955555;18414955555;10240;10228
3827;17926381000;17915044444;18415044444;10240;10228
3828;17966636000;17915355555;18415355555;10240;10228
3829;17966658000;17915355555;18415355555;10240;10228
3830;17966667000;17915355555;18415355555;10240;10228
3831;17966677000;17956622222;18456622222;10240;10228
3832;17966695000;17956622222;18456622222;10240;10228
3833;17966715000;17956622222;18456622222;10240;10228
3834;17966744000;17956622222;18456622222;10240;10228
3835;17966754000;17956622222;18456622222;10240;10228
3836;17966761000;17956622222;18456622222;10240;10228
3837;17966769000;17956622222;18456622222;10240;10228
3838;17966778000;17956711111;18456711111;10240;10228
3828;17966865000;17915355555;18415355555;10240;10228
3829;17967082000;17915355555;18415355555;10240;10228
3830;17967088000;17915355555;18415355555;10240;10228
3831;17967290000;17956622222;18456622222;10240;10228
3832;17967492000;17956622222;18456622222;10240;10228
3833;17967512000;17956622222;18456622222;10240;10228
3834;17967688000;17956622222;18456622222;10240;10228
3835;17967709000;17956622222;18456622222;10240;10228
3836;17967849000;17956622222;18456622222;10240;10228
3838;17967856000;17956711111;18456711111;10240;10228
3839;18008306000;17956988888;18456988888;10240;10228
3840;18008322000;17956988888;18456988888;10240;10228
3841;18008331000;17956988888;18456988888;10240;10228
3842;18008349000;17998288888;18498288888;10240;10228
3843;18008359000;17998288888;18498288888;10240;10228
3844;18008367000;17998288888;18498288888;10240;10228
3845;18008376000;17998288888;18498288888;10240;10228
3846;18008396000;17998288888;18498288888;10240;10228
3847;18008406000;17998288888;18498288888;10240;10228
3848;18008413000;17998288888;18498288888;10240;10228
3849;18008422000;17998377777;18498377777;10240;10228
3839;18008526000;17956988888;18456988888;10240;10228
3840;18008718000;17956988888;18456988888;10240;10228
3841;18008923000;17956988888;18456988888;10240;10228
3842;18008931000;17998288888;18498288888;10240;10228
3843;18009138000;17998288888;18498288888;10240;10228
3844;18009151000;17998288888;18498288888;10240;10228
3845;18009343000;17998288888;18498288888;10240;10228
3846;18009356000;17998288888;18498288888;10240;10228
3847;18009538000;17998288888;18498288888;10240;10228
3848;18009742000;17998288888;18498288888;10240;10228
3849;18009748000;17998377777;18498377777;10240;10228
3837;18029151000;17956622222;18456622222;10240;10228
3850;18050007000;17998711111;18498711111;10240;10228
3851;18050024000;17998711111;18498711111;10240;10228
3852;18050033000;17998711111;18498711111;10240;10228
3853;18050040000;18039966666;18539966666;10240;10228
3854;18050057000;18039966666;18539966666;10240;10228
3855;18050076000;18039966666;18539966666;10240;10228
3856;18050103000;18039966666;18539966666;10240;10228
3857;18050114000;18039966666;18539966666;10240;10228
3858;18050121000;18039966666;18539966666;10240;10228
3859;18050130000;18039966666;18539966666;10240;10228
3860;18050147000;18040044444;18540044444;10240;10228
3850;18050219000;17998711111;18498711111;10240;10228
3851;18050419000;17998711111;18498711111;10240;10228
3852;18050430000;17998711111;18498711111;10240;10228
3853;18050622000;18039966666;18539966666;10240;10228
3854;18050821000;18039966666;18539966666;10240;10228
3855;18050841000;18039966666;18539966666;10240;10228
3856;18051023000;18039966666;18539966666;10240;10228
3857;18051034000;18039966666;18539966666;10240;10228
3858;18051236000;18039966666;18539966666;10240;10228
3859;18051445000;18039966666;18539966666;10240;10228
3860;18051463000;18040044444;18540044444;10240;10228
3861;18091611000;18040366666;18540366666;10240;10228
3862;18091628000;18040366666;18540366666;10240;10228
3863;18091638000;18040366666;18540366666;10240;10228
3864;18091655000;18081644444;18581644444;10240;10228
3865;18091666000;18081644444;18581644444;10240;10228
3866;18091673000;18081644444;18581644444;10240;10228
3867;18091704000;18081644444;18581644444;10240;10228
3868;18091724000;18081644444;18581644444;10240;10228
3869;18091731000;18081644444;18581644444;10240;10228
3870;18091739000;18081644444;18581644444;10240;10228
3871;18091746000;18081722222;18581722222;10240;10228
3861;18091817000;18040366666;18540366666;10240;10228
3862;18092007000;18040366666;18540366666;10240;10228
3863;18092222000;18040366666;18540366666;10240;10228
3864;18092234000;18081644444;18581644444;10240;10228
3865;18092425000;18081644444;18581644444;10240;10228
3866;18092442000;18081644444;18581644444;10240;10228
3867;18092622000;18081644444;18581644444;10240;10228
3868;18092632000;18081644444;18581644444;10240;10228
3869;18092861000;18081644444;18581644444;10240;10228
3870;18093038000;18081644444;18581644444;10240;10228
3871;18093067000;18081722222;18581722222;10240;10228
3872;18133304000;18082011111;18582011111;10240;10228
3873;18133318000;18082011111;18582011111;10240;10228
3874;18133329000;18082011111;18582011111;10240;10228
3875;18133347000;18123288888;18623288888;10240;10228
3876;18133359000;18123288888;18623288888;10240;10228
3877;18133368000;18123288888;18623288888;10240;10228
3878;18133388000;18123288888;18623288888;10240;10228
3879;18133397000;18123288888;18623288888;10240;10228
3880;18133405000;18123288888;18623288888;10240;10228
3881;18133414000;18123288888;18623288888;10240;10228
3882;18133422000;18123366666;18623366666;10240;10228
3872;18133507000;18082011111;18582011111;10240;10228
3873;18133699000;18082011111;18582011111;10240;10228
3874;18133905000;18082011111;18582011111;10240;10228
3875;18133910000;18123288888;18623288888;10240;10228
3876;18134105000;18123288888;18623288888;10240;10228
3877;18134110000;18123288888;18623288888;10240;10228
3878;18134322000;18123288888;18623288888;10240;10228
3879;18134334000;18123288888;18623288888;10240;10228
3880;18134517000;18123288888;18623288888;10240;10228
3881;18134721000;18123288888;18623288888;10240;10228
3882;18134731000;18123366666;18623366666;10240;10228
3883;18174958000;18123655555;18623655555;10240;10228
3884;18174968000;18123655555;18623655555;10240;10228
3885;18174977000;18123655555;18623655555;10240;10228
3886;18175009000;18164955555;18664955555;10240;10228
3887;18175020000;18164955555;18664955555;10240;10228
3888;18175027000;18164955555;18664955555;10240;10228
3889;18175035000;18164955555;18664955555;10240;10228
3890;18175074000;18164955555;18664955555;10240;10228
3891;18175094000;18164955555;18664955555;10240;10228
3892;18175102000;18164955555;18664955555;10240;10228
3893;18175110000;18165044444;18665044444;10240;10228
3883;18175172000;18123655555;18623655555;10240;10228
3884;18175372000;18123655555;18623655555;10240;10228
3885;18175569000;18123655555;18623655555;10240;10228
3886;18175577000;18164955555;18664955555;10240;10228
3887;18175772000;18164955555;18664955555;10240;10228
3888;18175780000;18164955555;18664955555;10240;10228
3889;18175977000;18164955555;18664955555;10240;10228
3890;18175985000;18164955555;18664955555;10240;10228
3891;18176193000;18164955555;18664955555;10240;10228
3892;18176389000;18164955555;18664955555;10240;10228
3893;18176394000;18165044444;18665044444;10240;10228
3894;18216619000;18165344444;18665344444;10240;10228
3895;18216642000;18165344444;18665344444;10240;10228
3896;18216653000;18165344444;18665344444;10240;10228
3897;18216661000;18206622222;18706622222;10240;10228
3898;18216678000;18206622222;18706622222;10240;10228
3899;18216688000;18206622222;18706622222;10240;10228
3900;18216706000;18206622222;18706622222;10240;10228
3901;18216715000;18206622222;18706622222;10240;10228
3902;18216724000;18206622222;18706622222;10240;10228
3903;18216733000;18206622222;18706622222;10240;10228
3904;18216743000;18206700000;18706700000;10240;10228
3894;18216835000;18165344444;18665344444;10240;10228
3895;18217027000;18165344444;18665344444;10240;10228
3896;18217242000;18165344444;18665344444;10240;10228
3897;18217255000;18206622222;18706622222;10240;10228
3898;18217445000;18206622222;18706622222;10240;10228
3899;18217458000;18206622222;18706622222;10240;10228
3901;18217640000;18206622222;18706622222;10240;10228
3902;18217649000;18206622222;18706622222;10240;10228
3903;18217844000;18206622222;18706622222;10240;10228
3904;18217849000;18206700000;18706700000;10240;10228
3900;18238252000;18206622222;18706622222;10240;10228
3905;18258293000;18206977777;18706977777;10240;10228
3906;18258304000;18206977777;18706977777;10240;10228
3907;18258312000;18206977777;18706977777;10240;10228
3908;18258343000;18248288888;18748288888;10240;10228
3909;18258352000;18248288888;18748288888;10240;10228
3910;18258360000;18248288888;18748288888;10240;10228
3911;18258367000;18248288888;18748288888;10240;10228
3912;18258388000;18248288888;18748288888;10240;10228
3913;18258396000;18248288888;18748288888;10240;10228
3914;18258404000;18248288888;18748288888;10240;10228
3915;18258412000;18248366666;18748366666;10240;10228
3905;18258506000;18206977777;18706977777;10240;10228
3906;18258698000;18206977777;18706977777;10240;10228
3907;18258903000;18206977777;18706977777;10240;10228
3908;18258912000;18248288888;18748288888;10240;10228
3909;18259118000;18248288888;18748288888;10240;10228
3910;18259131000;18248288888;18748288888;10240;10228
3911;18259319000;18248288888;18748288888;10240;10228
3912;18259334000;18248288888;18748288888;10240;10228
3913;18259515000;18248288888;18748288888;10240;10228
3914;18259721000;18248288888;18748288888;10240;10228
3915;18259725000;18248366666;18748366666;10240;10228
3916;18299959000;18248711111;18748711111;10240;10228
3917;18299969000;18248711111;18748711111;10240;10228
3918;18299976000;18248711111;18748711111;10240;10228
3919;18300022000;18289955555;18789955555;10240;10228
3920;18300041000;18289955555;18789955555;10240;10228
3921;18300079000;18289955555;18789955555;10240;10228
3922;18300098000;18289955555;18789955555;10240;10228
3923;18300106000;18289955555;18789955555;10240;10228
3924;18300114000;18289955555;18789955555;10240;10228
3925;18300124000;18289955555;18789955555;10240;10228
3926;18300131000;18290044444;18790044444;10240;10228
3916;18300174000;18248711111;18748711111;10240;10228
3917;18300373000;18248711111;18748711111;10240;10228
3918;18300569000;18248711111;18748711111;10240;10228
3919;18300583000;18289955555;18789955555;10240;10228
3920;18300774000;18289955555;18789955555;10240;10228
3921;18300786000;18289955555;18789955555;10240;10228
3922;18300979000;18289955555;18789955555;10240;10228
3923;18300990000;18289955555;18789955555;10240;10228
3924;18301185000;18289955555;18789955555;10240;10228
3925;18301390000;18289955555;18789955555;10240;10228
3926;18301395000;18290044444;18790044444;10240;10228
3927;18341630000;18290355555;18790355555;10240;10228
3928;18341643000;18290355555;18790355555;10240;10228
3929;18341649000;18290355555;18790355555;10240;10228
3930;18341676000;18331622222;18831622222;10240;10228
3931;18341687000;18331622222;18831622222;10240;10228
3932;18341697000;18331622222;18831622222;10240;10228
3933;18341704000;18331622222;18831622222;10240;10228
3934;18341724000;18331622222;18831622222;10240;10228
3935;18341733000;18331622222;18831622222;10240;10228
3936;18341741000;18331622222;18831622222;10240;10228
3937;18341749000;18331711111;18831711111;10240;10228
3927;18341820000;18290355555;18790355555;10240;10228
3928;18342016000;18290355555;18790355555;10240;10228
3929;18342228000;18290355555;18790355555;10240;10228
3930;18342234000;18331622222;18831622222;10240;10228
3931;18342427000;18331622222;18831622222;10240;10228
3932;18342432000;18331622222;18831622222;10240;10228
3934;18342629000;18331622222;18831622222;10240;10228
3935;18342836000;18331622222;18831622222;10240;10228
3936;18342842000;18331622222;18831622222;10240;10228
3937;18343036000;18331711111;18831711111;10240;10228
3933;18363211000;18331622222;18831622222;10240;10228
3938;18383303000;18331977777;18831977777;10240;10228
3939;18383316000;18331977777;18831977777;10240;10228
3940;18383325000;18331977777;18831977777;10240;10228
3941;18383346000;18373288888;18873288888;10240;10228
3942;18383360000;18373288888;18873288888;10240;10228
3943;18383368000;18373288888;18873288888;10240;10228
3944;18383374000;18373288888;18873288888;10240;10228
3945;18383405000;18373288888;18873288888;10240;10228
3946;18383426000;18373288888;18873288888;10240;10228
3947;18383434000;18373288888;18873288888;10240;10228
3948;18383465000;18373411111;18873411111;10240;10228
3938;18383498000;18331977777;18831977777;10240;10228
3939;18383699000;18331977777;18831977777;10240;10228
3940;18383905000;18331977777;18831977777;10240;10228
3941;18383910000;18373288888;18873288888;10240;10228
3942;18384095000;18373288888;18873288888;10240;10228
3943;18384101000;18373288888;18873288888;10240;10228
3944;18384298000;18373288888;18873288888;10240;10228
3945;18384502000;18373288888;18873288888;10240;10228
3946;18384513000;18373288888;18873288888;10240;10228
3948;18384730000;18373411111;18873411111;10240;10228
3949;18424967000;18373722222;18873722222;10240;10228
3950;18424983000;18373722222;18873722222;10240;10228
3951;18424991000;18373722222;18873722222;10240;10228
3952;18425015000;18414955555;18914955555;10240;10228
3953;18425024000;18414955555;18914955555;10240;10228
3954;18425034000;18414955555;18914955555;10240;10228
3955;18425061000;18414955555;18914955555;10240;10228
3956;18425071000;18414955555;18914955555;10240;10228
3957;18425078000;18414955555;18914955555;10240;10228
3958;18425088000;18414955555;18914955555;10240;10228
3959;18425096000;18415033333;18915033333;10240;10228
3949;18425151000;18373722222;18873722222;10240;10228
3950;18425349000;18373722222;18873722222;10240;10228
3951;18425552000;18373722222;18873722222;10240;10228
3952;18425563000;18414955555;18914955555;10240;10228
3953;18425758000;18414955555;18914955555;10240;10228
3954;18425766000;18414955555;18914955555;10240;10228
3955;18425961000;18414955555;18914955555;10240;10228
3956;18426169000;18414955555;18914955555;10240;10228
3957;18426174000;18414955555;18914955555;10240;10228
3958;18426373000;18414955555;18914955555;10240;10228
3959;18426378000;18415033333;18915033333;10240;10228
3947;18445744000;18373288888;18873288888;10240;10228
3960;18466654000;18415388888;18915388888;10240;10228
3961;18466666000;18415388888;18915388888;10240;10228
3962;18466687000;18415388888;18915388888;10240;10228
3963;18466696000;18456622222;18956622222;10240;10228
3964;18466706000;18456622222;18956622222;10240;10228
3965;18466728000;18456622222;18956622222;10240;10228
3966;18466738000;18456622222;18956622222;10240;10228
3968;18466746000;18456622222;18956622222;10240;10228
3969;18466768000;18456622222;18956622222;10240;10228
3970;18466777000;18456711111;18956711111;10240;10228
3960;18466822000;18415388888;18915388888;10240;10228
3961;18467016000;18415388888;18915388888;10240;10228
3962;18467222000;18415388888;18915388888;10240;10228
3963;18467231000;18456622222;18956622222;10240;10228
3964;18467424000;18456622222;18956622222;10240;10228
3965;18467434000;18456622222;18956622222;10240;10228
3966;18467628000;18456622222;18956622222;10240;10228
3967;18467837000;18456622222;18956622222;10240;10228
3968;18467857000;18456622222;18956622222;10240;10228
3969;18468041000;18456622222;18956622222;10240;10228
3970;18468054000;18456711111;18956711111;10240;10228
3967;18486940000;18456622222;18956622222;10240;10228
3971;18508332000;18456988888;18956988888;10240;10228
3972;18508351000;18456988888;18956988888;10240;10228
3973;18508360000;18456988888;18956988888;10240;10228
3974;18508368000;18498300000;18998300000;10240;10228
3975;18508376000;18498300000;18998300000;10240;10228
3976;18508391000;18498300000;18998300000;10240;10228
3977;18508401000;18498300000;18998300000;10240;10228
3978;18508419000;18498300000;18998300000;10240;10228
3979;18508430000;18498300000;18998300000;10240;10228
3971;18508507000;18456988888;18956988888;10240;10228
3972;18508711000;18456988888;18956988888;10240;10228
3973;18508913000;18456988888;18956988888;10240;10228
3974;18508934000;18498300000;18998300000;10240;10228
3975;18509127000;18498300000;18998300000;10240;10228
3976;18509138000;18498300000;18998300000;10240;10228
3978;18509298000;18498300000;18998300000;10240;10228
3979;18509517000;18498300000;18998300000;10240;10228
3980;18509522000;18498300000;18998300000;10240;10228
3977;18529953000;18498300000;18998300000;10240;10228
3983;18550039000;18498711111;18998711111;10240;10228
3984;18550077000;18498711111;18998711111;10240;10228
3985;18550100000;18539988888;19039988888;10240;10228
3986;18550109000;18539988888;19039988888;10240;10228
3987;18550119000;18539988888;19039988888;10240;10228
3988;18550127000;18539988888;19039988888;10240;10228
3989;18550137000;18539988888;19039988888;10240;10228
3990;18550146000;18539988888;19039988888;10240;10228
3991;18550159000;18539988888;19039988888;10240;10228
3992;18550167000;18540077777;19040077777;10240;10228
3982;18550189000;18498711111;18998711111;10240;10228
3983;18550410000;18498711111;18998711111;10240;10228
3984;18550615000;18498711111;18998711111;10240;10228
3986;18550626000;18539988888;19039988888;10240;10228
3987;18550820000;18539988888;19039988888;10240;10228
3988;18550831000;18539988888;19039988888;10240;10228
3989;18551025000;18539988888;19039988888;10240;10228
3990;18551233000;18539988888;19039988888;10240;10228
3991;18551242000;18539988888;19039988888;10240;10228
3992;18551412000;18540077777;19040077777;10240;10228
3980;18570310000;18498300000;18998300000;10240;10228
3981;18570323000;18498377777;18998377777;10240;10228
3982;18570349000;18498711111;18998711111;10240;10228
3981;18570907000;18498377777;18998377777;10240;10228
3985;18571199000;18539988888;19039988888;10240;10228
3993;18591663000;18540411111;19040411111;10240;10228
3994;18591680000;18540411111;19040411111;10240;10228
3995;18591688000;18540411111;19040411111;10240;10228
3996;18591710000;18581655555;19081655555;10240;10228
3997;18591719000;18581655555;19081655555;10240;10228
3998;18591730000;18581655555;19081655555;10240;10228
3999;18591749000;18581655555;19081655555;10240;10228
4000;18591759000;18581655555;19081655555;10240;10228
4001;18591766000;18581655555;19081655555;10240;10228
4002;18591776000;18581655555;19081655555;10240;10228
4003;18591783000;18581733333;19081733333;10240;10228
3993;18591892000;18540411111;19040411111;10240;10228
3994;18592178000;18540411111;19040411111;10240;10228
3995;18592197000;18540411111;19040411111;10240;10228
3996;18592320000;18581655555;19081655555;10240;10228
3997;18592521000;18581655555;19081655555;10240;10228
3998;18592542000;18581655555;19081655555;10240;10228
3999;18592719000;18581655555;19081655555;10240;10228
4000;18592740000;18581655555;19081655555;10240;10228
4001;18592916000;18581655555;19081655555;10240;10228
4002;18593143000;18581655555;19081655555;10240;10228
4003;18593152000;18581733333;19081733333;10240;10228
4004;18633337000;18582011111;19082011111;10240;10228
4005;18633353000;18582011111;19082011111;10240;10228
4006;18633367000;18582011111;19082011111;10240;10228
4007;18633378000;18623322222;19123322222;10240;10228
4008;18633385000;18623322222;19123322222;10240;10228
4009;18633395000;18623322222;19123322222;10240;10228
4010;18633404000;18623322222;19123322222;10240;10228
4011;18633428000;18623322222;19123322222;10240;10228
4012;18633437000;18623322222;19123322222;10240;10228
4013;18633445000;18623322222;19123322222;10240;10228
4014;18633452000;18623400000;19123400000;10240;10228
4004;18633519000;18582011111;19082011111;10240;10228
4005;18633728000;18582011111;19082011111;10240;10228
4006;18633934000;18582011111;19082011111;10240;10228
4007;18633939000;18623322222;19123322222;10240;10228
4008;18634147000;18623322222;19123322222;10240;10228
4009;18634159000;18623322222;19123322222;10240;10228
4010;18634350000;18623322222;19123322222;10240;10228
4011;18634365000;18623322222;19123322222;10240;10228
4012;18634545000;18623322222;19123322222;10240;10228
4013;18634751000;18623322222;19123322222;10240;10228
4015;18674966000;18623722222;19123722222;10240;10228
4016;18674982000;18623722222;19123722222;10240;10228
4017;18674991000;18623722222;19123722222;10240;10228
4018;18675013000;18664955555;19164955555;10240;10228
4019;18675023000;18664955555;19164955555;10240;10228
4020;18675031000;18664955555;19164955555;10240;10228
4021;18675038000;18664955555;19164955555;10240;10228
4022;18675080000;18664955555;19164955555;10240;10228
4023;18675100000;18664955555;19164955555;10240;10228
4024;18675108000;18664955555;19164955555;10240;10228
4025;18675124000;18665033333;19165033333;10240;10228
4015;18675175000;18623722222;19123722222;10240;10228
4016;18675380000;18623722222;19123722222;10240;10228
4017;18675573000;18623722222;19123722222;10240;10228
4018;18675592000;18664955555;19164955555;10240;10228
4019;18675822000;18664955555;19164955555;10240;10228
4020;18675832000;18664955555;19164955555;10240;10228
4021;18675983000;18664955555;19164955555;10240;10228
4022;18676002000;18664955555;19164955555;10240;10228
4023;18676189000;18664955555;19164955555;10240;10228
4024;18676392000;18664955555;19164955555;10240;10228
4025;18676402000;18665033333;19165033333;10240;10228
4014;18695912000;18623400000;19123400000;10240;10228
4026;18716654000;18665355555;19165355555;10240;10228
4027;18716667000;18665355555;19165355555;10240;10228
4028;18716677000;18665355555;19165355555;10240;10228
4029;18716684000;18706622222;19206622222;10240;10228
4030;18716691000;18706622222;19206622222;10240;10228
4031;18716713000;18706622222;19206622222;10240;10228
4032;18716723000;18706622222;19206622222;10240;10228
4033;18716732000;18706622222;19206622222;10240;10228
4034;18716740000;18706622222;19206622222;10240;10228
4035;18716750000;18706622222;19206622222;10240;10228
4036;18716757000;18706700000;19206700000;10240;10228
4026;18716864000;18665355555;19165355555;10240;10228
4027;18717094000;18665355555;19165355555;10240;10228
4028;18717114000;18665355555;19165355555;10240;10228
4029;18717298000;18706622222;19206622222;10240;10228
4030;18717500000;18706622222;19206622222;10240;10228
4031;18717513000;18706622222;19206622222;10240;10228
4032;18717692000;18706622222;19206622222;10240;10228
4033;18717701000;18706622222;19206622222;10240;10228
4034;18717890000;18706622222;19206622222;10240;10228
4035;18718072000;18706622222;19206622222;10240;10228
4036;18718082000;18706700000;19206700000;10240;10228
4037;18758333000;18707000000;19207000000;10240;10228
4038;18758351000;18707000000;19207000000;10240;10228
4039;18758359000;18707000000;19207000000;10240;10228
4040;18758381000;18748322222;19248322222;10240;10228
4041;18758392000;18748322222;19248322222;10240;10228
4042;18758400000;18748322222;19248322222;10240;10228
4043;18758422000;18748322222;19248322222;10240;10228
4044;18758432000;18748322222;19248322222;10240;10228
4045;18758443000;18748322222;19248322222;10240;10228
4046;18758450000;18748322222;19248322222;10240;10228
4047;18758458000;18748411111;19248411111;10240;10228
4037;18758514000;18707000000;19207000000;10240;10228
4038;18758734000;18707000000;19207000000;10240;10228
4039;18758930000;18707000000;19207000000;10240;10228
4040;18758948000;18748322222;19248322222;10240;10228
4041;18759188000;18748322222;19248322222;10240;10228
4042;18759202000;18748322222;19248322222;10240;10228
4043;18759359000;18748322222;19248322222;10240;10228
4044;18759369000;18748322222;19248322222;10240;10228
4045;18759553000;18748322222;19248322222;10240;10228
4046;18759738000;18748322222;19248322222;10240;10228
4047;18759748000;18748411111;19248411111;10240;10228
4048;18799968000;18748711111;19248711111;10240;10228
4049;18799987000;18748711111;19248711111;10240;10228
4050;18799995000;18748711111;19248711111;10240;10228
4051;18800014000;18789955555;19289955555;10240;10228
4052;18800024000;18789955555;19289955555;10240;10228
4053;18800032000;18789955555;19289955555;10240;10228
4054;18800041000;18789955555;19289955555;10240;10228
4055;18800085000;18789955555;19289955555;10240;10228
4056;18800104000;18789955555;19289955555;10240;10228
4057;18800114000;18789955555;19289955555;10240;10228
4058;18800122000;18790033333;19290033333;10240;10228
4048;18800248000;18748711111;19248711111;10240;10228
4049;18800426000;18748711111;19248711111;10240;10228
4050;18800439000;18748711111;19248711111;10240;10228
4051;18800623000;18789955555;19289955555;10240;10228
4052;18800785000;18789955555;19289955555;10240;10228
4053;18800806000;18789955555;19289955555;10240;10228
4055;18801028000;18789955555;19289955555;10240;10228
4056;18801065000;18789955555;19289955555;10240;10228
4057;18801261000;18789955555;19289955555;10240;10228
4058;18801282000;18790033333;19290033333;10240;10228
4054;18821650000;18789955555;19289955555;10240;10228
4059;18841631000;18790355555;19290355555;10240;10228
4060;18841643000;18790355555;19290355555;10240;10228
4061;18841650000;18790355555;19290355555;10240;10228
4062;18841678000;18831622222;19331622222;10240;10228
4065;18841689000;18831622222;19331622222;10240;10228
4066;18841718000;18831622222;19331622222;10240;10228
4067;18841729000;18831622222;19331622222;10240;10228
4068;18841746000;18831622222;19331622222;10240;10228
4069;18841752000;18831700000;19331700000;10240;10228
4059;18841839000;18790355555;19290355555;10240;10228
4060;18842031000;18790355555;19290355555;10240;10228
4061;18842245000;18790355555;19290355555;10240;10228
4062;18842261000;18831622222;19331622222;10240;10228
4063;18842448000;18831622222;19331622222;10240;10228
4064;18842490000;18831622222;19331622222;10240;10228
4065;18842644000;18831622222;19331622222;10240;10228
4066;18842653000;18831622222;19331622222;10240;10228
4067;18842847000;18831622222;19331622222;10240;10228
4068;18843038000;18831622222;19331622222;10240;10228
4069;18843049000;18831700000;19331700000;10240;10228
4063;18861884000;18831622222;19331622222;10240;10228
4064;18861898000;18831622222;19331622222;10240;10228
4070;18883361000;18832000000;19332000000;10240;10228
4071;18883379000;18832000000;19332000000;10240;10228
4072;18883387000;18832000000;19332000000;10240;10228
4073;18883397000;18873288888;19373288888;10240;10228
4074;18883405000;18873288888;19373288888;10240;10228
4075;18883415000;18873288888;19373288888;10240;10228
4076;18883423000;18873288888;19373288888;10240;10228
4077;18883432000;18873288888;19373288888;10240;10228
4078;18883439000;18873288888;19373288888;10240;10228
4070;18883538000;18832000000;19332000000;10240;10228
4079;18883652000;18873288888;19373288888;10240;10228
4080;18883667000;18873366666;19373366666;10240;10228
4071;18883729000;18832000000;19332000000;10240;10228
4072;18883934000;18832000000;19332000000;10240;10228
4073;18883941000;18873288888;19373288888;10240;10228
4074;18884156000;18873288888;19373288888;10240;10228
4075;18884176000;18873288888;19373288888;10240;10228
4076;18884363000;18873288888;19373288888;10240;10228
4077;18884384000;18873288888;19373288888;10240;10228
4078;18884568000;18873288888;19373288888;10240;10228
4079;18884780000;18873288888;19373288888;10240;10228
4080;18884798000;18873366666;19373366666;10240;10228
4081;18924977000;18873666666;19373666666;10240;10228
4082;18924991000;18873666666;19373666666;10240;10228
4083;18924999000;18873666666;19373666666;10240;10228
4084;18925005000;18914966666;19414966666;10240;10228
4085;18925022000;18914966666;19414966666;10240;10228
4086;18925033000;18914966666;19414966666;10240;10228
4087;18925040000;18914966666;19414966666;10240;10228
4088;18925081000;18914966666;19414966666;10240;10228
4089;18925099000;18914966666;19414966666;10240;10228
4090;18925109000;18914966666;19414966666;10240;10228
4091;18925115000;18915044444;19415044444;10240;10228
4081;18925176000;18873666666;19373666666;10240;10228
4082;18925393000;18873666666;19373666666;10240;10228
4083;18925408000;18873666666;19373666666;10240;10228
4084;18925571000;18914966666;19414966666;10240;10228
4085;18925776000;18914966666;19414966666;10240;10228
4086;18925784000;18914966666;19414966666;10240;10228
4087;18925980000;18914966666;19414966666;10240;10228
4088;18925989000;18914966666;19414966666;10240;10228
4089;18926194000;18914966666;19414966666;10240;10228
4090;18926438000;18914966666;19414966666;10240;10228
4091;18926457000;18915044444;19415044444;10240;10228
4092;18966641000;18915366666;19415366666;10240;10228
4093;18966657000;18915366666;19415366666;10240;10228
4094;18966666000;18915366666;19415366666;10240;10228
4095;18966674000;18956622222;19456622222;10240;10228
4096;18966689000;18956622222;19456622222;10240;10228
4097;18966699000;18956622222;19456622222;10240;10228
4098;18966720000;18956622222;19456622222;10240;10228
4099;18966730000;18956622222;19456622222;10240;10228
4100;18966737000;18956622222;19456622222;10240;10228
4101;18966759000;18956622222;19456622222;10240;10228
4102;18966765000;18956711111;19456711111;10240;10228
4092;18966823000;18915366666;19415366666;10240;10228
4095;18967017000;18956622222;19456622222;10240;10228
4096;18967228000;18956622222;19456622222;10240;10228
4097;18967234000;18956622222;19456622222;10240;10228
4098;18967429000;18956622222;19456622222;10240;10228
4099;18967434000;18956622222;19456622222;10240;10228
4100;18967628000;18956622222;19456622222;10240;10228
4101;18967835000;18956622222;19456622222;10240;10228
4093;18987619000;18915366666;19415366666;10240;10228
4094;18987813000;18915366666;19415366666;10240;10228
4103;19008305000;18956988888;19456988888;10240;10228
4104;19008326000;18956988888;19456988888;10240;10228
4105;19008348000;18956988888;19456988888;10240;10228
4106;19008358000;18998288888;19498288888;10240;10228
4107;19008365000;18998288888;19498288888;10240;10228
4108;19008373000;18998288888;19498288888;10240;10228
4109;19008394000;18998288888;19498288888;10240;10228
4110;19008405000;18998288888;19498288888;10240;10228
4111;19008412000;18998288888;19498288888;10240;10228
4112;19008419000;18998288888;19498288888;10240;10228
4113;19008428000;18998366666;19498366666;10240;10228
4103;19008483000;18956988888;19456988888;10240;10228
4104;19008683000;18956988888;19456988888;10240;10228
4105;19008888000;18956988888;19456988888;10240;10228
4106;19008893000;18998288888;19498288888;10240;10228
4107;19009103000;18998288888;19498288888;10240;10228
4108;19009109000;18998288888;19498288888;10240;10228
4109;19009306000;18998288888;19498288888;10240;10228
4110;19009501000;18998288888;19498288888;10240;10228
4111;19009509000;18998288888;19498288888;10240;10228
4112;19009706000;18998288888;19498288888;10240;10228
4113;19009711000;18998366666;19498366666;10240;10228
4102;19029211000;18956711111;19456711111;10240;10228
4114;19049987000;18998688888;19498688888;10240;10228
4115;19049998000;18998688888;19498688888;10240;10228
4116;19050017000;18998688888;19498688888;10240;10228
4117;19050026000;19039955555;19539955555;10240;10228
4118;19050036000;19039955555;19539955555;10240;10228
4119;19050065000;19039955555;19539955555;10240;10228
4120;19050076000;19039955555;19539955555;10240;10228
4121;19050084000;19039955555;19539955555;10240;10228
4122;19050091000;19039955555;19539955555;10240;10228
4123;19050100000;19039955555;19539955555;10240;10228
4124;19050118000;19040044444;19540044444;10240;10228
4114;19050179000;18998688888;19498688888;10240;10228
4115;19050373000;18998688888;19498688888;10240;10228
4116;19050577000;18998688888;19498688888;10240;10228
4117;19050588000;19039955555;19539955555;10240;10228
4118;19050784000;19039955555;19539955555;10240;10228
4119;19050795000;19039955555;19539955555;10240;10228
4120;19050964000;19039955555;19539955555;10240;10228
4121;19051170000;19039955555;19539955555;10240;10228
4122;19051176000;19039955555;19539955555;10240;10228
4123;19051372000;19039955555;19539955555;10240;10228
4124;19051377000;19040044444;19540044444;10240;10228
4125;19091635000;19040366666;19540366666;10240;10228
4126;19091651000;19040366666;19540366666;10240;10228
4127;19091660000;19040366666;19540366666;10240;10228
4128;19091679000;19081622222;19581622222;10240;10228
4129;19091690000;19081622222;19581622222;10240;10228
4130;19091698000;19081622222;19581622222;10240;10228
4131;19091717000;19081622222;19581622222;10240;10228
4132;19091727000;19081622222;19581622222;10240;10228
4133;19091735000;19081622222;19581622222;10240;10228
4134;19091743000;19081622222;19581622222;10240;10228
4135;19091752000;19081700000;19581700000;10240;10228
4125;19091840000;19040366666;19540366666;10240;10228
4126;19092032000;19040366666;19540366666;10240;10228
4127;19092246000;19040366666;19540366666;10240;10228
4128;19092260000;19081622222;19581622222;10240;10228
4129;19092449000;19081622222;19581622222;10240;10228
4130;19092463000;19081622222;19581622222;10240;10228
4131;19092645000;19081622222;19581622222;10240;10228
4132;19092654000;19081622222;19581622222;10240;10228
4133;19092861000;19081622222;19581622222;10240;10228
4134;19093038000;19081622222;19581622222;10240;10228
4135;19093066000;19081700000;19581700000;10240;10228
4136;19133299000;19082000000;19582000000;10240;10228
4137;19133322000;19082000000;19582000000;10240;10228
4138;19133332000;19082000000;19582000000;10240;10228
4139;19133340000;19123288888;19623288888;10240;10228
4140;19133358000;19123288888;19623288888;10240;10228
4141;19133368000;19123288888;19623288888;10240;10228
4142;19133384000;19123288888;19623288888;10240;10228
4143;19133393000;19123288888;19623288888;10240;10228
4144;19133412000;19123288888;19623288888;10240;10228
4145;19133421000;19123288888;19623288888;10240;10228
4146;19133438000;19123377777;19623377777;10240;10228
4136;19133504000;19082000000;19582000000;10240;10228
4137;19133698000;19082000000;19582000000;10240;10228
4138;19133901000;19082000000;19582000000;10240;10228
4139;19133910000;19123288888;19623288888;10240;10228
4140;19134118000;19123288888;19623288888;10240;10228
4141;19134131000;19123288888;19623288888;10240;10228
4142;19134317000;19123288888;19623288888;10240;10228
4143;19134332000;19123288888;19623288888;10240;10228
4144;19134513000;19123288888;19623288888;10240;10228
4145;19134719000;19123288888;19623288888;10240;10228
4146;19134728000;19123377777;19623377777;10240;10228
4147;19174967000;19123666666;19623666666;10240;10228
4148;19174985000;19123666666;19623666666;10240;10228
4149;19174993000;19123666666;19623666666;10240;10228
4150;19175014000;19164955555;19664955555;10240;10228
4151;19175023000;19164955555;19664955555;10240;10228
4152;19175032000;19164955555;19664955555;10240;10228
4153;19175040000;19164955555;19664955555;10240;10228
4154;19175094000;19164955555;19664955555;10240;10228
4155;19175105000;19164955555;19664955555;10240;10228
4156;19175113000;19164955555;19664955555;10240;10228
4157;19175119000;19165033333;19665033333;10240;10228
4147;19175173000;19123666666;19623666666;10240;10228
4148;19175372000;19123666666;19623666666;10240;10228
4149;19175570000;19123666666;19623666666;10240;10228
4150;19175581000;19164955555;19664955555;10240;10228
4151;19175773000;19164955555;19664955555;10240;10228
4152;19175782000;19164955555;19664955555;10240;10228
4153;19175977000;19164955555;19664955555;10240;10228
4154;19175987000;19164955555;19664955555;10240;10228
4155;19176191000;19164955555;19664955555;10240;10228
4156;19176391000;19164955555;19664955555;10240;10228
4157;19176399000;19165033333;19665033333;10240;10228
4158;19216631000;19165344444;19665344444;10240;10228
4159;19216647000;19165344444;19665344444;10240;10228
4160;19216655000;19165344444;19665344444;10240;10228
4161;19216676000;19206622222;19706622222;10240;10228
4162;19216686000;19206622222;19706622222;10240;10228
4163;19216696000;19206622222;19706622222;10240;10228
4164;19216702000;19206622222;19706622222;10240;10228
4165;19216726000;19206622222;19706622222;10240;10228
4166;19216735000;19206622222;19706622222;10240;10228
4167;19216744000;19206622222;19706622222;10240;10228
4168;19216751000;19206711111;19706711111;10240;10228
4158;19216847000;19165344444;19665344444;10240;10228
4159;19217037000;19165344444;19665344444;10240;10228
4160;19217252000;19165344444;19665344444;10240;10228
4161;19217265000;19206622222;19706622222;10240;10228
4162;19217456000;19206622222;19706622222;10240;10228
4163;19217469000;19206622222;19706622222;10240;10228
4164;19217651000;19206622222;19706622222;10240;10228
4165;19217661000;19206622222;19706622222;10240;10228
4166;19217855000;19206622222;19706622222;10240;10228
4167;19218061000;19206622222;19706622222;10240;10228
4168;19218066000;19206711111;19706711111;10240;10228
4169;19258305000;19206988888;19706988888;10240;10228
4170;19258318000;19206988888;19706988888;10240;10228
4171;19258327000;19206988888;19706988888;10240;10228
4172;19258349000;19248288888;19748288888;10240;10228
4173;19258360000;19248288888;19748288888;10240;10228
4174;19258368000;19248288888;19748288888;10240;10228
4175;19258389000;19248288888;19748288888;10240;10228
4176;19258398000;19248288888;19748288888;10240;10228
4177;19258406000;19248288888;19748288888;10240;10228
4178;19258415000;19248288888;19748288888;10240;10228
4179;19258432000;19248366666;19748366666;10240;10228
4169;19258506000;19206988888;19706988888;10240;10228
4170;19258697000;19206988888;19706988888;10240;10228
4171;19258902000;19206988888;19706988888;10240;10228
4172;19258906000;19248288888;19748288888;10240;10228
4173;19259119000;19248288888;19748288888;10240;10228
4174;19259130000;19248288888;19748288888;10240;10228
4175;19259318000;19248288888;19748288888;10240;10228
4176;19259332000;19248288888;19748288888;10240;10228
4177;19259514000;19248288888;19748288888;10240;10228
4178;19259719000;19248288888;19748288888;10240;10228
4179;19259729000;19248366666;19748366666;10240;10228
4180;19299958000;19248700000;19748700000;10240;10228
4181;19299974000;19248700000;19748700000;10240;10228
4182;19299981000;19248700000;19748700000;10240;10228
4183;19300008000;19289966666;19789966666;10240;10228
4184;19300019000;19289966666;19789966666;10240;10228
4186;19300027000;19289966666;19789966666;10240;10228
4187;19300081000;19289966666;19789966666;10240;10228
4188;19300091000;19289966666;19789966666;10240;10228
4189;19300096000;19289966666;19789966666;10240;10228
4190;19300104000;19290044444;19790044444;10240;10228
4180;19300174000;19248700000;19748700000;10240;10228
4181;19300374000;19248700000;19748700000;10240;10228
4182;19300570000;19248700000;19748700000;10240;10228
4183;19300580000;19289966666;19789966666;10240;10228
4184;19300774000;19289966666;19789966666;10240;10228
4185;19300784000;19289966666;19789966666;10240;10228
4186;19300981000;19289966666;19789966666;10240;10228
4187;19300987000;19289966666;19789966666;10240;10228
4188;19301193000;19289966666;19789966666;10240;10228
4189;19301391000;19289966666;19789966666;10240;10228
4190;19301396000;19290044444;19790044444;10240;10228
4191;19341628000;19290366666;19790366666;10240;10228
4192;19341640000;19290366666;19790366666;10240;10228
4193;19341648000;19290366666;19790366666;10240;10228
4194;19341679000;19331633333;19831633333;10240;10228
4195;19341688000;19331633333;19831633333;10240;10228
4196;19341698000;19331633333;19831633333;10240;10228
4197;19341705000;19331633333;19831633333;10240;10228
4198;19341725000;19331633333;19831633333;10240;10228
4199;19341734000;19331633333;19831633333;10240;10228
4200;19341741000;19331633333;19831633333;10240;10228
4201;19341749000;19331711111;19831711111;10240;10228
4191;19341843000;19290366666;19790366666;10240;10228
4192;19342032000;19290366666;19790366666;10240;10228
4193;19342247000;19290366666;19790366666;10240;10228
4194;19342261000;19331633333;19831633333;10240;10228
4195;19342452000;19331633333;19831633333;10240;10228
4196;19342466000;19331633333;19831633333;10240;10228
4197;19342646000;19331633333;19831633333;10240;10228
4198;19342655000;19331633333;19831633333;10240;10228
4199;19342849000;19331633333;19831633333;10240;10228
4200;19343040000;19331633333;19831633333;10240;10228
4201;19343062000;19331711111;19831711111;10240;10228
4185;19361866000;19289966666;19789966666;10240;10228
4202;19383331000;19332000000;19832000000;10240;10228
4203;19383346000;19332000000;19832000000;10240;10228
4204;19383356000;19332000000;19832000000;10240;10228
4205;19383363000;19373300000;19873300000;10240;10228
4206;19383370000;19373300000;19873300000;10240;10228
4207;19383393000;19373300000;19873300000;10240;10228
4208;19383403000;19373300000;19873300000;10240;10228
4209;19383410000;19373300000;19873300000;10240;10228
4210;19383419000;19373300000;19873300000;10240;10228
4211;19383427000;19373300000;19873300000;10240;10228
4212;19383436000;19373377777;19873377777;10240;10228
4202;19383535000;19332000000;19832000000;10240;10228
4203;19383743000;19332000000;19832000000;10240;10228
4204;19383762000;19332000000;19832000000;10240;10228
4205;19383947000;19373300000;19873300000;10240;10228
4206;19384158000;19373300000;19873300000;10240;10228
4207;19384169000;19373300000;19873300000;10240;10228
4208;19384362000;19373300000;19873300000;10240;10228
4209;19384372000;19373300000;19873300000;10240;10228
4210;19384573000;19373300000;19873300000;10240;10228
4211;19384764000;19373300000;19873300000;10240;10228
4212;19384792000;19373377777;19873377777;10240;10228
4213;19424968000;19373700000;19873700000;10240;10228
4214;19424983000;19373700000;19873700000;10240;10228
4215;19424991000;19373700000;19873700000;10240;10228
4216;19425015000;19414955555;19914955555;10240;10228
4217;19425024000;19414955555;19914955555;10240;10228
4218;19425032000;19414955555;19914955555;10240;10228
4219;19425040000;19414955555;19914955555;10240;10228
4220;19425082000;19414955555;19914955555;10240;10228
4221;19425100000;19414955555;19914955555;10240;10228
4222;19425107000;19414955555;19914955555;10240;10228
4223;19425113000;19415033333;19915033333;10240;10228
4213;19425173000;19373700000;19873700000;10240;10228
4214;19425371000;19373700000;19873700000;10240;10228
4215;19425568000;19373700000;19873700000;10240;10228
4216;19425579000;19414955555;19914955555;10240;10228
4217;19425773000;19414955555;19914955555;10240;10228
4218;19425782000;19414955555;19914955555;10240;10228
4219;19425978000;19414955555;19914955555;10240;10228
4220;19425983000;19414955555;19914955555;10240;10228
4221;19426190000;19414955555;19914955555;10240;10228
4222;19426388000;19414955555;19914955555;10240;10228
4223;19426394000;19415033333;19915033333;10240;10228
4224;19466632000;19415366666;19915366666;10240;10228
4225;19466647000;19415366666;19915366666;10240;10228
4226;19466655000;19415366666;19915366666;10240;10228
4227;19466681000;19456622222;19956622222;10240;10228
4228;19466691000;19456622222;19956622222;10240;10228
4229;19466700000;19456622222;19956622222;10240;10228
4230;19466707000;19456622222;19956622222;10240;10228
4231;19466731000;19456622222;19956622222;10240;10228
4232;19466740000;19456622222;19956622222;10240;10228
4233;19466748000;19456622222;19956622222;10240;10228
4234;19466758000;19456700000;19956700000;10240;10228
4224;19466837000;19415366666;19915366666;10240;10228
4225;19467031000;19415366666;19915366666;10240;10228
4226;19467245000;19415366666;19915366666;10240;10228
4227;19467261000;19456622222;19956622222;10240;10228
4228;19467449000;19456622222;19956622222;10240;10228
4229;19467466000;19456622222;19956622222;10240;10228
4230;19467644000;19456622222;19956622222;10240;10228
4231;19467656000;19456622222;19956622222;10240;10228
4232;19467849000;19456622222;19956622222;10240;10228
4233;19468040000;19456622222;19956622222;10240;10228
4234;19468063000;19456700000;19956700000;10240;10228
4235;19508298000;19457000000;19957000000;10240;10228
4236;19508311000;19457000000;19957000000;10240;10228
4237;19508319000;19457000000;19957000000;10240;10228
4238;19508344000;19498288888;19998288888;10240;10228
4239;19508354000;19498288888;19998288888;10240;10228
4240;19508364000;19498288888;19998288888;10240;10228
4241;19508372000;19498288888;19998288888;10240;10228
4242;19508394000;19498288888;19998288888;10240;10228
4243;19508402000;19498288888;19998288888;10240;10228
4244;19508414000;19498288888;19998288888;10240;10228
4245;19508422000;19498366666;19998366666;10240;10228
4235;19508489000;19457000000;19957000000;10240;10228
4236;19508683000;19457000000;19957000000;10240;10228
4237;19508887000;19457000000;19957000000;10240;10228
4238;19508898000;19498288888;19998288888;10240;10228
4239;19509096000;19498288888;19998288888;10240;10228
4240;19509103000;19498288888;19998288888;10240;10228
4241;19509297000;19498288888;19998288888;10240;10228
4242;19509504000;19498288888;19998288888;10240;10228
4243;19509509000;19498288888;19998288888;10240;10228
4244;19509708000;19498288888;19998288888;10240;10228
4245;19509713000;19498366666;19998366666;10240;10228
4246;19549972000;19498700000;19998700000;10240;10228
4247;19549986000;19498700000;19998700000;10240;10228
4248;19549995000;19498700000;19998700000;10240;10228
4249;19550013000;19539955555;20039955555;10240;10228
4250;19550024000;19539955555;20039955555;10240;10228
4251;19550031000;19539955555;20039955555;10240;10228
4252;19550041000;19539955555;20039955555;10240;10228
4253;19550094000;19539955555;20039955555;10240;10228
4254;19550103000;19539955555;20039955555;10240;10228
4255;19550111000;19539955555;20039955555;10240;10228
4256;19550128000;19540033333;20040033333;10240;10228
4246;19550152000;19498700000;19998700000;10240;10228
4247;19550348000;19498700000;19998700000;10240;10228
4248;19550555000;19498700000;19998700000;10240;10228
4249;19550561000;19539955555;20039955555;10240;10228
4250;19550762000;19539955555;20039955555;10240;10228
4251;19550766000;19539955555;20039955555;10240;10228
4252;19550964000;19539955555;20039955555;10240;10228
4253;19551193000;19539955555;20039955555;10240;10228
4254;19551203000;19539955555;20039955555;10240;10228
4255;19551375000;19539955555;20039955555;10240;10228
4256;19551379000;19540033333;20040033333;10240;10228
4257;19591640000;19540355555;20040355555;10240;10228
4258;19591656000;19540355555;20040355555;10240;10228
4259;19591666000;19540355555;20040355555;10240;10228
4260;19591674000;19581633333;20081633333;10240;10228
4261;19591690000;19581633333;20081633333;10240;10228
4262;19591698000;19581633333;20081633333;10240;10228
4263;19591720000;19581633333;20081633333;10240;10228
4264;19591729000;19581633333;20081633333;10240;10228
4265;19591736000;19581633333;20081633333;10240;10228
4266;19591752000;19581633333;20081633333;10240;10228
4257;19591838000;19540355555;20040355555;10240;10228
4258;19592035000;19540355555;20040355555;10240;10228
4259;19592248000;19540355555;20040355555;10240;10228
4260;19592260000;19581633333;20081633333;10240;10228
4261;19592451000;19581633333;20081633333;10240;10228
4262;19592462000;19581633333;20081633333;10240;10228
4263;19592655000;19581633333;20081633333;10240;10228
4264;19592839000;19581633333;20081633333;10240;10228
4265;19592844000;19581633333;20081633333;10240;10228
4266;19593049000;19581633333;20081633333;10240;10228
4267;19593055000;19581711111;20081711111;10240;10228
4270;19633310000;19581988888;20081988888;10240;10228
4271;19633338000;19623288888;20123288888;10240;10228
4272;19633367000;19623288888;20123288888;10240;10228
4273;19633378000;19623288888;20123288888;10240;10228
4274;19633394000;19623288888;20123288888;10240;10228
4275;19633404000;19623288888;20123288888;10240;10228
4276;19633412000;19623288888;20123288888;10240;10228
4277;19633422000;19623288888;20123288888;10240;10228
4278;19633429000;19623366666;20123366666;10240;10228
4268;19633495000;19581988888;20081988888;10240;10228
4269;19633688000;19581988888;20081988888;10240;10228
4270;19633897000;19581988888;20081988888;10240;10228
4271;19633902000;19623288888;20123288888;10240;10228
4272;19634100000;19623288888;20123288888;10240;10228
4273;19634106000;19623288888;20123288888;10240;10228
4274;19634302000;19623288888;20123288888;10240;10228
4275;19634507000;19623288888;20123288888;10240;10228
4276;19634514000;19623288888;20123288888;10240;10228
4277;19634712000;19623288888;20123288888;10240;10228
4278;19634716000;19623366666;20123366666;10240;10228
4267;19653533000;19581711111;20081711111;10240;10228
4268;19653547000;19581988888;20081988888;10240;10228
4269;19653557000;19581988888;20081988888;10240;10228
4279;19674995000;19623711111;20123711111;10240;10228
4280;19675013000;19623711111;20123711111;10240;10228
4281;19675022000;19623711111;20123711111;10240;10228
4282;19675029000;19664955555;20164955555;10240;10228
4283;19675037000;19664955555;20164955555;10240;10228
4284;19675065000;19664955555;20164955555;10240;10228
4285;19675076000;19664955555;20164955555;10240;10228
4286;19675085000;19664955555;20164955555;10240;10228
4287;19675096000;19664955555;20164955555;10240;10228
4288;19675104000;19664955555;20164955555;10240;10228
4289;19675114000;19665033333;20165033333;10240;10228
4279;19675187000;19623711111;20123711111;10240;10228
4280;19675378000;19623711111;20123711111;10240;10228
4281;19675581000;19623711111;20123711111;10240;10228
4282;19675596000;19664955555;20164955555;10240;10228
4283;19675776000;19664955555;20164955555;10240;10228
4284;19675786000;19664955555;20164955555;10240;10228
4285;19675979000;19664955555;20164955555;10240;10228
4286;19676195000;19664955555;20164955555;10240;10228
4287;19676211000;19664955555;20164955555;10240;10228
4288;19676399000;19664955555;20164955555;10240;10228
4289;19676414000;19665033333;20165033333;10240;10228
4290;19716655000;19665355555;20165355555;10240;10228
4291;19716670000;19665355555;20165355555;10240;10228
4292;19716678000;19665355555;20165355555;10240;10228
4293;19716686000;19706622222;20206622222;10240;10228
4294;19716693000;19706622222;20206622222;10240;10228
4295;19716716000;19706622222;20206622222;10240;10228
4296;19716725000;19706622222;20206622222;10240;10228
4297;19716732000;19706622222;20206622222;10240;10228
4298;19716740000;19706622222;20206622222;10240;10228
4299;19716749000;19706622222;20206622222;10240;10228
4300;19716757000;19706700000;20206700000;10240;10228
4290;19716865000;19665355555;20165355555;10240;10228
4291;19717086000;19665355555;20165355555;10240;10228
4292;19717096000;19665355555;20165355555;10240;10228
4293;19717321000;19706622222;20206622222;10240;10228
4294;19717499000;19706622222;20206622222;10240;10228
4295;19717514000;19706622222;20206622222;10240;10228
4296;19717705000;19706622222;20206622222;10240;10228
4297;19717730000;19706622222;20206622222;10240;10228
4298;19717907000;19706622222;20206622222;10240;10228
4299;19718072000;19706622222;20206622222;10240;10228
4300;19718082000;19706700000;20206700000;10240;10228
4301;19758332000;19707011111;20207011111;10240;10228
4302;19758350000;19707011111;20207011111;10240;10228
4303;19758359000;19707011111;20207011111;10240;10228
4304;19758380000;19748322222;20248322222;10240;10228
4305;19758389000;19748322222;20248322222;10240;10228
4306;19758398000;19748322222;20248322222;10240;10228
4307;19758418000;19748322222;20248322222;10240;10228
4308;19758429000;19748322222;20248322222;10240;10228
4309;19758437000;19748322222;20248322222;10240;10228
4310;19758445000;19748322222;20248322222;10240;10228
4311;19758457000;19748411111;20248411111;10240;10228
4301;19758525000;19707011111;20207011111;10240;10228
4302;19758715000;19707011111;20207011111;10240;10228
4303;19758931000;19707011111;20207011111;10240;10228
4304;19758964000;19748322222;20248322222;10240;10228
4305;19759199000;19748322222;20248322222;10240;10228
4306;19759214000;19748322222;20248322222;10240;10228
4307;19759395000;19748322222;20248322222;10240;10228
4308;19759407000;19748322222;20248322222;10240;10228
4309;19759598000;19748322222;20248322222;10240;10228
4310;19759815000;19748322222;20248322222;10240;10228
4311;19759833000;19748411111;20248411111;10240;10228
4312;19799979000;19748722222;20248722222;10240;10228
4313;19799989000;19748722222;20248722222;10240;10228
4314;19800002000;19748722222;20248722222;10240;10228
4315;19800015000;19789955555;20289955555;10240;10228
4316;19800024000;19789955555;20289955555;10240;10228
4317;19800035000;19789955555;20289955555;10240;10228
4318;19800042000;19789955555;20289955555;10240;10228
4319;19800095000;19789955555;20289955555;10240;10228
4320;19800103000;19789955555;20289955555;10240;10228
4321;19800111000;19789955555;20289955555;10240;10228
4322;19800118000;19790044444;20290044444;10240;10228
4312;19800239000;19748722222;20248722222;10240;10228
4313;19800425000;19748722222;20248722222;10240;10228
4314;19800440000;19748722222;20248722222;10240;10228
4315;19800620000;19789955555;20289955555;10240;10228
4316;19800826000;19789955555;20289955555;10240;10228
4317;19800838000;19789955555;20289955555;10240;10228
4318;19801020000;19789955555;20289955555;10240;10228
4319;19801031000;19789955555;20289955555;10240;10228
4320;19801220000;19789955555;20289955555;10240;10228
4321;19801452000;19789955555;20289955555;10240;10228
4322;19801464000;19790044444;20290044444;10240;10228
4323;19841640000;19790366666;20290366666;10240;10228
4324;19841656000;19790366666;20290366666;10240;10228
4325;19841665000;19790366666;20290366666;10240;10228
4326;19841683000;19831633333;20331633333;10240;10228
4327;19841693000;19831633333;20331633333;10240;10228
4328;19841701000;19831633333;20331633333;10240;10228
4329;19841720000;19831633333;20331633333;10240;10228
4330;19841731000;19831633333;20331633333;10240;10228
4331;19841738000;19831633333;20331633333;10240;10228
4332;19841747000;19831633333;20331633333;10240;10228
4333;19841754000;19831711111;20331711111;10240;10228
4323;19841842000;19790366666;20290366666;10240;10228
4324;19842034000;19790366666;20290366666;10240;10228
4325;19842249000;19790366666;20290366666;10240;10228
4326;19842261000;19831633333;20331633333;10240;10228
4327;19842455000;19831633333;20331633333;10240;10228
4328;19842465000;19831633333;20331633333;10240;10228
4329;19842631000;19831633333;20331633333;10240;10228
4330;19842851000;19831633333;20331633333;10240;10228
4331;19842859000;19831633333;20331633333;10240;10228
4332;19843048000;19831633333;20331633333;10240;10228
4333;19843054000;19831711111;20331711111;10240;10228
4334;19883295000;19832000000;20332000000;10240;10228
4335;19883306000;19832000000;20332000000;10240;10228
4336;19883313000;19832000000;20332000000;10240;10228
4338;19883385000;19873288888;20373288888;10240;10228
4339;19883418000;19873288888;20373288888;10240;10228
4340;19883426000;19873288888;20373288888;10240;10228
4341;19883436000;19873288888;20373288888;10240;10228
4342;19883453000;19873288888;20373288888;10240;10228
4343;19883462000;19873288888;20373288888;10240;10228
4344;19883480000;19873377777;20373377777;10240;10228
4334;19883532000;19832000000;20332000000;10240;10228
4335;19883738000;19832000000;20332000000;10240;10228
4336;19883743000;19832000000;20332000000;10240;10228
4337;19883937000;19873288888;20373288888;10240;10228
4338;19884156000;19873288888;20373288888;10240;10228
4339;19884167000;19873288888;20373288888;10240;10228
4340;19884320000;19873288888;20373288888;10240;10228
4341;19884336000;19873288888;20373288888;10240;10228
4342;19884515000;19873288888;20373288888;10240;10228
4343;19884721000;19873288888;20373288888;10240;10228
4344;19884732000;19873377777;20373377777;10240;10228
4345;19924972000;19873677777;20373677777;10240;10228
4346;19924987000;19873677777;20373677777;10240;10228
4347;19924995000;19873677777;20373677777;10240;10228
4348;19925018000;19914955555;20414955555;10240;10228
4349;19925028000;19914955555;20414955555;10240;10228
4350;19925037000;19914955555;20414955555;10240;10228
4351;19925063000;19914955555;20414955555;10240;10228
4352;19925083000;19914955555;20414955555;10240;10228
4353;19925090000;19914955555;20414955555;10240;10228
4354;19925101000;19914955555;20414955555;10240;10228
4355;19925109000;19915044444;20415044444;10240;10228
4345;19925172000;19873677777;20373677777;10240;10228
4346;19925372000;19873677777;20373677777;10240;10228
4347;19925580000;19873677777;20373677777;10240;10228
4348;19925590000;19914955555;20414955555;10240;10228
4349;19925773000;19914955555;20414955555;10240;10228
4350;19925783000;19914955555;20414955555;10240;10228
4351;19925977000;19914955555;20414955555;10240;10228
4352;19925986000;19914955555;20414955555;10240;10228
4353;19926191000;19914955555;20414955555;10240;10228
4354;19926393000;19914955555;20414955555;10240;10228
4355;19926398000;19915044444;20415044444;10240;10228
4356;19966640000;19915377777;20415377777;10240;10228
4357;19966654000;19915377777;20415377777;10240;10228
4358;19966663000;19915377777;20415377777;10240;10228
4359;19966684000;19956622222;20456622222;10240;10228
4361;19966694000;19956622222;20456622222;10240;10228
4362;19966705000;19956622222;20456622222;10240;10228
4363;19966712000;19956622222;20456622222;10240;10228
4364;19966745000;19956622222;20456622222;10240;10228
4365;19966754000;19956622222;20456622222;10240;10228
4366;19966763000;19956711111;20456711111;10240;10228
4356;19966864000;19915377777;20415377777;10240;10228
4357;19967031000;19915377777;20415377777;10240;10228
4358;19967287000;19915377777;20415377777;10240;10228
4359;19967308000;19956622222;20456622222;10240;10228
4360;19967487000;19956622222;20456622222;10240;10228
4361;19967522000;19956622222;20456622222;10240;10228
4362;19967689000;19956622222;20456622222;10240;10228
4363;19967708000;19956622222;20456622222;10240;10228
4364;19967886000;19956622222;20456622222;10240;10228
4365;19968063000;19956622222;20456622222;10240;10228
4366;19968082000;19956711111;20456711111;10240;10228
4337;19987068000;19873288888;20373288888;10240;10228
4360;19987085000;19956622222;20456622222;10240;10228
4367;20008359000;19957000000;20457000000;10240;10228
4368;20008377000;19957000000;20457000000;10240;10228
4369;20008386000;19957000000;20457000000;10240;10228
4370;20008394000;19998288888;20498288888;10240;10228
4371;20008403000;19998288888;20498288888;10240;10228
4372;20008412000;19998288888;20498288888;10240;10228
4373;20008422000;19998288888;20498288888;10240;10228
4374;20008430000;19998288888;20498288888;10240;10228
4375;20008437000;19998288888;20498288888;10240;10228
4367;20008535000;19957000000;20457000000;10240;10228
4376;20008655000;19998288888;20498288888;10240;10228
4377;20008668000;19998377777;20498377777;10240;10228
4368;20008733000;19957000000;20457000000;10240;10228
4369;20008939000;19957000000;20457000000;10240;10228
4370;20008946000;19998288888;20498288888;10240;10228
4371;20009157000;19998288888;20498288888;10240;10228
4372;20009178000;19998288888;20498288888;10240;10228
4373;20009354000;19998288888;20498288888;10240;10228
4374;20009360000;19998288888;20498288888;10240;10228
4375;20009593000;19998288888;20498288888;10240;10228
4376;20009764000;19998288888;20498288888;10240;10228
4377;20009784000;19998377777;20498377777;10240;10228
4378;20049995000;19998722222;20498722222;10240;10228
4379;20050006000;19998722222;20498722222;10240;10228
4380;20050010000;19998722222;20498722222;10240;10228
4381;20050015000;20039977777;20539977777;10240;10228
4382;20050019000;20039977777;20539977777;10240;10228
4384;20050025000;20039977777;20539977777;10240;10228
4385;20050033000;20039977777;20539977777;10240;10228
4386;20050161000;20039977777;20539977777;10240;10228
4387;20050171000;20039977777;20539977777;10240;10228
4388;20050185000;20040066666;20540066666;10240;10228
4378;20050189000;19998722222;20498722222;10240;10228
4379;20050427000;19998722222;20498722222;10240;10228
4380;20050448000;19998722222;20498722222;10240;10228
4381;20050632000;20039977777;20539977777;10240;10228
4382;20050830000;20039977777;20539977777;10240;10228
4383;20050840000;20039977777;20539977777;10240;10228
4384;20051000000;20039977777;20539977777;10240;10228
4385;20051239000;20039977777;20539977777;10240;10228
4386;20051259000;20039977777;20539977777;10240;10228
4387;20051441000;20039977777;20539977777;10240;10228
4388;20051462000;20040066666;20540066666;10240;10228
4383;20070307000;20039977777;20539977777;10240;10228
4389;20091658000;20040400000;20540400000;10240;10228
4390;20091669000;20040400000;20540400000;10240;10228
4391;20091674000;20040400000;20540400000;10240;10228
4392;20091679000;20081622222;20581622222;10240;10228
4393;20091683000;20081622222;20581622222;10240;10228
4394;20091745000;20081622222;20581622222;10240;10228
4395;20091755000;20081622222;20581622222;10240;10228
4396;20091760000;20081622222;20581622222;10240;10228
4397;20091763000;20081622222;20581622222;10240;10228
4398;20091777000;20081622222;20581622222;10240;10228
4399;20091781000;20081700000;20581700000;10240;10228
4389;20091877000;20040400000;20540400000;10240;10228
4390;20092037000;20040400000;20540400000;10240;10228
4391;20092287000;20040400000;20540400000;10240;10228
4392;20092307000;20081622222;20581622222;10240;10228
4393;20092482000;20081622222;20581622222;10240;10228
4394;20092503000;20081622222;20581622222;10240;10228
4395;20092687000;20081622222;20581622222;10240;10228
4396;20092707000;20081622222;20581622222;10240;10228
4397;20092876000;20081622222;20581622222;10240;10228
4398;20093053000;20081622222;20581622222;10240;10228
4399;20093069000;20081700000;20581700000;10240;10228
4400;20133323000;20082000000;20582000000;10240;10228
4401;20133334000;20082000000;20582000000;10240;10228
4402;20133339000;20082000000;20582000000;10240;10228
4403;20133342000;20123300000;20623300000;10240;10228
4404;20133346000;20123300000;20623300000;10240;10228
4405;20133351000;20123300000;20623300000;10240;10228
4406;20133359000;20123300000;20623300000;10240;10228
4407;20133411000;20123300000;20623300000;10240;10228
4408;20133416000;20123300000;20623300000;10240;10228
4409;20133421000;20123300000;20623300000;10240;10228
4410;20133425000;20123377777;20623377777;10240;10228
4400;20133527000;20082000000;20582000000;10240;10228
4401;20133704000;20082000000;20582000000;10240;10228
4402;20133933000;20082000000;20582000000;10240;10228
4403;20133943000;20123300000;20623300000;10240;10228
4404;20134155000;20123300000;20623300000;10240;10228
4405;20134165000;20123300000;20623300000;10240;10228
4406;20134368000;20123300000;20623300000;10240;10228
4407;20134388000;20123300000;20623300000;10240;10228
4408;20134520000;20123300000;20623300000;10240;10228
4409;20134724000;20123300000;20623300000;10240;10228
4410;20134729000;20123377777;20623377777;10240;10228
4411;20174985000;20123688888;20623688888;10240;10228
4412;20174994000;20123688888;20623688888;10240;10228
4413;20174999000;20123688888;20623688888;10240;10228
4414;20175003000;20164955555;20664955555;10240;10228
4415;20175015000;20164955555;20664955555;10240;10228
4416;20175020000;20164955555;20664955555;10240;10228
4417;20175025000;20164955555;20664955555;10240;10228
4418;20175117000;20164955555;20664955555;10240;10228
4419;20175128000;20164955555;20664955555;10240;10228
4420;20175143000;20164955555;20664955555;10240;10228
4421;20175147000;20165033333;20665033333;10240;10228
4411;20175211000;20123688888;20623688888;10240;10228
4412;20175396000;20123688888;20623688888;10240;10228
4413;20175596000;20123688888;20623688888;10240;10228
4414;20175615000;20164955555;20664955555;10240;10228
4415;20175800000;20164955555;20664955555;10240;10228
4416;20175818000;20164955555;20664955555;10240;10228
4417;20176005000;20164955555;20664955555;10240;10228
4418;20176014000;20164955555;20664955555;10240;10228
4419;20176215000;20164955555;20664955555;10240;10228
4420;20176413000;20164955555;20664955555;10240;10228
4421;20176433000;20165033333;20665033333;10240;10228
4422;20216636000;20165355555;20665355555;10240;10228
4423;20216647000;20165355555;20665355555;10240;10228
4424;20216653000;20165355555;20665355555;10240;10228
4425;20216656000;20206622222;20706622222;10240;10228
4426;20216662000;20206622222;20706622222;10240;10228
4427;20216671000;20206622222;20706622222;10240;10228
4428;20216676000;20206622222;20706622222;10240;10228
4429;20216764000;20206622222;20706622222;10240;10228
4430;20216776000;20206622222;20706622222;10240;10228
4431;20216790000;20206622222;20706622222;10240;10228
4432;20216794000;20206700000;20706700000;10240;10228
4422;20216868000;20165355555;20665355555;10240;10228
4423;20217081000;20165355555;20665355555;10240;10228
4424;20217103000;20165355555;20665355555;10240;10228
4425;20217281000;20206622222;20706622222;10240;10228
4426;20217492000;20206622222;20706622222;10240;10228
4427;20217501000;20206622222;20706622222;10240;10228
4428;20217687000;20206622222;20706622222;10240;10228
4429;20217706000;20206622222;20706622222;10240;10228
4430;20217884000;20206622222;20706622222;10240;10228
4431;20218068000;20206622222;20706622222;10240;10228
4432;20218089000;20206700000;20706700000;10240;10228
4433;20258294000;20207000000;20707000000;10240;10228
4434;20258307000;20207000000;20707000000;10240;10228
4435;20258312000;20207000000;20707000000;10240;10228
4436;20258321000;20248288888;20748288888;10240;10228
4437;20258327000;20248288888;20748288888;10240;10228
4438;20258337000;20248288888;20748288888;10240;10228
4439;20258399000;20248288888;20748288888;10240;10228
4440;20258408000;20248288888;20748288888;10240;10228
4441;20258413000;20248288888;20748288888;10240;10228
4442;20258417000;20248288888;20748288888;10240;10228
4443;20258421000;20248366666;20748366666;10240;10228
4433;20258531000;20207000000;20707000000;10240;10228
4434;20258734000;20207000000;20707000000;10240;10228
4435;20258928000;20207000000;20707000000;10240;10228
4436;20258939000;20248288888;20748288888;10240;10228
4437;20259141000;20248288888;20748288888;10240;10228
4438;20259152000;20248288888;20748288888;10240;10228
4439;20259347000;20248288888;20748288888;10240;10228
4440;20259357000;20248288888;20748288888;10240;10228
4441;20259533000;20248288888;20748288888;10240;10228
4442;20259736000;20248288888;20748288888;10240;10228
4443;20259753000;20248366666;20748366666;10240;10228
4444;20299984000;20248700000;20748700000;10240;10228
4445;20300004000;20248700000;20748700000;10240;10228
4446;20300009000;20248700000;20748700000;10240;10228
4447;20300019000;20289955555;20789955555;10240;10228
4448;20300024000;20289955555;20789955555;10240;10228
4449;20300029000;20289955555;20789955555;10240;10228
4450;20300033000;20289955555;20789955555;10240;10228
4451;20300094000;20289955555;20789955555;10240;10228
4452;20300107000;20289955555;20789955555;10240;10228
4453;20300111000;20289955555;20789955555;10240;10228
4454;20300115000;20290044444;20790044444;10240;10228
4444;20300185000;20248700000;20748700000;10240;10228
4445;20300385000;20248700000;20748700000;10240;10228
4446;20300585000;20248700000;20748700000;10240;10228
4447;20300593000;20289955555;20789955555;10240;10228
4448;20300788000;20289955555;20789955555;10240;10228
4449;20300795000;20289955555;20789955555;10240;10228
4450;20300993000;20289955555;20789955555;10240;10228
4451;20300999000;20289955555;20789955555;10240;10228
4452;20301195000;20289955555;20789955555;10240;10228
4453;20301440000;20289955555;20789955555;10240;10228
4455;20341652000;20290377777;20790377777;10240;10228
4456;20341662000;20290377777;20790377777;10240;10228
4457;20341667000;20290377777;20790377777;10240;10228
4458;20341670000;20331622222;20831622222;10240;10228
4459;20341676000;20331622222;20831622222;10240;10228
4460;20341680000;20331622222;20831622222;10240;10228
4461;20341685000;20331622222;20831622222;10240;10228
4462;20341718000;20331622222;20831622222;10240;10228
4463;20341728000;20331622222;20831622222;10240;10228
4464;20341732000;20331622222;20831622222;10240;10228
4465;20341739000;20331700000;20831700000;10240;10228
4456;20341861000;20290377777;20790377777;10240;10228
4457;20342056000;20290377777;20790377777;10240;10228
4459;20342272000;20331622222;20831622222;10240;10228
4460;20342293000;20331622222;20831622222;10240;10228
4461;20342468000;20331622222;20831622222;10240;10228
4462;20342487000;20331622222;20831622222;10240;10228
4463;20342672000;20331622222;20831622222;10240;10228
4464;20342691000;20331622222;20831622222;10240;10228
4465;20342875000;20331700000;20831700000;10240;10228
4454;20362627000;20290044444;20790044444;10240;10228
4455;20362834000;20290377777;20790377777;10240;10228
4458;20363026000;20331622222;20831622222;10240;10228
4466;20383317000;20331988888;20831988888;10240;10228
4467;20383329000;20331988888;20831988888;10240;10228
4468;20383334000;20331988888;20831988888;10240;10228
4469;20383339000;20373288888;20873288888;10240;10228
4470;20383347000;20373288888;20873288888;10240;10228
4471;20383353000;20373288888;20873288888;10240;10228
4472;20383357000;20373288888;20873288888;10240;10228
4473;20383421000;20373288888;20873288888;10240;10228
4474;20383431000;20373288888;20873288888;10240;10228
4475;20383436000;20373288888;20873288888;10240;10228
4476;20383439000;20373377777;20873377777;10240;10228
4466;20383540000;20331988888;20831988888;10240;10228
4467;20383733000;20331988888;20831988888;10240;10228
4468;20383927000;20331988888;20831988888;10240;10228
4469;20383939000;20373288888;20873288888;10240;10228
4470;20384140000;20373288888;20873288888;10240;10228
4472;20384152000;20373288888;20873288888;10240;10228
4473;20384345000;20373288888;20873288888;10240;10228
4474;20384367000;20373288888;20873288888;10240;10228
4475;20384542000;20373288888;20873288888;10240;10228
4476;20384563000;20373377777;20873377777;10240;10228
4471;20404787000;20373288888;20873288888;10240;10228
4477;20424998000;20373700000;20873700000;10240;10228
4478;20425007000;20373700000;20873700000;10240;10228
4479;20425013000;20373700000;20873700000;10240;10228
4480;20425017000;20415000000;20915000000;10240;10228
4481;20425022000;20415000000;20915000000;10240;10228
4482;20425032000;20415000000;20915000000;10240;10228
4483;20425037000;20415000000;20915000000;10240;10228
4484;20425101000;20415000000;20915000000;10240;10228
4485;20425111000;20415000000;20915000000;10240;10228
4486;20425116000;20415000000;20915000000;10240;10228
4487;20425120000;20415077777;20915077777;10240;10228
4477;20425222000;20373700000;20873700000;10240;10228
4478;20425410000;20373700000;20873700000;10240;10228
4479;20425618000;20373700000;20873700000;10240;10228
4480;20425628000;20415000000;20915000000;10240;10228
4481;20425812000;20415000000;20915000000;10240;10228
4482;20425832000;20415000000;20915000000;10240;10228
4483;20426017000;20415000000;20915000000;10240;10228
4484;20426028000;20415000000;20915000000;10240;10228
4485;20426228000;20415000000;20915000000;10240;10228
4486;20426429000;20415000000;20915000000;10240;10228
4487;20426447000;20415077777;20915077777;10240;10228
4488;20466655000;20415388888;20915388888;10240;10228
4489;20466666000;20415388888;20915388888;10240;10228
4490;20466671000;20415388888;20915388888;10240;10228
4491;20466676000;20456622222;20956622222;10240;10228
4492;20466684000;20456622222;20956622222;10240;10228
4493;20466689000;20456622222;20956622222;10240;10228
4494;20466695000;20456622222;20956622222;10240;10228
4495;20466755000;20456622222;20956622222;10240;10228
4496;20466766000;20456622222;20956622222;10240;10228
4497;20466770000;20456622222;20956622222;10240;10228
4498;20466774000;20456700000;20956700000;10240;10228
4488;20466852000;20415388888;20915388888;10240;10228
4489;20467055000;20415388888;20915388888;10240;10228
4490;20467271000;20415388888;20915388888;10240;10228
4491;20467280000;20456622222;20956622222;10240;10228
4492;20467474000;20456622222;20956622222;10240;10228
4493;20467484000;20456622222;20956622222;10240;10228
4494;20467663000;20456622222;20956622222;10240;10228
4495;20467669000;20456622222;20956622222;10240;10228
4496;20467873000;20456622222;20956622222;10240;10228
4497;20468039000;20456622222;20956622222;10240;10228
4498;20468052000;20456700000;20956700000;10240;10228
4499;20508323000;20456977777;20956977777;10240;10228
4500;20508335000;20456977777;20956977777;10240;10228
4501;20508340000;20456977777;20956977777;10240;10228
4502;20508344000;20498300000;20998300000;10240;10228
4503;20508349000;20498300000;20998300000;10240;10228
4504;20508353000;20498300000;20998300000;10240;10228
4505;20508363000;20498300000;20998300000;10240;10228
4506;20508423000;20498300000;20998300000;10240;10228
4507;20508434000;20498300000;20998300000;10240;10228
4508;20508438000;20498300000;20998300000;10240;10228
4509;20508442000;20498388888;20998388888;10240;10228
4499;20508531000;20456977777;20956977777;10240;10228
4500;20508720000;20456977777;20956977777;10240;10228
4501;20508926000;20456977777;20956977777;10240;10228
4502;20508941000;20498300000;20998300000;10240;10228
4503;20509148000;20498300000;20998300000;10240;10228
4504;20509168000;20498300000;20998300000;10240;10228
4505;20509374000;20498300000;20998300000;10240;10228
4506;20509393000;20498300000;20998300000;10240;10228
4507;20509579000;20498300000;20998300000;10240;10228
4508;20509770000;20498300000;20998300000;10240;10228
4510;20549980000;20498700000;20998700000;10240;10228
4511;20549991000;20498700000;20998700000;10240;10228
4512;20549997000;20498700000;20998700000;10240;10228
4514;20550001000;20539966666;21039966666;10240;10228
4515;20550019000;20539966666;21039966666;10240;10228
4516;20550031000;20539966666;21039966666;10240;10228
4517;20550037000;20539966666;21039966666;10240;10228
4518;20550073000;20539966666;21039966666;10240;10228
4519;20550078000;20539966666;21039966666;10240;10228
4520;20550083000;20540044444;21040044444;10240;10228
4510;20550168000;20498700000;20998700000;10240;10228
4511;20550368000;20498700000;20998700000;10240;10228
4512;20550571000;20498700000;20998700000;10240;10228
4513;20550583000;20539966666;21039966666;10240;10228
4514;20550776000;20539966666;21039966666;10240;10228
4515;20550788000;20539966666;21039966666;10240;10228
4516;20550980000;20539966666;21039966666;10240;10228
4517;20551184000;20539966666;21039966666;10240;10228
4518;20551196000;20539966666;21039966666;10240;10228
4519;20551365000;20539966666;21039966666;10240;10228
4520;20551369000;20540044444;21040044444;10240;10228
4513;20570219000;20539966666;21039966666;10240;10228
4509;20570896000;20498388888;20998388888;10240;10228
4521;20591709000;20540355555;21040355555;10240;10228
4522;20591731000;20540355555;21040355555;10240;10228
4523;20591736000;20540355555;21040355555;10240;10228
4524;20591742000;20581622222;21081622222;10240;10228
4525;20591746000;20581622222;21081622222;10240;10228
4526;20591750000;20581622222;21081622222;10240;10228
4527;20591754000;20581622222;21081622222;10240;10228
4528;20591758000;20581622222;21081622222;10240;10228
4529;20591763000;20581622222;21081622222;10240;10228
4530;20591767000;20581622222;21081622222;10240;10228
4531;20591772000;20581700000;21081700000;10240;10228
4521;20591846000;20540355555;21040355555;10240;10228
4522;20592042000;20540355555;21040355555;10240;10228
4523;20592245000;20540355555;21040355555;10240;10228
4524;20592256000;20581622222;21081622222;10240;10228
4525;20592449000;20581622222;21081622222;10240;10228
4526;20592460000;20581622222;21081622222;10240;10228
4527;20592653000;20581622222;21081622222;10240;10228
4528;20592858000;20581622222;21081622222;10240;10228
4529;20592868000;20581622222;21081622222;10240;10228
4530;20593074000;20581622222;21081622222;10240;10228
4531;20593085000;20581700000;21081700000;10240;10228
4532;20633397000;20581966666;21081966666;10240;10228
4533;20633409000;20581966666;21081966666;10240;10228
4534;20633417000;20581966666;21081966666;10240;10228
4535;20633424000;20623288888;21123288888;10240;10228
4536;20633430000;20623288888;21123288888;10240;10228
4537;20633435000;20623288888;21123288888;10240;10228
4538;20633439000;20623288888;21123288888;10240;10228
4539;20633448000;20623288888;21123288888;10240;10228
4540;20633456000;20623288888;21123288888;10240;10228
4541;20633462000;20623288888;21123288888;10240;10228
4542;20633478000;20623377777;21123377777;10240;10228
4532;20633563000;20581966666;21081966666;10240;10228
4533;20633743000;20581966666;21081966666;10240;10228
4534;20633762000;20581966666;21081966666;10240;10228
4535;20633939000;20623288888;21123288888;10240;10228
4536;20634158000;20623288888;21123288888;10240;10228
4537;20634169000;20623288888;21123288888;10240;10228
4538;20634362000;20623288888;21123288888;10240;10228
4539;20634373000;20623288888;21123288888;10240;10228
4540;20634570000;20623288888;21123288888;10240;10228
4541;20634764000;20623288888;21123288888;10240;10228
4542;20634784000;20623377777;21123377777;10240;10228
4543;20675020000;20623677777;21123677777;10240;10228
4544;20675032000;20623677777;21123677777;10240;10228
4545;20675037000;20623677777;21123677777;10240;10228
4546;20675051000;20664955555;21164955555;10240;10228
4547;20675056000;20664955555;21164955555;10240;10228
4548;20675061000;20664955555;21164955555;10240;10228
4549;20675069000;20664955555;21164955555;10240;10228
4550;20675087000;20664955555;21164955555;10240;10228
4551;20675092000;20664955555;21164955555;10240;10228
4552;20675103000;20664955555;21164955555;10240;10228
4553;20675108000;20665044444;21165044444;10240;10228
4543;20675204000;20623677777;21123677777;10240;10228
4544;20675397000;20623677777;21123677777;10240;10228
4545;20675598000;20623677777;21123677777;10240;10228
4546;20675619000;20664955555;21164955555;10240;10228
4547;20675798000;20664955555;21164955555;10240;10228
4548;20675819000;20664955555;21164955555;10240;10228
4549;20675993000;20664955555;21164955555;10240;10228
4550;20676000000;20664955555;21164955555;10240;10228
4551;20676206000;20664955555;21164955555;10240;10228
4552;20676424000;20664955555;21164955555;10240;10228
4553;20676439000;20665044444;21165044444;10240;10228
4554;20716661000;20665344444;21165344444;10240;10228
4555;20716671000;20665344444;21165344444;10240;10228
4556;20716676000;20665344444;21165344444;10240;10228
4557;20716681000;20706622222;21206622222;10240;10228
4558;20716685000;20706622222;21206622222;10240;10228
4559;20716690000;20706622222;21206622222;10240;10228
4560;20716694000;20706622222;21206622222;10240;10228
4561;20716714000;20706622222;21206622222;10240;10228
4562;20716721000;20706622222;21206622222;10240;10228
4563;20716725000;20706622222;21206622222;10240;10228
4564;20716729000;20706711111;21206711111;10240;10228
4554;20716869000;20665344444;21165344444;10240;10228
4555;20717089000;20665344444;21165344444;10240;10228
4556;20717122000;20665344444;21165344444;10240;10228
4557;20717266000;20706622222;21206622222;10240;10228
4558;20717521000;20706622222;21206622222;10240;10228
4559;20717541000;20706622222;21206622222;10240;10228
4560;20717715000;20706622222;21206622222;10240;10228
4561;20717736000;20706622222;21206622222;10240;10228
4562;20717919000;20706622222;21206622222;10240;10228
4563;20718099000;20706622222;21206622222;10240;10228
4564;20718117000;20706711111;21206711111;10240;10228
4565;20758322000;20706988888;21206988888;10240;10228
4566;20758334000;20706988888;21206988888;10240;10228
4567;20758345000;20706988888;21206988888;10240;10228
4568;20758351000;20748288888;21248288888;10240;10228
4569;20758358000;20748288888;21248288888;10240;10228
4570;20758363000;20748288888;21248288888;10240;10228
4571;20758367000;20748288888;21248288888;10240;10228
4572;20758419000;20748288888;21248288888;10240;10228
4573;20758425000;20748288888;21248288888;10240;10228
4574;20758432000;20748288888;21248288888;10240;10228
4575;20758440000;20748377777;21248377777;10240;10228
4565;20758546000;20706988888;21206988888;10240;10228
4566;20758758000;20706988888;21206988888;10240;10228
4567;20758968000;20706988888;21206988888;10240;10228
4568;20758978000;20748288888;21248288888;10240;10228
4569;20759183000;20748288888;21248288888;10240;10228
4570;20759202000;20748288888;21248288888;10240;10228
4571;20759393000;20748288888;21248288888;10240;10228
4572;20759402000;20748288888;21248288888;10240;10228
4573;20759586000;20748288888;21248288888;10240;10228
4574;20759784000;20748288888;21248288888;10240;10228
4575;20759795000;20748377777;21248377777;10240;10228
4576;20799985000;20748677777;21248677777;10240;10228
4577;20799994000;20748677777;21248677777;10240;10228
4578;20799999000;20748677777;21248677777;10240;10228
4579;20800003000;20789955555;21289955555;10240;10228
4580;20800015000;20789955555;21289955555;10240;10228
4581;20800019000;20789955555;21289955555;10240;10228
4582;20800024000;20789955555;21289955555;10240;10228
4583;20800118000;20789955555;21289955555;10240;10228
4584;20800130000;20789955555;21289955555;10240;10228
4585;20800145000;20789955555;21289955555;10240;10228
4586;20800149000;20790044444;21290044444;10240;10228
4576;20800180000;20748677777;21248677777;10240;10228
4577;20800401000;20748677777;21248677777;10240;10228
4578;20800610000;20748677777;21248677777;10240;10228
4579;20800619000;20789955555;21289955555;10240;10228
4580;20800817000;20789955555;21289955555;10240;10228
4581;20800836000;20789955555;21289955555;10240;10228
4582;20801067000;20789955555;21289955555;10240;10228
4583;20801076000;20789955555;21289955555;10240;10228
4584;20801253000;20789955555;21289955555;10240;10228
4585;20801428000;20789955555;21289955555;10240;10228
4586;20801449000;20790044444;21290044444;10240;10228
4587;20841653000;20790344444;21290344444;10240;10228
4588;20841665000;20790344444;21290344444;10240;10228
4589;20841670000;20790344444;21290344444;10240;10228
4590;20841674000;20831622222;21331622222;10240;10228
4591;20841680000;20831622222;21331622222;10240;10228
4592;20841691000;20831622222;21331622222;10240;10228
4593;20841697000;20831622222;21331622222;10240;10228
4594;20841701000;20831622222;21331622222;10240;10228
4595;20841764000;20831622222;21331622222;10240;10228
4596;20841783000;20831622222;21331622222;10240;10228
4597;20841788000;20831700000;21331700000;10240;10228
4587;20841884000;20790344444;21290344444;10240;10228
4588;20842061000;20790344444;21290344444;10240;10228
4589;20842250000;20790344444;21290344444;10240;10228
4590;20842261000;20831622222;21331622222;10240;10228
4591;20842493000;20831622222;21331622222;10240;10228
4592;20842503000;20831622222;21331622222;10240;10228
4593;20842693000;20831622222;21331622222;10240;10228
4594;20842711000;20831622222;21331622222;10240;10228
4595;20842890000;20831622222;21331622222;10240;10228
4596;20843075000;20831622222;21331622222;10240;10228
4597;20843095000;20831700000;21331700000;10240;10228
4598;20883318000;20831977777;21331977777;10240;10228
4599;20883331000;20831977777;21331977777;10240;10228
4600;20883344000;20831977777;21331977777;10240;10228
4601;20883349000;20873288888;21373288888;10240;10228
4602;20883354000;20873288888;21373288888;10240;10228
4603;20883359000;20873288888;21373288888;10240;10228
4604;20883363000;20873288888;21373288888;10240;10228
4605;20883455000;20873288888;21373288888;10240;10228
4606;20883472000;20873288888;21373288888;10240;10228
4607;20883478000;20873288888;21373288888;10240;10228
4608;20883484000;20873377777;21373377777;10240;10228
4598;20883489000;20831977777;21331977777;10240;10228
4601;20883711000;20873288888;21373288888;10240;10228
4602;20883938000;20873288888;21373288888;10240;10228
4603;20883950000;20873288888;21373288888;10240;10228
4604;20884147000;20873288888;21373288888;10240;10228
4605;20884165000;20873288888;21373288888;10240;10228
4606;20884352000;20873288888;21373288888;10240;10228
4607;20884369000;20873288888;21373288888;10240;10228
4608;20884549000;20873377777;21373377777;10240;10228
4599;20904564000;20831977777;21331977777;10240;10228
4600;20904751000;20831977777;21331977777;10240;10228
4609;20924975000;20873655555;21373655555;10240;10228
4610;20924986000;20873655555;21373655555;10240;10228
4611;20924991000;20873655555;21373655555;10240;10228
4612;20924996000;20914988888;21414988888;10240;10228
4613;20925005000;20914988888;21414988888;10240;10228
4614;20925012000;20914988888;21414988888;10240;10228
4615;20925016000;20914988888;21414988888;10240;10228
4616;20925091000;20914988888;21414988888;10240;10228
4617;20925097000;20914988888;21414988888;10240;10228
4618;20925111000;20914988888;21414988888;10240;10228
4619;20925115000;20915077777;21415077777;10240;10228
4609;20925202000;20873655555;21373655555;10240;10228
4610;20925373000;20873655555;21373655555;10240;10228
4611;20925622000;20873655555;21373655555;10240;10228
4612;20925643000;20914988888;21414988888;10240;10228
4613;20925819000;20914988888;21414988888;10240;10228
4614;20925839000;20914988888;21414988888;10240;10228
4615;20926023000;20914988888;21414988888;10240;10228
4616;20926035000;20914988888;21414988888;10240;10228
4617;20926235000;20914988888;21414988888;10240;10228
4618;20926432000;20914988888;21414988888;10240;10228
4619;20926452000;20915077777;21415077777;10240;10228
4620;20966645000;20915377777;21415377777;10240;10228
4621;20966657000;20915377777;21415377777;10240;10228
4622;20966662000;20915377777;21415377777;10240;10228
4623;20966671000;20956622222;21456622222;10240;10228
4624;20966675000;20956622222;21456622222;10240;10228
4625;20966687000;20956622222;21456622222;10240;10228
4626;20966692000;20956622222;21456622222;10240;10228
4627;20966757000;20956622222;21456622222;10240;10228
4628;20966767000;20956622222;21456622222;10240;10228
4629;20966782000;20956622222;21456622222;10240;10228
4630;20966786000;20956711111;21456711111;10240;10228
4620;20966852000;20915377777;21415377777;10240;10228
4621;20967098000;20915377777;21415377777;10240;10228
4622;20967128000;20915377777;21415377777;10240;10228
4623;20967288000;20956622222;21456622222;10240;10228
4624;20967488000;20956622222;21456622222;10240;10228
4625;20967499000;20956622222;21456622222;10240;10228
4626;20967690000;20956622222;21456622222;10240;10228
4627;20967711000;20956622222;21456622222;10240;10228
4628;20967887000;20956622222;21456622222;10240;10228
4629;20968068000;20956622222;21456622222;10240;10228
4630;20968086000;20956711111;21456711111;10240;10228
4631;21008290000;20956977777;21456977777;10240;10228
4632;21008304000;20956977777;21456977777;10240;10228
4633;21008312000;20956977777;21456977777;10240;10228
4634;21008328000;20998288888;21498288888;10240;10228
4635;21008338000;20998288888;21498288888;10240;10228
4636;21008347000;20998288888;21498288888;10240;10228
4637;21008354000;20998288888;21498288888;10240;10228
4638;21008380000;20998288888;21498288888;10240;10228
4639;21008389000;20998288888;21498288888;10240;10228
4640;21008399000;20998288888;21498288888;10240;10228
4641;21008406000;20998377777;21498377777;10240;10228
4631;21008493000;20956977777;21456977777;10240;10228
4632;21008683000;20956977777;21456977777;10240;10228
4633;21008890000;20956977777;21456977777;10240;10228
4634;21008897000;20998288888;21498288888;10240;10228
4635;21009119000;20998288888;21498288888;10240;10228
4636;21009131000;20998288888;21498288888;10240;10228
4637;21009306000;20998288888;21498288888;10240;10228
4638;21009321000;20998288888;21498288888;10240;10228
4639;21009501000;20998288888;21498288888;10240;10228
4640;21009708000;20998288888;21498288888;10240;10228
4641;21009713000;20998377777;21498377777;10240;10228
4642;21049971000;20998677777;21498677777;10240;10228
4643;21049988000;20998677777;21498677777;10240;10228
4644;21049997000;20998677777;21498677777;10240;10228
4645;21050005000;21039966666;21539966666;10240;10228
4646;21050024000;21039966666;21539966666;10240;10228
4647;21050033000;21039966666;21539966666;10240;10228
4648;21050041000;21039966666;21539966666;10240;10228
4649;21050082000;21039966666;21539966666;10240;10228
4650;21050100000;21039966666;21539966666;10240;10228
4651;21050108000;21039966666;21539966666;10240;10228
4652;21050114000;21040044444;21540044444;10240;10228
4642;21050154000;20998677777;21498677777;10240;10228
4643;21050371000;20998677777;21498677777;10240;10228
4644;21050554000;20998677777;21498677777;10240;10228
4645;21050559000;21039966666;21539966666;10240;10228
4646;21050774000;21039966666;21539966666;10240;10228
4647;21050780000;21039966666;21539966666;10240;10228
4648;21050976000;21039966666;21539966666;10240;10228
4649;21050984000;21039966666;21539966666;10240;10228
4650;21051189000;21039966666;21539966666;10240;10228
4652;21051202000;21040044444;21540044444;10240;10228
4653;21091657000;21040355555;21540355555;10240;10228
4654;21091668000;21040355555;21540355555;10240;10228
4655;21091676000;21040355555;21540355555;10240;10228
4656;21091708000;21081655555;21581655555;10240;10228
4657;21091717000;21081655555;21581655555;10240;10228
4658;21091726000;21081655555;21581655555;10240;10228
4659;21091733000;21081655555;21581655555;10240;10228
4660;21091755000;21081655555;21581655555;10240;10228
4661;21091764000;21081655555;21581655555;10240;10228
4662;21091772000;21081655555;21581655555;10240;10228
4663;21091779000;21081733333;21581733333;10240;10228
4653;21091852000;21040355555;21540355555;10240;10228
4654;21092067000;21040355555;21540355555;10240;10228
4655;21092254000;21040355555;21540355555;10240;10228
4656;21092259000;21081655555;21581655555;10240;10228
4657;21092456000;21081655555;21581655555;10240;10228
4658;21092465000;21081655555;21581655555;10240;10228
4659;21092660000;21081655555;21581655555;10240;10228
4660;21092876000;21081655555;21581655555;10240;10228
4661;21092884000;21081655555;21581655555;10240;10228
4662;21093106000;21081655555;21581655555;10240;10228
4663;21093115000;21081733333;21581733333;10240;10228
4651;21112471000;21039966666;21539966666;10240;10228
4664;21133300000;21082022222;21582022222;10240;10228
4665;21133313000;21082022222;21582022222;10240;10228
4666;21133320000;21082022222;21582022222;10240;10228
4667;21133346000;21123288888;21623288888;10240;10228
4668;21133357000;21123288888;21623288888;10240;10228
4669;21133364000;21123288888;21623288888;10240;10228
4671;21133374000;21123288888;21623288888;10240;10228
4672;21133405000;21123288888;21623288888;10240;10228
4673;21133426000;21123288888;21623288888;10240;10228
4674;21133444000;21123377777;21623377777;10240;10228
4664;21133489000;21082022222;21582022222;10240;10228
4665;21133684000;21082022222;21582022222;10240;10228
4666;21133889000;21082022222;21582022222;10240;10228
4667;21133894000;21123288888;21623288888;10240;10228
4668;21134096000;21123288888;21623288888;10240;10228
4669;21134102000;21123288888;21623288888;10240;10228
4671;21134297000;21123288888;21623288888;10240;10228
4672;21134505000;21123288888;21623288888;10240;10228
4673;21134510000;21123288888;21623288888;10240;10228
4674;21134706000;21123377777;21623377777;10240;10228
4670;21153609000;21123288888;21623288888;10240;10228
4670;21154891000;21123288888;21623288888;10240;10228
4675;21175059000;21123655555;21623655555;10240;10228
4676;21175076000;21123655555;21623655555;10240;10228
4677;21175095000;21123655555;21623655555;10240;10228
4678;21175103000;21164988888;21664988888;10240;10228
4679;21175110000;21164988888;21664988888;10240;10228
4680;21175117000;21164988888;21664988888;10240;10228
4681;21175126000;21164988888;21664988888;10240;10228
4682;21175134000;21164988888;21664988888;10240;10228
4683;21175142000;21164988888;21664988888;10240;10228
4675;21175238000;21123655555;21623655555;10240;10228
4684;21175384000;21164988888;21664988888;10240;10228
4685;21175398000;21165111111;21665111111;10240;10228
4676;21175416000;21123655555;21623655555;10240;10228
4677;21175651000;21123655555;21623655555;10240;10228
4678;21175671000;21164988888;21664988888;10240;10228
4679;21175847000;21164988888;21664988888;10240;10228
4681;21175869000;21164988888;21664988888;10240;10228
4682;21176058000;21164988888;21664988888;10240;10228
4683;21176078000;21164988888;21664988888;10240;10228
4684;21176263000;21164988888;21664988888;10240;10228
4685;21176283000;21165111111;21665111111;10240;10228
4680;21196434000;21164988888;21664988888;10240;10228
4686;21216619000;21165388888;21665388888;10240;10228
4687;21216719000;21165388888;21665388888;10240;10228
4688;21216732000;21165388888;21665388888;10240;10228
4689;21216741000;21206688888;21706688888;10240;10228
4690;21216749000;21206688888;21706688888;10240;10228
4691;21216759000;21206688888;21706688888;10240;10228
4692;21216781000;21206688888;21706688888;10240;10228
4693;21216790000;21206688888;21706688888;10240;10228
4694;21216797000;21206688888;21706688888;10240;10228
4695;21216806000;21206688888;21706688888;10240;10228
4696;21216814000;21206766666;21706766666;10240;10228
4686;21216902000;21165388888;21665388888;10240;10228
4687;21217062000;21165388888;21665388888;10240;10228
4692;21217314000;21206688888;21706688888;10240;10228
4693;21217325000;21206688888;21706688888;10240;10228
4694;21217521000;21206688888;21706688888;10240;10228
4695;21217541000;21206688888;21706688888;10240;10228
4696;21217723000;21206766666;21706766666;10240;10228
4688;21237941000;21165388888;21665388888;10240;10228
4689;21238133000;21206688888;21706688888;10240;10228
4690;21238338000;21206688888;21706688888;10240;10228
4691;21238353000;21206688888;21706688888;10240;10228
4697;21258315000;21207033333;21707033333;10240;10228
4698;21258327000;21207033333;21707033333;10240;10228
4699;21258346000;21207033333;21707033333;10240;10228
4700;21258356000;21248300000;21748300000;10240;10228
4701;21258364000;21248300000;21748300000;10240;10228
4702;21258385000;21248300000;21748300000;10240;10228
4703;21258395000;21248300000;21748300000;10240;10228
4704;21258404000;21248300000;21748300000;10240;10228
4705;21258412000;21248300000;21748300000;10240;10228
4706;21258422000;21248300000;21748300000;10240;10228
4697;21258535000;21207033333;21707033333;10240;10228
4698;21258739000;21207033333;21707033333;10240;10228
4699;21258759000;21207033333;21707033333;10240;10228
4701;21258899000;21248300000;21748300000;10240;10228
4702;21259162000;21248300000;21748300000;10240;10228
4703;21259172000;21248300000;21748300000;10240;10228
4704;21259354000;21248300000;21748300000;10240;10228
4705;21259373000;21248300000;21748300000;10240;10228
4706;21259568000;21248300000;21748300000;10240;10228
4707;21259577000;21248388888;21748388888;10240;10228
4700;21279569000;21248300000;21748300000;10240;10228
4708;21299962000;21248722222;21748722222;10240;10228
4709;21299978000;21248722222;21748722222;10240;10228
4710;21299986000;21248722222;21748722222;10240;10228
4711;21299995000;21289955555;21789955555;10240;10228
4712;21300004000;21289955555;21789955555;10240;10228
4713;21300029000;21289955555;21789955555;10240;10228
4714;21300040000;21289955555;21789955555;10240;10228
4715;21300069000;21289955555;21789955555;10240;10228
4716;21300078000;21289955555;21789955555;10240;10228
4717;21300101000;21289955555;21789955555;10240;10228
4718;21300110000;21290044444;21790044444;10240;10228
4708;21300207000;21248722222;21748722222;10240;10228
4709;21300417000;21248722222;21748722222;10240;10228
4710;21300436000;21248722222;21748722222;10240;10228
4711;21300621000;21289955555;21789955555;10240;10228
4712;21300819000;21289955555;21789955555;10240;10228
4713;21300839000;21289955555;21789955555;10240;10228
4714;21301021000;21289955555;21789955555;10240;10228
4715;21301032000;21289955555;21789955555;10240;10228
4716;21301236000;21289955555;21789955555;10240;10228
4717;21301431000;21289955555;21789955555;10240;10228
4718;21301452000;21290044444;21790044444;10240;10228
4707;21320204000;21248388888;21748388888;10240;10228
4719;21341711000;21290355555;21790355555;10240;10228
4720;21341737000;21290355555;21790355555;10240;10228
4721;21341746000;21290355555;21790355555;10240;10228
4722;21341754000;21331633333;21831633333;10240;10228
4723;21341763000;21331633333;21831633333;10240;10228
4724;21341771000;21331633333;21831633333;10240;10228
4725;21341780000;21331633333;21831633333;10240;10228
4726;21341789000;21331633333;21831633333;10240;10228
4727;21341796000;21331633333;21831633333;10240;10228
4720;21341865000;21290355555;21790355555;10240;10228
4728;21341966000;21331633333;21831633333;10240;10228
4729;21341977000;21331711111;21831711111;10240;10228
4721;21342020000;21290355555;21790355555;10240;10228
4722;21342292000;21331633333;21831633333;10240;10228
4723;21342312000;21331633333;21831633333;10240;10228
4724;21342489000;21331633333;21831633333;10240;10228
4725;21342507000;21331633333;21831633333;10240;10228
4726;21342688000;21331633333;21831633333;10240;10228
4727;21342708000;21331633333;21831633333;10240;10228
4728;21342887000;21331633333;21831633333;10240;10228
4729;21342898000;21331711111;21831711111;10240;10228
4719;21362699000;21290355555;21790355555;10240;10228
4730;21383302000;21331988888;21831988888;10240;10228
4731;21383312000;21331988888;21831988888;10240;10228
4732;21383322000;21331988888;21831988888;10240;10228
4733;21383342000;21373288888;21873288888;10240;10228
4734;21383356000;21373288888;21873288888;10240;10228
4735;21383365000;21373288888;21873288888;10240;10228
4736;21383373000;21373288888;21873288888;10240;10228
4737;21383393000;21373288888;21873288888;10240;10228
4738;21383403000;21373288888;21873288888;10240;10228
4739;21383411000;21373288888;21873288888;10240;10228
4740;21383418000;21373377777;21873377777;10240;10228
4730;21383506000;21331988888;21831988888;10240;10228
4731;21383698000;21331988888;21831988888;10240;10228
4732;21383903000;21331988888;21831988888;10240;10228
4733;21383909000;21373288888;21873288888;10240;10228
4734;21384156000;21373288888;21873288888;10240;10228
4735;21384174000;21373288888;21873288888;10240;10228
4736;21384367000;21373288888;21873288888;10240;10228
4737;21384388000;21373288888;21873288888;10240;10228
4738;21384570000;21373288888;21873288888;10240;10228
4739;21384764000;21373288888;21873288888;10240;10228
4740;21384785000;21373377777;21873377777;10240;10228
4741;21424967000;21373677777;21873677777;10240;10228
4742;21424985000;21373677777;21873677777;10240;10228
4743;21424993000;21373677777;21873677777;10240;10228
4744;21425013000;21414955555;21914955555;10240;10228
4745;21425024000;21414955555;21914955555;10240;10228
4746;21425032000;21414955555;21914955555;10240;10228
4747;21425040000;21414955555;21914955555;10240;10228
4748;21425082000;21414955555;21914955555;10240;10228
4749;21425102000;21414955555;21914955555;10240;10228
4750;21425109000;21414955555;21914955555;10240;10228
4751;21425119000;21415044444;21915044444;10240;10228
4741;21425214000;21373677777;21873677777;10240;10228
4742;21425415000;21373677777;21873677777;10240;10228
4743;21425435000;21373677777;21873677777;10240;10228
4744;21425621000;21414955555;21914955555;10240;10228
4745;21425817000;21414955555;21914955555;10240;10228
4746;21425837000;21414955555;21914955555;10240;10228
4747;21426023000;21414955555;21914955555;10240;10228
4748;21426032000;21414955555;21914955555;10240;10228
4749;21426237000;21414955555;21914955555;10240;10228
4750;21426430000;21414955555;21914955555;10240;10228
4751;21426451000;21415044444;21915044444;10240;10228
4752;21466636000;21415377777;21915377777;10240;10228
4753;21466652000;21415377777;21915377777;10240;10228
4754;21466660000;21415377777;21915377777;10240;10228
4755;21466678000;21456622222;21956622222;10240;10228
4756;21466693000;21456622222;21956622222;10240;10228
4757;21466702000;21456622222;21956622222;10240;10228
4758;21466723000;21456622222;21956622222;10240;10228
4759;21466733000;21456622222;21956622222;10240;10228
4760;21466743000;21456622222;21956622222;10240;10228
4761;21466750000;21456622222;21956622222;10240;10228
4762;21466759000;21456700000;21956700000;10240;10228
4752;21466839000;21415377777;21915377777;10240;10228
4753;21467033000;21415377777;21915377777;10240;10228
4754;21467247000;21415377777;21915377777;10240;10228
4755;21467261000;21456622222;21956622222;10240;10228
4756;21467441000;21456622222;21956622222;10240;10228
4757;21467450000;21456622222;21956622222;10240;10228
4758;21467644000;21456622222;21956622222;10240;10228
4759;21467653000;21456622222;21956622222;10240;10228
4760;21467850000;21456622222;21956622222;10240;10228
4761;21468038000;21456622222;21956622222;10240;10228
4762;21468047000;21456700000;21956700000;10240;10228
4763;21508301000;21457011111;21957011111;10240;10228
4764;21508319000;21457011111;21957011111;10240;10228
4765;21508328000;21457011111;21957011111;10240;10228
4766;21508348000;21498288888;21998288888;10240;10228
4767;21508357000;21498288888;21998288888;10240;10228
4768;21508366000;21498288888;21998288888;10240;10228
4769;21508388000;21498288888;21998288888;10240;10228
4770;21508399000;21498288888;21998288888;10240;10228
4771;21508406000;21498288888;21998288888;10240;10228
4772;21508415000;21498288888;21998288888;10240;10228
4773;21508423000;21498377777;21998377777;10240;10228
4763;21508506000;21457011111;21957011111;10240;10228
4764;21508699000;21457011111;21957011111;10240;10228
4765;21508903000;21457011111;21957011111;10240;10228
4766;21508912000;21498288888;21998288888;10240;10228
4767;21509118000;21498288888;21998288888;10240;10228
4768;21509132000;21498288888;21998288888;10240;10228
4769;21509322000;21498288888;21998288888;10240;10228
4770;21509340000;21498288888;21998288888;10240;10228
4771;21509517000;21498288888;21998288888;10240;10228
4772;21509722000;21498288888;21998288888;10240;10228
4773;21509728000;21498377777;21998377777;10240;10228
4774;21549958000;21498700000;21998700000;10240;10228
4775;21549975000;21498700000;21998700000;10240;10228
4776;21549981000;21498700000;21998700000;10240;10228
4777;21550008000;21539955555;22039955555;10240;10228
4778;21550017000;21539955555;22039955555;10240;10228
4779;21550025000;21539955555;22039955555;10240;10228
4780;21550034000;21539955555;22039955555;10240;10228
4781;21550075000;21539955555;22039955555;10240;10228
4782;21550093000;21539955555;22039955555;10240;10228
4783;21550101000;21539955555;22039955555;10240;10228
4784;21550107000;21540044444;22040044444;10240;10228
4774;21550204000;21498700000;21998700000;10240;10228
4775;21550414000;21498700000;21998700000;10240;10228
4776;21550435000;21498700000;21998700000;10240;10228
4777;21550624000;21539955555;22039955555;10240;10228
4778;21550815000;21539955555;22039955555;10240;10228
4779;21550836000;21539955555;22039955555;10240;10228
4780;21551020000;21539955555;22039955555;10240;10228
4781;21551031000;21539955555;22039955555;10240;10228
4782;21551233000;21539955555;22039955555;10240;10228
4783;21551441000;21539955555;22039955555;10240;10228
4784;21551451000;21540044444;22040044444;10240;10228
4785;21591664000;21540344444;22040344444;10240;10228
4786;21591679000;21540344444;22040344444;10240;10228
4787;21591688000;21540344444;22040344444;10240;10228
4788;21591695000;21581622222;22081622222;10240;10228
4789;21591704000;21581622222;22081622222;10240;10228
4790;21591728000;21581622222;22081622222;10240;10228
4791;21591737000;21581622222;22081622222;10240;10228
4792;21591745000;21581622222;22081622222;10240;10228
4793;21591752000;21581622222;22081622222;10240;10228
4794;21591762000;21581622222;22081622222;10240;10228
4785;21591834000;21540344444;22040344444;10240;10228
4786;21592083000;21540344444;22040344444;10240;10228
4787;21592089000;21540344444;22040344444;10240;10228
4788;21592287000;21581622222;22081622222;10240;10228
4789;21592493000;21581622222;22081622222;10240;10228
4790;21592513000;21581622222;22081622222;10240;10228
4791;21592693000;21581622222;22081622222;10240;10228
4792;21592712000;21581622222;22081622222;10240;10228
4793;21592889000;21581622222;22081622222;10240;10228
4794;21593066000;21581622222;22081622222;10240;10228
4795;21593077000;21581711111;22081711111;10240;10228
4796;21633303000;21582000000;22082000000;10240;10228
4797;21633319000;21582000000;22082000000;10240;10228
4798;21633328000;21582000000;22082000000;10240;10228
4799;21633353000;21623288888;22123288888;10240;10228
4800;21633363000;21623288888;22123288888;10240;10228
4801;21633371000;21623288888;22123288888;10240;10228
4802;21633388000;21623288888;22123288888;10240;10228
4803;21633398000;21623288888;22123288888;10240;10228
4804;21633406000;21623288888;22123288888;10240;10228
4805;21633416000;21623288888;22123288888;10240;10228
4806;21633424000;21623377777;22123377777;10240;10228
4796;21633510000;21582000000;22082000000;10240;10228
4797;21633711000;21582000000;22082000000;10240;10228
4798;21633913000;21582000000;22082000000;10240;10228
4799;21633925000;21623288888;22123288888;10240;10228
4800;21634128000;21623288888;22123288888;10240;10228
4801;21634139000;21623288888;22123288888;10240;10228
4802;21634321000;21623288888;22123288888;10240;10228
4804;21634527000;21623288888;22123288888;10240;10228
4805;21634538000;21623288888;22123288888;10240;10228
4806;21634706000;21623377777;22123377777;10240;10228
4803;21655081000;21623288888;22123288888;10240;10228
4807;21674968000;21623700000;22123700000;10240;10228
4808;21674984000;21623700000;22123700000;10240;10228
4809;21674993000;21623700000;22123700000;10240;10228
4810;21675017000;21664966666;22164966666;10240;10228
4811;21675027000;21664966666;22164966666;10240;10228
4812;21675035000;21664966666;22164966666;10240;10228
4813;21675041000;21664966666;22164966666;10240;10228
4814;21675076000;21664966666;22164966666;10240;10228
4815;21675085000;21664966666;22164966666;10240;10228
4816;21675092000;21664966666;22164966666;10240;10228
4817;21675099000;21665044444;22165044444;10240;10228
4807;21675150000;21623700000;22123700000;10240;10228
4808;21675351000;21623700000;22123700000;10240;10228
4809;21675556000;21623700000;22123700000;10240;10228
4810;21675565000;21664966666;22164966666;10240;10228
4811;21675761000;21664966666;22164966666;10240;10228
4812;21675767000;21664966666;22164966666;10240;10228
4813;21675964000;21664966666;22164966666;10240;10228
4814;21676171000;21664966666;22164966666;10240;10228
4815;21676176000;21664966666;22164966666;10240;10228
4816;21676376000;21664966666;22164966666;10240;10228
4817;21676380000;21665044444;22165044444;10240;10228
4818;21716680000;21665411111;22165411111;10240;10228
4819;21716694000;21665411111;22165411111;10240;10228
4820;21716704000;21665411111;22165411111;10240;10228
4821;21716712000;21706633333;22206633333;10240;10228
4822;21716719000;21706633333;22206633333;10240;10228
4823;21716730000;21706633333;22206633333;10240;10228
4824;21716738000;21706633333;22206633333;10240;10228
4825;21716748000;21706633333;22206633333;10240;10228
4818;21716875000;21665411111;22165411111;10240;10228
4826;21716963000;21706633333;22206633333;10240;10228
4827;21716972000;21706633333;22206633333;10240;10228
4828;21716981000;21706711111;22206711111;10240;10228
4819;21717040000;21665411111;22165411111;10240;10228
4820;21717245000;21665411111;22165411111;10240;10228
4821;21717264000;21706633333;22206633333;10240;10228
4822;21717489000;21706633333;22206633333;10240;10228
4823;21717504000;21706633333;22206633333;10240;10228
4824;21717675000;21706633333;22206633333;10240;10228
4825;21717898000;21706633333;22206633333;10240;10228
4826;21717907000;21706633333;22206633333;10240;10228
4827;21718081000;21706633333;22206633333;10240;10228
4828;21718091000;21706711111;22206711111;10240;10228
4795;21737098000;21581711111;22081711111;10240;10228
4829;21758345000;21707044444;22207044444;10240;10228
4830;21758363000;21707044444;22207044444;10240;10228
4831;21758371000;21707044444;22207044444;10240;10228
4832;21758378000;21748322222;22248322222;10240;10228
4833;21758396000;21748322222;22248322222;10240;10228
4834;21758402000;21748322222;22248322222;10240;10228
4835;21758418000;21748322222;22248322222;10240;10228
4836;21758426000;21748322222;22248322222;10240;10228
4837;21758438000;21748322222;22248322222;10240;10228
4838;21758455000;21748322222;22248322222;10240;10228
4839;21758464000;21748400000;22248400000;10240;10228
4829;21758595000;21707044444;22207044444;10240;10228
4830;21758795000;21707044444;22207044444;10240;10228
4831;21758816000;21707044444;22207044444;10240;10228
4832;21758979000;21748322222;22248322222;10240;10228
4833;21759200000;21748322222;22248322222;10240;10228
4834;21759215000;21748322222;22248322222;10240;10228
4835;21759403000;21748322222;22248322222;10240;10228
4836;21759419000;21748322222;22248322222;10240;10228
4837;21759613000;21748322222;22248322222;10240;10228
4838;21759804000;21748322222;22248322222;10240;10228
4839;21759825000;21748400000;22248400000;10240;10228
4840;21799969000;21748733333;22248733333;10240;10228
4841;21799988000;21748733333;22248733333;10240;10228
4842;21799996000;21748733333;22248733333;10240;10228
4843;21800016000;21789955555;22289955555;10240;10228
4844;21800025000;21789955555;22289955555;10240;10228
4845;21800034000;21789955555;22289955555;10240;10228
4846;21800075000;21789955555;22289955555;10240;10228
4847;21800086000;21789955555;22289955555;10240;10228
4848;21800102000;21789955555;22289955555;10240;10228
4849;21800111000;21789955555;22289955555;10240;10228
4850;21800120000;21790044444;22290044444;10240;10228
4840;21800193000;21748733333;22248733333;10240;10228
4841;21800379000;21748733333;22248733333;10240;10228
4842;21800585000;21748733333;22248733333;10240;10228
4843;21800605000;21789955555;22289955555;10240;10228
4844;21800787000;21789955555;22289955555;10240;10228
4845;21800807000;21789955555;22289955555;10240;10228
4846;21800991000;21789955555;22289955555;10240;10228
4847;21801199000;21789955555;22289955555;10240;10228
4848;21801212000;21789955555;22289955555;10240;10228
4849;21801386000;21789955555;22289955555;10240;10228
4850;21801406000;21790044444;22290044444;10240;10228
4851;21841637000;21790377777;22290377777;10240;10228
4852;21841661000;21790377777;22290377777;10240;10228
4853;21841671000;21790377777;22290377777;10240;10228
4854;21841678000;21831622222;22331622222;10240;10228
4855;21841695000;21831622222;22331622222;10240;10228
4856;21841707000;21831622222;22331622222;10240;10228
4857;21841724000;21831622222;22331622222;10240;10228
4858;21841734000;21831622222;22331622222;10240;10228
4859;21841742000;21831622222;22331622222;10240;10228
4860;21841752000;21831622222;22331622222;10240;10228
4861;21841759000;21831711111;22331711111;10240;10228
4851;21841816000;21790377777;22290377777;10240;10228
4852;21842019000;21790377777;22290377777;10240;10228
4853;21842226000;21790377777;22290377777;10240;10228
4854;21842237000;21831622222;22331622222;10240;10228
4855;21842440000;21831622222;22331622222;10240;10228
4856;21842462000;21831622222;22331622222;10240;10228
4857;21842644000;21831622222;22331622222;10240;10228
4858;21842839000;21831622222;22331622222;10240;10228
4859;21842848000;21831622222;22331622222;10240;10228
4860;21843050000;21831622222;22331622222;10240;10228
4861;21843060000;21831711111;22331711111;10240;10228
4862;21883377000;21832000000;22332000000;10240;10228
4863;21883393000;21832000000;22332000000;10240;10228
4864;21883402000;21832000000;22332000000;10240;10228
4865;21883409000;21873322222;22373322222;10240;10228
4866;21883418000;21873322222;22373322222;10240;10228
4867;21883435000;21873322222;22373322222;10240;10228
4868;21883443000;21873322222;22373322222;10240;10228
4869;21883452000;21873322222;22373322222;10240;10228
4870;21883460000;21873322222;22373322222;10240;10228
4871;21883471000;21873322222;22373322222;10240;10228
4872;21883478000;21873400000;22373400000;10240;10228
4862;21883547000;21832000000;22332000000;10240;10228
4863;21883737000;21832000000;22332000000;10240;10228
4864;21883943000;21832000000;22332000000;10240;10228
4865;21883953000;21873322222;22373322222;10240;10228
4866;21884149000;21873322222;22373322222;10240;10228
4867;21884159000;21873322222;22373322222;10240;10228
4868;21884352000;21873322222;22373322222;10240;10228
4869;21884558000;21873322222;22373322222;10240;10228
4870;21884567000;21873322222;22373322222;10240;10228
4871;21884763000;21873322222;22373322222;10240;10228
4872;21884772000;21873400000;22373400000;10240;10228
4873;21925066000;21873722222;22373722222;10240;10228
4874;21925078000;21873722222;22373722222;10240;10228
4875;21925087000;21873722222;22373722222;10240;10228
4876;21925093000;21914988888;22414988888;10240;10228
4877;21925117000;21914988888;22414988888;10240;10228
4878;21925128000;21914988888;22414988888;10240;10228
4879;21925136000;21914988888;22414988888;10240;10228
4880;21925144000;21914988888;22414988888;10240;10228
4881;21925153000;21914988888;22414988888;10240;10228
4882;21925164000;21914988888;22414988888;10240;10228
4883;21925171000;21915077777;22415077777;10240;10228
4873;21925182000;21873722222;22373722222;10240;10228
4875;21925382000;21873722222;22373722222;10240;10228
4876;21925587000;21914988888;22414988888;10240;10228
4877;21925592000;21914988888;22414988888;10240;10228
4878;21925802000;21914988888;22414988888;10240;10228
4879;21925807000;21914988888;22414988888;10240;10228
4880;21925995000;21914988888;22414988888;10240;10228
4881;21926225000;21914988888;22414988888;10240;10228
4882;21926235000;21914988888;22414988888;10240;10228
4883;21926427000;21915077777;22415077777;10240;10228
4874;21945987000;21873722222;22373722222;10240;10228
4884;21966731000;21915411111;22415411111;10240;10228
4885;21966745000;21915411111;22415411111;10240;10228
4886;21966755000;21915411111;22415411111;10240;10228
4887;21966765000;21956633333;22456633333;10240;10228
4888;21966775000;21956633333;22456633333;10240;10228
4889;21966783000;21956633333;22456633333;10240;10228
4890;21966793000;21956633333;22456633333;10240;10228
4891;21966811000;21956633333;22456633333;10240;10228
4892;21966820000;21956633333;22456633333;10240;10228
4893;21966829000;21956633333;22456633333;10240;10228
4894;21966846000;21956711111;22456711111;10240;10228
4884;21966854000;21915411111;22415411111;10240;10228
4885;21967072000;21915411111;22415411111;10240;10228
4886;21967083000;21915411111;22415411111;10240;10228
4887;21967284000;21956633333;22456633333;10240;10228
4888;21967496000;21956633333;22456633333;10240;10228
4889;21967505000;21956633333;22456633333;10240;10228
4890;21967689000;21956633333;22456633333;10240;10228
4891;21967708000;21956633333;22456633333;10240;10228
4892;21967886000;21956633333;22456633333;10240;10228
4893;21968064000;21956633333;22456633333;10240;10228
4894;21968075000;21956711111;22456711111;10240;10228
4895;22008523000;21957011111;22457011111;10240;10228
4895;22008534000;21957011111;22457011111;10240;10228
4896;22008539000;21957011111;22457011111;10240;10228
4897;22008544000;21957011111;22457011111;10240;10228
4898;22008552000;21998300000;22498300000;10240;10228
4899;22008557000;21998300000;22498300000;10240;10228
4900;22008563000;21998300000;22498300000;10240;10228
4901;22008572000;21998300000;22498300000;10240;10228
4902;22008578000;21998300000;22498300000;10240;10228
4903;22008588000;21998300000;22498300000;10240;10228
4904;22008593000;21998300000;22498300000;10240;10228
4905;22008597000;21998377777;22498377777;10240;10228
4896;22008706000;21957011111;22457011111;10240;10228
4897;22008911000;21957011111;22457011111;10240;10228
4898;22008922000;21998300000;22498300000;10240;10228
4899;22009155000;21998300000;22498300000;10240;10228
4900;22009165000;21998300000;22498300000;10240;10228
4901;22009368000;21998300000;22498300000;10240;10228
4902;22009387000;21998300000;22498300000;10240;10228
4903;22009553000;21998300000;22498300000;10240;10228
4904;22009758000;21998300000;22498300000;10240;10228
4905;22009764000;21998377777;22498377777;10240;10228
4906;22050250000;21998711111;22498711111;10240;10228
4907;22050268000;21998711111;22498711111;10240;10228
4908;22050277000;21998711111;22498711111;10240;10228
4909;22050284000;22039988888;22539988888;10240;10228
4910;22050303000;22039988888;22539988888;10240;10228
4911;22050311000;22039988888;22539988888;10240;10228
4912;22050321000;22039988888;22539988888;10240;10228
4913;22050329000;22039988888;22539988888;10240;10228
4906;22050336000;21998711111;22498711111;10240;10228
4914;22050344000;22039988888;22539988888;10240;10228
4915;22050352000;22039988888;22539988888;10240;10228
4916;22050357000;22040066666;22540066666;10240;10228
4907;22050456000;21998711111;22498711111;10240;10228
4908;22050466000;21998711111;22498711111;10240;10228
4909;22050651000;22039988888;22539988888;10240;10228
4911;22050847000;22039988888;22539988888;10240;10228
4912;22050867000;22039988888;22539988888;10240;10228
4913;22051071000;22039988888;22539988888;10240;10228
4914;22051094000;22039988888;22539988888;10240;10228
4915;22051268000;22039988888;22539988888;10240;10228
4916;22051286000;22040066666;22540066666;10240;10228
4910;22071572000;22039988888;22539988888;10240;10228
4917;22091874000;22040444444;22540444444;10240;10228
4917;22091885000;22040444444;22540444444;10240;10228
4918;22091890000;22040444444;22540444444;10240;10228
4919;22091895000;22040444444;22540444444;10240;10228
4920;22091900000;22081622222;22581622222;10240;10228
4921;22091904000;22081622222;22581622222;10240;10228
4922;22091908000;22081622222;22581622222;10240;10228
4923;22091917000;22081622222;22581622222;10240;10228
4924;22091928000;22081622222;22581622222;10240;10228
4925;22091935000;22081622222;22581622222;10240;10228
4926;22091943000;22081622222;22581622222;10240;10228
4927;22091947000;22081711111;22581711111;10240;10228
4918;22092040000;22040444444;22540444444;10240;10228
4919;22092286000;22040444444;22540444444;10240;10228
4920;22092307000;22081622222;22581622222;10240;10228
4921;22092493000;22081622222;22581622222;10240;10228
4922;22092513000;22081622222;22581622222;10240;10228
4923;22092687000;22081622222;22581622222;10240;10228
4924;22092708000;22081622222;22581622222;10240;10228
4925;22092886000;22081622222;22581622222;10240;10228
4926;22093061000;22081622222;22581622222;10240;10228
4927;22093081000;22081711111;22581711111;10240;10228
4928;22133532000;22082066666;22582066666;10240;10228
4928;22133550000;22082066666;22582066666;10240;10228
4929;22133559000;22082066666;22582066666;10240;10228
4930;22133568000;22082066666;22582066666;10240;10228
4931;22133574000;22123288888;22623288888;10240;10228
4932;22133582000;22123288888;22623288888;10240;10228
4933;22133591000;22123288888;22623288888;10240;10228
4934;22133601000;22123288888;22623288888;10240;10228
4935;22133609000;22123288888;22623288888;10240;10228
4936;22133618000;22123288888;22623288888;10240;10228
4937;22133625000;22123288888;22623288888;10240;10228
4938;22133632000;22123366666;22623366666;10240;10228
4929;22133743000;22082066666;22582066666;10240;10228
4930;22133750000;22082066666;22582066666;10240;10228
4931;22133903000;22123288888;22623288888;10240;10228
4932;22134148000;22123288888;22623288888;10240;10228
4933;22134155000;22123288888;22623288888;10240;10228
4934;22134382000;22123288888;22623288888;10240;10228
4935;22134404000;22123288888;22623288888;10240;10228
4936;22134570000;22123288888;22623288888;10240;10228
4937;22134775000;22123288888;22623288888;10240;10228
4938;22134784000;22123366666;22623366666;10240;10228
4939;22175163000;22123688888;22623688888;10240;10228
4939;22175178000;22123688888;22623688888;10240;10228
4940;22175185000;22123688888;22623688888;10240;10228
4941;22175190000;22123688888;22623688888;10240;10228
4942;22175196000;22164955555;22664955555;10240;10228
4943;22175203000;22164955555;22664955555;10240;10228
4944;22175209000;22164955555;22664955555;10240;10228
4945;22175216000;22164955555;22664955555;10240;10228
4946;22175221000;22164955555;22664955555;10240;10228
4947;22175228000;22164955555;22664955555;10240;10228
4948;22175233000;22164955555;22664955555;10240;10228
4949;22175240000;22165044444;22665044444;10240;10228
4940;22175374000;22123688888;22623688888;10240;10228
4941;22175570000;22123688888;22623688888;10240;10228
4942;22175577000;22164955555;22664955555;10240;10228
4943;22175775000;22164955555;22664955555;10240;10228
4944;22175782000;22164955555;22664955555;10240;10228
4945;22175980000;22164955555;22664955555;10240;10228
4946;22175988000;22164955555;22664955555;10240;10228
4947;22176193000;22164955555;22664955555;10240;10228
4948;22176390000;22164955555;22664955555;10240;10228
4949;22176397000;22165044444;22665044444;10240;10228
4950;22216886000;22165366666;22665366666;10240;10228
4951;22216897000;22165366666;22665366666;10240;10228
4952;22216905000;22165366666;22665366666;10240;10228
4953;22216912000;22206655555;22706655555;10240;10228
4954;22216925000;22206655555;22706655555;10240;10228
4956;22216934000;22206655555;22706655555;10240;10228
4957;22216954000;22206655555;22706655555;10240;10228
4958;22216964000;22206655555;22706655555;10240;10228
4959;22216972000;22206655555;22706655555;10240;10228
4960;22216989000;22206744444;22706744444;10240;10228
4950;22216999000;22165366666;22665366666;10240;10228
4951;22217087000;22165366666;22665366666;10240;10228
4952;22217286000;22165366666;22665366666;10240;10228
4953;22217301000;22206655555;22706655555;10240;10228
4954;22217467000;22206655555;22706655555;10240;10228
4955;22217473000;22206655555;22706655555;10240;10228
4956;22217674000;22206655555;22706655555;10240;10228
4957;22217891000;22206655555;22706655555;10240;10228
4958;22217896000;22206655555;22706655555;10240;10228
4959;22218117000;22206655555;22706655555;10240;10228
4960;22218131000;22206744444;22706744444;10240;10228
4961;22258498000;22207044444;22707044444;10240;10228
4961;22258511000;22207044444;22707044444;10240;10228
4962;22258519000;22207044444;22707044444;10240;10228
4963;22258527000;22207044444;22707044444;10240;10228
4964;22258534000;22248311111;22748311111;10240;10228
4965;22258540000;22248311111;22748311111;10240;10228
4966;22258548000;22248311111;22748311111;10240;10228
4967;22258558000;22248311111;22748311111;10240;10228
4968;22258562000;22248311111;22748311111;10240;10228
4969;22258570000;22248311111;22748311111;10240;10228
4970;22258575000;22248311111;22748311111;10240;10228
4971;22258583000;22248388888;22748388888;10240;10228
4962;22258694000;22207044444;22707044444;10240;10228
4963;22258912000;22207044444;22707044444;10240;10228
4964;22258922000;22248311111;22748311111;10240;10228
4965;22259125000;22248311111;22748311111;10240;10228
4966;22259207000;22248311111;22748311111;10240;10228
4967;22259373000;22248311111;22748311111;10240;10228
4968;22259394000;22248311111;22748311111;10240;10228
4969;22259580000;22248311111;22748311111;10240;10228
4970;22259786000;22248311111;22748311111;10240;10228
4971;22259796000;22248388888;22748388888;10240;10228
4972;22300194000;22248722222;22748722222;10240;10228
4972;22300210000;22248722222;22748722222;10240;10228
4973;22300219000;22248722222;22748722222;10240;10228
4974;22300227000;22248722222;22748722222;10240;10228
4975;22300235000;22289955555;22789955555;10240;10228
4976;22300246000;22289955555;22789955555;10240;10228
4977;22300254000;22289955555;22789955555;10240;10228
4978;22300265000;22289955555;22789955555;10240;10228
4979;22300272000;22289955555;22789955555;10240;10228
4980;22300287000;22289955555;22789955555;10240;10228
4981;22300295000;22289955555;22789955555;10240;10228
4982;22300304000;22290044444;22790044444;10240;10228
4973;22300378000;22248722222;22748722222;10240;10228
4974;22300580000;22248722222;22748722222;10240;10228
4975;22300591000;22289955555;22789955555;10240;10228
4976;22300782000;22289955555;22789955555;10240;10228
4977;22300793000;22289955555;22789955555;10240;10228
4978;22300986000;22289955555;22789955555;10240;10228
4979;22301198000;22289955555;22789955555;10240;10228
4980;22301207000;22289955555;22789955555;10240;10228
4981;22301375000;22289955555;22789955555;10240;10228
4982;22301379000;22290044444;22790044444;10240;10228
4955;22320615000;22206655555;22706655555;10240;10228
4983;22341754000;22290388888;22790388888;10240;10228
4985;22341778000;22290388888;22790388888;10240;10228
4986;22341800000;22331655555;22831655555;10240;10228
4987;22341817000;22331655555;22831655555;10240;10228
4988;22341833000;22331655555;22831655555;10240;10228
4989;22341853000;22331655555;22831655555;10240;10228
4990;22341862000;22331655555;22831655555;10240;10228
4991;22341869000;22331655555;22831655555;10240;10228
4992;22341877000;22331655555;22831655555;10240;10228
4993;22341882000;22331733333;22831733333;10240;10228
4983;22341887000;22290388888;22790388888;10240;10228
4984;22342067000;22290388888;22790388888;10240;10228
4985;22342277000;22290388888;22790388888;10240;10228
4986;22342286000;22331655555;22831655555;10240;10228
4987;22342479000;22331655555;22831655555;10240;10228
4988;22342489000;22331655555;22831655555;10240;10228
4989;22342683000;22331655555;22831655555;10240;10228
4990;22342888000;22331655555;22831655555;10240;10228
4991;22342898000;22331655555;22831655555;10240;10228
4992;22343118000;22331655555;22831655555;10240;10228
4993;22343127000;22331733333;22831733333;10240;10228
4994;22383507000;22332022222;22832022222;10240;10228
4994;22383517000;22332022222;22832022222;10240;10228
4995;22383522000;22332022222;22832022222;10240;10228
4996;22383526000;22332022222;22832022222;10240;10228
4997;22383531000;22373288888;22873288888;10240;10228
4998;22383535000;22373288888;22873288888;10240;10228
4999;22383540000;22373288888;22873288888;10240;10228
5000;22383543000;22373288888;22873288888;10240;10228
5001;22383548000;22373288888;22873288888;10240;10228
5002;22383554000;22373288888;22873288888;10240;10228
5003;22383563000;22373288888;22873288888;10240;10228
5004;22383568000;22373377777;22873377777;10240;10228
4995;22383706000;22332022222;22832022222;10240;10228
4996;22383913000;22332022222;22832022222;10240;10228
4997;22383922000;22373288888;22873288888;10240;10228
4998;22384118000;22373288888;22873288888;10240;10228
4999;22384127000;22373288888;22873288888;10240;10228
5000;22384321000;22373288888;22873288888;10240;10228
5001;22384524000;22373288888;22873288888;10240;10228
5002;22384535000;22373288888;22873288888;10240;10228
5003;22384729000;22373288888;22873288888;10240;10228
5004;22384739000;22373377777;22873377777;10240;10228
5005;22425195000;22373711111;22873711111;10240;10228
5005;22425207000;22373711111;22873711111;10240;10228
5006;22425212000;22373711111;22873711111;10240;10228
5007;22425218000;22373711111;22873711111;10240;10228
5008;22425222000;22414988888;22914988888;10240;10228
5009;22425226000;22414988888;22914988888;10240;10228
5010;22425231000;22414988888;22914988888;10240;10228
5011;22425236000;22414988888;22914988888;10240;10228
5012;22425240000;22414988888;22914988888;10240;10228
5013;22425244000;22414988888;22914988888;10240;10228
5014;22425248000;22414988888;22914988888;10240;10228
5015;22425257000;22415077777;22915077777;10240;10228
5006;22425407000;22373711111;22873711111;10240;10228
5007;22425611000;22373711111;22873711111;10240;10228
5008;22425623000;22414988888;22914988888;10240;10228
5009;22425818000;22414988888;22914988888;10240;10228
5010;22425827000;22414988888;22914988888;10240;10228
5011;22426023000;22414988888;22914988888;10240;10228
5012;22426227000;22414988888;22914988888;10240;10228
5013;22426238000;22414988888;22914988888;10240;10228
5014;22426431000;22414988888;22914988888;10240;10228
5015;22426442000;22415077777;22915077777;10240;10228
4984;22445782000;22290388888;22790388888;10240;10228
5016;22466703000;22415400000;22915400000;10240;10228
5017;22466722000;22415400000;22915400000;10240;10228
5018;22466730000;22415400000;22915400000;10240;10228
5019;22466738000;22456633333;22956633333;10240;10228
5020;22466745000;22456633333;22956633333;10240;10228
5021;22466755000;22456633333;22956633333;10240;10228
5022;22466763000;22456633333;22956633333;10240;10228
5023;22466779000;22456633333;22956633333;10240;10228
5024;22466787000;22456633333;22956633333;10240;10228
5025;22466797000;22456633333;22956633333;10240;10228
5026;22466804000;22456711111;22956711111;10240;10228
5016;22466815000;22415400000;22915400000;10240;10228
5017;22467032000;22415400000;22915400000;10240;10228
5019;22467223000;22456633333;22956633333;10240;10228
5020;22467229000;22456633333;22956633333;10240;10228
5021;22467450000;22456633333;22956633333;10240;10228
5022;22467469000;22456633333;22956633333;10240;10228
5023;22467655000;22456633333;22956633333;10240;10228
5024;22467862000;22456633333;22956633333;10240;10228
5025;22467871000;22456633333;22956633333;10240;10228
5026;22468067000;22456711111;22956711111;10240;10228
5018;22487839000;22415400000;22915400000;10240;10228
5027;22508411000;22457000000;22957000000;10240;10228
5028;22508424000;22457000000;22957000000;10240;10228
5029;22508433000;22457000000;22957000000;10240;10228
5030;22508440000;22498322222;22998322222;10240;10228
5031;22508450000;22498322222;22998322222;10240;10228
5032;22508459000;22498322222;22998322222;10240;10228
5033;22508468000;22498322222;22998322222;10240;10228
5034;22508492000;22498322222;22998322222;10240;10228
5035;22508500000;22498322222;22998322222;10240;10228
5036;22508511000;22498322222;22998322222;10240;10228
5037;22508528000;22498444444;22998444444;10240;10228
5027;22508536000;22457000000;22957000000;10240;10228
5028;22508765000;22457000000;22957000000;10240;10228
5029;22508786000;22457000000;22957000000;10240;10228
5030;22508959000;22498322222;22998322222;10240;10228
5031;22509168000;22498322222;22998322222;10240;10228
5032;22509186000;22498322222;22998322222;10240;10228
5033;22509377000;22498322222;22998322222;10240;10228
5034;22509397000;22498322222;22998322222;10240;10228
5035;22509582000;22498322222;22998322222;10240;10228
5036;22509795000;22498322222;22998322222;10240;10228
5037;22509804000;22498444444;22998444444;10240;10228
5038;22550040000;22498777777;22998777777;10240;10228
5040;22550076000;22498777777;22998777777;10240;10228
5041;22550098000;22539966666;23039966666;10240;10228
5042;22550117000;22539966666;23039966666;10240;10228
5043;22550126000;22539966666;23039966666;10240;10228
5044;22550142000;22539966666;23039966666;10240;10228
5045;22550161000;22539966666;23039966666;10240;10228
5046;22550168000;22539966666;23039966666;10240;10228
5047;22550178000;22539966666;23039966666;10240;10228
5048;22550195000;22540044444;23040044444;10240;10228
5038;22550204000;22498777777;22998777777;10240;10228
5039;22550426000;22498777777;22998777777;10240;10228
5040;22550451000;22498777777;22998777777;10240;10228
5041;22550628000;22539966666;23039966666;10240;10228
5042;22550823000;22539966666;23039966666;10240;10228
5043;22550834000;22539966666;23039966666;10240;10228
5044;22550989000;22539966666;23039966666;10240;10228
5045;22551243000;22539966666;23039966666;10240;10228
5046;22551262000;22539966666;23039966666;10240;10228
5047;22551435000;22539966666;23039966666;10240;10228
5048;22551455000;22540044444;23040044444;10240;10228
5039;22570379000;22498777777;22998777777;10240;10228
5049;22591705000;22540377777;23040377777;10240;10228
5050;22591732000;22540377777;23040377777;10240;10228
5051;22591744000;22540377777;23040377777;10240;10228
5052;22591751000;22581633333;23081633333;10240;10228
5053;22591764000;22581633333;23081633333;10240;10228
5054;22591774000;22581633333;23081633333;10240;10228
5055;22591782000;22581633333;23081633333;10240;10228
5056;22591789000;22581633333;23081633333;10240;10228
5057;22591808000;22581633333;23081633333;10240;10228
5049;22591861000;22540377777;23040377777;10240;10228
5058;22591992000;22581633333;23081633333;10240;10228
5059;22592015000;22581711111;23081711111;10240;10228
5050;22592035000;22540377777;23040377777;10240;10228
5051;22592287000;22540377777;23040377777;10240;10228
5052;22592298000;22581633333;23081633333;10240;10228
5053;22592495000;22581633333;23081633333;10240;10228
5054;22592513000;22581633333;23081633333;10240;10228
5055;22592691000;22581633333;23081633333;10240;10228
5056;22592710000;22581633333;23081633333;10240;10228
5057;22592889000;22581633333;23081633333;10240;10228
5058;22593065000;22581633333;23081633333;10240;10228
5059;22593085000;22581711111;23081711111;10240;10228
5060;22633335000;22581988888;23081988888;10240;10228
5061;22633354000;22581988888;23081988888;10240;10228
5062;22633369000;22581988888;23081988888;10240;10228
5063;22633378000;22623322222;23123322222;10240;10228
5064;22633385000;22623322222;23123322222;10240;10228
5065;22633417000;22623322222;23123322222;10240;10228
5066;22633426000;22623322222;23123322222;10240;10228
5067;22633434000;22623322222;23123322222;10240;10228
5068;22633458000;22623322222;23123322222;10240;10228
5069;22633466000;22623322222;23123322222;10240;10228
5070;22633475000;22623400000;23123400000;10240;10228
5060;22633538000;22581988888;23081988888;10240;10228
5061;22633715000;22581988888;23081988888;10240;10228
5062;22633933000;22581988888;23081988888;10240;10228
5063;22633939000;22623322222;23123322222;10240;10228
5064;22634190000;22623322222;23123322222;10240;10228
5066;22634200000;22623322222;23123322222;10240;10228
5067;22634394000;22623322222;23123322222;10240;10228
5068;22634414000;22623322222;23123322222;10240;10228
5070;22634600000;22623400000;23123400000;10240;10228
5065;22654808000;22623322222;23123322222;10240;10228
5071;22674965000;22623722222;23123722222;10240;10228
5072;22674976000;22623722222;23123722222;10240;10228
5073;22674988000;22623722222;23123722222;10240;10228
5074;22675009000;22664966666;23164966666;10240;10228
5075;22675020000;22664966666;23164966666;10240;10228
5076;22675027000;22664966666;23164966666;10240;10228
5077;22675036000;22664966666;23164966666;10240;10228
5078;22675075000;22664966666;23164966666;10240;10228
5079;22675093000;22664966666;23164966666;10240;10228
5080;22675100000;22664966666;23164966666;10240;10228
5081;22675108000;22665066666;23165066666;10240;10228
5071;22675173000;22623722222;23123722222;10240;10228
5072;22675371000;22623722222;23123722222;10240;10228
5073;22675577000;22623722222;23123722222;10240;10228
5074;22675594000;22664966666;23164966666;10240;10228
5075;22675773000;22664966666;23164966666;10240;10228
5076;22675781000;22664966666;23164966666;10240;10228
5077;22675977000;22664966666;23164966666;10240;10228
5078;22675985000;22664966666;23164966666;10240;10228
5079;22676191000;22664966666;23164966666;10240;10228
5080;22676395000;22664966666;23164966666;10240;10228
5081;22676409000;22665066666;23165066666;10240;10228
5069;22695814000;22623322222;23123322222;10240;10228
5082;22716656000;22665388888;23165388888;10240;10228
5083;22716672000;22665388888;23165388888;10240;10228
5084;22716680000;22665388888;23165388888;10240;10228
5085;22716707000;22706655555;23206655555;10240;10228
5086;22716717000;22706655555;23206655555;10240;10228
5087;22716725000;22706655555;23206655555;10240;10228
5088;22716742000;22706655555;23206655555;10240;10228
5089;22716752000;22706655555;23206655555;10240;10228
5090;22716759000;22706655555;23206655555;10240;10228
5091;22716774000;22706655555;23206655555;10240;10228
5092;22716783000;22706744444;23206744444;10240;10228
5082;22716872000;22665388888;23165388888;10240;10228
5083;22717133000;22665388888;23165388888;10240;10228
5084;22717324000;22665388888;23165388888;10240;10228
5085;22717345000;22706655555;23206655555;10240;10228
5086;22717525000;22706655555;23206655555;10240;10228
5087;22717546000;22706655555;23206655555;10240;10228
5088;22717722000;22706655555;23206655555;10240;10228
5089;22717743000;22706655555;23206655555;10240;10228
5090;22717919000;22706655555;23206655555;10240;10228
5091;22718136000;22706655555;23206655555;10240;10228
5092;22718154000;22706744444;23206744444;10240;10228
5094;22758344000;22707044444;23207044444;10240;10228
5095;22758372000;22707044444;23207044444;10240;10228
5096;22758396000;22748322222;23248322222;10240;10228
5097;22758407000;22748322222;23248322222;10240;10228
5098;22758417000;22748322222;23248322222;10240;10228
5099;22758425000;22748322222;23248322222;10240;10228
5100;22758433000;22748322222;23248322222;10240;10228
5103;22758442000;22748411111;23248411111;10240;10228
5093;22758540000;22707044444;23207044444;10240;10228
5094;22758788000;22707044444;23207044444;10240;10228
5095;22758797000;22707044444;23207044444;10240;10228
5096;22758985000;22748322222;23248322222;10240;10228
5097;22759237000;22748322222;23248322222;10240;10228
5098;22759252000;22748322222;23248322222;10240;10228
5099;22759413000;22748322222;23248322222;10240;10228
5100;22759428000;22748322222;23248322222;10240;10228
5101;22759607000;22748322222;23248322222;10240;10228
5102;22759824000;22748322222;23248322222;10240;10228
5103;22759849000;22748411111;23248411111;10240;10228
5093;22778615000;22707044444;23207044444;10240;10228
5104;22800010000;22748722222;23248722222;10240;10228
5106;22800023000;22748722222;23248722222;10240;10228
5107;22800055000;22789988888;23289988888;10240;10228
5108;22800107000;22789988888;23289988888;10240;10228
5109;22800118000;22789988888;23289988888;10240;10228
5110;22800128000;22789988888;23289988888;10240;10228
5111;22800135000;22789988888;23289988888;10240;10228
5112;22800144000;22789988888;23289988888;10240;10228
5113;22800153000;22789988888;23289988888;10240;10228
5114;22800162000;22790066666;23290066666;10240;10228
5104;22800214000;22748722222;23248722222;10240;10228
5105;22800461000;22748722222;23248722222;10240;10228
5106;22800490000;22748722222;23248722222;10240;10228
5107;22800665000;22789988888;23289988888;10240;10228
5108;22800859000;22789988888;23289988888;10240;10228
5109;22800889000;22789988888;23289988888;10240;10228
5110;22801027000;22789988888;23289988888;10240;10228
5111;22801062000;22789988888;23289988888;10240;10228
5112;22801275000;22789988888;23289988888;10240;10228
5113;22801485000;22789988888;23289988888;10240;10228
5114;22801505000;22790066666;23290066666;10240;10228
5101;22820205000;22748322222;23248322222;10240;10228
5102;22820221000;22748322222;23248322222;10240;10228
5105;22820250000;22748722222;23248722222;10240;10228
5115;22841652000;22790388888;23290388888;10240;10228
5116;22841668000;22790388888;23290388888;10240;10228
5117;22841677000;22790388888;23290388888;10240;10228
5118;22841684000;22831622222;23331622222;10240;10228
5119;22841705000;22831622222;23331622222;10240;10228
5120;22841719000;22831622222;23331622222;10240;10228
5121;22841728000;22831622222;23331622222;10240;10228
5122;22841735000;22831622222;23331622222;10240;10228
5123;22841743000;22831622222;23331622222;10240;10228
5124;22841758000;22831622222;23331622222;10240;10228
5125;22841767000;22831711111;23331711111;10240;10228
5115;22841839000;22790388888;23290388888;10240;10228
5116;22842086000;22790388888;23290388888;10240;10228
5117;22842106000;22790388888;23290388888;10240;10228
5118;22842297000;22831622222;23331622222;10240;10228
5119;22842491000;22831622222;23331622222;10240;10228
5120;22842504000;22831622222;23331622222;10240;10228
5121;22842675000;22831622222;23331622222;10240;10228
5122;22842684000;22831622222;23331622222;10240;10228
5123;22842848000;22831622222;23331622222;10240;10228
5124;22843055000;22831622222;23331622222;10240;10228
5125;22843065000;22831711111;23331711111;10240;10228
5126;22883349000;22831988888;23331988888;10240;10228
5127;22883365000;22831988888;23331988888;10240;10228
5128;22883375000;22831988888;23331988888;10240;10228
5129;22883382000;22873288888;23373288888;10240;10228
5130;22883393000;22873288888;23373288888;10240;10228
5131;22883403000;22873288888;23373288888;10240;10228
5132;22883412000;22873288888;23373288888;10240;10228
5133;22883420000;22873288888;23373288888;10240;10228
5134;22883431000;22873288888;23373288888;10240;10228
5135;22883439000;22873288888;23373288888;10240;10228
5136;22883449000;22873377777;23373377777;10240;10228
5126;22883522000;22831988888;23331988888;10240;10228
5127;22883725000;22831988888;23331988888;10240;10228
5128;22883946000;22831988888;23331988888;10240;10228
5129;22883977000;22873288888;23373288888;10240;10228
5130;22884157000;22873288888;23373288888;10240;10228
5131;22884167000;22873288888;23373288888;10240;10228
5132;22884365000;22873288888;23373288888;10240;10228
5133;22884383000;22873288888;23373288888;10240;10228
5134;22884571000;22873288888;23373288888;10240;10228
5135;22884763000;22873288888;23373288888;10240;10228
5136;22884783000;22873377777;23373377777;10240;10228
5137;22925061000;22873677777;23373677777;10240;10228
5138;22925077000;22873677777;23373677777;10240;10228
5140;22925089000;22914966666;23414966666;10240;10228
5141;22925110000;22914966666;23414966666;10240;10228
5142;22925119000;22914966666;23414966666;10240;10228
5144;22925128000;22914966666;23414966666;10240;10228
5145;22925159000;22914966666;23414966666;10240;10228
5146;22925166000;22914966666;23414966666;10240;10228
5147;22925174000;22915044444;23415044444;10240;10228
5137;22925178000;22873677777;23373677777;10240;10228
5138;22925380000;22873677777;23373677777;10240;10228
5139;22925621000;22873677777;23373677777;10240;10228
5140;22925650000;22914966666;23414966666;10240;10228
5141;22925819000;22914966666;23414966666;10240;10228
5142;22925829000;22914966666;23414966666;10240;10228
5143;22925987000;22914966666;23414966666;10240;10228
5144;22926194000;22914966666;23414966666;10240;10228
5145;22926205000;22914966666;23414966666;10240;10228
5146;22926397000;22914966666;23414966666;10240;10228
5147;22926417000;22915044444;23415044444;10240;10228
5139;22945536000;22873677777;23373677777;10240;10228
5148;22966705000;22915388888;23415388888;10240;10228
5149;22966719000;22915388888;23415388888;10240;10228
5150;22966730000;22915388888;23415388888;10240;10228
5151;22966737000;22956622222;23456622222;10240;10228
5152;22966753000;22956622222;23456622222;10240;10228
5153;22966761000;22956622222;23456622222;10240;10228
5154;22966769000;22956622222;23456622222;10240;10228
5156;22966778000;22956622222;23456622222;10240;10228
5157;22966801000;22956622222;23456622222;10240;10228
5158;22966818000;22956700000;23456700000;10240;10228
5148;22966834000;22915388888;23415388888;10240;10228
5149;22967036000;22915388888;23415388888;10240;10228
5150;22967278000;22915388888;23415388888;10240;10228
5151;22967286000;22956622222;23456622222;10240;10228
5152;22967483000;22956622222;23456622222;10240;10228
5153;22967491000;22956622222;23456622222;10240;10228
5154;22967674000;22956622222;23456622222;10240;10228
5155;22967861000;22956622222;23456622222;10240;10228
5156;22967886000;22956622222;23456622222;10240;10228
5157;22968065000;22956622222;23456622222;10240;10228
5158;22968075000;22956700000;23456700000;10240;10228
5143;22987027000;22914966666;23414966666;10240;10228
5155;22987050000;22956622222;23456622222;10240;10228
5159;23008325000;22957000000;23457000000;10240;10228
5160;23008338000;22957000000;23457000000;10240;10228
5161;23008345000;22957000000;23457000000;10240;10228
5162;23008360000;22998288888;23498288888;10240;10228
5163;23008380000;22998288888;23498288888;10240;10228
5164;23008390000;22998288888;23498288888;10240;10228
5165;23008397000;22998288888;23498288888;10240;10228
5166;23008413000;22998288888;23498288888;10240;10228
5167;23008421000;22998288888;23498288888;10240;10228
5168;23008428000;22998288888;23498288888;10240;10228
5169;23008437000;22998377777;23498377777;10240;10228
5159;23008510000;22957000000;23457000000;10240;10228
5160;23008712000;22957000000;23457000000;10240;10228
5161;23008914000;22957000000;23457000000;10240;10228
5162;23008926000;22998288888;23498288888;10240;10228
5163;23009128000;22998288888;23498288888;10240;10228
5164;23009139000;22998288888;23498288888;10240;10228
5165;23009323000;22998288888;23498288888;10240;10228
5166;23009529000;22998288888;23498288888;10240;10228
5167;23009539000;22998288888;23498288888;10240;10228
5168;23009710000;22998288888;23498288888;10240;10228
5169;23009715000;22998377777;23498377777;10240;10228
5170;23049960000;22998700000;23498700000;10240;10228
5171;23049977000;22998700000;23498700000;10240;10228
5172;23049985000;22998700000;23498700000;10240;10228
5173;23050004000;23039955555;23539955555;10240;10228
5174;23050014000;23039955555;23539955555;10240;10228
5175;23050023000;23039955555;23539955555;10240;10228
5176;23050053000;23039955555;23539955555;10240;10228
5177;23050080000;23039955555;23539955555;10240;10228
5178;23050100000;23039955555;23539955555;10240;10228
5179;23050108000;23039955555;23539955555;10240;10228
5180;23050115000;23040044444;23540044444;10240;10228
5170;23050177000;22998700000;23498700000;10240;10228
5171;23050361000;22998700000;23498700000;10240;10228
5172;23050566000;22998700000;23498700000;10240;10228
5173;23050577000;23039955555;23539955555;10240;10228
5174;23050770000;23039955555;23539955555;10240;10228
5175;23050781000;23039955555;23539955555;10240;10228
5176;23050975000;23039955555;23539955555;10240;10228
5177;23051160000;23039955555;23539955555;10240;10228
5178;23051166000;23039955555;23539955555;10240;10228
5179;23051363000;23039955555;23539955555;10240;10228
5180;23051367000;23040044444;23540044444;10240;10228
5181;23091627000;23040388888;23540388888;10240;10228
5182;23091641000;23040388888;23540388888;10240;10228
5183;23091650000;23040388888;23540388888;10240;10228
5184;23091669000;23081622222;23581622222;10240;10228
5185;23091679000;23081622222;23581622222;10240;10228
5186;23091687000;23081622222;23581622222;10240;10228
5187;23091697000;23081622222;23581622222;10240;10228
5188;23091719000;23081622222;23581622222;10240;10228
5189;23091729000;23081622222;23581622222;10240;10228
5190;23091737000;23081622222;23581622222;10240;10228
5191;23091744000;23081711111;23581711111;10240;10228
5181;23091829000;23040388888;23540388888;10240;10228
5182;23092019000;23040388888;23540388888;10240;10228
5183;23092235000;23040388888;23540388888;10240;10228
5184;23092248000;23081622222;23581622222;10240;10228
5185;23092438000;23081622222;23581622222;10240;10228
5186;23092451000;23081622222;23581622222;10240;10228
5187;23092633000;23081622222;23581622222;10240;10228
5188;23092642000;23081622222;23581622222;10240;10228
5189;23092837000;23081622222;23581622222;10240;10228
5190;23093028000;23081622222;23581622222;10240;10228
5191;23093032000;23081711111;23581711111;10240;10228
5192;23133304000;23082033333;23582033333;10240;10228
5193;23133320000;23082033333;23582033333;10240;10228
5194;23133329000;23082033333;23582033333;10240;10228
5195;23133346000;23123288888;23623288888;10240;10228
5196;23133357000;23123288888;23623288888;10240;10228
5197;23133365000;23123288888;23623288888;10240;10228
5198;23133386000;23123288888;23623288888;10240;10228
5199;23133396000;23123288888;23623288888;10240;10228
5200;23133405000;23123288888;23623288888;10240;10228
5201;23133412000;23123288888;23623288888;10240;10228
5202;23133421000;23123366666;23623366666;10240;10228
5192;23133507000;23082033333;23582033333;10240;10228
5193;23133697000;23082033333;23582033333;10240;10228
5194;23133902000;23082033333;23582033333;10240;10228
5195;23133907000;23123288888;23623288888;10240;10228
5196;23134158000;23123288888;23623288888;10240;10228
5197;23134168000;23123288888;23623288888;10240;10228
5198;23134357000;23123288888;23623288888;10240;10228
5199;23134375000;23123288888;23623288888;10240;10228
5200;23134567000;23123288888;23623288888;10240;10228
5201;23134763000;23123288888;23623288888;10240;10228
5202;23134783000;23123366666;23623366666;10240;10228
5203;23174973000;23123666666;23623666666;10240;10228
5204;23174990000;23123666666;23623666666;10240;10228
5205;23175000000;23123666666;23623666666;10240;10228
5206;23175018000;23164966666;23664966666;10240;10228
5207;23175029000;23164966666;23664966666;10240;10228
5208;23175037000;23164966666;23664966666;10240;10228
5209;23175081000;23164966666;23664966666;10240;10228
5210;23175100000;23164966666;23664966666;10240;10228
5211;23175109000;23164966666;23664966666;10240;10228
5212;23175118000;23164966666;23664966666;10240;10228
5213;23175125000;23165044444;23665044444;10240;10228
5203;23175158000;23123666666;23623666666;10240;10228
5204;23175376000;23123666666;23623666666;10240;10228
5205;23175559000;23123666666;23623666666;10240;10228
5206;23175564000;23164966666;23664966666;10240;10228
5207;23175778000;23164966666;23664966666;10240;10228
5208;23175783000;23164966666;23664966666;10240;10228
5209;23175984000;23164966666;23664966666;10240;10228
5210;23175988000;23164966666;23664966666;10240;10228
5211;23176197000;23164966666;23664966666;10240;10228
5212;23176392000;23164966666;23664966666;10240;10228
5213;23176400000;23165044444;23665044444;10240;10228
5214;23216656000;23165355555;23665355555;10240;10228
5215;23216674000;23165355555;23665355555;10240;10228
5216;23216682000;23165355555;23665355555;10240;10228
5217;23216701000;23206655555;23706655555;10240;10228
5218;23216712000;23206655555;23706655555;10240;10228
5219;23216720000;23206655555;23706655555;10240;10228
5220;23216739000;23206655555;23706655555;10240;10228
5221;23216752000;23206655555;23706655555;10240;10228
5222;23216762000;23206655555;23706655555;10240;10228
5223;23216772000;23206655555;23706655555;10240;10228
5224;23216781000;23206733333;23706733333;10240;10228
5214;23216877000;23165355555;23665355555;10240;10228
5215;23217073000;23165355555;23665355555;10240;10228
5216;23217283000;23165355555;23665355555;10240;10228
5217;23217297000;23206655555;23706655555;10240;10228
5218;23217480000;23206655555;23706655555;10240;10228
5219;23217490000;23206655555;23706655555;10240;10228
5220;23217683000;23206655555;23706655555;10240;10228
5221;23217691000;23206655555;23706655555;10240;10228
5222;23217887000;23206655555;23706655555;10240;10228
5223;23218111000;23206655555;23706655555;10240;10228
5224;23218131000;23206733333;23706733333;10240;10228
5225;23258300000;23207033333;23707033333;10240;10228
5226;23258318000;23207033333;23707033333;10240;10228
5227;23258325000;23207033333;23707033333;10240;10228
5228;23258348000;23248288888;23748288888;10240;10228
5229;23258357000;23248288888;23748288888;10240;10228
5230;23258366000;23248288888;23748288888;10240;10228
5231;23258387000;23248288888;23748288888;10240;10228
5232;23258396000;23248288888;23748288888;10240;10228
5233;23258404000;23248288888;23748288888;10240;10228
5234;23258413000;23248288888;23748288888;10240;10228
5235;23258427000;23248377777;23748377777;10240;10228
5226;23258506000;23207033333;23707033333;10240;10228
5227;23258699000;23207033333;23707033333;10240;10228
5228;23258902000;23248288888;23748288888;10240;10228
5229;23258908000;23248288888;23748288888;10240;10228
5230;23259153000;23248288888;23748288888;10240;10228
5231;23259164000;23248288888;23748288888;10240;10228
5232;23259320000;23248288888;23748288888;10240;10228
5233;23259338000;23248288888;23748288888;10240;10228
5234;23259517000;23248288888;23748288888;10240;10228
5235;23259527000;23248377777;23748377777;10240;10228
5225;23279363000;23207033333;23707033333;10240;10228
5236;23299967000;23248722222;23748722222;10240;10228
5237;23299979000;23248722222;23748722222;10240;10228
5238;23299986000;23248722222;23748722222;10240;10228
5239;23300014000;23289955555;23789955555;10240;10228
5240;23300024000;23289955555;23789955555;10240;10228
5241;23300032000;23289955555;23789955555;10240;10228
5242;23300039000;23289955555;23789955555;10240;10228
5243;23300079000;23289955555;23789955555;10240;10228
5244;23300099000;23289955555;23789955555;10240;10228
5245;23300106000;23289955555;23789955555;10240;10228
5246;23300115000;23290033333;23790033333;10240;10228
5236;23300211000;23248722222;23748722222;10240;10228
5237;23300421000;23248722222;23748722222;10240;10228
5238;23300431000;23248722222;23748722222;10240;10228
5239;23300625000;23289955555;23789955555;10240;10228
5240;23300819000;23289955555;23789955555;10240;10228
5241;23300840000;23289955555;23789955555;10240;10228
5242;23301023000;23289955555;23789955555;10240;10228
5243;23301034000;23289955555;23789955555;10240;10228
5244;23301236000;23289955555;23789955555;10240;10228
5245;23301434000;23289955555;23789955555;10240;10228
5246;23301454000;23290033333;23790033333;10240;10228
5247;23341633000;23290377777;23790377777;10240;10228
5248;23341649000;23290377777;23790377777;10240;10228
5249;23341658000;23290377777;23790377777;10240;10228
5250;23341678000;23331622222;23831622222;10240;10228
5251;23341688000;23331622222;23831622222;10240;10228
5252;23341697000;23331622222;23831622222;10240;10228
5253;23341704000;23331622222;23831622222;10240;10228
5254;23341728000;23331622222;23831622222;10240;10228
5255;23341737000;23331622222;23831622222;10240;10228
5256;23341745000;23331622222;23831622222;10240;10228
5257;23341754000;23331711111;23831711111;10240;10228
5247;23341840000;23290377777;23790377777;10240;10228
5248;23342032000;23290377777;23790377777;10240;10228
5249;23342247000;23290377777;23790377777;10240;10228
5250;23342260000;23331622222;23831622222;10240;10228
5251;23342442000;23331622222;23831622222;10240;10228
5252;23342448000;23331622222;23831622222;10240;10228
5253;23342644000;23331622222;23831622222;10240;10228
5254;23342657000;23331622222;23831622222;10240;10228
5255;23342849000;23331622222;23831622222;10240;10228
5256;23343041000;23331622222;23831622222;10240;10228
5257;23343063000;23331711111;23831711111;10240;10228
5258;23383306000;23331977777;23831977777;10240;10228
5259;23383323000;23331977777;23831977777;10240;10228
5260;23383333000;23331977777;23831977777;10240;10228
5261;23383340000;23373288888;23873288888;10240;10228
5262;23383358000;23373288888;23873288888;10240;10228
5263;23383367000;23373288888;23873288888;10240;10228
5264;23383373000;23373288888;23873288888;10240;10228
5265;23383396000;23373288888;23873288888;10240;10228
5266;23383405000;23373288888;23873288888;10240;10228
5267;23383413000;23373288888;23873288888;10240;10228
5268;23383422000;23373377777;23873377777;10240;10228
5258;23383540000;23331977777;23831977777;10240;10228
5259;23383744000;23331977777;23831977777;10240;10228
5260;23383766000;23331977777;23831977777;10240;10228
5261;23383963000;23373288888;23873288888;10240;10228
5262;23384157000;23373288888;23873288888;10240;10228
5263;23384168000;23373288888;23873288888;10240;10228
5264;23384321000;23373288888;23873288888;10240;10228
5265;23384339000;23373288888;23873288888;10240;10228
5266;23384517000;23373288888;23873288888;10240;10228
5267;23384777000;23373288888;23873288888;10240;10228
5268;23384786000;23373377777;23873377777;10240;10228
5269;23424976000;23373700000;23873700000;10240;10228
5270;23424991000;23373700000;23873700000;10240;10228
5271;23425002000;23373700000;23873700000;10240;10228
5272;23425011000;23414955555;23914955555;10240;10228
5273;23425030000;23414955555;23914955555;10240;10228
5275;23425039000;23414955555;23914955555;10240;10228
5276;23425068000;23414955555;23914955555;10240;10228
5277;23425111000;23414955555;23914955555;10240;10228
5278;23425129000;23414955555;23914955555;10240;10228
5279;23425146000;23415044444;23915044444;10240;10228
5269;23425206000;23373700000;23873700000;10240;10228
5270;23425426000;23373700000;23873700000;10240;10228
5271;23425436000;23373700000;23873700000;10240;10228
5272;23425593000;23414955555;23914955555;10240;10228
5273;23425821000;23414955555;23914955555;10240;10228
5274;23425832000;23414955555;23914955555;10240;10228
5275;23425991000;23414955555;23914955555;10240;10228
5276;23426233000;23414955555;23914955555;10240;10228
5277;23426252000;23414955555;23914955555;10240;10228
5278;23426392000;23414955555;23914955555;10240;10228
5279;23426401000;23415044444;23915044444;10240;10228
5274;23445294000;23414955555;23914955555;10240;10228
5280;23466673000;23415366666;23915366666;10240;10228
5281;23466689000;23415366666;23915366666;10240;10228
5282;23466699000;23415366666;23915366666;10240;10228
5283;23466705000;23456633333;23956633333;10240;10228
5284;23466723000;23456633333;23956633333;10240;10228
5285;23466732000;23456633333;23956633333;10240;10228
5286;23466740000;23456633333;23956633333;10240;10228
5287;23466757000;23456633333;23956633333;10240;10228
5288;23466767000;23456633333;23956633333;10240;10228
5289;23466773000;23456633333;23956633333;10240;10228
5290;23466782000;23456711111;23956711111;10240;10228
5280;23466846000;23415366666;23915366666;10240;10228
5281;23467035000;23415366666;23915366666;10240;10228
5282;23467251000;23415366666;23915366666;10240;10228
5283;23467260000;23456633333;23956633333;10240;10228
5284;23467430000;23456633333;23956633333;10240;10228
5285;23467438000;23456633333;23956633333;10240;10228
5286;23467658000;23456633333;23956633333;10240;10228
5287;23467838000;23456633333;23956633333;10240;10228
5288;23467844000;23456633333;23956633333;10240;10228
5289;23468041000;23456633333;23956633333;10240;10228
5290;23468056000;23456711111;23956711111;10240;10228
5291;23508305000;23457022222;23957022222;10240;10228
5292;23508322000;23457022222;23957022222;10240;10228
5293;23508331000;23457022222;23957022222;10240;10228
5294;23508348000;23498300000;23998300000;10240;10228
5295;23508359000;23498300000;23998300000;10240;10228
5296;23508367000;23498300000;23998300000;10240;10228
5297;23508390000;23498300000;23998300000;10240;10228
5298;23508411000;23498300000;23998300000;10240;10228
5299;23508420000;23498300000;23998300000;10240;10228
5300;23508428000;23498300000;23998300000;10240;10228
5301;23508434000;23498377777;23998377777;10240;10228
5291;23508486000;23457022222;23957022222;10240;10228
5292;23508686000;23457022222;23957022222;10240;10228
5293;23508889000;23457022222;23957022222;10240;10228
5294;23508894000;23498300000;23998300000;10240;10228
5295;23509096000;23498300000;23998300000;10240;10228
5296;23509102000;23498300000;23998300000;10240;10228
5297;23509300000;23498300000;23998300000;10240;10228
5298;23509505000;23498300000;23998300000;10240;10228
5300;23509514000;23498300000;23998300000;10240;10228
5301;23509707000;23498377777;23998377777;10240;10228
5302;23549970000;23498700000;23998700000;10240;10228
5303;23549984000;23498700000;23998700000;10240;10228
5304;23549993000;23498700000;23998700000;10240;10228
5305;23550012000;23539955555;24039955555;10240;10228
5306;23550022000;23539955555;24039955555;10240;10228
5307;23550029000;23539955555;24039955555;10240;10228
5308;23550038000;23539955555;24039955555;10240;10228
5309;23550080000;23539955555;24039955555;10240;10228
5310;23550100000;23539955555;24039955555;10240;10228
5311;23550109000;23539955555;24039955555;10240;10228
5312;23550115000;23540033333;24040033333;10240;10228
5302;23550152000;23498700000;23998700000;10240;10228
5303;23550350000;23498700000;23998700000;10240;10228
5304;23550556000;23498700000;23998700000;10240;10228
5305;23550561000;23539955555;24039955555;10240;10228
5306;23550760000;23539955555;24039955555;10240;10228
5307;23550765000;23539955555;24039955555;10240;10228
5308;23550962000;23539955555;24039955555;10240;10228
5309;23551169000;23539955555;24039955555;10240;10228
5310;23551174000;23539955555;24039955555;10240;10228
5311;23551372000;23539955555;24039955555;10240;10228
5312;23551378000;23540033333;24040033333;10240;10228
5299;23570545000;23498300000;23998300000;10240;10228
5313;23591635000;23540355555;24040355555;10240;10228
5314;23591648000;23540355555;24040355555;10240;10228
5315;23591656000;23540355555;24040355555;10240;10228
5316;23591682000;23581633333;24081633333;10240;10228
5317;23591692000;23581633333;24081633333;10240;10228
5318;23591701000;23581633333;24081633333;10240;10228
5319;23591707000;23581633333;24081633333;10240;10228
5320;23591730000;23581633333;24081633333;10240;10228
5321;23591739000;23581633333;24081633333;10240;10228
5322;23591746000;23581633333;24081633333;10240;10228
5323;23591753000;23581711111;24081711111;10240;10228
5313;23591819000;23540355555;24040355555;10240;10228
5315;23592024000;23540355555;24040355555;10240;10228
5316;23592227000;23581633333;24081633333;10240;10228
5317;23592234000;23581633333;24081633333;10240;10228
5318;23592430000;23581633333;24081633333;10240;10228
5319;23592436000;23581633333;24081633333;10240;10228
5320;23592633000;23581633333;24081633333;10240;10228
5321;23592839000;23581633333;24081633333;10240;10228
5322;23592847000;23581633333;24081633333;10240;10228
5323;23593040000;23581711111;24081711111;10240;10228
5314;23612611000;23540355555;24040355555;10240;10228
5324;23633310000;23582000000;24082000000;10240;10228
5325;23633323000;23582000000;24082000000;10240;10228
5326;23633331000;23582000000;24082000000;10240;10228
5327;23633354000;23623311111;24123311111;10240;10228
5328;23633364000;23623311111;24123311111;10240;10228
5329;23633404000;23623311111;24123311111;10240;10228
5330;23633413000;23623311111;24123311111;10240;10228
5331;23633455000;23623311111;24123311111;10240;10228
5332;23633464000;23623311111;24123311111;10240;10228
5333;23633472000;23623311111;24123311111;10240;10228
5324;23633493000;23582000000;24082000000;10240;10228
5334;23633521000;23623500000;24123500000;10240;10228
5325;23633697000;23582000000;24082000000;10240;10228
5326;23633900000;23582000000;24082000000;10240;10228
5327;23633907000;23623311111;24123311111;10240;10228
5328;23634106000;23623311111;24123311111;10240;10228
5329;23634310000;23623311111;24123311111;10240;10228
5330;23634318000;23623311111;24123311111;10240;10228
5331;23634516000;23623311111;24123311111;10240;10228
5332;23634521000;23623311111;24123311111;10240;10228
5333;23634720000;23623311111;24123311111;10240;10228
5334;23634724000;23623500000;24123500000;10240;10228
5335;23674972000;23623888888;24123888888;10240;10228
5336;23674990000;23623888888;24123888888;10240;10228
5337;23674998000;23623888888;24123888888;10240;10228
5338;23675006000;23664977777;24164977777;10240;10228
5339;23675022000;23664977777;24164977777;10240;10228
5340;23675033000;23664977777;24164977777;10240;10228
5341;23675060000;23664977777;24164977777;10240;10228
5342;23675071000;23664977777;24164977777;10240;10228
5343;23675078000;23664977777;24164977777;10240;10228
5344;23675089000;23664977777;24164977777;10240;10228
5345;23675096000;23665055555;24165055555;10240;10228
5335;23675160000;23623888888;24123888888;10240;10228
5336;23675359000;23623888888;24123888888;10240;10228
5337;23675567000;23623888888;24123888888;10240;10228
5338;23675572000;23664977777;24164977777;10240;10228
5339;23675769000;23664977777;24164977777;10240;10228
5340;23675778000;23664977777;24164977777;10240;10228
5341;23675974000;23664977777;24164977777;10240;10228
5342;23676182000;23664977777;24164977777;10240;10228
5343;23676187000;23664977777;24164977777;10240;10228
5344;23676386000;23664977777;24164977777;10240;10228
5345;23676390000;23665055555;24165055555;10240;10228
5346;23716678000;23665377777;24165377777;10240;10228
5347;23716690000;23665377777;24165377777;10240;10228
5348;23716740000;23665377777;24165377777;10240;10228
5349;23716759000;23706700000;24206700000;10240;10228
5350;23716769000;23706700000;24206700000;10240;10228
5351;23716777000;23706700000;24206700000;10240;10228
5352;23716787000;23706700000;24206700000;10240;10228
5353;23716795000;23706700000;24206700000;10240;10228
5354;23716815000;23706700000;24206700000;10240;10228
5355;23716825000;23706700000;24206700000;10240;10228
5356;23716833000;23706788888;24206788888;10240;10228
5346;23716922000;23665377777;24165377777;10240;10228
5347;23717159000;23665377777;24165377777;10240;10228
5348;23717351000;23665377777;24165377777;10240;10228
5349;23717371000;23706700000;24206700000;10240;10228
5350;23717547000;23706700000;24206700000;10240;10228
5351;23717566000;23706700000;24206700000;10240;10228
5353;23717749000;23706700000;24206700000;10240;10228
5354;23717768000;23706700000;24206700000;10240;10228
5355;23717946000;23706700000;24206700000;10240;10228
5356;23717957000;23706788888;24206788888;10240;10228
5352;23738365000;23706700000;24206700000;10240;10228
5357;23758355000;23707211111;24207211111;10240;10228
5358;23758365000;23707211111;24207211111;10240;10228
5359;23758386000;23707211111;24207211111;10240;10228
5360;23758395000;23748333333;24248333333;10240;10228
5362;23758403000;23748333333;24248333333;10240;10228
5363;23758432000;23748333333;24248333333;10240;10228
5364;23758452000;23748333333;24248333333;10240;10228
5366;23758459000;23748333333;24248333333;10240;10228
5367;23758469000;23748411111;24248411111;10240;10228
5357;23758586000;23707211111;24207211111;10240;10228
5358;23758799000;23707211111;24207211111;10240;10228
5359;23758820000;23707211111;24207211111;10240;10228
5360;23758983000;23748333333;24248333333;10240;10228
5361;23759206000;23748333333;24248333333;10240;10228
5362;23759235000;23748333333;24248333333;10240;10228
5363;23759411000;23748333333;24248333333;10240;10228
5364;23759424000;23748333333;24248333333;10240;10228
5365;23759605000;23748333333;24248333333;10240;10228
5366;23759808000;23748333333;24248333333;10240;10228
5367;23759818000;23748411111;24248411111;10240;10228
5361;23778668000;23748333333;24248333333;10240;10228
5368;23799983000;23748777777;24248777777;10240;10228
5369;23799998000;23748777777;24248777777;10240;10228
5370;23800006000;23748777777;24248777777;10240;10228
5372;23800016000;23789955555;24289955555;10240;10228
5373;23800037000;23789955555;24289955555;10240;10228
5374;23800096000;23789955555;24289955555;10240;10228
5375;23800115000;23789955555;24289955555;10240;10228
5376;23800124000;23789955555;24289955555;10240;10228
5377;23800131000;23789955555;24289955555;10240;10228
5378;23800161000;23790044444;24290044444;10240;10228
5368;23800178000;23748777777;24248777777;10240;10228
5369;23800467000;23748777777;24248777777;10240;10228
5370;23800480000;23748777777;24248777777;10240;10228
5371;23800632000;23789955555;24289955555;10240;10228
5372;23800840000;23789955555;24289955555;10240;10228
5373;23800865000;23789955555;24289955555;10240;10228
5374;23801029000;23789955555;24289955555;10240;10228
5375;23801067000;23789955555;24289955555;10240;10228
5376;23801261000;23789955555;24289955555;10240;10228
5377;23801452000;23789955555;24289955555;10240;10228
5378;23801473000;23790044444;24290044444;10240;10228
5365;23820278000;23748333333;24248333333;10240;10228
5371;23820293000;23789955555;24289955555;10240;10228
5379;23841731000;23790344444;24290344444;10240;10228
5380;23841753000;23790344444;24290344444;10240;10228
5381;23841762000;23790344444;24290344444;10240;10228
5382;23841771000;23831655555;24331655555;10240;10228
5383;23841778000;23831655555;24331655555;10240;10228
5384;23841786000;23831655555;24331655555;10240;10228
5385;23841800000;23831655555;24331655555;10240;10228
5386;23841809000;23831655555;24331655555;10240;10228
5387;23841822000;23831655555;24331655555;10240;10228
5388;23841831000;23831655555;24331655555;10240;10228
5389;23841840000;23831733333;24331733333;10240;10228
5379;23841858000;23790344444;24290344444;10240;10228
5380;23842135000;23790344444;24290344444;10240;10228
5381;23842154000;23790344444;24290344444;10240;10228
5382;23842346000;23831655555;24331655555;10240;10228
5383;23842532000;23831655555;24331655555;10240;10228
5384;23842547000;23831655555;24331655555;10240;10228
5385;23842726000;23831655555;24331655555;10240;10228
5386;23842736000;23831655555;24331655555;10240;10228
5387;23842925000;23831655555;24331655555;10240;10228
5388;23843142000;23831655555;24331655555;10240;10228
5389;23843156000;23831733333;24331733333;10240;10228
5390;23883411000;23832000000;24332000000;10240;10228
5391;23883428000;23832000000;24332000000;10240;10228
5392;23883436000;23832000000;24332000000;10240;10228
5393;23883447000;23873288888;24373288888;10240;10228
5394;23883454000;23873288888;24373288888;10240;10228
5395;23883465000;23873288888;24373288888;10240;10228
5396;23883473000;23873288888;24373288888;10240;10228
5397;23883482000;23873288888;24373288888;10240;10228
5398;23883492000;23873288888;24373288888;10240;10228
5399;23883500000;23873288888;24373288888;10240;10228
5400;23883510000;23873377777;24373377777;10240;10228
5390;23883518000;23832000000;24332000000;10240;10228
5391;23883739000;23832000000;24332000000;10240;10228
5392;23883966000;23832000000;24332000000;10240;10228
5393;23883988000;23873288888;24373288888;10240;10228
5394;23884163000;23873288888;24373288888;10240;10228
5395;23884179000;23873288888;24373288888;10240;10228
5396;23884374000;23873288888;24373288888;10240;10228
5397;23884389000;23873288888;24373288888;10240;10228
5398;23884569000;23873288888;24373288888;10240;10228
5399;23884775000;23873288888;24373288888;10240;10228
5400;23884794000;23873377777;24373377777;10240;10228
5401;23925216000;23873677777;24373677777;10240;10228
5402;23925238000;23873677777;24373677777;10240;10228
5403;23925248000;23873677777;24373677777;10240;10228
5404;23925256000;23914988888;24414988888;10240;10228
5405;23925264000;23914988888;24414988888;10240;10228
5406;23925272000;23914988888;24414988888;10240;10228
5407;23925281000;23914988888;24414988888;10240;10228
5408;23925291000;23914988888;24414988888;10240;10228
5409;23925299000;23914988888;24414988888;10240;10228
5401;23925310000;23873677777;24373677777;10240;10228
5410;23925318000;23914988888;24414988888;10240;10228
5411;23925325000;23915066666;24415066666;10240;10228
5404;23925447000;23914988888;24414988888;10240;10228
5405;23925459000;23914988888;24414988888;10240;10228
5406;23925651000;23914988888;24414988888;10240;10228
5407;23925849000;23914988888;24414988888;10240;10228
5408;23925870000;23914988888;24414988888;10240;10228
5409;23926057000;23914988888;24414988888;10240;10228
5410;23926079000;23914988888;24414988888;10240;10228
5411;23926262000;23915066666;24415066666;10240;10228
5402;23946131000;23873677777;24373677777;10240;10228
5403;23946316000;23873677777;24373677777;10240;10228
5412;23966874000;23915400000;24415400000;10240;10228
5412;23966880000;23915400000;24415400000;10240;10228
5413;23966885000;23915400000;24415400000;10240;10228
5414;23966889000;23915400000;24415400000;10240;10228
5415;23966893000;23956622222;24456622222;10240;10228
5416;23966911000;23956622222;24456622222;10240;10228
5417;23966917000;23956622222;24456622222;10240;10228
5418;23966921000;23956622222;24456622222;10240;10228
5419;23966925000;23956622222;24456622222;10240;10228
5420;23966930000;23956622222;24456622222;10240;10228
5421;23966934000;23956622222;24456622222;10240;10228
5422;23966939000;23956711111;24456711111;10240;10228
5413;23967038000;23915400000;24415400000;10240;10228
5414;23967293000;23915400000;24415400000;10240;10228
5415;23967302000;23956622222;24456622222;10240;10228
5416;23967484000;23956622222;24456622222;10240;10228
5417;23967504000;23956622222;24456622222;10240;10228
5418;23967686000;23956622222;24456622222;10240;10228
5419;23967707000;23956622222;24456622222;10240;10228
5420;23967884000;23956622222;24456622222;10240;10228
5421;23968063000;23956622222;24456622222;10240;10228
5422;23968082000;23956711111;24456711111;10240;10228
5423;24008556000;23957000000;24457000000;10240;10228
5424;24008570000;23957000000;24457000000;10240;10228
5425;24008579000;23957000000;24457000000;10240;10228
5426;24008587000;23998288888;24498288888;10240;10228
5427;24008597000;23998288888;24498288888;10240;10228
5428;24008605000;23998288888;24498288888;10240;10228
5423;24008612000;23957000000;24457000000;10240;10228
5429;24008620000;23998288888;24498288888;10240;10228
5430;24008628000;23998288888;24498288888;10240;10228
5431;24008636000;23998288888;24498288888;10240;10228
5432;24008645000;23998288888;24498288888;10240;10228
5433;24008659000;23998377777;24498377777;10240;10228
5424;24008747000;23957000000;24457000000;10240;10228
5425;24008754000;23957000000;24457000000;10240;10228
5426;24008929000;23998288888;24498288888;10240;10228
5427;24009161000;23998288888;24498288888;10240;10228
5428;24009170000;23998288888;24498288888;10240;10228
5429;24009363000;23998288888;24498288888;10240;10228
5430;24009382000;23998288888;24498288888;10240;10228
5431;24009569000;23998288888;24498288888;10240;10228
5432;24009763000;23998288888;24498288888;10240;10228
5433;24009783000;23998377777;24498377777;10240;10228
5434;24050225000;23998700000;24498700000;10240;10228
5435;24050239000;23998700000;24498700000;10240;10228
5436;24050248000;23998700000;24498700000;10240;10228
5437;24050255000;24039988888;24539988888;10240;10228
5438;24050263000;24039988888;24539988888;10240;10228
5439;24050271000;24039988888;24539988888;10240;10228
5440;24050285000;24039988888;24539988888;10240;10228
5434;24050293000;23998700000;24498700000;10240;10228
5441;24050306000;24039988888;24539988888;10240;10228
5442;24050316000;24039988888;24539988888;10240;10228
5443;24050324000;24039988888;24539988888;10240;10228
5444;24050332000;24040066666;24540066666;10240;10228
5435;24050442000;23998700000;24498700000;10240;10228
5436;24050464000;23998700000;24498700000;10240;10228
5437;24050653000;24039988888;24539988888;10240;10228
5438;24050852000;24039988888;24539988888;10240;10228
5439;24050872000;24039988888;24539988888;10240;10228
5440;24051076000;24039988888;24539988888;10240;10228
5441;24051095000;24039988888;24539988888;10240;10228
5442;24051269000;24039988888;24539988888;10240;10228
5443;24051472000;24039988888;24539988888;10240;10228
5444;24051492000;24040066666;24540066666;10240;10228
5445;24091829000;24040411111;24540411111;10240;10228
5445;24091842000;24040411111;24540411111;10240;10228
5446;24091848000;24040411111;24540411111;10240;10228
5447;24091854000;24040411111;24540411111;10240;10228
5448;24091861000;24081622222;24581622222;10240;10228
5449;24091866000;24081622222;24581622222;10240;10228
5450;24091872000;24081622222;24581622222;10240;10228
5451;24091878000;24081622222;24581622222;10240;10228
5452;24091893000;24081622222;24581622222;10240;10228
5453;24091898000;24081622222;24581622222;10240;10228
5454;24091904000;24081622222;24581622222;10240;10228
5455;24091909000;24081711111;24581711111;10240;10228
5446;24092020000;24040411111;24540411111;10240;10228
5447;24092225000;24040411111;24540411111;10240;10228
5448;24092232000;24081622222;24581622222;10240;10228
5449;24092431000;24081622222;24581622222;10240;10228
5450;24092437000;24081622222;24581622222;10240;10228
5451;24092634000;24081622222;24581622222;10240;10228
5452;24092839000;24081622222;24581622222;10240;10228
5453;24092846000;24081622222;24581622222;10240;10228
5454;24093040000;24081622222;24581622222;10240;10228
5455;24093054000;24081711111;24581711111;10240;10228
5456;24133496000;24082011111;24582011111;10240;10228
5456;24133506000;24082011111;24582011111;10240;10228
5457;24133512000;24082011111;24582011111;10240;10228
5458;24133517000;24082011111;24582011111;10240;10228
5459;24133522000;24123300000;24623300000;10240;10228
5460;24133528000;24123300000;24623300000;10240;10228
5461;24133533000;24123300000;24623300000;10240;10228
5462;24133539000;24123300000;24623300000;10240;10228
5463;24133546000;24123300000;24623300000;10240;10228
5464;24133551000;24123300000;24623300000;10240;10228
5465;24133557000;24123300000;24623300000;10240;10228
5466;24133563000;24123388888;24623388888;10240;10228
5457;24133695000;24082011111;24582011111;10240;10228
5458;24133898000;24082011111;24582011111;10240;10228
5459;24133906000;24123300000;24623300000;10240;10228
5460;24134103000;24123300000;24623300000;10240;10228
5461;24134110000;24123300000;24623300000;10240;10228
5462;24134307000;24123300000;24623300000;10240;10228
5463;24134513000;24123300000;24623300000;10240;10228
5464;24134521000;24123300000;24623300000;10240;10228
5465;24134717000;24123300000;24623300000;10240;10228
5466;24134723000;24123388888;24623388888;10240;10228
5467;24175153000;24123711111;24623711111;10240;10228
5467;24175163000;24123711111;24623711111;10240;10228
5468;24175169000;24123711111;24623711111;10240;10228
5469;24175175000;24123711111;24623711111;10240;10228
5470;24175181000;24164966666;24664966666;10240;10228
5471;24175188000;24164966666;24664966666;10240;10228
5472;24175194000;24164966666;24664966666;10240;10228
5473;24175200000;24164966666;24664966666;10240;10228
5474;24175206000;24164966666;24664966666;10240;10228
5475;24175215000;24164966666;24664966666;10240;10228
5476;24175221000;24164966666;24664966666;10240;10228
5477;24175227000;24165044444;24665044444;10240;10228
5468;24175353000;24123711111;24623711111;10240;10228
5469;24175557000;24123711111;24623711111;10240;10228
5470;24175564000;24164966666;24664966666;10240;10228
5471;24175760000;24164966666;24664966666;10240;10228
5472;24175767000;24164966666;24664966666;10240;10228
5473;24175969000;24164966666;24664966666;10240;10228
5474;24176173000;24164966666;24664966666;10240;10228
5475;24176181000;24164966666;24664966666;10240;10228
5476;24176375000;24164966666;24664966666;10240;10228
5477;24176382000;24165044444;24665044444;10240;10228
5478;24216873000;24165366666;24665366666;10240;10228
5479;24216895000;24165366666;24665366666;10240;10228
5480;24216902000;24165366666;24665366666;10240;10228
5481;24216916000;24206655555;24706655555;10240;10228
5482;24216925000;24206655555;24706655555;10240;10228
5483;24216935000;24206655555;24706655555;10240;10228
5484;24216944000;24206655555;24706655555;10240;10228
5485;24216954000;24206655555;24706655555;10240;10228
5486;24216962000;24206655555;24706655555;10240;10228
5487;24216973000;24206655555;24706655555;10240;10228
5478;24216980000;24165366666;24665366666;10240;10228
5488;24216996000;24206733333;24706733333;10240;10228
5479;24217067000;24165366666;24665366666;10240;10228
5480;24217283000;24165366666;24665366666;10240;10228
5481;24217295000;24206655555;24706655555;10240;10228
5482;24217466000;24206655555;24706655555;10240;10228
5483;24217474000;24206655555;24706655555;10240;10228
5484;24217694000;24206655555;24706655555;10240;10228
5485;24217900000;24206655555;24706655555;10240;10228
5486;24217918000;24206655555;24706655555;10240;10228
5487;24218119000;24206655555;24706655555;10240;10228
5488;24218128000;24206733333;24706733333;10240;10228
5489;24258478000;24207033333;24707033333;10240;10228
5489;24258485000;24207033333;24707033333;10240;10228
5490;24258493000;24207033333;24707033333;10240;10228
5491;24258497000;24207033333;24707033333;10240;10228
5492;24258504000;24248288888;24748288888;10240;10228
5493;24258512000;24248288888;24748288888;10240;10228
5494;24258516000;24248288888;24748288888;10240;10228
5495;24258525000;24248288888;24748288888;10240;10228
5496;24258530000;24248288888;24748288888;10240;10228
5497;24258538000;24248288888;24748288888;10240;10228
5498;24258542000;24248288888;24748288888;10240;10228
5499;24258552000;24248377777;24748377777;10240;10228
5490;24258659000;24207033333;24707033333;10240;10228
5491;24258864000;24207033333;24707033333;10240;10228
5492;24258876000;24248288888;24748288888;10240;10228
5493;24259093000;24248288888;24748288888;10240;10228
5494;24259103000;24248288888;24748288888;10240;10228
5495;24259297000;24248288888;24748288888;10240;10228
5496;24259480000;24248288888;24748288888;10240;10228
5497;24259486000;24248288888;24748288888;10240;10228
5498;24259708000;24248288888;24748288888;10240;10228
5499;24259717000;24248377777;24748377777;10240;10228
