seqnum;now;rtptime;deadline
2;5023967000;4833644444;5333644444
10;5105332000;4864988888;5364988888
32;5201603000;4948311111;5448311111
65;5313204000;5073333333;5573333333
87;5373580000;5156666666;5656666666
109;5440204000;5240000000;5740000000
120;5463538000;5281666666;5781666666
131;5491795000;5323344444;5823344444
142;5532075000;5365000000;5865000000
153;5552157000;5406666666;5906666666
154;5552175000;5406977777;5906977777
155;5552178000;5406977777;5906977777
156;5552179000;5406977777;5906977777
157;5578801000;5448288888;5948288888
165;5578981000;5448666666;5948666666
166;5578986000;5448666666;5948666666
167;5578988000;5448666666;5948666666
168;5610172000;5489955555;5989955555
169;5610189000;5489955555;5989955555
170;5610191000;5489955555;5989955555
171;5610194000;5489955555;5989955555
172;5610196000;5489955555;5989955555
173;5610197000;5489955555;5989955555
174;5610199000;5489955555;5989955555
175;5610416000;5490000000;5990000000
176;5610432000;5490300000;5990300000
177;5610433000;5490300000;5990300000
178;5610435000;5490300000;5990300000
179;5643284000;5531622222;6031622222
180;5643288000;5531622222;6031622222
181;5643289000;5531622222;6031622222
182;5643290000;5531622222;6031622222
183;5643291000;5531622222;6031622222
184;5643293000;5531622222;6031622222
185;5643294000;5531622222;6031622222
186;5643493000;5531666666;6031666666
187;5643508000;5531955555;6031955555
188;5643509000;5531955555;6031955555
189;5643510000;5531955555;6031955555
190;5678225000;5573288888;6073288888
191;5678245000;5573288888;6073288888
192;5678247000;5573288888;6073288888
193;5678248000;5573288888;6073288888
194;5678250000;5573288888;6073288888
195;5678251000;5573288888;6073288888
196;5678253000;5573288888;6073288888
197;5678470000;5573333333;6073333333
198;5678486000;5573633333;6073633333
199;5678488000;5573633333;6073633333
200;5678489000;5573633333;6073633333
201;5714667000;5614955555;6114955555
202;5714671000;5614955555;6114955555
203;5714673000;5614955555;6114955555
204;5714674000;5614955555;6114955555
205;5714675000;5614955555;6114955555
206;5714676000;5614955555;6114955555
207;5714678000;5614955555;6114955555
208;5714878000;5615000000;6115000000
209;5714893000;5615277777;6115277777
210;5714894000;5615277777;6115277777
211;5714895000;5615277777;6115277777
212;5752598000;5656622222;6156622222
213;5752601000;5656622222;6156622222
214;5752603000;5656622222;6156622222
215;5752604000;5656622222;6156622222
216;5752604000;5656622222;6156622222
217;5752605000;5656622222;6156622222
218;5752606000;5656622222;6156622222
219;5752805000;5656666666;6156666666
220;5752821000;5656977777;6156977777
221;5752822000;5656977777;6156977777
222;5752823000;5656977777;6156977777
223;5791851000;5698288888;6198288888
224;5791854000;5698288888;6198288888
225;5791856000;5698288888;6198288888
226;5791857000;5698288888;6198288888
227;5791858000;5698288888;6198288888
228;5791859000;5698288888;6198288888
229;5791860000;5698288888;6198288888
230;5792072000;5698333333;6198333333
231;5792079000;5698655555;6198655555
232;5792081000;5698655555;6198655555
233;5792082000;5698655555;6198655555
234;5832051000;5739955555;6239955555
235;5832055000;5739955555;6239955555
236;5832056000;5739955555;6239955555
237;5832057000;5739955555;6239955555
238;5832058000;5739955555;6239955555
239;5832059000;5739955555;6239955555
240;5832060000;5739955555;6239955555
241;5832247000;5740000000;6240000000
242;5832252000;5740266666;6240266666
243;5832253000;5740266666;6240266666
244;5832254000;5740266666;6240266666
245;5872902000;5781622222;6281622222
247;5872906000;5781622222;6281622222
248;5872907000;5781622222;6281622222
249;5872907000;5781622222;6281622222
250;5872909000;5781622222;6281622222
251;5872910000;5781622222;6281622222
252;5873110000;5781666666;6281666666
253;5873116000;5781966666;6281966666
254;5873117000;5781966666;6281966666
255;5873118000;5781966666;6281966666
256;5914104000;5823288888;6323288888
257;5914107000;5823288888;6323288888
258;5914108000;5823288888;6323288888
259;5914109000;5823288888;6323288888
260;5914110000;5823288888;6323288888
261;5914111000;5823288888;6323288888
262;5914112000;5823288888;6323288888
263;5914325000;5823333333;6323333333
264;5914331000;5823633333;6323633333
265;5914332000;5823633333;6323633333
266;5914333000;5823633333;6323633333
267;6036132000;5864955555;6364955555
285;6076788000;5906666666;6406666666
296;6117431000;5948333333;6448333333
307;6157374000;5990000000;6490000000
318;6195949000;6031666666;6531666666
319;6195968000;6031955555;6531955555
320;6195970000;6031955555;6531955555
321;6195971000;6031955555;6531955555
322;6234067000;6073288888;6573288888
330;6234183000;6073644444;6573644444
331;6234186000;6073644444;6573644444
332;6234188000;6073644444;6573644444
333;6271242000;6114955555;6614955555
341;6271355000;6115300000;6615300000
342;6271359000;6115300000;6615300000
343;6271360000;6115300000;6615300000
344;6307549000;6156622222;6656622222
352;6307661000;6156955555;6656955555
353;6307665000;6156955555;6656955555
354;6307666000;6156955555;6656955555
355;6343102000;6198288888;6698288888
363;6343214000;6198633333;6698633333
364;6343218000;6198633333;6698633333
365;6343218000;6198633333;6698633333
366;6378069000;6239955555;6739955555
374;6378191000;6240266666;6740266666
375;6378194000;6240266666;6740266666
376;6378195000;6240266666;6740266666
377;6412539000;6281622222;6781622222
385;6412651000;6281955555;6781955555
386;6412654000;6281955555;6781955555
387;6412655000;6281955555;6781955555
388;6446686000;6323288888;6823288888
389;6446690000;6323288888;6823288888
390;6446691000;6323288888;6823288888
391;6446692000;6323288888;6823288888
392;6446693000;6323288888;6823288888
393;6446694000;6323288888;6823288888
394;6446695000;6323288888;6823288888
395;6446902000;6323333333;6823333333
399;6446918000;6364955555;6864955555
400;6446919000;6364955555;6864955555
401;6446920000;6364955555;6864955555
402;6446921000;6364955555;6864955555
403;6446922000;6364955555;6864955555
404;6446923000;6364955555;6864955555
405;6446924000;6364955555;6864955555
406;6481429000;6365000000;6865000000
407;6481444000;6365266666;6865266666
408;6481445000;6365266666;6865266666
409;6481447000;6365266666;6865266666
410;6516765000;6406622222;6906622222
411;6516769000;6406622222;6906622222
412;6516770000;6406622222;6906622222
413;6516771000;6406622222;6906622222
414;6516772000;6406622222;6906622222
415;6516773000;6406622222;6906622222
416;6516774000;6406622222;6906622222
417;6516972000;6406666666;6906666666
418;6516987000;6406966666;6906966666
419;6516989000;6406966666;6906966666
420;6516989000;6406966666;6906966666
421;6553115000;6448288888;6948288888
422;6553125000;6448288888;6948288888
423;6553127000;6448288888;6948288888
424;6553129000;6448288888;6948288888
425;6553130000;6448288888;6948288888
426;6553132000;6448288888;6948288888
427;6553133000;6448288888;6948288888
428;6553368000;6448333333;6948333333
429;6553385000;6448666666;6948666666
430;6553387000;6448666666;6948666666
431;6553388000;6448666666;6948666666
432;6590426000;6489955555;6989955555
433;6590433000;6489955555;6989955555
434;6590435000;6489955555;6989955555
435;6590436000;6489955555;6989955555
436;6590438000;6489955555;6989955555
437;6590439000;6489955555;6989955555
438;6590441000;6489955555;6989955555
439;6590653000;6490000000;6990000000
440;6590669000;6490277777;6990277777
441;6590670000;6490277777;6990277777
442;6590672000;6490277777;6990277777
443;6628691000;6531622222;7031622222
444;6628695000;6531622222;7031622222
445;6628696000;6531622222;7031622222
446;6628697000;6531622222;7031622222
447;6628698000;6531622222;7031622222
448;6628699000;6531622222;7031622222
449;6628700000;6531622222;7031622222
450;6628899000;6531666666;7031666666
451;6628914000;6531955555;7031955555
452;6628915000;6531955555;7031955555
453;6628916000;6531955555;7031955555
454;6667914000;6573288888;7073288888
455;6667917000;6573288888;7073288888
456;6667918000;6573288888;7073288888
457;6667920000;6573288888;7073288888
458;6667921000;6573288888;7073288888
459;6667922000;6573288888;7073288888
460;6667922000;6573288888;7073288888
461;6668133000;6573333333;7073333333
462;6668139000;6573633333;7073633333
463;6668141000;6573633333;7073633333
464;6668142000;6573633333;7073633333
465;6707901000;6614955555;7114955555
466;6707905000;6614955555;7114955555
467;6707906000;6614955555;7114955555
468;6707907000;6614955555;7114955555
469;6707908000;6614955555;7114955555
470;6707909000;6614955555;7114955555
471;6707910000;6614955555;7114955555
472;6708108000;6615000000;7115000000
473;6708123000;6615266666;7115266666
474;6708125000;6615266666;7115266666
475;6708126000;6615266666;7115266666
476;6748476000;6656622222;7156622222
477;6748479000;6656622222;7156622222
478;6748480000;6656622222;7156622222
479;6748481000;6656622222;7156622222
480;6748482000;6656622222;7156622222
481;6748483000;6656622222;7156622222
482;6748484000;6656622222;7156622222
483;6748682000;6656666666;7156666666
484;6748697000;6656988888;7156988888
485;6748698000;6656988888;7156988888
486;6748699000;6656988888;7156988888
487;6789491000;6698288888;7198288888
488;6789495000;6698288888;7198288888
489;6789496000;6698288888;7198288888
490;6789497000;6698288888;7198288888
491;6789497000;6698288888;7198288888
492;6789499000;6698288888;7198288888
493;6789500000;6698288888;7198288888
494;6789698000;6698333333;7198333333
495;6789713000;6698644444;7198644444
496;6789714000;6698644444;7198644444
497;6789715000;6698644444;7198644444
498;6830786000;6739955555;7239955555
499;6830789000;6739955555;7239955555
500;6830790000;6739955555;7239955555
501;6830791000;6739955555;7239955555
502;6830792000;6739955555;7239955555
503;6830793000;6739955555;7239955555
504;6830794000;6739955555;7239955555
505;6831010000;6740000000;7240000000
506;6831025000;6740266666;7240266666
507;6831026000;6740266666;7240266666
508;6831027000;6740266666;7240266666
509;6882627000;6781622222;7281622222
510;6882638000;6781622222;7281622222
511;6882640000;6781622222;7281622222
512;6882641000;6781622222;7281622222
513;6882643000;6781622222;7281622222
514;6882644000;6781622222;7281622222
515;6882646000;6781622222;7281622222
516;6882887000;6781666666;7281666666
517;6882904000;6781966666;7281966666
518;6882906000;6781966666;7281966666
519;6882907000;6781966666;7281966666
520;6913828000;6823288888;7323288888
521;6913838000;6823288888;7323288888
522;6913840000;6823288888;7323288888
523;6913842000;6823288888;7323288888
524;6913844000;6823288888;7323288888
525;6913845000;6823288888;7323288888
526;6913847000;6823288888;7323288888
527;6914094000;6823333333;7323333333
528;6914112000;6823644444;7323644444
529;6914114000;6823644444;7323644444
530;6914116000;6823644444;7323644444
531;6955496000;6864955555;7364955555
532;6955506000;6864955555;7364955555
533;6955507000;6864955555;7364955555
534;6955509000;6864955555;7364955555
535;6955511000;6864955555;7364955555
536;6955512000;6864955555;7364955555
537;6955514000;6864955555;7364955555
538;6955747000;6865000000;7365000000
539;6955764000;6865277777;7365277777
540;6955766000;6865277777;7365277777
541;6955767000;6865277777;7365277777
542;6997153000;6906622222;7406622222
543;6997163000;6906622222;7406622222
544;6997164000;6906622222;7406622222
545;6997166000;6906622222;7406622222
546;6997167000;6906622222;7406622222
547;6997170000;6906622222;7406622222
548;6997171000;6906622222;7406622222
549;6997407000;6906666666;7406666666
550;6997424000;6906977777;7406977777
551;6997426000;6906977777;7406977777
552;6997427000;6906977777;7406977777
553;7038786000;6948288888;7448288888
554;7038795000;6948288888;7448288888
555;7038796000;6948288888;7448288888
556;7038798000;6948288888;7448288888
557;7038799000;6948288888;7448288888
558;7038801000;6948288888;7448288888
559;7038803000;6948288888;7448288888
560;7039034000;6948333333;7448333333
561;7039067000;6948644444;7448644444
562;7039069000;6948644444;7448644444
563;7039070000;6948644444;7448644444
564;7080467000;6989955555;7489955555
565;7080477000;6989955555;7489955555
566;7080479000;6989955555;7489955555
567;7080482000;6989955555;7489955555
568;7080483000;6989955555;7489955555
569;7080485000;6989955555;7489955555
570;7080486000;6989955555;7489955555
571;7080716000;6990000000;7490000000
572;7080732000;6990277777;7490277777
573;7080734000;6990277777;7490277777
574;7080735000;6990277777;7490277777
575;7122134000;7031622222;7531622222
576;7122151000;7031622222;7531622222
577;7122153000;7031622222;7531622222
578;7122154000;7031622222;7531622222
579;7122155000;7031622222;7531622222
580;7122157000;7031622222;7531622222
581;7122158000;7031622222;7531622222
582;7122374000;7031666666;7531666666
583;7122390000;7031966666;7531966666
584;7122391000;7031966666;7531966666
585;7122392000;7031966666;7531966666
586;7163749000;7073288888;7573288888
587;7163753000;7073288888;7573288888
588;7163754000;7073288888;7573288888
589;7163756000;7073288888;7573288888
590;7163757000;7073288888;7573288888
591;7163758000;7073288888;7573288888
592;7163759000;7073288888;7573288888
593;7163933000;7073333333;7573333333
594;7163936000;7073644444;7573644444
595;7163937000;7073644444;7573644444
596;7163938000;7073644444;7573644444
597;7205417000;7114955555;7614955555
598;7205420000;7114955555;7614955555
599;7205421000;7114955555;7614955555
600;7205422000;7114955555;7614955555
601;7205423000;7114955555;7614955555
602;7205424000;7114955555;7614955555
603;7205425000;7114955555;7614955555
604;7205596000;7115000000;7615000000
605;7205600000;7115288888;7615288888
606;7205601000;7115288888;7615288888
607;7205602000;7115288888;7615288888
608;7247077000;7156622222;7656622222
609;7247080000;7156622222;7656622222
610;7247090000;7156622222;7656622222
611;7247091000;7156622222;7656622222
612;7247092000;7156622222;7656622222
613;7247093000;7156622222;7656622222
614;7247094000;7156622222;7656622222
615;7247294000;7156666666;7656666666
616;7247300000;7156966666;7656966666
617;7247301000;7156966666;7656966666
618;7247302000;7156966666;7656966666
619;7288736000;7198288888;7698288888
620;7288740000;7198288888;7698288888
621;7288741000;7198288888;7698288888
622;7288742000;7198288888;7698288888
623;7288743000;7198288888;7698288888
624;7288744000;7198288888;7698288888
625;7288754000;7198288888;7698288888
626;7288928000;7198333333;7698333333
627;7288931000;7198644444;7698644444
628;7288932000;7198644444;7698644444
629;7288933000;7198644444;7698644444
630;7330411000;7239955555;7739955555
631;7330415000;7239955555;7739955555
632;7330416000;7239955555;7739955555
633;7330417000;7239955555;7739955555
634;7330417000;7239955555;7739955555
635;7330418000;7239955555;7739955555
636;7330419000;7239955555;7739955555
637;7330619000;7240000000;7740000000
638;7330634000;7240255555;7740255555
639;7330635000;7240255555;7740255555
640;7330636000;7240255555;7740255555
641;7372133000;7281622222;7781622222
642;7372143000;7281622222;7781622222
643;7372145000;7281622222;7781622222
644;7372146000;7281622222;7781622222
645;7372148000;7281622222;7781622222
646;7372149000;7281622222;7781622222
647;7372150000;7281622222;7781622222
648;7372387000;7281666666;7781666666
649;7372405000;7281955555;7781955555
650;7372407000;7281955555;7781955555
651;7372408000;7281955555;7781955555
652;7413794000;7323288888;7823288888
653;7413801000;7323288888;7823288888
654;7413802000;7323288888;7823288888
655;7413804000;7323288888;7823288888
656;7413806000;7323288888;7823288888
657;7413807000;7323288888;7823288888
658;7413808000;7323288888;7823288888
659;7414022000;7323333333;7823333333
660;7414037000;7323655555;7823655555
661;7414039000;7323655555;7823655555
662;7414040000;7323655555;7823655555
663;7455401000;7364955555;7864955555
664;7455404000;7364955555;7864955555
665;7455406000;7364955555;7864955555
666;7455407000;7364955555;7864955555
667;7455408000;7364955555;7864955555
668;7455409000;7364955555;7864955555
669;7455410000;7364955555;7864955555
670;7455626000;7365000000;7865000000
671;7455641000;7365277777;7865277777
672;7455643000;7365277777;7865277777
673;7455644000;7365277777;7865277777
674;7497157000;7406622222;7906622222
675;7497165000;7406622222;7906622222
676;7497167000;7406622222;7906622222
677;7497169000;7406622222;7906622222
678;7497179000;7406622222;7906622222
679;7497182000;7406622222;7906622222
680;7497183000;7406622222;7906622222
681;7497397000;7406666666;7906666666
682;7497413000;7406977777;7906977777
683;7497415000;7406977777;7906977777
684;7497416000;7406977777;7906977777
685;7538755000;7448288888;7948288888
686;7538758000;7448288888;7948288888
687;7538777000;7448288888;7948288888
688;7538779000;7448288888;7948288888
689;7538780000;7448288888;7948288888
690;7538781000;7448288888;7948288888
691;7538782000;7448288888;7948288888
692;7538982000;7448333333;7948333333
693;7538998000;7448655555;7948655555
694;7538999000;7448655555;7948655555
695;7539000000;7448655555;7948655555
696;7580399000;7489955555;7989955555
697;7580403000;7489955555;7989955555
698;7580404000;7489955555;7989955555
699;7580405000;7489955555;7989955555
700;7580406000;7489955555;7989955555
701;7580407000;7489955555;7989955555
702;7580408000;7489955555;7989955555
703;7580608000;7490000000;7990000000
704;7580623000;7490288888;7990288888
705;7580624000;7490288888;7990288888
706;7580625000;7490288888;7990288888
707;7622077000;7531622222;8031622222
708;7622080000;7531622222;8031622222
709;7622082000;7531622222;8031622222
710;7622083000;7531622222;8031622222
711;7622083000;7531622222;8031622222
712;7622084000;7531622222;8031622222
713;7622085000;7531622222;8031622222
714;7622286000;7531666666;8031666666
715;7622292000;7531955555;8031955555
716;7622293000;7531955555;8031955555
717;7622294000;7531955555;8031955555
718;7663737000;7573288888;8073288888
719;7663750000;7573288888;8073288888
720;7663751000;7573288888;8073288888
721;7663752000;7573288888;8073288888
722;7663753000;7573288888;8073288888
723;7663754000;7573288888;8073288888
724;7663755000;7573288888;8073288888
725;7663892000;7573333333;8073333333
726;7663894000;7573644444;8073644444
727;7663895000;7573644444;8073644444
728;7663896000;7573644444;8073644444
729;7705402000;7614955555;8114955555
730;7705405000;7614955555;8114955555
731;7705406000;7614955555;8114955555
732;7705407000;7614955555;8114955555
733;7705408000;7614955555;8114955555
734;7705409000;7614955555;8114955555
735;7705410000;7614955555;8114955555
736;7705582000;7615000000;8115000000
737;7705597000;7615277777;8115277777
738;7705598000;7615277777;8115277777
739;7705600000;7615277777;8115277777
740;7747074000;7656622222;8156622222
741;7747077000;7656622222;8156622222
742;7747087000;7656622222;8156622222
743;7747089000;7656622222;8156622222
744;7747090000;7656622222;8156622222
745;7747091000;7656622222;8156622222
746;7747091000;7656622222;8156622222
747;7747291000;7656666666;8156666666
748;7747306000;7656977777;8156977777
749;7747307000;7656977777;8156977777
750;7747308000;7656977777;8156977777
751;7790515000;7698288888;8198288888
752;7790523000;7698288888;8198288888
753;7790524000;7698288888;8198288888
754;7790526000;7698288888;8198288888
755;7790527000;7698288888;8198288888
756;7790529000;7698288888;8198288888
757;7790530000;7698288888;8198288888
758;7810656000;7698333333;8198333333
759;7810678000;7698666666;8198666666
760;7810680000;7698666666;8198666666
761;7810682000;7698666666;8198666666
762;7831438000;7739977777;8239977777
763;7831449000;7739977777;8239977777
764;7831450000;7739977777;8239977777
767;7831453000;7739977777;8239977777
768;7831454000;7739977777;8239977777
769;7831702000;7740022222;8240022222
770;7831709000;7740300000;8240300000
771;7831711000;7740300000;8240300000
772;7831712000;7740300000;8240300000
773;7872076000;7781622222;8281622222
774;7872080000;7781622222;8281622222
775;7872081000;7781622222;8281622222
776;7872082000;7781622222;8281622222
777;7872084000;7781622222;8281622222
778;7872085000;7781622222;8281622222
779;7872086000;7781622222;8281622222
780;7872302000;7781666666;8281666666
781;7872317000;7781977777;8281977777
782;7872319000;7781977777;8281977777
783;7872320000;7781977777;8281977777
784;7994647000;7823288888;8323288888
802;8035449000;7865000000;8365000000
812;8035464000;7906622222;8406622222
813;8076063000;7906666666;8406666666
824;8115817000;7948333333;8448333333
837;8152115000;7990277777;8490277777
838;8152117000;7990277777;8490277777
839;8194055000;8031622222;8531622222
847;8194168000;8031977777;8531977777
848;8194171000;8031977777;8531977777
849;8194173000;8031977777;8531977777
850;8231136000;8073288888;8573288888
858;8285965000;8073655555;8573655555
879;8367149000;8156666666;8656666666
901;8443649000;8240000000;8740000000
912;8479729000;8281666666;8781666666
923;8514499000;8323333333;8823333333
934;8547951000;8365000000;8865000000
945;8580376000;8406666666;8906666666
956;8611779000;8448333333;8948333333
957;8611799000;8448666666;8948666666
958;8611801000;8448666666;8948666666
959;8611803000;8448666666;8948666666
960;8642700000;8489955555;8989955555
968;8642816000;8490300000;8990300000
969;8642820000;8490300000;8990300000
970;8642822000;8490300000;8990300000
971;8672813000;8531622222;9031622222
979;8672926000;8531977777;9031977777
980;8672929000;8531977777;9031977777
981;8672930000;8531977777;9031977777
982;8703662000;8573288888;9073288888
990;8703775000;8573644444;9073644444
991;8703778000;8573644444;9073644444
992;8703780000;8573644444;9073644444
993;8735671000;8614955555;9114955555
994;8735675000;8614955555;9114955555
995;8735676000;8614955555;9114955555
996;8735677000;8614955555;9114955555
997;8735678000;8614955555;9114955555
998;8735679000;8614955555;9114955555
999;8735680000;8614955555;9114955555
1000;8735880000;8615000000;9115000000
1001;8735895000;8615288888;9115288888
1002;8735896000;8615288888;9115288888
1003;8735897000;8615288888;9115288888
1004;8769122000;8656622222;9156622222
1005;8769125000;8656622222;9156622222
1006;8769126000;8656622222;9156622222
1007;8769127000;8656622222;9156622222
1008;8769128000;8656622222;9156622222
1009;8769129000;8656622222;9156622222
1010;8769130000;8656622222;9156622222
1011;8769329000;8656666666;9156666666
1012;8769344000;8656988888;9156988888
1013;8769345000;8656988888;9156988888
1014;8769346000;8656988888;9156988888
1015;8804075000;8698288888;9198288888
1016;8804087000;8698288888;9198288888
1017;8804088000;8698288888;9198288888
1018;8804089000;8698288888;9198288888
1019;8804090000;8698288888;9198288888
1020;8804091000;8698288888;9198288888
1021;8804092000;8698288888;9198288888
1022;8804292000;8698333333;9198333333
1023;8804298000;8698666666;9198666666
1024;8804299000;8698666666;9198666666
1025;8804300000;8698666666;9198666666
1026;8840609000;8739955555;9239955555
1027;8840612000;8739955555;9239955555
1028;8840613000;8739955555;9239955555
1029;8840614000;8739955555;9239955555
1030;8840615000;8739955555;9239955555
1031;8840616000;8739955555;9239955555
1032;8840617000;8739955555;9239955555
1033;8840817000;8740000000;9240000000
1034;8840823000;8740277777;9240277777
1035;8840824000;8740277777;9240277777
1036;8840825000;8740277777;9240277777
1037;8878469000;8781622222;9281622222
1038;8878472000;8781622222;9281622222
1039;8878473000;8781622222;9281622222
1040;8878474000;8781622222;9281622222
1041;8878475000;8781622222;9281622222
1042;8878476000;8781622222;9281622222
1043;8878477000;8781622222;9281622222
1044;8878676000;8781666666;9281666666
1045;8878682000;8781977777;9281977777
1046;8878683000;8781977777;9281977777
1047;8878684000;8781977777;9281977777
1048;8917611000;8823311111;9323311111
1049;8917614000;8823311111;9323311111
1050;8917615000;8823311111;9323311111
1051;8917616000;8823311111;9323311111
1052;8917617000;8823311111;9323311111
1053;8917618000;8823311111;9323311111
1054;8917619000;8823311111;9323311111
1055;8917818000;8823355555;9323355555
1056;8917824000;8823666666;9323666666
1057;8917825000;8823666666;9323666666
1058;8917826000;8823666666;9323666666
1059;8957581000;8864955555;9364955555
1060;8957584000;8864955555;9364955555
1061;8957585000;8864955555;9364955555
1062;8957586000;8864955555;9364955555
1063;8957587000;8864955555;9364955555
1064;8957588000;8864955555;9364955555
1065;8957589000;8864955555;9364955555
1066;8957789000;8865000000;9365000000
1067;8957795000;8865277777;9365277777
1068;8957796000;8865277777;9365277777
1069;8957797000;8865277777;9365277777
1070;8998288000;8906622222;9406622222
1071;8998304000;8906622222;9406622222
1072;8998305000;8906622222;9406622222
1073;8998307000;8906622222;9406622222
1074;8998308000;8906622222;9406622222
1075;8998309000;8906622222;9406622222
1076;8998311000;8906622222;9406622222
1077;8998542000;8906666666;9406666666
1078;8998558000;8906977777;9406977777
1079;8998559000;8906977777;9406977777
1080;8998560000;8906977777;9406977777
1081;9039178000;8948288888;9448288888
1082;9039192000;8948288888;9448288888
1083;9039194000;8948288888;9448288888
1084;9039195000;8948288888;9448288888
1085;9039196000;8948288888;9448288888
1086;9039197000;8948288888;9448288888
1087;9039198000;8948288888;9448288888
1088;9039399000;8948333333;9448333333
1089;9039413000;8948633333;9448633333
1090;9039415000;8948633333;9448633333
1091;9039416000;8948633333;9448633333
1092;9080678000;8989955555;9489955555
1093;9080681000;8989955555;9489955555
1094;9080683000;8989955555;9489955555
1095;9080684000;8989955555;9489955555
1096;9080684000;8989955555;9489955555
1097;9080685000;8989955555;9489955555
1098;9080686000;8989955555;9489955555
1099;9080886000;8990000000;9490000000
1100;9080901000;8990266666;9490266666
1101;9080903000;8990266666;9490266666
1102;9080903000;8990266666;9490266666
1103;9122171000;9031622222;9531622222
1104;9122174000;9031622222;9531622222
1105;9122175000;9031622222;9531622222
1106;9122176000;9031622222;9531622222
1107;9122177000;9031622222;9531622222
1108;9122178000;9031622222;9531622222
1109;9122179000;9031622222;9531622222
1110;9122379000;9031666666;9531666666
1111;9122394000;9031966666;9531966666
1112;9122395000;9031966666;9531966666
1113;9122396000;9031966666;9531966666
1114;9163764000;9073288888;9573288888
1115;9163768000;9073288888;9573288888
1116;9163769000;9073288888;9573288888
1117;9163770000;9073288888;9573288888
1118;9163771000;9073288888;9573288888
1119;9163772000;9073288888;9573288888
1120;9163773000;9073288888;9573288888
1121;9163908000;9073333333;9573333333
1122;9163911000;9073644444;9573644444
1123;9163912000;9073644444;9573644444
1124;9163913000;9073644444;9573644444
1125;9205420000;9114955555;9614955555
1126;9205424000;9114955555;9614955555
1127;9205425000;9114955555;9614955555
1128;9205426000;9114955555;9614955555
1129;9205426000;9114955555;9614955555
1130;9205428000;9114955555;9614955555
1131;9205428000;9114955555;9614955555
1132;9205643000;9115000000;9615000000
1133;9205658000;9115288888;9615288888
1134;9205659000;9115288888;9615288888
1135;9205660000;9115288888;9615288888
1136;9247078000;9156622222;9656622222
1137;9247082000;9156622222;9656622222
1138;9247092000;9156622222;9656622222
1139;9247093000;9156622222;9656622222
1140;9247094000;9156622222;9656622222
1141;9247095000;9156622222;9656622222
1142;9247096000;9156622222;9656622222
1143;9247296000;9156666666;9656666666
1144;9247311000;9156966666;9656966666
1145;9247312000;9156966666;9656966666
1146;9247313000;9156966666;9656966666
1147;9288734000;9198288888;9698288888
1148;9288747000;9198288888;9698288888
1149;9288748000;9198288888;9698288888
1150;9288749000;9198288888;9698288888
1151;9288750000;9198288888;9698288888
1152;9288751000;9198288888;9698288888
1153;9288752000;9198288888;9698288888
1154;9288926000;9198333333;9698333333
1155;9288929000;9198644444;9698644444
1156;9288930000;9198644444;9698644444
1157;9288931000;9198644444;9698644444
1158;9330407000;9239955555;9739955555
1159;9330410000;9239955555;9739955555
1160;9330411000;9239955555;9739955555
1161;9330412000;9239955555;9739955555
1162;9330413000;9239955555;9739955555
1163;9330414000;9239955555;9739955555
1164;9330415000;9239955555;9739955555
1165;9330586000;9240000000;9740000000
1166;9330590000;9240255555;9740255555
1167;9330591000;9240255555;9740255555
1168;9330592000;9240255555;9740255555
1169;9372066000;9281622222;9781622222
1170;9372069000;9281622222;9781622222
1171;9372070000;9281622222;9781622222
1172;9372071000;9281622222;9781622222
1173;9372072000;9281622222;9781622222
1174;9372073000;9281622222;9781622222
1175;9372074000;9281622222;9781622222
1176;9372290000;9281666666;9781666666
1177;9372296000;9281955555;9781955555
1178;9372297000;9281955555;9781955555
1179;9372298000;9281955555;9781955555
1180;9413720000;9323288888;9823288888
1181;9413723000;9323288888;9823288888
1182;9413724000;9323288888;9823288888
1183;9413725000;9323288888;9823288888
1184;9413726000;9323288888;9823288888
1185;9413727000;9323288888;9823288888
1186;9413728000;9323288888;9823288888
1187;9413902000;9323333333;9823333333
1188;9413905000;9323644444;9823644444
1189;9413906000;9323644444;9823644444
1190;9413915000;9323644444;9823644444
1191;9455406000;9364955555;9864955555
1192;9455410000;9364955555;9864955555
1193;9455411000;9364955555;9864955555
1194;9455412000;9364955555;9864955555
1195;9455413000;9364955555;9864955555
1196;9455414000;9364955555;9864955555
1197;9455415000;9364955555;9864955555
1198;9455613000;9365000000;9865000000
1199;9455619000;9365277777;9865277777
1200;9455620000;9365277777;9865277777
1201;9455621000;9365277777;9865277777
1202;9497064000;9406622222;9906622222
1203;9497068000;9406622222;9906622222
1204;9497069000;9406622222;9906622222
1205;9497070000;9406622222;9906622222
1206;9497071000;9406622222;9906622222
1207;9497072000;9406622222;9906622222
1208;9497073000;9406622222;9906622222
1209;9497272000;9406666666;9906666666
1210;9497279000;9406966666;9906966666
1211;9497280000;9406966666;9906966666
1212;9497281000;9406966666;9906966666
1213;9538693000;9448300000;9948300000
1214;9538706000;9448300000;9948300000
1215;9538707000;9448300000;9948300000
1216;9538708000;9448300000;9948300000
1217;9538709000;9448300000;9948300000
1218;9538710000;9448300000;9948300000
1219;9538711000;9448300000;9948300000
1220;9538861000;9448355555;9948355555
1221;9538864000;9448677777;9948677777
1222;9538865000;9448677777;9948677777
1223;9538866000;9448677777;9948677777
1224;9580408000;9489955555;9989955555
1225;9580411000;9489955555;9989955555
1226;9580412000;9489955555;9989955555
1227;9580413000;9489955555;9989955555
1228;9580414000;9489955555;9989955555
1229;9580415000;9489955555;9989955555
1230;9580416000;9489955555;9989955555
1231;9580616000;9490000000;9990000000
1232;9580622000;9490288888;9990288888
1233;9580623000;9490288888;9990288888
1234;9580624000;9490288888;9990288888
1235;9622029000;9531622222;10031622222
1236;9622032000;9531622222;10031622222
1237;9622033000;9531622222;10031622222
1238;9622034000;9531622222;10031622222
1239;9622035000;9531622222;10031622222
1240;9622036000;9531622222;10031622222
1241;9622037000;9531622222;10031622222
1242;9622244000;9531666666;10031666666
1243;9622250000;9531955555;10031955555
1244;9622252000;9531955555;10031955555
1245;9622253000;9531955555;10031955555
1246;9663652000;9573288888;10073288888
1247;9663655000;9573288888;10073288888
1248;9663655000;9573288888;10073288888
1249;9663656000;9573288888;10073288888
1250;9663657000;9573288888;10073288888
1251;9663658000;9573288888;10073288888
1252;9663669000;9573288888;10073288888
1253;9663802000;9573333333;10073333333
1254;9663804000;9573633333;10073633333
1255;9663805000;9573633333;10073633333
1256;9663806000;9573633333;10073633333
1257;9705396000;9614955555;10114955555
1258;9705399000;9614955555;10114955555
1259;9705400000;9614955555;10114955555
1260;9705401000;9614955555;10114955555
1261;9705402000;9614955555;10114955555
1262;9705403000;9614955555;10114955555
1263;9705404000;9614955555;10114955555
1264;9705604000;9615000000;10115000000
1265;9705619000;9615277777;10115277777
1266;9705621000;9615277777;10115277777
1267;9705621000;9615277777;10115277777
1268;9747073000;9656622222;10156622222
1269;9747076000;9656622222;10156622222
1270;9747077000;9656622222;10156622222
1271;9747078000;9656622222;10156622222
1272;9747079000;9656622222;10156622222
1273;9747080000;9656622222;10156622222
1274;9747081000;9656622222;10156622222
1275;9747274000;9656666666;10156666666
1276;9747289000;9657000000;10157000000
1277;9747290000;9657000000;10157000000
1278;9747291000;9657000000;10157000000
1279;9790325000;9698288888;10198288888
1280;9790336000;9698288888;10198288888
1281;9790338000;9698288888;10198288888
1282;9790339000;9698288888;10198288888
1283;9790341000;9698288888;10198288888
1284;9790343000;9698288888;10198288888
1285;9790344000;9698288888;10198288888
1286;9790604000;9698333333;10198333333
1287;9790612000;9698655555;10198655555
1288;9790614000;9698655555;10198655555
1289;9790616000;9698655555;10198655555
1290;9830397000;9739955555;10239955555
1291;9830401000;9739955555;10239955555
1292;9830403000;9739955555;10239955555
1293;9830404000;9739955555;10239955555
1294;9830405000;9739955555;10239955555
1295;9830406000;9739955555;10239955555
1296;9830418000;9739955555;10239955555
1297;9830620000;9740000000;10240000000
1298;9830636000;9740277777;10240277777
1299;9830637000;9740277777;10240277777
1300;9830638000;9740277777;10240277777
1301;9872079000;9781622222;10281622222
1302;9872083000;9781622222;10281622222
1303;9872084000;9781622222;10281622222
1304;9872085000;9781622222;10281622222
1305;9872086000;9781622222;10281622222
1306;9872087000;9781622222;10281622222
1307;9872088000;9781622222;10281622222
1308;9872288000;9781666666;10281666666
1309;9872303000;9781966666;10281966666
1310;9872304000;9781966666;10281966666
1311;9872305000;9781966666;10281966666
1312;9913735000;9823288888;10323288888
1313;9913748000;9823288888;10323288888
1314;9913749000;9823288888;10323288888
1315;9913750000;9823288888;10323288888
1316;9913751000;9823288888;10323288888
1317;9913752000;9823288888;10323288888
1318;9913753000;9823288888;10323288888
1319;9913928000;9823333333;10323333333
1320;9913931000;9823644444;10323644444
1321;9913932000;9823644444;10323644444
1322;9913933000;9823644444;10323644444
1323;9955407000;9864955555;10364955555
1324;9955410000;9864955555;10364955555
1325;9955411000;9864955555;10364955555
1326;9955412000;9864955555;10364955555
1327;9955413000;9864955555;10364955555
1328;9955414000;9864955555;10364955555
1329;9955415000;9864955555;10364955555
1330;9955555000;9865000000;10365000000
1331;9955560000;9865300000;10365300000
1332;9955561000;9865300000;10365300000
1333;9955562000;9865300000;10365300000
1334;9997057000;9906622222;10406622222
1335;9997060000;9906622222;10406622222
1336;9997061000;9906622222;10406622222
1337;9997062000;9906622222;10406622222
1338;9997063000;9906622222;10406622222
1339;9997064000;9906622222;10406622222
1340;9997065000;9906622222;10406622222
1341;9997423000;9906666666;10406666666
1342;9997438000;9906966666;10406966666
1343;9997440000;9906966666;10406966666
1344;9997441000;9906966666;10406966666
1345;10038731000;9948288888;10448288888
1346;10038735000;9948288888;10448288888
1347;10038736000;9948288888;10448288888
1348;10038737000;9948288888;10448288888
1349;10038738000;9948288888;10448288888
1350;10038739000;9948288888;10448288888
1351;10038740000;9948288888;10448288888
1352;10038922000;9948333333;10448333333
1353;10038928000;9948633333;10448633333
1354;10038929000;9948633333;10448633333
1355;10038930000;9948633333;10448633333
1356;10080398000;9989955555;10489955555
1357;10080401000;9989955555;10489955555
1358;10080403000;9989955555;10489955555
1359;10080404000;9989955555;10489955555
1360;10080404000;9989955555;10489955555
1361;10080405000;9989955555;10489955555
1362;10080406000;9989955555;10489955555
1363;10080606000;9990000000;10490000000
1364;10080621000;9990277777;10490277777
1365;10080622000;9990277777;10490277777
1366;10080623000;9990277777;10490277777
1367;10122074000;10031622222;10531622222
1368;10122077000;10031622222;10531622222
1369;10122078000;10031622222;10531622222
1370;10122079000;10031622222;10531622222
1371;10122080000;10031622222;10531622222
1372;10122081000;10031622222;10531622222
1373;10122082000;10031622222;10531622222
1374;10122281000;10031666666;10531666666
1375;10122296000;10031966666;10531966666
1376;10122298000;10031966666;10531966666
1377;10122298000;10031966666;10531966666
1378;10163753000;10073288888;10573288888
1379;10163756000;10073288888;10573288888
1380;10163757000;10073288888;10573288888
1381;10163758000;10073288888;10573288888
1382;10163759000;10073288888;10573288888
1383;10163760000;10073288888;10573288888
1384;10163761000;10073288888;10573288888
1385;10163959000;10073333333;10573333333
1386;10163966000;10073655555;10573655555
1387;10163967000;10073655555;10573655555
1388;10163968000;10073655555;10573655555
1389;10211434000;10114955555;10614955555
1390;10211445000;10114955555;10614955555
1391;10211447000;10114955555;10614955555
1392;10211448000;10114955555;10614955555
1393;10211450000;10114955555;10614955555
1394;10211452000;10114955555;10614955555
1395;10211454000;10114955555;10614955555
1396;10211700000;10115000000;10615000000
1397;10211718000;10115300000;10615300000
1398;10211719000;10115300000;10615300000
1399;10211740000;10115300000;10615300000
1400;10247055000;10156622222;10656622222
1401;10247059000;10156622222;10656622222
1402;10247060000;10156622222;10656622222
1403;10247062000;10156622222;10656622222
1404;10247063000;10156622222;10656622222
1405;10247064000;10156622222;10656622222
1406;10247066000;10156622222;10656622222
1407;10247267000;10156666666;10656666666
1408;10247282000;10156966666;10656966666
1409;10247283000;10156966666;10656966666
1410;10247284000;10156966666;10656966666
1411;10288734000;10198288888;10698288888
1412;10288738000;10198288888;10698288888
1413;10288739000;10198288888;10698288888
1414;10288740000;10198288888;10698288888
1415;10288741000;10198288888;10698288888
1416;10288742000;10198288888;10698288888
1417;10288743000;10198288888;10698288888
1418;10288882000;10198333333;10698333333
1419;10288885000;10198644444;10698644444
1420;10288886000;10198644444;10698644444
1421;10288887000;10198644444;10698644444
1422;10330339000;10239955555;10739955555
1423;10330341000;10239955555;10739955555
1424;10330342000;10239955555;10739955555
1425;10330343000;10239955555;10739955555
1426;10330344000;10239955555;10739955555
1427;10330345000;10239955555;10739955555
1428;10330346000;10239955555;10739955555
1429;10330488000;10240000000;10740000000
1430;10330491000;10240255555;10740255555
1431;10330492000;10240255555;10740255555
1432;10330493000;10240255555;10740255555
1433;10371983000;10281622222;10781622222
1434;10371985000;10281622222;10781622222
1435;10371986000;10281622222;10781622222
1436;10371987000;10281622222;10781622222
1437;10371988000;10281622222;10781622222
1438;10371989000;10281622222;10781622222
1439;10371990000;10281622222;10781622222
1440;10372145000;10281666666;10781666666
1441;10372148000;10281955555;10781955555
1442;10372149000;10281955555;10781955555
1443;10372149000;10281955555;10781955555
1444;10413737000;10323288888;10823288888
1445;10413749000;10323288888;10823288888
1446;10413750000;10323288888;10823288888
1447;10413751000;10323288888;10823288888
1448;10413752000;10323288888;10823288888
1449;10413753000;10323288888;10823288888
1450;10413754000;10323288888;10823288888
1451;10413924000;10323333333;10823333333
1452;10413926000;10323644444;10823644444
1453;10413927000;10323644444;10823644444
1454;10413928000;10323644444;10823644444
1455;10455404000;10364955555;10864955555
1456;10455408000;10364955555;10864955555
1457;10455409000;10364955555;10864955555
1458;10455409000;10364955555;10864955555
1460;10455411000;10364955555;10864955555
1461;10455412000;10364955555;10864955555
1462;10455583000;10365000000;10865000000
1463;10455587000;10365277777;10865277777
1464;10455588000;10365277777;10865277777
1465;10455590000;10365277777;10865277777
1466;10497074000;10406622222;10906622222
1467;10497086000;10406622222;10906622222
1468;10497087000;10406622222;10906622222
1469;10497088000;10406622222;10906622222
1470;10497089000;10406622222;10906622222
1471;10497090000;10406622222;10906622222
1472;10497091000;10406622222;10906622222
1473;10497292000;10406666666;10906666666
1474;10497307000;10406966666;10906966666
1475;10497308000;10406966666;10906966666
1476;10497309000;10406966666;10906966666
1477;10619487000;10448288888;10948288888
1496;10660245000;10490288888;10990288888
1506;10700920000;10531688888;11031688888
1517;10740681000;10573333333;11073333333
1528;10779437000;10615000000;11115000000
1529;10779443000;10615288888;11115288888
1530;10779444000;10615288888;11115288888
1531;10779445000;10615288888;11115288888
1532;10817599000;10656622222;11156622222
1540;10817710000;10656988888;11156988888
1541;10817714000;10656988888;11156988888
1542;10817715000;10656988888;11156988888
1543;10854787000;10698288888;11198288888
1551;10854900000;10698655555;11198655555
1552;10854904000;10698655555;11198655555
1553;10854904000;10698655555;11198655555
1554;10891069000;10739955555;11239955555
1562;10891191000;10740266666;11240266666
1563;10891194000;10740266666;11240266666
1564;10891195000;10740266666;11240266666
1565;10926629000;10781622222;11281622222
1573;10926741000;10781977777;11281977777
1574;10926745000;10781977777;11281977777
1575;10926754000;10781977777;11281977777
1576;10961541000;10823288888;11323288888
1584;10961653000;10823655555;11323655555
1585;10961657000;10823655555;11323655555
1586;10961658000;10823655555;11323655555
1587;10996018000;10864955555;11364955555
1595;10996194000;10865288888;11365288888
1596;10996198000;10865288888;11365288888
1597;10996199000;10865288888;11365288888
1598;11030175000;10906622222;11406622222
1599;11030183000;10906622222;11406622222
1600;11030184000;10906622222;11406622222
1601;11030186000;10906622222;11406622222
1602;11030188000;10906622222;11406622222
1603;11030189000;10906622222;11406622222
1604;11030198000;10906622222;11406622222
1605;11030401000;10906666666;11406666666
1609;11030406000;10948288888;11448288888
1610;11030408000;10948288888;11448288888
1611;11030409000;10948288888;11448288888
1612;11030410000;10948288888;11448288888
1613;11030412000;10948288888;11448288888
1614;11030413000;10948288888;11448288888
1615;11030415000;10948288888;11448288888
1616;11064845000;10948333333;11448333333
1617;11064861000;10948655555;11448655555
1618;11064862000;10948655555;11448655555
1619;11064864000;10948655555;11448655555
1620;11100129000;10989955555;11489955555
1621;11100132000;10989955555;11489955555
1622;11100133000;10989955555;11489955555
1623;11100134000;10989955555;11489955555
1624;11100135000;10989955555;11489955555
1625;11100137000;10989955555;11489955555
1626;11100138000;10989955555;11489955555
1627;11100308000;10990000000;11490000000
1628;11100312000;10990277777;11490277777
1629;11100314000;10990277777;11490277777
1630;11100314000;10990277777;11490277777
1631;11136428000;11031622222;11531622222
1632;11136432000;11031622222;11531622222
1633;11136433000;11031622222;11531622222
1634;11136434000;11031622222;11531622222
1635;11136434000;11031622222;11531622222
1636;11136435000;11031622222;11531622222
1637;11136436000;11031622222;11531622222
1638;11136575000;11031666666;11531666666
1639;11136578000;11031977777;11531977777
1640;11136579000;11031977777;11531977777
1641;11136580000;11031977777;11531977777
1642;11173755000;11073288888;11573288888
1643;11173758000;11073288888;11573288888
1644;11173759000;11073288888;11573288888
1645;11173760000;11073288888;11573288888
1646;11173761000;11073288888;11573288888
1647;11173762000;11073288888;11573288888
1648;11173763000;11073288888;11573288888
1649;11173963000;11073333333;11573333333
1650;11173969000;11073655555;11573655555
1651;11173970000;11073655555;11573655555
1652;11173971000;11073655555;11573655555
1653;11212065000;11114955555;11614955555
1654;11212069000;11114955555;11614955555
1655;11212070000;11114955555;11614955555
1656;11212071000;11114955555;11614955555
1657;11212072000;11114955555;11614955555
1658;11212073000;11114955555;11614955555
1659;11212074000;11114955555;11614955555
1660;11212274000;11115000000;11615000000
1661;11212280000;11115300000;11615300000
1662;11212282000;11115300000;11615300000
1663;11212283000;11115300000;11615300000
1664;11251199000;11156633333;11656633333
1665;11251201000;11156633333;11656633333
1666;11251202000;11156633333;11656633333
1667;11251203000;11156633333;11656633333
1668;11251204000;11156633333;11656633333
1669;11251205000;11156633333;11656633333
1670;11251215000;11156633333;11656633333
1671;11251349000;11156688888;11656688888
1672;11251351000;11157000000;11657000000
1673;11251352000;11157000000;11657000000
1674;11251353000;11157000000;11657000000
1675;11291249000;11198288888;11698288888
1676;11291261000;11198288888;11698288888
1677;11291262000;11198288888;11698288888
1678;11291263000;11198288888;11698288888
1679;11291264000;11198288888;11698288888
1680;11291265000;11198288888;11698288888
1681;11291266000;11198288888;11698288888
1682;11291483000;11198333333;11698333333
1683;11291486000;11198655555;11698655555
1684;11291488000;11198655555;11698655555
1685;11291489000;11198655555;11698655555
1686;11331829000;11239955555;11739955555
1687;11331832000;11239955555;11739955555
1688;11331833000;11239955555;11739955555
1689;11331834000;11239955555;11739955555
1690;11331835000;11239955555;11739955555
1691;11331836000;11239955555;11739955555
1692;11331847000;11239955555;11739955555
1693;11332020000;11240000000;11740000000
1694;11332023000;11240266666;11740266666
1695;11332024000;11240266666;11740266666
1696;11332025000;11240266666;11740266666
1697;11372786000;11281622222;11781622222
1698;11372788000;11281622222;11781622222
1699;11372789000;11281622222;11781622222
1700;11372799000;11281622222;11781622222
1701;11372800000;11281622222;11781622222
1702;11372801000;11281622222;11781622222
1703;11372802000;11281622222;11781622222
1704;11372970000;11281666666;11781666666
1705;11372973000;11281966666;11781966666
1706;11372974000;11281966666;11781966666
1707;11372975000;11281966666;11781966666
1708;11414107000;11323288888;11823288888
1709;11414120000;11323288888;11823288888
1710;11414122000;11323288888;11823288888
1711;11414123000;11323288888;11823288888
1712;11414124000;11323288888;11823288888
1713;11414126000;11323288888;11823288888
1714;11414127000;11323288888;11823288888
1715;11414280000;11323333333;11823333333
1716;11414282000;11323666666;11823666666
1717;11414283000;11323666666;11823666666
1718;11414284000;11323666666;11823666666
1719;11455509000;11364955555;11864955555
1720;11455511000;11364955555;11864955555
1721;11455512000;11364955555;11864955555
1722;11455513000;11364955555;11864955555
1723;11455514000;11364955555;11864955555
1724;11455515000;11364955555;11864955555
1725;11455516000;11364955555;11864955555
1726;11455658000;11365000000;11865000000
1727;11455660000;11365311111;11865311111
1728;11455661000;11365311111;11865311111
1729;11455662000;11365311111;11865311111
1730;11497077000;11406622222;11906622222
1731;11497080000;11406622222;11906622222
1732;11497081000;11406622222;11906622222
1733;11497082000;11406622222;11906622222
1734;11497083000;11406622222;11906622222
1735;11497084000;11406622222;11906622222
1736;11497085000;11406622222;11906622222
1737;11497227000;11406666666;11906666666
1738;11497230000;11406977777;11906977777
1739;11497231000;11406977777;11906977777
1740;11497232000;11406977777;11906977777
1741;11538752000;11448288888;11948288888
1742;11538755000;11448288888;11948288888
1743;11538756000;11448288888;11948288888
1744;11538757000;11448288888;11948288888
1745;11538758000;11448288888;11948288888
1746;11538759000;11448288888;11948288888
1747;11538760000;11448288888;11948288888
1748;11538937000;11448333333;11948333333
1749;11538939000;11448666666;11948666666
1750;11538940000;11448666666;11948666666
1751;11538941000;11448666666;11948666666
1752;11580363000;11489955555;11989955555
1753;11580375000;11489955555;11989955555
1754;11580376000;11489955555;11989955555
1755;11580377000;11489955555;11989955555
1756;11580378000;11489955555;11989955555
1757;11580379000;11489955555;11989955555
1758;11580380000;11489955555;11989955555
1759;11580516000;11490000000;11990000000
1760;11580519000;11490300000;11990300000
1761;11580520000;11490300000;11990300000
1762;11580521000;11490300000;11990300000
1763;11622032000;11531622222;12031622222
1764;11622035000;11531622222;12031622222
1765;11622036000;11531622222;12031622222
1766;11622037000;11531622222;12031622222
1767;11622038000;11531622222;12031622222
1768;11622039000;11531622222;12031622222
1769;11622040000;11531622222;12031622222
1770;11622248000;11531666666;12031666666
1771;11622254000;11531966666;12031966666
1772;11622255000;11531966666;12031966666
1773;11622256000;11531966666;12031966666
1774;11663723000;11573288888;12073288888
1775;11663726000;11573288888;12073288888
1776;11663727000;11573288888;12073288888
1777;11663728000;11573288888;12073288888
1778;11663729000;11573288888;12073288888
1779;11663730000;11573288888;12073288888
1780;11663731000;11573288888;12073288888
1781;11663902000;11573333333;12073333333
1782;11663904000;11573655555;12073655555
1783;11663905000;11573655555;12073655555
1784;11663906000;11573655555;12073655555
1785;11705403000;11614955555;12114955555
1786;11705406000;11614955555;12114955555
1787;11705408000;11614955555;12114955555
1788;11705409000;11614955555;12114955555
1789;11705409000;11614955555;12114955555
1790;11705410000;11614955555;12114955555
1791;11705420000;11614955555;12114955555
1792;11705620000;11615000000;12115000000
1793;11705636000;11615288888;12115288888
1794;11705637000;11615288888;12115288888
1795;11705638000;11615288888;12115288888
1796;11747075000;11656622222;12156622222
1797;11747087000;11656622222;12156622222
1798;11747088000;11656622222;12156622222
1799;11747090000;11656622222;12156622222
1800;11747091000;11656622222;12156622222
1801;11747091000;11656622222;12156622222
1802;11747092000;11656622222;12156622222
1803;11747292000;11656666666;12156666666
1804;11747308000;11656988888;12156988888
1805;11747309000;11656988888;12156988888
1806;11747310000;11656988888;12156988888
1807;11788739000;11698288888;12198288888
1808;11788751000;11698288888;12198288888
1809;11788752000;11698288888;12198288888
1810;11788753000;11698288888;12198288888
1811;11788754000;11698288888;12198288888
1812;11788755000;11698288888;12198288888
1813;11788756000;11698288888;12198288888
1814;11788892000;11698333333;12198333333
1815;11788894000;11698666666;12198666666
1816;11788895000;11698666666;12198666666
1817;11788896000;11698666666;12198666666
1818;11830391000;11739955555;12239955555
1819;11830394000;11739955555;12239955555
1820;11830395000;11739955555;12239955555
1821;11830396000;11739955555;12239955555
1822;11830397000;11739955555;12239955555
1823;11830398000;11739955555;12239955555
1824;11830399000;11739955555;12239955555
1825;11830613000;11740000000;12240000000
1826;11830616000;11740277777;12240277777
1827;11830617000;11740277777;12240277777
1828;11830618000;11740277777;12240277777
1829;11872014000;11781622222;12281622222
1830;11872017000;11781622222;12281622222
1831;11872018000;11781622222;12281622222
1832;11872019000;11781622222;12281622222
1833;11872020000;11781622222;12281622222
1834;11872021000;11781622222;12281622222
1835;11872022000;11781622222;12281622222
1836;11872221000;11781666666;12281666666
1837;11872227000;11781988888;12281988888
1838;11872228000;11781988888;12281988888
1839;11872229000;11781988888;12281988888
1840;11913655000;11823288888;12323288888
1841;11913657000;11823288888;12323288888
1842;11913658000;11823288888;12323288888
1843;11913659000;11823288888;12323288888
1844;11913660000;11823288888;12323288888
1845;11913670000;11823288888;12323288888
1846;11913671000;11823288888;12323288888
1847;11913805000;11823333333;12323333333
1848;11913808000;11823633333;12323633333
1849;11913809000;11823633333;12323633333
1850;11913810000;11823633333;12323633333
1851;11955314000;11864955555;12364955555
1852;11955315000;11864955555;12364955555
1853;11955316000;11864955555;12364955555
1854;11955317000;11864955555;12364955555
1855;11955318000;11864955555;12364955555
1856;11955319000;11864955555;12364955555
1857;11955320000;11864955555;12364955555
1858;11955462000;11865000000;12365000000
1859;11955465000;11865266666;12365266666
1860;11955465000;11865266666;12365266666
1861;11955466000;11865266666;12365266666
1862;11997030000;11906622222;12406622222
1863;11997033000;11906622222;12406622222
1864;11997034000;11906622222;12406622222
1865;11997035000;11906622222;12406622222
1866;11997036000;11906622222;12406622222
1867;11997037000;11906622222;12406622222
1868;11997038000;11906622222;12406622222
1869;11997245000;11906666666;12406666666
1870;11997251000;11906955555;12406955555
1871;11997252000;11906955555;12406955555
1872;11997253000;11906955555;12406955555
1873;12038722000;11948288888;12448288888
1874;12038726000;11948288888;12448288888
1875;12038727000;11948288888;12448288888
1876;12038728000;11948288888;12448288888
1877;12038729000;11948288888;12448288888
1878;12038730000;11948288888;12448288888
1879;12038731000;11948288888;12448288888
1880;12038903000;11948333333;12448333333
1881;12038906000;11948633333;12448633333
1882;12038907000;11948633333;12448633333
1883;12038908000;11948633333;12448633333
1884;12080404000;11989955555;12489955555
1885;12080417000;11989955555;12489955555
1886;12080418000;11989955555;12489955555
1887;12080419000;11989955555;12489955555
1888;12080420000;11989955555;12489955555
1889;12080421000;11989955555;12489955555
1890;12080422000;11989955555;12489955555
1891;12080661000;11990000000;12490000000
1892;12080664000;11990266666;12490266666
1893;12080665000;11990266666;12490266666
1894;12080666000;11990266666;12490266666
1895;12122071000;12031622222;12531622222
1896;12122075000;12031622222;12531622222
1897;12122076000;12031622222;12531622222
1898;12122077000;12031622222;12531622222
1899;12122078000;12031622222;12531622222
1900;12122079000;12031622222;12531622222
1901;12122089000;12031622222;12531622222
1902;12122225000;12031666666;12531666666
1903;12122228000;12031955555;12531955555
1904;12122229000;12031955555;12531955555
1905;12122230000;12031955555;12531955555
1906;12163738000;12073288888;12573288888
1907;12163751000;12073288888;12573288888
1908;12163752000;12073288888;12573288888
1909;12163753000;12073288888;12573288888
1910;12163754000;12073288888;12573288888
1911;12163755000;12073288888;12573288888
1912;12163756000;12073288888;12573288888
1913;12163892000;12073333333;12573333333
1914;12163895000;12073644444;12573644444
1915;12163896000;12073644444;12573644444
1916;12163897000;12073644444;12573644444
1917;12205453000;12114955555;12614955555
1918;12205462000;12114955555;12614955555
1919;12205464000;12114955555;12614955555
1920;12205465000;12114955555;12614955555
1921;12205467000;12114955555;12614955555
1922;12205469000;12114955555;12614955555
1923;12205470000;12114955555;12614955555
1924;12205626000;12115000000;12615000000
1925;12205629000;12115288888;12615288888
1926;12205631000;12115288888;12615288888
1927;12205632000;12115288888;12615288888
1928;12247064000;12156622222;12656622222
1929;12247068000;12156622222;12656622222
1930;12247069000;12156622222;12656622222
1931;12247079000;12156622222;12656622222
1932;12247081000;12156622222;12656622222
1933;12247082000;12156622222;12656622222
1934;12247083000;12156622222;12656622222
1935;12247283000;12156666666;12656666666
1936;12247298000;12156955555;12656955555
1937;12247300000;12156955555;12656955555
1938;12247301000;12156955555;12656955555
1939;12288680000;12198288888;12698288888
1940;12288683000;12198288888;12698288888
1941;12288684000;12198288888;12698288888
1942;12288685000;12198288888;12698288888
1943;12288686000;12198288888;12698288888
1944;12288687000;12198288888;12698288888
1945;12288697000;12198288888;12698288888
1946;12288832000;12198333333;12698333333
1947;12288834000;12198633333;12698633333
1948;12288835000;12198633333;12698633333
1949;12288836000;12198633333;12698633333
1950;12330385000;12239955555;12739955555
1951;12330387000;12239955555;12739955555
1952;12330388000;12239955555;12739955555
1953;12330389000;12239955555;12739955555
1954;12330399000;12239955555;12739955555
1955;12330400000;12239955555;12739955555
1956;12330401000;12239955555;12739955555
1957;12330613000;12240000000;12740000000
1958;12330616000;12240244444;12740244444
1959;12330617000;12240244444;12740244444
1960;12330618000;12240244444;12740244444
1962;12372097000;12281622222;12781622222
1963;12372100000;12281622222;12781622222
1964;12372101000;12281622222;12781622222
1965;12372102000;12281622222;12781622222
1966;12372103000;12281622222;12781622222
1967;12372104000;12281622222;12781622222
1968;12372228000;12281666666;12781666666
1969;12372243000;12281955555;12781955555
1970;12372244000;12281955555;12781955555
1971;12372245000;12281955555;12781955555
1972;12413751000;12323288888;12823288888
1973;12413754000;12323288888;12823288888
1974;12413755000;12323288888;12823288888
1975;12413756000;12323288888;12823288888
1976;12413757000;12323288888;12823288888
1977;12413758000;12323288888;12823288888
1978;12413759000;12323288888;12823288888
1979;12413897000;12323333333;12823333333
1980;12413900000;12323633333;12823633333
1981;12413901000;12323633333;12823633333
1982;12413902000;12323633333;12823633333
1983;12536186000;12364955555;12864955555
2001;12577023000;12406666666;12906666666
2012;12617587000;12448333333;12948333333
2023;12657402000;12490000000;12990000000
2034;12696435000;12531666666;13031666666
2035;12696442000;12531955555;13031955555
2036;12696443000;12531955555;13031955555
2037;12696444000;12531955555;13031955555
2038;12734564000;12573288888;13073288888
2046;12734696000;12573633333;13073633333
2047;12734700000;12573633333;13073633333
2048;12734701000;12573633333;13073633333
2049;12771750000;12614955555;13114955555
2057;12771862000;12615266666;13115266666
2058;12771866000;12615266666;13115266666
2059;12771867000;12615266666;13115266666
2060;12808031000;12656622222;13156622222
2068;12808150000;12656966666;13156966666
2069;12808154000;12656966666;13156966666
2070;12808155000;12656966666;13156966666
2071;12843495000;12698288888;13198288888
2079;12843629000;12698644444;13198644444
2080;12843633000;12698644444;13198644444
2081;12843634000;12698644444;13198644444
2082;12878435000;12739955555;13239955555
2090;12878548000;12740266666;13240266666
2091;12878551000;12740266666;13240266666
2092;12878553000;12740266666;13240266666
2093;12912824000;12781622222;13281622222
2101;12912936000;12781966666;13281966666
2102;12912940000;12781966666;13281966666
2103;12912941000;12781966666;13281966666
2104;12946932000;12823288888;13323288888
2112;12947061000;12823666666;13323666666
2113;12947065000;12823666666;13323666666
2114;12947066000;12823666666;13323666666
2115;12981559000;12864977777;13364977777
2116;12981562000;12864977777;13364977777
2117;12981563000;12864977777;13364977777
2118;12981565000;12864977777;13364977777
2119;12981565000;12864977777;13364977777
2120;12981566000;12864977777;13364977777
2121;12981567000;12864977777;13364977777
2122;12981738000;12865022222;13365022222
2123;12981742000;12865311111;13365311111
2124;12981743000;12865311111;13365311111
2125;12981744000;12865311111;13365311111
2126;13016898000;12906622222;13406622222
2127;13016901000;12906622222;13406622222
2128;13016902000;12906622222;13406622222
2129;13016903000;12906622222;13406622222
2130;13016904000;12906622222;13406622222
2131;13016905000;12906622222;13406622222
2132;13016906000;12906622222;13406622222
2133;13017106000;12906666666;13406666666
2134;13017121000;12906988888;13406988888
2135;13017122000;12906988888;13406988888
2136;13017124000;12906988888;13406988888
2137;13053157000;12948288888;13448288888
2138;13053160000;12948288888;13448288888
2139;13053161000;12948288888;13448288888
2140;13053162000;12948288888;13448288888
2141;13053163000;12948288888;13448288888
2142;13053164000;12948288888;13448288888
2143;13053165000;12948288888;13448288888
2144;13053365000;12948333333;13448333333
2145;13053371000;12948655555;13448655555
2146;13053372000;12948655555;13448655555
2147;13053373000;12948655555;13448655555
2148;13090396000;12989955555;13489955555
2149;13090399000;12989955555;13489955555
2150;13090400000;12989955555;13489955555
2151;13090401000;12989955555;13489955555
2152;13090401000;12989955555;13489955555
2153;13090402000;12989955555;13489955555
2154;13090403000;12989955555;13489955555
2155;13090548000;12990000000;13490000000
2156;13090550000;12990288888;13490288888
2157;13090551000;12990288888;13490288888
2158;13090552000;12990288888;13490288888
2159;13128714000;13031622222;13531622222
2160;13128716000;13031622222;13531622222
2161;13128717000;13031622222;13531622222
2162;13128718000;13031622222;13531622222
2163;13128719000;13031622222;13531622222
2164;13128720000;13031622222;13531622222
2165;13128721000;13031622222;13531622222
2166;13128863000;13031666666;13531666666
2167;13128865000;13031977777;13531977777
2168;13128866000;13031977777;13531977777
2169;13128867000;13031977777;13531977777
2170;13167966000;13073300000;13573300000
2171;13167970000;13073300000;13573300000
2172;13167971000;13073300000;13573300000
2173;13167972000;13073300000;13573300000
2174;13167973000;13073300000;13573300000
2175;13167974000;13073300000;13573300000
2176;13167975000;13073300000;13573300000
2177;13168212000;13073355555;13573355555
2178;13168227000;13073777777;13573777777
2179;13168228000;13073777777;13573777777
2180;13168229000;13073777777;13573777777
2181;13207942000;13114955555;13614955555
2182;13207946000;13114955555;13614955555
2183;13207947000;13114955555;13614955555
2184;13207948000;13114955555;13614955555
2185;13207949000;13114955555;13614955555
2186;13207950000;13114955555;13614955555
2187;13207951000;13114955555;13614955555
2188;13208176000;13115000000;13615000000
2189;13208181000;13115311111;13615311111
2190;13208182000;13115311111;13615311111
2191;13208183000;13115311111;13615311111
2192;13248442000;13156633333;13656633333
2193;13248444000;13156633333;13656633333
2194;13248445000;13156633333;13656633333
2195;13248446000;13156633333;13656633333
2196;13248447000;13156633333;13656633333
2197;13248448000;13156633333;13656633333
2198;13248449000;13156633333;13656633333
2199;13248592000;13156688888;13656688888
2200;13248594000;13157044444;13657044444
2201;13248595000;13157044444;13657044444
2202;13248596000;13157044444;13657044444
2203;13289503000;13198311111;13698311111
2204;13289516000;13198311111;13698311111
2205;13289516000;13198311111;13698311111
2206;13289517000;13198311111;13698311111
2207;13289518000;13198311111;13698311111
2208;13289519000;13198311111;13698311111
2209;13289520000;13198311111;13698311111
2210;13289733000;13198355555;13698355555
2211;13289736000;13198711111;13698711111
2212;13289737000;13198711111;13698711111
2213;13289738000;13198711111;13698711111
2214;13330768000;13239955555;13739955555
2215;13330771000;13239955555;13739955555
2216;13330772000;13239955555;13739955555
2217;13330773000;13239955555;13739955555
2218;13330774000;13239955555;13739955555
2219;13330775000;13239955555;13739955555
2220;13330776000;13239955555;13739955555
2221;13330990000;13240000000;13740000000
2222;13330993000;13240277777;13740277777
2223;13330994000;13240277777;13740277777
2224;13330995000;13240277777;13740277777
2225;13372142000;13281622222;13781622222
2226;13372145000;13281622222;13781622222
2227;13372146000;13281622222;13781622222
2228;13372147000;13281622222;13781622222
2229;13372148000;13281622222;13781622222
2230;13372149000;13281622222;13781622222
2231;13372150000;13281622222;13781622222
2232;13372292000;13281688888;13781688888
2233;13372295000;13282000000;13782000000
2234;13372296000;13282000000;13782000000
2235;13372296000;13282000000;13782000000
2236;13419956000;13323300000;13823300000
2237;13419962000;13323300000;13823300000
2238;13419964000;13323300000;13823300000
2239;13419966000;13323300000;13823300000
2240;13419977000;13323300000;13823300000
2241;13419978000;13323300000;13823300000
2242;13419980000;13323300000;13823300000
2243;13420229000;13323344444;13823344444
2244;13420247000;13323711111;13823711111
2245;13420249000;13323711111;13823711111
2246;13420251000;13323711111;13823711111
2247;13455441000;13364955555;13864955555
2248;13455448000;13364955555;13864955555
2249;13455450000;13364955555;13864955555
2250;13455452000;13364955555;13864955555
2251;13455453000;13364955555;13864955555
2252;13455454000;13364955555;13864955555
2253;13455457000;13364955555;13864955555
2254;13455671000;13365000000;13865000000
2255;13455687000;13365300000;13865300000
2256;13455688000;13365300000;13865300000
2257;13455690000;13365300000;13865300000
2258;13497075000;13406622222;13906622222
2259;13497079000;13406622222;13906622222
2260;13497080000;13406622222;13906622222
2261;13497081000;13406622222;13906622222
2262;13497082000;13406622222;13906622222
2263;13497083000;13406622222;13906622222
2264;13497085000;13406622222;13906622222
2265;13497300000;13406666666;13906666666
2266;13497303000;13406988888;13906988888
2267;13497304000;13406988888;13906988888
2268;13497305000;13406988888;13906988888
2269;13538707000;13448288888;13948288888
2270;13538709000;13448288888;13948288888
2271;13538710000;13448288888;13948288888
2272;13538720000;13448288888;13948288888
2273;13538722000;13448288888;13948288888
2274;13538723000;13448288888;13948288888
2275;13538724000;13448288888;13948288888
2276;13538936000;13448333333;13948333333
2277;13538939000;13448666666;13948666666
2278;13538940000;13448666666;13948666666
2279;13538941000;13448666666;13948666666
2280;13580329000;13489955555;13989955555
2281;13580331000;13489955555;13989955555
2282;13580332000;13489955555;13989955555
2283;13580333000;13489955555;13989955555
2284;13580334000;13489955555;13989955555
2285;13580335000;13489955555;13989955555
2286;13580336000;13489955555;13989955555
2287;13580479000;13490000000;13990000000
2288;13580491000;13490322222;13990322222
2289;13580492000;13490322222;13990322222
2290;13580493000;13490322222;13990322222
2291;13621994000;13531622222;14031622222
2292;13621996000;13531622222;14031622222
2293;13621997000;13531622222;14031622222
2294;13621998000;13531622222;14031622222
2295;13621999000;13531622222;14031622222
2296;13622000000;13531622222;14031622222
2297;13622001000;13531622222;14031622222
2298;13622156000;13531666666;14031666666
2299;13622158000;13531966666;14031966666
2300;13622159000;13531966666;14031966666
2301;13622160000;13531966666;14031966666
2302;13663659000;13573288888;14073288888
2303;13663662000;13573288888;14073288888
2304;13663663000;13573288888;14073288888
2305;13663664000;13573288888;14073288888
2306;13663665000;13573288888;14073288888
2307;13663666000;13573288888;14073288888
2308;13663667000;13573288888;14073288888
2309;13663808000;13573333333;14073333333
2310;13663811000;13573655555;14073655555
2311;13663812000;13573655555;14073655555
2312;13663813000;13573655555;14073655555
2313;13705389000;13614955555;14114955555
2314;13705392000;13614955555;14114955555
2315;13705393000;13614955555;14114955555
2316;13705394000;13614955555;14114955555
2317;13705395000;13614955555;14114955555
2318;13705396000;13614955555;14114955555
2319;13705397000;13614955555;14114955555
2320;13705596000;13615000000;14115000000
2321;13705611000;13615300000;14115300000
2322;13705613000;13615300000;14115300000
2323;13705613000;13615300000;14115300000
2324;13747064000;13656622222;14156622222
2325;13747068000;13656622222;14156622222
2326;13747069000;13656622222;14156622222
2327;13747070000;13656622222;14156622222
2328;13747071000;13656622222;14156622222
2329;13747081000;13656622222;14156622222
2330;13747082000;13656622222;14156622222
2331;13747281000;13656666666;14156666666
2332;13747296000;13657000000;14157000000
2333;13747297000;13657000000;14157000000
2334;13747299000;13657000000;14157000000
2335;13788790000;13698288888;14198288888
2336;13788800000;13698288888;14198288888
2337;13788802000;13698288888;14198288888
2338;13788803000;13698288888;14198288888
2339;13788805000;13698288888;14198288888
2340;13788808000;13698288888;14198288888
2341;13788809000;13698288888;14198288888
2342;13788968000;13698333333;14198333333
2343;13788971000;13698688888;14198688888
2344;13788973000;13698688888;14198688888
2345;13788974000;13698688888;14198688888
2346;13830438000;13739955555;14239955555
2347;13830445000;13739955555;14239955555
2348;13830447000;13739955555;14239955555
2349;13830448000;13739955555;14239955555
2350;13830450000;13739955555;14239955555
2351;13830451000;13739955555;14239955555
2352;13830453000;13739955555;14239955555
2353;13830680000;13740000000;14240000000
2354;13830683000;13740300000;14240300000
2355;13830684000;13740300000;14240300000
2356;13830686000;13740300000;14240300000
2357;13872061000;13781622222;14281622222
2358;13872065000;13781622222;14281622222
2359;13872066000;13781622222;14281622222
2360;13872067000;13781622222;14281622222
2361;13872068000;13781622222;14281622222
2362;13872069000;13781622222;14281622222
2363;13872070000;13781622222;14281622222
2364;13872271000;13781666666;14281666666
2365;13872286000;13781988888;14281988888
2366;13872287000;13781988888;14281988888
2367;13872288000;13781988888;14281988888
2368;13913723000;13823288888;14323288888
2369;13913735000;13823288888;14323288888
2370;13913737000;13823288888;14323288888
2371;13913738000;13823288888;14323288888
2372;13913738000;13823288888;14323288888
2373;13913739000;13823288888;14323288888
2374;13913740000;13823288888;14323288888
2375;13913877000;13823333333;14323333333
2376;13913879000;13823655555;14323655555
2377;13913880000;13823655555;14323655555
2378;13913882000;13823655555;14323655555
2379;13955393000;13864955555;14364955555
2380;13955397000;13864955555;14364955555
2381;13955398000;13864955555;14364955555
2382;13955399000;13864955555;14364955555
2383;13955400000;13864955555;14364955555
2384;13955400000;13864955555;14364955555
2385;13955401000;13864955555;14364955555
2386;13955601000;13865000000;14365000000
2387;13955607000;13865288888;14365288888
2388;13955626000;13865288888;14365288888
2389;13955627000;13865288888;14365288888
2390;13997069000;13906622222;14406622222
2391;13997072000;13906622222;14406622222
2392;13997073000;13906622222;14406622222
2393;13997074000;13906622222;14406622222
2394;13997075000;13906622222;14406622222
2395;13997076000;13906622222;14406622222
2396;13997077000;13906622222;14406622222
2397;13997277000;13906666666;14406666666
2398;13997292000;13906977777;14406977777
2399;13997293000;13906977777;14406977777
2400;13997294000;13906977777;14406977777
2401;14038733000;13948288888;14448288888
2402;14038736000;13948288888;14448288888
2403;14038737000;13948288888;14448288888
2404;14038738000;13948288888;14448288888
2405;14038739000;13948288888;14448288888
2406;14038740000;13948288888;14448288888
2407;14038741000;13948288888;14448288888
2408;14038878000;13948333333;14448333333
2409;14038880000;13948644444;14448644444
2410;14038881000;13948644444;14448644444
2411;14038882000;13948644444;14448644444
2412;14080399000;13989955555;14489955555
2413;14080403000;13989955555;14489955555
2414;14080404000;13989955555;14489955555
2415;14080405000;13989955555;14489955555
2416;14080405000;13989955555;14489955555
2417;14080406000;13989955555;14489955555
2418;14080407000;13989955555;14489955555
2419;14080621000;13990000000;14490000000
2420;14080624000;13990277777;14490277777
2421;14080625000;13990277777;14490277777
2422;14080626000;13990277777;14490277777
2423;14122041000;14031622222;14531622222
2424;14122052000;14031622222;14531622222
2425;14122053000;14031622222;14531622222
2426;14122054000;14031622222;14531622222
2427;14122055000;14031622222;14531622222
2428;14122056000;14031622222;14531622222
2429;14122057000;14031622222;14531622222
2430;14122271000;14031666666;14531666666
2431;14122275000;14031977777;14531977777
2432;14122276000;14031977777;14531977777
2433;14122276000;14031977777;14531977777
2434;14163688000;14073288888;14573288888
2435;14163692000;14073288888;14573288888
2436;14163693000;14073288888;14573288888
2437;14163694000;14073288888;14573288888
2438;14163695000;14073288888;14573288888
2439;14163696000;14073288888;14573288888
2440;14163697000;14073288888;14573288888
2441;14163862000;14073333333;14573333333
2442;14163865000;14073655555;14573655555
2443;14163866000;14073655555;14573655555
2444;14163867000;14073655555;14573655555
2445;14205375000;14114955555;14614955555
2446;14205379000;14114955555;14614955555
2447;14205380000;14114955555;14614955555
2448;14205381000;14114955555;14614955555
2449;14205382000;14114955555;14614955555
2450;14205383000;14114955555;14614955555
2451;14205384000;14114955555;14614955555
2452;14205596000;14115000000;14615000000
2453;14205599000;14115300000;14615300000
2454;14205601000;14115300000;14615300000
2455;14205601000;14115300000;14615300000
2456;14247003000;14156622222;14656622222
2457;14247005000;14156622222;14656622222
2458;14247006000;14156622222;14656622222
2459;14247007000;14156622222;14656622222
2460;14247008000;14156622222;14656622222
2461;14247009000;14156622222;14656622222
2462;14247010000;14156622222;14656622222
2463;14247222000;14156666666;14656666666
2464;14247225000;14156977777;14656977777
2465;14247226000;14156977777;14656977777
2466;14247227000;14156977777;14656977777
2467;14288707000;14198288888;14698288888
2468;14288711000;14198288888;14698288888
2469;14288712000;14198288888;14698288888
2470;14288713000;14198288888;14698288888
2471;14288714000;14198288888;14698288888
2472;14288715000;14198288888;14698288888
2473;14288716000;14198288888;14698288888
2474;14288852000;14198333333;14698333333
2475;14288854000;14198655555;14698655555
2476;14288855000;14198655555;14698655555
2477;14288856000;14198655555;14698655555
2478;14330392000;14239955555;14739955555
2479;14330396000;14239955555;14739955555
2480;14330397000;14239955555;14739955555
2481;14330398000;14239955555;14739955555
2482;14330398000;14239955555;14739955555
2483;14330399000;14239955555;14739955555
2484;14330400000;14239955555;14739955555
2485;14330615000;14240000000;14740000000
2486;14330618000;14240266666;14740266666
2487;14330619000;14240266666;14740266666
2488;14330628000;14240266666;14740266666
2489;14371971000;14281622222;14781622222
2490;14371973000;14281622222;14781622222
2491;14371974000;14281622222;14781622222
2492;14371975000;14281622222;14781622222
2493;14371976000;14281622222;14781622222
2494;14371977000;14281622222;14781622222
2495;14371978000;14281622222;14781622222
2496;14372095000;14281666666;14781666666
2497;14372098000;14281966666;14781966666
2498;14372099000;14281966666;14781966666
2499;14372100000;14281966666;14781966666
2500;14413723000;14323288888;14823288888
2501;14413736000;14323288888;14823288888
2502;14413737000;14323288888;14823288888
2503;14413738000;14323288888;14823288888
2504;14413739000;14323288888;14823288888
2505;14413740000;14323288888;14823288888
2506;14413741000;14323288888;14823288888
2507;14413877000;14323333333;14823333333
2508;14413880000;14323655555;14823655555
2509;14413881000;14323655555;14823655555
2510;14413881000;14323655555;14823655555
2511;14455402000;14364955555;14864955555
2512;14455405000;14364955555;14864955555
2513;14455406000;14364955555;14864955555
2514;14455407000;14364955555;14864955555
2515;14455408000;14364955555;14864955555
2516;14455409000;14364955555;14864955555
2517;14455410000;14364955555;14864955555
2518;14455610000;14365000000;14865000000
2519;14455616000;14365288888;14865288888
2520;14455617000;14365288888;14865288888
2521;14455618000;14365288888;14865288888
2522;14497076000;14406622222;14906622222
2523;14497079000;14406622222;14906622222
2524;14497080000;14406622222;14906622222
2525;14497081000;14406622222;14906622222
2526;14497082000;14406622222;14906622222
2527;14497083000;14406622222;14906622222
2528;14497084000;14406622222;14906622222
2529;14497284000;14406666666;14906666666
2530;14497299000;14406977777;14906977777
2531;14497300000;14406977777;14906977777
2532;14497301000;14406977777;14906977777
2533;14538722000;14448288888;14948288888
2534;14538735000;14448288888;14948288888
2535;14538735000;14448288888;14948288888
2536;14538736000;14448288888;14948288888
2537;14538737000;14448288888;14948288888
2538;14538738000;14448288888;14948288888
2539;14538739000;14448288888;14948288888
2540;14538877000;14448333333;14948333333
2541;14538879000;14448666666;14948666666
2542;14538880000;14448666666;14948666666
2543;14538881000;14448666666;14948666666
2544;14580354000;14489955555;14989955555
2545;14580358000;14489955555;14989955555
2546;14580359000;14489955555;14989955555
2547;14580370000;14489955555;14989955555
2548;14580371000;14489955555;14989955555
2549;14580372000;14489955555;14989955555
2550;14580373000;14489955555;14989955555
2551;14580515000;14490000000;14990000000
2552;14580517000;14490300000;14990300000
2553;14580519000;14490300000;14990300000
2554;14580520000;14490300000;14990300000
2555;14622147000;14531622222;15031622222
2556;14622154000;14531622222;15031622222
2557;14622156000;14531622222;15031622222
2558;14622157000;14531622222;15031622222
2559;14622159000;14531622222;15031622222
2560;14622160000;14531622222;15031622222
2561;14622170000;14531622222;15031622222
2562;14622385000;14531666666;15031666666
2563;14622400000;14531977777;15031977777
2564;14622402000;14531977777;15031977777
2565;14622403000;14531977777;15031977777
2566;14663737000;14573288888;15073288888
2567;14663740000;14573288888;15073288888
2568;14663741000;14573288888;15073288888
2569;14663742000;14573288888;15073288888
2570;14663743000;14573288888;15073288888
2571;14663744000;14573288888;15073288888
2572;14663746000;14573288888;15073288888
2573;14663946000;14573333333;15073333333
2574;14663961000;14573655555;15073655555
2575;14663962000;14573655555;15073655555
2576;14663963000;14573655555;15073655555
2577;14705390000;14614955555;15114955555
2578;14705403000;14614955555;15114955555
2579;14705404000;14614955555;15114955555
2580;14705405000;14614955555;15114955555
2581;14705406000;14614955555;15114955555
2582;14705407000;14614955555;15114955555
2583;14705408000;14614955555;15114955555
2584;14705624000;14615000000;15115000000
2585;14705627000;14615288888;15115288888
2586;14705629000;14615288888;15115288888
2587;14705630000;14615288888;15115288888
2588;14747075000;14656622222;15156622222
2589;14747078000;14656622222;15156622222
2590;14747079000;14656622222;15156622222
2591;14747080000;14656622222;15156622222
2592;14747081000;14656622222;15156622222
2593;14747082000;14656622222;15156622222
2594;14747083000;14656622222;15156622222
2595;14747299000;14656666666;15156666666
2596;14747314000;14656988888;15156988888
2597;14747315000;14656988888;15156988888
2598;14747316000;14656988888;15156988888
2599;14788736000;14698288888;15198288888
2600;14788740000;14698288888;15198288888
2601;14788741000;14698288888;15198288888
2602;14788742000;14698288888;15198288888
2603;14788743000;14698288888;15198288888
2604;14788744000;14698288888;15198288888
2605;14788745000;14698288888;15198288888
2606;14788944000;14698333333;15198333333
2607;14788950000;14698666666;15198666666
2608;14788951000;14698666666;15198666666
2609;14788952000;14698666666;15198666666
2610;14830379000;14739955555;15239955555
2611;14830383000;14739955555;15239955555
2612;14830384000;14739955555;15239955555
2613;14830385000;14739955555;15239955555
2614;14830385000;14739955555;15239955555
2615;14830386000;14739955555;15239955555
2616;14830387000;14739955555;15239955555
2617;14830587000;14740000000;15240000000
2618;14830593000;14740277777;15240277777
2619;14830594000;14740277777;15240277777
2620;14830595000;14740277777;15240277777
2621;14871974000;14781622222;15281622222
2622;14871977000;14781622222;15281622222
2623;14871978000;14781622222;15281622222
2624;14871979000;14781622222;15281622222
2625;14871980000;14781622222;15281622222
2626;14871990000;14781622222;15281622222
2627;14871991000;14781622222;15281622222
2628;14872133000;14781666666;15281666666
2629;14872135000;14781977777;15281977777
2630;14872136000;14781977777;15281977777
2631;14872137000;14781977777;15281977777
2632;14913709000;14823288888;15323288888
2633;14913713000;14823288888;15323288888
2634;14913714000;14823288888;15323288888
2635;14913715000;14823288888;15323288888
2636;14913716000;14823288888;15323288888
2637;14913717000;14823288888;15323288888
2638;14913717000;14823288888;15323288888
2639;14913854000;14823333333;15323333333
2640;14913857000;14823633333;15323633333
2641;14913858000;14823633333;15323633333
2642;14913858000;14823633333;15323633333
2643;14955398000;14864955555;15364955555
2644;14955401000;14864955555;15364955555
2645;14955402000;14864955555;15364955555
2646;14955403000;14864955555;15364955555
2647;14955404000;14864955555;15364955555
2648;14955405000;14864955555;15364955555
2649;14955406000;14864955555;15364955555
2650;14955605000;14865000000;15365000000
2651;14955622000;14865266666;15365266666
2652;14955623000;14865266666;15365266666
2653;14955624000;14865266666;15365266666
2654;15000599000;14906622222;15406622222
2655;15000610000;14906622222;15406622222
2656;15000612000;14906622222;15406622222
2657;15000613000;14906622222;15406622222
2658;15000616000;14906622222;15406622222
2659;15000618000;14906622222;15406622222
2660;15000619000;14906622222;15406622222
2661;15000879000;14906666666;15406666666
2662;15000887000;14906966666;15406966666
2663;15000889000;14906966666;15406966666
2664;15000891000;14906966666;15406966666
2665;15038723000;14948288888;15448288888
2666;15038727000;14948288888;15448288888
2667;15038728000;14948288888;15448288888
2668;15038730000;14948288888;15448288888
2669;15038731000;14948288888;15448288888
2670;15038733000;14948288888;15448288888
2671;15038734000;14948288888;15448288888
2672;15038934000;14948333333;15448333333
2673;15038950000;14948633333;15448633333
2674;15038951000;14948633333;15448633333
2675;15038952000;14948633333;15448633333
2676;15080402000;14989955555;15489955555
2677;15080406000;14989955555;15489955555
2678;15080407000;14989955555;15489955555
2679;15080408000;14989955555;15489955555
2680;15080409000;14989955555;15489955555
2681;15080410000;14989955555;15489955555
2682;15080411000;14989955555;15489955555
2683;15080550000;14990000000;15490000000
2684;15080553000;14990288888;15490288888
2685;15080554000;14990288888;15490288888
2686;15080554000;14990288888;15490288888
2687;15121993000;15031622222;15531622222
2688;15122021000;15031622222;15531622222
2689;15122022000;15031622222;15531622222
2690;15122023000;15031622222;15531622222
2691;15122024000;15031622222;15531622222
2692;15122025000;15031622222;15531622222
2693;15122026000;15031622222;15531622222
2694;15122160000;15031666666;15531666666
2695;15122163000;15031955555;15531955555
2696;15122164000;15031955555;15531955555
2697;15122164000;15031955555;15531955555
2698;15163688000;15073288888;15573288888
2699;15163692000;15073288888;15573288888
2700;15163693000;15073288888;15573288888
2701;15163694000;15073288888;15573288888
2702;15163695000;15073288888;15573288888
2703;15163696000;15073288888;15573288888
2704;15163697000;15073288888;15573288888
2705;15163863000;15073333333;15573333333
2706;15163866000;15073644444;15573644444
2707;15163867000;15073644444;15573644444
2708;15163868000;15073644444;15573644444
2709;15205376000;15114955555;15614955555
2710;15205380000;15114955555;15614955555
2711;15205381000;15114955555;15614955555
2712;15205382000;15114955555;15614955555
2713;15205383000;15114955555;15614955555
2714;15205384000;15114955555;15614955555
2715;15205385000;15114955555;15614955555
2716;15205598000;15115000000;15615000000
2717;15205601000;15115277777;15615277777
2718;15205603000;15115277777;15615277777
2719;15205604000;15115277777;15615277777
2720;15247007000;15156622222;15656622222
2721;15247021000;15156622222;15656622222
2722;15247022000;15156622222;15656622222
2723;15247023000;15156622222;15656622222
2724;15247024000;15156622222;15656622222
2725;15247025000;15156622222;15656622222
2726;15247026000;15156622222;15656622222
2727;15247237000;15156666666;15656666666
2728;15247240000;15156955555;15656955555
2729;15247241000;15156955555;15656955555
2730;15247242000;15156955555;15656955555
2731;15288709000;15198288888;15698288888
2732;15288712000;15198288888;15698288888
2733;15288713000;15198288888;15698288888
2734;15288714000;15198288888;15698288888
2735;15288715000;15198288888;15698288888
2736;15288716000;15198288888;15698288888
2737;15288717000;15198288888;15698288888
2738;15288853000;15198333333;15698333333
2739;15288856000;15198655555;15698655555
2740;15288857000;15198655555;15698655555
2741;15288857000;15198655555;15698655555
2742;15330377000;15239955555;15739955555
2743;15330380000;15239955555;15739955555
2744;15330381000;15239955555;15739955555
2745;15330382000;15239955555;15739955555
2746;15330383000;15239955555;15739955555
2747;15330384000;15239955555;15739955555
2748;15330385000;15239955555;15739955555
2749;15330600000;15240000000;15740000000
2750;15330603000;15240244444;15740244444
2751;15330604000;15240244444;15740244444
2752;15330605000;15240244444;15740244444
2753;15371998000;15281622222;15781622222
2754;15372009000;15281622222;15781622222
2755;15372010000;15281622222;15781622222
2756;15372011000;15281622222;15781622222
2757;15372012000;15281622222;15781622222
2758;15372013000;15281622222;15781622222
2759;15372014000;15281622222;15781622222
2760;15372227000;15281666666;15781666666
2761;15372230000;15281955555;15781955555
2762;15372230000;15281955555;15781955555
2763;15372231000;15281955555;15781955555
2764;15413721000;15323288888;15823288888
2765;15413725000;15323288888;15823288888
2766;15413726000;15323288888;15823288888
2767;15413727000;15323288888;15823288888
2768;15413728000;15323288888;15823288888
2769;15413729000;15323288888;15823288888
2770;15413730000;15323288888;15823288888
2771;15413878000;15323333333;15823333333
2772;15413881000;15323644444;15823644444
2773;15413882000;15323644444;15823644444
2774;15413883000;15323644444;15823644444
2775;15455378000;15364955555;15864955555
2776;15455381000;15364955555;15864955555
2777;15455382000;15364955555;15864955555
2778;15455384000;15364955555;15864955555
2779;15455385000;15364955555;15864955555
2780;15455385000;15364955555;15864955555
2781;15455386000;15364955555;15864955555
2782;15455600000;15365000000;15865000000
2783;15455603000;15365277777;15865277777
2784;15455604000;15365277777;15865277777
2785;15455605000;15365277777;15865277777
2786;15497010000;15406622222;15906622222
2787;15497012000;15406622222;15906622222
2788;15497021000;15406622222;15906622222
2789;15497022000;15406622222;15906622222
2790;15497023000;15406622222;15906622222
2791;15497024000;15406622222;15906622222
2792;15497025000;15406622222;15906622222
2793;15497237000;15406666666;15906666666
2794;15497240000;15406966666;15906966666
2795;15497241000;15406966666;15906966666
2796;15497242000;15406966666;15906966666
2797;15538711000;15448288888;15948288888
2798;15538714000;15448288888;15948288888
2799;15538715000;15448288888;15948288888
2800;15538716000;15448288888;15948288888
2801;15538717000;15448288888;15948288888
2802;15538718000;15448288888;15948288888
2803;15538719000;15448288888;15948288888
2804;15538855000;15448333333;15948333333
2805;15538858000;15448644444;15948644444
2806;15538859000;15448644444;15948644444
2807;15538860000;15448644444;15948644444
2808;15580382000;15489955555;15989955555
2809;15580386000;15489955555;15989955555
2810;15580387000;15489955555;15989955555
2811;15580388000;15489955555;15989955555
2812;15580388000;15489955555;15989955555
2813;15580389000;15489955555;15989955555
2814;15580390000;15489955555;15989955555
2815;15580590000;15490000000;15990000000
2816;15580596000;15490288888;15990288888
2817;15580597000;15490288888;15990288888
2818;15580598000;15490288888;15990288888
2819;15622034000;15531622222;16031622222
2820;15622038000;15531622222;16031622222
2821;15622039000;15531622222;16031622222
2822;15622040000;15531622222;16031622222
2823;15622041000;15531622222;16031622222
2824;15622041000;15531622222;16031622222
2825;15622050000;15531622222;16031622222
2826;15622250000;15531666666;16031666666
2827;15622256000;15531944444;16031944444
2828;15622258000;15531944444;16031944444
2829;15622258000;15531944444;16031944444
2830;15663631000;15573288888;16073288888
2831;15663634000;15573288888;16073288888
2832;15663635000;15573288888;16073288888
2833;15663636000;15573288888;16073288888
2834;15663646000;15573288888;16073288888
2835;15663647000;15573288888;16073288888
2836;15663648000;15573288888;16073288888
2837;15663788000;15573333333;16073333333
2838;15663791000;15573633333;16073633333
2839;15663792000;15573633333;16073633333
2840;15663793000;15573633333;16073633333
2841;15705408000;15614955555;16114955555
2842;15705412000;15614955555;16114955555
2843;15705413000;15614955555;16114955555
2844;15705414000;15614955555;16114955555
2845;15705415000;15614955555;16114955555
2846;15705416000;15614955555;16114955555
2847;15705417000;15614955555;16114955555
2848;15705616000;15615000000;16115000000
2849;15705631000;15615266666;16115266666
2850;15705633000;15615266666;16115266666
2851;15705634000;15615266666;16115266666
2852;15747065000;15656622222;16156622222
2853;15747077000;15656622222;16156622222
2854;15747079000;15656622222;16156622222
2855;15747079000;15656622222;16156622222
2856;15747080000;15656622222;16156622222
2857;15747081000;15656622222;16156622222
2858;15747082000;15656622222;16156622222
2859;15747281000;15656666666;16156666666
2860;15747297000;15656966666;16156966666
2861;15747298000;15656966666;16156966666
2862;15747299000;15656966666;16156966666
2863;15804457000;15698288888;16198288888
2864;15804468000;15698288888;16198288888
2865;15804469000;15698288888;16198288888
2866;15804471000;15698288888;16198288888
2867;15804473000;15698288888;16198288888
2868;15804475000;15698288888;16198288888
2869;15804476000;15698288888;16198288888
2870;15804714000;15698333333;16198333333
2871;15804731000;15698644444;16198644444
2872;15804733000;15698644444;16198644444
2873;15804735000;15698644444;16198644444
2874;15830366000;15739955555;16239955555
2875;15830373000;15739955555;16239955555
2876;15830374000;15739955555;16239955555
2877;15830376000;15739955555;16239955555
2878;15830378000;15739955555;16239955555
2879;15830379000;15739955555;16239955555
2880;15830381000;15739955555;16239955555
2881;15830594000;15740000000;16240000000
2882;15830609000;15740277777;16240277777
2883;15830611000;15740277777;16240277777
2884;15830612000;15740277777;16240277777
2885;15872069000;15781622222;16281622222
2886;15872073000;15781622222;16281622222
2887;15872075000;15781622222;16281622222
2888;15872093000;15781622222;16281622222
2889;15872094000;15781622222;16281622222
2890;15872096000;15781622222;16281622222
2891;15872097000;15781622222;16281622222
2892;15872297000;15781666666;16281666666
2893;15872313000;15781966666;16281966666
2894;15872314000;15781966666;16281966666
2895;15872315000;15781966666;16281966666
2896;15913726000;15823288888;16323288888
2897;15913729000;15823288888;16323288888
2898;15913731000;15823288888;16323288888
2899;15913732000;15823288888;16323288888
2900;15913733000;15823288888;16323288888
2901;15913734000;15823288888;16323288888
2902;15913735000;15823288888;16323288888
2903;15913934000;15823333333;16323333333
2904;15913941000;15823633333;16323633333
2905;15913942000;15823633333;16323633333
2906;15913943000;15823633333;16323633333
2907;15955313000;15864955555;16364955555
2908;15955315000;15864955555;16364955555
2909;15955316000;15864955555;16364955555
2910;15955317000;15864955555;16364955555
2911;15955318000;15864955555;16364955555
2912;15955319000;15864955555;16364955555
2913;15955329000;15864955555;16364955555
2914;15955540000;15865000000;16365000000
2915;15955547000;15865266666;16365266666
2916;15955548000;15865266666;16365266666
2917;15955549000;15865266666;16365266666
2918;15997074000;15906622222;16406622222
2919;15997078000;15906622222;16406622222
2920;15997079000;15906622222;16406622222
2921;15997080000;15906622222;16406622222
2922;15997081000;15906622222;16406622222
2923;15997082000;15906622222;16406622222
2924;15997083000;15906622222;16406622222
2925;15997282000;15906666666;16406666666
2926;15997288000;15906955555;16406955555
2927;15997290000;15906955555;16406955555
2928;15997291000;15906955555;16406955555
2929;16038719000;15948288888;16448288888
2930;16038723000;15948288888;16448288888
2931;16038724000;15948288888;16448288888
2932;16038725000;15948288888;16448288888
2933;16038726000;15948288888;16448288888
2934;16038727000;15948288888;16448288888
2935;16038728000;15948288888;16448288888
2936;16038927000;15948333333;16448333333
2937;16038933000;15948622222;16448622222
2938;16038935000;15948622222;16448622222
2939;16038935000;15948622222;16448622222
2940;16080397000;15989955555;16489955555
2941;16080400000;15989955555;16489955555
2942;16080401000;15989955555;16489955555
2943;16080402000;15989955555;16489955555
2944;16080403000;15989955555;16489955555
2945;16080404000;15989955555;16489955555
2946;16080405000;15989955555;16489955555
2947;16080627000;15990000000;16490000000
2948;16080642000;15990255555;16490255555
2949;16080643000;15990255555;16490255555
2950;16080644000;15990255555;16490255555
2951;16122067000;16031622222;16531622222
2952;16122071000;16031622222;16531622222
2953;16122072000;16031622222;16531622222
2954;16122073000;16031622222;16531622222
2955;16122073000;16031622222;16531622222
2956;16122074000;16031622222;16531622222
2957;16122075000;16031622222;16531622222
2958;16122275000;16031666666;16531666666
2959;16122290000;16031944444;16531944444
2960;16122291000;16031944444;16531944444
2961;16122292000;16031944444;16531944444
2962;16163673000;16073288888;16573288888
2963;16163675000;16073288888;16573288888
2964;16163676000;16073288888;16573288888
2965;16163677000;16073288888;16573288888
2966;16163678000;16073288888;16573288888
2967;16163679000;16073288888;16573288888
2968;16163680000;16073288888;16573288888
2969;16163823000;16073333333;16573333333
2970;16163826000;16073633333;16573633333
2971;16163827000;16073633333;16573633333
2972;16163828000;16073633333;16573633333
2973;16205405000;16114955555;16614955555
2974;16205412000;16114955555;16614955555
2975;16205414000;16114955555;16614955555
2976;16205416000;16114955555;16614955555
2977;16205417000;16114955555;16614955555
2978;16205419000;16114955555;16614955555
2979;16205421000;16114955555;16614955555
2980;16205647000;16115000000;16615000000
2981;16205663000;16115277777;16615277777
2982;16205665000;16115277777;16615277777
2983;16205666000;16115277777;16615277777
2984;16247123000;16156622222;16656622222
2985;16247130000;16156622222;16656622222
2986;16247131000;16156622222;16656622222
2987;16247152000;16156622222;16656622222
2988;16247153000;16156622222;16656622222
2989;16247155000;16156622222;16656622222
2990;16247156000;16156622222;16656622222
2991;16247372000;16156666666;16656666666
2992;16247387000;16156955555;16656955555
2993;16247389000;16156955555;16656955555
2994;16247390000;16156955555;16656955555
2995;16288728000;16198288888;16698288888
2996;16288732000;16198288888;16698288888
2997;16288733000;16198288888;16698288888
2998;16288734000;16198288888;16698288888
2999;16288735000;16198288888;16698288888
3000;16288736000;16198288888;16698288888
3001;16288737000;16198288888;16698288888
3002;16288939000;16198333333;16698333333
3003;16288955000;16198633333;16698633333
3004;16288956000;16198633333;16698633333
3005;16288957000;16198633333;16698633333
3006;16330397000;16239955555;16739955555
3007;16330401000;16239955555;16739955555
3008;16330402000;16239955555;16739955555
3009;16330403000;16239955555;16739955555
3010;16330404000;16239955555;16739955555
3011;16330405000;16239955555;16739955555
3012;16330406000;16239955555;16739955555
3013;16330606000;16240000000;16740000000
3014;16330621000;16240233333;16740233333
3015;16330622000;16240233333;16740233333
3016;16330623000;16240233333;16740233333
3017;16372072000;16281622222;16781622222
3018;16372085000;16281622222;16781622222
3019;16372086000;16281622222;16781622222
3020;16372087000;16281622222;16781622222
3021;16372088000;16281622222;16781622222
3022;16372089000;16281622222;16781622222
3023;16372090000;16281622222;16781622222
3024;16372290000;16281666666;16781666666
3025;16372305000;16281944444;16781944444
3026;16372306000;16281944444;16781944444
3027;16372307000;16281944444;16781944444
3028;16413746000;16323288888;16823288888
3029;16413749000;16323288888;16823288888
3030;16413750000;16323288888;16823288888
3031;16413751000;16323288888;16823288888
3032;16413752000;16323288888;16823288888
3033;16413753000;16323288888;16823288888
3034;16413754000;16323288888;16823288888
3035;16413954000;16323333333;16823333333
3036;16413970000;16323633333;16823633333
3037;16413971000;16323633333;16823633333
3038;16413972000;16323633333;16823633333
3039;16455344000;16364955555;16864955555
3040;16455346000;16364955555;16864955555
3041;16455347000;16364955555;16864955555
3042;16455348000;16364955555;16864955555
3043;16455349000;16364955555;16864955555
3044;16455350000;16364955555;16864955555
3045;16455351000;16364955555;16864955555
3046;16455494000;16365000000;16865000000
3047;16455497000;16365266666;16865266666
3048;16455498000;16365266666;16865266666
3049;16455499000;16365266666;16865266666
3050;16497071000;16406622222;16906622222
3051;16497074000;16406622222;16906622222
3052;16497075000;16406622222;16906622222
3053;16497076000;16406622222;16906622222
3054;16497077000;16406622222;16906622222
3055;16497078000;16406622222;16906622222
3056;16497079000;16406622222;16906622222
3057;16497280000;16406666666;16906666666
3058;16497295000;16406955555;16906955555
3059;16497296000;16406955555;16906955555
3060;16497297000;16406955555;16906955555
3061;16538729000;16448288888;16948288888
3062;16538733000;16448288888;16948288888
3063;16538734000;16448288888;16948288888
3064;16538735000;16448288888;16948288888
3065;16538736000;16448288888;16948288888
3066;16538737000;16448288888;16948288888
3067;16538738000;16448288888;16948288888
3068;16538937000;16448333333;16948333333
3069;16538943000;16448644444;16948644444
3070;16538944000;16448644444;16948644444
3071;16538945000;16448644444;16948644444
3072;16580395000;16489955555;16989955555
3073;16580399000;16489955555;16989955555
3074;16580399000;16489955555;16989955555
3075;16580400000;16489955555;16989955555
3076;16580401000;16489955555;16989955555
3077;16580402000;16489955555;16989955555
3078;16580403000;16489955555;16989955555
3079;16580604000;16490000000;16990000000
3080;16580619000;16490300000;16990300000
3081;16580620000;16490300000;16990300000
3082;16580621000;16490300000;16990300000
3083;16622070000;16531622222;17031622222
3084;16622074000;16531622222;17031622222
3085;16622075000;16531622222;17031622222
3086;16622076000;16531622222;17031622222
3087;16622086000;16531622222;17031622222
3088;16622087000;16531622222;17031622222
3089;16622088000;16531622222;17031622222
3090;16622288000;16531666666;17031666666
3091;16622303000;16531933333;17031933333
3092;16622304000;16531933333;17031933333
3093;16622305000;16531933333;17031933333
3094;16663676000;16573288888;17073288888
3095;16663678000;16573288888;17073288888
3096;16663679000;16573288888;17073288888
3097;16663680000;16573288888;17073288888
3098;16663681000;16573288888;17073288888
3099;16663682000;16573288888;17073288888
3100;16663682000;16573288888;17073288888
3101;16663825000;16573333333;17073333333
3102;16663828000;16573622222;17073622222
3103;16663829000;16573622222;17073622222
3104;16663830000;16573622222;17073622222
3105;16705399000;16614955555;17114955555
3106;16705402000;16614955555;17114955555
3107;16705403000;16614955555;17114955555
3108;16705404000;16614955555;17114955555
3109;16705405000;16614955555;17114955555
3110;16705406000;16614955555;17114955555
3111;16705407000;16614955555;17114955555
3112;16705607000;16615000000;17115000000
3113;16705622000;16615266666;17115266666
3114;16705623000;16615266666;17115266666
3115;16705624000;16615266666;17115266666
3116;16747072000;16656622222;17156622222
3117;16747075000;16656622222;17156622222
3118;16747076000;16656622222;17156622222
3119;16747077000;16656622222;17156622222
3120;16747079000;16656622222;17156622222
3121;16747079000;16656622222;17156622222
3122;16747080000;16656622222;17156622222
3123;16747301000;16656666666;17156666666
3124;16747316000;16656955555;17156955555
3125;16747318000;16656955555;17156955555
3126;16747319000;16656955555;17156955555
3127;16788733000;16698288888;17198288888
3128;16788736000;16698288888;17198288888
3129;16788737000;16698288888;17198288888
3130;16788738000;16698288888;17198288888
3131;16788739000;16698288888;17198288888
3132;16788740000;16698288888;17198288888
3133;16788741000;16698288888;17198288888
3134;16788941000;16698333333;17198333333
3135;16788947000;16698655555;17198655555
3136;16788948000;16698655555;17198655555
3137;16788949000;16698655555;17198655555
3138;16830390000;16739955555;17239955555
3139;16830394000;16739955555;17239955555
3140;16830395000;16739955555;17239955555
3141;16830396000;16739955555;17239955555
3142;16830396000;16739955555;17239955555
3143;16830397000;16739955555;17239955555
3144;16830398000;16739955555;17239955555
3145;16830598000;16740000000;17240000000
3146;16830604000;16740255555;17240255555
3147;16830605000;16740255555;17240255555
3148;16830606000;16740255555;17240255555
3150;16872098000;16781622222;17281622222
3151;16872101000;16781622222;17281622222
3152;16872102000;16781622222;17281622222
3153;16872103000;16781622222;17281622222
3154;16872104000;16781622222;17281622222
3155;16872105000;16781622222;17281622222
3156;16872228000;16781666666;17281666666
3157;16872243000;16781955555;17281955555
3158;16872244000;16781955555;17281955555
3159;16872245000;16781955555;17281955555
3160;16913732000;16823288888;17323288888
3161;16913735000;16823288888;17323288888
3162;16913736000;16823288888;17323288888
3163;16913738000;16823288888;17323288888
3164;16913738000;16823288888;17323288888
3165;16913739000;16823288888;17323288888
3166;16913740000;16823288888;17323288888
3167;16913940000;16823333333;17323333333
3168;16913955000;16823644444;17323644444
3169;16913957000;16823644444;17323644444
3170;16913958000;16823644444;17323644444
3171;17036657000;16864955555;17364955555
3188;17077306000;16906622222;17406622222
3200;17117973000;16948333333;17448333333
3212;17117988000;16990266666;17490266666
3213;17117990000;16990266666;17490266666
3214;17117991000;16990266666;17490266666
3215;17196985000;17031622222;17531622222
3233;17234985000;17073333333;17573333333
3234;17235000000;17073644444;17573644444
3235;17235002000;17073644444;17573644444
3236;17235003000;17073644444;17573644444
3237;17327675000;17114955555;17614955555
3263;17406622000;17198288888;17698288888
3289;17480455000;17281955555;17781955555
3299;17515199000;17323333333;17823333333
3308;17515214000;17364955555;17864955555
3309;17515216000;17364955555;17864955555
3310;17548566000;17365000000;17865000000
3321;17579097000;17406677777;17906677777
3332;17610643000;17448333333;17948333333
3333;17610649000;17448644444;17948644444
3334;17610650000;17448644444;17948644444
3335;17610651000;17448644444;17948644444
3336;17641440000;17489955555;17989955555
3344;17641553000;17490288888;17990288888
3345;17641556000;17490288888;17990288888
3346;17641557000;17490288888;17990288888
3347;17671794000;17531622222;18031622222
3355;17671907000;17531944444;18031944444
3356;17671910000;17531944444;18031944444
3357;17671911000;17531944444;18031944444
3358;17702890000;17573288888;18073288888
3366;17703004000;17573633333;18073633333
3367;17703017000;17573633333;18073633333
3368;17703018000;17573633333;18073633333
3369;17735096000;17614955555;18114955555
3370;17735099000;17614955555;18114955555
3371;17735100000;17614955555;18114955555
3372;17735101000;17614955555;18114955555
3373;17735102000;17614955555;18114955555
3374;17735103000;17614955555;18114955555
3375;17735104000;17614955555;18114955555
3376;17735305000;17615000000;18115000000
3377;17735320000;17615277777;18115277777
3378;17735321000;17615277777;18115277777
3379;17735322000;17615277777;18115277777
3380;17768669000;17656622222;18156622222
3381;17768673000;17656622222;18156622222
3382;17768674000;17656622222;18156622222
3383;17768675000;17656622222;18156622222
3384;17768676000;17656622222;18156622222
3385;17768677000;17656622222;18156622222
3386;17768678000;17656622222;18156622222
3387;17768876000;17656666666;18156666666
3388;17768892000;17656966666;18156966666
3389;17768893000;17656966666;18156966666
3390;17768894000;17656966666;18156966666
3391;17803800000;17698288888;18198288888
3392;17803804000;17698288888;18198288888
3393;17803805000;17698288888;18198288888
3394;17803806000;17698288888;18198288888
3395;17803807000;17698288888;18198288888
3396;17803808000;17698288888;18198288888
3397;17803809000;17698288888;18198288888
3398;17804008000;17698333333;18198333333
3399;17804015000;17698644444;18198644444
3400;17804016000;17698644444;18198644444
3401;17804017000;17698644444;18198644444
3402;17840430000;17739955555;18239955555
3403;17840433000;17739955555;18239955555
3404;17840434000;17739955555;18239955555
3405;17840435000;17739955555;18239955555
3406;17840436000;17739955555;18239955555
3407;17840437000;17739955555;18239955555
3408;17840438000;17739955555;18239955555
3409;17840654000;17740000000;18240000000
3410;17840660000;17740266666;18240266666
3411;17840661000;17740266666;18240266666
3412;17840662000;17740266666;18240266666
3413;17878349000;17781622222;18281622222
3414;17878352000;17781622222;18281622222
3415;17878353000;17781622222;18281622222
3416;17878355000;17781622222;18281622222
3417;17878355000;17781622222;18281622222
3418;17878356000;17781622222;18281622222
3419;17878357000;17781622222;18281622222
3420;17878557000;17781666666;18281666666
3421;17878563000;17781966666;18281966666
3422;17878564000;17781966666;18281966666
3423;17878565000;17781966666;18281966666
3424;17917478000;17823288888;18323288888
3425;17917482000;17823288888;18323288888
3426;17917483000;17823288888;18323288888
3427;17917484000;17823288888;18323288888
3428;17917485000;17823288888;18323288888
3429;17917486000;17823288888;18323288888
3430;17917487000;17823288888;18323288888
3431;17917702000;17823333333;18323333333
3432;17917708000;17823644444;18323644444
3433;17917709000;17823644444;18323644444
3434;17917710000;17823644444;18323644444
3435;17957455000;17864955555;18364955555
3436;17957457000;17864955555;18364955555
3437;17957458000;17864955555;18364955555
3438;17957459000;17864955555;18364955555
3439;17957460000;17864955555;18364955555
3440;17957471000;17864955555;18364955555
3441;17957472000;17864955555;18364955555
3442;17957627000;17865000000;18365000000
3443;17957629000;17865277777;18365277777
3444;17957630000;17865277777;18365277777
3445;17957631000;17865277777;18365277777
3446;17998211000;17906622222;18406622222
3447;17998215000;17906622222;18406622222
3448;17998216000;17906622222;18406622222
3449;17998217000;17906622222;18406622222
3450;17998217000;17906622222;18406622222
3451;17998226000;17906622222;18406622222
3452;17998227000;17906622222;18406622222
3453;17998452000;17906666666;18406666666
3454;17998458000;17906966666;18406966666
3455;17998459000;17906966666;18406966666
3456;17998460000;17906966666;18406966666
3457;18039287000;17948288888;18448288888
3458;18039290000;17948288888;18448288888
3459;18039291000;17948288888;18448288888
3460;18039292000;17948288888;18448288888
3461;18039293000;17948288888;18448288888
3462;18039294000;17948288888;18448288888
3463;18039295000;17948288888;18448288888
3464;18039494000;17948333333;18448333333
3465;18039509000;17948633333;18448633333
3466;18039510000;17948633333;18448633333
3467;18039511000;17948633333;18448633333
3468;18080666000;17989955555;18489955555
3469;18080679000;17989955555;18489955555
3470;18080680000;17989955555;18489955555
3471;18080681000;17989955555;18489955555
3472;18080682000;17989955555;18489955555
3473;18080683000;17989955555;18489955555
3474;18080684000;17989955555;18489955555
3475;18080899000;17990022222;18490022222
3476;18080902000;17990288888;18490288888
3477;18080903000;17990288888;18490288888
3478;18080904000;17990288888;18490288888
3479;18122184000;18031622222;18531622222
3480;18122187000;18031622222;18531622222
3481;18122188000;18031622222;18531622222
3482;18122190000;18031622222;18531622222
3483;18122191000;18031622222;18531622222
3484;18122191000;18031622222;18531622222
3485;18122192000;18031622222;18531622222
3486;18122392000;18031666666;18531666666
3487;18122398000;18031966666;18531966666
3488;18122399000;18031966666;18531966666
3489;18122400000;18031966666;18531966666
3490;18163790000;18073288888;18573288888
3491;18163793000;18073288888;18573288888
3492;18163794000;18073288888;18573288888
3493;18163795000;18073288888;18573288888
3494;18163796000;18073288888;18573288888
3495;18163797000;18073288888;18573288888
3496;18163798000;18073288888;18573288888
3497;18163998000;18073333333;18573333333
3498;18164004000;18073644444;18573644444
3499;18164005000;18073644444;18573644444
3500;18164006000;18073644444;18573644444
3501;18206768000;18114955555;18614955555
3502;18206779000;18114955555;18614955555
3503;18206780000;18114955555;18614955555
3504;18206782000;18114955555;18614955555
3505;18206784000;18114955555;18614955555
3506;18206786000;18114955555;18614955555
3507;18206788000;18114955555;18614955555
3508;18207011000;18115000000;18615000000
3509;18207020000;18115300000;18615300000
3510;18207022000;18115300000;18615300000
3511;18207023000;18115300000;18615300000
3512;18247071000;18156622222;18656622222
3513;18247085000;18156622222;18656622222
3514;18247086000;18156622222;18656622222
3515;18247087000;18156622222;18656622222
3516;18247089000;18156622222;18656622222
3517;18247090000;18156622222;18656622222
3518;18247092000;18156622222;18656622222
3519;18247293000;18156666666;18656666666
3520;18247308000;18156966666;18656966666
3521;18247310000;18156966666;18656966666
3522;18247310000;18156966666;18656966666
3523;18288761000;18198288888;18698288888
3524;18288765000;18198288888;18698288888
3525;18288766000;18198288888;18698288888
3526;18288767000;18198288888;18698288888
3527;18288768000;18198288888;18698288888
3528;18288769000;18198288888;18698288888
3529;18288770000;18198288888;18698288888
3530;18288943000;18198333333;18698333333
3531;18288949000;18198666666;18698666666
3532;18288951000;18198666666;18698666666
3533;18288952000;18198666666;18698666666
3534;18330389000;18239955555;18739955555
3535;18330392000;18239955555;18739955555
3536;18330393000;18239955555;18739955555
3537;18330394000;18239955555;18739955555
3538;18330395000;18239955555;18739955555
3539;18330396000;18239955555;18739955555
3540;18330397000;18239955555;18739955555
3541;18330597000;18240000000;18740000000
3542;18330612000;18240255555;18740255555
3543;18330613000;18240255555;18740255555
3544;18330614000;18240255555;18740255555
3545;18372067000;18281622222;18781622222
3546;18372071000;18281622222;18781622222
3547;18372081000;18281622222;18781622222
3548;18372082000;18281622222;18781622222
3549;18372083000;18281622222;18781622222
3550;18372084000;18281622222;18781622222
3551;18372384000;18281622222;18781622222
3552;18372617000;18281666666;18781666666
3553;18372632000;18281955555;18781955555
3554;18372633000;18281955555;18781955555
3555;18372634000;18281955555;18781955555
3556;18413743000;18323288888;18823288888
3557;18413747000;18323288888;18823288888
3558;18413748000;18323288888;18823288888
3559;18413749000;18323288888;18823288888
3560;18413750000;18323288888;18823288888
3561;18413751000;18323288888;18823288888
3562;18413752000;18323288888;18823288888
3563;18413951000;18323333333;18823333333
3564;18413966000;18323644444;18823644444
3565;18413968000;18323644444;18823644444
3566;18413969000;18323644444;18823644444
3567;18455411000;18364955555;18864955555
3568;18455414000;18364955555;18864955555
3569;18455415000;18364955555;18864955555
3570;18455416000;18364955555;18864955555
3571;18455417000;18364955555;18864955555
3572;18455418000;18364955555;18864955555
3573;18455419000;18364955555;18864955555
3574;18455618000;18365000000;18865000000
3575;18455633000;18365277777;18865277777
3576;18455634000;18365277777;18865277777
3577;18455635000;18365277777;18865277777
3578;18497063000;18406622222;18906622222
3579;18497076000;18406622222;18906622222
3580;18497077000;18406622222;18906622222
3581;18497078000;18406622222;18906622222
3582;18497078000;18406622222;18906622222
3583;18497079000;18406622222;18906622222
3584;18497080000;18406622222;18906622222
3585;18497281000;18406666666;18906666666
3586;18497287000;18406988888;18906988888
3587;18497288000;18406988888;18906988888
3588;18497289000;18406988888;18906988888
3589;18538745000;18448288888;18948288888
3590;18538748000;18448288888;18948288888
3591;18538749000;18448288888;18948288888
3592;18538751000;18448288888;18948288888
3593;18538751000;18448288888;18948288888
3594;18538752000;18448288888;18948288888
3595;18538753000;18448288888;18948288888
3596;18538953000;18448333333;18948333333
3597;18538968000;18448655555;18948655555
3598;18538969000;18448655555;18948655555
3599;18538970000;18448655555;18948655555
3600;18580412000;18489955555;18989955555
3601;18580415000;18489955555;18989955555
3602;18580416000;18489955555;18989955555
3603;18580417000;18489955555;18989955555
3604;18580418000;18489955555;18989955555
3605;18580419000;18489955555;18989955555
3606;18580420000;18489955555;18989955555
3607;18580620000;18490000000;18990000000
3608;18580635000;18490288888;18990288888
3609;18580636000;18490288888;18990288888
3610;18580637000;18490288888;18990288888
3611;18629903000;18531622222;19031622222
3612;18629912000;18531622222;19031622222
3613;18629914000;18531622222;19031622222
3614;18629916000;18531622222;19031622222
3615;18629917000;18531622222;19031622222
3616;18629919000;18531622222;19031622222
3617;18629920000;18531622222;19031622222
3618;18630159000;18531666666;19031666666
3619;18630175000;18531966666;19031966666
3620;18630177000;18531966666;19031966666
3621;18630179000;18531966666;19031966666
3622;18663752000;18573288888;19073288888
3623;18663758000;18573288888;19073288888
3624;18663760000;18573288888;19073288888
3625;18663761000;18573288888;19073288888
3626;18663763000;18573288888;19073288888
3627;18663765000;18573288888;19073288888
3628;18663766000;18573288888;19073288888
3629;18663974000;18573333333;19073333333
3630;18663989000;18573644444;19073644444
3631;18663990000;18573644444;19073644444
3632;18663992000;18573644444;19073644444
3633;18705469000;18614955555;19114955555
3634;18705472000;18614955555;19114955555
3635;18705473000;18614955555;19114955555
3636;18705474000;18614955555;19114955555
3637;18705475000;18614955555;19114955555
3638;18705477000;18614955555;19114955555
3639;18705478000;18614955555;19114955555
3640;18705677000;18615000000;19115000000
3641;18705692000;18615277777;19115277777
3642;18705694000;18615277777;19115277777
3643;18705695000;18615277777;19115277777
3644;18747117000;18656655555;19156655555
3645;18747121000;18656655555;19156655555
3646;18747122000;18656655555;19156655555
3647;18747123000;18656655555;19156655555
3648;18747124000;18656655555;19156655555
3649;18747125000;18656655555;19156655555
3650;18747126000;18656655555;19156655555
3651;18747335000;18656700000;19156700000
3652;18747350000;18657000000;19157000000
3653;18747351000;18657000000;19157000000
3654;18747352000;18657000000;19157000000
3655;18788744000;18698288888;19198288888
3656;18788747000;18698288888;19198288888
3657;18788748000;18698288888;19198288888
3658;18788749000;18698288888;19198288888
3659;18788750000;18698288888;19198288888
3660;18788751000;18698288888;19198288888
3661;18788752000;18698288888;19198288888
3662;18788952000;18698333333;19198333333
3663;18788958000;18698655555;19198655555
3664;18788959000;18698655555;19198655555
3665;18788960000;18698655555;19198655555
3666;18830374000;18739955555;19239955555
3667;18830377000;18739955555;19239955555
3668;18830378000;18739955555;19239955555
3669;18830379000;18739955555;19239955555
3670;18830380000;18739955555;19239955555
3671;18830381000;18739955555;19239955555
3672;18830382000;18739955555;19239955555
3673;18830581000;18740000000;19240000000
3674;18830588000;18740266666;19240266666
3675;18830589000;18740266666;19240266666
3676;18830590000;18740266666;19240266666
3677;18872042000;18781622222;19281622222
3678;18872051000;18781622222;19281622222
3679;18872052000;18781622222;19281622222
3680;18872053000;18781622222;19281622222
3681;18872054000;18781622222;19281622222
3682;18872055000;18781622222;19281622222
3683;18872056000;18781622222;19281622222
3684;18872255000;18781666666;19281666666
3685;18872261000;18781977777;19281977777
3686;18872263000;18781977777;19281977777
3687;18872264000;18781977777;19281977777
3688;18913723000;18823288888;19323288888
3689;18913726000;18823288888;19323288888
3690;18913727000;18823288888;19323288888
3691;18913728000;18823288888;19323288888
3692;18913729000;18823288888;19323288888
3693;18913730000;18823288888;19323288888
3694;18913731000;18823288888;19323288888
3695;18913931000;18823333333;19323333333
3696;18913937000;18823633333;19323633333
3697;18913938000;18823633333;19323633333
3698;18913939000;18823633333;19323633333
3699;18955351000;18864977777;19364977777
3700;18955353000;18864977777;19364977777
3701;18955354000;18864977777;19364977777
3702;18955355000;18864977777;19364977777
3703;18955356000;18864977777;19364977777
3704;18955366000;18864977777;19364977777
3705;18955367000;18864977777;19364977777
3706;18955501000;18865022222;19365022222
3707;18955503000;18865300000;19365300000
3708;18955504000;18865300000;19365300000
3709;18955505000;18865300000;19365300000
3710;18997037000;18906622222;19406622222
3711;18997040000;18906622222;19406622222
3712;18997041000;18906622222;19406622222
3713;18997049000;18906622222;19406622222
3714;18997050000;18906622222;19406622222
3715;18997051000;18906622222;19406622222
3716;18997052000;18906622222;19406622222
3717;18997252000;18906666666;19406666666
3718;18997258000;18906955555;19406955555
3719;18997259000;18906955555;19406955555
3720;18997260000;18906955555;19406955555
3721;19038722000;18948288888;19448288888
3722;19038726000;18948288888;19448288888
3723;19038727000;18948288888;19448288888
3724;19038728000;18948288888;19448288888
3725;19038729000;18948288888;19448288888
3726;19038730000;18948288888;19448288888
3727;19038731000;18948288888;19448288888
3728;19038931000;18948333333;19448333333
3729;19038937000;18948622222;19448622222
3730;19038938000;18948622222;19448622222
3731;19038939000;18948622222;19448622222
3732;19080373000;18989955555;19489955555
3733;19080376000;18989955555;19489955555
3734;19080378000;18989955555;19489955555
3735;19080378000;18989955555;19489955555
3736;19080379000;18989955555;19489955555
3737;19080380000;18989955555;19489955555
3738;19080381000;18989955555;19489955555
3739;19080580000;18990000000;19490000000
3740;19080587000;18990255555;19490255555
3741;19080588000;18990255555;19490255555
3742;19080589000;18990255555;19490255555
3743;19122040000;19031622222;19531622222
3744;19122050000;19031622222;19531622222
3745;19122051000;19031622222;19531622222
3746;19122052000;19031622222;19531622222
3747;19122053000;19031622222;19531622222
3748;19122054000;19031622222;19531622222
3749;19122055000;19031622222;19531622222
3750;19122255000;19031666666;19531666666
3751;19122268000;19031955555;19531955555
3752;19122269000;19031955555;19531955555
3753;19122270000;19031955555;19531955555
3754;19163684000;19073311111;19573311111
3755;19163686000;19073311111;19573311111
3756;19163687000;19073311111;19573311111
3757;19163688000;19073311111;19573311111
3758;19163689000;19073311111;19573311111
3759;19163690000;19073311111;19573311111
3760;19163700000;19073311111;19573311111
3761;19163835000;19073355555;19573355555
3762;19163837000;19073666666;19573666666
3763;19163838000;19073666666;19573666666
3764;19163839000;19073666666;19573666666
3765;19205372000;19114955555;19614955555
3766;19205375000;19114955555;19614955555
3767;19205376000;19114955555;19614955555
3768;19205377000;19114955555;19614955555
3769;19205378000;19114955555;19614955555
3770;19205379000;19114955555;19614955555
3771;19205380000;19114955555;19614955555
3772;19205596000;19115000000;19615000000
3773;19205602000;19115277777;19615277777
3774;19205603000;19115277777;19615277777
3775;19205604000;19115277777;19615277777
3776;19247090000;19156622222;19656622222
3777;19247093000;19156622222;19656622222
3778;19247094000;19156622222;19656622222
3779;19247095000;19156622222;19656622222
3780;19247096000;19156622222;19656622222
3781;19247097000;19156622222;19656622222
3782;19247098000;19156622222;19656622222
3783;19247297000;19156666666;19656666666
3784;19247303000;19156955555;19656955555
3785;19247304000;19156955555;19656955555
3786;19247305000;19156955555;19656955555
3787;19288706000;19198288888;19698288888
3788;19288710000;19198288888;19698288888
3789;19288711000;19198288888;19698288888
3790;19288712000;19198288888;19698288888
3791;19288713000;19198288888;19698288888
3792;19288714000;19198288888;19698288888
3793;19288715000;19198288888;19698288888
3794;19288915000;19198333333;19698333333
3795;19288921000;19198633333;19698633333
3796;19288922000;19198633333;19698633333
3797;19288923000;19198633333;19698633333
3798;19330390000;19239955555;19739955555
3799;19330393000;19239955555;19739955555
3800;19330394000;19239955555;19739955555
3801;19330395000;19239955555;19739955555
3802;19330396000;19239955555;19739955555
3803;19330397000;19239955555;19739955555
3804;19330398000;19239955555;19739955555
3805;19330570000;19240000000;19740000000
3806;19330575000;19240244444;19740244444
3807;19330577000;19240244444;19740244444
3808;19330579000;19240244444;19740244444
3809;19372040000;19281622222;19781622222
3810;19372049000;19281622222;19781622222
3811;19372050000;19281622222;19781622222
3812;19372051000;19281622222;19781622222
3813;19372052000;19281622222;19781622222
3814;19372053000;19281622222;19781622222
3815;19372054000;19281622222;19781622222
3816;19372255000;19281666666;19781666666
3817;19372261000;19281944444;19781944444
3818;19372262000;19281944444;19781944444
3819;19372263000;19281944444;19781944444
3820;19413833000;19323322222;19823322222
3821;19413851000;19323322222;19823322222
3822;19413853000;19323322222;19823322222
3823;19413854000;19323322222;19823322222
3824;19413856000;19323322222;19823322222
3825;19413858000;19323322222;19823322222
3826;19413859000;19323322222;19823322222
3827;19414069000;19323366666;19823366666
3828;19414075000;19323677777;19823677777
3829;19414077000;19323677777;19823677777
3830;19414078000;19323677777;19823677777
3831;19455355000;19364955555;19864955555
3832;19455357000;19364955555;19864955555
3833;19455358000;19364955555;19864955555
3834;19455359000;19364955555;19864955555
3835;19455361000;19364955555;19864955555
3836;19455362000;19364955555;19864955555
3837;19455372000;19364955555;19864955555
3838;19455546000;19365000000;19865000000
3839;19455560000;19365266666;19865266666
3840;19455562000;19365266666;19865266666
3841;19455563000;19365266666;19865266666
3842;19497070000;19406622222;19906622222
3843;19497082000;19406622222;19906622222
3844;19497083000;19406622222;19906622222
3845;19497084000;19406622222;19906622222
3846;19497085000;19406622222;19906622222
3847;19497086000;19406622222;19906622222
3848;19497087000;19406622222;19906622222
3849;19497287000;19406666666;19906666666
3850;19497302000;19406966666;19906966666
3851;19497320000;19406966666;19906966666
3852;19497321000;19406966666;19906966666
3853;19538754000;19448288888;19948288888
3854;19538758000;19448288888;19948288888
3855;19538759000;19448288888;19948288888
3856;19538760000;19448288888;19948288888
3857;19538760000;19448288888;19948288888
3858;19538761000;19448288888;19948288888
3859;19538762000;19448288888;19948288888
3860;19538962000;19448333333;19948333333
3861;19538969000;19448644444;19948644444
3862;19538970000;19448644444;19948644444
3863;19538971000;19448644444;19948644444
3864;19580396000;19489977777;19989977777
3865;19580400000;19489977777;19989977777
3866;19580401000;19489977777;19989977777
3867;19580402000;19489977777;19989977777
3868;19580403000;19489977777;19989977777
3869;19580404000;19489977777;19989977777
3870;19580405000;19489977777;19989977777
3871;19580604000;19490022222;19990022222
3872;19580610000;19490300000;19990300000
3873;19580611000;19490300000;19990300000
3874;19580612000;19490300000;19990300000
3875;19622085000;19531622222;20031622222
3876;19622088000;19531622222;20031622222
3877;19622089000;19531622222;20031622222
3878;19622090000;19531622222;20031622222
3879;19622091000;19531622222;20031622222
3880;19622092000;19531622222;20031622222
3881;19622093000;19531622222;20031622222
3882;19622293000;19531666666;20031666666
3883;19622299000;19531944444;20031944444
3884;19622300000;19531944444;20031944444
3885;19622301000;19531944444;20031944444
3886;19663722000;19573288888;20073288888
3887;19663726000;19573288888;20073288888
3888;19663727000;19573288888;20073288888
3889;19663727000;19573288888;20073288888
3890;19663729000;19573288888;20073288888
3891;19663730000;19573288888;20073288888
3892;19663730000;19573288888;20073288888
3893;19663930000;19573333333;20073333333
3894;19663936000;19573633333;20073633333
3895;19663937000;19573633333;20073633333
3896;19663938000;19573633333;20073633333
3897;19705411000;19614955555;20114955555
3898;19705414000;19614955555;20114955555
3899;19705415000;19614955555;20114955555
3900;19705416000;19614955555;20114955555
3901;19705417000;19614955555;20114955555
3902;19705418000;19614955555;20114955555
3903;19705419000;19614955555;20114955555
3904;19705618000;19615000000;20115000000
3905;19705633000;19615266666;20115266666
3906;19705635000;19615266666;20115266666
3907;19705636000;19615266666;20115266666
3908;19747070000;19656622222;20156622222
3909;19747083000;19656622222;20156622222
3910;19747084000;19656622222;20156622222
3911;19747085000;19656622222;20156622222
3912;19747085000;19656622222;20156622222
3913;19747086000;19656622222;20156622222
3914;19747087000;19656622222;20156622222
3915;19747286000;19656666666;20156666666
3916;19747302000;19656966666;20156966666
3917;19747303000;19656966666;20156966666
3918;19747304000;19656966666;20156966666
3919;19788749000;19698288888;20198288888
3920;19788753000;19698288888;20198288888
3921;19788754000;19698288888;20198288888
3922;19788754000;19698288888;20198288888
3923;19788755000;19698288888;20198288888
3924;19788756000;19698288888;20198288888
3925;19788757000;19698288888;20198288888
3926;19788958000;19698333333;20198333333
3927;19788964000;19698644444;20198644444
3928;19788965000;19698644444;20198644444
3929;19788966000;19698644444;20198644444
3930;19830478000;19739955555;20239955555
3931;19830484000;19739955555;20239955555
3932;19830486000;19739955555;20239955555
3933;19830488000;19739955555;20239955555
3934;19830489000;19739955555;20239955555
3935;19830490000;19739955555;20239955555
3936;19830492000;19739955555;20239955555
3937;19830710000;19740000000;20240000000
3938;19830725000;19740266666;20240266666
3939;19830727000;19740266666;20240266666
3940;19830728000;19740266666;20240266666
3941;19872099000;19781622222;20281622222
3942;19872102000;19781622222;20281622222
3943;19872104000;19781622222;20281622222
3944;19872105000;19781622222;20281622222
3945;19872106000;19781622222;20281622222
3946;19872107000;19781622222;20281622222
3947;19872108000;19781622222;20281622222
3948;19872307000;19781666666;20281666666
3949;19872322000;19781966666;20281966666
3950;19872324000;19781966666;20281966666
3951;19872334000;19781966666;20281966666
3952;19913759000;19823288888;20323288888
3953;19913763000;19823288888;20323288888
3954;19913764000;19823288888;20323288888
3955;19913765000;19823288888;20323288888
3956;19913766000;19823288888;20323288888
3957;19913767000;19823288888;20323288888
3958;19913768000;19823288888;20323288888
3959;19913969000;19823333333;20323333333
3960;19913975000;19823644444;20323644444
3961;19913976000;19823644444;20323644444
3962;19913977000;19823644444;20323644444
3963;19955348000;19864955555;20364955555
3964;19955350000;19864955555;20364955555
3965;19955351000;19864955555;20364955555
3966;19955352000;19864955555;20364955555
3967;19955362000;19864955555;20364955555
3968;19955363000;19864955555;20364955555
3969;19955364000;19864955555;20364955555
3970;19955499000;19865000000;20365000000
3971;19955501000;19865277777;20365277777
3972;19955502000;19865277777;20365277777
3973;19955503000;19865277777;20365277777
3974;19997075000;19906644444;20406644444
3975;19997079000;19906644444;20406644444
3976;19997080000;19906644444;20406644444
3977;19997081000;19906644444;20406644444
3978;19997082000;19906644444;20406644444
3979;19997083000;19906644444;20406644444
3980;19997084000;19906644444;20406644444
3981;19997460000;19906688888;20406688888
3982;19997476000;19906988888;20406988888
3983;19997477000;19906988888;20406988888
3984;19997478000;19906988888;20406988888
3985;20038791000;19948311111;20448311111
3986;20038795000;19948311111;20448311111
3987;20038796000;19948311111;20448311111
3988;20038796000;19948311111;20448311111
3989;20038797000;19948311111;20448311111
3990;20038798000;19948311111;20448311111
3991;20038799000;19948311111;20448311111
3992;20038999000;19948355555;20448355555
3993;20039014000;19948655555;20448655555
3994;20039015000;19948655555;20448655555
3995;20039016000;19948655555;20448655555
3996;20080440000;19989955555;20489955555
3997;20080443000;19989955555;20489955555
3998;20080445000;19989955555;20489955555
3999;20080445000;19989955555;20489955555
4000;20080446000;19989955555;20489955555
4001;20080447000;19989955555;20489955555
4002;20080448000;19989955555;20489955555
4003;20080648000;19990000000;20490000000
4004;20080664000;19990266666;20490266666
4005;20080665000;19990266666;20490266666
4006;20080666000;19990266666;20490266666
4007;20122102000;20031622222;20531622222
4008;20122105000;20031622222;20531622222
4009;20122106000;20031622222;20531622222
4010;20122108000;20031622222;20531622222
4011;20122108000;20031622222;20531622222
4012;20122109000;20031622222;20531622222
4013;20122110000;20031622222;20531622222
4014;20122309000;20031666666;20531666666
4015;20122324000;20031955555;20531955555
4016;20122326000;20031955555;20531955555
4017;20122327000;20031955555;20531955555
4018;20163723000;20073288888;20573288888
4019;20163725000;20073288888;20573288888
4020;20163726000;20073288888;20573288888
4021;20163727000;20073288888;20573288888
4022;20163728000;20073288888;20573288888
4023;20163729000;20073288888;20573288888
4024;20163730000;20073288888;20573288888
4025;20163874000;20073333333;20573333333
4026;20163877000;20073644444;20573644444
4027;20163878000;20073644444;20573644444
4028;20163879000;20073644444;20573644444
4029;20205432000;20114977777;20614977777
4030;20205435000;20114977777;20614977777
4031;20205436000;20114977777;20614977777
4032;20205437000;20114977777;20614977777
4033;20205438000;20114977777;20614977777
4034;20205439000;20114977777;20614977777
4035;20205440000;20114977777;20614977777
4036;20205639000;20115022222;20615022222
4037;20205645000;20115311111;20615311111
4038;20205646000;20115311111;20615311111
4039;20205647000;20115311111;20615311111
4040;20247096000;20156622222;20656622222
4041;20247100000;20156622222;20656622222
4042;20247101000;20156622222;20656622222
4043;20247102000;20156622222;20656622222
4044;20247102000;20156622222;20656622222
4045;20247103000;20156622222;20656622222
4046;20247104000;20156622222;20656622222
4047;20247304000;20156666666;20656666666
4048;20247310000;20156955555;20656955555
4049;20247311000;20156955555;20656955555
4050;20247312000;20156955555;20656955555
4051;20288747000;20198288888;20698288888
4052;20288750000;20198288888;20698288888
4053;20288751000;20198288888;20698288888
4054;20288752000;20198288888;20698288888
4055;20288753000;20198288888;20698288888
4056;20288754000;20198288888;20698288888
4057;20288755000;20198288888;20698288888
4058;20288954000;20198333333;20698333333
4059;20288960000;20198633333;20698633333
4060;20288962000;20198633333;20698633333
4061;20288962000;20198633333;20698633333
4062;20330431000;20239955555;20739955555
4063;20330434000;20239955555;20739955555
4064;20330435000;20239955555;20739955555
4065;20330436000;20239955555;20739955555
4066;20330437000;20239955555;20739955555
4067;20330438000;20239955555;20739955555
4068;20330439000;20239955555;20739955555
4069;20330638000;20240000000;20740000000
4070;20330644000;20240244444;20740244444
4071;20330645000;20240244444;20740244444
4072;20330646000;20240244444;20740244444
4073;20372083000;20281622222;20781622222
4074;20372086000;20281622222;20781622222
4075;20372087000;20281622222;20781622222
4076;20372088000;20281622222;20781622222
4077;20372089000;20281622222;20781622222
4078;20372090000;20281622222;20781622222
4079;20372091000;20281622222;20781622222
4080;20372291000;20281666666;20781666666
4083;20372297000;20281955555;20781955555
4084;20413752000;20323288888;20823288888
4085;20413755000;20323288888;20823288888
4086;20413756000;20323288888;20823288888
4087;20413757000;20323288888;20823288888
4088;20413758000;20323288888;20823288888
4089;20413759000;20323288888;20823288888
4090;20413760000;20323288888;20823288888
4091;20413959000;20323333333;20823333333
4092;20413966000;20323644444;20823644444
4093;20413967000;20323644444;20823644444
4094;20413968000;20323644444;20823644444
4095;20455406000;20364988888;20864988888
4096;20455408000;20364988888;20864988888
4097;20455409000;20364988888;20864988888
4098;20455410000;20364988888;20864988888
4099;20455411000;20364988888;20864988888
4100;20455421000;20364988888;20864988888
4101;20455422000;20364988888;20864988888
4102;20455557000;20365022222;20865022222
4103;20455560000;20365300000;20865300000
4104;20455561000;20365300000;20865300000
4105;20455562000;20365300000;20865300000
4106;20619436000;20406622222;20906622222
4135;20698002000;20490000000;20990000000
4157;20771853000;20573366666;21073366666
4167;20771859000;20614955555;21114955555
4168;20806550000;20615000000;21115000000
4179;20839900000;20656666666;21156666666
4192;20860425000;20698644444;21198644444
4193;20860428000;20698644444;21198644444
4194;20906702000;20739977777;21239977777
4212;20937218000;20781700000;21281700000
4213;20937233000;20782000000;21282000000
4214;20937234000;20782000000;21282000000
4215;20937235000;20782000000;21282000000
4216;21036066000;20823288888;21323288888
4245;21114364000;20906666666;21406666666
4267;21188234000;20990000000;21490000000
4278;21222859000;21031666666;21531666666
4289;21256314000;21073333333;21573333333
4300;21288609000;21115000000;21615000000
4311;21320030000;21156666666;21656666666
4312;21320036000;21156966666;21656966666
4313;21320037000;21156966666;21656966666
4314;21320038000;21156966666;21656966666
4315;21351013000;21198311111;21698311111
4323;21351126000;21198677777;21698677777
4324;21351130000;21198677777;21698677777
4325;21351131000;21198677777;21698677777
4326;21381140000;21239955555;21739955555
4334;21381252000;21240266666;21740266666
4335;21381255000;21240266666;21740266666
4336;21381257000;21240266666;21740266666
4337;21411982000;21281622222;21781622222
4345;21412130000;21281966666;21781966666
4346;21412133000;21281966666;21781966666
4347;21412135000;21281966666;21781966666
4348;21443994000;21323288888;21823288888
4349;21443997000;21323288888;21823288888
4350;21443998000;21323288888;21823288888
4351;21443999000;21323288888;21823288888
4352;21444000000;21323288888;21823288888
4353;21444001000;21323288888;21823288888
4354;21444002000;21323288888;21823288888
4355;21444208000;21323333333;21823333333
4356;21444223000;21323655555;21823655555
4357;21444224000;21323655555;21823655555
4358;21444225000;21323655555;21823655555
4359;21477464000;21364977777;21864977777
4360;21477468000;21364977777;21864977777
4361;21477469000;21364977777;21864977777
4362;21477470000;21364977777;21864977777
4363;21477471000;21364977777;21864977777
4364;21477472000;21364977777;21864977777
4365;21477473000;21364977777;21864977777
4366;21477673000;21365022222;21865022222
4367;21477688000;21365311111;21865311111
4368;21477689000;21365311111;21865311111
4369;21477690000;21365311111;21865311111
4370;21512440000;21406655555;21906655555
4371;21512443000;21406655555;21906655555
4372;21512444000;21406655555;21906655555
4373;21512445000;21406655555;21906655555
4374;21512446000;21406655555;21906655555
4375;21512447000;21406655555;21906655555
4376;21512448000;21406655555;21906655555
4377;21512647000;21406700000;21906700000
4378;21512653000;21407000000;21907000000
4379;21512654000;21407000000;21907000000
4380;21512655000;21407000000;21907000000
4381;21548830000;21448288888;21948288888
4382;21548832000;21448288888;21948288888
4383;21548833000;21448288888;21948288888
4384;21548834000;21448288888;21948288888
4385;21548835000;21448288888;21948288888
4386;21548845000;21448288888;21948288888
4387;21548846000;21448288888;21948288888
4388;21549082000;21448333333;21948333333
4389;21549088000;21448655555;21948655555
4390;21549089000;21448655555;21948655555
4391;21549090000;21448655555;21948655555
4392;21586829000;21489955555;21989955555
4393;21586832000;21489955555;21989955555
4394;21586833000;21489955555;21989955555
4395;21586834000;21489955555;21989955555
4396;21586835000;21489955555;21989955555
4397;21586836000;21489955555;21989955555
4398;21586837000;21489955555;21989955555
4399;21587037000;21490000000;21990000000
4400;21587050000;21490288888;21990288888
4401;21587051000;21490288888;21990288888
4402;21587052000;21490288888;21990288888
4403;21625924000;21531622222;22031622222
4404;21625927000;21531622222;22031622222
4405;21625928000;21531622222;22031622222
4406;21625929000;21531622222;22031622222
4407;21625930000;21531622222;22031622222
4408;21625931000;21531622222;22031622222
4409;21625932000;21531622222;22031622222
4410;21626140000;21531666666;22031666666
4411;21626146000;21531955555;22031955555
4412;21626147000;21531955555;22031955555
4413;21626148000;21531955555;22031955555
4414;21665805000;21573288888;22073288888
4415;21665807000;21573288888;22073288888
4416;21665808000;21573288888;22073288888
4417;21665809000;21573288888;22073288888
4418;21665810000;21573288888;22073288888
4419;21665811000;21573288888;22073288888
4420;21665821000;21573288888;22073288888
4421;21665955000;21573333333;22073333333
4422;21665958000;21573644444;22073644444
4423;21665959000;21573644444;22073644444
4424;21665959000;21573644444;22073644444
4425;21706572000;21614977777;22114977777
4426;21706575000;21614977777;22114977777
4427;21706576000;21614977777;22114977777
4428;21706577000;21614977777;22114977777
4429;21706578000;21614977777;22114977777
4430;21706579000;21614977777;22114977777
4431;21706580000;21614977777;22114977777
4432;21706780000;21615022222;22115022222
4433;21706795000;21615311111;22115311111
4434;21706796000;21615311111;22115311111
4435;21706797000;21615311111;22115311111
4436;21747638000;21656622222;22156622222
4437;21747641000;21656622222;22156622222
4438;21747642000;21656622222;22156622222
4439;21747643000;21656622222;22156622222
4440;21747644000;21656622222;22156622222
4441;21747645000;21656622222;22156622222
4442;21747646000;21656622222;22156622222
4443;21747845000;21656666666;22156666666
4444;21747861000;21656977777;22156977777
4445;21747862000;21656977777;22156977777
4446;21747863000;21656977777;22156977777
4447;21788994000;21698288888;22198288888
4448;21788998000;21698288888;22198288888
4449;21788999000;21698288888;22198288888
4450;21789000000;21698288888;22198288888
4451;21789001000;21698288888;22198288888
4452;21789002000;21698288888;22198288888
4453;21789003000;21698288888;22198288888
4454;21789212000;21698333333;22198333333
4455;21789227000;21698655555;22198655555
4456;21789228000;21698655555;22198655555
4457;21789229000;21698655555;22198655555
4458;21832146000;21739955555;22239955555
4459;21832175000;21739955555;22239955555
4460;21832177000;21739955555;22239955555
4461;21832179000;21739955555;22239955555
4462;21832180000;21739955555;22239955555
4463;21832182000;21739955555;22239955555
4464;21832183000;21739955555;22239955555
4465;21832407000;21740000000;22240000000
4466;21832424000;21740277777;22240277777
4467;21832425000;21740277777;22240277777
4468;21832426000;21740277777;22240277777
4469;21872140000;21781644444;22281644444
4470;21872144000;21781644444;22281644444
4471;21872145000;21781644444;22281644444
4472;21872146000;21781644444;22281644444
4473;21872148000;21781644444;22281644444
4474;21872149000;21781644444;22281644444
4475;21872151000;21781644444;22281644444
4476;21872351000;21781688888;22281688888
4477;21872366000;21782000000;22282000000
4478;21872367000;21782000000;22282000000
4479;21872368000;21782000000;22282000000
4480;21913748000;21823288888;22323288888
4481;21913752000;21823288888;22323288888
4482;21913753000;21823288888;22323288888
4483;21913754000;21823288888;22323288888
4484;21913755000;21823288888;22323288888
4485;21913756000;21823288888;22323288888
4486;21913757000;21823288888;22323288888
4487;21913958000;21823333333;22323333333
4488;21913973000;21823633333;22323633333
4489;21913975000;21823633333;22323633333
4490;21913976000;21823633333;22323633333
4491;21955349000;21864955555;22364955555
4492;21955351000;21864955555;22364955555
4493;21955352000;21864955555;22364955555
4494;21955353000;21864955555;22364955555
4495;21955354000;21864955555;22364955555
4496;21955355000;21864955555;22364955555
4497;21955356000;21864955555;22364955555
4498;21955501000;21865000000;22365000000
4499;21955503000;21865266666;22365266666
4500;21955504000;21865266666;22365266666
4501;21955505000;21865266666;22365266666
4502;21997029000;21906622222;22406622222
4503;21997032000;21906622222;22406622222
4504;21997033000;21906622222;22406622222
4505;21997034000;21906622222;22406622222
4506;21997035000;21906622222;22406622222
4507;21997036000;21906622222;22406622222
4508;21997037000;21906622222;22406622222
4509;21997260000;21906666666;22406666666
4510;21997266000;21906955555;22406955555
4511;21997267000;21906955555;22406955555
4512;21997269000;21906955555;22406955555
4513;22038696000;21948288888;22448288888
4514;22038700000;21948288888;22448288888
4515;22038701000;21948288888;22448288888
4516;22038702000;21948288888;22448288888
4517;22038702000;21948288888;22448288888
4518;22038704000;21948288888;22448288888
4519;22038705000;21948288888;22448288888
4520;22038904000;21948333333;22448333333
4521;22038910000;21948644444;22448644444
4522;22038911000;21948644444;22448644444
4523;22038912000;21948644444;22448644444
4524;22080386000;21989977777;22489977777
4525;22080389000;21989977777;22489977777
4526;22080390000;21989977777;22489977777
4527;22080391000;21989977777;22489977777
4528;22080392000;21989977777;22489977777
4529;22080393000;21989977777;22489977777
4530;22080394000;21989977777;22489977777
4531;22080594000;21990022222;22490022222
4532;22080600000;21990277777;22490277777
4533;22080601000;21990277777;22490277777
4534;22080602000;21990277777;22490277777
4535;22122051000;22031622222;22531622222
4536;22122055000;22031622222;22531622222
4537;22122056000;22031622222;22531622222
4538;22122057000;22031622222;22531622222
4539;22122058000;22031622222;22531622222
4540;22122059000;22031622222;22531622222
4541;22122059000;22031622222;22531622222
4542;22122260000;22031666666;22531666666
4543;22122266000;22031944444;22531944444
4544;22122267000;22031944444;22531944444
4545;22122268000;22031944444;22531944444
4546;22163651000;22073288888;22573288888
4547;22163653000;22073288888;22573288888
4548;22163654000;22073288888;22573288888
4549;22163655000;22073288888;22573288888
4550;22163656000;22073288888;22573288888
4551;22163666000;22073288888;22573288888
4552;22163667000;22073288888;22573288888
4553;22163802000;22073333333;22573333333
4554;22163804000;22073633333;22573633333
4555;22163805000;22073633333;22573633333
4556;22163806000;22073633333;22573633333
4557;22211580000;22114955555;22614955555
4558;22211591000;22114955555;22614955555
4559;22211613000;22114955555;22614955555
4560;22211615000;22114955555;22614955555
4561;22211616000;22114955555;22614955555
4562;22211618000;22114955555;22614955555
4563;22211619000;22114955555;22614955555
4564;22211848000;22115000000;22615000000
4565;22211864000;22115277777;22615277777
4566;22211866000;22115277777;22615277777
4567;22211867000;22115277777;22615277777
4568;22247036000;22156622222;22656622222
4569;22247040000;22156622222;22656622222
4570;22247041000;22156622222;22656622222
4571;22247054000;22156622222;22656622222
4572;22247056000;22156622222;22656622222
4573;22247057000;22156622222;22656622222
4574;22247059000;22156622222;22656622222
4575;22247259000;22156666666;22656666666
4576;22247274000;22156955555;22656955555
4577;22247275000;22156955555;22656955555
4578;22247276000;22156955555;22656955555
4579;22288736000;22198288888;22698288888
4580;22288739000;22198288888;22698288888
4581;22288740000;22198288888;22698288888
4582;22288741000;22198288888;22698288888
4583;22288742000;22198288888;22698288888
4584;22288744000;22198288888;22698288888
4585;22288744000;22198288888;22698288888
4586;22288960000;22198333333;22698333333
4587;22288975000;22198622222;22698622222
4588;22288976000;22198622222;22698622222
4589;22288977000;22198622222;22698622222
4590;22330416000;22239988888;22739988888
4591;22330420000;22239988888;22739988888
4592;22330421000;22239988888;22739988888
4593;22330422000;22239988888;22739988888
4594;22330423000;22239988888;22739988888
4595;22330423000;22239988888;22739988888
4596;22330424000;22239988888;22739988888
4597;22330625000;22240033333;22740033333
4598;22330631000;22240266666;22740266666
4599;22330632000;22240266666;22740266666
4600;22330633000;22240266666;22740266666
4601;22372029000;22281622222;22781622222
4602;22372032000;22281622222;22781622222
4603;22372033000;22281622222;22781622222
4604;22372034000;22281622222;22781622222
4605;22372035000;22281622222;22781622222
4606;22372036000;22281622222;22781622222
4607;22372037000;22281622222;22781622222
4608;22372243000;22281666666;22781666666
4609;22372250000;22281944444;22781944444
4610;22372251000;22281944444;22781944444
4611;22372252000;22281944444;22781944444
4612;22413715000;22323288888;22823288888
4613;22413719000;22323288888;22823288888
4614;22413720000;22323288888;22823288888
4615;22413721000;22323288888;22823288888
4616;22413722000;22323288888;22823288888
4617;22413723000;22323288888;22823288888
4618;22413723000;22323288888;22823288888
4619;22413923000;22323333333;22823333333
4620;22413930000;22323633333;22823633333
4621;22413931000;22323633333;22823633333
4622;22413932000;22323633333;22823633333
4623;22455321000;22364955555;22864955555
4624;22455323000;22364955555;22864955555
4625;22455324000;22364955555;22864955555
4626;22455325000;22364955555;22864955555
4627;22455326000;22364955555;22864955555
4628;22455327000;22364955555;22864955555
4629;22455337000;22364955555;22864955555
4630;22455471000;22365000000;22865000000
4631;22455474000;22365266666;22865266666
4632;22455475000;22365266666;22865266666
4633;22455476000;22365266666;22865266666
4634;22497029000;22406622222;22906622222
4635;22497032000;22406622222;22906622222
4636;22497033000;22406622222;22906622222
4637;22497034000;22406622222;22906622222
4638;22497035000;22406622222;22906622222
4639;22497036000;22406622222;22906622222
4640;22497037000;22406622222;22906622222
4641;22497243000;22406666666;22906666666
4642;22497249000;22406955555;22906955555
4643;22497251000;22406955555;22906955555
4644;22497252000;22406955555;22906955555
4645;22538717000;22448311111;22948311111
4646;22538721000;22448311111;22948311111
4647;22538722000;22448311111;22948311111
4648;22538723000;22448311111;22948311111
4649;22538724000;22448311111;22948311111
4650;22538725000;22448311111;22948311111
4651;22538726000;22448311111;22948311111
4652;22538926000;22448355555;22948355555
4653;22538932000;22448666666;22948666666
4654;22538933000;22448666666;22948666666
4655;22538934000;22448666666;22948666666
4656;22580363000;22489955555;22989955555
4657;22580367000;22489955555;22989955555
4658;22580368000;22489955555;22989955555
4659;22580376000;22489955555;22989955555
4660;22580377000;22489955555;22989955555
4661;22580378000;22489955555;22989955555
4662;22580379000;22489955555;22989955555
4663;22580578000;22490000000;22990000000
4664;22580584000;22490277777;22990277777
4665;22580585000;22490277777;22990277777
4666;22580586000;22490277777;22990277777
4667;22622068000;22531622222;23031622222
4668;22622081000;22531622222;23031622222
4669;22622082000;22531622222;23031622222
4670;22622083000;22531622222;23031622222
4671;22622084000;22531622222;23031622222
4672;22622085000;22531622222;23031622222
4673;22622086000;22531622222;23031622222
4674;22622287000;22531666666;23031666666
4675;22622302000;22531933333;23031933333
4676;22622303000;22531933333;23031933333
4677;22622304000;22531933333;23031933333
4678;22663735000;22573288888;23073288888
4679;22663738000;22573288888;23073288888
4680;22663739000;22573288888;23073288888
4681;22663740000;22573288888;23073288888
4682;22663741000;22573288888;23073288888
4683;22663742000;22573288888;23073288888
4684;22663743000;22573288888;23073288888
4685;22663942000;22573333333;23073333333
4686;22663958000;22573622222;23073622222
4687;22663959000;22573622222;23073622222
4688;22663960000;22573622222;23073622222
4689;22705423000;22614977777;23114977777
4690;22705426000;22614977777;23114977777
4691;22705427000;22614977777;23114977777
4692;22705428000;22614977777;23114977777
4693;22705429000;22614977777;23114977777
4694;22705430000;22614977777;23114977777
4695;22705432000;22614977777;23114977777
4696;22705635000;22615022222;23115022222
4697;22705651000;22615288888;23115288888
4698;22705652000;22615288888;23115288888
4699;22705653000;22615288888;23115288888
4700;22747073000;22656622222;23156622222
4701;22747076000;22656622222;23156622222
4702;22747086000;22656622222;23156622222
4703;22747087000;22656622222;23156622222
4704;22747088000;22656622222;23156622222
4705;22747089000;22656622222;23156622222
4706;22747090000;22656622222;23156622222
4707;22747290000;22656666666;23156666666
4708;22747305000;22656955555;23156955555
4709;22747306000;22656955555;23156955555
4710;22747307000;22656955555;23156955555
4711;22788731000;22698288888;23198288888
4712;22788735000;22698288888;23198288888
4713;22788736000;22698288888;23198288888
4714;22788737000;22698288888;23198288888
4715;22788737000;22698288888;23198288888
4716;22788739000;22698288888;23198288888
4717;22788739000;22698288888;23198288888
4718;22788940000;22698333333;23198333333
4719;22788946000;22698633333;23198633333
4720;22788947000;22698633333;23198633333
4721;22788948000;22698633333;23198633333
4722;22830391000;22739955555;23239955555
4723;22830395000;22739955555;23239955555
4724;22830396000;22739955555;23239955555
4725;22830397000;22739955555;23239955555
4726;22830397000;22739955555;23239955555
4727;22830398000;22739955555;23239955555
4728;22830399000;22739955555;23239955555
4729;22830599000;22740000000;23240000000
4730;22830606000;22740255555;23240255555
4731;22830607000;22740255555;23240255555
4732;22830608000;22740255555;23240255555
4733;22872066000;22781622222;23281622222
4734;22872070000;22781622222;23281622222
4735;22872071000;22781622222;23281622222
4736;22872072000;22781622222;23281622222
4737;22872073000;22781622222;23281622222
4738;22872073000;22781622222;23281622222
4739;22872074000;22781622222;23281622222
4740;22872275000;22781666666;23281666666
4741;22872281000;22781955555;23281955555
4742;22872282000;22781955555;23281955555
4743;22872283000;22781955555;23281955555
4744;22913720000;22823311111;23323311111
4745;22913724000;22823311111;23323311111
4746;22913725000;22823311111;23323311111
4747;22913726000;22823311111;23323311111
4748;22913727000;22823311111;23323311111
4749;22913728000;22823311111;23323311111
4750;22913729000;22823311111;23323311111
4751;22913928000;22823355555;23323355555
4752;22913935000;22823677777;23323677777
4753;22913936000;22823677777;23323677777
4754;22913937000;22823677777;23323677777
4755;22955354000;22864988888;23364988888
4756;22955357000;22864988888;23364988888
4757;22955357000;22864988888;23364988888
4758;22955359000;22864988888;23364988888
4759;22955377000;22864988888;23364988888
4760;22955378000;22864988888;23364988888
4761;22955379000;22864988888;23364988888
4762;22955515000;22865033333;23365033333
4763;22955517000;22865322222;23365322222
4764;22955518000;22865322222;23365322222
4765;22955519000;22865322222;23365322222
4766;22997063000;22906622222;23406622222
4767;22997068000;22906622222;23406622222
4768;22997069000;22906622222;23406622222
4769;22997070000;22906622222;23406622222
4770;22997072000;22906622222;23406622222
4771;22997073000;22906622222;23406622222
4772;22997075000;22906622222;23406622222
4773;22997284000;22906666666;23406666666
4774;22997300000;22906977777;23406977777
4775;22997301000;22906977777;23406977777
4776;22997303000;22906977777;23406977777
4777;23038781000;22948288888;23448288888
4778;23038787000;22948288888;23448288888
4779;23038788000;22948288888;23448288888
4780;23038790000;22948288888;23448288888
4781;23038791000;22948288888;23448288888
4782;23038793000;22948288888;23448288888
4783;23038794000;22948288888;23448288888
4784;23039003000;22948333333;23448333333
4785;23039018000;22948655555;23448655555
4786;23039019000;22948655555;23448655555
4787;23039021000;22948655555;23448655555
4788;23080386000;22989955555;23489955555
4789;23080389000;22989955555;23489955555
4790;23080390000;22989955555;23489955555
4791;23080391000;22989955555;23489955555
4792;23080392000;22989955555;23489955555
4793;23080393000;22989955555;23489955555
4794;23080394000;22989955555;23489955555
4795;23080596000;22990000000;23490000000
4796;23080611000;22990277777;23490277777
4797;23080612000;22990277777;23490277777
4798;23080613000;22990277777;23490277777
4799;23122100000;23031644444;23531644444
4800;23122104000;23031644444;23531644444
4801;23122105000;23031644444;23531644444
4802;23122106000;23031644444;23531644444
4803;23122107000;23031644444;23531644444
4804;23122108000;23031644444;23531644444
4805;23122109000;23031644444;23531644444
4806;23122308000;23031688888;23531688888
4807;23122324000;23032000000;23532000000
4808;23122325000;23032000000;23532000000
4809;23122326000;23032000000;23532000000
4810;23163679000;23073288888;23573288888
4811;23163682000;23073288888;23573288888
4812;23163683000;23073288888;23573288888
4813;23163684000;23073288888;23573288888
4814;23163685000;23073288888;23573288888
4815;23163686000;23073288888;23573288888
4816;23163687000;23073288888;23573288888
4817;23163832000;23073333333;23573333333
4818;23163834000;23073655555;23573655555
4819;23163835000;23073655555;23573655555
4820;23163836000;23073655555;23573655555
4821;23205378000;23114955555;23614955555
4822;23205382000;23114955555;23614955555
4823;23205383000;23114955555;23614955555
4824;23205384000;23114955555;23614955555
4825;23205385000;23114955555;23614955555
4826;23205385000;23114955555;23614955555
4827;23205386000;23114955555;23614955555
4828;23205587000;23115000000;23615000000
4829;23205593000;23115300000;23615300000
4830;23205594000;23115300000;23615300000
4831;23205595000;23115300000;23615300000
4832;23247031000;23156622222;23656622222
4833;23247035000;23156622222;23656622222
4834;23247036000;23156622222;23656622222
4835;23247037000;23156622222;23656622222
4836;23247038000;23156622222;23656622222
4837;23247039000;23156622222;23656622222
4838;23247040000;23156622222;23656622222
4839;23247247000;23156666666;23656666666
4840;23247253000;23156977777;23656977777
4841;23247254000;23156977777;23656977777
4842;23247255000;23156977777;23656977777
4843;23288697000;23198288888;23698288888
4844;23288701000;23198288888;23698288888
4845;23288702000;23198288888;23698288888
4846;23288703000;23198288888;23698288888
4847;23288704000;23198288888;23698288888
4848;23288705000;23198288888;23698288888
4849;23288706000;23198288888;23698288888
4850;23288904000;23198333333;23698333333
4851;23288910000;23198655555;23698655555
4852;23288911000;23198655555;23698655555
4853;23288912000;23198655555;23698655555
4854;23330386000;23239977777;23739977777
4855;23330389000;23239977777;23739977777
4856;23330390000;23239977777;23739977777
4857;23330391000;23239977777;23739977777
4858;23330392000;23239977777;23739977777
4859;23330402000;23239977777;23739977777
4860;23330403000;23239977777;23739977777
4861;23330603000;23240022222;23740022222
4862;23330609000;23240288888;23740288888
4863;23330610000;23240288888;23740288888
4864;23330611000;23240288888;23740288888
4865;23372051000;23281622222;23781622222
4866;23372055000;23281622222;23781622222
4867;23372055000;23281622222;23781622222
4868;23372056000;23281622222;23781622222
4869;23372057000;23281622222;23781622222
4870;23372058000;23281622222;23781622222
4871;23372059000;23281622222;23781622222
4872;23372277000;23281666666;23781666666
4873;23372292000;23281966666;23781966666
4874;23372293000;23281966666;23781966666
4875;23372294000;23281966666;23781966666
4876;23417906000;23323288888;23823288888
4877;23417915000;23323288888;23823288888
4878;23417917000;23323288888;23823288888
4879;23417918000;23323288888;23823288888
4880;23417920000;23323288888;23823288888
4881;23417921000;23323288888;23823288888
4882;23417922000;23323288888;23823288888
4883;23438168000;23323333333;23823333333
4884;23438189000;23323677777;23823677777
4885;23438191000;23323677777;23823677777
4886;23438192000;23323677777;23823677777
4887;23455991000;23364955555;23864955555
4888;23456002000;23364955555;23864955555
4889;23456004000;23364955555;23864955555
4890;23456006000;23364955555;23864955555
4891;23456007000;23364955555;23864955555
4892;23456009000;23364955555;23864955555
4893;23456010000;23364955555;23864955555
4894;23456234000;23365000000;23865000000
4895;23456250000;23365288888;23865288888
4896;23456251000;23365288888;23865288888
4897;23456253000;23365288888;23865288888
4898;23497072000;23406622222;23906622222
4899;23497076000;23406622222;23906622222
4900;23497077000;23406622222;23906622222
4901;23497078000;23406622222;23906622222
4902;23497080000;23406622222;23906622222
4903;23497081000;23406622222;23906622222
4904;23497082000;23406622222;23906622222
4905;23497282000;23406666666;23906666666
4906;23497297000;23406977777;23906977777
4907;23497298000;23406977777;23906977777
4908;23497300000;23406977777;23906977777
4909;23538758000;23448311111;23948311111
4910;23538761000;23448311111;23948311111
4911;23538762000;23448311111;23948311111
4912;23538763000;23448311111;23948311111
4913;23538764000;23448311111;23948311111
4914;23538765000;23448311111;23948311111
4915;23538766000;23448311111;23948311111
4916;23538965000;23448355555;23948355555
4917;23538980000;23448688888;23948688888
4918;23538982000;23448688888;23948688888
4919;23538983000;23448688888;23948688888
4920;23580436000;23489988888;23989988888
4921;23580439000;23489988888;23989988888
4922;23580440000;23489988888;23989988888
4923;23580441000;23489988888;23989988888
4924;23580442000;23489988888;23989988888
4925;23580443000;23489988888;23989988888
4926;23580444000;23489988888;23989988888
4927;23580644000;23490022222;23990022222
4928;23580659000;23490333333;23990333333
4929;23580660000;23490333333;23990333333
4930;23580661000;23490333333;23990333333
4931;23622066000;23531622222;24031622222
4932;23622079000;23531622222;24031622222
4933;23622080000;23531622222;24031622222
4934;23622081000;23531622222;24031622222
4935;23622082000;23531622222;24031622222
4936;23622082000;23531622222;24031622222
4937;23622083000;23531622222;24031622222
4938;23622284000;23531666666;24031666666
4939;23622290000;23531966666;24031966666
4940;23622291000;23531966666;24031966666
4941;23622292000;23531966666;24031966666
4942;23663744000;23573288888;24073288888
4943;23663747000;23573288888;24073288888
4944;23663748000;23573288888;24073288888
4945;23663749000;23573288888;24073288888
4946;23663750000;23573288888;24073288888
4947;23663751000;23573288888;24073288888
4948;23663752000;23573288888;24073288888
4949;23663924000;23573333333;24073333333
4950;23663928000;23573644444;24073644444
4951;23663930000;23573644444;24073644444
4952;23663930000;23573644444;24073644444
4953;23705403000;23614955555;24114955555
4954;23705406000;23614955555;24114955555
4955;23705407000;23614955555;24114955555
4956;23705408000;23614955555;24114955555
4957;23705409000;23614955555;24114955555
4958;23705410000;23614955555;24114955555
4959;23705419000;23614955555;24114955555
4960;23705619000;23615000000;24115000000
4961;23705634000;23615288888;24115288888
4962;23705635000;23615288888;24115288888
4963;23705636000;23615288888;24115288888
4964;23747101000;23656644444;24156644444
4965;23747104000;23656644444;24156644444
4966;23747105000;23656644444;24156644444
4967;23747106000;23656644444;24156644444
4968;23747107000;23656644444;24156644444
4969;23747108000;23656644444;24156644444
4970;23747109000;23656644444;24156644444
4971;23747279000;23656688888;24156688888
4972;23747284000;23657000000;24157000000
4973;23747285000;23657000000;24157000000
4974;23747286000;23657000000;24157000000
4975;23788738000;23698288888;24198288888
4976;23788742000;23698288888;24198288888
4977;23788743000;23698288888;24198288888
4978;23788744000;23698288888;24198288888
4979;23788745000;23698288888;24198288888
4980;23788746000;23698288888;24198288888
4981;23788747000;23698288888;24198288888
4982;23788946000;23698333333;24198333333
4983;23788961000;23698655555;24198655555
4984;23788962000;23698655555;24198655555
4985;23788963000;23698655555;24198655555
4986;23830408000;23739955555;24239955555
4987;23830411000;23739955555;24239955555
4988;23830412000;23739955555;24239955555
4989;23830413000;23739955555;24239955555
4990;23830414000;23739955555;24239955555
4991;23830415000;23739955555;24239955555
4992;23830416000;23739955555;24239955555
4993;23830586000;23740000000;24240000000
4994;23830591000;23740277777;24240277777
4995;23830592000;23740277777;24240277777
4996;23830593000;23740277777;24240277777
4997;23872078000;23781622222;24281622222
4998;23872081000;23781622222;24281622222
4999;23872091000;23781622222;24281622222
5000;23872092000;23781622222;24281622222
5001;23872093000;23781622222;24281622222
5002;23872094000;23781622222;24281622222
5003;23872095000;23781622222;24281622222
5004;23872295000;23781666666;24281666666
5005;23872301000;23781977777;24281977777
5006;23872302000;23781977777;24281977777
5007;23872303000;23781977777;24281977777
5008;23913745000;23823288888;24323288888
5009;23913748000;23823288888;24323288888
5010;23913749000;23823288888;24323288888
5011;23913750000;23823288888;24323288888
5012;23913751000;23823288888;24323288888
5013;23913752000;23823288888;24323288888
5014;23913753000;23823288888;24323288888
5015;23913952000;23823333333;24323333333
5016;23913958000;23823644444;24323644444
5017;23913959000;23823644444;24323644444
5018;23913960000;23823644444;24323644444
5019;23955426000;23864966666;24364966666
5020;23955430000;23864966666;24364966666
5021;23955431000;23864966666;24364966666
5022;23955432000;23864966666;24364966666
5023;23955433000;23864966666;24364966666
5024;23955434000;23864966666;24364966666
5025;23955434000;23864966666;24364966666
5026;23955605000;23865011111;24365011111
5027;23955610000;23865322222;24365322222
5028;23955611000;23865322222;24365322222
5029;23955612000;23865322222;24365322222
5030;23997063000;23906622222;24406622222
5031;23997075000;23906622222;24406622222
5032;23997076000;23906622222;24406622222
5033;23997077000;23906622222;24406622222
5034;23997078000;23906622222;24406622222
5035;23997079000;23906622222;24406622222
5036;23997080000;23906622222;24406622222
5037;23997279000;23906666666;24406666666
5038;23997294000;23906977777;24406977777
5039;23997295000;23906977777;24406977777
5040;23997296000;23906977777;24406977777
5041;24038750000;23948288888;24448288888
5042;24038754000;23948288888;24448288888
5043;24038755000;23948288888;24448288888
5044;24038756000;23948288888;24448288888
5045;24038757000;23948288888;24448288888
5046;24038758000;23948288888;24448288888
5047;24038759000;23948288888;24448288888
5048;24038975000;23948333333;24448333333
5049;24038990000;23948644444;24448644444
5050;24038991000;23948644444;24448644444
5051;24038992000;23948644444;24448644444
5052;24080405000;23989955555;24489955555
5053;24080409000;23989955555;24489955555
5054;24080409000;23989955555;24489955555
5055;24080410000;23989955555;24489955555
5056;24080411000;23989955555;24489955555
5057;24080412000;23989955555;24489955555
5058;24080413000;23989955555;24489955555
5059;24080621000;23990000000;24490000000
5060;24080636000;23990277777;24490277777
5061;24080637000;23990277777;24490277777
5062;24080638000;23990277777;24490277777
5063;24122063000;24031622222;24531622222
5064;24122075000;24031622222;24531622222
5065;24122077000;24031622222;24531622222
5066;24122078000;24031622222;24531622222
5067;24122078000;24031622222;24531622222
5068;24122079000;24031622222;24531622222
5069;24122080000;24031622222;24531622222
5070;24122280000;24031666666;24531666666
5071;24122295000;24031966666;24531966666
5072;24122296000;24031966666;24531966666
5073;24122297000;24031966666;24531966666
5074;24163739000;24073288888;24573288888
5075;24163742000;24073288888;24573288888
5076;24163743000;24073288888;24573288888
5077;24163744000;24073288888;24573288888
5078;24163745000;24073288888;24573288888
5079;24163746000;24073288888;24573288888
5080;24163747000;24073288888;24573288888
5081;24163918000;24073333333;24573333333
5082;24163923000;24073644444;24573644444
5083;24163924000;24073644444;24573644444
5084;24163925000;24073644444;24573644444
5085;24205484000;24114988888;24614988888
5086;24205493000;24114988888;24614988888
5087;24205495000;24114988888;24614988888
5088;24205497000;24114988888;24614988888
5089;24205498000;24114988888;24614988888
5090;24205499000;24114988888;24614988888
5091;24205501000;24114988888;24614988888
5092;24205718000;24115022222;24615022222
5093;24205734000;24115322222;24615322222
5094;24205736000;24115322222;24615322222
5095;24205737000;24115322222;24615322222
5096;24247134000;24156622222;24656622222
5097;24247140000;24156622222;24656622222
5098;24247142000;24156622222;24656622222
5099;24247143000;24156622222;24656622222
5100;24247145000;24156622222;24656622222
5101;24247146000;24156622222;24656622222
5102;24247148000;24156622222;24656622222
5103;24247356000;24156666666;24656666666
5104;24247371000;24156988888;24656988888
5105;24247373000;24156988888;24656988888
5106;24247374000;24156988888;24656988888
5107;24288740000;24198288888;24698288888
5108;24288743000;24198288888;24698288888
5109;24288744000;24198288888;24698288888
5110;24288745000;24198288888;24698288888
5111;24288746000;24198288888;24698288888
5112;24288747000;24198288888;24698288888
5113;24288748000;24198288888;24698288888
5114;24288948000;24198333333;24698333333
5115;24288963000;24198644444;24698644444
5116;24288964000;24198644444;24698644444
5117;24288965000;24198644444;24698644444
5118;24330407000;24239955555;24739955555
5119;24330410000;24239955555;24739955555
5120;24330411000;24239955555;24739955555
5121;24330412000;24239955555;24739955555
5122;24330413000;24239955555;24739955555
5123;24330414000;24239955555;24739955555
5124;24330415000;24239955555;24739955555
5125;24330615000;24240000000;24740000000
5126;24330622000;24240255555;24740255555
5127;24330623000;24240255555;24740255555
5128;24330624000;24240255555;24740255555
5129;24372062000;24281600000;24781600000
5130;24372065000;24281600000;24781600000
5131;24372066000;24281600000;24781600000
5132;24372067000;24281600000;24781600000
5133;24372068000;24281600000;24781600000
5134;24372069000;24281600000;24781600000
5135;24372070000;24281600000;24781600000
5136;24372270000;24281644444;24781644444
5137;24372276000;24281955555;24781955555
5138;24372277000;24281955555;24781955555
5139;24372278000;24281955555;24781955555
5140;24413780000;24323322222;24823322222
5141;24413784000;24323322222;24823322222
5142;24413785000;24323322222;24823322222
5143;24413786000;24323322222;24823322222
5144;24413787000;24323322222;24823322222
5145;24413788000;24323322222;24823322222
5146;24413789000;24323322222;24823322222
5147;24413988000;24323366666;24823366666
5148;24413994000;24323677777;24823677777
5149;24413996000;24323677777;24823677777
5150;24413996000;24323677777;24823677777
5151;24455416000;24364955555;24864955555
5152;24455420000;24364955555;24864955555
5153;24455421000;24364955555;24864955555
5154;24455422000;24364955555;24864955555
5155;24455423000;24364955555;24864955555
5156;24455424000;24364955555;24864955555
5157;24455425000;24364955555;24864955555
5158;24455596000;24365000000;24865000000
5159;24455608000;24365277777;24865277777
5160;24455610000;24365277777;24865277777
5161;24455611000;24365277777;24865277777
5162;24497063000;24406622222;24906622222
5163;24497067000;24406622222;24906622222
5164;24497068000;24406622222;24906622222
5165;24497078000;24406622222;24906622222
5166;24497079000;24406622222;24906622222
5167;24497080000;24406622222;24906622222
5168;24497081000;24406622222;24906622222
5169;24497281000;24406666666;24906666666
5170;24497296000;24406977777;24906977777
5171;24497297000;24406977777;24906977777
5172;24497298000;24406977777;24906977777
5173;24538739000;24448288888;24948288888
5174;24538742000;24448288888;24948288888
5175;24538743000;24448288888;24948288888
5176;24538744000;24448288888;24948288888
5177;24538745000;24448288888;24948288888
5178;24538746000;24448288888;24948288888
5179;24538747000;24448288888;24948288888
5180;24538947000;24448333333;24948333333
5181;24538953000;24448655555;24948655555
5182;24538954000;24448655555;24948655555
5183;24538955000;24448655555;24948655555
5184;24580429000;24489977777;24989977777
5185;24580432000;24489977777;24989977777
5186;24580433000;24489977777;24989977777
5187;24580434000;24489977777;24989977777
5188;24580435000;24489977777;24989977777
5189;24580436000;24489977777;24989977777
5190;24580437000;24489977777;24989977777
5191;24580636000;24490022222;24990022222
5192;24580651000;24490311111;24990311111
5193;24580652000;24490311111;24990311111
5194;24580653000;24490311111;24990311111
5195;24622611000;24531622222;25031622222
5196;24622631000;24531622222;25031622222
5197;24622633000;24531622222;25031622222
5198;24622635000;24531622222;25031622222
5199;24622636000;24531622222;25031622222
5200;24622637000;24531622222;25031622222
5201;24622639000;24531622222;25031622222
5202;24622878000;24531666666;25031666666
5203;24622884000;24531966666;25031966666
5204;24622886000;24531966666;25031966666
5205;24622887000;24531966666;25031966666
5206;24663738000;24573288888;25073288888
5207;24663741000;24573288888;25073288888
5208;24663743000;24573288888;25073288888
5209;24663744000;24573288888;25073288888
5210;24663745000;24573288888;25073288888
5211;24663746000;24573288888;25073288888
5212;24663748000;24573288888;25073288888
5213;24663947000;24573333333;25073333333
5214;24663963000;24573644444;25073644444
5215;24663964000;24573644444;25073644444
5216;24663965000;24573644444;25073644444
5217;24705424000;24614955555;25114955555
5218;24705427000;24614955555;25114955555
5219;24705428000;24614955555;25114955555
5220;24705430000;24614955555;25114955555
5221;24705430000;24614955555;25114955555
5222;24705432000;24614955555;25114955555
5223;24705432000;24614955555;25114955555
5224;24705631000;24615000000;25115000000
5225;24705646000;24615288888;25115288888
5226;24705648000;24615288888;25115288888
5227;24705649000;24615288888;25115288888
5228;24747063000;24656622222;25156622222
5229;24747076000;24656622222;25156622222
5230;24747077000;24656622222;25156622222
5231;24747078000;24656622222;25156622222
5232;24747079000;24656622222;25156622222
5233;24747080000;24656622222;25156622222
5234;24747080000;24656622222;25156622222
5235;24747281000;24656666666;25156666666
5236;24747296000;24656977777;25156977777
5237;24747297000;24656977777;25156977777
5238;24747298000;24656977777;25156977777
5239;24788755000;24698288888;25198288888
5240;24788758000;24698288888;25198288888
5241;24788759000;24698288888;25198288888
5242;24788760000;24698288888;25198288888
5243;24788761000;24698288888;25198288888
5244;24788762000;24698288888;25198288888
5245;24788763000;24698288888;25198288888
5246;24788962000;24698333333;25198333333
5247;24788969000;24698677777;25198677777
5248;24788970000;24698677777;25198677777
5249;24788971000;24698677777;25198677777
5250;24830399000;24739955555;25239955555
5251;24830402000;24739955555;25239955555
5252;24830403000;24739955555;25239955555
5253;24830404000;24739955555;25239955555
5254;24830405000;24739955555;25239955555
5255;24830406000;24739955555;25239955555
5256;24830407000;24739955555;25239955555
5257;24830607000;24740000000;25240000000
5258;24830613000;24740266666;25240266666
5259;24830630000;24740266666;25240266666
5260;24830632000;24740266666;25240266666
5261;24872086000;24781622222;25281622222
5262;24872090000;24781622222;25281622222
5263;24872091000;24781622222;25281622222
5264;24872092000;24781622222;25281622222
5265;24872093000;24781622222;25281622222
5266;24872094000;24781622222;25281622222
5267;24872094000;24781622222;25281622222
5268;24872294000;24781666666;25281666666
5269;24872301000;24781977777;25281977777
5270;24872302000;24781977777;25281977777
5271;24872303000;24781977777;25281977777
5272;24913792000;24823333333;25323333333
5273;24913795000;24823333333;25323333333
5274;24913796000;24823333333;25323333333
5275;24913797000;24823333333;25323333333
5276;24913798000;24823333333;25323333333
5277;24913799000;24823333333;25323333333
5278;24913800000;24823333333;25323333333
5279;24914000000;24823377777;25323377777
5280;24914016000;24823700000;25323700000
5281;24914017000;24823700000;25323700000
5282;24914018000;24823700000;25323700000
5283;24955406000;24864955555;25364955555
5284;24955410000;24864955555;25364955555
5285;24955411000;24864955555;25364955555
5286;24955412000;24864955555;25364955555
5287;24955413000;24864955555;25364955555
5288;24955414000;24864955555;25364955555
5289;24955414000;24864955555;25364955555
5290;24955585000;24865000000;25365000000
5291;24955590000;24865277777;25365277777
5292;24955591000;24865277777;25365277777
5293;24955592000;24865277777;25365277777
5294;24997097000;24906622222;25406622222
5295;24997100000;24906622222;25406622222
5296;24997101000;24906622222;25406622222
5297;24997102000;24906622222;25406622222
5298;24997103000;24906622222;25406622222
5299;24997104000;24906622222;25406622222
5300;24997105000;24906622222;25406622222
5301;24997304000;24906666666;25406666666
5302;24997310000;24906988888;25406988888
5303;24997312000;24906988888;25406988888
5304;24997313000;24906988888;25406988888
5305;25038751000;24948288888;25448288888
5306;25038754000;24948288888;25448288888
5307;25038755000;24948288888;25448288888
5308;25038756000;24948288888;25448288888
5309;25038757000;24948288888;25448288888
5310;25038758000;24948288888;25448288888
5311;25038759000;24948288888;25448288888
5312;25038958000;24948333333;25448333333
5313;25038964000;24948644444;25448644444
5314;25038965000;24948644444;25448644444
5315;25038966000;24948644444;25448644444
5316;25080422000;24989955555;25489955555
5317;25080426000;24989955555;25489955555
5318;25080427000;24989955555;25489955555
5319;25080428000;24989955555;25489955555
5320;25080428000;24989955555;25489955555
5321;25080429000;24989955555;25489955555
5322;25080430000;24989955555;25489955555
5323;25080629000;24990000000;25490000000
5324;25080644000;24990277777;25490277777
5325;25080645000;24990277777;25490277777
5326;25080646000;24990277777;25490277777
5327;25122095000;25031622222;25531622222
5328;25122099000;25031622222;25531622222
5329;25122100000;25031622222;25531622222
5330;25122101000;25031622222;25531622222
5331;25122101000;25031622222;25531622222
5332;25122102000;25031622222;25531622222
5333;25122103000;25031622222;25531622222
5334;25122303000;25031666666;25531666666
5335;25122318000;25031966666;25531966666
5336;25122319000;25031966666;25531966666
5337;25122320000;25031966666;25531966666
5338;25163738000;25073288888;25573288888
5339;25163742000;25073288888;25573288888
5340;25163743000;25073288888;25573288888
5341;25163744000;25073288888;25573288888
5342;25163744000;25073288888;25573288888
5343;25163745000;25073288888;25573288888
5344;25163746000;25073288888;25573288888
5345;25163946000;25073333333;25573333333
5346;25163952000;25073655555;25573655555
5347;25163953000;25073655555;25573655555
5348;25163954000;25073655555;25573655555
5349;25205414000;25114955555;25614955555
5350;25205417000;25114955555;25614955555
5351;25205418000;25114955555;25614955555
5352;25205419000;25114955555;25614955555
5353;25205420000;25114955555;25614955555
5354;25205421000;25114955555;25614955555
5355;25205422000;25114955555;25614955555
5356;25205623000;25115000000;25615000000
5357;25205629000;25115300000;25615300000
5358;25205637000;25115300000;25615300000
5359;25205638000;25115300000;25615300000
5360;25247085000;25156622222;25656622222
5361;25247088000;25156622222;25656622222
5362;25247089000;25156622222;25656622222
5363;25247090000;25156622222;25656622222
5364;25247091000;25156622222;25656622222
5365;25247092000;25156622222;25656622222
5366;25247093000;25156622222;25656622222
5367;25247293000;25156666666;25656666666
5368;25247299000;25156966666;25656966666
5369;25247300000;25156966666;25656966666
5370;25247301000;25156966666;25656966666
5371;25288752000;25198288888;25698288888
5372;25288756000;25198288888;25698288888
5373;25288757000;25198288888;25698288888
5374;25288758000;25198288888;25698288888
5375;25288759000;25198288888;25698288888
5376;25288760000;25198288888;25698288888
5377;25288761000;25198288888;25698288888
5378;25288961000;25198333333;25698333333
5379;25288976000;25198644444;25698644444
5380;25288977000;25198644444;25698644444
5381;25288978000;25198644444;25698644444
5382;25330407000;25239955555;25739955555
5383;25330411000;25239955555;25739955555
5384;25330412000;25239955555;25739955555
5385;25330413000;25239955555;25739955555
5386;25330413000;25239955555;25739955555
5387;25330414000;25239955555;25739955555
5388;25330415000;25239955555;25739955555
5389;25330615000;25240000000;25740000000
5390;25330630000;25240255555;25740255555
5391;25330631000;25240255555;25740255555
5392;25330632000;25240255555;25740255555
5393;25372064000;25281622222;25781622222
5394;25372068000;25281622222;25781622222
5395;25372078000;25281622222;25781622222
5396;25372079000;25281622222;25781622222
5397;25372080000;25281622222;25781622222
5398;25372081000;25281622222;25781622222
5399;25372081000;25281622222;25781622222
5400;25372282000;25281666666;25781666666
5401;25372288000;25281966666;25781966666
5402;25372289000;25281966666;25781966666
5403;25372290000;25281966666;25781966666
5404;25418507000;25323311111;25823311111
5405;25418517000;25323311111;25823311111
5406;25418519000;25323311111;25823311111
5407;25418521000;25323311111;25823311111
5408;25418522000;25323311111;25823311111
5409;25418524000;25323311111;25823311111
5410;25418525000;25323311111;25823311111
5411;25418754000;25323377777;25823377777
5412;25418770000;25323866666;25823866666
5413;25418771000;25323866666;25823866666
5414;25418773000;25323866666;25823866666
5415;25455383000;25364955555;25864955555
5416;25455387000;25364955555;25864955555
5417;25455388000;25364955555;25864955555
5418;25455390000;25364955555;25864955555
5419;25455391000;25364955555;25864955555
5420;25455392000;25364955555;25864955555
5421;25455393000;25364955555;25864955555
5422;25455593000;25365000000;25865000000
5423;25455608000;25365288888;25865288888
5424;25455610000;25365288888;25865288888
5425;25455611000;25365288888;25865288888
5426;25497065000;25406622222;25906622222
5427;25497069000;25406622222;25906622222
5428;25497070000;25406622222;25906622222
5429;25497071000;25406622222;25906622222
5430;25497072000;25406622222;25906622222
5431;25497082000;25406622222;25906622222
5432;25497083000;25406622222;25906622222
5433;25497300000;25406666666;25906666666
5434;25497315000;25406977777;25906977777
5435;25497316000;25406977777;25906977777
5436;25497317000;25406977777;25906977777
5437;25538743000;25448288888;25948288888
5438;25538746000;25448288888;25948288888
5439;25538747000;25448288888;25948288888
5441;25538748000;25448288888;25948288888
5442;25538749000;25448288888;25948288888
5443;25538750000;25448288888;25948288888
5444;25538950000;25448333333;25948333333
5445;25538956000;25448655555;25948655555
5446;25538957000;25448655555;25948655555
5447;25538958000;25448655555;25948655555
5448;25580414000;25489955555;25989955555
5449;25580418000;25489955555;25989955555
5450;25580419000;25489955555;25989955555
5451;25580420000;25489955555;25989955555
5452;25580421000;25489955555;25989955555
5453;25580422000;25489955555;25989955555
5454;25580422000;25489955555;25989955555
5455;25580622000;25490000000;25990000000
5456;25580628000;25490300000;25990300000
5457;25580630000;25490300000;25990300000
5458;25580630000;25490300000;25990300000
5459;25703134000;25531622222;26031622222
5477;25743900000;25573333333;26073333333
5478;25743916000;25573644444;26073644444
5479;25743917000;25573644444;26073644444
5480;25743918000;25573644444;26073644444
5481;25784396000;25614955555;26114955555
5482;25784399000;25614955555;26114955555
5483;25784400000;25614955555;26114955555
5484;25784401000;25614955555;26114955555
5485;25784402000;25614955555;26114955555
5486;25784403000;25614955555;26114955555
5487;25784404000;25614955555;26114955555
5488;25784603000;25615000000;26115000000
5489;25784618000;25615277777;26115277777
5490;25784620000;25615277777;26115277777
5491;25784621000;25615277777;26115277777
5492;25824350000;25656655555;26156655555
5493;25824360000;25656655555;26156655555
5494;25824361000;25656655555;26156655555
5495;25824363000;25656655555;26156655555
5496;25824365000;25656655555;26156655555
5497;25824366000;25656655555;26156655555
5498;25824367000;25656655555;26156655555
5499;25824586000;25656700000;26156700000
