seqnum;now;rtptime;deadline;packet_len;payload_len
0;4215649000;4164022222;4664022222;1398;1386
1;4215682000;4164022222;4664022222;1400;1388
2;4215714000;4164022222;4664022222;1398;1386
4;4215733000;4195222222;4695222222;1400;1388
5;4215740000;4195222222;4695222222;1398;1386
6;4215746000;4195222222;4695222222;1400;1388
7;4215753000;4195222222;4695222222;1398;1386
8;4215759000;4195222222;4695222222;1400;1388
9;4215766000;4195222222;4695222222;1400;1388
10;4215771000;4195233333;4695233333;982;970
11;4257223000;4195577777;4695577777;1398;1386
12;4257253000;4195577777;4695577777;1400;1388
13;4257263000;4195577777;4695577777;1398;1386
14;4257267000;4236877777;4736877777;1400;1388
15;4257272000;4236877777;4736877777;1400;1388
16;4257284000;4236877777;4736877777;1398;1386
17;4257291000;4236877777;4736877777;1400;1388
18;4257299000;4236877777;4736877777;1398;1386
19;4257305000;4236877777;4736877777;1400;1388
20;4257311000;4236877777;4736877777;1400;1388
21;4257319000;4236888888;4736888888;982;970
22;4298900000;4237277777;4737277777;1398;1386
23;4298918000;4237277777;4737277777;1400;1388
24;4298922000;4237277777;4737277777;1398;1386
25;4298926000;4278544444;4778544444;1400;1388
26;4298929000;4278544444;4778544444;1400;1388
27;4298933000;4278544444;4778544444;1398;1386
28;4298936000;4278544444;4778544444;1400;1388
29;4298940000;4278544444;4778544444;1398;1386
30;4298943000;4278544444;4778544444;1400;1388
31;4298948000;4278544444;4778544444;1400;1388
32;4298952000;4278555555;4778555555;982;970
33;4340568000;4278877777;4778877777;1398;1386
34;4340589000;4278877777;4778877777;1400;1388
35;4340593000;4278877777;4778877777;1398;1386
36;4340602000;4320211111;4820211111;1400;1388
37;4340606000;4320211111;4820211111;1400;1388
38;4340612000;4320211111;4820211111;1398;1386
39;4340616000;4320211111;4820211111;1400;1388
40;4340621000;4320211111;4820211111;1398;1386
41;4340625000;4320211111;4820211111;1400;1388
42;4340629000;4320211111;4820211111;1400;1388
43;4340632000;4320222222;4820222222;982;970
44;4382210000;4320533333;4820533333;1398;1386
45;4382225000;4320533333;4820533333;1400;1388
46;4382229000;4320533333;4820533333;1398;1386
47;4382233000;4361877777;4861877777;1400;1388
48;4382237000;4361877777;4861877777;1400;1388
49;4382240000;4361877777;4861877777;1398;1386
50;4382243000;4361877777;4861877777;1400;1388
51;4382247000;4361877777;4861877777;1398;1386
53;4382250000;4361877777;4861877777;1400;1388
54;4382259000;4361888888;4861888888;982;970
55;4423888000;4362211111;4862211111;1398;1386
56;4423920000;4362211111;4862211111;1400;1388
57;4423935000;4362211111;4862211111;1398;1386
58;4423942000;4403544444;4903544444;1400;1388
59;4423949000;4403544444;4903544444;1400;1388
60;4423955000;4403544444;4903544444;1398;1386
61;4423959000;4403544444;4903544444;1400;1388
62;4423962000;4403544444;4903544444;1398;1386
63;4423966000;4403544444;4903544444;1400;1388
64;4423969000;4403544444;4903544444;1400;1388
65;4423981000;4403555555;4903555555;982;970
66;4465551000;4403844444;4903844444;1398;1386
67;4465566000;4403844444;4903844444;1400;1388
68;4465570000;4403844444;4903844444;1398;1386
69;4465574000;4445211111;4945211111;1400;1388
70;4465577000;4445211111;4945211111;1400;1388
71;4465581000;4445211111;4945211111;1398;1386
72;4465585000;4445211111;4945211111;1400;1388
73;4465589000;4445211111;4945211111;1398;1386
74;4465592000;4445211111;4945211111;1400;1388
75;4465596000;4445211111;4945211111;1400;1388
76;4465599000;4445222222;4945222222;982;970
77;4507223000;4445555555;4945555555;1398;1386
78;4507236000;4445555555;4945555555;1400;1388
79;4507240000;4445555555;4945555555;1398;1386
80;4507243000;4486877777;4986877777;1400;1388
81;4507247000;4486877777;4986877777;1400;1388
82;4507251000;4486877777;4986877777;1398;1386
83;4507254000;4486877777;4986877777;1400;1388
84;4507257000;4486877777;4986877777;1398;1386
85;4507261000;4486877777;4986877777;1400;1388
86;4507264000;4486877777;4986877777;1400;1388
87;4507267000;4486888888;4986888888;982;970
88;4548855000;4487200000;4987200000;1398;1386
89;4548862000;4487200000;4987200000;1400;1388
90;4548866000;4487200000;4987200000;1398;1386
91;4548891000;4528544444;5028544444;1400;1388
92;4548895000;4528544444;5028544444;1400;1388
93;4548898000;4528544444;5028544444;1398;1386
94;4548901000;4528544444;5028544444;1400;1388
95;4548904000;4528544444;5028544444;1398;1386
96;4548908000;4528544444;5028544444;1400;1388
97;4548911000;4528544444;5028544444;1400;1388
98;4548914000;4528555555;5028555555;982;970
99;4590555000;4528833333;5028833333;1398;1386
100;4590573000;4528833333;5028833333;1400;1388
101;4590578000;4528833333;5028833333;1398;1386
102;4590581000;4570211111;5070211111;1400;1388
103;4590585000;4570211111;5070211111;1400;1388
104;4590589000;4570211111;5070211111;1398;1386
105;4590592000;4570211111;5070211111;1400;1388
106;4590597000;4570211111;5070211111;1398;1386
107;4590601000;4570211111;5070211111;1400;1388
108;4590604000;4570211111;5070211111;1400;1388
109;4590607000;4570222222;5070222222;982;970
110;4632218000;4570466666;5070466666;1398;1386
111;4632228000;4570466666;5070466666;1400;1388
112;4632232000;4570466666;5070466666;1398;1386
113;4632235000;4611877777;5111877777;1400;1388
114;4632238000;4611877777;5111877777;1400;1388
115;4632242000;4611877777;5111877777;1398;1386
116;4632245000;4611877777;5111877777;1400;1388
117;4632248000;4611877777;5111877777;1398;1386
118;4632251000;4611877777;5111877777;1400;1388
119;4632254000;4611877777;5111877777;1400;1388
120;4632257000;4611888888;5111888888;982;970
121;4673851000;4612200000;5112200000;1398;1386
122;4673857000;4612200000;5112200000;1400;1388
123;4673861000;4612200000;5112200000;1398;1386
124;4673865000;4653544444;5153544444;1400;1388
125;4673868000;4653544444;5153544444;1400;1388
126;4673871000;4653544444;5153544444;1398;1386
127;4673874000;4653544444;5153544444;1400;1388
128;4673877000;4653544444;5153544444;1398;1386
129;4673880000;4653544444;5153544444;1400;1388
130;4673883000;4653544444;5153544444;1400;1388
131;4673887000;4653555555;5153555555;982;970
132;4715539000;4653844444;5153844444;1398;1386
133;4715547000;4653844444;5153844444;1400;1388
134;4715550000;4653844444;5153844444;1398;1386
135;4715554000;4695233333;5195233333;1400;1388
136;4715557000;4695233333;5195233333;1400;1388
137;4715560000;4695233333;5195233333;1398;1386
138;4715563000;4695233333;5195233333;1400;1388
139;4715566000;4695233333;5195233333;1398;1386
140;4715570000;4695233333;5195233333;1400;1388
141;4715573000;4695233333;5195233333;1400;1388
142;4715576000;4695244444;5195244444;982;970
143;4757195000;4695566666;5195566666;1398;1386
144;4757204000;4695566666;5195566666;1400;1388
145;4757207000;4695566666;5195566666;1398;1386
146;4757210000;4736877777;5236877777;1400;1388
147;4757213000;4736877777;5236877777;1400;1388
148;4757217000;4736877777;5236877777;1398;1386
149;4757220000;4736877777;5236877777;1400;1388
150;4757223000;4736877777;5236877777;1398;1386
151;4757226000;4736877777;5236877777;1400;1388
152;4757229000;4736877777;5236877777;1400;1388
153;4757232000;4736888888;5236888888;982;970
154;4798853000;4737233333;5237233333;1398;1386
155;4798860000;4737233333;5237233333;1400;1388
156;4798863000;4737233333;5237233333;1398;1386
157;4798867000;4778544444;5278544444;1400;1388
158;4798870000;4778544444;5278544444;1400;1388
159;4798873000;4778544444;5278544444;1398;1386
160;4798876000;4778544444;5278544444;1400;1388
161;4798879000;4778544444;5278544444;1398;1386
162;4798882000;4778544444;5278544444;1400;1388
163;4798885000;4778544444;5278544444;1400;1388
164;4798889000;4778555555;5278555555;982;970
165;4840529000;4778855555;5278855555;1398;1386
168;4840535000;4820211111;5320211111;1400;1388
169;4840551000;4820211111;5320211111;1400;1388
170;4840565000;4820211111;5320211111;1398;1386
171;4840568000;4820211111;5320211111;1400;1388
172;4840571000;4820211111;5320211111;1398;1386
173;4840584000;4820211111;5320211111;1400;1388
174;4840587000;4820211111;5320211111;1400;1388
175;4840590000;4820222222;5320222222;982;970
176;4882192000;4820511111;5320511111;1398;1386
177;4882198000;4820511111;5320511111;1400;1388
178;4882202000;4820511111;5320511111;1398;1386
179;4882205000;4861877777;5361877777;1400;1388
180;4882208000;4861877777;5361877777;1400;1388
181;4882221000;4861877777;5361877777;1398;1386
182;4882224000;4861877777;5361877777;1400;1388
183;4882228000;4861877777;5361877777;1398;1386
184;4882231000;4861877777;5361877777;1400;1388
185;4882234000;4861877777;5361877777;1400;1388
186;4882237000;4861888888;5361888888;982;970
187;4923863000;4862177777;5362177777;1398;1386
188;4923870000;4862177777;5362177777;1400;1388
189;4923883000;4862177777;5362177777;1398;1386
190;4923886000;4903544444;5403544444;1400;1388
191;4923889000;4903544444;5403544444;1400;1388
192;4923892000;4903544444;5403544444;1398;1386
193;4923895000;4903544444;5403544444;1400;1388
194;4923899000;4903544444;5403544444;1398;1386
195;4923902000;4903544444;5403544444;1400;1388
196;4923905000;4903544444;5403544444;1400;1388
197;4923908000;4903555555;5403555555;982;970
198;4965523000;4903822222;5403822222;1398;1386
199;4965531000;4903822222;5403822222;1400;1388
200;4965535000;4903822222;5403822222;1398;1386
201;4965538000;4945211111;5445211111;1400;1388
202;4965541000;4945211111;5445211111;1400;1388
203;4965544000;4945211111;5445211111;1398;1386
204;4965547000;4945211111;5445211111;1400;1388
205;4965551000;4945211111;5445211111;1398;1386
206;4965554000;4945211111;5445211111;1400;1388
207;4965557000;4945211111;5445211111;1400;1388
208;4965560000;4945222222;5445222222;982;970
209;5007212000;4945500000;5445500000;1398;1386
210;5007221000;4945500000;5445500000;1400;1388
211;5007225000;4945500000;5445500000;1398;1386
212;5007228000;4986877777;5486877777;1400;1388
213;5007232000;4986877777;5486877777;1400;1388
214;5007235000;4986877777;5486877777;1398;1386
215;5007238000;4986877777;5486877777;1400;1388
216;5007241000;4986877777;5486877777;1398;1386
217;5007244000;4986877777;5486877777;1400;1388
218;5007247000;4986877777;5486877777;1400;1388
219;5007250000;4986888888;5486888888;982;970
220;5048849000;4987211111;5487211111;1398;1386
221;5048857000;4987211111;5487211111;1400;1388
222;5048861000;4987211111;5487211111;1398;1386
223;5048864000;5028544444;5528544444;1400;1388
224;5048867000;5028544444;5528544444;1400;1388
225;5048870000;5028544444;5528544444;1398;1386
226;5048873000;5028544444;5528544444;1400;1388
227;5048877000;5028544444;5528544444;1398;1386
228;5048880000;5028544444;5528544444;1400;1388
229;5048884000;5028544444;5528544444;1400;1388
230;5048887000;5028555555;5528555555;982;970
231;5090572000;5028844444;5528844444;1398;1386
232;5090579000;5028844444;5528844444;1400;1388
233;5090582000;5028844444;5528844444;1398;1386
234;5090585000;5070266666;5570266666;1400;1388
235;5090589000;5070266666;5570266666;1400;1388
236;5090592000;5070266666;5570266666;1398;1386
237;5090595000;5070266666;5570266666;1400;1388
238;5090598000;5070266666;5570266666;1398;1386
239;5090601000;5070266666;5570266666;1400;1388
240;5090604000;5070266666;5570266666;1400;1388
241;5090607000;5070277777;5570277777;982;970
242;5132191000;5070544444;5570544444;1398;1386
243;5132197000;5070544444;5570544444;1400;1388
244;5132201000;5070544444;5570544444;1398;1386
245;5132205000;5111888888;5611888888;1400;1388
246;5132208000;5111888888;5611888888;1400;1388
247;5132211000;5111888888;5611888888;1398;1386
248;5132214000;5111888888;5611888888;1400;1388
249;5132217000;5111888888;5611888888;1398;1386
250;5132220000;5111888888;5611888888;1400;1388
251;5132223000;5111888888;5611888888;1400;1388
252;5132226000;5111900000;5611900000;982;970
253;5173854000;5112233333;5612233333;1398;1386
254;5173861000;5112233333;5612233333;1400;1388
255;5173864000;5112233333;5612233333;1398;1386
256;5173867000;5153544444;5653544444;1400;1388
257;5173870000;5153544444;5653544444;1400;1388
258;5173873000;5153544444;5653544444;1398;1386
259;5173876000;5153544444;5653544444;1400;1388
260;5173879000;5153544444;5653544444;1398;1386
261;5173883000;5153544444;5653544444;1400;1388
262;5173886000;5153544444;5653544444;1400;1388
264;5215521000;5153833333;5653833333;1398;1386
265;5215539000;5153833333;5653833333;1400;1388
266;5215543000;5153833333;5653833333;1398;1386
267;5215555000;5195211111;5695211111;1400;1388
268;5215559000;5195211111;5695211111;1400;1388
269;5215579000;5195211111;5695211111;1398;1386
270;5215582000;5195211111;5695211111;1400;1388
271;5215585000;5195211111;5695211111;1398;1386
272;5215588000;5195211111;5695211111;1400;1388
273;5215591000;5195211111;5695211111;1400;1388
274;5215594000;5195222222;5695222222;982;970
275;5257189000;5195488888;5695488888;1398;1386
276;5257196000;5195488888;5695488888;1400;1388
277;5257199000;5195488888;5695488888;1398;1386
278;5257202000;5236877777;5736877777;1400;1388
279;5257206000;5236877777;5736877777;1400;1388
280;5257209000;5236877777;5736877777;1398;1386
281;5257212000;5236877777;5736877777;1400;1388
282;5257215000;5236877777;5736877777;1398;1386
283;5257218000;5236877777;5736877777;1400;1388
284;5257222000;5236877777;5736877777;1400;1388
285;5257224000;5236888888;5736888888;982;970
286;5298853000;5237200000;5737200000;1398;1386
287;5298860000;5237200000;5737200000;1400;1388
288;5298863000;5237200000;5737200000;1398;1386
289;5298866000;5278544444;5778544444;1400;1388
290;5298869000;5278544444;5778544444;1400;1388
291;5298872000;5278544444;5778544444;1398;1386
292;5298875000;5278544444;5778544444;1400;1388
293;5298878000;5278544444;5778544444;1398;1386
294;5298881000;5278544444;5778544444;1400;1388
295;5298885000;5278544444;5778544444;1400;1388
296;5298888000;5278555555;5778555555;982;970
297;5340521000;5278811111;5778811111;1398;1386
298;5340528000;5278811111;5778811111;1400;1388
299;5340531000;5278811111;5778811111;1398;1386
300;5340534000;5320211111;5820211111;1400;1388
301;5340537000;5320211111;5820211111;1400;1388
302;5340540000;5320211111;5820211111;1398;1386
303;5340544000;5320211111;5820211111;1400;1388
304;5340547000;5320211111;5820211111;1398;1386
305;5340550000;5320211111;5820211111;1400;1388
306;5340553000;5320211111;5820211111;1400;1388
307;5340556000;5320222222;5820222222;982;970
308;5382189000;5320477777;5820477777;1398;1386
309;5382196000;5320477777;5820477777;1400;1388
310;5382199000;5320477777;5820477777;1398;1386
311;5382202000;5361877777;5861877777;1400;1388
312;5382205000;5361877777;5861877777;1400;1388
313;5382209000;5361877777;5861877777;1398;1386
314;5382213000;5361877777;5861877777;1400;1388
315;5382216000;5361877777;5861877777;1398;1386
316;5382219000;5361877777;5861877777;1400;1388
317;5382222000;5361877777;5861877777;1400;1388
318;5382225000;5361888888;5861888888;982;970
319;5423854000;5362188888;5862188888;1398;1386
320;5423860000;5362188888;5862188888;1400;1388
321;5423864000;5362188888;5862188888;1398;1386
323;5423867000;5403544444;5903544444;1400;1388
324;5423872000;5403544444;5903544444;1398;1386
325;5423886000;5403544444;5903544444;1400;1388
326;5423890000;5403544444;5903544444;1398;1386
327;5423902000;5403544444;5903544444;1400;1388
328;5423906000;5403544444;5903544444;1400;1388
329;5423909000;5403555555;5903555555;982;970
330;5465521000;5403833333;5903833333;1398;1386
331;5465527000;5403833333;5903833333;1400;1388
332;5465531000;5403833333;5903833333;1398;1386
333;5465534000;5445211111;5945211111;1400;1388
334;5465537000;5445211111;5945211111;1400;1388
335;5465540000;5445211111;5945211111;1398;1386
336;5465543000;5445211111;5945211111;1400;1388
337;5465546000;5445211111;5945211111;1398;1386
339;5465549000;5445211111;5945211111;1400;1388
340;5465553000;5445222222;5945222222;982;970
341;5507186000;5445511111;5945511111;1398;1386
342;5507192000;5445511111;5945511111;1400;1388
343;5507196000;5445511111;5945511111;1398;1386
344;5507199000;5486877777;5986877777;1400;1388
345;5507202000;5486877777;5986877777;1400;1388
346;5507205000;5486877777;5986877777;1398;1386
347;5507208000;5486877777;5986877777;1400;1388
348;5507211000;5486877777;5986877777;1398;1386
349;5507215000;5486877777;5986877777;1400;1388
350;5507218000;5486877777;5986877777;1400;1388
351;5507221000;5486888888;5986888888;982;970
352;5548879000;5487188888;5987188888;1398;1386
353;5548888000;5487188888;5987188888;1400;1388
354;5548892000;5487188888;5987188888;1398;1386
355;5548895000;5528544444;6028544444;1400;1388
356;5548898000;5528544444;6028544444;1400;1388
357;5548901000;5528544444;6028544444;1398;1386
358;5548904000;5528544444;6028544444;1400;1388
359;5548916000;5528544444;6028544444;1398;1386
360;5548919000;5528544444;6028544444;1400;1388
361;5548922000;5528544444;6028544444;1400;1388
362;5548925000;5528555555;6028555555;982;970
363;5590515000;5528833333;6028833333;1398;1386
364;5590524000;5528833333;6028833333;1400;1388
365;5590527000;5528833333;6028833333;1398;1386
366;5590531000;5570211111;6070211111;1400;1388
367;5590534000;5570211111;6070211111;1400;1388
368;5590537000;5570211111;6070211111;1398;1386
369;5590540000;5570211111;6070211111;1400;1388
370;5590544000;5570211111;6070211111;1398;1386
371;5590547000;5570211111;6070211111;1400;1388
372;5590550000;5570211111;6070211111;1400;1388
373;5590553000;5570222222;6070222222;982;970
374;5632187000;5570466666;6070466666;1398;1386
375;5632194000;5570466666;6070466666;1400;1388
376;5632197000;5570466666;6070466666;1398;1386
377;5632200000;5611877777;6111877777;1400;1388
378;5632204000;5611877777;6111877777;1400;1388
380;5632207000;5611877777;6111877777;1400;1388
381;5632212000;5611877777;6111877777;1398;1386
382;5632226000;5611877777;6111877777;1400;1388
384;5632229000;5611888888;6111888888;982;970
385;5673856000;5612177777;6112177777;1398;1386
386;5673862000;5612177777;6112177777;1400;1388
387;5673865000;5612177777;6112177777;1398;1386
388;5673869000;5653544444;6153544444;1400;1388
389;5673872000;5653544444;6153544444;1400;1388
390;5673875000;5653544444;6153544444;1398;1386
391;5673878000;5653544444;6153544444;1400;1388
392;5673881000;5653544444;6153544444;1398;1386
393;5673884000;5653544444;6153544444;1400;1388
394;5673887000;5653544444;6153544444;1400;1388
395;5673890000;5653555555;6153555555;982;970
396;5715538000;5653833333;6153833333;1398;1386
397;5715545000;5653833333;6153833333;1400;1388
398;5715548000;5653833333;6153833333;1398;1386
399;5715551000;5695211111;6195211111;1400;1388
400;5715554000;5695211111;6195211111;1400;1388
401;5715557000;5695211111;6195211111;1398;1386
402;5715561000;5695211111;6195211111;1400;1388
403;5715564000;5695211111;6195211111;1398;1386
404;5715567000;5695211111;6195211111;1400;1388
405;5715570000;5695211111;6195211111;1400;1388
406;5715573000;5695222222;6195222222;982;970
407;5757191000;5695488888;6195488888;1398;1386
408;5757199000;5695488888;6195488888;1400;1388
410;5757202000;5736877777;6236877777;1400;1388
411;5757218000;5736877777;6236877777;1400;1388
412;5757222000;5736877777;6236877777;1398;1386
413;5757225000;5736877777;6236877777;1400;1388
414;5757229000;5736877777;6236877777;1398;1386
415;5757232000;5736877777;6236877777;1400;1388
416;5757236000;5736877777;6236877777;1400;1388
417;5757238000;5736888888;6236888888;982;970
418;5798901000;5737200000;6237200000;1398;1386
419;5798920000;5737200000;6237200000;1400;1388
420;5798924000;5737200000;6237200000;1398;1386
421;5798929000;5778544444;6278544444;1400;1388
422;5798933000;5778544444;6278544444;1400;1388
423;5798936000;5778544444;6278544444;1398;1386
424;5798939000;5778544444;6278544444;1400;1388
425;5798943000;5778544444;6278544444;1398;1386
426;5798946000;5778544444;6278544444;1400;1388
427;5798949000;5778544444;6278544444;1400;1388
428;5798953000;5778555555;6278555555;982;970
429;5840588000;5778844444;6278844444;1398;1386
430;5840606000;5778844444;6278844444;1400;1388
431;5840610000;5778844444;6278844444;1398;1386
432;5840614000;5820233333;6320233333;1400;1388
433;5840619000;5820233333;6320233333;1400;1388
434;5840622000;5820233333;6320233333;1398;1386
435;5840625000;5820233333;6320233333;1400;1388
436;5840629000;5820233333;6320233333;1398;1386
437;5840633000;5820233333;6320233333;1400;1388
438;5840636000;5820233333;6320233333;1400;1388
439;5840640000;5820255555;6320255555;982;970
440;5882232000;5820533333;6320533333;1398;1386
441;5882251000;5820533333;6320533333;1400;1388
442;5882255000;5820533333;6320533333;1398;1386
443;5882258000;5861877777;6361877777;1400;1388
444;5882263000;5861877777;6361877777;1400;1388
445;5882267000;5861877777;6361877777;1398;1386
446;5882270000;5861877777;6361877777;1400;1388
447;5882273000;5861877777;6361877777;1398;1386
448;5882277000;5861877777;6361877777;1400;1388
449;5882300000;5861877777;6361877777;1400;1388
450;5882304000;5861888888;6361888888;982;970
451;5923920000;5862177777;6362177777;1398;1386
452;5923938000;5862177777;6362177777;1400;1388
453;5923942000;5862177777;6362177777;1398;1386
454;5923947000;5903555555;6403555555;1400;1388
455;5923951000;5903555555;6403555555;1400;1388
456;5923954000;5903555555;6403555555;1398;1386
457;5923957000;5903555555;6403555555;1400;1388
458;5923961000;5903555555;6403555555;1398;1386
459;5923964000;5903555555;6403555555;1400;1388
460;5923967000;5903555555;6403555555;1400;1388
461;5923971000;5903566666;6403566666;982;970
464;5965545000;5903833333;6403833333;1398;1386
465;5965580000;5945211111;6445211111;1400;1388
466;5965592000;5945211111;6445211111;1400;1388
467;5965596000;5945211111;6445211111;1398;1386
468;5965600000;5945211111;6445211111;1400;1388
469;5965612000;5945211111;6445211111;1398;1386
470;5965616000;5945211111;6445211111;1400;1388
471;5965620000;5945211111;6445211111;1400;1388
472;5965623000;5945222222;6445222222;982;970
473;6007246000;5945488888;6445488888;1398;1386
474;6007264000;5945488888;6445488888;1400;1388
475;6007269000;5945488888;6445488888;1398;1386
476;6007272000;5986877777;6486877777;1400;1388
477;6007276000;5986877777;6486877777;1400;1388
478;6007280000;5986877777;6486877777;1398;1386
479;6007283000;5986877777;6486877777;1400;1388
480;6007287000;5986877777;6486877777;1398;1386
481;6007290000;5986877777;6486877777;1400;1388
482;6007293000;5986877777;6486877777;1400;1388
483;6007297000;5986888888;6486888888;982;970
484;6048854000;5987211111;6487211111;1398;1386
485;6048863000;5987211111;6487211111;1400;1388
486;6048867000;5987211111;6487211111;1398;1386
487;6048870000;6028544444;6528544444;1400;1388
488;6048873000;6028544444;6528544444;1400;1388
489;6048877000;6028544444;6528544444;1398;1386
490;6048880000;6028544444;6528544444;1400;1388
492;6048884000;6028544444;6528544444;1400;1388
493;6048891000;6028544444;6528544444;1400;1388
494;6048905000;6028555555;6528555555;982;970
495;6090540000;6028844444;6528844444;1398;1386
496;6090549000;6028844444;6528844444;1400;1388
497;6090562000;6028844444;6528844444;1398;1386
498;6090565000;6070211111;6570211111;1400;1388
499;6090568000;6070211111;6570211111;1400;1388
500;6090571000;6070211111;6570211111;1398;1386
501;6090575000;6070211111;6570211111;1400;1388
502;6090578000;6070211111;6570211111;1398;1386
503;6090581000;6070211111;6570211111;1400;1388
504;6090584000;6070211111;6570211111;1400;1388
505;6090587000;6070222222;6570222222;982;970
506;6132191000;6070477777;6570477777;1398;1386
507;6132199000;6070477777;6570477777;1400;1388
508;6132203000;6070477777;6570477777;1398;1386
509;6132207000;6111877777;6611877777;1400;1388
510;6132210000;6111877777;6611877777;1400;1388
511;6132213000;6111877777;6611877777;1398;1386
512;6132216000;6111877777;6611877777;1400;1388
513;6132220000;6111877777;6611877777;1398;1386
514;6132223000;6111877777;6611877777;1400;1388
515;6132226000;6111877777;6611877777;1400;1388
516;6132229000;6111888888;6611888888;982;970
517;6173852000;6112200000;6612200000;1398;1386
518;6173859000;6112200000;6612200000;1400;1388
519;6173862000;6112200000;6612200000;1398;1386
520;6173866000;6153544444;6653544444;1400;1388
521;6173869000;6153544444;6653544444;1400;1388
522;6173872000;6153544444;6653544444;1398;1386
523;6173875000;6153544444;6653544444;1400;1388
524;6173879000;6153544444;6653544444;1398;1386
526;6173882000;6153544444;6653544444;1400;1388
527;6173888000;6153555555;6653555555;982;970
528;6215521000;6153844444;6653844444;1398;1386
529;6215528000;6153844444;6653844444;1400;1388
530;6215532000;6153844444;6653844444;1398;1386
531;6215535000;6195211111;6695211111;1400;1388
532;6215538000;6195211111;6695211111;1400;1388
533;6215542000;6195211111;6695211111;1398;1386
534;6215545000;6195211111;6695211111;1400;1388
535;6215548000;6195211111;6695211111;1398;1386
536;6215551000;6195211111;6695211111;1400;1388
537;6215554000;6195211111;6695211111;1400;1388
538;6215557000;6195222222;6695222222;982;970
539;6257190000;6195500000;6695500000;1398;1386
540;6257197000;6195500000;6695500000;1400;1388
541;6257223000;6195500000;6695500000;1398;1386
542;6257226000;6236877777;6736877777;1400;1388
543;6257230000;6236877777;6736877777;1400;1388
544;6257234000;6236877777;6736877777;1398;1386
545;6257237000;6236877777;6736877777;1400;1388
546;6257241000;6236877777;6736877777;1398;1386
547;6257244000;6236877777;6736877777;1400;1388
548;6257247000;6236877777;6736877777;1400;1388
549;6257250000;6236888888;6736888888;982;970
550;6298858000;6237211111;6737211111;1398;1386
551;6298864000;6237211111;6737211111;1400;1388
552;6298867000;6237211111;6737211111;1398;1386
553;6298870000;6278544444;6778544444;1400;1388
554;6298873000;6278544444;6778544444;1400;1388
555;6298876000;6278544444;6778544444;1398;1386
556;6298879000;6278544444;6778544444;1400;1388
557;6298882000;6278544444;6778544444;1398;1386
558;6298886000;6278544444;6778544444;1400;1388
559;6298889000;6278544444;6778544444;1400;1388
560;6298892000;6278566666;6778566666;982;970
561;6340521000;6278844444;6778844444;1398;1386
562;6340527000;6278844444;6778844444;1400;1388
563;6340531000;6278844444;6778844444;1398;1386
564;6340534000;6320211111;6820211111;1400;1388
565;6340537000;6320211111;6820211111;1400;1388
566;6340540000;6320211111;6820211111;1398;1386
567;6340543000;6320211111;6820211111;1400;1388
568;6340546000;6320211111;6820211111;1398;1386
569;6340550000;6320211111;6820211111;1400;1388
570;6340553000;6320211111;6820211111;1400;1388
571;6340555000;6320222222;6820222222;982;970
572;6382186000;6320500000;6820500000;1398;1386
574;6382192000;6320500000;6820500000;1398;1386
575;6382197000;6361877777;6861877777;1400;1388
576;6382211000;6361877777;6861877777;1400;1388
577;6382214000;6361877777;6861877777;1398;1386
578;6382219000;6361877777;6861877777;1400;1388
579;6382222000;6361877777;6861877777;1398;1386
580;6382225000;6361877777;6861877777;1400;1388
581;6382228000;6361877777;6861877777;1400;1388
582;6382241000;6361888888;6861888888;982;970
583;6423856000;6362211111;6862211111;1398;1386
584;6423863000;6362211111;6862211111;1400;1388
585;6423866000;6362211111;6862211111;1398;1386
586;6423869000;6403544444;6903544444;1400;1388
587;6423873000;6403544444;6903544444;1400;1388
588;6423876000;6403544444;6903544444;1398;1386
589;6423879000;6403544444;6903544444;1400;1388
590;6423882000;6403544444;6903544444;1398;1386
591;6423885000;6403544444;6903544444;1400;1388
592;6423888000;6403544444;6903544444;1400;1388
593;6423891000;6403555555;6903555555;982;970
594;6465522000;6403844444;6903844444;1398;1386
595;6465529000;6403844444;6903844444;1400;1388
596;6465533000;6403844444;6903844444;1398;1386
597;6465536000;6445211111;6945211111;1400;1388
598;6465539000;6445211111;6945211111;1400;1388
599;6465542000;6445211111;6945211111;1398;1386
600;6465545000;6445211111;6945211111;1400;1388
601;6465548000;6445211111;6945211111;1398;1386
602;6465552000;6445211111;6945211111;1400;1388
603;6465555000;6445211111;6945211111;1400;1388
604;6465558000;6445222222;6945222222;982;970
605;6507217000;6445511111;6945511111;1398;1386
606;6507232000;6445511111;6945511111;1400;1388
607;6507236000;6445511111;6945511111;1398;1386
608;6507239000;6486877777;6986877777;1400;1388
609;6507242000;6486877777;6986877777;1400;1388
610;6507246000;6486877777;6986877777;1398;1386
611;6507249000;6486877777;6986877777;1400;1388
612;6507253000;6486877777;6986877777;1398;1386
613;6507257000;6486877777;6986877777;1400;1388
614;6507260000;6486877777;6986877777;1400;1388
615;6507263000;6486888888;6986888888;982;970
616;6548853000;6487200000;6987200000;1398;1386
617;6548859000;6487200000;6987200000;1400;1388
618;6548862000;6487200000;6987200000;1398;1386
619;6548866000;6528544444;7028544444;1400;1388
620;6548869000;6528544444;7028544444;1400;1388
621;6548872000;6528544444;7028544444;1398;1386
622;6548875000;6528544444;7028544444;1400;1388
624;6548878000;6528544444;7028544444;1400;1388
625;6548885000;6528544444;7028544444;1400;1388
626;6548899000;6528555555;7028555555;982;970
627;6590522000;6528844444;7028844444;1398;1386
628;6590528000;6528844444;7028844444;1400;1388
629;6590531000;6528844444;7028844444;1398;1386
631;6590552000;6570211111;7070211111;1400;1388
632;6590557000;6570211111;7070211111;1398;1386
633;6590560000;6570211111;7070211111;1400;1388
634;6590563000;6570211111;7070211111;1398;1386
635;6590566000;6570211111;7070211111;1400;1388
636;6590569000;6570211111;7070211111;1400;1388
637;6590572000;6570222222;7070222222;982;970
638;6632188000;6570477777;7070477777;1398;1386
639;6632194000;6570477777;7070477777;1400;1388
640;6632198000;6570477777;7070477777;1398;1386
641;6632201000;6611877777;7111877777;1400;1388
642;6632204000;6611877777;7111877777;1400;1388
643;6632207000;6611877777;7111877777;1398;1386
644;6632210000;6611877777;7111877777;1400;1388
646;6632213000;6611877777;7111877777;1400;1388
647;6632217000;6611877777;7111877777;1400;1388
648;6632220000;6611888888;7111888888;982;970
649;6673878000;6612200000;7112200000;1398;1386
650;6673886000;6612200000;7112200000;1400;1388
651;6673890000;6612200000;7112200000;1398;1386
652;6673894000;6653544444;7153544444;1400;1388
653;6673897000;6653544444;7153544444;1400;1388
654;6673900000;6653544444;7153544444;1398;1386
655;6673903000;6653544444;7153544444;1400;1388
656;6673906000;6653544444;7153544444;1398;1386
657;6673909000;6653544444;7153544444;1400;1388
658;6673912000;6653544444;7153544444;1400;1388
659;6673916000;6653555555;7153555555;982;970
660;6715528000;6653844444;7153844444;1398;1386
662;6715537000;6653844444;7153844444;1398;1386
663;6715553000;6695211111;7195211111;1400;1388
664;6715557000;6695211111;7195211111;1400;1388
665;6715560000;6695211111;7195211111;1398;1386
666;6715563000;6695211111;7195211111;1400;1388
667;6715567000;6695211111;7195211111;1398;1386
668;6715571000;6695211111;7195211111;1400;1388
669;6715574000;6695211111;7195211111;1400;1388
671;6757188000;6695500000;7195500000;1398;1386
672;6757208000;6695500000;7195500000;1400;1388
673;6757212000;6695500000;7195500000;1398;1386
674;6757216000;6736877777;7236877777;1400;1388
675;6757219000;6736877777;7236877777;1400;1388
676;6757223000;6736877777;7236877777;1398;1386
677;6757226000;6736877777;7236877777;1400;1388
678;6757238000;6736877777;7236877777;1398;1386
679;6757241000;6736877777;7236877777;1400;1388
680;6757244000;6736877777;7236877777;1400;1388
681;6757248000;6736888888;7236888888;982;970
682;6798856000;6737211111;7237211111;1398;1386
683;6798863000;6737211111;7237211111;1400;1388
684;6798867000;6737211111;7237211111;1398;1386
685;6798870000;6778544444;7278544444;1400;1388
686;6798874000;6778544444;7278544444;1400;1388
687;6798877000;6778544444;7278544444;1398;1386
688;6798880000;6778544444;7278544444;1400;1388
689;6798883000;6778544444;7278544444;1398;1386
690;6798886000;6778544444;7278544444;1400;1388
691;6798889000;6778544444;7278544444;1400;1388
692;6798893000;6778555555;7278555555;982;970
693;6840522000;6778855555;7278855555;1398;1386
694;6840528000;6778855555;7278855555;1400;1388
695;6840531000;6778855555;7278855555;1398;1386
696;6840535000;6820211111;7320211111;1400;1388
697;6840538000;6820211111;7320211111;1400;1388
698;6840541000;6820211111;7320211111;1398;1386
699;6840544000;6820211111;7320211111;1400;1388
700;6840547000;6820211111;7320211111;1398;1386
701;6840550000;6820211111;7320211111;1400;1388
702;6840554000;6820211111;7320211111;1400;1388
703;6840557000;6820222222;7320222222;982;970
704;6882189000;6820522222;7320522222;1398;1386
705;6882195000;6820522222;7320522222;1400;1388
706;6882199000;6820522222;7320522222;1398;1386
707;6882202000;6861877777;7361877777;1400;1388
708;6882205000;6861877777;7361877777;1400;1388
709;6882208000;6861877777;7361877777;1398;1386
710;6882211000;6861877777;7361877777;1400;1388
711;6882214000;6861877777;7361877777;1398;1386
712;6882217000;6861877777;7361877777;1400;1388
713;6882220000;6861877777;7361877777;1400;1388
714;6882223000;6861888888;7361888888;982;970
715;6923854000;6862188888;7362188888;1398;1386
716;6923861000;6862188888;7362188888;1400;1388
717;6923864000;6862188888;7362188888;1398;1386
718;6923868000;6903544444;7403544444;1400;1388
719;6923871000;6903544444;7403544444;1400;1388
720;6923875000;6903544444;7403544444;1398;1386
721;6923878000;6903544444;7403544444;1400;1388
722;6923888000;6903544444;7403544444;1398;1386
723;6923892000;6903544444;7403544444;1400;1388
724;6923895000;6903544444;7403544444;1400;1388
725;6923898000;6903555555;7403555555;982;970
726;6965521000;6903822222;7403822222;1398;1386
727;6965528000;6903822222;7403822222;1400;1388
728;6965531000;6903822222;7403822222;1398;1386
729;6965534000;6945211111;7445211111;1400;1388
730;6965537000;6945211111;7445211111;1400;1388
731;6965541000;6945211111;7445211111;1398;1386
735;6965544000;6945211111;7445211111;1400;1388
736;6965549000;6945222222;7445222222;982;970
737;7007187000;6945511111;7445511111;1398;1386
738;7007193000;6945511111;7445511111;1400;1388
739;7007197000;6945511111;7445511111;1398;1386
740;7007201000;6986877777;7486877777;1400;1388
741;7007204000;6986877777;7486877777;1400;1388
742;7007208000;6986877777;7486877777;1398;1386
743;7007211000;6986877777;7486877777;1400;1388
744;7007214000;6986877777;7486877777;1398;1386
745;7007217000;6986877777;7486877777;1400;1388
746;7007220000;6986877777;7486877777;1400;1388
747;7007223000;6986888888;7486888888;982;970
748;7048860000;6987211111;7487211111;1398;1386
749;7048868000;6987211111;7487211111;1400;1388
750;7048872000;6987211111;7487211111;1398;1386
751;7048875000;7028544444;7528544444;1400;1388
752;7048878000;7028544444;7528544444;1400;1388
753;7048881000;7028544444;7528544444;1398;1386
754;7048884000;7028544444;7528544444;1400;1388
755;7048887000;7028544444;7528544444;1398;1386
756;7048891000;7028544444;7528544444;1400;1388
757;7048894000;7028544444;7528544444;1400;1388
758;7048897000;7028555555;7528555555;982;970
760;7090525000;7028855555;7528855555;1400;1388
761;7090545000;7028855555;7528855555;1398;1386
762;7090549000;7070211111;7570211111;1400;1388
764;7090553000;7070211111;7570211111;1398;1386
765;7090556000;7070211111;7570211111;1400;1388
766;7090559000;7070211111;7570211111;1398;1386
767;7090563000;7070211111;7570211111;1400;1388
768;7090575000;7070211111;7570211111;1400;1388
769;7090578000;7070222222;7570222222;982;970
770;7132193000;7070488888;7570488888;1398;1386
771;7132199000;7070488888;7570488888;1400;1388
772;7132203000;7070488888;7570488888;1398;1386
773;7132206000;7111877777;7611877777;1400;1388
774;7132209000;7111877777;7611877777;1400;1388
775;7132213000;7111877777;7611877777;1398;1386
776;7132216000;7111877777;7611877777;1400;1388
777;7132219000;7111877777;7611877777;1398;1386
778;7132222000;7111877777;7611877777;1400;1388
779;7132225000;7111877777;7611877777;1400;1388
780;7132229000;7111900000;7611900000;982;970
781;7173852000;7112222222;7612222222;1398;1386
782;7173859000;7112222222;7612222222;1400;1388
783;7173862000;7112222222;7612222222;1398;1386
784;7173865000;7153544444;7653544444;1400;1388
787;7173869000;7153544444;7653544444;1400;1388
788;7173874000;7153544444;7653544444;1398;1386
789;7173888000;7153544444;7653544444;1400;1388
790;7173891000;7153544444;7653544444;1400;1388
791;7173903000;7153555555;7653555555;982;970
792;7215522000;7153855555;7653855555;1398;1386
793;7215529000;7153855555;7653855555;1400;1388
794;7215532000;7153855555;7653855555;1398;1386
795;7215536000;7195211111;7695211111;1400;1388
796;7215539000;7195211111;7695211111;1400;1388
797;7215542000;7195211111;7695211111;1398;1386
798;7215545000;7195211111;7695211111;1400;1388
799;7215548000;7195211111;7695211111;1398;1386
800;7215551000;7195211111;7695211111;1400;1388
801;7215554000;7195211111;7695211111;1400;1388
802;7215558000;7195222222;7695222222;982;970
803;7257186000;7195511111;7695511111;1398;1386
804;7257193000;7195511111;7695511111;1400;1388
805;7257196000;7195511111;7695511111;1398;1386
806;7257200000;7236877777;7736877777;1400;1388
807;7257203000;7236877777;7736877777;1400;1388
808;7257206000;7236877777;7736877777;1398;1386
809;7257209000;7236877777;7736877777;1400;1388
810;7257212000;7236877777;7736877777;1398;1386
811;7257216000;7236877777;7736877777;1400;1388
813;7257219000;7236888888;7736888888;982;970
814;7298853000;7237222222;7737222222;1398;1386
816;7298860000;7237222222;7737222222;1398;1386
817;7298864000;7278544444;7778544444;1400;1388
818;7298876000;7278544444;7778544444;1400;1388
819;7298879000;7278544444;7778544444;1398;1386
820;7298882000;7278544444;7778544444;1400;1388
821;7298886000;7278544444;7778544444;1398;1386
822;7298889000;7278544444;7778544444;1400;1388
823;7298892000;7278544444;7778544444;1400;1388
824;7298895000;7278555555;7778555555;982;970
825;7340523000;7278844444;7778844444;1398;1386
826;7340530000;7278844444;7778844444;1400;1388
827;7340533000;7278844444;7778844444;1398;1386
828;7340536000;7320211111;7820211111;1400;1388
829;7340540000;7320211111;7820211111;1400;1388
830;7340543000;7320211111;7820211111;1398;1386
831;7340547000;7320211111;7820211111;1400;1388
832;7340550000;7320211111;7820211111;1398;1386
833;7340553000;7320211111;7820211111;1400;1388
834;7340556000;7320211111;7820211111;1400;1388
835;7340560000;7320222222;7820222222;982;970
836;7382187000;7320511111;7820511111;1398;1386
837;7382193000;7320511111;7820511111;1400;1388
838;7382197000;7320511111;7820511111;1398;1386
839;7382200000;7361877777;7861877777;1400;1388
840;7382203000;7361877777;7861877777;1400;1388
841;7382206000;7361877777;7861877777;1398;1386
842;7382209000;7361877777;7861877777;1400;1388
843;7382213000;7361877777;7861877777;1398;1386
845;7382216000;7361877777;7861877777;1400;1388
846;7382221000;7361888888;7861888888;982;970
847;7423856000;7362211111;7862211111;1398;1386
848;7423862000;7362211111;7862211111;1400;1388
849;7423866000;7362211111;7862211111;1398;1386
850;7423869000;7403544444;7903544444;1400;1388
851;7423873000;7403544444;7903544444;1400;1388
852;7423876000;7403544444;7903544444;1398;1386
853;7423879000;7403544444;7903544444;1400;1388
854;7423882000;7403544444;7903544444;1398;1386
855;7423886000;7403544444;7903544444;1400;1388
856;7423889000;7403544444;7903544444;1400;1388
857;7423892000;7403555555;7903555555;982;970
858;7465532000;7403855555;7903855555;1398;1386
859;7465538000;7403855555;7903855555;1400;1388
860;7465551000;7403855555;7903855555;1398;1386
861;7465555000;7445211111;7945211111;1400;1388
862;7465558000;7445211111;7945211111;1400;1388
863;7465561000;7445211111;7945211111;1398;1386
864;7465564000;7445211111;7945211111;1400;1388
865;7465567000;7445211111;7945211111;1398;1386
866;7465571000;7445211111;7945211111;1400;1388
867;7465574000;7445211111;7945211111;1400;1388
868;7465577000;7445222222;7945222222;982;970
869;7507199000;7445522222;7945522222;1398;1386
870;7507206000;7445522222;7945522222;1400;1388
871;7507218000;7445522222;7945522222;1398;1386
872;7507222000;7486877777;7986877777;1400;1388
873;7507225000;7486877777;7986877777;1400;1388
874;7507228000;7486877777;7986877777;1398;1386
875;7507231000;7486877777;7986877777;1400;1388
876;7507234000;7486877777;7986877777;1398;1386
878;7507237000;7486877777;7986877777;1400;1388
879;7507242000;7486900000;7986900000;982;970
880;7548852000;7487222222;7987222222;1398;1386
881;7548859000;7487222222;7987222222;1400;1388
882;7548862000;7487222222;7987222222;1398;1386
883;7548866000;7528544444;8028544444;1400;1388
884;7548869000;7528544444;8028544444;1400;1388
885;7548872000;7528544444;8028544444;1398;1386
886;7548875000;7528544444;8028544444;1400;1388
887;7548878000;7528544444;8028544444;1398;1386
888;7548881000;7528544444;8028544444;1400;1388
889;7548884000;7528544444;8028544444;1400;1388
890;7548888000;7528555555;8028555555;982;970
891;7590537000;7528844444;8028844444;1398;1386
892;7590546000;7528844444;8028844444;1400;1388
893;7590550000;7528844444;8028844444;1398;1386
894;7590553000;7570211111;8070211111;1400;1388
895;7590556000;7570211111;8070211111;1400;1388
896;7590559000;7570211111;8070211111;1398;1386
897;7590562000;7570211111;8070211111;1400;1388
898;7590565000;7570211111;8070211111;1398;1386
899;7590568000;7570211111;8070211111;1400;1388
900;7590572000;7570211111;8070211111;1400;1388
901;7590575000;7570222222;8070222222;982;970
902;7632187000;7570488888;8070488888;1398;1386
903;7632194000;7570488888;8070488888;1400;1388
906;7632198000;7611877777;8111877777;1400;1388
907;7632214000;7611877777;8111877777;1398;1386
908;7632218000;7611877777;8111877777;1400;1388
909;7632221000;7611877777;8111877777;1398;1386
910;7632233000;7611877777;8111877777;1400;1388
911;7632236000;7611877777;8111877777;1400;1388
912;7632249000;7611888888;8111888888;982;970
914;7673860000;7612200000;8112200000;1400;1388
915;7673869000;7612200000;8112200000;1398;1386
916;7673873000;7653544444;8153544444;1400;1388
917;7673876000;7653544444;8153544444;1400;1388
918;7673879000;7653544444;8153544444;1398;1386
919;7673883000;7653544444;8153544444;1400;1388
920;7673886000;7653544444;8153544444;1398;1386
921;7673889000;7653544444;8153544444;1400;1388
922;7673893000;7653544444;8153544444;1400;1388
923;7673896000;7653555555;8153555555;982;970
924;7715554000;7653855555;8153855555;1398;1386
925;7715562000;7653855555;8153855555;1400;1388
926;7715566000;7653855555;8153855555;1398;1386
927;7715569000;7695211111;8195211111;1400;1388
928;7715572000;7695211111;8195211111;1400;1388
929;7715575000;7695211111;8195211111;1398;1386
930;7715578000;7695211111;8195211111;1400;1388
931;7715582000;7695211111;8195211111;1398;1386
932;7715585000;7695211111;8195211111;1400;1388
933;7715588000;7695211111;8195211111;1400;1388
934;7715591000;7695222222;8195222222;982;970
935;7757208000;7695511111;8195511111;1398;1386
936;7757217000;7695511111;8195511111;1400;1388
937;7757221000;7695511111;8195511111;1398;1386
938;7757224000;7736877777;8236877777;1400;1388
939;7757227000;7736877777;8236877777;1400;1388
940;7757230000;7736877777;8236877777;1398;1386
941;7757233000;7736877777;8236877777;1400;1388
942;7757236000;7736877777;8236877777;1398;1386
943;7757239000;7736877777;8236877777;1400;1388
944;7757242000;7736877777;8236877777;1400;1388
945;7757245000;7736888888;8236888888;982;970
946;7798848000;7737211111;8237211111;1398;1386
947;7798856000;7737211111;8237211111;1400;1388
948;7798859000;7737211111;8237211111;1398;1386
949;7798862000;7778544444;8278544444;1400;1388
950;7798866000;7778544444;8278544444;1400;1388
951;7798869000;7778544444;8278544444;1398;1386
952;7798872000;7778544444;8278544444;1400;1388
953;7798875000;7778544444;8278544444;1398;1386
955;7798878000;7778544444;8278544444;1400;1388
956;7798894000;7778555555;8278555555;982;970
957;7840545000;7778866666;8278866666;1398;1386
958;7840552000;7778866666;8278866666;1400;1388
959;7840555000;7778866666;8278866666;1398;1386
963;7840558000;7820244444;8320244444;1400;1388
964;7840562000;7820244444;8320244444;1398;1386
965;7840565000;7820244444;8320244444;1400;1388
966;7840569000;7820244444;8320244444;1400;1388
967;7840572000;7820255555;8320255555;982;970
968;7882187000;7820555555;8320555555;1398;1386
969;7882194000;7820555555;8320555555;1400;1388
970;7882197000;7820555555;8320555555;1398;1386
971;7882200000;7861877777;8361877777;1400;1388
972;7882203000;7861877777;8361877777;1400;1388
973;7882206000;7861877777;8361877777;1398;1386
974;7882209000;7861877777;8361877777;1400;1388
975;7882213000;7861877777;8361877777;1398;1386
976;7882216000;7861877777;8361877777;1400;1388
977;7882219000;7861877777;8361877777;1400;1388
978;7882222000;7861888888;8361888888;982;970
979;7923854000;7862200000;8362200000;1398;1386
980;7923860000;7862200000;8362200000;1400;1388
981;7923863000;7862200000;8362200000;1398;1386
982;7923867000;7903544444;8403544444;1400;1388
983;7923870000;7903544444;8403544444;1400;1388
984;7923873000;7903544444;8403544444;1398;1386
985;7923876000;7903544444;8403544444;1400;1388
986;7923879000;7903544444;8403544444;1398;1386
987;7923882000;7903544444;8403544444;1400;1388
988;7923885000;7903544444;8403544444;1400;1388
989;7923888000;7903555555;8403555555;982;970
990;7965524000;7903833333;8403833333;1398;1386
991;7965531000;7903833333;8403833333;1400;1388
992;7965536000;7903833333;8403833333;1398;1386
993;7965539000;7945211111;8445211111;1400;1388
994;7965542000;7945211111;8445211111;1400;1388
995;7965545000;7945211111;8445211111;1398;1386
996;7965548000;7945211111;8445211111;1400;1388
997;7965551000;7945211111;8445211111;1398;1386
998;7965554000;7945211111;8445211111;1400;1388
999;7965557000;7945211111;8445211111;1400;1388
1000;7965560000;7945222222;8445222222;982;970
1001;8007210000;7945511111;8445511111;1398;1386
1002;8007226000;7945511111;8445511111;1400;1388
1003;8007230000;7945511111;8445511111;1398;1386
1004;8007233000;7986877777;8486877777;1400;1388
1005;8007236000;7986877777;8486877777;1400;1388
1006;8007239000;7986877777;8486877777;1398;1386
1007;8007242000;7986877777;8486877777;1400;1388
1008;8007245000;7986877777;8486877777;1398;1386
1009;8007249000;7986877777;8486877777;1400;1388
1010;8007252000;7986877777;8486877777;1400;1388
1011;8007255000;7986888888;8486888888;982;970
1012;8048851000;7987222222;8487222222;1398;1386
1013;8048859000;7987222222;8487222222;1400;1388
1014;8048863000;7987222222;8487222222;1398;1386
1015;8048866000;8028544444;8528544444;1400;1388
1016;8048869000;8028544444;8528544444;1400;1388
1017;8048872000;8028544444;8528544444;1398;1386
1018;8048875000;8028544444;8528544444;1400;1388
1019;8048879000;8028544444;8528544444;1398;1386
1020;8048882000;8028544444;8528544444;1400;1388
1021;8048885000;8028544444;8528544444;1400;1388
1022;8048888000;8028555555;8528555555;982;970
1024;8090522000;8028855555;8528855555;1400;1388
1025;8090542000;8028855555;8528855555;1398;1386
1026;8090546000;8070211111;8570211111;1400;1388
1027;8090560000;8070211111;8570211111;1400;1388
1028;8090564000;8070211111;8570211111;1398;1386
1029;8090576000;8070211111;8570211111;1400;1388
1030;8090579000;8070211111;8570211111;1398;1386
1031;8090582000;8070211111;8570211111;1400;1388
1032;8090586000;8070211111;8570211111;1400;1388
1033;8090589000;8070222222;8570222222;982;970
1034;8132192000;8070500000;8570500000;1398;1386
1035;8132200000;8070500000;8570500000;1400;1388
1036;8132204000;8070500000;8570500000;1398;1386
1037;8132207000;8111877777;8611877777;1400;1388
1038;8132210000;8111877777;8611877777;1400;1388
1039;8132213000;8111877777;8611877777;1398;1386
1040;8132216000;8111877777;8611877777;1400;1388
1041;8132219000;8111877777;8611877777;1398;1386
1042;8132222000;8111877777;8611877777;1400;1388
1043;8132225000;8111877777;8611877777;1400;1388
1044;8132229000;8111888888;8611888888;982;970
1045;8173857000;8112222222;8612222222;1398;1386
1046;8173865000;8112222222;8612222222;1400;1388
1047;8173869000;8112222222;8612222222;1398;1386
1048;8173872000;8153544444;8653544444;1400;1388
1049;8173875000;8153544444;8653544444;1400;1388
1050;8173879000;8153544444;8653544444;1398;1386
1051;8173882000;8153544444;8653544444;1400;1388
1052;8173885000;8153544444;8653544444;1398;1386
1053;8173888000;8153544444;8653544444;1400;1388
1054;8173891000;8153544444;8653544444;1400;1388
1055;8173894000;8153555555;8653555555;982;970
1056;8215549000;8153833333;8653833333;1398;1386
1057;8215557000;8153833333;8653833333;1400;1388
1058;8215561000;8153833333;8653833333;1398;1386
1059;8215564000;8195211111;8695211111;1400;1388
1060;8215568000;8195211111;8695211111;1400;1388
1061;8215571000;8195211111;8695211111;1398;1386
1062;8215575000;8195211111;8695211111;1400;1388
1063;8215578000;8195211111;8695211111;1398;1386
1064;8215581000;8195211111;8695211111;1400;1388
1065;8215584000;8195211111;8695211111;1400;1388
1066;8215587000;8195222222;8695222222;982;970
1067;8257190000;8195488888;8695488888;1398;1386
1068;8257199000;8195488888;8695488888;1400;1388
1071;8257203000;8236877777;8736877777;1400;1388
1072;8257209000;8236877777;8736877777;1398;1386
1073;8257223000;8236877777;8736877777;1400;1388
1074;8257226000;8236877777;8736877777;1398;1386
1075;8257236000;8236877777;8736877777;1400;1388
1076;8257240000;8236877777;8736877777;1400;1388
1077;8257243000;8236888888;8736888888;982;970
1078;8298839000;8237200000;8737200000;1398;1386
1079;8298847000;8237200000;8737200000;1400;1388
1081;8298851000;8278544444;8778544444;1400;1388
1082;8298854000;8278544444;8778544444;1400;1388
1083;8298858000;8278544444;8778544444;1398;1386
1084;8298861000;8278544444;8778544444;1400;1388
1085;8298864000;8278544444;8778544444;1398;1386
1086;8298867000;8278544444;8778544444;1400;1388
1087;8298870000;8278544444;8778544444;1400;1388
1088;8298873000;8278555555;8778555555;982;970
1089;8340537000;8278833333;8778833333;1398;1386
1090;8340545000;8278833333;8778833333;1400;1388
1091;8340549000;8278833333;8778833333;1398;1386
1092;8340561000;8320211111;8820211111;1400;1388
1093;8340564000;8320211111;8820211111;1400;1388
1094;8340567000;8320211111;8820211111;1398;1386
1095;8340570000;8320211111;8820211111;1400;1388
1096;8340574000;8320211111;8820211111;1398;1386
1097;8340577000;8320211111;8820211111;1400;1388
1098;8340580000;8320211111;8820211111;1400;1388
1099;8340583000;8320222222;8820222222;982;970
1100;8382208000;8320488888;8820488888;1398;1386
1101;8382216000;8320488888;8820488888;1400;1388
1102;8382220000;8320488888;8820488888;1398;1386
1103;8382223000;8361877777;8861877777;1400;1388
1104;8382226000;8361877777;8861877777;1400;1388
1106;8382229000;8361877777;8861877777;1400;1388
1107;8382235000;8361877777;8861877777;1398;1386
1108;8382248000;8361877777;8861877777;1400;1388
1109;8382251000;8361877777;8861877777;1400;1388
1110;8382260000;8361888888;8861888888;982;970
1111;8423867000;8362200000;8862200000;1398;1386
1112;8423876000;8362200000;8862200000;1400;1388
1113;8423879000;8362200000;8862200000;1398;1386
1114;8423883000;8403544444;8903544444;1400;1388
1115;8423886000;8403544444;8903544444;1400;1388
1116;8423889000;8403544444;8903544444;1398;1386
1117;8423893000;8403544444;8903544444;1400;1388
1118;8423896000;8403544444;8903544444;1398;1386
1119;8423899000;8403544444;8903544444;1400;1388
1120;8423902000;8403544444;8903544444;1400;1388
1121;8423905000;8403555555;8903555555;982;970
1122;8465515000;8403833333;8903833333;1398;1386
1123;8465523000;8403833333;8903833333;1400;1388
1124;8465526000;8403833333;8903833333;1398;1386
1125;8465529000;8445211111;8945211111;1400;1388
1126;8465533000;8445211111;8945211111;1400;1388
1127;8465536000;8445211111;8945211111;1398;1386
1128;8465539000;8445211111;8945211111;1400;1388
1129;8465542000;8445211111;8945211111;1398;1386
1130;8465545000;8445211111;8945211111;1400;1388
1131;8465548000;8445211111;8945211111;1400;1388
1132;8465551000;8445222222;8945222222;982;970
1133;8507189000;8445511111;8945511111;1398;1386
1134;8507196000;8445511111;8945511111;1400;1388
1135;8507200000;8445511111;8945511111;1398;1386
1136;8507203000;8486877777;8986877777;1400;1388
1137;8507206000;8486877777;8986877777;1400;1388
1138;8507209000;8486877777;8986877777;1398;1386
1139;8507212000;8486877777;8986877777;1400;1388
1140;8507216000;8486877777;8986877777;1398;1386
1141;8507219000;8486877777;8986877777;1400;1388
1142;8507222000;8486877777;8986877777;1400;1388
1143;8507225000;8486888888;8986888888;982;970
1144;8548855000;8487200000;8987200000;1398;1386
1145;8548861000;8487200000;8987200000;1400;1388
1147;8548865000;8528544444;9028544444;1400;1388
1148;8548870000;8528544444;9028544444;1400;1388
1149;8548884000;8528544444;9028544444;1398;1386
1150;8548888000;8528544444;9028544444;1400;1388
1151;8548899000;8528544444;9028544444;1398;1386
1152;8548903000;8528544444;9028544444;1400;1388
1153;8548906000;8528544444;9028544444;1400;1388
1154;8548919000;8528555555;9028555555;982;970
1155;8590518000;8528833333;9028833333;1398;1386
1156;8590524000;8528833333;9028833333;1400;1388
1157;8590528000;8528833333;9028833333;1398;1386
1158;8590531000;8570211111;9070211111;1400;1388
1159;8590534000;8570211111;9070211111;1400;1388
1160;8590537000;8570211111;9070211111;1398;1386
1161;8590540000;8570211111;9070211111;1400;1388
1162;8590544000;8570211111;9070211111;1398;1386
1163;8590547000;8570211111;9070211111;1400;1388
1164;8590550000;8570211111;9070211111;1400;1388
1165;8590553000;8570222222;9070222222;982;970
1166;8632188000;8570466666;9070466666;1398;1386
1167;8632194000;8570466666;9070466666;1400;1388
1168;8632198000;8570466666;9070466666;1398;1386
1169;8632201000;8611877777;9111877777;1400;1388
1170;8632204000;8611877777;9111877777;1400;1388
1171;8632208000;8611877777;9111877777;1398;1386
1172;8632210000;8611877777;9111877777;1400;1388
1173;8632214000;8611877777;9111877777;1398;1386
1174;8632217000;8611877777;9111877777;1400;1388
1175;8632220000;8611877777;9111877777;1400;1388
1176;8632223000;8611888888;9111888888;982;970
1177;8673867000;8612177777;9112177777;1398;1386
1178;8673876000;8612177777;9112177777;1400;1388
1179;8673888000;8612177777;9112177777;1398;1386
1180;8673892000;8653544444;9153544444;1400;1388
1181;8673895000;8653544444;9153544444;1400;1388
1182;8673898000;8653544444;9153544444;1398;1386
1183;8673901000;8653544444;9153544444;1400;1388
1184;8673904000;8653544444;9153544444;1398;1386
1185;8673907000;8653544444;9153544444;1400;1388
1186;8673910000;8653544444;9153544444;1400;1388
1187;8673914000;8653555555;9153555555;982;970
1188;8715487000;8653833333;9153833333;1398;1386
1189;8715495000;8653833333;9153833333;1400;1388
1191;8715499000;8695188888;9195188888;1400;1388
1192;8715504000;8695188888;9195188888;1400;1388
1193;8715518000;8695188888;9195188888;1398;1386
1194;8715521000;8695188888;9195188888;1400;1388
1195;8715530000;8695188888;9195188888;1398;1386
1196;8715533000;8695188888;9195188888;1400;1388
1197;8715536000;8695188888;9195188888;1400;1388
1198;8715539000;8695200000;9195200000;982;970
1199;8757212000;8695466666;9195466666;1398;1386
1200;8757220000;8695466666;9195466666;1400;1388
1201;8757224000;8695466666;9195466666;1398;1386
1202;8757227000;8736877777;9236877777;1400;1388
1203;8757231000;8736877777;9236877777;1400;1388
1204;8757234000;8736877777;9236877777;1398;1386
1205;8757237000;8736877777;9236877777;1400;1388
1206;8757240000;8736877777;9236877777;1398;1386
1207;8757243000;8736877777;9236877777;1400;1388
1208;8757246000;8736877777;9236877777;1400;1388
1209;8757249000;8736888888;9236888888;982;970
1210;8798851000;8737211111;9237211111;1398;1386
1211;8798859000;8737211111;9237211111;1400;1388
1212;8798863000;8737211111;9237211111;1398;1386
1213;8798866000;8778544444;9278544444;1400;1388
1214;8798869000;8778544444;9278544444;1400;1388
1215;8798872000;8778544444;9278544444;1398;1386
1216;8798875000;8778544444;9278544444;1400;1388
1217;8798878000;8778544444;9278544444;1398;1386
1218;8798881000;8778544444;9278544444;1400;1388
1219;8798884000;8778544444;9278544444;1400;1388
1220;8798888000;8778555555;9278555555;982;970
1221;8840524000;8778844444;9278844444;1398;1386
1222;8840532000;8778844444;9278844444;1400;1388
1223;8840536000;8778844444;9278844444;1398;1386
1224;8840539000;8820211111;9320211111;1400;1388
1225;8840542000;8820211111;9320211111;1400;1388
1226;8840546000;8820211111;9320211111;1398;1386
1227;8840549000;8820211111;9320211111;1400;1388
1228;8840552000;8820211111;9320211111;1398;1386
1229;8840555000;8820211111;9320211111;1400;1388
1230;8840558000;8820211111;9320211111;1400;1388
1231;8840561000;8820222222;9320222222;982;970
1232;8882211000;8820511111;9320511111;1398;1386
1233;8882220000;8820511111;9320511111;1400;1388
1234;8882223000;8820511111;9320511111;1398;1386
1235;8882226000;8861877777;9361877777;1400;1388
1236;8882230000;8861877777;9361877777;1400;1388
1237;8882233000;8861877777;9361877777;1398;1386
1238;8882236000;8861877777;9361877777;1400;1388
1239;8882239000;8861877777;9361877777;1398;1386
1240;8882242000;8861877777;9361877777;1400;1388
1241;8882245000;8861877777;9361877777;1400;1388
1242;8882248000;8861888888;9361888888;982;970
1243;8923871000;8862188888;9362188888;1398;1386
1244;8923880000;8862188888;9362188888;1400;1388
1245;8923884000;8862188888;9362188888;1398;1386
1246;8923887000;8903544444;9403544444;1400;1388
1247;8923890000;8903544444;9403544444;1400;1388
1248;8923894000;8903544444;9403544444;1398;1386
1250;8923897000;8903544444;9403544444;1398;1386
1251;8923903000;8903544444;9403544444;1400;1388
1252;8923916000;8903544444;9403544444;1400;1388
1253;8923920000;8903555555;9403555555;982;970
1254;8965504000;8903822222;9403822222;1398;1386
1255;8965513000;8903822222;9403822222;1400;1388
1256;8965517000;8903822222;9403822222;1398;1386
1257;8965520000;8945211111;9445211111;1400;1388
1258;8965523000;8945211111;9445211111;1400;1388
1259;8965526000;8945211111;9445211111;1398;1386
1260;8965529000;8945211111;9445211111;1400;1388
1261;8965532000;8945211111;9445211111;1398;1386
1262;8965535000;8945211111;9445211111;1400;1388
1263;8965538000;8945211111;9445211111;1400;1388
1264;8965541000;8945222222;9445222222;982;970
1265;9007189000;8945500000;9445500000;1398;1386
1266;9007196000;8945500000;9445500000;1400;1388
1267;9007209000;8945500000;9445500000;1398;1386
1268;9007212000;8986877777;9486877777;1400;1388
1269;9007216000;8986877777;9486877777;1400;1388
1270;9007219000;8986877777;9486877777;1398;1386
1271;9007222000;8986877777;9486877777;1400;1388
1272;9007225000;8986877777;9486877777;1398;1386
1273;9007228000;8986877777;9486877777;1400;1388
1274;9007231000;8986877777;9486877777;1400;1388
1275;9007234000;8986888888;9486888888;982;970
1276;9048852000;8987211111;9487211111;1398;1386
1277;9048858000;8987211111;9487211111;1400;1388
1278;9048862000;8987211111;9487211111;1398;1386
1279;9048865000;9028544444;9528544444;1400;1388
1280;9048868000;9028544444;9528544444;1400;1388
1281;9048871000;9028544444;9528544444;1398;1386
1282;9048874000;9028544444;9528544444;1400;1388
1283;9048877000;9028544444;9528544444;1398;1386
1284;9048880000;9028544444;9528544444;1400;1388
1285;9048883000;9028544444;9528544444;1400;1388
1286;9048886000;9028555555;9528555555;982;970
1287;9090554000;9028833333;9528833333;1398;1386
1288;9090561000;9028833333;9528833333;1400;1388
1289;9090564000;9028833333;9528833333;1398;1386
1290;9090568000;9070244444;9570244444;1400;1388
1291;9090571000;9070244444;9570244444;1400;1388
1292;9090574000;9070244444;9570244444;1398;1386
1293;9090577000;9070244444;9570244444;1400;1388
1294;9090581000;9070244444;9570244444;1398;1386
1295;9090584000;9070244444;9570244444;1400;1388
1296;9090587000;9070244444;9570244444;1400;1388
1297;9090590000;9070255555;9570255555;982;970
1298;9132189000;9070522222;9570522222;1398;1386
1299;9132195000;9070522222;9570522222;1400;1388
1300;9132198000;9070522222;9570522222;1398;1386
1301;9132202000;9111877777;9611877777;1400;1388
1302;9132205000;9111877777;9611877777;1400;1388
1303;9132208000;9111877777;9611877777;1398;1386
1304;9132211000;9111877777;9611877777;1400;1388
1305;9132214000;9111877777;9611877777;1398;1386
1306;9132218000;9111877777;9611877777;1400;1388
1307;9132221000;9111877777;9611877777;1400;1388
1308;9132224000;9111888888;9611888888;982;970
1309;9173853000;9112211111;9612211111;1398;1386
1310;9173859000;9112211111;9612211111;1400;1388
1312;9173862000;9153544444;9653544444;1400;1388
1313;9173868000;9153544444;9653544444;1400;1388
1314;9173882000;9153544444;9653544444;1398;1386
1315;9173885000;9153544444;9653544444;1400;1388
1316;9173898000;9153544444;9653544444;1398;1386
1317;9173901000;9153544444;9653544444;1400;1388
1318;9173905000;9153544444;9653544444;1400;1388
1319;9173917000;9153555555;9653555555;982;970
1320;9215520000;9153844444;9653844444;1398;1386
1321;9215527000;9153844444;9653844444;1400;1388
1322;9215530000;9153844444;9653844444;1398;1386
1323;9215533000;9195211111;9695211111;1400;1388
1324;9215537000;9195211111;9695211111;1400;1388
1325;9215540000;9195211111;9695211111;1398;1386
1326;9215543000;9195211111;9695211111;1400;1388
1327;9215546000;9195211111;9695211111;1398;1386
1328;9215549000;9195211111;9695211111;1400;1388
1329;9215552000;9195211111;9695211111;1400;1388
1330;9215555000;9195222222;9695222222;982;970
1331;9257196000;9195500000;9695500000;1398;1386
1332;9257202000;9195500000;9695500000;1400;1388
1333;9257206000;9195500000;9695500000;1398;1386
1334;9257209000;9236900000;9736900000;1400;1388
1335;9257212000;9236900000;9736900000;1400;1388
1336;9257215000;9236900000;9736900000;1398;1386
1337;9257218000;9236900000;9736900000;1400;1388
1338;9257221000;9236900000;9736900000;1398;1386
1339;9257224000;9236900000;9736900000;1400;1388
1340;9257227000;9236900000;9736900000;1400;1388
1341;9257231000;9236922222;9736922222;982;970
1342;9298878000;9237255555;9737255555;1398;1386
1343;9298887000;9237255555;9737255555;1400;1388
1344;9298890000;9237255555;9737255555;1398;1386
1345;9298894000;9278544444;9778544444;1400;1388
1346;9298897000;9278544444;9778544444;1400;1388
1347;9298900000;9278544444;9778544444;1398;1386
1348;9298903000;9278544444;9778544444;1400;1388
1349;9298906000;9278544444;9778544444;1398;1386
1350;9298909000;9278544444;9778544444;1400;1388
1351;9298912000;9278544444;9778544444;1400;1388
1352;9298915000;9278555555;9778555555;982;970
1353;9340516000;9278822222;9778822222;1398;1386
1354;9340532000;9278822222;9778822222;1400;1388
1355;9340535000;9278822222;9778822222;1398;1386
1356;9340538000;9320211111;9820211111;1400;1388
1357;9340542000;9320211111;9820211111;1400;1388
1358;9340545000;9320211111;9820211111;1398;1386
1359;9340548000;9320211111;9820211111;1400;1388
1360;9340552000;9320211111;9820211111;1398;1386
1361;9340554000;9320211111;9820211111;1400;1388
1362;9340557000;9320211111;9820211111;1400;1388
1363;9340560000;9320222222;9820222222;982;970
1364;9382191000;9320488888;9820488888;1398;1386
1365;9382198000;9320488888;9820488888;1400;1388
1366;9382202000;9320488888;9820488888;1398;1386
1367;9382205000;9361877777;9861877777;1400;1388
1368;9382208000;9361877777;9861877777;1400;1388
1369;9382211000;9361877777;9861877777;1398;1386
1370;9382214000;9361877777;9861877777;1400;1388
1371;9382217000;9361877777;9861877777;1398;1386
1372;9382221000;9361877777;9861877777;1400;1388
1373;9382224000;9361877777;9861877777;1400;1388
1374;9382227000;9361888888;9861888888;982;970
1375;9423854000;9362211111;9862211111;1398;1386
1376;9423861000;9362211111;9862211111;1400;1388
1377;9423865000;9362211111;9862211111;1398;1386
1378;9423868000;9403544444;9903544444;1400;1388
1379;9423871000;9403544444;9903544444;1400;1388
1380;9423874000;9403544444;9903544444;1398;1386
1381;9423877000;9403544444;9903544444;1400;1388
1382;9423880000;9403544444;9903544444;1398;1386
1383;9423883000;9403544444;9903544444;1400;1388
1384;9423887000;9403544444;9903544444;1400;1388
1385;9423890000;9403555555;9903555555;982;970
1386;9465531000;9403844444;9903844444;1398;1386
1387;9465538000;9403844444;9903844444;1400;1388
1388;9465551000;9403844444;9903844444;1398;1386
1389;9465554000;9445211111;9945211111;1400;1388
1390;9465557000;9445211111;9945211111;1400;1388
1393;9465560000;9445211111;9945211111;1398;1386
1394;9465566000;9445211111;9945211111;1400;1388
1395;9465580000;9445211111;9945211111;1400;1388
1396;9465583000;9445222222;9945222222;982;970
1397;9507199000;9445522222;9945522222;1398;1386
1398;9507206000;9445522222;9945522222;1400;1388
1399;9507219000;9445522222;9945522222;1398;1386
1400;9507222000;9486877777;9986877777;1400;1388
1401;9507225000;9486877777;9986877777;1400;1388
1402;9507228000;9486877777;9986877777;1398;1386
1403;9507231000;9486877777;9986877777;1400;1388
1404;9507235000;9486877777;9986877777;1398;1386
1405;9507238000;9486877777;9986877777;1400;1388
1406;9507241000;9486877777;9986877777;1400;1388
1407;9507244000;9486900000;9986900000;982;970
1408;9548864000;9487211111;9987211111;1398;1386
1409;9548871000;9487211111;9987211111;1400;1388
1410;9548884000;9487211111;9987211111;1398;1386
1411;9548887000;9528544444;10028544444;1400;1388
1412;9548890000;9528544444;10028544444;1400;1388
1413;9548894000;9528544444;10028544444;1398;1386
1414;9548897000;9528544444;10028544444;1400;1388
1415;9548900000;9528544444;10028544444;1398;1386
1416;9548903000;9528544444;10028544444;1400;1388
1417;9548906000;9528544444;10028544444;1400;1388
1421;9590521000;9528844444;10028844444;1398;1386
1422;9590540000;9570211111;10070211111;1400;1388
1423;9590544000;9570211111;10070211111;1400;1388
1424;9590556000;9570211111;10070211111;1398;1386
1425;9590559000;9570211111;10070211111;1400;1388
1426;9590562000;9570211111;10070211111;1398;1386
1427;9590575000;9570211111;10070211111;1400;1388
1428;9590578000;9570211111;10070211111;1400;1388
1429;9590581000;9570222222;10070222222;982;970
1430;9632210000;9570477777;10070477777;1398;1386
1431;9632219000;9570477777;10070477777;1400;1388
1432;9632223000;9570477777;10070477777;1398;1386
1433;9632226000;9611877777;10111877777;1400;1388
1434;9632229000;9611877777;10111877777;1400;1388
1435;9632232000;9611877777;10111877777;1398;1386
1436;9632235000;9611877777;10111877777;1400;1388
1437;9632238000;9611877777;10111877777;1398;1386
1438;9632241000;9611877777;10111877777;1400;1388
1439;9632244000;9611877777;10111877777;1400;1388
1440;9632247000;9611888888;10111888888;982;970
1441;9673873000;9612200000;10112200000;1398;1386
1442;9673881000;9612200000;10112200000;1400;1388
1443;9673885000;9612200000;10112200000;1398;1386
1444;9673897000;9653544444;10153544444;1400;1388
1445;9673900000;9653544444;10153544444;1400;1388
1446;9673904000;9653544444;10153544444;1398;1386
1447;9673907000;9653544444;10153544444;1400;1388
1448;9673910000;9653544444;10153544444;1398;1386
1449;9673914000;9653544444;10153544444;1400;1388
1450;9673917000;9653544444;10153544444;1400;1388
1451;9673920000;9653555555;10153555555;982;970
1452;9715580000;9653844444;10153844444;1398;1386
1453;9715589000;9653844444;10153844444;1400;1388
1454;9715592000;9653844444;10153844444;1398;1386
1455;9715596000;9695211111;10195211111;1400;1388
1456;9715599000;9695211111;10195211111;1400;1388
1457;9715602000;9695211111;10195211111;1398;1386
1458;9715605000;9695211111;10195211111;1400;1388
1459;9715608000;9695211111;10195211111;1398;1386
1460;9715611000;9695211111;10195211111;1400;1388
1461;9715614000;9695211111;10195211111;1400;1388
1462;9715617000;9695222222;10195222222;982;970
1463;9757182000;9695500000;10195500000;1398;1386
1464;9757190000;9695500000;10195500000;1400;1388
1465;9757194000;9695500000;10195500000;1398;1386
1466;9757197000;9736877777;10236877777;1400;1388
1467;9757200000;9736877777;10236877777;1400;1388
1468;9757204000;9736877777;10236877777;1398;1386
1469;9757207000;9736877777;10236877777;1400;1388
1470;9757210000;9736877777;10236877777;1398;1386
1471;9757213000;9736877777;10236877777;1400;1388
1472;9757216000;9736877777;10236877777;1400;1388
1473;9757219000;9736888888;10236888888;982;970
1474;9798853000;9737211111;10237211111;1398;1386
1475;9798860000;9737211111;10237211111;1400;1388
1476;9798863000;9737211111;10237211111;1398;1386
1478;9798867000;9778544444;10278544444;1400;1388
1479;9798872000;9778544444;10278544444;1398;1386
1480;9798886000;9778544444;10278544444;1400;1388
1481;9798890000;9778544444;10278544444;1398;1386
1482;9798898000;9778544444;10278544444;1400;1388
1483;9798902000;9778544444;10278544444;1400;1388
1486;9840547000;9778855555;10278855555;1400;1388
1487;9840554000;9778855555;10278855555;1398;1386
1488;9840558000;9820233333;10320233333;1400;1388
1489;9840561000;9820233333;10320233333;1400;1388
1490;9840564000;9820233333;10320233333;1398;1386
1491;9840567000;9820233333;10320233333;1400;1388
1492;9840571000;9820233333;10320233333;1398;1386
1493;9840574000;9820233333;10320233333;1400;1388
1494;9840577000;9820233333;10320233333;1400;1388
1496;9882189000;9820544444;10320544444;1398;1386
1497;9882209000;9820544444;10320544444;1400;1388
1498;9882213000;9820544444;10320544444;1398;1386
1499;9882217000;9861877777;10361877777;1400;1388
1501;9882220000;9861877777;10361877777;1398;1386
1502;9882224000;9861877777;10361877777;1400;1388
1503;9882227000;9861877777;10361877777;1398;1386
1504;9882240000;9861877777;10361877777;1400;1388
1505;9882243000;9861877777;10361877777;1400;1388
1506;9882246000;9861888888;10361888888;982;970
1507;9923860000;9862188888;10362188888;1398;1386
1508;9923868000;9862188888;10362188888;1400;1388
1509;9923872000;9862188888;10362188888;1398;1386
1510;9923875000;9903544444;10403544444;1400;1388
1511;9923878000;9903544444;10403544444;1400;1388
1512;9923881000;9903544444;10403544444;1398;1386
1513;9923884000;9903544444;10403544444;1400;1388
1514;9923887000;9903544444;10403544444;1398;1386
1515;9923890000;9903544444;10403544444;1400;1388
1516;9923893000;9903544444;10403544444;1400;1388
1517;9923896000;9903566666;10403566666;982;970
1518;9965526000;9903833333;10403833333;1398;1386
1519;9965534000;9903833333;10403833333;1400;1388
1520;9965538000;9903833333;10403833333;1398;1386
1521;9965542000;9945211111;10445211111;1400;1388
1522;9965545000;9945211111;10445211111;1400;1388
1523;9965548000;9945211111;10445211111;1398;1386
1524;9965551000;9945211111;10445211111;1400;1388
1525;9965554000;9945211111;10445211111;1398;1386
1526;9965557000;9945211111;10445211111;1400;1388
1527;9965560000;9945211111;10445211111;1400;1388
1528;9965563000;9945222222;10445222222;982;970
1529;10007185000;9945500000;10445500000;1398;1386
1530;10007192000;9945500000;10445500000;1400;1388
1531;10007195000;9945500000;10445500000;1398;1386
1532;10007198000;9986877777;10486877777;1400;1388
1533;10007210000;9986877777;10486877777;1400;1388
1534;10007213000;9986877777;10486877777;1398;1386
1537;10007216000;9986877777;10486877777;1400;1388
1538;10007222000;9986877777;10486877777;1400;1388
1539;10007236000;9986888888;10486888888;982;970
1540;10048852000;9987222222;10487222222;1398;1386
1541;10048858000;9987222222;10487222222;1400;1388
1542;10048862000;9987222222;10487222222;1398;1386
1543;10048865000;10028544444;10528544444;1400;1388
1544;10048868000;10028544444;10528544444;1400;1388
1545;10048871000;10028544444;10528544444;1398;1386
1546;10048874000;10028544444;10528544444;1400;1388
1547;10048877000;10028544444;10528544444;1398;1386
1548;10048880000;10028544444;10528544444;1400;1388
1549;10048883000;10028544444;10528544444;1400;1388
1550;10048887000;10028555555;10528555555;982;970
1551;10090525000;10028844444;10528844444;1398;1386
1552;10090533000;10028844444;10528844444;1400;1388
1553;10090537000;10028844444;10528844444;1398;1386
1554;10090540000;10070211111;10570211111;1400;1388
1555;10090543000;10070211111;10570211111;1400;1388
1556;10090547000;10070211111;10570211111;1398;1386
1557;10090550000;10070211111;10570211111;1400;1388
1558;10090553000;10070211111;10570211111;1398;1386
1559;10090556000;10070211111;10570211111;1400;1388
1560;10090559000;10070211111;10570211111;1400;1388
1561;10090562000;10070222222;10570222222;982;970
1562;10132153000;10070488888;10570488888;1398;1386
1563;10132161000;10070488888;10570488888;1400;1388
1564;10132165000;10070488888;10570488888;1398;1386
1565;10132168000;10111866666;10611866666;1400;1388
1566;10132171000;10111866666;10611866666;1400;1388
1567;10132175000;10111866666;10611866666;1398;1386
1568;10132178000;10111866666;10611866666;1400;1388
1569;10132181000;10111866666;10611866666;1398;1386
1570;10132184000;10111866666;10611866666;1400;1388
1571;10132187000;10111866666;10611866666;1400;1388
1572;10132190000;10111888888;10611888888;982;970
1573;10173856000;10112222222;10612222222;1398;1386
1574;10173864000;10112222222;10612222222;1400;1388
1575;10173868000;10112222222;10612222222;1398;1386
1576;10173871000;10153544444;10653544444;1400;1388
1577;10173874000;10153544444;10653544444;1400;1388
1578;10173877000;10153544444;10653544444;1398;1386
1579;10173880000;10153544444;10653544444;1400;1388
1580;10173883000;10153544444;10653544444;1398;1386
1581;10173886000;10153544444;10653544444;1400;1388
1583;10173889000;10153555555;10653555555;982;970
1584;10215520000;10153866666;10653866666;1398;1386
1585;10215527000;10153866666;10653866666;1400;1388
1586;10215530000;10153866666;10653866666;1398;1386
1587;10215534000;10195211111;10695211111;1400;1388
1588;10215537000;10195211111;10695211111;1400;1388
1589;10215540000;10195211111;10695211111;1398;1386
1590;10215543000;10195211111;10695211111;1400;1388
1591;10215547000;10195211111;10695211111;1398;1386
1592;10215550000;10195211111;10695211111;1400;1388
1593;10215553000;10195211111;10695211111;1400;1388
1594;10215557000;10195222222;10695222222;982;970
1595;10257191000;10195511111;10695511111;1398;1386
1596;10257198000;10195511111;10695511111;1400;1388
1597;10257201000;10195511111;10695511111;1398;1386
1598;10257204000;10236877777;10736877777;1400;1388
1599;10257208000;10236877777;10736877777;1400;1388
1600;10257211000;10236877777;10736877777;1398;1386
1601;10257214000;10236877777;10736877777;1400;1388
1602;10257217000;10236877777;10736877777;1398;1386
1603;10257220000;10236877777;10736877777;1400;1388
1604;10257223000;10236877777;10736877777;1400;1388
1605;10257226000;10236888888;10736888888;982;970
1606;10298838000;10237222222;10737222222;1398;1386
1607;10298845000;10237222222;10737222222;1400;1388
1608;10298848000;10237222222;10737222222;1398;1386
1609;10298852000;10278544444;10778544444;1400;1388
1610;10298855000;10278544444;10778544444;1400;1388
1611;10298859000;10278544444;10778544444;1398;1386
1612;10298862000;10278544444;10778544444;1400;1388
1613;10298865000;10278544444;10778544444;1398;1386
1614;10298868000;10278544444;10778544444;1400;1388
1615;10298871000;10278544444;10778544444;1400;1388
1616;10298882000;10278555555;10778555555;982;970
1617;10340534000;10278844444;10778844444;1398;1386
1618;10340540000;10278844444;10778844444;1400;1388
1619;10340544000;10278844444;10778844444;1398;1386
1620;10340547000;10320211111;10820211111;1400;1388
1621;10340550000;10320211111;10820211111;1400;1388
1622;10340553000;10320211111;10820211111;1398;1386
1623;10340556000;10320211111;10820211111;1400;1388
1624;10340560000;10320211111;10820211111;1398;1386
1626;10340563000;10320211111;10820211111;1400;1388
1627;10340568000;10320222222;10820222222;982;970
1628;10382190000;10320500000;10820500000;1398;1386
1630;10382196000;10320500000;10820500000;1398;1386
1631;10382200000;10361877777;10861877777;1400;1388
1632;10382203000;10361877777;10861877777;1400;1388
1633;10382206000;10361877777;10861877777;1398;1386
1634;10382210000;10361877777;10861877777;1400;1388
1635;10382213000;10361877777;10861877777;1398;1386
1636;10382216000;10361877777;10861877777;1400;1388
1637;10382219000;10361877777;10861877777;1400;1388
1638;10382222000;10361888888;10861888888;982;970
1639;10423855000;10362211111;10862211111;1398;1386
1640;10423861000;10362211111;10862211111;1400;1388
1641;10423865000;10362211111;10862211111;1398;1386
1642;10423868000;10403544444;10903544444;1400;1388
1643;10423871000;10403544444;10903544444;1400;1388
1644;10423874000;10403544444;10903544444;1398;1386
1645;10423878000;10403544444;10903544444;1400;1388
1646;10423881000;10403544444;10903544444;1398;1386
1647;10423884000;10403544444;10903544444;1400;1388
1648;10423887000;10403544444;10903544444;1400;1388
1649;10423890000;10403555555;10903555555;982;970
1650;10465519000;10403855555;10903855555;1398;1386
1651;10465525000;10403855555;10903855555;1400;1388
1652;10465529000;10403855555;10903855555;1398;1386
1653;10465532000;10445211111;10945211111;1400;1388
1654;10465535000;10445211111;10945211111;1400;1388
1655;10465538000;10445211111;10945211111;1398;1386
1656;10465541000;10445211111;10945211111;1400;1388
1657;10465544000;10445211111;10945211111;1398;1386
1658;10465548000;10445211111;10945211111;1400;1388
1659;10465551000;10445211111;10945211111;1400;1388
1660;10465554000;10445222222;10945222222;982;970
1661;10507185000;10445533333;10945533333;1398;1386
1662;10507192000;10445533333;10945533333;1400;1388
1663;10507195000;10445533333;10945533333;1398;1386
1664;10507199000;10486877777;10986877777;1400;1388
1666;10507202000;10486877777;10986877777;1398;1386
1667;10507207000;10486877777;10986877777;1400;1388
1668;10507220000;10486877777;10986877777;1398;1386
1669;10507224000;10486877777;10986877777;1400;1388
1670;10507236000;10486877777;10986877777;1400;1388
1671;10507240000;10486888888;10986888888;982;970
1672;10548858000;10487211111;10987211111;1398;1386
1673;10548865000;10487211111;10987211111;1400;1388
1674;10548868000;10487211111;10987211111;1398;1386
1675;10548872000;10528544444;11028544444;1400;1388
1676;10548875000;10528544444;11028544444;1400;1388
1677;10548878000;10528544444;11028544444;1398;1386
1678;10548881000;10528544444;11028544444;1400;1388
1679;10548884000;10528544444;11028544444;1398;1386
1680;10548888000;10528544444;11028544444;1400;1388
1681;10548891000;10528544444;11028544444;1400;1388
1682;10548894000;10528555555;11028555555;982;970
1683;10590519000;10528855555;11028855555;1398;1386
1684;10590525000;10528855555;11028855555;1400;1388
1685;10590529000;10528855555;11028855555;1398;1386
1686;10590532000;10570211111;11070211111;1400;1388
1687;10590535000;10570211111;11070211111;1400;1388
1688;10590538000;10570211111;11070211111;1398;1386
1689;10590541000;10570211111;11070211111;1400;1388
1690;10590544000;10570211111;11070211111;1398;1386
1691;10590547000;10570211111;11070211111;1400;1388
1692;10590551000;10570211111;11070211111;1400;1388
1693;10590554000;10570222222;11070222222;982;970
1694;10632186000;10570488888;11070488888;1398;1386
1695;10632192000;10570488888;11070488888;1400;1388
1696;10632196000;10570488888;11070488888;1398;1386
1697;10632199000;10611877777;11111877777;1400;1388
1698;10632203000;10611877777;11111877777;1400;1388
1699;10632206000;10611877777;11111877777;1398;1386
1700;10632216000;10611877777;11111877777;1400;1388
1701;10632219000;10611877777;11111877777;1398;1386
1702;10632222000;10611877777;11111877777;1400;1388
1703;10632225000;10611877777;11111877777;1400;1388
1704;10632229000;10611888888;11111888888;982;970
1705;10673856000;10612211111;11112211111;1398;1386
1706;10673863000;10612211111;11112211111;1400;1388
1707;10673866000;10612211111;11112211111;1398;1386
1708;10673869000;10653544444;11153544444;1400;1388
1709;10673872000;10653544444;11153544444;1400;1388
1710;10673875000;10653544444;11153544444;1398;1386
1711;10673878000;10653544444;11153544444;1400;1388
1712;10673881000;10653544444;11153544444;1398;1386
1713;10673885000;10653544444;11153544444;1400;1388
1714;10673888000;10653544444;11153544444;1400;1388
1715;10673891000;10653555555;11153555555;982;970
1717;10715522000;10653855555;11153855555;1400;1388
1718;10715541000;10653855555;11153855555;1398;1386
1719;10715544000;10695211111;11195211111;1400;1388
1720;10715556000;10695211111;11195211111;1400;1388
1721;10715560000;10695211111;11195211111;1398;1386
1722;10715572000;10695211111;11195211111;1400;1388
1723;10715576000;10695211111;11195211111;1398;1386
1724;10715579000;10695211111;11195211111;1400;1388
1725;10715582000;10695211111;11195211111;1400;1388
1726;10715585000;10695222222;11195222222;982;970
1727;10757187000;10695522222;11195522222;1398;1386
1728;10757193000;10695522222;11195522222;1400;1388
1729;10757197000;10695522222;11195522222;1398;1386
1730;10757200000;10736877777;11236877777;1400;1388
1731;10757203000;10736877777;11236877777;1400;1388
1732;10757206000;10736877777;11236877777;1398;1386
1733;10757209000;10736877777;11236877777;1400;1388
1734;10757212000;10736877777;11236877777;1398;1386
1735;10757215000;10736877777;11236877777;1400;1388
1736;10757218000;10736877777;11236877777;1400;1388
1737;10757221000;10736888888;11236888888;982;970
1738;10798854000;10737222222;11237222222;1398;1386
1739;10798860000;10737222222;11237222222;1400;1388
1740;10798864000;10737222222;11237222222;1398;1386
1741;10798867000;10778544444;11278544444;1400;1388
1742;10798870000;10778544444;11278544444;1400;1388
1743;10798873000;10778544444;11278544444;1398;1386
1747;10798876000;10778544444;11278544444;1400;1388
1748;10798882000;10778555555;11278555555;982;970
1749;10840522000;10778866666;11278866666;1398;1386
1750;10840529000;10778866666;11278866666;1400;1388
1751;10840532000;10778866666;11278866666;1398;1386
1752;10840536000;10820211111;11320211111;1400;1388
1753;10840539000;10820211111;11320211111;1400;1388
1754;10840542000;10820211111;11320211111;1398;1386
1755;10840545000;10820211111;11320211111;1400;1388
1756;10840548000;10820211111;11320211111;1398;1386
1757;10840551000;10820211111;11320211111;1400;1388
1758;10840555000;10820211111;11320211111;1400;1388
1759;10840558000;10820222222;11320222222;982;970
1760;10882187000;10820522222;11320522222;1398;1386
1761;10882194000;10820522222;11320522222;1400;1388
1762;10882197000;10820522222;11320522222;1398;1386
1763;10882200000;10861877777;11361877777;1400;1388
1764;10882203000;10861877777;11361877777;1400;1388
1765;10882206000;10861877777;11361877777;1398;1386
1766;10882209000;10861877777;11361877777;1400;1388
1767;10882213000;10861877777;11361877777;1398;1386
1768;10882216000;10861877777;11361877777;1400;1388
1769;10882219000;10861877777;11361877777;1400;1388
1770;10882230000;10861888888;11361888888;982;970
1771;10923851000;10862200000;11362200000;1398;1386
1772;10923857000;10862200000;11362200000;1400;1388
1773;10923861000;10862200000;11362200000;1398;1386
1774;10923864000;10903544444;11403544444;1400;1388
1775;10923867000;10903544444;11403544444;1400;1388
1776;10923870000;10903544444;11403544444;1398;1386
1778;10923873000;10903544444;11403544444;1398;1386
1779;10923878000;10903544444;11403544444;1400;1388
1780;10923892000;10903544444;11403544444;1400;1388
1781;10923895000;10903555555;11403555555;982;970
1782;10965533000;10903844444;11403844444;1398;1386
1783;10965539000;10903844444;11403844444;1400;1388
1784;10965552000;10903844444;11403844444;1398;1386
1785;10965555000;10945211111;11445211111;1400;1388
1786;10965566000;10945211111;11445211111;1400;1388
1787;10965570000;10945211111;11445211111;1398;1386
1788;10965573000;10945211111;11445211111;1400;1388
1789;10965576000;10945211111;11445211111;1398;1386
1790;10965579000;10945211111;11445211111;1400;1388
1791;10965582000;10945211111;11445211111;1400;1388
1792;10965585000;10945222222;11445222222;982;970
1793;11007197000;10945511111;11445511111;1398;1386
1794;11007204000;10945511111;11445511111;1400;1388
1795;11007217000;10945511111;11445511111;1398;1386
1796;11007220000;10986877777;11486877777;1400;1388
1797;11007223000;10986877777;11486877777;1400;1388
1798;11007227000;10986877777;11486877777;1398;1386
1799;11007230000;10986877777;11486877777;1400;1388
1800;11007233000;10986877777;11486877777;1398;1386
1801;11007236000;10986877777;11486877777;1400;1388
1802;11007239000;10986877777;11486877777;1400;1388
1803;11007242000;10986888888;11486888888;982;970
1804;11048859000;10987222222;11487222222;1398;1386
1805;11048867000;10987222222;11487222222;1400;1388
1806;11048871000;10987222222;11487222222;1398;1386
1807;11048874000;11028544444;11528544444;1400;1388
1808;11048877000;11028544444;11528544444;1400;1388
1809;11048880000;11028544444;11528544444;1398;1386
1810;11048883000;11028544444;11528544444;1400;1388
1811;11048887000;11028544444;11528544444;1398;1386
1812;11048890000;11028544444;11528544444;1400;1388
1813;11048893000;11028544444;11528544444;1400;1388
1814;11048896000;11028555555;11528555555;982;970
1815;11090522000;11028866666;11528866666;1398;1386
1816;11090530000;11028866666;11528866666;1400;1388
1819;11090534000;11070211111;11570211111;1400;1388
1820;11090539000;11070211111;11570211111;1398;1386
1821;11090553000;11070211111;11570211111;1400;1388
1822;11090556000;11070211111;11570211111;1398;1386
1823;11090565000;11070211111;11570211111;1400;1388
1824;11090568000;11070211111;11570211111;1400;1388
1825;11090572000;11070222222;11570222222;982;970
1826;11132195000;11070500000;11570500000;1398;1386
1827;11132202000;11070500000;11570500000;1400;1388
1828;11132205000;11070500000;11570500000;1398;1386
1829;11132208000;11111888888;11611888888;1400;1388
1830;11132211000;11111888888;11611888888;1400;1388
1831;11132214000;11111888888;11611888888;1398;1386
1832;11132217000;11111888888;11611888888;1400;1388
1833;11132220000;11111888888;11611888888;1398;1386
1834;11132223000;11111888888;11611888888;1400;1388
1835;11132226000;11111888888;11611888888;1400;1388
1836;11132229000;11111900000;11611900000;982;970
1837;11173854000;11112233333;11612233333;1398;1386
1838;11173860000;11112233333;11612233333;1400;1388
1839;11173864000;11112233333;11612233333;1398;1386
1840;11173867000;11153544444;11653544444;1400;1388
1841;11173870000;11153544444;11653544444;1400;1388
1842;11173873000;11153544444;11653544444;1398;1386
1843;11173876000;11153544444;11653544444;1400;1388
1844;11173879000;11153544444;11653544444;1398;1386
1845;11173882000;11153544444;11653544444;1400;1388
1846;11173885000;11153544444;11653544444;1400;1388
1847;11173888000;11153555555;11653555555;982;970
1850;11215526000;11153822222;11653822222;1398;1386
1851;11215546000;11195211111;11695211111;1400;1388
1852;11215550000;11195211111;11695211111;1400;1388
1853;11215554000;11195211111;11695211111;1398;1386
1854;11215557000;11195211111;11695211111;1400;1388
1855;11215560000;11195211111;11695211111;1398;1386
1856;11215563000;11195211111;11695211111;1400;1388
1857;11215575000;11195211111;11695211111;1400;1388
1858;11215579000;11195222222;11695222222;982;970
1859;11257210000;11195488888;11695488888;1398;1386
1860;11257218000;11195488888;11695488888;1400;1388
1861;11257222000;11195488888;11695488888;1398;1386
1862;11257225000;11236877777;11736877777;1400;1388
1863;11257228000;11236877777;11736877777;1400;1388
1864;11257232000;11236877777;11736877777;1398;1386
1865;11257235000;11236877777;11736877777;1400;1388
1866;11257238000;11236877777;11736877777;1398;1386
1867;11257241000;11236877777;11736877777;1400;1388
1868;11257244000;11236877777;11736877777;1400;1388
1869;11257247000;11236888888;11736888888;982;970
1870;11298871000;11237200000;11737200000;1398;1386
1871;11298879000;11237200000;11737200000;1400;1388
1872;11298883000;11237200000;11737200000;1398;1386
1873;11298886000;11278544444;11778544444;1400;1388
1874;11298890000;11278544444;11778544444;1400;1388
1875;11298893000;11278544444;11778544444;1398;1386
1876;11298897000;11278544444;11778544444;1400;1388
1877;11298900000;11278544444;11778544444;1398;1386
1878;11298903000;11278544444;11778544444;1400;1388
1879;11298906000;11278544444;11778544444;1400;1388
1880;11298909000;11278555555;11778555555;982;970
1881;11340502000;11278811111;11778811111;1398;1386
1882;11340510000;11278811111;11778811111;1400;1388
1883;11340514000;11278811111;11778811111;1398;1386
1884;11340517000;11320211111;11820211111;1400;1388
1885;11340520000;11320211111;11820211111;1400;1388
1886;11340523000;11320211111;11820211111;1398;1386
1887;11340526000;11320211111;11820211111;1400;1388
1888;11340529000;11320211111;11820211111;1398;1386
1889;11340532000;11320211111;11820211111;1400;1388
1890;11340535000;11320211111;11820211111;1400;1388
1891;11340538000;11320222222;11820222222;982;970
1892;11382188000;11320477777;11820477777;1398;1386
1893;11382195000;11320477777;11820477777;1400;1388
1894;11382198000;11320477777;11820477777;1398;1386
1896;11382201000;11361877777;11861877777;1400;1388
1897;11382207000;11361877777;11861877777;1398;1386
1898;11382220000;11361877777;11861877777;1400;1388
1899;11382224000;11361877777;11861877777;1398;1386
1900;11382234000;11361877777;11861877777;1400;1388
1901;11382237000;11361877777;11861877777;1400;1388
1902;11382240000;11361888888;11861888888;982;970
1903;11423857000;11362188888;11862188888;1398;1386
1904;11423863000;11362188888;11862188888;1400;1388
1905;11423867000;11362188888;11862188888;1398;1386
1906;11423870000;11403544444;11903544444;1400;1388
1907;11423873000;11403544444;11903544444;1400;1388
1908;11423876000;11403544444;11903544444;1398;1386
1909;11423879000;11403544444;11903544444;1400;1388
1910;11423882000;11403544444;11903544444;1398;1386
1911;11423885000;11403544444;11903544444;1400;1388
1913;11423889000;11403555555;11903555555;982;970
1914;11465519000;11403833333;11903833333;1398;1386
1915;11465525000;11403833333;11903833333;1400;1388
1916;11465529000;11403833333;11903833333;1398;1386
1917;11465532000;11445211111;11945211111;1400;1388
1918;11465535000;11445211111;11945211111;1400;1388
1919;11465538000;11445211111;11945211111;1398;1386
1920;11465541000;11445211111;11945211111;1400;1388
1921;11465544000;11445211111;11945211111;1398;1386
1922;11465547000;11445211111;11945211111;1400;1388
1923;11465550000;11445211111;11945211111;1400;1388
1924;11465553000;11445222222;11945222222;982;970
1925;11507191000;11445500000;11945500000;1398;1386
1926;11507199000;11445500000;11945500000;1400;1388
1927;11507203000;11445500000;11945500000;1398;1386
1928;11507206000;11486877777;11986877777;1400;1388
1929;11507210000;11486877777;11986877777;1400;1388
1930;11507213000;11486877777;11986877777;1398;1386
1931;11507217000;11486877777;11986877777;1400;1388
1936;11548874000;11487188888;11987188888;1398;1386
1938;11548895000;11487188888;11987188888;1398;1386
1939;11548900000;11528544444;12028544444;1400;1388
1940;11548903000;11528544444;12028544444;1400;1388
1941;11548906000;11528544444;12028544444;1398;1386
1942;11548910000;11528544444;12028544444;1400;1388
1943;11548913000;11528544444;12028544444;1398;1386
1944;11548925000;11528544444;12028544444;1400;1388
1945;11548928000;11528544444;12028544444;1400;1388
1946;11548931000;11528555555;12028555555;982;970
1947;11590529000;11528822222;12028822222;1398;1386
1948;11590537000;11528822222;12028822222;1400;1388
1949;11590541000;11528822222;12028822222;1398;1386
1950;11590544000;11570211111;12070211111;1400;1388
1951;11590548000;11570211111;12070211111;1400;1388
1952;11590551000;11570211111;12070211111;1398;1386
1953;11590554000;11570211111;12070211111;1400;1388
1954;11590557000;11570211111;12070211111;1398;1386
1955;11590560000;11570211111;12070211111;1400;1388
1956;11590563000;11570211111;12070211111;1400;1388
1957;11590566000;11570222222;12070222222;982;970
1958;11632187000;11570466666;12070466666;1398;1386
1959;11632195000;11570466666;12070466666;1400;1388
1960;11632199000;11570466666;12070466666;1398;1386
1961;11632202000;11611877777;12111877777;1400;1388
1962;11632205000;11611877777;12111877777;1400;1388
1963;11632208000;11611877777;12111877777;1398;1386
1964;11632211000;11611877777;12111877777;1400;1388
1965;11632214000;11611877777;12111877777;1398;1386
1966;11632217000;11611877777;12111877777;1400;1388
1967;11632220000;11611877777;12111877777;1400;1388
1968;11632224000;11611888888;12111888888;982;970
1969;11673855000;11612177777;12112177777;1398;1386
1970;11673863000;11612177777;12112177777;1400;1388
1973;11673867000;11653544444;12153544444;1400;1388
1974;11673873000;11653544444;12153544444;1398;1386
1975;11673887000;11653544444;12153544444;1400;1388
1976;11673890000;11653544444;12153544444;1398;1386
1977;11673901000;11653544444;12153544444;1400;1388
1978;11673905000;11653544444;12153544444;1400;1388
1979;11673908000;11653555555;12153555555;982;970
1980;11715512000;11653822222;12153822222;1398;1386
1981;11715518000;11653822222;12153822222;1400;1388
1982;11715522000;11653822222;12153822222;1398;1386
1983;11715525000;11695211111;12195211111;1400;1388
1984;11715528000;11695211111;12195211111;1400;1388
1985;11715531000;11695211111;12195211111;1398;1386
1986;11715534000;11695211111;12195211111;1400;1388
1987;11715538000;11695211111;12195211111;1398;1386
1988;11715541000;11695211111;12195211111;1400;1388
1989;11715544000;11695211111;12195211111;1400;1388
1990;11715547000;11695222222;12195222222;982;970
1991;11757210000;11695488888;12195488888;1398;1386
1992;11757219000;11695488888;12195488888;1400;1388
1993;11757222000;11695488888;12195488888;1398;1386
1994;11757226000;11736877777;12236877777;1400;1388
1995;11757229000;11736877777;12236877777;1400;1388
1996;11757232000;11736877777;12236877777;1398;1386
1997;11757235000;11736877777;12236877777;1400;1388
1998;11757238000;11736877777;12236877777;1398;1386
1999;11757241000;11736877777;12236877777;1400;1388
2000;11757244000;11736877777;12236877777;1400;1388
2001;11757247000;11736888888;12236888888;982;970
2002;11798868000;11737200000;12237200000;1398;1386
2003;11798876000;11737200000;12237200000;1400;1388
2004;11798880000;11737200000;12237200000;1398;1386
2005;11798884000;11778544444;12278544444;1400;1388
2007;11798887000;11778544444;12278544444;1398;1386
2008;11798892000;11778544444;12278544444;1400;1388
2009;11798906000;11778544444;12278544444;1398;1386
2010;11798909000;11778544444;12278544444;1400;1388
2011;11798918000;11778544444;12278544444;1400;1388
2013;11840494000;11778844444;12278844444;1398;1386
2014;11840502000;11778844444;12278844444;1400;1388
2015;11840506000;11778844444;12278844444;1398;1386
2016;11840509000;11820188888;12320188888;1400;1388
2017;11840513000;11820188888;12320188888;1400;1388
2018;11840516000;11820188888;12320188888;1398;1386
2019;11840519000;11820188888;12320188888;1400;1388
2020;11840522000;11820188888;12320188888;1398;1386
2021;11840525000;11820188888;12320188888;1400;1388
2022;11840528000;11820188888;12320188888;1400;1388
2025;11882172000;11820477777;12320477777;1400;1388
2026;11882192000;11820477777;12320477777;1398;1386
2027;11882196000;11861877777;12361877777;1400;1388
2028;11882209000;11861877777;12361877777;1400;1388
2029;11882212000;11861877777;12361877777;1398;1386
2030;11882216000;11861877777;12361877777;1400;1388
2031;11882228000;11861877777;12361877777;1398;1386
2032;11882231000;11861877777;12361877777;1400;1388
2033;11882235000;11861877777;12361877777;1400;1388
2035;11923882000;11862177777;12362177777;1398;1386
2037;11923901000;11862177777;12362177777;1398;1386
2038;11923906000;11903544444;12403544444;1400;1388
2039;11923927000;11903544444;12403544444;1400;1388
2040;11923931000;11903544444;12403544444;1398;1386
2041;11923934000;11903544444;12403544444;1400;1388
2042;11923947000;11903544444;12403544444;1398;1386
2043;11923950000;11903544444;12403544444;1400;1388
2044;11923953000;11903544444;12403544444;1400;1388
2045;11923956000;11903555555;12403555555;982;970
2046;11965529000;11903822222;12403822222;1398;1386
2047;11965536000;11903822222;12403822222;1400;1388
2048;11965549000;11903822222;12403822222;1398;1386
2049;11965552000;11945211111;12445211111;1400;1388
2050;11965555000;11945211111;12445211111;1400;1388
2052;11965558000;11945211111;12445211111;1400;1388
2053;11965563000;11945211111;12445211111;1398;1386
2054;11965577000;11945211111;12445211111;1400;1388
2055;11965580000;11945211111;12445211111;1400;1388
2056;11965591000;11945222222;12445222222;982;970
2057;12007190000;11945488888;12445488888;1398;1386
2058;12007197000;11945488888;12445488888;1400;1388
2059;12007200000;11945488888;12445488888;1398;1386
2060;12007203000;11986877777;12486877777;1400;1388
2061;12007206000;11986877777;12486877777;1400;1388
2062;12007210000;11986877777;12486877777;1398;1386
2063;12007213000;11986877777;12486877777;1400;1388
2064;12007216000;11986877777;12486877777;1398;1386
2065;12007219000;11986877777;12486877777;1400;1388
2066;12007222000;11986877777;12486877777;1400;1388
2067;12007225000;11986888888;12486888888;982;970
2068;12048852000;11987200000;12487200000;1398;1386
2071;12048859000;12028544444;12528544444;1400;1388
2072;12048864000;12028544444;12528544444;1400;1388
2073;12048878000;12028544444;12528544444;1398;1386
2074;12048881000;12028544444;12528544444;1400;1388
2075;12048891000;12028544444;12528544444;1398;1386
2076;12048894000;12028544444;12528544444;1400;1388
2077;12048897000;12028544444;12528544444;1400;1388
2078;12048910000;12028555555;12528555555;982;970
2079;12090522000;12028833333;12528833333;1398;1386
2080;12090529000;12028833333;12528833333;1400;1388
2081;12090532000;12028833333;12528833333;1398;1386
2082;12090535000;12070211111;12570211111;1400;1388
2083;12090538000;12070211111;12570211111;1400;1388
2084;12090542000;12070211111;12570211111;1398;1386
2085;12090545000;12070211111;12570211111;1400;1388
2086;12090548000;12070211111;12570211111;1398;1386
2087;12090551000;12070211111;12570211111;1400;1388
2088;12090554000;12070211111;12570211111;1400;1388
2089;12090557000;12070222222;12570222222;982;970
2090;12132210000;12070477777;12570477777;1398;1386
2091;12132218000;12070477777;12570477777;1400;1388
2092;12132222000;12070477777;12570477777;1398;1386
2093;12132225000;12111877777;12611877777;1400;1388
2094;12132229000;12111877777;12611877777;1400;1388
2095;12132232000;12111877777;12611877777;1398;1386
2096;12132235000;12111877777;12611877777;1400;1388
2097;12132238000;12111877777;12611877777;1398;1386
2098;12132241000;12111877777;12611877777;1400;1388
2099;12132244000;12111877777;12611877777;1400;1388
2100;12132247000;12111888888;12611888888;982;970
2101;12173872000;12112200000;12612200000;1398;1386
2102;12173880000;12112200000;12612200000;1400;1388
2103;12173884000;12112200000;12612200000;1398;1386
2104;12173887000;12153544444;12653544444;1400;1388
2105;12173890000;12153544444;12653544444;1400;1388
2106;12173894000;12153544444;12653544444;1398;1386
2107;12173897000;12153544444;12653544444;1400;1388
2108;12173900000;12153544444;12653544444;1398;1386
2109;12173903000;12153544444;12653544444;1400;1388
2110;12173906000;12153544444;12653544444;1400;1388
2111;12173909000;12153555555;12653555555;982;970
2112;12215514000;12153855555;12653855555;1398;1386
2113;12215521000;12153855555;12653855555;1400;1388
2114;12215525000;12153855555;12653855555;1398;1386
2115;12215529000;12195211111;12695211111;1400;1388
2116;12215532000;12195211111;12695211111;1400;1388
2117;12215535000;12195211111;12695211111;1398;1386
2118;12215538000;12195211111;12695211111;1400;1388
2119;12215541000;12195211111;12695211111;1398;1386
2120;12215544000;12195211111;12695211111;1400;1388
2121;12215547000;12195211111;12695211111;1400;1388
2122;12215550000;12195222222;12695222222;982;970
2123;12257186000;12195522222;12695522222;1398;1386
2124;12257193000;12195522222;12695522222;1400;1388
2125;12257196000;12195522222;12695522222;1398;1386
2126;12257200000;12236877777;12736877777;1400;1388
2127;12257203000;12236877777;12736877777;1400;1388
2128;12257206000;12236877777;12736877777;1398;1386
2129;12257209000;12236877777;12736877777;1400;1388
2130;12257221000;12236877777;12736877777;1398;1386
2131;12257224000;12236877777;12736877777;1400;1388
2132;12257228000;12236877777;12736877777;1400;1388
2135;12298856000;12237222222;12737222222;1400;1388
2136;12298876000;12237222222;12737222222;1398;1386
2137;12298880000;12278544444;12778544444;1400;1388
2138;12298893000;12278544444;12778544444;1400;1388
2139;12298896000;12278544444;12778544444;1398;1386
2140;12298900000;12278544444;12778544444;1400;1388
2141;12298913000;12278544444;12778544444;1398;1386
2142;12298916000;12278544444;12778544444;1400;1388
2143;12298919000;12278544444;12778544444;1400;1388
2144;12298922000;12278555555;12778555555;982;970
2145;12340538000;12278944444;12778944444;1398;1386
2146;12340546000;12278944444;12778944444;1400;1388
2147;12340550000;12278944444;12778944444;1398;1386
2148;12340553000;12320211111;12820211111;1400;1388
2149;12340556000;12320211111;12820211111;1400;1388
2150;12340560000;12320211111;12820211111;1398;1386
2152;12340563000;12320211111;12820211111;1398;1386
2153;12340569000;12320211111;12820211111;1400;1388
2154;12340582000;12320211111;12820211111;1400;1388
2155;12340586000;12320222222;12820222222;982;970
2156;12382207000;12320522222;12820522222;1398;1386
2157;12382216000;12320522222;12820522222;1400;1388
2158;12382219000;12320522222;12820522222;1398;1386
2159;12382222000;12361877777;12861877777;1400;1388
2160;12382226000;12361877777;12861877777;1400;1388
2161;12382229000;12361877777;12861877777;1398;1386
2163;12382232000;12361877777;12861877777;1398;1386
2164;12382235000;12361877777;12861877777;1400;1388
2165;12382239000;12361877777;12861877777;1400;1388
2166;12382242000;12361888888;12861888888;982;970
2167;12423849000;12362222222;12862222222;1398;1386
2168;12423857000;12362222222;12862222222;1400;1388
2169;12423860000;12362222222;12862222222;1398;1386
2170;12423864000;12403544444;12903544444;1400;1388
2171;12423868000;12403544444;12903544444;1400;1388
2172;12423871000;12403544444;12903544444;1398;1386
2174;12423874000;12403544444;12903544444;1398;1386
2175;12423877000;12403544444;12903544444;1400;1388
2176;12423881000;12403544444;12903544444;1400;1388
2177;12423884000;12403555555;12903555555;982;970
2178;12465522000;12403866666;12903866666;1398;1386
2179;12465528000;12403866666;12903866666;1400;1388
2180;12465532000;12403866666;12903866666;1398;1386
2181;12465535000;12445211111;12945211111;1400;1388
2182;12465539000;12445211111;12945211111;1400;1388
2183;12465542000;12445211111;12945211111;1398;1386
2184;12465545000;12445211111;12945211111;1400;1388
2185;12465548000;12445211111;12945211111;1398;1386
2186;12465551000;12445211111;12945211111;1400;1388
2187;12465555000;12445211111;12945211111;1400;1388
2188;12465558000;12445222222;12945222222;982;970
2189;12507170000;12445533333;12945533333;1398;1386
2190;12507176000;12445533333;12945533333;1400;1388
2191;12507179000;12445533333;12945533333;1398;1386
2192;12507182000;12486877777;12986877777;1400;1388
2193;12507186000;12486877777;12986877777;1400;1388
2194;12507189000;12486877777;12986877777;1398;1386
2195;12507192000;12486877777;12986877777;1400;1388
2196;12507195000;12486877777;12986877777;1398;1386
2197;12507198000;12486877777;12986877777;1400;1388
2198;12507201000;12486877777;12986877777;1400;1388
2199;12507204000;12486888888;12986888888;982;970
2200;12548870000;12487222222;12987222222;1398;1386
2201;12548877000;12487222222;12987222222;1400;1388
2202;12548880000;12487222222;12987222222;1398;1386
2203;12548883000;12528544444;13028544444;1400;1388
2204;12548887000;12528544444;13028544444;1400;1388
2205;12548890000;12528544444;13028544444;1398;1386
2206;12548894000;12528544444;13028544444;1400;1388
2207;12548897000;12528544444;13028544444;1398;1386
2208;12548900000;12528544444;13028544444;1400;1388
2209;12548903000;12528544444;13028544444;1400;1388
2210;12548906000;12528555555;13028555555;982;970
2211;12590519000;12528855555;13028855555;1398;1386
2212;12590526000;12528855555;13028855555;1400;1388
2213;12590529000;12528855555;13028855555;1398;1386
2214;12590532000;12570211111;13070211111;1400;1388
2215;12590544000;12570211111;13070211111;1400;1388
2216;12590548000;12570211111;13070211111;1398;1386
2217;12590551000;12570211111;13070211111;1400;1388
2218;12590554000;12570211111;13070211111;1398;1386
2219;12590557000;12570211111;13070211111;1400;1388
2220;12590560000;12570211111;13070211111;1400;1388
2221;12590563000;12570222222;13070222222;982;970
2222;12632185000;12570488888;13070488888;1398;1386
2225;12632192000;12611877777;13111877777;1400;1388
2226;12632198000;12611877777;13111877777;1400;1388
2227;12632212000;12611877777;13111877777;1398;1386
2228;12632215000;12611877777;13111877777;1400;1388
2229;12632226000;12611877777;13111877777;1398;1386
2230;12632230000;12611877777;13111877777;1400;1388
2231;12632233000;12611877777;13111877777;1400;1388
2232;12632245000;12611888888;13111888888;982;970
2233;12673853000;12612211111;13112211111;1398;1386
2234;12673859000;12612211111;13112211111;1400;1388
2235;12673863000;12612211111;13112211111;1398;1386
2236;12673866000;12653544444;13153544444;1400;1388
2237;12673869000;12653544444;13153544444;1400;1388
2238;12673872000;12653544444;13153544444;1398;1386
2239;12673875000;12653544444;13153544444;1400;1388
2240;12673878000;12653544444;13153544444;1398;1386
2243;12673882000;12653555555;13153555555;982;970
2244;12715537000;12653866666;13153866666;1398;1386
2245;12715546000;12653866666;13153866666;1400;1388
2246;12715550000;12653866666;13153866666;1398;1386
2247;12715553000;12695211111;13195211111;1400;1388
2248;12715556000;12695211111;13195211111;1400;1388
2249;12715559000;12695211111;13195211111;1398;1386
2250;12715562000;12695211111;13195211111;1400;1388
2251;12715565000;12695211111;13195211111;1398;1386
2252;12715568000;12695211111;13195211111;1400;1388
2253;12715571000;12695211111;13195211111;1400;1388
2254;12715574000;12695222222;13195222222;982;970
2255;12757208000;12695522222;13195522222;1398;1386
2256;12757217000;12695522222;13195522222;1400;1388
2257;12757221000;12695522222;13195522222;1398;1386
2258;12757224000;12736877777;13236877777;1400;1388
2259;12757227000;12736877777;13236877777;1400;1388
2260;12757230000;12736877777;13236877777;1398;1386
2261;12757233000;12736877777;13236877777;1400;1388
2262;12757237000;12736877777;13236877777;1398;1386
2263;12757240000;12736877777;13236877777;1400;1388
2264;12757243000;12736877777;13236877777;1400;1388
2266;12798848000;12737222222;13237222222;1398;1386
2267;12798868000;12737222222;13237222222;1400;1388
2268;12798872000;12737222222;13237222222;1398;1386
2269;12798876000;12778544444;13278544444;1400;1388
2270;12798879000;12778544444;13278544444;1400;1388
2271;12798882000;12778544444;13278544444;1398;1386
2272;12798885000;12778544444;13278544444;1400;1388
2273;12798897000;12778544444;13278544444;1398;1386
2274;12798900000;12778544444;13278544444;1400;1388
2276;12798904000;12778555555;13278555555;982;970
2277;12840541000;12778866666;13278866666;1398;1386
2278;12840549000;12778866666;13278866666;1400;1388
2279;12840553000;12778866666;13278866666;1398;1386
2280;12840556000;12820211111;13320211111;1400;1388
2281;12840560000;12820211111;13320211111;1400;1388
2282;12840563000;12820211111;13320211111;1398;1386
2283;12840566000;12820211111;13320211111;1400;1388
2284;12840569000;12820211111;13320211111;1398;1386
2285;12840572000;12820211111;13320211111;1400;1388
2286;12840575000;12820211111;13320211111;1400;1388
2287;12840578000;12820222222;13320222222;982;970
2288;12882207000;12820533333;13320533333;1398;1386
2289;12882215000;12820533333;13320533333;1400;1388
2290;12882219000;12820533333;13320533333;1398;1386
2292;12882222000;12861877777;13361877777;1400;1388
2293;12882238000;12861877777;13361877777;1398;1386
2294;12882241000;12861877777;13361877777;1400;1388
2295;12882245000;12861877777;13361877777;1398;1386
2296;12882254000;12861877777;13361877777;1400;1388
2297;12882258000;12861877777;13361877777;1400;1388
2298;12882261000;12861888888;13361888888;982;970
2299;12923849000;12862211111;13362211111;1398;1386
2300;12923857000;12862211111;13362211111;1400;1388
2301;12923861000;12862211111;13362211111;1398;1386
2302;12923864000;12903544444;13403544444;1400;1388
2303;12923878000;12903544444;13403544444;1400;1388
2304;12923882000;12903544444;13403544444;1398;1386
2305;12923885000;12903544444;13403544444;1400;1388
2306;12923888000;12903544444;13403544444;1398;1386
2307;12923891000;12903544444;13403544444;1400;1388
2308;12923894000;12903544444;13403544444;1400;1388
2309;12923897000;12903555555;13403555555;982;970
2310;12965519000;12903844444;13403844444;1398;1386
2311;12965526000;12903844444;13403844444;1400;1388
2312;12965529000;12903844444;13403844444;1398;1386
2313;12965532000;12945211111;13445211111;1400;1388
2314;12965536000;12945211111;13445211111;1400;1388
2316;12965539000;12945211111;13445211111;1400;1388
2317;12965545000;12945211111;13445211111;1398;1386
2318;12965558000;12945211111;13445211111;1400;1388
2319;12965561000;12945211111;13445211111;1400;1388
2320;12965572000;12945222222;13445222222;982;970
2321;13007192000;12945522222;13445522222;1398;1386
2322;13007200000;12945522222;13445522222;1400;1388
2323;13007203000;12945522222;13445522222;1398;1386
2324;13007206000;12986877777;13486877777;1400;1388
2325;13007209000;12986877777;13486877777;1400;1388
2326;13007213000;12986877777;13486877777;1398;1386
2327;13007216000;12986877777;13486877777;1400;1388
2328;13007219000;12986877777;13486877777;1398;1386
2329;13007222000;12986877777;13486877777;1400;1388
2330;13007225000;12986877777;13486877777;1400;1388
2331;13007228000;12986888888;13486888888;982;970
2332;13048876000;12987233333;13487233333;1398;1386
2333;13048885000;12987233333;13487233333;1400;1388
2334;13048889000;12987233333;13487233333;1398;1386
2335;13048892000;13028544444;13528544444;1400;1388
2336;13048895000;13028544444;13528544444;1400;1388
2337;13048898000;13028544444;13528544444;1398;1386
2338;13048901000;13028544444;13528544444;1400;1388
2339;13048904000;13028544444;13528544444;1398;1386
2340;13048907000;13028544444;13528544444;1400;1388
2342;13048910000;13028555555;13528555555;982;970
2343;13090544000;13028866666;13528866666;1398;1386
2344;13090552000;13028866666;13528866666;1400;1388
2345;13090556000;13028866666;13528866666;1398;1386
2346;13090559000;13070244444;13570244444;1400;1388
2348;13090563000;13070244444;13570244444;1398;1386
2349;13090566000;13070244444;13570244444;1400;1388
2350;13090569000;13070244444;13570244444;1398;1386
2351;13090573000;13070244444;13570244444;1400;1388
2352;13090576000;13070244444;13570244444;1400;1388
2353;13090579000;13070255555;13570255555;982;970
2354;13132190000;13070544444;13570544444;1398;1386
2355;13132197000;13070544444;13570544444;1400;1388
2356;13132201000;13070544444;13570544444;1398;1386
2357;13132204000;13111877777;13611877777;1400;1388
2358;13132207000;13111877777;13611877777;1400;1388
2359;13132211000;13111877777;13611877777;1398;1386
2360;13132214000;13111877777;13611877777;1400;1388
2361;13132217000;13111877777;13611877777;1398;1386
2362;13132220000;13111877777;13611877777;1400;1388
2363;13132223000;13111877777;13611877777;1400;1388
2364;13132226000;13111888888;13611888888;982;970
2365;13173864000;13112233333;13612233333;1398;1386
2366;13173871000;13112233333;13612233333;1400;1388
2367;13173884000;13112233333;13612233333;1398;1386
2368;13173887000;13153544444;13653544444;1400;1388
2369;13173891000;13153544444;13653544444;1400;1388
2370;13173894000;13153544444;13653544444;1398;1386
2371;13173897000;13153544444;13653544444;1400;1388
2372;13173900000;13153544444;13653544444;1398;1386
2373;13173903000;13153544444;13653544444;1400;1388
2374;13173906000;13153544444;13653544444;1400;1388
2375;13173909000;13153555555;13653555555;982;970
2376;13215520000;13153855555;13653855555;1398;1386
2377;13215526000;13153855555;13653855555;1400;1388
2378;13215530000;13153855555;13653855555;1398;1386
2379;13215533000;13195211111;13695211111;1400;1388
2380;13215536000;13195211111;13695211111;1400;1388
2381;13215539000;13195211111;13695211111;1398;1386
2382;13215542000;13195211111;13695211111;1400;1388
2383;13215546000;13195211111;13695211111;1398;1386
2384;13215549000;13195211111;13695211111;1400;1388
2385;13215552000;13195211111;13695211111;1400;1388
2386;13215555000;13195222222;13695222222;982;970
2387;13257188000;13195511111;13695511111;1398;1386
2388;13257195000;13195511111;13695511111;1400;1388
2389;13257198000;13195511111;13695511111;1398;1386
2390;13257201000;13236877777;13736877777;1400;1388
2391;13257205000;13236877777;13736877777;1400;1388
2392;13257208000;13236877777;13736877777;1398;1386
2393;13257211000;13236877777;13736877777;1400;1388
2394;13257214000;13236877777;13736877777;1398;1386
2395;13257217000;13236877777;13736877777;1400;1388
2396;13257220000;13236877777;13736877777;1400;1388
2397;13257223000;13236888888;13736888888;982;970
2398;13298853000;13237222222;13737222222;1398;1386
2399;13298859000;13237222222;13737222222;1400;1388
2400;13298863000;13237222222;13737222222;1398;1386
2401;13298866000;13278544444;13778544444;1400;1388
2402;13298869000;13278544444;13778544444;1400;1388
2404;13298872000;13278544444;13778544444;1400;1388
2405;13298878000;13278544444;13778544444;1398;1386
2406;13298892000;13278544444;13778544444;1400;1388
2407;13298895000;13278544444;13778544444;1400;1388
2408;13298908000;13278555555;13778555555;982;970
2409;13340521000;13278844444;13778844444;1398;1386
2410;13340528000;13278844444;13778844444;1400;1388
2411;13340531000;13278844444;13778844444;1398;1386
2412;13340534000;13320211111;13820211111;1400;1388
2413;13340538000;13320211111;13820211111;1400;1388
2414;13340541000;13320211111;13820211111;1398;1386
2415;13340544000;13320211111;13820211111;1400;1388
2416;13340547000;13320211111;13820211111;1398;1386
2418;13340550000;13320211111;13820211111;1400;1388
2419;13340554000;13320222222;13820222222;982;970
2420;13382171000;13320511111;13820511111;1398;1386
2421;13382177000;13320511111;13820511111;1400;1388
2422;13382181000;13320511111;13820511111;1398;1386
2423;13382184000;13361877777;13861877777;1400;1388
2424;13382187000;13361877777;13861877777;1400;1388
2425;13382190000;13361877777;13861877777;1398;1386
2426;13382194000;13361877777;13861877777;1400;1388
2427;13382197000;13361877777;13861877777;1398;1386
2428;13382200000;13361877777;13861877777;1400;1388
2429;13382203000;13361877777;13861877777;1400;1388
2430;13382206000;13361888888;13861888888;982;970
2431;13423852000;13362211111;13862211111;1398;1386
2432;13423858000;13362211111;13862211111;1400;1388
2435;13423862000;13403544444;13903544444;1400;1388
2436;13423867000;13403544444;13903544444;1398;1386
2437;13423881000;13403544444;13903544444;1400;1388
2438;13423885000;13403544444;13903544444;1398;1386
2439;13423895000;13403544444;13903544444;1400;1388
2440;13423899000;13403544444;13903544444;1400;1388
2441;13423902000;13403555555;13903555555;982;970
2442;13465536000;13403855555;13903855555;1398;1386
2443;13465543000;13403855555;13903855555;1400;1388
2444;13465546000;13403855555;13903855555;1398;1386
2445;13465549000;13445211111;13945211111;1400;1388
2446;13465553000;13445211111;13945211111;1400;1388
2447;13465556000;13445211111;13945211111;1398;1386
2448;13465559000;13445211111;13945211111;1400;1388
2449;13465562000;13445211111;13945211111;1398;1386
2450;13465565000;13445211111;13945211111;1400;1388
2451;13465568000;13445211111;13945211111;1400;1388
2452;13465571000;13445222222;13945222222;982;970
2453;13507195000;13445522222;13945522222;1398;1386
2454;13507201000;13445522222;13945522222;1400;1388
2455;13507214000;13445522222;13945522222;1398;1386
2458;13507217000;13486877777;13986877777;1398;1386
2459;13507232000;13486877777;13986877777;1400;1388
2460;13507236000;13486877777;13986877777;1398;1386
2461;13507239000;13486877777;13986877777;1400;1388
2462;13507249000;13486877777;13986877777;1400;1388
2463;13507253000;13486888888;13986888888;982;970
2464;13548878000;13487222222;13987222222;1398;1386
2465;13548886000;13487222222;13987222222;1400;1388
2466;13548890000;13487222222;13987222222;1398;1386
2467;13548893000;13528544444;14028544444;1400;1388
2468;13548896000;13528544444;14028544444;1400;1388
2469;13548899000;13528544444;14028544444;1398;1386
2470;13548902000;13528544444;14028544444;1400;1388
2471;13548906000;13528544444;14028544444;1398;1386
2472;13548909000;13528544444;14028544444;1400;1388
2473;13548920000;13528544444;14028544444;1400;1388
2475;13590531000;13528855555;14028855555;1398;1386
2476;13590553000;13528855555;14028855555;1400;1388
2477;13590557000;13528855555;14028855555;1398;1386
2478;13590560000;13570211111;14070211111;1400;1388
2479;13590564000;13570211111;14070211111;1400;1388
2480;13590567000;13570211111;14070211111;1398;1386
2481;13590570000;13570211111;14070211111;1400;1388
2482;13590583000;13570211111;14070211111;1398;1386
2483;13590586000;13570211111;14070211111;1400;1388
2484;13590589000;13570211111;14070211111;1400;1388
2485;13590592000;13570222222;14070222222;982;970
2486;13632207000;13570477777;14070477777;1398;1386
2487;13632216000;13570477777;14070477777;1400;1388
2488;13632219000;13570477777;14070477777;1398;1386
2489;13632223000;13611877777;14111877777;1400;1388
2490;13632226000;13611877777;14111877777;1400;1388
2491;13632229000;13611877777;14111877777;1398;1386
2492;13632232000;13611877777;14111877777;1400;1388
2493;13632235000;13611877777;14111877777;1398;1386
2494;13632239000;13611877777;14111877777;1400;1388
2495;13632242000;13611877777;14111877777;1400;1388
2496;13632245000;13611888888;14111888888;982;970
2497;13673847000;13612200000;14112200000;1398;1386
2499;13673855000;13612200000;14112200000;1398;1386
2500;13673871000;13653544444;14153544444;1400;1388
2501;13673874000;13653544444;14153544444;1400;1388
2502;13673878000;13653544444;14153544444;1398;1386
2503;13673881000;13653544444;14153544444;1400;1388
2504;13673884000;13653544444;14153544444;1398;1386
2505;13673887000;13653544444;14153544444;1400;1388
2506;13673890000;13653544444;14153544444;1400;1388
2507;13673903000;13653555555;14153555555;982;970
2508;13715580000;13653855555;14153855555;1398;1386
2509;13715587000;13653855555;14153855555;1400;1388
2510;13715590000;13653855555;14153855555;1398;1386
2511;13715593000;13695211111;14195211111;1400;1388
2512;13715597000;13695211111;14195211111;1400;1388
2513;13715600000;13695211111;14195211111;1398;1386
2514;13715603000;13695211111;14195211111;1400;1388
2515;13715606000;13695211111;14195211111;1398;1386
2516;13715609000;13695211111;14195211111;1400;1388
2517;13715612000;13695211111;14195211111;1400;1388
2518;13715615000;13695222222;14195222222;982;970
2519;13757191000;13695511111;14195511111;1398;1386
2520;13757199000;13695511111;14195511111;1400;1388
2521;13757202000;13695511111;14195511111;1398;1386
2522;13757206000;13736877777;14236877777;1400;1388
2523;13757209000;13736877777;14236877777;1400;1388
2525;13757212000;13736877777;14236877777;1400;1388
2526;13757217000;13736877777;14236877777;1398;1386
2527;13757231000;13736877777;14236877777;1400;1388
2528;13757234000;13736877777;14236877777;1400;1388
2529;13757243000;13736888888;14236888888;982;970
2530;13798881000;13737222222;14237222222;1398;1386
2531;13798890000;13737222222;14237222222;1400;1388
2533;13798894000;13778544444;14278544444;1400;1388
2534;13798898000;13778544444;14278544444;1400;1388
2535;13798901000;13778544444;14278544444;1398;1386
2536;13798904000;13778544444;14278544444;1400;1388
2537;13798907000;13778544444;14278544444;1398;1386
2538;13798911000;13778544444;14278544444;1400;1388
2539;13798914000;13778544444;14278544444;1400;1388
2541;13840486000;13778866666;14278866666;1398;1386
2542;13840495000;13778866666;14278866666;1400;1388
2543;13840499000;13778866666;14278866666;1398;1386
2544;13840502000;13820188888;14320188888;1400;1388
2545;13840505000;13820188888;14320188888;1400;1388
2546;13840508000;13820188888;14320188888;1398;1386
2547;13840512000;13820188888;14320188888;1400;1388
2548;13840515000;13820188888;14320188888;1398;1386
2549;13840518000;13820188888;14320188888;1400;1388
2550;13840522000;13820188888;14320188888;1400;1388
2551;13840525000;13820200000;14320200000;982;970
2552;13882189000;13820511111;14320511111;1398;1386
2553;13882197000;13820511111;14320511111;1400;1388
2554;13882200000;13820511111;14320511111;1398;1386
2555;13882204000;13861877777;14361877777;1400;1388
2556;13882207000;13861877777;14361877777;1400;1388
2557;13882210000;13861877777;14361877777;1398;1386
2558;13882213000;13861877777;14361877777;1400;1388
2559;13882226000;13861877777;14361877777;1398;1386
2560;13882229000;13861877777;14361877777;1400;1388
2561;13882232000;13861877777;14361877777;1400;1388
2562;13882235000;13861888888;14361888888;982;970
2563;13923855000;13862200000;14362200000;1398;1386
2564;13923861000;13862200000;14362200000;1400;1388
2565;13923865000;13862200000;14362200000;1398;1386
2566;13923868000;13903544444;14403544444;1400;1388
2567;13923872000;13903544444;14403544444;1400;1388
2568;13923875000;13903544444;14403544444;1398;1386
2569;13923878000;13903544444;14403544444;1400;1388
2570;13923881000;13903544444;14403544444;1398;1386
2571;13923884000;13903544444;14403544444;1400;1388
2572;13923887000;13903544444;14403544444;1400;1388
2573;13923890000;13903555555;14403555555;982;970
2574;13965519000;13903833333;14403833333;1398;1386
2575;13965526000;13903833333;14403833333;1400;1388
2576;13965529000;13903833333;14403833333;1398;1386
2577;13965532000;13945211111;14445211111;1400;1388
2578;13965535000;13945211111;14445211111;1400;1388
2579;13965538000;13945211111;14445211111;1398;1386
2580;13965541000;13945211111;14445211111;1400;1388
2581;13965544000;13945211111;14445211111;1398;1386
2582;13965547000;13945211111;14445211111;1400;1388
2583;13965551000;13945211111;14445211111;1400;1388
2584;13965554000;13945222222;14445222222;982;970
2585;14007186000;13945500000;14445500000;1398;1386
2586;14007192000;13945500000;14445500000;1400;1388
2587;14007195000;13945500000;14445500000;1398;1386
2588;14007199000;13986877777;14486877777;1400;1388
2589;14007202000;13986877777;14486877777;1400;1388
2590;14007205000;13986877777;14486877777;1398;1386
2591;14007208000;13986877777;14486877777;1400;1388
2592;14007211000;13986877777;14486877777;1398;1386
2593;14007214000;13986877777;14486877777;1400;1388
2594;14007217000;13986877777;14486877777;1400;1388
2595;14007220000;13986888888;14486888888;982;970
2596;14048851000;13987222222;14487222222;1398;1386
2597;14048858000;13987222222;14487222222;1400;1388
2598;14048861000;13987222222;14487222222;1398;1386
2599;14048864000;14028544444;14528544444;1400;1388
2601;14048868000;14028544444;14528544444;1398;1386
2602;14048873000;14028544444;14528544444;1400;1388
2603;14048887000;14028544444;14528544444;1398;1386
2604;14048890000;14028544444;14528544444;1400;1388
2605;14048902000;14028544444;14528544444;1400;1388
2606;14048905000;14028555555;14528555555;982;970
2608;14090525000;14028855555;14528855555;1400;1388
2609;14090533000;14028855555;14528855555;1398;1386
2610;14090537000;14070211111;14570211111;1400;1388
2611;14090540000;14070211111;14570211111;1400;1388
2614;14090544000;14070211111;14570211111;1398;1386
2615;14090547000;14070211111;14570211111;1400;1388
2616;14090550000;14070211111;14570211111;1400;1388
2617;14090554000;14070222222;14570222222;982;970
2618;14132192000;14070500000;14570500000;1398;1386
2619;14132201000;14070500000;14570500000;1400;1388
2620;14132204000;14070500000;14570500000;1398;1386
2621;14132207000;14111877777;14611877777;1400;1388
2622;14132211000;14111877777;14611877777;1400;1388
2623;14132214000;14111877777;14611877777;1398;1386
2624;14132217000;14111877777;14611877777;1400;1388
2625;14132220000;14111877777;14611877777;1398;1386
2626;14132223000;14111877777;14611877777;1400;1388
2627;14132226000;14111877777;14611877777;1400;1388
2628;14132229000;14111888888;14611888888;982;970
2629;14173856000;14112211111;14612211111;1398;1386
2630;14173863000;14112211111;14612211111;1400;1388
2631;14173866000;14112211111;14612211111;1398;1386
2632;14173870000;14153544444;14653544444;1400;1388
2633;14173873000;14153544444;14653544444;1400;1388
2634;14173876000;14153544444;14653544444;1398;1386
2635;14173879000;14153544444;14653544444;1400;1388
2636;14173882000;14153544444;14653544444;1398;1386
2637;14173886000;14153544444;14653544444;1400;1388
2638;14173889000;14153544444;14653544444;1400;1388
2639;14173892000;14153555555;14653555555;982;970
2640;14215519000;14153833333;14653833333;1398;1386
2641;14215526000;14153833333;14653833333;1400;1388
2642;14215529000;14153833333;14653833333;1398;1386
2643;14215541000;14195211111;14695211111;1400;1388
2644;14215544000;14195211111;14695211111;1400;1388
2645;14215547000;14195211111;14695211111;1398;1386
2646;14215551000;14195211111;14695211111;1400;1388
2647;14215554000;14195211111;14695211111;1398;1386
2648;14215557000;14195211111;14695211111;1400;1388
2649;14215560000;14195211111;14695211111;1400;1388
2650;14215563000;14195222222;14695222222;982;970
2651;14257188000;14195488888;14695488888;1398;1386
2652;14257195000;14195488888;14695488888;1400;1388
2653;14257198000;14195488888;14695488888;1398;1386
2654;14257201000;14236877777;14736877777;1400;1388
2655;14257205000;14236877777;14736877777;1400;1388
2656;14257208000;14236877777;14736877777;1398;1386
2657;14257211000;14236877777;14736877777;1400;1388
2658;14257215000;14236877777;14736877777;1398;1386
2659;14257218000;14236877777;14736877777;1400;1388
2660;14257221000;14236877777;14736877777;1400;1388
2661;14257224000;14236888888;14736888888;982;970
2662;14298854000;14237200000;14737200000;1398;1386
2663;14298861000;14237200000;14737200000;1400;1388
2664;14298864000;14237200000;14737200000;1398;1386
2665;14298867000;14278544444;14778544444;1400;1388
2666;14298871000;14278544444;14778544444;1400;1388
2667;14298874000;14278544444;14778544444;1398;1386
2668;14298877000;14278544444;14778544444;1400;1388
2669;14298880000;14278544444;14778544444;1398;1386
2670;14298883000;14278544444;14778544444;1400;1388
2671;14298886000;14278544444;14778544444;1400;1388
2672;14298890000;14278555555;14778555555;982;970
2673;14340522000;14278811111;14778811111;1398;1386
2674;14340528000;14278811111;14778811111;1400;1388
2675;14340532000;14278811111;14778811111;1398;1386
2676;14340535000;14320211111;14820211111;1400;1388
2677;14340538000;14320211111;14820211111;1400;1388
2678;14340541000;14320211111;14820211111;1398;1386
2679;14340545000;14320211111;14820211111;1400;1388
2680;14340548000;14320211111;14820211111;1398;1386
2681;14340551000;14320211111;14820211111;1400;1388
2682;14340554000;14320211111;14820211111;1400;1388
2683;14340557000;14320222222;14820222222;982;970
2684;14382188000;14320488888;14820488888;1398;1386
2685;14382194000;14320488888;14820488888;1400;1388
2686;14382197000;14320488888;14820488888;1398;1386
2687;14382201000;14361877777;14861877777;1400;1388
2688;14382204000;14361877777;14861877777;1400;1388
2689;14382207000;14361877777;14861877777;1398;1386
2690;14382210000;14361877777;14861877777;1400;1388
2691;14382214000;14361877777;14861877777;1398;1386
2692;14382217000;14361877777;14861877777;1400;1388
2693;14382220000;14361877777;14861877777;1400;1388
2694;14382223000;14361888888;14861888888;982;970
2695;14423851000;14362188888;14862188888;1398;1386
2696;14423858000;14362188888;14862188888;1400;1388
2697;14423861000;14362188888;14862188888;1398;1386
2699;14423864000;14403544444;14903544444;1400;1388
2700;14423870000;14403544444;14903544444;1398;1386
2701;14423884000;14403544444;14903544444;1400;1388
2702;14423888000;14403544444;14903544444;1398;1386
2703;14423898000;14403544444;14903544444;1400;1388
2706;14465522000;14403833333;14903833333;1398;1386
2707;14465529000;14403833333;14903833333;1400;1388
2708;14465532000;14403833333;14903833333;1398;1386
2710;14465536000;14445211111;14945211111;1400;1388
2711;14465540000;14445211111;14945211111;1398;1386
2712;14465543000;14445211111;14945211111;1400;1388
2713;14465546000;14445211111;14945211111;1398;1386
2714;14465549000;14445211111;14945211111;1400;1388
2715;14465552000;14445211111;14945211111;1400;1388
2716;14465555000;14445222222;14945222222;982;970
2717;14507183000;14445511111;14945511111;1398;1386
2718;14507189000;14445511111;14945511111;1400;1388
2719;14507193000;14445511111;14945511111;1398;1386
2720;14507196000;14486877777;14986877777;1400;1388
2721;14507199000;14486877777;14986877777;1400;1388
2722;14507202000;14486877777;14986877777;1398;1386
2723;14507205000;14486877777;14986877777;1400;1388
2725;14507208000;14486877777;14986877777;1400;1388
2726;14507211000;14486877777;14986877777;1400;1388
2727;14507214000;14486888888;14986888888;982;970
2728;14548878000;14487188888;14987188888;1398;1386
2729;14548895000;14487188888;14987188888;1400;1388
2730;14548898000;14487188888;14987188888;1398;1386
2731;14548901000;14528544444;15028544444;1400;1388
2732;14548905000;14528544444;15028544444;1400;1388
2733;14548908000;14528544444;15028544444;1398;1386
2734;14548911000;14528544444;15028544444;1400;1388
2735;14548914000;14528544444;15028544444;1398;1386
2736;14548917000;14528544444;15028544444;1400;1388
2737;14548920000;14528544444;15028544444;1400;1388
2738;14548923000;14528555555;15028555555;982;970
2739;14590528000;14528822222;15028822222;1398;1386
2740;14590537000;14528822222;15028822222;1400;1388
2741;14590540000;14528822222;15028822222;1398;1386
2742;14590544000;14570211111;15070211111;1400;1388
2743;14590547000;14570211111;15070211111;1400;1388
2744;14590550000;14570211111;15070211111;1398;1386
2745;14590553000;14570211111;15070211111;1400;1388
2746;14590557000;14570211111;15070211111;1398;1386
2747;14590560000;14570211111;15070211111;1400;1388
2748;14590562000;14570211111;15070211111;1400;1388
2750;14632185000;14570466666;15070466666;1398;1386
2751;14632206000;14570466666;15070466666;1400;1388
2754;14632210000;14611877777;15111877777;1400;1388
2755;14632214000;14611877777;15111877777;1398;1386
2756;14632218000;14611877777;15111877777;1400;1388
2757;14632221000;14611877777;15111877777;1398;1386
2758;14632224000;14611877777;15111877777;1400;1388
2759;14632237000;14611877777;15111877777;1400;1388
2760;14632240000;14611888888;15111888888;982;970
2761;14673853000;14612177777;15112177777;1398;1386
2762;14673859000;14612177777;15112177777;1400;1388
2763;14673863000;14612177777;15112177777;1398;1386
2764;14673866000;14653544444;15153544444;1400;1388
2765;14673869000;14653544444;15153544444;1400;1388
2767;14673872000;14653544444;15153544444;1400;1388
2768;14673876000;14653544444;15153544444;1398;1386
2769;14673879000;14653544444;15153544444;1400;1388
2770;14673882000;14653544444;15153544444;1400;1388
2771;14673885000;14653555555;15153555555;982;970
2773;14715536000;14653822222;15153822222;1400;1388
2774;14715545000;14653822222;15153822222;1398;1386
2775;14715548000;14695211111;15195211111;1400;1388
2776;14715552000;14695211111;15195211111;1400;1388
2777;14715555000;14695211111;15195211111;1398;1386
2778;14715558000;14695211111;15195211111;1400;1388
2781;14715561000;14695211111;15195211111;1400;1388
2782;14715564000;14695222222;15195222222;982;970
2783;14757207000;14695500000;15195500000;1398;1386
2786;14757216000;14736877777;15236877777;1400;1388
2787;14757220000;14736877777;15236877777;1400;1388
2788;14757223000;14736877777;15236877777;1398;1386
2789;14757227000;14736877777;15236877777;1400;1388
2790;14757230000;14736877777;15236877777;1398;1386
2791;14757233000;14736877777;15236877777;1400;1388
2792;14757236000;14736877777;15236877777;1400;1388
2793;14757239000;14736888888;15236888888;982;970
2794;14798846000;14737200000;15237200000;1398;1386
2795;14798854000;14737200000;15237200000;1400;1388
2796;14798858000;14737200000;15237200000;1398;1386
2797;14798861000;14778544444;15278544444;1400;1388
2798;14798864000;14778544444;15278544444;1400;1388
2799;14798867000;14778544444;15278544444;1398;1386
2800;14798870000;14778544444;15278544444;1400;1388
2801;14798873000;14778544444;15278544444;1398;1386
2802;14798876000;14778544444;15278544444;1400;1388
2803;14798879000;14778544444;15278544444;1400;1388
2804;14798882000;14778555555;15278555555;982;970
2805;14840517000;14778844444;15278844444;1398;1386
2806;14840522000;14778844444;15278844444;1400;1388
2807;14840526000;14778844444;15278844444;1398;1386
2808;14840529000;14820211111;15320211111;1400;1388
2809;14840532000;14820211111;15320211111;1400;1388
2810;14840535000;14820211111;15320211111;1398;1386
2811;14840538000;14820211111;15320211111;1400;1388
2812;14840541000;14820211111;15320211111;1398;1386
2813;14840544000;14820211111;15320211111;1400;1388
2814;14840547000;14820211111;15320211111;1400;1388
2815;14840550000;14820222222;15320222222;982;970
2816;14882180000;14820500000;15320500000;1398;1386
2817;14882185000;14820500000;15320500000;1400;1388
2818;14882188000;14820500000;15320500000;1398;1386
2819;14882200000;14861877777;15361877777;1400;1388
2820;14882203000;14861877777;15361877777;1400;1388
2822;14882206000;14861877777;15361877777;1400;1388
2823;14882213000;14861877777;15361877777;1398;1386
2824;14882219000;14861877777;15361877777;1400;1388
2825;14882222000;14861877777;15361877777;1400;1388
2826;14882225000;14861888888;15361888888;982;970
2827;14923882000;14862177777;15362177777;1398;1386
2828;14923891000;14862177777;15362177777;1400;1388
2829;14923895000;14862177777;15362177777;1398;1386
2830;14923899000;14903544444;15403544444;1400;1388
2831;14923902000;14903544444;15403544444;1400;1388
2832;14923905000;14903544444;15403544444;1398;1386
2833;14923908000;14903544444;15403544444;1400;1388
2834;14923911000;14903544444;15403544444;1398;1386
2835;14923915000;14903544444;15403544444;1400;1388
2836;14923918000;14903544444;15403544444;1400;1388
2837;14923921000;14903555555;15403555555;982;970
2838;14965528000;14903822222;15403822222;1398;1386
2839;14965537000;14903822222;15403822222;1400;1388
2840;14965541000;14903822222;15403822222;1398;1386
2841;14965545000;14945211111;15445211111;1400;1388
2842;14965549000;14945211111;15445211111;1400;1388
2843;14965552000;14945211111;15445211111;1398;1386
2844;14965555000;14945211111;15445211111;1400;1388
2845;14965558000;14945211111;15445211111;1398;1386
2846;14965562000;14945211111;15445211111;1400;1388
2847;14965565000;14945211111;15445211111;1400;1388
2848;14965568000;14945222222;15445222222;982;970
2849;15007198000;14945488888;15445488888;1398;1386
2850;15007208000;14945488888;15445488888;1400;1388
2851;15007212000;14945488888;15445488888;1398;1386
2852;15007215000;14986877777;15486877777;1400;1388
2853;15007219000;14986877777;15486877777;1400;1388
2854;15007222000;14986877777;15486877777;1398;1386
2855;15007225000;14986877777;15486877777;1400;1388
2856;15007229000;14986877777;15486877777;1398;1386
2857;15007233000;14986877777;15486877777;1400;1388
2858;15007236000;14986877777;15486877777;1400;1388
2859;15007240000;14986888888;15486888888;982;970
2860;15048858000;14987200000;15487200000;1398;1386
2861;15048866000;14987200000;15487200000;1400;1388
2862;15048870000;14987200000;15487200000;1398;1386
2863;15048874000;15028544444;15528544444;1400;1388
2864;15048877000;15028544444;15528544444;1400;1388
2865;15048880000;15028544444;15528544444;1398;1386
2866;15048884000;15028544444;15528544444;1400;1388
2867;15048887000;15028544444;15528544444;1398;1386
2868;15048890000;15028544444;15528544444;1400;1388
2869;15048893000;15028544444;15528544444;1400;1388
2870;15048896000;15028555555;15528555555;982;970
2871;15090527000;15028833333;15528833333;1398;1386
2872;15090536000;15028833333;15528833333;1400;1388
2873;15090540000;15028833333;15528833333;1398;1386
2874;15090544000;15070211111;15570211111;1400;1388
2875;15090547000;15070211111;15570211111;1400;1388
2876;15090551000;15070211111;15570211111;1398;1386
2877;15090554000;15070211111;15570211111;1400;1388
2878;15090557000;15070211111;15570211111;1398;1386
2879;15090560000;15070211111;15570211111;1400;1388
2880;15090563000;15070211111;15570211111;1400;1388
2881;15090566000;15070222222;15570222222;982;970
2882;15132195000;15070477777;15570477777;1398;1386
2883;15132204000;15070477777;15570477777;1400;1388
2884;15132208000;15070477777;15570477777;1398;1386
2885;15132211000;15111877777;15611877777;1400;1388
2886;15132215000;15111877777;15611877777;1400;1388
2887;15132218000;15111877777;15611877777;1398;1386
2888;15132222000;15111877777;15611877777;1400;1388
2889;15132225000;15111877777;15611877777;1398;1386
2890;15132228000;15111877777;15611877777;1400;1388
2891;15132232000;15111877777;15611877777;1400;1388
2892;15132235000;15111888888;15611888888;982;970
2893;15173861000;15112200000;15612200000;1398;1386
2894;15173869000;15112200000;15612200000;1400;1388
2895;15173873000;15112200000;15612200000;1398;1386
2896;15173876000;15153544444;15653544444;1400;1388
2897;15173880000;15153544444;15653544444;1400;1388
2898;15173883000;15153544444;15653544444;1398;1386
2899;15173886000;15153544444;15653544444;1400;1388
2900;15173899000;15153544444;15653544444;1398;1386
2901;15173902000;15153544444;15653544444;1400;1388
2902;15173905000;15153544444;15653544444;1400;1388
2903;15173908000;15153555555;15653555555;982;970
2904;15215527000;15153811111;15653811111;1398;1386
2905;15215536000;15153811111;15653811111;1400;1388
2906;15215540000;15153811111;15653811111;1398;1386
2907;15215543000;15195211111;15695211111;1400;1388
2908;15215547000;15195211111;15695211111;1400;1388
2909;15215551000;15195211111;15695211111;1398;1386
2910;15215554000;15195211111;15695211111;1400;1388
2911;15215557000;15195211111;15695211111;1398;1386
2912;15215560000;15195211111;15695211111;1400;1388
2913;15215563000;15195211111;15695211111;1400;1388
2914;15215566000;15195222222;15695222222;982;970
2915;15257193000;15195477777;15695477777;1398;1386
2916;15257202000;15195477777;15695477777;1400;1388
2917;15257206000;15195477777;15695477777;1398;1386
2918;15257209000;15236877777;15736877777;1400;1388
2919;15257213000;15236877777;15736877777;1400;1388
2920;15257216000;15236877777;15736877777;1398;1386
2921;15257219000;15236877777;15736877777;1400;1388
2922;15257223000;15236877777;15736877777;1398;1386
2923;15257226000;15236877777;15736877777;1400;1388
2924;15257229000;15236877777;15736877777;1400;1388
2925;15257233000;15236888888;15736888888;982;970
2927;15298863000;15237177777;15737177777;1400;1388
2928;15298877000;15237177777;15737177777;1398;1386
2929;15298883000;15278544444;15778544444;1400;1388
2930;15298886000;15278544444;15778544444;1400;1388
2931;15298890000;15278544444;15778544444;1398;1386
2932;15298893000;15278544444;15778544444;1400;1388
2933;15298896000;15278544444;15778544444;1398;1386
2934;15298899000;15278544444;15778544444;1400;1388
2935;15298902000;15278544444;15778544444;1400;1388
2936;15298905000;15278555555;15778555555;982;970
2937;15340517000;15278811111;15778811111;1398;1386
2938;15340526000;15278811111;15778811111;1400;1388
2939;15340529000;15278811111;15778811111;1398;1386
2940;15340533000;15320211111;15820211111;1400;1388
2941;15340536000;15320211111;15820211111;1400;1388
2942;15340539000;15320211111;15820211111;1398;1386
2943;15340542000;15320211111;15820211111;1400;1388
2944;15340546000;15320211111;15820211111;1398;1386
2945;15340549000;15320211111;15820211111;1400;1388
2946;15340552000;15320211111;15820211111;1400;1388
2947;15340555000;15320222222;15820222222;982;970
2948;15382215000;15320466666;15820466666;1398;1386
2949;15382225000;15320466666;15820466666;1400;1388
2950;15382229000;15320466666;15820466666;1398;1386
2951;15382232000;15361877777;15861877777;1400;1388
2952;15382236000;15361877777;15861877777;1400;1388
2953;15382240000;15361877777;15861877777;1398;1386
2954;15382243000;15361877777;15861877777;1400;1388
2955;15382246000;15361877777;15861877777;1398;1386
2956;15382249000;15361877777;15861877777;1400;1388
2957;15382253000;15361877777;15861877777;1400;1388
2958;15382256000;15361888888;15861888888;982;970
2959;15423859000;15362177777;15862177777;1398;1386
2960;15423868000;15362177777;15862177777;1400;1388
2961;15423872000;15362177777;15862177777;1398;1386
2962;15423875000;15403544444;15903544444;1400;1388
2963;15423878000;15403544444;15903544444;1400;1388
2964;15423881000;15403544444;15903544444;1398;1386
2965;15423885000;15403544444;15903544444;1400;1388
2966;15423888000;15403544444;15903544444;1398;1386
2967;15423891000;15403544444;15903544444;1400;1388
2968;15423894000;15403544444;15903544444;1400;1388
2969;15423897000;15403555555;15903555555;982;970
2970;15465530000;15403822222;15903822222;1398;1386
2971;15465540000;15403822222;15903822222;1400;1388
2972;15465544000;15403822222;15903822222;1398;1386
2973;15465547000;15445211111;15945211111;1400;1388
2974;15465551000;15445211111;15945211111;1400;1388
2975;15465555000;15445211111;15945211111;1398;1386
2976;15465558000;15445211111;15945211111;1400;1388
2977;15465562000;15445211111;15945211111;1398;1386
2979;15465565000;15445211111;15945211111;1400;1388
2980;15465573000;15445222222;15945222222;982;970
2981;15507193000;15445488888;15945488888;1398;1386
2982;15507202000;15445488888;15945488888;1400;1388
2983;15507215000;15445488888;15945488888;1398;1386
2984;15507219000;15486877777;15986877777;1400;1388
2985;15507222000;15486877777;15986877777;1400;1388
2986;15507226000;15486877777;15986877777;1398;1386
2987;15507229000;15486877777;15986877777;1400;1388
2988;15507232000;15486877777;15986877777;1398;1386
2989;15507235000;15486877777;15986877777;1400;1388
2990;15507238000;15486877777;15986877777;1400;1388
2991;15507242000;15486888888;15986888888;982;970
2992;15548861000;15487177777;15987177777;1398;1386
2993;15548871000;15487177777;15987177777;1400;1388
2994;15548874000;15487177777;15987177777;1398;1386
2996;15548878000;15528544444;16028544444;1400;1388
2997;15548886000;15528544444;16028544444;1398;1386
2998;15548893000;15528544444;16028544444;1400;1388
2999;15548897000;15528544444;16028544444;1398;1386
3000;15548900000;15528544444;16028544444;1400;1388
3001;15548903000;15528544444;16028544444;1400;1388
3002;15548906000;15528555555;16028555555;982;970
3003;15590528000;15528822222;16028822222;1398;1386
3004;15590536000;15528822222;16028822222;1400;1388
3005;15590540000;15528822222;16028822222;1398;1386
3006;15590543000;15570211111;16070211111;1400;1388
3007;15590547000;15570211111;16070211111;1400;1388
3008;15590550000;15570211111;16070211111;1398;1386
3009;15590553000;15570211111;16070211111;1400;1388
3010;15590556000;15570211111;16070211111;1398;1386
3011;15590559000;15570211111;16070211111;1400;1388
3012;15590562000;15570211111;16070211111;1400;1388
3013;15590566000;15570222222;16070222222;982;970
3014;15632188000;15570455555;16070455555;1398;1386
3015;15632197000;15570455555;16070455555;1400;1388
3016;15632200000;15570455555;16070455555;1398;1386
3017;15632203000;15611877777;16111877777;1400;1388
3018;15632207000;15611877777;16111877777;1400;1388
3019;15632210000;15611877777;16111877777;1398;1386
3020;15632213000;15611877777;16111877777;1400;1388
3021;15632216000;15611877777;16111877777;1398;1386
3024;15632219000;15611888888;16111888888;982;970
3025;15673868000;15612166666;16112166666;1398;1386
3026;15673876000;15612166666;16112166666;1400;1388
3027;15673880000;15612166666;16112166666;1398;1386
3028;15673883000;15653544444;16153544444;1400;1388
3029;15673886000;15653544444;16153544444;1400;1388
3030;15673889000;15653544444;16153544444;1398;1386
3031;15673892000;15653544444;16153544444;1400;1388
3032;15673896000;15653544444;16153544444;1398;1386
3033;15673899000;15653544444;16153544444;1400;1388
3034;15673902000;15653544444;16153544444;1400;1388
3035;15673905000;15653555555;16153555555;982;970
3036;15715505000;15653822222;16153822222;1398;1386
3037;15715513000;15653822222;16153822222;1400;1388
3038;15715517000;15653822222;16153822222;1398;1386
3039;15715520000;15695211111;16195211111;1400;1388
3040;15715523000;15695211111;16195211111;1400;1388
3041;15715527000;15695211111;16195211111;1398;1386
3042;15715530000;15695211111;16195211111;1400;1388
3043;15715533000;15695211111;16195211111;1398;1386
3044;15715536000;15695211111;16195211111;1400;1388
3045;15715538000;15695211111;16195211111;1400;1388
3046;15715541000;15695222222;16195222222;982;970
3047;15757208000;15695477777;16195477777;1398;1386
3048;15757216000;15695477777;16195477777;1400;1388
3049;15757220000;15695477777;16195477777;1398;1386
3050;15757223000;15736877777;16236877777;1400;1388
3051;15757227000;15736877777;16236877777;1400;1388
3052;15757230000;15736877777;16236877777;1398;1386
3053;15757233000;15736877777;16236877777;1400;1388
3055;15757236000;15736877777;16236877777;1400;1388
3056;15757243000;15736877777;16236877777;1400;1388
3057;15757249000;15736888888;16236888888;982;970
3058;15798861000;15737177777;16237177777;1398;1386
3059;15798869000;15737177777;16237177777;1400;1388
3060;15798873000;15737177777;16237177777;1398;1386
3064;15798876000;15778544444;16278544444;1400;1388
3065;15798880000;15778544444;16278544444;1398;1386
3066;15798883000;15778544444;16278544444;1400;1388
3067;15798886000;15778544444;16278544444;1400;1388
3068;15798889000;15778555555;16278555555;982;970
3069;15840518000;15778822222;16278822222;1398;1386
3070;15840536000;15778822222;16278822222;1400;1388
3071;15840540000;15778822222;16278822222;1398;1386
3072;15840543000;15820188888;16320188888;1400;1388
3073;15840546000;15820188888;16320188888;1400;1388
3074;15840549000;15820188888;16320188888;1398;1386
3075;15840553000;15820188888;16320188888;1400;1388
3076;15840556000;15820188888;16320188888;1398;1386
3077;15840559000;15820188888;16320188888;1400;1388
3079;15840562000;15820200000;16320200000;982;970
3080;15882189000;15820466666;16320466666;1398;1386
3081;15882198000;15820466666;16320466666;1400;1388
3083;15882202000;15861877777;16361877777;1400;1388
3084;15882205000;15861877777;16361877777;1400;1388
3085;15882209000;15861877777;16361877777;1398;1386
3086;15882212000;15861877777;16361877777;1400;1388
3087;15882215000;15861877777;16361877777;1398;1386
3088;15882218000;15861877777;16361877777;1400;1388
3089;15882221000;15861877777;16361877777;1400;1388
3090;15882224000;15861888888;16361888888;982;970
3091;15923868000;15862166666;16362166666;1398;1386
3092;15923876000;15862166666;16362166666;1400;1388
3093;15923880000;15862166666;16362166666;1398;1386
3094;15923883000;15903544444;16403544444;1400;1388
3095;15923886000;15903544444;16403544444;1400;1388
3096;15923889000;15903544444;16403544444;1398;1386
3097;15923892000;15903544444;16403544444;1400;1388
3098;15923895000;15903544444;16403544444;1398;1386
3099;15923898000;15903544444;16403544444;1400;1388
3100;15923901000;15903544444;16403544444;1400;1388
3101;15923904000;15903555555;16403555555;982;970
3102;15965529000;15903811111;16403811111;1398;1386
3103;15965537000;15903811111;16403811111;1400;1388
3104;15965541000;15903811111;16403811111;1398;1386
3105;15965544000;15945211111;16445211111;1400;1388
3106;15965547000;15945211111;16445211111;1400;1388
3107;15965551000;15945211111;16445211111;1398;1386
3108;15965554000;15945211111;16445211111;1400;1388
3109;15965557000;15945211111;16445211111;1398;1386
3110;15965560000;15945211111;16445211111;1400;1388
3111;15965563000;15945211111;16445211111;1400;1388
3112;15965566000;15945222222;16445222222;982;970
3113;16007212000;15945477777;16445477777;1398;1386
3114;16007221000;15945477777;16445477777;1400;1388
3115;16007224000;15945477777;16445477777;1398;1386
3116;16007228000;15986877777;16486877777;1400;1388
3117;16007231000;15986877777;16486877777;1400;1388
3118;16007234000;15986877777;16486877777;1398;1386
3119;16007238000;15986877777;16486877777;1400;1388
3120;16007241000;15986877777;16486877777;1398;1386
3121;16007244000;15986877777;16486877777;1400;1388
3126;16048862000;15987188888;16487188888;1398;1386
3127;16048877000;16028544444;16528544444;1400;1388
3128;16048883000;16028544444;16528544444;1400;1388
3129;16048887000;16028544444;16528544444;1398;1386
3130;16048890000;16028544444;16528544444;1400;1388
3131;16048893000;16028544444;16528544444;1398;1386
3132;16048896000;16028544444;16528544444;1400;1388
3133;16048900000;16028544444;16528544444;1400;1388
3134;16048903000;16028555555;16528555555;982;970
3135;16090515000;16028822222;16528822222;1398;1386
3136;16090523000;16028822222;16528822222;1400;1388
3137;16090527000;16028822222;16528822222;1398;1386
3138;16090530000;16070211111;16570211111;1400;1388
3139;16090533000;16070211111;16570211111;1400;1388
3140;16090536000;16070211111;16570211111;1398;1386
3141;16090539000;16070211111;16570211111;1400;1388
3142;16090542000;16070211111;16570211111;1398;1386
3143;16090545000;16070211111;16570211111;1400;1388
3144;16090549000;16070211111;16570211111;1400;1388
3145;16090552000;16070222222;16570222222;982;970
3146;16132213000;16070466666;16570466666;1398;1386
3147;16132222000;16070466666;16570466666;1400;1388
3148;16132226000;16070466666;16570466666;1398;1386
3149;16132229000;16111877777;16611877777;1400;1388
3150;16132232000;16111877777;16611877777;1400;1388
3151;16132235000;16111877777;16611877777;1398;1386
3152;16132238000;16111877777;16611877777;1400;1388
3153;16132242000;16111877777;16611877777;1398;1386
3154;16132245000;16111877777;16611877777;1400;1388
3155;16132248000;16111877777;16611877777;1400;1388
3156;16132251000;16111888888;16611888888;982;970
3157;16173862000;16112188888;16612188888;1398;1386
3158;16173871000;16112188888;16612188888;1400;1388
3159;16173875000;16112188888;16612188888;1398;1386
3160;16173878000;16153544444;16653544444;1400;1388
3161;16173882000;16153544444;16653544444;1400;1388
3162;16173885000;16153544444;16653544444;1398;1386
3163;16173888000;16153544444;16653544444;1400;1388
3164;16173892000;16153544444;16653544444;1398;1386
3165;16173895000;16153544444;16653544444;1400;1388
3166;16173898000;16153544444;16653544444;1400;1388
3167;16173901000;16153555555;16653555555;982;970
3168;16215528000;16153833333;16653833333;1398;1386
3169;16215538000;16153833333;16653833333;1400;1388
3170;16215541000;16153833333;16653833333;1398;1386
3171;16215545000;16195211111;16695211111;1400;1388
3172;16215549000;16195211111;16695211111;1400;1388
3173;16215552000;16195211111;16695211111;1398;1386
3174;16215555000;16195211111;16695211111;1400;1388
3175;16215559000;16195211111;16695211111;1398;1386
3176;16215562000;16195211111;16695211111;1400;1388
3177;16215565000;16195211111;16695211111;1400;1388
3178;16215569000;16195222222;16695222222;982;970
3179;16257193000;16195488888;16695488888;1398;1386
3180;16257202000;16195488888;16695488888;1400;1388
3181;16257207000;16195488888;16695488888;1398;1386
3182;16257210000;16236877777;16736877777;1400;1388
3183;16257214000;16236877777;16736877777;1400;1388
3184;16257217000;16236877777;16736877777;1398;1386
3185;16257221000;16236877777;16736877777;1400;1388
3186;16257224000;16236877777;16736877777;1398;1386
3187;16257227000;16236877777;16736877777;1400;1388
3189;16257231000;16236888888;16736888888;982;970
3190;16298861000;16237200000;16737200000;1398;1386
3192;16298870000;16237200000;16737200000;1398;1386
3193;16298875000;16278544444;16778544444;1400;1388
3194;16298878000;16278544444;16778544444;1400;1388
3195;16298882000;16278544444;16778544444;1398;1386
3196;16298885000;16278544444;16778544444;1400;1388
3197;16298889000;16278544444;16778544444;1398;1386
3198;16298893000;16278544444;16778544444;1400;1388
3199;16298896000;16278544444;16778544444;1400;1388
3200;16298899000;16278555555;16778555555;982;970
3201;16340527000;16278811111;16778811111;1398;1386
3202;16340537000;16278811111;16778811111;1400;1388
3203;16340541000;16278811111;16778811111;1398;1386
3204;16340544000;16320211111;16820211111;1400;1388
3205;16340548000;16320211111;16820211111;1400;1388
3206;16340551000;16320211111;16820211111;1398;1386
3207;16340555000;16320211111;16820211111;1400;1388
3208;16340558000;16320211111;16820211111;1398;1386
3209;16340561000;16320211111;16820211111;1400;1388
3210;16340565000;16320211111;16820211111;1400;1388
3211;16340568000;16320222222;16820222222;982;970
3212;16382192000;16320477777;16820477777;1398;1386
3213;16382201000;16320477777;16820477777;1400;1388
3214;16382206000;16320477777;16820477777;1398;1386
3215;16382209000;16361877777;16861877777;1400;1388
3216;16382212000;16361877777;16861877777;1400;1388
3217;16382216000;16361877777;16861877777;1398;1386
3218;16382219000;16361877777;16861877777;1400;1388
3219;16382222000;16361877777;16861877777;1398;1386
3220;16382225000;16361877777;16861877777;1400;1388
3221;16382228000;16361877777;16861877777;1400;1388
3222;16382231000;16361888888;16861888888;982;970
3223;16423861000;16362188888;16862188888;1398;1386
3224;16423870000;16362188888;16862188888;1400;1388
3225;16423874000;16362188888;16862188888;1398;1386
3226;16423877000;16403544444;16903544444;1400;1388
3227;16423880000;16403544444;16903544444;1400;1388
3228;16423884000;16403544444;16903544444;1398;1386
3229;16423887000;16403544444;16903544444;1400;1388
3230;16423890000;16403544444;16903544444;1398;1386
3231;16423894000;16403544444;16903544444;1400;1388
3232;16423897000;16403544444;16903544444;1400;1388
3233;16423900000;16403555555;16903555555;982;970
3234;16465530000;16403833333;16903833333;1398;1386
3235;16465539000;16403833333;16903833333;1400;1388
3236;16465543000;16403833333;16903833333;1398;1386
3237;16465546000;16445211111;16945211111;1400;1388
3238;16465549000;16445211111;16945211111;1400;1388
3239;16465553000;16445211111;16945211111;1398;1386
3240;16465565000;16445211111;16945211111;1400;1388
3241;16465569000;16445211111;16945211111;1398;1386
3242;16465572000;16445211111;16945211111;1400;1388
3243;16465575000;16445211111;16945211111;1400;1388
3244;16465578000;16445222222;16945222222;982;970
3245;16507193000;16445511111;16945511111;1398;1386
3246;16507202000;16445511111;16945511111;1400;1388
3247;16507206000;16445511111;16945511111;1398;1386
3248;16507210000;16486877777;16986877777;1400;1388
3249;16507214000;16486877777;16986877777;1400;1388
3250;16507217000;16486877777;16986877777;1398;1386
3251;16507221000;16486877777;16986877777;1400;1388
3252;16507224000;16486877777;16986877777;1398;1386
3253;16507227000;16486877777;16986877777;1400;1388
3256;16548862000;16487188888;16987188888;1398;1386
3257;16548877000;16487188888;16987188888;1400;1388
3258;16548883000;16487188888;16987188888;1398;1386
3260;16548887000;16528544444;17028544444;1400;1388
3261;16548891000;16528544444;17028544444;1398;1386
3262;16548895000;16528544444;17028544444;1400;1388
3263;16548898000;16528544444;17028544444;1398;1386
3264;16548901000;16528544444;17028544444;1400;1388
3265;16548905000;16528544444;17028544444;1400;1388
3266;16548908000;16528555555;17028555555;982;970
3267;16590529000;16528833333;17028833333;1398;1386
3268;16590538000;16528833333;17028833333;1400;1388
3269;16590542000;16528833333;17028833333;1398;1386
3270;16590545000;16570211111;17070211111;1400;1388
3271;16590548000;16570211111;17070211111;1400;1388
3272;16590552000;16570211111;17070211111;1398;1386
3273;16590555000;16570211111;17070211111;1400;1388
3274;16590558000;16570211111;17070211111;1398;1386
3275;16590562000;16570211111;17070211111;1400;1388
3276;16590565000;16570211111;17070211111;1400;1388
3277;16590568000;16570222222;17070222222;982;970
3278;16632196000;16570466666;17070466666;1398;1386
3279;16632206000;16570466666;17070466666;1400;1388
3280;16632209000;16570466666;17070466666;1398;1386
3281;16632212000;16611877777;17111877777;1400;1388
3282;16632216000;16611877777;17111877777;1400;1388
3283;16632219000;16611877777;17111877777;1398;1386
3284;16632222000;16611877777;17111877777;1400;1388
3285;16632226000;16611877777;17111877777;1398;1386
3286;16632229000;16611877777;17111877777;1400;1388
3287;16632232000;16611877777;17111877777;1400;1388
3288;16632236000;16611888888;17111888888;982;970
3289;16673857000;16612177777;17112177777;1398;1386
3290;16673866000;16612177777;17112177777;1400;1388
3293;16673870000;16653544444;17153544444;1400;1388
3294;16673878000;16653544444;17153544444;1398;1386
3295;16673884000;16653544444;17153544444;1400;1388
3296;16673888000;16653544444;17153544444;1398;1386
3297;16673892000;16653544444;17153544444;1400;1388
3298;16673895000;16653544444;17153544444;1400;1388
3299;16673898000;16653555555;17153555555;982;970
3300;16715529000;16653833333;17153833333;1398;1386
3301;16715538000;16653833333;17153833333;1400;1388
3302;16715542000;16653833333;17153833333;1398;1386
3303;16715545000;16695211111;17195211111;1400;1388
3304;16715549000;16695211111;17195211111;1400;1388
3305;16715553000;16695211111;17195211111;1398;1386
3306;16715556000;16695211111;17195211111;1400;1388
3307;16715559000;16695211111;17195211111;1398;1386
3308;16715562000;16695211111;17195211111;1400;1388
3309;16715566000;16695211111;17195211111;1400;1388
3310;16715569000;16695222222;17195222222;982;970
3311;16757201000;16695488888;17195488888;1398;1386
3312;16757209000;16695488888;17195488888;1400;1388
3313;16757213000;16695488888;17195488888;1398;1386
3314;16757216000;16736900000;17236900000;1400;1388
3315;16757219000;16736900000;17236900000;1400;1388
3316;16757223000;16736900000;17236900000;1398;1386
3317;16757226000;16736900000;17236900000;1400;1388
3318;16757229000;16736900000;17236900000;1398;1386
3319;16757232000;16736900000;17236900000;1400;1388
3320;16757235000;16736900000;17236900000;1400;1388
3321;16757238000;16736922222;17236922222;982;970
3322;16798868000;16737244444;17237244444;1398;1386
3323;16798876000;16737244444;17237244444;1400;1388
3324;16798880000;16737244444;17237244444;1398;1386
3325;16798893000;16778544444;17278544444;1400;1388
3327;16798897000;16778544444;17278544444;1398;1386
3328;16798904000;16778544444;17278544444;1400;1388
3329;16798910000;16778544444;17278544444;1398;1386
3330;16798914000;16778544444;17278544444;1400;1388
3331;16798917000;16778544444;17278544444;1400;1388
3332;16798920000;16778555555;17278555555;982;970
3333;16840537000;16778844444;17278844444;1398;1386
3334;16840546000;16778844444;17278844444;1400;1388
3335;16840550000;16778844444;17278844444;1398;1386
3336;16840554000;16820211111;17320211111;1400;1388
3337;16840557000;16820211111;17320211111;1400;1388
3338;16840560000;16820211111;17320211111;1398;1386
3339;16840564000;16820211111;17320211111;1400;1388
3340;16840567000;16820211111;17320211111;1398;1386
3342;16840570000;16820211111;17320211111;1400;1388
3343;16840574000;16820222222;17320222222;982;970
3344;16882195000;16820500000;17320500000;1398;1386
3345;16882204000;16820500000;17320500000;1400;1388
3346;16882208000;16820500000;17320500000;1398;1386
3347;16882211000;16861877777;17361877777;1400;1388
3348;16882215000;16861877777;17361877777;1400;1388
3349;16882219000;16861877777;17361877777;1398;1386
3350;16882222000;16861877777;17361877777;1400;1388
3351;16882225000;16861877777;17361877777;1398;1386
3352;16882229000;16861877777;17361877777;1400;1388
3353;16882232000;16861877777;17361877777;1400;1388
3354;16882235000;16861888888;17361888888;982;970
3355;16923860000;16862177777;17362177777;1398;1386
3356;16923870000;16862177777;17362177777;1400;1388
3357;16923874000;16862177777;17362177777;1398;1386
3359;16923878000;16903544444;17403544444;1400;1388
3360;16923886000;16903544444;17403544444;1398;1386
3361;16923893000;16903544444;17403544444;1400;1388
3362;16923897000;16903544444;17403544444;1398;1386
3363;16923901000;16903544444;17403544444;1400;1388
3364;16923904000;16903544444;17403544444;1400;1388
3365;16923908000;16903555555;17403555555;982;970
3366;16965527000;16903822222;17403822222;1398;1386
3367;16965537000;16903822222;17403822222;1400;1388
3368;16965541000;16903822222;17403822222;1398;1386
3369;16965544000;16945211111;17445211111;1400;1388
3370;16965548000;16945211111;17445211111;1400;1388
3371;16965551000;16945211111;17445211111;1398;1386
3372;16965555000;16945211111;17445211111;1400;1388
3373;16965558000;16945211111;17445211111;1398;1386
3374;16965562000;16945211111;17445211111;1400;1388
3375;16965566000;16945211111;17445211111;1400;1388
3376;16965569000;16945222222;17445222222;982;970
3377;17007192000;16945488888;17445488888;1398;1386
3378;17007200000;16945488888;17445488888;1400;1388
3379;17007204000;16945488888;17445488888;1398;1386
3380;17007208000;16986877777;17486877777;1400;1388
3381;17007211000;16986877777;17486877777;1400;1388
3382;17007214000;16986877777;17486877777;1398;1386
3383;17007217000;16986877777;17486877777;1400;1388
3384;17007220000;16986877777;17486877777;1398;1386
3385;17007224000;16986877777;17486877777;1400;1388
3386;17007227000;16986877777;17486877777;1400;1388
3387;17007230000;16986888888;17486888888;982;970
3388;17048859000;16987200000;17487200000;1398;1386
3389;17048868000;16987200000;17487200000;1400;1388
3390;17048871000;16987200000;17487200000;1398;1386
3391;17048875000;17028544444;17528544444;1400;1388
3393;17048878000;17028544444;17528544444;1398;1386
3394;17048886000;17028544444;17528544444;1400;1388
3395;17048892000;17028544444;17528544444;1398;1386
3396;17048896000;17028544444;17528544444;1400;1388
3397;17048899000;17028544444;17528544444;1400;1388
3398;17048902000;17028555555;17528555555;982;970
3399;17090567000;17028844444;17528844444;1398;1386
3400;17090576000;17028844444;17528844444;1400;1388
3401;17090579000;17028844444;17528844444;1398;1386
3402;17090583000;17070244444;17570244444;1400;1388
3403;17090586000;17070244444;17570244444;1400;1388
3404;17090589000;17070244444;17570244444;1398;1386
3405;17090593000;17070244444;17570244444;1400;1388
3406;17090596000;17070244444;17570244444;1398;1386
3407;17090599000;17070244444;17570244444;1400;1388
3408;17090602000;17070244444;17570244444;1400;1388
3409;17090605000;17070255555;17570255555;982;970
3410;17132195000;17070511111;17570511111;1398;1386
3411;17132205000;17070511111;17570511111;1400;1388
3412;17132209000;17070511111;17570511111;1398;1386
3413;17132212000;17111877777;17611877777;1400;1388
3414;17132216000;17111877777;17611877777;1400;1388
3415;17132219000;17111877777;17611877777;1398;1386
3416;17132223000;17111877777;17611877777;1400;1388
3417;17132226000;17111877777;17611877777;1398;1386
3418;17132230000;17111877777;17611877777;1400;1388
3420;17132233000;17111888888;17611888888;982;970
3421;17173860000;17112211111;17612211111;1398;1386
3422;17173869000;17112211111;17612211111;1400;1388
3423;17173873000;17112211111;17612211111;1398;1386
3424;17173876000;17153544444;17653544444;1400;1388
3425;17173879000;17153544444;17653544444;1400;1388
3426;17173883000;17153544444;17653544444;1398;1386
3427;17173886000;17153544444;17653544444;1400;1388
3429;17173889000;17153544444;17653544444;1400;1388
3430;17173893000;17153544444;17653544444;1400;1388
3431;17173897000;17153555555;17653555555;982;970
3432;17215524000;17153833333;17653833333;1398;1386
3433;17215533000;17153833333;17653833333;1400;1388
3434;17215536000;17153833333;17653833333;1398;1386
3435;17215540000;17195211111;17695211111;1400;1388
3436;17215543000;17195211111;17695211111;1400;1388
3437;17215546000;17195211111;17695211111;1398;1386
3439;17215550000;17195211111;17695211111;1398;1386
3440;17215553000;17195211111;17695211111;1400;1388
3441;17215557000;17195211111;17695211111;1400;1388
3442;17215560000;17195222222;17695222222;982;970
3443;17257192000;17195500000;17695500000;1398;1386
3445;17257201000;17195500000;17695500000;1398;1386
3446;17257205000;17236877777;17736877777;1400;1388
3448;17257208000;17236877777;17736877777;1398;1386
3449;17257212000;17236877777;17736877777;1400;1388
3450;17257216000;17236877777;17736877777;1398;1386
3451;17257219000;17236877777;17736877777;1400;1388
3452;17257222000;17236877777;17736877777;1400;1388
3453;17257225000;17236888888;17736888888;982;970
3454;17298863000;17237200000;17737200000;1398;1386
3455;17298873000;17237200000;17737200000;1400;1388
3456;17298877000;17237200000;17737200000;1398;1386
3457;17298881000;17278544444;17778544444;1400;1388
3458;17298884000;17278544444;17778544444;1400;1388
3459;17298888000;17278544444;17778544444;1398;1386
3460;17298891000;17278544444;17778544444;1400;1388
3461;17298894000;17278544444;17778544444;1398;1386
3462;17298898000;17278544444;17778544444;1400;1388
3463;17298901000;17278544444;17778544444;1400;1388
3464;17298905000;17278555555;17778555555;982;970
3465;17340530000;17278822222;17778822222;1398;1386
3466;17340539000;17278822222;17778822222;1400;1388
3467;17340543000;17278822222;17778822222;1398;1386
3468;17340547000;17320211111;17820211111;1400;1388
3469;17340550000;17320211111;17820211111;1400;1388
3470;17340554000;17320211111;17820211111;1398;1386
3471;17340557000;17320211111;17820211111;1400;1388
3472;17340560000;17320211111;17820211111;1398;1386
3473;17340563000;17320211111;17820211111;1400;1388
3474;17340566000;17320211111;17820211111;1400;1388
3475;17340569000;17320222222;17820222222;982;970
3476;17382192000;17320488888;17820488888;1398;1386
3477;17382201000;17320488888;17820488888;1400;1388
3481;17382205000;17361877777;17861877777;1398;1386
3482;17382213000;17361877777;17861877777;1400;1388
3483;17382219000;17361877777;17861877777;1398;1386
3484;17382223000;17361877777;17861877777;1400;1388
3485;17382227000;17361877777;17861877777;1400;1388
3486;17382231000;17361888888;17861888888;982;970
3487;17423862000;17362200000;17862200000;1398;1386
3488;17423871000;17362200000;17862200000;1400;1388
3489;17423875000;17362200000;17862200000;1398;1386
3490;17423878000;17403544444;17903544444;1400;1388
3491;17423882000;17403544444;17903544444;1400;1388
3492;17423885000;17403544444;17903544444;1398;1386
3493;17423888000;17403544444;17903544444;1400;1388
3494;17423892000;17403544444;17903544444;1398;1386
3495;17423895000;17403544444;17903544444;1400;1388
3496;17423898000;17403544444;17903544444;1400;1388
3497;17423901000;17403555555;17903555555;982;970
3498;17465529000;17403833333;17903833333;1398;1386
3499;17465538000;17403833333;17903833333;1400;1388
3500;17465542000;17403833333;17903833333;1398;1386
3501;17465545000;17445211111;17945211111;1400;1388
3502;17465549000;17445211111;17945211111;1400;1388
3503;17465552000;17445211111;17945211111;1398;1386
3504;17465556000;17445211111;17945211111;1400;1388
3505;17465559000;17445211111;17945211111;1398;1386
3506;17465562000;17445211111;17945211111;1400;1388
3507;17465565000;17445211111;17945211111;1400;1388
3508;17465568000;17445222222;17945222222;982;970
3509;17507187000;17445511111;17945511111;1398;1386
3510;17507195000;17445511111;17945511111;1400;1388
3511;17507199000;17445511111;17945511111;1398;1386
3512;17507202000;17486877777;17986877777;1400;1388
3513;17507205000;17486877777;17986877777;1400;1388
3514;17507208000;17486877777;17986877777;1398;1386
3515;17507211000;17486877777;17986877777;1400;1388
3516;17507214000;17486877777;17986877777;1398;1386
3518;17507217000;17486877777;17986877777;1400;1388
3519;17507224000;17486888888;17986888888;982;970
3520;17548868000;17487200000;17987200000;1398;1386
3521;17548877000;17487200000;17987200000;1400;1388
3522;17548880000;17487200000;17987200000;1398;1386
3523;17548883000;17528544444;18028544444;1400;1388
3524;17548887000;17528544444;18028544444;1400;1388
3526;17548890000;17528544444;18028544444;1400;1388
3527;17548893000;17528544444;18028544444;1398;1386
3528;17548896000;17528544444;18028544444;1400;1388
3529;17548899000;17528544444;18028544444;1400;1388
3530;17548902000;17528555555;18028555555;982;970
3531;17590540000;17528833333;18028833333;1398;1386
3532;17590548000;17528833333;18028833333;1400;1388
3533;17590552000;17528833333;18028833333;1398;1386
3534;17590555000;17570211111;18070211111;1400;1388
3535;17590559000;17570211111;18070211111;1400;1388
3536;17590562000;17570211111;18070211111;1398;1386
3537;17590565000;17570211111;18070211111;1400;1388
3538;17590568000;17570211111;18070211111;1398;1386
3539;17590572000;17570211111;18070211111;1400;1388
3540;17590575000;17570211111;18070211111;1400;1388
3541;17590578000;17570222222;18070222222;982;970
3542;17632197000;17570477777;18070477777;1398;1386
3543;17632205000;17570477777;18070477777;1400;1388
3544;17632209000;17570477777;18070477777;1398;1386
3545;17632212000;17611877777;18111877777;1400;1388
3546;17632216000;17611877777;18111877777;1400;1388
3547;17632219000;17611877777;18111877777;1398;1386
3548;17632222000;17611877777;18111877777;1400;1388
3549;17632225000;17611877777;18111877777;1398;1386
3550;17632228000;17611877777;18111877777;1400;1388
3551;17632231000;17611877777;18111877777;1400;1388
3552;17632234000;17611888888;18111888888;982;970
3553;17673858000;17612188888;18112188888;1398;1386
3554;17673866000;17612188888;18112188888;1400;1388
3555;17673870000;17612188888;18112188888;1398;1386
3556;17673873000;17653544444;18153544444;1400;1388
3557;17673877000;17653544444;18153544444;1400;1388
3558;17673880000;17653544444;18153544444;1398;1386
3559;17673883000;17653544444;18153544444;1400;1388
3560;17673886000;17653544444;18153544444;1398;1386
3561;17673889000;17653544444;18153544444;1400;1388
3563;17673892000;17653555555;18153555555;982;970
3564;17715569000;17653844444;18153844444;1398;1386
3565;17715578000;17653844444;18153844444;1400;1388
3566;17715581000;17653844444;18153844444;1398;1386
3567;17715585000;17695211111;18195211111;1400;1388
3568;17715588000;17695211111;18195211111;1400;1388
3569;17715591000;17695211111;18195211111;1398;1386
3570;17715594000;17695211111;18195211111;1400;1388
3571;17715597000;17695211111;18195211111;1398;1386
3572;17715600000;17695211111;18195211111;1400;1388
3573;17715603000;17695211111;18195211111;1400;1388
3574;17715606000;17695222222;18195222222;982;970
3575;17757209000;17695500000;18195500000;1398;1386
3576;17757218000;17695500000;18195500000;1400;1388
3577;17757221000;17695500000;18195500000;1398;1386
3578;17757224000;17736877777;18236877777;1400;1388
3579;17757228000;17736877777;18236877777;1400;1388
3580;17757231000;17736877777;18236877777;1398;1386
3583;17757234000;17736877777;18236877777;1400;1388
3584;17757251000;17736877777;18236877777;1400;1388
3585;17757258000;17736888888;18236888888;982;970
3586;17798872000;17737211111;18237211111;1398;1386
3587;17798881000;17737211111;18237211111;1400;1388
3588;17798885000;17737211111;18237211111;1398;1386
3589;17798888000;17778544444;18278544444;1400;1388
3590;17798891000;17778544444;18278544444;1400;1388
3591;17798895000;17778544444;18278544444;1398;1386
3592;17798898000;17778544444;18278544444;1400;1388
3593;17798901000;17778544444;18278544444;1398;1386
3594;17798904000;17778544444;18278544444;1400;1388
3595;17798908000;17778544444;18278544444;1400;1388
3596;17798911000;17778555555;18278555555;982;970
3597;17840505000;17778855555;18278855555;1398;1386
3598;17840513000;17778855555;18278855555;1400;1388
3599;17840517000;17778855555;18278855555;1398;1386
3601;17840520000;17820188888;18320188888;1400;1388
3602;17840528000;17820188888;18320188888;1398;1386
3603;17840534000;17820188888;18320188888;1400;1388
3604;17840538000;17820188888;18320188888;1398;1386
3605;17840542000;17820188888;18320188888;1400;1388
3606;17840545000;17820188888;18320188888;1400;1388
3607;17840548000;17820200000;18320200000;982;970
3608;17882194000;17820488888;18320488888;1398;1386
3609;17882203000;17820488888;18320488888;1400;1388
3610;17882207000;17820488888;18320488888;1398;1386
3611;17882211000;17861877777;18361877777;1400;1388
3612;17882214000;17861877777;18361877777;1400;1388
3613;17882217000;17861877777;18361877777;1398;1386
3614;17882221000;17861877777;18361877777;1400;1388
3615;17882224000;17861877777;18361877777;1398;1386
3616;17882227000;17861877777;18361877777;1400;1388
3617;17882230000;17861877777;18361877777;1400;1388
3620;17923859000;17862188888;18362188888;1400;1388
3621;17923872000;17862188888;18362188888;1398;1386
3622;17923877000;17903544444;18403544444;1400;1388
3623;17923881000;17903544444;18403544444;1400;1388
3624;17923885000;17903544444;18403544444;1398;1386
3625;17923887000;17903544444;18403544444;1400;1388
3626;17923891000;17903544444;18403544444;1398;1386
3627;17923894000;17903544444;18403544444;1400;1388
3628;17923897000;17903544444;18403544444;1400;1388
3629;17923900000;17903555555;18403555555;982;970
3630;17965529000;17903833333;18403833333;1398;1386
3631;17965538000;17903833333;18403833333;1400;1388
3632;17965542000;17903833333;18403833333;1398;1386
3633;17965545000;17945211111;18445211111;1400;1388
3634;17965548000;17945211111;18445211111;1400;1388
3635;17965551000;17945211111;18445211111;1398;1386
3636;17965554000;17945211111;18445211111;1400;1388
3637;17965557000;17945211111;18445211111;1398;1386
3638;17965560000;17945211111;18445211111;1400;1388
3639;17965563000;17945211111;18445211111;1400;1388
3640;17965566000;17945222222;18445222222;982;970
3641;18007206000;17945500000;18445500000;1398;1386
3642;18007215000;17945500000;18445500000;1400;1388
3643;18007218000;17945500000;18445500000;1398;1386
3644;18007222000;17986877777;18486877777;1400;1388
3645;18007225000;17986877777;18486877777;1400;1388
3646;18007228000;17986877777;18486877777;1398;1386
3647;18007231000;17986877777;18486877777;1400;1388
3648;18007235000;17986877777;18486877777;1398;1386
3649;18007238000;17986877777;18486877777;1400;1388
3650;18007241000;17986877777;18486877777;1400;1388
3651;18007244000;17986888888;18486888888;982;970
3652;18048866000;17987211111;18487211111;1398;1386
3653;18048875000;17987211111;18487211111;1400;1388
3654;18048878000;17987211111;18487211111;1398;1386
3655;18048881000;18028544444;18528544444;1400;1388
3656;18048885000;18028544444;18528544444;1400;1388
3657;18048888000;18028544444;18528544444;1398;1386
3658;18048891000;18028544444;18528544444;1400;1388
3659;18048894000;18028544444;18528544444;1398;1386
3660;18048897000;18028544444;18528544444;1400;1388
3661;18048900000;18028544444;18528544444;1400;1388
3662;18048903000;18028555555;18528555555;982;970
3663;18090540000;18028844444;18528844444;1398;1386
3664;18090550000;18028844444;18528844444;1400;1388
3665;18090554000;18028844444;18528844444;1398;1386
3666;18090557000;18070211111;18570211111;1400;1388
3667;18090560000;18070211111;18570211111;1400;1388
3668;18090573000;18070211111;18570211111;1398;1386
3669;18090576000;18070211111;18570211111;1400;1388
3670;18090579000;18070211111;18570211111;1398;1386
3671;18090583000;18070211111;18570211111;1400;1388
3672;18090586000;18070211111;18570211111;1400;1388
3673;18090589000;18070222222;18570222222;982;970
3674;18132196000;18070488888;18570488888;1398;1386
3675;18132205000;18070488888;18570488888;1400;1388
3676;18132209000;18070488888;18570488888;1398;1386
3677;18132212000;18111877777;18611877777;1400;1388
3678;18132215000;18111877777;18611877777;1400;1388
3679;18132218000;18111877777;18611877777;1398;1386
3680;18132221000;18111877777;18611877777;1400;1388
3681;18132225000;18111877777;18611877777;1398;1386
3682;18132229000;18111877777;18611877777;1400;1388
3683;18132232000;18111877777;18611877777;1400;1388
3684;18132235000;18111888888;18611888888;982;970
3685;18173860000;18112211111;18612211111;1398;1386
3686;18173869000;18112211111;18612211111;1400;1388
3687;18173873000;18112211111;18612211111;1398;1386
3688;18173877000;18153544444;18653544444;1400;1388
3689;18173880000;18153544444;18653544444;1400;1388
3690;18173884000;18153544444;18653544444;1398;1386
3691;18173887000;18153544444;18653544444;1400;1388
3692;18173890000;18153544444;18653544444;1398;1386
3693;18173894000;18153544444;18653544444;1400;1388
3694;18173897000;18153544444;18653544444;1400;1388
3695;18173900000;18153555555;18653555555;982;970
3696;18215530000;18153822222;18653822222;1398;1386
3697;18215540000;18153822222;18653822222;1400;1388
3698;18215544000;18153822222;18653822222;1398;1386
3702;18215548000;18195211111;18695211111;1400;1388
3703;18215556000;18195211111;18695211111;1398;1386
3704;18215563000;18195211111;18695211111;1400;1388
3705;18215567000;18195211111;18695211111;1400;1388
3706;18215571000;18195222222;18695222222;982;970
3707;18257195000;18195488888;18695488888;1398;1386
3708;18257204000;18195488888;18695488888;1400;1388
3709;18257208000;18195488888;18695488888;1398;1386
3710;18257212000;18236877777;18736877777;1400;1388
3711;18257216000;18236877777;18736877777;1400;1388
3712;18257219000;18236877777;18736877777;1398;1386
3714;18257222000;18236877777;18736877777;1398;1386
3715;18257226000;18236877777;18736877777;1400;1388
3716;18257230000;18236877777;18736877777;1400;1388
3717;18257233000;18236888888;18736888888;982;970
3718;18298860000;18237188888;18737188888;1398;1386
3719;18298870000;18237188888;18737188888;1400;1388
3721;18298874000;18278544444;18778544444;1400;1388
3722;18298878000;18278544444;18778544444;1400;1388
3723;18298881000;18278544444;18778544444;1398;1386
3724;18298884000;18278544444;18778544444;1400;1388
3725;18298887000;18278544444;18778544444;1398;1386
3726;18298891000;18278544444;18778544444;1400;1388
3727;18298894000;18278544444;18778544444;1400;1388
3728;18298897000;18278555555;18778555555;982;970
3729;18340517000;18278811111;18778811111;1398;1386
3730;18340525000;18278811111;18778811111;1400;1388
3731;18340529000;18278811111;18778811111;1398;1386
3732;18340532000;18320211111;18820211111;1400;1388
3733;18340535000;18320211111;18820211111;1400;1388
3734;18340538000;18320211111;18820211111;1398;1386
3735;18340541000;18320211111;18820211111;1400;1388
3736;18340544000;18320211111;18820211111;1398;1386
3737;18340548000;18320211111;18820211111;1400;1388
3738;18340551000;18320211111;18820211111;1400;1388
3739;18340554000;18320222222;18820222222;982;970
3740;18382228000;18320477777;18820477777;1398;1386
3742;18382237000;18320477777;18820477777;1398;1386
3743;18382244000;18361888888;18861888888;1400;1388
3744;18382251000;18361888888;18861888888;1400;1388
3745;18382255000;18361888888;18861888888;1398;1386
3746;18382258000;18361888888;18861888888;1400;1388
3747;18382261000;18361888888;18861888888;1398;1386
3748;18382264000;18361888888;18861888888;1400;1388
3749;18382267000;18361888888;18861888888;1400;1388
3750;18382270000;18361900000;18861900000;982;970
3751;18423894000;18362211111;18862211111;1398;1386
3752;18423903000;18362211111;18862211111;1400;1388
3753;18423907000;18362211111;18862211111;1398;1386
3754;18423920000;18403555555;18903555555;1400;1388
3755;18423923000;18403555555;18903555555;1400;1388
3756;18423927000;18403555555;18903555555;1398;1386
3757;18423931000;18403555555;18903555555;1400;1388
3758;18423934000;18403555555;18903555555;1398;1386
3759;18423937000;18403555555;18903555555;1400;1388
3760;18423940000;18403555555;18903555555;1400;1388
3761;18423943000;18403566666;18903566666;982;970
3762;18465537000;18403844444;18903844444;1398;1386
3763;18465546000;18403844444;18903844444;1400;1388
3764;18465549000;18403844444;18903844444;1398;1386
3765;18465552000;18445222222;18945222222;1400;1388
3767;18465556000;18445222222;18945222222;1398;1386
3768;18465563000;18445222222;18945222222;1400;1388
3769;18465569000;18445222222;18945222222;1398;1386
3770;18465573000;18445222222;18945222222;1400;1388
3771;18465576000;18445222222;18945222222;1400;1388
3772;18465579000;18445233333;18945233333;982;970
3773;18507236000;18445522222;18945522222;1398;1386
3774;18507244000;18445522222;18945522222;1400;1388
3775;18507248000;18445522222;18945522222;1398;1386
3776;18507251000;18486888888;18986888888;1400;1388
3777;18507254000;18486888888;18986888888;1400;1388
3779;18507258000;18486888888;18986888888;1400;1388
3780;18507261000;18486888888;18986888888;1398;1386
3783;18507265000;18486900000;18986900000;982;970
3784;18548883000;18487211111;18987211111;1398;1386
3785;18548892000;18487211111;18987211111;1400;1388
3786;18548896000;18487211111;18987211111;1398;1386
3787;18548900000;18528555555;19028555555;1400;1388
3788;18548903000;18528555555;19028555555;1400;1388
3789;18548907000;18528555555;19028555555;1398;1386
3790;18548910000;18528555555;19028555555;1400;1388
3791;18548914000;18528555555;19028555555;1398;1386
3792;18548917000;18528555555;19028555555;1400;1388
3794;18548921000;18528566666;19028566666;982;970
3795;18590536000;18528844444;19028844444;1398;1386
3796;18590544000;18528844444;19028844444;1400;1388
3797;18590548000;18528844444;19028844444;1398;1386
3798;18590551000;18570222222;19070222222;1400;1388
3799;18590554000;18570222222;19070222222;1400;1388
3800;18590557000;18570222222;19070222222;1398;1386
3801;18590560000;18570222222;19070222222;1400;1388
3802;18590563000;18570222222;19070222222;1398;1386
3803;18590566000;18570222222;19070222222;1400;1388
3804;18590570000;18570222222;19070222222;1400;1388
3805;18590572000;18570233333;19070233333;982;970
3806;18632237000;18570477777;19070477777;1398;1386
3807;18632246000;18570477777;19070477777;1400;1388
3808;18632250000;18570477777;19070477777;1398;1386
3810;18632253000;18611888888;19111888888;1400;1388
3811;18632261000;18611888888;19111888888;1398;1386
3812;18632268000;18611888888;19111888888;1400;1388
3813;18632272000;18611888888;19111888888;1398;1386
3814;18632275000;18611888888;19111888888;1400;1388
3815;18632278000;18611888888;19111888888;1400;1388
3816;18632282000;18611900000;19111900000;982;970
3817;18673883000;18612200000;19112200000;1398;1386
3818;18673892000;18612200000;19112200000;1400;1388
3819;18673896000;18612200000;19112200000;1398;1386
3820;18673899000;18653555555;19153555555;1400;1388
3821;18673902000;18653555555;19153555555;1400;1388
3822;18673906000;18653555555;19153555555;1398;1386
3823;18673909000;18653555555;19153555555;1400;1388
3824;18673912000;18653555555;19153555555;1398;1386
3825;18673915000;18653555555;19153555555;1400;1388
3826;18673919000;18653555555;19153555555;1400;1388
3827;18673922000;18653566666;19153566666;982;970
3828;18715536000;18653844444;19153844444;1398;1386
3829;18715545000;18653844444;19153844444;1400;1388
3830;18715549000;18653844444;19153844444;1398;1386
3831;18715552000;18695222222;19195222222;1400;1388
3832;18715555000;18695222222;19195222222;1400;1388
3833;18715558000;18695222222;19195222222;1398;1386
3834;18715561000;18695222222;19195222222;1400;1388
3835;18715564000;18695222222;19195222222;1398;1386
3836;18715567000;18695222222;19195222222;1400;1388
3837;18715570000;18695222222;19195222222;1400;1388
3838;18715573000;18695233333;19195233333;982;970
3839;18757228000;18695500000;19195500000;1398;1386
3840;18757237000;18695500000;19195500000;1400;1388
3841;18757249000;18695500000;19195500000;1398;1386
3842;18757252000;18736888888;19236888888;1400;1388
3843;18757256000;18736888888;19236888888;1400;1388
3844;18757259000;18736888888;19236888888;1398;1386
3845;18757262000;18736888888;19236888888;1400;1388
3846;18757265000;18736888888;19236888888;1398;1386
3847;18757269000;18736888888;19236888888;1400;1388
3848;18757272000;18736888888;19236888888;1400;1388
3849;18757275000;18736900000;19236900000;982;970
3850;18798900000;18737211111;19237211111;1398;1386
3851;18798909000;18737211111;19237211111;1400;1388
3852;18798913000;18737211111;19237211111;1398;1386
3853;18798917000;18778555555;19278555555;1400;1388
3854;18798920000;18778555555;19278555555;1400;1388
3855;18798924000;18778555555;19278555555;1398;1386
3856;18798927000;18778555555;19278555555;1400;1388
3857;18798930000;18778555555;19278555555;1398;1386
3858;18798933000;18778555555;19278555555;1400;1388
3859;18798936000;18778555555;19278555555;1400;1388
3860;18798939000;18778566666;19278566666;982;970
3861;18840548000;18778855555;19278855555;1398;1386
3862;18840557000;18778855555;19278855555;1400;1388
3863;18840561000;18778855555;19278855555;1398;1386
3864;18840565000;18820222222;19320222222;1400;1388
3865;18840568000;18820222222;19320222222;1400;1388
3866;18840571000;18820222222;19320222222;1398;1386
3867;18840574000;18820222222;19320222222;1400;1388
3868;18840577000;18820222222;19320222222;1398;1386
3869;18840581000;18820222222;19320222222;1400;1388
3870;18840584000;18820222222;19320222222;1400;1388
3871;18840587000;18820233333;19320233333;982;970
3872;18882215000;18820511111;19320511111;1398;1386
3873;18882224000;18820511111;19320511111;1400;1388
3874;18882227000;18820511111;19320511111;1398;1386
3875;18882231000;18861888888;19361888888;1400;1388
3876;18882234000;18861888888;19361888888;1400;1388
3877;18882238000;18861888888;19361888888;1398;1386
3878;18882241000;18861888888;19361888888;1400;1388
3879;18882244000;18861888888;19361888888;1398;1386
3880;18882247000;18861888888;19361888888;1400;1388
3881;18882251000;18861888888;19361888888;1400;1388
3882;18882254000;18861900000;19361900000;982;970
3883;18923885000;18862188888;19362188888;1398;1386
3884;18923894000;18862188888;19362188888;1400;1388
3885;18923898000;18862188888;19362188888;1398;1386
3886;18923902000;18903555555;19403555555;1400;1388
3887;18923905000;18903555555;19403555555;1400;1388
3888;18923909000;18903555555;19403555555;1398;1386
3889;18923912000;18903555555;19403555555;1400;1388
3890;18923915000;18903555555;19403555555;1398;1386
3891;18923919000;18903555555;19403555555;1400;1388
3892;18923922000;18903555555;19403555555;1400;1388
3893;18923926000;18903566666;19403566666;982;970
3894;18965528000;18903833333;19403833333;1398;1386
3895;18965538000;18903833333;19403833333;1400;1388
3896;18965541000;18903833333;19403833333;1398;1386
3897;18965545000;18945222222;19445222222;1400;1388
3898;18965549000;18945222222;19445222222;1400;1388
3899;18965553000;18945222222;19445222222;1398;1386
3900;18965556000;18945222222;19445222222;1400;1388
3901;18965560000;18945222222;19445222222;1398;1386
3902;18965563000;18945222222;19445222222;1400;1388
3903;18965566000;18945222222;19445222222;1400;1388
3904;18965570000;18945233333;19445233333;982;970
3905;19007238000;18945511111;19445511111;1398;1386
3906;19007248000;18945511111;19445511111;1400;1388
3907;19007252000;18945511111;19445511111;1398;1386
3908;19007255000;18986888888;19486888888;1400;1388
3909;19007259000;18986888888;19486888888;1400;1388
3910;19007262000;18986888888;19486888888;1398;1386
3911;19007266000;18986888888;19486888888;1400;1388
3912;19007269000;18986888888;19486888888;1398;1386
3913;19007272000;18986888888;19486888888;1400;1388
3914;19007276000;18986888888;19486888888;1400;1388
3915;19007280000;18986900000;19486900000;982;970
3916;19048882000;18987222222;19487222222;1398;1386
3917;19048892000;18987222222;19487222222;1400;1388
3918;19048896000;18987222222;19487222222;1398;1386
3919;19048899000;19028555555;19528555555;1400;1388
3920;19048903000;19028555555;19528555555;1400;1388
3921;19048906000;19028555555;19528555555;1398;1386
3922;19048919000;19028555555;19528555555;1400;1388
3923;19048923000;19028555555;19528555555;1398;1386
3924;19048926000;19028555555;19528555555;1400;1388
3925;19048930000;19028555555;19528555555;1400;1388
3926;19048933000;19028566666;19528566666;982;970
3927;19090554000;19028855555;19528855555;1398;1386
3928;19090563000;19028855555;19528855555;1400;1388
3929;19090566000;19028855555;19528855555;1398;1386
3930;19090570000;19070222222;19570222222;1400;1388
3931;19090574000;19070222222;19570222222;1400;1388
3932;19090577000;19070222222;19570222222;1398;1386
3933;19090580000;19070222222;19570222222;1400;1388
3934;19090584000;19070222222;19570222222;1398;1386
3935;19090587000;19070222222;19570222222;1400;1388
3936;19090590000;19070222222;19570222222;1400;1388
3937;19090593000;19070233333;19570233333;982;970
3938;19132194000;19070500000;19570500000;1398;1386
3939;19132203000;19070500000;19570500000;1400;1388
3940;19132207000;19070500000;19570500000;1398;1386
3941;19132210000;19111877777;19611877777;1400;1388
3942;19132214000;19111877777;19611877777;1400;1388
3943;19132217000;19111877777;19611877777;1398;1386
3944;19132220000;19111877777;19611877777;1400;1388
3945;19132224000;19111877777;19611877777;1398;1386
3946;19132227000;19111877777;19611877777;1400;1388
3947;19132230000;19111877777;19611877777;1400;1388
3948;19132234000;19111888888;19611888888;982;970
3949;19173859000;19112200000;19612200000;1398;1386
3950;19173868000;19112200000;19612200000;1400;1388
3951;19173872000;19112200000;19612200000;1398;1386
3952;19173875000;19153544444;19653544444;1400;1388
3953;19173879000;19153544444;19653544444;1400;1388
3954;19173882000;19153544444;19653544444;1398;1386
3955;19173885000;19153544444;19653544444;1400;1388
3956;19173888000;19153544444;19653544444;1398;1386
3957;19173891000;19153544444;19653544444;1400;1388
3959;19173895000;19153555555;19653555555;982;970
3960;19215528000;19153833333;19653833333;1398;1386
3961;19215537000;19153833333;19653833333;1400;1388
3962;19215541000;19153833333;19653833333;1398;1386
3963;19215544000;19195211111;19695211111;1400;1388
3964;19215547000;19195211111;19695211111;1400;1388
3965;19215551000;19195211111;19695211111;1398;1386
3966;19215554000;19195211111;19695211111;1400;1388
3967;19215558000;19195211111;19695211111;1398;1386
3968;19215561000;19195211111;19695211111;1400;1388
3969;19215564000;19195211111;19695211111;1400;1388
3970;19215567000;19195222222;19695222222;982;970
3971;19257193000;19195488888;19695488888;1398;1386
3972;19257202000;19195488888;19695488888;1400;1388
3973;19257206000;19195488888;19695488888;1398;1386
3974;19257209000;19236877777;19736877777;1400;1388
3975;19257212000;19236877777;19736877777;1400;1388
3976;19257215000;19236877777;19736877777;1398;1386
3977;19257219000;19236877777;19736877777;1400;1388
3978;19257222000;19236877777;19736877777;1398;1386
3979;19257225000;19236877777;19736877777;1400;1388
3980;19257228000;19236877777;19736877777;1400;1388
3981;19257231000;19236888888;19736888888;982;970
3982;19298861000;19237200000;19737200000;1398;1386
3983;19298871000;19237200000;19737200000;1400;1388
3984;19298876000;19237200000;19737200000;1398;1386
3985;19298879000;19278544444;19778544444;1400;1388
3986;19298883000;19278544444;19778544444;1400;1388
3987;19298886000;19278544444;19778544444;1398;1386
3988;19298890000;19278544444;19778544444;1400;1388
3989;19298893000;19278544444;19778544444;1398;1386
3990;19298896000;19278544444;19778544444;1400;1388
3991;19298900000;19278544444;19778544444;1400;1388
3992;19298903000;19278555555;19778555555;982;970
3993;19340529000;19278822222;19778822222;1398;1386
3994;19340539000;19278822222;19778822222;1400;1388
3995;19340543000;19278822222;19778822222;1398;1386
3997;19340547000;19320211111;19820211111;1400;1388
3998;19340555000;19320211111;19820211111;1398;1386
3999;19340561000;19320211111;19820211111;1400;1388
4000;19340566000;19320211111;19820211111;1398;1386
4001;19340570000;19320211111;19820211111;1400;1388
4002;19340573000;19320211111;19820211111;1400;1388
4003;19340577000;19320222222;19820222222;982;970
4004;19382193000;19320488888;19820488888;1398;1386
4005;19382203000;19320488888;19820488888;1400;1388
4006;19382207000;19320488888;19820488888;1398;1386
4007;19382210000;19361877777;19861877777;1400;1388
4008;19382214000;19361877777;19861877777;1400;1388
4009;19382217000;19361877777;19861877777;1398;1386
4010;19382221000;19361877777;19861877777;1400;1388
4011;19382224000;19361877777;19861877777;1398;1386
4012;19382227000;19361877777;19861877777;1400;1388
4013;19382231000;19361877777;19861877777;1400;1388
4014;19382234000;19361888888;19861888888;982;970
4015;19423862000;19362200000;19862200000;1398;1386
4016;19423871000;19362200000;19862200000;1400;1388
4017;19423875000;19362200000;19862200000;1398;1386
4018;19423878000;19403544444;19903544444;1400;1388
4019;19423882000;19403544444;19903544444;1400;1388
4020;19423885000;19403544444;19903544444;1398;1386
4021;19423888000;19403544444;19903544444;1400;1388
4022;19423891000;19403544444;19903544444;1398;1386
4023;19423895000;19403544444;19903544444;1400;1388
4024;19423898000;19403544444;19903544444;1400;1388
4025;19423901000;19403555555;19903555555;982;970
4026;19465519000;19403833333;19903833333;1398;1386
4027;19465527000;19403833333;19903833333;1400;1388
4028;19465531000;19403833333;19903833333;1398;1386
4029;19465534000;19445211111;19945211111;1400;1388
4030;19465537000;19445211111;19945211111;1400;1388
4031;19465540000;19445211111;19945211111;1398;1386
4032;19465543000;19445211111;19945211111;1400;1388
4033;19465547000;19445211111;19945211111;1398;1386
4034;19465550000;19445211111;19945211111;1400;1388
4035;19465553000;19445211111;19945211111;1400;1388
4036;19465556000;19445222222;19945222222;982;970
4037;19507210000;19445511111;19945511111;1398;1386
4038;19507218000;19445511111;19945511111;1400;1388
4039;19507222000;19445511111;19945511111;1398;1386
4040;19507226000;19486877777;19986877777;1400;1388
4041;19507229000;19486877777;19986877777;1400;1388
4042;19507232000;19486877777;19986877777;1398;1386
4043;19507236000;19486877777;19986877777;1400;1388
4044;19507239000;19486877777;19986877777;1398;1386
4045;19507242000;19486877777;19986877777;1400;1388
4046;19507245000;19486877777;19986877777;1400;1388
4047;19507248000;19486888888;19986888888;982;970
4048;19548863000;19487200000;19987200000;1398;1386
4049;19548873000;19487200000;19987200000;1400;1388
4050;19548877000;19487200000;19987200000;1398;1386
4051;19548880000;19528544444;20028544444;1400;1388
4052;19548884000;19528544444;20028544444;1400;1388
4053;19548888000;19528544444;20028544444;1398;1386
4054;19548891000;19528544444;20028544444;1400;1388
4055;19548894000;19528544444;20028544444;1398;1386
4056;19548898000;19528544444;20028544444;1400;1388
4057;19548901000;19528544444;20028544444;1400;1388
4058;19548904000;19528555555;20028555555;982;970
4059;19590526000;19528833333;20028833333;1398;1386
4060;19590534000;19528833333;20028833333;1400;1388
4061;19590538000;19528833333;20028833333;1398;1386
4063;19590541000;19570211111;20070211111;1400;1388
4064;19590549000;19570211111;20070211111;1398;1386
4065;19590556000;19570211111;20070211111;1400;1388
4066;19590559000;19570211111;20070211111;1398;1386
4067;19590563000;19570211111;20070211111;1400;1388
4068;19590566000;19570211111;20070211111;1400;1388
4069;19590569000;19570222222;20070222222;982;970
4070;19632190000;19570466666;20070466666;1398;1386
4071;19632199000;19570466666;20070466666;1400;1388
4072;19632202000;19570466666;20070466666;1398;1386
4073;19632205000;19611877777;20111877777;1400;1388
4074;19632209000;19611877777;20111877777;1400;1388
4075;19632212000;19611877777;20111877777;1398;1386
4076;19632215000;19611877777;20111877777;1400;1388
4077;19632218000;19611877777;20111877777;1398;1386
4078;19632221000;19611877777;20111877777;1400;1388
4079;19632224000;19611877777;20111877777;1400;1388
4080;19632227000;19611888888;20111888888;982;970
4081;19673865000;19612177777;20112177777;1398;1386
4082;19673873000;19612177777;20112177777;1400;1388
4083;19673877000;19612177777;20112177777;1398;1386
4084;19673880000;19653544444;20153544444;1400;1388
4085;19673883000;19653544444;20153544444;1400;1388
4086;19673894000;19653544444;20153544444;1398;1386
4087;19673898000;19653544444;20153544444;1400;1388
4088;19673901000;19653544444;20153544444;1398;1386
4089;19673904000;19653544444;20153544444;1400;1388
4091;19673907000;19653555555;20153555555;982;970
4092;19715506000;19653833333;20153833333;1398;1386
4093;19715514000;19653833333;20153833333;1400;1388
4094;19715518000;19653833333;20153833333;1398;1386
4095;19715521000;19695211111;20195211111;1400;1388
4096;19715525000;19695211111;20195211111;1400;1388
4097;19715528000;19695211111;20195211111;1398;1386
4098;19715531000;19695211111;20195211111;1400;1388
4099;19715534000;19695211111;20195211111;1398;1386
4100;19715537000;19695211111;20195211111;1400;1388
4101;19715540000;19695211111;20195211111;1400;1388
4102;19715543000;19695222222;20195222222;982;970
4103;19757200000;19695488888;20195488888;1398;1386
4104;19757208000;19695488888;20195488888;1400;1388
4105;19757212000;19695488888;20195488888;1398;1386
4106;19757215000;19736877777;20236877777;1400;1388
4107;19757219000;19736877777;20236877777;1400;1388
4108;19757222000;19736877777;20236877777;1398;1386
4109;19757225000;19736877777;20236877777;1400;1388
4110;19757228000;19736877777;20236877777;1398;1386
4111;19757231000;19736877777;20236877777;1400;1388
4114;19798849000;19737200000;20237200000;1398;1386
4115;19798863000;19737200000;20237200000;1400;1388
4116;19798869000;19737200000;20237200000;1398;1386
4117;19798873000;19778544444;20278544444;1400;1388
4118;19798876000;19778544444;20278544444;1400;1388
4119;19798880000;19778544444;20278544444;1398;1386
4120;19798883000;19778544444;20278544444;1400;1388
4121;19798886000;19778544444;20278544444;1398;1386
4122;19798890000;19778544444;20278544444;1400;1388
4124;19798893000;19778555555;20278555555;982;970
4125;19840522000;19778844444;20278844444;1398;1386
4126;19840530000;19778844444;20278844444;1400;1388
4127;19840534000;19778844444;20278844444;1398;1386
4128;19840537000;19820188888;20320188888;1400;1388
4129;19840540000;19820188888;20320188888;1400;1388
4130;19840544000;19820188888;20320188888;1398;1386
4131;19840547000;19820188888;20320188888;1400;1388
4132;19840550000;19820188888;20320188888;1398;1386
4133;19840553000;19820188888;20320188888;1400;1388
4134;19840556000;19820188888;20320188888;1400;1388
4135;19840559000;19820200000;20320200000;982;970
4136;19882212000;19820488888;20320488888;1398;1386
4137;19882221000;19820488888;20320488888;1400;1388
4138;19882224000;19820488888;20320488888;1398;1386
4139;19882228000;19861877777;20361877777;1400;1388
4140;19882231000;19861877777;20361877777;1400;1388
4141;19882234000;19861877777;20361877777;1398;1386
4142;19882238000;19861877777;20361877777;1400;1388
4143;19882242000;19861877777;20361877777;1398;1386
4144;19882245000;19861877777;20361877777;1400;1388
4145;19882248000;19861877777;20361877777;1400;1388
4146;19882251000;19861888888;20361888888;982;970
4147;19923856000;19862177777;20362177777;1398;1386
4148;19923865000;19862177777;20362177777;1400;1388
4149;19923868000;19862177777;20362177777;1398;1386
4150;19923871000;19903544444;20403544444;1400;1388
4151;19923875000;19903544444;20403544444;1400;1388
4152;19923878000;19903544444;20403544444;1398;1386
4154;19923881000;19903544444;20403544444;1398;1386
4155;19923888000;19903544444;20403544444;1400;1388
4156;19923894000;19903544444;20403544444;1400;1388
4157;19923898000;19903555555;20403555555;982;970
4158;19965537000;19903822222;20403822222;1398;1386
4159;19965545000;19903822222;20403822222;1400;1388
4161;19965549000;19945211111;20445211111;1400;1388
4162;19965553000;19945211111;20445211111;1400;1388
4163;19965557000;19945211111;20445211111;1398;1386
4164;19965560000;19945211111;20445211111;1400;1388
4165;19965563000;19945211111;20445211111;1398;1386
4166;19965566000;19945211111;20445211111;1400;1388
4167;19965569000;19945211111;20445211111;1400;1388
4168;19965572000;19945222222;20445222222;982;970
4169;20007194000;19945488888;20445488888;1398;1386
4170;20007204000;19945488888;20445488888;1400;1388
4171;20007208000;19945488888;20445488888;1398;1386
4172;20007221000;19986877777;20486877777;1400;1388
4173;20007225000;19986877777;20486877777;1400;1388
4174;20007228000;19986877777;20486877777;1398;1386
4175;20007232000;19986877777;20486877777;1400;1388
4176;20007235000;19986877777;20486877777;1398;1386
4177;20007239000;19986877777;20486877777;1400;1388
4179;20007243000;19986888888;20486888888;982;970
4180;20048860000;19987211111;20487211111;1398;1386
4181;20048869000;19987211111;20487211111;1400;1388
4182;20048873000;19987211111;20487211111;1398;1386
4183;20048876000;20028544444;20528544444;1400;1388
4184;20048880000;20028544444;20528544444;1400;1388
4185;20048883000;20028544444;20528544444;1398;1386
4186;20048886000;20028544444;20528544444;1400;1388
4187;20048889000;20028544444;20528544444;1398;1386
4188;20048892000;20028544444;20528544444;1400;1388
4189;20048896000;20028544444;20528544444;1400;1388
4190;20048899000;20028555555;20528555555;982;970
4191;20090521000;20028833333;20528833333;1398;1386
4192;20090530000;20028833333;20528833333;1400;1388
4193;20090533000;20028833333;20528833333;1398;1386
4194;20090536000;20070211111;20570211111;1400;1388
4195;20090540000;20070211111;20570211111;1400;1388
4196;20090543000;20070211111;20570211111;1398;1386
4197;20090546000;20070211111;20570211111;1400;1388
4198;20090549000;20070211111;20570211111;1398;1386
4200;20090552000;20070211111;20570211111;1400;1388
4201;20090559000;20070222222;20570222222;982;970
4202;20132206000;20070477777;20570477777;1398;1386
4203;20132215000;20070477777;20570477777;1400;1388
4204;20132219000;20070477777;20570477777;1398;1386
4205;20132222000;20111877777;20611877777;1400;1388
4206;20132226000;20111877777;20611877777;1400;1388
4207;20132229000;20111877777;20611877777;1398;1386
4208;20132232000;20111877777;20611877777;1400;1388
4209;20132235000;20111877777;20611877777;1398;1386
4210;20132239000;20111877777;20611877777;1400;1388
4211;20132242000;20111877777;20611877777;1400;1388
4212;20132245000;20111888888;20611888888;982;970
4214;20173862000;20112200000;20612200000;1400;1388
4215;20173876000;20112200000;20612200000;1398;1386
4217;20173883000;20153544444;20653544444;1400;1388
4218;20173887000;20153544444;20653544444;1398;1386
4219;20173891000;20153544444;20653544444;1400;1388
4220;20173894000;20153544444;20653544444;1398;1386
4221;20173897000;20153544444;20653544444;1400;1388
4222;20173901000;20153544444;20653544444;1400;1388
4223;20173904000;20153555555;20653555555;982;970
4224;20215526000;20153844444;20653844444;1398;1386
4225;20215535000;20153844444;20653844444;1400;1388
4226;20215539000;20153844444;20653844444;1398;1386
4227;20215542000;20195211111;20695211111;1400;1388
4228;20215545000;20195211111;20695211111;1400;1388
4229;20215549000;20195211111;20695211111;1398;1386
4230;20215552000;20195211111;20695211111;1400;1388
4231;20215555000;20195211111;20695211111;1398;1386
4232;20215558000;20195211111;20695211111;1400;1388
4233;20215562000;20195211111;20695211111;1400;1388
4234;20215565000;20195222222;20695222222;982;970
4235;20257185000;20195500000;20695500000;1398;1386
4237;20257193000;20195500000;20695500000;1398;1386
4238;20257200000;20236877777;20736877777;1400;1388
4240;20257207000;20236877777;20736877777;1398;1386
4241;20257211000;20236877777;20736877777;1400;1388
4242;20257215000;20236877777;20736877777;1398;1386
4243;20257218000;20236877777;20736877777;1400;1388
4244;20257221000;20236877777;20736877777;1400;1388
4245;20257224000;20236888888;20736888888;982;970
4246;20298868000;20237211111;20737211111;1398;1386
4247;20298876000;20237211111;20737211111;1400;1388
4248;20298880000;20237211111;20737211111;1398;1386
4249;20298883000;20278544444;20778544444;1400;1388
4251;20298886000;20278544444;20778544444;1398;1386
4252;20298890000;20278544444;20778544444;1400;1388
4253;20298893000;20278544444;20778544444;1398;1386
4254;20298897000;20278544444;20778544444;1400;1388
4255;20298900000;20278544444;20778544444;1400;1388
4256;20298903000;20278555555;20778555555;982;970
4257;20340529000;20278833333;20778833333;1398;1386
4258;20340537000;20278833333;20778833333;1400;1388
4259;20340541000;20278833333;20778833333;1398;1386
4260;20340553000;20320211111;20820211111;1400;1388
4261;20340556000;20320211111;20820211111;1400;1388
4262;20340559000;20320211111;20820211111;1398;1386
4263;20340562000;20320211111;20820211111;1400;1388
4264;20340565000;20320211111;20820211111;1398;1386
4265;20340568000;20320211111;20820211111;1400;1388
4266;20340571000;20320211111;20820211111;1400;1388
4267;20340574000;20320222222;20820222222;982;970
4268;20382214000;20320500000;20820500000;1398;1386
4269;20382224000;20320500000;20820500000;1400;1388
4270;20382228000;20320500000;20820500000;1398;1386
4271;20382232000;20361877777;20861877777;1400;1388
4272;20382235000;20361877777;20861877777;1400;1388
4273;20382239000;20361877777;20861877777;1398;1386
4274;20382242000;20361877777;20861877777;1400;1388
4275;20382245000;20361877777;20861877777;1398;1386
4276;20382249000;20361877777;20861877777;1400;1388
4277;20382252000;20361877777;20861877777;1400;1388
4279;20423858000;20362211111;20862211111;1398;1386
4280;20423871000;20362211111;20862211111;1400;1388
4281;20423877000;20362211111;20862211111;1398;1386
4282;20423881000;20403544444;20903544444;1400;1388
4283;20423884000;20403544444;20903544444;1400;1388
4284;20423888000;20403544444;20903544444;1398;1386
4286;20423891000;20403544444;20903544444;1398;1386
4287;20423894000;20403544444;20903544444;1400;1388
4288;20423898000;20403544444;20903544444;1400;1388
4289;20423901000;20403555555;20903555555;982;970
4290;20465523000;20403844444;20903844444;1398;1386
4291;20465531000;20403844444;20903844444;1400;1388
4292;20465535000;20403844444;20903844444;1398;1386
4293;20465538000;20445211111;20945211111;1400;1388
4294;20465541000;20445211111;20945211111;1400;1388
4295;20465544000;20445211111;20945211111;1398;1386
4296;20465547000;20445211111;20945211111;1400;1388
4297;20465550000;20445211111;20945211111;1398;1386
4298;20465553000;20445211111;20945211111;1400;1388
4299;20465556000;20445211111;20945211111;1400;1388
4300;20465559000;20445222222;20945222222;982;970
4301;20507203000;20445511111;20945511111;1398;1386
4302;20507211000;20445511111;20945511111;1400;1388
4303;20507215000;20445511111;20945511111;1398;1386
4304;20507218000;20486877777;20986877777;1400;1388
4305;20507221000;20486877777;20986877777;1400;1388
4307;20507225000;20486877777;20986877777;1400;1388
4308;20507232000;20486877777;20986877777;1398;1386
4309;20507239000;20486877777;20986877777;1400;1388
4310;20507242000;20486877777;20986877777;1400;1388
4311;20507245000;20486888888;20986888888;982;970
4312;20548873000;20487200000;20987200000;1398;1386
4313;20548882000;20487200000;20987200000;1400;1388
4314;20548885000;20487200000;20987200000;1398;1386
4315;20548889000;20528544444;21028544444;1400;1388
4316;20548892000;20528544444;21028544444;1400;1388
4317;20548895000;20528544444;21028544444;1398;1386
4318;20548899000;20528544444;21028544444;1400;1388
4319;20548902000;20528544444;21028544444;1398;1386
4320;20548905000;20528544444;21028544444;1400;1388
4321;20548908000;20528544444;21028544444;1400;1388
4322;20548912000;20528555555;21028555555;982;970
4323;20590525000;20528833333;21028833333;1398;1386
4324;20590534000;20528833333;21028833333;1400;1388
4325;20590538000;20528833333;21028833333;1398;1386
4326;20590541000;20570211111;21070211111;1400;1388
4328;20590545000;20570211111;21070211111;1398;1386
4329;20590552000;20570211111;21070211111;1400;1388
4330;20590558000;20570211111;21070211111;1398;1386
4331;20590562000;20570211111;21070211111;1400;1388
4332;20590565000;20570211111;21070211111;1400;1388
4333;20590568000;20570222222;21070222222;982;970
4334;20632196000;20570477777;21070477777;1398;1386
4335;20632205000;20570477777;21070477777;1400;1388
4336;20632209000;20570477777;21070477777;1398;1386
4337;20632212000;20611877777;21111877777;1400;1388
4338;20632216000;20611877777;21111877777;1400;1388
4339;20632220000;20611877777;21111877777;1398;1386
4340;20632223000;20611877777;21111877777;1400;1388
4341;20632227000;20611877777;21111877777;1398;1386
4342;20632231000;20611877777;21111877777;1400;1388
4343;20632234000;20611877777;21111877777;1400;1388
4344;20632248000;20611888888;21111888888;982;970
4345;20673860000;20612188888;21112188888;1398;1386
4346;20673869000;20612188888;21112188888;1400;1388
4347;20673872000;20612188888;21112188888;1398;1386
4348;20673876000;20653544444;21153544444;1400;1388
4349;20673879000;20653544444;21153544444;1400;1388
4350;20673882000;20653544444;21153544444;1398;1386
4351;20673886000;20653544444;21153544444;1400;1388
4352;20673889000;20653544444;21153544444;1398;1386
4353;20673892000;20653544444;21153544444;1400;1388
4354;20673895000;20653544444;21153544444;1400;1388
4355;20673898000;20653555555;21153555555;982;970
4356;20715527000;20653844444;21153844444;1398;1386
4357;20715536000;20653844444;21153844444;1400;1388
4358;20715540000;20653844444;21153844444;1398;1386
4359;20715543000;20695211111;21195211111;1400;1388
4360;20715547000;20695211111;21195211111;1400;1388
4361;20715550000;20695211111;21195211111;1398;1386
4362;20715553000;20695211111;21195211111;1400;1388
4363;20715557000;20695211111;21195211111;1398;1386
4364;20715560000;20695211111;21195211111;1400;1388
4365;20715563000;20695211111;21195211111;1400;1388
4366;20715566000;20695222222;21195222222;982;970
4367;20757193000;20695511111;21195511111;1398;1386
4368;20757202000;20695511111;21195511111;1400;1388
4369;20757205000;20695511111;21195511111;1398;1386
4370;20757209000;20736877777;21236877777;1400;1388
4371;20757212000;20736877777;21236877777;1400;1388
4372;20757216000;20736877777;21236877777;1398;1386
4373;20757219000;20736877777;21236877777;1400;1388
4375;20757222000;20736877777;21236877777;1400;1388
4376;20757229000;20736877777;21236877777;1400;1388
4377;20757236000;20736888888;21236888888;982;970
4378;20798864000;20737211111;21237211111;1398;1386
4379;20798874000;20737211111;21237211111;1400;1388
4380;20798878000;20737211111;21237211111;1398;1386
4381;20798881000;20778544444;21278544444;1400;1388
4382;20798885000;20778544444;21278544444;1400;1388
4383;20798888000;20778544444;21278544444;1398;1386
4384;20798892000;20778544444;21278544444;1400;1388
4385;20798895000;20778544444;21278544444;1398;1386
4386;20798898000;20778544444;21278544444;1400;1388
4387;20798902000;20778544444;21278544444;1400;1388
4388;20798905000;20778555555;21278555555;982;970
4389;20840523000;20778855555;21278855555;1398;1386
4390;20840531000;20778855555;21278855555;1400;1388
4391;20840535000;20778855555;21278855555;1398;1386
4392;20840538000;20820211111;21320211111;1400;1388
4395;20840541000;20820211111;21320211111;1400;1388
4396;20840549000;20820211111;21320211111;1398;1386
4397;20840556000;20820211111;21320211111;1400;1388
4398;20840560000;20820211111;21320211111;1400;1388
4399;20840563000;20820222222;21320222222;982;970
4400;20882196000;20820511111;21320511111;1398;1386
4401;20882206000;20820511111;21320511111;1400;1388
4402;20882210000;20820511111;21320511111;1398;1386
4403;20882214000;20861877777;21361877777;1400;1388
4404;20882217000;20861877777;21361877777;1400;1388
4405;20882221000;20861877777;21361877777;1398;1386
4406;20882224000;20861877777;21361877777;1400;1388
4407;20882227000;20861877777;21361877777;1398;1386
4408;20882231000;20861877777;21361877777;1400;1388
4409;20882234000;20861877777;21361877777;1400;1388
4410;20882237000;20861888888;21361888888;982;970
4411;20923858000;20862188888;21362188888;1398;1386
4412;20923867000;20862188888;21362188888;1400;1388
4413;20923872000;20862188888;21362188888;1398;1386
4414;20923875000;20903544444;21403544444;1400;1388
4415;20923879000;20903544444;21403544444;1400;1388
4416;20923882000;20903544444;21403544444;1398;1386
4417;20923885000;20903544444;21403544444;1400;1388
4418;20923888000;20903544444;21403544444;1398;1386
4420;20923892000;20903544444;21403544444;1400;1388
4421;20923899000;20903555555;21403555555;982;970
4422;20965526000;20903833333;21403833333;1398;1386
4423;20965535000;20903833333;21403833333;1400;1388
4424;20965539000;20903833333;21403833333;1398;1386
4425;20965542000;20945211111;21445211111;1400;1388
4426;20965545000;20945211111;21445211111;1400;1388
4427;20965548000;20945211111;21445211111;1398;1386
4428;20965552000;20945211111;21445211111;1400;1388
4429;20965564000;20945211111;21445211111;1398;1386
4430;20965568000;20945211111;21445211111;1400;1388
4431;20965571000;20945211111;21445211111;1400;1388
4432;20965575000;20945222222;21445222222;982;970
4433;21007193000;20945500000;21445500000;1398;1386
4434;21007202000;20945500000;21445500000;1400;1388
4435;21007206000;20945500000;21445500000;1398;1386
4436;21007210000;20986877777;21486877777;1400;1388
4437;21007213000;20986877777;21486877777;1400;1388
4438;21007216000;20986877777;21486877777;1398;1386
4439;21007219000;20986877777;21486877777;1400;1388
4440;21007223000;20986877777;21486877777;1398;1386
4441;21007226000;20986877777;21486877777;1400;1388
4442;21007229000;20986877777;21486877777;1400;1388
4443;21007232000;20986888888;21486888888;982;970
4444;21048861000;20987211111;21487211111;1398;1386
4445;21048870000;20987211111;21487211111;1400;1388
4446;21048874000;20987211111;21487211111;1398;1386
4447;21048878000;21028544444;21528544444;1400;1388
4448;21048882000;21028544444;21528544444;1400;1388
4449;21048885000;21028544444;21528544444;1398;1386
4450;21048889000;21028544444;21528544444;1400;1388
4451;21048892000;21028544444;21528544444;1398;1386
4452;21048896000;21028544444;21528544444;1400;1388
4453;21048899000;21028544444;21528544444;1400;1388
4454;21048902000;21028555555;21528555555;982;970
4455;21090559000;21028844444;21528844444;1398;1386
4456;21090568000;21028844444;21528844444;1400;1388
4457;21090572000;21028844444;21528844444;1398;1386
4458;21090576000;21070244444;21570244444;1400;1388
4459;21090579000;21070244444;21570244444;1400;1388
4460;21090583000;21070244444;21570244444;1398;1386
4461;21090586000;21070244444;21570244444;1400;1388
4462;21090590000;21070244444;21570244444;1398;1386
4463;21090593000;21070244444;21570244444;1400;1388
4464;21090596000;21070244444;21570244444;1400;1388
4465;21090600000;21070255555;21570255555;982;970
4466;21132192000;21070522222;21570522222;1398;1386
4467;21132201000;21070522222;21570522222;1400;1388
4468;21132205000;21070522222;21570522222;1398;1386
4469;21132209000;21111877777;21611877777;1400;1388
4470;21132212000;21111877777;21611877777;1400;1388
4471;21132216000;21111877777;21611877777;1398;1386
4472;21132219000;21111877777;21611877777;1400;1388
4473;21132223000;21111877777;21611877777;1398;1386
4474;21132226000;21111877777;21611877777;1400;1388
4475;21132229000;21111877777;21611877777;1400;1388
4476;21132233000;21111888888;21611888888;982;970
4477;21173859000;21112211111;21612211111;1398;1386
4478;21173867000;21112211111;21612211111;1400;1388
4479;21173871000;21112211111;21612211111;1398;1386
4480;21173874000;21153544444;21653544444;1400;1388
4481;21173878000;21153544444;21653544444;1400;1388
4482;21173882000;21153544444;21653544444;1398;1386
4483;21173885000;21153544444;21653544444;1400;1388
4484;21173888000;21153544444;21653544444;1398;1386
4485;21173891000;21153544444;21653544444;1400;1388
4486;21173894000;21153544444;21653544444;1400;1388
4487;21173897000;21153555555;21653555555;982;970
4488;21215526000;21153822222;21653822222;1398;1386
4489;21215535000;21153822222;21653822222;1400;1388
4490;21215539000;21153822222;21653822222;1398;1386
4491;21215542000;21195211111;21695211111;1400;1388
4492;21215545000;21195211111;21695211111;1400;1388
4493;21215549000;21195211111;21695211111;1398;1386
4494;21215552000;21195211111;21695211111;1400;1388
4495;21215555000;21195211111;21695211111;1398;1386
4496;21215558000;21195211111;21695211111;1400;1388
4497;21215562000;21195211111;21695211111;1400;1388
4498;21215565000;21195222222;21695222222;982;970
4499;21257196000;21195477777;21695477777;1398;1386
4500;21257205000;21195477777;21695477777;1400;1388
4501;21257208000;21195477777;21695477777;1398;1386
4502;21257212000;21236877777;21736877777;1400;1388
4503;21257215000;21236877777;21736877777;1400;1388
4504;21257218000;21236877777;21736877777;1398;1386
4505;21257221000;21236877777;21736877777;1400;1388
4506;21257225000;21236877777;21736877777;1398;1386
4507;21257228000;21236877777;21736877777;1400;1388
4508;21257231000;21236877777;21736877777;1400;1388
4509;21257234000;21236888888;21736888888;982;970
4510;21298860000;21237177777;21737177777;1398;1386
4511;21298870000;21237177777;21737177777;1400;1388
4512;21298874000;21237177777;21737177777;1398;1386
4513;21298877000;21278544444;21778544444;1400;1388
4514;21298881000;21278544444;21778544444;1400;1388
4515;21298884000;21278544444;21778544444;1398;1386
4516;21298888000;21278544444;21778544444;1400;1388
4517;21298892000;21278544444;21778544444;1398;1386
4518;21298895000;21278544444;21778544444;1400;1388
4519;21298899000;21278544444;21778544444;1400;1388
4520;21298902000;21278555555;21778555555;982;970
4521;21340527000;21278811111;21778811111;1398;1386
4522;21340536000;21278811111;21778811111;1400;1388
4523;21340540000;21278811111;21778811111;1398;1386
4524;21340544000;21320211111;21820211111;1400;1388
4525;21340548000;21320211111;21820211111;1400;1388
4526;21340551000;21320211111;21820211111;1398;1386
4527;21340554000;21320211111;21820211111;1400;1388
4528;21340558000;21320211111;21820211111;1398;1386
4529;21340561000;21320211111;21820211111;1400;1388
4531;21340565000;21320222222;21820222222;982;970
4532;21382195000;21320466666;21820466666;1398;1386
4533;21382205000;21320466666;21820466666;1400;1388
4534;21382209000;21320466666;21820466666;1398;1386
4535;21382213000;21361877777;21861877777;1400;1388
4536;21382216000;21361877777;21861877777;1400;1388
4537;21382220000;21361877777;21861877777;1398;1386
4538;21382223000;21361877777;21861877777;1400;1388
4539;21382227000;21361877777;21861877777;1398;1386
4540;21382230000;21361877777;21861877777;1400;1388
4541;21382234000;21361877777;21861877777;1400;1388
4542;21382237000;21361888888;21861888888;982;970
4543;21423861000;21362188888;21862188888;1398;1386
4544;21423870000;21362188888;21862188888;1400;1388
4545;21423874000;21362188888;21862188888;1398;1386
4546;21423877000;21403544444;21903544444;1400;1388
4547;21423881000;21403544444;21903544444;1400;1388
4548;21423884000;21403544444;21903544444;1398;1386
4549;21423887000;21403544444;21903544444;1400;1388
4550;21423890000;21403544444;21903544444;1398;1386
4551;21423894000;21403544444;21903544444;1400;1388
4552;21423897000;21403544444;21903544444;1400;1388
4553;21423900000;21403555555;21903555555;982;970
4554;21465526000;21403822222;21903822222;1398;1386
4555;21465536000;21403822222;21903822222;1400;1388
4556;21465540000;21403822222;21903822222;1398;1386
4557;21465543000;21445211111;21945211111;1400;1388
4558;21465547000;21445211111;21945211111;1400;1388
4559;21465550000;21445211111;21945211111;1398;1386
4560;21465554000;21445211111;21945211111;1400;1388
4561;21465557000;21445211111;21945211111;1398;1386
4562;21465560000;21445211111;21945211111;1400;1388
4563;21465564000;21445211111;21945211111;1400;1388
4564;21465567000;21445222222;21945222222;982;970
4565;21507195000;21445488888;21945488888;1398;1386
4566;21507205000;21445488888;21945488888;1400;1388
4567;21507209000;21445488888;21945488888;1398;1386
4568;21507213000;21486877777;21986877777;1400;1388
4569;21507217000;21486877777;21986877777;1400;1388
4570;21507220000;21486877777;21986877777;1398;1386
4571;21507224000;21486877777;21986877777;1400;1388
4572;21507227000;21486877777;21986877777;1398;1386
4573;21507231000;21486877777;21986877777;1400;1388
4574;21507234000;21486877777;21986877777;1400;1388
4575;21507237000;21486888888;21986888888;982;970
4576;21548862000;21487177777;21987177777;1398;1386
4577;21548871000;21487177777;21987177777;1400;1388
4578;21548876000;21487177777;21987177777;1398;1386
4579;21548879000;21528544444;22028544444;1400;1388
4581;21548883000;21528544444;22028544444;1398;1386
4582;21548891000;21528544444;22028544444;1400;1388
4583;21548897000;21528544444;22028544444;1398;1386
4584;21548901000;21528544444;22028544444;1400;1388
4585;21548905000;21528544444;22028544444;1400;1388
4586;21548909000;21528555555;22028555555;982;970
4587;21590521000;21528822222;22028822222;1398;1386
4588;21590529000;21528822222;22028822222;1400;1388
4589;21590533000;21528822222;22028822222;1398;1386
4590;21590536000;21570211111;22070211111;1400;1388
4591;21590540000;21570211111;22070211111;1400;1388
4592;21590551000;21570211111;22070211111;1398;1386
4593;21590554000;21570211111;22070211111;1400;1388
4594;21590558000;21570211111;22070211111;1398;1386
4595;21590561000;21570211111;22070211111;1400;1388
4599;21632202000;21570455555;22070455555;1400;1388
4600;21632216000;21570455555;22070455555;1398;1386
4601;21632222000;21611877777;22111877777;1400;1388
4602;21632225000;21611877777;22111877777;1400;1388
4603;21632229000;21611877777;22111877777;1398;1386
4604;21632232000;21611877777;22111877777;1400;1388
4605;21632235000;21611877777;22111877777;1398;1386
4606;21632238000;21611877777;22111877777;1400;1388
4607;21632241000;21611877777;22111877777;1400;1388
4608;21632245000;21611888888;22111888888;982;970
4609;21673867000;21612166666;22112166666;1398;1386
4610;21673876000;21612166666;22112166666;1400;1388
4611;21673879000;21612166666;22112166666;1398;1386
4612;21673882000;21653544444;22153544444;1400;1388
4613;21673886000;21653544444;22153544444;1400;1388
4614;21673889000;21653544444;22153544444;1398;1386
4615;21673892000;21653544444;22153544444;1400;1388
4616;21673895000;21653544444;22153544444;1398;1386
4617;21673898000;21653544444;22153544444;1400;1388
4618;21673901000;21653544444;22153544444;1400;1388
4619;21673904000;21653555555;22153555555;982;970
4620;21715507000;21653822222;22153822222;1398;1386
4621;21715516000;21653822222;22153822222;1400;1388
4622;21715519000;21653822222;22153822222;1398;1386
4623;21715523000;21695211111;22195211111;1400;1388
4624;21715526000;21695211111;22195211111;1400;1388
4625;21715529000;21695211111;22195211111;1398;1386
4626;21715532000;21695211111;22195211111;1400;1388
4627;21715535000;21695211111;22195211111;1398;1386
4628;21715538000;21695211111;22195211111;1400;1388
4629;21715541000;21695211111;22195211111;1400;1388
4630;21715544000;21695222222;22195222222;982;970
4631;21757200000;21695477777;22195477777;1398;1386
4632;21757208000;21695477777;22195477777;1400;1388
4633;21757212000;21695477777;22195477777;1398;1386
4634;21757215000;21736877777;22236877777;1400;1388
4635;21757218000;21736877777;22236877777;1400;1388
4636;21757221000;21736877777;22236877777;1398;1386
4637;21757224000;21736877777;22236877777;1400;1388
4638;21757227000;21736877777;22236877777;1398;1386
4639;21757230000;21736877777;22236877777;1400;1388
4640;21757234000;21736877777;22236877777;1400;1388
4641;21757237000;21736888888;22236888888;982;970
4642;21798871000;21737177777;22237177777;1398;1386
4643;21798880000;21737177777;22237177777;1400;1388
4644;21798884000;21737177777;22237177777;1398;1386
4645;21798887000;21778544444;22278544444;1400;1388
4646;21798890000;21778544444;22278544444;1400;1388
4647;21798893000;21778544444;22278544444;1398;1386
4648;21798896000;21778544444;22278544444;1400;1388
4649;21798900000;21778544444;22278544444;1398;1386
4650;21798903000;21778544444;22278544444;1400;1388
4651;21798906000;21778544444;22278544444;1400;1388
4652;21798909000;21778555555;22278555555;982;970
4653;21840506000;21778822222;22278822222;1398;1386
4654;21840515000;21778822222;22278822222;1400;1388
4655;21840519000;21778822222;22278822222;1398;1386
4656;21840522000;21820188888;22320188888;1400;1388
4657;21840526000;21820188888;22320188888;1400;1388
4658;21840529000;21820188888;22320188888;1398;1386
4659;21840532000;21820188888;22320188888;1400;1388
4660;21840535000;21820188888;22320188888;1398;1386
4661;21840539000;21820188888;22320188888;1400;1388
4662;21840542000;21820188888;22320188888;1400;1388
4663;21840545000;21820200000;22320200000;982;970
4664;21882189000;21820477777;22320477777;1398;1386
4668;21882198000;21861877777;22361877777;1400;1388
4669;21882206000;21861877777;22361877777;1398;1386
4670;21882213000;21861877777;22361877777;1400;1388
4671;21882217000;21861877777;22361877777;1398;1386
4672;21882220000;21861877777;22361877777;1400;1388
4673;21882223000;21861877777;22361877777;1400;1388
4674;21882226000;21861888888;22361888888;982;970
4676;21923862000;21862166666;22362166666;1400;1388
4677;21923872000;21862166666;22362166666;1398;1386
4678;21923876000;21903544444;22403544444;1400;1388
4679;21923880000;21903544444;22403544444;1400;1388
4680;21923893000;21903544444;22403544444;1398;1386
4681;21923897000;21903544444;22403544444;1400;1388
4682;21923900000;21903544444;22403544444;1398;1386
4683;21923903000;21903544444;22403544444;1400;1388
4684;21923907000;21903544444;22403544444;1400;1388
4685;21923910000;21903555555;22403555555;982;970
4686;21965522000;21903811111;22403811111;1398;1386
4687;21965530000;21903811111;22403811111;1400;1388
4688;21965534000;21903811111;22403811111;1398;1386
4689;21965537000;21945211111;22445211111;1400;1388
4690;21965541000;21945211111;22445211111;1400;1388
4691;21965544000;21945211111;22445211111;1398;1386
4692;21965547000;21945211111;22445211111;1400;1388
4693;21965550000;21945211111;22445211111;1398;1386
4694;21965553000;21945211111;22445211111;1400;1388
4695;21965556000;21945211111;22445211111;1400;1388
4696;21965559000;21945222222;22445222222;982;970
4697;22007207000;21945477777;22445477777;1398;1386
4698;22007216000;21945477777;22445477777;1400;1388
4699;22007219000;21945477777;22445477777;1398;1386
4700;22007223000;21986877777;22486877777;1400;1388
4701;22007226000;21986877777;22486877777;1400;1388
4702;22007229000;21986877777;22486877777;1398;1386
4703;22007233000;21986877777;22486877777;1400;1388
4704;22007236000;21986877777;22486877777;1398;1386
4705;22007239000;21986877777;22486877777;1400;1388
4706;22007242000;21986877777;22486877777;1400;1388
4707;22007245000;21986888888;22486888888;982;970
4708;22048860000;21987188888;22487188888;1398;1386
4709;22048870000;21987188888;22487188888;1400;1388
4710;22048873000;21987188888;22487188888;1398;1386
4712;22048877000;22028544444;22528544444;1400;1388
4713;22048885000;22028544444;22528544444;1398;1386
4714;22048891000;22028544444;22528544444;1400;1388
4715;22048895000;22028544444;22528544444;1398;1386
4716;22048898000;22028544444;22528544444;1400;1388
4717;22048901000;22028544444;22528544444;1400;1388
4718;22048905000;22028555555;22528555555;982;970
4719;22090520000;22028822222;22528822222;1398;1386
4720;22090529000;22028822222;22528822222;1400;1388
4721;22090532000;22028822222;22528822222;1398;1386
4722;22090535000;22070211111;22570211111;1400;1388
4723;22090539000;22070211111;22570211111;1400;1388
4724;22090542000;22070211111;22570211111;1398;1386
4725;22090545000;22070211111;22570211111;1400;1388
4726;22090548000;22070211111;22570211111;1398;1386
4727;22090551000;22070211111;22570211111;1400;1388
4728;22090554000;22070211111;22570211111;1400;1388
4729;22090557000;22070222222;22570222222;982;970
4730;22132201000;22070466666;22570466666;1398;1386
4731;22132210000;22070466666;22570466666;1400;1388
4732;22132214000;22070466666;22570466666;1398;1386
4733;22132217000;22111877777;22611877777;1400;1388
4734;22132220000;22111877777;22611877777;1400;1388
4735;22132223000;22111877777;22611877777;1398;1386
4736;22132226000;22111877777;22611877777;1400;1388
4737;22132229000;22111877777;22611877777;1398;1386
4738;22132232000;22111877777;22611877777;1400;1388
4739;22132235000;22111877777;22611877777;1400;1388
4741;22173868000;22112188888;22612188888;1398;1386
4742;22173881000;22112188888;22612188888;1400;1388
4743;22173887000;22112188888;22612188888;1398;1386
4744;22173890000;22153544444;22653544444;1400;1388
4745;22173894000;22153544444;22653544444;1400;1388
4746;22173897000;22153544444;22653544444;1398;1386
4747;22173900000;22153544444;22653544444;1400;1388
4748;22173903000;22153544444;22653544444;1398;1386
4749;22173906000;22153544444;22653544444;1400;1388
4750;22173909000;22153544444;22653544444;1400;1388
4751;22173912000;22153555555;22653555555;982;970
4752;22215560000;22153844444;22653844444;1398;1386
4753;22215576000;22153844444;22653844444;1400;1388
4754;22215580000;22153844444;22653844444;1398;1386
4755;22215584000;22195211111;22695211111;1400;1388
4756;22215587000;22195211111;22695211111;1400;1388
4757;22215591000;22195211111;22695211111;1398;1386
4758;22215595000;22195211111;22695211111;1400;1388
4759;22215598000;22195211111;22695211111;1398;1386
4760;22215601000;22195211111;22695211111;1400;1388
4761;22215605000;22195211111;22695211111;1400;1388
4766;22257222000;22236877777;22736877777;1400;1388
4767;22257243000;22236877777;22736877777;1400;1388
4768;22257248000;22236877777;22736877777;1398;1386
4769;22257258000;22236877777;22736877777;1400;1388
4770;22257262000;22236877777;22736877777;1398;1386
4771;22257265000;22236877777;22736877777;1400;1388
4772;22257277000;22236877777;22736877777;1400;1388
4773;22257281000;22236888888;22736888888;982;970
4774;22298868000;22237222222;22737222222;1398;1386
4775;22298876000;22237222222;22737222222;1400;1388
4776;22298880000;22237222222;22737222222;1398;1386
4777;22298884000;22278544444;22778544444;1400;1388
4778;22298887000;22278544444;22778544444;1400;1388
4779;22298891000;22278544444;22778544444;1398;1386
4780;22298894000;22278544444;22778544444;1400;1388
4781;22298897000;22278544444;22778544444;1398;1386
4782;22298900000;22278544444;22778544444;1400;1388
4783;22298903000;22278544444;22778544444;1400;1388
4784;22298907000;22278555555;22778555555;982;970
4785;22340532000;22278833333;22778833333;1398;1386
4786;22340541000;22278833333;22778833333;1400;1388
4787;22340545000;22278833333;22778833333;1398;1386
4788;22340549000;22320211111;22820211111;1400;1388
4789;22340552000;22320211111;22820211111;1400;1388
4790;22340555000;22320211111;22820211111;1398;1386
4791;22340558000;22320211111;22820211111;1400;1388
4792;22340561000;22320211111;22820211111;1398;1386
4793;22340565000;22320211111;22820211111;1400;1388
4794;22340568000;22320211111;22820211111;1400;1388
4795;22340571000;22320222222;22820222222;982;970
4796;22382211000;22320500000;22820500000;1398;1386
4797;22382220000;22320500000;22820500000;1400;1388
4798;22382224000;22320500000;22820500000;1398;1386
4799;22382227000;22361877777;22861877777;1400;1388
4800;22382230000;22361877777;22861877777;1400;1388
4801;22382234000;22361877777;22861877777;1398;1386
4802;22382237000;22361877777;22861877777;1400;1388
4803;22382240000;22361877777;22861877777;1398;1386
4804;22382244000;22361877777;22861877777;1400;1388
4805;22382247000;22361877777;22861877777;1400;1388
4806;22382250000;22361888888;22861888888;982;970
4808;22423870000;22362211111;22862211111;1400;1388
4809;22423891000;22362211111;22862211111;1398;1386
4810;22423896000;22403544444;22903544444;1400;1388
4811;22423899000;22403544444;22903544444;1400;1388
4812;22423903000;22403544444;22903544444;1398;1386
4813;22423906000;22403544444;22903544444;1400;1388
4814;22423909000;22403544444;22903544444;1398;1386
4815;22423922000;22403544444;22903544444;1400;1388
4816;22423925000;22403544444;22903544444;1400;1388
4817;22423928000;22403555555;22903555555;982;970
4818;22465544000;22403844444;22903844444;1398;1386
4819;22465553000;22403844444;22903844444;1400;1388
4820;22465557000;22403844444;22903844444;1398;1386
4821;22465561000;22445211111;22945211111;1400;1388
4822;22465565000;22445211111;22945211111;1400;1388
4823;22465569000;22445211111;22945211111;1398;1386
4824;22465572000;22445211111;22945211111;1400;1388
4825;22465576000;22445211111;22945211111;1398;1386
4826;22465579000;22445211111;22945211111;1400;1388
4827;22465583000;22445211111;22945211111;1400;1388
4828;22465586000;22445222222;22945222222;982;970
4829;22507196000;22445522222;22945522222;1398;1386
4830;22507206000;22445522222;22945522222;1400;1388
4831;22507209000;22445522222;22945522222;1398;1386
4832;22507213000;22486877777;22986877777;1400;1388
4833;22507217000;22486877777;22986877777;1400;1388
4834;22507220000;22486877777;22986877777;1398;1386
4835;22507224000;22486877777;22986877777;1400;1388
4836;22507227000;22486877777;22986877777;1398;1386
4837;22507231000;22486877777;22986877777;1400;1388
4838;22507235000;22486877777;22986877777;1400;1388
4839;22507238000;22486888888;22986888888;982;970
4840;22548861000;22487211111;22987211111;1398;1386
4841;22548871000;22487211111;22987211111;1400;1388
4842;22548874000;22487211111;22987211111;1398;1386
4844;22548878000;22528544444;23028544444;1400;1388
4845;22548884000;22528544444;23028544444;1398;1386
4846;22548893000;22528544444;23028544444;1400;1388
4847;22548897000;22528544444;23028544444;1398;1386
4848;22548900000;22528544444;23028544444;1400;1388
4849;22548912000;22528544444;23028544444;1400;1388
4850;22548916000;22528555555;23028555555;982;970
4851;22590524000;22528844444;23028844444;1398;1386
4852;22590533000;22528844444;23028844444;1400;1388
4853;22590537000;22528844444;23028844444;1398;1386
4854;22590540000;22570211111;23070211111;1400;1388
4855;22590543000;22570211111;23070211111;1400;1388
4856;22590547000;22570211111;23070211111;1398;1386
4857;22590550000;22570211111;23070211111;1400;1388
4858;22590553000;22570211111;23070211111;1398;1386
4859;22590557000;22570211111;23070211111;1400;1388
4860;22590560000;22570211111;23070211111;1400;1388
4861;22590563000;22570222222;23070222222;982;970
4863;22632202000;22570477777;23070477777;1400;1388
4864;22632223000;22570477777;23070477777;1398;1386
4865;22632227000;22611877777;23111877777;1400;1388
4866;22632231000;22611877777;23111877777;1400;1388
4867;22632234000;22611877777;23111877777;1398;1386
4868;22632237000;22611877777;23111877777;1400;1388
4869;22632240000;22611877777;23111877777;1398;1386
4870;22632253000;22611877777;23111877777;1400;1388
4871;22632256000;22611877777;23111877777;1400;1388
4875;22673870000;22612200000;23112200000;1398;1386
4876;22673891000;22653544444;23153544444;1400;1388
4877;22673896000;22653544444;23153544444;1400;1388
4878;22673900000;22653544444;23153544444;1398;1386
4880;22673903000;22653544444;23153544444;1398;1386
4881;22673906000;22653544444;23153544444;1400;1388
4882;22673910000;22653544444;23153544444;1400;1388
4883;22673922000;22653555555;23153555555;982;970
4885;22715532000;22653855555;23153855555;1400;1388
4886;22715540000;22653855555;23153855555;1398;1386
4887;22715544000;22695211111;23195211111;1400;1388
4888;22715547000;22695211111;23195211111;1400;1388
4889;22715551000;22695211111;23195211111;1398;1386
4890;22715554000;22695211111;23195211111;1400;1388
4891;22715557000;22695211111;23195211111;1398;1386
4893;22715560000;22695211111;23195211111;1400;1388
4894;22715564000;22695222222;23195222222;982;970
4895;22757208000;22695511111;23195511111;1398;1386
4896;22757216000;22695511111;23195511111;1400;1388
4897;22757220000;22695511111;23195511111;1398;1386
4898;22757224000;22736877777;23236877777;1400;1388
4899;22757227000;22736877777;23236877777;1400;1388
4900;22757230000;22736877777;23236877777;1398;1386
4901;22757233000;22736877777;23236877777;1400;1388
4902;22757236000;22736877777;23236877777;1398;1386
4903;22757240000;22736877777;23236877777;1400;1388
4904;22757243000;22736877777;23236877777;1400;1388
4905;22757246000;22736888888;23236888888;982;970
4906;22798870000;22737222222;23237222222;1398;1386
4907;22798878000;22737222222;23237222222;1400;1388
4908;22798882000;22737222222;23237222222;1398;1386
4909;22798885000;22778544444;23278544444;1400;1388
4910;22798889000;22778544444;23278544444;1400;1388
4911;22798892000;22778544444;23278544444;1398;1386
4912;22798895000;22778544444;23278544444;1400;1388
4913;22798898000;22778544444;23278544444;1398;1386
4914;22798902000;22778544444;23278544444;1400;1388
4916;22798905000;22778555555;23278555555;982;970
4917;22840539000;22778866666;23278866666;1398;1386
4918;22840547000;22778866666;23278866666;1400;1388
4920;22840551000;22820211111;23320211111;1400;1388
4921;22840555000;22820211111;23320211111;1400;1388
4922;22840558000;22820211111;23320211111;1398;1386
4923;22840562000;22820211111;23320211111;1400;1388
4924;22840565000;22820211111;23320211111;1398;1386
4925;22840568000;22820211111;23320211111;1400;1388
4926;22840571000;22820211111;23320211111;1400;1388
4927;22840574000;22820222222;23320222222;982;970
4928;22882193000;22820522222;23320522222;1398;1386
4929;22882202000;22820522222;23320522222;1400;1388
4930;22882205000;22820522222;23320522222;1398;1386
4931;22882209000;22861877777;23361877777;1400;1388
4932;22882212000;22861877777;23361877777;1400;1388
4933;22882216000;22861877777;23361877777;1398;1386
4934;22882219000;22861877777;23361877777;1400;1388
4935;22882222000;22861877777;23361877777;1398;1386
4936;22882226000;22861877777;23361877777;1400;1388
4937;22882229000;22861877777;23361877777;1400;1388
4938;22882232000;22861888888;23361888888;982;970
4940;22923856000;22862200000;23362200000;1400;1388
4943;22923877000;22903544444;23403544444;1400;1388
4944;22923882000;22903544444;23403544444;1398;1386
4945;22923885000;22903544444;23403544444;1400;1388
4946;22923888000;22903544444;23403544444;1398;1386
4947;22923892000;22903544444;23403544444;1400;1388
4948;22923895000;22903544444;23403544444;1400;1388
4949;22923907000;22903555555;23403555555;982;970
4950;22965533000;22903833333;23403833333;1398;1386
4951;22965542000;22903833333;23403833333;1400;1388
4952;22965545000;22903833333;23403833333;1398;1386
4953;22965549000;22945211111;23445211111;1400;1388
4954;22965552000;22945211111;23445211111;1400;1388
4955;22965556000;22945211111;23445211111;1398;1386
4956;22965559000;22945211111;23445211111;1400;1388
4957;22965562000;22945211111;23445211111;1398;1386
4958;22965565000;22945211111;23445211111;1400;1388
4959;22965568000;22945211111;23445211111;1400;1388
4960;22965571000;22945222222;23445222222;982;970
4961;23007208000;22945511111;23445511111;1398;1386
4962;23007217000;22945511111;23445511111;1400;1388
4963;23007220000;22945511111;23445511111;1398;1386
4964;23007223000;22986877777;23486877777;1400;1388
4965;23007227000;22986877777;23486877777;1400;1388
4966;23007230000;22986877777;23486877777;1398;1386
4967;23007233000;22986877777;23486877777;1400;1388
4968;23007237000;22986877777;23486877777;1398;1386
4969;23007240000;22986877777;23486877777;1400;1388
4970;23007243000;22986877777;23486877777;1400;1388
4971;23007246000;22986888888;23486888888;982;970
4972;23048868000;22987222222;23487222222;1398;1386
4975;23048876000;23028544444;23528544444;1400;1388
4976;23048892000;23028544444;23528544444;1400;1388
4977;23048896000;23028544444;23528544444;1398;1386
4978;23048900000;23028544444;23528544444;1400;1388
4980;23048903000;23028544444;23528544444;1400;1388
4981;23048907000;23028544444;23528544444;1400;1388
4982;23048910000;23028555555;23528555555;982;970
4983;23090534000;23028855555;23528855555;1398;1386
4984;23090542000;23028855555;23528855555;1400;1388
4985;23090546000;23028855555;23528855555;1398;1386
4986;23090549000;23070211111;23570211111;1400;1388
4987;23090552000;23070211111;23570211111;1400;1388
4988;23090555000;23070211111;23570211111;1398;1386
4989;23090558000;23070211111;23570211111;1400;1388
4990;23090562000;23070211111;23570211111;1398;1386
4991;23090565000;23070211111;23570211111;1400;1388
4992;23090568000;23070211111;23570211111;1400;1388
4993;23090571000;23070222222;23570222222;982;970
4994;23132206000;23070500000;23570500000;1398;1386
4995;23132215000;23070500000;23570500000;1400;1388
4996;23132218000;23070500000;23570500000;1398;1386
4997;23132222000;23111877777;23611877777;1400;1388
4998;23132225000;23111877777;23611877777;1400;1388
4999;23132228000;23111877777;23611877777;1398;1386
5000;23132231000;23111877777;23611877777;1400;1388
5001;23132234000;23111877777;23611877777;1398;1386
5002;23132237000;23111877777;23611877777;1400;1388
5003;23132241000;23111877777;23611877777;1400;1388
5005;23173866000;23112277777;23612277777;1398;1386
5006;23173887000;23112277777;23612277777;1400;1388
5007;23173891000;23112277777;23612277777;1398;1386
5008;23173895000;23153544444;23653544444;1400;1388
5009;23173899000;23153544444;23653544444;1400;1388
5010;23173902000;23153544444;23653544444;1398;1386
5011;23173906000;23153544444;23653544444;1400;1388
5012;23173918000;23153544444;23653544444;1398;1386
5013;23173921000;23153544444;23653544444;1400;1388
5014;23173924000;23153544444;23653544444;1400;1388
5016;23215538000;23153844444;23653844444;1398;1386
5017;23215559000;23153844444;23653844444;1400;1388
5018;23215563000;23153844444;23653844444;1398;1386
5019;23215567000;23195211111;23695211111;1400;1388
5020;23215570000;23195211111;23695211111;1400;1388
5021;23215574000;23195211111;23695211111;1398;1386
5022;23215577000;23195211111;23695211111;1400;1388
5023;23215589000;23195211111;23695211111;1398;1386
5024;23215592000;23195211111;23695211111;1400;1388
5025;23215595000;23195211111;23695211111;1400;1388
5026;23215599000;23195222222;23695222222;982;970
5027;23257202000;23195500000;23695500000;1398;1386
5028;23257210000;23195500000;23695500000;1400;1388
5029;23257214000;23195500000;23695500000;1398;1386
5030;23257217000;23236877777;23736877777;1400;1388
5031;23257220000;23236877777;23736877777;1400;1388
5032;23257223000;23236877777;23736877777;1398;1386
5033;23257227000;23236877777;23736877777;1400;1388
5034;23257230000;23236877777;23736877777;1398;1386
5035;23257233000;23236877777;23736877777;1400;1388
5036;23257236000;23236877777;23736877777;1400;1388
5037;23257239000;23236888888;23736888888;982;970
5038;23298874000;23237211111;23737211111;1398;1386
5039;23298883000;23237211111;23737211111;1400;1388
5040;23298887000;23237211111;23737211111;1398;1386
5041;23298890000;23278544444;23778544444;1400;1388
5042;23298893000;23278544444;23778544444;1400;1388
5043;23298897000;23278544444;23778544444;1398;1386
5044;23298900000;23278544444;23778544444;1400;1388
5045;23298904000;23278544444;23778544444;1398;1386
5046;23298907000;23278544444;23778544444;1400;1388
5047;23298910000;23278544444;23778544444;1400;1388
5048;23298913000;23278555555;23778555555;982;970
5049;23340521000;23278822222;23778822222;1398;1386
5050;23340529000;23278822222;23778822222;1400;1388
5051;23340533000;23278822222;23778822222;1398;1386
5052;23340537000;23320211111;23820211111;1400;1388
5053;23340540000;23320211111;23820211111;1400;1388
5054;23340543000;23320211111;23820211111;1398;1386
5055;23340546000;23320211111;23820211111;1400;1388
5056;23340549000;23320211111;23820211111;1398;1386
5057;23340552000;23320211111;23820211111;1400;1388
5058;23340555000;23320211111;23820211111;1400;1388
5060;23382206000;23320488888;23820488888;1398;1386
5061;23382227000;23320488888;23820488888;1400;1388
5062;23382232000;23320488888;23820488888;1398;1386
5063;23382236000;23361877777;23861877777;1400;1388
5064;23382239000;23361877777;23861877777;1400;1388
5065;23382243000;23361877777;23861877777;1398;1386
5066;23382246000;23361877777;23861877777;1400;1388
5067;23382259000;23361877777;23861877777;1398;1386
5068;23382262000;23361877777;23861877777;1400;1388
5069;23382265000;23361877777;23861877777;1400;1388
5070;23382268000;23361888888;23861888888;982;970
5071;23423855000;23362200000;23862200000;1398;1386
5072;23423863000;23362200000;23862200000;1400;1388
5073;23423867000;23362200000;23862200000;1398;1386
5074;23423870000;23403544444;23903544444;1400;1388
5075;23423873000;23403544444;23903544444;1400;1388
5076;23423876000;23403544444;23903544444;1398;1386
5077;23423880000;23403544444;23903544444;1400;1388
5078;23423883000;23403544444;23903544444;1398;1386
5079;23423886000;23403544444;23903544444;1400;1388
5080;23423889000;23403544444;23903544444;1400;1388
5081;23423892000;23403555555;23903555555;982;970
5082;23465534000;23403844444;23903844444;1398;1386
5083;23465543000;23403844444;23903844444;1400;1388
5084;23465546000;23403844444;23903844444;1398;1386
5085;23465549000;23445211111;23945211111;1400;1388
5086;23465553000;23445211111;23945211111;1400;1388
5087;23465556000;23445211111;23945211111;1398;1386
5088;23465559000;23445211111;23945211111;1400;1388
5089;23465562000;23445211111;23945211111;1398;1386
5090;23465565000;23445211111;23945211111;1400;1388
5091;23465568000;23445211111;23945211111;1400;1388
5092;23465571000;23445222222;23945222222;982;970
5093;23507211000;23445511111;23945511111;1398;1386
5094;23507220000;23445511111;23945511111;1400;1388
5095;23507225000;23445511111;23945511111;1398;1386
5096;23507228000;23486877777;23986877777;1400;1388
5097;23507231000;23486877777;23986877777;1400;1388
5098;23507235000;23486877777;23986877777;1398;1386
5099;23507238000;23486877777;23986877777;1400;1388
5100;23507241000;23486877777;23986877777;1398;1386
5102;23507245000;23486877777;23986877777;1400;1388
5103;23507250000;23486888888;23986888888;982;970
5104;23548864000;23487200000;23987200000;1398;1386
5105;23548874000;23487200000;23987200000;1400;1388
5106;23548878000;23487200000;23987200000;1398;1386
5107;23548882000;23528544444;24028544444;1400;1388
5108;23548885000;23528544444;24028544444;1400;1388
5109;23548888000;23528544444;24028544444;1398;1386
5110;23548902000;23528544444;24028544444;1400;1388
5111;23548906000;23528544444;24028544444;1398;1386
5112;23548909000;23528544444;24028544444;1400;1388
5113;23548913000;23528544444;24028544444;1400;1388
5115;23590527000;23528833333;24028833333;1398;1386
5116;23590548000;23528833333;24028833333;1400;1388
5117;23590552000;23528833333;24028833333;1398;1386
5118;23590562000;23570211111;24070211111;1400;1388
5119;23590566000;23570211111;24070211111;1400;1388
5120;23590570000;23570211111;24070211111;1398;1386
5121;23590582000;23570211111;24070211111;1400;1388
5122;23590585000;23570211111;24070211111;1398;1386
5123;23590588000;23570211111;24070211111;1400;1388
5125;23590591000;23570222222;24070222222;982;970
5126;23632190000;23570477777;24070477777;1398;1386
5127;23632198000;23570477777;24070477777;1400;1388
5128;23632202000;23570477777;24070477777;1398;1386
5129;23632205000;23611877777;24111877777;1400;1388
5130;23632208000;23611877777;24111877777;1400;1388
5131;23632211000;23611877777;24111877777;1398;1386
5132;23632215000;23611877777;24111877777;1400;1388
5133;23632218000;23611877777;24111877777;1398;1386
5134;23632221000;23611877777;24111877777;1400;1388
5135;23632224000;23611877777;24111877777;1400;1388
5137;23673867000;23612188888;24112188888;1398;1386
5138;23673887000;23612188888;24112188888;1400;1388
5139;23673892000;23612188888;24112188888;1398;1386
5140;23673896000;23653544444;24153544444;1400;1388
5141;23673900000;23653544444;24153544444;1400;1388
5142;23673903000;23653544444;24153544444;1398;1386
5143;23673906000;23653544444;24153544444;1400;1388
5144;23673909000;23653544444;24153544444;1398;1386
5145;23673922000;23653544444;24153544444;1400;1388
5146;23673925000;23653544444;24153544444;1400;1388
5147;23673928000;23653555555;24153555555;982;970
5148;23715509000;23653833333;24153833333;1398;1386
5149;23715517000;23653833333;24153833333;1400;1388
5150;23715521000;23653833333;24153833333;1398;1386
5151;23715525000;23695211111;24195211111;1400;1388
5152;23715528000;23695211111;24195211111;1400;1388
5153;23715531000;23695211111;24195211111;1398;1386
5154;23715534000;23695211111;24195211111;1400;1388
5155;23715537000;23695211111;24195211111;1398;1386
5156;23715540000;23695211111;24195211111;1400;1388
5157;23715543000;23695211111;24195211111;1400;1388
5158;23715546000;23695222222;24195222222;982;970
5159;23757201000;23695500000;24195500000;1398;1386
5160;23757210000;23695500000;24195500000;1400;1388
5161;23757213000;23695500000;24195500000;1398;1386
5162;23757216000;23736877777;24236877777;1400;1388
5163;23757220000;23736877777;24236877777;1400;1388
5164;23757223000;23736877777;24236877777;1398;1386
5165;23757226000;23736877777;24236877777;1400;1388
5166;23757229000;23736877777;24236877777;1398;1386
5167;23757232000;23736877777;24236877777;1400;1388
5168;23757236000;23736877777;24236877777;1400;1388
5169;23757239000;23736888888;24236888888;982;970
5170;23798822000;23737211111;24237211111;1398;1386
5171;23798830000;23737211111;24237211111;1400;1388
5172;23798834000;23737211111;24237211111;1398;1386
5173;23798837000;23778544444;24278544444;1400;1388
5174;23798840000;23778544444;24278544444;1400;1388
5175;23798843000;23778544444;24278544444;1398;1386
5176;23798846000;23778544444;24278544444;1400;1388
5177;23798849000;23778544444;24278544444;1398;1386
5179;23798852000;23778544444;24278544444;1400;1388
5180;23798858000;23778555555;24278555555;982;970
5181;23840555000;23778855555;24278855555;1398;1386
5182;23840562000;23778855555;24278855555;1400;1388
5183;23840565000;23778855555;24278855555;1398;1386
5184;23840568000;23820244444;24320244444;1400;1388
5185;23840572000;23820244444;24320244444;1400;1388
5186;23840576000;23820244444;24320244444;1398;1386
5187;23840579000;23820244444;24320244444;1400;1388
5188;23840582000;23820244444;24320244444;1398;1386
5189;23840585000;23820244444;24320244444;1400;1388
5190;23840588000;23820244444;24320244444;1400;1388
5191;23840591000;23820255555;24320255555;982;970
5192;23882187000;23820544444;24320544444;1398;1386
5193;23882194000;23820544444;24320544444;1400;1388
5194;23882206000;23820544444;24320544444;1398;1386
5195;23882209000;23861877777;24361877777;1400;1388
5196;23882212000;23861877777;24361877777;1400;1388
5197;23882216000;23861877777;24361877777;1398;1386
5198;23882219000;23861877777;24361877777;1400;1388
5199;23882222000;23861877777;24361877777;1398;1386
5200;23882225000;23861877777;24361877777;1400;1388
5201;23882228000;23861877777;24361877777;1400;1388
5202;23882232000;23861888888;24361888888;982;970
5203;23923856000;23862188888;24362188888;1398;1386
5204;23923863000;23862188888;24362188888;1400;1388
5205;23923866000;23862188888;24362188888;1398;1386
5206;23923870000;23903544444;24403544444;1400;1388
5207;23923873000;23903544444;24403544444;1400;1388
5208;23923877000;23903544444;24403544444;1398;1386
5209;23923880000;23903544444;24403544444;1400;1388
5210;23923883000;23903544444;24403544444;1398;1386
5212;23923886000;23903544444;24403544444;1400;1388
5213;23923892000;23903555555;24403555555;982;970
5214;23965532000;23903833333;24403833333;1398;1386
5215;23965539000;23903833333;24403833333;1400;1388
5216;23965543000;23903833333;24403833333;1398;1386
5217;23965546000;23945222222;24445222222;1400;1388
5218;23965550000;23945222222;24445222222;1400;1388
5220;23965553000;23945222222;24445222222;1400;1388
5221;23965558000;23945222222;24445222222;1398;1386
5222;23965561000;23945222222;24445222222;1400;1388
5223;23965565000;23945222222;24445222222;1400;1388
5224;23965568000;23945244444;24445244444;982;970
5225;24007186000;23945522222;24445522222;1398;1386
5226;24007193000;23945522222;24445522222;1400;1388
5227;24007196000;23945522222;24445522222;1398;1386
5228;24007200000;23986877777;24486877777;1400;1388
5229;24007203000;23986877777;24486877777;1400;1388
5230;24007206000;23986877777;24486877777;1398;1386
5231;24007209000;23986877777;24486877777;1400;1388
5232;24007213000;23986877777;24486877777;1398;1386
5233;24007216000;23986877777;24486877777;1400;1388
5234;24007219000;23986877777;24486877777;1400;1388
5235;24007222000;23986888888;24486888888;982;970
5236;24048854000;23987211111;24487211111;1398;1386
5237;24048861000;23987211111;24487211111;1400;1388
5238;24048865000;23987211111;24487211111;1398;1386
5239;24048868000;24028544444;24528544444;1400;1388
5240;24048871000;24028544444;24528544444;1400;1388
5241;24048875000;24028544444;24528544444;1398;1386
5242;24048878000;24028544444;24528544444;1400;1388
5243;24048881000;24028544444;24528544444;1398;1386
5244;24048884000;24028544444;24528544444;1400;1388
5246;24048888000;24028555555;24528555555;982;970
5247;24090520000;24028844444;24528844444;1398;1386
5248;24090527000;24028844444;24528844444;1400;1388
5249;24090530000;24028844444;24528844444;1398;1386
5250;24090533000;24070211111;24570211111;1400;1388
5251;24090536000;24070211111;24570211111;1400;1388
5252;24090539000;24070211111;24570211111;1398;1386
5253;24090543000;24070211111;24570211111;1400;1388
5254;24090546000;24070211111;24570211111;1398;1386
5255;24090549000;24070211111;24570211111;1400;1388
5256;24090552000;24070211111;24570211111;1400;1388
5257;24090555000;24070222222;24570222222;982;970
5258;24132177000;24070488888;24570488888;1398;1386
5259;24132186000;24070488888;24570488888;1400;1388
5260;24132189000;24070488888;24570488888;1398;1386
5261;24132193000;24111877777;24611877777;1400;1388
5262;24132196000;24111877777;24611877777;1400;1388
5264;24132199000;24111877777;24611877777;1400;1388
5265;24132205000;24111877777;24611877777;1398;1386
5266;24132219000;24111877777;24611877777;1400;1388
5267;24132222000;24111877777;24611877777;1400;1388
5268;24132231000;24111888888;24611888888;982;970
5269;24173873000;24112211111;24612211111;1398;1386
5270;24173881000;24112211111;24612211111;1400;1388
5271;24173885000;24112211111;24612211111;1398;1386
5273;24173888000;24153544444;24653544444;1400;1388
5275;24173891000;24153544444;24653544444;1400;1388
5276;24173895000;24153544444;24653544444;1398;1386
5277;24173898000;24153544444;24653544444;1400;1388
5278;24173902000;24153544444;24653544444;1400;1388
5279;24173905000;24153555555;24653555555;982;970
5280;24215521000;24153833333;24653833333;1398;1386
5281;24215536000;24153833333;24653833333;1400;1388
5282;24215540000;24153833333;24653833333;1398;1386
5283;24215543000;24195211111;24695211111;1400;1388
5284;24215546000;24195211111;24695211111;1400;1388
5285;24215549000;24195211111;24695211111;1398;1386
5286;24215552000;24195211111;24695211111;1400;1388
5287;24215556000;24195211111;24695211111;1398;1386
5288;24215559000;24195211111;24695211111;1400;1388
5289;24215562000;24195211111;24695211111;1400;1388
5290;24215565000;24195222222;24695222222;982;970
5291;24257189000;24195500000;24695500000;1398;1386
5292;24257196000;24195500000;24695500000;1400;1388
5293;24257200000;24195500000;24695500000;1398;1386
5294;24257203000;24236877777;24736877777;1400;1388
5295;24257206000;24236877777;24736877777;1400;1388
5296;24257209000;24236877777;24736877777;1398;1386
5297;24257212000;24236877777;24736877777;1400;1388
5298;24257216000;24236877777;24736877777;1398;1386
5299;24257219000;24236877777;24736877777;1400;1388
5300;24257222000;24236877777;24736877777;1400;1388
5301;24257225000;24236888888;24736888888;982;970
5302;24298858000;24237211111;24737211111;1398;1386
5303;24298866000;24237211111;24737211111;1400;1388
5304;24298869000;24237211111;24737211111;1398;1386
5305;24298872000;24278544444;24778544444;1400;1388
5306;24298876000;24278544444;24778544444;1400;1388
5307;24298879000;24278544444;24778544444;1398;1386
5308;24298882000;24278544444;24778544444;1400;1388
5309;24298885000;24278544444;24778544444;1398;1386
5310;24298888000;24278544444;24778544444;1400;1388
5311;24298892000;24278544444;24778544444;1400;1388
5312;24298895000;24278555555;24778555555;982;970
5313;24340539000;24278822222;24778822222;1398;1386
5314;24340547000;24278822222;24778822222;1400;1388
5315;24340551000;24278822222;24778822222;1398;1386
5316;24340554000;24320211111;24820211111;1400;1388
5317;24340557000;24320211111;24820211111;1400;1388
5318;24340560000;24320211111;24820211111;1398;1386
5319;24340563000;24320211111;24820211111;1400;1388
5320;24340566000;24320211111;24820211111;1398;1386
5321;24340569000;24320211111;24820211111;1400;1388
5322;24340572000;24320211111;24820211111;1400;1388
5323;24340575000;24320222222;24820222222;982;970
5324;24382186000;24320500000;24820500000;1398;1386
5325;24382193000;24320500000;24820500000;1400;1388
5326;24382197000;24320500000;24820500000;1398;1386
5327;24382201000;24361877777;24861877777;1400;1388
5328;24382204000;24361877777;24861877777;1400;1388
5329;24382207000;24361877777;24861877777;1398;1386
5331;24382211000;24361877777;24861877777;1398;1386
5332;24382216000;24361877777;24861877777;1400;1388
5336;24423857000;24362200000;24862200000;1400;1388
5337;24423864000;24362200000;24862200000;1398;1386
5338;24423868000;24403544444;24903544444;1400;1388
5339;24423871000;24403544444;24903544444;1400;1388
5340;24423874000;24403544444;24903544444;1398;1386
5341;24423877000;24403544444;24903544444;1400;1388
5343;24423880000;24403544444;24903544444;1400;1388
5344;24423884000;24403544444;24903544444;1400;1388
5345;24423887000;24403555555;24903555555;982;970
5346;24465520000;24403844444;24903844444;1398;1386
5347;24465527000;24403844444;24903844444;1400;1388
5348;24465530000;24403844444;24903844444;1398;1386
5349;24465534000;24445211111;24945211111;1400;1388
5350;24465537000;24445211111;24945211111;1400;1388
5351;24465540000;24445211111;24945211111;1398;1386
5352;24465543000;24445211111;24945211111;1400;1388
5353;24465546000;24445211111;24945211111;1398;1386
5354;24465549000;24445211111;24945211111;1400;1388
5355;24465552000;24445211111;24945211111;1400;1388
5356;24465555000;24445222222;24945222222;982;970
5357;24507185000;24445511111;24945511111;1398;1386
5358;24507191000;24445511111;24945511111;1400;1388
5359;24507194000;24445511111;24945511111;1398;1386
5360;24507197000;24486877777;24986877777;1400;1388
5361;24507201000;24486877777;24986877777;1400;1388
5362;24507204000;24486877777;24986877777;1398;1386
5364;24507207000;24486877777;24986877777;1398;1386
5365;24507212000;24486877777;24986877777;1400;1388
5366;24507225000;24486877777;24986877777;1400;1388
5367;24507229000;24486888888;24986888888;982;970
5368;24548856000;24487200000;24987200000;1398;1386
5369;24548863000;24487200000;24987200000;1400;1388
5370;24548866000;24487200000;24987200000;1398;1386
5371;24548869000;24528544444;25028544444;1400;1388
5372;24548872000;24528544444;25028544444;1400;1388
5373;24548875000;24528544444;25028544444;1398;1386
5374;24548878000;24528544444;25028544444;1400;1388
5375;24548881000;24528544444;25028544444;1398;1386
5376;24548885000;24528544444;25028544444;1400;1388
5377;24548888000;24528544444;25028544444;1400;1388
5378;24548891000;24528555555;25028555555;982;970
5379;24590521000;24528833333;25028833333;1398;1386
5380;24590528000;24528833333;25028833333;1400;1388
5381;24590531000;24528833333;25028833333;1398;1386
5382;24590534000;24570211111;25070211111;1400;1388
5383;24590537000;24570211111;25070211111;1400;1388
5384;24590541000;24570211111;25070211111;1398;1386
5385;24590544000;24570211111;25070211111;1400;1388
5386;24590547000;24570211111;25070211111;1398;1386
5387;24590550000;24570211111;25070211111;1400;1388
5388;24590553000;24570211111;25070211111;1400;1388
5390;24632185000;24570477777;25070477777;1398;1386
5391;24632204000;24570477777;25070477777;1400;1388
5392;24632208000;24570477777;25070477777;1398;1386
5393;24632211000;24611877777;25111877777;1400;1388
5394;24632215000;24611877777;25111877777;1400;1388
5395;24632218000;24611877777;25111877777;1398;1386
5396;24632222000;24611877777;25111877777;1400;1388
5397;24632225000;24611877777;25111877777;1398;1386
5398;24632237000;24611877777;25111877777;1400;1388
5399;24632241000;24611877777;25111877777;1400;1388
5400;24632244000;24611888888;25111888888;982;970
5401;24673862000;24612200000;25112200000;1398;1386
5402;24673868000;24612200000;25112200000;1400;1388
5403;24673881000;24612200000;25112200000;1398;1386
5404;24673884000;24653544444;25153544444;1400;1388
5405;24673887000;24653544444;25153544444;1400;1388
5406;24673890000;24653544444;25153544444;1398;1386
5407;24673893000;24653544444;25153544444;1400;1388
5408;24673896000;24653544444;25153544444;1398;1386
5409;24673899000;24653544444;25153544444;1400;1388
5410;24673902000;24653544444;25153544444;1400;1388
5411;24673905000;24653555555;25153555555;982;970
5412;24715521000;24653844444;25153844444;1398;1386
5413;24715528000;24653844444;25153844444;1400;1388
5414;24715531000;24653844444;25153844444;1398;1386
5415;24715534000;24695211111;25195211111;1400;1388
5416;24715537000;24695211111;25195211111;1400;1388
5417;24715540000;24695211111;25195211111;1398;1386
5418;24715544000;24695211111;25195211111;1400;1388
5419;24715547000;24695211111;25195211111;1398;1386
5420;24715550000;24695211111;25195211111;1400;1388
5421;24715553000;24695211111;25195211111;1400;1388
5422;24715556000;24695222222;25195222222;982;970
5423;24757191000;24695511111;25195511111;1398;1386
5424;24757199000;24695511111;25195511111;1400;1388
5425;24757203000;24695511111;25195511111;1398;1386
5426;24757206000;24736877777;25236877777;1400;1388
5427;24757209000;24736877777;25236877777;1400;1388
5428;24757212000;24736877777;25236877777;1398;1386
5429;24757215000;24736877777;25236877777;1400;1388
5430;24757218000;24736877777;25236877777;1398;1386
5432;24757221000;24736877777;25236877777;1400;1388
5433;24757227000;24736888888;25236888888;982;970
5434;24798858000;24737211111;25237211111;1398;1386
5435;24798866000;24737211111;25237211111;1400;1388
5436;24798869000;24737211111;25237211111;1398;1386
5437;24798873000;24778544444;25278544444;1400;1388
5438;24798876000;24778544444;25278544444;1400;1388
5439;24798879000;24778544444;25278544444;1398;1386
5440;24798882000;24778544444;25278544444;1400;1388
5441;24798885000;24778544444;25278544444;1398;1386
5442;24798888000;24778544444;25278544444;1400;1388
5443;24798891000;24778544444;25278544444;1400;1388
5444;24798894000;24778555555;25278555555;982;970
5445;24840523000;24778855555;25278855555;1398;1386
5446;24840530000;24778855555;25278855555;1400;1388
5447;24840533000;24778855555;25278855555;1398;1386
5448;24840536000;24820211111;25320211111;1400;1388
5450;24840540000;24820211111;25320211111;1398;1386
5451;24840565000;24820211111;25320211111;1400;1388
5452;24840569000;24820211111;25320211111;1398;1386
5453;24840572000;24820211111;25320211111;1400;1388
5454;24840575000;24820211111;25320211111;1400;1388
5457;24882188000;24820511111;25320511111;1400;1388
5458;24882196000;24820511111;25320511111;1398;1386
5459;24882199000;24861877777;25361877777;1400;1388
5460;24882202000;24861877777;25361877777;1400;1388
5461;24882206000;24861877777;25361877777;1398;1386
5462;24882209000;24861877777;25361877777;1400;1388
5463;24882212000;24861877777;25361877777;1398;1386
5464;24882215000;24861877777;25361877777;1400;1388
5465;24882218000;24861877777;25361877777;1400;1388
5466;24882221000;24861888888;25361888888;982;970
5467;24923852000;24862188888;25362188888;1398;1386
5468;24923858000;24862188888;25362188888;1400;1388
5469;24923861000;24862188888;25362188888;1398;1386
5470;24923864000;24903544444;25403544444;1400;1388
5471;24923868000;24903544444;25403544444;1400;1388
5472;24923871000;24903544444;25403544444;1398;1386
5474;24923874000;24903544444;25403544444;1398;1386
5475;24923889000;24903544444;25403544444;1400;1388
5476;24923893000;24903544444;25403544444;1400;1388
5477;24923896000;24903555555;25403555555;982;970
5478;24965519000;24903833333;25403833333;1398;1386
5479;24965525000;24903833333;25403833333;1400;1388
5480;24965528000;24903833333;25403833333;1398;1386
5481;24965531000;24945211111;25445211111;1400;1388
5482;24965535000;24945211111;25445211111;1400;1388
5483;24965538000;24945211111;25445211111;1398;1386
5484;24965541000;24945211111;25445211111;1400;1388
5485;24965544000;24945211111;25445211111;1398;1386
5486;24965547000;24945211111;25445211111;1400;1388
5487;24965550000;24945211111;25445211111;1400;1388
5488;24965553000;24945222222;25445222222;982;970
5489;25007192000;24945511111;25445511111;1398;1386
5490;25007198000;24945511111;25445511111;1400;1388
5491;25007201000;24945511111;25445511111;1398;1386
5492;25007205000;24986877777;25486877777;1400;1388
5493;25007208000;24986877777;25486877777;1400;1388
5494;25007211000;24986877777;25486877777;1398;1386
5495;25007214000;24986877777;25486877777;1400;1388
5496;25007217000;24986877777;25486877777;1398;1386
5497;25007220000;24986877777;25486877777;1400;1388
5498;25007223000;24986877777;25486877777;1400;1388
5499;25007226000;24986888888;25486888888;982;970
