seqnum;now;rtptime;deadline
2;5392103000;4862422222;5362422222
4;5542274000;4893433333;5393433333
42;5659928000;5018455555;5518455555
74;5760783000;5143411111;5643411111
99;5818897000;5227100000;5727100000
121;5865593000;5310422222;5810422222
132;5865707000;5352077777;5852077777
133;5865711000;5352077777;5852077777
134;5865712000;5352077777;5852077777
135;5925264000;5393433333;5893433333
142;5925490000;5393488888;5893488888
143;5925506000;5393833333;5893833333
144;5925507000;5393833333;5893833333
145;5925509000;5393833333;5893833333
146;5948455000;5435077777;5935077777
155;5948596000;5435444444;5935444444
156;5948600000;5435444444;5935444444
157;5984316000;5476733333;5976733333
166;5984428000;5477111111;5977111111
167;5984432000;5477111111;5977111111
168;6016627000;5518411111;6018411111
169;6016632000;5518411111;6018411111
170;6016633000;5518411111;6018411111
171;6016635000;5518411111;6018411111
172;6016636000;5518411111;6018411111
173;6016637000;5518411111;6018411111
176;6017088000;5518788888;6018788888
179;6056772000;5560111111;6060111111
182;6058582000;5560111111;6060111111
184;6058594000;5560111111;6060111111
185;6058596000;5560111111;6060111111
186;6058806000;5560155555;6060155555
188;6058810000;5560444444;6060444444
189;6058811000;5560444444;6060444444
190;6094432000;5601744444;6101744444
191;6094436000;5601744444;6101744444
192;6094437000;5601744444;6101744444
193;6094439000;5601744444;6101744444
194;6094440000;5601744444;6101744444
195;6094441000;5601744444;6101744444
196;6094442000;5601744444;6101744444
197;6095485000;5601800000;6101800000
198;6095500000;5602077777;6102077777
199;6095502000;5602077777;6102077777
200;6095503000;5602077777;6102077777
201;6135320000;5643411111;6143411111
202;6135324000;5643411111;6143411111
203;6135325000;5643411111;6143411111
204;6135326000;5643411111;6143411111
205;6135328000;5643411111;6143411111
206;6135329000;5643411111;6143411111
207;6135330000;5643411111;6143411111
208;6135531000;5643455555;6143455555
209;6135547000;5643755555;6143755555
210;6135548000;5643755555;6143755555
211;6135549000;5643755555;6143755555
212;6175926000;5685077777;6185077777
213;6175930000;5685077777;6185077777
214;6175931000;5685077777;6185077777
215;6175932000;5685077777;6185077777
216;6175933000;5685077777;6185077777
217;6175935000;5685077777;6185077777
218;6175936000;5685077777;6185077777
219;6176142000;5685122222;6185122222
220;6176157000;5685466666;6185466666
221;6176158000;5685466666;6185466666
222;6176160000;5685466666;6185466666
223;6217460000;5726744444;6226744444
224;6217464000;5726744444;6226744444
225;6217465000;5726744444;6226744444
226;6217466000;5726744444;6226744444
227;6217468000;5726744444;6226744444
228;6217469000;5726744444;6226744444
229;6217470000;5726744444;6226744444
230;6217671000;5726788888;6226788888
231;6217678000;5727088888;6227088888
232;6217679000;5727088888;6227088888
233;6217680000;5727088888;6227088888
234;6258691000;5768444444;6268444444
235;6258695000;5768444444;6268444444
236;6258697000;5768444444;6268444444
237;6258707000;5768444444;6268444444
238;6258709000;5768444444;6268444444
239;6258710000;5768444444;6268444444
240;6258711000;5768444444;6268444444
241;6258847000;5768500000;6268500000
242;6258850000;5768833333;6268833333
243;6258851000;5768833333;6268833333
244;6258853000;5768833333;6268833333
245;6300562000;5810077777;6310077777
246;6300566000;5810077777;6310077777
247;6300567000;5810077777;6310077777
248;6300568000;5810077777;6310077777
249;6300570000;5810077777;6310077777
250;6300571000;5810077777;6310077777
251;6300572000;5810077777;6310077777
252;6300773000;5810133333;6310133333
253;6300789000;5810455555;6310455555
254;6300790000;5810455555;6310455555
255;6300792000;5810455555;6310455555
256;6342200000;5851744444;6351744444
257;6342203000;5851744444;6351744444
258;6342204000;5851744444;6351744444
259;6342205000;5851744444;6351744444
260;6342207000;5851744444;6351744444
261;6342208000;5851744444;6351744444
262;6342209000;5851744444;6351744444
263;6342392000;5851788888;6351788888
264;6342398000;5852077777;6352077777
265;6342399000;5852077777;6352077777
266;6342400000;5852077777;6352077777
267;6383856000;5893411111;6393411111
268;6383860000;5893411111;6393411111
269;6383861000;5893411111;6393411111
270;6383862000;5893411111;6393411111
271;6383863000;5893411111;6393411111
272;6383864000;5893411111;6393411111
273;6383865000;5893411111;6393411111
274;6384090000;5893455555;6393455555
275;6384096000;5893766666;6393766666
276;6384097000;5893766666;6393766666
277;6384098000;5893766666;6393766666
278;6425509000;5935077777;6435077777
279;6425512000;5935077777;6435077777
280;6425513000;5935077777;6435077777
281;6425514000;5935077777;6435077777
282;6425515000;5935077777;6435077777
283;6425516000;5935077777;6435077777
284;6425517000;5935077777;6435077777
285;6425718000;5935133333;6435133333
286;6425733000;5935433333;6435433333
287;6425735000;5935433333;6435433333
288;6425735000;5935433333;6435433333
289;6467169000;5976766666;6476766666
290;6467172000;5976766666;6476766666
291;6467173000;5976766666;6476766666
292;6467186000;5976766666;6476766666
293;6467187000;5976766666;6476766666
294;6467188000;5976766666;6476766666
295;6467189000;5976766666;6476766666
296;6467416000;5976822222;6476822222
297;6467432000;5977088888;6477088888
298;6467433000;5977088888;6477088888
299;6467434000;5977088888;6477088888
300;6508831000;6018411111;6518411111
301;6508834000;6018411111;6518411111
302;6508835000;6018411111;6518411111
303;6508836000;6018411111;6518411111
304;6508837000;6018411111;6518411111
305;6508838000;6018411111;6518411111
306;6508839000;6018411111;6518411111
307;6509040000;6018455555;6518455555
308;6509050000;6018755555;6518755555
309;6509052000;6018755555;6518755555
310;6509053000;6018755555;6518755555
311;6550448000;6060077777;6560077777
312;6550451000;6060077777;6560077777
313;6550452000;6060077777;6560077777
314;6550454000;6060077777;6560077777
315;6550455000;6060077777;6560077777
316;6550456000;6060077777;6560077777
317;6550457000;6060077777;6560077777
318;6550613000;6060122222;6560122222
319;6550619000;6060433333;6560433333
320;6550620000;6060433333;6560433333
321;6550621000;6060433333;6560433333
322;6592179000;6101777777;6601777777
323;6592183000;6101777777;6601777777
324;6592184000;6101777777;6601777777
325;6592185000;6101777777;6601777777
326;6592186000;6101777777;6601777777
327;6592187000;6101777777;6601777777
328;6592188000;6101777777;6601777777
329;6592361000;6101822222;6601822222
330;6592365000;6102111111;6602111111
331;6592366000;6102111111;6602111111
332;6592367000;6102111111;6602111111
333;6633811000;6143411111;6643411111
334;6633815000;6143411111;6643411111
335;6633816000;6143411111;6643411111
336;6633817000;6143411111;6643411111
337;6633818000;6143411111;6643411111
338;6633818000;6143411111;6643411111
339;6633820000;6143411111;6643411111
340;6634020000;6143455555;6643455555
341;6634027000;6143777777;6643777777
342;6634028000;6143777777;6643777777
343;6634029000;6143777777;6643777777
344;6675449000;6185077777;6685077777
345;6675453000;6185077777;6685077777
346;6675454000;6185077777;6685077777
347;6675455000;6185077777;6685077777
348;6675456000;6185077777;6685077777
349;6675457000;6185077777;6685077777
350;6675458000;6185077777;6685077777
351;6675577000;6185122222;6685122222
352;6675581000;6185433333;6685433333
353;6675583000;6185433333;6685433333
354;6675584000;6185433333;6685433333
355;6717218000;6226744444;6726744444
356;6717228000;6226744444;6726744444
357;6717230000;6226744444;6726744444
358;6717232000;6226744444;6726744444
359;6717233000;6226744444;6726744444
360;6717235000;6226744444;6726744444
361;6717236000;6226744444;6726744444
362;6717410000;6226800000;6726800000
363;6717417000;6227077777;6727077777
364;6717419000;6227077777;6727077777
365;6717420000;6227077777;6727077777
366;6758822000;6268411111;6768411111
367;6758826000;6268411111;6768411111
368;6758827000;6268411111;6768411111
369;6758829000;6268411111;6768411111
370;6758830000;6268411111;6768411111
371;6758831000;6268411111;6768411111
372;6758832000;6268411111;6768411111
373;6759033000;6268466666;6768466666
374;6759061000;6268744444;6768744444
375;6759063000;6268744444;6768744444
376;6759064000;6268744444;6768744444
377;6800467000;6310077777;6810077777
378;6800471000;6310077777;6810077777
379;6800473000;6310077777;6810077777
380;6800474000;6310077777;6810077777
381;6800476000;6310077777;6810077777
382;6800477000;6310077777;6810077777
383;6800478000;6310077777;6810077777
384;6800669000;6310122222;6810122222
385;6800676000;6310422222;6810422222
386;6800677000;6310422222;6810422222
387;6800679000;6310422222;6810422222
388;6842180000;6351744444;6851744444
389;6842184000;6351744444;6851744444
390;6842185000;6351744444;6851744444
391;6842187000;6351744444;6851744444
392;6842188000;6351744444;6851744444
393;6842189000;6351744444;6851744444
394;6842191000;6351744444;6851744444
395;6842391000;6351788888;6851788888
396;6842406000;6352077777;6852077777
397;6842407000;6352077777;6852077777
398;6842409000;6352077777;6852077777
399;6883847000;6393444444;6893444444
400;6883851000;6393444444;6893444444
401;6883853000;6393444444;6893444444
402;6883854000;6393444444;6893444444
403;6883855000;6393444444;6893444444
404;6883856000;6393444444;6893444444
405;6883858000;6393444444;6893444444
406;6884012000;6393488888;6893488888
407;6884017000;6393800000;6893800000
408;6884018000;6393800000;6893800000
409;6884020000;6393800000;6893800000
410;6925506000;6435100000;6935100000
411;6925510000;6435100000;6935100000
412;6925512000;6435100000;6935100000
413;6925513000;6435100000;6935100000
414;6925514000;6435100000;6935100000
415;6925515000;6435100000;6935100000
416;6925517000;6435100000;6935100000
417;6925718000;6435155555;6935155555
418;6925734000;6435466666;6935466666
419;6925735000;6435466666;6935466666
420;6925736000;6435466666;6935466666
421;6967199000;6476766666;6976766666
422;6967203000;6476766666;6976766666
423;6967204000;6476766666;6976766666
424;6967205000;6476766666;6976766666
425;6967206000;6476766666;6976766666
426;6967208000;6476766666;6976766666
427;6967209000;6476766666;6976766666
428;6967411000;6476822222;6976822222
429;6967427000;6477111111;6977111111
430;6967428000;6477111111;6977111111
431;6967429000;6477111111;6977111111
432;7008844000;6518411111;7018411111
433;7008847000;6518411111;7018411111
434;7008849000;6518411111;7018411111
435;7008850000;6518411111;7018411111
436;7008852000;6518411111;7018411111
437;7008853000;6518411111;7018411111
438;7008854000;6518411111;7018411111
439;7009055000;6518455555;7018455555
440;7009062000;6518800000;7018800000
441;7009063000;6518800000;7018800000
442;7009064000;6518800000;7018800000
443;7050513000;6560077777;7060077777
444;7050516000;6560077777;7060077777
445;7050517000;6560077777;7060077777
446;7050518000;6560077777;7060077777
447;7050520000;6560077777;7060077777
448;7050521000;6560077777;7060077777
449;7050522000;6560077777;7060077777
450;7050707000;6560122222;7060122222
451;7050723000;6560433333;7060433333
452;7050724000;6560433333;7060433333
453;7050726000;6560433333;7060433333
454;7092177000;6601744444;7101744444
455;7092181000;6601744444;7101744444
456;7092183000;6601744444;7101744444
457;7092184000;6601744444;7101744444
458;7092185000;6601744444;7101744444
459;7092187000;6601744444;7101744444
460;7092188000;6601744444;7101744444
461;7092387000;6601800000;7101800000
462;7092394000;6602077777;7102077777
463;7092395000;6602077777;7102077777
464;7092397000;6602077777;7102077777
465;7138834000;6643411111;7143411111
466;7138846000;6643411111;7143411111
467;7138848000;6643411111;7143411111
468;7138850000;6643411111;7143411111
469;7138852000;6643411111;7143411111
470;7138855000;6643411111;7143411111
471;7138857000;6643411111;7143411111
472;7139016000;6643466666;7143466666
473;7139020000;6643766666;7143766666
474;7139022000;6643766666;7143766666
475;7139023000;6643766666;7143766666
476;7175552000;6685077777;7185077777
477;7175562000;6685077777;7185077777
478;7175564000;6685077777;7185077777
479;7175566000;6685077777;7185077777
480;7175567000;6685077777;7185077777
481;7175568000;6685077777;7185077777
482;7175570000;6685077777;7185077777
483;7175788000;6685122222;7185122222
484;7175804000;6685444444;7185444444
485;7175805000;6685444444;7185444444
486;7175807000;6685444444;7185444444
487;7217233000;6726744444;7226744444
488;7217264000;6726744444;7226744444
489;7217267000;6726744444;7226744444
490;7217269000;6726744444;7226744444
491;7217270000;6726744444;7226744444
492;7217272000;6726744444;7226744444
493;7217273000;6726744444;7226744444
494;7217492000;6726788888;7226788888
495;7217508000;6727088888;7227088888
496;7217510000;6727088888;7227088888
497;7217511000;6727088888;7227088888
498;7259104000;6768444444;7268444444
499;7259114000;6768444444;7268444444
500;7259116000;6768444444;7268444444
501;7259118000;6768444444;7268444444
502;7259119000;6768444444;7268444444
503;7259121000;6768444444;7268444444
504;7259122000;6768444444;7268444444
505;7259348000;6768488888;7268488888
506;7259364000;6768811111;7268811111
507;7259366000;6768811111;7268811111
508;7259367000;6768811111;7268811111
509;7306706000;6810077777;7310077777
510;7306716000;6810077777;7310077777
511;7306718000;6810077777;7310077777
513;7306720000;6810077777;7310077777
514;7306722000;6810077777;7310077777
515;7306723000;6810077777;7310077777
516;7306963000;6810122222;7310122222
517;7306979000;6810444444;7310444444
518;7306981000;6810444444;7310444444
519;7306982000;6810444444;7310444444
520;7342253000;6851766666;7351766666
521;7342264000;6851766666;7351766666
522;7342274000;6851766666;7351766666
523;7342276000;6851766666;7351766666
524;7342277000;6851766666;7351766666
525;7342279000;6851766666;7351766666
526;7342280000;6851766666;7351766666
527;7342491000;6851822222;7351822222
528;7342507000;6852122222;7352122222
529;7342508000;6852122222;7352122222
530;7342509000;6852122222;7352122222
531;7383861000;6893411111;7393411111
532;7383865000;6893411111;7393411111
533;7383867000;6893411111;7393411111
535;7383992000;6893411111;7393411111
536;7383995000;6893411111;7393411111
537;7383996000;6893411111;7393411111
538;7384210000;6893466666;7393466666
539;7384226000;6893777777;7393777777
540;7384227000;6893777777;7393777777
541;7384229000;6893777777;7393777777
542;7425539000;6935077777;7435077777
543;7425543000;6935077777;7435077777
544;7425544000;6935077777;7435077777
545;7425546000;6935077777;7435077777
546;7425547000;6935077777;7435077777
547;7425548000;6935077777;7435077777
549;7425764000;6935122222;7435122222
550;7425780000;6935444444;7435444444
551;7425781000;6935444444;7435444444
552;7425782000;6935444444;7435444444
553;7467187000;6976777777;7476777777
554;7467191000;6976777777;7476777777
555;7467192000;6976777777;7476777777
556;7467194000;6976777777;7476777777
557;7467195000;6976777777;7476777777
558;7467197000;6976777777;7476777777
559;7467198000;6976777777;7476777777
560;7467399000;6976833333;7476833333
561;7467405000;6977122222;7477122222
562;7467406000;6977122222;7477122222
563;7467408000;6977122222;7477122222
564;7508833000;7018411111;7518411111
565;7508837000;7018411111;7518411111
566;7508838000;7018411111;7518411111
567;7508840000;7018411111;7518411111
568;7508841000;7018411111;7518411111
569;7508842000;7018411111;7518411111
570;7508843000;7018411111;7518411111
571;7509058000;7018455555;7518455555
572;7509061000;7018766666;7518766666
573;7509063000;7018766666;7518766666
574;7509065000;7018766666;7518766666
575;7550486000;7060077777;7560077777
576;7550490000;7060077777;7560077777
577;7550491000;7060077777;7560077777
578;7550493000;7060077777;7560077777
579;7550494000;7060077777;7560077777
580;7550495000;7060077777;7560077777
581;7550496000;7060077777;7560077777
582;7550711000;7060122222;7560122222
583;7550717000;7060444444;7560444444
584;7550719000;7060444444;7560444444
585;7550720000;7060444444;7560444444
586;7592171000;7101744444;7601744444
587;7592175000;7101744444;7601744444
588;7592176000;7101744444;7601744444
589;7592178000;7101744444;7601744444
590;7592179000;7101744444;7601744444
591;7592180000;7101744444;7601744444
592;7592181000;7101744444;7601744444
593;7592381000;7101800000;7601800000
594;7592388000;7102100000;7602100000
595;7592389000;7102100000;7602100000
596;7592391000;7102100000;7602100000
597;7633839000;7143411111;7643411111
598;7633843000;7143411111;7643411111
599;7633844000;7143411111;7643411111
600;7633845000;7143411111;7643411111
601;7633847000;7143411111;7643411111
602;7633859000;7143411111;7643411111
603;7633860000;7143411111;7643411111
604;7634062000;7143455555;7643455555
605;7634068000;7143788888;7643788888
606;7634070000;7143788888;7643788888
607;7634071000;7143788888;7643788888
608;7675505000;7185077777;7685077777
609;7675508000;7185077777;7685077777
610;7675510000;7185077777;7685077777
611;7675511000;7185077777;7685077777
612;7675512000;7185077777;7685077777
613;7675514000;7185077777;7685077777
614;7675515000;7185077777;7685077777
615;7675716000;7185122222;7685122222
616;7675722000;7185444444;7685444444
617;7675723000;7185444444;7685444444
618;7675725000;7185444444;7685444444
619;7717182000;7226733333;7726733333
620;7717186000;7226733333;7726733333
621;7717187000;7226733333;7726733333
622;7717189000;7226733333;7726733333
623;7717190000;7226733333;7726733333
624;7717191000;7226733333;7726733333
625;7717192000;7226733333;7726733333
626;7717403000;7226788888;7726788888
627;7717407000;7227088888;7727088888
628;7717409000;7227088888;7727088888
629;7717410000;7227088888;7727088888
630;7758800000;7268411111;7768411111
631;7758803000;7268411111;7768411111
632;7758804000;7268411111;7768411111
633;7758805000;7268411111;7768411111
634;7758807000;7268411111;7768411111
635;7758808000;7268411111;7768411111
636;7758809000;7268411111;7768411111
637;7759009000;7268455555;7768455555
638;7759024000;7268755555;7768755555
639;7759025000;7268755555;7768755555
640;7759026000;7268755555;7768755555
641;7800510000;7310077777;7810077777
642;7800514000;7310077777;7810077777
644;7800515000;7310077777;7810077777
645;7800516000;7310077777;7810077777
646;7800517000;7310077777;7810077777
647;7800517000;7310077777;7810077777
648;7800717000;7310122222;7810122222
649;7800723000;7310433333;7810433333
650;7800724000;7310433333;7810433333
651;7800725000;7310433333;7810433333
652;7842163000;7351766666;7851766666
653;7842166000;7351766666;7851766666
654;7842167000;7351766666;7851766666
655;7842168000;7351766666;7851766666
656;7842169000;7351766666;7851766666
657;7842170000;7351766666;7851766666
658;7842171000;7351766666;7851766666
659;7842370000;7351811111;7851811111
660;7842376000;7352111111;7852111111
661;7842377000;7352111111;7852111111
662;7842378000;7352111111;7852111111
663;7883808000;7393411111;7893411111
664;7883811000;7393411111;7893411111
665;7883812000;7393411111;7893411111
666;7883813000;7393411111;7893411111
667;7883814000;7393411111;7893411111
668;7883815000;7393411111;7893411111
670;7884220000;7393455555;7893455555
671;7884224000;7393755555;7893755555
672;7884225000;7393755555;7893755555
673;7884226000;7393755555;7893755555
674;7925586000;7435088888;7935088888
675;7925596000;7435088888;7935088888
676;7925598000;7435088888;7935088888
677;7925599000;7435088888;7935088888
678;7925601000;7435088888;7935088888
679;7925602000;7435088888;7935088888
680;7925604000;7435088888;7935088888
681;7925815000;7435144444;7935144444
682;7925830000;7435466666;7935466666
683;7925831000;7435466666;7935466666
684;7925832000;7435466666;7935466666
685;7967143000;7476733333;7976733333
686;7967147000;7476733333;7976733333
687;7967148000;7476733333;7976733333
688;7967149000;7476733333;7976733333
689;7967151000;7476733333;7976733333
690;7967152000;7476733333;7976733333
691;7967153000;7476733333;7976733333
692;7967375000;7476788888;7976788888
693;7967391000;7477100000;7977100000
694;7967392000;7477100000;7977100000
695;7967393000;7477100000;7977100000
696;8008844000;7518411111;8018411111
697;8008848000;7518411111;8018411111
698;8008850000;7518411111;8018411111
699;8008851000;7518411111;8018411111
700;8008852000;7518411111;8018411111
701;8008854000;7518411111;8018411111
702;8008855000;7518411111;8018411111
703;8009027000;7518466666;8018466666
704;8009032000;7518788888;8018788888
705;8009033000;7518788888;8018788888
706;8009035000;7518788888;8018788888
707;8050510000;7560077777;8060077777
708;8050514000;7560077777;8060077777
709;8050515000;7560077777;8060077777
710;8050517000;7560077777;8060077777
711;8050518000;7560077777;8060077777
712;8050519000;7560077777;8060077777
713;8050521000;7560077777;8060077777
714;8050739000;7560133333;8060133333
715;8050754000;7560433333;8060433333
716;8050756000;7560433333;8060433333
717;8050757000;7560433333;8060433333
718;8092157000;7601744444;8101744444
719;8092161000;7601744444;8101744444
720;8092162000;7601744444;8101744444
721;8092163000;7601744444;8101744444
722;8092165000;7601744444;8101744444
723;8092166000;7601744444;8101744444
724;8092167000;7601744444;8101744444
725;8092340000;7601800000;8101800000
726;8092344000;7602077777;8102077777
727;8092346000;7602077777;8102077777
728;8092347000;7602077777;8102077777
729;8133862000;7643411111;8143411111
730;8133865000;7643411111;8143411111
731;8133867000;7643411111;8143411111
732;8133868000;7643411111;8143411111
733;8133869000;7643411111;8143411111
734;8133871000;7643411111;8143411111
735;8133872000;7643411111;8143411111
736;8134086000;7643455555;8143455555
737;8134093000;7643777777;8143777777
738;8134094000;7643777777;8143777777
739;8134096000;7643777777;8143777777
740;8175480000;7685077777;8185077777
741;8175483000;7685077777;8185077777
742;8175484000;7685077777;8185077777
743;8175486000;7685077777;8185077777
744;8175487000;7685077777;8185077777
745;8175488000;7685077777;8185077777
746;8175489000;7685077777;8185077777
747;8175700000;7685122222;8185122222
748;8175707000;7685455555;8185455555
749;8175709000;7685455555;8185455555
750;8175710000;7685455555;8185455555
751;8217170000;7726744444;8226744444
752;8217174000;7726744444;8226744444
753;8217176000;7726744444;8226744444
754;8217177000;7726744444;8226744444
755;8217178000;7726744444;8226744444
756;8217180000;7726744444;8226744444
757;8217181000;7726744444;8226744444
758;8217382000;7726788888;8226788888
759;8217388000;7727088888;8227088888
760;8217390000;7727088888;8227088888
761;8217391000;7727088888;8227088888
762;8258811000;7768411111;8268411111
763;8258814000;7768411111;8268411111
764;8258816000;7768411111;8268411111
765;8258817000;7768411111;8268411111
766;8258818000;7768411111;8268411111
767;8258820000;7768411111;8268411111
768;8258820000;7768411111;8268411111
769;8259022000;7768466666;8268466666
770;8259029000;7768788888;8268788888
771;8259030000;7768788888;8268788888
772;8259031000;7768788888;8268788888
773;8300596000;7810077777;8310077777
774;8300607000;7810077777;8310077777
775;8300608000;7810077777;8310077777
776;8300611000;7810077777;8310077777
777;8300612000;7810077777;8310077777
778;8300614000;7810077777;8310077777
779;8300616000;7810077777;8310077777
780;8300854000;7810133333;8310133333
781;8300870000;7810455555;8310455555
782;8300872000;7810455555;8310455555
783;8300873000;7810455555;8310455555
784;8342188000;7851744444;8351744444
785;8342196000;7851744444;8351744444
786;8342197000;7851744444;8351744444
787;8342199000;7851744444;8351744444
788;8342201000;7851744444;8351744444
789;8342202000;7851744444;8351744444
790;8342203000;7851744444;8351744444
791;8342350000;7851788888;8351788888
792;8342353000;7852100000;8352100000
793;8342354000;7852100000;8352100000
794;8342356000;7852100000;8352100000
795;8383856000;7893411111;8393411111
796;8383860000;7893411111;8393411111
797;8383861000;7893411111;8393411111
798;8383863000;7893411111;8393411111
799;8383864000;7893411111;8393411111
800;8383865000;7893411111;8393411111
801;8383867000;7893411111;8393411111
802;8384068000;7893455555;8393455555
803;8384075000;7893766666;8393766666
804;8384077000;7893766666;8393766666
805;8384078000;7893766666;8393766666
806;8425513000;7935077777;8435077777
807;8425517000;7935077777;8435077777
808;8425518000;7935077777;8435077777
809;8425519000;7935077777;8435077777
810;8425521000;7935077777;8435077777
811;8425522000;7935077777;8435077777
812;8425523000;7935077777;8435077777
813;8425724000;7935133333;8435133333
814;8425740000;7935455555;8435455555
815;8425741000;7935455555;8435455555
816;8425743000;7935455555;8435455555
817;8467196000;7976744444;8476744444
818;8467200000;7976744444;8476744444
819;8467201000;7976744444;8476744444
820;8467203000;7976744444;8476744444
821;8467204000;7976744444;8476744444
822;8467205000;7976744444;8476744444
823;8467206000;7976744444;8476744444
824;8467408000;7976800000;8476800000
825;8467432000;7977088888;8477088888
826;8467434000;7977088888;8477088888
827;8467435000;7977088888;8477088888
828;8508931000;8018411111;8518411111
829;8508941000;8018411111;8518411111
830;8508943000;8018411111;8518411111
831;8508945000;8018411111;8518411111
832;8508946000;8018411111;8518411111
833;8508948000;8018411111;8518411111
834;8508949000;8018411111;8518411111
835;8509163000;8018455555;8518455555
836;8509179000;8018777777;8518777777
837;8509181000;8018777777;8518777777
838;8509182000;8018777777;8518777777
839;8550513000;8060077777;8560077777
840;8550516000;8060077777;8560077777
842;8551893000;8060077777;8560077777
843;8551908000;8060077777;8560077777
844;8551909000;8060077777;8560077777
845;8551911000;8060077777;8560077777
846;8552114000;8060133333;8560133333
847;8552130000;8060455555;8560455555
848;8552131000;8060455555;8560455555
849;8552133000;8060455555;8560455555
850;8592179000;8101766666;8601766666
851;8592182000;8101766666;8601766666
852;8592184000;8101766666;8601766666
853;8592185000;8101766666;8601766666
854;8592186000;8101766666;8601766666
855;8592188000;8101766666;8601766666
856;8592189000;8101766666;8601766666
857;8592391000;8101822222;8601822222
858;8592407000;8102122222;8602122222
859;8592408000;8102122222;8602122222
860;8592410000;8102122222;8602122222
861;8633778000;8143411111;8643411111
862;8633781000;8143411111;8643411111
863;8633782000;8143411111;8643411111
864;8633783000;8143411111;8643411111
865;8633794000;8143411111;8643411111
866;8633795000;8143411111;8643411111
867;8633796000;8143411111;8643411111
868;8633934000;8143455555;8643455555
869;8633937000;8143800000;8643800000
870;8633939000;8143800000;8643800000
871;8633940000;8143800000;8643800000
872;8675488000;8185077777;8685077777
873;8675491000;8185077777;8685077777
874;8675493000;8185077777;8685077777
875;8675494000;8185077777;8685077777
876;8675495000;8185077777;8685077777
877;8675496000;8185077777;8685077777
878;8675498000;8185077777;8685077777
879;8675671000;8185133333;8685133333
880;8675676000;8185455555;8685455555
881;8675677000;8185455555;8685455555
882;8675679000;8185455555;8685455555
883;8717159000;8226744444;8726744444
884;8717162000;8226744444;8726744444
885;8717164000;8226744444;8726744444
886;8717165000;8226744444;8726744444
887;8717167000;8226744444;8726744444
888;8717168000;8226744444;8726744444
889;8717169000;8226744444;8726744444
890;8717370000;8226788888;8726788888
891;8717386000;8227100000;8727100000
892;8717388000;8227100000;8727100000
893;8717389000;8227100000;8727100000
894;8758862000;8268411111;8768411111
895;8758866000;8268411111;8768411111
896;8758867000;8268411111;8768411111
897;8758869000;8268411111;8768411111
898;8758870000;8268411111;8768411111
899;8758871000;8268411111;8768411111
900;8758873000;8268411111;8768411111
901;8759081000;8268455555;8768455555
902;8759096000;8268755555;8768755555
903;8759098000;8268755555;8768755555
904;8759099000;8268755555;8768755555
905;8800455000;8310088888;8810088888
906;8800459000;8310088888;8810088888
907;8800460000;8310088888;8810088888
908;8800461000;8310088888;8810088888
909;8800462000;8310088888;8810088888
910;8800473000;8310088888;8810088888
911;8800474000;8310088888;8810088888
912;8800609000;8310144444;8810144444
913;8800612000;8310455555;8810455555
914;8800614000;8310455555;8810455555
915;8800615000;8310455555;8810455555
916;8842145000;8351766666;8851766666
917;8842149000;8351766666;8851766666
918;8842150000;8351766666;8851766666
919;8842151000;8351766666;8851766666
920;8842152000;8351766666;8851766666
921;8842154000;8351766666;8851766666
922;8842155000;8351766666;8851766666
923;8842355000;8351822222;8851822222
924;8842361000;8352122222;8852122222
925;8842363000;8352122222;8852122222
926;8842364000;8352122222;8852122222
927;8883763000;8393411111;8893411111
928;8883775000;8393411111;8893411111
929;8883777000;8393411111;8893411111
930;8883778000;8393411111;8893411111
931;8883779000;8393411111;8893411111
932;8883780000;8393411111;8893411111
933;8883781000;8393411111;8893411111
934;8883921000;8393466666;8893466666
935;8883924000;8393788888;8893788888
936;8883925000;8393788888;8893788888
937;8883935000;8393788888;8893788888
938;8925421000;8435077777;8935077777
939;8925424000;8435077777;8935077777
940;8925425000;8435077777;8935077777
941;8925426000;8435077777;8935077777
942;8925437000;8435077777;8935077777
943;8925438000;8435077777;8935077777
944;8925439000;8435077777;8935077777
945;8925576000;8435122222;8935122222
946;8925579000;8435455555;8935455555
947;8925580000;8435455555;8935455555
948;8925581000;8435455555;8935455555
949;8967087000;8476744444;8976744444
950;8967089000;8476744444;8976744444
951;8967091000;8476744444;8976744444
952;8967091000;8476744444;8976744444
953;8967092000;8476744444;8976744444
954;8967093000;8476744444;8976744444
955;8967094000;8476744444;8976744444
956;8967268000;8476788888;8976788888
957;8967271000;8477111111;8977111111
958;8967271000;8477111111;8977111111
959;8967272000;8477111111;8977111111
960;9008839000;8518411111;9018411111
961;9008842000;8518411111;9018411111
962;9008843000;8518411111;9018411111
963;9008844000;8518411111;9018411111
964;9008845000;8518411111;9018411111
965;9008846000;8518411111;9018411111
966;9008847000;8518411111;9018411111
967;9009051000;8518455555;9018455555
968;9009057000;8518822222;9018822222
969;9009059000;8518822222;9018822222
970;9009059000;8518822222;9018822222
971;9050484000;8560077777;9060077777
972;9050487000;8560077777;9060077777
973;9050488000;8560077777;9060077777
974;9050489000;8560077777;9060077777
975;9050490000;8560077777;9060077777
976;9050491000;8560077777;9060077777
977;9050492000;8560077777;9060077777
978;9050694000;8560122222;9060122222
979;9050700000;8560433333;9060433333
980;9050701000;8560433333;9060433333
981;9050702000;8560433333;9060433333
982;9092127000;8601744444;9101744444
983;9092130000;8601744444;9101744444
984;9092131000;8601744444;9101744444
985;9092132000;8601744444;9101744444
986;9092133000;8601744444;9101744444
987;9092143000;8601744444;9101744444
988;9092144000;8601744444;9101744444
989;9092280000;8601800000;9101800000
990;9092282000;8602088888;9102088888
991;9092283000;8602088888;9102088888
992;9092284000;8602088888;9102088888
993;9133934000;8643411111;9143411111
994;9133954000;8643411111;9143411111
995;9133956000;8643411111;9143411111
996;9133957000;8643411111;9143411111
997;9133959000;8643411111;9143411111
998;9133960000;8643411111;9143411111
999;9133962000;8643411111;9143411111
1000;9134173000;8643455555;9143455555
1001;9134189000;8643755555;9143755555
1002;9134191000;8643755555;9143755555
1003;9134192000;8643755555;9143755555
1004;9175547000;8685111111;9185111111
1005;9175551000;8685111111;9185111111
1007;9177135000;8685111111;9185111111
1008;9177150000;8685111111;9185111111
1009;9177151000;8685111111;9185111111
1010;9177152000;8685111111;9185111111
1011;9177384000;8685155555;9185155555
1012;9177400000;8685488888;9185488888
1013;9177402000;8685488888;9185488888
1014;9177403000;8685488888;9185488888
1015;9217174000;8726744444;9226744444
1016;9217178000;8726744444;9226744444
1017;9217179000;8726744444;9226744444
1018;9217181000;8726744444;9226744444
1019;9217182000;8726744444;9226744444
1020;9217183000;8726744444;9226744444
1021;9217185000;8726744444;9226744444
1022;9217386000;8726800000;9226800000
1023;9217401000;8727111111;9227111111
1024;9217403000;8727111111;9227111111
1025;9217404000;8727111111;9227111111
1026;9258849000;8768411111;9268411111
1027;9258852000;8768411111;9268411111
1028;9258854000;8768411111;9268411111
1029;9258855000;8768411111;9268411111
1030;9258857000;8768411111;9268411111
1031;9258858000;8768411111;9268411111
1032;9258860000;8768411111;9268411111
1033;9259061000;8768455555;9268455555
1035;9259297000;8768755555;9268755555
1036;9259298000;8768755555;9268755555
1037;9300446000;8810077777;9310077777
1038;9300449000;8810077777;9310077777
1039;9300451000;8810077777;9310077777
1040;9300452000;8810077777;9310077777
1041;9300463000;8810077777;9310077777
1042;9300464000;8810077777;9310077777
1043;9300465000;8810077777;9310077777
1044;9300603000;8810122222;9310122222
1045;9300606000;8810455555;9310455555
1046;9300607000;8810455555;9310455555
1047;9300609000;8810455555;9310455555
1048;9342174000;8851744444;9351744444
1049;9342178000;8851744444;9351744444
1050;9342180000;8851744444;9351744444
1051;9342181000;8851744444;9351744444
1052;9342182000;8851744444;9351744444
1053;9342183000;8851744444;9351744444
1054;9342185000;8851744444;9351744444
1055;9342386000;8851788888;9351788888
1056;9342393000;8852077777;9352077777
1057;9342394000;8852077777;9352077777
1058;9342396000;8852077777;9352077777
1059;9383759000;8893411111;9393411111
1060;9383762000;8893411111;9393411111
1061;9383773000;8893411111;9393411111
1062;9383774000;8893411111;9393411111
1063;9383776000;8893411111;9393411111
1064;9383777000;8893411111;9393411111
1065;9383778000;8893411111;9393411111
1066;9383916000;8893455555;9393455555
1067;9383919000;8893744444;9393744444
1068;9383920000;8893744444;9393744444
1069;9383921000;8893744444;9393744444
1070;9425507000;8935077777;9435077777
1071;9425511000;8935077777;9435077777
1072;9425512000;8935077777;9435077777
1073;9425514000;8935077777;9435077777
1074;9425515000;8935077777;9435077777
1075;9425516000;8935077777;9435077777
1076;9425517000;8935077777;9435077777
1077;9425718000;8935122222;9435122222
1078;9425725000;8935444444;9435444444
1079;9425727000;8935444444;9435444444
1080;9425728000;8935444444;9435444444
1081;9467204000;8976744444;9476744444
1082;9467207000;8976744444;9476744444
1083;9467209000;8976744444;9476744444
1084;9467210000;8976744444;9476744444
1085;9467212000;8976744444;9476744444
1086;9467213000;8976744444;9476744444
1087;9467214000;8976744444;9476744444
1088;9467415000;8976800000;9476800000
1089;9467421000;8977088888;9477088888
1090;9467423000;8977088888;9477088888
1091;9467424000;8977088888;9477088888
1092;9508881000;9018411111;9518411111
1093;9508889000;9018411111;9518411111
1095;9509803000;9018411111;9518411111
1096;9509805000;9018411111;9518411111
1097;9509806000;9018411111;9518411111
1098;9509808000;9018411111;9518411111
1099;9518665000;9018466666;9518466666
1103;9518675000;9060077777;9560077777
1104;9518676000;9060077777;9560077777
1105;9518678000;9060077777;9560077777
1106;9518680000;9060077777;9560077777
1107;9518681000;9060077777;9560077777
1108;9518683000;9060077777;9560077777
1109;9518684000;9060077777;9560077777
1110;9550633000;9060133333;9560133333
1111;9550649000;9060433333;9560433333
1112;9550650000;9060433333;9560433333
1113;9550652000;9060433333;9560433333
1114;9592170000;9101744444;9601744444
1115;9592173000;9101744444;9601744444
1116;9592175000;9101744444;9601744444
1117;9592176000;9101744444;9601744444
1118;9592178000;9101744444;9601744444
1119;9592180000;9101744444;9601744444
1120;9592181000;9101744444;9601744444
1121;9592389000;9101788888;9601788888
1122;9592405000;9102088888;9602088888
1123;9592406000;9102088888;9602088888
1124;9592407000;9102088888;9602088888
1125;9633862000;9143411111;9643411111
1126;9633866000;9143411111;9643411111
1127;9633867000;9143411111;9643411111
1128;9633868000;9143411111;9643411111
1129;9633870000;9143411111;9643411111
1130;9633871000;9143411111;9643411111
1131;9633873000;9143411111;9643411111
1132;9634062000;9143455555;9643455555
1133;9634067000;9143788888;9643788888
1134;9634068000;9143788888;9643788888
1135;9634070000;9143788888;9643788888
1136;9675472000;9185088888;9685088888
1137;9675475000;9185088888;9685088888
1138;9675477000;9185088888;9685088888
1139;9675478000;9185088888;9685088888
1140;9675479000;9185088888;9685088888
1141;9675481000;9185088888;9685088888
1142;9675491000;9185088888;9685088888
1143;9675644000;9185144444;9685144444
1144;9675656000;9185455555;9685455555
1145;9675658000;9185455555;9685455555
1146;9675659000;9185455555;9685455555
1147;9717182000;9226744444;9726744444
1148;9717186000;9226744444;9726744444
1149;9717188000;9226744444;9726744444
1150;9717189000;9226744444;9726744444
1151;9717190000;9226744444;9726744444
1152;9717191000;9226744444;9726744444
1153;9717193000;9226744444;9726744444
1154;9717394000;9226788888;9726788888
1155;9717410000;9227077777;9727077777
1156;9717412000;9227077777;9727077777
1157;9717413000;9227077777;9727077777
1158;9758849000;9268411111;9768411111
1159;9758853000;9268411111;9768411111
1160;9758863000;9268411111;9768411111
1161;9758864000;9268411111;9768411111
1162;9758866000;9268411111;9768411111
1163;9758867000;9268411111;9768411111
1164;9758868000;9268411111;9768411111
1165;9759076000;9268455555;9768455555
1166;9759092000;9268744444;9768744444
1167;9759093000;9268744444;9768744444
1168;9759095000;9268744444;9768744444
1169;9800446000;9310077777;9810077777
1170;9800449000;9310077777;9810077777
1171;9800450000;9310077777;9810077777
1172;9800451000;9310077777;9810077777
1173;9800453000;9310077777;9810077777
1174;9800464000;9310077777;9810077777
1175;9800465000;9310077777;9810077777
1176;9800601000;9310122222;9810122222
1177;9800603000;9310422222;9810422222
1178;9800604000;9310422222;9810422222
1179;9800606000;9310422222;9810422222
1180;9842087000;9351744444;9851744444
1181;9842090000;9351744444;9851744444
1182;9842091000;9351744444;9851744444
1183;9842092000;9351744444;9851744444
1184;9842094000;9351744444;9851744444
1185;9842095000;9351744444;9851744444
1186;9842105000;9351744444;9851744444
1187;9842240000;9351788888;9851788888
1188;9842242000;9352088888;9852088888
1189;9842243000;9352088888;9852088888
1190;9842245000;9352088888;9852088888
1191;9883753000;9393411111;9893411111
1192;9883756000;9393411111;9893411111
1193;9883757000;9393411111;9893411111
1194;9883758000;9393411111;9893411111
1195;9883759000;9393411111;9893411111
1196;9883760000;9393411111;9893411111
1197;9883771000;9393411111;9893411111
1198;9883909000;9393466666;9893466666
1199;9883911000;9393811111;9893811111
1200;9883912000;9393811111;9893811111
1201;9883913000;9393811111;9893811111
1202;9925442000;9435100000;9935100000
1203;9925444000;9435100000;9935100000
1204;9925446000;9435100000;9935100000
1205;9925447000;9435100000;9935100000
1206;9925448000;9435100000;9935100000
1207;9925449000;9435100000;9935100000
1208;9925450000;9435100000;9935100000
1209;9925594000;9435155555;9935155555
1210;9925596000;9435477777;9935477777
1213;9967099000;9476766666;9976766666
1214;9967102000;9476766666;9976766666
1215;9967103000;9476766666;9976766666
1216;9967104000;9476766666;9976766666
1217;9967105000;9476766666;9976766666
1218;9967106000;9476766666;9976766666
1219;9967116000;9476766666;9976766666
1220;9967253000;9476822222;9976822222
1221;9967256000;9477122222;9977122222
1222;9967257000;9477122222;9977122222
1223;9967258000;9477122222;9977122222
1224;10008780000;9518433333;10018433333
1226;10016948000;9518433333;10018433333
1228;10016951000;9518433333;10018433333
1229;10016953000;9518433333;10018433333
1230;10016959000;9518433333;10018433333
1232;10017084000;9518811111;10018811111
1234;10017088000;9518811111;10018811111
1235;10050513000;9560100000;10060100000
1236;10050517000;9560100000;10060100000
1237;10050518000;9560100000;10060100000
1238;10050519000;9560100000;10060100000
1240;10050676000;9560100000;10060100000
1241;10050678000;9560100000;10060100000
1242;10050881000;9560155555;10060155555
1243;10050896000;9560444444;10060444444
1244;10050897000;9560444444;10060444444
1245;10050898000;9560444444;10060444444
1246;10092221000;9601744444;10101744444
1247;10092230000;9601744444;10101744444
1248;10092232000;9601744444;10101744444
1249;10092233000;9601744444;10101744444
1250;10092234000;9601744444;10101744444
1251;10092236000;9601744444;10101744444
1252;10092238000;9601744444;10101744444
1253;10092455000;9601788888;10101788888
1254;10092470000;9602077777;10102077777
1255;10092472000;9602077777;10102077777
1256;10092473000;9602077777;10102077777
1257;10133933000;9643411111;10143411111
1258;10133954000;9643411111;10143411111
1259;10133955000;9643411111;10143411111
1260;10133957000;9643411111;10143411111
1261;10133958000;9643411111;10143411111
1262;10133960000;9643411111;10143411111
1263;10133961000;9643411111;10143411111
1264;10134172000;9643455555;10143455555
1265;10134187000;9643766666;10143766666
1266;10134189000;9643766666;10143766666
1267;10134190000;9643766666;10143766666
1268;10175553000;9685100000;10185100000
1269;10175557000;9685100000;10185100000
1270;10175559000;9685100000;10185100000
1271;10175560000;9685100000;10185100000
1272;10175561000;9685100000;10185100000
1274;10175580000;9685100000;10185100000
1275;10175784000;9685155555;10185155555
1276;10175790000;9685477777;10185477777
1277;10175792000;9685477777;10185477777
1278;10175793000;9685477777;10185477777
1279;10217180000;9726744444;10226744444
1280;10217184000;9726744444;10226744444
1281;10217185000;9726744444;10226744444
1282;10217187000;9726744444;10226744444
1283;10217188000;9726744444;10226744444
1284;10217189000;9726744444;10226744444
1285;10217191000;9726744444;10226744444
1286;10217392000;9726788888;10226788888
1287;10217408000;9727088888;10227088888
1288;10217409000;9727088888;10227088888
1289;10217411000;9727088888;10227088888
1290;10258850000;9768411111;10268411111
1291;10258853000;9768411111;10268411111
1292;10258855000;9768411111;10268411111
1293;10258856000;9768411111;10268411111
1294;10258857000;9768411111;10268411111
1295;10258859000;9768411111;10268411111
1296;10258860000;9768411111;10268411111
1297;10259061000;9768455555;10268455555
1298;10259067000;9768766666;10268766666
1299;10259069000;9768766666;10268766666
1300;10259070000;9768766666;10268766666
1301;10300475000;9810077777;10310077777
1302;10300491000;9810077777;10310077777
1303;10300492000;9810077777;10310077777
1304;10300494000;9810077777;10310077777
1305;10300495000;9810077777;10310077777
1306;10300496000;9810077777;10310077777
1307;10300497000;9810077777;10310077777
1308;10300643000;9810122222;10310122222
1309;10300646000;9810444444;10310444444
1311;10301208000;9810444444;10310444444
1312;10342237000;9851744444;10351744444
1313;10342247000;9851744444;10351744444
1314;10342249000;9851744444;10351744444
1315;10342250000;9851744444;10351744444
1317;10342252000;9851744444;10351744444
1318;10342253000;9851744444;10351744444
1319;10342464000;9851800000;10351800000
1320;10342479000;9852088888;10352088888
1323;10383842000;9893411111;10393411111
1324;10383846000;9893411111;10393411111
1325;10383847000;9893411111;10393411111
1326;10383848000;9893411111;10393411111
1327;10383849000;9893411111;10393411111
1328;10383851000;9893411111;10393411111
1329;10383852000;9893411111;10393411111
1330;10384053000;9893466666;10393466666
1331;10384059000;9893755555;10393755555
1332;10384061000;9893755555;10393755555
1333;10384062000;9893755555;10393755555
1334;10425517000;9935077777;10435077777
1335;10425521000;9935077777;10435077777
1336;10425523000;9935077777;10435077777
1337;10425524000;9935077777;10435077777
1338;10425526000;9935077777;10435077777
1339;10425527000;9935077777;10435077777
1340;10425528000;9935077777;10435077777
1341;10425730000;9935122222;10435122222
1342;10425737000;9935455555;10435455555
1343;10425738000;9935455555;10435455555
1344;10425739000;9935455555;10435455555
1345;10467156000;9976744444;10476744444
1346;10467159000;9976744444;10476744444
1347;10467161000;9976744444;10476744444
1348;10467162000;9976744444;10476744444
1349;10467163000;9976744444;10476744444
1350;10467165000;9976744444;10476744444
1351;10467166000;9976744444;10476744444
1352;10467366000;9976788888;10476788888
1353;10467373000;9977077777;10477077777
1354;10467374000;9977077777;10477077777
1355;10467375000;9977077777;10477077777
1356;10508790000;10018411111;10518411111
1357;10508794000;10018411111;10518411111
1358;10508795000;10018411111;10518411111
1359;10508797000;10018411111;10518411111
1360;10508798000;10018411111;10518411111
1361;10508800000;10018411111;10518411111
1362;10508801000;10018411111;10518411111
1363;10509002000;10018466666;10518466666
1364;10509008000;10018777777;10518777777
1365;10509010000;10018777777;10518777777
1366;10509011000;10018777777;10518777777
1367;10550481000;10060077777;10560077777
1368;10550485000;10060077777;10560077777
1369;10550486000;10060077777;10560077777
1370;10550488000;10060077777;10560077777
1371;10550489000;10060077777;10560077777
1372;10550491000;10060077777;10560077777
1373;10550492000;10060077777;10560077777
1374;10550665000;10060122222;10560122222
1375;10550670000;10060444444;10560444444
1376;10550671000;10060444444;10560444444
1377;10550673000;10060444444;10560444444
1378;10592168000;10101766666;10601766666
1379;10592188000;10101766666;10601766666
1380;10592189000;10101766666;10601766666
1381;10592190000;10101766666;10601766666
1382;10592192000;10101766666;10601766666
1383;10592193000;10101766666;10601766666
1384;10592194000;10101766666;10601766666
1385;10592367000;10101811111;10601811111
1386;10592372000;10102166666;10602166666
1387;10592373000;10102166666;10602166666
1388;10592374000;10102166666;10602166666
1389;10633811000;10143411111;10643411111
1390;10633815000;10143411111;10643411111
1391;10633816000;10143411111;10643411111
1392;10633818000;10143411111;10643411111
1393;10633819000;10143411111;10643411111
1394;10633820000;10143411111;10643411111
1395;10633821000;10143411111;10643411111
1396;10634022000;10143466666;10643466666
1397;10634029000;10143800000;10643800000
1398;10634030000;10143800000;10643800000
1399;10634031000;10143800000;10643800000
1400;10675479000;10185077777;10685077777
1401;10675483000;10185077777;10685077777
1402;10675484000;10185077777;10685077777
1403;10675486000;10185077777;10685077777
1404;10675487000;10185077777;10685077777
1405;10675488000;10185077777;10685077777
1406;10675490000;10185077777;10685077777
1407;10675693000;10185133333;10685133333
1408;10675700000;10185477777;10685477777
1409;10675701000;10185477777;10685477777
1410;10675702000;10185477777;10685477777
1411;10719755000;10226744444;10726744444
1412;10719766000;10226744444;10726744444
1413;10719769000;10226744444;10726744444
1414;10719771000;10226744444;10726744444
1415;10719772000;10226744444;10726744444
1416;10719773000;10226744444;10726744444
1417;10719775000;10226744444;10726744444
1418;10720009000;10226788888;10726788888
1419;10720025000;10227088888;10727088888
1420;10720027000;10227088888;10727088888
1421;10720029000;10227088888;10727088888
1422;10758852000;10268411111;10768411111
1423;10758856000;10268411111;10768411111
1424;10758857000;10268411111;10768411111
1425;10758859000;10268411111;10768411111
1426;10758860000;10268411111;10768411111
1427;10758861000;10268411111;10768411111
1428;10758863000;10268411111;10768411111
1429;10759064000;10268455555;10768455555
1430;10759070000;10268755555;10768755555
1431;10759072000;10268755555;10768755555
1432;10759073000;10268755555;10768755555
1433;10800513000;10310077777;10810077777
1434;10800517000;10310077777;10810077777
1435;10800518000;10310077777;10810077777
1436;10800520000;10310077777;10810077777
1437;10800521000;10310077777;10810077777
1438;10800522000;10310077777;10810077777
1439;10800524000;10310077777;10810077777
1440;10800725000;10310122222;10810122222
1441;10800740000;10310433333;10810433333
1442;10800742000;10310433333;10810433333
1443;10800743000;10310433333;10810433333
1444;10842179000;10351744444;10851744444
1445;10842183000;10351744444;10851744444
1446;10842184000;10351744444;10851744444
1447;10842186000;10351744444;10851744444
1448;10842187000;10351744444;10851744444
1449;10842189000;10351744444;10851744444
1450;10842190000;10351744444;10851744444
1451;10842391000;10351788888;10851788888
1452;10842397000;10352088888;10852088888
1453;10842399000;10352088888;10852088888
1454;10842400000;10352088888;10852088888
1455;10883858000;10393455555;10893455555
1456;10883861000;10393455555;10893455555
1457;10883863000;10393455555;10893455555
1458;10883864000;10393455555;10893455555
1460;10885476000;10393455555;10893455555
1461;10885478000;10393455555;10893455555
1462;10885681000;10393500000;10893500000
1463;10885697000;10393844444;10893844444
1464;10885699000;10393844444;10893844444
1465;10885700000;10393844444;10893844444
1466;10925540000;10435111111;10935111111
1467;10925544000;10435111111;10935111111
1468;10925545000;10435111111;10935111111
1469;10925546000;10435111111;10935111111
1470;10925548000;10435111111;10935111111
1471;10925549000;10435111111;10935111111
1472;10925550000;10435111111;10935111111
1473;10925751000;10435155555;10935155555
1474;10925766000;10435500000;10935500000
1475;10925768000;10435500000;10935500000
1476;10925769000;10435500000;10935500000
1477;10967156000;10476744444;10976744444
1478;10967160000;10476744444;10976744444
1479;10967161000;10476744444;10976744444
1480;10967170000;10476744444;10976744444
1481;10967172000;10476744444;10976744444
1482;10967173000;10476744444;10976744444
1483;10967175000;10476744444;10976744444
1484;10967348000;10476788888;10976788888
1485;10967352000;10477100000;10977100000
1486;10967354000;10477100000;10977100000
1487;10967355000;10477100000;10977100000
1488;11008864000;10518411111;11018411111
1489;11008868000;10518411111;11018411111
1490;11008869000;10518411111;11018411111
1491;11008870000;10518411111;11018411111
1492;11008871000;10518411111;11018411111
1493;11008873000;10518411111;11018411111
1494;11008874000;10518411111;11018411111
1495;11009084000;10518455555;11018455555
1496;11009090000;10518800000;11018800000
1497;11009091000;10518800000;11018800000
1498;11009093000;10518800000;11018800000
1499;11050506000;10560077777;11060077777
1500;11050510000;10560077777;11060077777
1501;11050511000;10560077777;11060077777
1502;11050512000;10560077777;11060077777
1503;11050513000;10560077777;11060077777
1504;11050515000;10560077777;11060077777
1505;11050516000;10560077777;11060077777
1506;11050717000;10560122222;11060122222
1507;11050723000;10560422222;11060422222
1508;11050725000;10560422222;11060422222
1509;11050726000;10560422222;11060422222
1510;11092185000;10601755555;11101755555
1511;11092188000;10601755555;11101755555
1512;11092189000;10601755555;11101755555
1513;11092191000;10601755555;11101755555
1514;11092192000;10601755555;11101755555
1515;11092193000;10601755555;11101755555
1516;11092194000;10601755555;11101755555
1517;11092395000;10601800000;11101800000
1518;11092401000;10602100000;11102100000
1519;11092403000;10602100000;11102100000
1520;11092404000;10602100000;11102100000
1521;11133807000;10643411111;11143411111
1522;11133811000;10643411111;11143411111
1523;11133812000;10643411111;11143411111
1524;11133813000;10643411111;11143411111
1525;11133814000;10643411111;11143411111
1526;11133816000;10643411111;11143411111
1527;11133817000;10643411111;11143411111
1528;11133936000;10643455555;11143455555
1529;11133941000;10643755555;11143755555
1530;11133942000;10643755555;11143755555
1531;11133943000;10643755555;11143755555
1532;11175506000;10685077777;11185077777
1533;11175509000;10685077777;11185077777
1534;11175511000;10685077777;11185077777
1535;11175511000;10685077777;11185077777
1536;11175512000;10685077777;11185077777
1537;11175513000;10685077777;11185077777
1538;11175514000;10685077777;11185077777
1539;11175715000;10685122222;11185122222
1540;11175722000;10685455555;11185455555
1541;11175723000;10685455555;11185455555
1542;11175724000;10685455555;11185455555
1543;11217143000;10726744444;11226744444
1544;11217147000;10726744444;11226744444
1545;11217148000;10726744444;11226744444
1546;11217149000;10726744444;11226744444
1547;11217150000;10726744444;11226744444
1548;11217151000;10726744444;11226744444
1549;11217152000;10726744444;11226744444
1550;11217369000;10726788888;11226788888
1551;11217375000;10727100000;11227100000
1552;11217376000;10727100000;11227100000
1553;11217377000;10727100000;11227100000
1554;11258811000;10768411111;11268411111
1555;11258814000;10768411111;11268411111
1556;11258815000;10768411111;11268411111
1557;11258816000;10768411111;11268411111
1558;11258817000;10768411111;11268411111
1559;11258818000;10768411111;11268411111
1560;11258819000;10768411111;11268411111
1561;11259019000;10768455555;11268455555
1562;11259025000;10768766666;11268766666
1563;11259027000;10768766666;11268766666
1564;11259028000;10768766666;11268766666
1565;11300439000;10810077777;11310077777
1566;11300442000;10810077777;11310077777
1568;11302075000;10810077777;11310077777
1569;11302076000;10810077777;11310077777
1570;11302076000;10810077777;11310077777
1571;11302078000;10810077777;11310077777
1572;11302300000;10810122222;11310122222
1573;11302316000;10810455555;11310455555
1574;11302317000;10810455555;11310455555
1575;11302318000;10810455555;11310455555
1576;11342173000;10851744444;11351744444
1577;11342176000;10851744444;11351744444
1578;11342177000;10851744444;11351744444
1579;11342178000;10851744444;11351744444
1580;11342179000;10851744444;11351744444
1581;11342199000;10851744444;11351744444
1582;11342200000;10851744444;11351744444
1583;11342433000;10851800000;11351800000
1584;11342448000;10852122222;11352122222
1585;11342450000;10852122222;11352122222
1586;11342451000;10852122222;11352122222
1587;11383821000;10893411111;11393411111
1588;11383825000;10893411111;11393411111
1589;11383826000;10893411111;11393411111
1590;11383827000;10893411111;11393411111
1591;11383828000;10893411111;11393411111
1592;11383828000;10893411111;11393411111
1593;11383829000;10893411111;11393411111
1594;11384001000;10893455555;11393455555
1595;11384006000;10893788888;11393788888
1596;11384007000;10893788888;11393788888
1597;11384008000;10893788888;11393788888
1598;11425470000;10935077777;11435077777
1599;11425473000;10935077777;11435077777
1600;11425474000;10935077777;11435077777
1601;11425475000;10935077777;11435077777
1602;11425476000;10935077777;11435077777
1603;11425477000;10935077777;11435077777
1604;11425478000;10935077777;11435077777
1605;11425678000;10935122222;11435122222
1606;11425693000;10935455555;11435455555
1607;11425694000;10935455555;11435455555
1608;11425695000;10935455555;11435455555
1609;11467197000;10976744444;11476744444
1610;11467200000;10976744444;11476744444
1611;11467201000;10976744444;11476744444
1612;11467202000;10976744444;11476744444
1613;11467203000;10976744444;11476744444
1614;11467204000;10976744444;11476744444
1615;11467205000;10976744444;11476744444
1616;11467405000;10976800000;11476800000
1617;11467411000;10977088888;11477088888
1618;11467413000;10977088888;11477088888
1619;11467414000;10977088888;11477088888
1620;11508876000;11018400000;11518400000
1621;11508885000;11018400000;11518400000
1622;11508887000;11018400000;11518400000
1623;11508889000;11018400000;11518400000
1624;11508890000;11018400000;11518400000
1625;11508892000;11018400000;11518400000
1626;11508894000;11018400000;11518400000
1627;11509111000;11018455555;11518455555
1628;11509127000;11018755555;11518755555
1629;11509129000;11018755555;11518755555
1630;11509130000;11018755555;11518755555
1631;11550576000;11060077777;11560077777
1632;11550586000;11060077777;11560077777
1633;11550588000;11060077777;11560077777
1634;11550589000;11060077777;11560077777
1635;11550591000;11060077777;11560077777
1636;11550592000;11060077777;11560077777
1637;11550594000;11060077777;11560077777
1638;11550803000;11060122222;11560122222
1639;11550819000;11060455555;11560455555
1640;11550820000;11060455555;11560455555
1641;11550822000;11060455555;11560455555
1642;11592213000;11101777777;11601777777
1643;11592217000;11101777777;11601777777
1644;11592218000;11101777777;11601777777
1645;11592220000;11101777777;11601777777
1646;11592221000;11101777777;11601777777
1647;11592222000;11101777777;11601777777
1648;11592224000;11101777777;11601777777
1649;11592396000;11101822222;11601822222
1650;11592400000;11102155555;11602155555
1651;11592402000;11102155555;11602155555
1652;11592403000;11102155555;11602155555
1653;11633870000;11143433333;11643433333
1654;11633874000;11143433333;11643433333
1655;11633875000;11143433333;11643433333
1656;11633876000;11143433333;11643433333
1657;11633878000;11143433333;11643433333
1658;11633879000;11143433333;11643433333
1659;11633881000;11143433333;11643433333
1660;11634093000;11143488888;11643488888
1661;11634099000;11143811111;11643811111
1662;11634101000;11143811111;11643811111
1663;11634102000;11143811111;11643811111
1664;11675476000;11185077777;11685077777
1665;11675480000;11185077777;11685077777
1666;11675481000;11185077777;11685077777
1667;11675482000;11185077777;11685077777
1668;11675484000;11185077777;11685077777
1669;11675485000;11185077777;11685077777
1670;11675486000;11185077777;11685077777
1671;11675687000;11185122222;11685122222
1672;11675693000;11185466666;11685466666
1673;11675695000;11185466666;11685466666
1674;11675696000;11185466666;11685466666
1675;11717180000;11226744444;11726744444
1676;11717184000;11226744444;11726744444
1677;11717185000;11226744444;11726744444
1678;11717186000;11226744444;11726744444
1679;11717188000;11226744444;11726744444
1680;11717189000;11226744444;11726744444
1681;11717210000;11226744444;11726744444
1682;11717412000;11226800000;11726800000
1683;11717427000;11227100000;11727100000
1684;11717428000;11227100000;11727100000
1685;11717430000;11227100000;11727100000
1686;11758894000;11268444444;11768444444
1687;11758898000;11268444444;11768444444
1688;11758899000;11268444444;11768444444
1689;11758901000;11268444444;11768444444
1690;11758902000;11268444444;11768444444
1691;11758903000;11268444444;11768444444
1692;11758905000;11268444444;11768444444
1693;11759105000;11268488888;11768488888
1694;11759121000;11268788888;11768788888
1695;11759122000;11268788888;11768788888
1696;11759123000;11268788888;11768788888
1697;11800440000;11310077777;11810077777
1698;11800443000;11310077777;11810077777
1699;11800444000;11310077777;11810077777
1700;11800446000;11310077777;11810077777
1701;11800447000;11310077777;11810077777
1702;11800448000;11310077777;11810077777
1703;11800458000;11310077777;11810077777
1704;11800592000;11310122222;11810122222
1705;11800595000;11310444444;11810444444
1706;11800596000;11310444444;11810444444
1707;11800597000;11310444444;11810444444
1708;11842158000;11351744444;11851744444
1709;11842163000;11351744444;11851744444
1710;11842164000;11351744444;11851744444
1711;11842165000;11351744444;11851744444
1712;11842166000;11351744444;11851744444
1713;11842168000;11351744444;11851744444
1714;11842169000;11351744444;11851744444
1715;11842369000;11351788888;11851788888
1716;11842375000;11352100000;11852100000
1717;11842376000;11352100000;11852100000
1718;11842378000;11352100000;11852100000
1719;11883839000;11393411111;11893411111
1720;11883843000;11393411111;11893411111
1721;11883844000;11393411111;11893411111
1722;11883845000;11393411111;11893411111
1723;11883847000;11393411111;11893411111
1724;11883848000;11393411111;11893411111
1725;11883849000;11393411111;11893411111
1726;11884057000;11393466666;11893466666
1727;11884063000;11393811111;11893811111
1728;11884065000;11393811111;11893811111
1729;11884066000;11393811111;11893811111
1730;11926311000;11435077777;11935077777
1731;11926332000;11435077777;11935077777
1732;11926334000;11435077777;11935077777
1733;11926336000;11435077777;11935077777
1734;11926337000;11435077777;11935077777
1735;11926338000;11435077777;11935077777
1736;11926340000;11435077777;11935077777
1737;11926580000;11435122222;11935122222
1738;11926588000;11435455555;11935455555
1739;11926589000;11435455555;11935455555
1740;11926591000;11435455555;11935455555
1741;11967176000;11476744444;11976744444
1742;11967180000;11476744444;11976744444
1743;11967181000;11476744444;11976744444
1744;11967182000;11476744444;11976744444
1745;11967184000;11476744444;11976744444
1746;11967185000;11476744444;11976744444
1747;11967186000;11476744444;11976744444
1748;11967386000;11476788888;11976788888
1750;11968262000;11477111111;11977111111
1751;11968264000;11477111111;11977111111
1752;12008793000;11518411111;12018411111
1753;12008796000;11518411111;12018411111
1754;12008798000;11518411111;12018411111
1755;12008799000;11518411111;12018411111
1756;12008800000;11518411111;12018411111
1757;12008812000;11518411111;12018411111
1758;12008813000;11518411111;12018411111
1759;12008935000;11518466666;12018466666
1760;12008940000;11518822222;12018822222
1761;12008942000;11518822222;12018822222
1763;12050718000;11560077777;12060077777
1764;12050721000;11560077777;12060077777
1765;12050723000;11560077777;12060077777
1766;12050724000;11560077777;12060077777
1767;12050725000;11560077777;12060077777
1769;12050726000;11560077777;12060077777
1770;12050800000;11560122222;12060122222
1771;12050816000;11560444444;12060444444
1772;12050817000;11560444444;12060444444
1773;12050818000;11560444444;12060444444
1774;12092137000;11601733333;12101733333
1775;12092141000;11601733333;12101733333
1776;12092142000;11601733333;12101733333
1777;12092143000;11601733333;12101733333
1778;12092144000;11601733333;12101733333
1779;12092146000;11601733333;12101733333
1780;12092147000;11601733333;12101733333
1781;12092261000;11601788888;12101788888
1782;12092266000;11602088888;12102088888
1783;12092267000;11602088888;12102088888
1784;12092285000;11602088888;12102088888
1785;12133810000;11643422222;12143422222
1786;12133814000;11643422222;12143422222
1787;12133815000;11643422222;12143422222
1788;12133816000;11643422222;12143422222
1789;12133817000;11643422222;12143422222
1790;12133819000;11643422222;12143422222
1791;12133820000;11643422222;12143422222
1792;12133923000;11643477777;12143477777
1793;12133928000;11643811111;12143811111
1794;12133930000;11643811111;12143811111
1795;12133931000;11643811111;12143811111
1796;12175439000;11685077777;12185077777
1797;12175443000;11685077777;12185077777
1798;12175444000;11685077777;12185077777
1799;12175445000;11685077777;12185077777
1800;12175446000;11685077777;12185077777
1801;12175448000;11685077777;12185077777
1802;12175449000;11685077777;12185077777
1803;12175571000;11685122222;12185122222
1804;12175576000;11685466666;12185466666
1805;12175577000;11685466666;12185466666
1806;12175579000;11685466666;12185466666
1807;12217085000;11726744444;12226744444
1808;12217088000;11726744444;12226744444
1809;12217089000;11726744444;12226744444
1810;12217090000;11726744444;12226744444
1811;12217091000;11726744444;12226744444
1812;12217093000;11726744444;12226744444
1813;12217094000;11726744444;12226744444
1814;12217215000;11726800000;12226800000
1815;12217220000;11727111111;12227111111
1816;12217221000;11727111111;12227111111
1817;12217222000;11727111111;12227111111
1818;12258775000;11768433333;12268433333
1819;12258787000;11768433333;12268433333
1820;12258788000;11768433333;12268433333
1821;12258790000;11768433333;12268433333
1822;12258791000;11768433333;12268433333
1823;12258792000;11768433333;12268433333
1824;12258793000;11768433333;12268433333
1825;12258913000;11768488888;12268488888
1826;12258918000;11768788888;12268788888
1827;12258920000;11768788888;12268788888
1828;12258921000;11768788888;12268788888
1829;12300439000;11810077777;12310077777
1830;12300442000;11810077777;12310077777
1831;12300443000;11810077777;12310077777
1832;12300445000;11810077777;12310077777
1833;12300446000;11810077777;12310077777
1834;12300447000;11810077777;12310077777
1835;12300448000;11810077777;12310077777
1836;12300556000;11810133333;12310133333
1837;12300561000;11810488888;12310488888
1838;12300563000;11810488888;12310488888
1839;12300564000;11810488888;12310488888
1840;12342132000;11851744444;12351744444
1841;12342135000;11851744444;12351744444
1842;12342136000;11851744444;12351744444
1843;12342137000;11851744444;12351744444
1844;12342139000;11851744444;12351744444
1845;12342140000;11851744444;12351744444
1846;12342141000;11851744444;12351744444
1847;12342263000;11851788888;12351788888
1848;12342268000;11852088888;12352088888
1849;12342269000;11852088888;12352088888
1850;12342270000;11852088888;12352088888
1851;12383786000;11893411111;12393411111
1852;12383798000;11893411111;12393411111
1853;12383799000;11893411111;12393411111
1854;12383800000;11893411111;12393411111
1855;12383801000;11893411111;12393411111
1856;12383803000;11893411111;12393411111
1857;12383803000;11893411111;12393411111
1858;12383924000;11893455555;12393455555
1859;12383929000;11893766666;12393766666
1860;12383930000;11893766666;12393766666
1861;12383931000;11893766666;12393766666
1862;12425497000;11935077777;12435077777
1863;12425501000;11935077777;12435077777
1864;12425502000;11935077777;12435077777
1865;12425517000;11935077777;12435077777
1866;12425518000;11935077777;12435077777
1867;12425519000;11935077777;12435077777
1868;12425520000;11935077777;12435077777
1869;12425730000;11935122222;12435122222
1870;12425745000;11935433333;12435433333
1871;12425746000;11935433333;12435433333
1872;12425747000;11935433333;12435433333
1873;12467181000;11976744444;12476744444
1874;12467185000;11976744444;12476744444
1875;12467186000;11976744444;12476744444
1876;12467187000;11976744444;12476744444
1877;12467188000;11976744444;12476744444
1878;12467189000;11976744444;12476744444
1879;12467190000;11976744444;12476744444
1880;12467391000;11976788888;12476788888
1881;12467406000;11977066666;12477066666
1882;12467407000;11977066666;12477066666
1883;12467408000;11977066666;12477066666
1884;12508862000;12018411111;12518411111
1885;12508865000;12018411111;12518411111
1886;12508866000;12018411111;12518411111
1887;12508867000;12018411111;12518411111
1888;12508868000;12018411111;12518411111
1889;12508869000;12018411111;12518411111
1890;12508870000;12018411111;12518411111
1891;12509083000;12018455555;12518455555
1892;12509089000;12018755555;12518755555
1893;12509090000;12018755555;12518755555
1894;12509091000;12018755555;12518755555
1895;12550480000;12060077777;12560077777
1896;12550483000;12060077777;12560077777
1897;12550484000;12060077777;12560077777
1898;12550486000;12060077777;12560077777
1899;12550486000;12060077777;12560077777
1900;12550487000;12060077777;12560077777
1901;12550488000;12060077777;12560077777
1902;12550690000;12060122222;12560122222
1903;12550696000;12060433333;12560433333
1904;12550697000;12060433333;12560433333
1905;12550698000;12060433333;12560433333
1906;12592112000;12101744444;12601744444
1907;12592114000;12101744444;12601744444
1908;12592115000;12101744444;12601744444
1909;12592116000;12101744444;12601744444
1910;12592117000;12101744444;12601744444
1912;12593762000;12101744444;12601744444
1913;12593939000;12101788888;12601788888
1914;12593942000;12102077777;12602077777
1915;12593943000;12102077777;12602077777
1916;12593944000;12102077777;12602077777
1917;12633825000;12143444444;12643444444
1918;12633827000;12143444444;12643444444
1919;12633828000;12143444444;12643444444
1920;12633829000;12143444444;12643444444
1922;12633830000;12143444444;12643444444
1923;12633831000;12143444444;12643444444
1924;12633979000;12143488888;12643488888
1925;12633982000;12143822222;12643822222
1926;12633983000;12143822222;12643822222
1927;12633984000;12143822222;12643822222
1928;12675537000;12185100000;12685100000
1929;12675540000;12185100000;12685100000
1930;12675542000;12185100000;12685100000
1931;12675543000;12185100000;12685100000
1932;12675544000;12185100000;12685100000
1933;12675544000;12185100000;12685100000
1934;12675545000;12185100000;12685100000
1936;12675960000;12185455555;12685455555
1937;12675964000;12185455555;12685455555
1938;12675965000;12185455555;12685455555
1939;12724119000;12226744444;12726744444
1940;12724126000;12226744444;12726744444
1941;12724127000;12226744444;12726744444
1942;12724129000;12226744444;12726744444
1943;12724131000;12226744444;12726744444
1944;12724132000;12226744444;12726744444
1945;12724133000;12226744444;12726744444
1946;12724322000;12226788888;12726788888
1947;12724329000;12227066666;12727066666
1948;12724330000;12227066666;12727066666
1949;12724332000;12227066666;12727066666
1950;12758832000;12268411111;12768411111
1951;12758836000;12268411111;12768411111
1952;12758837000;12268411111;12768411111
1953;12758838000;12268411111;12768411111
1954;12758840000;12268411111;12768411111
1955;12758841000;12268411111;12768411111
1956;12758842000;12268411111;12768411111
1957;12759065000;12268455555;12768455555
1958;12759071000;12268733333;12768733333
1959;12759072000;12268733333;12768733333
1960;12759074000;12268733333;12768733333
1961;12800488000;12310077777;12810077777
1962;12800491000;12310077777;12810077777
1963;12800493000;12310077777;12810077777
1964;12800494000;12310077777;12810077777
1965;12800496000;12310077777;12810077777
1966;12800497000;12310077777;12810077777
1967;12800498000;12310077777;12810077777
1968;12800698000;12310144444;12810144444
1969;12800714000;12310444444;12810444444
1970;12800715000;12310444444;12810444444
1971;12800717000;12310444444;12810444444
1972;12842197000;12351744444;12851744444
1973;12842201000;12351744444;12851744444
1974;12842202000;12351744444;12851744444
1975;12842204000;12351744444;12851744444
1976;12842205000;12351744444;12851744444
1977;12842206000;12351744444;12851744444
1978;12842207000;12351744444;12851744444
1979;12842417000;12351788888;12851788888
1980;12842422000;12352077777;12852077777
1981;12842424000;12352077777;12852077777
1982;12842425000;12352077777;12852077777
1983;12883724000;12393400000;12893400000
1984;12883727000;12393400000;12893400000
1985;12883729000;12393400000;12893400000
1986;12883730000;12393400000;12893400000
1987;12883748000;12393400000;12893400000
1988;12883750000;12393400000;12893400000
1989;12883751000;12393400000;12893400000
1990;12883952000;12393455555;12893455555
1991;12883959000;12393733333;12893733333
1992;12883960000;12393733333;12893733333
1993;12883961000;12393733333;12893733333
1994;12925505000;12435077777;12935077777
1995;12925508000;12435077777;12935077777
1996;12925510000;12435077777;12935077777
1997;12925511000;12435077777;12935077777
1998;12925512000;12435077777;12935077777
1999;12925514000;12435077777;12935077777
2000;12925515000;12435077777;12935077777
2001;12925715000;12435133333;12935133333
2002;12925721000;12435455555;12935455555
2003;12925723000;12435455555;12935455555
2004;12925724000;12435455555;12935455555
2005;12967146000;12476744444;12976744444
2006;12967150000;12476744444;12976744444
2007;12967151000;12476744444;12976744444
2008;12967152000;12476744444;12976744444
2009;12967153000;12476744444;12976744444
2010;12967155000;12476744444;12976744444
2011;12967156000;12476744444;12976744444
2012;12967328000;12476788888;12976788888
2013;12967333000;12477088888;12977088888
2014;12967334000;12477088888;12977088888
2015;12967336000;12477088888;12977088888
2016;13008809000;12518411111;13018411111
2017;13008813000;12518411111;13018411111
2018;13008814000;12518411111;13018411111
2019;13008816000;12518411111;13018411111
2020;13008817000;12518411111;13018411111
2021;13008818000;12518411111;13018411111
2022;13008820000;12518411111;13018411111
2023;13009020000;12518455555;13018455555
2024;13009026000;12518777777;13018777777
2025;13009028000;12518777777;13018777777
2026;13009029000;12518777777;13018777777
2027;13050528000;12560100000;13060100000
2028;13050532000;12560100000;13060100000
2029;13050533000;12560100000;13060100000
2030;13050535000;12560100000;13060100000
2031;13050536000;12560100000;13060100000
2032;13050537000;12560100000;13060100000
2033;13050538000;12560100000;13060100000
2034;13050738000;12560155555;13060155555
2035;13050745000;12560444444;13060444444
2036;13050746000;12560444444;13060444444
2037;13050747000;12560444444;13060444444
2038;13092192000;12601744444;13101744444
2039;13092195000;12601744444;13101744444
2040;13092196000;12601744444;13101744444
2041;13092198000;12601744444;13101744444
2042;13092199000;12601744444;13101744444
2043;13092200000;12601744444;13101744444
2044;13092201000;12601744444;13101744444
2045;13092386000;12601800000;13101800000
2046;13092401000;12602077777;13102077777
2047;13092403000;12602077777;13102077777
2048;13092404000;12602077777;13102077777
2049;13133906000;12643411111;13143411111
2050;13133926000;12643411111;13143411111
2051;13133928000;12643411111;13143411111
2052;13133930000;12643411111;13143411111
2053;13133931000;12643411111;13143411111
2054;13133933000;12643411111;13143411111
2055;13133934000;12643411111;13143411111
2056;13134157000;12643466666;13143466666
2057;13134173000;12643766666;13143766666
2058;13134174000;12643766666;13143766666
2059;13134176000;12643766666;13143766666
2060;13175529000;12685077777;13185077777
2061;13175533000;12685077777;13185077777
2062;13175534000;12685077777;13185077777
2063;13175536000;12685077777;13185077777
2064;13175537000;12685077777;13185077777
2065;13175538000;12685077777;13185077777
2066;13175539000;12685077777;13185077777
2067;13175739000;12685122222;13185122222
2068;13175755000;12685455555;13185455555
2069;13175756000;12685455555;13185455555
2070;13175758000;12685455555;13185455555
2071;13217149000;12726744444;13226744444
2072;13217153000;12726744444;13226744444
2073;13217154000;12726744444;13226744444
2074;13217156000;12726744444;13226744444
2075;13217157000;12726744444;13226744444
2076;13217159000;12726744444;13226744444
2077;13217160000;12726744444;13226744444
2078;13217367000;12726788888;13226788888
2079;13217382000;12727088888;13227088888
2080;13217384000;12727088888;13227088888
2081;13217386000;12727088888;13227088888
2082;13258862000;12768411111;13268411111
2083;13258866000;12768411111;13268411111
2084;13258867000;12768411111;13268411111
2085;13258868000;12768411111;13268411111
2086;13258870000;12768411111;13268411111
2087;13258888000;12768411111;13268411111
2088;13258890000;12768411111;13268411111
2089;13259103000;12768466666;13268466666
2090;13259109000;12768777777;13268777777
2091;13259111000;12768777777;13268777777
2092;13259112000;12768777777;13268777777
2093;13300500000;12810077777;13310077777
2094;13300504000;12810077777;13310077777
2095;13300505000;12810077777;13310077777
2096;13300507000;12810077777;13310077777
2097;13300508000;12810077777;13310077777
2098;13300509000;12810077777;13310077777
2099;13300510000;12810077777;13310077777
2100;13300648000;12810122222;13310122222
2101;13300651000;12810444444;13310444444
2102;13300652000;12810444444;13310444444
2103;13300654000;12810444444;13310444444
2104;13342160000;12851744444;13351744444
2105;13342164000;12851744444;13351744444
2106;13342165000;12851744444;13351744444
2107;13342167000;12851744444;13351744444
2108;13342168000;12851744444;13351744444
2109;13342169000;12851744444;13351744444
2110;13342170000;12851744444;13351744444
2111;13342370000;12851788888;13351788888
2112;13342377000;12852111111;13352111111
2113;13342378000;12852111111;13352111111
2114;13342380000;12852111111;13352111111
2115;13383842000;12893433333;13393433333
2116;13383846000;12893433333;13393433333
2117;13383848000;12893433333;13393433333
2118;13383849000;12893433333;13393433333
2119;13383850000;12893433333;13393433333
2120;13383851000;12893433333;13393433333
2121;13383853000;12893433333;13393433333
2122;13384059000;12893488888;13393488888
2123;13384066000;12893822222;13393822222
2124;13384068000;12893822222;13393822222
2125;13384069000;12893822222;13393822222
2126;13425502000;12935077777;13435077777
2127;13425506000;12935077777;13435077777
2128;13425507000;12935077777;13435077777
2129;13425509000;12935077777;13435077777
2130;13425510000;12935077777;13435077777
2131;13425511000;12935077777;13435077777
2132;13425512000;12935077777;13435077777
2133;13425712000;12935122222;13435122222
2134;13425718000;12935466666;13435466666
2135;13425720000;12935466666;13435466666
2136;13425721000;12935466666;13435466666
2137;13467202000;12976777777;13476777777
2138;13467206000;12976777777;13476777777
2139;13467207000;12976777777;13476777777
2140;13467209000;12976777777;13476777777
2141;13467210000;12976777777;13476777777
2142;13467211000;12976777777;13476777777
2143;13467213000;12976777777;13476777777
2144;13467412000;12976833333;13476833333
2145;13467419000;12977177777;13477177777
2146;13467420000;12977177777;13477177777
2147;13467421000;12977177777;13477177777
2148;13508819000;13018411111;13518411111
2149;13508822000;13018411111;13518411111
2150;13508824000;13018411111;13518411111
2151;13508825000;13018411111;13518411111
2152;13508826000;13018411111;13518411111
2154;13510216000;13018411111;13518411111
2155;13510418000;13018466666;13518466666
2156;13510433000;13018800000;13518800000
2157;13510435000;13018800000;13518800000
2158;13510436000;13018800000;13518800000
2159;13550502000;13060100000;13560100000
2160;13550505000;13060100000;13560100000
2161;13550507000;13060100000;13560100000
2162;13550508000;13060100000;13560100000
2163;13550509000;13060100000;13560100000
2164;13550511000;13060100000;13560100000
2165;13550512000;13060100000;13560100000
2166;13550713000;13060155555;13560155555
2167;13550729000;13060488888;13560488888
2168;13550730000;13060488888;13560488888
2169;13550731000;13060488888;13560488888
2170;13592194000;13101744444;13601744444
2171;13592197000;13101744444;13601744444
2172;13592198000;13101744444;13601744444
2173;13592200000;13101744444;13601744444
2174;13592200000;13101744444;13601744444
2175;13592201000;13101744444;13601744444
2176;13592202000;13101744444;13601744444
2177;13592402000;13101788888;13601788888
2178;13592417000;13102111111;13602111111
2179;13592418000;13102111111;13602111111
2180;13592419000;13102111111;13602111111
2181;13633860000;13143411111;13643411111
2182;13633863000;13143411111;13643411111
2183;13633864000;13143411111;13643411111
2184;13633865000;13143411111;13643411111
2185;13633866000;13143411111;13643411111
2186;13633867000;13143411111;13643411111
2187;13633868000;13143411111;13643411111
2188;13634084000;13143455555;13643455555
2189;13634090000;13143811111;13643811111
2190;13634091000;13143811111;13643811111
2191;13634092000;13143811111;13643811111
2192;13675477000;13185077777;13685077777
2193;13675481000;13185077777;13685077777
2194;13675482000;13185077777;13685077777
2195;13675483000;13185077777;13685077777
2196;13675484000;13185077777;13685077777
2197;13675485000;13185077777;13685077777
2198;13675486000;13185077777;13685077777
2199;13675685000;13185122222;13685122222
2200;13675691000;13185455555;13685455555
2201;13675692000;13185455555;13685455555
2202;13675693000;13185455555;13685455555
2203;13717168000;13226744444;13726744444
2204;13717171000;13226744444;13726744444
2205;13717172000;13226744444;13726744444
2206;13717173000;13226744444;13726744444
2207;13717174000;13226744444;13726744444
2208;13717175000;13226744444;13726744444
2209;13717176000;13226744444;13726744444
2210;13717385000;13226788888;13726788888
2211;13717390000;13227100000;13727100000
2212;13717391000;13227100000;13727100000
2213;13717392000;13227100000;13727100000
2214;13758663000;13268411111;13768411111
2215;13758666000;13268411111;13768411111
2216;13758667000;13268411111;13768411111
2217;13758668000;13268411111;13768411111
2218;13758669000;13268411111;13768411111
2219;13758670000;13268411111;13768411111
2220;13758671000;13268411111;13768411111
2221;13758794000;13268455555;13768455555
2222;13758799000;13268766666;13768766666
2223;13758800000;13268766666;13768766666
2224;13758801000;13268766666;13768766666
2225;13800433000;13310077777;13810077777
2226;13800437000;13310077777;13810077777
2227;13800438000;13310077777;13810077777
2228;13800439000;13310077777;13810077777
2229;13800440000;13310077777;13810077777
2230;13800440000;13310077777;13810077777
2231;13800441000;13310077777;13810077777
2232;13800555000;13310122222;13810122222
2233;13800560000;13310455555;13810455555
2234;13800561000;13310455555;13810455555
2235;13800562000;13310455555;13810455555
2236;13842088000;13351744444;13851744444
2237;13842091000;13351744444;13851744444
2238;13842093000;13351744444;13851744444
2239;13842094000;13351744444;13851744444
2240;13842094000;13351744444;13851744444
2241;13842095000;13351744444;13851744444
2242;13842096000;13351744444;13851744444
2243;13842207000;13351788888;13851788888
2244;13842212000;13352111111;13852111111
2245;13842213000;13352111111;13852111111
2246;13842214000;13352111111;13852111111
2247;13883743000;13393411111;13893411111
2248;13883746000;13393411111;13893411111
2249;13883747000;13393411111;13893411111
2250;13883748000;13393411111;13893411111
2251;13883749000;13393411111;13893411111
2252;13883750000;13393411111;13893411111
2253;13883750000;13393411111;13893411111
2254;13883859000;13393455555;13893455555
2255;13883864000;13393800000;13893800000
2256;13883865000;13393800000;13893800000
2257;13883866000;13393800000;13893800000
2258;13927473000;13435100000;13935100000
2259;13927485000;13435100000;13935100000
2260;13927486000;13435100000;13935100000
2261;13927488000;13435100000;13935100000
2262;13927490000;13435100000;13935100000
2263;13927492000;13435100000;13935100000
2264;13927493000;13435100000;13935100000
2265;13927607000;13435177777;13935177777
2266;13927612000;13435511111;13935511111
2267;13927614000;13435511111;13935511111
2268;13927615000;13435511111;13935511111
2269;13967130000;13476744444;13976744444
2270;13967134000;13476744444;13976744444
2271;13967135000;13476744444;13976744444
2272;13967136000;13476744444;13976744444
2273;13967138000;13476744444;13976744444
2274;13967139000;13476744444;13976744444
2275;13967141000;13476744444;13976744444
2276;13967245000;13476800000;13976800000
2277;13967250000;13477122222;13977122222
2278;13967252000;13477122222;13977122222
2279;13967253000;13477122222;13977122222
2280;14008795000;13518411111;14018411111
2281;14008799000;13518411111;14018411111
2282;14008800000;13518411111;14018411111
2283;14008801000;13518411111;14018411111
2284;14008802000;13518411111;14018411111
2285;14008804000;13518411111;14018411111
2286;14008805000;13518411111;14018411111
2287;14008908000;13518455555;14018455555
2288;14008940000;13518811111;14018811111
2289;14008941000;13518811111;14018811111
2290;14008943000;13518811111;14018811111
2291;14050507000;13560122222;14060122222
2292;14050511000;13560122222;14060122222
2293;14050512000;13560122222;14060122222
2294;14050514000;13560122222;14060122222
2295;14050515000;13560122222;14060122222
2296;14050516000;13560122222;14060122222
2297;14050517000;13560122222;14060122222
2298;14050622000;13560177777;14060177777
2299;14050627000;13560500000;14060500000
2300;14050629000;13560500000;14060500000
2301;14050630000;13560500000;14060500000
2302;14092114000;13601744444;14101744444
2303;14092126000;13601744444;14101744444
2304;14092128000;13601744444;14101744444
2305;14092129000;13601744444;14101744444
2306;14092130000;13601744444;14101744444
2307;14092131000;13601744444;14101744444
2308;14092133000;13601744444;14101744444
2309;14092253000;13601788888;14101788888
2310;14092258000;13602088888;14102088888
2311;14092260000;13602088888;14102088888
2312;14092261000;13602088888;14102088888
2313;14133754000;13643411111;14143411111
2314;14133758000;13643411111;14143411111
2315;14133759000;13643411111;14143411111
2316;14133760000;13643411111;14143411111
2317;14133762000;13643411111;14143411111
2318;14133763000;13643411111;14143411111
2319;14133764000;13643411111;14143411111
2320;14133856000;13643455555;14143455555
2321;14133861000;13643800000;14143800000
2322;14133862000;13643800000;14143800000
2323;14133864000;13643800000;14143800000
2324;14175447000;13685077777;14185077777
2325;14175459000;13685077777;14185077777
2326;14175460000;13685077777;14185077777
2327;14175462000;13685077777;14185077777
2328;14175463000;13685077777;14185077777
2329;14175464000;13685077777;14185077777
2330;14175465000;13685077777;14185077777
2331;14175554000;13685122222;14185122222
2333;14177258000;13685466666;14185466666
2334;14177260000;13685466666;14185466666
2335;14217128000;13726766666;14226766666
2336;14217140000;13726766666;14226766666
2337;14217141000;13726766666;14226766666
2338;14217143000;13726766666;14226766666
2339;14217144000;13726766666;14226766666
2340;14217145000;13726766666;14226766666
2341;14217146000;13726766666;14226766666
2342;14217235000;13726822222;14226822222
2343;14217240000;13727133333;14227133333
2344;14217241000;13727133333;14227133333
2345;14217242000;13727133333;14227133333
2346;14258769000;13768411111;14268411111
2347;14258772000;13768411111;14268411111
2348;14258773000;13768411111;14268411111
2349;14258775000;13768411111;14268411111
2350;14258776000;13768411111;14268411111
2351;14258777000;13768411111;14268411111
2352;14258778000;13768411111;14268411111
2353;14258897000;13768455555;14268455555
2354;14258902000;13768788888;14268788888
2355;14258903000;13768788888;14268788888
2356;14258904000;13768788888;14268788888
2357;14300434000;13810077777;14310077777
2358;14300437000;13810077777;14310077777
2359;14300439000;13810077777;14310077777
2360;14300440000;13810077777;14310077777
2361;14300441000;13810077777;14310077777
2362;14300442000;13810077777;14310077777
2363;14300444000;13810077777;14310077777
2364;14300533000;13810133333;14310133333
2365;14300538000;13810488888;14310488888
2366;14300539000;13810488888;14310488888
2367;14300540000;13810488888;14310488888
2368;14342220000;13851766666;14351766666
2369;14342231000;13851766666;14351766666
2370;14342232000;13851766666;14351766666
2371;14342235000;13851766666;14351766666
2372;14342245000;13851766666;14351766666
2373;14342246000;13851766666;14351766666
2374;14342248000;13851766666;14351766666
2375;14342371000;13851822222;14351822222
2376;14342376000;13852122222;14352122222
2377;14342378000;13852122222;14352122222
2378;14342379000;13852122222;14352122222
2380;14384693000;13893411111;14393411111
2381;14384696000;13893411111;14393411111
2382;14384698000;13893411111;14393411111
2383;14384699000;13893411111;14393411111
2384;14384700000;13893411111;14393411111
2385;14384701000;13893411111;14393411111
2386;14384775000;13893455555;14393455555
2387;14384790000;13893811111;14393811111
2388;14384793000;13893811111;14393811111
2389;14384818000;13893811111;14393811111
2390;14425417000;13935077777;14435077777
2391;14425421000;13935077777;14435077777
2392;14425422000;13935077777;14435077777
2393;14425423000;13935077777;14435077777
2394;14425424000;13935077777;14435077777
2395;14425426000;13935077777;14435077777
2396;14425427000;13935077777;14435077777
2397;14425550000;13935122222;14435122222
2398;14425556000;13935455555;14435455555
2399;14425557000;13935455555;14435455555
2400;14425559000;13935455555;14435455555
2401;14467129000;13976744444;14476744444
2402;14467133000;13976744444;14476744444
2403;14467134000;13976744444;14476744444
2404;14467135000;13976744444;14476744444
2405;14467136000;13976744444;14476744444
2406;14467137000;13976744444;14476744444
2407;14467138000;13976744444;14476744444
2408;14467252000;13976800000;14476800000
2409;14467257000;13977088888;14477088888
2410;14467259000;13977088888;14477088888
2411;14467260000;13977088888;14477088888
2412;14508813000;14018411111;14518411111
2413;14508817000;14018411111;14518411111
2414;14508819000;14018411111;14518411111
2415;14508820000;14018411111;14518411111
2416;14508821000;14018411111;14518411111
2417;14508822000;14018411111;14518411111
2418;14508824000;14018411111;14518411111
2419;14508947000;14018455555;14518455555
2420;14508952000;14018777777;14518777777
2421;14508954000;14018777777;14518777777
2422;14508955000;14018777777;14518777777
2423;14550432000;14060100000;14560100000
2424;14550435000;14060100000;14560100000
2425;14550436000;14060100000;14560100000
2426;14550437000;14060100000;14560100000
2427;14550438000;14060100000;14560100000
2428;14550440000;14060100000;14560100000
2429;14550441000;14060100000;14560100000
2430;14550551000;14060155555;14560155555
2431;14550556000;14060477777;14560477777
2432;14550557000;14060477777;14560477777
2433;14550558000;14060477777;14560477777
2434;14592090000;14101744444;14601744444
2435;14592102000;14101744444;14601744444
2436;14592103000;14101744444;14601744444
2437;14592104000;14101744444;14601744444
2438;14592106000;14101744444;14601744444
2439;14592107000;14101744444;14601744444
2440;14592108000;14101744444;14601744444
2441;14592228000;14101800000;14601800000
2442;14592233000;14102100000;14602100000
2443;14592234000;14102100000;14602100000
2444;14592236000;14102100000;14602100000
2445;14633740000;14143411111;14643411111
2446;14633752000;14143411111;14643411111
2447;14633754000;14143411111;14643411111
2448;14633755000;14143411111;14643411111
2449;14633756000;14143411111;14643411111
2450;14633758000;14143411111;14643411111
2451;14633759000;14143411111;14643411111
2452;14633878000;14143455555;14643455555
2453;14633882000;14143811111;14643811111
2454;14633884000;14143811111;14643811111
2455;14633885000;14143811111;14643811111
2456;14675392000;14185077777;14685077777
2457;14675395000;14185077777;14685077777
2458;14675397000;14185077777;14685077777
2459;14675398000;14185077777;14685077777
2460;14675399000;14185077777;14685077777
2461;14675400000;14185077777;14685077777
2462;14675401000;14185077777;14685077777
2463;14675521000;14185133333;14685133333
2464;14675526000;14185466666;14685466666
2465;14675527000;14185466666;14685466666
2466;14675528000;14185466666;14685466666
2467;14717128000;14226744444;14726744444
2468;14717132000;14226744444;14726744444
2469;14717133000;14226744444;14726744444
2470;14717134000;14226744444;14726744444
2471;14717136000;14226744444;14726744444
2472;14717137000;14226744444;14726744444
2473;14717138000;14226744444;14726744444
2474;14717242000;14226788888;14726788888
2475;14717247000;14227100000;14727100000
2476;14717248000;14227100000;14727100000
2477;14717250000;14227100000;14727100000
2478;14758793000;14268411111;14768411111
2479;14758797000;14268411111;14768411111
2480;14758799000;14268411111;14768411111
2481;14758800000;14268411111;14768411111
2482;14758801000;14268411111;14768411111
2483;14758802000;14268411111;14768411111
2484;14758803000;14268411111;14768411111
2485;14758908000;14268466666;14768466666
2486;14758913000;14268766666;14768766666
2487;14758914000;14268766666;14768766666
2488;14758915000;14268766666;14768766666
2489;14800432000;14310077777;14810077777
2490;14800435000;14310077777;14810077777
2491;14800436000;14310077777;14810077777
2492;14800438000;14310077777;14810077777
2493;14800439000;14310077777;14810077777
2494;14800439000;14310077777;14810077777
2495;14800440000;14310077777;14810077777
2496;14800544000;14310122222;14810122222
2497;14800548000;14310444444;14810444444
2498;14800550000;14310444444;14810444444
2499;14800551000;14310444444;14810444444
2500;14842098000;14351744444;14851744444
2501;14842110000;14351744444;14851744444
2502;14842111000;14351744444;14851744444
2503;14842112000;14351744444;14851744444
2504;14842113000;14351744444;14851744444
2505;14842114000;14351744444;14851744444
2506;14842115000;14351744444;14851744444
2507;14842205000;14351800000;14851800000
2508;14842210000;14352100000;14852100000
2509;14842211000;14352100000;14852100000
2510;14842212000;14352100000;14852100000
2511;14883783000;14393444444;14893444444
2512;14883795000;14393444444;14893444444
2513;14883796000;14393444444;14893444444
2514;14883797000;14393444444;14893444444
2515;14883798000;14393444444;14893444444
2516;14883799000;14393444444;14893444444
2517;14883800000;14393444444;14893444444
2518;14883919000;14393566666;14893566666
2519;14883924000;14393866666;14893866666
2520;14883925000;14393866666;14893866666
2521;14883926000;14393866666;14893866666
2522;14925418000;14435077777;14935077777
2523;14925430000;14435077777;14935077777
2524;14925431000;14435077777;14935077777
2525;14925432000;14435077777;14935077777
2526;14925433000;14435077777;14935077777
2527;14925434000;14435077777;14935077777
2528;14925435000;14435077777;14935077777
2529;14925554000;14435133333;14935133333
2530;14925558000;14435466666;14935466666
2531;14925560000;14435466666;14935466666
2532;14925561000;14435466666;14935466666
2533;14967084000;14476744444;14976744444
2534;14967087000;14476744444;14976744444
2535;14967088000;14476744444;14976744444
2536;14967089000;14476744444;14976744444
2537;14967089000;14476744444;14976744444
2538;14967090000;14476744444;14976744444
2539;14967091000;14476744444;14976744444
2540;14967199000;14476800000;14976800000
2541;14967204000;14477111111;14977111111
2542;14967205000;14477111111;14977111111
2543;14967206000;14477111111;14977111111
2544;15008780000;14518411111;15018411111
2545;15008792000;14518411111;15018411111
2546;15008794000;14518411111;15018411111
2547;15008794000;14518411111;15018411111
2548;15008795000;14518411111;15018411111
2549;15008796000;14518411111;15018411111
2550;15008797000;14518411111;15018411111
2551;15008915000;14518455555;15018455555
2552;15008920000;14518811111;15018811111
2553;15008921000;14518811111;15018811111
2554;15008922000;14518811111;15018811111
2555;15050402000;14560077777;15060077777
2556;15050414000;14560077777;15060077777
2557;15050415000;14560077777;15060077777
2558;15050416000;14560077777;15060077777
2559;15050417000;14560077777;15060077777
2560;15050418000;14560077777;15060077777
2561;15050419000;14560077777;15060077777
2562;15050537000;14560122222;15060122222
2563;15050542000;14560433333;15060433333
2564;15050543000;14560433333;15060433333
2565;15050544000;14560433333;15060433333
2566;15092069000;14601744444;15101744444
2567;15092072000;14601744444;15101744444
2568;15092073000;14601744444;15101744444
2569;15092074000;14601744444;15101744444
2570;15092075000;14601744444;15101744444
2571;15092076000;14601744444;15101744444
2572;15092077000;14601744444;15101744444
2573;15092195000;14601800000;15101800000
2574;15092200000;14602088888;15102088888
2575;15092201000;14602088888;15102088888
2576;15092202000;14602088888;15102088888
2577;15133778000;14643411111;15143411111
2578;15133796000;14643411111;15143411111
2579;15133798000;14643411111;15143411111
2580;15133799000;14643411111;15143411111
2581;15133801000;14643411111;15143411111
2582;15133803000;14643411111;15143411111
2583;15133804000;14643411111;15143411111
2584;15134016000;14643466666;15143466666
2585;15134031000;14643788888;15143788888
2586;15134033000;14643788888;15143788888
2587;15134034000;14643788888;15143788888
2588;15175520000;14685077777;15185077777
2589;15175542000;14685077777;15185077777
2590;15175544000;14685077777;15185077777
2591;15175545000;14685077777;15185077777
2592;15175546000;14685077777;15185077777
2593;15175548000;14685077777;15185077777
2594;15175549000;14685077777;15185077777
2595;15175897000;14685122222;15185122222
2596;15175903000;14685466666;15185466666
2597;15175905000;14685466666;15185466666
2598;15175906000;14685466666;15185466666
2599;15217212000;14726777777;15226777777
2600;15217215000;14726777777;15226777777
2601;15217217000;14726777777;15226777777
2602;15217218000;14726777777;15226777777
2603;15217219000;14726777777;15226777777
2604;15217220000;14726777777;15226777777
2605;15217222000;14726777777;15226777777
2606;15217423000;14726822222;15226822222
2607;15217439000;14727133333;15227133333
2608;15217440000;14727133333;15227133333
2609;15217442000;14727133333;15227133333
2610;15258832000;14768411111;15268411111
2611;15258836000;14768411111;15268411111
2612;15258837000;14768411111;15268411111
2613;15258839000;14768411111;15268411111
2614;15258840000;14768411111;15268411111
2615;15258841000;14768411111;15268411111
2616;15258842000;14768411111;15268411111
2617;15259059000;14768466666;15268466666
2618;15259065000;14768788888;15268788888
2619;15259067000;14768788888;15268788888
2620;15259068000;14768788888;15268788888
2621;15300510000;14810077777;15310077777
2622;15300514000;14810077777;15310077777
2623;15300515000;14810077777;15310077777
2624;15300517000;14810077777;15310077777
2625;15300518000;14810077777;15310077777
2626;15300519000;14810077777;15310077777
2627;15300521000;14810077777;15310077777
2628;15300694000;14810122222;15310122222
2629;15300698000;14810455555;15310455555
2630;15300700000;14810455555;15310455555
2631;15300701000;14810455555;15310455555
2632;15342171000;14851744444;15351744444
2633;15342174000;14851744444;15351744444
2634;15342176000;14851744444;15351744444
2635;15342177000;14851744444;15351744444
2636;15342179000;14851744444;15351744444
2637;15342180000;14851744444;15351744444
2638;15342181000;14851744444;15351744444
2639;15342382000;14851788888;15351788888
2640;15342388000;14852077777;15352077777
2641;15342389000;14852077777;15352077777
2642;15342391000;14852077777;15352077777
2643;15383819000;14893411111;15393411111
2644;15383823000;14893411111;15393411111
2645;15383824000;14893411111;15393411111
2646;15383826000;14893411111;15393411111
2647;15383827000;14893411111;15393411111
2648;15383829000;14893411111;15393411111
2649;15383830000;14893411111;15393411111
2650;15384049000;14893455555;15393455555
2651;15384056000;14893766666;15393766666
2652;15384058000;14893766666;15393766666
2653;15384059000;14893766666;15393766666
2654;15425498000;14935100000;15435100000
2655;15425501000;14935100000;15435100000
2656;15425503000;14935100000;15435100000
2657;15425504000;14935100000;15435100000
2658;15425505000;14935100000;15435100000
2659;15425506000;14935100000;15435100000
2660;15425508000;14935100000;15435100000
2661;15425708000;14935155555;15435155555
2662;15425714000;14935466666;15435466666
2663;15425716000;14935466666;15435466666
2664;15425717000;14935466666;15435466666
2665;15467196000;14976766666;15476766666
2666;15467200000;14976766666;15476766666
2667;15467201000;14976766666;15476766666
2668;15467203000;14976766666;15476766666
2669;15467204000;14976766666;15476766666
2670;15467205000;14976766666;15476766666
2671;15467207000;14976766666;15476766666
2672;15467407000;14976844444;15476844444
2673;15467414000;14977144444;15477144444
2674;15467415000;14977144444;15477144444
2675;15467416000;14977144444;15477144444
2676;15508819000;15018411111;15518411111
2677;15508823000;15018411111;15518411111
2678;15508825000;15018411111;15518411111
2679;15508826000;15018411111;15518411111
2680;15508827000;15018411111;15518411111
2681;15508829000;15018411111;15518411111
2682;15508830000;15018411111;15518411111
2683;15509054000;15018466666;15518466666
2684;15509062000;15018777777;15518777777
2685;15509064000;15018777777;15518777777
2686;15509065000;15018777777;15518777777
2687;15550599000;15060077777;15560077777
2688;15550621000;15060077777;15560077777
2689;15550641000;15060077777;15560077777
2690;15550644000;15060077777;15560077777
2691;15550645000;15060077777;15560077777
2692;15550646000;15060077777;15560077777
2693;15550648000;15060077777;15560077777
2694;15550857000;15060133333;15560133333
2695;15550873000;15060444444;15560444444
2696;15550875000;15060444444;15560444444
2697;15550876000;15060444444;15560444444
2698;15592180000;15101744444;15601744444
2699;15592184000;15101744444;15601744444
2700;15592185000;15101744444;15601744444
2701;15592186000;15101744444;15601744444
2702;15592188000;15101744444;15601744444
2703;15592189000;15101744444;15601744444
2704;15592191000;15101744444;15601744444
2705;15592409000;15101800000;15601800000
2707;15594084000;15102077777;15602077777
2708;15594085000;15102077777;15602077777
2709;15633834000;15143411111;15643411111
2710;15633838000;15143411111;15643411111
2711;15633839000;15143411111;15643411111
2712;15633841000;15143411111;15643411111
2713;15633842000;15143411111;15643411111
2714;15633843000;15143411111;15643411111
2715;15633845000;15143411111;15643411111
2716;15634058000;15143455555;15643455555
2717;15634061000;15143788888;15643788888
2718;15634063000;15143788888;15643788888
2719;15634064000;15143788888;15643788888
2720;15675525000;15185088888;15685088888
2721;15675529000;15185088888;15685088888
2722;15675530000;15185088888;15685088888
2723;15675531000;15185088888;15685088888
2724;15675532000;15185088888;15685088888
2725;15675534000;15185088888;15685088888
2726;15675535000;15185088888;15685088888
2727;15675736000;15185133333;15685133333
2728;15675743000;15185444444;15685444444
2729;15675744000;15185444444;15685444444
2730;15675746000;15185444444;15685444444
2731;15717217000;15226766666;15726766666
2732;15717221000;15226766666;15726766666
2733;15717223000;15226766666;15726766666
2734;15717224000;15226766666;15726766666
2735;15717225000;15226766666;15726766666
2736;15717226000;15226766666;15726766666
2737;15717228000;15226766666;15726766666
2738;15717429000;15226822222;15726822222
2739;15717445000;15227100000;15727100000
2740;15717446000;15227100000;15727100000
2741;15717447000;15227100000;15727100000
2742;15758847000;15268411111;15768411111
2743;15758851000;15268411111;15768411111
2744;15758852000;15268411111;15768411111
2745;15758853000;15268411111;15768411111
2746;15758855000;15268411111;15768411111
2747;15758856000;15268411111;15768411111
2748;15758857000;15268411111;15768411111
2749;15759058000;15268455555;15768455555
2750;15759064000;15268744444;15768744444
2751;15759066000;15268744444;15768744444
2752;15759067000;15268744444;15768744444
2753;15800514000;15310077777;15810077777
2754;15800517000;15310077777;15810077777
2755;15800519000;15310077777;15810077777
2756;15800520000;15310077777;15810077777
2757;15800522000;15310077777;15810077777
2758;15800523000;15310077777;15810077777
2759;15800524000;15310077777;15810077777
2760;15800725000;15310133333;15810133333
2761;15800741000;15310433333;15810433333
2762;15800742000;15310433333;15810433333
2763;15800744000;15310433333;15810433333
2764;15842180000;15351744444;15851744444
2765;15842183000;15351744444;15851744444
2766;15842185000;15351744444;15851744444
2767;15842186000;15351744444;15851744444
2768;15842187000;15351744444;15851744444
2769;15842189000;15351744444;15851744444
2770;15842190000;15351744444;15851744444
2771;15842391000;15351788888;15851788888
2772;15842407000;15352077777;15852077777
2773;15842408000;15352077777;15852077777
2774;15842409000;15352077777;15852077777
2775;15883846000;15393411111;15893411111
2776;15883850000;15393411111;15893411111
2777;15883851000;15393411111;15893411111
2778;15883853000;15393411111;15893411111
2779;15883854000;15393411111;15893411111
2780;15883855000;15393411111;15893411111
2781;15883856000;15393411111;15893411111
2782;15884056000;15393466666;15893466666
2783;15884063000;15393788888;15893788888
2784;15884064000;15393788888;15893788888
2785;15884065000;15393788888;15893788888
2786;15925527000;15435100000;15935100000
2787;15925531000;15435100000;15935100000
2788;15925532000;15435100000;15935100000
2789;15925533000;15435100000;15935100000
2790;15925542000;15435100000;15935100000
2791;15925543000;15435100000;15935100000
2792;15925544000;15435100000;15935100000
2793;15925746000;15435155555;15935155555
2794;15925752000;15435466666;15935466666
2795;15925754000;15435466666;15935466666
2796;15925755000;15435466666;15935466666
2797;15967153000;15476744444;15976744444
2798;15967157000;15476744444;15976744444
2799;15967159000;15476744444;15976744444
2800;15967160000;15476744444;15976744444
2801;15967161000;15476744444;15976744444
2802;15967163000;15476744444;15976744444
2803;15967164000;15476744444;15976744444
2804;15967372000;15476788888;15976788888
2805;15967378000;15477088888;15977088888
2806;15967380000;15477088888;15977088888
2807;15967381000;15477088888;15977088888
2808;16008814000;15518411111;16018411111
2809;16008817000;15518411111;16018411111
2811;16009128000;15518411111;16018411111
2812;16009130000;15518411111;16018411111
2813;16009132000;15518411111;16018411111
2814;16009133000;15518411111;16018411111
2815;16009352000;15518455555;16018455555
2816;16009367000;15518800000;16018800000
2817;16009368000;15518800000;16018800000
2818;16009370000;15518800000;16018800000
2819;16050516000;15560077777;16060077777
2820;16050519000;15560077777;16060077777
2821;16050520000;15560077777;16060077777
2822;16050521000;15560077777;16060077777
2823;16050522000;15560077777;16060077777
2824;16050523000;15560077777;16060077777
2825;16050524000;15560077777;16060077777
2826;16050724000;15560133333;16060133333
2827;16050739000;15560422222;16060422222
2828;16050741000;15560422222;16060422222
2829;16050741000;15560422222;16060422222
2830;16092182000;15601744444;16101744444
2831;16092185000;15601744444;16101744444
2832;16092186000;15601744444;16101744444
2833;16092187000;15601744444;16101744444
2834;16092188000;15601744444;16101744444
2835;16092189000;15601744444;16101744444
2836;16092190000;15601744444;16101744444
2837;16092391000;15601788888;16101788888
2838;16092407000;15602066666;16102066666
2839;16092408000;15602066666;16102066666
2840;16092409000;15602066666;16102066666
2841;16133847000;15643411111;16143411111
2842;16133851000;15643411111;16143411111
2843;16133852000;15643411111;16143411111
2844;16133852000;15643411111;16143411111
2845;16133853000;15643411111;16143411111
2846;16133854000;15643411111;16143411111
2847;16133855000;15643411111;16143411111
2848;16134055000;15643466666;16143466666
2849;16134061000;15643777777;16143777777
2851;16134292000;15643777777;16143777777
2852;16175527000;15685100000;16185100000
2853;16175530000;15685100000;16185100000
2854;16175531000;15685100000;16185100000
2855;16175532000;15685100000;16185100000
2856;16175533000;15685100000;16185100000
2857;16175534000;15685100000;16185100000
2858;16175535000;15685100000;16185100000
2859;16175736000;15685155555;16185155555
2860;16175742000;15685477777;16185477777
2861;16175744000;15685477777;16185477777
2862;16175745000;15685477777;16185477777
2863;16217173000;15726744444;16226744444
2864;16217176000;15726744444;16226744444
2865;16217177000;15726744444;16226744444
2866;16217178000;15726744444;16226744444
2867;16217179000;15726744444;16226744444
2868;16217180000;15726744444;16226744444
2869;16217181000;15726744444;16226744444
2870;16217381000;15726800000;16226800000
2871;16217387000;15727088888;16227088888
2872;16217388000;15727088888;16227088888
2873;16217389000;15727088888;16227088888
2874;16258838000;15768411111;16268411111
2875;16258842000;15768411111;16268411111
2876;16258843000;15768411111;16268411111
2877;16258844000;15768411111;16268411111
2878;16258845000;15768411111;16268411111
2879;16258846000;15768411111;16268411111
2880;16258847000;15768411111;16268411111
2881;16259055000;15768455555;16268455555
2882;16259061000;15768755555;16268755555
2883;16259062000;15768755555;16268755555
2884;16259063000;15768755555;16268755555
2885;16300505000;15810077777;16310077777
2886;16300509000;15810077777;16310077777
2887;16300510000;15810077777;16310077777
2888;16300511000;15810077777;16310077777
2889;16300512000;15810077777;16310077777
2890;16300513000;15810077777;16310077777
2891;16300514000;15810077777;16310077777
2892;16300722000;15810122222;16310122222
2893;16300728000;15810444444;16310444444
2894;16300729000;15810444444;16310444444
2895;16300730000;15810444444;16310444444
2896;16342272000;15851744444;16351744444
2897;16342293000;15851744444;16351744444
2898;16342295000;15851744444;16351744444
2899;16342297000;15851744444;16351744444
2900;16342298000;15851744444;16351744444
2901;16342300000;15851744444;16351744444
2902;16342301000;15851744444;16351744444
2903;16342512000;15851788888;16351788888
2904;16342527000;15852066666;16352066666
2905;16342529000;15852066666;16352066666
2906;16342530000;15852066666;16352066666
2907;16383847000;15893411111;16393411111
2908;16383850000;15893411111;16393411111
2909;16383852000;15893411111;16393411111
2910;16383853000;15893411111;16393411111
2911;16383854000;15893411111;16393411111
2912;16383856000;15893411111;16393411111
2913;16383857000;15893411111;16393411111
2914;16384030000;15893466666;16393466666
2915;16384034000;15893755555;16393755555
2916;16384036000;15893755555;16393755555
2917;16384037000;15893755555;16393755555
2918;16425515000;15935077777;16435077777
2919;16425519000;15935077777;16435077777
2920;16425520000;15935077777;16435077777
2921;16425522000;15935077777;16435077777
2922;16425523000;15935077777;16435077777
2923;16425524000;15935077777;16435077777
2924;16425525000;15935077777;16435077777
2925;16425725000;15935122222;16435122222
2926;16425741000;15935422222;16435422222
2929;16467148000;15976744444;16476744444
2930;16467151000;15976744444;16476744444
2931;16467153000;15976744444;16476744444
2932;16467154000;15976744444;16476744444
2933;16467155000;15976744444;16476744444
2934;16467156000;15976744444;16476744444
2935;16467158000;15976744444;16476744444
2936;16467358000;15976800000;16476800000
2937;16467364000;15977066666;16477066666
2938;16467366000;15977066666;16477066666
2939;16467367000;15977066666;16477066666
2940;16508847000;16018433333;16518433333
2942;16516954000;16018433333;16518433333
2943;16516958000;16018433333;16518433333
2944;16516960000;16018433333;16518433333
2945;16516962000;16018433333;16518433333
2946;16516964000;16018433333;16518433333
2947;16517181000;16018477777;16518477777
2951;16517197000;16060077777;16560077777
2952;16517199000;16060077777;16560077777
2953;16517200000;16060077777;16560077777
2954;16517201000;16060077777;16560077777
2955;16517203000;16060077777;16560077777
2956;16517204000;16060077777;16560077777
2957;16517205000;16060077777;16560077777
2958;16550609000;16060122222;16560122222
2959;16550624000;16060422222;16560422222
2960;16550626000;16060422222;16560422222
2961;16550627000;16060422222;16560422222
2962;16592183000;16101744444;16601744444
2963;16592187000;16101744444;16601744444
2964;16592198000;16101744444;16601744444
2965;16592200000;16101744444;16601744444
2966;16592201000;16101744444;16601744444
2967;16592202000;16101744444;16601744444
2968;16592204000;16101744444;16601744444
2969;16592435000;16101788888;16601788888
2970;16592451000;16102066666;16602066666
2971;16592452000;16102066666;16602066666
2972;16592453000;16102066666;16602066666
2973;16633849000;16143411111;16643411111
2974;16633852000;16143411111;16643411111
2975;16633854000;16143411111;16643411111
2976;16633855000;16143411111;16643411111
2977;16633856000;16143411111;16643411111
2978;16633857000;16143411111;16643411111
2979;16633859000;16143411111;16643411111
2980;16634060000;16143466666;16643466666
2981;16634066000;16143777777;16643777777
2982;16634068000;16143777777;16643777777
2983;16634069000;16143777777;16643777777
2984;16675529000;16185077777;16685077777
2985;16675533000;16185077777;16685077777
2986;16675535000;16185077777;16685077777
2987;16675536000;16185077777;16685077777
2988;16675537000;16185077777;16685077777
2989;16675539000;16185077777;16685077777
2990;16675540000;16185077777;16685077777
2991;16675739000;16185133333;16685133333
2992;16675746000;16185444444;16685444444
2993;16675747000;16185444444;16685444444
2994;16675749000;16185444444;16685444444
2995;16717260000;16226744444;16726744444
2996;16717271000;16226744444;16726744444
2998;16718147000;16226744444;16726744444
2999;16718180000;16226744444;16726744444
3000;16718182000;16226744444;16726744444
3001;16718183000;16226744444;16726744444
3002;16718402000;16226800000;16726800000
3003;16718418000;16227100000;16727100000
3004;16718420000;16227100000;16727100000
3005;16718421000;16227100000;16727100000
3006;16758887000;16268411111;16768411111
3007;16758897000;16268411111;16768411111
3008;16758899000;16268411111;16768411111
3009;16758900000;16268411111;16768411111
3010;16758901000;16268411111;16768411111
3011;16758903000;16268411111;16768411111
3012;16758905000;16268411111;16768411111
3013;16759120000;16268455555;16768455555
3014;16759135000;16268733333;16768733333
3015;16759136000;16268733333;16768733333
3016;16759138000;16268733333;16768733333
3017;16800515000;16310077777;16810077777
3018;16800519000;16310077777;16810077777
3019;16800521000;16310077777;16810077777
3020;16800522000;16310077777;16810077777
3021;16800524000;16310077777;16810077777
3022;16800525000;16310077777;16810077777
3023;16800526000;16310077777;16810077777
3024;16800750000;16310133333;16810133333
3025;16800766000;16310411111;16810411111
3026;16800767000;16310411111;16810411111
3027;16800769000;16310411111;16810411111
3028;16842210000;16351744444;16851744444
3029;16842214000;16351744444;16851744444
3030;16842215000;16351744444;16851744444
3031;16842216000;16351744444;16851744444
3032;16842218000;16351744444;16851744444
3033;16842219000;16351744444;16851744444
3034;16842220000;16351744444;16851744444
3035;16842421000;16351788888;16851788888
3036;16842427000;16352077777;16852077777
3037;16842429000;16352077777;16852077777
3038;16842430000;16352077777;16852077777
3039;16883839000;16393411111;16893411111
3040;16883843000;16393411111;16893411111
3041;16883844000;16393411111;16893411111
3042;16883846000;16393411111;16893411111
3043;16883847000;16393411111;16893411111
3044;16883849000;16393411111;16893411111
3045;16883850000;16393411111;16893411111
3046;16884058000;16393455555;16893455555
3047;16884064000;16393755555;16893755555
3048;16884066000;16393755555;16893755555
3049;16884067000;16393755555;16893755555
3050;16925509000;16435077777;16935077777
3051;16925512000;16435077777;16935077777
3052;16925513000;16435077777;16935077777
3053;16925515000;16435077777;16935077777
3054;16925516000;16435077777;16935077777
3055;16925517000;16435077777;16935077777
3056;16925519000;16435077777;16935077777
3057;16925719000;16435122222;16935122222
3058;16925725000;16435433333;16935433333
3059;16925727000;16435433333;16935433333
3060;16925728000;16435433333;16935433333
3061;16967155000;16476744444;16976744444
3062;16967159000;16476744444;16976744444
3063;16967160000;16476744444;16976744444
3064;16967162000;16476744444;16976744444
3065;16967163000;16476744444;16976744444
3066;16967165000;16476744444;16976744444
3067;16967166000;16476744444;16976744444
3068;16967372000;16476800000;16976800000
3069;16967379000;16477077777;16977077777
3070;16967381000;16477077777;16977077777
3071;16967382000;16477077777;16977077777
3072;17008873000;16518444444;17018444444
3073;17008877000;16518444444;17018444444
3074;17008878000;16518444444;17018444444
3075;17008879000;16518444444;17018444444
3076;17008880000;16518444444;17018444444
3077;17008882000;16518444444;17018444444
3078;17008883000;16518444444;17018444444
3079;17009095000;16518488888;17018488888
3080;17009101000;16518811111;17018811111
3081;17009103000;16518811111;17018811111
3082;17009104000;16518811111;17018811111
3083;17050540000;16560111111;17060111111
3084;17050544000;16560111111;17060111111
3085;17050546000;16560111111;17060111111
3086;17050547000;16560111111;17060111111
3088;17051923000;16560111111;17060111111
3089;17051938000;16560111111;17060111111
3090;17052148000;16560166666;17060166666
3091;17052163000;16560444444;17060444444
3092;17052165000;16560444444;17060444444
3093;17052166000;16560444444;17060444444
3094;17092175000;16601744444;17101744444
3095;17092179000;16601744444;17101744444
3096;17092180000;16601744444;17101744444
3097;17092181000;16601744444;17101744444
3098;17092183000;16601744444;17101744444
3099;17092184000;16601744444;17101744444
3100;17092196000;16601744444;17101744444
3101;17092398000;16601800000;17101800000
3102;17092413000;16602077777;17102077777
3103;17092415000;16602077777;17102077777
3104;17092416000;16602077777;17102077777
3105;17133850000;16643400000;17143400000
3106;17133855000;16643400000;17143400000
3107;17133857000;16643400000;17143400000
3108;17133858000;16643400000;17143400000
3109;17133860000;16643400000;17143400000
3110;17133861000;16643400000;17143400000
3111;17133862000;16643400000;17143400000
3112;17134066000;16643455555;17143455555
3113;17134073000;16643733333;17143733333
3114;17134074000;16643733333;17143733333
3115;17134076000;16643733333;17143733333
3116;17175504000;16685077777;17185077777
3117;17175508000;16685077777;17185077777
3118;17175509000;16685077777;17185077777
3119;17175510000;16685077777;17185077777
3120;17175512000;16685077777;17185077777
3121;17175513000;16685077777;17185077777
3122;17175514000;16685077777;17185077777
3123;17175715000;16685122222;17185122222
3124;17175730000;16685455555;17185455555
3125;17175732000;16685455555;17185455555
3126;17175733000;16685455555;17185455555
3127;17217172000;16726744444;17226744444
3128;17217175000;16726744444;17226744444
3129;17217177000;16726744444;17226744444
3130;17217178000;16726744444;17226744444
3131;17217179000;16726744444;17226744444
3132;17217180000;16726744444;17226744444
3133;17217182000;16726744444;17226744444
3134;17217382000;16726788888;17226788888
3135;17217388000;16727077777;17227077777
3136;17217390000;16727077777;17227077777
3137;17217391000;16727077777;17227077777
3138;17258783000;16768400000;17268400000
3139;17258787000;16768400000;17268400000
3140;17258788000;16768400000;17268400000
3141;17258790000;16768400000;17268400000
3142;17258791000;16768400000;17268400000
3143;17258792000;16768400000;17268400000
3144;17258793000;16768400000;17268400000
3145;17258994000;16768455555;17268455555
3146;17259000000;16768722222;17268722222
3147;17259002000;16768722222;17268722222
3148;17259003000;16768722222;17268722222
3149;17300492000;16810077777;17310077777
3150;17300496000;16810077777;17310077777
3151;17300498000;16810077777;17310077777
3152;17300499000;16810077777;17310077777
3153;17300500000;16810077777;17310077777
3154;17300502000;16810077777;17310077777
3155;17300503000;16810077777;17310077777
3156;17300710000;16810133333;17310133333
3157;17300717000;16810433333;17310433333
3158;17300718000;16810433333;17310433333
3159;17300719000;16810433333;17310433333
3160;17342184000;16851777777;17351777777
3161;17342187000;16851777777;17351777777
3162;17342189000;16851777777;17351777777
3163;17342190000;16851777777;17351777777
3164;17342191000;16851777777;17351777777
3165;17342192000;16851777777;17351777777
3166;17342194000;16851777777;17351777777
3167;17342395000;16851822222;17351822222
3168;17342401000;16852111111;17352111111
3169;17342403000;16852111111;17352111111
3170;17342404000;16852111111;17352111111
3171;17383819000;16893411111;17393411111
3172;17383823000;16893411111;17393411111
3173;17383824000;16893411111;17393411111
3174;17383825000;16893411111;17393411111
3175;17383827000;16893411111;17393411111
3176;17383828000;16893411111;17393411111
3177;17383829000;16893411111;17393411111
3178;17384036000;16893466666;17393466666
3179;17384051000;16893766666;17393766666
3180;17384053000;16893766666;17393766666
3181;17384054000;16893766666;17393766666
3182;17425571000;16935166666;17435166666
3183;17425575000;16935166666;17435166666
3184;17425576000;16935166666;17435166666
3185;17425577000;16935166666;17435166666
3186;17425578000;16935166666;17435166666
3187;17425579000;16935166666;17435166666
3188;17425581000;16935166666;17435166666
3189;17425781000;16935211111;17435211111
3190;17425788000;16935533333;17435533333
3191;17425789000;16935533333;17435533333
3192;17425791000;16935533333;17435533333
3193;17467210000;16976744444;17476744444
3194;17467214000;16976744444;17476744444
3195;17467215000;16976744444;17476744444
3196;17467216000;16976744444;17476744444
3197;17467217000;16976744444;17476744444
3198;17467219000;16976744444;17476744444
3199;17467220000;16976744444;17476744444
3200;17467429000;16976800000;17476800000
3201;17467435000;16977066666;17477066666
3202;17467436000;16977066666;17477066666
3203;17467438000;16977066666;17477066666
3204;17508801000;17018411111;17518411111
3205;17508804000;17018411111;17518411111
3206;17508806000;17018411111;17518411111
3207;17508807000;17018411111;17518411111
3208;17508808000;17018411111;17518411111
3209;17508809000;17018411111;17518411111
3210;17508810000;17018411111;17518411111
3211;17509010000;17018466666;17518466666
3212;17509016000;17018766666;17518766666
3213;17509018000;17018766666;17518766666
3214;17509019000;17018766666;17518766666
3215;17550578000;17060077777;17560077777
3216;17550589000;17060077777;17560077777
3217;17550601000;17060077777;17560077777
3218;17550602000;17060077777;17560077777
3219;17550604000;17060077777;17560077777
3220;17550606000;17060077777;17560077777
3221;17550607000;17060077777;17560077777
3222;17550817000;17060133333;17560133333
3223;17550832000;17060444444;17560444444
3224;17550834000;17060444444;17560444444
3225;17550835000;17060444444;17560444444
3226;17592202000;17101744444;17601744444
3227;17592205000;17101744444;17601744444
3228;17592207000;17101744444;17601744444
3229;17592208000;17101744444;17601744444
3230;17592210000;17101744444;17601744444
3231;17592211000;17101744444;17601744444
3232;17592212000;17101744444;17601744444
3233;17592413000;17101800000;17601800000
3234;17592429000;17102088888;17602088888
3235;17592431000;17102088888;17602088888
3236;17592432000;17102088888;17602088888
3237;17633825000;17143411111;17643411111
3238;17633828000;17143411111;17643411111
3239;17633829000;17143411111;17643411111
3240;17633831000;17143411111;17643411111
3241;17633832000;17143411111;17643411111
3242;17633834000;17143411111;17643411111
3243;17633835000;17143411111;17643411111
3244;17634036000;17143466666;17643466666
3245;17634058000;17143777777;17643777777
3246;17634060000;17143777777;17643777777
3247;17634062000;17143777777;17643777777
3248;17675479000;17185077777;17685077777
3249;17675483000;17185077777;17685077777
3250;17675484000;17185077777;17685077777
3251;17675485000;17185077777;17685077777
3252;17675487000;17185077777;17685077777
3253;17675488000;17185077777;17685077777
3254;17675489000;17185077777;17685077777
3255;17675701000;17185133333;17685133333
3256;17675717000;17185433333;17685433333
3257;17675718000;17185433333;17685433333
3258;17675720000;17185433333;17685433333
3259;17717267000;17226822222;17726822222
3260;17717271000;17226822222;17726822222
3261;17717272000;17226822222;17726822222
3262;17717273000;17226822222;17726822222
3263;17717274000;17226822222;17726822222
3264;17717276000;17226822222;17726822222
3265;17717278000;17226822222;17726822222
3266;17717478000;17226877777;17726877777
3267;17717493000;17227155555;17727155555
3268;17717495000;17227155555;17727155555
3269;17717496000;17227155555;17727155555
3270;17758854000;17268411111;17768411111
3271;17758858000;17268411111;17768411111
3272;17758859000;17268411111;17768411111
3273;17758860000;17268411111;17768411111
3274;17758861000;17268411111;17768411111
3275;17758862000;17268411111;17768411111
3276;17758864000;17268411111;17768411111
3277;17759065000;17268455555;17768455555
3278;17759072000;17268744444;17768744444
3279;17759073000;17268744444;17768744444
3280;17759075000;17268744444;17768744444
3281;17800495000;17310077777;17810077777
3282;17800499000;17310077777;17810077777
3283;17800501000;17310077777;17810077777
3284;17800502000;17310077777;17810077777
3285;17800503000;17310077777;17810077777
3286;17800505000;17310077777;17810077777
3287;17800506000;17310077777;17810077777
3288;17800707000;17310122222;17810122222
3289;17800714000;17310433333;17810433333
3290;17800715000;17310433333;17810433333
3291;17800717000;17310433333;17810433333
3292;17842191000;17351744444;17851744444
3293;17842194000;17351744444;17851744444
3294;17842196000;17351744444;17851744444
3295;17842198000;17351744444;17851744444
3296;17842199000;17351744444;17851744444
3297;17842201000;17351744444;17851744444
3298;17842202000;17351744444;17851744444
3299;17842413000;17351800000;17851800000
3300;17842428000;17352077777;17852077777
3301;17842430000;17352077777;17852077777
3302;17842431000;17352077777;17852077777
3303;17883845000;17393411111;17893411111
3304;17883849000;17393411111;17893411111
3305;17883850000;17393411111;17893411111
3306;17883851000;17393411111;17893411111
3307;17883853000;17393411111;17893411111
3308;17883854000;17393411111;17893411111
3309;17883855000;17393411111;17893411111
3310;17884056000;17393466666;17893466666
3311;17884062000;17393788888;17893788888
3312;17884063000;17393788888;17893788888
3313;17884065000;17393788888;17893788888
3314;17925588000;17435077777;17935077777
3315;17925597000;17435077777;17935077777
3316;17925599000;17435077777;17935077777
3317;17925600000;17435077777;17935077777
3318;17925602000;17435077777;17935077777
3319;17925604000;17435077777;17935077777
3320;17925606000;17435077777;17935077777
3321;17925824000;17435133333;17935133333
3322;17925840000;17435444444;17935444444
3323;17925841000;17435444444;17935444444
3324;17925843000;17435444444;17935444444
3325;17967250000;17476744444;17976744444
3326;17967260000;17476744444;17976744444
3327;17967261000;17476744444;17976744444
3328;17967263000;17476744444;17976744444
3329;17967264000;17476744444;17976744444
3330;17967266000;17476744444;17976744444
3331;17967267000;17476744444;17976744444
3332;17967477000;17476800000;17976800000
3333;17967492000;17477088888;17977088888
3334;17967494000;17477088888;17977088888
3335;17967495000;17477088888;17977088888
3336;18008854000;17518411111;18018411111
3337;18008858000;17518411111;18018411111
3338;18008859000;17518411111;18018411111
3339;18008861000;17518411111;18018411111
3340;18008862000;17518411111;18018411111
3341;18008863000;17518411111;18018411111
3342;18008865000;17518411111;18018411111
3343;18009066000;17518455555;18018455555
3344;18009073000;17518777777;18018777777
3345;18009075000;17518777777;18018777777
3346;18009076000;17518777777;18018777777
3347;18050522000;17560077777;18060077777
3348;18050525000;17560077777;18060077777
3349;18050527000;17560077777;18060077777
3350;18050528000;17560077777;18060077777
3351;18050529000;17560077777;18060077777
3352;18050531000;17560077777;18060077777
3353;18050532000;17560077777;18060077777
3354;18050733000;17560122222;18060122222
3355;18050739000;17560422222;18060422222
3356;18050741000;17560422222;18060422222
3357;18050742000;17560422222;18060422222
3358;18092181000;17601744444;18101744444
3359;18092185000;17601744444;18101744444
3361;18092929000;17601744444;18101744444
3362;18092942000;17601744444;18101744444
3363;18092944000;17601744444;18101744444
3364;18092945000;17601744444;18101744444
3365;18093155000;17601800000;18101800000
3366;18093170000;17602066666;18102066666
3367;18093172000;17602066666;18102066666
3368;18093173000;17602066666;18102066666
3369;18133888000;17643444444;18143444444
3370;18133892000;17643444444;18143444444
3371;18133893000;17643444444;18143444444
3372;18133894000;17643444444;18143444444
3373;18133895000;17643444444;18143444444
3375;18133897000;17643444444;18143444444
3376;18134105000;17643488888;18143488888
3377;18134121000;17643800000;18143800000
3378;18134122000;17643800000;18143800000
3379;18134124000;17643800000;18143800000
3380;18175521000;17685077777;18185077777
3381;18175525000;17685077777;18185077777
3382;18175527000;17685077777;18185077777
3383;18175528000;17685077777;18185077777
3384;18175529000;17685077777;18185077777
3385;18175531000;17685077777;18185077777
3386;18175532000;17685077777;18185077777
3387;18175732000;17685122222;18185122222
3388;18175747000;17685444444;18185444444
3389;18175749000;17685444444;18185444444
3390;18175750000;17685444444;18185444444
3391;18217257000;17726811111;18226811111
3392;18217260000;17726811111;18226811111
3393;18217262000;17726811111;18226811111
3394;18217263000;17726811111;18226811111
3395;18217264000;17726811111;18226811111
3396;18217266000;17726811111;18226811111
3397;18217267000;17726811111;18226811111
3398;18217469000;17726866666;18226866666
3399;18217475000;17727155555;18227155555
3400;18217477000;17727155555;18227155555
3401;18217478000;17727155555;18227155555
3402;18258847000;17768411111;18268411111
3403;18258851000;17768411111;18268411111
3404;18258852000;17768411111;18268411111
3405;18258854000;17768411111;18268411111
3406;18258855000;17768411111;18268411111
3407;18258856000;17768411111;18268411111
3408;18258857000;17768411111;18268411111
3409;18259058000;17768466666;18268466666
3410;18259064000;17768755555;18268755555
3411;18259066000;17768755555;18268755555
3412;18259067000;17768755555;18268755555
3413;18300488000;17810077777;18310077777
3414;18300491000;17810077777;18310077777
3415;18300493000;17810077777;18310077777
3416;18300494000;17810077777;18310077777
3417;18300495000;17810077777;18310077777
3418;18300497000;17810077777;18310077777
3419;18300498000;17810077777;18310077777
3420;18300716000;17810133333;18310133333
3421;18300722000;17810466666;18310466666
3422;18300724000;17810466666;18310466666
3423;18300726000;17810466666;18310466666
3424;18342180000;17851744444;18351744444
3425;18342194000;17851744444;18351744444
3426;18342195000;17851744444;18351744444
3427;18342196000;17851744444;18351744444
3428;18342198000;17851744444;18351744444
3429;18342199000;17851744444;18351744444
3430;18342200000;17851744444;18351744444
3431;18342428000;17851800000;18351800000
3432;18342434000;17852088888;18352088888
3433;18342436000;17852088888;18352088888
3434;18342437000;17852088888;18352088888
3435;18383848000;17893411111;18393411111
3436;18383852000;17893411111;18393411111
3437;18383853000;17893411111;18393411111
3438;18383854000;17893411111;18393411111
3439;18383855000;17893411111;18393411111
3440;18383857000;17893411111;18393411111
3441;18383858000;17893411111;18393411111
3442;18384059000;17893455555;18393455555
3443;18384065000;17893811111;18393811111
3444;18384067000;17893811111;18393811111
3445;18384068000;17893811111;18393811111
3446;18425514000;17935077777;18435077777
3447;18425517000;17935077777;18435077777
3448;18425518000;17935077777;18435077777
3449;18425519000;17935077777;18435077777
3450;18425520000;17935077777;18435077777
3451;18425521000;17935077777;18435077777
3452;18425522000;17935077777;18435077777
3453;18425723000;17935133333;18435133333
3454;18425729000;17935455555;18435455555
3455;18425730000;17935455555;18435455555
3456;18425731000;17935455555;18435455555
3457;18467180000;17976744444;18476744444
3458;18467183000;17976744444;18476744444
3459;18467185000;17976744444;18476744444
3460;18467185000;17976744444;18476744444
3461;18467186000;17976744444;18476744444
3462;18467187000;17976744444;18476744444
3463;18467188000;17976744444;18476744444
3464;18467388000;17976800000;18476800000
3465;18467394000;17977077777;18477077777
3466;18467396000;17977077777;18477077777
3467;18467397000;17977077777;18477077777
3468;18508846000;18018411111;18518411111
3469;18508850000;18018411111;18518411111
3470;18508851000;18018411111;18518411111
3471;18508852000;18018411111;18518411111
3472;18508853000;18018411111;18518411111
3473;18508854000;18018411111;18518411111
3474;18508855000;18018411111;18518411111
3475;18509055000;18018455555;18518455555
3476;18509062000;18018766666;18518766666
3477;18509063000;18018766666;18518766666
3478;18509064000;18018766666;18518766666
3479;18550514000;18060077777;18560077777
3480;18550518000;18060077777;18560077777
3481;18550519000;18060077777;18560077777
3482;18550520000;18060077777;18560077777
3483;18550521000;18060077777;18560077777
3484;18550522000;18060077777;18560077777
3485;18550522000;18060077777;18560077777
3486;18550722000;18060122222;18560122222
3487;18550728000;18060444444;18560444444
3488;18550729000;18060444444;18560444444
3489;18550731000;18060444444;18560444444
3490;18592182000;18101744444;18601744444
3491;18592185000;18101744444;18601744444
3492;18592186000;18101744444;18601744444
3493;18592187000;18101744444;18601744444
3494;18592188000;18101744444;18601744444
3495;18592189000;18101744444;18601744444
3496;18592190000;18101744444;18601744444
3497;18592392000;18101800000;18601800000
3498;18592398000;18102088888;18602088888
3499;18592400000;18102088888;18602088888
3500;18592401000;18102088888;18602088888
3501;18633847000;18143411111;18643411111
3502;18633850000;18143411111;18643411111
3503;18633851000;18143411111;18643411111
3504;18633852000;18143411111;18643411111
3505;18633853000;18143411111;18643411111
3506;18633854000;18143411111;18643411111
3507;18633855000;18143411111;18643411111
3508;18634055000;18143455555;18643455555
3509;18634061000;18143800000;18643800000
3510;18634063000;18143800000;18643800000
3511;18634064000;18143800000;18643800000
3512;18675539000;18185100000;18685100000
3513;18675543000;18185100000;18685100000
3514;18675544000;18185100000;18685100000
3515;18675545000;18185100000;18685100000
3516;18675545000;18185100000;18685100000
3517;18675546000;18185100000;18685100000
3518;18675547000;18185100000;18685100000
3520;18677395000;18185466666;18685466666
3521;18677398000;18185466666;18685466666
3522;18677399000;18185466666;18685466666
3523;18717167000;18226744444;18726744444
3524;18717173000;18226744444;18726744444
3525;18717174000;18226744444;18726744444
3526;18717176000;18226744444;18726744444
3527;18717177000;18226744444;18726744444
3528;18717178000;18226744444;18726744444
3529;18717179000;18226744444;18726744444
3530;18717389000;18226800000;18726800000
3531;18717405000;18227077777;18727077777
3532;18717407000;18227077777;18727077777
3533;18717408000;18227077777;18727077777
3534;18758924000;18268411111;18768411111
3535;18758934000;18268411111;18768411111
3536;18758936000;18268411111;18768411111
3537;18758937000;18268411111;18768411111
3538;18758939000;18268411111;18768411111
3539;18758941000;18268411111;18768411111
3540;18758942000;18268411111;18768411111
3541;18759165000;18268466666;18768466666
3542;18759181000;18268777777;18768777777
3543;18759182000;18268777777;18768777777
3544;18759184000;18268777777;18768777777
3545;18800494000;18310077777;18810077777
3546;18800498000;18310077777;18810077777
3547;18800499000;18310077777;18810077777
3548;18800501000;18310077777;18810077777
3549;18800502000;18310077777;18810077777
3550;18800504000;18310077777;18810077777
3551;18800505000;18310077777;18810077777
3552;18800705000;18310133333;18810133333
3553;18800721000;18310433333;18810433333
3554;18800722000;18310433333;18810433333
3555;18800723000;18310433333;18810433333
3556;18842183000;18351744444;18851744444
3557;18842188000;18351744444;18851744444
3558;18842189000;18351744444;18851744444
3559;18842190000;18351744444;18851744444
3560;18842192000;18351744444;18851744444
3561;18842193000;18351744444;18851744444
3562;18842195000;18351744444;18851744444
3563;18842415000;18351788888;18851788888
3564;18842422000;18352088888;18852088888
3565;18842424000;18352088888;18852088888
3566;18842425000;18352088888;18852088888
3567;18883820000;18393411111;18893411111
3568;18883824000;18393411111;18893411111
3569;18883825000;18393411111;18893411111
3570;18883827000;18393411111;18893411111
3571;18883828000;18393411111;18893411111
3572;18883829000;18393411111;18893411111
3573;18883830000;18393411111;18893411111
3574;18884032000;18393455555;18893455555
3575;18884039000;18393766666;18893766666
3576;18884040000;18393766666;18893766666
3577;18884050000;18393766666;18893766666
3578;18925473000;18435077777;18935077777
3579;18925477000;18435077777;18935077777
3580;18925479000;18435077777;18935077777
3581;18925480000;18435077777;18935077777
3582;18925481000;18435077777;18935077777
3583;18925483000;18435077777;18935077777
3584;18925484000;18435077777;18935077777
3585;18925684000;18435122222;18935122222
3586;18925691000;18435444444;18935444444
3587;18925692000;18435444444;18935444444
3588;18925693000;18435444444;18935444444
3589;18967141000;18476744444;18976744444
3590;18967145000;18476744444;18976744444
3591;18967146000;18476744444;18976744444
3592;18967148000;18476744444;18976744444
3593;18967149000;18476744444;18976744444
3594;18967150000;18476744444;18976744444
3595;18967151000;18476744444;18976744444
3596;18967353000;18476800000;18976800000
3597;18967359000;18477111111;18977111111
3598;18967361000;18477111111;18977111111
3599;18967362000;18477111111;18977111111
3600;19008848000;18518411111;19018411111
3601;19008861000;18518411111;19018411111
3602;19008874000;18518411111;19018411111
3603;19008875000;18518411111;19018411111
3604;19008876000;18518411111;19018411111
3605;19008878000;18518411111;19018411111
3606;19008879000;18518411111;19018411111
3607;19009103000;18518455555;19018455555
3608;19009109000;18518800000;19018800000
3609;19009111000;18518800000;19018800000
3610;19009113000;18518800000;19018800000
3611;19050517000;18560077777;19060077777
3612;19050521000;18560077777;19060077777
3613;19050522000;18560077777;19060077777
3614;19050523000;18560077777;19060077777
3615;19050525000;18560077777;19060077777
3616;19050526000;18560077777;19060077777
3617;19050527000;18560077777;19060077777
3618;19050728000;18560122222;19060122222
3619;19050734000;18560433333;19060433333
3620;19050736000;18560433333;19060433333
3621;19050737000;18560433333;19060433333
3622;19092204000;18601766666;19101766666
3623;19092208000;18601766666;19101766666
3624;19092209000;18601766666;19101766666
3625;19092210000;18601766666;19101766666
3626;19092211000;18601766666;19101766666
3627;19092212000;18601766666;19101766666
3628;19092213000;18601766666;19101766666
3629;19092415000;18601822222;19101822222
3630;19092421000;18602111111;19102111111
3631;19092423000;18602111111;19102111111
3632;19092424000;18602111111;19102111111
3633;19139079000;18643411111;19143411111
3634;19139091000;18643411111;19143411111
3635;19139092000;18643411111;19143411111
3636;19139094000;18643411111;19143411111
3637;19139095000;18643411111;19143411111
3638;19139096000;18643411111;19143411111
3639;19139098000;18643411111;19143411111
3640;19139329000;18643466666;19143466666
3641;19139336000;18643777777;19143777777
3642;19139337000;18643777777;19143777777
3643;19139339000;18643777777;19143777777
3644;19175510000;18685077777;19185077777
3645;19175514000;18685077777;19185077777
3646;19175515000;18685077777;19185077777
3647;19175517000;18685077777;19185077777
3648;19175518000;18685077777;19185077777
3649;19175519000;18685077777;19185077777
3650;19175520000;18685077777;19185077777
3651;19175737000;18685122222;19185122222
3652;19175753000;18685444444;19185444444
3653;19175754000;18685444444;19185444444
3654;19175755000;18685444444;19185444444
3655;19217205000;18726744444;19226744444
3656;19217208000;18726744444;19226744444
3657;19217210000;18726744444;19226744444
3658;19217211000;18726744444;19226744444
3659;19217212000;18726744444;19226744444
3660;19217214000;18726744444;19226744444
3661;19217215000;18726744444;19226744444
3662;19217415000;18726788888;19226788888
3663;19217422000;18727100000;19227100000
3664;19217423000;18727100000;19227100000
3665;19217425000;18727100000;19227100000
3666;19258848000;18768411111;19268411111
3667;19258851000;18768411111;19268411111
3668;19258853000;18768411111;19268411111
3669;19258855000;18768411111;19268411111
3670;19258856000;18768411111;19268411111
3671;19258857000;18768411111;19268411111
3672;19258859000;18768411111;19268411111
3673;19259059000;18768466666;19268466666
3674;19259065000;18768766666;19268766666
3675;19259067000;18768766666;19268766666
3676;19259068000;18768766666;19268766666
3677;19300515000;18810077777;19310077777
3678;19300519000;18810077777;19310077777
3679;19300520000;18810077777;19310077777
3680;19300522000;18810077777;19310077777
3681;19300523000;18810077777;19310077777
3682;19300524000;18810077777;19310077777
3683;19300526000;18810077777;19310077777
3684;19300727000;18810122222;19310122222
3685;19300733000;18810455555;19310455555
3686;19300735000;18810455555;19310455555
3687;19300736000;18810455555;19310455555
3688;19342165000;18851744444;19351744444
3689;19342169000;18851744444;19351744444
3690;19342170000;18851744444;19351744444
3691;19342172000;18851744444;19351744444
3692;19342173000;18851744444;19351744444
3693;19342175000;18851744444;19351744444
3694;19342176000;18851744444;19351744444
3695;19342383000;18851788888;19351788888
3696;19342389000;18852077777;19352077777
3697;19342391000;18852077777;19352077777
3698;19342392000;18852077777;19352077777
3699;19383804000;18893411111;19393411111
3700;19383808000;18893411111;19393411111
3701;19383809000;18893411111;19393411111
3702;19383819000;18893411111;19393411111
3703;19383821000;18893411111;19393411111
3704;19383822000;18893411111;19393411111
3705;19383823000;18893411111;19393411111
3706;19384023000;18893455555;19393455555
3707;19384030000;18893755555;19393755555
3708;19384031000;18893755555;19393755555
3709;19384032000;18893755555;19393755555
3710;19425516000;18935077777;19435077777
3711;19425520000;18935077777;19435077777
3712;19425521000;18935077777;19435077777
3713;19425522000;18935077777;19435077777
3714;19425524000;18935077777;19435077777
3715;19425525000;18935077777;19435077777
3716;19425526000;18935077777;19435077777
3717;19425727000;18935122222;19435122222
3718;19425734000;18935433333;19435433333
3719;19425736000;18935433333;19435433333
3720;19425737000;18935433333;19435433333
3721;19467160000;18976744444;19476744444
3722;19467164000;18976744444;19476744444
3723;19467165000;18976744444;19476744444
3724;19467167000;18976744444;19476744444
3725;19467168000;18976744444;19476744444
3726;19467169000;18976744444;19476744444
3727;19467170000;18976744444;19476744444
3728;19467371000;18976788888;19476788888
3729;19467377000;18977066666;19477066666
3730;19467379000;18977066666;19477066666
3731;19467380000;18977066666;19477066666
3732;19508834000;19018411111;19518411111
3733;19508838000;19018411111;19518411111
3734;19508839000;19018411111;19518411111
3735;19508841000;19018411111;19518411111
3736;19508842000;19018411111;19518411111
3737;19508843000;19018411111;19518411111
3738;19508845000;19018411111;19518411111
3739;19509049000;19018466666;19518466666
3740;19509055000;19018777777;19518777777
3741;19509057000;19018777777;19518777777
3742;19509058000;19018777777;19518777777
3743;19550516000;19060077777;19560077777
3744;19550520000;19060077777;19560077777
3745;19550521000;19060077777;19560077777
3746;19550523000;19060077777;19560077777
3747;19550523000;19060077777;19560077777
3748;19550525000;19060077777;19560077777
3749;19550526000;19060077777;19560077777
3750;19550726000;19060133333;19560133333
3751;19550732000;19060433333;19560433333
3752;19550734000;19060433333;19560433333
3753;19550735000;19060433333;19560433333
3754;19592132000;19101744444;19601744444
3755;19592135000;19101744444;19601744444
3756;19592136000;19101744444;19601744444
3757;19592137000;19101744444;19601744444
3758;19592138000;19101744444;19601744444
3759;19592139000;19101744444;19601744444
3760;19592140000;19101744444;19601744444
3761;19592341000;19101800000;19601800000
3762;19592347000;19102077777;19602077777
3763;19592349000;19102077777;19602077777
3764;19592349000;19102077777;19602077777
3765;19633849000;19143411111;19643411111
3766;19633853000;19143411111;19643411111
3767;19633854000;19143411111;19643411111
3768;19633855000;19143411111;19643411111
3769;19633856000;19143411111;19643411111
3770;19633857000;19143411111;19643411111
3771;19633858000;19143411111;19643411111
3772;19634057000;19143466666;19643466666
3773;19634063000;19143777777;19643777777
3774;19634065000;19143777777;19643777777
3775;19634065000;19143777777;19643777777
3776;19675517000;19185077777;19685077777
3777;19675520000;19185077777;19685077777
3778;19675521000;19185077777;19685077777
3779;19675522000;19185077777;19685077777
3780;19675523000;19185077777;19685077777
3781;19675524000;19185077777;19685077777
3782;19675525000;19185077777;19685077777
3783;19675747000;19185122222;19685122222
3784;19675754000;19185433333;19685433333
3785;19675755000;19185433333;19685433333
3786;19675756000;19185433333;19685433333
3787;19717192000;19226744444;19726744444
3788;19717195000;19226744444;19726744444
3789;19717196000;19226744444;19726744444
3790;19717198000;19226744444;19726744444
3791;19717198000;19226744444;19726744444
3792;19717199000;19226744444;19726744444
3793;19717200000;19226744444;19726744444
3794;19717400000;19226800000;19726800000
3795;19717415000;19227077777;19727077777
3796;19717417000;19227077777;19727077777
3797;19717418000;19227077777;19727077777
3798;19758827000;19268411111;19768411111
3799;19758830000;19268411111;19768411111
3800;19758831000;19268411111;19768411111
3801;19758832000;19268411111;19768411111
3802;19758841000;19268411111;19768411111
3803;19758842000;19268411111;19768411111
3804;19758843000;19268411111;19768411111
3805;19758999000;19268466666;19768466666
3806;19759005000;19268744444;19768744444
3807;19759007000;19268744444;19768744444
3808;19759008000;19268744444;19768744444
3809;19800527000;19310077777;19810077777
3810;19800531000;19310077777;19810077777
3811;19800531000;19310077777;19810077777
3812;19800532000;19310077777;19810077777
3813;19800533000;19310077777;19810077777
3814;19800535000;19310077777;19810077777
3815;19800535000;19310077777;19810077777
3816;19800735000;19310133333;19810133333
3817;19800751000;19310433333;19810433333
3818;19800752000;19310433333;19810433333
3819;19800753000;19310433333;19810433333
3820;19842204000;19351744444;19851744444
3821;19842207000;19351744444;19851744444
3822;19842208000;19351744444;19851744444
3823;19842209000;19351744444;19851744444
3824;19842210000;19351744444;19851744444
3825;19842211000;19351744444;19851744444
3826;19842212000;19351744444;19851744444
3827;19842442000;19351788888;19851788888
3828;19842458000;19352077777;19852077777
3830;19843527000;19352077777;19852077777
3831;19883853000;19393411111;19893411111
3832;19883857000;19393411111;19893411111
3833;19883858000;19393411111;19893411111
3834;19883859000;19393411111;19893411111
3835;19883860000;19393411111;19893411111
3836;19883861000;19393411111;19893411111
3837;19883862000;19393411111;19893411111
3838;19884062000;19393455555;19893455555
3839;19884068000;19393766666;19893766666
3840;19884070000;19393766666;19893766666
3841;19884071000;19393766666;19893766666
3842;19925610000;19435077777;19935077777
3843;19925621000;19435077777;19935077777
3844;19925623000;19435077777;19935077777
3845;19925625000;19435077777;19935077777
3846;19925626000;19435077777;19935077777
3847;19925628000;19435077777;19935077777
3848;19925629000;19435077777;19935077777
3849;19925868000;19435133333;19935133333
3850;19925884000;19435433333;19935433333
3851;19925886000;19435433333;19935433333
3852;19925887000;19435433333;19935433333
3853;19967247000;19476744444;19976744444
3854;19967257000;19476744444;19976744444
3855;19967258000;19476744444;19976744444
3856;19967260000;19476744444;19976744444
3857;19967262000;19476744444;19976744444
3858;19967263000;19476744444;19976744444
3859;19967265000;19476744444;19976744444
3860;19967475000;19476800000;19976800000
3861;19967490000;19477077777;19977077777
3862;19967492000;19477077777;19977077777
3863;19967493000;19477077777;19977077777
3864;20008860000;19518411111;20018411111
3865;20008863000;19518411111;20018411111
3866;20008865000;19518411111;20018411111
3868;20009435000;19518411111;20018411111
3869;20009438000;19518411111;20018411111
3870;20009440000;19518411111;20018411111
3871;20009658000;19518466666;20018466666
3872;20009674000;19518788888;20018788888
3873;20009675000;19518788888;20018788888
3874;20009676000;19518788888;20018788888
3875;20050535000;19560100000;20060100000
3877;20050539000;19560100000;20060100000
3878;20050540000;19560100000;20060100000
3879;20050542000;19560100000;20060100000
3880;20050543000;19560100000;20060100000
3881;20050544000;19560100000;20060100000
3882;20050746000;19560155555;20060155555
3883;20050762000;19560444444;20060444444
3884;20050763000;19560444444;20060444444
3885;20050764000;19560444444;20060444444
3886;20092226000;19601744444;20101744444
3887;20092239000;19601744444;20101744444
3888;20092241000;19601744444;20101744444
3889;20092242000;19601744444;20101744444
3890;20092243000;19601744444;20101744444
3891;20092245000;19601744444;20101744444
3892;20092246000;19601744444;20101744444
3893;20092457000;19601788888;20101788888
3894;20092473000;19602066666;20102066666
3895;20092475000;19602066666;20102066666
3896;20092476000;19602066666;20102066666
3897;20133860000;19643411111;20143411111
3898;20133863000;19643411111;20143411111
3899;20133864000;19643411111;20143411111
3900;20133866000;19643411111;20143411111
3901;20133867000;19643411111;20143411111
3902;20133869000;19643411111;20143411111
3903;20133870000;19643411111;20143411111
3904;20134083000;19643455555;20143455555
3905;20134098000;19643766666;20143766666
3906;20134099000;19643766666;20143766666
3907;20134101000;19643766666;20143766666
3908;20175493000;19685077777;20185077777
3909;20175497000;19685077777;20185077777
3910;20175498000;19685077777;20185077777
3911;20175499000;19685077777;20185077777
3912;20175501000;19685077777;20185077777
3913;20175502000;19685077777;20185077777
3914;20175503000;19685077777;20185077777
3915;20175676000;19685122222;20185122222
3916;20175681000;19685444444;20185444444
3917;20175682000;19685444444;20185444444
3918;20175684000;19685444444;20185444444
3919;20217163000;19726744444;20226744444
3920;20217167000;19726744444;20226744444
3921;20217168000;19726744444;20226744444
3922;20217169000;19726744444;20226744444
3923;20217170000;19726744444;20226744444
3924;20217171000;19726744444;20226744444
3925;20217173000;19726744444;20226744444
3926;20217373000;19726800000;20226800000
3927;20217379000;19727077777;20227077777
3928;20217381000;19727077777;20227077777
3929;20217382000;19727077777;20227077777
3930;20258854000;19768411111;20268411111
3931;20258858000;19768411111;20268411111
3932;20258859000;19768411111;20268411111
3933;20258860000;19768411111;20268411111
3934;20258861000;19768411111;20268411111
3935;20258863000;19768411111;20268411111
3936;20258864000;19768411111;20268411111
3937;20259064000;19768455555;20268455555
3938;20259071000;19768755555;20268755555
3939;20259072000;19768755555;20268755555
3940;20259073000;19768755555;20268755555
3941;20300533000;19810088888;20310088888
3942;20300537000;19810088888;20310088888
3943;20300538000;19810088888;20310088888
3944;20300539000;19810088888;20310088888
3945;20300540000;19810088888;20310088888
3946;20300542000;19810088888;20310088888
3947;20300543000;19810088888;20310088888
3948;20300752000;19810133333;20310133333
3949;20300757000;19810455555;20310455555
3950;20300759000;19810455555;20310455555
3951;20300760000;19810455555;20310455555
3952;20342207000;19851744444;20351744444
3953;20342217000;19851744444;20351744444
3954;20342219000;19851744444;20351744444
3955;20342222000;19851744444;20351744444
3956;20342223000;19851744444;20351744444
3957;20342234000;19851744444;20351744444
3958;20342235000;19851744444;20351744444
3959;20342358000;19851800000;20351800000
3960;20342363000;19852088888;20352088888
3961;20342365000;19852088888;20352088888
3962;20342366000;19852088888;20352088888
3963;20383790000;19893411111;20393411111
3964;20383794000;19893411111;20393411111
3965;20383795000;19893411111;20393411111
3966;20383796000;19893411111;20393411111
3967;20383798000;19893411111;20393411111
3968;20383799000;19893411111;20393411111
3969;20383801000;19893411111;20393411111
3970;20383924000;19893455555;20393455555
3971;20383930000;19893766666;20393766666
3972;20383931000;19893766666;20393766666
3973;20383933000;19893766666;20393766666
3974;20425481000;19935077777;20435077777
3975;20425484000;19935077777;20435077777
3976;20425485000;19935077777;20435077777
3977;20425487000;19935077777;20435077777
3978;20425488000;19935077777;20435077777
3979;20425490000;19935077777;20435077777
3980;20425491000;19935077777;20435077777
3981;20425615000;19935133333;20435133333
3982;20425620000;19935444444;20435444444
3983;20425621000;19935444444;20435444444
3984;20425623000;19935444444;20435444444
3985;20467136000;19976744444;20476744444
3986;20467149000;19976744444;20476744444
3987;20467150000;19976744444;20476744444
3988;20467151000;19976744444;20476744444
3989;20467153000;19976744444;20476744444
3990;20467154000;19976744444;20476744444
3991;20467155000;19976744444;20476744444
3992;20467276000;19976800000;20476800000
3993;20467280000;19977066666;20477066666
3994;20467282000;19977066666;20477066666
3995;20467283000;19977066666;20477066666
3996;20508802000;20018411111;20518411111
3997;20508814000;20018411111;20518411111
3998;20508815000;20018411111;20518411111
3999;20508817000;20018411111;20518411111
4000;20508818000;20018411111;20518411111
4001;20508819000;20018411111;20518411111
4002;20508821000;20018411111;20518411111
4003;20508940000;20018466666;20518466666
4004;20508945000;20018766666;20518766666
4005;20508964000;20018766666;20518766666
4006;20508965000;20018766666;20518766666
4007;20550470000;20060077777;20560077777
4008;20550482000;20060077777;20560077777
4009;20550483000;20060077777;20560077777
4010;20550484000;20060077777;20560077777
4011;20550486000;20060077777;20560077777
4012;20550487000;20060077777;20560077777
4013;20550488000;20060077777;20560077777
4014;20550588000;20060122222;20560122222
4015;20550593000;20060433333;20560433333
4016;20550594000;20060433333;20560433333
4017;20550596000;20060433333;20560433333
4018;20592150000;20101744444;20601744444
4019;20592154000;20101744444;20601744444
4020;20592155000;20101744444;20601744444
4021;20592156000;20101744444;20601744444
4022;20592158000;20101744444;20601744444
4023;20592159000;20101744444;20601744444
4024;20592160000;20101744444;20601744444
4025;20592263000;20101788888;20601788888
4026;20592269000;20102077777;20602077777
4027;20592271000;20102077777;20602077777
4028;20592272000;20102077777;20602077777
4029;20633815000;20143411111;20643411111
4030;20633819000;20143411111;20643411111
4031;20633820000;20143411111;20643411111
4032;20633821000;20143411111;20643411111
4033;20633822000;20143411111;20643411111
4034;20633823000;20143411111;20643411111
4035;20633824000;20143411111;20643411111
4036;20633947000;20143455555;20643455555
4037;20633952000;20143788888;20643788888
4040;20675454000;20185088888;20685088888
4041;20675458000;20185088888;20685088888
4042;20675459000;20185088888;20685088888
4043;20675460000;20185088888;20685088888
4044;20675462000;20185088888;20685088888
4045;20675463000;20185088888;20685088888
4046;20675464000;20185088888;20685088888
4047;20675568000;20185133333;20685133333
4048;20675573000;20185633333;20685633333
4049;20675574000;20185633333;20685633333
4050;20675575000;20185633333;20685633333
4051;20717149000;20226744444;20726744444
4053;20725467000;20226744444;20726744444
4054;20725470000;20226744444;20726744444
4055;20725471000;20226744444;20726744444
4056;20725472000;20226744444;20726744444
4057;20725474000;20226744444;20726744444
4058;20725644000;20226800000;20726800000
4060;20725652000;20227088888;20727088888
4061;20725653000;20227088888;20727088888
4062;20758822000;20268411111;20768411111
4063;20758826000;20268411111;20768411111
4064;20758827000;20268411111;20768411111
4065;20758828000;20268411111;20768411111
4066;20758829000;20268411111;20768411111
4067;20758831000;20268411111;20768411111
4068;20758832000;20268411111;20768411111
4069;20759032000;20268466666;20768466666
4070;20759055000;20268744444;20768744444
4071;20759056000;20268744444;20768744444
4072;20759057000;20268744444;20768744444
4073;20800514000;20310077777;20810077777
4074;20800517000;20310077777;20810077777
4075;20800518000;20310077777;20810077777
4076;20800519000;20310077777;20810077777
4077;20800520000;20310077777;20810077777
4078;20800521000;20310077777;20810077777
4079;20800522000;20310077777;20810077777
4080;20800722000;20310122222;20810122222
4081;20800738000;20310433333;20810433333
4082;20800739000;20310433333;20810433333
4083;20800740000;20310433333;20810433333
4084;20842196000;20351744444;20851744444
4085;20842199000;20351744444;20851744444
4086;20842200000;20351744444;20851744444
4087;20842201000;20351744444;20851744444
4088;20842202000;20351744444;20851744444
4089;20842203000;20351744444;20851744444
4090;20842204000;20351744444;20851744444
4091;20842404000;20351788888;20851788888
4092;20842419000;20352088888;20852088888
4093;20842420000;20352088888;20852088888
4094;20842421000;20352088888;20852088888
4095;20883861000;20393411111;20893411111
4096;20883865000;20393411111;20893411111
4097;20883866000;20393411111;20893411111
4098;20883867000;20393411111;20893411111
4099;20883868000;20393411111;20893411111
4100;20883869000;20393411111;20893411111
4101;20883870000;20393411111;20893411111
4102;20884078000;20393455555;20893455555
4103;20884084000;20393766666;20893766666
4104;20884086000;20393766666;20893766666
4105;20884086000;20393766666;20893766666
4106;20925489000;20435077777;20935077777
4107;20925493000;20435077777;20935077777
4108;20925493000;20435077777;20935077777
4109;20925502000;20435077777;20935077777
4110;20925503000;20435077777;20935077777
4111;20925504000;20435077777;20935077777
4112;20925505000;20435077777;20935077777
4113;20925706000;20435122222;20935122222
4114;20925712000;20435444444;20935444444
4115;20925713000;20435444444;20935444444
4116;20925714000;20435444444;20935444444
4117;20967157000;20476744444;20976744444
4118;20967160000;20476744444;20976744444
4119;20967161000;20476744444;20976744444
4120;20967162000;20476744444;20976744444
4121;20967163000;20476744444;20976744444
4122;20967164000;20476744444;20976744444
4123;20967165000;20476744444;20976744444
4124;20967365000;20476800000;20976800000
4125;20967371000;20477100000;20977100000
4126;20967372000;20477100000;20977100000
4127;20967373000;20477100000;20977100000
4128;21008829000;20518411111;21018411111
4129;21008833000;20518411111;21018411111
4130;21008834000;20518411111;21018411111
4131;21008835000;20518411111;21018411111
4132;21008836000;20518411111;21018411111
4133;21008837000;20518411111;21018411111
4134;21008838000;20518411111;21018411111
4135;21009038000;20518455555;21018455555
4136;21009048000;20518788888;21018788888
4137;21009049000;20518788888;21018788888
4138;21009050000;20518788888;21018788888
4139;21050534000;20560077777;21060077777
4140;21050538000;20560077777;21060077777
4141;21050539000;20560077777;21060077777
4142;21050539000;20560077777;21060077777
4143;21050540000;20560077777;21060077777
4144;21050541000;20560077777;21060077777
4145;21050542000;20560077777;21060077777
4146;21050743000;20560244444;21060244444
4147;21050750000;20560577777;21060577777
4148;21050751000;20560577777;21060577777
4149;21050752000;20560577777;21060577777
4150;21092196000;20601744444;21101744444
4151;21092199000;20601744444;21101744444
4152;21092200000;20601744444;21101744444
4153;21092201000;20601744444;21101744444
4154;21092202000;20601744444;21101744444
4155;21092203000;20601744444;21101744444
4156;21092204000;20601744444;21101744444
4157;21092405000;20601800000;21101800000
4158;21092420000;20602066666;21102066666
4159;21092421000;20602066666;21102066666
4160;21092422000;20602066666;21102066666
4161;21142115000;20643411111;21143411111
4162;21142125000;20643411111;21143411111
4163;21142128000;20643411111;21143411111
4164;21142129000;20643411111;21143411111
4165;21142130000;20643411111;21143411111
4166;21142132000;20643411111;21143411111
4167;21142133000;20643411111;21143411111
4168;21142361000;20643466666;21143466666
4169;21142377000;20643766666;21143766666
4170;21142379000;20643766666;21143766666
4171;21142380000;20643766666;21143766666
4172;21175531000;20685122222;21185122222
4173;21175535000;20685122222;21185122222
4292;24311270000;21102066666;21602066666
5005;24625020000;23810444444;24310444444
5008;24850867000;23851755555;24351755555
5010;24850871000;23851755555;24351755555
5011;24850872000;23851755555;24351755555
5012;24850874000;23851755555;24351755555
5013;24850875000;23851755555;24351755555
5014;24850877000;23851755555;24351755555
5015;24915679000;23851766666;24351766666
5027;24915695000;23893711111;24393711111
5028;24915696000;23893711111;24393711111
5029;24915698000;23893711111;24393711111
5030;24915711000;23935100000;24435100000
5031;24915723000;23935100000;24435100000
5032;24915725000;23935100000;24435100000
5033;24915726000;23935100000;24435100000
5034;24915727000;23935100000;24435100000
5035;24915729000;23935100000;24435100000
5036;24915730000;23935100000;24435100000
5037;24915833000;23935111111;24435111111
5038;24915849000;23935444444;24435444444
5039;24915850000;23935444444;24435444444
5040;24915852000;23935444444;24435444444
5041;24915863000;23976744444;24476744444
5042;24915864000;23976744444;24476744444
5043;24915876000;23976744444;24476744444
5044;24915877000;23976744444;24476744444
5045;24915878000;23976744444;24476744444
5046;24915880000;23976744444;24476744444
5047;24915881000;23976744444;24476744444
5048;25346358000;23976755555;24476755555
5156;25346376000;24393411111;24893411111
5157;25346377000;24393411111;24893411111
5158;25346569000;24393466666;24893466666
5159;25346586000;24393777777;24893777777
5160;25346602000;24393777777;24893777777
5161;25346604000;24393777777;24893777777
5162;25346618000;24435077777;24935077777
5163;25346629000;24435077777;24935077777
5164;25346631000;24435077777;24935077777
5165;25346632000;24435077777;24935077777
5166;25346633000;24435077777;24935077777
5167;25346634000;24435077777;24935077777
5168;25346636000;24435077777;24935077777
5169;25346750000;24435133333;24935133333
5170;25346767000;24435444444;24935444444
5171;25346768000;24435444444;24935444444
5172;25346769000;24435444444;24935444444
5173;25346780000;24476744444;24976744444
5174;25346792000;24476744444;24976744444
5175;25346793000;24476744444;24976744444
5176;25346794000;24476744444;24976744444
5177;25346796000;24476744444;24976744444
5178;25346797000;24476744444;24976744444
5179;25346798000;24476744444;24976744444
5180;25346919000;24476800000;24976800000
5181;25346926000;24477100000;24977100000
5182;25346927000;24477100000;24977100000
5183;25346929000;24477100000;24977100000
5184;25346940000;24518411111;25018411111
5185;25346942000;24518411111;25018411111
5186;25346954000;24518411111;25018411111
5187;25346955000;24518411111;25018411111
5188;25346956000;24518411111;25018411111
5189;25346958000;24518411111;25018411111
5190;25346959000;24518411111;25018411111
5191;25347054000;24518466666;25018466666
5192;25347070000;24518811111;25018811111
5193;25347072000;24518811111;25018811111
5194;25347073000;24518811111;25018811111
5195;25347084000;24560077777;25060077777
5196;25347095000;24560077777;25060077777
5197;25347096000;24560077777;25060077777
5198;25347098000;24560077777;25060077777
5199;25347099000;24560077777;25060077777
5200;25347100000;24560077777;25060077777
5201;25347102000;24560077777;25060077777
5202;25347187000;24560133333;25060133333
5203;25347190000;24560433333;25060433333
5204;25347191000;24560433333;25060433333
5205;25347193000;24560433333;25060433333
5206;25347199000;24601788888;25101788888
5207;25347200000;24601788888;25101788888
5208;25347211000;24601788888;25101788888
5209;25347213000;24601788888;25101788888
5210;25347214000;24601788888;25101788888
5211;25347215000;24601788888;25101788888
5212;25347217000;24601788888;25101788888
5213;25347289000;24601844444;25101844444
5214;25347291000;24602144444;25102144444
5215;25347293000;24602144444;25102144444
5216;25347294000;24602144444;25102144444
5217;25347300000;24643411111;25143411111
5218;25347301000;24643411111;25143411111
5219;25347303000;24643411111;25143411111
5220;25347304000;24643411111;25143411111
5221;25347305000;24643411111;25143411111
5222;25347307000;24643411111;25143411111
5223;25347308000;24643411111;25143411111
5224;25347366000;24643466666;25143466666
5225;25347368000;24643766666;25143766666
5226;25347369000;24643766666;25143766666
5227;25347370000;24643766666;25143766666
5228;25347376000;24685077777;25185077777
5229;25347377000;24685077777;25185077777
5230;25347389000;24685077777;25185077777
5231;25347390000;24685077777;25185077777
5232;25347391000;24685077777;25185077777
5233;25347393000;24685077777;25185077777
5234;25347394000;24685077777;25185077777
5235;25347464000;24685133333;25185133333
5236;25347466000;24685455555;25185455555
5237;25347467000;24685455555;25185455555
5238;25347468000;24685455555;25185455555
5239;25347474000;24726744444;25226744444
5240;25347475000;24726744444;25226744444
5241;25347476000;24726744444;25226744444
5242;25347478000;24726744444;25226744444
5243;25347479000;24726744444;25226744444
5244;25347480000;24726744444;25226744444
5245;25347482000;24726744444;25226744444
5246;25347539000;24726800000;25226800000
5247;25347541000;24727100000;25227100000
5248;25347542000;24727100000;25227100000
5249;25347543000;24727100000;25227100000
5250;25347549000;24768411111;25268411111
5251;25347550000;24768411111;25268411111
5252;25347551000;24768411111;25268411111
5253;25347552000;24768411111;25268411111
5254;25347554000;24768411111;25268411111
5255;25347555000;24768411111;25268411111
5256;25347556000;24768411111;25268411111
5257;25347613000;24768466666;25268466666
5258;25347615000;24768766666;25268766666
5259;25347616000;24768766666;25268766666
5260;25347625000;24768766666;25268766666
5261;25347632000;24810077777;25310077777
5262;25347633000;24810077777;25310077777
5263;25347645000;24810077777;25310077777
5264;25347646000;24810077777;25310077777
5265;25347648000;24810077777;25310077777
5266;25347649000;24810077777;25310077777
5267;25347650000;24810077777;25310077777
5268;25347682000;24810144444;25310144444
5269;25347684000;24810455555;25310455555
5270;25347686000;24810455555;25310455555
5271;25347687000;24810455555;25310455555
5272;25347694000;24851744444;25351744444
5273;25347695000;24851744444;25351744444
5274;25347697000;24851744444;25351744444
5275;25347698000;24851744444;25351744444
5276;25347699000;24851744444;25351744444
5277;25347700000;24851744444;25351744444
5278;25347702000;24851744444;25351744444
5279;25347742000;24851800000;25351800000
5280;25347744000;24852100000;25352100000
5281;25347746000;24852100000;25352100000
5282;25347747000;24852100000;25352100000
5283;25383845000;24893411111;25393411111
5284;25383849000;24893411111;25393411111
5285;25383851000;24893411111;25393411111
5286;25383852000;24893411111;25393411111
5287;25383853000;24893411111;25393411111
5288;25383855000;24893411111;25393411111
5289;25383856000;24893411111;25393411111
5290;25384057000;24893477777;25393477777
5291;25384063000;24893788888;25393788888
5292;25384065000;24893788888;25393788888
5293;25384066000;24893788888;25393788888
5294;25425509000;24935077777;25435077777
5295;25425513000;24935077777;25435077777
5296;25425514000;24935077777;25435077777
5297;25425516000;24935077777;25435077777
5298;25425517000;24935077777;25435077777
5299;25425518000;24935077777;25435077777
5300;25425520000;24935077777;25435077777
5301;25425691000;24935144444;25435144444
5302;25425694000;24935455555;25435455555
5303;25425696000;24935455555;25435455555
5304;25425697000;24935455555;25435455555
5305;25467223000;24976766666;25476766666
5306;25467227000;24976766666;25476766666
5307;25467228000;24976766666;25476766666
5308;25467230000;24976766666;25476766666
5309;25467231000;24976766666;25476766666
5310;25467233000;24976766666;25476766666
5311;25467234000;24976766666;25476766666
5312;25467435000;24976833333;25476833333
5313;25467441000;24977122222;25477122222
5314;25467442000;24977122222;25477122222
5315;25467444000;24977122222;25477122222
5316;25508814000;25018422222;25518422222
5317;25508817000;25018422222;25518422222
5318;25508819000;25018422222;25518422222
5319;25508820000;25018422222;25518422222
5320;25508821000;25018422222;25518422222
5321;25508823000;25018422222;25518422222
5322;25508824000;25018422222;25518422222
5323;25509024000;25018477777;25518477777
5324;25509031000;25018800000;25518800000
5325;25509032000;25018800000;25518800000
5326;25509033000;25018800000;25518800000
5327;25550491000;25060077777;25560077777
5328;25550495000;25060077777;25560077777
5329;25550496000;25060077777;25560077777
5330;25550498000;25060077777;25560077777
5331;25550499000;25060077777;25560077777
5332;25550500000;25060077777;25560077777
5333;25550501000;25060077777;25560077777
5334;25550701000;25060144444;25560144444
5335;25550708000;25060455555;25560455555
5336;25550709000;25060455555;25560455555
5337;25550711000;25060455555;25560455555
5338;25592203000;25101766666;25601766666
5339;25592207000;25101766666;25601766666
5340;25592208000;25101766666;25601766666
5341;25592209000;25101766666;25601766666
5342;25592211000;25101766666;25601766666
5343;25592212000;25101766666;25601766666
5344;25592213000;25101766666;25601766666
5345;25592414000;25101833333;25601833333
5346;25592420000;25102133333;25602133333
5347;25592421000;25102133333;25602133333
5348;25592422000;25102133333;25602133333
5349;25633847000;25143411111;25643411111
5350;25633850000;25143411111;25643411111
5351;25633851000;25143411111;25643411111
5352;25633852000;25143411111;25643411111
5353;25633853000;25143411111;25643411111
5354;25633854000;25143411111;25643411111
5355;25633855000;25143411111;25643411111
5356;25634079000;25143477777;25643477777
5357;25634082000;25143777777;25643777777
5358;25634083000;25143777777;25643777777
5359;25634084000;25143777777;25643777777
5360;25675509000;25185111111;25685111111
5361;25675513000;25185111111;25685111111
5362;25675514000;25185111111;25685111111
5363;25675515000;25185111111;25685111111
5364;25675516000;25185111111;25685111111
5365;25675516000;25185111111;25685111111
5366;25675518000;25185111111;25685111111
5367;25675637000;25185177777;25685177777
5368;25675641000;25185488888;25685488888
5369;25675642000;25185488888;25685488888
5370;25675643000;25185488888;25685488888
5371;25717201000;25226755555;25726755555
5372;25717205000;25226755555;25726755555
5373;25717206000;25226755555;25726755555
5374;25717207000;25226755555;25726755555
5375;25717208000;25226755555;25726755555
5376;25717209000;25226755555;25726755555
5377;25717210000;25226755555;25726755555
5378;25717410000;25226822222;25726822222
5379;25717425000;25227122222;25727122222
5380;25717426000;25227122222;25727122222
5381;25717427000;25227122222;25727122222
5382;25758856000;25268411111;25768411111
5383;25758859000;25268411111;25768411111
5384;25758860000;25268411111;25768411111
5385;25758861000;25268411111;25768411111
5386;25758862000;25268411111;25768411111
5387;25758863000;25268411111;25768411111
5388;25758864000;25268411111;25768411111
5389;25759065000;25268477777;25768477777
5390;25759071000;25268777777;25768777777
5391;25759073000;25268777777;25768777777
5392;25759074000;25268777777;25768777777
5393;25800533000;25310088888;25810088888
5394;25800537000;25310088888;25810088888
5395;25800538000;25310088888;25810088888
5396;25800539000;25310088888;25810088888
5397;25800540000;25310088888;25810088888
5398;25800541000;25310088888;25810088888
5399;25800542000;25310088888;25810088888
5400;25800741000;25310155555;25810155555
5401;25800757000;25310455555;25810455555
5402;25800758000;25310455555;25810455555
5403;25800759000;25310455555;25810455555
5404;25842238000;25351777777;25851777777
5405;25842242000;25351777777;25851777777
5406;25842243000;25351777777;25851777777
5407;25842244000;25351777777;25851777777
5408;25842245000;25351777777;25851777777
5409;25842246000;25351777777;25851777777
5410;25842247000;25351777777;25851777777
5411;25842462000;25351844444;25851844444
5412;25842466000;25352144444;25852144444
5413;25842467000;25352144444;25852144444
5414;25842468000;25352144444;25852144444
5415;25883794000;25393422222;25893422222
5416;25883797000;25393422222;25893422222
5417;25883798000;25393422222;25893422222
5418;25883799000;25393422222;25893422222
5419;25883800000;25393422222;25893422222
5420;25883801000;25393422222;25893422222
5421;25883802000;25393422222;25893422222
5422;25884002000;25393488888;25893488888
5423;25884008000;25393800000;25893800000
5424;25884009000;25393800000;25893800000
5425;25884010000;25393800000;25893800000
5427;25927352000;25435088888;25935088888
5428;25927355000;25435088888;25935088888
5429;25927356000;25435088888;25935088888
5430;25927357000;25435088888;25935088888
5431;25927358000;25435088888;25935088888
5432;25927359000;25435088888;25935088888
5433;25927411000;25435155555;25935155555
5434;25927416000;25435488888;25935488888
5435;25927417000;25435488888;25935488888
5436;25927418000;25435488888;25935488888
5437;25967213000;25476755555;25976755555
5438;25967224000;25476755555;25976755555
5439;25967227000;25476755555;25976755555
5440;25967229000;25476755555;25976755555
5441;25967230000;25476755555;25976755555
5442;25967240000;25476755555;25976755555
5443;25967242000;25476755555;25976755555
5444;25967345000;25476822222;25976822222
5445;25967351000;25477122222;25977122222
5446;25967352000;25477122222;25977122222
5447;25967353000;25477122222;25977122222
5448;26008819000;25518422222;26018422222
5449;26008822000;25518422222;26018422222
5450;26008824000;25518422222;26018422222
5451;26008825000;25518422222;26018422222
5452;26008826000;25518422222;26018422222
5453;26008828000;25518422222;26018422222
5454;26008829000;25518422222;26018422222
5455;26008942000;25518488888;26018488888
5456;26008947000;25518844444;26018844444
5457;26008949000;25518844444;26018844444
5458;26008950000;25518844444;26018844444
5459;26050457000;25560088888;26060088888
5460;26050476000;25560088888;26060088888
5461;26050478000;25560088888;26060088888
5462;26050479000;25560088888;26060088888
5463;26050480000;25560088888;26060088888
5464;26050482000;25560088888;26060088888
5465;26050483000;25560088888;26060088888
5466;26050593000;25560311111;26060311111
5467;26050598000;25560633333;26060633333
5468;26050599000;25560633333;26060633333
5469;26050601000;25560633333;26060633333
5470;26092128000;25601777777;26101777777
5471;26092130000;25601777777;26101777777
5472;26092132000;25601777777;26101777777
5473;26092133000;25601777777;26101777777
5474;26092144000;25601777777;26101777777
5475;26092146000;25601777777;26101777777
5476;26092147000;25601777777;26101777777
5477;26092270000;25601844444;26101844444
5478;26092275000;25602133333;26102133333
5479;26092276000;25602133333;26102133333
5480;26092278000;25602133333;26102133333
5481;26133760000;25643411111;26143411111
5482;26133763000;25643411111;26143411111
5483;26133764000;25643411111;26143411111
5484;26133766000;25643411111;26143411111
5485;26133767000;25643411111;26143411111
5486;26133768000;25643411111;26143411111
5487;26133770000;25643411111;26143411111
5488;26133856000;25643488888;26143488888
5489;26133861000;25643788888;26143788888
5490;26133862000;25643788888;26143788888
5491;26133863000;25643788888;26143788888
5492;26175489000;25685122222;26185122222
5493;26175492000;25685122222;26185122222
5494;26175493000;25685122222;26185122222
5495;26175494000;25685122222;26185122222
5496;26175495000;25685122222;26185122222
5497;26175497000;25685122222;26185122222
5498;26175498000;25685122222;26185122222
