seqnum;now;rtptime;deadline;packet_len;payload_len
0;8180131000;7998466666;8498466666;1398;1386
1;8180151000;7998466666;8498466666;1400;1388
2;8180178000;7998466666;8498466666;1398;1386
3;8180184000;8029822222;8529822222;1400;1388
4;8180189000;8029822222;8529822222;1400;1388
5;8180192000;8029822222;8529822222;1398;1386
6;8180197000;8029822222;8529822222;1400;1388
7;8180200000;8029822222;8529822222;1398;1386
8;8180204000;8029822222;8529822222;1400;1388
9;8180207000;8029822222;8529822222;1400;1388
10;8180211000;8029833333;8529833333;982;970
11;8221708000;8030155555;8530155555;1398;1386
12;8221749000;8030155555;8530155555;1400;1388
14;8221756000;8071466666;8571466666;1400;1388
15;8221763000;8071466666;8571466666;1400;1388
16;8221772000;8071466666;8571466666;1398;1386
17;8221783000;8071466666;8571466666;1400;1388
18;8221791000;8071466666;8571466666;1398;1386
19;8221795000;8071466666;8571466666;1400;1388
20;8221799000;8071466666;8571466666;1400;1388
21;8221805000;8071477777;8571477777;982;970
22;8263368000;8071866666;8571866666;1398;1386
23;8263403000;8071866666;8571866666;1400;1388
24;8263409000;8071866666;8571866666;1398;1386
25;8263413000;8113133333;8613133333;1400;1388
26;8263418000;8113133333;8613133333;1400;1388
27;8263424000;8113133333;8613133333;1398;1386
28;8263429000;8113133333;8613133333;1400;1388
29;8263433000;8113133333;8613133333;1398;1386
30;8263437000;8113133333;8613133333;1400;1388
31;8263440000;8113133333;8613133333;1400;1388
32;8263445000;8113155555;8613155555;982;970
33;8305019000;8113477777;8613477777;1398;1386
34;8305035000;8113477777;8613477777;1400;1388
35;8305039000;8113477777;8613477777;1398;1386
36;8305066000;8154800000;8654800000;1400;1388
37;8305070000;8154800000;8654800000;1400;1388
38;8305076000;8154800000;8654800000;1398;1386
39;8305079000;8154800000;8654800000;1400;1388
40;8305086000;8154800000;8654800000;1398;1386
41;8305090000;8154800000;8654800000;1400;1388
42;8305094000;8154800000;8654800000;1400;1388
43;8305097000;8154811111;8654811111;982;970
44;8346679000;8155155555;8655155555;1398;1386
45;8346694000;8155155555;8655155555;1400;1388
46;8346698000;8155155555;8655155555;1398;1386
47;8346701000;8196466666;8696466666;1400;1388
48;8346704000;8196466666;8696466666;1400;1388
49;8346708000;8196466666;8696466666;1398;1386
50;8346720000;8196466666;8696466666;1400;1388
51;8346725000;8196466666;8696466666;1398;1386
52;8346728000;8196466666;8696466666;1400;1388
53;8346731000;8196466666;8696466666;1400;1388
54;8346734000;8196477777;8696477777;982;970
55;8388355000;8196788888;8696788888;1398;1386
56;8388371000;8196788888;8696788888;1400;1388
57;8388375000;8196788888;8696788888;1398;1386
58;8388379000;8238133333;8738133333;1400;1388
59;8388382000;8238133333;8738133333;1400;1388
60;8388393000;8238133333;8738133333;1398;1386
61;8388396000;8238133333;8738133333;1400;1388
62;8388400000;8238133333;8738133333;1398;1386
63;8388403000;8238133333;8738133333;1400;1388
64;8388406000;8238133333;8738133333;1400;1388
65;8388409000;8238155555;8738155555;982;970
66;8429988000;8238444444;8738444444;1398;1386
67;8430007000;8238444444;8738444444;1400;1388
68;8430011000;8238444444;8738444444;1398;1386
69;8430014000;8279766666;8779766666;1400;1388
70;8430018000;8279766666;8779766666;1400;1388
71;8430029000;8279766666;8779766666;1398;1386
72;8430033000;8279766666;8779766666;1400;1388
73;8430036000;8279766666;8779766666;1398;1386
74;8430039000;8279766666;8779766666;1400;1388
75;8430058000;8279766666;8779766666;1400;1388
76;8430062000;8279788888;8779788888;982;970
77;8471691000;8280100000;8780100000;1398;1386
78;8471705000;8280100000;8780100000;1400;1388
79;8471708000;8280100000;8780100000;1398;1386
80;8471712000;8321466666;8821466666;1400;1388
81;8471715000;8321466666;8821466666;1400;1388
82;8471726000;8321466666;8821466666;1398;1386
83;8471729000;8321466666;8821466666;1400;1388
84;8471732000;8321466666;8821466666;1398;1386
85;8471736000;8321466666;8821466666;1400;1388
87;8471738000;8321477777;8821477777;982;970
88;8513340000;8321788888;8821788888;1398;1386
89;8513349000;8321788888;8821788888;1400;1388
90;8513352000;8321788888;8821788888;1398;1386
91;8513398000;8363133333;8863133333;1400;1388
92;8513402000;8363133333;8863133333;1400;1388
93;8513406000;8363133333;8863133333;1398;1386
94;8513409000;8363133333;8863133333;1400;1388
95;8513412000;8363133333;8863133333;1398;1386
96;8513415000;8363133333;8863133333;1400;1388
97;8513418000;8363133333;8863133333;1400;1388
98;8513421000;8363155555;8863155555;982;970
99;8554972000;8363466666;8863466666;1398;1386
100;8554981000;8363466666;8863466666;1400;1388
101;8554985000;8363466666;8863466666;1398;1386
102;8555014000;8404800000;8904800000;1400;1388
104;8555019000;8404800000;8904800000;1398;1386
105;8555024000;8404800000;8904800000;1400;1388
106;8555038000;8404800000;8904800000;1398;1386
107;8555061000;8404800000;8904800000;1400;1388
108;8555066000;8404800000;8904800000;1400;1388
109;8555069000;8404811111;8904811111;982;970
110;8596695000;8405077777;8905077777;1398;1386
111;8596708000;8405077777;8905077777;1400;1388
112;8596711000;8405077777;8905077777;1398;1386
113;8596720000;8446466666;8946466666;1400;1388
114;8596724000;8446466666;8946466666;1400;1388
115;8596727000;8446466666;8946466666;1398;1386
116;8596730000;8446466666;8946466666;1400;1388
117;8596733000;8446466666;8946466666;1398;1386
118;8596736000;8446466666;8946466666;1400;1388
119;8596739000;8446466666;8946466666;1400;1388
120;8596742000;8446477777;8946477777;982;970
121;8638327000;8446777777;8946777777;1398;1386
122;8638339000;8446777777;8946777777;1400;1388
123;8638344000;8446777777;8946777777;1398;1386
124;8638347000;8488133333;8988133333;1400;1388
125;8638350000;8488133333;8988133333;1400;1388
126;8638353000;8488133333;8988133333;1398;1386
127;8638356000;8488133333;8988133333;1400;1388
128;8638398000;8488133333;8988133333;1398;1386
129;8638402000;8488133333;8988133333;1400;1388
130;8638405000;8488133333;8988133333;1400;1388
131;8638408000;8488155555;8988155555;982;970
132;8679945000;8488433333;8988433333;1398;1386
133;8679953000;8488433333;8988433333;1400;1388
134;8679957000;8488433333;8988433333;1398;1386
135;8679960000;8529777777;9029777777;1400;1388
136;8679963000;8529777777;9029777777;1400;1388
137;8679967000;8529777777;9029777777;1398;1386
138;8679970000;8529777777;9029777777;1400;1388
139;8680041000;8529777777;9029777777;1398;1386
140;8680074000;8529777777;9029777777;1400;1388
141;8680078000;8529777777;9029777777;1400;1388
142;8680081000;8529788888;9029788888;982;970
143;8721666000;8530044444;9030044444;1398;1386
144;8721674000;8530044444;9030044444;1400;1388
145;8721678000;8530044444;9030044444;1398;1386
146;8721681000;8571466666;9071466666;1400;1388
147;8721684000;8571466666;9071466666;1400;1388
148;8721687000;8571466666;9071466666;1398;1386
149;8721690000;8571466666;9071466666;1400;1388
151;8721693000;8571466666;9071466666;1400;1388
152;8721698000;8571466666;9071466666;1400;1388
153;8721963000;8571477777;9071477777;982;970
154;8763331000;8571788888;9071788888;1398;1386
155;8763339000;8571788888;9071788888;1400;1388
156;8763342000;8571788888;9071788888;1398;1386
157;8763346000;8613111111;9113111111;1400;1388
158;8763349000;8613111111;9113111111;1400;1388
159;8763352000;8613111111;9113111111;1398;1386
160;8763355000;8613111111;9113111111;1400;1388
161;8763358000;8613111111;9113111111;1398;1386
162;8763375000;8613111111;9113111111;1400;1388
163;8763380000;8613111111;9113111111;1400;1388
164;8763383000;8613122222;9113122222;982;970
165;8805186000;8613433333;9113433333;1398;1386
166;8805193000;8613433333;9113433333;1400;1388
169;8805197000;8654811111;9154811111;1400;1388
170;8805202000;8654811111;9154811111;1398;1386
171;8805214000;8654811111;9154811111;1400;1388
172;8805218000;8654811111;9154811111;1398;1386
173;8805221000;8654811111;9154811111;1400;1388
174;8805224000;8654811111;9154811111;1400;1388
175;8805227000;8654822222;9154822222;982;970
176;8846699000;8655200000;9155200000;1398;1386
177;8846707000;8655200000;9155200000;1400;1388
178;8846719000;8655200000;9155200000;1398;1386
179;8846722000;8696455555;9196455555;1400;1388
180;8846725000;8696455555;9196455555;1400;1388
181;8846728000;8696455555;9196455555;1398;1386
182;8846731000;8696455555;9196455555;1400;1388
183;8846744000;8696455555;9196455555;1398;1386
184;8846747000;8696455555;9196455555;1400;1388
185;8846911000;8696455555;9196455555;1400;1388
186;8846915000;8696466666;9196466666;982;970
187;8888522000;8696755555;9196755555;1398;1386
188;8888529000;8696755555;9196755555;1400;1388
189;8888532000;8696755555;9196755555;1398;1386
190;8888535000;8738133333;9238133333;1400;1388
191;8888539000;8738133333;9238133333;1400;1388
192;8888542000;8738133333;9238133333;1398;1386
193;8888545000;8738133333;9238133333;1400;1388
195;8888547000;8738133333;9238133333;1400;1388
196;8888552000;8738133333;9238133333;1400;1388
197;8888565000;8738155555;9238155555;982;970
198;8930002000;8738422222;9238422222;1398;1386
199;8930010000;8738422222;9238422222;1400;1388
200;8930013000;8738422222;9238422222;1398;1386
201;8930016000;8779800000;9279800000;1400;1388
202;8930019000;8779800000;9279800000;1400;1388
203;8930022000;8779800000;9279800000;1398;1386
204;8930025000;8779800000;9279800000;1400;1388
205;8930028000;8779800000;9279800000;1398;1386
206;8930031000;8779800000;9279800000;1400;1388
207;8930224000;8779800000;9279800000;1400;1388
210;8971850000;8780077777;9280077777;1400;1388
211;8971871000;8780077777;9280077777;1398;1386
212;8971875000;8821466666;9321466666;1400;1388
213;8971879000;8821466666;9321466666;1400;1388
214;8971882000;8821466666;9321466666;1398;1386
215;8971885000;8821466666;9321466666;1400;1388
216;8971888000;8821466666;9321466666;1398;1386
217;8971900000;8821466666;9321466666;1400;1388
218;8971903000;8821466666;9321466666;1400;1388
219;8971906000;8821477777;9321477777;982;970
220;9013340000;8821788888;9321788888;1398;1386
221;9013348000;8821788888;9321788888;1400;1388
222;9013352000;8821788888;9321788888;1398;1386
223;9013355000;8863133333;9363133333;1400;1388
224;9013358000;8863133333;9363133333;1400;1388
225;9013361000;8863133333;9363133333;1398;1386
226;9013363000;8863133333;9363133333;1400;1388
227;9013366000;8863133333;9363133333;1398;1386
228;9013370000;8863133333;9363133333;1400;1388
229;9013592000;8863133333;9363133333;1400;1388
230;9013600000;8863155555;9363155555;982;970
231;9055178000;8863444444;9363444444;1398;1386
232;9055186000;8863444444;9363444444;1400;1388
233;9055190000;8863444444;9363444444;1398;1386
234;9055193000;8904788888;9404788888;1400;1388
235;9055196000;8904788888;9404788888;1400;1388
236;9055199000;8904788888;9404788888;1398;1386
237;9055202000;8904788888;9404788888;1400;1388
238;9055205000;8904788888;9404788888;1398;1386
239;9055208000;8904788888;9404788888;1400;1388
240;9055211000;8904788888;9404788888;1400;1388
241;9055214000;8904800000;9404800000;982;970
242;9096683000;8905100000;9405100000;1398;1386
243;9096691000;8905100000;9405100000;1400;1388
244;9096694000;8905100000;9405100000;1398;1386
245;9096698000;8946455555;9446455555;1400;1388
246;9096701000;8946455555;9446455555;1400;1388
247;9096704000;8946455555;9446455555;1398;1386
248;9096707000;8946455555;9446455555;1400;1388
249;9096710000;8946455555;9446455555;1398;1386
250;9096904000;8946455555;9446455555;1400;1388
252;9096908000;8946466666;9446466666;982;970
253;9138541000;8946788888;9446788888;1398;1386
254;9138549000;8946788888;9446788888;1400;1388
255;9138552000;8946788888;9446788888;1398;1386
256;9138556000;8988122222;9488122222;1400;1388
257;9138559000;8988122222;9488122222;1400;1388
258;9138562000;8988122222;9488122222;1398;1386
259;9138565000;8988122222;9488122222;1400;1388
260;9138568000;8988122222;9488122222;1398;1386
261;9138570000;8988122222;9488122222;1400;1388
262;9138573000;8988122222;9488122222;1400;1388
263;9138577000;8988133333;9488133333;982;970
264;9180010000;8988422222;9488422222;1398;1386
265;9180019000;8988422222;9488422222;1400;1388
266;9180023000;8988422222;9488422222;1398;1386
267;9180026000;9029811111;9529811111;1400;1388
268;9180029000;9029811111;9529811111;1400;1388
269;9180032000;9029811111;9529811111;1398;1386
270;9180035000;9029811111;9529811111;1400;1388
271;9180038000;9029811111;9529811111;1398;1386
272;9180041000;9029811111;9529811111;1400;1388
273;9180254000;9029811111;9529811111;1400;1388
274;9180272000;9029822222;9529822222;982;970
275;9221831000;9030100000;9530100000;1398;1386
276;9221840000;9030100000;9530100000;1400;1388
277;9221843000;9030100000;9530100000;1398;1386
278;9221846000;9071466666;9571466666;1400;1388
279;9221849000;9071466666;9571466666;1400;1388
280;9221852000;9071466666;9571466666;1398;1386
281;9221855000;9071466666;9571466666;1400;1388
282;9221858000;9071466666;9571466666;1398;1386
283;9221861000;9071466666;9571466666;1400;1388
284;9221864000;9071466666;9571466666;1400;1388
285;9221867000;9071477777;9571477777;982;970
286;9263350000;9071777777;9571777777;1398;1386
287;9263359000;9071777777;9571777777;1400;1388
288;9263363000;9071777777;9571777777;1398;1386
289;9263366000;9113133333;9613133333;1400;1388
290;9263369000;9113133333;9613133333;1400;1388
291;9263372000;9113133333;9613133333;1398;1386
292;9263375000;9113133333;9613133333;1400;1388
293;9263378000;9113133333;9613133333;1398;1386
294;9263381000;9113133333;9613133333;1400;1388
295;9263384000;9113133333;9613133333;1400;1388
296;9263571000;9113155555;9613155555;982;970
297;9305136000;9113411111;9613411111;1398;1386
298;9305145000;9113411111;9613411111;1400;1388
299;9305148000;9113411111;9613411111;1398;1386
300;9305151000;9154788888;9654788888;1400;1388
301;9305155000;9154788888;9654788888;1400;1388
302;9305158000;9154788888;9654788888;1398;1386
303;9305161000;9154788888;9654788888;1400;1388
304;9305164000;9154788888;9654788888;1398;1386
305;9305167000;9154788888;9654788888;1400;1388
306;9305170000;9154788888;9654788888;1400;1388
307;9305173000;9154800000;9654800000;982;970
308;9346666000;9155088888;9655088888;1398;1386
309;9346673000;9155088888;9655088888;1400;1388
310;9346686000;9155088888;9655088888;1398;1386
311;9346689000;9196455555;9696455555;1400;1388
312;9346692000;9196455555;9696455555;1400;1388
313;9346695000;9196455555;9696455555;1398;1386
314;9346698000;9196455555;9696455555;1400;1388
315;9346701000;9196455555;9696455555;1398;1386
316;9346704000;9196455555;9696455555;1400;1388
317;9346879000;9196455555;9696455555;1400;1388
318;9346883000;9196466666;9696466666;982;970
319;9388477000;9196777777;9696777777;1398;1386
320;9388483000;9196777777;9696777777;1400;1388
321;9388487000;9196777777;9696777777;1398;1386
322;9388490000;9238122222;9738122222;1400;1388
323;9388493000;9238122222;9738122222;1400;1388
324;9388496000;9238122222;9738122222;1398;1386
325;9388499000;9238122222;9738122222;1400;1388
326;9388502000;9238122222;9738122222;1398;1386
327;9388504000;9238122222;9738122222;1400;1388
328;9388507000;9238122222;9738122222;1400;1388
329;9388510000;9238133333;9738133333;982;970
330;9430021000;9238422222;9738422222;1398;1386
331;9430028000;9238422222;9738422222;1400;1388
332;9430032000;9238422222;9738422222;1398;1386
333;9430035000;9279788888;9779788888;1400;1388
334;9430038000;9279788888;9779788888;1400;1388
335;9430041000;9279788888;9779788888;1398;1386
336;9430053000;9279788888;9779788888;1400;1388
339;9430056000;9279788888;9779788888;1400;1388
340;9430061000;9279800000;9779800000;982;970
341;9471848000;9280077777;9780077777;1398;1386
342;9471856000;9280077777;9780077777;1400;1388
343;9471860000;9280077777;9780077777;1398;1386
344;9471863000;9321455555;9821455555;1400;1388
345;9471867000;9321455555;9821455555;1400;1388
346;9471870000;9321455555;9821455555;1398;1386
347;9471873000;9321455555;9821455555;1400;1388
348;9471876000;9321455555;9821455555;1398;1386
349;9471879000;9321455555;9821455555;1400;1388
350;9471882000;9321455555;9821455555;1400;1388
351;9471885000;9321466666;9821466666;982;970
352;9513495000;9321777777;9821777777;1398;1386
353;9513503000;9321777777;9821777777;1400;1388
354;9513507000;9321777777;9821777777;1398;1386
355;9513510000;9363122222;9863122222;1400;1388
356;9513514000;9363122222;9863122222;1400;1388
357;9513517000;9363122222;9863122222;1398;1386
358;9513520000;9363122222;9863122222;1400;1388
359;9513523000;9363122222;9863122222;1398;1386
360;9513526000;9363122222;9863122222;1400;1388
361;9513529000;9363122222;9863122222;1400;1388
362;9513532000;9363133333;9863133333;982;970
363;9555175000;9363422222;9863422222;1398;1386
364;9555189000;9363422222;9863422222;1400;1388
365;9555193000;9363422222;9863422222;1398;1386
366;9555196000;9404800000;9904800000;1400;1388
367;9555199000;9404800000;9904800000;1400;1388
368;9555202000;9404800000;9904800000;1398;1386
369;9555205000;9404800000;9904800000;1400;1388
370;9555208000;9404800000;9904800000;1398;1386
371;9555211000;9404800000;9904800000;1400;1388
372;9555214000;9404800000;9904800000;1400;1388
373;9555217000;9404811111;9904811111;982;970
374;9596808000;9405077777;9905077777;1398;1386
376;9596814000;9405077777;9905077777;1398;1386
377;9596819000;9446466666;9946466666;1400;1388
378;9596833000;9446466666;9946466666;1400;1388
379;9596836000;9446466666;9946466666;1398;1386
380;9596848000;9446466666;9946466666;1400;1388
381;9596851000;9446466666;9946466666;1398;1386
382;9596854000;9446466666;9946466666;1400;1388
383;9596866000;9446466666;9946466666;1400;1388
384;9596869000;9446477777;9946477777;982;970
385;9638470000;9446755555;9946755555;1398;1386
386;9638476000;9446755555;9946755555;1400;1388
387;9638480000;9446755555;9946755555;1398;1386
388;9638483000;9488133333;9988133333;1400;1388
389;9638486000;9488133333;9988133333;1400;1388
390;9638489000;9488133333;9988133333;1398;1386
391;9638491000;9488133333;9988133333;1400;1388
392;9638494000;9488133333;9988133333;1398;1386
393;9638497000;9488133333;9988133333;1400;1388
395;9638500000;9488155555;9988155555;982;970
396;9680154000;9488433333;9988433333;1398;1386
397;9680162000;9488433333;9988433333;1400;1388
398;9680166000;9488433333;9988433333;1398;1386
399;9680169000;9529800000;10029800000;1400;1388
400;9680172000;9529800000;10029800000;1400;1388
401;9680175000;9529800000;10029800000;1398;1386
402;9680178000;9529800000;10029800000;1400;1388
403;9680180000;9529800000;10029800000;1398;1386
404;9680184000;9529800000;10029800000;1400;1388
405;9680186000;9529800000;10029800000;1400;1388
406;9680189000;9529811111;10029811111;982;970
409;9721816000;9530066666;10030066666;1398;1386
410;9721836000;9571466666;10071466666;1400;1388
411;9721840000;9571466666;10071466666;1400;1388
412;9721848000;9571466666;10071466666;1398;1386
413;9721852000;9571466666;10071466666;1400;1388
414;9721854000;9571466666;10071466666;1398;1386
415;9721858000;9571466666;10071466666;1400;1388
416;9721870000;9571466666;10071466666;1400;1388
417;9721873000;9571477777;10071477777;982;970
418;9763552000;9571777777;10071777777;1398;1386
419;9763570000;9571777777;10071777777;1400;1388
420;9763574000;9571777777;10071777777;1398;1386
421;9763578000;9613122222;10113122222;1400;1388
422;9763581000;9613122222;10113122222;1400;1388
423;9763585000;9613122222;10113122222;1398;1386
424;9763588000;9613122222;10113122222;1400;1388
425;9763591000;9613122222;10113122222;1398;1386
426;9763594000;9613122222;10113122222;1400;1388
427;9763598000;9613122222;10113122222;1400;1388
428;9763601000;9613144444;10113144444;982;970
430;9805204000;9613444444;10113444444;1400;1388
431;9805238000;9613444444;10113444444;1398;1386
432;9805249000;9654788888;10154788888;1400;1388
433;9805253000;9654788888;10154788888;1400;1388
434;9805257000;9654788888;10154788888;1398;1386
436;9805270000;9654788888;10154788888;1398;1386
437;9805273000;9654788888;10154788888;1400;1388
438;9805277000;9654788888;10154788888;1400;1388
439;9805280000;9654800000;10154800000;982;970
440;9846890000;9655111111;10155111111;1398;1386
441;9846908000;9655111111;10155111111;1400;1388
442;9846913000;9655111111;10155111111;1398;1386
443;9846916000;9696455555;10196455555;1400;1388
445;9846920000;9696455555;10196455555;1398;1386
446;9846924000;9696455555;10196455555;1400;1388
447;9846927000;9696455555;10196455555;1398;1386
448;9846931000;9696455555;10196455555;1400;1388
449;9846934000;9696455555;10196455555;1400;1388
450;9846937000;9696466666;10196466666;982;970
451;9888554000;9696744444;10196744444;1398;1386
452;9888576000;9696744444;10196744444;1400;1388
453;9888580000;9696744444;10196744444;1398;1386
454;9888585000;9738133333;10238133333;1400;1388
455;9888588000;9738133333;10238133333;1400;1388
456;9888592000;9738133333;10238133333;1398;1386
457;9888618000;9738133333;10238133333;1400;1388
458;9888622000;9738133333;10238133333;1398;1386
459;9888625000;9738133333;10238133333;1400;1388
460;9888630000;9738133333;10238133333;1400;1388
461;9888633000;9738155555;10238155555;982;970
462;9930188000;9738411111;10238411111;1398;1386
463;9930206000;9738411111;10238411111;1400;1388
464;9930211000;9738411111;10238411111;1398;1386
465;9930214000;9779800000;10279800000;1400;1388
466;9930217000;9779800000;10279800000;1400;1388
467;9930221000;9779800000;10279800000;1398;1386
468;9930224000;9779800000;10279800000;1400;1388
469;9930227000;9779800000;10279800000;1398;1386
471;9930230000;9779800000;10279800000;1400;1388
472;9930237000;9779811111;10279811111;982;970
473;9971850000;9780066666;10280066666;1398;1386
474;9971869000;9780066666;10280066666;1400;1388
475;9971873000;9780066666;10280066666;1398;1386
476;9971876000;9821477777;10321477777;1400;1388
477;9971880000;9821477777;10321477777;1400;1388
478;9971884000;9821477777;10321477777;1398;1386
479;9971887000;9821477777;10321477777;1400;1388
480;9971890000;9821477777;10321477777;1398;1386
481;9971893000;9821477777;10321477777;1400;1388
482;9971896000;9821477777;10321477777;1400;1388
483;9971900000;9821488888;10321488888;982;970
484;10013477000;9821811111;10321811111;1398;1386
485;10013486000;9821811111;10321811111;1400;1388
486;10013490000;9821811111;10321811111;1398;1386
487;10013493000;9863133333;10363133333;1400;1388
488;10013496000;9863133333;10363133333;1400;1388
489;10013499000;9863133333;10363133333;1398;1386
490;10013502000;9863133333;10363133333;1400;1388
491;10013505000;9863133333;10363133333;1398;1386
492;10013508000;9863133333;10363133333;1400;1388
493;10013511000;9863133333;10363133333;1400;1388
495;10055126000;9863455555;10363455555;1398;1386
496;10055147000;9863455555;10363455555;1400;1388
497;10055151000;9863455555;10363455555;1398;1386
498;10055155000;9904788888;10404788888;1400;1388
499;10055158000;9904788888;10404788888;1400;1388
500;10055161000;9904788888;10404788888;1398;1386
501;10055165000;9904788888;10404788888;1400;1388
502;10055177000;9904788888;10404788888;1398;1386
503;10055180000;9904788888;10404788888;1400;1388
504;10055183000;9904788888;10404788888;1400;1388
505;10055185000;9904800000;10404800000;982;970
506;10096804000;9905100000;10405100000;1398;1386
507;10096811000;9905100000;10405100000;1400;1388
508;10096823000;9905100000;10405100000;1398;1386
510;10096826000;9946455555;10446455555;1400;1388
511;10096831000;9946455555;10446455555;1398;1386
512;10096845000;9946455555;10446455555;1400;1388
513;10096848000;9946455555;10446455555;1398;1386
514;10096861000;9946455555;10446455555;1400;1388
515;10096864000;9946455555;10446455555;1400;1388
516;10096876000;9946466666;10446466666;982;970
517;10138491000;9946777777;10446777777;1398;1386
518;10138497000;9946777777;10446777777;1400;1388
519;10138500000;9946777777;10446777777;1398;1386
520;10138504000;9988122222;10488122222;1400;1388
521;10138507000;9988122222;10488122222;1400;1388
522;10138510000;9988122222;10488122222;1398;1386
523;10138513000;9988122222;10488122222;1400;1388
524;10138516000;9988122222;10488122222;1398;1386
525;10138519000;9988122222;10488122222;1400;1388
526;10138522000;9988122222;10488122222;1400;1388
527;10138525000;9988133333;10488133333;982;970
528;10180174000;9988444444;10488444444;1398;1386
529;10180181000;9988444444;10488444444;1400;1388
530;10180184000;9988444444;10488444444;1398;1386
531;10180187000;10029800000;10529800000;1400;1388
532;10180191000;10029800000;10529800000;1400;1388
533;10180194000;10029800000;10529800000;1398;1386
534;10180197000;10029800000;10529800000;1400;1388
535;10180200000;10029800000;10529800000;1398;1386
536;10180203000;10029800000;10529800000;1400;1388
537;10180206000;10029800000;10529800000;1400;1388
538;10180208000;10029822222;10529822222;982;970
539;10221828000;10030100000;10530100000;1398;1386
540;10221836000;10030100000;10530100000;1400;1388
541;10221840000;10030100000;10530100000;1398;1386
542;10221843000;10071455555;10571455555;1400;1388
543;10221846000;10071455555;10571455555;1400;1388
544;10221858000;10071455555;10571455555;1398;1386
545;10221861000;10071455555;10571455555;1400;1388
546;10221864000;10071455555;10571455555;1398;1386
547;10221867000;10071455555;10571455555;1400;1388
548;10221870000;10071455555;10571455555;1400;1388
549;10221874000;10071466666;10571466666;982;970
550;10263531000;10071788888;10571788888;1398;1386
551;10263540000;10071788888;10571788888;1400;1388
552;10263543000;10071788888;10571788888;1398;1386
553;10263546000;10113133333;10613133333;1400;1388
554;10263550000;10113133333;10613133333;1400;1388
555;10263553000;10113133333;10613133333;1398;1386
556;10263555000;10113133333;10613133333;1400;1388
557;10263558000;10113133333;10613133333;1398;1386
558;10263561000;10113133333;10613133333;1400;1388
559;10263564000;10113133333;10613133333;1400;1388
560;10263567000;10113155555;10613155555;982;970
561;10305139000;10113422222;10613422222;1398;1386
562;10305147000;10113422222;10613422222;1400;1388
563;10305150000;10113422222;10613422222;1398;1386
564;10305154000;10154800000;10654800000;1400;1388
565;10305158000;10154800000;10654800000;1400;1388
566;10305161000;10154800000;10654800000;1398;1386
567;10305164000;10154800000;10654800000;1400;1388
568;10305167000;10154800000;10654800000;1398;1386
569;10305170000;10154800000;10654800000;1400;1388
570;10305173000;10154800000;10654800000;1400;1388
571;10305176000;10154811111;10654811111;982;970
572;10346818000;10155100000;10655100000;1398;1386
573;10346826000;10155100000;10655100000;1400;1388
574;10346839000;10155100000;10655100000;1398;1386
575;10346842000;10196466666;10696466666;1400;1388
576;10346845000;10196466666;10696466666;1400;1388
577;10346848000;10196466666;10696466666;1398;1386
578;10346851000;10196466666;10696466666;1400;1388
579;10346855000;10196466666;10696466666;1398;1386
580;10346858000;10196466666;10696466666;1400;1388
581;10346861000;10196466666;10696466666;1400;1388
582;10346864000;10196477777;10696477777;982;970
583;10388473000;10196788888;10696788888;1398;1386
584;10388480000;10196788888;10696788888;1400;1388
585;10388483000;10196788888;10696788888;1398;1386
586;10388486000;10238144444;10738144444;1400;1388
587;10388489000;10238144444;10738144444;1400;1388
588;10388492000;10238144444;10738144444;1398;1386
589;10388495000;10238144444;10738144444;1400;1388
590;10388498000;10238144444;10738144444;1398;1386
591;10388501000;10238144444;10738144444;1400;1388
592;10388504000;10238144444;10738144444;1400;1388
593;10388507000;10238155555;10738155555;982;970
594;10430141000;10238455555;10738455555;1398;1386
595;10430148000;10238455555;10738455555;1400;1388
596;10430161000;10238455555;10738455555;1398;1386
597;10430164000;10279788888;10779788888;1400;1388
598;10430167000;10279788888;10779788888;1400;1388
599;10430171000;10279788888;10779788888;1398;1386
600;10430174000;10279788888;10779788888;1400;1388
601;10430177000;10279788888;10779788888;1398;1386
602;10430180000;10279788888;10779788888;1400;1388
603;10430183000;10279788888;10779788888;1400;1388
604;10430186000;10279800000;10779800000;982;970
605;10471799000;10280088888;10780088888;1398;1386
606;10471812000;10280088888;10780088888;1400;1388
607;10471816000;10280088888;10780088888;1398;1386
608;10471820000;10321455555;10821455555;1400;1388
609;10471823000;10321455555;10821455555;1400;1388
610;10471826000;10321455555;10821455555;1398;1386
611;10471830000;10321455555;10821455555;1400;1388
612;10471833000;10321455555;10821455555;1398;1386
613;10471836000;10321455555;10821455555;1400;1388
614;10471839000;10321455555;10821455555;1400;1388
615;10471842000;10321466666;10821466666;982;970
616;10513523000;10321788888;10821788888;1398;1386
617;10513536000;10321788888;10821788888;1400;1388
618;10513540000;10321788888;10821788888;1398;1386
619;10513544000;10363122222;10863122222;1400;1388
620;10513547000;10363122222;10863122222;1400;1388
621;10513550000;10363122222;10863122222;1398;1386
622;10513553000;10363122222;10863122222;1400;1388
623;10513556000;10363122222;10863122222;1398;1386
624;10513559000;10363122222;10863122222;1400;1388
625;10513562000;10363122222;10863122222;1400;1388
626;10513583000;10363133333;10863133333;982;970
627;10555143000;10363444444;10863444444;1398;1386
628;10555151000;10363444444;10863444444;1400;1388
629;10555155000;10363444444;10863444444;1398;1386
630;10555158000;10404788888;10904788888;1400;1388
631;10555161000;10404788888;10904788888;1400;1388
632;10555165000;10404788888;10904788888;1398;1386
633;10555168000;10404788888;10904788888;1400;1388
634;10555171000;10404788888;10904788888;1398;1386
635;10555174000;10404788888;10904788888;1400;1388
636;10555177000;10404788888;10904788888;1400;1388
637;10555180000;10404800000;10904800000;982;970
638;10596791000;10405088888;10905088888;1398;1386
640;10596798000;10405088888;10905088888;1398;1386
641;10596805000;10446455555;10946455555;1400;1388
642;10596819000;10446455555;10946455555;1400;1388
643;10596822000;10446455555;10946455555;1398;1386
644;10596835000;10446455555;10946455555;1400;1388
645;10596838000;10446455555;10946455555;1398;1386
646;10596841000;10446455555;10946455555;1400;1388
647;10596854000;10446455555;10946455555;1400;1388
648;10596857000;10446466666;10946466666;982;970
649;10638517000;10446766666;10946766666;1398;1386
650;10638525000;10446766666;10946766666;1400;1388
651;10638529000;10446766666;10946766666;1398;1386
652;10638532000;10488122222;10988122222;1400;1388
653;10638536000;10488122222;10988122222;1400;1388
654;10638539000;10488122222;10988122222;1398;1386
655;10638541000;10488122222;10988122222;1400;1388
656;10638544000;10488122222;10988122222;1398;1386
657;10638547000;10488122222;10988122222;1400;1388
658;10638550000;10488122222;10988122222;1400;1388
659;10638553000;10488133333;10988133333;982;970
660;10680160000;10488444444;10988444444;1398;1386
661;10680168000;10488444444;10988444444;1400;1388
662;10680171000;10488444444;10988444444;1398;1386
663;10680175000;10529788888;11029788888;1400;1388
664;10680178000;10529788888;11029788888;1400;1388
665;10680181000;10529788888;11029788888;1398;1386
666;10680184000;10529788888;11029788888;1400;1388
667;10680187000;10529788888;11029788888;1398;1386
668;10680190000;10529788888;11029788888;1400;1388
669;10680193000;10529788888;11029788888;1400;1388
670;10680196000;10529800000;11029800000;982;970
671;10721812000;10530077777;11030077777;1398;1386
672;10721820000;10530077777;11030077777;1400;1388
673;10721824000;10530077777;11030077777;1398;1386
674;10721827000;10571455555;11071455555;1400;1388
675;10721830000;10571455555;11071455555;1400;1388
676;10721833000;10571455555;11071455555;1398;1386
677;10721836000;10571455555;11071455555;1400;1388
678;10721839000;10571455555;11071455555;1398;1386
679;10721842000;10571455555;11071455555;1400;1388
680;10721845000;10571455555;11071455555;1400;1388
681;10721847000;10571466666;11071466666;982;970
682;10763485000;10571788888;11071788888;1398;1386
683;10763493000;10571788888;11071788888;1400;1388
684;10763497000;10571788888;11071788888;1398;1386
685;10763500000;10613122222;11113122222;1400;1388
686;10763504000;10613122222;11113122222;1400;1388
687;10763507000;10613122222;11113122222;1398;1386
688;10763510000;10613122222;11113122222;1400;1388
689;10763513000;10613122222;11113122222;1398;1386
690;10763516000;10613122222;11113122222;1400;1388
691;10763519000;10613122222;11113122222;1400;1388
692;10763522000;10613133333;11113133333;982;970
693;10805164000;10613444444;11113444444;1398;1386
694;10805171000;10613444444;11113444444;1400;1388
695;10805175000;10613444444;11113444444;1398;1386
696;10805178000;10654788888;11154788888;1400;1388
697;10805181000;10654788888;11154788888;1400;1388
698;10805184000;10654788888;11154788888;1398;1386
699;10805187000;10654788888;11154788888;1400;1388
700;10805190000;10654788888;11154788888;1398;1386
701;10805193000;10654788888;11154788888;1400;1388
702;10805196000;10654788888;11154788888;1400;1388
703;10805199000;10654800000;11154800000;982;970
704;10846841000;10655122222;11155122222;1398;1386
705;10846848000;10655122222;11155122222;1400;1388
706;10846861000;10655122222;11155122222;1398;1386
707;10846864000;10696455555;11196455555;1400;1388
708;10846867000;10696455555;11196455555;1400;1388
709;10846870000;10696455555;11196455555;1398;1386
710;10846880000;10696455555;11196455555;1400;1388
711;10846883000;10696455555;11196455555;1398;1386
712;10846886000;10696455555;11196455555;1400;1388
713;10846889000;10696455555;11196455555;1400;1388
714;10846892000;10696466666;11196466666;982;970
715;10888502000;10696766666;11196766666;1398;1386
716;10888508000;10696766666;11196766666;1400;1388
717;10888512000;10696766666;11196766666;1398;1386
718;10888515000;10738133333;11238133333;1400;1388
719;10888518000;10738133333;11238133333;1400;1388
722;10888521000;10738133333;11238133333;1398;1386
723;10888527000;10738133333;11238133333;1400;1388
724;10888530000;10738133333;11238133333;1400;1388
725;10888533000;10738155555;11238155555;982;970
726;10930171000;10738422222;11238422222;1398;1386
727;10930178000;10738422222;11238422222;1400;1388
728;10930181000;10738422222;11238422222;1398;1386
729;10930184000;10779800000;11279800000;1400;1388
730;10930187000;10779800000;11279800000;1400;1388
731;10930190000;10779800000;11279800000;1398;1386
732;10930193000;10779800000;11279800000;1400;1388
733;10930195000;10779800000;11279800000;1398;1386
734;10930198000;10779800000;11279800000;1400;1388
735;10930201000;10779800000;11279800000;1400;1388
736;10930204000;10779811111;11279811111;982;970
737;10971836000;10780077777;11280077777;1398;1386
738;10971843000;10780077777;11280077777;1400;1388
739;10971846000;10780077777;11280077777;1398;1386
740;10971849000;10821466666;11321466666;1400;1388
741;10971852000;10821466666;11321466666;1400;1388
742;10971855000;10821466666;11321466666;1398;1386
743;10971858000;10821466666;11321466666;1400;1388
744;10971861000;10821466666;11321466666;1398;1386
745;10971864000;10821466666;11321466666;1400;1388
746;10971866000;10821466666;11321466666;1400;1388
747;10971869000;10821477777;11321477777;982;970
748;11013503000;10821800000;11321800000;1398;1386
749;11013510000;10821800000;11321800000;1400;1388
750;11013513000;10821800000;11321800000;1398;1386
751;11013516000;10863133333;11363133333;1400;1388
752;11013519000;10863133333;11363133333;1400;1388
753;11013522000;10863133333;11363133333;1398;1386
754;11013525000;10863133333;11363133333;1400;1388
755;11013528000;10863133333;11363133333;1398;1386
756;11013531000;10863133333;11363133333;1400;1388
761;11055175000;10863444444;11363444444;1398;1386
762;11055184000;10904800000;11404800000;1400;1388
763;11055187000;10904800000;11404800000;1400;1388
764;11055190000;10904800000;11404800000;1398;1386
765;11055193000;10904800000;11404800000;1400;1388
766;11055196000;10904800000;11404800000;1398;1386
767;11055199000;10904800000;11404800000;1400;1388
768;11055202000;10904800000;11404800000;1400;1388
769;11055205000;10904811111;11404811111;982;970
770;11096862000;10905100000;11405100000;1398;1386
771;11096870000;10905100000;11405100000;1400;1388
772;11096873000;10905100000;11405100000;1398;1386
773;11096876000;10946466666;11446466666;1400;1388
774;11096880000;10946466666;11446466666;1400;1388
775;11096882000;10946466666;11446466666;1398;1386
776;11096886000;10946466666;11446466666;1400;1388
777;11096889000;10946466666;11446466666;1398;1386
778;11096892000;10946466666;11446466666;1400;1388
779;11096895000;10946466666;11446466666;1400;1388
780;11096898000;10946477777;11446477777;982;970
781;11138516000;10946788888;11446788888;1398;1386
782;11138524000;10946788888;11446788888;1400;1388
785;11138528000;10988133333;11488133333;1400;1388
786;11138534000;10988133333;11488133333;1398;1386
787;11138547000;10988133333;11488133333;1400;1388
788;11138550000;10988133333;11488133333;1398;1386
789;11138561000;10988133333;11488133333;1400;1388
790;11138564000;10988133333;11488133333;1400;1388
791;11138567000;10988155555;11488155555;982;970
792;11180133000;10988455555;11488455555;1398;1386
793;11180141000;10988455555;11488455555;1400;1388
794;11180145000;10988455555;11488455555;1398;1386
795;11180148000;11029800000;11529800000;1400;1388
797;11180152000;11029800000;11529800000;1398;1386
798;11180155000;11029800000;11529800000;1400;1388
799;11180158000;11029800000;11529800000;1398;1386
800;11180161000;11029800000;11529800000;1400;1388
801;11180173000;11029800000;11529800000;1400;1388
802;11180176000;11029822222;11529822222;982;970
803;11221805000;11030088888;11530088888;1398;1386
805;11221812000;11030088888;11530088888;1398;1386
806;11221816000;11071466666;11571466666;1400;1388
807;11221819000;11071466666;11571466666;1400;1388
808;11221822000;11071466666;11571466666;1398;1386
809;11221825000;11071466666;11571466666;1400;1388
810;11221828000;11071466666;11571466666;1398;1386
811;11221831000;11071466666;11571466666;1400;1388
812;11221834000;11071466666;11571466666;1400;1388
813;11221837000;11071477777;11571477777;982;970
814;11263477000;11071800000;11571800000;1398;1386
815;11263485000;11071800000;11571800000;1400;1388
816;11263489000;11071800000;11571800000;1398;1386
817;11263492000;11113133333;11613133333;1400;1388
818;11263495000;11113133333;11613133333;1400;1388
819;11263498000;11113133333;11613133333;1398;1386
820;11263501000;11113133333;11613133333;1400;1388
821;11263504000;11113133333;11613133333;1398;1386
822;11263507000;11113133333;11613133333;1400;1388
823;11263510000;11113133333;11613133333;1400;1388
824;11263512000;11113155555;11613155555;982;970
825;11305154000;11113444444;11613444444;1398;1386
826;11305163000;11113444444;11613444444;1400;1388
827;11305166000;11113444444;11613444444;1398;1386
828;11305169000;11154788888;11654788888;1400;1388
829;11305172000;11154788888;11654788888;1400;1388
830;11305175000;11154788888;11654788888;1398;1386
831;11305179000;11154788888;11654788888;1400;1388
832;11305182000;11154788888;11654788888;1398;1386
833;11305185000;11154788888;11654788888;1400;1388
834;11305187000;11154788888;11654788888;1400;1388
835;11305190000;11154800000;11654800000;982;970
836;11346790000;11155111111;11655111111;1398;1386
837;11346798000;11155111111;11655111111;1400;1388
838;11346802000;11155111111;11655111111;1398;1386
839;11346805000;11196455555;11696455555;1400;1388
840;11346809000;11196455555;11696455555;1400;1388
841;11346812000;11196455555;11696455555;1398;1386
842;11346815000;11196455555;11696455555;1400;1388
843;11346818000;11196455555;11696455555;1398;1386
844;11346820000;11196455555;11696455555;1400;1388
845;11346824000;11196455555;11696455555;1400;1388
846;11346827000;11196466666;11696466666;982;970
847;11388462000;11196788888;11696788888;1398;1386
848;11388469000;11196788888;11696788888;1400;1388
849;11388473000;11196788888;11696788888;1398;1386
850;11388476000;11238122222;11738122222;1400;1388
851;11388479000;11238122222;11738122222;1400;1388
852;11388482000;11238122222;11738122222;1398;1386
853;11388485000;11238122222;11738122222;1400;1388
854;11388488000;11238122222;11738122222;1398;1386
855;11388491000;11238122222;11738122222;1400;1388
856;11388494000;11238122222;11738122222;1400;1388
857;11388497000;11238133333;11738133333;982;970
858;11430164000;11238455555;11738455555;1398;1386
859;11430170000;11238455555;11738455555;1400;1388
860;11430174000;11238455555;11738455555;1398;1386
861;11430177000;11279788888;11779788888;1400;1388
862;11430180000;11279788888;11779788888;1400;1388
863;11430183000;11279788888;11779788888;1398;1386
864;11430186000;11279788888;11779788888;1400;1388
865;11430189000;11279788888;11779788888;1398;1386
866;11430192000;11279788888;11779788888;1400;1388
867;11430195000;11279788888;11779788888;1400;1388
868;11430198000;11279800000;11779800000;982;970
869;11471828000;11280100000;11780100000;1398;1386
870;11471836000;11280100000;11780100000;1400;1388
871;11471840000;11280100000;11780100000;1398;1386
872;11471843000;11321455555;11821455555;1400;1388
873;11471846000;11321455555;11821455555;1400;1388
874;11471849000;11321455555;11821455555;1398;1386
875;11471853000;11321455555;11821455555;1400;1388
876;11471856000;11321455555;11821455555;1398;1386
877;11471859000;11321455555;11821455555;1400;1388
879;11471862000;11321466666;11821466666;982;970
880;11513496000;11321788888;11821788888;1398;1386
881;11513504000;11321788888;11821788888;1400;1388
882;11513507000;11321788888;11821788888;1398;1386
883;11513511000;11363122222;11863122222;1400;1388
884;11513514000;11363122222;11863122222;1400;1388
885;11513525000;11363122222;11863122222;1398;1386
886;11513528000;11363122222;11863122222;1400;1388
887;11513531000;11363122222;11863122222;1398;1386
888;11513534000;11363122222;11863122222;1400;1388
889;11513537000;11363122222;11863122222;1400;1388
890;11513540000;11363133333;11863133333;982;970
891;11555130000;11363444444;11863444444;1398;1386
892;11555136000;11363444444;11863444444;1400;1388
894;11555140000;11404788888;11904788888;1400;1388
896;11555145000;11404788888;11904788888;1398;1386
897;11555158000;11404788888;11904788888;1400;1388
898;11555161000;11404788888;11904788888;1398;1386
899;11555173000;11404788888;11904788888;1400;1388
900;11555177000;11404788888;11904788888;1400;1388
901;11555180000;11404800000;11904800000;982;970
902;11596821000;11405100000;11905100000;1398;1386
903;11596828000;11405100000;11905100000;1400;1388
904;11596840000;11405100000;11905100000;1398;1386
905;11596843000;11446477777;11946477777;1400;1388
906;11596846000;11446477777;11946477777;1400;1388
907;11596849000;11446477777;11946477777;1398;1386
908;11596852000;11446477777;11946477777;1400;1388
909;11596855000;11446477777;11946477777;1398;1386
910;11596858000;11446477777;11946477777;1400;1388
911;11596861000;11446477777;11946477777;1400;1388
912;11596864000;11446488888;11946488888;982;970
913;11638470000;11446800000;11946800000;1398;1386
914;11638476000;11446800000;11946800000;1400;1388
915;11638480000;11446800000;11946800000;1398;1386
916;11638483000;11488133333;11988133333;1400;1388
917;11638486000;11488133333;11988133333;1400;1388
918;11638488000;11488133333;11988133333;1398;1386
919;11638492000;11488133333;11988133333;1400;1388
920;11638495000;11488133333;11988133333;1398;1386
921;11638497000;11488133333;11988133333;1400;1388
922;11638500000;11488133333;11988133333;1400;1388
923;11638503000;11488155555;11988155555;982;970
924;11680184000;11488455555;11988455555;1398;1386
925;11680192000;11488455555;11988455555;1400;1388
926;11680195000;11488455555;11988455555;1398;1386
927;11680199000;11529788888;12029788888;1400;1388
928;11680202000;11529788888;12029788888;1400;1388
929;11680205000;11529788888;12029788888;1398;1386
930;11680208000;11529788888;12029788888;1400;1388
931;11680210000;11529788888;12029788888;1398;1386
932;11680213000;11529788888;12029788888;1400;1388
933;11680216000;11529788888;12029788888;1400;1388
934;11680219000;11529800000;12029800000;982;970
935;11721842000;11530077777;12030077777;1398;1386
936;11721851000;11530077777;12030077777;1400;1388
937;11721854000;11530077777;12030077777;1398;1386
938;11721858000;11571455555;12071455555;1400;1388
939;11721861000;11571455555;12071455555;1400;1388
940;11721864000;11571455555;12071455555;1398;1386
941;11721866000;11571455555;12071455555;1400;1388
942;11721869000;11571455555;12071455555;1398;1386
943;11721872000;11571455555;12071455555;1400;1388
944;11721875000;11571455555;12071455555;1400;1388
945;11721878000;11571466666;12071466666;982;970
946;11763507000;11571800000;12071800000;1398;1386
947;11763515000;11571800000;12071800000;1400;1388
948;11763518000;11571800000;12071800000;1398;1386
949;11763521000;11613122222;12113122222;1400;1388
950;11763524000;11613122222;12113122222;1400;1388
951;11763528000;11613122222;12113122222;1398;1386
952;11763531000;11613122222;12113122222;1400;1388
953;11763534000;11613122222;12113122222;1398;1386
954;11763537000;11613122222;12113122222;1400;1388
955;11763539000;11613122222;12113122222;1400;1388
956;11763542000;11613144444;12113144444;982;970
957;11805168000;11613466666;12113466666;1398;1386
958;11805176000;11613466666;12113466666;1400;1388
959;11805180000;11613466666;12113466666;1398;1386
960;11805183000;11654800000;12154800000;1400;1388
961;11805186000;11654800000;12154800000;1400;1388
962;11805189000;11654800000;12154800000;1398;1386
963;11805192000;11654800000;12154800000;1400;1388
964;11805195000;11654800000;12154800000;1398;1386
965;11805198000;11654800000;12154800000;1400;1388
966;11805201000;11654800000;12154800000;1400;1388
967;11805204000;11654811111;12154811111;982;970
968;11846875000;11655133333;12155133333;1398;1386
969;11846891000;11655133333;12155133333;1400;1388
970;11846895000;11655133333;12155133333;1398;1386
971;11846899000;11696477777;12196477777;1400;1388
972;11846902000;11696477777;12196477777;1400;1388
973;11846905000;11696477777;12196477777;1398;1386
974;11846908000;11696477777;12196477777;1400;1388
975;11846910000;11696477777;12196477777;1398;1386
976;11846913000;11696477777;12196477777;1400;1388
977;11846916000;11696477777;12196477777;1400;1388
978;11846919000;11696488888;12196488888;982;970
979;11888508000;11696788888;12196788888;1398;1386
980;11888516000;11696788888;12196788888;1400;1388
981;11888520000;11696788888;12196788888;1398;1386
982;11888523000;11738133333;12238133333;1400;1388
983;11888526000;11738133333;12238133333;1400;1388
984;11888529000;11738133333;12238133333;1398;1386
985;11888532000;11738133333;12238133333;1400;1388
986;11888535000;11738133333;12238133333;1398;1386
987;11888538000;11738133333;12238133333;1400;1388
988;11888541000;11738133333;12238133333;1400;1388
989;11888543000;11738155555;12238155555;982;970
990;11930184000;11738444444;12238444444;1398;1386
991;11930192000;11738444444;12238444444;1400;1388
992;11930196000;11738444444;12238444444;1398;1386
993;11930199000;11779800000;12279800000;1400;1388
994;11930202000;11779800000;12279800000;1400;1388
995;11930205000;11779800000;12279800000;1398;1386
996;11930208000;11779800000;12279800000;1400;1388
997;11930210000;11779800000;12279800000;1398;1386
999;11930213000;11779800000;12279800000;1400;1388
1000;11930218000;11779811111;12279811111;982;970
1003;11971856000;11780100000;12280100000;1398;1386
1004;11971865000;11821466666;12321466666;1400;1388
1005;11971869000;11821466666;12321466666;1400;1388
1006;11971872000;11821466666;12321466666;1398;1386
1007;11971875000;11821466666;12321466666;1400;1388
1008;11971879000;11821466666;12321466666;1398;1386
1009;11971881000;11821466666;12321466666;1400;1388
1010;11971884000;11821466666;12321466666;1400;1388
1011;11971887000;11821477777;12321477777;982;970
1012;12013523000;11821800000;12321800000;1398;1386
1013;12013542000;11821800000;12321800000;1400;1388
1014;12013545000;11821800000;12321800000;1398;1386
1015;12013549000;11863133333;12363133333;1400;1388
1016;12013552000;11863133333;12363133333;1400;1388
1017;12013555000;11863133333;12363133333;1398;1386
1018;12013558000;11863133333;12363133333;1400;1388
1019;12013561000;11863133333;12363133333;1398;1386
1020;12013564000;11863133333;12363133333;1400;1388
1021;12013567000;11863133333;12363133333;1400;1388
1022;12013570000;11863155555;12363155555;982;970
1023;12055142000;11863455555;12363455555;1398;1386
1024;12055151000;11863455555;12363455555;1400;1388
1025;12055154000;11863455555;12363455555;1398;1386
1026;12055157000;11904800000;12404800000;1400;1388
1027;12055160000;11904800000;12404800000;1400;1388
1028;12055163000;11904800000;12404800000;1398;1386
1029;12055166000;11904800000;12404800000;1400;1388
1030;12055169000;11904800000;12404800000;1398;1386
1031;12055172000;11904800000;12404800000;1400;1388
1032;12055175000;11904800000;12404800000;1400;1388
1033;12055178000;11904811111;12404811111;982;970
1034;12096832000;11905111111;12405111111;1398;1386
1035;12096840000;11905111111;12405111111;1400;1388
1036;12096843000;11905111111;12405111111;1398;1386
1037;12096846000;11946466666;12446466666;1400;1388
1038;12096850000;11946466666;12446466666;1400;1388
1039;12096853000;11946466666;12446466666;1398;1386
1040;12096856000;11946466666;12446466666;1400;1388
1041;12096859000;11946466666;12446466666;1398;1386
1042;12096862000;11946466666;12446466666;1400;1388
1043;12096865000;11946466666;12446466666;1400;1388
1044;12096868000;11946477777;12446477777;982;970
1045;12138501000;11946800000;12446800000;1398;1386
1046;12138508000;11946800000;12446800000;1400;1388
1047;12138511000;11946800000;12446800000;1398;1386
1048;12138514000;11988133333;12488133333;1400;1388
1049;12138517000;11988133333;12488133333;1400;1388
1050;12138520000;11988133333;12488133333;1398;1386
1051;12138523000;11988133333;12488133333;1400;1388
1052;12138526000;11988133333;12488133333;1398;1386
1053;12138528000;11988133333;12488133333;1400;1388
1054;12138540000;11988133333;12488133333;1400;1388
1055;12138543000;11988155555;12488155555;982;970
1056;12180161000;11988433333;12488433333;1398;1386
1057;12180167000;11988433333;12488433333;1400;1388
1058;12180171000;11988433333;12488433333;1398;1386
1059;12180174000;12029788888;12529788888;1400;1388
1060;12180177000;12029788888;12529788888;1400;1388
1061;12180180000;12029788888;12529788888;1398;1386
1062;12180183000;12029788888;12529788888;1400;1388
1063;12180186000;12029788888;12529788888;1398;1386
1064;12180189000;12029788888;12529788888;1400;1388
1065;12180192000;12029788888;12529788888;1400;1388
1066;12180195000;12029800000;12529800000;982;970
1067;12221832000;12030066666;12530066666;1398;1386
1068;12221838000;12030066666;12530066666;1400;1388
1069;12221842000;12030066666;12530066666;1398;1386
1070;12221845000;12071488888;12571488888;1400;1388
1071;12221848000;12071488888;12571488888;1400;1388
1072;12221851000;12071488888;12571488888;1398;1386
1073;12221854000;12071488888;12571488888;1400;1388
1074;12221857000;12071488888;12571488888;1398;1386
1075;12221860000;12071488888;12571488888;1400;1388
1076;12221863000;12071488888;12571488888;1400;1388
1077;12221866000;12071511111;12571511111;982;970
1078;12263504000;12071822222;12571822222;1398;1386
1079;12263511000;12071822222;12571822222;1400;1388
1080;12263514000;12071822222;12571822222;1398;1386
1081;12263517000;12113133333;12613133333;1400;1388
1082;12263520000;12113133333;12613133333;1400;1388
1083;12263523000;12113133333;12613133333;1398;1386
1084;12263526000;12113133333;12613133333;1400;1388
1085;12263529000;12113133333;12613133333;1398;1386
1086;12263532000;12113133333;12613133333;1400;1388
1087;12263534000;12113133333;12613133333;1400;1388
1088;12263537000;12113155555;12613155555;982;970
1089;12305154000;12113422222;12613422222;1398;1386
1090;12305160000;12113422222;12613422222;1400;1388
1091;12305173000;12113422222;12613422222;1398;1386
1092;12305176000;12154800000;12654800000;1400;1388
1093;12305180000;12154800000;12654800000;1400;1388
1094;12305183000;12154800000;12654800000;1398;1386
1095;12305186000;12154800000;12654800000;1400;1388
1096;12305189000;12154800000;12654800000;1398;1386
1097;12305192000;12154800000;12654800000;1400;1388
1098;12305195000;12154800000;12654800000;1400;1388
1099;12305197000;12154822222;12654822222;982;970
1100;12346802000;12155100000;12655100000;1398;1386
1101;12346808000;12155100000;12655100000;1400;1388
1102;12346812000;12155100000;12655100000;1398;1386
1103;12346815000;12196466666;12696466666;1400;1388
1104;12346818000;12196466666;12696466666;1400;1388
1105;12346821000;12196466666;12696466666;1398;1386
1106;12346824000;12196466666;12696466666;1400;1388
1107;12346827000;12196466666;12696466666;1398;1386
1108;12346830000;12196466666;12696466666;1400;1388
1109;12346833000;12196466666;12696466666;1400;1388
1110;12346837000;12196477777;12696477777;982;970
1111;12388472000;12196766666;12696766666;1398;1386
1112;12388479000;12196766666;12696766666;1400;1388
1113;12388482000;12196766666;12696766666;1398;1386
1114;12388485000;12238133333;12738133333;1400;1388
1115;12388488000;12238133333;12738133333;1400;1388
1116;12388491000;12238133333;12738133333;1398;1386
1117;12388494000;12238133333;12738133333;1400;1388
1118;12388497000;12238133333;12738133333;1398;1386
1119;12388501000;12238133333;12738133333;1400;1388
1120;12388503000;12238133333;12738133333;1400;1388
1121;12388506000;12238155555;12738155555;982;970
1122;12430140000;12238444444;12738444444;1398;1386
1123;12430156000;12238444444;12738444444;1400;1388
1124;12430159000;12238444444;12738444444;1398;1386
1125;12430162000;12279788888;12779788888;1400;1388
1126;12430166000;12279788888;12779788888;1400;1388
1127;12430169000;12279788888;12779788888;1398;1386
1128;12430172000;12279788888;12779788888;1400;1388
1129;12430175000;12279788888;12779788888;1398;1386
1130;12430178000;12279788888;12779788888;1400;1388
1131;12430181000;12279788888;12779788888;1400;1388
1132;12430183000;12279800000;12779800000;982;970
1133;12471790000;12280088888;12780088888;1398;1386
1134;12471803000;12280088888;12780088888;1400;1388
1135;12471806000;12280088888;12780088888;1398;1386
1137;12471809000;12321455555;12821455555;1400;1388
1138;12471815000;12321455555;12821455555;1398;1386
1139;12471818000;12321455555;12821455555;1400;1388
1140;12471821000;12321455555;12821455555;1398;1386
1141;12471824000;12321455555;12821455555;1400;1388
1142;12471827000;12321455555;12821455555;1400;1388
1143;12471830000;12321466666;12821466666;982;970
1144;12513461000;12321777777;12821777777;1398;1386
1145;12513468000;12321777777;12821777777;1400;1388
1149;12513471000;12363122222;12863122222;1398;1386
1150;12513475000;12363122222;12863122222;1400;1388
1151;12513478000;12363122222;12863122222;1398;1386
1152;12513481000;12363122222;12863122222;1400;1388
1153;12513484000;12363122222;12863122222;1400;1388
1154;12513487000;12363133333;12863133333;982;970
1155;12555137000;12363422222;12863422222;1398;1386
1156;12555144000;12363422222;12863422222;1400;1388
1157;12555156000;12363422222;12863422222;1398;1386
1158;12555159000;12404788888;12904788888;1400;1388
1159;12555162000;12404788888;12904788888;1400;1388
1160;12555165000;12404788888;12904788888;1398;1386
1161;12555168000;12404788888;12904788888;1400;1388
1162;12555171000;12404788888;12904788888;1398;1386
1163;12555174000;12404788888;12904788888;1400;1388
1164;12555177000;12404788888;12904788888;1400;1388
1165;12555180000;12404800000;12904800000;982;970
1166;12596819000;12405077777;12905077777;1398;1386
1167;12596827000;12405077777;12905077777;1400;1388
1168;12596831000;12405077777;12905077777;1398;1386
1169;12596834000;12446455555;12946455555;1400;1388
1170;12596837000;12446455555;12946455555;1400;1388
1171;12596840000;12446455555;12946455555;1398;1386
1172;12596843000;12446455555;12946455555;1400;1388
1173;12596846000;12446455555;12946455555;1398;1386
1174;12596849000;12446455555;12946455555;1400;1388
1175;12596852000;12446455555;12946455555;1400;1388
1176;12596854000;12446466666;12946466666;982;970
1177;12638486000;12446755555;12946755555;1398;1386
1178;12638494000;12446755555;12946755555;1400;1388
1179;12638497000;12446755555;12946755555;1398;1386
1180;12638500000;12488122222;12988122222;1400;1388
1181;12638504000;12488122222;12988122222;1400;1388
1182;12638507000;12488122222;12988122222;1398;1386
1183;12638510000;12488122222;12988122222;1400;1388
1184;12638513000;12488122222;12988122222;1398;1386
1185;12638516000;12488122222;12988122222;1400;1388
1186;12638519000;12488122222;12988122222;1400;1388
1187;12638521000;12488133333;12988133333;982;970
1188;12680150000;12488433333;12988433333;1398;1386
1189;12680158000;12488433333;12988433333;1400;1388
1190;12680162000;12488433333;12988433333;1398;1386
1191;12680165000;12529788888;13029788888;1400;1388
1192;12680168000;12529788888;13029788888;1400;1388
1193;12680171000;12529788888;13029788888;1398;1386
1194;12680174000;12529788888;13029788888;1400;1388
1195;12680177000;12529788888;13029788888;1398;1386
1196;12680180000;12529788888;13029788888;1400;1388
1197;12680183000;12529788888;13029788888;1400;1388
1198;12680186000;12529800000;13029800000;982;970
1199;12721811000;12530066666;13030066666;1398;1386
1200;12721819000;12530066666;13030066666;1400;1388
1201;12721823000;12530066666;13030066666;1398;1386
1202;12721826000;12571455555;13071455555;1400;1388
1203;12721829000;12571455555;13071455555;1400;1388
1204;12721832000;12571455555;13071455555;1398;1386
1205;12721835000;12571455555;13071455555;1400;1388
1206;12721838000;12571455555;13071455555;1398;1386
1208;12721840000;12571455555;13071455555;1400;1388
1209;12721845000;12571466666;13071466666;982;970
1210;12763490000;12571788888;13071788888;1398;1386
1211;12763498000;12571788888;13071788888;1400;1388
1212;12763502000;12571788888;13071788888;1398;1386
1213;12763505000;12613122222;13113122222;1400;1388
1214;12763508000;12613122222;13113122222;1400;1388
1215;12763511000;12613122222;13113122222;1398;1386
1216;12763514000;12613122222;13113122222;1400;1388
1217;12763517000;12613122222;13113122222;1398;1386
1218;12763520000;12613122222;13113122222;1400;1388
1219;12763523000;12613122222;13113122222;1400;1388
1220;12763537000;12613133333;13113133333;982;970
1221;12805165000;12613433333;13113433333;1398;1386
1222;12805173000;12613433333;13113433333;1400;1388
1223;12805177000;12613433333;13113433333;1398;1386
1224;12805180000;12654800000;13154800000;1400;1388
1225;12805183000;12654800000;13154800000;1400;1388
1226;12805186000;12654800000;13154800000;1398;1386
1227;12805189000;12654800000;13154800000;1400;1388
1230;12805192000;12654800000;13154800000;1400;1388
1231;12805197000;12654811111;13154811111;982;970
1232;12846850000;12655122222;13155122222;1398;1386
1233;12846859000;12655122222;13155122222;1400;1388
1234;12846862000;12655122222;13155122222;1398;1386
1235;12846866000;12696455555;13196455555;1400;1388
1236;12846869000;12696455555;13196455555;1400;1388
1237;12846872000;12696455555;13196455555;1398;1386
1238;12846875000;12696455555;13196455555;1400;1388
1239;12846878000;12696455555;13196455555;1398;1386
1240;12846881000;12696455555;13196455555;1400;1388
1241;12846884000;12696455555;13196455555;1400;1388
1242;12846887000;12696466666;13196466666;982;970
1243;12888512000;12696755555;13196755555;1398;1386
1244;12888521000;12696755555;13196755555;1400;1388
1245;12888524000;12696755555;13196755555;1398;1386
1246;12888527000;12738144444;13238144444;1400;1388
1247;12888531000;12738144444;13238144444;1400;1388
1248;12888534000;12738144444;13238144444;1398;1386
1249;12888537000;12738144444;13238144444;1400;1388
1250;12888540000;12738144444;13238144444;1398;1386
1251;12888543000;12738144444;13238144444;1400;1388
1252;12888546000;12738144444;13238144444;1400;1388
1254;12930153000;12738422222;13238422222;1398;1386
1255;12930173000;12738422222;13238422222;1400;1388
1256;12930177000;12738422222;13238422222;1398;1386
1257;12930189000;12779800000;13279800000;1400;1388
1258;12930192000;12779800000;13279800000;1400;1388
1259;12930195000;12779800000;13279800000;1398;1386
1260;12930208000;12779800000;13279800000;1400;1388
1261;12930211000;12779800000;13279800000;1398;1386
1262;12930214000;12779800000;13279800000;1400;1388
1263;12930216000;12779800000;13279800000;1400;1388
1264;12930219000;12779811111;13279811111;982;970
1265;12971836000;12780077777;13280077777;1398;1386
1266;12971843000;12780077777;13280077777;1400;1388
1268;12971846000;12821466666;13321466666;1400;1388
1269;12971851000;12821466666;13321466666;1400;1388
1270;12971864000;12821466666;13321466666;1398;1386
1271;12971868000;12821466666;13321466666;1400;1388
1272;12971879000;12821466666;13321466666;1398;1386
1273;12971882000;12821466666;13321466666;1400;1388
1274;12971885000;12821466666;13321466666;1400;1388
1275;12971897000;12821477777;13321477777;982;970
1276;13013507000;12821788888;13321788888;1398;1386
1277;13013514000;12821788888;13321788888;1400;1388
1278;13013517000;12821788888;13321788888;1398;1386
1279;13013520000;12863133333;13363133333;1400;1388
1280;13013523000;12863133333;13363133333;1400;1388
1281;13013526000;12863133333;13363133333;1398;1386
1282;13013529000;12863133333;13363133333;1400;1388
1283;13013531000;12863133333;13363133333;1398;1386
1284;13013534000;12863133333;13363133333;1400;1388
1285;13013537000;12863133333;13363133333;1400;1388
1286;13013540000;12863155555;13363155555;982;970
1287;13055195000;12863444444;13363444444;1398;1386
1288;13055203000;12863444444;13363444444;1400;1388
1289;13055207000;12863444444;13363444444;1398;1386
1290;13055210000;12904800000;13404800000;1400;1388
1291;13055213000;12904800000;13404800000;1400;1388
1292;13055216000;12904800000;13404800000;1398;1386
1293;13055219000;12904800000;13404800000;1400;1388
1294;13055222000;12904800000;13404800000;1398;1386
1295;13055225000;12904800000;13404800000;1400;1388
1296;13055227000;12904800000;13404800000;1400;1388
1297;13055230000;12904811111;13404811111;982;970
1298;13096851000;12905100000;13405100000;1398;1386
1300;13096859000;12905100000;13405100000;1398;1386
1301;13096865000;12946466666;13446466666;1400;1388
1302;13096878000;12946466666;13446466666;1400;1388
1303;13096882000;12946466666;13446466666;1398;1386
1304;13096891000;12946466666;13446466666;1400;1388
1305;13096911000;12946466666;13446466666;1398;1386
1306;13096914000;12946466666;13446466666;1400;1388
1307;13096917000;12946466666;13446466666;1400;1388
1308;13096920000;12946477777;13446477777;982;970
1309;13138494000;12946788888;13446788888;1398;1386
1310;13138502000;12946788888;13446788888;1400;1388
1311;13138506000;12946788888;13446788888;1398;1386
1312;13138509000;12988133333;13488133333;1400;1388
1313;13138512000;12988133333;13488133333;1400;1388
1314;13138515000;12988133333;13488133333;1398;1386
1318;13138518000;12988133333;13488133333;1400;1388
1319;13138523000;12988155555;13488155555;982;970
1320;13180142000;12988444444;13488444444;1398;1386
1321;13180149000;12988444444;13488444444;1400;1388
1322;13180152000;12988444444;13488444444;1398;1386
1323;13180155000;13029800000;13529800000;1400;1388
1324;13180158000;13029800000;13529800000;1400;1388
1325;13180161000;13029800000;13529800000;1398;1386
1326;13180164000;13029800000;13529800000;1400;1388
1327;13180167000;13029800000;13529800000;1398;1386
1328;13180170000;13029800000;13529800000;1400;1388
1329;13180173000;13029800000;13529800000;1400;1388
1330;13180176000;13029822222;13529822222;982;970
1331;13221830000;13030077777;13530077777;1398;1386
1332;13221838000;13030077777;13530077777;1400;1388
1333;13221841000;13030077777;13530077777;1398;1386
1334;13221844000;13071466666;13571466666;1400;1388
1335;13221847000;13071466666;13571466666;1400;1388
1336;13221850000;13071466666;13571466666;1398;1386
1337;13221853000;13071466666;13571466666;1400;1388
1338;13221856000;13071466666;13571466666;1398;1386
1339;13221859000;13071466666;13571466666;1400;1388
1340;13221862000;13071466666;13571466666;1400;1388
1341;13221865000;13071477777;13571477777;982;970
1342;13263491000;13071788888;13571788888;1398;1386
1343;13263499000;13071788888;13571788888;1400;1388
1344;13263503000;13071788888;13571788888;1398;1386
1345;13263506000;13113133333;13613133333;1400;1388
1346;13263509000;13113133333;13613133333;1400;1388
1347;13263512000;13113133333;13613133333;1398;1386
1348;13263515000;13113133333;13613133333;1400;1388
1349;13263518000;13113133333;13613133333;1398;1386
1350;13263521000;13113133333;13613133333;1400;1388
1351;13263524000;13113133333;13613133333;1400;1388
1352;13263527000;13113155555;13613155555;982;970
1353;13305110000;13113422222;13613422222;1398;1386
1354;13305117000;13113422222;13613422222;1400;1388
1355;13305121000;13113422222;13613422222;1398;1386
1356;13305124000;13154788888;13654788888;1400;1388
1357;13305127000;13154788888;13654788888;1400;1388
1358;13305130000;13154788888;13654788888;1398;1386
1359;13305133000;13154788888;13654788888;1400;1388
1360;13305136000;13154788888;13654788888;1398;1386
1361;13305139000;13154788888;13654788888;1400;1388
1362;13305142000;13154788888;13654788888;1400;1388
1363;13305145000;13154811111;13654811111;982;970
1364;13346792000;13155100000;13655100000;1398;1386
1365;13346799000;13155100000;13655100000;1400;1388
1366;13346802000;13155100000;13655100000;1398;1386
1367;13346805000;13196455555;13696455555;1400;1388
1368;13346808000;13196455555;13696455555;1400;1388
1369;13346811000;13196455555;13696455555;1398;1386
1370;13346813000;13196455555;13696455555;1400;1388
1371;13346816000;13196455555;13696455555;1398;1386
1372;13346819000;13196455555;13696455555;1400;1388
1373;13346822000;13196455555;13696455555;1400;1388
1374;13346824000;13196466666;13696466666;982;970
1375;13388460000;13196788888;13696788888;1398;1386
1376;13388466000;13196788888;13696788888;1400;1388
1377;13388470000;13196788888;13696788888;1398;1386
1378;13388473000;13238122222;13738122222;1400;1388
1379;13388476000;13238122222;13738122222;1400;1388
1380;13388478000;13238122222;13738122222;1398;1386
1381;13388481000;13238122222;13738122222;1400;1388
1382;13388484000;13238122222;13738122222;1398;1386
1383;13388487000;13238122222;13738122222;1400;1388
1384;13388490000;13238122222;13738122222;1400;1388
1385;13388493000;13238133333;13738133333;982;970
1386;13430163000;13238444444;13738444444;1398;1386
1387;13430170000;13238444444;13738444444;1400;1388
1388;13430173000;13238444444;13738444444;1398;1386
1389;13430184000;13279788888;13779788888;1400;1388
1390;13430188000;13279788888;13779788888;1400;1388
1391;13430191000;13279788888;13779788888;1398;1386
1392;13430194000;13279788888;13779788888;1400;1388
1393;13430197000;13279788888;13779788888;1398;1386
1394;13430200000;13279788888;13779788888;1400;1388
1395;13430203000;13279788888;13779788888;1400;1388
1396;13430206000;13279800000;13779800000;982;970
1397;13471844000;13280100000;13780100000;1398;1386
1398;13471851000;13280100000;13780100000;1400;1388
1399;13471854000;13280100000;13780100000;1398;1386
1400;13471857000;13321455555;13821455555;1400;1388
1401;13471860000;13321455555;13821455555;1400;1388
1402;13471863000;13321455555;13821455555;1398;1386
1403;13471866000;13321455555;13821455555;1400;1388
1404;13471869000;13321455555;13821455555;1398;1386
1405;13471872000;13321455555;13821455555;1400;1388
1406;13471875000;13321455555;13821455555;1400;1388
1407;13471878000;13321466666;13821466666;982;970
1408;13513494000;13321788888;13821788888;1398;1386
1409;13513501000;13321788888;13821788888;1400;1388
1410;13513504000;13321788888;13821788888;1398;1386
1411;13513507000;13363122222;13863122222;1400;1388
1412;13513510000;13363122222;13863122222;1400;1388
1413;13513513000;13363122222;13863122222;1398;1386
1414;13513516000;13363122222;13863122222;1400;1388
1415;13513519000;13363122222;13863122222;1398;1386
1416;13513522000;13363122222;13863122222;1400;1388
1417;13513525000;13363122222;13863122222;1400;1388
1418;13513528000;13363133333;13863133333;982;970
1419;13555142000;13363433333;13863433333;1398;1386
1420;13555149000;13363433333;13863433333;1400;1388
1421;13555152000;13363433333;13863433333;1398;1386
1422;13555155000;13404800000;13904800000;1400;1388
1423;13555159000;13404800000;13904800000;1400;1388
1424;13555161000;13404800000;13904800000;1398;1386
1425;13555164000;13404800000;13904800000;1400;1388
1426;13555167000;13404800000;13904800000;1398;1386
1427;13555170000;13404800000;13904800000;1400;1388
1428;13555174000;13404800000;13904800000;1400;1388
1429;13555177000;13404811111;13904811111;982;970
1430;13596806000;13405088888;13905088888;1398;1386
1431;13596812000;13405088888;13905088888;1400;1388
1432;13596815000;13405088888;13905088888;1398;1386
1433;13596818000;13446466666;13946466666;1400;1388
1434;13596821000;13446466666;13946466666;1400;1388
1435;13596824000;13446466666;13946466666;1398;1386
1437;13596827000;13446466666;13946466666;1398;1386
1438;13596832000;13446466666;13946466666;1400;1388
1439;13596845000;13446466666;13946466666;1400;1388
1440;13596848000;13446488888;13946488888;982;970
1441;13638471000;13446788888;13946788888;1398;1386
1442;13638477000;13446788888;13946788888;1400;1388
1443;13638481000;13446788888;13946788888;1398;1386
1444;13638484000;13488133333;13988133333;1400;1388
1445;13638487000;13488133333;13988133333;1400;1388
1446;13638490000;13488133333;13988133333;1398;1386
1447;13638493000;13488133333;13988133333;1400;1388
1448;13638496000;13488133333;13988133333;1398;1386
1449;13638499000;13488133333;13988133333;1400;1388
1450;13638502000;13488133333;13988133333;1400;1388
1451;13638505000;13488155555;13988155555;982;970
1453;13680153000;13488444444;13988444444;1400;1388
1454;13680174000;13488444444;13988444444;1398;1386
1455;13680177000;13529788888;14029788888;1400;1388
1456;13680187000;13529788888;14029788888;1400;1388
1457;13680190000;13529788888;14029788888;1398;1386
1458;13680193000;13529788888;14029788888;1400;1388
1459;13680196000;13529788888;14029788888;1398;1386
1460;13680208000;13529788888;14029788888;1400;1388
1461;13680211000;13529788888;14029788888;1400;1388
1462;13680214000;13529800000;14029800000;982;970
1463;13721843000;13530066666;14030066666;1398;1386
1464;13721852000;13530066666;14030066666;1400;1388
1465;13721855000;13530066666;14030066666;1398;1386
1466;13721858000;13571455555;14071455555;1400;1388
1467;13721861000;13571455555;14071455555;1400;1388
1468;13721864000;13571455555;14071455555;1398;1386
1469;13721867000;13571455555;14071455555;1400;1388
1470;13721870000;13571455555;14071455555;1398;1386
1471;13721873000;13571455555;14071455555;1400;1388
1472;13721896000;13571455555;14071455555;1400;1388
1473;13721899000;13571466666;14071466666;982;970
1474;13763509000;13571788888;14071788888;1398;1386
1475;13763517000;13571788888;14071788888;1400;1388
1476;13763521000;13571788888;14071788888;1398;1386
1478;13763524000;13613122222;14113122222;1400;1388
1479;13763529000;13613122222;14113122222;1398;1386
1480;13763543000;13613122222;14113122222;1400;1388
1481;13763546000;13613122222;14113122222;1398;1386
1482;13763556000;13613122222;14113122222;1400;1388
1483;13763560000;13613122222;14113122222;1400;1388
1484;13763563000;13613144444;14113144444;982;970
1485;13805173000;13613455555;14113455555;1398;1386
1486;13805181000;13613455555;14113455555;1400;1388
1487;13805185000;13613455555;14113455555;1398;1386
1488;13805188000;13654788888;14154788888;1400;1388
1489;13805191000;13654788888;14154788888;1400;1388
1492;13805193000;13654788888;14154788888;1398;1386
1493;13805197000;13654788888;14154788888;1400;1388
1494;13805200000;13654788888;14154788888;1400;1388
1495;13805203000;13654800000;14154800000;982;970
1496;13846854000;13655122222;14155122222;1398;1386
1497;13846862000;13655122222;14155122222;1400;1388
1498;13846866000;13655122222;14155122222;1398;1386
1499;13846869000;13696466666;14196466666;1400;1388
1500;13846872000;13696466666;14196466666;1400;1388
1501;13846875000;13696466666;14196466666;1398;1386
1502;13846878000;13696466666;14196466666;1400;1388
1503;13846881000;13696466666;14196466666;1398;1386
1504;13846884000;13696466666;14196466666;1400;1388
1505;13846887000;13696466666;14196466666;1400;1388
1506;13846890000;13696477777;14196477777;982;970
1507;13888522000;13696766666;14196766666;1398;1386
1508;13888530000;13696766666;14196766666;1400;1388
1509;13888533000;13696766666;14196766666;1398;1386
1510;13888536000;13738133333;14238133333;1400;1388
1511;13888539000;13738133333;14238133333;1400;1388
1512;13888542000;13738133333;14238133333;1398;1386
1513;13888545000;13738133333;14238133333;1400;1388
1514;13888548000;13738133333;14238133333;1398;1386
1515;13888551000;13738133333;14238133333;1400;1388
1516;13888554000;13738133333;14238133333;1400;1388
1517;13888557000;13738155555;14238155555;982;970
1518;13930149000;13738422222;14238422222;1398;1386
1519;13930158000;13738422222;14238422222;1400;1388
1525;13930161000;13779800000;14279800000;1398;1386
1526;13930177000;13779800000;14279800000;1400;1388
1527;13930180000;13779800000;14279800000;1400;1388
1528;13930183000;13779811111;14279811111;982;970
1529;13971820000;13780077777;14280077777;1398;1386
1530;13971829000;13780077777;14280077777;1400;1388
1531;13971832000;13780077777;14280077777;1398;1386
1532;13971835000;13821466666;14321466666;1400;1388
1533;13971838000;13821466666;14321466666;1400;1388
1534;13971841000;13821466666;14321466666;1398;1386
1535;13971844000;13821466666;14321466666;1400;1388
1536;13971847000;13821466666;14321466666;1398;1386
1537;13971850000;13821466666;14321466666;1400;1388
1538;13971853000;13821466666;14321466666;1400;1388
1539;13971856000;13821477777;14321477777;982;970
1540;14013490000;13821833333;14321833333;1398;1386
1541;14013498000;13821833333;14321833333;1400;1388
1542;14013502000;13821833333;14321833333;1398;1386
1543;14013505000;13863133333;14363133333;1400;1388
1544;14013508000;13863133333;14363133333;1400;1388
1545;14013511000;13863133333;14363133333;1398;1386
1546;14013513000;13863133333;14363133333;1400;1388
1547;14013516000;13863133333;14363133333;1398;1386
1548;14013519000;13863133333;14363133333;1400;1388
1549;14013522000;13863133333;14363133333;1400;1388
1550;14013525000;13863155555;14363155555;982;970
1551;14055145000;13863455555;14363455555;1398;1386
1552;14055153000;13863455555;14363455555;1400;1388
1553;14055157000;13863455555;14363455555;1398;1386
1554;14055160000;13904788888;14404788888;1400;1388
1555;14055163000;13904788888;14404788888;1400;1388
1556;14055166000;13904788888;14404788888;1398;1386
1557;14055170000;13904788888;14404788888;1400;1388
1558;14055172000;13904788888;14404788888;1398;1386
1559;14055175000;13904788888;14404788888;1400;1388
1560;14055186000;13904788888;14404788888;1400;1388
1561;14055189000;13904800000;14404800000;982;970
1562;14096787000;13905111111;14405111111;1398;1386
1563;14096794000;13905111111;14405111111;1400;1388
1564;14096798000;13905111111;14405111111;1398;1386
1565;14096801000;13946455555;14446455555;1400;1388
1566;14096804000;13946455555;14446455555;1400;1388
1567;14096807000;13946455555;14446455555;1398;1386
1568;14096810000;13946455555;14446455555;1400;1388
1569;14096813000;13946455555;14446455555;1398;1386
1570;14096816000;13946455555;14446455555;1400;1388
1571;14096819000;13946455555;14446455555;1400;1388
1572;14096821000;13946466666;14446466666;982;970
1573;14138516000;13946788888;14446788888;1398;1386
1574;14138525000;13946788888;14446788888;1400;1388
1577;14138528000;13988122222;14488122222;1400;1388
1578;14138534000;13988122222;14488122222;1398;1386
1579;14138547000;13988122222;14488122222;1400;1388
1580;14138550000;13988122222;14488122222;1398;1386
1581;14138559000;13988122222;14488122222;1400;1388
1582;14138562000;13988122222;14488122222;1400;1388
1583;14138564000;13988133333;14488133333;982;970
1584;14180170000;13988455555;14488455555;1398;1386
1585;14180178000;13988455555;14488455555;1400;1388
1586;14180181000;13988455555;14488455555;1398;1386
1587;14180184000;14029788888;14529788888;1400;1388
1588;14180187000;14029788888;14529788888;1400;1388
1589;14180190000;14029788888;14529788888;1398;1386
1590;14180193000;14029788888;14529788888;1400;1388
1591;14180196000;14029788888;14529788888;1398;1386
1592;14180199000;14029788888;14529788888;1400;1388
1593;14180202000;14029788888;14529788888;1400;1388
1594;14180205000;14029800000;14529800000;982;970
1595;14221830000;14030077777;14530077777;1398;1386
1596;14221839000;14030077777;14530077777;1400;1388
1597;14221842000;14030077777;14530077777;1398;1386
1598;14221845000;14071455555;14571455555;1400;1388
1599;14221849000;14071455555;14571455555;1400;1388
1600;14221851000;14071455555;14571455555;1398;1386
1601;14221854000;14071455555;14571455555;1400;1388
1602;14221857000;14071455555;14571455555;1398;1386
1603;14221860000;14071455555;14571455555;1400;1388
1604;14221863000;14071455555;14571455555;1400;1388
1605;14221866000;14071466666;14571466666;982;970
1606;14263499000;14071800000;14571800000;1398;1386
1607;14263507000;14071800000;14571800000;1400;1388
1608;14263510000;14071800000;14571800000;1398;1386
1609;14263513000;14113133333;14613133333;1400;1388
1610;14263517000;14113133333;14613133333;1400;1388
1611;14263520000;14113133333;14613133333;1398;1386
1612;14263523000;14113133333;14613133333;1400;1388
1613;14263526000;14113133333;14613133333;1398;1386
1614;14263529000;14113133333;14613133333;1400;1388
1615;14263532000;14113133333;14613133333;1400;1388
1616;14263535000;14113155555;14613155555;982;970
1617;14305127000;14113444444;14613444444;1398;1386
1618;14305135000;14113444444;14613444444;1400;1388
1619;14305139000;14113444444;14613444444;1398;1386
1620;14305142000;14154800000;14654800000;1400;1388
1621;14305146000;14154800000;14654800000;1400;1388
1622;14305149000;14154800000;14654800000;1398;1386
1623;14305152000;14154800000;14654800000;1400;1388
1624;14305155000;14154800000;14654800000;1398;1386
1625;14305158000;14154800000;14654800000;1400;1388
1626;14305161000;14154800000;14654800000;1400;1388
1627;14305165000;14154811111;14654811111;982;970
1628;14346847000;14155111111;14655111111;1398;1386
1629;14346856000;14155111111;14655111111;1400;1388
1630;14346859000;14155111111;14655111111;1398;1386
1631;14346863000;14196466666;14696466666;1400;1388
1632;14346866000;14196466666;14696466666;1400;1388
1633;14346869000;14196466666;14696466666;1398;1386
1634;14346872000;14196466666;14696466666;1400;1388
1635;14346875000;14196466666;14696466666;1398;1386
1636;14346877000;14196466666;14696466666;1400;1388
1637;14346880000;14196466666;14696466666;1400;1388
1638;14346883000;14196477777;14696477777;982;970
1639;14388465000;14196800000;14696800000;1398;1386
1642;14388473000;14238133333;14738133333;1400;1388
1643;14388479000;14238133333;14738133333;1400;1388
1644;14388492000;14238133333;14738133333;1398;1386
1645;14388503000;14238133333;14738133333;1400;1388
1646;14388506000;14238133333;14738133333;1398;1386
1647;14388509000;14238133333;14738133333;1400;1388
1648;14388512000;14238133333;14738133333;1400;1388
1649;14388524000;14238155555;14738155555;982;970
1650;14430114000;14238455555;14738455555;1398;1386
1651;14430121000;14238455555;14738455555;1400;1388
1652;14430125000;14238455555;14738455555;1398;1386
1653;14430128000;14279788888;14779788888;1400;1388
1654;14430131000;14279788888;14779788888;1400;1388
1655;14430134000;14279788888;14779788888;1398;1386
1656;14430137000;14279788888;14779788888;1400;1388
1657;14430140000;14279788888;14779788888;1398;1386
1658;14430143000;14279788888;14779788888;1400;1388
1659;14430146000;14279788888;14779788888;1400;1388
1660;14430149000;14279800000;14779800000;982;970
1661;14471835000;14280111111;14780111111;1398;1386
1662;14471843000;14280111111;14780111111;1400;1388
1663;14471847000;14280111111;14780111111;1398;1386
1664;14471850000;14321455555;14821455555;1400;1388
1665;14471853000;14321455555;14821455555;1400;1388
1666;14471856000;14321455555;14821455555;1398;1386
1668;14471859000;14321455555;14821455555;1398;1386
1669;14471864000;14321455555;14821455555;1400;1388
1670;14471877000;14321455555;14821455555;1400;1388
1671;14471880000;14321466666;14821466666;982;970
1672;14513481000;14321788888;14821788888;1398;1386
1673;14513489000;14321788888;14821788888;1400;1388
1674;14513493000;14321788888;14821788888;1398;1386
1675;14513496000;14363122222;14863122222;1400;1388
1676;14513499000;14363122222;14863122222;1400;1388
1677;14513502000;14363122222;14863122222;1398;1386
1678;14513505000;14363122222;14863122222;1400;1388
1679;14513508000;14363122222;14863122222;1398;1386
1680;14513511000;14363122222;14863122222;1400;1388
1681;14513515000;14363122222;14863122222;1400;1388
1682;14513518000;14363133333;14863133333;982;970
1683;14555110000;14363444444;14863444444;1398;1386
1684;14555118000;14363444444;14863444444;1400;1388
1685;14555121000;14363444444;14863444444;1398;1386
1686;14555124000;14404788888;14904788888;1400;1388
1687;14555127000;14404788888;14904788888;1400;1388
1688;14555130000;14404788888;14904788888;1398;1386
1691;14555133000;14404788888;14904788888;1400;1388
1692;14555138000;14404788888;14904788888;1400;1388
1693;14555152000;14404800000;14904800000;982;970
1694;14596795000;14405100000;14905100000;1398;1386
1695;14596802000;14405100000;14905100000;1400;1388
1696;14596805000;14405100000;14905100000;1398;1386
1697;14596808000;14446455555;14946455555;1400;1388
1698;14596811000;14446455555;14946455555;1400;1388
1699;14596814000;14446455555;14946455555;1398;1386
1700;14596818000;14446455555;14946455555;1400;1388
1701;14596821000;14446455555;14946455555;1398;1386
1702;14596824000;14446455555;14946455555;1400;1388
1703;14596827000;14446455555;14946455555;1400;1388
1704;14596830000;14446466666;14946466666;982;970
1705;14638494000;14446788888;14946788888;1398;1386
1706;14638502000;14446788888;14946788888;1400;1388
1707;14638505000;14446788888;14946788888;1398;1386
1708;14638508000;14488122222;14988122222;1400;1388
1709;14638511000;14488122222;14988122222;1400;1388
1710;14638515000;14488122222;14988122222;1398;1386
1711;14638518000;14488122222;14988122222;1400;1388
1712;14638521000;14488122222;14988122222;1398;1386
1713;14638524000;14488122222;14988122222;1400;1388
1714;14638527000;14488122222;14988122222;1400;1388
1715;14638530000;14488133333;14988133333;982;970
1716;14680148000;14488455555;14988455555;1398;1386
1717;14680156000;14488455555;14988455555;1400;1388
1718;14680160000;14488455555;14988455555;1398;1386
1719;14680163000;14529788888;15029788888;1400;1388
1720;14680166000;14529788888;15029788888;1400;1388
1721;14680169000;14529788888;15029788888;1398;1386
1723;14680172000;14529788888;15029788888;1398;1386
1724;14680177000;14529788888;15029788888;1400;1388
1725;14680190000;14529788888;15029788888;1400;1388
1726;14680193000;14529800000;15029800000;982;970
1727;14721809000;14530088888;15030088888;1398;1386
1728;14721817000;14530088888;15030088888;1400;1388
1729;14721829000;14530088888;15030088888;1398;1386
1730;14721832000;14571455555;15071455555;1400;1388
1731;14721835000;14571455555;15071455555;1400;1388
1732;14721838000;14571455555;15071455555;1398;1386
1733;14721841000;14571455555;15071455555;1400;1388
1734;14721844000;14571455555;15071455555;1398;1386
1735;14721847000;14571455555;15071455555;1400;1388
1736;14721850000;14571455555;15071455555;1400;1388
1737;14721853000;14571466666;15071466666;982;970
1740;14763489000;14571800000;15071800000;1398;1386
1741;14763509000;14613122222;15113122222;1400;1388
1742;14763512000;14613122222;15113122222;1400;1388
1743;14763523000;14613122222;15113122222;1398;1386
1744;14763526000;14613122222;15113122222;1400;1388
1745;14763529000;14613122222;15113122222;1398;1386
1746;14763532000;14613122222;15113122222;1400;1388
1747;14763544000;14613122222;15113122222;1400;1388
1748;14763547000;14613133333;15113133333;982;970
1749;14805165000;14613455555;15113455555;1398;1386
1750;14805173000;14613455555;15113455555;1400;1388
1751;14805176000;14613455555;15113455555;1398;1386
1752;14805179000;14654800000;15154800000;1400;1388
1753;14805183000;14654800000;15154800000;1400;1388
1754;14805186000;14654800000;15154800000;1398;1386
1755;14805189000;14654800000;15154800000;1400;1388
1756;14805192000;14654800000;15154800000;1398;1386
1757;14805195000;14654800000;15154800000;1400;1388
1758;14805198000;14654800000;15154800000;1400;1388
1759;14805201000;14654811111;15154811111;982;970
1760;14846853000;14655144444;15155144444;1398;1386
1761;14846861000;14655144444;15155144444;1400;1388
1762;14846865000;14655144444;15155144444;1398;1386
1763;14846868000;14696455555;15196455555;1400;1388
1764;14846871000;14696455555;15196455555;1400;1388
1765;14846874000;14696455555;15196455555;1398;1386
1766;14846877000;14696455555;15196455555;1400;1388
1767;14846880000;14696455555;15196455555;1398;1386
1768;14846883000;14696455555;15196455555;1400;1388
1769;14846886000;14696455555;15196455555;1400;1388
1770;14846889000;14696466666;15196466666;982;970
1771;14888510000;14696777777;15196777777;1398;1386
1772;14888518000;14696777777;15196777777;1400;1388
1773;14888522000;14696777777;15196777777;1398;1386
1774;14888525000;14738133333;15238133333;1400;1388
1775;14888528000;14738133333;15238133333;1400;1388
1776;14888531000;14738133333;15238133333;1398;1386
1777;14888534000;14738133333;15238133333;1400;1388
1778;14888537000;14738133333;15238133333;1398;1386
1779;14888540000;14738133333;15238133333;1400;1388
1780;14888544000;14738133333;15238133333;1400;1388
1781;14888546000;14738166666;15238166666;982;970
1782;14930145000;14738466666;15238466666;1398;1386
1783;14930154000;14738466666;15238466666;1400;1388
1784;14930157000;14738466666;15238466666;1398;1386
1785;14930161000;14779800000;15279800000;1400;1388
1786;14930164000;14779800000;15279800000;1400;1388
1787;14930167000;14779800000;15279800000;1398;1386
1788;14930170000;14779800000;15279800000;1400;1388
1789;14930173000;14779800000;15279800000;1398;1386
1790;14930176000;14779800000;15279800000;1400;1388
1791;14930179000;14779800000;15279800000;1400;1388
1792;14930182000;14779811111;15279811111;982;970
1793;14971786000;14780100000;15280100000;1398;1386
1794;14971794000;14780100000;15280100000;1400;1388
1795;14971797000;14780100000;15280100000;1398;1386
1796;14971800000;14821466666;15321466666;1400;1388
1797;14971804000;14821466666;15321466666;1400;1388
1798;14971807000;14821466666;15321466666;1398;1386
1799;14971809000;14821466666;15321466666;1400;1388
1800;14971812000;14821466666;15321466666;1398;1386
1801;14971815000;14821466666;15321466666;1400;1388
1802;14971818000;14821466666;15321466666;1400;1388
1803;14971821000;14821477777;15321477777;982;970
1804;15013475000;14821800000;15321800000;1398;1386
1805;15013482000;14821800000;15321800000;1400;1388
1806;15013486000;14821800000;15321800000;1398;1386
1807;15013489000;14863133333;15363133333;1400;1388
1808;15013492000;14863133333;15363133333;1400;1388
1809;15013495000;14863133333;15363133333;1398;1386
1810;15013498000;14863133333;15363133333;1400;1388
1811;15013501000;14863133333;15363133333;1398;1386
1812;15013512000;14863133333;15363133333;1400;1388
1813;15013515000;14863133333;15363133333;1400;1388
1814;15013518000;14863155555;15363155555;982;970
1815;15055173000;14863455555;15363455555;1398;1386
1816;15055180000;14863455555;15363455555;1400;1388
1817;15055193000;14863455555;15363455555;1398;1386
1818;15055196000;14904788888;15404788888;1400;1388
1819;15055199000;14904788888;15404788888;1400;1388
1820;15055202000;14904788888;15404788888;1398;1386
1821;15055205000;14904788888;15404788888;1400;1388
1822;15055208000;14904788888;15404788888;1398;1386
1823;15055211000;14904788888;15404788888;1400;1388
1824;15055214000;14904788888;15404788888;1400;1388
1825;15055217000;14904800000;15404800000;982;970
1826;15096826000;14905111111;15405111111;1398;1386
1827;15096833000;14905111111;15405111111;1400;1388
1828;15096836000;14905111111;15405111111;1398;1386
1829;15096839000;14946455555;15446455555;1400;1388
1830;15096842000;14946455555;15446455555;1400;1388
1831;15096845000;14946455555;15446455555;1398;1386
1832;15096848000;14946455555;15446455555;1400;1388
1833;15096851000;14946455555;15446455555;1398;1386
1834;15096853000;14946455555;15446455555;1400;1388
1835;15096856000;14946455555;15446455555;1400;1388
1836;15096859000;14946466666;15446466666;982;970
1837;15138493000;14946800000;15446800000;1398;1386
1838;15138499000;14946800000;15446800000;1400;1388
1839;15138503000;14946800000;15446800000;1398;1386
1840;15138506000;14988122222;15488122222;1400;1388
1841;15138509000;14988122222;15488122222;1400;1388
1842;15138512000;14988122222;15488122222;1398;1386
1843;15138515000;14988122222;15488122222;1400;1388
1844;15138518000;14988122222;15488122222;1398;1386
1845;15138521000;14988122222;15488122222;1400;1388
1846;15138524000;14988122222;15488122222;1400;1388
1847;15138527000;14988133333;15488133333;982;970
1848;15180172000;14988422222;15488422222;1398;1386
1849;15180178000;14988422222;15488422222;1400;1388
1850;15180181000;14988422222;15488422222;1398;1386
1851;15180184000;15029800000;15529800000;1400;1388
1852;15180187000;15029800000;15529800000;1400;1388
1853;15180190000;15029800000;15529800000;1398;1386
1854;15180193000;15029800000;15529800000;1400;1388
1855;15180196000;15029800000;15529800000;1398;1386
1856;15180199000;15029800000;15529800000;1400;1388
1857;15180202000;15029800000;15529800000;1400;1388
1858;15180205000;15029822222;15529822222;982;970
1859;15221839000;15030077777;15530077777;1398;1386
1860;15221846000;15030077777;15530077777;1400;1388
1861;15221849000;15030077777;15530077777;1398;1386
1862;15221852000;15071466666;15571466666;1400;1388
1863;15221855000;15071466666;15571466666;1400;1388
1864;15221858000;15071466666;15571466666;1398;1386
1865;15221861000;15071466666;15571466666;1400;1388
1866;15221864000;15071466666;15571466666;1398;1386
1867;15221866000;15071466666;15571466666;1400;1388
1868;15221869000;15071466666;15571466666;1400;1388
1869;15221872000;15071488888;15571488888;982;970
1870;15263507000;15071788888;15571788888;1398;1386
1871;15263514000;15071788888;15571788888;1400;1388
1872;15263517000;15071788888;15571788888;1398;1386
1873;15263520000;15113133333;15613133333;1400;1388
1874;15263523000;15113133333;15613133333;1400;1388
1875;15263526000;15113133333;15613133333;1398;1386
1876;15263529000;15113133333;15613133333;1400;1388
1877;15263532000;15113133333;15613133333;1398;1386
1878;15263535000;15113133333;15613133333;1400;1388
1879;15263538000;15113133333;15613133333;1400;1388
1880;15263541000;15113155555;15613155555;982;970
1881;15305140000;15113411111;15613411111;1398;1386
1882;15305146000;15113411111;15613411111;1400;1388
1883;15305149000;15113411111;15613411111;1398;1386
1885;15305152000;15154800000;15654800000;1400;1388
1886;15305158000;15154800000;15654800000;1398;1386
1887;15305161000;15154800000;15654800000;1400;1388
1888;15305164000;15154800000;15654800000;1398;1386
1889;15305167000;15154800000;15654800000;1400;1388
1890;15305170000;15154800000;15654800000;1400;1388
1891;15305173000;15154811111;15654811111;982;970
1892;15346804000;15155088888;15655088888;1398;1386
1893;15346810000;15155088888;15655088888;1400;1388
1894;15346821000;15155088888;15655088888;1398;1386
1895;15346824000;15196466666;15696466666;1400;1388
1896;15346827000;15196466666;15696466666;1400;1388
1897;15346830000;15196466666;15696466666;1398;1386
1898;15346833000;15196466666;15696466666;1400;1388
1899;15346836000;15196466666;15696466666;1398;1386
1900;15346838000;15196466666;15696466666;1400;1388
1901;15346841000;15196466666;15696466666;1400;1388
1902;15346844000;15196477777;15696477777;982;970
1903;15388471000;15196766666;15696766666;1398;1386
1904;15388477000;15196766666;15696766666;1400;1388
1905;15388480000;15196766666;15696766666;1398;1386
1906;15388483000;15238133333;15738133333;1400;1388
1907;15388486000;15238133333;15738133333;1400;1388
1908;15388490000;15238133333;15738133333;1398;1386
1909;15388493000;15238133333;15738133333;1400;1388
1910;15388495000;15238133333;15738133333;1398;1386
1911;15388498000;15238133333;15738133333;1400;1388
1912;15388503000;15238133333;15738133333;1400;1388
1913;15388506000;15238155555;15738155555;982;970
1914;15430184000;15238422222;15738422222;1398;1386
1915;15430192000;15238422222;15738422222;1400;1388
1916;15430196000;15238422222;15738422222;1398;1386
1917;15430199000;15279788888;15779788888;1400;1388
1918;15430202000;15279788888;15779788888;1400;1388
1919;15430205000;15279788888;15779788888;1398;1386
1920;15430207000;15279788888;15779788888;1400;1388
1921;15430210000;15279788888;15779788888;1398;1386
1922;15430213000;15279788888;15779788888;1400;1388
1923;15430216000;15279788888;15779788888;1400;1388
1924;15430219000;15279800000;15779800000;982;970
1925;15471806000;15280077777;15780077777;1398;1386
1926;15471814000;15280077777;15780077777;1400;1388
1927;15471817000;15280077777;15780077777;1398;1386
1928;15471820000;15321455555;15821455555;1400;1388
1929;15471823000;15321455555;15821455555;1400;1388
1930;15471826000;15321455555;15821455555;1398;1386
1931;15471829000;15321455555;15821455555;1400;1388
1932;15471832000;15321455555;15821455555;1398;1386
1933;15471835000;15321455555;15821455555;1400;1388
1934;15471838000;15321455555;15821455555;1400;1388
1935;15471841000;15321466666;15821466666;982;970
1936;15513516000;15321766666;15821766666;1398;1386
1937;15513524000;15321766666;15821766666;1400;1388
1938;15513528000;15321766666;15821766666;1398;1386
1939;15513531000;15363122222;15863122222;1400;1388
1940;15513534000;15363122222;15863122222;1400;1388
1941;15513537000;15363122222;15863122222;1398;1386
1942;15513540000;15363122222;15863122222;1400;1388
1943;15513544000;15363122222;15863122222;1398;1386
1944;15513546000;15363122222;15863122222;1400;1388
1945;15513549000;15363122222;15863122222;1400;1388
1946;15513552000;15363133333;15863133333;982;970
1947;15555160000;15363422222;15863422222;1398;1386
1948;15555167000;15363422222;15863422222;1400;1388
1949;15555170000;15363422222;15863422222;1398;1386
1950;15555173000;15404788888;15904788888;1400;1388
1951;15555176000;15404788888;15904788888;1400;1388
1952;15555179000;15404788888;15904788888;1398;1386
1953;15555182000;15404788888;15904788888;1400;1388
1954;15555185000;15404788888;15904788888;1398;1386
1955;15555188000;15404788888;15904788888;1400;1388
1956;15555191000;15404788888;15904788888;1400;1388
1957;15555194000;15404800000;15904800000;982;970
1958;15596836000;15405066666;15905066666;1398;1386
1959;15596843000;15405066666;15905066666;1400;1388
1960;15596846000;15405066666;15905066666;1398;1386
1961;15596849000;15446466666;15946466666;1400;1388
1962;15596852000;15446466666;15946466666;1400;1388
1963;15596855000;15446466666;15946466666;1398;1386
1964;15596858000;15446466666;15946466666;1400;1388
1965;15596861000;15446466666;15946466666;1398;1386
1966;15596864000;15446466666;15946466666;1400;1388
1967;15596867000;15446466666;15946466666;1400;1388
1968;15596870000;15446477777;15946477777;982;970
1969;15638504000;15446755555;15946755555;1398;1386
1970;15638510000;15446755555;15946755555;1400;1388
1971;15638514000;15446755555;15946755555;1398;1386
1972;15638517000;15488133333;15988133333;1400;1388
1973;15638520000;15488133333;15988133333;1400;1388
1974;15638530000;15488133333;15988133333;1398;1386
1975;15638533000;15488133333;15988133333;1400;1388
1976;15638536000;15488133333;15988133333;1398;1386
1977;15638539000;15488133333;15988133333;1400;1388
1978;15638542000;15488133333;15988133333;1400;1388
1979;15638545000;15488155555;15988155555;982;970
1980;15680143000;15488422222;15988422222;1398;1386
1981;15680152000;15488422222;15988422222;1400;1388
1982;15680155000;15488422222;15988422222;1398;1386
1983;15680158000;15529800000;16029800000;1400;1388
1984;15680161000;15529800000;16029800000;1400;1388
1985;15680164000;15529800000;16029800000;1398;1386
1986;15680167000;15529800000;16029800000;1400;1388
1987;15680170000;15529800000;16029800000;1398;1386
1988;15680173000;15529800000;16029800000;1400;1388
1989;15680176000;15529800000;16029800000;1400;1388
1991;15721833000;15530066666;16030066666;1398;1386
1992;15721854000;15530066666;16030066666;1400;1388
1993;15721858000;15530066666;16030066666;1398;1386
1994;15721867000;15571466666;16071466666;1400;1388
1995;15721870000;15571466666;16071466666;1400;1388
1996;15721873000;15571466666;16071466666;1398;1386
1997;15721876000;15571466666;16071466666;1400;1388
1998;15721889000;15571466666;16071466666;1398;1386
1999;15721892000;15571466666;16071466666;1400;1388
2000;15721895000;15571466666;16071466666;1400;1388
2001;15721898000;15571477777;16071477777;982;970
2002;15763516000;15571777777;16071777777;1398;1386
2003;15763525000;15571777777;16071777777;1400;1388
2004;15763528000;15571777777;16071777777;1398;1386
2005;15763531000;15613133333;16113133333;1400;1388
2006;15763534000;15613133333;16113133333;1400;1388
2007;15763537000;15613133333;16113133333;1398;1386
2008;15763540000;15613133333;16113133333;1400;1388
2009;15763543000;15613133333;16113133333;1398;1386
2010;15763546000;15613133333;16113133333;1400;1388
2011;15763549000;15613133333;16113133333;1400;1388
2012;15763552000;15613155555;16113155555;982;970
2013;15805143000;15613433333;16113433333;1398;1386
2014;15805151000;15613433333;16113433333;1400;1388
2015;15805155000;15613433333;16113433333;1398;1386
2016;15805158000;15654788888;16154788888;1400;1388
2017;15805161000;15654788888;16154788888;1400;1388
2018;15805164000;15654788888;16154788888;1398;1386
2019;15805166000;15654788888;16154788888;1400;1388
2020;15805169000;15654788888;16154788888;1398;1386
2021;15805172000;15654788888;16154788888;1400;1388
2022;15805175000;15654788888;16154788888;1400;1388
2023;15805178000;15654800000;16154800000;982;970
2024;15846842000;15655111111;16155111111;1398;1386
2025;15846851000;15655111111;16155111111;1400;1388
2026;15846854000;15655111111;16155111111;1398;1386
2027;15846857000;15696455555;16196455555;1400;1388
2028;15846861000;15696455555;16196455555;1400;1388
2029;15846864000;15696455555;16196455555;1398;1386
2030;15846867000;15696455555;16196455555;1400;1388
2032;15846870000;15696455555;16196455555;1400;1388
2033;15846875000;15696455555;16196455555;1400;1388
2034;15846888000;15696466666;16196466666;982;970
2035;15888501000;15696755555;16196755555;1398;1386
2036;15888510000;15696755555;16196755555;1400;1388
2037;15888513000;15696755555;16196755555;1398;1386
2038;15888516000;15738133333;16238133333;1400;1388
2039;15888520000;15738133333;16238133333;1400;1388
2040;15888523000;15738133333;16238133333;1398;1386
2041;15888526000;15738133333;16238133333;1400;1388
2042;15888529000;15738133333;16238133333;1398;1386
2043;15888532000;15738133333;16238133333;1400;1388
2044;15888535000;15738133333;16238133333;1400;1388
2045;15888538000;15738155555;16238155555;982;970
2046;15930152000;15738411111;16238411111;1398;1386
2047;15930161000;15738411111;16238411111;1400;1388
2048;15930164000;15738411111;16238411111;1398;1386
2049;15930167000;15779788888;16279788888;1400;1388
2050;15930171000;15779788888;16279788888;1400;1388
2051;15930174000;15779788888;16279788888;1398;1386
2052;15930177000;15779788888;16279788888;1400;1388
2053;15930179000;15779788888;16279788888;1398;1386
2054;15930182000;15779788888;16279788888;1400;1388
2055;15930185000;15779788888;16279788888;1400;1388
2056;15930188000;15779800000;16279800000;982;970
2057;15971809000;15780066666;16280066666;1398;1386
2058;15971817000;15780066666;16280066666;1400;1388
2059;15971820000;15780066666;16280066666;1398;1386
2060;15971823000;15821455555;16321455555;1400;1388
2061;15971827000;15821455555;16321455555;1400;1388
2062;15971830000;15821455555;16321455555;1398;1386
2063;15971833000;15821455555;16321455555;1400;1388
2065;15971836000;15821455555;16321455555;1400;1388
2066;15971841000;15821455555;16321455555;1400;1388
2067;15971854000;15821466666;16321466666;982;970
2068;16013495000;15821777777;16321777777;1398;1386
2069;16013504000;15821777777;16321777777;1400;1388
2070;16013508000;15821777777;16321777777;1398;1386
2071;16013511000;15863133333;16363133333;1400;1388
2072;16013514000;15863133333;16363133333;1400;1388
2073;16013518000;15863133333;16363133333;1398;1386
2074;16013521000;15863133333;16363133333;1400;1388
2075;16013524000;15863133333;16363133333;1398;1386
2076;16013527000;15863133333;16363133333;1400;1388
2077;16013530000;15863133333;16363133333;1400;1388
2078;16013533000;15863155555;16363155555;982;970
2079;16055136000;15863444444;16363444444;1398;1386
2080;16055146000;15863444444;16363444444;1400;1388
2081;16055150000;15863444444;16363444444;1398;1386
2082;16055153000;15904788888;16404788888;1400;1388
2083;16055157000;15904788888;16404788888;1400;1388
2084;16055160000;15904788888;16404788888;1398;1386
2085;16055164000;15904788888;16404788888;1400;1388
2086;16055167000;15904788888;16404788888;1398;1386
2087;16055170000;15904788888;16404788888;1400;1388
2089;16055173000;15904800000;16404800000;982;970
2090;16096835000;15905100000;16405100000;1398;1386
2091;16096845000;15905100000;16405100000;1400;1388
2092;16096848000;15905100000;16405100000;1398;1386
2093;16096852000;15946455555;16446455555;1400;1388
2094;16096855000;15946455555;16446455555;1400;1388
2095;16096859000;15946455555;16446455555;1398;1386
2096;16096862000;15946455555;16446455555;1400;1388
2097;16096865000;15946455555;16446455555;1398;1386
2098;16096869000;15946455555;16446455555;1400;1388
2099;16096872000;15946455555;16446455555;1400;1388
2100;16096875000;15946466666;16446466666;982;970
2101;16138499000;15946777777;16446777777;1398;1386
2102;16138509000;15946777777;16446777777;1400;1388
2104;16138513000;15988122222;16488122222;1400;1388
2105;16138518000;15988122222;16488122222;1400;1388
2106;16138527000;15988122222;16488122222;1398;1386
2107;16138531000;15988122222;16488122222;1400;1388
2108;16138534000;15988122222;16488122222;1398;1386
2110;16138537000;15988122222;16488122222;1400;1388
2111;16138541000;15988133333;16488133333;982;970
2112;16180167000;15988455555;16488455555;1398;1386
2113;16180176000;15988455555;16488455555;1400;1388
2114;16180180000;15988455555;16488455555;1398;1386
2115;16180183000;16029788888;16529788888;1400;1388
2116;16180186000;16029788888;16529788888;1400;1388
2117;16180190000;16029788888;16529788888;1398;1386
2118;16180194000;16029788888;16529788888;1400;1388
2119;16180197000;16029788888;16529788888;1398;1386
2120;16180200000;16029788888;16529788888;1400;1388
2121;16180203000;16029788888;16529788888;1400;1388
2122;16180207000;16029800000;16529800000;982;970
2123;16221843000;16030100000;16530100000;1398;1386
2124;16221852000;16030100000;16530100000;1400;1388
2125;16221855000;16030100000;16530100000;1398;1386
2126;16221859000;16071466666;16571466666;1400;1388
2127;16221862000;16071466666;16571466666;1400;1388
2128;16221865000;16071466666;16571466666;1398;1386
2129;16221868000;16071466666;16571466666;1400;1388
2130;16221871000;16071466666;16571466666;1398;1386
2131;16221874000;16071466666;16571466666;1400;1388
2132;16221877000;16071466666;16571466666;1400;1388
2133;16221880000;16071477777;16571477777;982;970
2135;16263507000;16071800000;16571800000;1400;1388
2136;16263528000;16071800000;16571800000;1398;1386
2137;16263532000;16113133333;16613133333;1400;1388
2138;16263540000;16113133333;16613133333;1400;1388
2139;16263544000;16113133333;16613133333;1398;1386
2140;16263546000;16113133333;16613133333;1400;1388
2141;16263550000;16113133333;16613133333;1398;1386
2142;16263570000;16113133333;16613133333;1400;1388
2143;16263573000;16113133333;16613133333;1400;1388
2144;16263576000;16113155555;16613155555;982;970
2145;16305193000;16113444444;16613444444;1398;1386
2146;16305202000;16113444444;16613444444;1400;1388
2147;16305205000;16113444444;16613444444;1398;1386
2148;16305208000;16154800000;16654800000;1400;1388
2149;16305212000;16154800000;16654800000;1400;1388
2150;16305215000;16154800000;16654800000;1398;1386
2151;16305218000;16154800000;16654800000;1400;1388
2152;16305221000;16154800000;16654800000;1398;1386
2153;16305225000;16154800000;16654800000;1400;1388
2154;16305227000;16154800000;16654800000;1400;1388
2155;16305231000;16154811111;16654811111;982;970
2156;16346847000;16155122222;16655122222;1398;1386
2157;16346856000;16155122222;16655122222;1400;1388
2158;16346860000;16155122222;16655122222;1398;1386
2159;16346863000;16196466666;16696466666;1400;1388
2160;16346867000;16196466666;16696466666;1400;1388
2161;16346870000;16196466666;16696466666;1398;1386
2162;16346873000;16196466666;16696466666;1400;1388
2163;16346877000;16196466666;16696466666;1398;1386
2164;16346880000;16196466666;16696466666;1400;1388
2165;16346883000;16196466666;16696466666;1400;1388
2166;16346886000;16196477777;16696477777;982;970
2167;16388512000;16196800000;16696800000;1398;1386
2168;16388521000;16196800000;16696800000;1400;1388
2169;16388524000;16196800000;16696800000;1398;1386
2170;16388528000;16238144444;16738144444;1400;1388
2171;16388531000;16238144444;16738144444;1400;1388
2172;16388534000;16238144444;16738144444;1398;1386
2173;16388537000;16238144444;16738144444;1400;1388
2174;16388540000;16238144444;16738144444;1398;1386
2175;16388543000;16238144444;16738144444;1400;1388
2176;16388546000;16238144444;16738144444;1400;1388
2177;16388549000;16238155555;16738155555;982;970
2178;16430140000;16238477777;16738477777;1398;1386
2179;16430149000;16238477777;16738477777;1400;1388
2180;16430152000;16238477777;16738477777;1398;1386
2181;16430155000;16279800000;16779800000;1400;1388
2182;16430159000;16279800000;16779800000;1400;1388
2183;16430162000;16279800000;16779800000;1398;1386
2184;16430165000;16279800000;16779800000;1400;1388
2185;16430168000;16279800000;16779800000;1398;1386
2186;16430172000;16279800000;16779800000;1400;1388
2187;16430175000;16279800000;16779800000;1400;1388
2188;16430178000;16279811111;16779811111;982;970
2189;16471894000;16280111111;16780111111;1398;1386
2190;16471904000;16280111111;16780111111;1400;1388
2191;16471908000;16280111111;16780111111;1398;1386
2192;16471920000;16321466666;16821466666;1400;1388
2193;16471924000;16321466666;16821466666;1400;1388
2194;16471927000;16321466666;16821466666;1398;1386
2195;16471930000;16321466666;16821466666;1400;1388
2196;16471933000;16321466666;16821466666;1398;1386
2197;16471936000;16321466666;16821466666;1400;1388
2198;16471939000;16321466666;16821466666;1400;1388
2199;16471942000;16321477777;16821477777;982;970
2200;16513514000;16321800000;16821800000;1398;1386
2201;16513524000;16321800000;16821800000;1400;1388
2202;16513527000;16321800000;16821800000;1398;1386
2203;16513531000;16363133333;16863133333;1400;1388
2204;16513535000;16363133333;16863133333;1400;1388
2205;16513538000;16363133333;16863133333;1398;1386
2206;16513541000;16363133333;16863133333;1400;1388
2207;16513545000;16363133333;16863133333;1398;1386
2208;16513548000;16363133333;16863133333;1400;1388
2209;16513551000;16363133333;16863133333;1400;1388
2210;16513554000;16363155555;16863155555;982;970
2211;16555147000;16363455555;16863455555;1398;1386
2212;16555157000;16363455555;16863455555;1400;1388
2213;16555161000;16363455555;16863455555;1398;1386
2214;16555164000;16404800000;16904800000;1400;1388
2215;16555168000;16404800000;16904800000;1400;1388
2216;16555171000;16404800000;16904800000;1398;1386
2217;16555174000;16404800000;16904800000;1400;1388
2218;16555177000;16404800000;16904800000;1398;1386
2219;16555181000;16404800000;16904800000;1400;1388
2220;16555184000;16404800000;16904800000;1400;1388
2221;16555187000;16404811111;16904811111;982;970
2222;16596813000;16405111111;16905111111;1398;1386
2223;16596832000;16405111111;16905111111;1400;1388
2224;16596835000;16405111111;16905111111;1398;1386
2225;16596839000;16446466666;16946466666;1400;1388
2226;16596843000;16446466666;16946466666;1400;1388
2227;16596846000;16446466666;16946466666;1398;1386
2228;16596849000;16446466666;16946466666;1400;1388
2229;16596853000;16446466666;16946466666;1398;1386
2230;16596856000;16446466666;16946466666;1400;1388
2231;16596859000;16446466666;16946466666;1400;1388
2232;16596862000;16446477777;16946477777;982;970
2233;16638512000;16446788888;16946788888;1398;1386
2234;16638522000;16446788888;16946788888;1400;1388
2235;16638526000;16446788888;16946788888;1398;1386
2236;16638529000;16488133333;16988133333;1400;1388
2237;16638533000;16488133333;16988133333;1400;1388
2238;16638536000;16488133333;16988133333;1398;1386
2239;16638540000;16488133333;16988133333;1400;1388
2240;16638543000;16488133333;16988133333;1398;1386
2241;16638546000;16488133333;16988133333;1400;1388
2242;16638549000;16488133333;16988133333;1400;1388
2243;16638553000;16488155555;16988155555;982;970
2244;16680150000;16488455555;16988455555;1398;1386
2245;16680159000;16488455555;16988455555;1400;1388
2246;16680162000;16488455555;16988455555;1398;1386
2247;16680165000;16529788888;17029788888;1400;1388
2248;16680169000;16529788888;17029788888;1400;1388
2249;16680172000;16529788888;17029788888;1398;1386
2250;16680175000;16529788888;17029788888;1400;1388
2251;16680178000;16529788888;17029788888;1398;1386
2252;16680181000;16529788888;17029788888;1400;1388
2254;16680184000;16529800000;17029800000;982;970
2255;16721859000;16530100000;17030100000;1398;1386
2256;16721868000;16530100000;17030100000;1400;1388
2257;16721872000;16530100000;17030100000;1398;1386
2258;16721875000;16571455555;17071455555;1400;1388
2259;16721878000;16571455555;17071455555;1400;1388
2260;16721882000;16571455555;17071455555;1398;1386
2261;16721885000;16571455555;17071455555;1400;1388
2262;16721888000;16571455555;17071455555;1398;1386
2263;16721891000;16571455555;17071455555;1400;1388
2264;16721894000;16571455555;17071455555;1400;1388
2265;16721897000;16571466666;17071466666;982;970
2266;16763497000;16571800000;17071800000;1398;1386
2267;16763505000;16571800000;17071800000;1400;1388
2268;16763509000;16571800000;17071800000;1398;1386
2269;16763512000;16613122222;17113122222;1400;1388
2270;16763515000;16613122222;17113122222;1400;1388
2271;16763518000;16613122222;17113122222;1398;1386
2272;16763521000;16613122222;17113122222;1400;1388
2273;16763524000;16613122222;17113122222;1398;1386
2274;16763527000;16613122222;17113122222;1400;1388
2275;16763530000;16613122222;17113122222;1400;1388
2276;16763532000;16613133333;17113133333;982;970
2277;16805187000;16613466666;17113466666;1398;1386
2278;16805196000;16613466666;17113466666;1400;1388
2279;16805199000;16613466666;17113466666;1398;1386
2280;16805202000;16654800000;17154800000;1400;1388
2281;16805206000;16654800000;17154800000;1400;1388
2282;16805209000;16654800000;17154800000;1398;1386
2283;16805212000;16654800000;17154800000;1400;1388
2284;16805215000;16654800000;17154800000;1398;1386
2285;16805218000;16654800000;17154800000;1400;1388
2286;16805221000;16654800000;17154800000;1400;1388
2287;16805223000;16654811111;17154811111;982;970
2288;16846848000;16655144444;17155144444;1398;1386
2289;16846858000;16655144444;17155144444;1400;1388
2290;16846862000;16655144444;17155144444;1398;1386
2291;16846865000;16696466666;17196466666;1400;1388
2292;16846869000;16696466666;17196466666;1400;1388
2293;16846872000;16696466666;17196466666;1398;1386
2294;16846876000;16696466666;17196466666;1400;1388
2295;16846879000;16696466666;17196466666;1398;1386
2296;16846882000;16696466666;17196466666;1400;1388
2297;16846885000;16696466666;17196466666;1400;1388
2298;16846889000;16696477777;17196477777;982;970
2299;16888512000;16696788888;17196788888;1398;1386
2300;16888521000;16696788888;17196788888;1400;1388
2301;16888524000;16696788888;17196788888;1398;1386
2302;16888527000;16738133333;17238133333;1400;1388
2303;16888531000;16738133333;17238133333;1400;1388
2304;16888534000;16738133333;17238133333;1398;1386
2305;16888546000;16738133333;17238133333;1400;1388
2306;16888549000;16738133333;17238133333;1398;1386
2307;16888552000;16738133333;17238133333;1400;1388
2308;16888555000;16738133333;17238133333;1400;1388
2309;16888558000;16738155555;17238155555;982;970
2310;16930137000;16738444444;17238444444;1398;1386
2311;16930146000;16738444444;17238444444;1400;1388
2312;16930150000;16738444444;17238444444;1398;1386
2313;16930153000;16779800000;17279800000;1400;1388
2314;16930156000;16779800000;17279800000;1400;1388
2315;16930159000;16779800000;17279800000;1398;1386
2316;16930162000;16779800000;17279800000;1400;1388
2317;16930165000;16779800000;17279800000;1398;1386
2318;16930168000;16779800000;17279800000;1400;1388
2319;16930171000;16779800000;17279800000;1400;1388
2320;16930174000;16779811111;17279811111;982;970
2321;16971792000;16780100000;17280100000;1398;1386
2322;16971799000;16780100000;17280100000;1400;1388
2323;16971803000;16780100000;17280100000;1398;1386
2324;16971806000;16821466666;17321466666;1400;1388
2325;16971809000;16821466666;17321466666;1400;1388
2326;16971822000;16821466666;17321466666;1398;1386
2327;16971826000;16821466666;17321466666;1400;1388
2328;16971829000;16821466666;17321466666;1398;1386
2329;16971831000;16821466666;17321466666;1400;1388
2330;16971834000;16821466666;17321466666;1400;1388
2331;16971837000;16821477777;17321477777;982;970
2332;17013494000;16821811111;17321811111;1398;1386
2333;17013503000;16821811111;17321811111;1400;1388
2334;17013507000;16821811111;17321811111;1398;1386
2335;17013510000;16863133333;17363133333;1400;1388
2336;17013514000;16863133333;17363133333;1400;1388
2337;17013517000;16863133333;17363133333;1398;1386
2338;17013520000;16863133333;17363133333;1400;1388
2339;17013524000;16863133333;17363133333;1398;1386
2340;17013527000;16863133333;17363133333;1400;1388
2341;17013530000;16863133333;17363133333;1400;1388
2342;17013533000;16863155555;17363155555;982;970
2343;17055167000;16863466666;17363466666;1398;1386
2344;17055176000;16863466666;17363466666;1400;1388
2345;17055180000;16863466666;17363466666;1398;1386
2346;17055183000;16904788888;17404788888;1400;1388
2347;17055186000;16904788888;17404788888;1400;1388
2348;17055189000;16904788888;17404788888;1398;1386
2349;17055192000;16904788888;17404788888;1400;1388
2350;17055195000;16904788888;17404788888;1398;1386
2351;17055198000;16904788888;17404788888;1400;1388
2352;17055201000;16904788888;17404788888;1400;1388
2353;17055204000;16904800000;17404800000;982;970
2354;17096834000;16905122222;17405122222;1398;1386
2355;17096843000;16905122222;17405122222;1400;1388
2356;17096847000;16905122222;17405122222;1398;1386
2357;17096850000;16946455555;17446455555;1400;1388
2358;17096853000;16946455555;17446455555;1400;1388
2359;17096857000;16946455555;17446455555;1398;1386
2360;17096860000;16946455555;17446455555;1400;1388
2361;17096863000;16946455555;17446455555;1398;1386
2362;17096866000;16946455555;17446455555;1400;1388
2363;17096869000;16946455555;17446455555;1400;1388
2364;17096872000;16946466666;17446466666;982;970
2365;17138501000;16946800000;17446800000;1398;1386
2366;17138510000;16946800000;17446800000;1400;1388
2367;17138513000;16946800000;17446800000;1398;1386
2368;17138517000;16988122222;17488122222;1400;1388
2369;17138520000;16988122222;17488122222;1400;1388
2370;17138523000;16988122222;17488122222;1398;1386
2371;17138526000;16988122222;17488122222;1400;1388
2372;17138530000;16988122222;17488122222;1398;1386
2373;17138533000;16988122222;17488122222;1400;1388
2374;17138536000;16988122222;17488122222;1400;1388
2375;17138539000;16988133333;17488133333;982;970
2376;17180148000;16988444444;17488444444;1398;1386
2377;17180158000;16988444444;17488444444;1400;1388
2379;17180162000;17029800000;17529800000;1400;1388
2380;17180167000;17029800000;17529800000;1400;1388
2381;17180171000;17029800000;17529800000;1398;1386
2382;17180175000;17029800000;17529800000;1400;1388
2383;17180178000;17029800000;17529800000;1398;1386
2384;17180181000;17029800000;17529800000;1400;1388
2385;17180184000;17029800000;17529800000;1400;1388
2386;17180197000;17029811111;17529811111;982;970
2387;17221815000;17030088888;17530088888;1398;1386
2388;17221824000;17030088888;17530088888;1400;1388
2389;17221828000;17030088888;17530088888;1398;1386
2390;17221832000;17071466666;17571466666;1400;1388
2391;17221835000;17071466666;17571466666;1400;1388
2392;17221839000;17071466666;17571466666;1398;1386
2393;17221842000;17071466666;17571466666;1400;1388
2394;17221845000;17071466666;17571466666;1398;1386
2395;17221849000;17071466666;17571466666;1400;1388
2396;17221852000;17071466666;17571466666;1400;1388
2397;17221855000;17071477777;17571477777;982;970
2398;17263481000;17071800000;17571800000;1398;1386
2399;17263490000;17071800000;17571800000;1400;1388
2400;17263494000;17071800000;17571800000;1398;1386
2401;17263497000;17113133333;17613133333;1400;1388
2402;17263500000;17113133333;17613133333;1400;1388
2403;17263503000;17113133333;17613133333;1398;1386
2404;17263506000;17113133333;17613133333;1400;1388
2406;17263510000;17113133333;17613133333;1400;1388
2407;17263515000;17113133333;17613133333;1400;1388
2408;17263528000;17113155555;17613155555;982;970
2409;17305130000;17113444444;17613444444;1398;1386
2410;17305138000;17113444444;17613444444;1400;1388
2411;17305142000;17113444444;17613444444;1398;1386
2412;17305145000;17154788888;17654788888;1400;1388
2413;17305148000;17154788888;17654788888;1400;1388
2414;17305151000;17154788888;17654788888;1398;1386
2416;17305154000;17154788888;17654788888;1398;1386
2417;17305157000;17154788888;17654788888;1400;1388
2418;17305160000;17154788888;17654788888;1400;1388
2419;17305163000;17154800000;17654800000;982;970
2420;17346817000;17155111111;17655111111;1398;1386
2421;17346826000;17155111111;17655111111;1400;1388
2422;17346829000;17155111111;17655111111;1398;1386
2423;17346833000;17196455555;17696455555;1400;1388
2424;17346836000;17196455555;17696455555;1400;1388
2425;17346839000;17196455555;17696455555;1398;1386
2426;17346842000;17196455555;17696455555;1400;1388
2427;17346845000;17196455555;17696455555;1398;1386
2428;17346848000;17196455555;17696455555;1400;1388
2429;17346852000;17196455555;17696455555;1400;1388
2430;17346855000;17196466666;17696466666;982;970
2431;17388471000;17196788888;17696788888;1398;1386
2432;17388480000;17196788888;17696788888;1400;1388
2433;17388484000;17196788888;17696788888;1398;1386
2434;17388488000;17238122222;17738122222;1400;1388
2435;17388491000;17238122222;17738122222;1400;1388
2436;17388494000;17238122222;17738122222;1398;1386
2437;17388498000;17238122222;17738122222;1400;1388
2438;17388501000;17238122222;17738122222;1398;1386
2439;17388504000;17238122222;17738122222;1400;1388
2440;17388507000;17238122222;17738122222;1400;1388
2441;17388510000;17238133333;17738133333;982;970
2442;17430169000;17238455555;17738455555;1398;1386
2444;17430180000;17238455555;17738455555;1398;1386
2445;17430186000;17279788888;17779788888;1400;1388
2446;17430190000;17279788888;17779788888;1400;1388
2447;17430194000;17279788888;17779788888;1398;1386
2448;17430198000;17279788888;17779788888;1400;1388
2449;17430201000;17279788888;17779788888;1398;1386
2450;17430204000;17279788888;17779788888;1400;1388
2451;17430207000;17279788888;17779788888;1400;1388
2452;17430211000;17279800000;17779800000;982;970
2453;17471835000;17280100000;17780100000;1398;1386
2454;17471844000;17280100000;17780100000;1400;1388
2455;17471848000;17280100000;17780100000;1398;1386
2456;17471851000;17321455555;17821455555;1400;1388
2457;17471854000;17321455555;17821455555;1400;1388
2458;17471857000;17321455555;17821455555;1398;1386
2459;17471860000;17321455555;17821455555;1400;1388
2460;17471863000;17321455555;17821455555;1398;1386
2461;17471866000;17321455555;17821455555;1400;1388
2462;17471869000;17321455555;17821455555;1400;1388
2463;17471872000;17321466666;17821466666;982;970
2464;17513503000;17321788888;17821788888;1398;1386
2465;17513512000;17321788888;17821788888;1400;1388
2466;17513516000;17321788888;17821788888;1398;1386
2467;17513519000;17363122222;17863122222;1400;1388
2468;17513523000;17363122222;17863122222;1400;1388
2469;17513526000;17363122222;17863122222;1398;1386
2470;17513538000;17363122222;17863122222;1400;1388
2471;17513541000;17363122222;17863122222;1398;1386
2472;17513544000;17363122222;17863122222;1400;1388
2473;17513547000;17363122222;17863122222;1400;1388
2474;17513550000;17363133333;17863133333;982;970
2475;17555177000;17363444444;17863444444;1398;1386
2476;17555186000;17363444444;17863444444;1400;1388
2477;17555189000;17363444444;17863444444;1398;1386
2478;17555192000;17404800000;17904800000;1400;1388
2479;17555195000;17404800000;17904800000;1400;1388
2480;17555199000;17404800000;17904800000;1398;1386
2481;17555202000;17404800000;17904800000;1400;1388
2482;17555205000;17404800000;17904800000;1398;1386
2483;17555208000;17404800000;17904800000;1400;1388
2484;17555211000;17404800000;17904800000;1400;1388
2485;17555214000;17404811111;17904811111;982;970
2486;17596849000;17405100000;17905100000;1398;1386
2487;17596857000;17405100000;17905100000;1400;1388
2488;17596861000;17405100000;17905100000;1398;1386
2489;17596864000;17446477777;17946477777;1400;1388
2490;17596868000;17446477777;17946477777;1400;1388
2491;17596871000;17446477777;17946477777;1398;1386
2492;17596874000;17446477777;17946477777;1400;1388
2493;17596877000;17446477777;17946477777;1398;1386
2494;17596880000;17446477777;17946477777;1400;1388
2495;17596883000;17446477777;17946477777;1400;1388
2496;17596886000;17446488888;17946488888;982;970
2497;17638512000;17446800000;17946800000;1398;1386
2498;17638521000;17446800000;17946800000;1400;1388
2499;17638524000;17446800000;17946800000;1398;1386
2500;17638528000;17488133333;17988133333;1400;1388
2501;17638531000;17488133333;17988133333;1400;1388
2503;17638534000;17488133333;17988133333;1400;1388
2504;17638540000;17488133333;17988133333;1398;1386
2505;17638553000;17488133333;17988133333;1400;1388
2506;17638557000;17488133333;17988133333;1400;1388
2507;17638566000;17488155555;17988155555;982;970
2508;17680145000;17488455555;17988455555;1398;1386
2509;17680154000;17488455555;17988455555;1400;1388
2510;17680157000;17488455555;17988455555;1398;1386
2511;17680160000;17529800000;18029800000;1400;1388
2512;17680164000;17529800000;18029800000;1400;1388
2516;17680167000;17529800000;18029800000;1400;1388
2517;17680171000;17529800000;18029800000;1400;1388
2518;17680174000;17529811111;18029811111;982;970
2519;17721814000;17530088888;18030088888;1398;1386
2520;17721823000;17530088888;18030088888;1400;1388
2521;17721826000;17530088888;18030088888;1398;1386
2522;17721830000;17571466666;18071466666;1400;1388
2523;17721833000;17571466666;18071466666;1400;1388
2524;17721836000;17571466666;18071466666;1398;1386
2525;17721839000;17571466666;18071466666;1400;1388
2526;17721842000;17571466666;18071466666;1398;1386
2527;17721845000;17571466666;18071466666;1400;1388
2528;17721848000;17571466666;18071466666;1400;1388
2529;17721851000;17571477777;18071477777;982;970
2530;17763491000;17571800000;18071800000;1398;1386
2531;17763500000;17571800000;18071800000;1400;1388
2532;17763504000;17571800000;18071800000;1398;1386
2533;17763507000;17613133333;18113133333;1400;1388
2534;17763510000;17613133333;18113133333;1400;1388
2535;17763514000;17613133333;18113133333;1398;1386
2536;17763517000;17613133333;18113133333;1400;1388
2537;17763520000;17613133333;18113133333;1398;1386
2538;17763523000;17613133333;18113133333;1400;1388
2539;17763526000;17613133333;18113133333;1400;1388
2540;17763529000;17613155555;18113155555;982;970
2541;17805189000;17613466666;18113466666;1398;1386
2542;17805198000;17613466666;18113466666;1400;1388
2543;17805202000;17613466666;18113466666;1398;1386
2544;17805205000;17654788888;18154788888;1400;1388
2545;17805209000;17654788888;18154788888;1400;1388
2546;17805212000;17654788888;18154788888;1398;1386
2547;17805215000;17654788888;18154788888;1400;1388
2548;17805219000;17654788888;18154788888;1398;1386
2549;17805222000;17654788888;18154788888;1400;1388
2550;17805225000;17654788888;18154788888;1400;1388
2551;17805228000;17654800000;18154800000;982;970
2552;17846835000;17655133333;18155133333;1398;1386
2553;17846845000;17655133333;18155133333;1400;1388
2554;17846858000;17655133333;18155133333;1398;1386
2555;17846862000;17696455555;18196455555;1400;1388
2556;17846865000;17696455555;18196455555;1400;1388
2557;17846869000;17696455555;18196455555;1398;1386
2558;17846872000;17696455555;18196455555;1400;1388
2559;17846875000;17696455555;18196455555;1398;1386
2560;17846878000;17696455555;18196455555;1400;1388
2561;17846881000;17696455555;18196455555;1400;1388
2562;17846885000;17696466666;18196466666;982;970
2563;17888511000;17696777777;18196777777;1398;1386
2564;17888520000;17696777777;18196777777;1400;1388
2565;17888524000;17696777777;18196777777;1398;1386
2566;17888527000;17738133333;18238133333;1400;1388
2567;17888530000;17738133333;18238133333;1400;1388
2568;17888534000;17738133333;18238133333;1398;1386
2569;17888537000;17738133333;18238133333;1400;1388
2570;17888540000;17738133333;18238133333;1398;1386
2571;17888543000;17738133333;18238133333;1400;1388
2572;17888546000;17738133333;18238133333;1400;1388
2573;17888549000;17738155555;18238155555;982;970
2574;17930167000;17738444444;18238444444;1398;1386
2575;17930176000;17738444444;18238444444;1400;1388
2576;17930179000;17738444444;18238444444;1398;1386
2577;17930182000;17779788888;18279788888;1400;1388
2578;17930186000;17779788888;18279788888;1400;1388
2579;17930189000;17779788888;18279788888;1398;1386
2580;17930192000;17779788888;18279788888;1400;1388
2581;17930195000;17779788888;18279788888;1398;1386
2582;17930198000;17779788888;18279788888;1400;1388
2583;17930201000;17779788888;18279788888;1400;1388
2584;17930204000;17779800000;18279800000;982;970
2587;17971824000;17780088888;18280088888;1398;1386
2588;17971836000;17821466666;18321466666;1400;1388
2589;17971840000;17821466666;18321466666;1400;1388
2590;17971844000;17821466666;18321466666;1398;1386
2591;17971847000;17821466666;18321466666;1400;1388
2592;17971851000;17821466666;18321466666;1398;1386
2593;17971854000;17821466666;18321466666;1400;1388
2594;17971857000;17821466666;18321466666;1400;1388
2597;18013534000;17821800000;18321800000;1400;1388
2599;18013546000;17863133333;18363133333;1400;1388
2600;18013550000;17863133333;18363133333;1400;1388
2601;18013553000;17863133333;18363133333;1398;1386
2602;18013557000;17863133333;18363133333;1400;1388
2603;18013560000;17863133333;18363133333;1398;1386
2604;18013563000;17863133333;18363133333;1400;1388
2605;18013567000;17863133333;18363133333;1400;1388
2606;18013570000;17863155555;18363155555;982;970
2607;18055173000;17863455555;18363455555;1398;1386
2608;18055181000;17863455555;18363455555;1400;1388
2609;18055185000;17863455555;18363455555;1398;1386
2610;18055188000;17904800000;18404800000;1400;1388
2611;18055191000;17904800000;18404800000;1400;1388
2612;18055194000;17904800000;18404800000;1398;1386
2613;18055197000;17904800000;18404800000;1400;1388
2614;18055200000;17904800000;18404800000;1398;1386
2615;18055203000;17904800000;18404800000;1400;1388
2616;18055206000;17904800000;18404800000;1400;1388
2617;18055208000;17904811111;18404811111;982;970
2618;18096855000;17905111111;18405111111;1398;1386
2619;18096863000;17905111111;18405111111;1400;1388
2620;18096866000;17905111111;18405111111;1398;1386
2621;18096869000;17946466666;18446466666;1400;1388
2622;18096872000;17946466666;18446466666;1400;1388
2623;18096876000;17946466666;18446466666;1398;1386
2624;18096878000;17946466666;18446466666;1400;1388
2625;18096881000;17946466666;18446466666;1398;1386
2626;18096885000;17946466666;18446466666;1400;1388
2627;18096887000;17946466666;18446466666;1400;1388
2628;18096890000;17946477777;18446477777;982;970
2629;18138525000;17946800000;18446800000;1398;1386
2630;18138534000;17946800000;18446800000;1400;1388
2631;18138537000;17946800000;18446800000;1398;1386
2632;18138540000;17988133333;18488133333;1400;1388
2633;18138544000;17988133333;18488133333;1400;1388
2634;18138547000;17988133333;18488133333;1398;1386
2635;18138550000;17988133333;18488133333;1400;1388
2636;18138553000;17988133333;18488133333;1398;1386
2637;18138556000;17988133333;18488133333;1400;1388
2638;18138559000;17988133333;18488133333;1400;1388
2639;18138562000;17988155555;18488155555;982;970
2640;18180148000;17988433333;18488433333;1398;1386
2641;18180157000;17988433333;18488433333;1400;1388
2642;18180160000;17988433333;18488433333;1398;1386
2643;18180164000;18029800000;18529800000;1400;1388
2645;18180167000;18029800000;18529800000;1398;1386
2646;18180172000;18029800000;18529800000;1400;1388
2647;18180186000;18029800000;18529800000;1398;1386
2648;18180189000;18029800000;18529800000;1400;1388
2649;18180198000;18029800000;18529800000;1400;1388
2650;18180201000;18029811111;18529811111;982;970
2651;18221815000;18030066666;18530066666;1398;1386
2652;18221824000;18030066666;18530066666;1400;1388
2653;18221828000;18030066666;18530066666;1398;1386
2654;18221832000;18071466666;18571466666;1400;1388
2655;18221835000;18071466666;18571466666;1400;1388
2656;18221839000;18071466666;18571466666;1398;1386
2657;18221842000;18071466666;18571466666;1400;1388
2658;18221845000;18071466666;18571466666;1398;1386
2659;18221848000;18071466666;18571466666;1400;1388
2660;18221851000;18071466666;18571466666;1400;1388
2661;18221855000;18071477777;18571477777;982;970
2662;18263513000;18071777777;18571777777;1398;1386
2663;18263522000;18071777777;18571777777;1400;1388
2664;18263526000;18071777777;18571777777;1398;1386
2665;18263529000;18113133333;18613133333;1400;1388
2666;18263533000;18113133333;18613133333;1400;1388
2668;18263536000;18113133333;18613133333;1400;1388
2669;18263542000;18113133333;18613133333;1398;1386
2670;18263551000;18113133333;18613133333;1400;1388
2671;18263554000;18113133333;18613133333;1400;1388
2672;18263558000;18113155555;18613155555;982;970
2673;18305170000;18113411111;18613411111;1398;1386
2674;18305180000;18113411111;18613411111;1400;1388
2675;18305183000;18113411111;18613411111;1398;1386
2676;18305187000;18154788888;18654788888;1400;1388
2677;18305190000;18154788888;18654788888;1400;1388
2678;18305194000;18154788888;18654788888;1398;1386
2679;18305197000;18154788888;18654788888;1400;1388
2680;18305201000;18154788888;18654788888;1398;1386
2681;18305204000;18154788888;18654788888;1400;1388
2682;18305207000;18154788888;18654788888;1400;1388
2683;18305210000;18154800000;18654800000;982;970
2684;18346835000;18155088888;18655088888;1398;1386
2686;18346844000;18155088888;18655088888;1398;1386
2687;18346850000;18196455555;18696455555;1400;1388
2688;18346859000;18196455555;18696455555;1400;1388
2689;18346863000;18196455555;18696455555;1398;1386
2690;18346866000;18196455555;18696455555;1400;1388
2691;18346869000;18196455555;18696455555;1398;1386
2692;18346872000;18196455555;18696455555;1400;1388
2693;18346876000;18196455555;18696455555;1400;1388
2694;18346879000;18196466666;18696466666;982;970
2695;18388515000;18196766666;18696766666;1398;1386
2696;18388523000;18196766666;18696766666;1400;1388
2697;18388527000;18196766666;18696766666;1398;1386
2698;18388530000;18238144444;18738144444;1400;1388
2699;18388534000;18238144444;18738144444;1400;1388
2700;18388536000;18238144444;18738144444;1398;1386
2701;18388539000;18238144444;18738144444;1400;1388
2702;18388542000;18238144444;18738144444;1398;1386
2703;18388545000;18238144444;18738144444;1400;1388
2704;18388548000;18238144444;18738144444;1400;1388
2705;18388551000;18238155555;18738155555;982;970
2706;18430147000;18238433333;18738433333;1398;1386
2707;18430156000;18238433333;18738433333;1400;1388
2708;18430160000;18238433333;18738433333;1398;1386
2709;18430163000;18279800000;18779800000;1400;1388
2710;18430166000;18279800000;18779800000;1400;1388
2711;18430169000;18279800000;18779800000;1398;1386
2712;18430173000;18279800000;18779800000;1400;1388
2713;18430176000;18279800000;18779800000;1398;1386
2714;18430179000;18279800000;18779800000;1400;1388
2715;18430182000;18279800000;18779800000;1400;1388
2716;18430185000;18279811111;18779811111;982;970
2717;18471815000;18280077777;18780077777;1398;1386
2718;18471824000;18280077777;18780077777;1400;1388
2719;18471828000;18280077777;18780077777;1398;1386
2720;18471831000;18321466666;18821466666;1400;1388
2721;18471834000;18321466666;18821466666;1400;1388
2722;18471837000;18321466666;18821466666;1398;1386
2723;18471840000;18321466666;18821466666;1400;1388
2724;18471852000;18321466666;18821466666;1398;1386
2725;18471855000;18321466666;18821466666;1400;1388
2726;18471858000;18321466666;18821466666;1400;1388
2727;18471861000;18321477777;18821477777;982;970
2728;18513482000;18321777777;18821777777;1398;1386
2729;18513490000;18321777777;18821777777;1400;1388
2730;18513494000;18321777777;18821777777;1398;1386
2731;18513497000;18363133333;18863133333;1400;1388
2732;18513501000;18363133333;18863133333;1400;1388
2733;18513504000;18363133333;18863133333;1398;1386
2734;18513507000;18363133333;18863133333;1400;1388
2735;18513510000;18363133333;18863133333;1398;1386
2736;18513513000;18363133333;18863133333;1400;1388
2737;18513516000;18363133333;18863133333;1400;1388
2738;18513519000;18363155555;18863155555;982;970
2739;18555138000;18363422222;18863422222;1398;1386
2740;18555147000;18363422222;18863422222;1400;1388
2741;18555151000;18363422222;18863422222;1398;1386
2742;18555154000;18404788888;18904788888;1400;1388
2743;18555158000;18404788888;18904788888;1400;1388
2744;18555161000;18404788888;18904788888;1398;1386
2745;18555164000;18404788888;18904788888;1400;1388
2746;18555167000;18404788888;18904788888;1398;1386
2747;18555171000;18404788888;18904788888;1400;1388
2748;18555174000;18404788888;18904788888;1400;1388
2749;18555178000;18404800000;18904800000;982;970
2750;18596804000;18405077777;18905077777;1398;1386
2751;18596813000;18405077777;18905077777;1400;1388
2752;18596818000;18405077777;18905077777;1398;1386
2753;18596821000;18446455555;18946455555;1400;1388
2754;18596825000;18446455555;18946455555;1400;1388
2755;18596828000;18446455555;18946455555;1398;1386
2756;18596831000;18446455555;18946455555;1400;1388
2757;18596834000;18446455555;18946455555;1398;1386
2758;18596837000;18446455555;18946455555;1400;1388
2759;18596840000;18446455555;18946455555;1400;1388
2760;18596844000;18446466666;18946466666;982;970
2761;18638501000;18446755555;18946755555;1398;1386
2762;18638510000;18446755555;18946755555;1400;1388
2763;18638514000;18446755555;18946755555;1398;1386
2764;18638518000;18488122222;18988122222;1400;1388
2765;18638521000;18488122222;18988122222;1400;1388
2766;18638525000;18488122222;18988122222;1398;1386
2767;18638528000;18488122222;18988122222;1400;1388
2768;18638531000;18488122222;18988122222;1398;1386
2769;18638534000;18488122222;18988122222;1400;1388
2770;18638538000;18488122222;18988122222;1400;1388
2771;18638541000;18488133333;18988133333;982;970
2772;18680131000;18488433333;18988433333;1398;1386
2773;18680140000;18488433333;18988433333;1400;1388
2774;18680144000;18488433333;18988433333;1398;1386
2775;18680147000;18529788888;19029788888;1400;1388
2776;18680151000;18529788888;19029788888;1400;1388
2777;18680154000;18529788888;19029788888;1398;1386
2778;18680157000;18529788888;19029788888;1400;1388
2779;18680160000;18529788888;19029788888;1398;1386
2780;18680163000;18529788888;19029788888;1400;1388
2781;18680166000;18529788888;19029788888;1400;1388
2782;18680170000;18529800000;19029800000;982;970
2783;18721830000;18530066666;19030066666;1398;1386
2784;18721839000;18530066666;19030066666;1400;1388
2785;18721843000;18530066666;19030066666;1398;1386
2786;18721846000;18571455555;19071455555;1400;1388
2787;18721849000;18571455555;19071455555;1400;1388
2788;18721853000;18571455555;19071455555;1398;1386
2789;18721856000;18571455555;19071455555;1400;1388
2790;18721859000;18571455555;19071455555;1398;1386
2791;18721862000;18571455555;19071455555;1400;1388
2792;18721864000;18571455555;19071455555;1400;1388
2793;18721868000;18571466666;19071466666;982;970
2794;18763497000;18571777777;19071777777;1398;1386
2795;18763505000;18571777777;19071777777;1400;1388
2796;18763508000;18571777777;19071777777;1398;1386
2797;18763511000;18613122222;19113122222;1400;1388
2798;18763514000;18613122222;19113122222;1400;1388
2799;18763518000;18613122222;19113122222;1398;1386
2800;18763521000;18613122222;19113122222;1400;1388
2801;18763524000;18613122222;19113122222;1398;1386
2802;18763527000;18613122222;19113122222;1400;1388
2803;18763530000;18613122222;19113122222;1400;1388
2804;18763541000;18613133333;19113133333;982;970
2805;18805179000;18613444444;19113444444;1398;1386
2806;18805188000;18613444444;19113444444;1400;1388
2807;18805191000;18613444444;19113444444;1398;1386
2808;18805194000;18654800000;19154800000;1400;1388
2809;18805198000;18654800000;19154800000;1400;1388
2810;18805201000;18654800000;19154800000;1398;1386
2811;18805204000;18654800000;19154800000;1400;1388
2812;18805207000;18654800000;19154800000;1398;1386
2813;18805210000;18654800000;19154800000;1400;1388
2814;18805212000;18654800000;19154800000;1400;1388
2815;18805215000;18654811111;19154811111;982;970
2816;18846836000;18655122222;19155122222;1398;1386
2817;18846845000;18655122222;19155122222;1400;1388
2818;18846849000;18655122222;19155122222;1398;1386
2819;18846853000;18696455555;19196455555;1400;1388
2820;18846856000;18696455555;19196455555;1400;1388
2822;18846859000;18696455555;19196455555;1400;1388
2823;18846865000;18696455555;19196455555;1398;1386
2824;18846874000;18696455555;19196455555;1400;1388
2825;18846877000;18696455555;19196455555;1400;1388
2826;18846881000;18696466666;19196466666;982;970
2827;18888513000;18696755555;19196755555;1398;1386
2828;18888523000;18696755555;19196755555;1400;1388
2829;18888526000;18696755555;19196755555;1398;1386
2830;18888530000;18738133333;19238133333;1400;1388
2831;18888533000;18738133333;19238133333;1400;1388
2832;18888537000;18738133333;19238133333;1398;1386
2833;18888540000;18738133333;19238133333;1400;1388
2834;18888544000;18738133333;19238133333;1398;1386
2835;18888547000;18738133333;19238133333;1400;1388
2836;18888550000;18738133333;19238133333;1400;1388
2837;18888553000;18738155555;19238155555;982;970
2838;18930181000;18738411111;19238411111;1398;1386
2839;18930190000;18738411111;19238411111;1400;1388
2840;18930194000;18738411111;19238411111;1398;1386
2841;18930197000;18779800000;19279800000;1400;1388
2842;18930201000;18779800000;19279800000;1400;1388
2843;18930204000;18779800000;19279800000;1398;1386
2844;18930208000;18779800000;19279800000;1400;1388
2845;18930211000;18779800000;19279800000;1398;1386
2846;18930214000;18779800000;19279800000;1400;1388
2847;18930217000;18779800000;19279800000;1400;1388
2848;18930220000;18779811111;19279811111;982;970
2849;18971850000;18780077777;19280077777;1398;1386
2850;18971859000;18780077777;19280077777;1400;1388
2851;18971863000;18780077777;19280077777;1398;1386
2852;18971867000;18821466666;19321466666;1400;1388
2853;18971870000;18821466666;19321466666;1400;1388
2854;18971874000;18821466666;19321466666;1398;1386
2855;18971877000;18821466666;19321466666;1400;1388
2856;18971880000;18821466666;19321466666;1398;1386
2857;18971883000;18821466666;19321466666;1400;1388
2858;18971887000;18821466666;19321466666;1400;1388
2859;18971890000;18821477777;19321477777;982;970
2860;19013512000;18821788888;19321788888;1398;1386
2861;19013521000;18821788888;19321788888;1400;1388
2862;19013525000;18821788888;19321788888;1398;1386
2863;19013529000;18863133333;19363133333;1400;1388
2864;19013532000;18863133333;19363133333;1400;1388
2865;19013535000;18863133333;19363133333;1398;1386
2866;19013539000;18863133333;19363133333;1400;1388
2868;19013542000;18863133333;19363133333;1400;1388
2869;19013548000;18863133333;19363133333;1400;1388
2870;19013552000;18863155555;19363155555;982;970
2871;19055154000;18863433333;19363433333;1398;1386
2872;19055162000;18863433333;19363433333;1400;1388
2873;19055166000;18863433333;19363433333;1398;1386
2874;19055169000;18904800000;19404800000;1400;1388
2875;19055172000;18904800000;19404800000;1400;1388
2876;19055176000;18904800000;19404800000;1398;1386
2877;19055179000;18904800000;19404800000;1400;1388
2878;19055182000;18904800000;19404800000;1398;1386
2879;19055185000;18904800000;19404800000;1400;1388
2880;19055188000;18904800000;19404800000;1400;1388
2881;19055191000;18904811111;19404811111;982;970
2882;19096868000;18905100000;19405100000;1398;1386
2883;19096877000;18905100000;19405100000;1400;1388
2884;19096881000;18905100000;19405100000;1398;1386
2885;19096884000;18946466666;19446466666;1400;1388
2886;19096888000;18946466666;19446466666;1400;1388
2887;19096901000;18946466666;19446466666;1398;1386
2888;19096904000;18946466666;19446466666;1400;1388
2889;19096907000;18946466666;19446466666;1398;1386
2890;19096910000;18946466666;19446466666;1400;1388
2891;19096913000;18946466666;19446466666;1400;1388
2892;19096916000;18946477777;19446477777;982;970
2893;19138497000;18946777777;19446777777;1398;1386
2894;19138505000;18946777777;19446777777;1400;1388
2895;19138509000;18946777777;19446777777;1398;1386
2896;19138512000;18988133333;19488133333;1400;1388
2897;19138515000;18988133333;19488133333;1400;1388
2898;19138518000;18988133333;19488133333;1398;1386
2899;19138521000;18988133333;19488133333;1400;1388
2900;19138524000;18988133333;19488133333;1398;1386
2901;19138527000;18988133333;19488133333;1400;1388
2902;19138530000;18988133333;19488133333;1400;1388
2903;19138533000;18988155555;19488155555;982;970
2904;19180169000;18988411111;19488411111;1398;1386
2905;19180178000;18988411111;19488411111;1400;1388
2906;19180181000;18988411111;19488411111;1398;1386
2907;19180185000;19029800000;19529800000;1400;1388
2908;19180188000;19029800000;19529800000;1400;1388
2909;19180191000;19029800000;19529800000;1398;1386
2910;19180194000;19029800000;19529800000;1400;1388
2911;19180197000;19029800000;19529800000;1398;1386
2912;19180200000;19029800000;19529800000;1400;1388
2913;19180203000;19029800000;19529800000;1400;1388
2914;19180206000;19029811111;19529811111;982;970
2915;19221817000;19030055555;19530055555;1398;1386
2916;19221826000;19030055555;19530055555;1400;1388
2917;19221829000;19030055555;19530055555;1398;1386
2918;19221832000;19071466666;19571466666;1400;1388
2919;19221836000;19071466666;19571466666;1400;1388
2920;19221839000;19071466666;19571466666;1398;1386
2921;19221842000;19071466666;19571466666;1400;1388
2922;19221845000;19071466666;19571466666;1398;1386
2923;19221848000;19071466666;19571466666;1400;1388
2924;19221852000;19071466666;19571466666;1400;1388
2925;19221854000;19071477777;19571477777;982;970
2926;19263482000;19071766666;19571766666;1398;1386
2927;19263491000;19071766666;19571766666;1400;1388
2928;19263495000;19071766666;19571766666;1398;1386
2929;19263499000;19113133333;19613133333;1400;1388
2930;19263502000;19113133333;19613133333;1400;1388
2931;19263505000;19113133333;19613133333;1398;1386
2932;19263509000;19113133333;19613133333;1400;1388
2933;19263512000;19113133333;19613133333;1398;1386
2934;19263515000;19113133333;19613133333;1400;1388
2935;19263518000;19113133333;19613133333;1400;1388
2936;19263521000;19113155555;19613155555;982;970
2937;19305138000;19113400000;19613400000;1398;1386
2938;19305147000;19113400000;19613400000;1400;1388
2939;19305151000;19113400000;19613400000;1398;1386
2940;19305154000;19154788888;19654788888;1400;1388
2941;19305158000;19154788888;19654788888;1400;1388
2942;19305161000;19154788888;19654788888;1398;1386
2943;19305164000;19154788888;19654788888;1400;1388
2944;19305168000;19154788888;19654788888;1398;1386
2945;19305171000;19154788888;19654788888;1400;1388
2946;19305174000;19154788888;19654788888;1400;1388
2947;19305177000;19154800000;19654800000;982;970
2948;19346803000;19155077777;19655077777;1398;1386
2949;19346812000;19155077777;19655077777;1400;1388
2950;19346816000;19155077777;19655077777;1398;1386
2951;19346820000;19196455555;19696455555;1400;1388
2952;19346823000;19196455555;19696455555;1400;1388
2953;19346827000;19196455555;19696455555;1398;1386
2954;19346831000;19196455555;19696455555;1400;1388
2955;19346834000;19196455555;19696455555;1398;1386
2956;19346837000;19196455555;19696455555;1400;1388
2957;19346840000;19196455555;19696455555;1400;1388
2958;19346844000;19196466666;19696466666;982;970
2959;19388472000;19196755555;19696755555;1398;1386
2960;19388481000;19196755555;19696755555;1400;1388
2961;19388484000;19196755555;19696755555;1398;1386
2962;19388488000;19238122222;19738122222;1400;1388
2963;19388491000;19238122222;19738122222;1400;1388
2964;19388495000;19238122222;19738122222;1398;1386
2965;19388498000;19238122222;19738122222;1400;1388
2966;19388501000;19238122222;19738122222;1398;1386
2968;19388513000;19238122222;19738122222;1400;1388
2969;19388519000;19238144444;19738144444;982;970
2970;19430139000;19238411111;19738411111;1398;1386
2971;19430148000;19238411111;19738411111;1400;1388
2972;19430152000;19238411111;19738411111;1398;1386
2973;19430156000;19279788888;19779788888;1400;1388
2974;19430159000;19279788888;19779788888;1400;1388
2976;19430163000;19279788888;19779788888;1400;1388
2977;19430166000;19279788888;19779788888;1398;1386
2978;19430170000;19279788888;19779788888;1400;1388
2979;19430173000;19279788888;19779788888;1400;1388
2980;19430176000;19279800000;19779800000;982;970
2981;19471813000;19280066666;19780066666;1398;1386
2982;19471823000;19280066666;19780066666;1400;1388
2983;19471827000;19280066666;19780066666;1398;1386
2984;19471830000;19321455555;19821455555;1400;1388
2985;19471834000;19321455555;19821455555;1400;1388
2986;19471837000;19321455555;19821455555;1398;1386
2987;19471840000;19321455555;19821455555;1400;1388
2988;19471844000;19321455555;19821455555;1398;1386
2989;19471847000;19321455555;19821455555;1400;1388
2990;19471850000;19321455555;19821455555;1400;1388
2991;19471854000;19321466666;19821466666;982;970
2992;19513525000;19321766666;19821766666;1398;1386
2993;19513534000;19321766666;19821766666;1400;1388
2994;19513538000;19321766666;19821766666;1398;1386
2995;19513542000;19363122222;19863122222;1400;1388
2996;19513545000;19363122222;19863122222;1400;1388
2997;19513548000;19363122222;19863122222;1398;1386
2998;19513552000;19363122222;19863122222;1400;1388
2999;19513555000;19363122222;19863122222;1398;1386
3000;19513558000;19363122222;19863122222;1400;1388
3001;19513561000;19363122222;19863122222;1400;1388
3002;19513565000;19363133333;19863133333;982;970
3003;19555171000;19363411111;19863411111;1398;1386
3004;19555180000;19363411111;19863411111;1400;1388
3005;19555184000;19363411111;19863411111;1398;1386
3006;19555187000;19404788888;19904788888;1400;1388
3007;19555191000;19404788888;19904788888;1400;1388
3008;19555194000;19404788888;19904788888;1398;1386
3009;19555198000;19404788888;19904788888;1400;1388
3010;19555201000;19404788888;19904788888;1398;1386
3011;19555204000;19404788888;19904788888;1400;1388
3012;19555207000;19404788888;19904788888;1400;1388
3013;19555210000;19404800000;19904800000;982;970
3014;19596844000;19405066666;19905066666;1398;1386
3015;19596853000;19405066666;19905066666;1400;1388
3016;19596856000;19405066666;19905066666;1398;1386
3017;19596859000;19446466666;19946466666;1400;1388
3018;19596862000;19446466666;19946466666;1400;1388
3019;19596865000;19446466666;19946466666;1398;1386
3020;19596868000;19446466666;19946466666;1400;1388
3021;19596871000;19446466666;19946466666;1398;1386
3022;19596874000;19446466666;19946466666;1400;1388
3023;19596877000;19446466666;19946466666;1400;1388
3024;19596880000;19446488888;19946488888;982;970
3025;19638524000;19446755555;19946755555;1398;1386
3026;19638534000;19446755555;19946755555;1400;1388
3027;19638538000;19446755555;19946755555;1398;1386
3028;19638541000;19488133333;19988133333;1400;1388
3029;19638544000;19488133333;19988133333;1400;1388
3030;19638547000;19488133333;19988133333;1398;1386
3031;19638551000;19488133333;19988133333;1400;1388
3032;19638554000;19488133333;19988133333;1398;1386
3033;19638557000;19488133333;19988133333;1400;1388
3034;19638560000;19488133333;19988133333;1400;1388
3035;19638563000;19488155555;19988155555;982;970
3036;19680192000;19488422222;19988422222;1398;1386
3037;19680201000;19488422222;19988422222;1400;1388
3038;19680204000;19488422222;19988422222;1398;1386
3039;19680208000;19529811111;20029811111;1400;1388
3040;19680211000;19529811111;20029811111;1400;1388
3041;19680215000;19529811111;20029811111;1398;1386
3042;19680218000;19529811111;20029811111;1400;1388
3043;19680221000;19529811111;20029811111;1398;1386
3044;19680224000;19529811111;20029811111;1400;1388
3045;19680227000;19529811111;20029811111;1400;1388
3046;19680230000;19529822222;20029822222;982;970
3047;19721844000;19530066666;20030066666;1398;1386
3048;19721853000;19530066666;20030066666;1400;1388
3049;19721857000;19530066666;20030066666;1398;1386
3050;19721872000;19571466666;20071466666;1400;1388
3051;19721875000;19571466666;20071466666;1400;1388
3052;19721878000;19571466666;20071466666;1398;1386
3053;19721881000;19571466666;20071466666;1400;1388
3054;19721884000;19571466666;20071466666;1398;1386
3055;19721887000;19571466666;20071466666;1400;1388
3056;19721890000;19571466666;20071466666;1400;1388
3057;19721893000;19571477777;20071477777;982;970
3058;19763490000;19571766666;20071766666;1398;1386
3059;19763499000;19571766666;20071766666;1400;1388
3060;19763503000;19571766666;20071766666;1398;1386
3061;19763506000;19613133333;20113133333;1400;1388
3062;19763510000;19613133333;20113133333;1400;1388
3063;19763513000;19613133333;20113133333;1398;1386
3064;19763516000;19613133333;20113133333;1400;1388
3065;19763519000;19613133333;20113133333;1398;1386
3066;19763522000;19613133333;20113133333;1400;1388
3067;19763525000;19613133333;20113133333;1400;1388
3068;19763528000;19613155555;20113155555;982;970
3069;19805169000;19613422222;20113422222;1398;1386
3070;19805178000;19613422222;20113422222;1400;1388
3071;19805182000;19613422222;20113422222;1398;1386
3072;19805185000;19654800000;20154800000;1400;1388
3073;19805188000;19654800000;20154800000;1400;1388
3074;19805191000;19654800000;20154800000;1398;1386
3075;19805195000;19654800000;20154800000;1400;1388
3076;19805198000;19654800000;20154800000;1398;1386
3077;19805201000;19654800000;20154800000;1400;1388
3078;19805204000;19654800000;20154800000;1400;1388
3079;19805207000;19654811111;20154811111;982;970
3081;19846849000;19655100000;20155100000;1400;1388
3082;19846861000;19655100000;20155100000;1398;1386
3083;19846865000;19696466666;20196466666;1400;1388
3084;19846868000;19696466666;20196466666;1400;1388
3085;19846872000;19696466666;20196466666;1398;1386
3086;19846875000;19696466666;20196466666;1400;1388
3087;19846878000;19696466666;20196466666;1398;1386
3088;19846882000;19696466666;20196466666;1400;1388
3089;19846885000;19696466666;20196466666;1400;1388
3090;19846888000;19696477777;20196477777;982;970
3091;19888513000;19696744444;20196744444;1398;1386
3092;19888522000;19696744444;20196744444;1400;1388
3093;19888527000;19696744444;20196744444;1398;1386
3094;19888530000;19738133333;20238133333;1400;1388
3095;19888533000;19738133333;20238133333;1400;1388
3096;19888537000;19738133333;20238133333;1398;1386
3097;19888540000;19738133333;20238133333;1400;1388
3098;19888543000;19738133333;20238133333;1398;1386
3099;19888547000;19738133333;20238133333;1400;1388
3100;19888550000;19738133333;20238133333;1400;1388
3101;19888553000;19738155555;20238155555;982;970
3102;19930139000;19738400000;20238400000;1398;1386
3103;19930148000;19738400000;20238400000;1400;1388
3104;19930152000;19738400000;20238400000;1398;1386
3105;19930155000;19779788888;20279788888;1400;1388
3106;19930159000;19779788888;20279788888;1400;1388
3107;19930162000;19779788888;20279788888;1398;1386
3108;19930166000;19779788888;20279788888;1400;1388
3109;19930169000;19779788888;20279788888;1398;1386
3110;19930173000;19779788888;20279788888;1400;1388
3111;19930176000;19779788888;20279788888;1400;1388
3112;19930179000;19779800000;20279800000;982;970
3113;19971802000;19780055555;20280055555;1398;1386
3114;19971811000;19780055555;20280055555;1400;1388
3115;19971815000;19780055555;20280055555;1398;1386
3117;19971818000;19821455555;20321455555;1400;1388
3118;19971824000;19821455555;20321455555;1398;1386
3119;19971833000;19821455555;20321455555;1400;1388
3120;19971837000;19821455555;20321455555;1398;1386
3121;19971840000;19821455555;20321455555;1400;1388
3122;19971843000;19821455555;20321455555;1400;1388
3123;19971846000;19821466666;20321466666;982;970
3124;20013446000;19821766666;20321766666;1398;1386
3125;20013456000;19821766666;20321766666;1400;1388
3126;20013459000;19821766666;20321766666;1398;1386
3129;20013463000;19863144444;20363144444;1398;1386
3130;20013467000;19863144444;20363144444;1400;1388
3131;20013470000;19863144444;20363144444;1398;1386
3132;20013474000;19863144444;20363144444;1400;1388
3133;20013477000;19863144444;20363144444;1400;1388
3134;20013481000;19863155555;20363155555;982;970
3135;20055169000;19863433333;20363433333;1398;1386
3136;20055177000;19863433333;20363433333;1400;1388
3137;20055181000;19863433333;20363433333;1398;1386
3138;20055184000;19904788888;20404788888;1400;1388
3139;20055187000;19904788888;20404788888;1400;1388
3140;20055190000;19904788888;20404788888;1398;1386
3141;20055193000;19904788888;20404788888;1400;1388
3142;20055196000;19904788888;20404788888;1398;1386
3144;20055199000;19904788888;20404788888;1400;1388
3145;20055202000;19904800000;20404800000;982;970
3146;20096849000;19905077777;20405077777;1398;1386
3147;20096857000;19905077777;20405077777;1400;1388
3148;20096861000;19905077777;20405077777;1398;1386
3149;20096865000;19946455555;20446455555;1400;1388
3150;20096868000;19946455555;20446455555;1400;1388
3151;20096871000;19946455555;20446455555;1398;1386
3152;20096875000;19946455555;20446455555;1400;1388
3153;20096878000;19946455555;20446455555;1398;1386
3154;20096881000;19946455555;20446455555;1400;1388
3155;20096884000;19946455555;20446455555;1400;1388
3156;20096887000;19946466666;20446466666;982;970
3157;20138496000;19946766666;20446766666;1398;1386
3158;20138504000;19946766666;20446766666;1400;1388
3159;20138508000;19946766666;20446766666;1398;1386
3160;20138511000;19988122222;20488122222;1400;1388
3161;20138514000;19988122222;20488122222;1400;1388
3162;20138517000;19988122222;20488122222;1398;1386
3163;20138520000;19988122222;20488122222;1400;1388
3164;20138523000;19988122222;20488122222;1398;1386
3165;20138526000;19988122222;20488122222;1400;1388
3166;20138529000;19988122222;20488122222;1400;1388
3167;20138532000;19988133333;20488133333;982;970
3169;20180180000;19988422222;20488422222;1400;1388
3170;20180202000;19988422222;20488422222;1398;1386
3171;20180206000;20029788888;20529788888;1400;1388
3172;20180209000;20029788888;20529788888;1400;1388
3173;20180213000;20029788888;20529788888;1398;1386
3174;20180216000;20029788888;20529788888;1400;1388
3175;20180219000;20029788888;20529788888;1398;1386
3176;20180232000;20029788888;20529788888;1400;1388
3177;20180235000;20029788888;20529788888;1400;1388
3178;20180238000;20029800000;20529800000;982;970
3179;20221848000;20030066666;20530066666;1398;1386
3180;20221857000;20030066666;20530066666;1400;1388
3181;20221861000;20030066666;20530066666;1398;1386
3182;20221864000;20071466666;20571466666;1400;1388
3183;20221868000;20071466666;20571466666;1400;1388
3184;20221872000;20071466666;20571466666;1398;1386
3185;20221875000;20071466666;20571466666;1400;1388
3186;20221878000;20071466666;20571466666;1398;1386
3187;20221881000;20071466666;20571466666;1400;1388
3188;20221885000;20071466666;20571466666;1400;1388
3189;20221888000;20071477777;20571477777;982;970
3190;20263515000;20071788888;20571788888;1398;1386
3191;20263524000;20071788888;20571788888;1400;1388
3192;20263528000;20071788888;20571788888;1398;1386
3193;20263531000;20113133333;20613133333;1400;1388
3194;20263534000;20113133333;20613133333;1400;1388
3195;20263538000;20113133333;20613133333;1398;1386
3196;20263541000;20113133333;20613133333;1400;1388
3197;20263544000;20113133333;20613133333;1398;1386
3198;20263547000;20113133333;20613133333;1400;1388
3199;20263551000;20113133333;20613133333;1400;1388
3200;20263554000;20113155555;20613155555;982;970
3201;20305180000;20113422222;20613422222;1398;1386
3202;20305189000;20113422222;20613422222;1400;1388
3203;20305193000;20113422222;20613422222;1398;1386
3204;20305196000;20154800000;20654800000;1400;1388
3205;20305200000;20154800000;20654800000;1400;1388
3206;20305203000;20154800000;20654800000;1398;1386
3207;20305206000;20154800000;20654800000;1400;1388
3208;20305210000;20154800000;20654800000;1398;1386
3209;20305213000;20154800000;20654800000;1400;1388
3210;20305216000;20154800000;20654800000;1400;1388
3211;20305219000;20154811111;20654811111;982;970
3212;20346847000;20155100000;20655100000;1398;1386
3213;20346856000;20155100000;20655100000;1400;1388
3214;20346860000;20155100000;20655100000;1398;1386
3215;20346863000;20196466666;20696466666;1400;1388
3216;20346867000;20196466666;20696466666;1400;1388
3217;20346880000;20196466666;20696466666;1398;1386
3218;20346883000;20196466666;20696466666;1400;1388
3219;20346887000;20196466666;20696466666;1398;1386
3220;20346890000;20196466666;20696466666;1400;1388
3221;20346893000;20196466666;20696466666;1400;1388
3222;20346896000;20196477777;20696477777;982;970
3223;20388507000;20196777777;20696777777;1398;1386
3224;20388515000;20196777777;20696777777;1400;1388
3225;20388518000;20196777777;20696777777;1398;1386
3226;20388521000;20238133333;20738133333;1400;1388
3227;20388524000;20238133333;20738133333;1400;1388
3228;20388527000;20238133333;20738133333;1398;1386
3229;20388530000;20238133333;20738133333;1400;1388
3230;20388533000;20238133333;20738133333;1398;1386
3231;20388536000;20238133333;20738133333;1400;1388
3232;20388539000;20238133333;20738133333;1400;1388
3233;20388541000;20238155555;20738155555;982;970
3234;20430165000;20238422222;20738422222;1398;1386
3235;20430174000;20238422222;20738422222;1400;1388
3236;20430178000;20238422222;20738422222;1398;1386
3237;20430182000;20279800000;20779800000;1400;1388
3238;20430185000;20279800000;20779800000;1400;1388
3239;20430189000;20279800000;20779800000;1398;1386
3240;20430192000;20279800000;20779800000;1400;1388
3241;20430195000;20279800000;20779800000;1398;1386
3242;20430198000;20279800000;20779800000;1400;1388
3243;20430202000;20279800000;20779800000;1400;1388
3244;20430205000;20279811111;20779811111;982;970
3245;20471816000;20280077777;20780077777;1398;1386
3246;20471826000;20280077777;20780077777;1400;1388
3247;20471830000;20280077777;20780077777;1398;1386
3248;20471833000;20321466666;20821466666;1400;1388
3249;20471837000;20321466666;20821466666;1400;1388
3250;20471840000;20321466666;20821466666;1398;1386
3251;20471844000;20321466666;20821466666;1400;1388
3252;20471847000;20321466666;20821466666;1398;1386
3253;20471850000;20321466666;20821466666;1400;1388
3254;20471853000;20321466666;20821466666;1400;1388
3255;20471857000;20321477777;20821477777;982;970
3256;20513480000;20321777777;20821777777;1398;1386
3257;20513490000;20321777777;20821777777;1400;1388
3260;20513494000;20363133333;20863133333;1400;1388
3261;20513500000;20363133333;20863133333;1398;1386
3262;20513509000;20363133333;20863133333;1400;1388
3263;20513513000;20363133333;20863133333;1398;1386
3264;20513516000;20363133333;20863133333;1400;1388
3265;20513519000;20363133333;20863133333;1400;1388
3266;20513522000;20363155555;20863155555;982;970
3267;20555138000;20363422222;20863422222;1398;1386
3268;20555147000;20363422222;20863422222;1400;1388
3269;20555151000;20363422222;20863422222;1398;1386
3270;20555155000;20404788888;20904788888;1400;1388
3271;20555158000;20404788888;20904788888;1400;1388
3272;20555162000;20404788888;20904788888;1398;1386
3273;20555165000;20404788888;20904788888;1400;1388
3274;20555168000;20404788888;20904788888;1398;1386
3275;20555172000;20404788888;20904788888;1400;1388
3276;20555175000;20404788888;20904788888;1400;1388
3277;20555178000;20404800000;20904800000;982;970
3278;20596801000;20405077777;20905077777;1398;1386
3279;20596810000;20405077777;20905077777;1400;1388
3280;20596814000;20405077777;20905077777;1398;1386
3281;20596817000;20446455555;20946455555;1400;1388
3282;20596820000;20446455555;20946455555;1400;1388
3283;20596824000;20446455555;20946455555;1398;1386
3284;20596827000;20446455555;20946455555;1400;1388
3285;20596830000;20446455555;20946455555;1398;1386
3286;20596833000;20446455555;20946455555;1400;1388
3287;20596837000;20446455555;20946455555;1400;1388
3288;20596840000;20446466666;20946466666;982;970
3289;20638496000;20446755555;20946755555;1398;1386
3290;20638504000;20446755555;20946755555;1400;1388
3291;20638508000;20446755555;20946755555;1398;1386
3292;20638511000;20488122222;20988122222;1400;1388
3293;20638514000;20488122222;20988122222;1400;1388
3294;20638517000;20488122222;20988122222;1398;1386
3295;20638520000;20488122222;20988122222;1400;1388
3296;20638523000;20488122222;20988122222;1398;1386
3297;20638526000;20488122222;20988122222;1400;1388
3298;20638529000;20488122222;20988122222;1400;1388
3299;20638532000;20488133333;20988133333;982;970
3300;20680147000;20488422222;20988422222;1398;1386
3301;20680156000;20488422222;20988422222;1400;1388
3302;20680160000;20488422222;20988422222;1398;1386
3303;20680163000;20529788888;21029788888;1400;1388
3304;20680167000;20529788888;21029788888;1400;1388
3305;20680170000;20529788888;21029788888;1398;1386
3306;20680173000;20529788888;21029788888;1400;1388
3307;20680176000;20529788888;21029788888;1398;1386
3308;20680179000;20529788888;21029788888;1400;1388
3310;20680182000;20529800000;21029800000;982;970
3311;20721830000;20530066666;21030066666;1398;1386
3312;20721839000;20530066666;21030066666;1400;1388
3313;20721842000;20530066666;21030066666;1398;1386
3314;20721845000;20571455555;21071455555;1400;1388
3315;20721849000;20571455555;21071455555;1400;1388
3316;20721852000;20571455555;21071455555;1398;1386
3317;20721855000;20571455555;21071455555;1400;1388
3318;20721858000;20571455555;21071455555;1398;1386
3319;20721861000;20571455555;21071455555;1400;1388
3320;20721864000;20571455555;21071455555;1400;1388
3321;20721867000;20571466666;21071466666;982;970
3322;20763498000;20571777777;21071777777;1398;1386
3323;20763506000;20571777777;21071777777;1400;1388
3324;20763510000;20571777777;21071777777;1398;1386
3325;20763513000;20613122222;21113122222;1400;1388
3326;20763516000;20613122222;21113122222;1400;1388
3327;20763519000;20613122222;21113122222;1398;1386
3328;20763522000;20613122222;21113122222;1400;1388
3329;20763525000;20613122222;21113122222;1398;1386
3330;20763528000;20613122222;21113122222;1400;1388
3331;20763531000;20613122222;21113122222;1400;1388
3332;20763534000;20613133333;21113133333;982;970
3333;20805179000;20613433333;21113433333;1398;1386
3334;20805188000;20613433333;21113433333;1400;1388
3335;20805191000;20613433333;21113433333;1398;1386
3336;20805194000;20654800000;21154800000;1400;1388
3337;20805198000;20654800000;21154800000;1400;1388
3338;20805201000;20654800000;21154800000;1398;1386
3339;20805204000;20654800000;21154800000;1400;1388
3340;20805207000;20654800000;21154800000;1398;1386
3341;20805210000;20654800000;21154800000;1400;1388
3342;20805213000;20654800000;21154800000;1400;1388
3343;20805216000;20654811111;21154811111;982;970
3344;20846837000;20655122222;21155122222;1398;1386
3345;20846846000;20655122222;21155122222;1400;1388
3346;20846850000;20655122222;21155122222;1398;1386
3347;20846853000;20696455555;21196455555;1400;1388
3348;20846857000;20696455555;21196455555;1400;1388
3349;20846860000;20696455555;21196455555;1398;1386
3350;20846863000;20696455555;21196455555;1400;1388
3353;20846867000;20696455555;21196455555;1400;1388
3354;20846872000;20696477777;21196477777;982;970
3355;20888514000;20696755555;21196755555;1398;1386
3356;20888524000;20696755555;21196755555;1400;1388
3357;20888527000;20696755555;21196755555;1398;1386
3358;20888531000;20738133333;21238133333;1400;1388
3359;20888535000;20738133333;21238133333;1400;1388
3360;20888538000;20738133333;21238133333;1398;1386
3361;20888541000;20738133333;21238133333;1400;1388
3362;20888545000;20738133333;21238133333;1398;1386
3363;20888548000;20738133333;21238133333;1400;1388
3364;20888551000;20738133333;21238133333;1400;1388
3365;20888554000;20738155555;21238155555;982;970
3366;20930177000;20738422222;21238422222;1398;1386
3367;20930186000;20738422222;21238422222;1400;1388
3368;20930190000;20738422222;21238422222;1398;1386
3369;20930193000;20779800000;21279800000;1400;1388
3370;20930196000;20779800000;21279800000;1400;1388
3371;20930199000;20779800000;21279800000;1398;1386
3372;20930202000;20779800000;21279800000;1400;1388
3373;20930206000;20779800000;21279800000;1398;1386
3374;20930209000;20779800000;21279800000;1400;1388
3375;20930212000;20779800000;21279800000;1400;1388
3376;20930215000;20779811111;21279811111;982;970
3377;20971847000;20780077777;21280077777;1398;1386
3378;20971856000;20780077777;21280077777;1400;1388
3379;20971859000;20780077777;21280077777;1398;1386
3380;20971863000;20821466666;21321466666;1400;1388
3381;20971866000;20821466666;21321466666;1400;1388
3382;20971869000;20821466666;21321466666;1398;1386
3383;20971881000;20821466666;21321466666;1400;1388
3384;20971884000;20821466666;21321466666;1398;1386
3385;20971887000;20821466666;21321466666;1400;1388
3386;20971890000;20821466666;21321466666;1400;1388
3387;20971893000;20821477777;21321477777;982;970
3388;21013511000;20821788888;21321788888;1398;1386
3389;21013520000;20821788888;21321788888;1400;1388
3390;21013524000;20821788888;21321788888;1398;1386
3392;21013527000;20863133333;21363133333;1400;1388
3393;21013533000;20863133333;21363133333;1398;1386
3394;21013547000;20863133333;21363133333;1400;1388
3395;21013550000;20863133333;21363133333;1398;1386
3396;21013559000;20863133333;21363133333;1400;1388
3397;21013562000;20863133333;21363133333;1400;1388
3398;21013566000;20863155555;21363155555;982;970
3399;21055180000;20863433333;21363433333;1398;1386
3400;21055189000;20863433333;21363433333;1400;1388
3401;21055192000;20863433333;21363433333;1398;1386
3402;21055196000;20904800000;21404800000;1400;1388
3403;21055199000;20904800000;21404800000;1400;1388
3404;21055202000;20904800000;21404800000;1398;1386
3405;21055205000;20904800000;21404800000;1400;1388
3406;21055208000;20904800000;21404800000;1398;1386
3407;21055211000;20904800000;21404800000;1400;1388
3408;21055215000;20904800000;21404800000;1400;1388
3411;21096840000;20905100000;21405100000;1400;1388
3412;21096861000;20905100000;21405100000;1398;1386
3413;21096865000;20946466666;21446466666;1400;1388
3414;21096868000;20946466666;21446466666;1400;1388
3415;21096871000;20946466666;21446466666;1398;1386
3416;21096875000;20946466666;21446466666;1400;1388
3417;21096878000;20946466666;21446466666;1398;1386
3418;21096890000;20946466666;21446466666;1400;1388
3419;21096893000;20946466666;21446466666;1400;1388
3420;21096896000;20946477777;21446477777;982;970
3421;21138522000;20946777777;21446777777;1398;1386
3422;21138530000;20946777777;21446777777;1400;1388
3423;21138533000;20946777777;21446777777;1398;1386
3424;21138537000;20988133333;21488133333;1400;1388
3425;21138540000;20988133333;21488133333;1400;1388
3426;21138543000;20988133333;21488133333;1398;1386
3427;21138546000;20988133333;21488133333;1400;1388
3428;21138549000;20988133333;21488133333;1398;1386
3429;21138552000;20988133333;21488133333;1400;1388
3430;21138555000;20988133333;21488133333;1400;1388
3431;21138558000;20988155555;21488155555;982;970
3432;21180157000;20988444444;21488444444;1398;1386
3433;21180166000;20988444444;21488444444;1400;1388
3434;21180170000;20988444444;21488444444;1398;1386
3435;21180173000;21029788888;21529788888;1400;1388
3436;21180176000;21029788888;21529788888;1400;1388
3437;21180180000;21029788888;21529788888;1398;1386
3438;21180183000;21029788888;21529788888;1400;1388
3439;21180186000;21029788888;21529788888;1398;1386
3440;21180189000;21029788888;21529788888;1400;1388
3441;21180192000;21029788888;21529788888;1400;1388
3442;21180195000;21029800000;21529800000;982;970
3443;21221872000;21030077777;21530077777;1398;1386
3444;21221881000;21030077777;21530077777;1400;1388
3445;21221885000;21030077777;21530077777;1398;1386
3446;21221889000;21071466666;21571466666;1400;1388
3447;21221892000;21071466666;21571466666;1400;1388
3448;21221895000;21071466666;21571466666;1398;1386
3449;21221898000;21071466666;21571466666;1400;1388
3450;21221901000;21071466666;21571466666;1398;1386
3451;21221904000;21071466666;21571466666;1400;1388
3452;21221907000;21071466666;21571466666;1400;1388
3453;21221910000;21071488888;21571488888;982;970
3454;21263515000;21071800000;21571800000;1398;1386
3455;21263524000;21071800000;21571800000;1400;1388
3456;21263528000;21071800000;21571800000;1398;1386
3457;21263531000;21113133333;21613133333;1400;1388
3458;21263534000;21113133333;21613133333;1400;1388
3459;21263538000;21113133333;21613133333;1398;1386
3460;21263541000;21113133333;21613133333;1400;1388
3461;21263544000;21113133333;21613133333;1398;1386
3462;21263547000;21113133333;21613133333;1400;1388
3463;21263551000;21113133333;21613133333;1400;1388
3464;21263554000;21113155555;21613155555;982;970
3465;21305146000;21113422222;21613422222;1398;1386
3466;21305156000;21113422222;21613422222;1400;1388
3467;21305169000;21113422222;21613422222;1398;1386
3468;21305172000;21154800000;21654800000;1400;1388
3469;21305176000;21154800000;21654800000;1400;1388
3470;21305179000;21154800000;21654800000;1398;1386
3471;21305182000;21154800000;21654800000;1400;1388
3472;21305186000;21154800000;21654800000;1398;1386
3473;21305189000;21154800000;21654800000;1400;1388
3474;21305192000;21154800000;21654800000;1400;1388
3475;21305195000;21154811111;21654811111;982;970
3476;21346847000;21155100000;21655100000;1398;1386
3477;21346856000;21155100000;21655100000;1400;1388
3478;21346860000;21155100000;21655100000;1398;1386
3479;21346863000;21196466666;21696466666;1400;1388
3480;21346866000;21196466666;21696466666;1400;1388
3481;21346870000;21196466666;21696466666;1398;1386
3482;21346873000;21196466666;21696466666;1400;1388
3483;21346876000;21196466666;21696466666;1398;1386
3484;21346879000;21196466666;21696466666;1400;1388
3485;21346882000;21196466666;21696466666;1400;1388
3486;21346885000;21196477777;21696477777;982;970
3487;21388510000;21196777777;21696777777;1398;1386
3488;21388519000;21196777777;21696777777;1400;1388
3489;21388522000;21196777777;21696777777;1398;1386
3490;21388526000;21238133333;21738133333;1400;1388
3491;21388529000;21238133333;21738133333;1400;1388
3492;21388532000;21238133333;21738133333;1398;1386
3493;21388535000;21238133333;21738133333;1400;1388
3494;21388539000;21238133333;21738133333;1398;1386
3495;21388542000;21238133333;21738133333;1400;1388
3496;21388545000;21238133333;21738133333;1400;1388
3497;21388548000;21238155555;21738155555;982;970
3498;21430173000;21238444444;21738444444;1398;1386
3499;21430182000;21238444444;21738444444;1400;1388
3500;21430186000;21238444444;21738444444;1398;1386
3501;21430189000;21279788888;21779788888;1400;1388
3502;21430193000;21279788888;21779788888;1400;1388
3503;21430196000;21279788888;21779788888;1398;1386
3504;21430199000;21279788888;21779788888;1400;1388
3505;21430202000;21279788888;21779788888;1398;1386
3506;21430206000;21279788888;21779788888;1400;1388
3507;21430209000;21279788888;21779788888;1400;1388
3508;21430212000;21279800000;21779800000;982;970
3509;21471836000;21280088888;21780088888;1398;1386
3510;21471845000;21280088888;21780088888;1400;1388
3511;21471849000;21280088888;21780088888;1398;1386
3512;21471852000;21321455555;21821455555;1400;1388
3513;21471855000;21321455555;21821455555;1400;1388
3514;21471859000;21321455555;21821455555;1398;1386
3517;21471863000;21321455555;21821455555;1400;1388
3518;21471868000;21321455555;21821455555;1400;1388
3519;21471878000;21321466666;21821466666;982;970
3520;21513513000;21321777777;21821777777;1398;1386
3521;21513523000;21321777777;21821777777;1400;1388
3522;21513527000;21321777777;21821777777;1398;1386
3523;21513530000;21363133333;21863133333;1400;1388
3524;21513533000;21363133333;21863133333;1400;1388
3525;21513537000;21363133333;21863133333;1398;1386
3526;21513540000;21363133333;21863133333;1400;1388
3527;21513543000;21363133333;21863133333;1398;1386
3528;21513547000;21363133333;21863133333;1400;1388
3529;21513550000;21363133333;21863133333;1400;1388
3530;21513553000;21363155555;21863155555;982;970
3531;21555180000;21363433333;21863433333;1398;1386
3532;21555189000;21363433333;21863433333;1400;1388
3533;21555193000;21363433333;21863433333;1398;1386
3534;21555196000;21404800000;21904800000;1400;1388
3535;21555199000;21404800000;21904800000;1400;1388
3536;21555202000;21404800000;21904800000;1398;1386
3537;21555206000;21404800000;21904800000;1400;1388
3538;21555209000;21404800000;21904800000;1398;1386
3539;21555212000;21404800000;21904800000;1400;1388
3540;21555215000;21404800000;21904800000;1400;1388
3541;21555218000;21404811111;21904811111;982;970
3542;21596845000;21405088888;21905088888;1398;1386
3543;21596854000;21405088888;21905088888;1400;1388
3544;21596858000;21405088888;21905088888;1398;1386
3548;21596861000;21446466666;21946466666;1400;1388
3549;21596867000;21446466666;21946466666;1398;1386
3550;21596881000;21446466666;21946466666;1400;1388
3551;21596884000;21446466666;21946466666;1400;1388
3552;21596893000;21446477777;21946477777;982;970
3553;21638512000;21446766666;21946766666;1398;1386
3554;21638521000;21446766666;21946766666;1400;1388
3555;21638525000;21446766666;21946766666;1398;1386
3556;21638529000;21488133333;21988133333;1400;1388
3557;21638532000;21488133333;21988133333;1400;1388
3558;21638535000;21488133333;21988133333;1398;1386
3559;21638538000;21488133333;21988133333;1400;1388
3560;21638541000;21488133333;21988133333;1398;1386
3561;21638544000;21488133333;21988133333;1400;1388
3562;21638547000;21488133333;21988133333;1400;1388
3563;21638550000;21488155555;21988155555;982;970
3564;21680169000;21488444444;21988444444;1398;1386
3565;21680177000;21488444444;21988444444;1400;1388
3566;21680181000;21488444444;21988444444;1398;1386
3567;21680185000;21529788888;22029788888;1400;1388
3568;21680188000;21529788888;22029788888;1400;1388
3569;21680191000;21529788888;22029788888;1398;1386
3570;21680194000;21529788888;22029788888;1400;1388
3571;21680198000;21529788888;22029788888;1398;1386
3572;21680201000;21529788888;22029788888;1400;1388
3573;21680204000;21529788888;22029788888;1400;1388
3574;21680207000;21529800000;22029800000;982;970
3575;21721842000;21530077777;22030077777;1398;1386
3576;21721850000;21530077777;22030077777;1400;1388
3577;21721853000;21530077777;22030077777;1398;1386
3578;21721856000;21571466666;22071466666;1400;1388
3579;21721859000;21571466666;22071466666;1400;1388
3580;21721862000;21571466666;22071466666;1398;1386
3581;21721865000;21571466666;22071466666;1400;1388
3582;21721868000;21571466666;22071466666;1398;1386
3583;21721871000;21571466666;22071466666;1400;1388
3584;21721874000;21571466666;22071466666;1400;1388
3585;21721877000;21571477777;22071477777;982;970
3586;21763520000;21571788888;22071788888;1398;1386
3587;21763528000;21571788888;22071788888;1400;1388
3588;21763532000;21571788888;22071788888;1398;1386
3589;21763535000;21613133333;22113133333;1400;1388
3590;21763538000;21613133333;22113133333;1400;1388
3591;21763541000;21613133333;22113133333;1398;1386
3592;21763544000;21613133333;22113133333;1400;1388
3593;21763547000;21613133333;22113133333;1398;1386
3594;21763549000;21613133333;22113133333;1400;1388
3595;21763552000;21613133333;22113133333;1400;1388
3596;21763555000;21613155555;22113155555;982;970
3597;21805160000;21613444444;22113444444;1398;1386
3598;21805169000;21613444444;22113444444;1400;1388
3599;21805172000;21613444444;22113444444;1398;1386
3600;21805176000;21654800000;22154800000;1400;1388
3601;21805179000;21654800000;22154800000;1400;1388
3602;21805182000;21654800000;22154800000;1398;1386
3603;21805185000;21654800000;22154800000;1400;1388
3604;21805188000;21654800000;22154800000;1398;1386
3605;21805192000;21654800000;22154800000;1400;1388
3606;21805194000;21654800000;22154800000;1400;1388
3607;21805197000;21654811111;22154811111;982;970
3608;21846846000;21655122222;22155122222;1398;1386
3609;21846855000;21655122222;22155122222;1400;1388
3610;21846859000;21655122222;22155122222;1398;1386
3611;21846862000;21696466666;22196466666;1400;1388
3612;21846865000;21696466666;22196466666;1400;1388
3613;21846869000;21696466666;22196466666;1398;1386
3614;21846872000;21696466666;22196466666;1400;1388
3615;21846875000;21696466666;22196466666;1398;1386
3616;21846878000;21696466666;22196466666;1400;1388
3617;21846881000;21696466666;22196466666;1400;1388
3618;21846884000;21696477777;22196477777;982;970
3619;21888512000;21696766666;22196766666;1398;1386
3622;21888522000;21738133333;22238133333;1400;1388
3623;21888529000;21738133333;22238133333;1400;1388
3625;21888538000;21738133333;22238133333;1400;1388
3626;21888542000;21738133333;22238133333;1398;1386
3627;21888545000;21738133333;22238133333;1400;1388
3628;21888548000;21738133333;22238133333;1400;1388
3629;21888552000;21738155555;22238155555;982;970
3630;21930134000;21738422222;22238422222;1398;1386
3631;21930143000;21738422222;22238422222;1400;1388
3632;21930146000;21738422222;22238422222;1398;1386
3633;21930150000;21779788888;22279788888;1400;1388
3634;21930153000;21779788888;22279788888;1400;1388
3635;21930156000;21779788888;22279788888;1398;1386
3636;21930169000;21779788888;22279788888;1400;1388
3637;21930172000;21779788888;22279788888;1398;1386
3638;21930175000;21779788888;22279788888;1400;1388
3639;21930178000;21779788888;22279788888;1400;1388
3641;21971796000;21780077777;22280077777;1398;1386
3643;21971817000;21780077777;22280077777;1398;1386
3644;21971821000;21821455555;22321455555;1400;1388
3645;21971825000;21821455555;22321455555;1400;1388
3646;21971828000;21821455555;22321455555;1398;1386
3647;21971831000;21821455555;22321455555;1400;1388
3648;21971834000;21821455555;22321455555;1398;1386
3649;21971846000;21821455555;22321455555;1400;1388
3650;21971849000;21821455555;22321455555;1400;1388
3651;21971851000;21821466666;22321466666;982;970
3652;22013491000;21821788888;22321788888;1398;1386
3653;22013499000;21821788888;22321788888;1400;1388
3654;22013503000;21821788888;22321788888;1398;1386
3656;22013506000;21863144444;22363144444;1400;1388
3657;22013511000;21863144444;22363144444;1398;1386
3658;22013524000;21863144444;22363144444;1400;1388
3659;22013527000;21863144444;22363144444;1398;1386
3660;22013536000;21863144444;22363144444;1400;1388
3661;22013539000;21863144444;22363144444;1400;1388
3662;22013542000;21863155555;22363155555;982;970
3663;22055149000;21863444444;22363444444;1398;1386
3664;22055158000;21863444444;22363444444;1400;1388
3665;22055162000;21863444444;22363444444;1398;1386
3666;22055165000;21904788888;22404788888;1400;1388
3667;22055168000;21904788888;22404788888;1400;1388
3668;22055172000;21904788888;22404788888;1398;1386
3669;22055175000;21904788888;22404788888;1400;1388
3670;22055178000;21904788888;22404788888;1398;1386
3671;22055181000;21904788888;22404788888;1400;1388
3672;22055184000;21904788888;22404788888;1400;1388
3673;22055186000;21904800000;22404800000;982;970
3674;22096799000;21905100000;22405100000;1398;1386
3675;22096807000;21905100000;22405100000;1400;1388
3676;22096811000;21905100000;22405100000;1398;1386
3677;22096814000;21946455555;22446455555;1400;1388
3678;22096817000;21946455555;22446455555;1400;1388
3679;22096821000;21946455555;22446455555;1398;1386
3680;22096824000;21946455555;22446455555;1400;1388
3681;22096827000;21946455555;22446455555;1398;1386
3682;22096829000;21946455555;22446455555;1400;1388
3683;22096832000;21946455555;22446455555;1400;1388
3684;22096835000;21946466666;22446466666;982;970
3685;22138515000;21946788888;22446788888;1398;1386
3686;22138524000;21946788888;22446788888;1400;1388
3687;22138528000;21946788888;22446788888;1398;1386
3688;22138531000;21988122222;22488122222;1400;1388
3689;22138535000;21988122222;22488122222;1400;1388
3690;22138538000;21988122222;22488122222;1398;1386
3691;22138541000;21988122222;22488122222;1400;1388
3692;22138544000;21988122222;22488122222;1398;1386
3693;22138547000;21988122222;22488122222;1400;1388
3694;22138550000;21988122222;22488122222;1400;1388
3695;22138553000;21988133333;22488133333;982;970
3696;22180168000;21988422222;22488422222;1398;1386
3697;22180177000;21988422222;22488422222;1400;1388
3698;22180180000;21988422222;22488422222;1398;1386
3699;22180184000;22029788888;22529788888;1400;1388
3700;22180187000;22029788888;22529788888;1400;1388
3701;22180190000;22029788888;22529788888;1398;1386
3702;22180193000;22029788888;22529788888;1400;1388
3703;22180196000;22029788888;22529788888;1398;1386
3704;22180199000;22029788888;22529788888;1400;1388
3705;22180202000;22029788888;22529788888;1400;1388
3706;22180206000;22029800000;22529800000;982;970
3707;22221838000;22030055555;22530055555;1398;1386
3708;22221848000;22030055555;22530055555;1400;1388
3709;22221851000;22030055555;22530055555;1398;1386
3710;22221855000;22071455555;22571455555;1400;1388
3711;22221858000;22071455555;22571455555;1400;1388
3712;22221862000;22071455555;22571455555;1398;1386
3713;22221865000;22071455555;22571455555;1400;1388
3714;22221868000;22071455555;22571455555;1398;1386
3715;22221871000;22071455555;22571455555;1400;1388
3716;22221875000;22071455555;22571455555;1400;1388
3717;22221878000;22071466666;22571466666;982;970
3718;22263511000;22071777777;22571777777;1398;1386
3719;22263519000;22071777777;22571777777;1400;1388
3720;22263531000;22071777777;22571777777;1398;1386
3721;22263534000;22113133333;22613133333;1400;1388
3722;22263538000;22113133333;22613133333;1400;1388
3723;22263541000;22113133333;22613133333;1398;1386
3724;22263544000;22113133333;22613133333;1400;1388
3725;22263547000;22113133333;22613133333;1398;1386
3726;22263550000;22113133333;22613133333;1400;1388
3727;22263553000;22113133333;22613133333;1400;1388
3728;22263556000;22113155555;22613155555;982;970
3729;22305147000;22113411111;22613411111;1398;1386
3730;22305156000;22113411111;22613411111;1400;1388
3731;22305160000;22113411111;22613411111;1398;1386
3732;22305163000;22154800000;22654800000;1400;1388
3733;22305166000;22154800000;22654800000;1400;1388
3734;22305169000;22154800000;22654800000;1398;1386
3735;22305172000;22154800000;22654800000;1400;1388
3736;22305175000;22154800000;22654800000;1398;1386
3737;22305178000;22154800000;22654800000;1400;1388
3738;22305181000;22154800000;22654800000;1400;1388
3739;22305184000;22154811111;22654811111;982;970
3740;22346814000;22155088888;22655088888;1398;1386
3741;22346822000;22155088888;22655088888;1400;1388
3742;22346826000;22155088888;22655088888;1398;1386
3743;22346829000;22196466666;22696466666;1400;1388
3744;22346832000;22196466666;22696466666;1400;1388
3745;22346835000;22196466666;22696466666;1398;1386
3746;22346838000;22196466666;22696466666;1400;1388
3747;22346842000;22196466666;22696466666;1398;1386
3748;22346844000;22196466666;22696466666;1400;1388
3749;22346847000;22196466666;22696466666;1400;1388
3750;22346850000;22196477777;22696477777;982;970
3751;22388478000;22196766666;22696766666;1398;1386
3752;22388487000;22196766666;22696766666;1400;1388
3753;22388490000;22196766666;22696766666;1398;1386
3754;22388493000;22238144444;22738144444;1400;1388
3755;22388496000;22238144444;22738144444;1400;1388
3756;22388499000;22238144444;22738144444;1398;1386
3757;22388502000;22238144444;22738144444;1400;1388
3758;22388505000;22238144444;22738144444;1398;1386
3759;22388508000;22238144444;22738144444;1400;1388
3760;22388511000;22238144444;22738144444;1400;1388
3761;22388514000;22238166666;22738166666;982;970
3762;22430150000;22238433333;22738433333;1398;1386
3763;22430159000;22238433333;22738433333;1400;1388
3764;22430163000;22238433333;22738433333;1398;1386
3765;22430167000;22279788888;22779788888;1400;1388
3766;22430170000;22279788888;22779788888;1400;1388
3767;22430173000;22279788888;22779788888;1398;1386
3768;22430176000;22279788888;22779788888;1400;1388
3769;22430179000;22279788888;22779788888;1398;1386
3770;22430182000;22279788888;22779788888;1400;1388
3771;22430185000;22279788888;22779788888;1400;1388
3772;22430188000;22279800000;22779800000;982;970
3773;22471805000;22280077777;22780077777;1398;1386
3774;22471814000;22280077777;22780077777;1400;1388
3775;22471818000;22280077777;22780077777;1398;1386
3776;22471821000;22321455555;22821455555;1400;1388
3778;22471825000;22321455555;22821455555;1398;1386
3779;22471830000;22321455555;22821455555;1400;1388
3780;22471840000;22321455555;22821455555;1398;1386
3781;22471843000;22321455555;22821455555;1400;1388
3782;22471847000;22321455555;22821455555;1400;1388
3783;22471850000;22321466666;22821466666;982;970
3784;22513468000;22321766666;22821766666;1398;1386
3785;22513477000;22321766666;22821766666;1400;1388
3786;22513480000;22321766666;22821766666;1398;1386
3787;22513483000;22363122222;22863122222;1400;1388
3788;22513486000;22363122222;22863122222;1400;1388
3789;22513489000;22363122222;22863122222;1398;1386
3790;22513493000;22363122222;22863122222;1400;1388
3791;22513496000;22363122222;22863122222;1398;1386
3792;22513498000;22363122222;22863122222;1400;1388
3793;22513501000;22363122222;22863122222;1400;1388
3794;22513504000;22363133333;22863133333;982;970
3795;22555139000;22363422222;22863422222;1398;1386
3796;22555149000;22363422222;22863422222;1400;1388
3797;22555153000;22363422222;22863422222;1398;1386
3798;22555157000;22404788888;22904788888;1400;1388
3799;22555160000;22404788888;22904788888;1400;1388
3800;22555163000;22404788888;22904788888;1398;1386
3801;22555175000;22404788888;22904788888;1400;1388
3802;22555179000;22404788888;22904788888;1398;1386
3803;22555182000;22404788888;22904788888;1400;1388
3804;22555185000;22404788888;22904788888;1400;1388
3805;22555188000;22404800000;22904800000;982;970
3806;22596803000;22405066666;22905066666;1398;1386
3807;22596812000;22405066666;22905066666;1400;1388
3808;22596816000;22405066666;22905066666;1398;1386
3809;22596819000;22446455555;22946455555;1400;1388
3810;22596823000;22446455555;22946455555;1400;1388
3811;22596826000;22446455555;22946455555;1398;1386
3812;22596829000;22446455555;22946455555;1400;1388
3813;22596833000;22446455555;22946455555;1398;1386
3814;22596836000;22446455555;22946455555;1400;1388
3815;22596840000;22446455555;22946455555;1400;1388
3816;22596843000;22446466666;22946466666;982;970
3817;22638502000;22446755555;22946755555;1398;1386
3818;22638512000;22446755555;22946755555;1400;1388
3819;22638515000;22446755555;22946755555;1398;1386
3820;22638519000;22488122222;22988122222;1400;1388
3821;22638522000;22488122222;22988122222;1400;1388
3822;22638525000;22488122222;22988122222;1398;1386
3823;22638528000;22488122222;22988122222;1400;1388
3824;22638532000;22488122222;22988122222;1398;1386
3825;22638535000;22488122222;22988122222;1400;1388
3826;22638538000;22488122222;22988122222;1400;1388
3827;22638541000;22488133333;22988133333;982;970
3828;22680153000;22488422222;22988422222;1398;1386
3829;22680161000;22488422222;22988422222;1400;1388
3830;22680165000;22488422222;22988422222;1398;1386
3831;22680168000;22529788888;23029788888;1400;1388
3832;22680172000;22529788888;23029788888;1400;1388
3833;22680175000;22529788888;23029788888;1398;1386
3834;22680178000;22529788888;23029788888;1400;1388
3835;22680181000;22529788888;23029788888;1398;1386
3836;22680185000;22529788888;23029788888;1400;1388
3837;22680188000;22529788888;23029788888;1400;1388
3838;22680191000;22529800000;23029800000;982;970
3839;22721861000;22530055555;23030055555;1398;1386
3840;22721869000;22530055555;23030055555;1400;1388
3841;22721873000;22530055555;23030055555;1398;1386
3842;22721876000;22571455555;23071455555;1400;1388
3843;22721880000;22571455555;23071455555;1400;1388
3844;22721883000;22571455555;23071455555;1398;1386
3845;22721886000;22571455555;23071455555;1400;1388
3846;22721889000;22571455555;23071455555;1398;1386
3847;22721892000;22571455555;23071455555;1400;1388
3848;22721895000;22571455555;23071455555;1400;1388
3849;22721898000;22571466666;23071466666;982;970
3850;22763497000;22571777777;23071777777;1398;1386
3851;22763506000;22571777777;23071777777;1400;1388
3852;22763509000;22571777777;23071777777;1398;1386
3853;22763512000;22613122222;23113122222;1400;1388
3854;22763515000;22613122222;23113122222;1400;1388
3855;22763518000;22613122222;23113122222;1398;1386
3856;22763521000;22613122222;23113122222;1400;1388
3857;22763524000;22613122222;23113122222;1398;1386
3858;22763527000;22613122222;23113122222;1400;1388
3859;22763530000;22613122222;23113122222;1400;1388
3860;22763533000;22613133333;23113133333;982;970
3861;22805190000;22613433333;23113433333;1398;1386
3862;22805199000;22613433333;23113433333;1400;1388
3863;22805202000;22613433333;23113433333;1398;1386
3864;22805205000;22654800000;23154800000;1400;1388
3865;22805208000;22654800000;23154800000;1400;1388
3866;22805212000;22654800000;23154800000;1398;1386
3868;22805215000;22654800000;23154800000;1398;1386
3869;22805220000;22654800000;23154800000;1400;1388
3870;22805223000;22654800000;23154800000;1400;1388
3871;22805227000;22654811111;23154811111;982;970
3872;22846844000;22655111111;23155111111;1398;1386
3873;22846853000;22655111111;23155111111;1400;1388
3874;22846856000;22655111111;23155111111;1398;1386
3875;22846860000;22696466666;23196466666;1400;1388
3876;22846863000;22696466666;23196466666;1400;1388
3877;22846866000;22696466666;23196466666;1398;1386
3878;22846869000;22696466666;23196466666;1400;1388
3879;22846872000;22696466666;23196466666;1398;1386
3880;22846875000;22696466666;23196466666;1400;1388
3881;22846878000;22696466666;23196466666;1400;1388
3882;22846881000;22696477777;23196477777;982;970
3883;22888513000;22696755555;23196755555;1398;1386
3884;22888523000;22696755555;23196755555;1400;1388
3885;22888527000;22696755555;23196755555;1398;1386
3886;22888530000;22738133333;23238133333;1400;1388
3887;22888534000;22738133333;23238133333;1400;1388
3889;22888538000;22738133333;23238133333;1400;1388
3892;22888543000;22738133333;23238133333;1400;1388
3893;22888549000;22738155555;23238155555;982;970
3894;22930145000;22738411111;23238411111;1398;1386
3895;22930154000;22738411111;23238411111;1400;1388
3896;22930158000;22738411111;23238411111;1398;1386
3897;22930161000;22779800000;23279800000;1400;1388
3898;22930164000;22779800000;23279800000;1400;1388
3899;22930168000;22779800000;23279800000;1398;1386
3900;22930171000;22779800000;23279800000;1400;1388
3901;22930174000;22779800000;23279800000;1398;1386
3902;22930177000;22779800000;23279800000;1400;1388
3903;22930180000;22779800000;23279800000;1400;1388
3904;22930183000;22779811111;23279811111;982;970
3905;22971817000;22780066666;23280066666;1398;1386
3906;22971826000;22780066666;23280066666;1400;1388
3907;22971830000;22780066666;23280066666;1398;1386
3908;22971834000;22821466666;23321466666;1400;1388
3909;22971837000;22821466666;23321466666;1400;1388
3910;22971841000;22821466666;23321466666;1398;1386
3911;22971844000;22821466666;23321466666;1400;1388
3912;22971847000;22821466666;23321466666;1398;1386
3913;22971850000;22821466666;23321466666;1400;1388
3914;22971853000;22821466666;23321466666;1400;1388
3915;22971857000;22821477777;23321477777;982;970
3916;23013483000;22821777777;23321777777;1398;1386
3917;23013492000;22821777777;23321777777;1400;1388
3918;23013496000;22821777777;23321777777;1398;1386
3919;23013500000;22863133333;23363133333;1400;1388
3920;23013503000;22863133333;23363133333;1400;1388
3921;23013507000;22863133333;23363133333;1398;1386
3922;23013510000;22863133333;23363133333;1400;1388
3923;23013514000;22863133333;23363133333;1398;1386
3924;23013517000;22863133333;23363133333;1400;1388
3925;23013520000;22863133333;23363133333;1400;1388
3926;23013523000;22863155555;23363155555;982;970
3927;23055171000;22863433333;23363433333;1398;1386
3928;23055180000;22863433333;23363433333;1400;1388
3929;23055184000;22863433333;23363433333;1398;1386
3930;23055188000;22904788888;23404788888;1400;1388
3931;23055191000;22904788888;23404788888;1400;1388
3932;23055194000;22904788888;23404788888;1398;1386
3933;23055197000;22904788888;23404788888;1400;1388
3934;23055201000;22904788888;23404788888;1398;1386
3935;23055204000;22904788888;23404788888;1400;1388
3936;23055207000;22904788888;23404788888;1400;1388
3937;23055210000;22904800000;23404800000;982;970
3938;23096836000;22905088888;23405088888;1398;1386
3939;23096845000;22905088888;23405088888;1400;1388
3940;23096849000;22905088888;23405088888;1398;1386
3941;23096853000;22946455555;23446455555;1400;1388
3942;23096856000;22946455555;23446455555;1400;1388
3943;23096860000;22946455555;23446455555;1398;1386
3944;23096863000;22946455555;23446455555;1400;1388
3946;23096866000;22946455555;23446455555;1400;1388
3947;23096871000;22946455555;23446455555;1400;1388
3948;23096875000;22946466666;23446466666;982;970
3949;23138502000;22946766666;23446766666;1398;1386
3950;23138512000;22946766666;23446766666;1400;1388
3951;23138515000;22946766666;23446766666;1398;1386
3953;23138519000;22988122222;23488122222;1400;1388
3954;23138523000;22988122222;23488122222;1398;1386
3955;23138526000;22988122222;23488122222;1400;1388
3956;23138529000;22988122222;23488122222;1398;1386
3957;23138533000;22988122222;23488122222;1400;1388
3958;23138536000;22988122222;23488122222;1400;1388
3959;23138539000;22988133333;23488133333;982;970
3960;23180139000;22988433333;23488433333;1398;1386
3961;23180149000;22988433333;23488433333;1400;1388
3962;23180153000;22988433333;23488433333;1398;1386
3963;23180156000;23029788888;23529788888;1400;1388
3964;23180160000;23029788888;23529788888;1400;1388
3965;23180163000;23029788888;23529788888;1398;1386
3966;23180166000;23029788888;23529788888;1400;1388
3967;23180170000;23029788888;23529788888;1398;1386
3968;23180173000;23029788888;23529788888;1400;1388
3969;23180185000;23029788888;23529788888;1400;1388
3970;23180188000;23029800000;23529800000;982;970
3971;23221810000;23030066666;23530066666;1398;1386
3972;23221818000;23030066666;23530066666;1400;1388
3975;23221822000;23071466666;23571466666;1400;1388
3976;23221838000;23071466666;23571466666;1398;1386
3977;23221841000;23071466666;23571466666;1400;1388
3978;23221844000;23071466666;23571466666;1398;1386
3979;23221853000;23071466666;23571466666;1400;1388
3980;23221856000;23071466666;23571466666;1400;1388
3981;23221859000;23071477777;23571477777;982;970
3982;23263503000;23071788888;23571788888;1398;1386
3983;23263512000;23071788888;23571788888;1400;1388
3984;23263516000;23071788888;23571788888;1398;1386
3985;23263519000;23113155555;23613155555;1400;1388
3986;23263522000;23113155555;23613155555;1400;1388
3987;23263526000;23113155555;23613155555;1398;1386
3988;23263529000;23113155555;23613155555;1400;1388
3989;23263532000;23113155555;23613155555;1398;1386
3990;23263535000;23113155555;23613155555;1400;1388
3991;23263538000;23113155555;23613155555;1400;1388
3992;23263541000;23113166666;23613166666;982;970
3993;23305133000;23113422222;23613422222;1398;1386
3994;23305142000;23113422222;23613422222;1400;1388
3995;23305145000;23113422222;23613422222;1398;1386
3996;23305148000;23154788888;23654788888;1400;1388
3997;23305151000;23154788888;23654788888;1400;1388
3998;23305154000;23154788888;23654788888;1398;1386
3999;23305157000;23154788888;23654788888;1400;1388
4000;23305160000;23154788888;23654788888;1398;1386
4001;23305163000;23154788888;23654788888;1400;1388
4002;23305166000;23154788888;23654788888;1400;1388
4003;23305169000;23154800000;23654800000;982;970
4005;23346813000;23155100000;23655100000;1400;1388
4006;23346833000;23155100000;23655100000;1398;1386
4007;23346837000;23196455555;23696455555;1400;1388
4008;23346846000;23196455555;23696455555;1400;1388
4009;23346850000;23196455555;23696455555;1398;1386
4010;23346853000;23196455555;23696455555;1400;1388
4011;23346865000;23196455555;23696455555;1398;1386
4012;23346868000;23196455555;23696455555;1400;1388
4013;23346871000;23196455555;23696455555;1400;1388
4014;23346874000;23196466666;23696466666;982;970
4015;23388478000;23196777777;23696777777;1398;1386
4017;23388486000;23196777777;23696777777;1398;1386
4018;23388491000;23238122222;23738122222;1400;1388
4019;23388505000;23238122222;23738122222;1400;1388
4020;23388508000;23238122222;23738122222;1398;1386
4021;23388519000;23238122222;23738122222;1400;1388
4022;23388522000;23238122222;23738122222;1398;1386
4023;23388525000;23238122222;23738122222;1400;1388
4024;23388537000;23238122222;23738122222;1400;1388
4025;23388540000;23238133333;23738133333;982;970
4026;23430151000;23238422222;23738422222;1398;1386
4027;23430160000;23238422222;23738422222;1400;1388
4028;23430164000;23238422222;23738422222;1398;1386
4029;23430168000;23279788888;23779788888;1400;1388
4030;23430171000;23279788888;23779788888;1400;1388
4031;23430175000;23279788888;23779788888;1398;1386
4032;23430178000;23279788888;23779788888;1400;1388
4033;23430181000;23279788888;23779788888;1398;1386
4034;23430184000;23279788888;23779788888;1400;1388
4035;23430188000;23279788888;23779788888;1400;1388
4036;23430191000;23279800000;23779800000;982;970
4037;23471812000;23280077777;23780077777;1398;1386
4038;23471822000;23280077777;23780077777;1400;1388
4039;23471825000;23280077777;23780077777;1398;1386
4040;23471829000;23321455555;23821455555;1400;1388
4041;23471833000;23321455555;23821455555;1400;1388
4042;23471836000;23321455555;23821455555;1398;1386
4043;23471839000;23321455555;23821455555;1400;1388
4044;23471842000;23321455555;23821455555;1398;1386
4047;23471846000;23321466666;23821466666;982;970
4048;23513526000;23321777777;23821777777;1398;1386
4049;23513536000;23321777777;23821777777;1400;1388
4050;23513540000;23321777777;23821777777;1398;1386
4051;23513543000;23363122222;23863122222;1400;1388
4052;23513546000;23363122222;23863122222;1400;1388
4053;23513550000;23363122222;23863122222;1398;1386
4054;23513553000;23363122222;23863122222;1400;1388
4055;23513565000;23363122222;23863122222;1398;1386
4056;23513568000;23363122222;23863122222;1400;1388
4057;23513572000;23363122222;23863122222;1400;1388
4058;23513575000;23363133333;23863133333;982;970
4059;23555140000;23363422222;23863422222;1398;1386
4060;23555149000;23363422222;23863422222;1400;1388
4061;23555153000;23363422222;23863422222;1398;1386
4062;23555156000;23404788888;23904788888;1400;1388
4063;23555160000;23404788888;23904788888;1400;1388
4064;23555163000;23404788888;23904788888;1398;1386
4065;23555167000;23404788888;23904788888;1400;1388
4066;23555170000;23404788888;23904788888;1398;1386
4067;23555173000;23404788888;23904788888;1400;1388
4068;23555177000;23404788888;23904788888;1400;1388
4069;23555180000;23404800000;23904800000;982;970
4070;23596810000;23405077777;23905077777;1398;1386
4071;23596818000;23405077777;23905077777;1400;1388
4072;23596822000;23405077777;23905077777;1398;1386
4073;23596825000;23446466666;23946466666;1400;1388
4075;23596828000;23446466666;23946466666;1398;1386
4076;23596833000;23446466666;23946466666;1400;1388
4078;23596847000;23446466666;23946466666;1400;1388
4079;23596850000;23446466666;23946466666;1400;1388
4080;23596863000;23446488888;23946488888;982;970
4081;23638495000;23446766666;23946766666;1398;1386
4082;23638505000;23446766666;23946766666;1400;1388
4083;23638509000;23446766666;23946766666;1398;1386
4084;23638512000;23488133333;23988133333;1400;1388
4085;23638516000;23488133333;23988133333;1400;1388
4086;23638520000;23488133333;23988133333;1398;1386
4087;23638523000;23488133333;23988133333;1400;1388
4088;23638526000;23488133333;23988133333;1398;1386
4089;23638529000;23488133333;23988133333;1400;1388
4090;23638532000;23488133333;23988133333;1400;1388
4091;23638535000;23488166666;23988166666;982;970
4092;23680138000;23488455555;23988455555;1398;1386
4093;23680146000;23488455555;23988455555;1400;1388
4094;23680150000;23488455555;23988455555;1398;1386
4095;23680153000;23529788888;24029788888;1400;1388
4096;23680157000;23529788888;24029788888;1400;1388
4097;23680160000;23529788888;24029788888;1398;1386
4098;23680163000;23529788888;24029788888;1400;1388
4099;23680166000;23529788888;24029788888;1398;1386
4100;23680169000;23529788888;24029788888;1400;1388
4101;23680172000;23529788888;24029788888;1400;1388
4102;23680175000;23529800000;24029800000;982;970
4103;23721801000;23530066666;24030066666;1398;1386
4104;23721810000;23530066666;24030066666;1400;1388
4105;23721814000;23530066666;24030066666;1398;1386
4106;23721817000;23571455555;24071455555;1400;1388
4110;23721820000;23571455555;24071455555;1398;1386
4111;23721826000;23571455555;24071455555;1400;1388
4113;23721839000;23571466666;24071466666;982;970
4114;23763481000;23571777777;24071777777;1398;1386
4115;23763490000;23571777777;24071777777;1400;1388
4116;23763493000;23571777777;24071777777;1398;1386
4117;23763497000;23613122222;24113122222;1400;1388
4118;23763500000;23613122222;24113122222;1400;1388
4119;23763503000;23613122222;24113122222;1398;1386
4120;23763506000;23613122222;24113122222;1400;1388
4121;23763509000;23613122222;24113122222;1398;1386
4122;23763513000;23613122222;24113122222;1400;1388
4123;23763516000;23613122222;24113122222;1400;1388
4124;23763519000;23613144444;24113144444;982;970
4125;23805191000;23613433333;24113433333;1398;1386
4126;23805201000;23613433333;24113433333;1400;1388
4127;23805205000;23613433333;24113433333;1398;1386
4128;23805208000;23654788888;24154788888;1400;1388
4129;23805212000;23654788888;24154788888;1400;1388
4130;23805215000;23654788888;24154788888;1398;1386
4131;23805218000;23654788888;24154788888;1400;1388
4132;23805222000;23654788888;24154788888;1398;1386
4133;23805225000;23654788888;24154788888;1400;1388
4134;23805228000;23654788888;24154788888;1400;1388
4135;23805231000;23654800000;24154800000;982;970
4136;23846837000;23655111111;24155111111;1398;1386
4137;23846846000;23655111111;24155111111;1400;1388
4138;23846850000;23655111111;24155111111;1398;1386
4139;23846854000;23696455555;24196455555;1400;1388
4140;23846858000;23696455555;24196455555;1400;1388
4141;23846861000;23696455555;24196455555;1398;1386
4142;23846873000;23696455555;24196455555;1400;1388
4143;23846877000;23696455555;24196455555;1398;1386
4144;23846880000;23696455555;24196455555;1400;1388
4145;23846883000;23696455555;24196455555;1400;1388
4146;23846886000;23696466666;24196466666;982;970
4147;23888511000;23696755555;24196755555;1398;1386
4148;23888521000;23696755555;24196755555;1400;1388
4149;23888524000;23696755555;24196755555;1398;1386
4150;23888528000;23738133333;24238133333;1400;1388
4151;23888531000;23738133333;24238133333;1400;1388
4152;23888534000;23738133333;24238133333;1398;1386
4153;23888537000;23738133333;24238133333;1400;1388
4154;23888540000;23738133333;24238133333;1398;1386
4155;23888543000;23738133333;24238133333;1400;1388
4156;23888546000;23738133333;24238133333;1400;1388
4157;23888550000;23738155555;24238155555;982;970
4159;23930177000;23738411111;24238411111;1400;1388
4160;23930198000;23738411111;24238411111;1398;1386
4161;23930202000;23779800000;24279800000;1400;1388
4162;23930206000;23779800000;24279800000;1400;1388
4163;23930210000;23779800000;24279800000;1398;1386
4164;23930213000;23779800000;24279800000;1400;1388
4165;23930216000;23779800000;24279800000;1398;1386
4166;23930228000;23779800000;24279800000;1400;1388
4167;23930231000;23779800000;24279800000;1400;1388
4168;23930234000;23779811111;24279811111;982;970
4169;23971847000;23780077777;24280077777;1398;1386
4170;23971856000;23780077777;24280077777;1400;1388
4171;23971859000;23780077777;24280077777;1398;1386
4172;23971862000;23821466666;24321466666;1400;1388
4173;23971865000;23821466666;24321466666;1400;1388
4174;23971869000;23821466666;24321466666;1398;1386
4175;23971872000;23821466666;24321466666;1400;1388
4176;23971875000;23821466666;24321466666;1398;1386
4177;23971878000;23821466666;24321466666;1400;1388
4178;23971881000;23821466666;24321466666;1400;1388
4179;23971884000;23821477777;24321477777;982;970
4180;24013492000;23821788888;24321788888;1398;1386
4181;24013502000;23821788888;24321788888;1400;1388
4182;24013506000;23821788888;24321788888;1398;1386
4183;24013509000;23863133333;24363133333;1400;1388
4184;24013512000;23863133333;24363133333;1400;1388
4185;24013516000;23863133333;24363133333;1398;1386
4186;24013519000;23863133333;24363133333;1400;1388
4187;24013522000;23863133333;24363133333;1398;1386
4188;24013525000;23863133333;24363133333;1400;1388
4189;24013528000;23863133333;24363133333;1400;1388
4191;24055202000;23863433333;24363433333;1398;1386
4192;24055214000;23863433333;24363433333;1400;1388
4193;24055218000;23863433333;24363433333;1398;1386
4194;24055222000;23904800000;24404800000;1400;1388
4195;24055225000;23904800000;24404800000;1400;1388
4196;24055228000;23904800000;24404800000;1398;1386
4197;24055232000;23904800000;24404800000;1400;1388
4198;24055235000;23904800000;24404800000;1398;1386
4199;24055238000;23904800000;24404800000;1400;1388
4200;24055241000;23904800000;24404800000;1400;1388
4201;24055245000;23904811111;24404811111;982;970
4202;24096842000;23905100000;24405100000;1398;1386
4203;24096850000;23905100000;24405100000;1400;1388
4204;24096854000;23905100000;24405100000;1398;1386
4205;24096857000;23946466666;24446466666;1400;1388
4206;24096860000;23946466666;24446466666;1400;1388
4207;24096863000;23946466666;24446466666;1398;1386
4208;24096866000;23946466666;24446466666;1400;1388
4209;24096869000;23946466666;24446466666;1398;1386
4210;24096872000;23946466666;24446466666;1400;1388
4211;24096875000;23946466666;24446466666;1400;1388
4212;24096878000;23946477777;24446477777;982;970
4213;24138518000;23946777777;24446777777;1398;1386
4214;24138526000;23946777777;24446777777;1400;1388
4215;24138530000;23946777777;24446777777;1398;1386
4216;24138533000;23988133333;24488133333;1400;1388
4217;24138536000;23988133333;24488133333;1400;1388
4218;24138539000;23988133333;24488133333;1398;1386
4219;24138542000;23988133333;24488133333;1400;1388
4220;24138545000;23988133333;24488133333;1398;1386
4221;24138548000;23988133333;24488133333;1400;1388
4222;24138550000;23988133333;24488133333;1400;1388
4223;24138553000;23988155555;24488155555;982;970
4224;24180155000;23988444444;24488444444;1398;1386
4225;24180173000;23988444444;24488444444;1400;1388
4226;24180177000;23988444444;24488444444;1398;1386
4228;24180180000;24029800000;24529800000;1400;1388
4229;24180185000;24029800000;24529800000;1398;1386
4230;24180199000;24029800000;24529800000;1400;1388
4231;24180202000;24029800000;24529800000;1398;1386
4232;24180210000;24029800000;24529800000;1400;1388
4233;24180213000;24029800000;24529800000;1400;1388
4234;24180216000;24029811111;24529811111;982;970
4235;24221823000;24030077777;24530077777;1398;1386
4236;24221832000;24030077777;24530077777;1400;1388
4237;24221835000;24030077777;24530077777;1398;1386
4238;24221838000;24071466666;24571466666;1400;1388
4239;24221841000;24071466666;24571466666;1400;1388
4240;24221844000;24071466666;24571466666;1398;1386
4241;24221847000;24071466666;24571466666;1400;1388
4242;24221850000;24071466666;24571466666;1398;1386
4243;24221853000;24071466666;24571466666;1400;1388
4244;24221856000;24071466666;24571466666;1400;1388
4245;24221859000;24071477777;24571477777;982;970
4246;24263526000;24071788888;24571788888;1398;1386
4247;24263535000;24071788888;24571788888;1400;1388
4248;24263539000;24071788888;24571788888;1398;1386
4249;24263542000;24113133333;24613133333;1400;1388
4250;24263545000;24113133333;24613133333;1400;1388
4251;24263548000;24113133333;24613133333;1398;1386
4252;24263551000;24113133333;24613133333;1400;1388
4253;24263555000;24113133333;24613133333;1398;1386
4254;24263557000;24113133333;24613133333;1400;1388
4255;24263561000;24113133333;24613133333;1400;1388
4256;24263564000;24113155555;24613155555;982;970
4257;24305133000;24113433333;24613433333;1398;1386
4258;24305142000;24113433333;24613433333;1400;1388
4259;24305145000;24113433333;24613433333;1398;1386
4260;24305148000;24154788888;24654788888;1400;1388
4261;24305152000;24154788888;24654788888;1400;1388
4262;24305155000;24154788888;24654788888;1398;1386
4263;24305158000;24154788888;24654788888;1400;1388
4264;24305161000;24154788888;24654788888;1398;1386
4265;24305163000;24154788888;24654788888;1400;1388
4266;24305166000;24154788888;24654788888;1400;1388
4267;24305169000;24154800000;24654800000;982;970
4268;24346814000;24155100000;24655100000;1398;1386
4269;24346822000;24155100000;24655100000;1400;1388
4270;24346825000;24155100000;24655100000;1398;1386
4271;24346828000;24196455555;24696455555;1400;1388
4272;24346831000;24196455555;24696455555;1400;1388
4273;24346834000;24196455555;24696455555;1398;1386
4274;24346837000;24196455555;24696455555;1400;1388
4275;24346840000;24196455555;24696455555;1398;1386
4276;24346843000;24196455555;24696455555;1400;1388
4277;24346846000;24196455555;24696455555;1400;1388
4278;24346849000;24196466666;24696466666;982;970
4279;24388491000;24196777777;24696777777;1398;1386
4280;24388500000;24196777777;24696777777;1400;1388
4281;24388503000;24196777777;24696777777;1398;1386
4282;24388507000;24238133333;24738133333;1400;1388
4283;24388510000;24238133333;24738133333;1400;1388
4284;24388513000;24238133333;24738133333;1398;1386
4285;24388516000;24238133333;24738133333;1400;1388
4286;24388519000;24238133333;24738133333;1398;1386
4287;24388522000;24238133333;24738133333;1400;1388
4288;24388525000;24238133333;24738133333;1400;1388
4289;24388528000;24238155555;24738155555;982;970
4290;24430143000;24238455555;24738455555;1398;1386
4292;24430153000;24238455555;24738455555;1398;1386
4293;24430159000;24279800000;24779800000;1400;1388
4294;24430163000;24279800000;24779800000;1400;1388
4295;24430167000;24279800000;24779800000;1398;1386
4296;24430171000;24279800000;24779800000;1400;1388
4297;24430174000;24279800000;24779800000;1398;1386
4298;24430177000;24279800000;24779800000;1400;1388
4299;24430180000;24279800000;24779800000;1400;1388
4300;24430183000;24279811111;24779811111;982;970
4301;24471804000;24280100000;24780100000;1398;1386
4302;24471814000;24280100000;24780100000;1400;1388
4303;24471818000;24280100000;24780100000;1398;1386
4305;24471822000;24321455555;24821455555;1400;1388
4306;24471828000;24321455555;24821455555;1398;1386
4307;24471837000;24321455555;24821455555;1400;1388
4308;24471849000;24321455555;24821455555;1398;1386
4309;24471852000;24321455555;24821455555;1400;1388
4310;24471855000;24321455555;24821455555;1400;1388
4311;24471859000;24321466666;24821466666;982;970
4312;24513469000;24321788888;24821788888;1398;1386
4313;24513478000;24321788888;24821788888;1400;1388
4314;24513482000;24321788888;24821788888;1398;1386
4315;24513486000;24363122222;24863122222;1400;1388
4316;24513489000;24363122222;24863122222;1400;1388
4317;24513492000;24363122222;24863122222;1398;1386
4318;24513495000;24363122222;24863122222;1400;1388
4319;24513498000;24363122222;24863122222;1398;1386
4320;24513501000;24363122222;24863122222;1400;1388
4321;24513504000;24363122222;24863122222;1400;1388
4322;24513507000;24363133333;24863133333;982;970
4323;24555136000;24363444444;24863444444;1398;1386
4324;24555145000;24363444444;24863444444;1400;1388
4325;24555148000;24363444444;24863444444;1398;1386
4326;24555151000;24404788888;24904788888;1400;1388
4327;24555155000;24404788888;24904788888;1400;1388
4328;24555158000;24404788888;24904788888;1398;1386
4329;24555161000;24404788888;24904788888;1400;1388
4330;24555164000;24404788888;24904788888;1398;1386
4331;24555167000;24404788888;24904788888;1400;1388
4332;24555171000;24404788888;24904788888;1400;1388
4333;24555174000;24404800000;24904800000;982;970
4334;24596803000;24405077777;24905077777;1398;1386
4335;24596812000;24405077777;24905077777;1400;1388
4336;24596816000;24405077777;24905077777;1398;1386
4337;24596819000;24446455555;24946455555;1400;1388
4338;24596822000;24446455555;24946455555;1400;1388
4339;24596825000;24446455555;24946455555;1398;1386
4340;24596829000;24446455555;24946455555;1400;1388
4341;24596832000;24446455555;24946455555;1398;1386
4343;24596835000;24446455555;24946455555;1400;1388
4344;24596840000;24446466666;24946466666;982;970
4345;24638485000;24446766666;24946766666;1398;1386
4346;24638494000;24446766666;24946766666;1400;1388
4347;24638497000;24446766666;24946766666;1398;1386
4348;24638501000;24488122222;24988122222;1400;1388
4349;24638504000;24488122222;24988122222;1400;1388
4350;24638507000;24488122222;24988122222;1398;1386
4351;24638510000;24488122222;24988122222;1400;1388
4352;24638513000;24488122222;24988122222;1398;1386
4353;24638516000;24488122222;24988122222;1400;1388
4354;24638519000;24488122222;24988122222;1400;1388
4355;24638522000;24488133333;24988133333;982;970
4356;24680145000;24488444444;24988444444;1398;1386
4357;24680154000;24488444444;24988444444;1400;1388
4358;24680157000;24488444444;24988444444;1398;1386
4359;24680160000;24529788888;25029788888;1400;1388
4360;24680164000;24529788888;25029788888;1400;1388
4361;24680167000;24529788888;25029788888;1398;1386
4362;24680170000;24529788888;25029788888;1400;1388
4363;24680173000;24529788888;25029788888;1398;1386
4364;24680176000;24529788888;25029788888;1400;1388
4365;24680179000;24529788888;25029788888;1400;1388
4366;24680183000;24529800000;25029800000;982;970
4367;24721863000;24530077777;25030077777;1398;1386
4368;24721872000;24530077777;25030077777;1400;1388
4369;24721876000;24530077777;25030077777;1398;1386
4370;24721879000;24571455555;25071455555;1400;1388
4371;24721882000;24571455555;25071455555;1400;1388
4372;24721885000;24571455555;25071455555;1398;1386
4373;24721888000;24571455555;25071455555;1400;1388
4374;24721891000;24571455555;25071455555;1398;1386
4375;24721894000;24571455555;25071455555;1400;1388
4376;24721897000;24571455555;25071455555;1400;1388
4377;24721900000;24571466666;25071466666;982;970
4378;24763499000;24571788888;25071788888;1398;1386
4379;24763508000;24571788888;25071788888;1400;1388
4380;24763511000;24571788888;25071788888;1398;1386
4381;24763514000;24613122222;25113122222;1400;1388
4382;24763518000;24613122222;25113122222;1400;1388
4383;24763521000;24613122222;25113122222;1398;1386
4384;24763524000;24613122222;25113122222;1400;1388
4385;24763527000;24613122222;25113122222;1398;1386
4388;24763530000;24613133333;25113133333;982;970
4389;24805190000;24613444444;25113444444;1398;1386
4390;24805198000;24613444444;25113444444;1400;1388
4391;24805201000;24613444444;25113444444;1398;1386
4392;24805213000;24654811111;25154811111;1400;1388
4393;24805217000;24654811111;25154811111;1400;1388
4394;24805220000;24654811111;25154811111;1398;1386
4395;24805222000;24654811111;25154811111;1400;1388
4396;24805225000;24654811111;25154811111;1398;1386
4397;24805228000;24654811111;25154811111;1400;1388
4398;24805231000;24654811111;25154811111;1400;1388
4399;24805234000;24654822222;25154822222;982;970
4400;24846860000;24655133333;25155133333;1398;1386
4401;24846869000;24655133333;25155133333;1400;1388
4402;24846873000;24655133333;25155133333;1398;1386
4403;24846876000;24696466666;25196466666;1400;1388
4404;24846880000;24696466666;25196466666;1400;1388
4405;24846883000;24696466666;25196466666;1398;1386
4406;24846886000;24696466666;25196466666;1400;1388
4407;24846889000;24696466666;25196466666;1398;1386
4408;24846892000;24696466666;25196466666;1400;1388
4409;24846895000;24696466666;25196466666;1400;1388
4410;24846899000;24696477777;25196477777;982;970
4411;24888514000;24696777777;25196777777;1398;1386
4412;24888523000;24696777777;25196777777;1400;1388
4413;24888527000;24696777777;25196777777;1398;1386
4414;24888531000;24738133333;25238133333;1400;1388
4415;24888534000;24738133333;25238133333;1400;1388
4416;24888538000;24738133333;25238133333;1398;1386
4417;24888541000;24738133333;25238133333;1400;1388
4418;24888544000;24738133333;25238133333;1398;1386
4419;24888547000;24738133333;25238133333;1400;1388
4420;24888551000;24738133333;25238133333;1400;1388
4421;24888554000;24738155555;25238155555;982;970
4422;24930150000;24738433333;25238433333;1398;1386
4423;24930158000;24738433333;25238433333;1400;1388
4424;24930162000;24738433333;25238433333;1398;1386
4425;24930165000;24779800000;25279800000;1400;1388
4426;24930168000;24779800000;25279800000;1400;1388
4427;24930171000;24779800000;25279800000;1398;1386
4428;24930174000;24779800000;25279800000;1400;1388
4429;24930177000;24779800000;25279800000;1398;1386
4430;24930180000;24779800000;25279800000;1400;1388
4431;24930183000;24779800000;25279800000;1400;1388
4432;24930186000;24779811111;25279811111;982;970
4433;24971812000;24780077777;25280077777;1398;1386
4434;24971821000;24780077777;25280077777;1400;1388
4436;24971824000;24821466666;25321466666;1400;1388
4437;24971830000;24821466666;25321466666;1400;1388
4438;24971839000;24821466666;25321466666;1398;1386
4439;24971842000;24821466666;25321466666;1400;1388
4440;24971845000;24821466666;25321466666;1398;1386
4441;24971848000;24821466666;25321466666;1400;1388
4442;24971851000;24821466666;25321466666;1400;1388
4443;24971854000;24821477777;25321477777;982;970
4444;25013483000;24821800000;25321800000;1398;1386
4445;25013492000;24821800000;25321800000;1400;1388
4446;25013496000;24821800000;25321800000;1398;1386
4447;25013499000;24863133333;25363133333;1400;1388
4448;25013502000;24863133333;25363133333;1400;1388
4449;25013505000;24863133333;25363133333;1398;1386
4450;25013508000;24863133333;25363133333;1400;1388
4451;25013511000;24863133333;25363133333;1398;1386
4452;25013515000;24863133333;25363133333;1400;1388
4453;25013518000;24863133333;25363133333;1400;1388
4454;25013521000;24863155555;25363155555;982;970
4455;25055166000;24863444444;25363444444;1398;1386
4456;25055174000;24863444444;25363444444;1400;1388
4457;25055177000;24863444444;25363444444;1398;1386
4458;25055180000;24904788888;25404788888;1400;1388
4459;25055184000;24904788888;25404788888;1400;1388
4460;25055186000;24904788888;25404788888;1398;1386
4461;25055189000;24904788888;25404788888;1400;1388
4462;25055192000;24904788888;25404788888;1398;1386
4463;25055195000;24904788888;25404788888;1400;1388
4464;25055198000;24904788888;25404788888;1400;1388
4465;25055201000;24904800000;25404800000;982;970
4466;25096845000;24905100000;25405100000;1398;1386
4467;25096853000;24905100000;25405100000;1400;1388
4468;25096856000;24905100000;25405100000;1398;1386
4469;25096860000;24946455555;25446455555;1400;1388
4470;25096863000;24946455555;25446455555;1400;1388
4471;25096866000;24946455555;25446455555;1398;1386
4472;25096869000;24946455555;25446455555;1400;1388
4473;25096881000;24946455555;25446455555;1398;1386
4474;25096884000;24946455555;25446455555;1400;1388
4475;25096887000;24946455555;25446455555;1400;1388
4476;25096890000;24946466666;25446466666;982;970
4477;25138514000;24946788888;25446788888;1398;1386
4478;25138523000;24946788888;25446788888;1400;1388
4479;25138527000;24946788888;25446788888;1398;1386
4480;25138530000;24988122222;25488122222;1400;1388
4481;25138533000;24988122222;25488122222;1400;1388
4482;25138536000;24988122222;25488122222;1398;1386
4483;25138539000;24988122222;25488122222;1400;1388
4484;25138542000;24988122222;25488122222;1398;1386
4485;25138546000;24988122222;25488122222;1400;1388
4486;25138549000;24988122222;25488122222;1400;1388
4487;25138552000;24988144444;25488144444;982;970
4488;25180174000;24988411111;25488411111;1398;1386
4489;25180184000;24988411111;25488411111;1400;1388
4490;25180188000;24988411111;25488411111;1398;1386
4491;25180192000;25029788888;25529788888;1400;1388
4492;25180195000;25029788888;25529788888;1400;1388
4493;25180198000;25029788888;25529788888;1398;1386
4494;25180201000;25029788888;25529788888;1400;1388
4495;25180205000;25029788888;25529788888;1398;1386
4496;25180208000;25029788888;25529788888;1400;1388
4497;25180211000;25029788888;25529788888;1400;1388
4498;25180214000;25029800000;25529800000;982;970
4499;25221850000;25030055555;25530055555;1398;1386
4500;25221860000;25030055555;25530055555;1400;1388
4501;25221864000;25030055555;25530055555;1398;1386
4502;25221867000;25071466666;25571466666;1400;1388
4503;25221870000;25071466666;25571466666;1400;1388
4504;25221874000;25071466666;25571466666;1398;1386
4505;25221877000;25071466666;25571466666;1400;1388
4506;25221880000;25071466666;25571466666;1398;1386
4507;25221884000;25071466666;25571466666;1400;1388
4508;25221887000;25071466666;25571466666;1400;1388
4509;25221890000;25071477777;25571477777;982;970
4510;25263510000;25071766666;25571766666;1398;1386
4511;25263519000;25071766666;25571766666;1400;1388
4512;25263523000;25071766666;25571766666;1398;1386
4513;25263526000;25113133333;25613133333;1400;1388
4514;25263529000;25113133333;25613133333;1400;1388
4515;25263532000;25113133333;25613133333;1398;1386
4516;25263535000;25113133333;25613133333;1400;1388
4517;25263538000;25113133333;25613133333;1398;1386
4518;25263541000;25113133333;25613133333;1400;1388
4519;25263544000;25113133333;25613133333;1400;1388
4520;25263548000;25113155555;25613155555;982;970
4521;25305149000;25113411111;25613411111;1398;1386
4522;25305158000;25113411111;25613411111;1400;1388
4523;25305162000;25113411111;25613411111;1398;1386
4524;25305165000;25154800000;25654800000;1400;1388
4525;25305169000;25154800000;25654800000;1400;1388
4526;25305172000;25154800000;25654800000;1398;1386
4527;25305175000;25154800000;25654800000;1400;1388
4528;25305178000;25154800000;25654800000;1398;1386
4529;25305181000;25154800000;25654800000;1400;1388
4530;25305184000;25154800000;25654800000;1400;1388
4531;25305187000;25154811111;25654811111;982;970
4532;25346816000;25155077777;25655077777;1398;1386
4533;25346825000;25155077777;25655077777;1400;1388
4534;25346829000;25155077777;25655077777;1398;1386
4535;25346832000;25196466666;25696466666;1400;1388
4536;25346835000;25196466666;25696466666;1400;1388
4537;25346838000;25196466666;25696466666;1398;1386
4538;25346841000;25196466666;25696466666;1400;1388
4539;25346844000;25196466666;25696466666;1398;1386
4540;25346847000;25196466666;25696466666;1400;1388
4541;25346850000;25196466666;25696466666;1400;1388
4542;25346853000;25196477777;25696477777;982;970
4544;25388480000;25196755555;25696755555;1400;1388
4545;25388490000;25196755555;25696755555;1398;1386
4546;25388494000;25238133333;25738133333;1400;1388
4547;25388497000;25238133333;25738133333;1400;1388
4548;25388500000;25238133333;25738133333;1398;1386
4549;25388503000;25238133333;25738133333;1400;1388
4550;25388506000;25238133333;25738133333;1398;1386
4551;25388509000;25238133333;25738133333;1400;1388
4552;25388512000;25238133333;25738133333;1400;1388
4553;25388515000;25238155555;25738155555;982;970
4554;25430171000;25238422222;25738422222;1398;1386
4555;25430189000;25238422222;25738422222;1400;1388
4556;25430192000;25238422222;25738422222;1398;1386
4557;25430196000;25279788888;25779788888;1400;1388
4558;25430199000;25279788888;25779788888;1400;1388
4559;25430202000;25279788888;25779788888;1398;1386
4560;25430205000;25279788888;25779788888;1400;1388
4561;25430208000;25279788888;25779788888;1398;1386
4562;25430211000;25279788888;25779788888;1400;1388
4563;25430214000;25279788888;25779788888;1400;1388
4564;25430217000;25279800000;25779800000;982;970
4565;25471837000;25280066666;25780066666;1398;1386
4566;25471846000;25280066666;25780066666;1400;1388
4567;25471850000;25280066666;25780066666;1398;1386
4568;25471853000;25321455555;25821455555;1400;1388
4569;25471856000;25321455555;25821455555;1400;1388
4570;25471859000;25321455555;25821455555;1398;1386
4571;25471862000;25321455555;25821455555;1400;1388
4572;25471865000;25321455555;25821455555;1398;1386
4573;25471869000;25321455555;25821455555;1400;1388
4574;25471872000;25321455555;25821455555;1400;1388
4575;25471875000;25321466666;25821466666;982;970
4576;25513503000;25321766666;25821766666;1398;1386
4577;25513511000;25321766666;25821766666;1400;1388
4578;25513515000;25321766666;25821766666;1398;1386
4579;25513518000;25363122222;25863122222;1400;1388
4580;25513522000;25363122222;25863122222;1400;1388
4581;25513525000;25363122222;25863122222;1398;1386
4582;25513528000;25363122222;25863122222;1400;1388
4583;25513531000;25363122222;25863122222;1398;1386
4584;25513534000;25363122222;25863122222;1400;1388
4585;25513537000;25363122222;25863122222;1400;1388
4586;25513540000;25363133333;25863133333;982;970
4587;25555180000;25363411111;25863411111;1398;1386
4588;25555189000;25363411111;25863411111;1400;1388
4589;25555193000;25363411111;25863411111;1398;1386
4590;25555197000;25404800000;25904800000;1400;1388
4591;25555201000;25404800000;25904800000;1400;1388
4592;25555204000;25404800000;25904800000;1398;1386
4593;25555207000;25404800000;25904800000;1400;1388
4594;25555211000;25404800000;25904800000;1398;1386
4595;25555214000;25404800000;25904800000;1400;1388
4596;25555217000;25404800000;25904800000;1400;1388
4597;25555220000;25404811111;25904811111;982;970
4598;25596846000;25405066666;25905066666;1398;1386
4600;25596855000;25405066666;25905066666;1398;1386
4601;25596861000;25446466666;25946466666;1400;1388
4602;25596874000;25446466666;25946466666;1400;1388
4603;25596878000;25446466666;25946466666;1398;1386
4604;25596882000;25446466666;25946466666;1400;1388
4606;25596885000;25446466666;25946466666;1400;1388
4607;25596889000;25446466666;25946466666;1400;1388
4608;25596892000;25446477777;25946477777;982;970
4609;25638508000;25446755555;25946755555;1398;1386
4610;25638517000;25446755555;25946755555;1400;1388
4611;25638520000;25446755555;25946755555;1398;1386
4612;25638523000;25488133333;25988133333;1400;1388
4613;25638526000;25488133333;25988133333;1400;1388
4614;25638529000;25488133333;25988133333;1398;1386
4615;25638532000;25488133333;25988133333;1400;1388
4616;25638535000;25488133333;25988133333;1398;1386
4618;25638538000;25488133333;25988133333;1400;1388
4619;25638541000;25488155555;25988155555;982;970
4620;25680154000;25488422222;25988422222;1398;1386
4621;25680163000;25488422222;25988422222;1400;1388
4623;25680166000;25529800000;26029800000;1400;1388
4624;25680170000;25529800000;26029800000;1400;1388
4625;25680173000;25529800000;26029800000;1398;1386
4626;25680176000;25529800000;26029800000;1400;1388
4627;25680179000;25529800000;26029800000;1398;1386
4628;25680182000;25529800000;26029800000;1400;1388
4629;25680185000;25529800000;26029800000;1400;1388
4630;25680188000;25529811111;26029811111;982;970
4631;25721829000;25530133333;26030133333;1398;1386
4632;25721838000;25530133333;26030133333;1400;1388
4633;25721842000;25530133333;26030133333;1398;1386
4634;25721845000;25571466666;26071466666;1400;1388
4635;25721848000;25571466666;26071466666;1400;1388
4636;25721851000;25571466666;26071466666;1398;1386
4637;25721854000;25571466666;26071466666;1400;1388
4638;25721858000;25571466666;26071466666;1398;1386
4639;25721861000;25571466666;26071466666;1400;1388
4640;25721873000;25571466666;26071466666;1400;1388
4641;25721876000;25571477777;26071477777;982;970
4642;25763509000;25571766666;26071766666;1398;1386
4643;25763518000;25571766666;26071766666;1400;1388
4644;25763521000;25571766666;26071766666;1398;1386
4645;25763524000;25613133333;26113133333;1400;1388
4646;25763528000;25613133333;26113133333;1400;1388
4647;25763531000;25613133333;26113133333;1398;1386
4648;25763534000;25613133333;26113133333;1400;1388
4649;25763537000;25613133333;26113133333;1398;1386
4650;25763539000;25613133333;26113133333;1400;1388
4651;25763542000;25613133333;26113133333;1400;1388
4652;25763545000;25613155555;26113155555;982;970
4653;25805176000;25613422222;26113422222;1398;1386
4654;25805184000;25613422222;26113422222;1400;1388
4655;25805188000;25613422222;26113422222;1398;1386
4656;25805191000;25654788888;26154788888;1400;1388
4657;25805194000;25654788888;26154788888;1400;1388
4658;25805197000;25654788888;26154788888;1398;1386
4659;25805200000;25654788888;26154788888;1400;1388
4660;25805203000;25654788888;26154788888;1398;1386
4661;25805206000;25654788888;26154788888;1400;1388
4662;25805209000;25654788888;26154788888;1400;1388
4663;25805212000;25654800000;26154800000;982;970
4664;25846846000;25655100000;26155100000;1398;1386
4665;25846855000;25655100000;26155100000;1400;1388
4666;25846859000;25655100000;26155100000;1398;1386
4667;25846862000;25696455555;26196455555;1400;1388
4668;25846865000;25696455555;26196455555;1400;1388
4669;25846868000;25696455555;26196455555;1398;1386
4670;25846871000;25696455555;26196455555;1400;1388
4671;25846875000;25696455555;26196455555;1398;1386
4673;25846878000;25696455555;26196455555;1400;1388
4674;25846883000;25696466666;26196466666;982;970
4675;25888516000;25696744444;26196744444;1398;1386
4676;25888525000;25696744444;26196744444;1400;1388
4677;25888529000;25696744444;26196744444;1398;1386
4678;25888533000;25738133333;26238133333;1400;1388
4679;25888536000;25738133333;26238133333;1400;1388
4680;25888540000;25738133333;26238133333;1398;1386
4681;25888543000;25738133333;26238133333;1400;1388
4682;25888546000;25738133333;26238133333;1398;1386
4683;25888549000;25738133333;26238133333;1400;1388
4684;25888553000;25738133333;26238133333;1400;1388
4685;25888556000;25738155555;26238155555;982;970
4686;25930113000;25738411111;26238411111;1398;1386
4687;25930123000;25738411111;26238411111;1400;1388
4688;25930127000;25738411111;26238411111;1398;1386
4689;25930131000;25779800000;26279800000;1400;1388
4690;25930135000;25779800000;26279800000;1400;1388
4691;25930138000;25779800000;26279800000;1398;1386
4692;25930142000;25779800000;26279800000;1400;1388
4693;25930146000;25779800000;26279800000;1398;1386
4694;25930149000;25779800000;26279800000;1400;1388
4695;25930152000;25779800000;26279800000;1400;1388
4696;25930156000;25779811111;26279811111;982;970
4697;25971851000;25780055555;26280055555;1398;1386
4698;25971860000;25780055555;26280055555;1400;1388
4699;25971863000;25780055555;26280055555;1398;1386
4700;25971867000;25821466666;26321466666;1400;1388
4701;25971870000;25821466666;26321466666;1400;1388
4702;25971873000;25821466666;26321466666;1398;1386
4703;25971876000;25821466666;26321466666;1400;1388
4704;25971879000;25821466666;26321466666;1398;1386
4705;25971882000;25821466666;26321466666;1400;1388
4706;25971885000;25821466666;26321466666;1400;1388
4707;25971888000;25821477777;26321477777;982;970
4708;26013511000;25821777777;26321777777;1398;1386
4709;26013520000;25821777777;26321777777;1400;1388
4710;26013523000;25821777777;26321777777;1398;1386
4711;26013526000;25863144444;26363144444;1400;1388
4712;26013529000;25863144444;26363144444;1400;1388
4713;26013532000;25863144444;26363144444;1398;1386
4714;26013535000;25863144444;26363144444;1400;1388
4715;26013538000;25863144444;26363144444;1398;1386
4716;26013541000;25863144444;26363144444;1400;1388
4717;26013544000;25863144444;26363144444;1400;1388
4718;26013547000;25863155555;26363155555;982;970
4719;26055186000;25863433333;26363433333;1398;1386
4720;26055196000;25863433333;26363433333;1400;1388
4721;26055208000;25863433333;26363433333;1398;1386
4722;26055212000;25904788888;26404788888;1400;1388
4723;26055216000;25904788888;26404788888;1400;1388
4724;26055219000;25904788888;26404788888;1398;1386
4725;26055223000;25904788888;26404788888;1400;1388
4726;26055226000;25904788888;26404788888;1398;1386
4727;26055229000;25904788888;26404788888;1400;1388
4728;26055233000;25904788888;26404788888;1400;1388
4729;26055236000;25904800000;26404800000;982;970
4730;26096837000;25905077777;26405077777;1398;1386
4731;26096846000;25905077777;26405077777;1400;1388
4732;26096850000;25905077777;26405077777;1398;1386
4733;26096854000;25946455555;26446455555;1400;1388
4734;26096857000;25946455555;26446455555;1400;1388
4735;26096860000;25946455555;26446455555;1398;1386
4736;26096863000;25946455555;26446455555;1400;1388
4737;26096866000;25946455555;26446455555;1398;1386
4738;26096869000;25946455555;26446455555;1400;1388
4739;26096872000;25946455555;26446455555;1400;1388
4740;26096875000;25946466666;26446466666;982;970
4741;26138512000;25946766666;26446766666;1398;1386
4742;26138520000;25946766666;26446766666;1400;1388
4743;26138524000;25946766666;26446766666;1398;1386
4744;26138527000;25988133333;26488133333;1400;1388
4745;26138531000;25988133333;26488133333;1400;1388
4746;26138534000;25988133333;26488133333;1398;1386
4747;26138537000;25988133333;26488133333;1400;1388
4748;26138540000;25988133333;26488133333;1398;1386
4749;26138543000;25988133333;26488133333;1400;1388
4750;26138546000;25988133333;26488133333;1400;1388
4751;26138549000;25988155555;26488155555;982;970
4752;26180181000;25988444444;26488444444;1398;1386
4753;26180190000;25988444444;26488444444;1400;1388
4754;26180194000;25988444444;26488444444;1398;1386
4755;26180197000;26029800000;26529800000;1400;1388
4756;26180200000;26029800000;26529800000;1400;1388
4757;26180203000;26029800000;26529800000;1398;1386
4758;26180206000;26029800000;26529800000;1400;1388
4759;26180210000;26029800000;26529800000;1398;1386
4760;26180213000;26029800000;26529800000;1400;1388
4761;26180216000;26029800000;26529800000;1400;1388
4762;26180219000;26029811111;26529811111;982;970
4763;26221850000;26030088888;26530088888;1398;1386
4764;26221859000;26030088888;26530088888;1400;1388
4765;26221863000;26030088888;26530088888;1398;1386
4766;26221867000;26071466666;26571466666;1400;1388
4767;26221871000;26071466666;26571466666;1400;1388
4768;26221874000;26071466666;26571466666;1398;1386
4769;26221877000;26071466666;26571466666;1400;1388
4770;26221880000;26071466666;26571466666;1398;1386
4771;26221883000;26071466666;26571466666;1400;1388
4772;26221887000;26071466666;26571466666;1400;1388
4773;26221890000;26071477777;26571477777;982;970
4775;26263510000;26071800000;26571800000;1400;1388
4776;26263522000;26071800000;26571800000;1398;1386
4777;26263526000;26113133333;26613133333;1400;1388
4778;26263529000;26113133333;26613133333;1400;1388
4779;26263533000;26113133333;26613133333;1398;1386
4780;26263536000;26113133333;26613133333;1400;1388
4781;26263539000;26113133333;26613133333;1398;1386
4782;26263542000;26113133333;26613133333;1400;1388
4783;26263546000;26113133333;26613133333;1400;1388
4784;26263549000;26113155555;26613155555;982;970
4785;26305149000;26113433333;26613433333;1398;1386
4786;26305159000;26113433333;26613433333;1400;1388
4787;26305162000;26113433333;26613433333;1398;1386
4788;26305166000;26154800000;26654800000;1400;1388
4789;26305169000;26154800000;26654800000;1400;1388
4790;26305173000;26154800000;26654800000;1398;1386
4791;26305176000;26154800000;26654800000;1400;1388
4792;26305179000;26154800000;26654800000;1398;1386
4793;26305182000;26154800000;26654800000;1400;1388
4794;26305185000;26154800000;26654800000;1400;1388
4795;26305189000;26154811111;26654811111;982;970
4796;26346851000;26155111111;26655111111;1398;1386
4797;26346860000;26155111111;26655111111;1400;1388
4798;26346864000;26155111111;26655111111;1398;1386
4799;26346867000;26196466666;26696466666;1400;1388
4800;26346871000;26196466666;26696466666;1400;1388
4801;26346874000;26196466666;26696466666;1398;1386
4802;26346878000;26196466666;26696466666;1400;1388
4803;26346890000;26196466666;26696466666;1398;1386
4804;26346893000;26196466666;26696466666;1400;1388
4805;26346896000;26196466666;26696466666;1400;1388
4806;26346899000;26196477777;26696477777;982;970
4807;26388508000;26196788888;26696788888;1398;1386
4808;26388517000;26196788888;26696788888;1400;1388
4809;26388520000;26196788888;26696788888;1398;1386
4810;26388523000;26238133333;26738133333;1400;1388
4811;26388526000;26238133333;26738133333;1400;1388
4812;26388529000;26238133333;26738133333;1398;1386
4813;26388532000;26238133333;26738133333;1400;1388
4815;26388535000;26238133333;26738133333;1400;1388
4816;26388540000;26238133333;26738133333;1400;1388
4817;26388554000;26238155555;26738155555;982;970
4818;26430181000;26238444444;26738444444;1398;1386
4819;26430191000;26238444444;26738444444;1400;1388
4820;26430195000;26238444444;26738444444;1398;1386
4821;26430198000;26279788888;26779788888;1400;1388
4822;26430202000;26279788888;26779788888;1400;1388
4824;26430205000;26279788888;26779788888;1400;1388
4825;26430209000;26279788888;26779788888;1398;1386
4826;26430212000;26279788888;26779788888;1400;1388
4827;26430215000;26279788888;26779788888;1400;1388
4828;26430218000;26279800000;26779800000;982;970
4829;26471838000;26280100000;26780100000;1398;1386
4830;26471848000;26280100000;26780100000;1400;1388
4831;26471852000;26280100000;26780100000;1398;1386
4832;26471855000;26321455555;26821455555;1400;1388
4833;26471858000;26321455555;26821455555;1400;1388
4834;26471862000;26321455555;26821455555;1398;1386
4835;26471865000;26321455555;26821455555;1400;1388
4836;26471868000;26321455555;26821455555;1398;1386
4837;26471872000;26321455555;26821455555;1400;1388
4838;26471875000;26321455555;26821455555;1400;1388
4839;26471878000;26321466666;26821466666;982;970
4840;26513511000;26321788888;26821788888;1398;1386
4842;26513520000;26321788888;26821788888;1398;1386
4843;26513527000;26363133333;26863133333;1400;1388
4844;26513536000;26363133333;26863133333;1400;1388
4845;26513540000;26363133333;26863133333;1398;1386
4846;26513543000;26363133333;26863133333;1400;1388
4847;26513546000;26363133333;26863133333;1398;1386
4848;26513549000;26363133333;26863133333;1400;1388
4849;26513552000;26363133333;26863133333;1400;1388
4850;26513556000;26363155555;26863155555;982;970
4851;26555180000;26363444444;26863444444;1398;1386
4852;26555189000;26363444444;26863444444;1400;1388
4853;26555193000;26363444444;26863444444;1398;1386
4854;26555197000;26404800000;26904800000;1400;1388
4855;26555201000;26404800000;26904800000;1400;1388
4856;26555204000;26404800000;26904800000;1398;1386
4857;26555207000;26404800000;26904800000;1400;1388
4858;26555210000;26404800000;26904800000;1398;1386
4859;26555214000;26404800000;26904800000;1400;1388
4860;26555217000;26404800000;26904800000;1400;1388
4861;26555220000;26404811111;26904811111;982;970
4862;26596847000;26405100000;26905100000;1398;1386
4863;26596857000;26405100000;26905100000;1400;1388
4864;26596860000;26405100000;26905100000;1398;1386
4865;26596864000;26446466666;26946466666;1400;1388
4866;26596867000;26446466666;26946466666;1400;1388
4867;26596870000;26446466666;26946466666;1398;1386
4868;26596874000;26446466666;26946466666;1400;1388
4869;26596877000;26446466666;26946466666;1398;1386
4870;26596880000;26446466666;26946466666;1400;1388
4871;26596883000;26446466666;26946466666;1400;1388
4872;26596887000;26446477777;26946477777;982;970
4873;26638517000;26446788888;26946788888;1398;1386
4874;26638527000;26446788888;26946788888;1400;1388
4875;26638530000;26446788888;26946788888;1398;1386
4876;26638534000;26488133333;26988133333;1400;1388
4877;26638537000;26488133333;26988133333;1400;1388
4878;26638541000;26488133333;26988133333;1398;1386
4879;26638544000;26488133333;26988133333;1400;1388
4880;26638547000;26488133333;26988133333;1398;1386
4881;26638550000;26488133333;26988133333;1400;1388
4882;26638553000;26488133333;26988133333;1400;1388
4883;26638557000;26488155555;26988155555;982;970
4884;26680159000;26488444444;26988444444;1398;1386
4885;26680168000;26488444444;26988444444;1400;1388
4886;26680180000;26488444444;26988444444;1398;1386
4887;26680184000;26529800000;27029800000;1400;1388
4888;26680187000;26529800000;27029800000;1400;1388
4889;26680190000;26529800000;27029800000;1398;1386
4890;26680193000;26529800000;27029800000;1400;1388
4891;26680197000;26529800000;27029800000;1398;1386
4892;26680200000;26529800000;27029800000;1400;1388
4893;26680203000;26529800000;27029800000;1400;1388
4894;26680206000;26529811111;27029811111;982;970
4895;26721873000;26530088888;27030088888;1398;1386
4896;26721882000;26530088888;27030088888;1400;1388
4897;26721885000;26530088888;27030088888;1398;1386
4898;26721888000;26571466666;27071466666;1400;1388
4899;26721892000;26571466666;27071466666;1400;1388
4900;26721895000;26571466666;27071466666;1398;1386
4901;26721898000;26571466666;27071466666;1400;1388
4902;26721901000;26571466666;27071466666;1398;1386
4903;26721904000;26571466666;27071466666;1400;1388
4904;26721907000;26571466666;27071466666;1400;1388
4905;26721910000;26571477777;27071477777;982;970
4906;26763508000;26571800000;27071800000;1398;1386
4907;26763516000;26571800000;27071800000;1400;1388
4908;26763520000;26571800000;27071800000;1398;1386
4909;26763523000;26613133333;27113133333;1400;1388
4911;26763526000;26613133333;27113133333;1398;1386
4912;26763531000;26613133333;27113133333;1400;1388
4913;26763544000;26613133333;27113133333;1398;1386
4914;26763548000;26613133333;27113133333;1400;1388
4915;26763556000;26613133333;27113133333;1400;1388
4916;26763559000;26613155555;27113155555;982;970
4917;26805192000;26613466666;27113466666;1398;1386
4918;26805200000;26613466666;27113466666;1400;1388
4919;26805204000;26613466666;27113466666;1398;1386
4920;26805207000;26654800000;27154800000;1400;1388
4921;26805210000;26654800000;27154800000;1400;1388
4922;26805214000;26654800000;27154800000;1398;1386
4923;26805217000;26654800000;27154800000;1400;1388
4924;26805220000;26654800000;27154800000;1398;1386
4925;26805223000;26654800000;27154800000;1400;1388
4926;26805226000;26654800000;27154800000;1400;1388
4927;26805229000;26654822222;27154822222;982;970
4928;26846848000;26655155555;27155155555;1398;1386
4929;26846858000;26655155555;27155155555;1400;1388
4930;26846861000;26655155555;27155155555;1398;1386
4931;26846865000;26696466666;27196466666;1400;1388
4932;26846868000;26696466666;27196466666;1400;1388
4933;26846872000;26696466666;27196466666;1398;1386
4934;26846875000;26696466666;27196466666;1400;1388
4935;26846878000;26696466666;27196466666;1398;1386
4936;26846881000;26696466666;27196466666;1400;1388
4937;26846884000;26696466666;27196466666;1400;1388
4938;26846887000;26696477777;27196477777;982;970
4939;26888515000;26696777777;27196777777;1398;1386
4940;26888524000;26696777777;27196777777;1400;1388
4941;26888529000;26696777777;27196777777;1398;1386
4942;26888532000;26738133333;27238133333;1400;1388
4943;26888536000;26738133333;27238133333;1400;1388
4944;26888539000;26738133333;27238133333;1398;1386
4945;26888542000;26738133333;27238133333;1400;1388
4946;26888545000;26738133333;27238133333;1398;1386
4947;26888549000;26738133333;27238133333;1400;1388
4948;26888552000;26738133333;27238133333;1400;1388
4949;26888555000;26738155555;27238155555;982;970
4950;26930183000;26738444444;27238444444;1398;1386
4951;26930193000;26738444444;27238444444;1400;1388
4952;26930197000;26738444444;27238444444;1398;1386
4953;26930200000;26779800000;27279800000;1400;1388
4954;26930204000;26779800000;27279800000;1400;1388
4955;26930207000;26779800000;27279800000;1398;1386
4956;26930210000;26779800000;27279800000;1400;1388
4957;26930214000;26779800000;27279800000;1398;1386
4958;26930217000;26779800000;27279800000;1400;1388
4959;26930220000;26779800000;27279800000;1400;1388
4960;26930224000;26779811111;27279811111;982;970
4961;26971848000;26780088888;27280088888;1398;1386
4962;26971857000;26780088888;27280088888;1400;1388
4963;26971861000;26780088888;27280088888;1398;1386
4964;26971865000;26821466666;27321466666;1400;1388
4965;26971868000;26821466666;27321466666;1400;1388
4966;26971871000;26821466666;27321466666;1398;1386
4967;26971874000;26821466666;27321466666;1400;1388
4968;26971887000;26821466666;27321466666;1398;1386
4969;26971890000;26821466666;27321466666;1400;1388
4970;26971894000;26821466666;27321466666;1400;1388
4971;26971897000;26821477777;27321477777;982;970
4972;27013512000;26821800000;27321800000;1398;1386
4973;27013521000;26821800000;27321800000;1400;1388
4974;27013525000;26821800000;27321800000;1398;1386
4975;27013528000;26863133333;27363133333;1400;1388
4976;27013531000;26863133333;27363133333;1400;1388
4977;27013534000;26863133333;27363133333;1398;1386
4978;27013537000;26863133333;27363133333;1400;1388
4979;27013540000;26863133333;27363133333;1398;1386
4980;27013543000;26863133333;27363133333;1400;1388
4981;27013546000;26863133333;27363133333;1400;1388
4982;27013549000;26863155555;27363155555;982;970
4983;27055180000;26863455555;27363455555;1398;1386
4986;27055189000;26904800000;27404800000;1400;1388
4987;27055194000;26904800000;27404800000;1400;1388
4988;27055206000;26904800000;27404800000;1398;1386
4989;27055209000;26904800000;27404800000;1400;1388
4990;27055212000;26904800000;27404800000;1398;1386
4991;27055215000;26904800000;27404800000;1400;1388
4992;27055218000;26904800000;27404800000;1400;1388
4993;27055221000;26904811111;27404811111;982;970
4994;27096879000;26905111111;27405111111;1398;1386
4995;27096898000;26905111111;27405111111;1400;1388
4996;27096903000;26905111111;27405111111;1398;1386
4997;27096906000;26946466666;27446466666;1400;1388
4998;27096910000;26946466666;27446466666;1400;1388
4999;27096913000;26946466666;27446466666;1398;1386
5000;27096917000;26946466666;27446466666;1400;1388
5001;27096920000;26946466666;27446466666;1398;1386
5002;27096923000;26946466666;27446466666;1400;1388
5003;27096926000;26946466666;27446466666;1400;1388
5004;27096930000;26946477777;27446477777;982;970
5005;27138571000;26946800000;27446800000;1398;1386
5006;27138590000;26946800000;27446800000;1400;1388
5007;27138594000;26946800000;27446800000;1398;1386
5008;27138597000;26988133333;27488133333;1400;1388
5009;27138601000;26988133333;27488133333;1400;1388
5010;27138604000;26988133333;27488133333;1398;1386
5011;27138608000;26988133333;27488133333;1400;1388
5012;27138612000;26988133333;27488133333;1398;1386
5013;27138615000;26988133333;27488133333;1400;1388
5014;27138618000;26988133333;27488133333;1400;1388
5015;27138621000;26988155555;27488155555;982;970
5016;27180170000;26988444444;27488444444;1398;1386
5017;27180179000;26988444444;27488444444;1400;1388
5018;27180183000;26988444444;27488444444;1398;1386
5019;27180186000;27029788888;27529788888;1400;1388
5020;27180189000;27029788888;27529788888;1400;1388
5021;27180193000;27029788888;27529788888;1398;1386
5022;27180196000;27029788888;27529788888;1400;1388
5023;27180199000;27029788888;27529788888;1398;1386
5025;27180202000;27029788888;27529788888;1400;1388
5026;27180209000;27029800000;27529800000;982;970
5027;27221848000;27030077777;27530077777;1398;1386
5028;27221856000;27030077777;27530077777;1400;1388
5029;27221860000;27030077777;27530077777;1398;1386
5030;27221863000;27071477777;27571477777;1400;1388
5033;27221867000;27071477777;27571477777;1400;1388
5034;27221870000;27071477777;27571477777;1398;1386
5035;27221873000;27071477777;27571477777;1400;1388
5036;27221876000;27071477777;27571477777;1400;1388
5037;27221880000;27071488888;27571488888;982;970
5038;27263533000;27071800000;27571800000;1398;1386
5039;27263542000;27071800000;27571800000;1400;1388
5040;27263545000;27071800000;27571800000;1398;1386
5041;27263549000;27113155555;27613155555;1400;1388
5042;27263552000;27113155555;27613155555;1400;1388
5046;27263555000;27113155555;27613155555;1400;1388
5047;27263559000;27113155555;27613155555;1400;1388
5048;27263562000;27113177777;27613177777;982;970
5049;27305149000;27113477777;27613477777;1398;1386
5050;27305158000;27113477777;27613477777;1400;1388
5051;27305162000;27113477777;27613477777;1398;1386
5052;27305166000;27154800000;27654800000;1400;1388
5053;27305169000;27154800000;27654800000;1400;1388
5054;27305173000;27154800000;27654800000;1398;1386
5055;27305176000;27154800000;27654800000;1400;1388
5056;27305179000;27154800000;27654800000;1398;1386
5057;27305192000;27154800000;27654800000;1400;1388
5058;27305196000;27154800000;27654800000;1400;1388
5059;27305199000;27154811111;27654811111;982;970
5060;27346818000;27155111111;27655111111;1398;1386
5061;27346827000;27155111111;27655111111;1400;1388
5062;27346831000;27155111111;27655111111;1398;1386
5063;27346834000;27196466666;27696466666;1400;1388
5064;27346837000;27196466666;27696466666;1400;1388
5065;27346841000;27196466666;27696466666;1398;1386
5066;27346844000;27196466666;27696466666;1400;1388
5067;27346848000;27196466666;27696466666;1398;1386
5068;27346851000;27196466666;27696466666;1400;1388
5069;27346854000;27196466666;27696466666;1400;1388
5070;27346857000;27196477777;27696477777;982;970
5073;27388482000;27196788888;27696788888;1398;1386
5074;27388504000;27238133333;27738133333;1400;1388
5075;27388508000;27238133333;27738133333;1400;1388
5076;27388512000;27238133333;27738133333;1398;1386
5077;27388515000;27238133333;27738133333;1400;1388
5078;27388518000;27238133333;27738133333;1398;1386
5079;27388522000;27238133333;27738133333;1400;1388
5080;27388534000;27238133333;27738133333;1400;1388
5081;27388537000;27238155555;27738155555;982;970
5082;27430141000;27238444444;27738444444;1398;1386
5083;27430151000;27238444444;27738444444;1400;1388
5085;27430154000;27279788888;27779788888;1400;1388
5086;27430160000;27279788888;27779788888;1400;1388
5087;27430170000;27279788888;27779788888;1398;1386
5088;27430174000;27279788888;27779788888;1400;1388
5089;27430177000;27279788888;27779788888;1398;1386
5090;27430180000;27279788888;27779788888;1400;1388
5091;27430184000;27279788888;27779788888;1400;1388
5092;27430187000;27279800000;27779800000;982;970
5093;27471784000;27280088888;27780088888;1398;1386
5094;27471793000;27280088888;27780088888;1400;1388
5095;27471797000;27280088888;27780088888;1398;1386
5096;27471801000;27321455555;27821455555;1400;1388
5097;27471804000;27321455555;27821455555;1400;1388
5098;27471808000;27321455555;27821455555;1398;1386
5099;27471811000;27321455555;27821455555;1400;1388
5100;27471814000;27321455555;27821455555;1398;1386
5101;27471817000;27321455555;27821455555;1400;1388
5102;27471821000;27321455555;27821455555;1400;1388
5103;27471824000;27321466666;27821466666;982;970
5104;27513488000;27321788888;27821788888;1398;1386
5105;27513497000;27321788888;27821788888;1400;1388
5106;27513501000;27321788888;27821788888;1398;1386
5107;27513504000;27363122222;27863122222;1400;1388
5108;27513507000;27363122222;27863122222;1400;1388
5109;27513510000;27363122222;27863122222;1398;1386
5110;27513513000;27363122222;27863122222;1400;1388
5111;27513516000;27363122222;27863122222;1398;1386
5112;27513519000;27363122222;27863122222;1400;1388
5114;27513522000;27363133333;27863133333;982;970
5115;27555150000;27363433333;27863433333;1398;1386
5116;27555159000;27363433333;27863433333;1400;1388
5118;27555163000;27404788888;27904788888;1400;1388
5119;27555167000;27404788888;27904788888;1400;1388
5120;27555170000;27404788888;27904788888;1398;1386
5121;27555173000;27404788888;27904788888;1400;1388
5122;27555177000;27404788888;27904788888;1398;1386
5123;27555180000;27404788888;27904788888;1400;1388
5124;27555183000;27404788888;27904788888;1400;1388
5125;27555187000;27404800000;27904800000;982;970
5126;27596802000;27405088888;27905088888;1398;1386
5127;27596811000;27405088888;27905088888;1400;1388
5128;27596814000;27405088888;27905088888;1398;1386
5129;27596818000;27446455555;27946455555;1400;1388
5130;27596821000;27446455555;27946455555;1400;1388
5131;27596824000;27446455555;27946455555;1398;1386
5132;27596828000;27446455555;27946455555;1400;1388
5133;27596831000;27446455555;27946455555;1398;1386
5134;27596834000;27446455555;27946455555;1400;1388
5135;27596837000;27446455555;27946455555;1400;1388
5136;27596840000;27446466666;27946466666;982;970
5139;27638474000;27446766666;27946766666;1398;1386
5140;27638496000;27488122222;27988122222;1400;1388
5141;27638500000;27488122222;27988122222;1400;1388
5142;27638504000;27488122222;27988122222;1398;1386
5143;27638508000;27488122222;27988122222;1400;1388
5144;27638529000;27488122222;27988122222;1398;1386
5145;27638532000;27488122222;27988122222;1400;1388
5146;27638535000;27488122222;27988122222;1400;1388
5147;27638538000;27488144444;27988144444;982;970
5148;27680153000;27488444444;27988444444;1398;1386
5149;27680162000;27488444444;27988444444;1400;1388
5150;27680165000;27488444444;27988444444;1398;1386
5151;27680168000;27529788888;28029788888;1400;1388
5152;27680171000;27529788888;28029788888;1400;1388
5153;27680174000;27529788888;28029788888;1398;1386
5154;27680177000;27529788888;28029788888;1400;1388
5155;27680180000;27529788888;28029788888;1398;1386
5156;27680183000;27529788888;28029788888;1400;1388
5157;27680186000;27529788888;28029788888;1400;1388
5158;27680189000;27529800000;28029800000;982;970
5159;27721817000;27530077777;28030077777;1398;1386
5160;27721826000;27530077777;28030077777;1400;1388
5161;27721829000;27530077777;28030077777;1398;1386
5162;27721832000;27571455555;28071455555;1400;1388
5163;27721835000;27571455555;28071455555;1400;1388
5164;27721838000;27571455555;28071455555;1398;1386
5165;27721841000;27571455555;28071455555;1400;1388
5166;27721844000;27571455555;28071455555;1398;1386
5167;27721847000;27571455555;28071455555;1400;1388
5168;27721850000;27571455555;28071455555;1400;1388
5169;27721853000;27571477777;28071477777;982;970
5170;27763517000;27571788888;28071788888;1398;1386
5171;27763526000;27571788888;28071788888;1400;1388
5172;27763530000;27571788888;28071788888;1398;1386
5173;27763533000;27613122222;28113122222;1400;1388
5174;27763536000;27613122222;28113122222;1400;1388
5175;27763539000;27613122222;28113122222;1398;1386
5176;27763543000;27613122222;28113122222;1400;1388
5177;27763546000;27613122222;28113122222;1398;1386
5178;27763549000;27613122222;28113122222;1400;1388
5179;27763552000;27613122222;28113122222;1400;1388
5180;27763555000;27613133333;28113133333;982;970
5181;27805171000;27613444444;28113444444;1398;1386
5182;27805181000;27613444444;28113444444;1400;1388
5183;27805184000;27613444444;28113444444;1398;1386
5184;27805188000;27654788888;28154788888;1400;1388
5185;27805191000;27654788888;28154788888;1400;1388
5186;27805195000;27654788888;28154788888;1398;1386
5187;27805198000;27654788888;28154788888;1400;1388
5188;27805201000;27654788888;28154788888;1398;1386
5189;27805204000;27654788888;28154788888;1400;1388
5190;27805208000;27654788888;28154788888;1400;1388
5191;27805211000;27654800000;28154800000;982;970
5192;27846838000;27655122222;28155122222;1398;1386
5193;27846847000;27655122222;28155122222;1400;1388
5194;27846852000;27655122222;28155122222;1398;1386
5195;27846855000;27696455555;28196455555;1400;1388
5196;27846859000;27696455555;28196455555;1400;1388
5197;27846862000;27696455555;28196455555;1398;1386
5198;27846865000;27696455555;28196455555;1400;1388
5199;27846869000;27696455555;28196455555;1398;1386
5200;27846872000;27696455555;28196455555;1400;1388
5201;27846875000;27696455555;28196455555;1400;1388
5202;27846878000;27696466666;28196466666;982;970
5203;27888478000;27696766666;28196766666;1398;1386
5204;27888488000;27696766666;28196766666;1400;1388
5205;27888492000;27696766666;28196766666;1398;1386
5206;27888496000;27738133333;28238133333;1400;1388
5207;27888499000;27738133333;28238133333;1400;1388
5208;27888502000;27738133333;28238133333;1398;1386
5209;27888506000;27738133333;28238133333;1400;1388
5210;27888509000;27738133333;28238133333;1398;1386
5211;27888513000;27738133333;28238133333;1400;1388
5213;27888516000;27738155555;28238155555;982;970
5214;27930221000;27738422222;28238422222;1398;1386
5215;27930230000;27738422222;28238422222;1400;1388
5217;27930234000;27779800000;28279800000;1400;1388
5218;27930238000;27779800000;28279800000;1400;1388
5219;27930242000;27779800000;28279800000;1398;1386
5220;27930245000;27779800000;28279800000;1400;1388
5221;27930248000;27779800000;28279800000;1398;1386
5222;27930252000;27779800000;28279800000;1400;1388
5223;27930255000;27779800000;28279800000;1400;1388
5224;27930258000;27779811111;28279811111;982;970
5225;27971850000;27780077777;28280077777;1398;1386
5226;27971859000;27780077777;28280077777;1400;1388
5227;27971872000;27780077777;28280077777;1398;1386
5228;27971875000;27821466666;28321466666;1400;1388
5229;27971879000;27821466666;28321466666;1400;1388
5230;27971882000;27821466666;28321466666;1398;1386
5231;27971886000;27821466666;28321466666;1400;1388
5232;27971889000;27821466666;28321466666;1398;1386
5233;27971892000;27821466666;28321466666;1400;1388
5235;27971895000;27821477777;28321477777;982;970
5236;28013518000;27821800000;28321800000;1398;1386
5237;28013527000;27821800000;28321800000;1400;1388
5238;28013530000;27821800000;28321800000;1398;1386
5239;28013534000;27863155555;28363155555;1400;1388
5240;28013537000;27863155555;28363155555;1400;1388
5241;28013540000;27863155555;28363155555;1398;1386
5242;28013543000;27863155555;28363155555;1400;1388
5243;28013546000;27863155555;28363155555;1398;1386
5244;28013549000;27863155555;28363155555;1400;1388
5245;28013552000;27863155555;28363155555;1400;1388
5246;28013555000;27863166666;28363166666;982;970
5247;28055177000;27863466666;28363466666;1398;1386
5248;28055186000;27863466666;28363466666;1400;1388
5249;28055189000;27863466666;28363466666;1398;1386
5250;28055192000;27904800000;28404800000;1400;1388
5251;28055196000;27904800000;28404800000;1400;1388
5252;28055199000;27904800000;28404800000;1398;1386
5253;28055202000;27904800000;28404800000;1400;1388
5254;28055205000;27904800000;28404800000;1398;1386
5255;28055207000;27904800000;28404800000;1400;1388
5256;28055210000;27904800000;28404800000;1400;1388
5257;28055213000;27904811111;28404811111;982;970
5258;28096860000;27905100000;28405100000;1398;1386
5259;28096869000;27905100000;28405100000;1400;1388
5260;28096873000;27905100000;28405100000;1398;1386
5261;28096876000;27946466666;28446466666;1400;1388
5262;28096880000;27946466666;28446466666;1400;1388
5263;28096883000;27946466666;28446466666;1398;1386
5264;28096886000;27946466666;28446466666;1400;1388
5265;28096889000;27946466666;28446466666;1398;1386
5267;28096893000;27946466666;28446466666;1400;1388
5269;28138515000;27946788888;28446788888;1398;1386
5270;28138525000;27946788888;28446788888;1400;1388
5271;28138529000;27946788888;28446788888;1398;1386
5272;28138532000;27988133333;28488133333;1400;1388
5273;28138536000;27988133333;28488133333;1400;1388
5274;28138539000;27988133333;28488133333;1398;1386
5275;28138543000;27988133333;28488133333;1400;1388
5276;28138546000;27988133333;28488133333;1398;1386
5277;28138549000;27988133333;28488133333;1400;1388
5278;28138553000;27988133333;28488133333;1400;1388
5280;28180180000;27988444444;28488444444;1398;1386
5281;28180201000;27988444444;28488444444;1400;1388
5282;28180205000;27988444444;28488444444;1398;1386
5283;28180209000;28029800000;28529800000;1400;1388
5284;28180212000;28029800000;28529800000;1400;1388
5285;28180216000;28029800000;28529800000;1398;1386
5286;28180219000;28029800000;28529800000;1400;1388
5287;28180232000;28029800000;28529800000;1398;1386
5288;28180235000;28029800000;28529800000;1400;1388
5289;28180238000;28029800000;28529800000;1400;1388
5290;28180241000;28029811111;28529811111;982;970
5291;28221844000;28030077777;28530077777;1398;1386
5293;28221852000;28030077777;28530077777;1398;1386
5294;28221858000;28071466666;28571466666;1400;1388
5295;28221872000;28071466666;28571466666;1400;1388
5296;28221875000;28071466666;28571466666;1398;1386
5297;28221883000;28071466666;28571466666;1400;1388
5298;28221886000;28071466666;28571466666;1398;1386
5299;28221889000;28071466666;28571466666;1400;1388
5300;28221892000;28071466666;28571466666;1400;1388
5301;28221905000;28071488888;28571488888;982;970
5302;28263527000;28071788888;28571788888;1398;1386
5303;28263536000;28071788888;28571788888;1400;1388
5304;28263540000;28071788888;28571788888;1398;1386
5305;28263543000;28113133333;28613133333;1400;1388
5306;28263547000;28113133333;28613133333;1400;1388
5307;28263550000;28113133333;28613133333;1398;1386
5308;28263553000;28113133333;28613133333;1400;1388
5309;28263556000;28113133333;28613133333;1398;1386
5310;28263559000;28113133333;28613133333;1400;1388
5311;28263562000;28113133333;28613133333;1400;1388
5312;28263575000;28113155555;28613155555;982;970
5313;28305148000;28113422222;28613422222;1398;1386
5314;28305157000;28113422222;28613422222;1400;1388
5315;28305160000;28113422222;28613422222;1398;1386
5316;28305164000;28154800000;28654800000;1400;1388
5317;28305167000;28154800000;28654800000;1400;1388
5318;28305170000;28154800000;28654800000;1398;1386
5319;28305173000;28154800000;28654800000;1400;1388
5320;28305177000;28154800000;28654800000;1398;1386
5321;28305180000;28154800000;28654800000;1400;1388
5322;28305183000;28154800000;28654800000;1400;1388
5323;28305186000;28154811111;28654811111;982;970
5324;28346816000;28155100000;28655100000;1398;1386
5325;28346825000;28155100000;28655100000;1400;1388
5326;28346829000;28155100000;28655100000;1398;1386
5327;28346833000;28196466666;28696466666;1400;1388
5328;28346836000;28196466666;28696466666;1400;1388
5329;28346839000;28196466666;28696466666;1398;1386
5330;28346843000;28196466666;28696466666;1400;1388
5331;28346846000;28196466666;28696466666;1398;1386
5332;28346849000;28196466666;28696466666;1400;1388
5333;28346852000;28196466666;28696466666;1400;1388
5334;28346856000;28196477777;28696477777;982;970
5335;28388483000;28196777777;28696777777;1398;1386
5336;28388492000;28196777777;28696777777;1400;1388
5337;28388496000;28196777777;28696777777;1398;1386
5338;28388500000;28238133333;28738133333;1400;1388
5339;28388503000;28238133333;28738133333;1400;1388
5340;28388507000;28238133333;28738133333;1398;1386
5341;28388510000;28238133333;28738133333;1400;1388
5342;28388513000;28238133333;28738133333;1398;1386
5343;28388517000;28238133333;28738133333;1400;1388
5344;28388520000;28238133333;28738133333;1400;1388
5345;28388523000;28238155555;28738155555;982;970
5346;28430175000;28238444444;28738444444;1398;1386
5347;28430184000;28238444444;28738444444;1400;1388
5348;28430188000;28238444444;28738444444;1398;1386
5349;28430191000;28279800000;28779800000;1400;1388
5350;28430195000;28279800000;28779800000;1400;1388
5351;28430198000;28279800000;28779800000;1398;1386
5352;28430202000;28279800000;28779800000;1400;1388
5353;28430205000;28279800000;28779800000;1398;1386
5354;28430208000;28279800000;28779800000;1400;1388
5355;28430212000;28279800000;28779800000;1400;1388
5356;28430215000;28279811111;28779811111;982;970
5357;28471836000;28280111111;28780111111;1398;1386
5358;28471845000;28280111111;28780111111;1400;1388
5359;28471849000;28280111111;28780111111;1398;1386
5360;28471853000;28321455555;28821455555;1400;1388
5361;28471856000;28321455555;28821455555;1400;1388
5362;28471860000;28321455555;28821455555;1398;1386
5363;28471863000;28321455555;28821455555;1400;1388
5364;28471866000;28321455555;28821455555;1398;1386
5365;28471869000;28321455555;28821455555;1400;1388
5366;28471873000;28321455555;28821455555;1400;1388
5367;28471876000;28321466666;28821466666;982;970
5368;28513506000;28321788888;28821788888;1398;1386
5369;28513515000;28321788888;28821788888;1400;1388
5370;28513519000;28321788888;28821788888;1398;1386
5371;28513522000;28363122222;28863122222;1400;1388
5373;28513526000;28363122222;28863122222;1398;1386
5374;28513532000;28363122222;28863122222;1400;1388
5375;28513541000;28363122222;28863122222;1398;1386
5376;28513544000;28363122222;28863122222;1400;1388
5377;28513547000;28363122222;28863122222;1400;1388
5378;28513550000;28363144444;28863144444;982;970
5379;28555171000;28363444444;28863444444;1398;1386
5380;28555180000;28363444444;28863444444;1400;1388
5381;28555184000;28363444444;28863444444;1398;1386
5382;28555187000;28404788888;28904788888;1400;1388
5383;28555191000;28404788888;28904788888;1400;1388
5384;28555194000;28404788888;28904788888;1398;1386
5385;28555197000;28404788888;28904788888;1400;1388
5387;28555200000;28404788888;28904788888;1400;1388
5389;28555204000;28404800000;28904800000;982;970
5390;28596847000;28405088888;28905088888;1398;1386
5391;28596857000;28405088888;28905088888;1400;1388
5392;28596861000;28405088888;28905088888;1398;1386
5393;28596865000;28446466666;28946466666;1400;1388
5394;28596868000;28446466666;28946466666;1400;1388
5395;28596872000;28446466666;28946466666;1398;1386
5396;28596884000;28446466666;28946466666;1400;1388
5397;28596887000;28446466666;28946466666;1398;1386
5398;28596891000;28446466666;28946466666;1400;1388
5399;28596894000;28446466666;28946466666;1400;1388
5400;28596897000;28446477777;28946477777;982;970
5401;28638516000;28446766666;28946766666;1398;1386
5402;28638525000;28446766666;28946766666;1400;1388
5403;28638529000;28446766666;28946766666;1398;1386
5404;28638533000;28488133333;28988133333;1400;1388
5405;28638536000;28488133333;28988133333;1400;1388
5406;28638540000;28488133333;28988133333;1398;1386
5407;28638543000;28488133333;28988133333;1400;1388
5408;28638547000;28488133333;28988133333;1398;1386
5409;28638550000;28488133333;28988133333;1400;1388
5410;28638553000;28488133333;28988133333;1400;1388
5411;28638556000;28488155555;28988155555;982;970
5412;28680172000;28488444444;28988444444;1398;1386
5413;28680181000;28488444444;28988444444;1400;1388
5414;28680184000;28488444444;28988444444;1398;1386
5415;28680187000;28529800000;29029800000;1400;1388
5416;28680191000;28529800000;29029800000;1400;1388
5417;28680194000;28529800000;29029800000;1398;1386
5418;28680197000;28529800000;29029800000;1400;1388
5419;28680200000;28529800000;29029800000;1398;1386
5420;28680203000;28529800000;29029800000;1400;1388
5421;28680206000;28529800000;29029800000;1400;1388
5422;28680209000;28529811111;29029811111;982;970
5423;28721874000;28530077777;29030077777;1398;1386
5424;28721883000;28530077777;29030077777;1400;1388
5425;28721887000;28530077777;29030077777;1398;1386
5426;28721890000;28571466666;29071466666;1400;1388
5427;28721893000;28571466666;29071466666;1400;1388
5428;28721897000;28571466666;29071466666;1398;1386
5429;28721899000;28571466666;29071466666;1400;1388
5430;28721903000;28571466666;29071466666;1398;1386
5431;28721906000;28571466666;29071466666;1400;1388
5432;28721909000;28571466666;29071466666;1400;1388
5433;28721912000;28571477777;29071477777;982;970
5434;28763510000;28571788888;29071788888;1398;1386
5435;28763519000;28571788888;29071788888;1400;1388
5436;28763523000;28571788888;29071788888;1398;1386
5437;28763527000;28613133333;29113133333;1400;1388
5438;28763530000;28613133333;29113133333;1400;1388
5440;28763533000;28613133333;29113133333;1400;1388
5441;28763538000;28613133333;29113133333;1398;1386
5442;28763552000;28613133333;29113133333;1400;1388
5443;28763555000;28613133333;29113133333;1400;1388
5444;28763565000;28613155555;29113155555;982;970
5445;28805131000;28613455555;29113455555;1398;1386
5446;28805140000;28613455555;29113455555;1400;1388
5447;28805144000;28613455555;29113455555;1398;1386
5448;28805147000;28654800000;29154800000;1400;1388
5449;28805151000;28654800000;29154800000;1400;1388
5450;28805154000;28654800000;29154800000;1398;1386
5451;28805157000;28654800000;29154800000;1400;1388
5452;28805160000;28654800000;29154800000;1398;1386
5453;28805164000;28654800000;29154800000;1400;1388
5454;28805167000;28654800000;29154800000;1400;1388
5455;28805170000;28654822222;29154822222;982;970
5456;28846870000;28655122222;29155122222;1398;1386
5457;28846880000;28655122222;29155122222;1400;1388
5458;28846883000;28655122222;29155122222;1398;1386
5459;28846887000;28696466666;29196466666;1400;1388
5460;28846891000;28696466666;29196466666;1400;1388
5461;28846894000;28696466666;29196466666;1398;1386
5462;28846897000;28696466666;29196466666;1400;1388
5463;28846901000;28696466666;29196466666;1398;1386
5464;28846904000;28696466666;29196466666;1400;1388
5465;28846907000;28696466666;29196466666;1400;1388
5466;28846910000;28696477777;29196477777;982;970
5467;28888514000;28696777777;29196777777;1398;1386
5468;28888523000;28696777777;29196777777;1400;1388
5469;28888527000;28696777777;29196777777;1398;1386
5470;28888530000;28738133333;29238133333;1400;1388
5471;28888534000;28738133333;29238133333;1400;1388
5472;28888537000;28738133333;29238133333;1398;1386
5473;28888540000;28738133333;29238133333;1400;1388
5474;28888544000;28738133333;29238133333;1398;1386
5475;28888547000;28738133333;29238133333;1400;1388
5476;28888550000;28738133333;29238133333;1400;1388
5477;28888554000;28738155555;29238155555;982;970
5478;28930170000;28738422222;29238422222;1398;1386
5479;28930180000;28738422222;29238422222;1400;1388
5482;28930183000;28779788888;29279788888;1400;1388
5483;28930189000;28779788888;29279788888;1398;1386
5484;28930199000;28779788888;29279788888;1400;1388
5485;28930202000;28779788888;29279788888;1398;1386
5486;28930205000;28779788888;29279788888;1400;1388
5487;28930208000;28779788888;29279788888;1400;1388
5488;28930212000;28779800000;29279800000;982;970
5489;28971836000;28780077777;29280077777;1398;1386
5491;28971845000;28780077777;29280077777;1398;1386
5492;28971849000;28821455555;29321455555;1400;1388
5493;28971853000;28821455555;29321455555;1400;1388
5494;28971856000;28821455555;29321455555;1398;1386
5495;28971860000;28821455555;29321455555;1400;1388
5496;28971863000;28821455555;29321455555;1398;1386
5497;28971867000;28821455555;29321455555;1400;1388
5498;28971870000;28821455555;29321455555;1400;1388
5499;28971873000;28821466666;29321466666;982;970
