seqnum;now;rtptime;deadline;packet_len;payload_len
0;8678952000;8289244444;8789244444;10240;10228
1;8679069000;8289244444;8789244444;10240;10228
4;8679085000;8320411111;8820411111;10240;10228
5;8679092000;8320411111;8820411111;10240;10228
6;8679097000;8320411111;8820411111;10240;10228
7;8679101000;8320411111;8820411111;10240;10228
8;8679112000;8320411111;8820411111;10240;10228
9;8679123000;8320411111;8820411111;10240;10228
10;8679136000;8320433333;8820433333;10240;10228
11;8679155000;8320800000;8820800000;10240;10228
12;8679164000;8320800000;8820800000;10240;10228
13;8679182000;8320800000;8820800000;10240;10228
14;8679199000;8362066666;8862066666;10240;10228
15;8679212000;8362066666;8862066666;10240;10228
16;8679227000;8362066666;8862066666;10240;10228
17;8679250000;8362066666;8862066666;10240;10228
18;8679265000;8362066666;8862066666;10240;10228
19;8679278000;8362066666;8862066666;10240;10228
20;8679300000;8362066666;8862066666;10240;10228
22;8679314000;8362477777;8862477777;10240;10228
23;8679329000;8362477777;8862477777;10240;10228
24;8679345000;8362477777;8862477777;10240;10228
0;8679364000;8289244444;8789244444;10240;10228
25;8679378000;8403733333;8903733333;10240;10228
26;8679392000;8403733333;8903733333;10240;10228
27;8679406000;8403733333;8903733333;10240;10228
1;8679419000;8289244444;8789244444;10240;10228
28;8679435000;8403733333;8903733333;10240;10228
29;8679447000;8403733333;8903733333;10240;10228
30;8679460000;8403733333;8903733333;10240;10228
33;8679474000;8404088888;8904088888;10240;10228
34;8679489000;8404088888;8904088888;10240;10228
36;8679505000;8445400000;8945400000;10240;10228
37;8679518000;8445400000;8945400000;10240;10228
38;8679533000;8445400000;8945400000;10240;10228
39;8679546000;8445400000;8945400000;10240;10228
2;8679560000;8289244444;8789244444;10240;10228
5;8679578000;8320411111;8820411111;10240;10228
6;8679663000;8320411111;8820411111;10240;10228
7;8679696000;8320411111;8820411111;10240;10228
8;8679862000;8320411111;8820411111;10240;10228
9;8680096000;8320411111;8820411111;10240;10228
10;8680111000;8320433333;8820433333;10240;10228
11;8680135000;8320800000;8820800000;10240;10228
12;8680292000;8320800000;8820800000;10240;10228
13;8680500000;8320800000;8820800000;10240;10228
14;8680528000;8362066666;8862066666;10240;10228
15;8680696000;8362066666;8862066666;10240;10228
16;8680720000;8362066666;8862066666;10240;10228
17;8680895000;8362066666;8862066666;10240;10228
18;8681128000;8362066666;8862066666;10240;10228
19;8681143000;8362066666;8862066666;10240;10228
20;8681317000;8362066666;8862066666;10240;10228
21;8681332000;8362088888;8862088888;10240;10228
22;8681513000;8362477777;8862477777;10240;10228
26;8681524000;8403733333;8903733333;10240;10228
27;8681717000;8403733333;8903733333;10240;10228
28;8681726000;8403733333;8903733333;10240;10228
29;8681920000;8403733333;8903733333;10240;10228
30;8682136000;8403733333;8903733333;10240;10228
31;8682152000;8403733333;8903733333;10240;10228
32;8682330000;8403744444;8903744444;10240;10228
33;8682342000;8404088888;8904088888;10240;10228
34;8682534000;8404088888;8904088888;10240;10228
35;8682544000;8404088888;8904088888;10240;10228
36;8682738000;8445400000;8945400000;10240;10228
37;8682955000;8445400000;8945400000;10240;10228
38;8682975000;8445400000;8945400000;10240;10228
40;8839452000;8445400000;8945400000;10240;10228
41;8839484000;8445400000;8945400000;10240;10228
42;8839512000;8445400000;8945400000;10240;10228
43;8839525000;8445422222;8945422222;10240;10228
44;8839547000;8445766666;8945766666;10240;10228
45;8839560000;8445766666;8945766666;10240;10228
46;8839573000;8445766666;8945766666;10240;10228
47;8839598000;8487066666;8987066666;10240;10228
48;8839619000;8487066666;8987066666;10240;10228
49;8839641000;8487066666;8987066666;10240;10228
50;8839667000;8487066666;8987066666;10240;10228
51;8839679000;8487066666;8987066666;10240;10228
52;8839701000;8487066666;8987066666;10240;10228
53;8839711000;8487066666;8987066666;10240;10228
54;8839724000;8487088888;8987088888;10240;10228
55;8839746000;8487400000;8987400000;10240;10228
57;8839760000;8487400000;8987400000;10240;10228
58;8839802000;8528733333;9028733333;10240;10228
59;8839813000;8528733333;9028733333;10240;10228
60;8839818000;8528733333;9028733333;10240;10228
61;8839823000;8528733333;9028733333;10240;10228
39;8839840000;8445400000;8945400000;10240;10228
21;8839854000;8362088888;8862088888;10240;10228
64;8839879000;8528733333;9028733333;10240;10228
65;8839893000;8528755555;9028755555;10240;10228
66;8839916000;8529044444;9029044444;10240;10228
67;8839929000;8529044444;9029044444;10240;10228
68;8839944000;8529044444;9029044444;10240;10228
70;8839957000;8570388888;9070388888;10240;10228
72;8839972000;8570388888;9070388888;10240;10228
31;8839984000;8403733333;8903733333;10240;10228
32;8840010000;8403744444;8903744444;10240;10228
73;8840021000;8570388888;9070388888;10240;10228
35;8840056000;8404088888;8904088888;10240;10228
74;8840087000;8570388888;9070388888;10240;10228
40;8840110000;8445400000;8945400000;10240;10228
41;8840135000;8445400000;8945400000;10240;10228
42;8840151000;8445400000;8945400000;10240;10228
43;8840237000;8445422222;8945422222;10240;10228
44;8840266000;8445766666;8945766666;10240;10228
75;8840298000;8570388888;9070388888;10240;10228
48;8840431000;8487066666;8987066666;10240;10228
49;8840455000;8487066666;8987066666;10240;10228
50;8840634000;8487066666;8987066666;10240;10228
76;8840716000;8570411111;9070411111;10240;10228
77;8840771000;8570800000;9070800000;10240;10228
78;8840918000;8570800000;9070800000;10240;10228
79;8840932000;8570800000;9070800000;10240;10228
51;8840944000;8487066666;8987066666;10240;10228
80;8841121000;8612066666;9112066666;10240;10228
81;8841314000;8612066666;9112066666;10240;10228
82;8841326000;8612066666;9112066666;10240;10228
83;8841511000;8612066666;9112066666;10240;10228
84;8841732000;8612066666;9112066666;10240;10228
85;8841741000;8612066666;9112066666;10240;10228
86;8841930000;8612066666;9112066666;10240;10228
52;8841943000;8487066666;8987066666;10240;10228
53;8842166000;8487066666;8987066666;10240;10228
87;8842350000;8612088888;9112088888;10240;10228
88;8842362000;8612400000;9112400000;10240;10228
89;8842366000;8612400000;9112400000;10240;10228
90;8842538000;8612400000;9112400000;10240;10228
24;8842555000;8362477777;8862477777;10240;10228
91;8842686000;8653733333;9153733333;10240;10228
92;8842694000;8653733333;9153733333;10240;10228
25;8842728000;8403733333;8903733333;10240;10228
54;8842754000;8487088888;8987088888;10240;10228
93;8842887000;8653733333;9153733333;10240;10228
94;8843119000;8653733333;9153733333;10240;10228
95;8843343000;8653733333;9153733333;10240;10228
96;8999825000;8653733333;9153733333;10240;10228
97;8999848000;8653733333;9153733333;10240;10228
98;8999854000;8653744444;9153744444;10240;10228
99;8999868000;8654044444;9154044444;10240;10228
100;8999886000;8654044444;9154044444;10240;10228
101;8999948000;8654044444;9154044444;10240;10228
102;8999969000;8695388888;9195388888;10240;10228
103;8999975000;8695388888;9195388888;10240;10228
104;8999979000;8695388888;9195388888;10240;10228
105;9000078000;8695388888;9195388888;10240;10228
106;9000092000;8695388888;9195388888;10240;10228
107;9000099000;8695388888;9195388888;10240;10228
108;9000111000;8695388888;9195388888;10240;10228
109;9000125000;8695411111;9195411111;10240;10228
110;9000139000;8695700000;9195700000;10240;10228
112;9000162000;8695700000;9195700000;10240;10228
55;9000176000;8487400000;8987400000;10240;10228
114;9000201000;8737055555;9237055555;10240;10228
115;9000220000;8737055555;9237055555;10240;10228
116;9000243000;8737055555;9237055555;10240;10228
56;9000264000;8487400000;8987400000;10240;10228
117;9000289000;8737055555;9237055555;10240;10228
118;9000303000;8737055555;9237055555;10240;10228
119;9000325000;8737055555;9237055555;10240;10228
120;9000338000;8737066666;9237066666;10240;10228
56;9000351000;8487400000;8987400000;10240;10228
62;9000376000;8528733333;9028733333;10240;10228
63;9000391000;8528733333;9028733333;10240;10228
121;9000424000;8737388888;9237388888;10240;10228
122;9000440000;8737388888;9237388888;10240;10228
123;9000468000;8737388888;9237388888;10240;10228
124;9000486000;8778733333;9278733333;10240;10228
125;9000533000;8778733333;9278733333;10240;10228
69;9000541000;8570388888;9070388888;10240;10228
126;9000558000;8778733333;9278733333;10240;10228
71;9000572000;8570388888;9070388888;10240;10228
127;9000587000;8778733333;9278733333;10240;10228
57;9000612000;8487400000;8987400000;10240;10228
58;9000637000;8528733333;9028733333;10240;10228
128;9000653000;8778733333;9278733333;10240;10228
59;9000667000;8528733333;9028733333;10240;10228
60;9000682000;8528733333;9028733333;10240;10228
61;9000715000;8528733333;9028733333;10240;10228
129;9000887000;8778733333;9278733333;10240;10228
62;9000917000;8528733333;9028733333;10240;10228
63;9000931000;8528733333;9028733333;10240;10228
64;9001170000;8528733333;9028733333;10240;10228
65;9001193000;8528755555;9028755555;10240;10228
131;9001208000;8778755555;9278755555;10240;10228
132;9001288000;8779033333;9279033333;10240;10228
66;9001409000;8529044444;9029044444;10240;10228
68;9001426000;8529044444;9029044444;10240;10228
134;9001499000;8779033333;9279033333;10240;10228
70;9001534000;8570388888;9070388888;10240;10228
71;9001551000;8570388888;9070388888;10240;10228
135;9001701000;8820400000;9320400000;10240;10228
72;9001734000;8570388888;9070388888;10240;10228
136;9001901000;8820400000;9320400000;10240;10228
137;9001945000;8820400000;9320400000;10240;10228
74;9001954000;8570388888;9070388888;10240;10228
75;9001972000;8570388888;9070388888;10240;10228
138;9002140000;8820400000;9320400000;10240;10228
76;9002155000;8570411111;9070411111;10240;10228
139;9002539000;8820400000;9320400000;10240;10228
140;9002610000;8820400000;9320400000;10240;10228
141;9002618000;8820400000;9320400000;10240;10228
142;9002733000;8820411111;9320411111;10240;10228
143;9002912000;8820700000;9320700000;10240;10228
145;9003085000;8820700000;9320700000;10240;10228
146;9003296000;8862055555;9362055555;10240;10228
148;9160185000;8862055555;9362055555;10240;10228
149;9160210000;8862055555;9362055555;10240;10228
150;9160239000;8862055555;9362055555;10240;10228
151;9160254000;8862055555;9362055555;10240;10228
152;9160276000;8862055555;9362055555;10240;10228
153;9160299000;8862077777;9362077777;10240;10228
154;9160314000;8862377777;9362377777;10240;10228
155;9160336000;8862377777;9362377777;10240;10228
156;9160353000;8862377777;9362377777;10240;10228
157;9160369000;8903722222;9403722222;10240;10228
158;9160394000;8903722222;9403722222;10240;10228
159;9160411000;8903722222;9403722222;10240;10228
162;9160435000;8903722222;9403722222;10240;10228
163;9160455000;8903722222;9403722222;10240;10228
164;9160470000;8903744444;9403744444;10240;10228
165;9160512000;8904055555;9404055555;10240;10228
166;9160528000;8904055555;9404055555;10240;10228
167;9160546000;8904055555;9404055555;10240;10228
168;9160561000;8945400000;9445400000;10240;10228
169;9160588000;8945400000;9445400000;10240;10228
170;9160606000;8945400000;9445400000;10240;10228
171;9160622000;8945400000;9445400000;10240;10228
172;9160646000;8945400000;9445400000;10240;10228
173;9160662000;8945400000;9445400000;10240;10228
174;9160683000;8945400000;9445400000;10240;10228
175;9160702000;8945422222;9445422222;10240;10228
176;9160722000;8945711111;9445711111;10240;10228
177;9160745000;8945711111;9445711111;10240;10228
178;9160763000;8945711111;9445711111;10240;10228
180;9160798000;8987066666;9487066666;10240;10228
181;9160816000;8987066666;9487066666;10240;10228
182;9160831000;8987066666;9487066666;10240;10228
183;9160855000;8987066666;9487066666;10240;10228
184;9160870000;8987066666;9487066666;10240;10228
111;9160888000;8695700000;9195700000;10240;10228
113;9160903000;8737055555;9237055555;10240;10228
185;9160920000;8987066666;9487066666;10240;10228
186;9160935000;8987077777;9487077777;10240;10228
187;9160953000;8987366666;9487366666;10240;10228
189;9161028000;8987366666;9487366666;10240;10228
190;9161046000;9028733333;9528733333;10240;10228
191;9161141000;9028733333;9528733333;10240;10228
196;9161187000;9028733333;9528733333;10240;10228
198;9161250000;9029011111;9529011111;10240;10228
200;9161513000;9029011111;9529011111;10240;10228
201;9161601000;9070400000;9570400000;10240;10228
130;9161725000;8778733333;9278733333;10240;10228
202;9162020000;9070400000;9570400000;10240;10228
203;9162121000;9070400000;9570400000;10240;10228
133;9162202000;8779033333;9279033333;10240;10228
205;9162435000;9070400000;9570400000;10240;10228
99;9162553000;8654044444;9154044444;10240;10228
101;9162562000;8654044444;9154044444;10240;10228
206;9162717000;9070400000;9570400000;10240;10228
102;9162813000;8695388888;9195388888;10240;10228
207;9162839000;9070400000;9570400000;10240;10228
208;9162886000;9070411111;9570411111;10240;10228
103;9162984000;8695388888;9195388888;10240;10228
104;9162999000;8695388888;9195388888;10240;10228
105;9163166000;8695388888;9195388888;10240;10228
106;9163179000;8695388888;9195388888;10240;10228
107;9163381000;8695388888;9195388888;10240;10228
108;9163400000;8695388888;9195388888;10240;10228
109;9163586000;8695411111;9195411111;10240;10228
110;9163791000;8695700000;9195700000;10240;10228
144;9320521000;8820700000;9320700000;10240;10228
209;9320552000;9070722222;9570722222;10240;10228
210;9320565000;9070722222;9570722222;10240;10228
211;9320572000;9070722222;9570722222;10240;10228
212;9320577000;9112077777;9612077777;10240;10228
213;9320583000;9112077777;9612077777;10240;10228
214;9320588000;9112077777;9612077777;10240;10228
215;9320593000;9112077777;9612077777;10240;10228
216;9320618000;9112077777;9612077777;10240;10228
217;9320625000;9112077777;9612077777;10240;10228
218;9320638000;9112077777;9612077777;10240;10228
219;9320643000;9112100000;9612100000;10240;10228
220;9320666000;9112444444;9612444444;10240;10228
222;9320671000;9112444444;9612444444;10240;10228
223;9320677000;9153733333;9653733333;10240;10228
224;9320695000;9153733333;9653733333;10240;10228
225;9320716000;9153733333;9653733333;10240;10228
226;9320721000;9153733333;9653733333;10240;10228
227;9320726000;9153733333;9653733333;10240;10228
147;9320730000;8862055555;9362055555;10240;10228
229;9320743000;9153733333;9653733333;10240;10228
230;9320802000;9153744444;9653744444;10240;10228
231;9320817000;9154033333;9654033333;10240;10228
232;9320823000;9154033333;9654033333;10240;10228
233;9320828000;9154033333;9654033333;10240;10228
234;9320835000;9195400000;9695400000;10240;10228
235;9320861000;9195400000;9695400000;10240;10228
236;9320870000;9195400000;9695400000;10240;10228
237;9320877000;9195400000;9695400000;10240;10228
160;9320907000;8903722222;9403722222;10240;10228
238;9320915000;9195400000;9695400000;10240;10228
239;9320925000;9195400000;9695400000;10240;10228
240;9320954000;9195400000;9695400000;10240;10228
161;9321025000;8903722222;9403722222;10240;10228
241;9321031000;9195422222;9695422222;10240;10228
242;9321121000;9195700000;9695700000;10240;10228
243;9321128000;9195700000;9695700000;10240;10228
244;9321156000;9195700000;9695700000;10240;10228
245;9321172000;9237066666;9737066666;10240;10228
248;9321225000;9237066666;9737066666;10240;10228
249;9321234000;9237066666;9737066666;10240;10228
250;9321278000;9237066666;9737066666;10240;10228
251;9321311000;9237066666;9737066666;10240;10228
252;9321316000;9237088888;9737088888;10240;10228
179;9321352000;8987066666;9487066666;10240;10228
188;9321550000;8987366666;9487366666;10240;10228
192;9321781000;9028733333;9528733333;10240;10228
193;9321801000;9028733333;9528733333;10240;10228
194;9321809000;9028733333;9528733333;10240;10228
195;9321815000;9028733333;9528733333;10240;10228
197;9321825000;9028755555;9528755555;10240;10228
199;9322471000;9029011111;9529011111;10240;10228
204;9323286000;9070400000;9570400000;10240;10228
143;9324126000;8820700000;9320700000;10240;10228
144;9324140000;8820700000;9320700000;10240;10228
145;9324319000;8820700000;9320700000;10240;10228
146;9324520000;8862055555;9362055555;10240;10228
147;9324536000;8862055555;9362055555;10240;10228
148;9324735000;8862055555;9362055555;10240;10228
149;9324754000;8862055555;9362055555;10240;10228
151;9324915000;8862055555;9362055555;10240;10228
152;9324924000;8862055555;9362055555;10240;10228
153;9325145000;8862077777;9362077777;10240;10228
154;9325157000;8862377777;9362377777;10240;10228
155;9325351000;8862377777;9362377777;10240;10228
156;9325556000;8862377777;9362377777;10240;10228
157;9325576000;8903722222;9403722222;10240;10228
158;9325769000;8903722222;9403722222;10240;10228
159;9325779000;8903722222;9403722222;10240;10228
160;9325974000;8903722222;9403722222;10240;10228
161;9325989000;8903722222;9403722222;10240;10228
162;9326219000;8903722222;9403722222;10240;10228
163;9326379000;8903722222;9403722222;10240;10228
164;9326390000;8903744444;9403744444;10240;10228
165;9326597000;8904055555;9404055555;10240;10228
253;9481093000;9237388888;9737388888;10240;10228
166;9481137000;8904055555;9404055555;10240;10228
254;9481155000;9237388888;9737388888;10240;10228
255;9481175000;9237388888;9737388888;10240;10228
256;9481192000;9278733333;9778733333;10240;10228
257;9481197000;9278733333;9778733333;10240;10228
258;9481202000;9278733333;9778733333;10240;10228
259;9481206000;9278733333;9778733333;10240;10228
260;9481224000;9278733333;9778733333;10240;10228
261;9481243000;9278733333;9778733333;10240;10228
262;9481249000;9278733333;9778733333;10240;10228
264;9481263000;9279022222;9779022222;10240;10228
265;9481274000;9279022222;9779022222;10240;10228
266;9481280000;9279022222;9779022222;10240;10228
267;9481390000;9320400000;9820400000;10240;10228
268;9481403000;9320400000;9820400000;10240;10228
269;9481408000;9320400000;9820400000;10240;10228
270;9481423000;9320400000;9820400000;10240;10228
271;9481426000;9320400000;9820400000;10240;10228
272;9481431000;9320400000;9820400000;10240;10228
273;9481573000;9320400000;9820400000;10240;10228
274;9481586000;9320422222;9820422222;10240;10228
275;9481593000;9320733333;9820733333;10240;10228
276;9481597000;9320733333;9820733333;10240;10228
277;9481686000;9320733333;9820733333;10240;10228
278;9481697000;9362055555;9862055555;10240;10228
279;9481759000;9362055555;9862055555;10240;10228
280;9481853000;9362055555;9862055555;10240;10228
281;9481864000;9362055555;9862055555;10240;10228
282;9481942000;9362055555;9862055555;10240;10228
283;9481954000;9362055555;9862055555;10240;10228
221;9482102000;9112444444;9612444444;10240;10228
284;9482114000;9362055555;9862055555;10240;10228
285;9482119000;9362077777;9862077777;10240;10228
228;9482251000;9153733333;9653733333;10240;10228
178;9482555000;8945711111;9445711111;10240;10228
179;9482566000;8987066666;9487066666;10240;10228
246;9482714000;9237066666;9737066666;10240;10228
247;9482745000;9237066666;9737066666;10240;10228
180;9482771000;8987066666;9487066666;10240;10228
181;9482776000;8987066666;9487066666;10240;10228
182;9482897000;8987066666;9487066666;10240;10228
183;9482905000;8987066666;9487066666;10240;10228
184;9483060000;8987066666;9487066666;10240;10228
185;9483261000;8987066666;9487066666;10240;10228
186;9483272000;8987077777;9487077777;10240;10228
187;9483465000;8987366666;9487366666;10240;10228
188;9483477000;8987366666;9487366666;10240;10228
191;9483663000;9028733333;9528733333;10240;10228
192;9483683000;9028733333;9528733333;10240;10228
196;9483867000;9028733333;9528733333;10240;10228
197;9483878000;9028755555;9528755555;10240;10228
198;9484059000;9029011111;9529011111;10240;10228
199;9484286000;9029011111;9529011111;10240;10228
200;9484300000;9029011111;9529011111;10240;10228
202;9484482000;9070400000;9570400000;10240;10228
203;9484503000;9070400000;9570400000;10240;10228
204;9484696000;9070400000;9570400000;10240;10228
205;9484894000;9070400000;9570400000;10240;10228
206;9484903000;9070400000;9570400000;10240;10228
208;9485122000;9070411111;9570411111;10240;10228
209;9485141000;9070722222;9570722222;10240;10228
210;9485326000;9070722222;9570722222;10240;10228
211;9485336000;9070722222;9570722222;10240;10228
212;9485520000;9112077777;9612077777;10240;10228
213;9485541000;9112077777;9612077777;10240;10228
214;9485732000;9112077777;9612077777;10240;10228
215;9485752000;9112077777;9612077777;10240;10228
216;9485933000;9112077777;9612077777;10240;10228
217;9486176000;9112077777;9612077777;10240;10228
218;9486184000;9112077777;9612077777;10240;10228
219;9641613000;9112100000;9612100000;10240;10228
286;9641633000;9362377777;9862377777;10240;10228
287;9641661000;9362377777;9862377777;10240;10228
288;9641666000;9362377777;9862377777;10240;10228
289;9641671000;9403733333;9903733333;10240;10228
290;9641684000;9403733333;9903733333;10240;10228
291;9641689000;9403733333;9903733333;10240;10228
292;9641694000;9403733333;9903733333;10240;10228
294;9641698000;9403733333;9903733333;10240;10228
295;9641705000;9403733333;9903733333;10240;10228
296;9641710000;9403755555;9903755555;10240;10228
297;9641715000;9404044444;9904044444;10240;10228
298;9641720000;9404044444;9904044444;10240;10228
299;9641741000;9404044444;9904044444;10240;10228
301;9641746000;9445400000;9945400000;10240;10228
302;9641755000;9445400000;9945400000;10240;10228
303;9641759000;9445400000;9945400000;10240;10228
304;9641778000;9445400000;9945400000;10240;10228
306;9641785000;9445400000;9945400000;10240;10228
307;9641790000;9445422222;9945422222;10240;10228
221;9641795000;9112444444;9612444444;10240;10228
308;9641943000;9445688888;9945688888;10240;10228
310;9641975000;9445688888;9945688888;10240;10228
311;9641985000;9487066666;9987066666;10240;10228
312;9641992000;9487066666;9987066666;10240;10228
313;9641997000;9487066666;9987066666;10240;10228
222;9642058000;9112444444;9612444444;10240;10228
223;9642079000;9153733333;9653733333;10240;10228
314;9642150000;9487066666;9987066666;10240;10228
315;9642165000;9487066666;9987066666;10240;10228
316;9642180000;9487066666;9987066666;10240;10228
317;9642242000;9487066666;9987066666;10240;10228
318;9642251000;9487088888;9987088888;10240;10228
263;9642257000;9278755555;9778755555;10240;10228
319;9642279000;9487422222;9987422222;10240;10228
225;9642327000;9153733333;9653733333;10240;10228
226;9642367000;9153733333;9653733333;10240;10228
320;9642394000;9487422222;9987422222;10240;10228
321;9642402000;9487422222;9987422222;10240;10228
322;9642411000;9528733333;10028733333;10240;10228
323;9642451000;9528733333;10028733333;10240;10228
324;9642473000;9528733333;10028733333;10240;10228
227;9642481000;9153733333;9653733333;10240;10228
228;9642567000;9153733333;9653733333;10240;10228
229;9642586000;9153733333;9653733333;10240;10228
326;9642618000;9528733333;10028733333;10240;10228
327;9642642000;9528733333;10028733333;10240;10228
329;9642671000;9528755555;10028755555;10240;10228
231;9642769000;9154033333;9654033333;10240;10228
233;9642788000;9154033333;9654033333;10240;10228
234;9642960000;9195400000;9695400000;10240;10228
235;9643214000;9195400000;9695400000;10240;10228
236;9643251000;9195400000;9695400000;10240;10228
238;9643423000;9195400000;9695400000;10240;10228
239;9643458000;9195400000;9695400000;10240;10228
241;9643623000;9195422222;9695422222;10240;10228
243;9643648000;9195700000;9695700000;10240;10228
244;9643803000;9195700000;9695700000;10240;10228
245;9644005000;9237066666;9737066666;10240;10228
246;9644026000;9237066666;9737066666;10240;10228
247;9644234000;9237066666;9737066666;10240;10228
249;9644255000;9237066666;9737066666;10240;10228
250;9644420000;9237066666;9737066666;10240;10228
251;9644444000;9237066666;9737066666;10240;10228
252;9644636000;9237088888;9737088888;10240;10228
253;9644655000;9237388888;9737388888;10240;10228
254;9644812000;9237388888;9737388888;10240;10228
330;9801973000;9529033333;10029033333;10240;10228
331;9801997000;9529033333;10029033333;10240;10228
332;9802004000;9529033333;10029033333;10240;10228
333;9802009000;9570400000;10070400000;10240;10228
334;9802013000;9570400000;10070400000;10240;10228
335;9802064000;9570400000;10070400000;10240;10228
336;9802073000;9570400000;10070400000;10240;10228
337;9802103000;9570400000;10070400000;10240;10228
338;9802118000;9570400000;10070400000;10240;10228
339;9802138000;9570400000;10070400000;10240;10228
340;9802152000;9570422222;10070422222;10240;10228
341;9802159000;9570722222;10070722222;10240;10228
342;9802177000;9570722222;10070722222;10240;10228
343;9802185000;9570722222;10070722222;10240;10228
344;9802189000;9612066666;10112066666;10240;10228
346;9802207000;9612066666;10112066666;10240;10228
347;9802214000;9612066666;10112066666;10240;10228
348;9802219000;9612066666;10112066666;10240;10228
349;9802234000;9612066666;10112066666;10240;10228
350;9802238000;9612066666;10112066666;10240;10228
351;9802246000;9612077777;10112077777;10240;10228
352;9802316000;9612366666;10112366666;10240;10228
353;9802328000;9612366666;10112366666;10240;10228
354;9802333000;9612366666;10112366666;10240;10228
355;9802339000;9653722222;10153722222;10240;10228
356;9802359000;9653722222;10153722222;10240;10228
357;9802367000;9653722222;10153722222;10240;10228
358;9802379000;9653722222;10153722222;10240;10228
359;9802386000;9653722222;10153722222;10240;10228
293;9802395000;9403733333;9903733333;10240;10228
300;9802403000;9445400000;9945400000;10240;10228
360;9802412000;9653722222;10153722222;10240;10228
361;9802420000;9653722222;10153722222;10240;10228
362;9802428000;9653744444;10153744444;10240;10228
363;9802448000;9654033333;10154033333;10240;10228
365;9802470000;9654033333;10154033333;10240;10228
305;9802497000;9445400000;9945400000;10240;10228
366;9802519000;9695388888;10195388888;10240;10228
367;9802563000;9695388888;10195388888;10240;10228
309;9802614000;9445688888;9945688888;10240;10228
368;9802650000;9695388888;10195388888;10240;10228
369;9802669000;9695388888;10195388888;10240;10228
370;9802698000;9695388888;10195388888;10240;10228
371;9802778000;9695388888;10195388888;10240;10228
372;9802789000;9695388888;10195388888;10240;10228
373;9802814000;9695411111;10195411111;10240;10228
325;9803096000;9528733333;10028733333;10240;10228
286;9804982000;9362377777;9862377777;10240;10228
290;9805255000;9403733333;9903733333;10240;10228
291;9805264000;9403733333;9903733333;10240;10228
292;9805270000;9403733333;9903733333;10240;10228
293;9805461000;9403733333;9903733333;10240;10228
375;9962361000;9695677777;10195677777;10240;10228
376;9962382000;9695677777;10195677777;10240;10228
377;9962387000;9737066666;10237066666;10240;10228
378;9962393000;9737066666;10237066666;10240;10228
379;9962397000;9737066666;10237066666;10240;10228
380;9962410000;9737066666;10237066666;10240;10228
381;9962415000;9737066666;10237066666;10240;10228
382;9962435000;9737066666;10237066666;10240;10228
383;9962440000;9737066666;10237066666;10240;10228
384;9962452000;9737088888;10237088888;10240;10228
385;9962457000;9737366666;10237366666;10240;10228
386;9962464000;9737366666;10237366666;10240;10228
387;9962493000;9737366666;10237366666;10240;10228
388;9962499000;9778733333;10278733333;10240;10228
389;9962530000;9778733333;10278733333;10240;10228
328;9962535000;9528733333;10028733333;10240;10228
391;9962556000;9778733333;10278733333;10240;10228
392;9962562000;9778733333;10278733333;10240;10228
393;9962567000;9778733333;10278733333;10240;10228
394;9962577000;9778733333;10278733333;10240;10228
294;9962584000;9403733333;9903733333;10240;10228
395;9962591000;9778744444;10278744444;10240;10228
396;9962608000;9779022222;10279022222;10240;10228
397;9962616000;9779022222;10279022222;10240;10228
398;9962626000;9779022222;10279022222;10240;10228
399;9962642000;9820388888;10320388888;10240;10228
400;9962674000;9820388888;10320388888;10240;10228
401;9962711000;9820388888;10320388888;10240;10228
402;9962721000;9820388888;10320388888;10240;10228
403;9962761000;9820388888;10320388888;10240;10228
404;9962776000;9820388888;10320388888;10240;10228
295;9962786000;9403733333;9903733333;10240;10228
296;9962800000;9403755555;9903755555;10240;10228
405;9962811000;9820388888;10320388888;10240;10228
407;9962841000;9820711111;10320711111;10240;10228
408;9962857000;9820711111;10320711111;10240;10228
345;9962887000;9612066666;10112066666;10240;10228
409;9962916000;9820711111;10320711111;10240;10228
410;9962935000;9862055555;10362055555;10240;10228
411;9962959000;9862055555;10362055555;10240;10228
412;9962983000;9862055555;10362055555;10240;10228
297;9962991000;9404044444;9904044444;10240;10228
413;9963008000;9862055555;10362055555;10240;10228
414;9963079000;9862055555;10362055555;10240;10228
415;9963092000;9862055555;10362055555;10240;10228
416;9963134000;9862055555;10362055555;10240;10228
417;9963143000;9862077777;10362077777;10240;10228
298;9963202000;9404044444;9904044444;10240;10228
299;9963226000;9404044444;9904044444;10240;10228
364;9963289000;9654033333;10154033333;10240;10228
300;9963340000;9445400000;9945400000;10240;10228
301;9963361000;9445400000;9945400000;10240;10228
302;9963545000;9445400000;9945400000;10240;10228
303;9963565000;9445400000;9945400000;10240;10228
304;9963738000;9445400000;9945400000;10240;10228
305;9963959000;9445400000;9945400000;10240;10228
306;9963965000;9445400000;9945400000;10240;10228
307;9964172000;9445422222;9945422222;10240;10228
310;9964191000;9445688888;9945688888;10240;10228
311;9964377000;9487066666;9987066666;10240;10228
312;9964397000;9487066666;9987066666;10240;10228
313;9964574000;9487066666;9987066666;10240;10228
314;9964778000;9487066666;9987066666;10240;10228
315;9964784000;9487066666;9987066666;10240;10228
316;9964982000;9487066666;9987066666;10240;10228
317;9964988000;9487066666;9987066666;10240;10228
319;9965194000;9487422222;9987422222;10240;10228
320;9965211000;9487422222;9987422222;10240;10228
321;9965390000;9487422222;9987422222;10240;10228
322;9965594000;9528733333;10028733333;10240;10228
323;9965600000;9528733333;10028733333;10240;10228
324;9965799000;9528733333;10028733333;10240;10228
325;9965805000;9528733333;10028733333;10240;10228
326;9965987000;9528733333;10028733333;10240;10228
327;9966208000;9528733333;10028733333;10240;10228
328;9966214000;9528733333;10028733333;10240;10228
329;9966412000;9528755555;10028755555;10240;10228
330;9966417000;9529033333;10029033333;10240;10228
331;9966618000;9529033333;10029033333;10240;10228
332;9966624000;9529033333;10029033333;10240;10228
333;9966825000;9570400000;10070400000;10240;10228
334;9966831000;9570400000;10070400000;10240;10228
336;9967011000;9570400000;10070400000;10240;10228
337;9967234000;9570400000;10070400000;10240;10228
338;9967239000;9570400000;10070400000;10240;10228
339;9967438000;9570400000;10070400000;10240;10228
418;10122671000;9862377777;10362377777;10240;10228
419;10122687000;9862377777;10362377777;10240;10228
420;10122691000;9862377777;10362377777;10240;10228
421;10122695000;9903733333;10403733333;10240;10228
422;10122699000;9903733333;10403733333;10240;10228
423;10122709000;9903733333;10403733333;10240;10228
424;10122718000;9903733333;10403733333;10240;10228
425;10122778000;9903733333;10403733333;10240;10228
426;10122790000;9903733333;10403733333;10240;10228
427;10122794000;9903733333;10403733333;10240;10228
428;10122800000;9903755555;10403755555;10240;10228
429;10122805000;9904044444;10404044444;10240;10228
430;10122810000;9904044444;10404044444;10240;10228
431;10122815000;9904044444;10404044444;10240;10228
432;10122848000;9945400000;10445400000;10240;10228
433;10122855000;9945400000;10445400000;10240;10228
435;10122869000;9945400000;10445400000;10240;10228
436;10122888000;9945400000;10445400000;10240;10228
437;10122893000;9945400000;10445400000;10240;10228
438;10122898000;9945400000;10445400000;10240;10228
439;10122908000;9945411111;10445411111;10240;10228
440;10122970000;9945711111;10445711111;10240;10228
441;10122981000;9945711111;10445711111;10240;10228
374;10122986000;9695677777;10195677777;10240;10228
442;10122993000;9945711111;10445711111;10240;10228
443;10123015000;9987055555;10487055555;10240;10228
444;10123021000;9987055555;10487055555;10240;10228
445;10123036000;9987055555;10487055555;10240;10228
446;10123091000;9987055555;10487055555;10240;10228
447;10123100000;9987055555;10487055555;10240;10228
448;10123109000;9987055555;10487055555;10240;10228
449;10123143000;9987055555;10487055555;10240;10228
450;10123152000;9987077777;10487077777;10240;10228
451;10123160000;9987355555;10487355555;10240;10228
390;10123254000;9778733333;10278733333;10240;10228
452;10123280000;9987355555;10487355555;10240;10228
453;10123295000;9987355555;10487355555;10240;10228
454;10123304000;10028722222;10528722222;10240;10228
456;10123355000;10028722222;10528722222;10240;10228
458;10123363000;10028722222;10528722222;10240;10228
459;10123416000;10028722222;10528722222;10240;10228
460;10123424000;10028722222;10528722222;10240;10228
406;10123628000;9820411111;10320411111;10240;10228
363;10125335000;9654033333;10154033333;10240;10228
364;10125351000;9654033333;10154033333;10240;10228
365;10125507000;9654033333;10154033333;10240;10228
366;10125523000;9695388888;10195388888;10240;10228
367;10125749000;9695388888;10195388888;10240;10228
368;10125916000;9695388888;10195388888;10240;10228
369;10125927000;9695388888;10195388888;10240;10228
370;10126187000;9695388888;10195388888;10240;10228
371;10126194000;9695388888;10195388888;10240;10228
372;10126352000;9695388888;10195388888;10240;10228
373;10126358000;9695411111;10195411111;10240;10228
374;10126563000;9695677777;10195677777;10240;10228
375;10126569000;9695677777;10195677777;10240;10228
376;10126768000;9695677777;10195677777;10240;10228
377;10126939000;9737066666;10237066666;10240;10228
378;10126951000;9737066666;10237066666;10240;10228
379;10127155000;9737066666;10237066666;10240;10228
382;10127166000;9737066666;10237066666;10240;10228
383;10127358000;9737066666;10237066666;10240;10228
384;10127378000;9737088888;10237088888;10240;10228
462;10283038000;10029011111;10529011111;10240;10228
463;10283092000;10029011111;10529011111;10240;10228
464;10283107000;10029011111;10529011111;10240;10228
465;10283112000;10070400000;10570400000;10240;10228
466;10283116000;10070400000;10570400000;10240;10228
467;10283121000;10070400000;10570400000;10240;10228
468;10283125000;10070400000;10570400000;10240;10228
469;10283132000;10070400000;10570400000;10240;10228
470;10283148000;10070400000;10570400000;10240;10228
471;10283170000;10070400000;10570400000;10240;10228
472;10283185000;10070422222;10570422222;10240;10228
473;10283190000;10070700000;10570700000;10240;10228
474;10283194000;10070700000;10570700000;10240;10228
475;10283212000;10070700000;10570700000;10240;10228
476;10283218000;10112066666;10612066666;10240;10228
477;10283223000;10112066666;10612066666;10240;10228
478;10283230000;10112066666;10612066666;10240;10228
479;10283240000;10112066666;10612066666;10240;10228
480;10283258000;10112066666;10612066666;10240;10228
481;10283265000;10112066666;10612066666;10240;10228
482;10283269000;10112066666;10612066666;10240;10228
483;10283326000;10112077777;10612077777;10240;10228
484;10283338000;10112388888;10612388888;10240;10228
485;10283353000;10112388888;10612388888;10240;10228
486;10283357000;10112388888;10612388888;10240;10228
487;10283363000;10153722222;10653722222;10240;10228
488;10283383000;10153722222;10653722222;10240;10228
489;10283392000;10153722222;10653722222;10240;10228
490;10283412000;10153722222;10653722222;10240;10228
491;10283420000;10153722222;10653722222;10240;10228
492;10283435000;10153722222;10653722222;10240;10228
493;10283443000;10153722222;10653722222;10240;10228
494;10283457000;10153744444;10653744444;10240;10228
495;10283471000;10154022222;10654022222;10240;10228
497;10283480000;10154022222;10654022222;10240;10228
434;10283500000;9945400000;10445400000;10240;10228
498;10283532000;10195388888;10695388888;10240;10228
499;10283542000;10195388888;10695388888;10240;10228
500;10283547000;10195388888;10695388888;10240;10228
501;10283562000;10195388888;10695388888;10240;10228
502;10283585000;10195388888;10695388888;10240;10228
503;10283593000;10195388888;10695388888;10240;10228
504;10283679000;10195388888;10695388888;10240;10228
455;10283935000;10028722222;10528722222;10240;10228
457;10283955000;10028722222;10528722222;10240;10228
405;10285429000;9820388888;10320388888;10240;10228
406;10285645000;9820411111;10320411111;10240;10228
407;10285682000;9820711111;10320711111;10240;10228
408;10285837000;9820711111;10320711111;10240;10228
409;10286050000;9820711111;10320711111;10240;10228
410;10286067000;9862055555;10362055555;10240;10228
411;10286249000;9862055555;10362055555;10240;10228
412;10286264000;9862055555;10362055555;10240;10228
414;10286450000;9862055555;10362055555;10240;10228
415;10286467000;9862055555;10362055555;10240;10228
416;10286655000;9862055555;10362055555;10240;10228
417;10286672000;9862077777;10362077777;10240;10228
418;10286858000;9862377777;10362377777;10240;10228
419;10287076000;9862377777;10362377777;10240;10228
420;10287101000;9862377777;10362377777;10240;10228
421;10287260000;9903733333;10403733333;10240;10228
422;10287280000;9903733333;10403733333;10240;10228
423;10287465000;9903733333;10403733333;10240;10228
424;10287483000;9903733333;10403733333;10240;10228
426;10287668000;9903733333;10403733333;10240;10228
427;10287872000;9903733333;10403733333;10240;10228
506;10443334000;10195677777;10695677777;10240;10228
507;10443359000;10195677777;10695677777;10240;10228
508;10443366000;10195677777;10695677777;10240;10228
509;10443371000;10237066666;10737066666;10240;10228
510;10443376000;10237066666;10737066666;10240;10228
512;10443386000;10237066666;10737066666;10240;10228
513;10443409000;10237066666;10737066666;10240;10228
514;10443415000;10237066666;10737066666;10240;10228
515;10443444000;10237066666;10737066666;10240;10228
516;10443462000;10237088888;10737088888;10240;10228
517;10443466000;10237377777;10737377777;10240;10228
518;10443470000;10237377777;10737377777;10240;10228
520;10443480000;10278733333;10778733333;10240;10228
521;10443500000;10278733333;10778733333;10240;10228
522;10443519000;10278733333;10778733333;10240;10228
461;10443530000;10028744444;10528744444;10240;10228
523;10443592000;10278733333;10778733333;10240;10228
524;10443601000;10278733333;10778733333;10240;10228
525;10443668000;10278733333;10778733333;10240;10228
528;10443734000;10279055555;10779055555;10240;10228
529;10443743000;10279055555;10779055555;10240;10228
530;10443774000;10279055555;10779055555;10240;10228
531;10443829000;10320377777;10820377777;10240;10228
532;10443868000;10320377777;10820377777;10240;10228
533;10443898000;10320377777;10820377777;10240;10228
534;10443920000;10320377777;10820377777;10240;10228
535;10443934000;10320377777;10820377777;10240;10228
537;10443949000;10320377777;10820377777;10240;10228
538;10443976000;10320388888;10820388888;10240;10228
539;10443984000;10320700000;10820700000;10240;10228
540;10444050000;10320700000;10820700000;10240;10228
541;10444082000;10320700000;10820700000;10240;10228
433;10444102000;9945400000;10445400000;10240;10228
542;10444125000;10362055555;10862055555;10240;10228
543;10444145000;10362055555;10862055555;10240;10228
546;10444180000;10362055555;10862055555;10240;10228
547;10444201000;10362055555;10862055555;10240;10228
548;10444217000;10362055555;10862055555;10240;10228
549;10444250000;10362077777;10862077777;10240;10228
434;10444285000;9945400000;10445400000;10240;10228
496;10444294000;10154022222;10654022222;10240;10228
435;10444457000;9945400000;10445400000;10240;10228
436;10444474000;9945400000;10445400000;10240;10228
437;10444657000;9945400000;10445400000;10240;10228
439;10444668000;9945411111;10445411111;10240;10228
440;10444861000;9945711111;10445711111;10240;10228
441;10444880000;9945711111;10445711111;10240;10228
442;10445068000;9945711111;10445711111;10240;10228
443;10445310000;9987055555;10487055555;10240;10228
444;10445326000;9987055555;10487055555;10240;10228
445;10445491000;9987055555;10487055555;10240;10228
448;10445496000;9987055555;10487055555;10240;10228
449;10445694000;9987055555;10487055555;10240;10228
450;10445700000;9987077777;10487077777;10240;10228
451;10445899000;9987355555;10487355555;10240;10228
453;10445908000;9987355555;10487355555;10240;10228
454;10446126000;10028722222;10528722222;10240;10228
455;10446329000;10028722222;10528722222;10240;10228
456;10446334000;10028722222;10528722222;10240;10228
457;10446528000;10028722222;10528722222;10240;10228
458;10446533000;10028722222;10528722222;10240;10228
459;10446738000;10028722222;10528722222;10240;10228
460;10446743000;10028722222;10528722222;10240;10228
461;10446908000;10028744444;10528744444;10240;10228
550;10603678000;10362388888;10862388888;10240;10228
551;10603685000;10362388888;10862388888;10240;10228
552;10603703000;10362388888;10862388888;10240;10228
554;10603709000;10403733333;10903733333;10240;10228
555;10603717000;10403733333;10903733333;10240;10228
556;10603727000;10403733333;10903733333;10240;10228
557;10603733000;10403733333;10903733333;10240;10228
558;10603790000;10403733333;10903733333;10240;10228
559;10603802000;10403733333;10903733333;10240;10228
560;10603815000;10403755555;10903755555;10240;10228
561;10603821000;10404022222;10904022222;10240;10228
562;10603825000;10404022222;10904022222;10240;10228
563;10603843000;10404022222;10904022222;10240;10228
564;10603847000;10445388888;10945388888;10240;10228
565;10603851000;10445388888;10945388888;10240;10228
566;10603855000;10445388888;10945388888;10240;10228
567;10603864000;10445388888;10945388888;10240;10228
568;10603933000;10445388888;10945388888;10240;10228
569;10603943000;10445388888;10945388888;10240;10228
570;10603948000;10445388888;10945388888;10240;10228
571;10603951000;10445400000;10945400000;10240;10228
572;10603957000;10445744444;10945744444;10240;10228
573;10603961000;10445744444;10945744444;10240;10228
505;10603970000;10195411111;10695411111;10240;10228
574;10603978000;10445744444;10945744444;10240;10228
575;10603989000;10487055555;10987055555;10240;10228
576;10604008000;10487055555;10987055555;10240;10228
511;10604013000;10237066666;10737066666;10240;10228
577;10604022000;10487055555;10987055555;10240;10228
578;10604030000;10487055555;10987055555;10240;10228
579;10604072000;10487055555;10987055555;10240;10228
581;10604113000;10487055555;10987055555;10240;10228
582;10604119000;10487077777;10987077777;10240;10228
519;10604173000;10237377777;10737377777;10240;10228
526;10604415000;10278733333;10778733333;10240;10228
527;10604438000;10278755555;10778755555;10240;10228
536;10604716000;10320377777;10820377777;10240;10228
496;10607547000;10154022222;10654022222;10240;10228
497;10607790000;10154022222;10654022222;10240;10228
498;10607800000;10195388888;10695388888;10240;10228
499;10607964000;10195388888;10695388888;10240;10228
500;10607974000;10195388888;10695388888;10240;10228
501;10608197000;10195388888;10695388888;10240;10228
502;10608208000;10195388888;10695388888;10240;10228
503;10608407000;10195388888;10695388888;10240;10228
504;10608427000;10195388888;10695388888;10240;10228
505;10608610000;10195411111;10695411111;10240;10228
506;10608631000;10195677777;10695677777;10240;10228
507;10608815000;10195677777;10695677777;10240;10228
508;10608988000;10195677777;10695677777;10240;10228
509;10608997000;10237066666;10737066666;10240;10228
510;10609219000;10237066666;10737066666;10240;10228
511;10609239000;10237066666;10737066666;10240;10228
583;10764137000;10487377777;10987377777;10240;10228
584;10764196000;10487377777;10987377777;10240;10228
585;10764213000;10487377777;10987377777;10240;10228
586;10764219000;10528733333;11028733333;10240;10228
587;10764234000;10528733333;11028733333;10240;10228
588;10764243000;10528733333;11028733333;10240;10228
589;10764248000;10528733333;11028733333;10240;10228
590;10764253000;10528733333;11028733333;10240;10228
592;10764258000;10528733333;11028733333;10240;10228
593;10764265000;10528755555;11028755555;10240;10228
594;10764270000;10529033333;11029033333;10240;10228
595;10764275000;10529033333;11029033333;10240;10228
596;10764280000;10529033333;11029033333;10240;10228
597;10764284000;10570400000;11070400000;10240;10228
598;10764289000;10570400000;11070400000;10240;10228
599;10764307000;10570400000;11070400000;10240;10228
600;10764379000;10570400000;11070400000;10240;10228
601;10764392000;10570400000;11070400000;10240;10228
602;10764397000;10570400000;11070400000;10240;10228
603;10764403000;10570400000;11070400000;10240;10228
544;10764436000;10362055555;10862055555;10240;10228
545;10764442000;10362055555;10862055555;10240;10228
604;10764462000;10570411111;11070411111;10240;10228
605;10764468000;10570711111;11070711111;10240;10228
607;10764529000;10570711111;11070711111;10240;10228
608;10764541000;10612055555;11112055555;10240;10228
609;10764564000;10612055555;11112055555;10240;10228
553;10764608000;10403733333;10903733333;10240;10228
610;10764634000;10612055555;11112055555;10240;10228
612;10764694000;10612055555;11112055555;10240;10228
613;10764722000;10612055555;11112055555;10240;10228
614;10764759000;10612055555;11112055555;10240;10228
615;10764800000;10612077777;11112077777;10240;10228
616;10764870000;10612377777;11112377777;10240;10228
617;10764879000;10612377777;11112377777;10240;10228
621;10764940000;10653722222;11153722222;10240;10228
623;10764970000;10653722222;11153722222;10240;10228
624;10764997000;10653722222;11153722222;10240;10228
518;10765015000;10237377777;10737377777;10240;10228
625;10765067000;10653722222;11153722222;10240;10228
626;10765114000;10653744444;11153744444;10240;10228
520;10765165000;10278733333;10778733333;10240;10228
522;10765176000;10278733333;10778733333;10240;10228
523;10765236000;10278733333;10778733333;10240;10228
524;10765255000;10278733333;10778733333;10240;10228
525;10765426000;10278733333;10778733333;10240;10228
526;10765610000;10278733333;10778733333;10240;10228
527;10765619000;10278755555;10778755555;10240;10228
528;10765833000;10279055555;10779055555;10240;10228
529;10765838000;10279055555;10779055555;10240;10228
530;10766065000;10279055555;10779055555;10240;10228
531;10766078000;10320377777;10820377777;10240;10228
532;10766271000;10320377777;10820377777;10240;10228
533;10766459000;10320377777;10820377777;10240;10228
534;10766466000;10320377777;10820377777;10240;10228
535;10766667000;10320377777;10820377777;10240;10228
536;10766672000;10320377777;10820377777;10240;10228
537;10766868000;10320377777;10820377777;10240;10228
538;10766873000;10320388888;10820388888;10240;10228
539;10767059000;10320700000;10820700000;10240;10228
540;10767279000;10320700000;10820700000;10240;10228
541;10767299000;10320700000;10820700000;10240;10228
542;10767482000;10362055555;10862055555;10240;10228
543;10767487000;10362055555;10862055555;10240;10228
544;10767687000;10362055555;10862055555;10240;10228
545;10767692000;10362055555;10862055555;10240;10228
546;10767892000;10362055555;10862055555;10240;10228
547;10768091000;10362055555;10862055555;10240;10228
548;10768098000;10362055555;10862055555;10240;10228
580;10924394000;10487055555;10987055555;10240;10228
627;10924441000;10654022222;11154022222;10240;10228
628;10924450000;10654022222;11154022222;10240;10228
629;10924459000;10654022222;11154022222;10240;10228
630;10924468000;10695422222;11195422222;10240;10228
631;10924475000;10695422222;11195422222;10240;10228
632;10924508000;10695422222;11195422222;10240;10228
633;10924582000;10695422222;11195422222;10240;10228
634;10924588000;10695422222;11195422222;10240;10228
636;10924592000;10695422222;11195422222;10240;10228
638;10924602000;10695744444;11195744444;10240;10228
641;10924611000;10737055555;11237055555;10240;10228
642;10924617000;10737055555;11237055555;10240;10228
643;10924621000;10737055555;11237055555;10240;10228
644;10924641000;10737055555;11237055555;10240;10228
645;10924645000;10737055555;11237055555;10240;10228
646;10924651000;10737055555;11237055555;10240;10228
647;10924757000;10737055555;11237055555;10240;10228
648;10924764000;10737077777;11237077777;10240;10228
649;10924768000;10737377777;11237377777;10240;10228
650;10924772000;10737377777;11237377777;10240;10228
651;10924777000;10737377777;11237377777;10240;10228
591;10924786000;10528733333;11028733333;10240;10228
656;10924804000;10778722222;11278722222;10240;10228
657;10924810000;10778722222;11278722222;10240;10228
658;10924863000;10778722222;11278722222;10240;10228
659;10924868000;10778744444;11278744444;10240;10228
661;10924933000;10779055555;11279055555;10240;10228
662;10925005000;10779055555;11279055555;10240;10228
663;10925012000;10820388888;11320388888;10240;10228
664;10925016000;10820388888;11320388888;10240;10228
665;10925021000;10820388888;11320388888;10240;10228
666;10925025000;10820388888;11320388888;10240;10228
667;10925030000;10820388888;11320388888;10240;10228
668;10925076000;10820388888;11320388888;10240;10228
669;10925088000;10820388888;11320388888;10240;10228
606;10925136000;10570711111;11070711111;10240;10228
670;10925150000;10820411111;11320411111;10240;10228
611;10925303000;10612055555;11112055555;10240;10228
618;10925555000;10612377777;11112377777;10240;10228
619;10925568000;10653722222;11153722222;10240;10228
620;10925581000;10653722222;11153722222;10240;10228
622;10925592000;10653722222;11153722222;10240;10228
579;10927167000;10487055555;10987055555;10240;10228
580;10927355000;10487055555;10987055555;10240;10228
581;10927398000;10487055555;10987055555;10240;10228
582;10927557000;10487077777;10987077777;10240;10228
583;10927586000;10487377777;10987377777;10240;10228
584;10927761000;10487377777;10987377777;10240;10228
585;10927969000;10487377777;10987377777;10240;10228
586;10927978000;10528733333;11028733333;10240;10228
587;10928187000;10528733333;11028733333;10240;10228
588;10928209000;10528733333;11028733333;10240;10228
671;11084783000;10820700000;11320700000;10240;10228
672;11084821000;10820700000;11320700000;10240;10228
675;11084831000;10862066666;11362066666;10240;10228
676;11084839000;10862066666;11362066666;10240;10228
677;11084846000;10862066666;11362066666;10240;10228
680;11084852000;10862066666;11362066666;10240;10228
681;11084858000;10862088888;11362088888;10240;10228
682;11084875000;10862388888;11362388888;10240;10228
683;11084891000;10862388888;11362388888;10240;10228
684;11084898000;10862388888;11362388888;10240;10228
685;11084917000;10903733333;11403733333;10240;10228
686;11084924000;10903733333;11403733333;10240;10228
687;11084942000;10903733333;11403733333;10240;10228
688;11084948000;10903733333;11403733333;10240;10228
689;11084952000;10903733333;11403733333;10240;10228
690;11085011000;10903733333;11403733333;10240;10228
691;11085024000;10903733333;11403733333;10240;10228
692;11085034000;10903744444;11403744444;10240;10228
693;11085039000;10904044444;11404044444;10240;10228
696;11085133000;10945388888;11445388888;10240;10228
697;11085200000;10945388888;11445388888;10240;10228
635;11085240000;10695422222;11195422222;10240;10228
698;11085246000;10945388888;11445388888;10240;10228
637;11085260000;10695433333;11195433333;10240;10228
699;11085269000;10945388888;11445388888;10240;10228
639;11085301000;10695744444;11195744444;10240;10228
640;11085310000;10695744444;11195744444;10240;10228
700;11085333000;10945388888;11445388888;10240;10228
701;11085398000;10945388888;11445388888;10240;10228
702;11085418000;10945388888;11445388888;10240;10228
704;11085433000;10945733333;11445733333;10240;10228
705;11085592000;10945733333;11445733333;10240;10228
707;11085614000;10987055555;11487055555;10240;10228
708;11085658000;10987055555;11487055555;10240;10228
652;11085761000;10778722222;11278722222;10240;10228
653;11085778000;10778722222;11278722222;10240;10228
709;11085789000;10987055555;11487055555;10240;10228
710;11085802000;10987055555;11487055555;10240;10228
654;11085906000;10778722222;11278722222;10240;10228
655;11085921000;10778722222;11278722222;10240;10228
660;11085949000;10779055555;11279055555;10240;10228
712;11085993000;10987055555;11487055555;10240;10228
713;11086033000;10987055555;11487055555;10240;10228
714;11086133000;10987077777;11487077777;10240;10228
605;11086730000;10570711111;11070711111;10240;10228
606;11086942000;10570711111;11070711111;10240;10228
608;11087154000;10612055555;11112055555;10240;10228
609;11087170000;10612055555;11112055555;10240;10228
610;11087353000;10612055555;11112055555;10240;10228
611;11087362000;10612055555;11112055555;10240;10228
613;11087556000;10612055555;11112055555;10240;10228
614;11087565000;10612055555;11112055555;10240;10228
615;11087760000;10612077777;11112077777;10240;10228
616;11087770000;10612377777;11112377777;10240;10228
617;11087950000;10612377777;11112377777;10240;10228
618;11088170000;10612377777;11112377777;10240;10228
619;11088180000;10653722222;11153722222;10240;10228
620;11088374000;10653722222;11153722222;10240;10228
621;11088384000;10653722222;11153722222;10240;10228
622;11088579000;10653722222;11153722222;10240;10228
623;11088783000;10653722222;11153722222;10240;10228
624;11088795000;10653722222;11153722222;10240;10228
625;11088974000;10653722222;11153722222;10240;10228
626;11088982000;10653744444;11153744444;10240;10228
627;11089193000;10654022222;11154022222;10240;10228
628;11089204000;10654022222;11154022222;10240;10228
629;11089401000;10654022222;11154022222;10240;10228
630;11089412000;10695422222;11195422222;10240;10228
631;11089602000;10695422222;11195422222;10240;10228
715;11245040000;10987388888;11487388888;10240;10228
716;11245079000;10987388888;11487388888;10240;10228
717;11245111000;10987388888;11487388888;10240;10228
718;11245116000;11028733333;11528733333;10240;10228
719;11245121000;11028733333;11528733333;10240;10228
720;11245125000;11028733333;11528733333;10240;10228
722;11245129000;11028733333;11528733333;10240;10228
723;11245142000;11028733333;11528733333;10240;10228
724;11245146000;11028733333;11528733333;10240;10228
725;11245157000;11028755555;11528755555;10240;10228
726;11245162000;11029022222;11529022222;10240;10228
727;11245179000;11029022222;11529022222;10240;10228
728;11245184000;11029022222;11529022222;10240;10228
729;11245194000;11070400000;11570400000;10240;10228
731;11245199000;11070400000;11570400000;10240;10228
732;11245206000;11070400000;11570400000;10240;10228
733;11245244000;11070400000;11570400000;10240;10228
734;11245261000;11070400000;11570400000;10240;10228
735;11245276000;11070400000;11570400000;10240;10228
736;11245282000;11070411111;11570411111;10240;10228
737;11245292000;11070700000;11570700000;10240;10228
738;11245299000;11070700000;11570700000;10240;10228
674;11245353000;10862066666;11362066666;10240;10228
740;11245444000;11112055555;11612055555;10240;10228
741;11245463000;11112055555;11612055555;10240;10228
742;11245476000;11112055555;11612055555;10240;10228
743;11245492000;11112055555;11612055555;10240;10228
673;11245500000;10820700000;11320700000;10240;10228
678;11245520000;10862066666;11362066666;10240;10228
679;11245530000;10862066666;11362066666;10240;10228
744;11245582000;11112055555;11612055555;10240;10228
745;11245592000;11112055555;11612055555;10240;10228
746;11245600000;11112055555;11612055555;10240;10228
747;11245679000;11112077777;11612077777;10240;10228
748;11245739000;11112388888;11612388888;10240;10228
749;11245748000;11112388888;11612388888;10240;10228
750;11245756000;11112388888;11612388888;10240;10228
751;11245852000;11153722222;11653722222;10240;10228
752;11245881000;11153722222;11653722222;10240;10228
753;11245900000;11153722222;11653722222;10240;10228
754;11245941000;11153722222;11653722222;10240;10228
755;11245976000;11153722222;11653722222;10240;10228
694;11245985000;10904044444;11404044444;10240;10228
695;11246001000;10904044444;11404044444;10240;10228
756;11246013000;11153722222;11653722222;10240;10228
757;11246054000;11153722222;11653722222;10240;10228
758;11246122000;11153744444;11653744444;10240;10228
703;11246451000;10945411111;11445411111;10240;10228
706;11246777000;10945733333;11445733333;10240;10228
711;11246931000;10987055555;11487055555;10240;10228
651;11247113000;10737377777;11237377777;10240;10228
652;11247312000;10778722222;11278722222;10240;10228
653;11247516000;10778722222;11278722222;10240;10228
655;11247534000;10778722222;11278722222;10240;10228
656;11247713000;10778722222;11278722222;10240;10228
657;11247720000;10778722222;11278722222;10240;10228
660;11247917000;10779055555;11279055555;10240;10228
661;11247923000;10779055555;11279055555;10240;10228
662;11248142000;10779055555;11279055555;10240;10228
664;11248357000;10820388888;11320388888;10240;10228
665;11248362000;10820388888;11320388888;10240;10228
666;11248545000;10820388888;11320388888;10240;10228
667;11248550000;10820388888;11320388888;10240;10228
668;11248755000;10820388888;11320388888;10240;10228
669;11248761000;10820388888;11320388888;10240;10228
670;11248959000;10820411111;11320411111;10240;10228
671;11248964000;10820700000;11320700000;10240;10228
672;11249157000;10820700000;11320700000;10240;10228
673;11249371000;10820700000;11320700000;10240;10228
674;11249375000;10862066666;11362066666;10240;10228
675;11249575000;10862066666;11362066666;10240;10228
759;11405325000;11154033333;11654033333;10240;10228
760;11405339000;11154033333;11654033333;10240;10228
761;11405348000;11154033333;11654033333;10240;10228
762;11405353000;11195400000;11695400000;10240;10228
763;11405366000;11195400000;11695400000;10240;10228
764;11405375000;11195400000;11695400000;10240;10228
765;11405383000;11195400000;11695400000;10240;10228
766;11405401000;11195400000;11695400000;10240;10228
768;11405408000;11195400000;11695400000;10240;10228
769;11405413000;11195422222;11695422222;10240;10228
770;11405429000;11195700000;11695700000;10240;10228
771;11405433000;11195700000;11695700000;10240;10228
772;11405454000;11195700000;11695700000;10240;10228
773;11405459000;11237066666;11737066666;10240;10228
775;11405489000;11237066666;11737066666;10240;10228
776;11405511000;11237066666;11737066666;10240;10228
777;11405527000;11237066666;11737066666;10240;10228
778;11405531000;11237066666;11737066666;10240;10228
779;11405551000;11237066666;11737066666;10240;10228
780;11405557000;11237077777;11737077777;10240;10228
781;11405568000;11237388888;11737388888;10240;10228
782;11405577000;11237388888;11737388888;10240;10228
783;11405605000;11237388888;11737388888;10240;10228
785;11405705000;11278722222;11778722222;10240;10228
786;11405715000;11278722222;11778722222;10240;10228
787;11405734000;11278722222;11778722222;10240;10228
788;11405797000;11278722222;11778722222;10240;10228
721;11405815000;11028733333;11528733333;10240;10228
790;11405823000;11278722222;11778722222;10240;10228
791;11405860000;11278744444;11778744444;10240;10228
795;11405994000;11320388888;11820388888;10240;10228
730;11406004000;11070400000;11570400000;10240;10228
796;11406011000;11320388888;11820388888;10240;10228
797;11406067000;11320388888;11820388888;10240;10228
798;11406127000;11320388888;11820388888;10240;10228
799;11406160000;11320388888;11820388888;10240;10228
800;11406169000;11320388888;11820388888;10240;10228
801;11406216000;11320388888;11820388888;10240;10228
802;11406226000;11320411111;11820411111;10240;10228
739;11406437000;11070700000;11570700000;10240;10228
693;11407555000;10904044444;11404044444;10240;10228
694;11407567000;10904044444;11404044444;10240;10228
695;11407758000;10904044444;11404044444;10240;10228
696;11407776000;10945388888;11445388888;10240;10228
697;11407976000;10945388888;11445388888;10240;10228
698;11407983000;10945388888;11445388888;10240;10228
699;11408190000;10945388888;11445388888;10240;10228
700;11408387000;10945388888;11445388888;10240;10228
701;11408393000;10945388888;11445388888;10240;10228
702;11408592000;10945388888;11445388888;10240;10228
703;11408598000;10945411111;11445411111;10240;10228
704;11408797000;10945733333;11445733333;10240;10228
705;11408802000;10945733333;11445733333;10240;10228
706;11408984000;10945733333;11445733333;10240;10228
707;11409205000;10987055555;11487055555;10240;10228
708;11409214000;10987055555;11487055555;10240;10228
709;11409410000;10987055555;11487055555;10240;10228
710;11409416000;10987055555;11487055555;10240;10228
711;11409615000;10987055555;11487055555;10240;10228
712;11409621000;10987055555;11487055555;10240;10228
713;11409822000;10987055555;11487055555;10240;10228
714;11409827000;10987077777;11487077777;10240;10228
716;11410008000;10987388888;11487388888;10240;10228
717;11410227000;10987388888;11487388888;10240;10228
718;11410233000;11028733333;11528733333;10240;10228
719;11410431000;11028733333;11528733333;10240;10228
720;11410437000;11028733333;11528733333;10240;10228
721;11410638000;11028733333;11528733333;10240;10228
722;11410644000;11028733333;11528733333;10240;10228
723;11410841000;11028733333;11528733333;10240;10228
724;11411030000;11028733333;11528733333;10240;10228
725;11411035000;11028755555;11528755555;10240;10228
803;11565682000;11320711111;11820711111;10240;10228
804;11565703000;11320711111;11820711111;10240;10228
805;11565708000;11320711111;11820711111;10240;10228
806;11565714000;11362066666;11862066666;10240;10228
807;11565718000;11362066666;11862066666;10240;10228
808;11565724000;11362066666;11862066666;10240;10228
809;11565730000;11362066666;11862066666;10240;10228
810;11565735000;11362066666;11862066666;10240;10228
811;11565755000;11362066666;11862066666;10240;10228
812;11565762000;11362066666;11862066666;10240;10228
813;11565766000;11362088888;11862088888;10240;10228
814;11565774000;11362388888;11862388888;10240;10228
815;11565778000;11362388888;11862388888;10240;10228
816;11565855000;11362388888;11862388888;10240;10228
817;11565877000;11403733333;11903733333;10240;10228
819;11565881000;11403733333;11903733333;10240;10228
820;11565906000;11403733333;11903733333;10240;10228
822;11565910000;11403733333;11903733333;10240;10228
823;11565916000;11403733333;11903733333;10240;10228
824;11565920000;11403744444;11903744444;10240;10228
825;11565929000;11404033333;11904033333;10240;10228
826;11565994000;11404033333;11904033333;10240;10228
827;11566006000;11404033333;11904033333;10240;10228
767;11566022000;11195400000;11695400000;10240;10228
828;11566066000;11445388888;11945388888;10240;10228
829;11566083000;11445388888;11945388888;10240;10228
830;11566111000;11445388888;11945388888;10240;10228
832;11566180000;11445388888;11945388888;10240;10228
729;11566306000;11070400000;11570400000;10240;10228
774;11566317000;11237066666;11737066666;10240;10228
784;11566398000;11278722222;11778722222;10240;10228
730;11566492000;11070400000;11570400000;10240;10228
731;11566502000;11070400000;11570400000;10240;10228
789;11566572000;11278722222;11778722222;10240;10228
792;11566672000;11279033333;11779033333;10240;10228
793;11566698000;11279033333;11779033333;10240;10228
732;11566710000;11070400000;11570400000;10240;10228
733;11566718000;11070400000;11570400000;10240;10228
794;11566746000;11279033333;11779033333;10240;10228
734;11566876000;11070400000;11570400000;10240;10228
735;11567072000;11070400000;11570400000;10240;10228
736;11567083000;11070411111;11570411111;10240;10228
737;11567299000;11070700000;11570700000;10240;10228
738;11567309000;11070700000;11570700000;10240;10228
739;11567498000;11070700000;11570700000;10240;10228
740;11567516000;11112055555;11612055555;10240;10228
741;11567710000;11112055555;11612055555;10240;10228
742;11567904000;11112055555;11612055555;10240;10228
743;11567916000;11112055555;11612055555;10240;10228
744;11568099000;11112055555;11612055555;10240;10228
745;11568122000;11112055555;11612055555;10240;10228
746;11568313000;11112055555;11612055555;10240;10228
747;11568334000;11112077777;11612077777;10240;10228
748;11568521000;11112388888;11612388888;10240;10228
749;11568540000;11112388888;11612388888;10240;10228
751;11568734000;11153722222;11653722222;10240;10228
752;11568927000;11153722222;11653722222;10240;10228
753;11568939000;11153722222;11653722222;10240;10228
754;11569144000;11153722222;11653722222;10240;10228
755;11569165000;11153722222;11653722222;10240;10228
756;11569356000;11153722222;11653722222;10240;10228
757;11569376000;11153722222;11653722222;10240;10228
758;11569563000;11153744444;11653744444;10240;10228
759;11569573000;11154033333;11654033333;10240;10228
760;11569768000;11154033333;11654033333;10240;10228
761;11569937000;11154033333;11654033333;10240;10228
762;11569948000;11195400000;11695400000;10240;10228
763;11570178000;11195400000;11695400000;10240;10228
764;11570200000;11195400000;11695400000;10240;10228
765;11570389000;11195400000;11695400000;10240;10228
836;11725977000;11445700000;11945700000;10240;10228
837;11725987000;11445700000;11945700000;10240;10228
838;11725995000;11445700000;11945700000;10240;10228
839;11725999000;11487111111;11987111111;10240;10228
840;11726003000;11487111111;11987111111;10240;10228
841;11726007000;11487111111;11987111111;10240;10228
842;11726011000;11487111111;11987111111;10240;10228
843;11726019000;11487111111;11987111111;10240;10228
844;11726028000;11487111111;11987111111;10240;10228
845;11726117000;11487111111;11987111111;10240;10228
846;11726137000;11487222222;11987222222;10240;10228
847;11726156000;11487588888;11987588888;10240;10228
848;11726165000;11487588888;11987588888;10240;10228
849;11726173000;11487588888;11987588888;10240;10228
850;11726183000;11528733333;12028733333;10240;10228
851;11726202000;11528733333;12028733333;10240;10228
852;11726207000;11528733333;12028733333;10240;10228
853;11726212000;11528733333;12028733333;10240;10228
854;11726230000;11528733333;12028733333;10240;10228
855;11726235000;11528733333;12028733333;10240;10228
857;11726293000;11528744444;12028744444;10240;10228
858;11726316000;11529044444;12029044444;10240;10228
859;11726321000;11529044444;12029044444;10240;10228
860;11726356000;11529044444;12029044444;10240;10228
861;11726365000;11570400000;12070400000;10240;10228
862;11726381000;11570400000;12070400000;10240;10228
864;11726433000;11570400000;12070400000;10240;10228
865;11726447000;11570400000;12070400000;10240;10228
866;11726475000;11570400000;12070400000;10240;10228
867;11726496000;11570400000;12070400000;10240;10228
868;11726563000;11570422222;12070422222;10240;10228
869;11726571000;11570755555;12070755555;10240;10228
818;11726605000;11403733333;11903733333;10240;10228
870;11726649000;11570755555;12070755555;10240;10228
821;11726669000;11403733333;11903733333;10240;10228
871;11726681000;11570755555;12070755555;10240;10228
872;11726722000;11612055555;12112055555;10240;10228
873;11726731000;11612055555;12112055555;10240;10228
774;11726775000;11237066666;11737066666;10240;10228
775;11726784000;11237066666;11737066666;10240;10228
874;11726818000;11612055555;12112055555;10240;10228
875;11726847000;11612055555;12112055555;10240;10228
876;11726875000;11612055555;12112055555;10240;10228
878;11726921000;11612055555;12112055555;10240;10228
879;11726936000;11612077777;12112077777;10240;10228
776;11726945000;11237066666;11737066666;10240;10228
777;11726964000;11237066666;11737066666;10240;10228
778;11727152000;11237066666;11737066666;10240;10228
779;11727357000;11237066666;11737066666;10240;10228
780;11727382000;11237077777;11737077777;10240;10228
781;11727554000;11237388888;11737388888;10240;10228
782;11727573000;11237388888;11737388888;10240;10228
783;11727787000;11237388888;11737388888;10240;10228
784;11727808000;11278722222;11778722222;10240;10228
785;11727975000;11278722222;11778722222;10240;10228
786;11728191000;11278722222;11778722222;10240;10228
788;11728204000;11278722222;11778722222;10240;10228
789;11728375000;11278722222;11778722222;10240;10228
790;11728386000;11278722222;11778722222;10240;10228
791;11728579000;11278744444;11778744444;10240;10228
792;11728591000;11279033333;11779033333;10240;10228
793;11728794000;11279033333;11779033333;10240;10228
794;11728804000;11279033333;11779033333;10240;10228
795;11728985000;11320388888;11820388888;10240;10228
796;11729219000;11320388888;11820388888;10240;10228
797;11729252000;11320388888;11820388888;10240;10228
798;11729423000;11320388888;11820388888;10240;10228
799;11729445000;11320388888;11820388888;10240;10228
880;11886252000;11612377777;12112377777;10240;10228
881;11886268000;11612377777;12112377777;10240;10228
882;11886277000;11612377777;12112377777;10240;10228
883;11886288000;11653733333;12153733333;10240;10228
884;11886296000;11653733333;12153733333;10240;10228
885;11886303000;11653733333;12153733333;10240;10228
886;11886307000;11653733333;12153733333;10240;10228
887;11886326000;11653733333;12153733333;10240;10228
888;11886332000;11653733333;12153733333;10240;10228
890;11886336000;11653755555;12153755555;10240;10228
891;11886346000;11654033333;12154033333;10240;10228
894;11886350000;11695400000;12195400000;10240;10228
831;11886421000;11445388888;11945388888;10240;10228
895;11886431000;11695400000;12195400000;10240;10228
897;11886436000;11695400000;12195400000;10240;10228
898;11886450000;11695400000;12195400000;10240;10228
899;11886453000;11695400000;12195400000;10240;10228
900;11886458000;11695400000;12195400000;10240;10228
901;11886467000;11695411111;12195411111;10240;10228
833;11886526000;11445388888;11945388888;10240;10228
834;11886536000;11445388888;11945388888;10240;10228
835;11886541000;11445411111;11945411111;10240;10228
902;11886551000;11695688888;12195688888;10240;10228
903;11886556000;11695688888;12195688888;10240;10228
905;11886625000;11737055555;12237055555;10240;10228
906;11886640000;11737055555;12237055555;10240;10228
907;11886659000;11737055555;12237055555;10240;10228
908;11886768000;11737055555;12237055555;10240;10228
909;11886778000;11737055555;12237055555;10240;10228
910;11886783000;11737055555;12237055555;10240;10228
911;11886878000;11737055555;12237055555;10240;10228
913;11886888000;11737377777;12237377777;10240;10228
914;11886971000;11737377777;12237377777;10240;10228
915;11886980000;11737377777;12237377777;10240;10228
916;11887008000;11778722222;12278722222;10240;10228
917;11887033000;11778722222;12278722222;10240;10228
918;11887076000;11778722222;12278722222;10240;10228
919;11887140000;11778722222;12278722222;10240;10228
856;11887155000;11528733333;12028733333;10240;10228
920;11887176000;11778722222;12278722222;10240;10228
921;11887183000;11778722222;12278722222;10240;10228
922;11887283000;11778722222;12278722222;10240;10228
923;11887295000;11778744444;12278744444;10240;10228
863;11887396000;11570400000;12070400000;10240;10228
817;11888302000;11403733333;11903733333;10240;10228
818;11888509000;11403733333;11903733333;10240;10228
819;11888518000;11403733333;11903733333;10240;10228
820;11888706000;11403733333;11903733333;10240;10228
821;11888725000;11403733333;11903733333;10240;10228
822;11888911000;11403733333;11903733333;10240;10228
823;11888920000;11403733333;11903733333;10240;10228
824;11889138000;11403744444;11903744444;10240;10228
825;11889149000;11404033333;11904033333;10240;10228
826;11889329000;11404033333;11904033333;10240;10228
827;11889517000;11404033333;11904033333;10240;10228
828;11889528000;11445388888;11945388888;10240;10228
829;11889730000;11445388888;11945388888;10240;10228
830;11889748000;11445388888;11945388888;10240;10228
831;11889935000;11445388888;11945388888;10240;10228
833;11890147000;11445388888;11945388888;10240;10228
834;11890157000;11445388888;11945388888;10240;10228
835;11890166000;11445411111;11945411111;10240;10228
836;11890354000;11445700000;11945700000;10240;10228
837;11890555000;11445700000;11945700000;10240;10228
838;11890561000;11445700000;11945700000;10240;10228
839;11890755000;11487111111;11987111111;10240;10228
840;11890761000;11487111111;11987111111;10240;10228
841;11890929000;11487111111;11987111111;10240;10228
924;12046543000;11779033333;12279033333;10240;10228
928;12046558000;11820400000;12320400000;10240;10228
929;12046563000;11820400000;12320400000;10240;10228
930;12046568000;11820400000;12320400000;10240;10228
931;12046572000;11820400000;12320400000;10240;10228
932;12046586000;11820400000;12320400000;10240;10228
933;12046592000;11820400000;12320400000;10240;10228
934;12046596000;11820422222;12320422222;10240;10228
935;12046654000;11820711111;12320711111;10240;10228
936;12046685000;11820711111;12320711111;10240;10228
937;12046689000;11820711111;12320711111;10240;10228
938;12046720000;11862066666;12362066666;10240;10228
939;12046726000;11862066666;12362066666;10240;10228
940;12046743000;11862066666;12362066666;10240;10228
877;12046762000;11612055555;12112055555;10240;10228
941;12046767000;11862066666;12362066666;10240;10228
942;12046786000;11862066666;12362066666;10240;10228
943;12046791000;11862066666;12362066666;10240;10228
944;12046795000;11862066666;12362066666;10240;10228
945;12046802000;11862077777;12362077777;10240;10228
946;12046861000;11862400000;12362400000;10240;10228
949;12046871000;11903722222;12403722222;10240;10228
952;12046876000;11903722222;12403722222;10240;10228
953;12046890000;11903722222;12403722222;10240;10228
954;12046907000;11903722222;12403722222;10240;10228
955;12046960000;11903722222;12403722222;10240;10228
956;12046969000;11903744444;12403744444;10240;10228
957;12046986000;11904055555;12404055555;10240;10228
958;12046994000;11904055555;12404055555;10240;10228
889;12047011000;11653733333;12153733333;10240;10228
959;12047019000;11904055555;12404055555;10240;10228
892;12047028000;11654033333;12154033333;10240;10228
893;12047036000;11654033333;12154033333;10240;10228
960;12047068000;11945388888;12445388888;10240;10228
896;12047112000;11695400000;12195400000;10240;10228
961;12047146000;11945388888;12445388888;10240;10228
962;12047157000;11945388888;12445388888;10240;10228
963;12047222000;11945388888;12445388888;10240;10228
964;12047245000;11945388888;12445388888;10240;10228
965;12047289000;11945388888;12445388888;10240;10228
904;12047356000;11695688888;12195688888;10240;10228
966;12047384000;11945388888;12445388888;10240;10228
912;12047595000;11737077777;12237077777;10240;10228
862;12048566000;11570400000;12070400000;10240;10228
863;12048574000;11570400000;12070400000;10240;10228
864;12048767000;11570400000;12070400000;10240;10228
865;12048958000;11570400000;12070400000;10240;10228
866;12048973000;11570400000;12070400000;10240;10228
867;12049178000;11570400000;12070400000;10240;10228
868;12049186000;11570422222;12070422222;10240;10228
869;12049382000;11570755555;12070755555;10240;10228
870;12049393000;11570755555;12070755555;10240;10228
871;12049586000;11570755555;12070755555;10240;10228
872;12049598000;11612055555;12112055555;10240;10228
873;12049789000;11612055555;12112055555;10240;10228
874;12049980000;11612055555;12112055555;10240;10228
875;12049989000;11612055555;12112055555;10240;10228
876;12050202000;11612055555;12112055555;10240;10228
877;12050220000;11612055555;12112055555;10240;10228
878;12050431000;11612055555;12112055555;10240;10228
879;12050449000;11612077777;12112077777;10240;10228
881;12050644000;11612377777;12112377777;10240;10228
882;12050838000;11612377777;12112377777;10240;10228
883;12050849000;11653733333;12153733333;10240;10228
884;12051029000;11653733333;12153733333;10240;10228
885;12051038000;11653733333;12153733333;10240;10228
886;12051259000;11653733333;12153733333;10240;10228
968;12206827000;11945733333;12445733333;10240;10228
969;12206845000;11945733333;12445733333;10240;10228
970;12206853000;11945733333;12445733333;10240;10228
971;12206862000;11987066666;12487066666;10240;10228
973;12206878000;11987066666;12487066666;10240;10228
974;12206902000;11987066666;12487066666;10240;10228
975;12206911000;11987066666;12487066666;10240;10228
977;12206922000;11987066666;12487066666;10240;10228
979;12206945000;11987377777;12487377777;10240;10228
980;12206955000;11987377777;12487377777;10240;10228
981;12206972000;11987377777;12487377777;10240;10228
982;12206991000;12028733333;12528733333;10240;10228
983;12207013000;12028733333;12528733333;10240;10228
984;12207030000;12028733333;12528733333;10240;10228
985;12207074000;12028733333;12528733333;10240;10228
987;12207091000;12028733333;12528733333;10240;10228
988;12207114000;12028733333;12528733333;10240;10228
989;12207122000;12028744444;12528744444;10240;10228
990;12207152000;12029022222;12529022222;10240;10228
991;12207160000;12029022222;12529022222;10240;10228
992;12207172000;12029022222;12529022222;10240;10228
993;12207215000;12070388888;12570388888;10240;10228
925;12207250000;11779033333;12279033333;10240;10228
926;12207260000;11779033333;12279033333;10240;10228
927;12207272000;11820400000;12320400000;10240;10228
994;12207287000;12070388888;12570388888;10240;10228
995;12207308000;12070388888;12570388888;10240;10228
996;12207330000;12070388888;12570388888;10240;10228
997;12207376000;12070388888;12570388888;10240;10228
999;12207461000;12070388888;12570388888;10240;10228
1000;12207470000;12070400000;12570400000;10240;10228
1002;12207498000;12070733333;12570733333;10240;10228
1004;12207532000;12112055555;12612055555;10240;10228
1005;12207560000;12112055555;12612055555;10240;10228
1006;12207638000;12112055555;12612055555;10240;10228
1007;12207655000;12112055555;12612055555;10240;10228
1009;12207709000;12112055555;12612055555;10240;10228
1010;12207718000;12112055555;12612055555;10240;10228
947;12207747000;11862400000;12362400000;10240;10228
948;12207772000;11862400000;12362400000;10240;10228
950;12207875000;11903722222;12403722222;10240;10228
1011;12207900000;12112077777;12612077777;10240;10228
951;12207990000;11903722222;12403722222;10240;10228
903;12208862000;11695688888;12195688888;10240;10228
904;12209130000;11695688888;12195688888;10240;10228
905;12209135000;11737055555;12237055555;10240;10228
906;12209301000;11737055555;12237055555;10240;10228
908;12209499000;11737055555;12237055555;10240;10228
909;12209505000;11737055555;12237055555;10240;10228
910;12209707000;11737055555;12237055555;10240;10228
911;12209712000;11737055555;12237055555;10240;10228
912;12209910000;11737077777;12237077777;10240;10228
915;12209914000;11737377777;12237377777;10240;10228
916;12210123000;11778722222;12278722222;10240;10228
917;12210326000;11778722222;12278722222;10240;10228
918;12210345000;11778722222;12278722222;10240;10228
919;12210517000;11778722222;12278722222;10240;10228
920;12210523000;11778722222;12278722222;10240;10228
921;12210728000;11778722222;12278722222;10240;10228
922;12210733000;11778722222;12278722222;10240;10228
923;12210931000;11778744444;12278744444;10240;10228
924;12210937000;11779033333;12279033333;10240;10228
925;12211182000;11779033333;12279033333;10240;10228
926;12211188000;11779033333;12279033333;10240;10228
927;12211344000;11820400000;12320400000;10240;10228
928;12211543000;11820400000;12320400000;10240;10228
929;12211549000;11820400000;12320400000;10240;10228
1012;12367146000;12112400000;12612400000;10240;10228
1014;12367175000;12112400000;12612400000;10240;10228
1015;12367186000;12153733333;12653733333;10240;10228
1016;12367199000;12153733333;12653733333;10240;10228
1017;12367213000;12153733333;12653733333;10240;10228
1018;12367227000;12153733333;12653733333;10240;10228
1019;12367251000;12153733333;12653733333;10240;10228
1020;12367261000;12153733333;12653733333;10240;10228
1021;12367278000;12153733333;12653733333;10240;10228
1022;12367308000;12153755555;12653755555;10240;10228
1023;12367328000;12154055555;12654055555;10240;10228
1024;12367340000;12154055555;12654055555;10240;10228
1025;12367366000;12154055555;12654055555;10240;10228
1026;12367375000;12195400000;12695400000;10240;10228
1027;12367385000;12195400000;12695400000;10240;10228
1028;12367417000;12195400000;12695400000;10240;10228
1029;12367426000;12195400000;12695400000;10240;10228
1030;12367437000;12195400000;12695400000;10240;10228
1033;12367461000;12195411111;12695411111;10240;10228
1034;12367471000;12195700000;12695700000;10240;10228
1035;12367512000;12195700000;12695700000;10240;10228
967;12367557000;11945411111;12445411111;10240;10228
1036;12367565000;12195700000;12695700000;10240;10228
1037;12367579000;12237055555;12737055555;10240;10228
1038;12367601000;12237055555;12737055555;10240;10228
1039;12367626000;12237055555;12737055555;10240;10228
972;12367666000;11987066666;12487066666;10240;10228
1040;12367678000;12237055555;12737055555;10240;10228
1041;12367685000;12237055555;12737055555;10240;10228
976;12367749000;11987066666;12487066666;10240;10228
1042;12367777000;12237055555;12737055555;10240;10228
978;12367824000;11987088888;12487088888;10240;10228
1043;12367834000;12237055555;12737055555;10240;10228
1044;12367855000;12237077777;12737077777;10240;10228
1045;12367892000;12237400000;12737400000;10240;10228
1047;12367964000;12237400000;12737400000;10240;10228
1048;12368008000;12278722222;12778722222;10240;10228
1049;12368086000;12278722222;12778722222;10240;10228
986;12368125000;12028733333;12528733333;10240;10228
1050;12368153000;12278722222;12778722222;10240;10228
1051;12368213000;12278722222;12778722222;10240;10228
1052;12368287000;12278722222;12778722222;10240;10228
1053;12368318000;12278722222;12778722222;10240;10228
1055;12368355000;12278744444;12778744444;10240;10228
998;12368530000;12070388888;12570388888;10240;10228
1001;12368638000;12070733333;12570733333;10240;10228
1003;12368740000;12070733333;12570733333;10240;10228
946;12368808000;11862400000;12362400000;10240;10228
947;12368846000;11862400000;12362400000;10240;10228
948;12368940000;11862400000;12362400000;10240;10228
949;12368957000;11903722222;12403722222;10240;10228
950;12369171000;11903722222;12403722222;10240;10228
951;12369186000;11903722222;12403722222;10240;10228
952;12369367000;11903722222;12403722222;10240;10228
953;12369563000;11903722222;12403722222;10240;10228
954;12369574000;11903722222;12403722222;10240;10228
955;12369766000;11903722222;12403722222;10240;10228
956;12369776000;11903744444;12403744444;10240;10228
958;12369972000;11904055555;12404055555;10240;10228
959;12369981000;11904055555;12404055555;10240;10228
960;12370185000;11945388888;12445388888;10240;10228
961;12370200000;11945388888;12445388888;10240;10228
964;12370381000;11945388888;12445388888;10240;10228
965;12370586000;11945388888;12445388888;10240;10228
968;12370598000;11945733333;12445733333;10240;10228
969;12370789000;11945733333;12445733333;10240;10228
970;12370802000;11945733333;12445733333;10240;10228
971;12370978000;11987066666;12487066666;10240;10228
1008;12527435000;12112055555;12612055555;10240;10228
1056;12527498000;12279022222;12779022222;10240;10228
1057;12527519000;12279022222;12779022222;10240;10228
1059;12527538000;12320400000;12820400000;10240;10228
1060;12527561000;12320400000;12820400000;10240;10228
1061;12527575000;12320400000;12820400000;10240;10228
1062;12527601000;12320400000;12820400000;10240;10228
1063;12527634000;12320400000;12820400000;10240;10228
1066;12527653000;12320422222;12820422222;10240;10228
1067;12527674000;12320700000;12820700000;10240;10228
1068;12527683000;12320700000;12820700000;10240;10228
1069;12527700000;12320700000;12820700000;10240;10228
1070;12527707000;12362066666;12862066666;10240;10228
1071;12527732000;12362066666;12862066666;10240;10228
1072;12527753000;12362066666;12862066666;10240;10228
1073;12527772000;12362066666;12862066666;10240;10228
1075;12527786000;12362066666;12862066666;10240;10228
1076;12527833000;12362066666;12862066666;10240;10228
1013;12527886000;12112400000;12612400000;10240;10228
1077;12527894000;12362077777;12862077777;10240;10228
1078;12527923000;12362388888;12862388888;10240;10228
1079;12527943000;12362388888;12862388888;10240;10228
1081;12527999000;12403722222;12903722222;10240;10228
1082;12528037000;12403722222;12903722222;10240;10228
1083;12528132000;12403722222;12903722222;10240;10228
1084;12528152000;12403722222;12903722222;10240;10228
1085;12528171000;12403722222;12903722222;10240;10228
1086;12528185000;12403722222;12903722222;10240;10228
1088;12528252000;12403744444;12903744444;10240;10228
1089;12528304000;12404011111;12904011111;10240;10228
1090;12528343000;12404011111;12904011111;10240;10228
1031;12528373000;12195400000;12695400000;10240;10228
1032;12528398000;12195400000;12695400000;10240;10228
1091;12528417000;12404011111;12904011111;10240;10228
1093;12528480000;12445388888;12945388888;10240;10228
1094;12528536000;12445388888;12945388888;10240;10228
1095;12528544000;12445388888;12945388888;10240;10228
1096;12528566000;12445388888;12945388888;10240;10228
1097;12528626000;12445388888;12945388888;10240;10228
1098;12528654000;12445388888;12945388888;10240;10228
1046;12528813000;12237400000;12737400000;10240;10228
985;12528891000;12028733333;12528733333;10240;10228
987;12529007000;12028733333;12528733333;10240;10228
990;12529273000;12029022222;12529022222;10240;10228
991;12529526000;12029022222;12529022222;10240;10228
992;12529535000;12029022222;12529022222;10240;10228
993;12529734000;12070388888;12570388888;10240;10228
994;12529753000;12070388888;12570388888;10240;10228
995;12529937000;12070388888;12570388888;10240;10228
996;12530147000;12070388888;12570388888;10240;10228
997;12530153000;12070388888;12570388888;10240;10228
999;12530333000;12070388888;12570388888;10240;10228
1000;12530339000;12070400000;12570400000;10240;10228
1001;12530537000;12070733333;12570733333;10240;10228
1002;12530543000;12070733333;12570733333;10240;10228
1003;12530744000;12070733333;12570733333;10240;10228
1004;12530947000;12112055555;12612055555;10240;10228
1005;12530953000;12112055555;12612055555;10240;10228
1006;12531153000;12112055555;12612055555;10240;10228
1007;12531159000;12112055555;12612055555;10240;10228
1008;12531356000;12112055555;12612055555;10240;10228
1009;12531362000;12112055555;12612055555;10240;10228
1010;12531562000;12112055555;12612055555;10240;10228
1011;12531568000;12112077777;12612077777;10240;10228
1012;12531766000;12112400000;12612400000;10240;10228
1015;12531936000;12153733333;12653733333;10240;10228
1018;12531941000;12153733333;12653733333;10240;10228
1019;12532172000;12153733333;12653733333;10240;10228
1100;12687796000;12445688888;12945688888;10240;10228
1101;12687821000;12445688888;12945688888;10240;10228
1102;12687831000;12445688888;12945688888;10240;10228
1103;12687842000;12487066666;12987066666;10240;10228
1104;12687850000;12487066666;12987066666;10240;10228
1105;12687856000;12487066666;12987066666;10240;10228
1106;12687864000;12487066666;12987066666;10240;10228
1107;12687870000;12487066666;12987066666;10240;10228
1020;12687941000;12153733333;12653733333;10240;10228
1108;12688065000;12487066666;12987066666;10240;10228
1109;12688084000;12487066666;12987066666;10240;10228
1110;12688135000;12487088888;12987088888;10240;10228
1111;12688143000;12487377777;12987377777;10240;10228
1112;12688151000;12487377777;12987377777;10240;10228
1113;12688159000;12487377777;12987377777;10240;10228
1114;12688166000;12528722222;13028722222;10240;10228
1115;12688173000;12528722222;13028722222;10240;10228
1116;12688180000;12528722222;13028722222;10240;10228
1117;12688197000;12528722222;13028722222;10240;10228
1054;12688234000;12278722222;12778722222;10240;10228
1118;12688243000;12528722222;13028722222;10240;10228
1119;12688281000;12528722222;13028722222;10240;10228
1058;12688342000;12279022222;12779022222;10240;10228
1120;12688351000;12528722222;13028722222;10240;10228
1121;12688363000;12528744444;13028744444;10240;10228
1122;12688379000;12529044444;13029044444;10240;10228
1123;12688429000;12529044444;13029044444;10240;10228
1124;12688437000;12529044444;13029044444;10240;10228
1064;12688449000;12320400000;12820400000;10240;10228
1065;12688463000;12320400000;12820400000;10240;10228
1125;12688477000;12570388888;13070388888;10240;10228
1126;12688569000;12570388888;13070388888;10240;10228
1127;12688579000;12570388888;13070388888;10240;10228
1128;12688592000;12570388888;13070388888;10240;10228
1023;12688640000;12154055555;12654055555;10240;10228
1129;12688668000;12570388888;13070388888;10240;10228
1130;12688677000;12570388888;13070388888;10240;10228
1131;12688703000;12570388888;13070388888;10240;10228
1024;12688714000;12154055555;12654055555;10240;10228
1025;12688767000;12154055555;12654055555;10240;10228
1074;12688788000;12362066666;12862066666;10240;10228
1132;12688872000;12570411111;13070411111;10240;10228
1026;12688951000;12195400000;12695400000;10240;10228
1027;12688965000;12195400000;12695400000;10240;10228
1080;12688987000;12362388888;12862388888;10240;10228
1028;12689208000;12195400000;12695400000;10240;10228
1029;12689218000;12195400000;12695400000;10240;10228
1087;12689271000;12403722222;12903722222;10240;10228
1030;12689406000;12195400000;12695400000;10240;10228
1092;12689441000;12445388888;12945388888;10240;10228
1031;12689466000;12195400000;12695400000;10240;10228
1032;12689483000;12195400000;12695400000;10240;10228
1033;12689509000;12195411111;12695411111;10240;10228
1035;12689603000;12195700000;12695700000;10240;10228
1036;12689773000;12195700000;12695700000;10240;10228
1037;12689778000;12237055555;12737055555;10240;10228
1038;12689948000;12237055555;12737055555;10240;10228
1039;12690183000;12237055555;12737055555;10240;10228
1040;12690189000;12237055555;12737055555;10240;10228
1041;12690357000;12237055555;12737055555;10240;10228
1043;12690363000;12237055555;12737055555;10240;10228
1044;12690595000;12237077777;12737077777;10240;10228
1045;12690601000;12237400000;12737400000;10240;10228
1047;12690803000;12237400000;12737400000;10240;10228
1048;12690808000;12278722222;12778722222;10240;10228
1049;12690971000;12278722222;12778722222;10240;10228
1050;12691207000;12278722222;12778722222;10240;10228
1051;12691213000;12278722222;12778722222;10240;10228
1052;12691410000;12278722222;12778722222;10240;10228
1053;12691415000;12278722222;12778722222;10240;10228
1054;12691614000;12278722222;12778722222;10240;10228
1055;12691622000;12278744444;12778744444;10240;10228
1056;12691825000;12279022222;12779022222;10240;10228
1057;12691830000;12279022222;12779022222;10240;10228
1058;12691994000;12279022222;12779022222;10240;10228
1059;12692235000;12320400000;12820400000;10240;10228
1060;12692242000;12320400000;12820400000;10240;10228
1133;12848075000;12570711111;13070711111;10240;10228
1134;12848100000;12570711111;13070711111;10240;10228
1135;12848121000;12570711111;13070711111;10240;10228
1136;12848132000;12612066666;13112066666;10240;10228
1137;12848165000;12612066666;13112066666;10240;10228
1138;12848176000;12612066666;13112066666;10240;10228
1139;12848191000;12612066666;13112066666;10240;10228
1140;12848201000;12612066666;13112066666;10240;10228
1142;12848221000;12612066666;13112066666;10240;10228
1143;12848231000;12612088888;13112088888;10240;10228
1145;12848238000;12612422222;13112422222;10240;10228
1146;12848285000;12612422222;13112422222;10240;10228
1147;12848295000;12653733333;13153733333;10240;10228
1148;12848315000;12653733333;13153733333;10240;10228
1149;12848329000;12653733333;13153733333;10240;10228
1152;12848342000;12653733333;13153733333;10240;10228
1153;12848368000;12653733333;13153733333;10240;10228
1154;12848393000;12653755555;13153755555;10240;10228
1155;12848413000;12654022222;13154022222;10240;10228
1156;12848435000;12654022222;13154022222;10240;10228
1157;12848445000;12654022222;13154022222;10240;10228
1158;12848501000;12695388888;13195388888;10240;10228
1159;12848533000;12695388888;13195388888;10240;10228
1160;12848569000;12695388888;13195388888;10240;10228
1161;12848578000;12695388888;13195388888;10240;10228
1162;12848615000;12695388888;13195388888;10240;10228
1099;12848640000;12445411111;12945411111;10240;10228
1163;12848683000;12695388888;13195388888;10240;10228
1164;12848700000;12695388888;13195388888;10240;10228
1165;12848747000;12695411111;13195411111;10240;10228
1166;12848780000;12695700000;13195700000;10240;10228
1167;12848820000;12695700000;13195700000;10240;10228
1168;12848828000;12695700000;13195700000;10240;10228
1169;12848874000;12737055555;13237055555;10240;10228
1170;12848919000;12737055555;13237055555;10240;10228
1171;12848952000;12737055555;13237055555;10240;10228
1172;12848960000;12737055555;13237055555;10240;10228
1173;12849013000;12737055555;13237055555;10240;10228
1174;12849027000;12737055555;13237055555;10240;10228
1176;12849118000;12737077777;13237077777;10240;10228
1077;12849323000;12362077777;12862077777;10240;10228
1078;12849498000;12362388888;12862388888;10240;10228
1079;12849512000;12362388888;12862388888;10240;10228
1080;12849702000;12362388888;12862388888;10240;10228
1081;12849908000;12403722222;12903722222;10240;10228
1082;12849917000;12403722222;12903722222;10240;10228
1083;12850121000;12403722222;12903722222;10240;10228
1084;12850137000;12403722222;12903722222;10240;10228
1085;12850325000;12403722222;12903722222;10240;10228
1086;12850524000;12403722222;12903722222;10240;10228
1087;12850536000;12403722222;12903722222;10240;10228
1089;12850728000;12404011111;12904011111;10240;10228
1090;12850738000;12404011111;12904011111;10240;10228
1091;12850932000;12404011111;12904011111;10240;10228
1093;12850941000;12445388888;12945388888;10240;10228
1094;12851173000;12445388888;12945388888;10240;10228
1096;12851375000;12445388888;12945388888;10240;10228
1097;12851381000;12445388888;12945388888;10240;10228
1098;12851584000;12445388888;12945388888;10240;10228
1099;12851589000;12445411111;12945411111;10240;10228
1100;12851782000;12445688888;12945688888;10240;10228
1177;13008385000;12737366666;13237366666;10240;10228
1178;13008403000;12737366666;13237366666;10240;10228
1179;13008417000;12737366666;13237366666;10240;10228
1180;13008433000;12778744444;13278744444;10240;10228
1182;13008441000;12778744444;13278744444;10240;10228
1183;13008469000;12778744444;13278744444;10240;10228
1184;13008478000;12778744444;13278744444;10240;10228
1185;13008487000;12778744444;13278744444;10240;10228
1186;13008498000;12778744444;13278744444;10240;10228
1190;13008522000;12779033333;13279033333;10240;10228
1191;13008532000;12820400000;13320400000;10240;10228
1192;13008539000;12820400000;13320400000;10240;10228
1193;13008574000;12820400000;13320400000;10240;10228
1194;13008592000;12820400000;13320400000;10240;10228
1195;13008605000;12820400000;13320400000;10240;10228
1196;13008627000;12820400000;13320400000;10240;10228
1197;13008638000;12820400000;13320400000;10240;10228
1198;13008645000;12820411111;13320411111;10240;10228
1199;13008669000;12820700000;13320700000;10240;10228
1200;13008678000;12820700000;13320700000;10240;10228
1201;13008689000;12820700000;13320700000;10240;10228
1202;13008720000;12862055555;13362055555;10240;10228
1203;13008731000;12862055555;13362055555;10240;10228
1204;13008741000;12862055555;13362055555;10240;10228
1205;13008747000;12862055555;13362055555;10240;10228
1206;13008781000;12862055555;13362055555;10240;10228
1207;13008800000;12862055555;13362055555;10240;10228
1141;13008823000;12612066666;13112066666;10240;10228
1208;13008849000;12862055555;13362055555;10240;10228
1209;13008858000;12862077777;13362077777;10240;10228
1144;13008885000;12612422222;13112422222;10240;10228
1210;13008911000;12862377777;13362377777;10240;10228
1211;13008956000;12862377777;13362377777;10240;10228
1212;13008985000;12862377777;13362377777;10240;10228
1213;13009021000;12903722222;13403722222;10240;10228
1214;13009032000;12903722222;13403722222;10240;10228
1150;13009096000;12653733333;13153733333;10240;10228
1151;13009121000;12653733333;13153733333;10240;10228
1216;13009140000;12903722222;13403722222;10240;10228
1217;13009195000;12903722222;13403722222;10240;10228
1218;13009224000;12903722222;13403722222;10240;10228
1219;13009236000;12903722222;13403722222;10240;10228
1133;13012049000;12570711111;13070711111;10240;10228
1134;13012084000;12570711111;13070711111;10240;10228
1137;13012268000;12612066666;13112066666;10240;10228
1138;13012305000;12612066666;13112066666;10240;10228
1139;13012463000;12612066666;13112066666;10240;10228
1140;13012711000;12612066666;13112066666;10240;10228
1141;13012746000;12612066666;13112066666;10240;10228
1222;13168818000;12904033333;13404033333;10240;10228
1223;13168880000;12904033333;13404033333;10240;10228
1224;13168891000;12945400000;13445400000;10240;10228
1225;13168899000;12945400000;13445400000;10240;10228
1226;13168917000;12945400000;13445400000;10240;10228
1227;13168924000;12945400000;13445400000;10240;10228
1229;13168941000;12945400000;13445400000;10240;10228
1230;13168967000;12945400000;13445400000;10240;10228
1231;13168978000;12945422222;13445422222;10240;10228
1232;13168986000;12945711111;13445711111;10240;10228
1233;13169011000;12945711111;13445711111;10240;10228
1234;13169020000;12945711111;13445711111;10240;10228
1235;13169036000;12987044444;13487044444;10240;10228
1143;13169095000;12612088888;13112088888;10240;10228
1236;13169128000;12987044444;13487044444;10240;10228
1237;13169157000;12987044444;13487044444;10240;10228
1238;13169167000;12987044444;13487044444;10240;10228
1239;13169183000;12987044444;13487044444;10240;10228
1240;13169202000;12987044444;13487044444;10240;10228
1241;13169221000;12987044444;13487044444;10240;10228
1242;13169230000;12987066666;13487066666;10240;10228
1243;13169242000;12987344444;13487344444;10240;10228
1244;13169265000;12987344444;13487344444;10240;10228
1245;13169284000;12987344444;13487344444;10240;10228
1246;13169308000;13028722222;13528722222;10240;10228
1247;13169327000;13028722222;13528722222;10240;10228
1175;13169341000;12737055555;13237055555;10240;10228
1248;13169362000;13028722222;13528722222;10240;10228
1249;13169371000;13028722222;13528722222;10240;10228
1251;13169394000;13028722222;13528722222;10240;10228
1252;13169418000;13028722222;13528722222;10240;10228
1181;13169426000;12778744444;13278744444;10240;10228
1187;13169441000;12778755555;13278755555;10240;10228
1188;13169461000;12779033333;13279033333;10240;10228
1144;13169475000;12612422222;13112422222;10240;10228
1254;13169508000;13029033333;13529033333;10240;10228
1255;13169532000;13029033333;13529033333;10240;10228
1256;13169563000;13029033333;13529033333;10240;10228
1189;13169597000;12779033333;13279033333;10240;10228
1257;13169605000;13070388888;13570388888;10240;10228
1258;13169625000;13070388888;13570388888;10240;10228
1259;13169648000;13070388888;13570388888;10240;10228
1146;13169676000;12612422222;13112422222;10240;10228
1149;13169727000;12653733333;13153733333;10240;10228
1260;13169742000;13070388888;13570388888;10240;10228
1261;13169758000;13070388888;13570388888;10240;10228
1262;13169788000;13070388888;13570388888;10240;10228
1263;13169837000;13070388888;13570388888;10240;10228
1264;13169845000;13070411111;13570411111;10240;10228
1150;13169948000;12653733333;13153733333;10240;10228
1152;13169956000;12653733333;13153733333;10240;10228
1153;13170031000;12653733333;13153733333;10240;10228
1154;13170039000;12653755555;13153755555;10240;10228
1215;13170104000;12903722222;13403722222;10240;10228
1155;13170149000;12654022222;13154022222;10240;10228
1156;13170174000;12654022222;13154022222;10240;10228
1157;13170234000;12654022222;13154022222;10240;10228
1158;13170320000;12695388888;13195388888;10240;10228
1159;13170339000;12695388888;13195388888;10240;10228
1160;13170517000;12695388888;13195388888;10240;10228
1164;13170722000;12695388888;13195388888;10240;10228
1165;13170732000;12695411111;13195411111;10240;10228
1166;13170942000;12695700000;13195700000;10240;10228
1167;13170949000;12695700000;13195700000;10240;10228
1168;13171155000;12695700000;13195700000;10240;10228
1169;13171171000;12737055555;13237055555;10240;10228
1170;13171358000;12737055555;13237055555;10240;10228
1171;13171385000;12737055555;13237055555;10240;10228
1172;13171555000;12737055555;13237055555;10240;10228
1173;13171761000;12737055555;13237055555;10240;10228
1174;13171770000;12737055555;13237055555;10240;10228
1175;13171966000;12737055555;13237055555;10240;10228
1176;13171975000;12737077777;13237077777;10240;10228
1177;13172181000;12737366666;13237366666;10240;10228
1178;13172196000;12737366666;13237366666;10240;10228
1179;13172375000;12737366666;13237366666;10240;10228
1181;13172580000;12778744444;13278744444;10240;10228
1182;13172590000;12778744444;13278744444;10240;10228
1183;13172783000;12778744444;13278744444;10240;10228
1265;13329138000;13070722222;13570722222;10240;10228
1266;13329153000;13070722222;13570722222;10240;10228
1267;13329175000;13070722222;13570722222;10240;10228
1268;13329185000;13112100000;13612100000;10240;10228
1269;13329200000;13112100000;13612100000;10240;10228
1270;13329222000;13112100000;13612100000;10240;10228
1271;13329231000;13112100000;13612100000;10240;10228
1272;13329247000;13112100000;13612100000;10240;10228
1273;13329254000;13112100000;13612100000;10240;10228
1274;13329279000;13112100000;13612100000;10240;10228
1275;13329288000;13112122222;13612122222;10240;10228
1276;13329295000;13112477777;13612477777;10240;10228
1277;13329320000;13112477777;13612477777;10240;10228
1278;13329350000;13112477777;13612477777;10240;10228
1280;13329359000;13153744444;13653744444;10240;10228
1281;13329367000;13153744444;13653744444;10240;10228
1282;13329407000;13153744444;13653744444;10240;10228
1283;13329416000;13153744444;13653744444;10240;10228
1284;13329436000;13153744444;13653744444;10240;10228
1285;13329445000;13153744444;13653744444;10240;10228
1286;13329461000;13153766666;13653766666;10240;10228
1287;13329469000;13154077777;13654077777;10240;10228
1288;13329495000;13154077777;13654077777;10240;10228
1289;13329513000;13154077777;13654077777;10240;10228
1220;13329532000;12903744444;13403744444;10240;10228
1291;13329563000;13195377777;13695377777;10240;10228
1292;13329581000;13195377777;13695377777;10240;10228
1293;13329604000;13195377777;13695377777;10240;10228
1294;13329611000;13195377777;13695377777;10240;10228
1228;13329649000;12945400000;13445400000;10240;10228
1295;13329659000;13195377777;13695377777;10240;10228
1221;13329685000;12904033333;13404033333;10240;10228
1296;13329693000;13195377777;13695377777;10240;10228
1297;13329717000;13195400000;13695400000;10240;10228
1299;13329782000;13195744444;13695744444;10240;10228
1300;13329793000;13195744444;13695744444;10240;10228
1301;13329820000;13237055555;13737055555;10240;10228
1302;13329867000;13237055555;13737055555;10240;10228
1303;13329884000;13237055555;13737055555;10240;10228
1304;13329923000;13237055555;13737055555;10240;10228
1305;13329966000;13237055555;13737055555;10240;10228
1306;13329981000;13237055555;13737055555;10240;10228
1308;13330016000;13237077777;13737077777;10240;10228
1250;13330136000;13028722222;13528722222;10240;10228
1253;13330259000;13028744444;13528744444;10240;10228
1214;13332201000;12903722222;13403722222;10240;10228
1215;13332400000;12903722222;13403722222;10240;10228
1216;13332410000;12903722222;13403722222;10240;10228
1217;13332603000;12903722222;13403722222;10240;10228
1218;13332612000;12903722222;13403722222;10240;10228
1219;13332806000;12903722222;13403722222;10240;10228
1220;13332815000;12903744444;13403744444;10240;10228
1221;13332993000;12904033333;13404033333;10240;10228
1222;13333227000;12904033333;13404033333;10240;10228
1223;13333240000;12904033333;13404033333;10240;10228
1224;13333421000;12945400000;13445400000;10240;10228
1225;13333437000;12945400000;13445400000;10240;10228
1226;13333658000;12945400000;13445400000;10240;10228
1227;13333663000;12945400000;13445400000;10240;10228
1228;13333864000;12945400000;13445400000;10240;10228
1229;13333869000;12945400000;13445400000;10240;10228
1309;13489490000;13237422222;13737422222;10240;10228
1310;13489515000;13237422222;13737422222;10240;10228
1311;13489524000;13237422222;13737422222;10240;10228
1312;13489531000;13278733333;13778733333;10240;10228
1313;13489545000;13278733333;13778733333;10240;10228
1314;13489560000;13278733333;13778733333;10240;10228
1315;13489585000;13278733333;13778733333;10240;10228
1316;13489596000;13278733333;13778733333;10240;10228
1317;13489603000;13278733333;13778733333;10240;10228
1318;13489631000;13278733333;13778733333;10240;10228
1319;13489642000;13278744444;13778744444;10240;10228
1320;13489651000;13279033333;13779033333;10240;10228
1321;13489658000;13279033333;13779033333;10240;10228
1322;13489685000;13279033333;13779033333;10240;10228
1323;13489694000;13320388888;13820388888;10240;10228
1324;13489702000;13320388888;13820388888;10240;10228
1325;13489728000;13320388888;13820388888;10240;10228
1326;13489756000;13320388888;13820388888;10240;10228
1327;13489766000;13320388888;13820388888;10240;10228
1330;13489773000;13320400000;13820400000;10240;10228
1331;13489796000;13320711111;13820711111;10240;10228
1332;13489806000;13320711111;13820711111;10240;10228
1333;13489830000;13320711111;13820711111;10240;10228
1335;13489859000;13362055555;13862055555;10240;10228
1336;13489881000;13362055555;13862055555;10240;10228
1337;13489901000;13362055555;13862055555;10240;10228
1338;13489923000;13362055555;13862055555;10240;10228
1339;13489965000;13362055555;13862055555;10240;10228
1340;13489974000;13362055555;13862055555;10240;10228
1341;13489996000;13362077777;13862077777;10240;10228
1342;13490009000;13362400000;13862400000;10240;10228
1343;13490033000;13362400000;13862400000;10240;10228
1279;13490076000;13153744444;13653744444;10240;10228
1346;13490107000;13403722222;13903722222;10240;10228
1347;13490152000;13403722222;13903722222;10240;10228
1348;13490172000;13403722222;13903722222;10240;10228
1349;13490193000;13403722222;13903722222;10240;10228
1351;13490231000;13403722222;13903722222;10240;10228
1352;13490239000;13403744444;13903744444;10240;10228
1290;13490279000;13195377777;13695377777;10240;10228
1298;13490421000;13195744444;13695744444;10240;10228
1249;13491872000;13028722222;13528722222;10240;10228
1250;13491894000;13028722222;13528722222;10240;10228
1251;13492075000;13028722222;13528722222;10240;10228
1252;13492099000;13028722222;13528722222;10240;10228
1253;13492292000;13028744444;13528744444;10240;10228
1254;13492312000;13029033333;13529033333;10240;10228
1256;13492499000;13029033333;13529033333;10240;10228
1257;13492705000;13070388888;13570388888;10240;10228
1258;13492723000;13070388888;13570388888;10240;10228
1259;13492909000;13070388888;13570388888;10240;10228
1260;13492929000;13070388888;13570388888;10240;10228
1261;13493139000;13070388888;13570388888;10240;10228
1262;13493158000;13070388888;13570388888;10240;10228
1263;13493320000;13070388888;13570388888;10240;10228
1264;13493330000;13070411111;13570411111;10240;10228
1265;13493523000;13070722222;13570722222;10240;10228
1266;13493728000;13070722222;13570722222;10240;10228
1267;13493737000;13070722222;13570722222;10240;10228
1268;13493934000;13112100000;13612100000;10240;10228
1269;13493942000;13112100000;13612100000;10240;10228
1270;13494148000;13112100000;13612100000;10240;10228
1271;13494167000;13112100000;13612100000;10240;10228
1273;13494342000;13112100000;13612100000;10240;10228
1274;13494546000;13112100000;13612100000;10240;10228
1353;13649759000;13404022222;13904022222;10240;10228
1354;13649783000;13404022222;13904022222;10240;10228
1357;13649805000;13445400000;13945400000;10240;10228
1358;13649816000;13445400000;13945400000;10240;10228
1359;13649844000;13445400000;13945400000;10240;10228
1360;13649898000;13445400000;13945400000;10240;10228
1361;13649914000;13445400000;13945400000;10240;10228
1363;13649922000;13445422222;13945422222;10240;10228
1365;13649930000;13445700000;13945700000;10240;10228
1366;13649938000;13445700000;13945700000;10240;10228
1370;13649999000;13487066666;13987066666;10240;10228
1307;13650010000;13237055555;13737055555;10240;10228
1371;13650030000;13487066666;13987066666;10240;10228
1372;13650116000;13487066666;13987066666;10240;10228
1373;13650144000;13487066666;13987066666;10240;10228
1374;13650153000;13487077777;13987077777;10240;10228
1375;13650184000;13487377777;13987377777;10240;10228
1278;13650223000;13112477777;13612477777;10240;10228
1376;13650233000;13487377777;13987377777;10240;10228
1377;13650245000;13487377777;13987377777;10240;10228
1378;13650278000;13528722222;14028722222;10240;10228
1379;13650310000;13528722222;14028722222;10240;10228
1380;13650353000;13528722222;14028722222;10240;10228
1381;13650371000;13528722222;14028722222;10240;10228
1382;13650394000;13528722222;14028722222;10240;10228
1383;13650402000;13528722222;14028722222;10240;10228
1279;13650443000;13153744444;13653744444;10240;10228
1280;13650453000;13153744444;13653744444;10240;10228
1384;13650484000;13528722222;14028722222;10240;10228
1385;13650493000;13528744444;14028744444;10240;10228
1328;13650525000;13320388888;13820388888;10240;10228
1329;13650566000;13320388888;13820388888;10240;10228
1334;13650648000;13362055555;13862055555;10240;10228
1386;13650791000;13529033333;14029033333;10240;10228
1281;13650800000;13153744444;13653744444;10240;10228
1282;13650812000;13153744444;13653744444;10240;10228
1387;13650854000;13529033333;14029033333;10240;10228
1388;13650864000;13529033333;14029033333;10240;10228
1283;13650876000;13153744444;13653744444;10240;10228
1284;13650905000;13153744444;13653744444;10240;10228
1389;13650956000;13570466666;14070466666;10240;10228
1286;13650965000;13153766666;13653766666;10240;10228
1390;13650995000;13570466666;14070466666;10240;10228
1391;13651012000;13570466666;14070466666;10240;10228
1344;13651076000;13362400000;13862400000;10240;10228
1345;13651111000;13403722222;13903722222;10240;10228
1392;13651154000;13570466666;14070466666;10240;10228
1393;13651194000;13570466666;14070466666;10240;10228
1287;13651248000;13154077777;13654077777;10240;10228
1394;13651256000;13570466666;14070466666;10240;10228
1288;13651271000;13154077777;13654077777;10240;10228
1395;13651315000;13570466666;14070466666;10240;10228
1396;13651333000;13570811111;14070811111;10240;10228
1289;13651348000;13154077777;13654077777;10240;10228
1290;13651361000;13195377777;13695377777;10240;10228
1291;13651527000;13195377777;13695377777;10240;10228
1292;13651726000;13195377777;13695377777;10240;10228
1293;13651738000;13195377777;13695377777;10240;10228
1294;13651940000;13195377777;13695377777;10240;10228
1295;13651963000;13195377777;13695377777;10240;10228
1296;13652143000;13195377777;13695377777;10240;10228
1297;13652162000;13195400000;13695400000;10240;10228
1298;13652348000;13195744444;13695744444;10240;10228
1299;13652365000;13195744444;13695744444;10240;10228
1300;13652545000;13195744444;13695744444;10240;10228
1301;13652749000;13237055555;13737055555;10240;10228
1302;13652759000;13237055555;13737055555;10240;10228
1303;13652954000;13237055555;13737055555;10240;10228
1304;13652966000;13237055555;13737055555;10240;10228
1350;13810030000;13403722222;13903722222;10240;10228
1397;13810055000;13571233333;14071233333;10240;10228
1398;13810102000;13571233333;14071233333;10240;10228
1399;13810123000;13571233333;14071233333;10240;10228
1400;13810132000;13612044444;14112044444;10240;10228
1401;13810145000;13612044444;14112044444;10240;10228
1402;13810168000;13612044444;14112044444;10240;10228
1403;13810178000;13612044444;14112044444;10240;10228
1404;13810189000;13612044444;14112044444;10240;10228
1405;13810224000;13612044444;14112044444;10240;10228
1406;13810242000;13612044444;14112044444;10240;10228
1407;13810264000;13612066666;14112066666;10240;10228
1408;13810274000;13612355555;14112355555;10240;10228
1409;13810295000;13612355555;14112355555;10240;10228
1410;13810306000;13612355555;14112355555;10240;10228
1411;13810318000;13653722222;14153722222;10240;10228
1412;13810336000;13653722222;14153722222;10240;10228
1413;13810344000;13653722222;14153722222;10240;10228
1414;13810366000;13653722222;14153722222;10240;10228
1415;13810374000;13653722222;14153722222;10240;10228
1416;13810389000;13653722222;14153722222;10240;10228
1417;13810431000;13653722222;14153722222;10240;10228
1418;13810449000;13653744444;14153744444;10240;10228
1419;13810468000;13654022222;14154022222;10240;10228
1420;13810523000;13654022222;14154022222;10240;10228
1421;13810533000;13654022222;14154022222;10240;10228
1422;13810553000;13695388888;14195388888;10240;10228
1355;13810575000;13404022222;13904022222;10240;10228
1423;13810666000;13695388888;14195388888;10240;10228
1356;13810688000;13445400000;13945400000;10240;10228
1362;13810696000;13445400000;13945400000;10240;10228
1424;13810718000;13695388888;14195388888;10240;10228
1425;13810726000;13695388888;14195388888;10240;10228
1364;13810781000;13445700000;13945700000;10240;10228
1427;13810801000;13695388888;14195388888;10240;10228
1367;13810882000;13487066666;13987066666;10240;10228
1368;13810891000;13487066666;13987066666;10240;10228
1369;13810913000;13487066666;13987066666;10240;10228
1428;13810969000;13695388888;14195388888;10240;10228
1429;13810988000;13695411111;14195411111;10240;10228
1327;13812501000;13320388888;13820388888;10240;10228
1328;13812680000;13320388888;13820388888;10240;10228
1329;13812691000;13320388888;13820388888;10240;10228
1330;13812882000;13320400000;13820400000;10240;10228
1331;13812896000;13320711111;13820711111;10240;10228
1335;13813080000;13362055555;13862055555;10240;10228
1337;13813090000;13362055555;13862055555;10240;10228
1338;13813301000;13362055555;13862055555;10240;10228
1339;13813499000;13362055555;13862055555;10240;10228
1342;13813511000;13362400000;13862400000;10240;10228
1343;13813704000;13362400000;13862400000;10240;10228
1344;13813715000;13362400000;13862400000;10240;10228
1345;13813908000;13403722222;13903722222;10240;10228
1346;13814156000;13403722222;13903722222;10240;10228
1347;13814164000;13403722222;13903722222;10240;10228
1348;13814353000;13403722222;13903722222;10240;10228
1349;13814357000;13403722222;13903722222;10240;10228
1351;13814557000;13403722222;13903722222;10240;10228
1352;13814561000;13403744444;13903744444;10240;10228
1353;13814757000;13404022222;13904022222;10240;10228
1355;13814762000;13404022222;13904022222;10240;10228
1356;13814929000;13445400000;13945400000;10240;10228
1357;13815179000;13445400000;13945400000;10240;10228
1430;13970621000;13695677777;14195677777;10240;10228
1432;13970646000;13695677777;14195677777;10240;10228
1433;13970655000;13737066666;14237066666;10240;10228
1434;13970663000;13737066666;14237066666;10240;10228
1437;13970704000;13737066666;14237066666;10240;10228
1438;13970724000;13737066666;14237066666;10240;10228
1439;13970748000;13737066666;14237066666;10240;10228
1440;13970759000;13737088888;14237088888;10240;10228
1441;13970777000;13737377777;14237377777;10240;10228
1443;13970788000;13737377777;14237377777;10240;10228
1444;13970800000;13778733333;14278733333;10240;10228
1445;13970833000;13778733333;14278733333;10240;10228
1358;13970843000;13445400000;13945400000;10240;10228
1446;13970875000;13778733333;14278733333;10240;10228
1447;13970886000;13778733333;14278733333;10240;10228
1448;13970894000;13778733333;14278733333;10240;10228
1449;13970915000;13778733333;14278733333;10240;10228
1450;13970925000;13778733333;14278733333;10240;10228
1451;13970937000;13778744444;14278744444;10240;10228
1452;13970948000;13779033333;14279033333;10240;10228
1453;13970983000;13779033333;14279033333;10240;10228
1454;13970992000;13779033333;14279033333;10240;10228
1455;13971031000;13820388888;14320388888;10240;10228
1456;13971040000;13820388888;14320388888;10240;10228
1457;13971130000;13820388888;14320388888;10240;10228
1458;13971141000;13820388888;14320388888;10240;10228
1461;13971194000;13820388888;14320388888;10240;10228
1462;13971233000;13820411111;14320411111;10240;10228
1463;13971265000;13820700000;14320700000;10240;10228
1464;13971306000;13820700000;14320700000;10240;10228
1465;13971338000;13820700000;14320700000;10240;10228
1466;13971393000;13862055555;14362055555;10240;10228
1467;13971429000;13862055555;14362055555;10240;10228
1468;13971439000;13862055555;14362055555;10240;10228
1469;13971487000;13862055555;14362055555;10240;10228
1470;13971508000;13862055555;14362055555;10240;10228
1471;13971544000;13862055555;14362055555;10240;10228
1472;13971597000;13862055555;14362055555;10240;10228
1364;13971730000;13445700000;13945700000;10240;10228
1365;13971738000;13445700000;13945700000;10240;10228
1366;13971840000;13445700000;13945700000;10240;10228
1367;13971848000;13487066666;13987066666;10240;10228
1426;13971950000;13695388888;14195388888;10240;10228
1368;13972026000;13487066666;13987066666;10240;10228
1369;13972241000;13487066666;13987066666;10240;10228
1370;13972256000;13487066666;13987066666;10240;10228
1371;13972440000;13487066666;13987066666;10240;10228
1372;13972455000;13487066666;13987066666;10240;10228
1373;13972636000;13487066666;13987066666;10240;10228
1374;13972646000;13487077777;13987077777;10240;10228
1375;13972839000;13487377777;13987377777;10240;10228
1376;13973029000;13487377777;13987377777;10240;10228
1377;13973038000;13487377777;13987377777;10240;10228
1378;13973235000;13528722222;14028722222;10240;10228
1379;13973245000;13528722222;14028722222;10240;10228
1380;13973463000;13528722222;14028722222;10240;10228
1382;13973478000;13528722222;14028722222;10240;10228
1383;13973660000;13528722222;14028722222;10240;10228
1384;13973884000;13528722222;14028722222;10240;10228
1385;13973895000;13528744444;14028744444;10240;10228
1386;13974112000;13529033333;14029033333;10240;10228
1387;13974127000;13529033333;14029033333;10240;10228
1388;13974309000;13529033333;14029033333;10240;10228
1389;13974326000;13570466666;14070466666;10240;10228
1390;13974517000;13570466666;14070466666;10240;10228
1391;13974521000;13570466666;14070466666;10240;10228
1392;13974716000;13570466666;14070466666;10240;10228
1393;13974922000;13570466666;14070466666;10240;10228
1394;13974928000;13570466666;14070466666;10240;10228
1395;13975147000;13570466666;14070466666;10240;10228
1396;13975156000;13570811111;14070811111;10240;10228
1398;13975331000;13571233333;14071233333;10240;10228
1475;14130942000;13862388888;14362388888;10240;10228
1476;14130959000;13862388888;14362388888;10240;10228
1477;14130979000;13903744444;14403744444;10240;10228
1478;14130990000;13903744444;14403744444;10240;10228
1479;14131006000;13903744444;14403744444;10240;10228
1481;14131029000;13903744444;14403744444;10240;10228
1483;14131039000;13903744444;14403744444;10240;10228
1484;14131083000;13903766666;14403766666;10240;10228
1485;14131111000;13904066666;14404066666;10240;10228
1486;14131145000;13904066666;14404066666;10240;10228
1487;14131154000;13904066666;14404066666;10240;10228
1488;14131166000;13945400000;14445400000;10240;10228
1489;14131189000;13945400000;14445400000;10240;10228
1490;14131199000;13945400000;14445400000;10240;10228
1491;14131208000;13945400000;14445400000;10240;10228
1492;14131240000;13945400000;14445400000;10240;10228
1493;14131263000;13945400000;14445400000;10240;10228
1494;14131284000;13945400000;14445400000;10240;10228
1495;14131292000;13945411111;14445411111;10240;10228
1496;14131317000;13945722222;14445722222;10240;10228
1399;14131357000;13571233333;14071233333;10240;10228
1497;14131375000;13945722222;14445722222;10240;10228
1431;14131391000;13695677777;14195677777;10240;10228
1498;14131402000;13945722222;14445722222;10240;10228
1499;14131425000;13987055555;14487055555;10240;10228
1500;14131448000;13987055555;14487055555;10240;10228
1435;14131477000;13737066666;14237066666;10240;10228
1436;14131486000;13737066666;14237066666;10240;10228
1501;14131501000;13987055555;14487055555;10240;10228
1502;14131532000;13987055555;14487055555;10240;10228
1503;14131564000;13987055555;14487055555;10240;10228
1504;14131594000;13987055555;14487055555;10240;10228
1442;14131614000;13737377777;14237377777;10240;10228
1400;14131651000;13612044444;14112044444;10240;10228
1506;14131669000;13987077777;14487077777;10240;10228
1508;14131767000;13987366666;14487366666;10240;10228
1510;14131825000;14028722222;14528722222;10240;10228
1511;14131839000;14028722222;14528722222;10240;10228
1512;14131846000;14028722222;14528722222;10240;10228
1513;14131881000;14028722222;14528722222;10240;10228
1403;14131910000;13612044444;14112044444;10240;10228
1404;14131940000;13612044444;14112044444;10240;10228
1514;14131972000;14028722222;14528722222;10240;10228
1515;14131994000;14028722222;14528722222;10240;10228
1516;14132007000;14028722222;14528722222;10240;10228
1517;14132019000;14028744444;14528744444;10240;10228
1405;14132107000;13612044444;14112044444;10240;10228
1406;14132116000;13612044444;14112044444;10240;10228
1459;14132171000;13820388888;14320388888;10240;10228
1460;14132195000;13820388888;14320388888;10240;10228
1407;14132297000;13612066666;14112066666;10240;10228
1409;14132306000;13612355555;14112355555;10240;10228
1410;14132401000;13612355555;14112355555;10240;10228
1411;14132413000;13653722222;14153722222;10240;10228
1412;14132464000;13653722222;14153722222;10240;10228
1413;14132573000;13653722222;14153722222;10240;10228
1414;14132589000;13653722222;14153722222;10240;10228
1415;14132769000;13653722222;14153722222;10240;10228
1416;14132778000;13653722222;14153722222;10240;10228
1420;14132971000;13654022222;14154022222;10240;10228
1421;14133184000;13654022222;14154022222;10240;10228
1422;14133200000;13695388888;14195388888;10240;10228
1423;14133389000;13695388888;14195388888;10240;10228
1424;14133406000;13695388888;14195388888;10240;10228
1425;14133586000;13695388888;14195388888;10240;10228
1426;14133597000;13695388888;14195388888;10240;10228
1428;14133790000;13695388888;14195388888;10240;10228
1429;14133800000;13695411111;14195411111;10240;10228
1430;14133995000;13695677777;14195677777;10240;10228
1431;14134208000;13695677777;14195677777;10240;10228
1432;14134225000;13695677777;14195677777;10240;10228
1433;14134406000;13737066666;14237066666;10240;10228
1434;14134418000;13737066666;14237066666;10240;10228
1435;14134608000;13737066666;14237066666;10240;10228
1518;14291203000;14029044444;14529044444;10240;10228
1519;14291214000;14029044444;14529044444;10240;10228
1520;14291222000;14029044444;14529044444;10240;10228
1521;14291246000;14070400000;14570400000;10240;10228
1522;14291255000;14070400000;14570400000;10240;10228
1523;14291267000;14070400000;14570400000;10240;10228
1524;14291289000;14070400000;14570400000;10240;10228
1525;14291299000;14070400000;14570400000;10240;10228
1526;14291314000;14070400000;14570400000;10240;10228
1527;14291326000;14070400000;14570400000;10240;10228
1528;14291343000;14070422222;14570422222;10240;10228
1529;14291354000;14070711111;14570711111;10240;10228
1531;14291379000;14070711111;14570711111;10240;10228
1532;14291413000;14112066666;14612066666;10240;10228
1533;14291422000;14112066666;14612066666;10240;10228
1534;14291442000;14112066666;14612066666;10240;10228
1537;14291454000;14112066666;14612066666;10240;10228
1538;14291467000;14112066666;14612066666;10240;10228
1539;14291487000;14112077777;14612077777;10240;10228
1540;14291500000;14112388888;14612388888;10240;10228
1541;14291514000;14112388888;14612388888;10240;10228
1542;14291543000;14112388888;14612388888;10240;10228
1543;14291553000;14153722222;14653722222;10240;10228
1473;14291598000;13862077777;14362077777;10240;10228
1474;14291624000;13862388888;14362388888;10240;10228
1544;14291643000;14153722222;14653722222;10240;10228
1545;14291673000;14153722222;14653722222;10240;10228
1546;14291690000;14153722222;14653722222;10240;10228
1547;14291740000;14153722222;14653722222;10240;10228
1548;14291748000;14153722222;14653722222;10240;10228
1480;14291761000;13903744444;14403744444;10240;10228
1549;14291787000;14153722222;14653722222;10240;10228
1550;14291900000;14153744444;14653744444;10240;10228
1551;14291910000;14154033333;14654033333;10240;10228
1552;14291938000;14154033333;14654033333;10240;10228
1482;14291979000;13903744444;14403744444;10240;10228
1553;14292024000;14154033333;14654033333;10240;10228
1554;14292053000;14195388888;14695388888;10240;10228
1555;14292166000;14195388888;14695388888;10240;10228
1556;14292176000;14195388888;14695388888;10240;10228
1557;14292212000;14195388888;14695388888;10240;10228
1558;14292268000;14195388888;14695388888;10240;10228
1559;14292276000;14195388888;14695388888;10240;10228
1560;14292296000;14195388888;14695388888;10240;10228
1561;14292350000;14195411111;14695411111;10240;10228
1505;14292534000;13987055555;14487055555;10240;10228
1507;14292559000;13987366666;14487366666;10240;10228
1509;14292585000;13987366666;14487366666;10240;10228
1458;14293639000;13820388888;14320388888;10240;10228
1459;14293645000;13820388888;14320388888;10240;10228
1461;14293893000;13820388888;14320388888;10240;10228
1462;14293913000;13820411111;14320411111;10240;10228
1463;14294076000;13820700000;14320700000;10240;10228
1465;14294100000;13820700000;14320700000;10240;10228
1466;14294305000;13862055555;14362055555;10240;10228
1467;14294324000;13862055555;14362055555;10240;10228
1468;14294502000;13862055555;14362055555;10240;10228
1469;14294707000;13862055555;14362055555;10240;10228
1470;14294730000;13862055555;14362055555;10240;10228
1471;14294906000;13862055555;14362055555;10240;10228
1472;14294925000;13862055555;14362055555;10240;10228
1473;14295114000;13862077777;14362077777;10240;10228
1474;14295132000;13862388888;14362388888;10240;10228
1475;14295323000;13862388888;14362388888;10240;10228
1476;14295343000;13862388888;14362388888;10240;10228
1477;14295509000;13903744444;14403744444;10240;10228
1478;14295713000;13903744444;14403744444;10240;10228
1479;14295736000;13903744444;14403744444;10240;10228
1562;14451509000;14195700000;14695700000;10240;10228
1563;14451533000;14195700000;14695700000;10240;10228
1564;14451554000;14195700000;14695700000;10240;10228
1565;14451563000;14237066666;14737066666;10240;10228
1566;14451599000;14237066666;14737066666;10240;10228
1567;14451608000;14237066666;14737066666;10240;10228
1568;14451625000;14237066666;14737066666;10240;10228
1569;14451636000;14237066666;14737066666;10240;10228
1570;14451657000;14237066666;14737066666;10240;10228
1571;14451665000;14237066666;14737066666;10240;10228
1572;14451677000;14237088888;14737088888;10240;10228
1573;14451708000;14237388888;14737388888;10240;10228
1574;14451730000;14237388888;14737388888;10240;10228
1575;14451743000;14237388888;14737388888;10240;10228
1576;14451762000;14278733333;14778733333;10240;10228
1578;14451774000;14278733333;14778733333;10240;10228
1579;14451803000;14278733333;14778733333;10240;10228
1580;14451812000;14278733333;14778733333;10240;10228
1581;14451825000;14278733333;14778733333;10240;10228
1582;14451839000;14278733333;14778733333;10240;10228
1583;14451861000;14278744444;14778744444;10240;10228
1584;14451876000;14279044444;14779044444;10240;10228
1585;14451906000;14279044444;14779044444;10240;10228
1586;14451930000;14279044444;14779044444;10240;10228
1587;14451941000;14320388888;14820388888;10240;10228
1588;14451972000;14320388888;14820388888;10240;10228
1589;14451992000;14320388888;14820388888;10240;10228
1590;14452019000;14320388888;14820388888;10240;10228
1591;14452038000;14320388888;14820388888;10240;10228
1592;14452098000;14320388888;14820388888;10240;10228
1593;14452134000;14320388888;14820388888;10240;10228
1594;14452170000;14320411111;14820411111;10240;10228
1595;14452192000;14320733333;14820733333;10240;10228
1596;14452218000;14320733333;14820733333;10240;10228
1597;14452240000;14320733333;14820733333;10240;10228
1530;14452280000;14070711111;14570711111;10240;10228
1598;14452291000;14362055555;14862055555;10240;10228
1599;14452338000;14362055555;14862055555;10240;10228
1601;14452372000;14362055555;14862055555;10240;10228
1535;14452393000;14112066666;14612066666;10240;10228
1536;14452404000;14112066666;14612066666;10240;10228
1602;14452427000;14362055555;14862055555;10240;10228
1603;14452475000;14362055555;14862055555;10240;10228
1604;14452506000;14362055555;14862055555;10240;10228
1605;14452568000;14362077777;14862077777;10240;10228
1504;14454175000;13987055555;14487055555;10240;10228
1505;14454189000;13987055555;14487055555;10240;10228
1506;14454368000;13987077777;14487077777;10240;10228
1507;14454379000;13987366666;14487366666;10240;10228
1509;14454572000;13987366666;14487366666;10240;10228
1510;14454778000;14028722222;14528722222;10240;10228
1511;14454787000;14028722222;14528722222;10240;10228
1512;14454967000;14028722222;14528722222;10240;10228
1513;14454976000;14028722222;14528722222;10240;10228
1514;14455226000;14028722222;14528722222;10240;10228
1515;14455235000;14028722222;14528722222;10240;10228
1516;14455427000;14028722222;14528722222;10240;10228
1518;14455630000;14029044444;14529044444;10240;10228
1519;14455636000;14029044444;14529044444;10240;10228
1520;14455832000;14029044444;14529044444;10240;10228
1521;14455838000;14070400000;14570400000;10240;10228
1522;14456003000;14070400000;14570400000;10240;10228
1523;14456244000;14070400000;14570400000;10240;10228
1524;14456249000;14070400000;14570400000;10240;10228
1525;14456442000;14070400000;14570400000;10240;10228
1526;14456447000;14070400000;14570400000;10240;10228
1527;14456654000;14070400000;14570400000;10240;10228
1528;14456660000;14070422222;14570422222;10240;10228
1606;14611927000;14362411111;14862411111;10240;10228
1607;14611943000;14362411111;14862411111;10240;10228
1608;14611951000;14362411111;14862411111;10240;10228
1609;14611965000;14403733333;14903733333;10240;10228
1610;14611982000;14403733333;14903733333;10240;10228
1611;14611992000;14403733333;14903733333;10240;10228
1612;14612012000;14403733333;14903733333;10240;10228
1613;14612025000;14403733333;14903733333;10240;10228
1614;14612032000;14403733333;14903733333;10240;10228
1615;14612102000;14403733333;14903733333;10240;10228
1616;14612130000;14403755555;14903755555;10240;10228
1617;14612139000;14404044444;14904044444;10240;10228
1618;14612154000;14404044444;14904044444;10240;10228
1619;14612162000;14404044444;14904044444;10240;10228
1620;14612180000;14445400000;14945400000;10240;10228
1529;14612188000;14070711111;14570711111;10240;10228
1622;14612202000;14445400000;14945400000;10240;10228
1623;14612230000;14445400000;14945400000;10240;10228
1624;14612239000;14445400000;14945400000;10240;10228
1625;14612263000;14445400000;14945400000;10240;10228
1626;14612302000;14445400000;14945400000;10240;10228
1530;14612309000;14070711111;14570711111;10240;10228
1627;14612374000;14445411111;14945411111;10240;10228
1628;14612388000;14445711111;14945711111;10240;10228
1629;14612412000;14445711111;14945711111;10240;10228
1630;14612428000;14445711111;14945711111;10240;10228
1631;14612448000;14487055555;14987055555;10240;10228
1632;14612483000;14487055555;14987055555;10240;10228
1633;14612503000;14487055555;14987055555;10240;10228
1634;14612523000;14487055555;14987055555;10240;10228
1635;14612530000;14487055555;14987055555;10240;10228
1636;14612542000;14487055555;14987055555;10240;10228
1637;14612555000;14487055555;14987055555;10240;10228
1639;14612569000;14487411111;14987411111;10240;10228
1640;14612581000;14487411111;14987411111;10240;10228
1641;14612595000;14487411111;14987411111;10240;10228
1577;14612608000;14278733333;14778733333;10240;10228
1642;14612621000;14528733333;15028733333;10240;10228
1643;14612636000;14528733333;15028733333;10240;10228
1644;14612648000;14528733333;15028733333;10240;10228
1645;14612682000;14528733333;15028733333;10240;10228
1646;14612699000;14528733333;15028733333;10240;10228
1647;14612721000;14528733333;15028733333;10240;10228
1648;14612743000;14528733333;15028733333;10240;10228
1649;14612752000;14528755555;15028755555;10240;10228
1600;14613000000;14362055555;14862055555;10240;10228
1541;14613487000;14112388888;14612388888;10240;10228
1542;14613495000;14112388888;14612388888;10240;10228
1543;14613705000;14153722222;14653722222;10240;10228
1544;14613722000;14153722222;14653722222;10240;10228
1545;14613944000;14153722222;14653722222;10240;10228
1546;14613950000;14153722222;14653722222;10240;10228
1547;14614172000;14153722222;14653722222;10240;10228
1549;14614355000;14153722222;14653722222;10240;10228
1550;14614360000;14153744444;14653744444;10240;10228
1551;14614561000;14154033333;14654033333;10240;10228
1552;14614566000;14154033333;14654033333;10240;10228
1553;14614765000;14154033333;14654033333;10240;10228
1554;14614769000;14195388888;14695388888;10240;10228
1555;14614932000;14195388888;14695388888;10240;10228
1556;14615172000;14195388888;14695388888;10240;10228
1557;14615178000;14195388888;14695388888;10240;10228
1558;14615371000;14195388888;14695388888;10240;10228
1559;14615376000;14195388888;14695388888;10240;10228
1560;14615578000;14195388888;14695388888;10240;10228
1561;14615583000;14195411111;14695411111;10240;10228
1562;14615788000;14195700000;14695700000;10240;10228
1563;14615793000;14195700000;14695700000;10240;10228
1564;14615957000;14195700000;14695700000;10240;10228
1565;14616193000;14237066666;14737066666;10240;10228
1568;14616200000;14237066666;14737066666;10240;10228
1569;14616399000;14237066666;14737066666;10240;10228
1570;14616405000;14237066666;14737066666;10240;10228
1571;14616604000;14237066666;14737066666;10240;10228
1572;14616609000;14237088888;14737088888;10240;10228
1650;14772233000;14529066666;15029066666;10240;10228
1651;14772258000;14529066666;15029066666;10240;10228
1653;14772268000;14570400000;15070400000;10240;10228
1654;14772276000;14570400000;15070400000;10240;10228
1655;14772306000;14570400000;15070400000;10240;10228
1656;14772316000;14570400000;15070400000;10240;10228
1657;14772323000;14570400000;15070400000;10240;10228
1658;14772334000;14570400000;15070400000;10240;10228
1659;14772361000;14570400000;15070400000;10240;10228
1660;14772371000;14570422222;15070422222;10240;10228
1661;14772389000;14570722222;15070722222;10240;10228
1662;14772423000;14570722222;15070722222;10240;10228
1663;14772432000;14570722222;15070722222;10240;10228
1664;14772453000;14612066666;15112066666;10240;10228
1665;14772463000;14612066666;15112066666;10240;10228
1666;14772480000;14612066666;15112066666;10240;10228
1667;14772509000;14612066666;15112066666;10240;10228
1668;14772519000;14612066666;15112066666;10240;10228
1576;14772555000;14278733333;14778733333;10240;10228
1669;14772565000;14612066666;15112066666;10240;10228
1670;14772578000;14612066666;15112066666;10240;10228
1671;14772612000;14612088888;15112088888;10240;10228
1672;14772654000;14612433333;15112433333;10240;10228
1673;14772663000;14612433333;15112433333;10240;10228
1674;14772677000;14612433333;15112433333;10240;10228
1675;14772699000;14653722222;15153722222;10240;10228
1676;14772708000;14653722222;15153722222;10240;10228
1677;14772729000;14653722222;15153722222;10240;10228
1678;14772753000;14653722222;15153722222;10240;10228
1680;14772761000;14653722222;15153722222;10240;10228
1681;14772782000;14653722222;15153722222;10240;10228
1577;14772804000;14278733333;14778733333;10240;10228
1621;14772866000;14445400000;14945400000;10240;10228
1578;14772907000;14278733333;14778733333;10240;10228
1579;14772917000;14278733333;14778733333;10240;10228
1580;14773030000;14278733333;14778733333;10240;10228
1581;14773067000;14278733333;14778733333;10240;10228
1638;14773102000;14487077777;14987077777;10240;10228
1583;14773233000;14278744444;14778744444;10240;10228
1584;14773249000;14279044444;14779044444;10240;10228
1585;14773434000;14279044444;14779044444;10240;10228
1587;14773452000;14320388888;14820388888;10240;10228
1588;14773632000;14320388888;14820388888;10240;10228
1589;14773837000;14320388888;14820388888;10240;10228
1590;14773846000;14320388888;14820388888;10240;10228
1592;14774028000;14320388888;14820388888;10240;10228
1593;14774034000;14320388888;14820388888;10240;10228
1594;14774256000;14320411111;14820411111;10240;10228
1595;14774270000;14320733333;14820733333;10240;10228
1596;14774452000;14320733333;14820733333;10240;10228
1597;14774656000;14320733333;14820733333;10240;10228
1598;14774666000;14362055555;14862055555;10240;10228
1600;14774861000;14362055555;14862055555;10240;10228
1601;14774870000;14362055555;14862055555;10240;10228
1602;14775066000;14362055555;14862055555;10240;10228
1603;14775279000;14362055555;14862055555;10240;10228
1604;14775296000;14362055555;14862055555;10240;10228
1605;14775325000;14362077777;14862077777;10240;10228
1606;14775477000;14362411111;14862411111;10240;10228
1607;14775680000;14362411111;14862411111;10240;10228
1608;14775692000;14362411111;14862411111;10240;10228
1609;14775885000;14403733333;14903733333;10240;10228
1610;14775896000;14403733333;14903733333;10240;10228
1611;14776143000;14403733333;14903733333;10240;10228
1613;14776162000;14403733333;14903733333;10240;10228
1614;14776330000;14403733333;14903733333;10240;10228
1615;14776531000;14403733333;14903733333;10240;10228
1616;14776537000;14403755555;14903755555;10240;10228
1617;14776736000;14404044444;14904044444;10240;10228
1683;14932572000;14654033333;15154033333;10240;10228
1684;14932586000;14654033333;15154033333;10240;10228
1687;14932596000;14695422222;15195422222;10240;10228
1688;14932603000;14695422222;15195422222;10240;10228
1689;14932622000;14695422222;15195422222;10240;10228
1691;14932641000;14695422222;15195422222;10240;10228
1692;14932650000;14695422222;15195422222;10240;10228
1693;14932663000;14695433333;15195433333;10240;10228
1694;14932694000;14695777777;15195777777;10240;10228
1695;14932705000;14695777777;15195777777;10240;10228
1696;14932716000;14695777777;15195777777;10240;10228
1697;14932752000;14737066666;15237066666;10240;10228
1698;14932761000;14737066666;15237066666;10240;10228
1699;14932782000;14737066666;15237066666;10240;10228
1700;14932804000;14737066666;15237066666;10240;10228
1701;14932814000;14737066666;15237066666;10240;10228
1702;14932825000;14737066666;15237066666;10240;10228
1620;14932850000;14445400000;14945400000;10240;10228
1703;14932858000;14737066666;15237066666;10240;10228
1704;14932870000;14737088888;15237088888;10240;10228
1705;14932892000;14737388888;15237388888;10240;10228
1652;14932905000;14529066666;15029066666;10240;10228
1707;14932931000;14737388888;15237388888;10240;10228
1708;14933028000;14778722222;15278722222;10240;10228
1709;14933053000;14778722222;15278722222;10240;10228
1710;14933097000;14778722222;15278722222;10240;10228
1711;14933125000;14778722222;15278722222;10240;10228
1713;14933134000;14778722222;15278722222;10240;10228
1714;14933176000;14778722222;15278722222;10240;10228
1621;14933194000;14445400000;14945400000;10240;10228
1622;14933223000;14445400000;14945400000;10240;10228
1715;14933232000;14778744444;15278744444;10240;10228
1716;14933245000;14779044444;15279044444;10240;10228
1717;14933273000;14779044444;15279044444;10240;10228
1718;14933282000;14779044444;15279044444;10240;10228
1719;14933297000;14820388888;15320388888;10240;10228
1721;14933336000;14820388888;15320388888;10240;10228
1722;14933347000;14820388888;15320388888;10240;10228
1723;14933364000;14820388888;15320388888;10240;10228
1623;14933410000;14445400000;14945400000;10240;10228
1724;14933418000;14820388888;15320388888;10240;10228
1725;14933433000;14820388888;15320388888;10240;10228
1726;14933444000;14820411111;15320411111;10240;10228
1624;14933484000;14445400000;14945400000;10240;10228
1625;14933496000;14445400000;14945400000;10240;10228
1626;14933596000;14445400000;14945400000;10240;10228
1628;14933613000;14445711111;14945711111;10240;10228
1629;14933789000;14445711111;14945711111;10240;10228
1630;14933994000;14445711111;14945711111;10240;10228
1632;14934014000;14487055555;14987055555;10240;10228
1633;14934245000;14487055555;14987055555;10240;10228
1634;14934270000;14487055555;14987055555;10240;10228
1635;14934449000;14487055555;14987055555;10240;10228
1636;14934483000;14487055555;14987055555;10240;10228
1637;14934653000;14487055555;14987055555;10240;10228
1638;14934687000;14487077777;14987077777;10240;10228
1639;14934854000;14487411111;14987411111;10240;10228
1640;14935025000;14487411111;14987411111;10240;10228
1641;14935072000;14487411111;14987411111;10240;10228
1642;14935257000;14528733333;15028733333;10240;10228
1643;14935285000;14528733333;15028733333;10240;10228
1644;14935467000;14528733333;15028733333;10240;10228
1646;14935651000;14528733333;15028733333;10240;10228
1647;14935663000;14528733333;15028733333;10240;10228
1648;14935871000;14528733333;15028733333;10240;10228
1649;14935901000;14528755555;15028755555;10240;10228
1727;15092864000;14820711111;15320711111;10240;10228
1728;15092912000;14820711111;15320711111;10240;10228
1729;15092925000;14820711111;15320711111;10240;10228
1730;15092935000;14862066666;15362066666;10240;10228
1731;15092942000;14862066666;15362066666;10240;10228
1733;15092962000;14862066666;15362066666;10240;10228
1734;15092981000;14862066666;15362066666;10240;10228
1735;15093017000;14862066666;15362066666;10240;10228
1736;15093036000;14862066666;15362066666;10240;10228
1737;15093078000;14862088888;15362088888;10240;10228
1738;15093098000;14862400000;15362400000;10240;10228
1739;15093124000;14862400000;15362400000;10240;10228
1740;15093134000;14862400000;15362400000;10240;10228
1741;15093141000;14903733333;15403733333;10240;10228
1742;15093168000;14903733333;15403733333;10240;10228
1743;15093177000;14903733333;15403733333;10240;10228
1744;15093184000;14903733333;15403733333;10240;10228
1679;15093218000;14653722222;15153722222;10240;10228
1745;15093240000;14903733333;15403733333;10240;10228
1746;15093261000;14903733333;15403733333;10240;10228
1747;15093270000;14903733333;15403733333;10240;10228
1748;15093284000;14903744444;15403744444;10240;10228
1749;15093316000;14904044444;15404044444;10240;10228
1750;15093327000;14904044444;15404044444;10240;10228
1682;15093334000;14653744444;15153744444;10240;10228
1751;15093357000;14904044444;15404044444;10240;10228
1752;15093365000;14945388888;15445388888;10240;10228
1685;15093389000;14654033333;15154033333;10240;10228
1753;15093417000;14945388888;15445388888;10240;10228
1754;15093431000;14945388888;15445388888;10240;10228
1755;15093461000;14945388888;15445388888;10240;10228
1756;15093483000;14945388888;15445388888;10240;10228
1690;15093491000;14695422222;15195422222;10240;10228
1757;15093512000;14945388888;15445388888;10240;10228
1760;15093561000;14945711111;15445711111;10240;10228
1761;15093587000;14945711111;15445711111;10240;10228
1762;15093627000;14945711111;15445711111;10240;10228
1763;15093657000;14987055555;15487055555;10240;10228
1686;15093690000;14695422222;15195422222;10240;10228
1764;15093698000;14987055555;15487055555;10240;10228
1766;15093728000;14987055555;15487055555;10240;10228
1706;15093788000;14737388888;15237388888;10240;10228
1769;15093842000;14987055555;15487055555;10240;10228
1770;15093913000;14987077777;15487077777;10240;10228
1712;15093977000;14778722222;15278722222;10240;10228
1720;15094180000;14820388888;15320388888;10240;10228
1678;15095888000;14653722222;15153722222;10240;10228
1679;15096075000;14653722222;15153722222;10240;10228
1680;15096092000;14653722222;15153722222;10240;10228
1681;15096337000;14653722222;15153722222;10240;10228
1682;15096345000;14653744444;15153744444;10240;10228
1683;15096528000;14654033333;15154033333;10240;10228
1684;15096533000;14654033333;15154033333;10240;10228
1685;15096742000;14654033333;15154033333;10240;10228
1686;15096746000;14695422222;15195422222;10240;10228
1687;15096942000;14695422222;15195422222;10240;10228
1688;15097174000;14695422222;15195422222;10240;10228
1771;15253150000;14987377777;15487377777;10240;10228
1772;15253183000;14987377777;15487377777;10240;10228
1773;15253193000;14987377777;15487377777;10240;10228
1774;15253206000;15028722222;15528722222;10240;10228
1775;15253232000;15028722222;15528722222;10240;10228
1776;15253242000;15028722222;15528722222;10240;10228
1778;15253249000;15028722222;15528722222;10240;10228
1780;15253274000;15028722222;15528722222;10240;10228
1781;15253283000;15028733333;15528733333;10240;10228
1782;15253294000;15029011111;15529011111;10240;10228
1783;15253307000;15029011111;15529011111;10240;10228
1784;15253341000;15029011111;15529011111;10240;10228
1785;15253351000;15070400000;15570400000;10240;10228
1786;15253372000;15070400000;15570400000;10240;10228
1787;15253382000;15070400000;15570400000;10240;10228
1788;15253397000;15070400000;15570400000;10240;10228
1789;15253408000;15070400000;15570400000;10240;10228
1790;15253429000;15070400000;15570400000;10240;10228
1791;15253451000;15070400000;15570400000;10240;10228
1793;15253470000;15070711111;15570711111;10240;10228
1794;15253512000;15070711111;15570711111;10240;10228
1795;15253521000;15070711111;15570711111;10240;10228
1796;15253528000;15112055555;15612055555;10240;10228
1797;15253560000;15112055555;15612055555;10240;10228
1799;15253603000;15112055555;15612055555;10240;10228
1800;15253635000;15112055555;15612055555;10240;10228
1732;15253654000;14862066666;15362066666;10240;10228
1801;15253697000;15112055555;15612055555;10240;10228
1802;15253711000;15112055555;15612055555;10240;10228
1803;15253796000;15112077777;15612077777;10240;10228
1805;15253837000;15112411111;15612411111;10240;10228
1806;15253858000;15112411111;15612411111;10240;10228
1807;15253891000;15153722222;15653722222;10240;10228
1808;15253916000;15153722222;15653722222;10240;10228
1809;15253948000;15153722222;15653722222;10240;10228
1810;15253985000;15153722222;15653722222;10240;10228
1811;15254007000;15153722222;15653722222;10240;10228
1812;15254033000;15153722222;15653722222;10240;10228
1813;15254124000;15153722222;15653722222;10240;10228
1759;15254256000;14945411111;15445411111;10240;10228
1758;15254361000;14945388888;15445388888;10240;10228
1765;15254449000;14987055555;15487055555;10240;10228
1705;15254997000;14737388888;15237388888;10240;10228
1706;15255003000;14737388888;15237388888;10240;10228
1707;15255206000;14737388888;15237388888;10240;10228
1708;15255231000;14778722222;15278722222;10240;10228
1710;15255401000;14778722222;15278722222;10240;10228
1711;15255608000;14778722222;15278722222;10240;10228
1712;15255625000;14778722222;15278722222;10240;10228
1714;15255813000;14778722222;15278722222;10240;10228
1715;15255830000;14778744444;15278744444;10240;10228
1716;15256003000;14779044444;15279044444;10240;10228
1717;15256022000;14779044444;15279044444;10240;10228
1718;15256248000;14779044444;15279044444;10240;10228
1719;15256271000;14820388888;15320388888;10240;10228
1720;15256461000;14820388888;15320388888;10240;10228
1721;15256646000;14820388888;15320388888;10240;10228
1722;15256669000;14820388888;15320388888;10240;10228
1723;15256850000;14820388888;15320388888;10240;10228
1724;15256869000;14820388888;15320388888;10240;10228
1725;15257040000;14820388888;15320388888;10240;10228
1726;15257068000;14820411111;15320411111;10240;10228
1729;15257278000;14820711111;15320711111;10240;10228
1730;15257299000;14862066666;15362066666;10240;10228
1731;15257464000;14862066666;15362066666;10240;10228
1732;15257687000;14862066666;15362066666;10240;10228
1733;15257709000;14862066666;15362066666;10240;10228
1734;15257873000;14862066666;15362066666;10240;10228
1767;15413414000;14987055555;15487055555;10240;10228
1768;15413442000;14987055555;15487055555;10240;10228
1815;15413460000;15154055555;15654055555;10240;10228
1816;15413516000;15154055555;15654055555;10240;10228
1817;15413544000;15154055555;15654055555;10240;10228
1818;15413554000;15195400000;15695400000;10240;10228
1819;15413569000;15195400000;15695400000;10240;10228
1820;15413602000;15195400000;15695400000;10240;10228
1821;15413614000;15195400000;15695400000;10240;10228
1822;15413644000;15195400000;15695400000;10240;10228
1823;15413652000;15195400000;15695400000;10240;10228
1824;15413669000;15195400000;15695400000;10240;10228
1825;15413686000;15195422222;15695422222;10240;10228
1826;15413699000;15195711111;15695711111;10240;10228
1827;15413722000;15195711111;15695711111;10240;10228
1828;15413753000;15195711111;15695711111;10240;10228
1829;15413762000;15237066666;15737066666;10240;10228
1831;15413781000;15237066666;15737066666;10240;10228
1832;15413806000;15237066666;15737066666;10240;10228
1833;15413845000;15237066666;15737066666;10240;10228
1834;15413855000;15237066666;15737066666;10240;10228
1835;15413867000;15237066666;15737066666;10240;10228
1836;15413890000;15237077777;15737077777;10240;10228
1837;15413899000;15237388888;15737388888;10240;10228
1840;15413954000;15278722222;15778722222;10240;10228
1841;15413963000;15278722222;15778722222;10240;10228
1842;15414000000;15278722222;15778722222;10240;10228
1777;15414107000;15028722222;15528722222;10240;10228
1845;15414134000;15278722222;15778722222;10240;10228
1779;15414256000;15028722222;15528722222;10240;10228
1846;15414292000;15278722222;15778722222;10240;10228
1847;15414308000;15278744444;15778744444;10240;10228
1848;15414354000;15279011111;15779011111;10240;10228
1849;15414364000;15279011111;15779011111;10240;10228
1850;15414448000;15279011111;15779011111;10240;10228
1851;15414458000;15320388888;15820388888;10240;10228
1852;15414494000;15320388888;15820388888;10240;10228
1853;15414541000;15320388888;15820388888;10240;10228
1854;15414550000;15320388888;15820388888;10240;10228
1855;15414558000;15320388888;15820388888;10240;10228
1792;15414651000;15070411111;15570411111;10240;10228
1856;15414675000;15320388888;15820388888;10240;10228
1857;15414713000;15320388888;15820388888;10240;10228
1858;15414790000;15320411111;15820411111;10240;10228
1798;15414875000;15112055555;15612055555;10240;10228
1804;15415069000;15112411111;15612411111;10240;10228
1757;15416283000;14945388888;15445388888;10240;10228
1759;15416305000;14945411111;15445411111;10240;10228
1760;15416479000;14945711111;15445711111;10240;10228
1761;15416497000;14945711111;15445711111;10240;10228
1762;15416682000;14945711111;15445711111;10240;10228
1763;15416887000;14987055555;15487055555;10240;10228
1764;15416908000;14987055555;15487055555;10240;10228
1765;15417117000;14987055555;15487055555;10240;10228
1766;15417154000;14987055555;15487055555;10240;10228
1767;15417296000;14987055555;15487055555;10240;10228
1768;15417502000;14987055555;15487055555;10240;10228
1769;15417520000;14987055555;15487055555;10240;10228
1770;15417706000;14987077777;15487077777;10240;10228
1771;15417725000;14987377777;15487377777;10240;10228
1772;15417910000;14987377777;15487377777;10240;10228
1773;15417931000;14987377777;15487377777;10240;10228
1774;15418146000;15028722222;15528722222;10240;10228
1775;15418192000;15028722222;15528722222;10240;10228
1776;15418354000;15028722222;15528722222;10240;10228
1859;15573716000;15320688888;15820688888;10240;10228
1861;15573745000;15320688888;15820688888;10240;10228
1862;15573768000;15362066666;15862066666;10240;10228
1863;15573779000;15362066666;15862066666;10240;10228
1864;15573813000;15362066666;15862066666;10240;10228
1866;15573823000;15362066666;15862066666;10240;10228
1867;15573836000;15362066666;15862066666;10240;10228
1868;15573862000;15362066666;15862066666;10240;10228
1869;15573871000;15362088888;15862088888;10240;10228
1870;15573883000;15362377777;15862377777;10240;10228
1871;15573917000;15362377777;15862377777;10240;10228
1873;15573926000;15403733333;15903733333;10240;10228
1874;15573934000;15403733333;15903733333;10240;10228
1875;15573958000;15403733333;15903733333;10240;10228
1876;15573967000;15403733333;15903733333;10240;10228
1877;15573974000;15403733333;15903733333;10240;10228
1878;15573999000;15403733333;15903733333;10240;10228
1879;15574008000;15403733333;15903733333;10240;10228
1880;15574021000;15403744444;15903744444;10240;10228
1881;15574078000;15404011111;15904011111;10240;10228
1882;15574117000;15404011111;15904011111;10240;10228
1883;15574130000;15404011111;15904011111;10240;10228
1884;15574159000;15445388888;15945388888;10240;10228
1814;15574168000;15153744444;15653744444;10240;10228
1885;15574184000;15445388888;15945388888;10240;10228
1886;15574210000;15445388888;15945388888;10240;10228
1887;15574219000;15445388888;15945388888;10240;10228
1888;15574247000;15445388888;15945388888;10240;10228
1889;15574268000;15445388888;15945388888;10240;10228
1890;15574289000;15445388888;15945388888;10240;10228
1891;15574339000;15445400000;15945400000;10240;10228
1892;15574374000;15445688888;15945688888;10240;10228
1894;15574399000;15445688888;15945688888;10240;10228
1895;15574424000;15487066666;15987066666;10240;10228
1830;15574449000;15237066666;15737066666;10240;10228
1896;15574459000;15487066666;15987066666;10240;10228
1897;15574480000;15487066666;15987066666;10240;10228
1898;15574489000;15487066666;15987066666;10240;10228
1899;15574566000;15487066666;15987066666;10240;10228
1900;15574586000;15487066666;15987066666;10240;10228
1902;15574626000;15487077777;15987077777;10240;10228
1838;15574645000;15237388888;15737388888;10240;10228
1839;15574688000;15237388888;15737388888;10240;10228
1843;15574792000;15278722222;15778722222;10240;10228
1844;15574819000;15278722222;15778722222;10240;10228
1797;15576179000;15112055555;15612055555;10240;10228
1798;15576194000;15112055555;15612055555;10240;10228
1799;15576373000;15112055555;15612055555;10240;10228
1800;15576384000;15112055555;15612055555;10240;10228
1801;15576577000;15112055555;15612055555;10240;10228
1802;15576590000;15112055555;15612055555;10240;10228
1803;15576782000;15112077777;15612077777;10240;10228
1804;15576793000;15112411111;15612411111;10240;10228
1805;15576971000;15112411111;15612411111;10240;10228
1806;15577201000;15112411111;15612411111;10240;10228
1807;15577220000;15153722222;15653722222;10240;10228
1808;15577397000;15153722222;15653722222;10240;10228
1809;15577408000;15153722222;15653722222;10240;10228
1810;15577602000;15153722222;15653722222;10240;10228
1811;15577807000;15153722222;15653722222;10240;10228
1812;15577817000;15153722222;15653722222;10240;10228
1813;15577996000;15153722222;15653722222;10240;10228
1814;15578001000;15153744444;15653744444;10240;10228
1815;15578251000;15154055555;15654055555;10240;10228
1816;15578256000;15154055555;15654055555;10240;10228
1817;15578450000;15154055555;15654055555;10240;10228
1818;15578455000;15195400000;15695400000;10240;10228
1819;15578659000;15195400000;15695400000;10240;10228
1822;15578665000;15195400000;15695400000;10240;10228
1903;15734099000;15487388888;15987388888;10240;10228
1904;15734115000;15487388888;15987388888;10240;10228
1905;15734123000;15487388888;15987388888;10240;10228
1906;15734142000;15528744444;16028744444;10240;10228
1907;15734161000;15528744444;16028744444;10240;10228
1908;15734173000;15528744444;16028744444;10240;10228
1909;15734180000;15528744444;16028744444;10240;10228
1911;15734202000;15528744444;16028744444;10240;10228
1913;15734225000;15528755555;16028755555;10240;10228
1914;15734233000;15529033333;16029033333;10240;10228
1915;15734263000;15529033333;16029033333;10240;10228
1916;15734272000;15529033333;16029033333;10240;10228
1917;15734289000;15570400000;16070400000;10240;10228
1918;15734310000;15570400000;16070400000;10240;10228
1919;15734320000;15570400000;16070400000;10240;10228
1921;15734355000;15570400000;16070400000;10240;10228
1860;15734384000;15320688888;15820688888;10240;10228
1922;15734409000;15570400000;16070400000;10240;10228
1923;15734453000;15570400000;16070400000;10240;10228
1924;15734519000;15570411111;16070411111;10240;10228
1925;15734572000;15570700000;16070700000;10240;10228
1926;15734581000;15570700000;16070700000;10240;10228
1928;15734600000;15612055555;16112055555;10240;10228
1929;15734670000;15612055555;16112055555;10240;10228
1865;15734704000;15362066666;15862066666;10240;10228
1872;15734730000;15362377777;15862377777;10240;10228
1930;15734750000;15612055555;16112055555;10240;10228
1931;15734801000;15612055555;16112055555;10240;10228
1932;15734871000;15612055555;16112055555;10240;10228
1933;15734913000;15612055555;16112055555;10240;10228
1934;15734933000;15612055555;16112055555;10240;10228
1935;15734987000;15612077777;16112077777;10240;10228
1936;15735019000;15612366666;16112366666;10240;10228
1938;15735093000;15612366666;16112366666;10240;10228
1939;15735111000;15653722222;16153722222;10240;10228
1940;15735140000;15653722222;16153722222;10240;10228
1941;15735175000;15653722222;16153722222;10240;10228
1942;15735223000;15653722222;16153722222;10240;10228
1943;15735278000;15653722222;16153722222;10240;10228
1944;15735304000;15653722222;16153722222;10240;10228
1829;15735360000;15237066666;15737066666;10240;10228
1830;15735368000;15237066666;15737066666;10240;10228
1945;15735391000;15653722222;16153722222;10240;10228
1946;15735411000;15653744444;16153744444;10240;10228
1893;15735486000;15445688888;15945688888;10240;10228
1831;15735582000;15237066666;15737066666;10240;10228
1832;15735592000;15237066666;15737066666;10240;10228
1833;15735620000;15237066666;15737066666;10240;10228
1834;15735728000;15237066666;15737066666;10240;10228
1835;15735809000;15237066666;15737066666;10240;10228
1836;15735850000;15237077777;15737077777;10240;10228
1837;15735893000;15237388888;15737388888;10240;10228
1838;15736067000;15237388888;15737388888;10240;10228
1839;15736088000;15237388888;15737388888;10240;10228
1840;15736312000;15278722222;15778722222;10240;10228
1841;15736520000;15278722222;15778722222;10240;10228
1842;15736529000;15278722222;15778722222;10240;10228
1843;15736729000;15278722222;15778722222;10240;10228
1844;15736750000;15278722222;15778722222;10240;10228
1845;15736928000;15278722222;15778722222;10240;10228
1846;15736947000;15278722222;15778722222;10240;10228
1847;15737135000;15278744444;15778744444;10240;10228
1848;15737144000;15279011111;15779011111;10240;10228
1849;15737325000;15279011111;15779011111;10240;10228
1850;15737550000;15279011111;15779011111;10240;10228
1851;15737570000;15320388888;15820388888;10240;10228
1852;15737748000;15320388888;15820388888;10240;10228
1853;15737768000;15320388888;15820388888;10240;10228
1854;15737960000;15320388888;15820388888;10240;10228
1855;15737978000;15320388888;15820388888;10240;10228
1856;15738154000;15320388888;15820388888;10240;10228
1947;15894394000;15654044444;16154044444;10240;10228
1948;15894440000;15654044444;16154044444;10240;10228
1949;15894460000;15654044444;16154044444;10240;10228
1950;15894478000;15695400000;16195400000;10240;10228
1951;15894500000;15695400000;16195400000;10240;10228
1952;15894511000;15695400000;16195400000;10240;10228
1953;15894535000;15695400000;16195400000;10240;10228
1954;15894566000;15695400000;16195400000;10240;10228
1955;15894576000;15695400000;16195400000;10240;10228
1957;15894591000;15695411111;16195411111;10240;10228
1959;15894616000;15695666666;16195666666;10240;10228
1960;15894625000;15695666666;16195666666;10240;10228
1961;15894637000;15737055555;16237055555;10240;10228
1962;15894664000;15737055555;16237055555;10240;10228
1963;15894673000;15737055555;16237055555;10240;10228
1901;15894733000;15487066666;15987066666;10240;10228
1964;15894742000;15737055555;16237055555;10240;10228
1965;15894765000;15737055555;16237055555;10240;10228
1966;15894773000;15737055555;16237055555;10240;10228
1967;15894797000;15737055555;16237055555;10240;10228
1968;15894817000;15737077777;16237077777;10240;10228
1970;15894827000;15737377777;16237377777;10240;10228
1971;15894840000;15737377777;16237377777;10240;10228
1972;15894862000;15778722222;16278722222;10240;10228
1973;15894905000;15778722222;16278722222;10240;10228
1974;15894938000;15778722222;16278722222;10240;10228
1975;15894949000;15778722222;16278722222;10240;10228
1976;15894988000;15778722222;16278722222;10240;10228
1977;15894996000;15778722222;16278722222;10240;10228
1910;15895010000;15528744444;16028744444;10240;10228
1912;15895105000;15528744444;16028744444;10240;10228
1979;15895130000;15778744444;16278744444;10240;10228
1920;15895217000;15570400000;16070400000;10240;10228
1927;15895330000;15570700000;16070700000;10240;10228
1937;15895655000;15612366666;16112366666;10240;10228
1872;15896178000;15362377777;15862377777;10240;10228
1873;15896366000;15403733333;15903733333;10240;10228
1874;15896380000;15403733333;15903733333;10240;10228
1875;15896561000;15403733333;15903733333;10240;10228
1876;15896765000;15403733333;15903733333;10240;10228
1877;15896775000;15403733333;15903733333;10240;10228
1878;15896970000;15403733333;15903733333;10240;10228
1879;15896980000;15403733333;15903733333;10240;10228
1880;15897182000;15403744444;15903744444;10240;10228
1881;15897198000;15404011111;15904011111;10240;10228
1882;15897381000;15404011111;15904011111;10240;10228
1883;15897390000;15404011111;15904011111;10240;10228
1884;15897584000;15445388888;15945388888;10240;10228
1885;15897789000;15445388888;15945388888;10240;10228
1886;15897803000;15445388888;15945388888;10240;10228
1887;15897979000;15445388888;15945388888;10240;10228
1888;15897990000;15445388888;15945388888;10240;10228
1889;15898226000;15445388888;15945388888;10240;10228
1892;15898231000;15445688888;15945688888;10240;10228
1894;15898436000;15445688888;15945688888;10240;10228
1895;15898641000;15487066666;15987066666;10240;10228
1896;15898674000;15487066666;15987066666;10240;10228
1899;15898841000;15487066666;15987066666;10240;10228
1900;15898847000;15487066666;15987066666;10240;10228
1901;15899016000;15487066666;15987066666;10240;10228
1902;15899022000;15487077777;15987077777;10240;10228
1903;15899255000;15487388888;15987388888;10240;10228
1904;15899262000;15487388888;15987388888;10240;10228
1905;15899459000;15487388888;15987388888;10240;10228
1906;15899667000;15528744444;16028744444;10240;10228
1907;15899673000;15528744444;16028744444;10240;10228
1908;15899870000;15528744444;16028744444;10240;10228
1909;15899875000;15528744444;16028744444;10240;10228
1910;15900039000;15528744444;16028744444;10240;10228
1980;16054764000;15779033333;16279033333;10240;10228
1981;16054788000;15779033333;16279033333;10240;10228
1982;16054802000;15779033333;16279033333;10240;10228
1983;16054811000;15820400000;16320400000;10240;10228
1984;16054823000;15820400000;16320400000;10240;10228
1985;16054829000;15820400000;16320400000;10240;10228
1986;16054856000;15820400000;16320400000;10240;10228
1987;16054874000;15820400000;16320400000;10240;10228
1988;16055063000;15820400000;16320400000;10240;10228
1992;16055074000;15820744444;16320744444;10240;10228
1993;16055096000;15820744444;16320744444;10240;10228
1994;16055111000;15862066666;16362066666;10240;10228
1995;16055120000;15862066666;16362066666;10240;10228
1996;16055149000;15862066666;16362066666;10240;10228
1997;16055158000;15862066666;16362066666;10240;10228
1998;16055170000;15862066666;16362066666;10240;10228
1999;16055186000;15862066666;16362066666;10240;10228
2000;16055196000;15862066666;16362066666;10240;10228
2002;16055203000;15862377777;16362377777;10240;10228
2005;16055235000;15903722222;16403722222;10240;10228
2006;16055245000;15903722222;16403722222;10240;10228
2007;16055252000;15903722222;16403722222;10240;10228
2008;16055276000;15903722222;16403722222;10240;10228
2009;16055314000;15903722222;16403722222;10240;10228
2010;16055341000;15903722222;16403722222;10240;10228
2011;16055352000;15903722222;16403722222;10240;10228
1956;16055364000;15695400000;16195400000;10240;10228
2012;16055400000;15903744444;16403744444;10240;10228
2013;16055414000;15904022222;16404022222;10240;10228
1958;16055456000;15695666666;16195666666;10240;10228
2014;16055465000;15904022222;16404022222;10240;10228
2015;16055488000;15904022222;16404022222;10240;10228
2016;16055521000;15945388888;16445388888;10240;10228
2017;16055560000;15945388888;16445388888;10240;10228
2018;16055569000;15945388888;16445388888;10240;10228
2019;16055616000;15945388888;16445388888;10240;10228
2020;16055644000;15945388888;16445388888;10240;10228
1969;16055657000;15737377777;16237377777;10240;10228
2022;16055722000;15945388888;16445388888;10240;10228
2023;16055786000;15945411111;16445411111;10240;10228
1919;16055853000;15570400000;16070400000;10240;10228
1920;16055924000;15570400000;16070400000;10240;10228
1921;16055949000;15570400000;16070400000;10240;10228
1922;16056118000;15570400000;16070400000;10240;10228
1923;16056315000;15570400000;16070400000;10240;10228
1924;16056326000;15570411111;16070411111;10240;10228
1926;16056520000;15570700000;16070700000;10240;10228
1927;16056528000;15570700000;16070700000;10240;10228
1928;16056751000;15612055555;16112055555;10240;10228
1929;16056757000;15612055555;16112055555;10240;10228
1930;16056929000;15612055555;16112055555;10240;10228
1931;16057194000;15612055555;16112055555;10240;10228
1932;16057206000;15612055555;16112055555;10240;10228
1933;16057374000;15612055555;16112055555;10240;10228
1934;16057380000;15612055555;16112055555;10240;10228
1935;16057578000;15612077777;16112077777;10240;10228
1936;16057584000;15612366666;16112366666;10240;10228
1937;16057783000;15612366666;16112366666;10240;10228
1938;16057789000;15612366666;16112366666;10240;10228
1939;16057987000;15653722222;16153722222;10240;10228
1940;16058182000;15653722222;16153722222;10240;10228
1941;16058187000;15653722222;16153722222;10240;10228
1942;16058390000;15653722222;16153722222;10240;10228
1943;16058396000;15653722222;16153722222;10240;10228
1944;16058602000;15653722222;16153722222;10240;10228
1945;16058608000;15653722222;16153722222;10240;10228
1946;16215323000;15653744444;16153744444;10240;10228
2024;16215416000;15945700000;16445700000;10240;10228
2025;16215427000;15945700000;16445700000;10240;10228
2026;16215439000;15945700000;16445700000;10240;10228
2028;16215446000;15987066666;16487066666;10240;10228
2029;16215455000;15987066666;16487066666;10240;10228
2031;16215467000;15987066666;16487066666;10240;10228
2032;16215494000;15987066666;16487066666;10240;10228
2034;16215503000;15987088888;16487088888;10240;10228
2035;16215510000;15987355555;16487355555;10240;10228
2036;16215538000;15987355555;16487355555;10240;10228
2037;16215546000;15987355555;16487355555;10240;10228
2038;16215560000;16028733333;16528733333;10240;10228
2039;16215572000;16028733333;16528733333;10240;10228
2040;16215589000;16028733333;16528733333;10240;10228
1978;16215598000;15778722222;16278722222;10240;10228
2041;16215634000;16028733333;16528733333;10240;10228
2042;16215644000;16028733333;16528733333;10240;10228
2044;16215660000;16028733333;16528733333;10240;10228
2045;16215670000;16028744444;16528744444;10240;10228
2046;16215677000;16029011111;16529011111;10240;10228
2047;16215701000;16029011111;16529011111;10240;10228
2048;16215741000;16029011111;16529011111;10240;10228
2049;16215750000;16070388888;16570388888;10240;10228
2050;16215771000;16070388888;16570388888;10240;10228
2052;16215800000;16070388888;16570388888;10240;10228
2055;16215838000;16070388888;16570388888;10240;10228
1990;16215858000;15820422222;16320422222;10240;10228
1991;16215891000;15820744444;16320744444;10240;10228
2056;16215910000;16070411111;16570411111;10240;10228
2057;16215933000;16070711111;16570711111;10240;10228
2058;16215971000;16070711111;16570711111;10240;10228
1989;16215990000;15820400000;16320400000;10240;10228
2059;16216018000;16070711111;16570711111;10240;10228
2060;16216039000;16112055555;16612055555;10240;10228
2061;16216082000;16112055555;16612055555;10240;10228
2001;16216183000;15862077777;16362077777;10240;10228
2003;16216216000;15862377777;16362377777;10240;10228
2004;16216229000;15862377777;16362377777;10240;10228
2064;16216297000;16112055555;16612055555;10240;10228
2066;16216353000;16112055555;16612055555;10240;10228
2067;16216405000;16112077777;16612077777;10240;10228
1958;16216644000;15695666666;16195666666;10240;10228
1959;16216748000;15695666666;16195666666;10240;10228
1960;16216767000;15695666666;16195666666;10240;10228
1961;16216947000;15737055555;16237055555;10240;10228
1962;16217159000;15737055555;16237055555;10240;10228
1963;16217207000;15737055555;16237055555;10240;10228
1964;16217391000;15737055555;16237055555;10240;10228
1965;16217400000;15737055555;16237055555;10240;10228
1966;16217593000;15737055555;16237055555;10240;10228
1967;16217599000;15737055555;16237055555;10240;10228
1968;16217798000;15737077777;16237077777;10240;10228
1969;16217804000;15737377777;16237377777;10240;10228
1971;16218003000;15737377777;16237377777;10240;10228
1972;16218202000;15778722222;16278722222;10240;10228
1973;16218208000;15778722222;16278722222;10240;10228
1974;16218407000;15778722222;16278722222;10240;10228
1975;16218412000;15778722222;16278722222;10240;10228
1976;16218618000;15778722222;16278722222;10240;10228
1977;16218624000;15778722222;16278722222;10240;10228
1978;16218821000;15778722222;16278722222;10240;10228
1982;16218993000;15779033333;16279033333;10240;10228
1983;16218998000;15820400000;16320400000;10240;10228
1984;16219227000;15820400000;16320400000;10240;10228
1985;16219232000;15820400000;16320400000;10240;10228
2021;16375940000;15945388888;16445388888;10240;10228
2068;16375965000;16112388888;16612388888;10240;10228
2069;16375975000;16112388888;16612388888;10240;10228
2070;16375982000;16112388888;16612388888;10240;10228
2073;16376000000;16153733333;16653733333;10240;10228
2074;16376013000;16153733333;16653733333;10240;10228
2075;16376021000;16153733333;16653733333;10240;10228
2076;16376052000;16153733333;16653733333;10240;10228
2077;16376092000;16153733333;16653733333;10240;10228
2078;16376135000;16153755555;16653755555;10240;10228
2079;16376143000;16154022222;16654022222;10240;10228
2080;16376151000;16154022222;16654022222;10240;10228
2081;16376157000;16154022222;16654022222;10240;10228
2082;16376165000;16195400000;16695400000;10240;10228
2083;16376172000;16195400000;16695400000;10240;10228
2084;16376180000;16195400000;16695400000;10240;10228
2085;16376218000;16195400000;16695400000;10240;10228
2086;16376246000;16195400000;16695400000;10240;10228
2087;16376255000;16195400000;16695400000;10240;10228
2089;16376276000;16195411111;16695411111;10240;10228
2090;16376312000;16195677777;16695677777;10240;10228
2092;16376321000;16195677777;16695677777;10240;10228
2093;16376334000;16237055555;16737055555;10240;10228
2094;16376355000;16237055555;16737055555;10240;10228
2095;16376377000;16237055555;16737055555;10240;10228
2027;16376410000;15987066666;16487066666;10240;10228
2097;16376463000;16237055555;16737055555;10240;10228
2098;16376513000;16237055555;16737055555;10240;10228
2099;16376552000;16237055555;16737055555;10240;10228
2030;16376600000;15987066666;16487066666;10240;10228
2101;16376626000;16237400000;16737400000;10240;10228
2102;16376673000;16237400000;16737400000;10240;10228
2033;16376721000;15987066666;16487066666;10240;10228
2103;16376744000;16237400000;16737400000;10240;10228
2104;16376833000;16278722222;16778722222;10240;10228
2105;16376855000;16278722222;16778722222;10240;10228
2043;16376922000;16028733333;16528733333;10240;10228
2107;16376965000;16278722222;16778722222;10240;10228
2108;16377005000;16278722222;16778722222;10240;10228
2109;16377015000;16278722222;16778722222;10240;10228
2110;16377056000;16278722222;16778722222;10240;10228
2111;16377066000;16278744444;16778744444;10240;10228
2051;16377187000;16070388888;16570388888;10240;10228
2053;16377271000;16070388888;16570388888;10240;10228
2054;16377312000;16070388888;16570388888;10240;10228
2062;16377468000;16112055555;16612055555;10240;10228
2063;16377494000;16112055555;16612055555;10240;10228
2002;16377720000;15862377777;16362377777;10240;10228
2003;16377768000;15862377777;16362377777;10240;10228
2005;16377940000;15903722222;16403722222;10240;10228
2006;16378184000;15903722222;16403722222;10240;10228
2007;16378208000;15903722222;16403722222;10240;10228
2009;16378365000;15903722222;16403722222;10240;10228
2010;16378384000;15903722222;16403722222;10240;10228
2011;16378580000;15903722222;16403722222;10240;10228
2012;16378601000;15903744444;16403744444;10240;10228
2013;16378781000;15904022222;16404022222;10240;10228
2014;16378803000;15904022222;16404022222;10240;10228
2015;16378987000;15904022222;16404022222;10240;10228
2016;16379176000;15945388888;16445388888;10240;10228
2017;16379195000;15945388888;16445388888;10240;10228
2018;16379381000;15945388888;16445388888;10240;10228
2019;16379401000;15945388888;16445388888;10240;10228
2021;16379586000;15945388888;16445388888;10240;10228
2022;16379808000;15945388888;16445388888;10240;10228
2023;16379827000;15945411111;16445411111;10240;10228
2024;16379832000;15945700000;16445700000;10240;10228
2025;16379977000;15945700000;16445700000;10240;10228
2026;16380209000;15945700000;16445700000;10240;10228
2113;16536220000;16279055555;16779055555;10240;10228
2114;16536249000;16279055555;16779055555;10240;10228
2115;16536274000;16320411111;16820411111;10240;10228
2116;16536295000;16320411111;16820411111;10240;10228
2117;16536317000;16320411111;16820411111;10240;10228
2118;16536328000;16320411111;16820411111;10240;10228
2119;16536340000;16320411111;16820411111;10240;10228
2120;16536365000;16320411111;16820411111;10240;10228
2121;16536374000;16320411111;16820411111;10240;10228
2065;16536417000;16112055555;16612055555;10240;10228
2122;16536435000;16320422222;16820422222;10240;10228
2123;16536461000;16320733333;16820733333;10240;10228
2124;16536471000;16320733333;16820733333;10240;10228
2125;16536483000;16320733333;16820733333;10240;10228
2126;16536506000;16362066666;16862066666;10240;10228
2127;16536516000;16362066666;16862066666;10240;10228
2128;16536530000;16362066666;16862066666;10240;10228
2129;16536542000;16362066666;16862066666;10240;10228
2130;16536570000;16362066666;16862066666;10240;10228
2131;16536591000;16362066666;16862066666;10240;10228
2132;16536638000;16362066666;16862066666;10240;10228
2133;16536655000;16362088888;16862088888;10240;10228
2134;16536670000;16362400000;16862400000;10240;10228
2135;16536681000;16362400000;16862400000;10240;10228
2137;16536718000;16403722222;16903722222;10240;10228
2138;16536729000;16403722222;16903722222;10240;10228
2139;16536763000;16403722222;16903722222;10240;10228
2072;16536789000;16153733333;16653733333;10240;10228
2140;16536820000;16403722222;16903722222;10240;10228
2141;16536869000;16403722222;16903722222;10240;10228
2142;16536901000;16403722222;16903722222;10240;10228
2071;16536923000;16153733333;16653733333;10240;10228
2143;16536976000;16403722222;16903722222;10240;10228
2144;16537084000;16403744444;16903744444;10240;10228
2147;16537139000;16404044444;16904044444;10240;10228
2148;16537205000;16445388888;16945388888;10240;10228
2149;16537242000;16445388888;16945388888;10240;10228
2150;16537321000;16445388888;16945388888;10240;10228
2088;16537354000;16195400000;16695400000;10240;10228
2151;16537380000;16445388888;16945388888;10240;10228
2152;16537486000;16445388888;16945388888;10240;10228
2091;16537529000;16195677777;16695677777;10240;10228
2153;16537615000;16445388888;16945388888;10240;10228
2154;16537702000;16445388888;16945388888;10240;10228
2155;16537772000;16445411111;16945411111;10240;10228
2096;16537812000;16237055555;16737055555;10240;10228
2100;16537938000;16237077777;16737077777;10240;10228
2106;16538151000;16278722222;16778722222;10240;10228
2050;16538682000;16070388888;16570388888;10240;10228
2051;16538691000;16070388888;16570388888;10240;10228
2053;16538882000;16070388888;16570388888;10240;10228
2054;16538893000;16070388888;16570388888;10240;10228
2055;16539081000;16070388888;16570388888;10240;10228
2056;16539091000;16070411111;16570411111;10240;10228
2057;16539300000;16070711111;16570711111;10240;10228
2058;16539317000;16070711111;16570711111;10240;10228
2061;16539495000;16112055555;16612055555;10240;10228
2062;16539701000;16112055555;16612055555;10240;10228
2063;16539711000;16112055555;16612055555;10240;10228
2064;16539906000;16112055555;16612055555;10240;10228
2066;16539915000;16112055555;16612055555;10240;10228
2067;16540119000;16112077777;16612077777;10240;10228
2069;16540135000;16112388888;16612388888;10240;10228
2072;16540316000;16153733333;16653733333;10240;10228
2073;16540519000;16153733333;16653733333;10240;10228
2156;16696718000;16445722222;16945722222;10240;10228
2157;16696733000;16445722222;16945722222;10240;10228
2158;16696746000;16445722222;16945722222;10240;10228
2160;16696765000;16487066666;16987066666;10240;10228
2161;16696776000;16487066666;16987066666;10240;10228
2162;16696801000;16487066666;16987066666;10240;10228
2164;16696810000;16487066666;16987066666;10240;10228
2165;16696818000;16487066666;16987066666;10240;10228
2166;16696838000;16487088888;16987088888;10240;10228
2168;16696848000;16487400000;16987400000;10240;10228
2170;16696861000;16528733333;17028733333;10240;10228
2171;16696895000;16528733333;17028733333;10240;10228
2172;16696940000;16528733333;17028733333;10240;10228
2173;16696949000;16528733333;17028733333;10240;10228
2174;16696957000;16528733333;17028733333;10240;10228
2175;16696973000;16528733333;17028733333;10240;10228
2176;16697002000;16528733333;17028733333;10240;10228
2177;16697011000;16528744444;17028744444;10240;10228
2180;16697022000;16529044444;17029044444;10240;10228
2112;16697069000;16279055555;16779055555;10240;10228
2181;16697102000;16570388888;17070388888;10240;10228
2182;16697136000;16570388888;17070388888;10240;10228
2183;16697173000;16570388888;17070388888;10240;10228
2184;16697212000;16570388888;17070388888;10240;10228
2185;16697222000;16570388888;17070388888;10240;10228
2186;16697249000;16570388888;17070388888;10240;10228
2187;16697275000;16570388888;17070388888;10240;10228
2188;16697306000;16570411111;17070411111;10240;10228
2189;16697356000;16570722222;17070722222;10240;10228
2190;16697383000;16570722222;17070722222;10240;10228
2191;16697403000;16570722222;17070722222;10240;10228
2192;16697426000;16612055555;17112055555;10240;10228
2193;16697444000;16612055555;17112055555;10240;10228
2194;16697460000;16612055555;17112055555;10240;10228
2195;16697530000;16612055555;17112055555;10240;10228
2196;16697555000;16612055555;17112055555;10240;10228
2197;16697581000;16612055555;17112055555;10240;10228
2198;16697609000;16612055555;17112055555;10240;10228
2136;16697673000;16362400000;16862400000;10240;10228
2145;16697966000;16404044444;16904044444;10240;10228
2146;16697990000;16404044444;16904044444;10240;10228
2092;16698542000;16195677777;16695677777;10240;10228
2093;16698557000;16237055555;16737055555;10240;10228
2094;16698737000;16237055555;16737055555;10240;10228
2095;16698944000;16237055555;16737055555;10240;10228
2096;16698952000;16237055555;16737055555;10240;10228
2097;16699158000;16237055555;16737055555;10240;10228
2098;16699173000;16237055555;16737055555;10240;10228
2099;16699362000;16237055555;16737055555;10240;10228
2100;16699377000;16237077777;16737077777;10240;10228
2104;16699558000;16278722222;16778722222;10240;10228
2105;16699568000;16278722222;16778722222;10240;10228
2106;16699761000;16278722222;16778722222;10240;10228
2107;16699967000;16278722222;16778722222;10240;10228
2108;16699977000;16278722222;16778722222;10240;10228
2109;16700181000;16278722222;16778722222;10240;10228
2110;16700196000;16278722222;16778722222;10240;10228
2111;16700377000;16278744444;16778744444;10240;10228
2112;16700387000;16279055555;16779055555;10240;10228
2113;16700581000;16279055555;16779055555;10240;10228
2115;16700786000;16320411111;16820411111;10240;10228
2116;16700796000;16320411111;16820411111;10240;10228
2117;16700975000;16320411111;16820411111;10240;10228
2118;16700985000;16320411111;16820411111;10240;10228
2119;16701196000;16320411111;16820411111;10240;10228
2121;16701213000;16320411111;16820411111;10240;10228
2201;16857222000;16612422222;17112422222;10240;10228
2202;16857249000;16612422222;17112422222;10240;10228
2203;16857270000;16653733333;17153733333;10240;10228
2205;16857280000;16653733333;17153733333;10240;10228
2206;16857324000;16653733333;17153733333;10240;10228
2207;16857333000;16653733333;17153733333;10240;10228
2208;16857343000;16653733333;17153733333;10240;10228
2209;16857376000;16653733333;17153733333;10240;10228
2210;16857387000;16653755555;17153755555;10240;10228
2211;16857394000;16654044444;17154044444;10240;10228
2212;16857417000;16654044444;17154044444;10240;10228
2213;16857426000;16654044444;17154044444;10240;10228
2122;16857437000;16320422222;16820422222;10240;10228
2214;16857463000;16695400000;17195400000;10240;10228
2215;16857472000;16695400000;17195400000;10240;10228
2216;16857487000;16695400000;17195400000;10240;10228
2217;16857527000;16695400000;17195400000;10240;10228
2218;16857573000;16695400000;17195400000;10240;10228
2219;16857582000;16695400000;17195400000;10240;10228
2220;16857612000;16695400000;17195400000;10240;10228
2159;16857638000;16487066666;16987066666;10240;10228
2221;16857659000;16695422222;17195422222;10240;10228
2222;16857671000;16695711111;17195711111;10240;10228
2123;16857694000;16320733333;16820733333;10240;10228
2223;16857714000;16695711111;17195711111;10240;10228
2163;16857776000;16487066666;16987066666;10240;10228
2224;16857785000;16695711111;17195711111;10240;10228
2225;16857805000;16737055555;17237055555;10240;10228
2226;16857832000;16737055555;17237055555;10240;10228
2167;16857877000;16487400000;16987400000;10240;10228
2227;16857887000;16737055555;17237055555;10240;10228
2228;16857908000;16737055555;17237055555;10240;10228
2229;16857923000;16737055555;17237055555;10240;10228
2124;16857953000;16320733333;16820733333;10240;10228
2125;16857978000;16320733333;16820733333;10240;10228
2230;16858026000;16737055555;17237055555;10240;10228
2169;16858035000;16487400000;16987400000;10240;10228
2231;16858077000;16737055555;17237055555;10240;10228
2232;16858177000;16737077777;17237077777;10240;10228
2178;16858240000;16529044444;17029044444;10240;10228
2126;16858279000;16362066666;16862066666;10240;10228
2128;16858302000;16362066666;16862066666;10240;10228
2179;16858336000;16529044444;17029044444;10240;10228
2129;16858526000;16362066666;16862066666;10240;10228
2130;16858670000;16362066666;16862066666;10240;10228
2131;16858679000;16362066666;16862066666;10240;10228
2132;16858742000;16362066666;16862066666;10240;10228
2133;16858753000;16362088888;16862088888;10240;10228
2134;16858765000;16362400000;16862400000;10240;10228
2135;16858779000;16362400000;16862400000;10240;10228
2136;16858971000;16362400000;16862400000;10240;10228
2137;16859192000;16403722222;16903722222;10240;10228
2138;16859208000;16403722222;16903722222;10240;10228
2139;16859396000;16403722222;16903722222;10240;10228
2140;16859413000;16403722222;16903722222;10240;10228
2141;16859592000;16403722222;16903722222;10240;10228
2142;16859604000;16403722222;16903722222;10240;10228
2143;16859796000;16403722222;16903722222;10240;10228
2145;16859987000;16404044444;16904044444;10240;10228
2146;16859995000;16404044444;16904044444;10240;10228
2148;16860215000;16445388888;16945388888;10240;10228
2149;16860231000;16445388888;16945388888;10240;10228
2150;16860412000;16445388888;16945388888;10240;10228
2152;16860616000;16445388888;16945388888;10240;10228
2153;16860626000;16445388888;16945388888;10240;10228
2154;16860821000;16445388888;16945388888;10240;10228
2155;16860830000;16445411111;16945411111;10240;10228
2156;16861012000;16445722222;16945722222;10240;10228
2157;16861020000;16445722222;16945722222;10240;10228
2158;16861232000;16445722222;16945722222;10240;10228
2159;16861241000;16487066666;16987066666;10240;10228
2160;16861435000;16487066666;16987066666;10240;10228
2161;16861640000;16487066666;16987066666;10240;10228
2162;16861651000;16487066666;16987066666;10240;10228
2234;17017734000;16737388888;17237388888;10240;10228
2235;17017750000;16737388888;17237388888;10240;10228
2236;17017758000;16778777777;17278777777;10240;10228
2237;17017776000;16778777777;17278777777;10240;10228
2239;17017788000;16778777777;17278777777;10240;10228
2241;17017808000;16778777777;17278777777;10240;10228
2242;17017818000;16778777777;17278777777;10240;10228
2244;17017834000;16779155555;17279155555;10240;10228
2245;17017855000;16779155555;17279155555;10240;10228
2246;17017864000;16779155555;17279155555;10240;10228
2247;17017882000;16820366666;17320366666;10240;10228
2248;17017891000;16820366666;17320366666;10240;10228
2249;17017924000;16820366666;17320366666;10240;10228
2250;17017942000;16820366666;17320366666;10240;10228
2251;17017963000;16820366666;17320366666;10240;10228
2252;17017975000;16820366666;17320366666;10240;10228
2253;17017989000;16820366666;17320366666;10240;10228
2163;17018012000;16487066666;16987066666;10240;10228
2254;17018026000;16820377777;17320377777;10240;10228
2255;17018040000;16820677777;17320677777;10240;10228
2256;17018082000;16820677777;17320677777;10240;10228
2199;17018140000;16612077777;17112077777;10240;10228
2200;17018174000;16612422222;17112422222;10240;10228
2257;17018217000;16820677777;17320677777;10240;10228
2258;17018275000;16862033333;17362033333;10240;10228
2259;17018286000;16862033333;17362033333;10240;10228
2204;17018365000;16653733333;17153733333;10240;10228
2260;17018389000;16862033333;17362033333;10240;10228
2261;17018470000;16862033333;17362033333;10240;10228
2262;17018556000;16862033333;17362033333;10240;10228
2263;17018584000;16862033333;17362033333;10240;10228
2264;17018592000;16862033333;17362033333;10240;10228
2265;17018640000;16862044444;17362044444;10240;10228
2268;17018731000;16862355555;17362355555;10240;10228
2269;17018743000;16903722222;17403722222;10240;10228
2270;17018787000;16903722222;17403722222;10240;10228
2271;17018847000;16903722222;17403722222;10240;10228
2167;17018856000;16487400000;16987400000;10240;10228
2168;17018868000;16487400000;16987400000;10240;10228
2272;17018889000;16903722222;17403722222;10240;10228
2273;17018926000;16903722222;17403722222;10240;10228
2274;17018994000;16903722222;17403722222;10240;10228
2275;17019002000;16903722222;17403722222;10240;10228
2276;17019027000;16903744444;17403744444;10240;10228
2169;17019072000;16487400000;16987400000;10240;10228
2171;17019083000;16528733333;17028733333;10240;10228
2172;17019225000;16528733333;17028733333;10240;10228
2173;17019235000;16528733333;17028733333;10240;10228
2174;17019256000;16528733333;17028733333;10240;10228
2175;17019364000;16528733333;17028733333;10240;10228
2176;17019379000;16528733333;17028733333;10240;10228
2177;17019566000;16528744444;17028744444;10240;10228
2178;17019582000;16529044444;17029044444;10240;10228
2179;17019764000;16529044444;17029044444;10240;10228
2180;17019775000;16529044444;17029044444;10240;10228
2184;17019969000;16570388888;17070388888;10240;10228
2185;17020183000;16570388888;17070388888;10240;10228
2186;17020210000;16570388888;17070388888;10240;10228
2187;17020387000;16570388888;17070388888;10240;10228
2188;17020424000;16570411111;17070411111;10240;10228
2191;17020584000;16570722222;17070722222;10240;10228
2194;17020605000;16612055555;17112055555;10240;10228
2195;17020789000;16612055555;17112055555;10240;10228
2196;17020810000;16612055555;17112055555;10240;10228
2197;17020978000;16612055555;17112055555;10240;10228
2198;17021208000;16612055555;17112055555;10240;10228
2199;17021236000;16612077777;17112077777;10240;10228
2277;17178272000;16904055555;17404055555;10240;10228
2280;17178310000;16945400000;17445400000;10240;10228
2282;17178325000;16945400000;17445400000;10240;10228
2286;17178333000;16945400000;17445400000;10240;10228
2287;17178342000;16945422222;17445422222;10240;10228
2288;17178372000;16945755555;17445755555;10240;10228
2289;17178382000;16945755555;17445755555;10240;10228
2290;17178415000;16945755555;17445755555;10240;10228
2291;17178436000;16987066666;17487066666;10240;10228
2292;17178444000;16987066666;17487066666;10240;10228
2293;17178466000;16987066666;17487066666;10240;10228
2294;17178475000;16987066666;17487066666;10240;10228
2296;17178489000;16987066666;17487066666;10240;10228
2297;17178498000;16987066666;17487066666;10240;10228
2298;17178524000;16987077777;17487077777;10240;10228
2299;17178535000;16987377777;17487377777;10240;10228
2300;17178563000;16987377777;17487377777;10240;10228
2233;17178574000;16737388888;17237388888;10240;10228
2301;17178582000;16987377777;17487377777;10240;10228
2302;17178607000;17028722222;17528722222;10240;10228
2303;17178615000;17028722222;17528722222;10240;10228
2304;17178657000;17028722222;17528722222;10240;10228
2238;17178665000;16778777777;17278777777;10240;10228
2305;17178686000;17028722222;17528722222;10240;10228
2240;17178699000;16778777777;17278777777;10240;10228
2306;17178712000;17028722222;17528722222;10240;10228
2307;17178751000;17028722222;17528722222;10240;10228
2308;17178770000;17028722222;17528722222;10240;10228
2309;17178807000;17028744444;17528744444;10240;10228
2310;17178844000;17029033333;17529033333;10240;10228
2243;17178866000;16778833333;17278833333;10240;10228
2311;17178882000;17029033333;17529033333;10240;10228
2312;17178906000;17029033333;17529033333;10240;10228
2313;17178914000;17070388888;17570388888;10240;10228
2314;17178935000;17070388888;17570388888;10240;10228
2315;17178976000;17070388888;17570388888;10240;10228
2316;17178996000;17070388888;17570388888;10240;10228
2317;17179032000;17070388888;17570388888;10240;10228
2319;17179109000;17070388888;17570388888;10240;10228
2320;17179129000;17070411111;17570411111;10240;10228
2266;17179320000;16862355555;17362355555;10240;10228
2267;17179350000;16862355555;17362355555;10240;10228
2232;17182115000;16737077777;17237077777;10240;10228
2233;17182129000;16737388888;17237388888;10240;10228
2234;17182303000;16737388888;17237388888;10240;10228
2235;17182321000;16737388888;17237388888;10240;10228
2237;17182551000;16778777777;17278777777;10240;10228
2238;17182571000;16778777777;17278777777;10240;10228
2239;17182764000;16778777777;17278777777;10240;10228
2321;17338785000;17070722222;17570722222;10240;10228
2322;17338801000;17070722222;17570722222;10240;10228
2323;17338809000;17070722222;17570722222;10240;10228
2324;17338837000;17112066666;17612066666;10240;10228
2325;17338847000;17112066666;17612066666;10240;10228
2327;17338855000;17112066666;17612066666;10240;10228
2328;17338885000;17112066666;17612066666;10240;10228
2329;17338895000;17112066666;17612066666;10240;10228
2330;17338903000;17112066666;17612066666;10240;10228
2331;17338911000;17112088888;17612088888;10240;10228
2332;17338928000;17112400000;17612400000;10240;10228
2334;17338938000;17112400000;17612400000;10240;10228
2335;17338960000;17153733333;17653733333;10240;10228
2336;17338994000;17153733333;17653733333;10240;10228
2337;17339003000;17153733333;17653733333;10240;10228
2338;17339040000;17153733333;17653733333;10240;10228
2339;17339069000;17153733333;17653733333;10240;10228
2340;17339102000;17153733333;17653733333;10240;10228
2342;17339121000;17153744444;17653744444;10240;10228
2343;17339143000;17154044444;17654044444;10240;10228
2344;17339164000;17154044444;17654044444;10240;10228
2345;17339187000;17154044444;17654044444;10240;10228
2346;17339205000;17195388888;17695388888;10240;10228
2278;17339226000;16904055555;17404055555;10240;10228
2279;17339252000;16904055555;17404055555;10240;10228
2281;17339271000;16945400000;17445400000;10240;10228
2347;17339294000;17195388888;17695388888;10240;10228
2284;17339341000;16945400000;17445400000;10240;10228
2285;17339365000;16945400000;17445400000;10240;10228
2348;17339406000;17195388888;17695388888;10240;10228
2349;17339448000;17195388888;17695388888;10240;10228
2283;17339531000;16945400000;17445400000;10240;10228
2351;17339610000;17195388888;17695388888;10240;10228
2352;17339655000;17195388888;17695388888;10240;10228
2353;17339704000;17195411111;17695411111;10240;10228
2354;17339758000;17195711111;17695711111;10240;10228
2355;17339787000;17195711111;17695711111;10240;10228
2356;17339853000;17195711111;17695711111;10240;10228
2295;17339905000;16987066666;17487066666;10240;10228
2357;17339932000;17237055555;17737055555;10240;10228
2358;17339952000;17237055555;17737055555;10240;10228
2359;17339967000;17237055555;17737055555;10240;10228
2360;17340018000;17237055555;17737055555;10240;10228
2361;17340026000;17237055555;17737055555;10240;10228
2362;17340055000;17237055555;17737055555;10240;10228
2363;17340077000;17237055555;17737055555;10240;10228
2364;17340130000;17237077777;17737077777;10240;10228
2265;17341443000;16862044444;17362044444;10240;10228
2266;17341469000;16862355555;17362355555;10240;10228
2267;17341640000;16862355555;17362355555;10240;10228
2271;17341661000;16903722222;17403722222;10240;10228
2274;17341845000;16903722222;17403722222;10240;10228
2275;17341869000;16903722222;17403722222;10240;10228
2277;17342034000;16904055555;17404055555;10240;10228
2278;17342264000;16904055555;17404055555;10240;10228
2279;17342302000;16904055555;17404055555;10240;10228
2280;17342459000;16945400000;17445400000;10240;10228
2281;17342478000;16945400000;17445400000;10240;10228
2282;17342664000;16945400000;17445400000;10240;10228
2366;17499341000;17237411111;17737411111;10240;10228
2368;17499390000;17278733333;17778733333;10240;10228
2370;17499405000;17278733333;17778733333;10240;10228
2371;17499413000;17278733333;17778733333;10240;10228
2372;17499422000;17278733333;17778733333;10240;10228
2373;17499429000;17278733333;17778733333;10240;10228
2374;17499444000;17278733333;17778733333;10240;10228
2375;17499452000;17278755555;17778755555;10240;10228
2376;17499490000;17279033333;17779033333;10240;10228
2377;17499511000;17279033333;17779033333;10240;10228
2378;17499534000;17279033333;17779033333;10240;10228
2379;17499544000;17320400000;17820400000;10240;10228
2380;17499552000;17320400000;17820400000;10240;10228
2381;17499578000;17320400000;17820400000;10240;10228
2382;17499587000;17320400000;17820400000;10240;10228
2318;17499604000;17070388888;17570388888;10240;10228
2383;17499625000;17320400000;17820400000;10240;10228
2384;17499635000;17320400000;17820400000;10240;10228
2385;17499652000;17320400000;17820400000;10240;10228
2386;17499683000;17320411111;17820411111;10240;10228
2387;17499698000;17320711111;17820711111;10240;10228
2283;17499720000;16945400000;17445400000;10240;10228
2388;17499738000;17320711111;17820711111;10240;10228
2389;17499747000;17320711111;17820711111;10240;10228
2390;17499781000;17362055555;17862055555;10240;10228
2391;17499791000;17362055555;17862055555;10240;10228
2392;17499800000;17362055555;17862055555;10240;10228
2393;17499807000;17362055555;17862055555;10240;10228
2394;17499840000;17362055555;17862055555;10240;10228
2395;17499849000;17362055555;17862055555;10240;10228
2396;17499871000;17362055555;17862055555;10240;10228
2326;17499902000;17112066666;17612066666;10240;10228
2397;17499921000;17362077777;17862077777;10240;10228
2398;17499937000;17362388888;17862388888;10240;10228
2399;17499971000;17362388888;17862388888;10240;10228
2284;17499984000;16945400000;17445400000;10240;10228
2400;17499997000;17362388888;17862388888;10240;10228
2401;17500012000;17403722222;17903722222;10240;10228
2333;17500034000;17112400000;17612400000;10240;10228
2402;17500048000;17403722222;17903722222;10240;10228
2403;17500094000;17403722222;17903722222;10240;10228
2404;17500114000;17403722222;17903722222;10240;10228
2405;17500156000;17403722222;17903722222;10240;10228
2406;17500165000;17403722222;17903722222;10240;10228
2341;17500179000;17153733333;17653733333;10240;10228
2407;17500207000;17403722222;17903722222;10240;10228
2285;17500289000;16945400000;17445400000;10240;10228
2286;17500308000;16945400000;17445400000;10240;10228
2408;17500357000;17403744444;17903744444;10240;10228
2287;17500406000;16945422222;17445422222;10240;10228
2288;17500416000;16945755555;17445755555;10240;10228
2350;17500451000;17195388888;17695388888;10240;10228
2289;17500557000;16945755555;17445755555;10240;10228
2290;17500574000;16945755555;17445755555;10240;10228
2291;17500654000;16987066666;17487066666;10240;10228
2292;17500666000;16987066666;17487066666;10240;10228
2293;17500720000;16987066666;17487066666;10240;10228
2294;17500914000;16987066666;17487066666;10240;10228
2295;17500925000;16987066666;17487066666;10240;10228
2296;17501127000;16987066666;17487066666;10240;10228
2297;17501144000;16987066666;17487066666;10240;10228
2298;17501331000;16987077777;17487077777;10240;10228
2299;17501346000;16987377777;17487377777;10240;10228
2300;17501528000;16987377777;17487377777;10240;10228
2301;17501733000;16987377777;17487377777;10240;10228
2302;17501744000;17028722222;17528722222;10240;10228
2303;17501937000;17028722222;17528722222;10240;10228
2304;17501947000;17028722222;17528722222;10240;10228
2305;17502150000;17028722222;17528722222;10240;10228
2306;17502169000;17028722222;17528722222;10240;10228
2307;17502347000;17028722222;17528722222;10240;10228
2308;17502551000;17028722222;17528722222;10240;10228
2309;17502561000;17028744444;17528744444;10240;10228
2310;17502756000;17029033333;17529033333;10240;10228
2311;17502767000;17029033333;17529033333;10240;10228
2312;17502945000;17029033333;17529033333;10240;10228
2313;17502955000;17070388888;17570388888;10240;10228
2314;17503166000;17070388888;17570388888;10240;10228
2315;17503372000;17070388888;17570388888;10240;10228
2316;17503382000;17070388888;17570388888;10240;10228
2317;17503574000;17070388888;17570388888;10240;10228
2319;17503584000;17070388888;17570388888;10240;10228
2322;17503781000;17070722222;17570722222;10240;10228
2323;17503791000;17070722222;17570722222;10240;10228
2324;17503969000;17112066666;17612066666;10240;10228
2326;17504191000;17112066666;17612066666;10240;10228
2327;17504200000;17112066666;17612066666;10240;10228
2329;17504394000;17112066666;17612066666;10240;10228
2409;17659875000;17404033333;17904033333;10240;10228
2410;17659892000;17404033333;17904033333;10240;10228
2411;17659900000;17404033333;17904033333;10240;10228
2412;17659919000;17445400000;17945400000;10240;10228
2413;17659928000;17445400000;17945400000;10240;10228
2414;17659949000;17445400000;17945400000;10240;10228
2415;17659958000;17445400000;17945400000;10240;10228
2416;17659974000;17445400000;17945400000;10240;10228
2417;17659995000;17445400000;17945400000;10240;10228
2418;17660004000;17445400000;17945400000;10240;10228
2419;17660019000;17445422222;17945422222;10240;10228
2420;17660038000;17445700000;17945700000;10240;10228
2421;17660085000;17445700000;17945700000;10240;10228
2422;17660105000;17445700000;17945700000;10240;10228
2424;17660113000;17487055555;17987055555;10240;10228
2425;17660122000;17487055555;17987055555;10240;10228
2427;17660145000;17487055555;17987055555;10240;10228
2428;17660154000;17487055555;17987055555;10240;10228
2429;17660168000;17487055555;17987055555;10240;10228
2430;17660180000;17487066666;17987066666;10240;10228
2431;17660210000;17487522222;17987522222;10240;10228
2432;17660219000;17487522222;17987522222;10240;10228
2433;17660231000;17487522222;17987522222;10240;10228
2365;17660265000;17237411111;17737411111;10240;10228
2367;17660301000;17237411111;17737411111;10240;10228
2434;17660311000;17528733333;18028733333;10240;10228
2369;17660323000;17278733333;17778733333;10240;10228
2435;17660348000;17528733333;18028733333;10240;10228
2436;17660368000;17528733333;18028733333;10240;10228
2437;17660404000;17528733333;18028733333;10240;10228
2438;17660453000;17528733333;18028733333;10240;10228
2439;17660484000;17528733333;18028733333;10240;10228
2440;17660511000;17528733333;18028733333;10240;10228
2441;17660531000;17528755555;18028755555;10240;10228
2442;17660560000;17529044444;18029044444;10240;10228
2443;17660594000;17529044444;18029044444;10240;10228
2444;17660616000;17529044444;18029044444;10240;10228
2445;17660653000;17570400000;18070400000;10240;10228
2446;17660705000;17570400000;18070400000;10240;10228
2447;17660734000;17570400000;18070400000;10240;10228
2448;17660772000;17570400000;18070400000;10240;10228
2449;17660799000;17570400000;18070400000;10240;10228
2451;17660827000;17570400000;18070400000;10240;10228
2452;17660845000;17570411111;18070411111;10240;10228
2349;17661911000;17195388888;17695388888;10240;10228
2350;17662117000;17195388888;17695388888;10240;10228
2351;17662133000;17195388888;17695388888;10240;10228
2352;17662316000;17195388888;17695388888;10240;10228
2354;17662515000;17195711111;17695711111;10240;10228
2355;17662525000;17195711111;17695711111;10240;10228
2356;17662719000;17195711111;17695711111;10240;10228
2357;17662728000;17237055555;17737055555;10240;10228
2358;17662933000;17237055555;17737055555;10240;10228
2359;17663137000;17237055555;17737055555;10240;10228
2360;17663152000;17237055555;17737055555;10240;10228
2361;17663335000;17237055555;17737055555;10240;10228
2362;17663341000;17237055555;17737055555;10240;10228
2363;17663539000;17237055555;17737055555;10240;10228
2364;17663548000;17237077777;17737077777;10240;10228
2365;17663743000;17237411111;17737411111;10240;10228
2367;17663948000;17237411111;17737411111;10240;10228
2368;17663954000;17278733333;17778733333;10240;10228
2369;17664154000;17278733333;17778733333;10240;10228
2370;17664160000;17278733333;17778733333;10240;10228
2371;17664357000;17278733333;17778733333;10240;10228
2372;17664363000;17278733333;17778733333;10240;10228
2373;17664562000;17278733333;17778733333;10240;10228
2374;17664766000;17278733333;17778733333;10240;10228
2375;17664773000;17278755555;17778755555;10240;10228
2453;17820362000;17570744444;18070744444;10240;10228
2454;17820385000;17570744444;18070744444;10240;10228
2455;17820395000;17570744444;18070744444;10240;10228
2456;17820412000;17612066666;18112066666;10240;10228
2457;17820424000;17612066666;18112066666;10240;10228
2458;17820443000;17612066666;18112066666;10240;10228
2459;17820453000;17612066666;18112066666;10240;10228
2460;17820461000;17612066666;18112066666;10240;10228
2461;17820485000;17612066666;18112066666;10240;10228
2462;17820493000;17612066666;18112066666;10240;10228
2463;17820501000;17612088888;18112088888;10240;10228
2464;17820534000;17612388888;18112388888;10240;10228
2465;17820554000;17612388888;18112388888;10240;10228
2466;17820565000;17612388888;18112388888;10240;10228
2467;17820588000;17653733333;18153733333;10240;10228
2468;17820597000;17653733333;18153733333;10240;10228
2470;17820608000;17653733333;18153733333;10240;10228
2471;17820623000;17653733333;18153733333;10240;10228
2472;17820642000;17653733333;18153733333;10240;10228
2473;17820655000;17653733333;18153733333;10240;10228
2474;17820663000;17653744444;18153744444;10240;10228
2475;17820695000;17654033333;18154033333;10240;10228
2476;17820722000;17654033333;18154033333;10240;10228
2477;17820731000;17654033333;18154033333;10240;10228
2479;17820745000;17695388888;18195388888;10240;10228
2480;17820767000;17695388888;18195388888;10240;10228
2481;17820775000;17695388888;18195388888;10240;10228
2482;17820797000;17695388888;18195388888;10240;10228
2483;17820805000;17695388888;18195388888;10240;10228
2484;17820819000;17695388888;18195388888;10240;10228
2485;17820836000;17695411111;18195411111;10240;10228
2486;17820849000;17695688888;18195688888;10240;10228
2487;17820863000;17695688888;18195688888;10240;10228
2488;17820874000;17695688888;18195688888;10240;10228
2489;17820906000;17737055555;18237055555;10240;10228
2423;17820915000;17487055555;17987055555;10240;10228
2490;17820937000;17737055555;18237055555;10240;10228
2491;17820949000;17737055555;18237055555;10240;10228
2492;17820977000;17737055555;18237055555;10240;10228
2426;17820989000;17487055555;17987055555;10240;10228
2495;17821002000;17737055555;18237055555;10240;10228
2496;17821029000;17737077777;18237077777;10240;10228
2409;17824225000;17404033333;17904033333;10240;10228
2410;17824427000;17404033333;17904033333;10240;10228
2412;17824437000;17445400000;17945400000;10240;10228
2414;17824631000;17445400000;17945400000;10240;10228
2415;17824647000;17445400000;17945400000;10240;10228
2416;17824870000;17445400000;17945400000;10240;10228
2417;17824877000;17445400000;17945400000;10240;10228
2419;17825025000;17445422222;17945422222;10240;10228
2497;17980699000;17737388888;18237388888;10240;10228
2498;17980715000;17737388888;18237388888;10240;10228
2499;17980723000;17737388888;18237388888;10240;10228
2500;17980742000;17778733333;18278733333;10240;10228
2501;17980752000;17778733333;18278733333;10240;10228
2502;17980774000;17778733333;18278733333;10240;10228
2505;17980785000;17778733333;18278733333;10240;10228
2506;17980797000;17778733333;18278733333;10240;10228
2507;17980822000;17778755555;18278755555;10240;10228
2508;17980831000;17779044444;18279044444;10240;10228
2509;17980843000;17779044444;18279044444;10240;10228
2510;17980868000;17779044444;18279044444;10240;10228
2511;17980902000;17820388888;18320388888;10240;10228
2512;17980910000;17820388888;18320388888;10240;10228
2513;17980932000;17820388888;18320388888;10240;10228
2514;17980941000;17820388888;18320388888;10240;10228
2515;17980969000;17820388888;18320388888;10240;10228
2517;17980978000;17820388888;18320388888;10240;10228
2518;17981000000;17820400000;18320400000;10240;10228
2519;17981036000;17820755555;18320755555;10240;10228
2520;17981053000;17820755555;18320755555;10240;10228
2521;17981107000;17820755555;18320755555;10240;10228
2450;17981133000;17570400000;18070400000;10240;10228
2523;17981143000;17862055555;18362055555;10240;10228
2524;17981172000;17862055555;18362055555;10240;10228
2525;17981194000;17862055555;18362055555;10240;10228
2526;17981221000;17862055555;18362055555;10240;10228
2528;17981249000;17862055555;18362055555;10240;10228
2469;17981293000;17653733333;18153733333;10240;10228
2423;17981386000;17487055555;17987055555;10240;10228
2424;17981394000;17487055555;17987055555;10240;10228
2478;17981423000;17695388888;18195388888;10240;10228
2427;17981618000;17487055555;17987055555;10240;10228
2428;17981626000;17487055555;17987055555;10240;10228
2429;17981716000;17487055555;17987055555;10240;10228
2430;17981730000;17487066666;17987066666;10240;10228
2433;17981908000;17487522222;17987522222;10240;10228
2434;17981919000;17528733333;18028733333;10240;10228
2435;17982121000;17528733333;18028733333;10240;10228
2436;17982325000;17528733333;18028733333;10240;10228
2437;17982341000;17528733333;18028733333;10240;10228
2438;17982508000;17528733333;18028733333;10240;10228
2439;17982518000;17528733333;18028733333;10240;10228
2440;17982729000;17528733333;18028733333;10240;10228
2444;17982931000;17529044444;18029044444;10240;10228
2445;17982941000;17570400000;18070400000;10240;10228
2446;17983145000;17570400000;18070400000;10240;10228
2447;17983163000;17570400000;18070400000;10240;10228
2448;17983342000;17570400000;18070400000;10240;10228
2449;17983355000;17570400000;18070400000;10240;10228
2450;17983546000;17570400000;18070400000;10240;10228
2452;17983556000;17570411111;18070411111;10240;10228
2454;17983750000;17570744444;18070744444;10240;10228
2456;17983940000;17612066666;18112066666;10240;10228
2457;17983949000;17612066666;18112066666;10240;10228
2458;17984187000;17612066666;18112066666;10240;10228
2459;17984193000;17612066666;18112066666;10240;10228
2460;17984401000;17612066666;18112066666;10240;10228
2461;17984407000;17612066666;18112066666;10240;10228
2493;18140975000;17737055555;18237055555;10240;10228
2494;18140990000;17737055555;18237055555;10240;10228
2530;18141010000;17862388888;18362388888;10240;10228
2532;18141021000;17862388888;18362388888;10240;10228
2533;18141034000;17903755555;18403755555;10240;10228
2534;18141090000;17903755555;18403755555;10240;10228
2535;18141100000;17903755555;18403755555;10240;10228
2536;18141118000;17903755555;18403755555;10240;10228
2537;18141127000;17903755555;18403755555;10240;10228
2538;18141158000;17903755555;18403755555;10240;10228
2540;18141168000;17903766666;18403766666;10240;10228
2542;18141189000;17904122222;18404122222;10240;10228
2543;18141214000;17904122222;18404122222;10240;10228
2544;18141223000;17945400000;18445400000;10240;10228
2545;18141231000;17945400000;18445400000;10240;10228
2546;18141253000;17945400000;18445400000;10240;10228
2547;18141263000;17945400000;18445400000;10240;10228
2548;18141274000;17945400000;18445400000;10240;10228
2549;18141296000;17945400000;18445400000;10240;10228
2550;18141318000;17945400000;18445400000;10240;10228
2551;18141326000;17945422222;18445422222;10240;10228
2552;18141357000;17945733333;18445733333;10240;10228
2553;18141370000;17945733333;18445733333;10240;10228
2554;18141410000;17945733333;18445733333;10240;10228
2555;18141449000;17987055555;18487055555;10240;10228
2556;18141459000;17987055555;18487055555;10240;10228
2557;18141479000;17987055555;18487055555;10240;10228
2558;18141522000;17987055555;18487055555;10240;10228
2559;18141530000;17987055555;18487055555;10240;10228
2560;18141576000;17987055555;18487055555;10240;10228
2503;18141611000;17778733333;18278733333;10240;10228
2504;18141621000;17778733333;18278733333;10240;10228
2561;18141633000;17987055555;18487055555;10240;10228
2562;18141660000;17987077777;18487077777;10240;10228
2563;18141669000;17987377777;18487377777;10240;10228
2564;18141710000;17987377777;18487377777;10240;10228
2565;18141720000;17987377777;18487377777;10240;10228
2566;18141771000;18028722222;18528722222;10240;10228
2567;18141809000;18028722222;18528722222;10240;10228
2568;18141829000;18028722222;18528722222;10240;10228
2516;18141871000;17820388888;18320388888;10240;10228
2570;18141897000;18028722222;18528722222;10240;10228
2571;18141958000;18028722222;18528722222;10240;10228
2573;18142016000;18028755555;18528755555;10240;10228
2468;18142037000;17653733333;18153733333;10240;10228
2522;18142099000;17862055555;18362055555;10240;10228
2469;18142172000;17653733333;18153733333;10240;10228
2470;18142181000;17653733333;18153733333;10240;10228
2471;18142196000;17653733333;18153733333;10240;10228
2472;18142219000;17653733333;18153733333;10240;10228
2473;18142409000;17653733333;18153733333;10240;10228
2474;18142429000;17653744444;18153744444;10240;10228
2475;18142587000;17654033333;18154033333;10240;10228
2476;18142793000;17654033333;18154033333;10240;10228
2477;18142803000;17654033333;18154033333;10240;10228
2478;18142998000;17695388888;18195388888;10240;10228
2479;18143007000;17695388888;18195388888;10240;10228
2480;18143225000;17695388888;18195388888;10240;10228
2481;18143430000;17695388888;18195388888;10240;10228
2482;18143446000;17695388888;18195388888;10240;10228
2486;18143627000;17695688888;18195688888;10240;10228
2487;18143638000;17695688888;18195688888;10240;10228
2488;18143832000;17695688888;18195688888;10240;10228
2489;18143842000;17737055555;18237055555;10240;10228
2490;18144021000;17737055555;18237055555;10240;10228
2491;18144249000;17737055555;18237055555;10240;10228
2575;18301320000;18029044444;18529044444;10240;10228
2576;18301376000;18029044444;18529044444;10240;10228
2577;18301387000;18070400000;18570400000;10240;10228
2578;18301397000;18070400000;18570400000;10240;10228
2579;18301405000;18070400000;18570400000;10240;10228
2580;18301412000;18070400000;18570400000;10240;10228
2581;18301418000;18070400000;18570400000;10240;10228
2582;18301438000;18070400000;18570400000;10240;10228
2583;18301444000;18070400000;18570400000;10240;10228
2584;18301450000;18070422222;18570422222;10240;10228
2586;18301458000;18070733333;18570733333;10240;10228
2587;18301481000;18070733333;18570733333;10240;10228
2588;18301494000;18112066666;18612066666;10240;10228
2589;18301532000;18112066666;18612066666;10240;10228
2590;18301543000;18112066666;18612066666;10240;10228
2591;18301574000;18112066666;18612066666;10240;10228
2592;18301583000;18112066666;18612066666;10240;10228
2593;18301591000;18112066666;18612066666;10240;10228
2594;18301614000;18112066666;18612066666;10240;10228
2596;18301623000;18112400000;18612400000;10240;10228
2597;18301643000;18112400000;18612400000;10240;10228
2527;18301687000;17862055555;18362055555;10240;10228
2598;18301697000;18112400000;18612400000;10240;10228
2599;18301717000;18153722222;18653722222;10240;10228
2600;18301728000;18153722222;18653722222;10240;10228
2531;18301752000;17862388888;18362388888;10240;10228
2602;18301788000;18153722222;18653722222;10240;10228
2529;18301797000;17862077777;18362077777;10240;10228
2603;18301849000;18153722222;18653722222;10240;10228
2604;18301892000;18153722222;18653722222;10240;10228
2605;18301921000;18153722222;18653722222;10240;10228
2606;18301947000;18153744444;18653744444;10240;10228
2539;18301983000;17903755555;18403755555;10240;10228
2607;18301991000;18154044444;18654044444;10240;10228
2541;18302021000;17904122222;18404122222;10240;10228
2608;18302031000;18154044444;18654044444;10240;10228
2609;18302115000;18154044444;18654044444;10240;10228
2610;18302172000;18195388888;18695388888;10240;10228
2612;18302218000;18195388888;18695388888;10240;10228
2613;18302257000;18195388888;18695388888;10240;10228
2614;18302295000;18195388888;18695388888;10240;10228
2615;18302343000;18195388888;18695388888;10240;10228
2616;18302363000;18195388888;18695388888;10240;10228
2617;18302414000;18195411111;18695411111;10240;10228
2569;18302764000;18028722222;18528722222;10240;10228
2515;18303912000;17820388888;18320388888;10240;10228
2517;18303923000;17820388888;18320388888;10240;10228
2518;18304121000;17820400000;18320400000;10240;10228
2519;18304139000;17820755555;18320755555;10240;10228
2520;18304326000;17820755555;18320755555;10240;10228
2521;18304344000;17820755555;18320755555;10240;10228
2522;18304523000;17862055555;18362055555;10240;10228
2523;18304732000;17862055555;18362055555;10240;10228
2524;18304736000;17862055555;18362055555;10240;10228
2525;18304934000;17862055555;18362055555;10240;10228
2526;18304942000;17862055555;18362055555;10240;10228
2527;18305177000;17862055555;18362055555;10240;10228
2528;18305196000;17862055555;18362055555;10240;10228
2529;18305384000;17862077777;18362077777;10240;10228
2530;18305405000;17862388888;18362388888;10240;10228
2531;18305616000;17862388888;18362388888;10240;10228
2533;18305788000;17903755555;18403755555;10240;10228
2534;18305793000;17903755555;18403755555;10240;10228
2535;18305957000;17903755555;18403755555;10240;10228
2536;18305962000;17903755555;18403755555;10240;10228
2618;18461605000;18195711111;18695711111;10240;10228
2619;18461632000;18195711111;18695711111;10240;10228
2620;18461654000;18195711111;18695711111;10240;10228
2621;18461663000;18237066666;18737066666;10240;10228
2623;18461694000;18237066666;18737066666;10240;10228
2624;18461704000;18237066666;18737066666;10240;10228
2625;18461717000;18237066666;18737066666;10240;10228
2626;18461738000;18237066666;18737066666;10240;10228
2629;18461747000;18237400000;18737400000;10240;10228
2630;18461756000;18237400000;18737400000;10240;10228
2631;18461777000;18237400000;18737400000;10240;10228
2632;18461813000;18278733333;18778733333;10240;10228
2633;18461823000;18278733333;18778733333;10240;10228
2634;18461841000;18278733333;18778733333;10240;10228
2572;18461853000;18028722222;18528722222;10240;10228
2635;18461871000;18278733333;18778733333;10240;10228
2637;18461890000;18278733333;18778733333;10240;10228
2638;18461899000;18278733333;18778733333;10240;10228
2639;18461912000;18278744444;18778744444;10240;10228
2640;18461941000;18279022222;18779022222;10240;10228
2641;18461952000;18279022222;18779022222;10240;10228
2642;18461959000;18279022222;18779022222;10240;10228
2574;18461998000;18029044444;18529044444;10240;10228
2643;18462016000;18320388888;18820388888;10240;10228
2645;18462053000;18320388888;18820388888;10240;10228
2647;18462113000;18320388888;18820388888;10240;10228
2648;18462134000;18320388888;18820388888;10240;10228
2649;18462154000;18320388888;18820388888;10240;10228
2585;18462201000;18070733333;18570733333;10240;10228
2650;18462219000;18320411111;18820411111;10240;10228
2652;18462247000;18320688888;18820688888;10240;10228
2653;18462256000;18320688888;18820688888;10240;10228
2654;18462298000;18362055555;18862055555;10240;10228
2655;18462307000;18362055555;18862055555;10240;10228
2656;18462328000;18362055555;18862055555;10240;10228
2657;18462392000;18362055555;18862055555;10240;10228
2658;18462411000;18362055555;18862055555;10240;10228
2595;18462433000;18112088888;18612088888;10240;10228
2659;18462462000;18362055555;18862055555;10240;10228
2660;18462501000;18362055555;18862055555;10240;10228
2661;18462509000;18362077777;18862077777;10240;10228
2601;18462576000;18153722222;18653722222;10240;10228
2611;18462963000;18195388888;18695388888;10240;10228
2568;18464670000;18028722222;18528722222;10240;10228
2569;18464864000;18028722222;18528722222;10240;10228
2570;18465075000;18028722222;18528722222;10240;10228
2571;18465082000;18028722222;18528722222;10240;10228
2574;18465309000;18029044444;18529044444;10240;10228
2575;18465328000;18029044444;18529044444;10240;10228
2576;18465516000;18029044444;18529044444;10240;10228
2577;18465523000;18070400000;18570400000;10240;10228
2578;18465716000;18070400000;18570400000;10240;10228
2579;18465922000;18070400000;18570400000;10240;10228
2580;18465927000;18070400000;18570400000;10240;10228
2662;18621912000;18362377777;18862377777;10240;10228
2663;18621939000;18362377777;18862377777;10240;10228
2664;18621961000;18362377777;18862377777;10240;10228
2665;18621971000;18403733333;18903733333;10240;10228
2666;18621992000;18403733333;18903733333;10240;10228
2667;18622018000;18403733333;18903733333;10240;10228
2668;18622028000;18403733333;18903733333;10240;10228
2669;18622066000;18403733333;18903733333;10240;10228
2670;18622089000;18403733333;18903733333;10240;10228
2673;18622135000;18404011111;18904011111;10240;10228
2674;18622148000;18404011111;18904011111;10240;10228
2675;18622166000;18404011111;18904011111;10240;10228
2677;18622174000;18445400000;18945400000;10240;10228
2679;18622182000;18445400000;18945400000;10240;10228
2680;18622208000;18445400000;18945400000;10240;10228
2681;18622217000;18445400000;18945400000;10240;10228
2682;18622228000;18445400000;18945400000;10240;10228
2683;18622251000;18445411111;18945411111;10240;10228
2685;18622261000;18445688888;18945688888;10240;10228
2686;18622293000;18445688888;18945688888;10240;10228
2688;18622345000;18487055555;18987055555;10240;10228
2689;18622354000;18487055555;18987055555;10240;10228
2622;18622393000;18237066666;18737066666;10240;10228
2690;18622403000;18487055555;18987055555;10240;10228
2691;18622411000;18487055555;18987055555;10240;10228
2692;18622425000;18487055555;18987055555;10240;10228
2693;18622467000;18487055555;18987055555;10240;10228
2627;18622476000;18237066666;18737066666;10240;10228
2694;18622506000;18487077777;18987077777;10240;10228
2695;18622552000;18487366666;18987366666;10240;10228
2628;18622598000;18237088888;18737088888;10240;10228
2697;18622608000;18487366666;18987366666;10240;10228
2698;18622620000;18528733333;19028733333;10240;10228
2699;18622657000;18528733333;19028733333;10240;10228
2636;18622682000;18278733333;18778733333;10240;10228
2700;18622714000;18528733333;19028733333;10240;10228
2701;18622723000;18528733333;19028733333;10240;10228
2702;18622787000;18528733333;19028733333;10240;10228
2703;18622803000;18528733333;19028733333;10240;10228
2704;18622830000;18528733333;19028733333;10240;10228
2705;18622849000;18528744444;19028744444;10240;10228
2644;18622921000;18320388888;18820388888;10240;10228
2646;18622946000;18320388888;18820388888;10240;10228
2651;18623111000;18320688888;18820688888;10240;10228
2600;18623963000;18153722222;18653722222;10240;10228
2601;18624160000;18153722222;18653722222;10240;10228
2602;18624368000;18153722222;18653722222;10240;10228
2603;18624383000;18153722222;18653722222;10240;10228
2604;18624563000;18153722222;18653722222;10240;10228
2605;18624573000;18153722222;18653722222;10240;10228
2606;18624767000;18153744444;18653744444;10240;10228
2607;18624777000;18154044444;18654044444;10240;10228
2608;18624972000;18154044444;18654044444;10240;10228
2609;18624983000;18154044444;18654044444;10240;10228
2610;18625185000;18195388888;18695388888;10240;10228
2611;18625417000;18195388888;18695388888;10240;10228
2612;18625422000;18195388888;18695388888;10240;10228
2613;18625649000;18195388888;18695388888;10240;10228
2614;18625653000;18195388888;18695388888;10240;10228
2615;18625826000;18195388888;18695388888;10240;10228
2616;18625831000;18195388888;18695388888;10240;10228
2617;18625979000;18195411111;18695411111;10240;10228
2619;18626237000;18195711111;18695711111;10240;10228
2620;18626257000;18195711111;18695711111;10240;10228
2621;18626449000;18237066666;18737066666;10240;10228
2622;18626460000;18237066666;18737066666;10240;10228
2623;18626662000;18237066666;18737066666;10240;10228
2706;18782244000;18529022222;19029022222;10240;10228
2707;18782299000;18529022222;19029022222;10240;10228
2708;18782320000;18529022222;19029022222;10240;10228
2709;18782331000;18570411111;19070411111;10240;10228
2711;18782339000;18570411111;19070411111;10240;10228
2712;18782349000;18570411111;19070411111;10240;10228
2713;18782356000;18570411111;19070411111;10240;10228
2714;18782378000;18570411111;19070411111;10240;10228
2715;18782406000;18570411111;19070411111;10240;10228
2716;18782437000;18570422222;19070422222;10240;10228
2717;18782446000;18570711111;19070711111;10240;10228
2718;18782453000;18570711111;19070711111;10240;10228
2719;18782478000;18570711111;19070711111;10240;10228
2720;18782487000;18612066666;19112066666;10240;10228
2721;18782500000;18612066666;19112066666;10240;10228
2723;18782533000;18612066666;19112066666;10240;10228
2724;18782543000;18612066666;19112066666;10240;10228
2725;18782550000;18612066666;19112066666;10240;10228
2726;18782595000;18612066666;19112066666;10240;10228
2727;18782615000;18612077777;19112077777;10240;10228
2729;18782633000;18612366666;19112366666;10240;10228
2730;18782642000;18612366666;19112366666;10240;10228
2731;18782673000;18653722222;19153722222;10240;10228
2732;18782693000;18653722222;19153722222;10240;10228
2733;18782722000;18653722222;19153722222;10240;10228
2734;18782743000;18653722222;19153722222;10240;10228
2735;18782782000;18653722222;19153722222;10240;10228
2736;18782814000;18653722222;19153722222;10240;10228
2737;18782848000;18653722222;19153722222;10240;10228
2738;18782877000;18653744444;19153744444;10240;10228
2671;18782886000;18403733333;18903733333;10240;10228
2672;18782898000;18403755555;18903755555;10240;10228
2739;18782921000;18654022222;19154022222;10240;10228
2740;18782944000;18654022222;19154022222;10240;10228
2741;18782994000;18654022222;19154022222;10240;10228
2676;18783099000;18445400000;18945400000;10240;10228
2678;18783124000;18445400000;18945400000;10240;10228
2742;18783136000;18695400000;19195400000;10240;10228
2743;18783190000;18695400000;19195400000;10240;10228
2744;18783210000;18695400000;19195400000;10240;10228
2745;18783253000;18695400000;19195400000;10240;10228
2746;18783279000;18695400000;19195400000;10240;10228
2747;18783289000;18695400000;19195400000;10240;10228
2684;18783336000;18445688888;18945688888;10240;10228
2748;18783373000;18695400000;19195400000;10240;10228
2749;18783409000;18695411111;19195411111;10240;10228
2687;18783447000;18487055555;18987055555;10240;10228
2696;18783706000;18487366666;18987366666;10240;10228
2643;18784219000;18320388888;18820388888;10240;10228
2644;18784226000;18320388888;18820388888;10240;10228
2645;18784440000;18320388888;18820388888;10240;10228
2646;18784640000;18320388888;18820388888;10240;10228
2647;18784651000;18320388888;18820388888;10240;10228
2648;18784844000;18320388888;18820388888;10240;10228
2649;18784854000;18320388888;18820388888;10240;10228
2650;18785033000;18320411111;18820411111;10240;10228
2651;18785049000;18320688888;18820688888;10240;10228
2652;18785263000;18320688888;18820688888;10240;10228
2653;18785277000;18320688888;18820688888;10240;10228
2654;18785458000;18362055555;18862055555;10240;10228
2655;18785662000;18362055555;18862055555;10240;10228
2656;18785672000;18362055555;18862055555;10240;10228
2657;18785867000;18362055555;18862055555;10240;10228
2658;18785877000;18362055555;18862055555;10240;10228
2659;18786109000;18362055555;18862055555;10240;10228
2660;18786323000;18362055555;18862055555;10240;10228
2661;18786333000;18362077777;18862077777;10240;10228
2662;18786341000;18362377777;18862377777;10240;10228
2663;18786516000;18362377777;18862377777;10240;10228
2664;18786720000;18362377777;18862377777;10240;10228
2665;18786726000;18403733333;18903733333;10240;10228
2666;18786920000;18403733333;18903733333;10240;10228
2667;18786926000;18403733333;18903733333;10240;10228
2668;18787157000;18403733333;18903733333;10240;10228
2750;18942490000;18695688888;19195688888;10240;10228
2751;18942527000;18695688888;19195688888;10240;10228
2752;18942569000;18695688888;19195688888;10240;10228
2753;18942578000;18737066666;19237066666;10240;10228
2754;18942595000;18737066666;19237066666;10240;10228
2755;18942628000;18737066666;19237066666;10240;10228
2756;18942638000;18737066666;19237066666;10240;10228
2757;18942659000;18737066666;19237066666;10240;10228
2758;18942668000;18737066666;19237066666;10240;10228
2759;18942692000;18737066666;19237066666;10240;10228
2761;18942722000;18737366666;19237366666;10240;10228
2762;18942733000;18737366666;19237366666;10240;10228
2763;18942752000;18737366666;19237366666;10240;10228
2764;18942765000;18778733333;19278733333;10240;10228
2765;18942779000;18778733333;19278733333;10240;10228
2766;18942809000;18778733333;19278733333;10240;10228
2767;18942819000;18778733333;19278733333;10240;10228
2769;18942875000;18778733333;19278733333;10240;10228
2770;18942915000;18778733333;19278733333;10240;10228
2710;18942964000;18570411111;19070411111;10240;10228
2771;18942974000;18778744444;19278744444;10240;10228
2772;18942993000;18779022222;19279022222;10240;10228
2773;18943023000;18779022222;19279022222;10240;10228
2774;18943125000;18779022222;19279022222;10240;10228
2775;18943163000;18820388888;19320388888;10240;10228
2776;18943204000;18820388888;19320388888;10240;10228
2777;18943227000;18820388888;19320388888;10240;10228
2722;18943320000;18612066666;19112066666;10240;10228
2779;18943338000;18820388888;19320388888;10240;10228
2780;18943367000;18820388888;19320388888;10240;10228
2782;18943427000;18820411111;19320411111;10240;10228
2728;18943456000;18612366666;19112366666;10240;10228
2783;18943464000;18820700000;19320700000;10240;10228
2784;18943542000;18820700000;19320700000;10240;10228
2785;18943575000;18820700000;19320700000;10240;10228
2787;18943658000;18862055555;19362055555;10240;10228
2788;18943668000;18862055555;19362055555;10240;10228
2675;18943700000;18404011111;18904011111;10240;10228
2676;18943729000;18445400000;18945400000;10240;10228
2789;18943759000;18862055555;19362055555;10240;10228
2790;18943816000;18862055555;19362055555;10240;10228
2791;18943837000;18862055555;19362055555;10240;10228
2792;18943851000;18862055555;19362055555;10240;10228
2793;18943862000;18862077777;19362077777;10240;10228
2677;18943936000;18445400000;18945400000;10240;10228
2678;18943944000;18445400000;18945400000;10240;10228
2679;18944024000;18445400000;18945400000;10240;10228
2680;18944133000;18445400000;18945400000;10240;10228
2681;18944151000;18445400000;18945400000;10240;10228
2682;18944329000;18445400000;18945400000;10240;10228
2683;18944355000;18445411111;18945411111;10240;10228
2684;18944543000;18445688888;18945688888;10240;10228
2685;18944554000;18445688888;18945688888;10240;10228
2686;18944752000;18445688888;18945688888;10240;10228
2687;18944959000;18487055555;18987055555;10240;10228
2688;18944970000;18487055555;18987055555;10240;10228
2689;18945173000;18487055555;18987055555;10240;10228
2690;18945190000;18487055555;18987055555;10240;10228
2691;18945368000;18487055555;18987055555;10240;10228
2692;18945384000;18487055555;18987055555;10240;10228
2693;18945581000;18487055555;18987055555;10240;10228
2694;18945593000;18487077777;18987077777;10240;10228
2695;18945777000;18487366666;18987366666;10240;10228
2696;18945982000;18487366666;18987366666;10240;10228
2697;18945993000;18487366666;18987366666;10240;10228
2699;18946196000;18528733333;19028733333;10240;10228
2701;18946213000;18528733333;19028733333;10240;10228
2703;18946392000;18528733333;19028733333;10240;10228
2704;18946600000;18528733333;19028733333;10240;10228
2705;18946609000;18528744444;19028744444;10240;10228
2794;19102768000;18862400000;19362400000;10240;10228
2795;19102782000;18862400000;19362400000;10240;10228
2796;19102791000;18862400000;19362400000;10240;10228
2797;19102808000;18903733333;19403733333;10240;10228
2798;19102818000;18903733333;19403733333;10240;10228
2799;19102839000;18903733333;19403733333;10240;10228
2801;19102850000;18903733333;19403733333;10240;10228
2802;19102862000;18903733333;19403733333;10240;10228
2803;19102885000;18903733333;19403733333;10240;10228
2804;19102894000;18903755555;19403755555;10240;10228
2805;19102905000;18904033333;19404033333;10240;10228
2806;19102943000;18904033333;19404033333;10240;10228
2807;19102965000;18904033333;19404033333;10240;10228
2808;19102982000;18945388888;19445388888;10240;10228
2809;19103015000;18945388888;19445388888;10240;10228
2810;19103025000;18945388888;19445388888;10240;10228
2811;19103051000;18945388888;19445388888;10240;10228
2813;19103093000;18945388888;19445388888;10240;10228
2814;19103106000;18945388888;19445388888;10240;10228
2815;19103131000;18945411111;19445411111;10240;10228
2816;19103170000;18945722222;19445722222;10240;10228
2817;19103196000;18945722222;19445722222;10240;10228
2818;19103216000;18945722222;19445722222;10240;10228
2819;19103235000;18987055555;19487055555;10240;10228
2820;19103258000;18987055555;19487055555;10240;10228
2821;19103278000;18987055555;19487055555;10240;10228
2822;19103291000;18987055555;19487055555;10240;10228
2823;19103318000;18987055555;19487055555;10240;10228
2825;19103351000;18987055555;19487055555;10240;10228
2760;19103384000;18737088888;19237088888;10240;10228
2826;19103393000;18987077777;19487077777;10240;10228
2768;19103474000;18778733333;19278733333;10240;10228
2778;19103813000;18820388888;19320388888;10240;10228
2781;19103946000;18820388888;19320388888;10240;10228
2786;19104208000;18862055555;19362055555;10240;10228
2721;19104634000;18612066666;19112066666;10240;10228
2722;19104820000;18612066666;19112066666;10240;10228
2724;19104828000;18612066666;19112066666;10240;10228
2725;19104987000;18612066666;19112066666;10240;10228
2726;19105231000;18612066666;19112066666;10240;10228
2728;19105237000;18612366666;19112366666;10240;10228
2729;19105435000;18612366666;19112366666;10240;10228
2730;19105439000;18612366666;19112366666;10240;10228
2731;19105638000;18653722222;19153722222;10240;10228
2732;19105842000;18653722222;19153722222;10240;10228
2733;19105848000;18653722222;19153722222;10240;10228
2734;19106012000;18653722222;19153722222;10240;10228
2735;19106017000;18653722222;19153722222;10240;10228
2736;19106245000;18653722222;19153722222;10240;10228
2737;19106250000;18653722222;19153722222;10240;10228
2738;19106455000;18653744444;19153744444;10240;10228
2739;19106460000;18654022222;19154022222;10240;10228
2741;19106661000;18654022222;19154022222;10240;10228
2742;19106865000;18695400000;19195400000;10240;10228
2743;19106871000;18695400000;19195400000;10240;10228
2744;19107036000;18695400000;19195400000;10240;10228
2745;19107048000;18695400000;19195400000;10240;10228
2746;19107240000;18695400000;19195400000;10240;10228
2747;19107481000;18695400000;19195400000;10240;10228
2748;19107486000;18695400000;19195400000;10240;10228
2749;19107490000;18695411111;19195411111;10240;10228
2750;19107683000;18695688888;19195688888;10240;10228
2752;19107890000;18695688888;19195688888;10240;10228
2753;19107896000;18737066666;19237066666;10240;10228
2754;19108095000;18737066666;19237066666;10240;10228
2755;19108299000;18737066666;19237066666;10240;10228
2756;19108304000;18737066666;19237066666;10240;10228
2757;19108505000;18737066666;19237066666;10240;10228
2758;19108509000;18737066666;19237066666;10240;10228
2827;19263031000;18987355555;19487355555;10240;10228
2828;19263080000;18987355555;19487355555;10240;10228
2829;19263103000;18987355555;19487355555;10240;10228
2830;19263150000;19028733333;19528733333;10240;10228
2831;19263171000;19028733333;19528733333;10240;10228
2832;19263202000;19028733333;19528733333;10240;10228
2833;19263211000;19028733333;19528733333;10240;10228
2834;19263228000;19028733333;19528733333;10240;10228
2835;19263243000;19028733333;19528733333;10240;10228
2836;19263257000;19028733333;19528733333;10240;10228
2837;19263268000;19028755555;19528755555;10240;10228
2838;19263280000;19029011111;19529011111;10240;10228
2839;19263303000;19029011111;19529011111;10240;10228
2840;19263312000;19029011111;19529011111;10240;10228
2841;19263323000;19070400000;19570400000;10240;10228
2842;19263376000;19070400000;19570400000;10240;10228
2843;19263384000;19070400000;19570400000;10240;10228
2844;19263403000;19070400000;19570400000;10240;10228
2845;19263412000;19070400000;19570400000;10240;10228
2846;19263425000;19070400000;19570400000;10240;10228
2847;19263446000;19070400000;19570400000;10240;10228
2851;19263467000;19070700000;19570700000;10240;10228
2852;19263496000;19112055555;19612055555;10240;10228
2853;19263529000;19112055555;19612055555;10240;10228
2855;19263569000;19112055555;19612055555;10240;10228
2856;19263616000;19112055555;19612055555;10240;10228
2800;19263625000;18903733333;19403733333;10240;10228
2857;19263645000;19112055555;19612055555;10240;10228
2858;19263668000;19112055555;19612055555;10240;10228
2859;19263714000;19112077777;19612077777;10240;10228
2861;19263778000;19112388888;19612388888;10240;10228
2862;19263806000;19112388888;19612388888;10240;10228
2863;19263825000;19153722222;19653722222;10240;10228
2864;19263867000;19153722222;19653722222;10240;10228
2865;19263886000;19153722222;19653722222;10240;10228
2866;19263915000;19153722222;19653722222;10240;10228
2867;19263965000;19153722222;19653722222;10240;10228
2868;19264010000;19153722222;19653722222;10240;10228
2812;19264053000;18945388888;19445388888;10240;10228
2869;19264079000;19153722222;19653722222;10240;10228
2870;19264117000;19153744444;19653744444;10240;10228
2767;19264268000;18778733333;19278733333;10240;10228
2768;19264277000;18778733333;19278733333;10240;10228
2769;19264397000;18778733333;19278733333;10240;10228
2770;19264413000;18778733333;19278733333;10240;10228
2771;19264575000;18778744444;19278744444;10240;10228
2772;19264587000;18779022222;19279022222;10240;10228
2773;19264792000;18779022222;19279022222;10240;10228
2775;19265000000;18820388888;19320388888;10240;10228
2777;19265009000;18820388888;19320388888;10240;10228
2778;19265212000;18820388888;19320388888;10240;10228
2779;19265228000;18820388888;19320388888;10240;10228
2780;19265416000;18820388888;19320388888;10240;10228
2781;19265431000;18820388888;19320388888;10240;10228
2782;19265613000;18820411111;19320411111;10240;10228
2783;19265624000;18820700000;19320700000;10240;10228
2784;19265817000;18820700000;19320700000;10240;10228
2785;19266007000;18820700000;19320700000;10240;10228
2787;19266015000;18862055555;19362055555;10240;10228
2788;19266236000;18862055555;19362055555;10240;10228
2789;19266251000;18862055555;19362055555;10240;10228
2790;19266433000;18862055555;19362055555;10240;10228
2791;19266637000;18862055555;19362055555;10240;10228
2792;19266648000;18862055555;19362055555;10240;10228
2793;19266839000;18862077777;19362077777;10240;10228
2824;19423287000;18987055555;19487055555;10240;10228
2871;19423310000;19154033333;19654033333;10240;10228
2872;19423319000;19154033333;19654033333;10240;10228
2873;19423339000;19154033333;19654033333;10240;10228
2874;19423348000;19195400000;19695400000;10240;10228
2875;19423357000;19195400000;19695400000;10240;10228
2876;19423382000;19195400000;19695400000;10240;10228
2879;19423392000;19195400000;19695400000;10240;10228
2880;19423400000;19195400000;19695400000;10240;10228
2881;19423423000;19195422222;19695422222;10240;10228
2883;19423432000;19195700000;19695700000;10240;10228
2884;19423448000;19195700000;19695700000;10240;10228
2885;19423455000;19237066666;19737066666;10240;10228
2886;19423501000;19237066666;19737066666;10240;10228
2887;19423510000;19237066666;19737066666;10240;10228
2889;19423534000;19237066666;19737066666;10240;10228
2890;19423543000;19237066666;19737066666;10240;10228
2891;19423551000;19237066666;19737066666;10240;10228
2892;19423575000;19237088888;19737088888;10240;10228
2893;19423584000;19237400000;19737400000;10240;10228
2894;19423596000;19237400000;19737400000;10240;10228
2895;19423633000;19237400000;19737400000;10240;10228
2896;19423654000;19278722222;19778722222;10240;10228
2898;19423701000;19278722222;19778722222;10240;10228
2899;19423729000;19278722222;19778722222;10240;10228
2900;19423737000;19278722222;19778722222;10240;10228
2901;19423757000;19278722222;19778722222;10240;10228
2902;19423785000;19278722222;19778722222;10240;10228
2903;19423794000;19278744444;19778744444;10240;10228
2904;19423829000;19279033333;19779033333;10240;10228
2905;19423849000;19279033333;19779033333;10240;10228
2906;19423858000;19279033333;19779033333;10240;10228
2907;19423888000;19320388888;19820388888;10240;10228
2908;19423908000;19320388888;19820388888;10240;10228
2909;19423935000;19320388888;19820388888;10240;10228
2910;19423957000;19320388888;19820388888;10240;10228
2911;19423981000;19320388888;19820388888;10240;10228
2913;19423991000;19320388888;19820388888;10240;10228
2914;19424012000;19320411111;19820411111;10240;10228
2848;19424087000;19070411111;19570411111;10240;10228
2849;19424123000;19070700000;19570700000;10240;10228
2850;19424137000;19070700000;19570700000;10240;10228
2854;19424225000;19112055555;19612055555;10240;10228
2860;19424377000;19112388888;19612388888;10240;10228
2811;19425127000;18945388888;19445388888;10240;10228
2812;19425337000;18945388888;19445388888;10240;10228
2813;19425354000;18945388888;19445388888;10240;10228
2814;19425532000;18945388888;19445388888;10240;10228
2815;19425544000;18945411111;19445411111;10240;10228
2817;19425738000;18945722222;19445722222;10240;10228
2818;19425749000;18945722222;19445722222;10240;10228
2819;19425940000;18987055555;19487055555;10240;10228
2820;19425951000;18987055555;19487055555;10240;10228
2822;19426157000;18987055555;19487055555;10240;10228
2823;19426353000;18987055555;19487055555;10240;10228
2824;19426364000;18987055555;19487055555;10240;10228
2825;19426556000;18987055555;19487055555;10240;10228
2826;19426566000;18987077777;19487077777;10240;10228
2827;19426761000;18987355555;19487355555;10240;10228
2828;19426771000;18987355555;19487355555;10240;10228
2829;19426948000;18987355555;19487355555;10240;10228
2830;19427171000;19028733333;19528733333;10240;10228
2831;19427180000;19028733333;19528733333;10240;10228
2832;19427375000;19028733333;19528733333;10240;10228
2833;19427393000;19028733333;19528733333;10240;10228
2834;19427612000;19028733333;19528733333;10240;10228
2915;19583620000;19320688888;19820688888;10240;10228
2916;19583661000;19320688888;19820688888;10240;10228
2917;19583682000;19320688888;19820688888;10240;10228
2918;19583700000;19362066666;19862066666;10240;10228
2919;19583719000;19362066666;19862066666;10240;10228
2920;19583740000;19362066666;19862066666;10240;10228
2921;19583770000;19362066666;19862066666;10240;10228
2922;19583794000;19362066666;19862066666;10240;10228
2923;19583805000;19362066666;19862066666;10240;10228
2924;19583814000;19362066666;19862066666;10240;10228
2925;19583840000;19362088888;19862088888;10240;10228
2927;19583849000;19362366666;19862366666;10240;10228
2928;19583882000;19362366666;19862366666;10240;10228
2929;19583893000;19403733333;19903733333;10240;10228
2930;19583901000;19403733333;19903733333;10240;10228
2931;19583908000;19403733333;19903733333;10240;10228
2932;19583914000;19403733333;19903733333;10240;10228
2933;19583942000;19403733333;19903733333;10240;10228
2934;19583951000;19403733333;19903733333;10240;10228
2935;19583987000;19403733333;19903733333;10240;10228
2936;19584014000;19403744444;19903744444;10240;10228
2937;19584023000;19404000000;19904000000;10240;10228
2938;19584052000;19404000000;19904000000;10240;10228
2939;19584116000;19404000000;19904000000;10240;10228
2940;19584125000;19445400000;19945400000;10240;10228
2941;19584153000;19445400000;19945400000;10240;10228
2942;19584202000;19445400000;19945400000;10240;10228
2943;19584238000;19445400000;19945400000;10240;10228
2944;19584261000;19445400000;19945400000;10240;10228
2877;19584302000;19195400000;19695400000;10240;10228
2878;19584313000;19195400000;19695400000;10240;10228
2945;19584324000;19445400000;19945400000;10240;10228
2946;19584361000;19445400000;19945400000;10240;10228
2882;19584439000;19195700000;19695700000;10240;10228
2947;19584449000;19445422222;19945422222;10240;10228
2948;19584462000;19445688888;19945688888;10240;10228
2949;19584495000;19445688888;19945688888;10240;10228
2950;19584556000;19445688888;19945688888;10240;10228
2888;19584585000;19237066666;19737066666;10240;10228
2951;19584618000;19487055555;19987055555;10240;10228
2952;19584693000;19487055555;19987055555;10240;10228
2953;19584747000;19487055555;19987055555;10240;10228
2954;19584756000;19487055555;19987055555;10240;10228
2955;19584853000;19487055555;19987055555;10240;10228
2956;19584875000;19487055555;19987055555;10240;10228
2897;19585012000;19278722222;19778722222;10240;10228
2957;19585038000;19487055555;19987055555;10240;10228
2958;19585095000;19487077777;19987077777;10240;10228
2849;19585535000;19070700000;19570700000;10240;10228
2850;19585545000;19070700000;19570700000;10240;10228
2851;19585633000;19070700000;19570700000;10240;10228
2852;19585649000;19112055555;19612055555;10240;10228
2853;19585829000;19112055555;19612055555;10240;10228
2854;19586035000;19112055555;19612055555;10240;10228
2856;19586049000;19112055555;19612055555;10240;10228
2858;19586240000;19112055555;19612055555;10240;10228
2859;19586249000;19112077777;19612077777;10240;10228
2860;19586443000;19112388888;19612388888;10240;10228
2861;19586454000;19112388888;19612388888;10240;10228
2862;19586648000;19112388888;19612388888;10240;10228
2864;19586659000;19153722222;19653722222;10240;10228
2865;19586852000;19153722222;19653722222;10240;10228
2866;19587078000;19153722222;19653722222;10240;10228
2868;19587088000;19153722222;19653722222;10240;10228
2869;19587263000;19153722222;19653722222;10240;10228
2870;19587272000;19153744444;19653744444;10240;10228
2871;19587467000;19154033333;19654033333;10240;10228
2872;19587478000;19154033333;19654033333;10240;10228
2873;19587672000;19154033333;19654033333;10240;10228
2874;19587878000;19195400000;19695400000;10240;10228
2875;19587887000;19195400000;19695400000;10240;10228
2876;19588106000;19195400000;19695400000;10240;10228
2877;19588110000;19195400000;19695400000;10240;10228
2878;19588321000;19195400000;19695400000;10240;10228
2912;19743893000;19320388888;19820388888;10240;10228
2959;19743908000;19487366666;19987366666;10240;10228
2960;19743932000;19487366666;19987366666;10240;10228
2962;19743942000;19528733333;20028733333;10240;10228
2963;19743952000;19528733333;20028733333;10240;10228
2964;19743969000;19528733333;20028733333;10240;10228
2965;19743996000;19528733333;20028733333;10240;10228
2966;19744005000;19528733333;20028733333;10240;10228
2967;19744029000;19528733333;20028733333;10240;10228
2968;19744039000;19528733333;20028733333;10240;10228
2969;19744064000;19528755555;20028755555;10240;10228
2970;19744109000;19529011111;20029011111;10240;10228
2971;19744129000;19529011111;20029011111;10240;10228
2972;19744154000;19529011111;20029011111;10240;10228
2973;19744164000;19570400000;20070400000;10240;10228
2974;19744183000;19570400000;20070400000;10240;10228
2975;19744194000;19570400000;20070400000;10240;10228
2976;19744216000;19570400000;20070400000;10240;10228
2977;19744238000;19570400000;20070400000;10240;10228
2978;19744260000;19570400000;20070400000;10240;10228
2979;19744288000;19570400000;20070400000;10240;10228
2980;19744309000;19570411111;20070411111;10240;10228
2981;19744329000;19570700000;20070700000;10240;10228
2982;19744343000;19570700000;20070700000;10240;10228
2983;19744356000;19570700000;20070700000;10240;10228
2984;19744387000;19612055555;20112055555;10240;10228
2985;19744406000;19612055555;20112055555;10240;10228
2986;19744415000;19612055555;20112055555;10240;10228
2987;19744444000;19612055555;20112055555;10240;10228
2988;19744465000;19612055555;20112055555;10240;10228
2989;19744496000;19612055555;20112055555;10240;10228
2990;19744534000;19612055555;20112055555;10240;10228
2991;19744566000;19612077777;20112077777;10240;10228
2992;19744586000;19612355555;20112355555;10240;10228
2993;19744608000;19612355555;20112355555;10240;10228
2926;19744635000;19362366666;19862366666;10240;10228
2994;19744645000;19612355555;20112355555;10240;10228
2995;19744667000;19653722222;20153722222;10240;10228
2996;19744722000;19653722222;20153722222;10240;10228
2997;19744730000;19653722222;20153722222;10240;10228
2998;19744751000;19653722222;20153722222;10240;10228
2999;19744769000;19653722222;20153722222;10240;10228
3000;19744804000;19653722222;20153722222;10240;10228
3001;19744831000;19653722222;20153722222;10240;10228
3002;19744840000;19653744444;20153744444;10240;10228
2898;19745939000;19278722222;19778722222;10240;10228
2899;19745946000;19278722222;19778722222;10240;10228
2900;19746147000;19278722222;19778722222;10240;10228
2901;19746352000;19278722222;19778722222;10240;10228
2902;19746401000;19278722222;19778722222;10240;10228
2903;19746584000;19278744444;19778744444;10240;10228
2904;19746590000;19279033333;19779033333;10240;10228
2905;19746788000;19279033333;19779033333;10240;10228
2907;19746794000;19320388888;19820388888;10240;10228
2908;19746957000;19320388888;19820388888;10240;10228
2909;19747190000;19320388888;19820388888;10240;10228
2910;19747196000;19320388888;19820388888;10240;10228
2911;19747401000;19320388888;19820388888;10240;10228
2912;19747407000;19320388888;19820388888;10240;10228
2913;19747611000;19320388888;19820388888;10240;10228
2914;19747617000;19320411111;19820411111;10240;10228
2916;19747805000;19320688888;19820688888;10240;10228
2917;19747811000;19320688888;19820688888;10240;10228
2918;19747980000;19362066666;19862066666;10240;10228
2919;19748215000;19362066666;19862066666;10240;10228
2920;19748220000;19362066666;19862066666;10240;10228
2921;19748427000;19362066666;19862066666;10240;10228
2922;19748433000;19362066666;19862066666;10240;10228
2923;19748628000;19362066666;19862066666;10240;10228
2924;19748633000;19362066666;19862066666;10240;10228
2925;19748832000;19362088888;19862088888;10240;10228
2926;19748838000;19362366666;19862366666;10240;10228
3003;19904206000;19654000000;20154000000;10240;10228
3004;19904230000;19654000000;20154000000;10240;10228
3005;19904244000;19654000000;20154000000;10240;10228
3006;19904272000;19695400000;20195400000;10240;10228
3007;19904281000;19695400000;20195400000;10240;10228
3008;19904292000;19695400000;20195400000;10240;10228
3009;19904314000;19695400000;20195400000;10240;10228
3011;19904323000;19695400000;20195400000;10240;10228
3012;19904340000;19695400000;20195400000;10240;10228
3014;19904358000;19695666666;20195666666;10240;10228
3015;19904384000;19695666666;20195666666;10240;10228
3018;19904402000;19737066666;20237066666;10240;10228
3019;19904415000;19737066666;20237066666;10240;10228
3020;19904438000;19737066666;20237066666;10240;10228
3023;19904448000;19737066666;20237066666;10240;10228
3024;19904456000;19737088888;20237088888;10240;10228
3026;19904479000;19737355555;20237355555;10240;10228
3027;19904489000;19737355555;20237355555;10240;10228
3028;19904503000;19778722222;20278722222;10240;10228
2927;19904515000;19362366666;19862366666;10240;10228
2961;19904537000;19487366666;19987366666;10240;10228
3029;19904577000;19778722222;20278722222;10240;10228
3030;19904585000;19778722222;20278722222;10240;10228
3032;19904612000;19778722222;20278722222;10240;10228
3033;19904629000;19778722222;20278722222;10240;10228
3034;19904643000;19778722222;20278722222;10240;10228
3036;19904664000;19779011111;20279011111;10240;10228
3038;19904695000;19779011111;20279011111;10240;10228
3039;19904704000;19820388888;20320388888;10240;10228
3040;19904717000;19820388888;20320388888;10240;10228
2928;19904733000;19362366666;19862366666;10240;10228
3042;19904756000;19820388888;20320388888;10240;10228
3043;19904775000;19820388888;20320388888;10240;10228
3044;19904806000;19820388888;20320388888;10240;10228
3045;19904824000;19820388888;20320388888;10240;10228
3046;19904837000;19820411111;20320411111;10240;10228
2929;19904858000;19403733333;19903733333;10240;10228
2930;19904869000;19403733333;19903733333;10240;10228
2931;19905016000;19403733333;19903733333;10240;10228
2934;19905041000;19403733333;19903733333;10240;10228
2935;19905205000;19403733333;19903733333;10240;10228
2936;19905219000;19403744444;19903744444;10240;10228
2937;19905408000;19404000000;19904000000;10240;10228
2938;19905425000;19404000000;19904000000;10240;10228
2939;19905606000;19404000000;19904000000;10240;10228
2941;19905811000;19445400000;19945400000;10240;10228
2942;19905822000;19445400000;19945400000;10240;10228
2943;19906000000;19445400000;19945400000;10240;10228
2944;19906009000;19445400000;19945400000;10240;10228
2945;19906228000;19445400000;19945400000;10240;10228
2946;19906426000;19445400000;19945400000;10240;10228
2947;19906438000;19445422222;19945422222;10240;10228
2948;19906630000;19445688888;19945688888;10240;10228
2949;19906641000;19445688888;19945688888;10240;10228
2950;19906834000;19445688888;19945688888;10240;10228
2952;19906846000;19487055555;19987055555;10240;10228
2953;19907023000;19487055555;19987055555;10240;10228
2954;19907286000;19487055555;19987055555;10240;10228
2955;19907296000;19487055555;19987055555;10240;10228
2956;19907312000;19487055555;19987055555;10240;10228
2957;19907447000;19487055555;19987055555;10240;10228
2958;19907651000;19487077777;19987077777;10240;10228
2959;19907668000;19487366666;19987366666;10240;10228
2960;19907857000;19487366666;19987366666;10240;10228
2961;19907874000;19487366666;19987366666;10240;10228
2962;19908060000;19528733333;20028733333;10240;10228
2964;19908278000;19528733333;20028733333;10240;10228
2965;19908304000;19528733333;20028733333;10240;10228
2966;19908473000;19528733333;20028733333;10240;10228
2967;19908484000;19528733333;20028733333;10240;10228
2968;19908676000;19528733333;20028733333;10240;10228
2969;19908691000;19528755555;20028755555;10240;10228
2970;19908881000;19529011111;20029011111;10240;10228
2971;19908891000;19529011111;20029011111;10240;10228
3047;20064528000;19820688888;20320688888;10240;10228
3048;20064546000;19820688888;20320688888;10240;10228
3049;20064564000;19820688888;20320688888;10240;10228
3050;20064575000;19862066666;20362066666;10240;10228
3051;20064587000;19862066666;20362066666;10240;10228
3052;20064613000;19862066666;20362066666;10240;10228
3053;20064622000;19862066666;20362066666;10240;10228
3054;20064639000;19862066666;20362066666;10240;10228
3055;20064656000;19862066666;20362066666;10240;10228
3057;20064666000;19862088888;20362088888;10240;10228
3059;20064682000;19862366666;20362366666;10240;10228
3060;20064691000;19862366666;20362366666;10240;10228
3063;20064738000;19903733333;20403733333;10240;10228
3064;20064747000;19903733333;20403733333;10240;10228
3065;20064763000;19903733333;20403733333;10240;10228
3066;20064774000;19903733333;20403733333;10240;10228
3067;20064789000;19903733333;20403733333;10240;10228
3068;20064810000;19903755555;20403755555;10240;10228
3069;20064822000;19904033333;20404033333;10240;10228
2972;20064835000;19529011111;20029011111;10240;10228
3070;20064859000;19904033333;20404033333;10240;10228
3071;20064869000;19904033333;20404033333;10240;10228
3010;20064883000;19695400000;20195400000;10240;10228
3072;20064910000;19945388888;20445388888;10240;10228
3013;20064952000;19695422222;20195422222;10240;10228
3073;20064974000;19945388888;20445388888;10240;10228
3074;20064997000;19945388888;20445388888;10240;10228
3016;20065037000;19695666666;20195666666;10240;10228
3017;20065080000;19737066666;20237066666;10240;10228
3075;20065134000;19945388888;20445388888;10240;10228
3076;20065164000;19945388888;20445388888;10240;10228
3021;20065186000;19737066666;20237066666;10240;10228
2973;20065209000;19570400000;20070400000;10240;10228
2974;20065227000;19570400000;20070400000;10240;10228
3022;20065271000;19737066666;20237066666;10240;10228
3077;20065315000;19945388888;20445388888;10240;10228
3078;20065414000;19945388888;20445388888;10240;10228
3025;20065434000;19737355555;20237355555;10240;10228
3079;20065458000;19945411111;20445411111;10240;10228
2975;20065549000;19570400000;20070400000;10240;10228
3031;20065606000;19778722222;20278722222;10240;10228
2976;20065672000;19570400000;20070400000;10240;10228
2977;20065693000;19570400000;20070400000;10240;10228
3041;20065724000;19820388888;20320388888;10240;10228
3035;20065790000;19778744444;20278744444;10240;10228
3037;20065804000;19779011111;20279011111;10240;10228
2978;20065850000;19570400000;20070400000;10240;10228
2979;20065862000;19570400000;20070400000;10240;10228
2982;20065876000;19570700000;20070700000;10240;10228
2983;20065967000;19570700000;20070700000;10240;10228
2985;20065996000;19612055555;20112055555;10240;10228
2986;20066165000;19612055555;20112055555;10240;10228
2987;20066193000;19612055555;20112055555;10240;10228
2988;20066369000;19612055555;20112055555;10240;10228
2989;20066565000;19612055555;20112055555;10240;10228
2990;20066588000;19612055555;20112055555;10240;10228
2991;20066770000;19612077777;20112077777;10240;10228
2992;20066792000;19612355555;20112355555;10240;10228
2994;20066978000;19612355555;20112355555;10240;10228
2995;20066994000;19653722222;20153722222;10240;10228
2996;20067187000;19653722222;20153722222;10240;10228
2997;20067216000;19653722222;20153722222;10240;10228
2999;20067383000;19653722222;20153722222;10240;10228
3000;20067600000;19653722222;20153722222;10240;10228
3001;20067611000;19653722222;20153722222;10240;10228
3002;20067792000;19653744444;20153744444;10240;10228
3003;20067803000;19654000000;20154000000;10240;10228
3004;20067982000;19654000000;20154000000;10240;10228
3005;20067992000;19654000000;20154000000;10240;10228
3080;20069157000;19945700000;20445700000;10240;10228
3081;20224902000;19945700000;20445700000;10240;10228
3082;20224927000;19945700000;20445700000;10240;10228
3083;20224936000;19987133333;20487133333;10240;10228
3084;20224958000;19987133333;20487133333;10240;10228
3085;20224974000;19987133333;20487133333;10240;10228
3086;20224996000;19987133333;20487133333;10240;10228
3087;20225007000;19987133333;20487133333;10240;10228
3088;20225029000;19987133333;20487133333;10240;10228
3089;20225080000;19987133333;20487133333;10240;10228
3090;20225107000;19987144444;20487144444;10240;10228
3091;20225116000;19987433333;20487433333;10240;10228
3092;20225131000;19987433333;20487433333;10240;10228
3093;20225143000;19987433333;20487433333;10240;10228
3094;20225157000;20028733333;20528733333;10240;10228
3095;20225168000;20028733333;20528733333;10240;10228
3096;20225183000;20028733333;20528733333;10240;10228
3097;20225201000;20028733333;20528733333;10240;10228
3098;20225213000;20028733333;20528733333;10240;10228
3099;20225264000;20028733333;20528733333;10240;10228
3100;20225304000;20028733333;20528733333;10240;10228
3101;20225313000;20028755555;20528755555;10240;10228
3102;20225326000;20029000000;20529000000;10240;10228
3103;20225348000;20029000000;20529000000;10240;10228
3104;20225356000;20029000000;20529000000;10240;10228
3105;20225408000;20070388888;20570388888;10240;10228
3106;20225469000;20070388888;20570388888;10240;10228
3107;20225509000;20070388888;20570388888;10240;10228
3108;20225549000;20070388888;20570388888;10240;10228
3109;20225598000;20070388888;20570388888;10240;10228
3110;20225629000;20070388888;20570388888;10240;10228
3111;20225695000;20070388888;20570388888;10240;10228
3112;20225732000;20070411111;20570411111;10240;10228
3113;20225772000;20070711111;20570711111;10240;10228
3056;20225815000;19862066666;20362066666;10240;10228
3114;20225840000;20070711111;20570711111;10240;10228
3115;20225915000;20070711111;20570711111;10240;10228
3061;20225967000;19903733333;20403733333;10240;10228
3117;20226034000;20112055555;20612055555;10240;10228
3058;20226120000;19862366666;20362366666;10240;10228
3118;20226190000;20112055555;20612055555;10240;10228
3062;20226232000;19903733333;20403733333;10240;10228
3119;20226276000;20112055555;20612055555;10240;10228
3120;20226352000;20112055555;20612055555;10240;10228
3121;20226398000;20112055555;20612055555;10240;10228
3015;20226432000;19695666666;20195666666;10240;10228
3122;20226487000;20112055555;20612055555;10240;10228
3016;20226586000;19695666666;20195666666;10240;10228
3017;20226674000;19737066666;20237066666;10240;10228
3018;20226694000;19737066666;20237066666;10240;10228
3020;20226708000;19737066666;20237066666;10240;10228
3021;20226722000;19737066666;20237066666;10240;10228
3022;20226893000;19737066666;20237066666;10240;10228
3023;20227119000;19737066666;20237066666;10240;10228
3024;20227136000;19737088888;20237088888;10240;10228
3025;20227347000;19737355555;20237355555;10240;10228
3026;20227357000;19737355555;20237355555;10240;10228
3027;20227553000;19737355555;20237355555;10240;10228
3028;20227563000;19778722222;20278722222;10240;10228
3029;20227749000;19778722222;20278722222;10240;10228
3030;20227770000;19778722222;20278722222;10240;10228
3031;20227953000;19778722222;20278722222;10240;10228
3032;20228126000;19778722222;20278722222;10240;10228
3034;20228144000;19778722222;20278722222;10240;10228
3035;20228372000;19778744444;20278744444;10240;10228
3036;20228381000;19779011111;20279011111;10240;10228
3037;20228566000;19779011111;20279011111;10240;10228
3038;20228584000;19779011111;20279011111;10240;10228
3039;20228773000;19820388888;20320388888;10240;10228
3040;20228792000;19820388888;20320388888;10240;10228
3041;20228977000;19820388888;20320388888;10240;10228
3042;20229180000;19820388888;20320388888;10240;10228
3043;20229200000;19820388888;20320388888;10240;10228
3044;20229387000;19820388888;20320388888;10240;10228
3045;20229397000;19820388888;20320388888;10240;10228
3124;20385379000;20112388888;20612388888;10240;10228
3125;20385423000;20112388888;20612388888;10240;10228
3126;20385435000;20112388888;20612388888;10240;10228
3127;20385442000;20153733333;20653733333;10240;10228
3128;20385471000;20153733333;20653733333;10240;10228
3129;20385480000;20153733333;20653733333;10240;10228
3130;20385492000;20153733333;20653733333;10240;10228
3131;20385531000;20153733333;20653733333;10240;10228
3132;20385543000;20153733333;20653733333;10240;10228
3133;20385573000;20153733333;20653733333;10240;10228
3134;20385582000;20153755555;20653755555;10240;10228
3135;20385595000;20154022222;20654022222;10240;10228
3136;20385618000;20154022222;20654022222;10240;10228
3137;20385628000;20154022222;20654022222;10240;10228
3138;20385648000;20195400000;20695400000;10240;10228
3140;20385658000;20195400000;20695400000;10240;10228
3142;20385670000;20195400000;20695400000;10240;10228
3143;20385685000;20195400000;20695400000;10240;10228
3145;20385706000;20195411111;20695411111;10240;10228
3146;20385727000;20195677777;20695677777;10240;10228
3147;20385741000;20195677777;20695677777;10240;10228
3148;20385778000;20195677777;20695677777;10240;10228
3149;20385813000;20237055555;20737055555;10240;10228
3150;20385822000;20237055555;20737055555;10240;10228
3151;20385852000;20237055555;20737055555;10240;10228
3152;20385878000;20237055555;20737055555;10240;10228
3153;20385888000;20237055555;20737055555;10240;10228
3154;20385915000;20237055555;20737055555;10240;10228
3156;20385935000;20237088888;20737088888;10240;10228
3157;20385975000;20237388888;20737388888;10240;10228
3158;20386017000;20237388888;20737388888;10240;10228
3159;20386026000;20237388888;20737388888;10240;10228
3160;20386039000;20278733333;20778733333;10240;10228
3161;20386108000;20278733333;20778733333;10240;10228
3162;20386139000;20278733333;20778733333;10240;10228
3163;20386179000;20278733333;20778733333;10240;10228
3164;20386192000;20278733333;20778733333;10240;10228
3165;20386234000;20278733333;20778733333;10240;10228
3167;20386300000;20278755555;20778755555;10240;10228
3058;20386796000;19862366666;20362366666;10240;10228
3060;20386959000;19862366666;20362366666;10240;10228
3061;20386966000;19903733333;20403733333;10240;10228
3116;20387023000;20112055555;20612055555;10240;10228
3062;20387175000;19903733333;20403733333;10240;10228
3063;20387367000;19903733333;20403733333;10240;10228
3064;20387376000;19903733333;20403733333;10240;10228
3065;20387570000;19903733333;20403733333;10240;10228
3066;20387580000;19903733333;20403733333;10240;10228
3067;20387790000;19903733333;20403733333;10240;10228
3069;20387800000;19904033333;20404033333;10240;10228
3070;20387995000;19904033333;20404033333;10240;10228
3071;20388208000;19904033333;20404033333;10240;10228
3072;20388227000;19945388888;20445388888;10240;10228
3073;20388406000;19945388888;20445388888;10240;10228
3074;20388418000;19945388888;20445388888;10240;10228
3075;20388610000;19945388888;20445388888;10240;10228
3076;20388814000;19945388888;20445388888;10240;10228
3077;20388824000;19945388888;20445388888;10240;10228
3078;20389003000;19945388888;20445388888;10240;10228
3079;20389009000;19945411111;20445411111;10240;10228
3080;20389260000;19945700000;20445700000;10240;10228
3082;20389266000;19945700000;20445700000;10240;10228
3083;20389460000;19987133333;20487133333;10240;10228
3084;20389465000;19987133333;20487133333;10240;10228
3085;20389666000;19987133333;20487133333;10240;10228
3086;20389672000;19987133333;20487133333;10240;10228
3087;20389870000;19987133333;20487133333;10240;10228
3088;20390042000;19987133333;20487133333;10240;10228
3089;20390055000;19987133333;20487133333;10240;10228
3090;20390275000;19987144444;20487144444;10240;10228
3091;20390279000;19987433333;20487433333;10240;10228
3168;20545667000;20279033333;20779033333;10240;10228
3169;20545692000;20279033333;20779033333;10240;10228
3170;20545713000;20279033333;20779033333;10240;10228
3171;20545724000;20320411111;20820411111;10240;10228
3172;20545741000;20320411111;20820411111;10240;10228
3173;20545766000;20320411111;20820411111;10240;10228
3174;20545775000;20320411111;20820411111;10240;10228
3175;20545783000;20320411111;20820411111;10240;10228
3176;20545805000;20320411111;20820411111;10240;10228
3177;20545815000;20320411111;20820411111;10240;10228
3178;20545825000;20320433333;20820433333;10240;10228
3179;20545859000;20320722222;20820722222;10240;10228
3181;20545878000;20320722222;20820722222;10240;10228
3182;20545885000;20362066666;20862066666;10240;10228
3184;20545908000;20362066666;20862066666;10240;10228
3185;20545918000;20362066666;20862066666;10240;10228
3186;20545931000;20362066666;20862066666;10240;10228
3188;20545946000;20362066666;20862066666;10240;10228
3190;20545974000;20362388888;20862388888;10240;10228
3123;20545983000;20112077777;20612077777;10240;10228
3191;20545990000;20362388888;20862388888;10240;10228
3192;20546009000;20362388888;20862388888;10240;10228
3193;20546019000;20403722222;20903722222;10240;10228
3194;20546059000;20403722222;20903722222;10240;10228
3196;20546094000;20403722222;20903722222;10240;10228
3199;20546131000;20403722222;20903722222;10240;10228
3200;20546142000;20403744444;20903744444;10240;10228
3201;20546168000;20404033333;20904033333;10240;10228
3202;20546177000;20404033333;20904033333;10240;10228
3139;20546192000;20195400000;20695400000;10240;10228
3141;20546224000;20195400000;20695400000;10240;10228
3204;20546233000;20445388888;20945388888;10240;10228
3205;20546264000;20445388888;20945388888;10240;10228
3206;20546288000;20445388888;20945388888;10240;10228
3207;20546308000;20445388888;20945388888;10240;10228
3208;20546330000;20445388888;20945388888;10240;10228
3209;20546368000;20445388888;20945388888;10240;10228
3210;20546377000;20445388888;20945388888;10240;10228
3144;20546419000;20195400000;20695400000;10240;10228
3211;20546468000;20445411111;20945411111;10240;10228
3155;20546531000;20237055555;20737055555;10240;10228
3115;20548526000;20070711111;20570711111;10240;10228
3117;20548533000;20112055555;20612055555;10240;10228
3119;20548726000;20112055555;20612055555;10240;10228
3120;20548932000;20112055555;20612055555;10240;10228
3121;20548949000;20112055555;20612055555;10240;10228
3124;20549172000;20112388888;20612388888;10240;10228
3125;20549191000;20112388888;20612388888;10240;10228
3126;20549389000;20112388888;20612388888;10240;10228
3127;20549407000;20153733333;20653733333;10240;10228
3128;20549598000;20153733333;20653733333;10240;10228
3129;20549785000;20153733333;20653733333;10240;10228
3130;20549791000;20153733333;20653733333;10240;10228
3212;20706003000;20445711111;20945711111;10240;10228
3213;20706039000;20445711111;20945711111;10240;10228
3214;20706061000;20445711111;20945711111;10240;10228
3215;20706078000;20487066666;20987066666;10240;10228
3216;20706087000;20487066666;20987066666;10240;10228
3217;20706097000;20487066666;20987066666;10240;10228
3218;20706113000;20487066666;20987066666;10240;10228
3219;20706133000;20487066666;20987066666;10240;10228
3220;20706141000;20487066666;20987066666;10240;10228
3221;20706148000;20487066666;20987066666;10240;10228
3222;20706172000;20487088888;20987088888;10240;10228
3223;20706189000;20487366666;20987366666;10240;10228
3225;20706213000;20487366666;20987366666;10240;10228
3226;20706223000;20528733333;21028733333;10240;10228
3227;20706239000;20528733333;21028733333;10240;10228
3228;20706262000;20528733333;21028733333;10240;10228
3166;20706271000;20278733333;20778733333;10240;10228
3229;20706285000;20528733333;21028733333;10240;10228
3230;20706327000;20528733333;21028733333;10240;10228
3231;20706338000;20528733333;21028733333;10240;10228
3232;20706368000;20528733333;21028733333;10240;10228
3233;20706379000;20528744444;21028744444;10240;10228
3234;20706391000;20529022222;21029022222;10240;10228
3235;20706414000;20529022222;21029022222;10240;10228
3237;20706422000;20570388888;21070388888;10240;10228
3238;20706445000;20570388888;21070388888;10240;10228
3239;20706473000;20570388888;21070388888;10240;10228
3240;20706482000;20570388888;21070388888;10240;10228
3241;20706513000;20570388888;21070388888;10240;10228
3242;20706542000;20570388888;21070388888;10240;10228
3243;20706575000;20570388888;21070388888;10240;10228
3244;20706607000;20570411111;21070411111;10240;10228
3245;20706628000;20570722222;21070722222;10240;10228
3246;20706637000;20570722222;21070722222;10240;10228
3247;20706659000;20570722222;21070722222;10240;10228
3248;20706679000;20612055555;21112055555;10240;10228
3250;20706689000;20612055555;21112055555;10240;10228
3251;20706717000;20612055555;21112055555;10240;10228
3180;20706736000;20320722222;20820722222;10240;10228
3252;20706770000;20612055555;21112055555;10240;10228
3253;20706792000;20612055555;21112055555;10240;10228
3183;20706818000;20362066666;20862066666;10240;10228
3187;20706838000;20362066666;20862066666;10240;10228
3254;20706869000;20612055555;21112055555;10240;10228
3189;20706930000;20362077777;20862077777;10240;10228
3255;20706963000;20612077777;21112077777;10240;10228
3195;20707086000;20403722222;20903722222;10240;10228
3197;20707191000;20403722222;20903722222;10240;10228
3198;20707224000;20403722222;20903722222;10240;10228
3203;20707356000;20404033333;20904033333;10240;10228
3154;20708636000;20237055555;20737055555;10240;10228
3155;20708644000;20237055555;20737055555;10240;10228
3156;20708836000;20237088888;20737088888;10240;10228
3157;20708841000;20237388888;20737388888;10240;10228
3159;20709008000;20237388888;20737388888;10240;10228
3160;20709248000;20278733333;20778733333;10240;10228
3161;20709259000;20278733333;20778733333;10240;10228
3162;20709451000;20278733333;20778733333;10240;10228
3163;20709458000;20278733333;20778733333;10240;10228
3164;20709649000;20278733333;20778733333;10240;10228
3165;20709655000;20278733333;20778733333;10240;10228
3166;20709853000;20278733333;20778733333;10240;10228
3167;20709858000;20278755555;20778755555;10240;10228
3168;20710028000;20279033333;20779033333;10240;10228
3169;20710269000;20279033333;20779033333;10240;10228
3170;20710302000;20279033333;20779033333;10240;10228
3171;20710473000;20320411111;20820411111;10240;10228
3172;20710479000;20320411111;20820411111;10240;10228
3256;20866241000;20612377777;21112377777;10240;10228
3257;20866271000;20612377777;21112377777;10240;10228
3258;20866281000;20612377777;21112377777;10240;10228
3260;20866291000;20653733333;21153733333;10240;10228
3261;20866317000;20653733333;21153733333;10240;10228
3262;20866337000;20653733333;21153733333;10240;10228
3263;20866343000;20653733333;21153733333;10240;10228
3264;20866368000;20653733333;21153733333;10240;10228
3265;20866379000;20653733333;21153733333;10240;10228
3266;20866386000;20653755555;21153755555;10240;10228
3267;20866422000;20654022222;21154022222;10240;10228
3268;20866440000;20654022222;21154022222;10240;10228
3269;20866463000;20654022222;21154022222;10240;10228
3270;20866472000;20695400000;21195400000;10240;10228
3271;20866488000;20695400000;21195400000;10240;10228
3272;20866517000;20695400000;21195400000;10240;10228
3273;20866529000;20695400000;21195400000;10240;10228
3274;20866536000;20695400000;21195400000;10240;10228
3275;20866550000;20695400000;21195400000;10240;10228
3276;20866579000;20695400000;21195400000;10240;10228
3278;20866592000;20695677777;21195677777;10240;10228
3279;20866616000;20695677777;21195677777;10240;10228
3281;20866661000;20737055555;21237055555;10240;10228
3282;20866703000;20737055555;21237055555;10240;10228
3283;20866711000;20737055555;21237055555;10240;10228
3286;20866755000;20737055555;21237055555;10240;10228
3287;20866775000;20737055555;21237055555;10240;10228
3288;20866813000;20737077777;21237077777;10240;10228
3289;20866858000;20737366666;21237366666;10240;10228
3224;20866879000;20487366666;20987366666;10240;10228
3290;20866898000;20737366666;21237366666;10240;10228
3291;20866922000;20737366666;21237366666;10240;10228
3292;20866969000;20778722222;21278722222;10240;10228
3293;20867005000;20778722222;21278722222;10240;10228
3294;20867023000;20778722222;21278722222;10240;10228
3296;20867126000;20778722222;21278722222;10240;10228
3298;20867166000;20778722222;21278722222;10240;10228
3299;20867223000;20778744444;21278744444;10240;10228
3236;20867280000;20529022222;21029022222;10240;10228
3249;20867530000;20612055555;21112055555;10240;10228
3194;20868687000;20403722222;20903722222;10240;10228
3195;20868879000;20403722222;20903722222;10240;10228
3196;20868889000;20403722222;20903722222;10240;10228
3197;20869124000;20403722222;20903722222;10240;10228
3198;20869138000;20403722222;20903722222;10240;10228
3199;20869328000;20403722222;20903722222;10240;10228
3200;20869338000;20403744444;20903744444;10240;10228
3201;20869525000;20404033333;20904033333;10240;10228
3202;20869730000;20404033333;20904033333;10240;10228
3203;20869737000;20404033333;20904033333;10240;10228
3204;20869927000;20445388888;20945388888;10240;10228
3206;20869945000;20445388888;20945388888;10240;10228
3209;20870152000;20445388888;20945388888;10240;10228
3210;20870158000;20445388888;20945388888;10240;10228
3211;20870343000;20445411111;20945411111;10240;10228
3212;20870349000;20445711111;20945711111;10240;10228
3214;20870548000;20445711111;20945711111;10240;10228
3215;20870754000;20487066666;20987066666;10240;10228
3216;20870759000;20487066666;20987066666;10240;10228
3217;20870925000;20487066666;20987066666;10240;10228
3218;20870930000;20487066666;20987066666;10240;10228
3219;20871159000;20487066666;20987066666;10240;10228
3221;20871371000;20487066666;20987066666;10240;10228
3222;20871376000;20487088888;20987088888;10240;10228
3300;21026507000;20779022222;21279022222;10240;10228
3301;21026530000;20779022222;21279022222;10240;10228
3302;21026556000;20779022222;21279022222;10240;10228
3303;21026566000;20820400000;21320400000;10240;10228
3304;21026601000;20820400000;21320400000;10240;10228
3305;21026609000;20820400000;21320400000;10240;10228
3306;21026621000;20820400000;21320400000;10240;10228
3307;21026645000;20820400000;21320400000;10240;10228
3308;21026654000;20820400000;21320400000;10240;10228
3309;21026670000;20820400000;21320400000;10240;10228
3310;21026700000;20820422222;21320422222;10240;10228
3311;21026709000;20820722222;21320722222;10240;10228
3312;21026735000;20820722222;21320722222;10240;10228
3313;21026757000;20820722222;21320722222;10240;10228
3314;21026766000;20862066666;21362066666;10240;10228
3315;21026780000;20862066666;21362066666;10240;10228
3316;21026801000;20862066666;21362066666;10240;10228
3317;21026823000;20862066666;21362066666;10240;10228
3223;21026831000;20487366666;20987366666;10240;10228
3318;21026860000;20862066666;21362066666;10240;10228
3319;21026881000;20862066666;21362066666;10240;10228
3320;21026919000;20862066666;21362066666;10240;10228
3321;21026937000;20862077777;21362077777;10240;10228
3259;21026966000;20653733333;21153733333;10240;10228
3322;21026976000;20862377777;21362377777;10240;10228
3323;21027005000;20862377777;21362377777;10240;10228
3326;21027073000;20903722222;21403722222;10240;10228
3224;21027092000;20487366666;20987366666;10240;10228
3327;21027143000;20903722222;21403722222;10240;10228
3328;21027161000;20903722222;21403722222;10240;10228
3329;21027183000;20903722222;21403722222;10240;10228
3330;21027202000;20903722222;21403722222;10240;10228
3331;21027243000;20903722222;21403722222;10240;10228
3332;21027264000;20903744444;21403744444;10240;10228
3333;21027285000;20904033333;21404033333;10240;10228
3334;21027317000;20904033333;21404033333;10240;10228
3335;21027326000;20904033333;21404033333;10240;10228
3336;21027373000;20945388888;21445388888;10240;10228
3227;21027399000;20528733333;21028733333;10240;10228
3228;21027424000;20528733333;21028733333;10240;10228
3277;21027451000;20695411111;21195411111;10240;10228
3280;21027514000;20695677777;21195677777;10240;10228
3338;21027541000;20945388888;21445388888;10240;10228
3339;21027551000;20945388888;21445388888;10240;10228
3340;21027601000;20945388888;21445388888;10240;10228
3285;21027648000;20737055555;21237055555;10240;10228
3342;21027672000;20945388888;21445388888;10240;10228
3229;21027716000;20528733333;21028733333;10240;10228
3230;21027748000;20528733333;21028733333;10240;10228
3343;21027778000;20945411111;21445411111;10240;10228
3284;21027822000;20737055555;21237055555;10240;10228
3231;21027889000;20528733333;21028733333;10240;10228
3232;21027910000;20528733333;21028733333;10240;10228
3295;21028001000;20778722222;21278722222;10240;10228
3233;21028027000;20528744444;21028744444;10240;10228
3234;21028068000;20529022222;21029022222;10240;10228
3235;21028093000;20529022222;21029022222;10240;10228
3236;21028109000;20529022222;21029022222;10240;10228
3237;21028150000;20570388888;21070388888;10240;10228
3239;21028338000;20570388888;21070388888;10240;10228
3240;21028348000;20570388888;21070388888;10240;10228
3241;21028557000;20570388888;21070388888;10240;10228
3246;21028761000;20570722222;21070722222;10240;10228
3247;21028779000;20570722222;21070722222;10240;10228
3248;21029000000;20612055555;21112055555;10240;10228
3249;21029007000;20612055555;21112055555;10240;10228
3250;21029207000;20612055555;21112055555;10240;10228
3251;21029218000;20612055555;21112055555;10240;10228
3297;21186817000;20778722222;21278722222;10240;10228
3344;21186859000;20945700000;21445700000;10240;10228
3345;21186890000;20945700000;21445700000;10240;10228
3346;21186911000;20945700000;21445700000;10240;10228
3348;21186930000;20987066666;21487066666;10240;10228
3349;21186950000;20987066666;21487066666;10240;10228
3350;21186974000;20987066666;21487066666;10240;10228
3352;21187008000;20987066666;21487066666;10240;10228
3353;21187029000;20987066666;21487066666;10240;10228
3354;21187037000;20987088888;21487088888;10240;10228
3355;21187089000;20987366666;21487366666;10240;10228
3356;21187108000;20987366666;21487366666;10240;10228
3357;21187131000;20987366666;21487366666;10240;10228
3358;21187140000;21028722222;21528722222;10240;10228
3359;21187196000;21028722222;21528722222;10240;10228
3360;21187214000;21028722222;21528722222;10240;10228
3361;21187241000;21028722222;21528722222;10240;10228
3362;21187251000;21028722222;21528722222;10240;10228
3363;21187264000;21028722222;21528722222;10240;10228
3364;21187288000;21028722222;21528722222;10240;10228
3365;21187319000;21028733333;21528733333;10240;10228
3366;21187327000;21029033333;21529033333;10240;10228
3367;21187347000;21029033333;21529033333;10240;10228
3368;21187387000;21029033333;21529033333;10240;10228
3369;21187438000;21070388888;21570388888;10240;10228
3370;21187466000;21070388888;21570388888;10240;10228
3371;21187498000;21070388888;21570388888;10240;10228
3372;21187540000;21070388888;21570388888;10240;10228
3373;21187560000;21070388888;21570388888;10240;10228
3374;21187589000;21070388888;21570388888;10240;10228
3375;21187640000;21070388888;21570388888;10240;10228
3376;21187659000;21070400000;21570400000;10240;10228
3324;21187919000;20862377777;21362377777;10240;10228
3325;21187946000;20903722222;21403722222;10240;10228
3277;21189860000;20695411111;21195411111;10240;10228
3278;21189867000;20695677777;21195677777;10240;10228
3279;21190062000;20695677777;21195677777;10240;10228
3280;21190274000;20695677777;21195677777;10240;10228
3282;21190290000;20737055555;21237055555;10240;10228
3283;21190471000;20737055555;21237055555;10240;10228
3284;21190480000;20737055555;21237055555;10240;10228
3286;21190676000;20737055555;21237055555;10240;10228
3287;21190880000;20737055555;21237055555;10240;10228
3288;21190890000;20737077777;21237077777;10240;10228
3289;21191111000;20737366666;21237366666;10240;10228
3290;21191118000;20737366666;21237366666;10240;10228
3292;21191322000;20778722222;21278722222;10240;10228
3294;21191329000;20778722222;21278722222;10240;10228
3295;21191523000;20778722222;21278722222;10240;10228
3296;21191529000;20778722222;21278722222;10240;10228
3297;21191731000;20778722222;21278722222;10240;10228
3298;21191737000;20778722222;21278722222;10240;10228
3299;21191900000;20778744444;21278744444;10240;10228
3300;21192153000;20779022222;21279022222;10240;10228
3301;21192171000;20779022222;21279022222;10240;10228
3303;21192348000;20820400000;21320400000;10240;10228
3304;21192357000;20820400000;21320400000;10240;10228
3307;21192550000;20820400000;21320400000;10240;10228
3377;21347121000;21070700000;21570700000;10240;10228
3378;21347136000;21070700000;21570700000;10240;10228
3379;21347158000;21070700000;21570700000;10240;10228
3380;21347167000;21112077777;21612077777;10240;10228
3381;21347186000;21112077777;21612077777;10240;10228
3382;21347206000;21112077777;21612077777;10240;10228
3383;21347216000;21112077777;21612077777;10240;10228
3384;21347231000;21112077777;21612077777;10240;10228
3385;21347241000;21112077777;21612077777;10240;10228
3386;21347265000;21112077777;21612077777;10240;10228
3387;21347274000;21112088888;21612088888;10240;10228
3389;21347292000;21112400000;21612400000;10240;10228
3390;21347328000;21112400000;21612400000;10240;10228
3391;21347337000;21153733333;21653733333;10240;10228
3392;21347366000;21153733333;21653733333;10240;10228
3341;21347414000;20945388888;21445388888;10240;10228
3393;21347439000;21153733333;21653733333;10240;10228
3394;21347477000;21153733333;21653733333;10240;10228
3395;21347509000;21153733333;21653733333;10240;10228
3396;21347562000;21153733333;21653733333;10240;10228
3397;21347571000;21153733333;21653733333;10240;10228
3398;21347586000;21153755555;21653755555;10240;10228
3399;21347606000;21154033333;21654033333;10240;10228
3337;21347619000;20945388888;21445388888;10240;10228
3400;21347643000;21154033333;21654033333;10240;10228
3401;21347685000;21154033333;21654033333;10240;10228
3402;21347766000;21195388888;21695388888;10240;10228
3403;21347786000;21195388888;21695388888;10240;10228
3347;21347807000;20987066666;21487066666;10240;10228
3404;21347831000;21195388888;21695388888;10240;10228
3405;21347949000;21195388888;21695388888;10240;10228
3406;21347977000;21195388888;21695388888;10240;10228
3351;21348007000;20987066666;21487066666;10240;10228
3407;21348031000;21195388888;21695388888;10240;10228
3408;21348159000;21195388888;21695388888;10240;10228
3409;21348200000;21195411111;21695411111;10240;10228
3410;21348242000;21195688888;21695688888;10240;10228
3411;21348251000;21195688888;21695688888;10240;10228
3311;21348270000;20820722222;21320722222;10240;10228
3312;21348290000;20820722222;21320722222;10240;10228
3412;21348325000;21195688888;21695688888;10240;10228
3413;21348371000;21237055555;21737055555;10240;10228
3414;21348390000;21237055555;21737055555;10240;10228
3415;21348419000;21237055555;21737055555;10240;10228
3416;21348440000;21237055555;21737055555;10240;10228
3417;21348462000;21237055555;21737055555;10240;10228
3313;21348469000;20820722222;21320722222;10240;10228
3418;21348499000;21237055555;21737055555;10240;10228
3419;21348537000;21237055555;21737055555;10240;10228
3420;21348567000;21237077777;21737077777;10240;10228
3314;21348628000;20862066666;21362066666;10240;10228
3315;21348639000;20862066666;21362066666;10240;10228
3316;21348732000;20862066666;21362066666;10240;10228
3317;21348739000;20862066666;21362066666;10240;10228
3318;21348755000;20862066666;21362066666;10240;10228
3319;21348768000;20862066666;21362066666;10240;10228
3320;21348783000;20862066666;21362066666;10240;10228
3321;21348939000;20862077777;21362077777;10240;10228
3322;21348978000;20862377777;21362377777;10240;10228
3323;21349139000;20862377777;21362377777;10240;10228
3324;21349157000;20862377777;21362377777;10240;10228
3325;21349340000;20903722222;21403722222;10240;10228
3326;21349562000;20903722222;21403722222;10240;10228
3328;21349584000;20903722222;21403722222;10240;10228
3329;21349767000;20903722222;21403722222;10240;10228
3330;21349789000;20903722222;21403722222;10240;10228
3331;21349974000;20903722222;21403722222;10240;10228
3332;21349993000;20903744444;21403744444;10240;10228
3333;21350186000;20904033333;21404033333;10240;10228
3336;21350217000;20945388888;21445388888;10240;10228
3337;21350380000;20945388888;21445388888;10240;10228
3338;21350586000;20945388888;21445388888;10240;10228
3339;21350607000;20945388888;21445388888;10240;10228
3340;21350790000;20945388888;21445388888;10240;10228
3341;21350811000;20945388888;21445388888;10240;10228
3342;21350978000;20945388888;21445388888;10240;10228
3421;21507439000;21237400000;21737400000;10240;10228
3422;21507463000;21237400000;21737400000;10240;10228
3423;21507470000;21237400000;21737400000;10240;10228
3424;21507474000;21278733333;21778733333;10240;10228
3425;21507480000;21278733333;21778733333;10240;10228
3426;21507524000;21278733333;21778733333;10240;10228
3429;21507532000;21278733333;21778733333;10240;10228
3430;21507537000;21278733333;21778733333;10240;10228
3431;21507541000;21278755555;21778755555;10240;10228
3434;21507549000;21279033333;21779033333;10240;10228
3435;21507569000;21320400000;21820400000;10240;10228
3436;21507574000;21320400000;21820400000;10240;10228
3438;21507606000;21320400000;21820400000;10240;10228
3439;21507613000;21320400000;21820400000;10240;10228
3440;21507617000;21320400000;21820400000;10240;10228
3441;21507622000;21320400000;21820400000;10240;10228
3442;21507627000;21320411111;21820411111;10240;10228
3444;21507685000;21320700000;21820700000;10240;10228
3447;21507700000;21362055555;21862055555;10240;10228
3448;21507709000;21362055555;21862055555;10240;10228
3449;21507724000;21362055555;21862055555;10240;10228
3450;21507729000;21362055555;21862055555;10240;10228
3451;21507787000;21362055555;21862055555;10240;10228
3452;21507806000;21362055555;21862055555;10240;10228
3453;21507811000;21362077777;21862077777;10240;10228
3388;21507820000;21112400000;21612400000;10240;10228
3454;21507829000;21362388888;21862388888;10240;10228
3455;21507854000;21362388888;21862388888;10240;10228
3456;21507864000;21362388888;21862388888;10240;10228
3457;21507913000;21403722222;21903722222;10240;10228
3459;21507933000;21403722222;21903722222;10240;10228
3460;21507938000;21403722222;21903722222;10240;10228
3462;21507962000;21403722222;21903722222;10240;10228
3463;21508011000;21403722222;21903722222;10240;10228
3377;21510861000;21070700000;21570700000;10240;10228
3378;21511019000;21070700000;21570700000;10240;10228
3379;21511265000;21070700000;21570700000;10240;10228
3380;21511276000;21112077777;21612077777;10240;10228
3381;21511473000;21112077777;21612077777;10240;10228
3382;21511493000;21112077777;21612077777;10240;10228
3383;21511668000;21112077777;21612077777;10240;10228
3384;21511674000;21112077777;21612077777;10240;10228
3385;21511872000;21112077777;21612077777;10240;10228
3386;21512030000;21112077777;21612077777;10240;10228
3387;21512038000;21112088888;21612088888;10240;10228
3388;21512289000;21112400000;21612400000;10240;10228
3389;21512308000;21112400000;21612400000;10240;10228
3465;21667846000;21404011111;21904011111;10240;10228
3466;21667858000;21404011111;21904011111;10240;10228
3468;21667863000;21445400000;21945400000;10240;10228
3469;21667867000;21445400000;21945400000;10240;10228
3470;21667876000;21445400000;21945400000;10240;10228
3471;21667884000;21445400000;21945400000;10240;10228
3472;21667892000;21445400000;21945400000;10240;10228
3473;21667952000;21445400000;21945400000;10240;10228
3474;21667962000;21445400000;21945400000;10240;10228
3475;21667968000;21445422222;21945422222;10240;10228
3476;21667972000;21445700000;21945700000;10240;10228
3477;21667977000;21445700000;21945700000;10240;10228
3478;21667981000;21445700000;21945700000;10240;10228
3479;21667985000;21487066666;21987066666;10240;10228
3480;21667989000;21487066666;21987066666;10240;10228
3482;21668021000;21487066666;21987066666;10240;10228
3483;21668037000;21487066666;21987066666;10240;10228
3484;21668041000;21487066666;21987066666;10240;10228
3486;21668107000;21487077777;21987077777;10240;10228
3487;21668118000;21487377777;21987377777;10240;10228
3488;21668124000;21487377777;21987377777;10240;10228
3490;21668128000;21528733333;22028733333;10240;10228
3491;21668133000;21528733333;22028733333;10240;10228
3492;21668137000;21528733333;22028733333;10240;10228
3427;21668144000;21278733333;21778733333;10240;10228
3493;21668148000;21528733333;22028733333;10240;10228
3494;21668152000;21528733333;22028733333;10240;10228
3495;21668172000;21528733333;22028733333;10240;10228
3496;21668177000;21528733333;22028733333;10240;10228
3428;21668195000;21278733333;21778733333;10240;10228
3432;21668280000;21279033333;21779033333;10240;10228
3433;21668291000;21279033333;21779033333;10240;10228
3497;21668296000;21528755555;22028755555;10240;10228
3437;21668307000;21320400000;21820400000;10240;10228
3498;21668330000;21529044444;22029044444;10240;10228
3500;21668374000;21529044444;22029044444;10240;10228
3502;21668605000;21570400000;22070400000;10240;10228
3443;21668624000;21320700000;21820700000;10240;10228
3445;21668651000;21320700000;21820700000;10240;10228
3446;21668678000;21362055555;21862055555;10240;10228
3504;21668698000;21570400000;22070400000;10240;10228
3505;21668750000;21570400000;22070400000;10240;10228
3506;21668764000;21570400000;22070400000;10240;10228
3507;21668810000;21570400000;22070400000;10240;10228
3508;21668828000;21570422222;22070422222;10240;10228
3458;21668951000;21403722222;21903722222;10240;10228
3422;21671514000;21237400000;21737400000;10240;10228
3423;21671524000;21237400000;21737400000;10240;10228
3461;21828146000;21403722222;21903722222;10240;10228
3509;21828179000;21570722222;22070722222;10240;10228
3510;21828189000;21570722222;22070722222;10240;10228
3511;21828207000;21570722222;22070722222;10240;10228
3513;21828213000;21612066666;22112066666;10240;10228
3514;21828217000;21612066666;22112066666;10240;10228
3515;21828221000;21612066666;22112066666;10240;10228
3516;21828226000;21612066666;22112066666;10240;10228
3517;21828230000;21612066666;22112066666;10240;10228
3518;21828235000;21612066666;22112066666;10240;10228
3522;21828303000;21612377777;22112377777;10240;10228
3523;21828316000;21653766666;22153766666;10240;10228
3524;21828326000;21653766666;22153766666;10240;10228
3525;21828344000;21653766666;22153766666;10240;10228
3526;21828362000;21653766666;22153766666;10240;10228
3527;21828368000;21653766666;22153766666;10240;10228
3528;21828386000;21653766666;22153766666;10240;10228
3529;21828391000;21653766666;22153766666;10240;10228
3530;21828395000;21653777777;22153777777;10240;10228
3531;21828412000;21654055555;22154055555;10240;10228
3464;21828418000;21403744444;21903744444;10240;10228
3532;21828422000;21654055555;22154055555;10240;10228
3533;21828442000;21654055555;22154055555;10240;10228
3534;21828454000;21695388888;22195388888;10240;10228
3535;21828526000;21695388888;22195388888;10240;10228
3467;21828540000;21404011111;21904011111;10240;10228
3536;21828563000;21695388888;22195388888;10240;10228
3537;21828577000;21695388888;22195388888;10240;10228
3538;21828619000;21695388888;22195388888;10240;10228
3539;21828640000;21695388888;22195388888;10240;10228
3540;21828723000;21695388888;22195388888;10240;10228
3541;21828746000;21695411111;22195411111;10240;10228
3542;21828773000;21695700000;22195700000;10240;10228
3543;21828815000;21695700000;22195700000;10240;10228
3545;21828864000;21737055555;22237055555;10240;10228
3546;21828932000;21737055555;22237055555;10240;10228
3481;21828961000;21487066666;21987066666;10240;10228
3547;21828985000;21737055555;22237055555;10240;10228
3548;21829012000;21737055555;22237055555;10240;10228
3485;21829078000;21487066666;21987066666;10240;10228
3549;21829131000;21737055555;22237055555;10240;10228
3550;21829210000;21737055555;22237055555;10240;10228
3489;21829237000;21487377777;21987377777;10240;10228
3551;21829258000;21737055555;22237055555;10240;10228
3499;21829590000;21529044444;22029044444;10240;10228
3501;21829618000;21570400000;22070400000;10240;10228
3503;21829660000;21570400000;22070400000;10240;10228
3443;21830583000;21320700000;21820700000;10240;10228
3444;21830803000;21320700000;21820700000;10240;10228
3445;21830822000;21320700000;21820700000;10240;10228
3446;21831010000;21362055555;21862055555;10240;10228
3447;21831020000;21362055555;21862055555;10240;10228
3449;21831221000;21362055555;21862055555;10240;10228
3450;21831416000;21362055555;21862055555;10240;10228
3451;21831438000;21362055555;21862055555;10240;10228
3452;21831611000;21362055555;21862055555;10240;10228
3453;21831616000;21362077777;21862077777;10240;10228
3455;21831815000;21362388888;21862388888;10240;10228
3456;21831820000;21362388888;21862388888;10240;10228
3457;21832005000;21403722222;21903722222;10240;10228
3458;21832239000;21403722222;21903722222;10240;10228
3459;21832245000;21403722222;21903722222;10240;10228
3460;21832447000;21403722222;21903722222;10240;10228
3461;21832453000;21403722222;21903722222;10240;10228
3462;21832649000;21403722222;21903722222;10240;10228
3463;21832655000;21403722222;21903722222;10240;10228
3464;21832854000;21403744444;21903744444;10240;10228
3465;21832860000;21404011111;21904011111;10240;10228
3466;21833026000;21404011111;21904011111;10240;10228
3467;21833271000;21404011111;21904011111;10240;10228
3468;21833276000;21445400000;21945400000;10240;10228
3469;21833471000;21445400000;21945400000;10240;10228
3553;21988502000;21737400000;22237400000;10240;10228
3554;21988541000;21737400000;22237400000;10240;10228
3555;21988554000;21737400000;22237400000;10240;10228
3556;21988561000;21778733333;22278733333;10240;10228
3557;21988568000;21778733333;22278733333;10240;10228
3558;21988574000;21778733333;22278733333;10240;10228
3559;21988582000;21778733333;22278733333;10240;10228
3560;21988588000;21778733333;22278733333;10240;10228
3561;21988593000;21778733333;22278733333;10240;10228
3562;21988596000;21778733333;22278733333;10240;10228
3563;21988615000;21778755555;22278755555;10240;10228
3564;21988631000;21779033333;22279033333;10240;10228
3565;21988635000;21779033333;22279033333;10240;10228
3567;21988665000;21820400000;22320400000;10240;10228
3568;21988671000;21820400000;22320400000;10240;10228
3569;21988676000;21820400000;22320400000;10240;10228
3570;21988693000;21820400000;22320400000;10240;10228
3571;21988701000;21820400000;22320400000;10240;10228
3572;21988711000;21820400000;22320400000;10240;10228
3573;21988716000;21820400000;22320400000;10240;10228
3574;21988778000;21820411111;22320411111;10240;10228
3575;21988790000;21820700000;22320700000;10240;10228
3576;21988795000;21820700000;22320700000;10240;10228
3577;21988799000;21820700000;22320700000;10240;10228
3578;21988817000;21862055555;22362055555;10240;10228
3579;21988886000;21862055555;22362055555;10240;10228
3580;21988896000;21862055555;22362055555;10240;10228
3581;21988919000;21862055555;22362055555;10240;10228
3582;21988942000;21862055555;22362055555;10240;10228
3512;21988966000;21612066666;22112066666;10240;10228
3583;21988975000;21862055555;22362055555;10240;10228
3584;21989004000;21862055555;22362055555;10240;10228
3519;21989020000;21612088888;22112088888;10240;10228
3520;21989028000;21612377777;22112377777;10240;10228
3521;21989083000;21612377777;22112377777;10240;10228
3585;21989090000;21862077777;22362077777;10240;10228
3586;21989112000;21862377777;22362377777;10240;10228
3587;21989134000;21862377777;22362377777;10240;10228
3588;21989175000;21862377777;22362377777;10240;10228
3589;21989212000;21903733333;22403733333;10240;10228
3590;21989250000;21903733333;22403733333;10240;10228
3591;21989316000;21903733333;22403733333;10240;10228
3592;21989337000;21903733333;22403733333;10240;10228
3593;21989355000;21903733333;22403733333;10240;10228
3594;21989418000;21903733333;22403733333;10240;10228
3595;21989428000;21903733333;22403733333;10240;10228
3596;21989485000;21903755555;22403755555;10240;10228
3544;21989980000;21695700000;22195700000;10240;10228
3488;21990703000;21487377777;21987377777;10240;10228
3489;21990912000;21487377777;21987377777;10240;10228
3490;21990917000;21528733333;22028733333;10240;10228
3491;21991125000;21528733333;22028733333;10240;10228
3492;21991145000;21528733333;22028733333;10240;10228
3493;21991306000;21528733333;22028733333;10240;10228
3494;21991526000;21528733333;22028733333;10240;10228
3495;21991531000;21528733333;22028733333;10240;10228
3496;21991731000;21528733333;22028733333;10240;10228
3497;21991736000;21528755555;22028755555;10240;10228
3498;21991936000;21529044444;22029044444;10240;10228
3499;21991941000;21529044444;22029044444;10240;10228
3500;21992135000;21529044444;22029044444;10240;10228
3501;21992152000;21570400000;22070400000;10240;10228
3502;21992374000;21570400000;22070400000;10240;10228
3505;21992552000;21570400000;22070400000;10240;10228
3506;21992558000;21570400000;22070400000;10240;10228
3507;21992756000;21570400000;22070400000;10240;10228
3508;21992761000;21570422222;22070422222;10240;10228
3509;21992946000;21570722222;22070722222;10240;10228
3510;21992951000;21570722222;22070722222;10240;10228
3512;21993177000;21612066666;22112066666;10240;10228
3513;21993388000;21612066666;22112066666;10240;10228
3514;21993393000;21612066666;22112066666;10240;10228
3515;21993594000;21612066666;22112066666;10240;10228
3516;21993600000;21612066666;22112066666;10240;10228
3597;22148797000;21904044444;22404044444;10240;10228
3598;22148808000;21904044444;22404044444;10240;10228
3599;22148813000;21904044444;22404044444;10240;10228
3600;22148821000;21945400000;22445400000;10240;10228
3601;22148840000;21945400000;22445400000;10240;10228
3602;22148845000;21945400000;22445400000;10240;10228
3603;22148850000;21945400000;22445400000;10240;10228
3604;22148918000;21945400000;22445400000;10240;10228
3605;22148925000;21945400000;22445400000;10240;10228
3606;22148931000;21945400000;22445400000;10240;10228
3607;22148960000;21945422222;22445422222;10240;10228
3608;22148965000;21945722222;22445722222;10240;10228
3609;22148969000;21945722222;22445722222;10240;10228
3610;22148973000;21945722222;22445722222;10240;10228
3611;22148992000;21987066666;22487066666;10240;10228
3612;22148997000;21987066666;22487066666;10240;10228
3519;22149246000;21612088888;22112088888;10240;10228
3613;22149292000;21987066666;22487066666;10240;10228
3614;22149310000;21987066666;22487066666;10240;10228
3552;22149318000;21737077777;22237077777;10240;10228
3616;22149381000;21987066666;22487066666;10240;10228
3618;22149395000;21987077777;22487077777;10240;10228
3619;22149403000;21987366666;22487366666;10240;10228
3621;22149431000;21987366666;22487366666;10240;10228
3622;22149445000;22028722222;22528722222;10240;10228
3623;22149460000;22028722222;22528722222;10240;10228
3566;22149479000;21779033333;22279033333;10240;10228
3624;22149487000;22028722222;22528722222;10240;10228
3520;22149497000;21612377777;22112377777;10240;10228
3625;22149605000;22028722222;22528722222;10240;10228
3626;22149623000;22028722222;22528722222;10240;10228
3627;22149637000;22028722222;22528722222;10240;10228
3628;22149653000;22028722222;22528722222;10240;10228
3629;22149665000;22028744444;22528744444;10240;10228
3522;22149729000;21612377777;22112377777;10240;10228
3523;22149737000;21653766666;22153766666;10240;10228
3524;22149857000;21653766666;22153766666;10240;10228
3525;22149865000;21653766666;22153766666;10240;10228
3526;22149997000;21653766666;22153766666;10240;10228
3527;22150010000;21653766666;22153766666;10240;10228
3528;22150210000;21653766666;22153766666;10240;10228
3529;22150433000;21653766666;22153766666;10240;10228
3530;22150442000;21653777777;22153777777;10240;10228
3531;22150638000;21654055555;22154055555;10240;10228
3532;22150656000;21654055555;22154055555;10240;10228
3533;22150842000;21654055555;22154055555;10240;10228
3534;22150851000;21695388888;22195388888;10240;10228
3630;22150874000;22029033333;22529033333;10240;10228
3535;22151028000;21695388888;22195388888;10240;10228
3536;22151267000;21695388888;22195388888;10240;10228
3537;22151277000;21695388888;22195388888;10240;10228
3538;22151472000;21695388888;22195388888;10240;10228
3539;22151491000;21695388888;22195388888;10240;10228
3541;22151679000;21695411111;22195411111;10240;10228
3542;22151701000;21695700000;22195700000;10240;10228
3543;22151881000;21695700000;22195700000;10240;10228
3544;22151892000;21695700000;22195700000;10240;10228
3545;22152040000;21737055555;22237055555;10240;10228
3547;22152282000;21737055555;22237055555;10240;10228
3548;22152293000;21737055555;22237055555;10240;10228
3549;22152480000;21737055555;22237055555;10240;10228
3550;22152485000;21737055555;22237055555;10240;10228
3551;22152683000;21737055555;22237055555;10240;10228
3552;22152689000;21737077777;22237077777;10240;10228
3553;22152894000;21737400000;22237400000;10240;10228
3554;22152900000;21737400000;22237400000;10240;10228
3555;22153084000;21737400000;22237400000;10240;10228
3556;22153305000;21778733333;22278733333;10240;10228
3557;22153310000;21778733333;22278733333;10240;10228
3558;22153507000;21778733333;22278733333;10240;10228
3560;22153512000;21778733333;22278733333;10240;10228
3561;22153712000;21778733333;22278733333;10240;10228
3563;22153717000;21778755555;22278755555;10240;10228
3631;22309138000;22029033333;22529033333;10240;10228
3632;22309159000;22029033333;22529033333;10240;10228
3633;22309167000;22070577777;22570577777;10240;10228
3634;22309172000;22070577777;22570577777;10240;10228
3635;22309176000;22070577777;22570577777;10240;10228
3638;22309180000;22070577777;22570577777;10240;10228
3639;22309186000;22070577777;22570577777;10240;10228
3640;22309190000;22070744444;22570744444;10240;10228
3641;22309194000;22071077777;22571077777;10240;10228
3642;22309216000;22071077777;22571077777;10240;10228
3643;22309221000;22071077777;22571077777;10240;10228
3644;22309226000;22112033333;22612033333;10240;10228
3645;22309232000;22112033333;22612033333;10240;10228
3646;22309261000;22112033333;22612033333;10240;10228
3647;22309267000;22112033333;22612033333;10240;10228
3648;22309272000;22112033333;22612033333;10240;10228
3650;22309291000;22112033333;22612033333;10240;10228
3651;22309309000;22112044444;22612044444;10240;10228
3652;22309315000;22112344444;22612344444;10240;10228
3653;22309319000;22112344444;22612344444;10240;10228
3654;22309331000;22112344444;22612344444;10240;10228
3655;22309393000;22153700000;22653700000;10240;10228
3656;22309409000;22153700000;22653700000;10240;10228
3657;22309414000;22153700000;22653700000;10240;10228
3658;22309418000;22153700000;22653700000;10240;10228
3660;22309434000;22153700000;22653700000;10240;10228
3661;22309453000;22153700000;22653700000;10240;10228
3662;22309467000;22153711111;22653711111;10240;10228
3566;22309491000;21779033333;22279033333;10240;10228
3663;22309500000;22153988888;22653988888;10240;10228
3664;22309508000;22153988888;22653988888;10240;10228
3665;22309517000;22153988888;22653988888;10240;10228
3666;22309537000;22195366666;22695366666;10240;10228
3667;22309581000;22195366666;22695366666;10240;10228
3668;22309660000;22195366666;22695366666;10240;10228
3615;22309694000;21987066666;22487066666;10240;10228
3567;22309720000;21820400000;22320400000;10240;10228
3568;22309730000;21820400000;22320400000;10240;10228
3669;22309742000;22195366666;22695366666;10240;10228
3670;22309747000;22195366666;22695366666;10240;10228
3617;22309760000;21987066666;22487066666;10240;10228
3671;22309783000;22195366666;22695366666;10240;10228
3672;22309800000;22195366666;22695366666;10240;10228
3620;22309817000;21987366666;22487366666;10240;10228
3673;22309842000;22195377777;22695377777;10240;10228
3569;22309899000;21820400000;22320400000;10240;10228
3570;22309917000;21820400000;22320400000;10240;10228
3571;22310075000;21820400000;22320400000;10240;10228
3572;22310296000;21820400000;22320400000;10240;10228
3573;22310313000;21820400000;22320400000;10240;10228
3575;22310502000;21820700000;22320700000;10240;10228
3580;22310519000;21862055555;22362055555;10240;10228
3581;22310698000;21862055555;22362055555;10240;10228
3582;22310717000;21862055555;22362055555;10240;10228
3583;22310901000;21862055555;22362055555;10240;10228
3584;22311108000;21862055555;22362055555;10240;10228
3585;22311128000;21862077777;22362077777;10240;10228
3586;22311321000;21862377777;22362377777;10240;10228
3587;22311349000;21862377777;22362377777;10240;10228
3588;22311516000;21862377777;22362377777;10240;10228
3589;22311536000;21903733333;22403733333;10240;10228
3590;22311723000;21903733333;22403733333;10240;10228
3591;22311734000;21903733333;22403733333;10240;10228
3592;22311925000;21903733333;22403733333;10240;10228
3593;22312136000;21903733333;22403733333;10240;10228
3594;22312186000;21903733333;22403733333;10240;10228
3595;22312336000;21903733333;22403733333;10240;10228
3596;22312357000;21903755555;22403755555;10240;10228
3674;22469452000;22195655555;22695655555;10240;10228
3675;22469469000;22195655555;22695655555;10240;10228
3676;22469478000;22195655555;22695655555;10240;10228
3677;22469486000;22237066666;22737066666;10240;10228
3678;22469503000;22237066666;22737066666;10240;10228
3679;22469507000;22237066666;22737066666;10240;10228
3680;22469583000;22237066666;22737066666;10240;10228
3681;22469592000;22237066666;22737066666;10240;10228
3682;22469597000;22237066666;22737066666;10240;10228
3683;22469602000;22237066666;22737066666;10240;10228
3684;22469616000;22237088888;22737088888;10240;10228
3685;22469621000;22237388888;22737388888;10240;10228
3686;22469640000;22237388888;22737388888;10240;10228
3687;22469653000;22237388888;22737388888;10240;10228
3688;22469657000;22278733333;22778733333;10240;10228
3691;22469922000;22278733333;22778733333;10240;10228
3693;22469932000;22278733333;22778733333;10240;10228
3694;22469942000;22278733333;22778733333;10240;10228
3695;22469947000;22278744444;22778744444;10240;10228
3696;22469953000;22279022222;22779022222;10240;10228
3697;22470013000;22279022222;22779022222;10240;10228
3698;22470025000;22279022222;22779022222;10240;10228
3636;22470030000;22070577777;22570577777;10240;10228
3637;22470036000;22070577777;22570577777;10240;10228
3699;22470053000;22320388888;22820388888;10240;10228
3700;22470132000;22320388888;22820388888;10240;10228
3702;22470147000;22320388888;22820388888;10240;10228
3703;22470166000;22320388888;22820388888;10240;10228
3704;22470173000;22320388888;22820388888;10240;10228
3705;22470337000;22320388888;22820388888;10240;10228
3706;22470350000;22320411111;22820411111;10240;10228
3707;22470361000;22320700000;22820700000;10240;10228
3708;22470367000;22320700000;22820700000;10240;10228
3649;22470447000;22112033333;22612033333;10240;10228
3710;22470459000;22362055555;22862055555;10240;10228
3711;22470529000;22362055555;22862055555;10240;10228
3712;22470541000;22362055555;22862055555;10240;10228
3713;22470545000;22362055555;22862055555;10240;10228
3714;22470558000;22362055555;22862055555;10240;10228
3659;22470586000;22153700000;22653700000;10240;10228
3715;22470621000;22362055555;22862055555;10240;10228
3716;22470682000;22362055555;22862055555;10240;10228
3717;22470686000;22362077777;22862077777;10240;10228
3614;22471294000;21987066666;22487066666;10240;10228
3615;22471476000;21987066666;22487066666;10240;10228
3616;22471682000;21987066666;22487066666;10240;10228
3617;22471699000;21987066666;22487066666;10240;10228
3618;22471942000;21987077777;22487077777;10240;10228
3619;22471951000;21987366666;22487366666;10240;10228
3621;22472126000;21987366666;22487366666;10240;10228
3622;22472135000;22028722222;22528722222;10240;10228
3623;22472332000;22028722222;22528722222;10240;10228
3624;22472351000;22028722222;22528722222;10240;10228
3625;22472552000;22028722222;22528722222;10240;10228
3626;22472751000;22028722222;22528722222;10240;10228
3627;22472769000;22028722222;22528722222;10240;10228
3628;22472949000;22028722222;22528722222;10240;10228
3630;22472958000;22029033333;22529033333;10240;10228
3631;22473166000;22029033333;22529033333;10240;10228
3632;22473185000;22029033333;22529033333;10240;10228
3633;22473319000;22070577777;22570577777;10240;10228
3634;22473567000;22070577777;22570577777;10240;10228
3637;22473587000;22070577777;22570577777;10240;10228
3638;22473767000;22070577777;22570577777;10240;10228
3639;22473777000;22070577777;22570577777;10240;10228
3718;22629787000;22362377777;22862377777;10240;10228
3719;22629803000;22362377777;22862377777;10240;10228
3720;22629836000;22362377777;22862377777;10240;10228
3721;22629843000;22403733333;22903733333;10240;10228
3722;22629854000;22403733333;22903733333;10240;10228
3723;22629859000;22403733333;22903733333;10240;10228
3724;22629875000;22403733333;22903733333;10240;10228
3725;22629880000;22403733333;22903733333;10240;10228
3726;22629885000;22403733333;22903733333;10240;10228
3728;22629889000;22403755555;22903755555;10240;10228
3729;22629963000;22404011111;22904011111;10240;10228
3730;22629975000;22404011111;22904011111;10240;10228
3731;22629980000;22404011111;22904011111;10240;10228
3732;22629987000;22445400000;22945400000;10240;10228
3733;22629991000;22445400000;22945400000;10240;10228
3734;22629996000;22445400000;22945400000;10240;10228
3736;22630007000;22445400000;22945400000;10240;10228
3738;22630013000;22445400000;22945400000;10240;10228
3739;22630021000;22445411111;22945411111;10240;10228
3740;22630030000;22445688888;22945688888;10240;10228
3741;22630038000;22445688888;22945688888;10240;10228
3742;22630129000;22445688888;22945688888;10240;10228
3743;22630148000;22487055555;22987055555;10240;10228
3744;22630154000;22487055555;22987055555;10240;10228
3745;22630159000;22487055555;22987055555;10240;10228
3746;22630180000;22487055555;22987055555;10240;10228
3747;22630186000;22487055555;22987055555;10240;10228
3749;22630199000;22487055555;22987055555;10240;10228
3753;22630220000;22487366666;22987366666;10240;10228
3754;22630235000;22528722222;23028722222;10240;10228
3689;22630244000;22278733333;22778733333;10240;10228
3690;22630252000;22278733333;22778733333;10240;10228
3692;22630284000;22278733333;22778733333;10240;10228
3756;22630293000;22528722222;23028722222;10240;10228
3757;22630304000;22528722222;23028722222;10240;10228
3758;22630372000;22528722222;23028722222;10240;10228
3759;22630381000;22528722222;23028722222;10240;10228
3760;22630403000;22528722222;23028722222;10240;10228
3761;22630439000;22528744444;23028744444;10240;10228
3701;22630492000;22320388888;22820388888;10240;10228
3709;22630935000;22320700000;22820700000;10240;10228
3658;22631941000;22153700000;22653700000;10240;10228
3659;22631951000;22153700000;22653700000;10240;10228
3660;22632153000;22153700000;22653700000;10240;10228
3661;22632221000;22153700000;22653700000;10240;10228
3662;22632375000;22153711111;22653711111;10240;10228
3663;22632394000;22153988888;22653988888;10240;10228
3664;22632568000;22153988888;22653988888;10240;10228
3665;22632772000;22153988888;22653988888;10240;10228
3666;22632779000;22195366666;22695366666;10240;10228
3667;22632961000;22195366666;22695366666;10240;10228
3668;22632967000;22195366666;22695366666;10240;10228
3670;22633184000;22195366666;22695366666;10240;10228
3671;22633387000;22195366666;22695366666;10240;10228
3672;22633393000;22195366666;22695366666;10240;10228
3673;22633591000;22195377777;22695377777;10240;10228
3674;22633597000;22195655555;22695655555;10240;10228
3675;22633796000;22195655555;22695655555;10240;10228
3676;22633802000;22195655555;22695655555;10240;10228
3677;22633987000;22237066666;22737066666;10240;10228
3678;22633993000;22237066666;22737066666;10240;10228
3679;22634218000;22237066666;22737066666;10240;10228
3680;22634429000;22237066666;22737066666;10240;10228
3681;22634434000;22237066666;22737066666;10240;10228
3682;22634633000;22237066666;22737066666;10240;10228
3762;22790069000;22529022222;23029022222;10240;10228
3763;22790083000;22529022222;23029022222;10240;10228
3764;22790100000;22529022222;23029022222;10240;10228
3765;22790122000;22570411111;23070411111;10240;10228
3766;22790133000;22570411111;23070411111;10240;10228
3767;22790140000;22570411111;23070411111;10240;10228
3768;22790148000;22570411111;23070411111;10240;10228
3769;22790156000;22570411111;23070411111;10240;10228
3770;22790161000;22570411111;23070411111;10240;10228
3771;22790165000;22570411111;23070411111;10240;10228
3772;22790169000;22570433333;23070433333;10240;10228
3773;22790180000;22570733333;23070733333;10240;10228
3776;22790259000;22612077777;23112077777;10240;10228
3782;22790289000;22612077777;23112077777;10240;10228
3783;22790296000;22612100000;23112100000;10240;10228
3784;22790301000;22612388888;23112388888;10240;10228
3785;22790305000;22612388888;23112388888;10240;10228
3786;22790367000;22612388888;23112388888;10240;10228
3787;22790376000;22653722222;23153722222;10240;10228
3788;22790478000;22653722222;23153722222;10240;10228
3789;22790488000;22653722222;23153722222;10240;10228
3790;22790493000;22653722222;23153722222;10240;10228
3791;22790552000;22653722222;23153722222;10240;10228
3727;22790562000;22403733333;22903733333;10240;10228
3792;22790571000;22653722222;23153722222;10240;10228
3793;22790590000;22653722222;23153722222;10240;10228
3794;22790595000;22653744444;23153744444;10240;10228
3795;22790613000;22654011111;23154011111;10240;10228
3796;22790622000;22654011111;23154011111;10240;10228
3797;22790662000;22654011111;23154011111;10240;10228
3735;22790698000;22445400000;22945400000;10240;10228
3798;22790705000;22695400000;23195400000;10240;10228
3737;22790715000;22445400000;22945400000;10240;10228
3799;22790733000;22695400000;23195400000;10240;10228
3800;22790748000;22695400000;23195400000;10240;10228
3801;22790791000;22695400000;23195400000;10240;10228
3802;22790812000;22695400000;23195400000;10240;10228
3803;22790892000;22695400000;23195400000;10240;10228
3805;22790907000;22695411111;23195411111;10240;10228
3748;22791006000;22487055555;22987055555;10240;10228
3750;22791030000;22487077777;22987077777;10240;10228
3755;22791128000;22528722222;23028722222;10240;10228
3751;22791217000;22487366666;22987366666;10240;10228
3752;22791247000;22487366666;22987366666;10240;10228
3700;22791893000;22320388888;22820388888;10240;10228
3701;22792079000;22320388888;22820388888;10240;10228
3702;22792089000;22320388888;22820388888;10240;10228
3703;22792300000;22320388888;22820388888;10240;10228
3704;22792498000;22320388888;22820388888;10240;10228
3705;22792510000;22320388888;22820388888;10240;10228
3706;22792699000;22320411111;22820411111;10240;10228
3707;22792711000;22320700000;22820700000;10240;10228
3708;22792906000;22320700000;22820700000;10240;10228
3709;22792916000;22320700000;22820700000;10240;10228
3710;22793143000;22362055555;22862055555;10240;10228
3711;22793161000;22362055555;22862055555;10240;10228
3712;22793316000;22362055555;22862055555;10240;10228
3713;22793520000;22362055555;22862055555;10240;10228
3714;22793532000;22362055555;22862055555;10240;10228
3715;22793725000;22362055555;22862055555;10240;10228
3717;22793736000;22362077777;22862077777;10240;10228
3718;22793914000;22362377777;22862377777;10240;10228
3719;22793923000;22362377777;22862377777;10240;10228
3720;22794142000;22362377777;22862377777;10240;10228
3721;22794158000;22403733333;22903733333;10240;10228
3722;22794339000;22403733333;22903733333;10240;10228
3723;22794542000;22403733333;22903733333;10240;10228
3806;22950332000;22695677777;23195677777;10240;10228
3807;22950347000;22695677777;23195677777;10240;10228
3808;22950365000;22695677777;23195677777;10240;10228
3809;22950373000;22737088888;23237088888;10240;10228
3810;22950379000;22737088888;23237088888;10240;10228
3811;22950383000;22737088888;23237088888;10240;10228
3813;22950388000;22737088888;23237088888;10240;10228
3814;22950393000;22737088888;23237088888;10240;10228
3815;22950396000;22737088888;23237088888;10240;10228
3816;22950455000;22737100000;23237100000;10240;10228
3817;22950466000;22737388888;23237388888;10240;10228
3818;22950472000;22737388888;23237388888;10240;10228
3819;22950476000;22737388888;23237388888;10240;10228
3820;22950481000;22778744444;23278744444;10240;10228
3821;22950485000;22778744444;23278744444;10240;10228
3823;22950576000;22778744444;23278744444;10240;10228
3824;22950585000;22778744444;23278744444;10240;10228
3825;22950590000;22778744444;23278744444;10240;10228
3826;22950595000;22778744444;23278744444;10240;10228
3827;22950599000;22778766666;23278766666;10240;10228
3828;22950604000;22779044444;23279044444;10240;10228
3829;22950623000;22779044444;23279044444;10240;10228
3830;22950635000;22779044444;23279044444;10240;10228
3831;22950709000;22820388888;23320388888;10240;10228
3832;22950722000;22820388888;23320388888;10240;10228
3833;22950797000;22820388888;23320388888;10240;10228
3834;22950809000;22820388888;23320388888;10240;10228
3835;22950871000;22820388888;23320388888;10240;10228
3837;22950884000;22820388888;23320388888;10240;10228
3838;22950901000;22820411111;23320411111;10240;10228
3839;22950926000;22820688888;23320688888;10240;10228
3774;22950951000;22570733333;23070733333;10240;10228
3775;22950962000;22570733333;23070733333;10240;10228
3841;22950977000;22820688888;23320688888;10240;10228
3842;22950985000;22862055555;23362055555;10240;10228
3777;22951038000;22612077777;23112077777;10240;10228
3778;22951065000;22612077777;23112077777;10240;10228
3779;22951083000;22612077777;23112077777;10240;10228
3780;22951099000;22612077777;23112077777;10240;10228
3781;22951119000;22612077777;23112077777;10240;10228
3843;22951133000;22862055555;23362055555;10240;10228
3844;22951178000;22862055555;23362055555;10240;10228
3845;22951255000;22862055555;23362055555;10240;10228
3846;22951265000;22862055555;23362055555;10240;10228
3847;22951298000;22862055555;23362055555;10240;10228
3848;22951307000;22862055555;23362055555;10240;10228
3747;22952771000;22487055555;22987055555;10240;10228
3748;22952981000;22487055555;22987055555;10240;10228
3749;22953000000;22487055555;22987055555;10240;10228
3750;22953217000;22487077777;22987077777;10240;10228
3751;22953229000;22487366666;22987366666;10240;10228
3752;22953404000;22487366666;22987366666;10240;10228
3753;22953610000;22487366666;22987366666;10240;10228
3754;22953615000;22528722222;23028722222;10240;10228
3756;22953814000;22528722222;23028722222;10240;10228
3757;22953819000;22528722222;23028722222;10240;10228
3758;22954003000;22528722222;23028722222;10240;10228
3759;22954237000;22528722222;23028722222;10240;10228
3760;22954242000;22528722222;23028722222;10240;10228
3761;22954247000;22528744444;23028744444;10240;10228
3762;22954445000;22529022222;23029022222;10240;10228
3763;22954653000;22529022222;23029022222;10240;10228
3764;22954657000;22529022222;23029022222;10240;10228
3765;22954853000;22570411111;23070411111;10240;10228
3766;22954858000;22570411111;23070411111;10240;10228
3767;22955026000;22570411111;23070411111;10240;10228
3850;23110645000;22862377777;23362377777;10240;10228
3851;23110665000;22862377777;23362377777;10240;10228
3852;23110670000;22862377777;23362377777;10240;10228
3853;23110691000;22903733333;23403733333;10240;10228
3854;23110696000;22903733333;23403733333;10240;10228
3855;23110700000;22903733333;23403733333;10240;10228
3856;23110711000;22903733333;23403733333;10240;10228
3857;23110715000;22903733333;23403733333;10240;10228
3858;23110737000;22903733333;23403733333;10240;10228
3859;23110742000;22903733333;23403733333;10240;10228
3860;23110748000;22903744444;23403744444;10240;10228
3861;23110755000;22904055555;23404055555;10240;10228
3862;23110776000;22904055555;23404055555;10240;10228
3863;23110795000;22904055555;23404055555;10240;10228
3804;23110829000;22695400000;23195400000;10240;10228
3864;23110848000;22945388888;23445388888;10240;10228
3865;23110854000;22945388888;23445388888;10240;10228
3866;23110859000;22945388888;23445388888;10240;10228
3867;23110916000;22945388888;23445388888;10240;10228
3868;23110956000;22945388888;23445388888;10240;10228
3869;23110965000;22945388888;23445388888;10240;10228
3870;23111032000;22945388888;23445388888;10240;10228
3812;23111122000;22737088888;23237088888;10240;10228
3871;23111137000;22945411111;23445411111;10240;10228
3872;23111144000;22945722222;23445722222;10240;10228
3874;23111234000;22945722222;23445722222;10240;10228
3875;23111281000;22987055555;23487055555;10240;10228
3876;23111291000;22987055555;23487055555;10240;10228
3822;23111396000;22778744444;23278744444;10240;10228
3877;23111425000;22987055555;23487055555;10240;10228
3773;23111484000;22570733333;23070733333;10240;10228
3776;23111496000;22612077777;23112077777;10240;10228
3878;23111500000;22987055555;23487055555;10240;10228
3879;23111550000;22987055555;23487055555;10240;10228
3880;23111559000;22987055555;23487055555;10240;10228
3881;23111567000;22987055555;23487055555;10240;10228
3882;23111615000;22987077777;23487077777;10240;10228
3777;23111659000;22612077777;23112077777;10240;10228
3778;23111669000;22612077777;23112077777;10240;10228
3883;23111703000;22987355555;23487355555;10240;10228
3884;23111712000;22987355555;23487355555;10240;10228
3885;23111818000;22987355555;23487355555;10240;10228
3779;23111836000;22612077777;23112077777;10240;10228
3780;23111846000;22612077777;23112077777;10240;10228
3886;23111855000;23028733333;23528733333;10240;10228
3887;23111892000;23028733333;23528733333;10240;10228
3888;23111902000;23028733333;23528733333;10240;10228
3889;23111960000;23028733333;23528733333;10240;10228
3890;23111986000;23028733333;23528733333;10240;10228
3836;23111997000;22820388888;23320388888;10240;10228
3891;23112024000;23028733333;23528733333;10240;10228
3781;23112057000;22612077777;23112077777;10240;10228
3840;23112116000;22820688888;23320688888;10240;10228
3782;23112241000;22612077777;23112077777;10240;10228
3783;23112258000;22612100000;23112100000;10240;10228
3784;23112416000;22612388888;23112388888;10240;10228
3785;23112426000;22612388888;23112388888;10240;10228
3786;23112620000;22612388888;23112388888;10240;10228
3787;23112638000;22653722222;23153722222;10240;10228
3788;23112864000;22653722222;23153722222;10240;10228
3789;23113079000;22653722222;23153722222;10240;10228
3790;23113097000;22653722222;23153722222;10240;10228
3791;23113305000;22653722222;23153722222;10240;10228
3792;23113313000;22653722222;23153722222;10240;10228
3793;23113505000;22653722222;23153722222;10240;10228
3794;23113523000;22653744444;23153744444;10240;10228
3795;23113705000;22654011111;23154011111;10240;10228
3796;23113724000;22654011111;23154011111;10240;10228
3797;23113906000;22654011111;23154011111;10240;10228
3798;23114110000;22695400000;23195400000;10240;10228
3799;23114140000;22695400000;23195400000;10240;10228
3801;23114318000;22695400000;23195400000;10240;10228
3802;23114329000;22695400000;23195400000;10240;10228
3897;23270969000;23070400000;23570400000;10240;10228
3898;23270981000;23070400000;23570400000;10240;10228
3899;23270986000;23070400000;23570400000;10240;10228
3902;23270999000;23070400000;23570400000;10240;10228
3903;23271076000;23070400000;23570400000;10240;10228
3904;23271087000;23070422222;23570422222;10240;10228
3905;23271102000;23070700000;23570700000;10240;10228
3906;23271111000;23070700000;23570700000;10240;10228
3907;23271120000;23070700000;23570700000;10240;10228
3908;23271207000;23112055555;23612055555;10240;10228
3909;23271218000;23112055555;23612055555;10240;10228
3910;23271222000;23112055555;23612055555;10240;10228
3911;23271234000;23112055555;23612055555;10240;10228
3912;23271240000;23112055555;23612055555;10240;10228
3913;23271244000;23112055555;23612055555;10240;10228
3914;23271249000;23112055555;23612055555;10240;10228
3915;23271253000;23112077777;23612077777;10240;10228
3803;23271258000;22695400000;23195400000;10240;10228
3916;23271269000;23112400000;23612400000;10240;10228
3917;23271274000;23112400000;23612400000;10240;10228
3849;23271278000;22862077777;23362077777;10240;10228
3918;23271296000;23112400000;23612400000;10240;10228
3919;23271307000;23153722222;23653722222;10240;10228
3920;23271323000;23153722222;23653722222;10240;10228
3922;23271365000;23153722222;23653722222;10240;10228
3923;23271396000;23153722222;23653722222;10240;10228
3924;23271412000;23153722222;23653722222;10240;10228
3925;23271438000;23153722222;23653722222;10240;10228
3804;23271448000;22695400000;23195400000;10240;10228
3805;23271455000;22695411111;23195411111;10240;10228
3926;23271471000;23153744444;23653744444;10240;10228
3806;23271577000;22695677777;23195677777;10240;10228
3807;23271774000;22695677777;23195677777;10240;10228
3808;23271786000;22695677777;23195677777;10240;10228
3873;23271901000;22945722222;23445722222;10240;10228
3809;23272040000;22737088888;23237088888;10240;10228
3810;23272060000;22737088888;23237088888;10240;10228
3811;23272216000;22737088888;23237088888;10240;10228
3813;23272226000;22737088888;23237088888;10240;10228
3815;23272433000;22737088888;23237088888;10240;10228
3816;23272442000;22737100000;23237100000;10240;10228
3817;23272624000;22737388888;23237388888;10240;10228
3818;23272821000;22737388888;23237388888;10240;10228
3819;23272841000;22737388888;23237388888;10240;10228
3820;23273024000;22778744444;23278744444;10240;10228
3821;23273038000;22778744444;23278744444;10240;10228
3822;23273237000;22778744444;23278744444;10240;10228
3823;23273436000;22778744444;23278744444;10240;10228
3824;23273447000;22778744444;23278744444;10240;10228
3825;23273639000;22778744444;23278744444;10240;10228
3826;23273660000;22778744444;23278744444;10240;10228
3827;23273843000;22778766666;23278766666;10240;10228
3829;23273855000;22779044444;23279044444;10240;10228
3830;23274033000;22779044444;23279044444;10240;10228
3831;23274268000;22820388888;23320388888;10240;10228
3832;23274287000;22820388888;23320388888;10240;10228
3833;23274478000;22820388888;23320388888;10240;10228
3834;23274496000;22820388888;23320388888;10240;10228
3835;23274681000;22820388888;23320388888;10240;10228
3836;23274699000;22820388888;23320388888;10240;10228
3837;23274878000;22820388888;23320388888;10240;10228
3838;23274888000;22820411111;23320411111;10240;10228
3840;23275065000;22820688888;23320688888;10240;10228
3841;23275262000;22820688888;23320688888;10240;10228
3842;23275279000;22862055555;23362055555;10240;10228
3846;23275502000;22862055555;23362055555;10240;10228
3847;23275520000;22862055555;23362055555;10240;10228
3848;23275709000;22862055555;23362055555;10240;10228
3849;23275727000;22862077777;23362077777;10240;10228
3850;23275907000;22862377777;23362377777;10240;10228
3851;23275916000;22862377777;23362377777;10240;10228
3852;23276106000;22862377777;23362377777;10240;10228
3853;23276320000;22903733333;23403733333;10240;10228
3854;23276331000;22903733333;23403733333;10240;10228
3855;23276517000;22903733333;23403733333;10240;10228
3856;23276533000;22903733333;23403733333;10240;10228
3857;23276720000;22903733333;23403733333;10240;10228
3858;23276736000;22903733333;23403733333;10240;10228
3859;23276888000;22903733333;23403733333;10240;10228
3927;23431249000;23154022222;23654022222;10240;10228
3928;23431262000;23154022222;23654022222;10240;10228
3929;23431266000;23154022222;23654022222;10240;10228
3930;23431271000;23195400000;23695400000;10240;10228
3932;23431276000;23195400000;23695400000;10240;10228
3933;23431286000;23195400000;23695400000;10240;10228
3934;23431292000;23195400000;23695400000;10240;10228
3935;23431360000;23195400000;23695400000;10240;10228
3936;23431372000;23195400000;23695400000;10240;10228
3937;23431376000;23195422222;23695422222;10240;10228
3938;23431391000;23195700000;23695700000;10240;10228
3939;23431396000;23195700000;23695700000;10240;10228
3940;23431400000;23195700000;23695700000;10240;10228
3944;23431420000;23237066666;23737066666;10240;10228
3945;23431427000;23237066666;23737066666;10240;10228
3946;23431435000;23237066666;23737066666;10240;10228
3947;23431449000;23237066666;23737066666;10240;10228
3948;23431453000;23237088888;23737088888;10240;10228
3949;23431511000;23237377777;23737377777;10240;10228
3892;23431522000;23028733333;23528733333;10240;10228
3893;23431526000;23028755555;23528755555;10240;10228
3894;23431530000;23029022222;23529022222;10240;10228
3895;23431534000;23029022222;23529022222;10240;10228
3950;23431548000;23237377777;23737377777;10240;10228
3952;23431601000;23278722222;23778722222;10240;10228
3896;23431669000;23029022222;23529022222;10240;10228
3900;23431679000;23070400000;23570400000;10240;10228
3953;23431683000;23278722222;23778722222;10240;10228
3954;23431688000;23278722222;23778722222;10240;10228
3955;23431692000;23278722222;23778722222;10240;10228
3901;23431816000;23070400000;23570400000;10240;10228
3956;23431827000;23278722222;23778722222;10240;10228
3957;23431833000;23278722222;23778722222;10240;10228
3959;23431918000;23278744444;23778744444;10240;10228
3960;23431974000;23279022222;23779022222;10240;10228
3961;23431980000;23279022222;23779022222;10240;10228
3962;23432003000;23279022222;23779022222;10240;10228
3963;23432014000;23320388888;23820388888;10240;10228
3964;23432128000;23320388888;23820388888;10240;10228
3965;23432139000;23320388888;23820388888;10240;10228
3968;23432277000;23320388888;23820388888;10240;10228
3921;23432288000;23153722222;23653722222;10240;10228
3969;23432313000;23320388888;23820388888;10240;10228
3970;23432319000;23320411111;23820411111;10240;10228
3872;23432805000;22945722222;23445722222;10240;10228
3873;23432816000;22945722222;23445722222;10240;10228
3874;23433005000;22945722222;23445722222;10240;10228
3875;23433211000;22987055555;23487055555;10240;10228
3876;23433232000;22987055555;23487055555;10240;10228
3877;23433436000;22987055555;23487055555;10240;10228
3878;23433455000;22987055555;23487055555;10240;10228
3879;23433640000;22987055555;23487055555;10240;10228
3880;23433649000;22987055555;23487055555;10240;10228
3881;23433842000;22987055555;23487055555;10240;10228
3882;23433851000;22987077777;23487077777;10240;10228
3883;23434031000;22987355555;23487355555;10240;10228
3884;23434251000;22987355555;23487355555;10240;10228
3885;23434263000;22987355555;23487355555;10240;10228
3886;23434463000;23028733333;23528733333;10240;10228
3971;23591611000;23320700000;23820700000;10240;10228
3972;23591628000;23320700000;23820700000;10240;10228
3973;23591633000;23320700000;23820700000;10240;10228
3974;23591638000;23362066666;23862066666;10240;10228
3975;23591642000;23362066666;23862066666;10240;10228
3976;23591648000;23362066666;23862066666;10240;10228
3977;23591657000;23362066666;23862066666;10240;10228
3978;23591673000;23362066666;23862066666;10240;10228
3979;23591679000;23362066666;23862066666;10240;10228
3980;23591751000;23362066666;23862066666;10240;10228
3982;23591763000;23362377777;23862377777;10240;10228
3983;23591783000;23362377777;23862377777;10240;10228
3984;23591788000;23362377777;23862377777;10240;10228
3985;23591792000;23403733333;23903733333;10240;10228
3986;23591797000;23403733333;23903733333;10240;10228
3987;23591804000;23403733333;23903733333;10240;10228
3988;23591816000;23403733333;23903733333;10240;10228
3989;23591820000;23403733333;23903733333;10240;10228
3990;23591846000;23403733333;23903733333;10240;10228
3991;23591850000;23403733333;23903733333;10240;10228
3992;23591861000;23403744444;23903744444;10240;10228
3994;23591868000;23404011111;23904011111;10240;10228
3995;23591877000;23404011111;23904011111;10240;10228
3996;23591885000;23445388888;23945388888;10240;10228
3997;23591900000;23445388888;23945388888;10240;10228
3998;23591915000;23445388888;23945388888;10240;10228
4000;23591923000;23445388888;23945388888;10240;10228
3931;23591956000;23195400000;23695400000;10240;10228
4001;23591985000;23445388888;23945388888;10240;10228
4002;23592002000;23445388888;23945388888;10240;10228
4003;23592009000;23445400000;23945400000;10240;10228
4004;23592073000;23445688888;23945688888;10240;10228
4005;23592082000;23445688888;23945688888;10240;10228
4006;23592107000;23445688888;23945688888;10240;10228
3941;23592128000;23237066666;23737066666;10240;10228
3942;23592150000;23237066666;23737066666;10240;10228
3943;23592155000;23237066666;23737066666;10240;10228
4007;23592171000;23487055555;23987055555;10240;10228
4010;23592234000;23487055555;23987055555;10240;10228
4011;23592268000;23487055555;23987055555;10240;10228
3951;23592324000;23237377777;23737377777;10240;10228
4012;23592345000;23487055555;23987055555;10240;10228
3958;23592676000;23278722222;23778722222;10240;10228
3966;23592867000;23320388888;23820388888;10240;10228
3967;23592912000;23320388888;23820388888;10240;10228
3920;23595268000;23153722222;23653722222;10240;10228
3921;23595497000;23153722222;23653722222;10240;10228
3922;23595535000;23153722222;23653722222;10240;10228
3923;23595708000;23153722222;23653722222;10240;10228
3924;23595873000;23153722222;23653722222;10240;10228
3925;23595886000;23153722222;23653722222;10240;10228
3926;23596103000;23153744444;23653744444;10240;10228
3927;23596131000;23154022222;23654022222;10240;10228
3928;23596282000;23154022222;23654022222;10240;10228
3929;23596303000;23154022222;23654022222;10240;10228
3930;23596509000;23195400000;23695400000;10240;10228
3931;23596720000;23195400000;23695400000;10240;10228
3932;23596760000;23195400000;23695400000;10240;10228
4015;23751899000;23487377777;23987377777;10240;10228
4016;23751917000;23487377777;23987377777;10240;10228
4017;23751925000;23487377777;23987377777;10240;10228
4018;23751932000;23528744444;24028744444;10240;10228
4019;23751941000;23528744444;24028744444;10240;10228
4020;23751945000;23528744444;24028744444;10240;10228
4021;23751948000;23528744444;24028744444;10240;10228
4022;23752009000;23528744444;24028744444;10240;10228
4023;23752021000;23528744444;24028744444;10240;10228
4024;23752025000;23528744444;24028744444;10240;10228
4025;23752031000;23528755555;24028755555;10240;10228
4026;23752036000;23529044444;24029044444;10240;10228
4027;23752040000;23529044444;24029044444;10240;10228
4028;23752062000;23529044444;24029044444;10240;10228
4030;23752140000;23570400000;24070400000;10240;10228
4031;23752150000;23570400000;24070400000;10240;10228
4032;23752156000;23570400000;24070400000;10240;10228
4033;23752159000;23570400000;24070400000;10240;10228
4034;23752164000;23570400000;24070400000;10240;10228
4035;23752172000;23570400000;24070400000;10240;10228
4036;23752191000;23570411111;24070411111;10240;10228
4037;23752197000;23570711111;24070711111;10240;10228
4038;23752201000;23570711111;24070711111;10240;10228
4039;23752273000;23570711111;24070711111;10240;10228
4040;23752283000;23612055555;24112055555;10240;10228
4041;23752289000;23612055555;24112055555;10240;10228
4043;23752360000;23612055555;24112055555;10240;10228
4045;23752373000;23612055555;24112055555;10240;10228
3981;23752414000;23362088888;23862088888;10240;10228
4046;23752421000;23612055555;24112055555;10240;10228
4048;23752437000;23612388888;24112388888;10240;10228
4049;23752445000;23612388888;24112388888;10240;10228
4050;23752492000;23612388888;24112388888;10240;10228
4051;23752510000;23653722222;24153722222;10240;10228
4052;23752531000;23653722222;24153722222;10240;10228
4053;23752585000;23653722222;24153722222;10240;10228
4054;23752594000;23653722222;24153722222;10240;10228
4055;23752615000;23653722222;24153722222;10240;10228
3993;23752645000;23404011111;23904011111;10240;10228
4058;23752686000;23653744444;24153744444;10240;10228
3999;23752807000;23445388888;23945388888;10240;10228
4008;23753050000;23487055555;23987055555;10240;10228
3950;23753734000;23237377777;23737377777;10240;10228
3951;23753954000;23237377777;23737377777;10240;10228
3952;23753965000;23278722222;23778722222;10240;10228
3953;23754182000;23278722222;23778722222;10240;10228
3954;23754192000;23278722222;23778722222;10240;10228
3955;23754391000;23278722222;23778722222;10240;10228
3956;23754584000;23278722222;23778722222;10240;10228
3957;23754606000;23278722222;23778722222;10240;10228
3958;23754793000;23278722222;23778722222;10240;10228
3959;23754804000;23278744444;23778744444;10240;10228
3960;23754959000;23279022222;23779022222;10240;10228
3961;23755191000;23279022222;23779022222;10240;10228
3962;23755217000;23279022222;23779022222;10240;10228
3963;23755403000;23320388888;23820388888;10240;10228
3964;23755423000;23320388888;23820388888;10240;10228
3965;23755602000;23320388888;23820388888;10240;10228
3966;23755621000;23320388888;23820388888;10240;10228
3967;23755818000;23320388888;23820388888;10240;10228
3968;23755830000;23320388888;23820388888;10240;10228
3969;23755981000;23320388888;23820388888;10240;10228
3970;23756217000;23320411111;23820411111;10240;10228
3971;23756236000;23320700000;23820700000;10240;10228
3972;23756429000;23320700000;23820700000;10240;10228
3973;23756448000;23320700000;23820700000;10240;10228
3974;23756629000;23362066666;23862066666;10240;10228
3975;23756638000;23362066666;23862066666;10240;10228
3976;23756777000;23362066666;23862066666;10240;10228
3977;23756997000;23362066666;23862066666;10240;10228
4059;23912207000;23654022222;24154022222;10240;10228
4060;23912224000;23654022222;24154022222;10240;10228
4061;23912232000;23654022222;24154022222;10240;10228
4062;23912240000;23695400000;24195400000;10240;10228
4063;23912250000;23695400000;24195400000;10240;10228
4064;23912258000;23695400000;24195400000;10240;10228
4065;23912262000;23695400000;24195400000;10240;10228
4066;23912283000;23695400000;24195400000;10240;10228
4067;23912288000;23695400000;24195400000;10240;10228
4068;23912293000;23695400000;24195400000;10240;10228
4069;23912297000;23695422222;24195422222;10240;10228
4070;23912307000;23695677777;24195677777;10240;10228
4071;23912393000;23695677777;24195677777;10240;10228
4073;23912414000;23737066666;24237066666;10240;10228
4074;23912420000;23737066666;24237066666;10240;10228
4075;23912424000;23737066666;24237066666;10240;10228
4076;23912429000;23737066666;24237066666;10240;10228
4077;23912433000;23737066666;24237066666;10240;10228
4078;23912438000;23737066666;24237066666;10240;10228
4079;23912441000;23737066666;24237066666;10240;10228
4080;23912447000;23737077777;24237077777;10240;10228
4081;23912455000;23737366666;24237366666;10240;10228
4009;23912526000;23487055555;23987055555;10240;10228
4013;23912536000;23487055555;23987055555;10240;10228
4014;23912541000;23487077777;23987077777;10240;10228
4082;23912545000;23737366666;24237366666;10240;10228
4083;23912550000;23737366666;24237366666;10240;10228
4084;23912640000;23778722222;24278722222;10240;10228
4085;23912650000;23778722222;24278722222;10240;10228
4086;23912655000;23778722222;24278722222;10240;10228
4087;23912755000;23778722222;24278722222;10240;10228
4088;23912766000;23778722222;24278722222;10240;10228
4089;23912781000;23778722222;24278722222;10240;10228
4090;23912863000;23778722222;24278722222;10240;10228
4091;23912875000;23778744444;24278744444;10240;10228
4092;23912885000;23779022222;24279022222;10240;10228
4029;23912983000;23570400000;24070400000;10240;10228
4093;23912994000;23779022222;24279022222;10240;10228
4094;23913117000;23779022222;24279022222;10240;10228
4095;23913128000;23820388888;24320388888;10240;10228
4096;23913134000;23820388888;24320388888;10240;10228
4097;23913158000;23820388888;24320388888;10240;10228
4098;23913261000;23820388888;24320388888;10240;10228
4099;23913271000;23820388888;24320388888;10240;10228
4100;23913280000;23820388888;24320388888;10240;10228
4101;23913294000;23820388888;24320388888;10240;10228
4102;23913437000;23820411111;24320411111;10240;10228
4042;23913562000;23612055555;24112055555;10240;10228
4044;23913593000;23612055555;24112055555;10240;10228
4047;23913747000;23612077777;24112077777;10240;10228
3993;23914050000;23404011111;23904011111;10240;10228
3994;23914062000;23404011111;23904011111;10240;10228
3996;23914241000;23445388888;23945388888;10240;10228
3997;23914261000;23445388888;23945388888;10240;10228
3998;23914467000;23445388888;23945388888;10240;10228
4000;23914666000;23445388888;23945388888;10240;10228
4002;23914685000;23445388888;23945388888;10240;10228
4005;23914871000;23445688888;23945688888;10240;10228
4006;23914880000;23445688888;23945688888;10240;10228
4008;23915061000;23487055555;23987055555;10240;10228
4009;23915287000;23487055555;23987055555;10240;10228
4010;23915315000;23487055555;23987055555;10240;10228
4011;23915484000;23487055555;23987055555;10240;10228
4012;23915504000;23487055555;23987055555;10240;10228
4013;23915688000;23487055555;23987055555;10240;10228
4015;23915709000;23487377777;23987377777;10240;10228
4016;23915895000;23487377777;23987377777;10240;10228
4017;23916124000;23487377777;23987377777;10240;10228
4018;23916145000;23528744444;24028744444;10240;10228
4103;24072516000;23820711111;24320711111;10240;10228
4104;24072534000;23820711111;24320711111;10240;10228
4105;24072544000;23820711111;24320711111;10240;10228
4106;24072552000;23862066666;24362066666;10240;10228
4107;24072560000;23862066666;24362066666;10240;10228
4109;24072566000;23862066666;24362066666;10240;10228
4110;24072578000;23862066666;24362066666;10240;10228
4111;24072587000;23862066666;24362066666;10240;10228
4113;24072598000;23862088888;24362088888;10240;10228
4114;24072603000;23862377777;24362377777;10240;10228
4115;24072673000;23862377777;24362377777;10240;10228
4116;24072684000;23862377777;24362377777;10240;10228
4117;24072689000;23903733333;24403733333;10240;10228
4118;24072703000;23903733333;24403733333;10240;10228
4057;24072708000;23653722222;24153722222;10240;10228
4119;24072727000;23903733333;24403733333;10240;10228
4120;24072734000;23903733333;24403733333;10240;10228
4121;24072737000;23903733333;24403733333;10240;10228
4122;24072802000;23903733333;24403733333;10240;10228
4123;24072813000;23903733333;24403733333;10240;10228
4124;24072817000;23903755555;24403755555;10240;10228
4126;24072824000;23904044444;24404044444;10240;10228
4127;24072848000;23904044444;24404044444;10240;10228
4128;24072854000;23945388888;24445388888;10240;10228
4056;24072882000;23653722222;24153722222;10240;10228
4129;24072909000;23945388888;24445388888;10240;10228
4130;24072935000;23945388888;24445388888;10240;10228
4131;24072957000;23945388888;24445388888;10240;10228
4132;24072970000;23945388888;24445388888;10240;10228
4134;24072997000;23945388888;24445388888;10240;10228
4135;24073027000;23945411111;24445411111;10240;10228
4136;24073083000;23945711111;24445711111;10240;10228
4137;24073109000;23945711111;24445711111;10240;10228
4138;24073168000;23945711111;24445711111;10240;10228
4139;24073183000;23987055555;24487055555;10240;10228
4140;24073198000;23987055555;24487055555;10240;10228
4141;24073224000;23987055555;24487055555;10240;10228
4072;24073240000;23695677777;24195677777;10240;10228
4142;24073247000;23987055555;24487055555;10240;10228
4143;24073297000;23987055555;24487055555;10240;10228
4144;24073314000;23987055555;24487055555;10240;10228
4145;24073365000;23987055555;24487055555;10240;10228
4146;24073386000;23987077777;24487077777;10240;10228
4044;24075147000;23612055555;24112055555;10240;10228
4045;24075161000;23612055555;24112055555;10240;10228
4046;24075343000;23612055555;24112055555;10240;10228
4047;24075352000;23612077777;24112077777;10240;10228
4050;24075547000;23612388888;24112388888;10240;10228
4051;24075564000;23653722222;24153722222;10240;10228
4052;24075795000;23653722222;24153722222;10240;10228
4053;24075977000;23653722222;24153722222;10240;10228
4054;24075987000;23653722222;24153722222;10240;10228
4055;24076203000;23653722222;24153722222;10240;10228
4056;24076222000;23653722222;24153722222;10240;10228
4057;24076405000;23653722222;24153722222;10240;10228
4058;24076423000;23653744444;24153744444;10240;10228
4059;24076617000;23654022222;24154022222;10240;10228
4060;24076635000;23654022222;24154022222;10240;10228
4061;24076821000;23654022222;24154022222;10240;10228
4062;24076989000;23695400000;24195400000;10240;10228
4063;24076999000;23695400000;24195400000;10240;10228
4064;24077224000;23695400000;24195400000;10240;10228
4065;24077234000;23695400000;24195400000;10240;10228
4066;24077438000;23695400000;24195400000;10240;10228
4067;24077448000;23695400000;24195400000;10240;10228
4068;24077642000;23695400000;24195400000;10240;10228
4069;24077650000;23695422222;24195422222;10240;10228
4147;24232796000;23987366666;24487366666;10240;10228
4148;24232806000;23987366666;24487366666;10240;10228
4149;24232833000;23987366666;24487366666;10240;10228
4150;24232837000;24028733333;24528733333;10240;10228
4151;24232842000;24028733333;24528733333;10240;10228
4152;24232865000;24028733333;24528733333;10240;10228
4153;24232872000;24028733333;24528733333;10240;10228
4154;24232876000;24028733333;24528733333;10240;10228
4155;24232889000;24028733333;24528733333;10240;10228
4156;24232899000;24028733333;24528733333;10240;10228
4157;24232917000;24028755555;24528755555;10240;10228
4158;24232923000;24029044444;24529044444;10240;10228
4160;24232928000;24029044444;24529044444;10240;10228
4161;24232936000;24070400000;24570400000;10240;10228
4162;24232964000;24070400000;24570400000;10240;10228
4165;24232970000;24070400000;24570400000;10240;10228
4166;24232985000;24070400000;24570400000;10240;10228
4167;24233006000;24070400000;24570400000;10240;10228
4168;24233013000;24070411111;24570411111;10240;10228
4169;24233022000;24070700000;24570700000;10240;10228
4108;24233038000;23862066666;24362066666;10240;10228
4170;24233082000;24070700000;24570700000;10240;10228
4171;24233127000;24070700000;24570700000;10240;10228
4172;24233138000;24112055555;24612055555;10240;10228
4112;24233171000;23862066666;24362066666;10240;10228
4173;24233188000;24112055555;24612055555;10240;10228
4174;24233211000;24112055555;24612055555;10240;10228
4175;24233219000;24112055555;24612055555;10240;10228
4176;24233241000;24112055555;24612055555;10240;10228
4071;24233253000;23695677777;24195677777;10240;10228
4177;24233263000;24112055555;24612055555;10240;10228
4178;24233285000;24112055555;24612055555;10240;10228
4179;24233304000;24112077777;24612077777;10240;10228
4125;24233326000;23904044444;24404044444;10240;10228
4073;24233411000;23737066666;24237066666;10240;10228
4074;24233447000;23737066666;24237066666;10240;10228
4133;24233572000;23945388888;24445388888;10240;10228
4075;24233595000;23737066666;24237066666;10240;10228
4076;24233617000;23737066666;24237066666;10240;10228
4077;24233789000;23737066666;24237066666;10240;10228
4078;24233800000;23737066666;24237066666;10240;10228
4180;24233825000;24112400000;24612400000;10240;10228
4079;24233992000;23737066666;24237066666;10240;10228
4080;24234004000;23737077777;24237077777;10240;10228
4182;24234009000;24112400000;24612400000;10240;10228
4183;24234157000;24153844444;24653844444;10240;10228
4184;24234166000;24153844444;24653844444;10240;10228
4081;24234206000;23737366666;24237366666;10240;10228
4186;24234265000;24153844444;24653844444;10240;10228
4082;24234410000;23737366666;24237366666;10240;10228
4083;24234430000;23737366666;24237366666;10240;10228
4085;24234607000;23778722222;24278722222;10240;10228
4086;24234618000;23778722222;24278722222;10240;10228
4087;24234811000;23778722222;24278722222;10240;10228
4088;24235000000;23778722222;24278722222;10240;10228
4089;24235010000;23778722222;24278722222;10240;10228
4091;24235229000;23778744444;24278744444;10240;10228
4092;24235246000;23779022222;24279022222;10240;10228
4093;24235426000;23779022222;24279022222;10240;10228
4094;24235437000;23779022222;24279022222;10240;10228
4095;24235630000;23820388888;24320388888;10240;10228
4096;24235642000;23820388888;24320388888;10240;10228
4097;24235835000;23820388888;24320388888;10240;10228
4099;24236025000;23820388888;24320388888;10240;10228
4100;24236033000;23820388888;24320388888;10240;10228
4101;24236254000;23820388888;24320388888;10240;10228
4102;24236269000;23820411111;24320411111;10240;10228
4103;24236451000;23820711111;24320711111;10240;10228
4104;24236462000;23820711111;24320711111;10240;10228
4105;24236654000;23820711111;24320711111;10240;10228
4187;24393142000;24153844444;24653844444;10240;10228
4188;24393160000;24153844444;24653844444;10240;10228
4189;24393165000;24153844444;24653844444;10240;10228
4190;24393173000;24154222222;24654222222;10240;10228
4191;24393179000;24154577777;24654577777;10240;10228
4192;24393183000;24154577777;24654577777;10240;10228
4193;24393188000;24154577777;24654577777;10240;10228
4194;24393193000;24195366666;24695366666;10240;10228
4195;24393198000;24195366666;24695366666;10240;10228
4197;24393216000;24195366666;24695366666;10240;10228
4198;24393241000;24195366666;24695366666;10240;10228
4199;24393271000;24195366666;24695366666;10240;10228
4200;24393276000;24195366666;24695366666;10240;10228
4201;24393290000;24195377777;24695377777;10240;10228
4202;24393294000;24195633333;24695633333;10240;10228
4203;24393298000;24195633333;24695633333;10240;10228
4204;24393305000;24195633333;24695633333;10240;10228
4206;24393326000;24237033333;24737033333;10240;10228
4207;24393332000;24237033333;24737033333;10240;10228
4208;24393337000;24237033333;24737033333;10240;10228
4209;24393355000;24237033333;24737033333;10240;10228
4210;24393362000;24237033333;24737033333;10240;10228
4211;24393419000;24237033333;24737033333;10240;10228
4212;24393431000;24237044444;24737044444;10240;10228
4213;24393437000;24237333333;24737333333;10240;10228
4214;24393444000;24237333333;24737333333;10240;10228
4216;24393462000;24278700000;24778700000;10240;10228
4217;24393474000;24278700000;24778700000;10240;10228
4218;24393519000;24278700000;24778700000;10240;10228
4159;24393534000;24029044444;24529044444;10240;10228
4220;24393543000;24278700000;24778700000;10240;10228
4221;24393568000;24278700000;24778700000;10240;10228
4222;24393584000;24278700000;24778700000;10240;10228
4223;24393609000;24278711111;24778711111;10240;10228
4163;24393626000;24070400000;24570400000;10240;10228
4164;24393650000;24070400000;24570400000;10240;10228
4181;24394379000;24112400000;24612400000;10240;10228
4124;24395128000;23903755555;24403755555;10240;10228
4126;24395143000;23904044444;24404044444;10240;10228
4127;24395326000;23904044444;24404044444;10240;10228
4128;24395569000;23945388888;24445388888;10240;10228
4129;24395589000;23945388888;24445388888;10240;10228
4130;24395772000;23945388888;24445388888;10240;10228
4135;24395791000;23945411111;24445411111;10240;10228
4136;24395976000;23945711111;24445711111;10240;10228
4137;24395987000;23945711111;24445711111;10240;10228
4138;24396183000;23945711111;24445711111;10240;10228
4139;24396203000;23987055555;24487055555;10240;10228
4140;24396395000;23987055555;24487055555;10240;10228
4141;24396594000;23987055555;24487055555;10240;10228
4142;24396603000;23987055555;24487055555;10240;10228
4143;24396792000;23987055555;24487055555;10240;10228
4144;24396802000;23987055555;24487055555;10240;10228
4145;24396970000;23987055555;24487055555;10240;10228
4146;24396980000;23987077777;24487077777;10240;10228
4147;24397214000;23987366666;24487366666;10240;10228
4148;24397234000;23987366666;24487366666;10240;10228
4149;24397418000;23987366666;24487366666;10240;10228
4150;24397615000;24028733333;24528733333;10240;10228
4225;24553443000;24279000000;24779000000;10240;10228
4228;24553460000;24320400000;24820400000;10240;10228
4229;24553469000;24320400000;24820400000;10240;10228
4230;24553477000;24320400000;24820400000;10240;10228
4231;24553485000;24320400000;24820400000;10240;10228
4232;24553491000;24320400000;24820400000;10240;10228
4233;24553497000;24320400000;24820400000;10240;10228
4234;24553502000;24320422222;24820422222;10240;10228
4235;24553511000;24320744444;24820744444;10240;10228
4236;24553516000;24320744444;24820744444;10240;10228
4237;24553535000;24320744444;24820744444;10240;10228
4238;24553541000;24362066666;24862066666;10240;10228
4239;24553545000;24362066666;24862066666;10240;10228
4240;24553552000;24362066666;24862066666;10240;10228
4241;24553582000;24362066666;24862066666;10240;10228
4242;24553588000;24362066666;24862066666;10240;10228
4243;24553602000;24362066666;24862066666;10240;10228
4185;24553619000;24153844444;24653844444;10240;10228
4245;24553625000;24362077777;24862077777;10240;10228
4248;24553682000;24362388888;24862388888;10240;10228
4249;24553697000;24403722222;24903722222;10240;10228
4250;24553704000;24403722222;24903722222;10240;10228
4251;24553865000;24403722222;24903722222;10240;10228
4252;24553876000;24403722222;24903722222;10240;10228
4253;24553881000;24403722222;24903722222;10240;10228
4254;24554126000;24403722222;24903722222;10240;10228
4255;24554136000;24403722222;24903722222;10240;10228
4196;24554151000;24195366666;24695366666;10240;10228
4256;24554216000;24403744444;24903744444;10240;10228
4257;24554243000;24404022222;24904022222;10240;10228
4258;24554251000;24404022222;24904022222;10240;10228
4259;24554260000;24404022222;24904022222;10240;10228
4260;24554268000;24445388888;24945388888;10240;10228
4261;24554296000;24445388888;24945388888;10240;10228
4205;24554324000;24237033333;24737033333;10240;10228
4262;24554346000;24445388888;24945388888;10240;10228
4158;24554449000;24029044444;24529044444;10240;10228
4263;24554483000;24445388888;24945388888;10240;10228
4264;24554512000;24445388888;24945388888;10240;10228
4265;24554518000;24445388888;24945388888;10240;10228
4267;24554600000;24445411111;24945411111;10240;10228
4215;24554644000;24237333333;24737333333;10240;10228
4159;24554691000;24029044444;24529044444;10240;10228
4219;24554740000;24278700000;24778700000;10240;10228
4160;24554812000;24029044444;24529044444;10240;10228
4161;24554822000;24070400000;24570400000;10240;10228
4162;24554998000;24070400000;24570400000;10240;10228
4164;24555008000;24070400000;24570400000;10240;10228
4165;24555202000;24070400000;24570400000;10240;10228
4166;24555212000;24070400000;24570400000;10240;10228
4167;24555422000;24070400000;24570400000;10240;10228
4168;24555440000;24070411111;24570411111;10240;10228
4169;24555672000;24070700000;24570700000;10240;10228
4170;24555693000;24070700000;24570700000;10240;10228
4171;24555865000;24070700000;24570700000;10240;10228
4172;24556035000;24112055555;24612055555;10240;10228
4173;24556041000;24112055555;24612055555;10240;10228
4174;24556276000;24112055555;24612055555;10240;10228
4175;24556281000;24112055555;24612055555;10240;10228
4176;24556479000;24112055555;24612055555;10240;10228
4177;24556688000;24112055555;24612055555;10240;10228
4178;24556693000;24112055555;24612055555;10240;10228
4179;24556890000;24112077777;24612077777;10240;10228
4180;24556895000;24112400000;24612400000;10240;10228
4181;24557062000;24112400000;24612400000;10240;10228
4182;24557078000;24112400000;24612400000;10240;10228
4185;24557301000;24153844444;24653844444;10240;10228
4186;24557305000;24153844444;24653844444;10240;10228
4187;24557504000;24153844444;24653844444;10240;10228
4188;24557708000;24153844444;24653844444;10240;10228
4189;24714034000;24153844444;24653844444;10240;10228
4268;24714075000;24445700000;24945700000;10240;10228
4269;24714089000;24445700000;24945700000;10240;10228
4270;24714106000;24445700000;24945700000;10240;10228
4271;24714113000;24487066666;24987066666;10240;10228
4272;24714140000;24487066666;24987066666;10240;10228
4273;24714148000;24487066666;24987066666;10240;10228
4274;24714164000;24487066666;24987066666;10240;10228
4275;24714169000;24487066666;24987066666;10240;10228
4276;24714184000;24487066666;24987066666;10240;10228
4277;24714196000;24487066666;24987066666;10240;10228
4278;24714202000;24487088888;24987088888;10240;10228
4279;24714208000;24487388888;24987388888;10240;10228
4280;24714235000;24487388888;24987388888;10240;10228
4281;24714241000;24487388888;24987388888;10240;10228
4282;24714245000;24528733333;25028733333;10240;10228
4283;24714253000;24528733333;25028733333;10240;10228
4284;24714266000;24528733333;25028733333;10240;10228
4286;24714327000;24528733333;25028733333;10240;10228
4287;24714338000;24528733333;25028733333;10240;10228
4288;24714343000;24528733333;25028733333;10240;10228
4289;24714348000;24528744444;25028744444;10240;10228
4290;24714354000;24529033333;25029033333;10240;10228
4291;24714358000;24529033333;25029033333;10240;10228
4224;24714363000;24279000000;24779000000;10240;10228
4226;24714431000;24279000000;24779000000;10240;10228
4227;24714442000;24320400000;24820400000;10240;10228
4292;24714448000;24529033333;25029033333;10240;10228
4293;24714462000;24570388888;25070388888;10240;10228
4294;24714493000;24570388888;25070388888;10240;10228
4297;24714520000;24570388888;25070388888;10240;10228
4298;24714551000;24570388888;25070388888;10240;10228
4299;24714586000;24570388888;25070388888;10240;10228
4300;24714594000;24570411111;25070411111;10240;10228
4302;24714629000;24570733333;25070733333;10240;10228
4303;24714652000;24570733333;25070733333;10240;10228
4304;24714688000;24612055555;25112055555;10240;10228
4246;24714712000;24362388888;24862388888;10240;10228
4247;24714737000;24362388888;24862388888;10240;10228
4305;24714760000;24612055555;25112055555;10240;10228
4306;24714769000;24612055555;25112055555;10240;10228
4244;24714804000;24362066666;24862066666;10240;10228
4308;24714852000;24612055555;25112055555;10240;10228
4309;24714874000;24612055555;25112055555;10240;10228
4310;24714883000;24612055555;25112055555;10240;10228
4311;24715039000;24612077777;25112077777;10240;10228
4204;24715586000;24195633333;24695633333;10240;10228
4205;24715778000;24237033333;24737033333;10240;10228
4207;24715797000;24237033333;24737033333;10240;10228
4208;24715990000;24237033333;24737033333;10240;10228
4209;24716232000;24237033333;24737033333;10240;10228
4210;24716243000;24237033333;24737033333;10240;10228
4211;24716440000;24237033333;24737033333;10240;10228
4213;24716451000;24237333333;24737333333;10240;10228
4214;24716641000;24237333333;24737333333;10240;10228
4216;24716661000;24278700000;24778700000;10240;10228
4217;24716845000;24278700000;24778700000;10240;10228
4218;24717008000;24278700000;24778700000;10240;10228
4219;24717014000;24278700000;24778700000;10240;10228
4220;24717240000;24278700000;24778700000;10240;10228
4221;24717245000;24278700000;24778700000;10240;10228
4222;24717446000;24278700000;24778700000;10240;10228
4223;24717450000;24278711111;24778711111;10240;10228
4224;24717654000;24279000000;24779000000;10240;10228
4225;24717660000;24279000000;24779000000;10240;10228
4226;24717858000;24279000000;24779000000;10240;10228
4227;24718030000;24320400000;24820400000;10240;10228
4228;24718035000;24320400000;24820400000;10240;10228
4229;24718269000;24320400000;24820400000;10240;10228
4230;24718274000;24320400000;24820400000;10240;10228
4312;24874461000;24612411111;25112411111;10240;10228
4315;24874474000;24653733333;25153733333;10240;10228
4316;24874483000;24653733333;25153733333;10240;10228
4317;24874489000;24653733333;25153733333;10240;10228
4318;24874497000;24653733333;25153733333;10240;10228
4319;24874505000;24653733333;25153733333;10240;10228
4320;24874516000;24653733333;25153733333;10240;10228
4321;24874520000;24653733333;25153733333;10240;10228
4322;24874537000;24653755555;25153755555;10240;10228
4323;24874544000;24654033333;25154033333;10240;10228
4324;24874552000;24654033333;25154033333;10240;10228
4325;24874571000;24654033333;25154033333;10240;10228
4326;24874587000;24695400000;25195400000;10240;10228
4327;24874592000;24695400000;25195400000;10240;10228
4328;24874610000;24695400000;25195400000;10240;10228
4266;24874639000;24445388888;24945388888;10240;10228
4329;24874657000;24695400000;25195400000;10240;10228
4330;24874663000;24695400000;25195400000;10240;10228
4331;24874667000;24695400000;25195400000;10240;10228
4332;24874678000;24695400000;25195400000;10240;10228
4333;24874692000;24695411111;25195411111;10240;10228
4334;24874701000;24695677777;25195677777;10240;10228
4335;24874710000;24695677777;25195677777;10240;10228
4336;24874718000;24695677777;25195677777;10240;10228
4337;24874727000;24737055555;25237055555;10240;10228
4338;24874734000;24737055555;25237055555;10240;10228
4339;24874878000;24737055555;25237055555;10240;10228
4340;24874887000;24737055555;25237055555;10240;10228
4341;24874896000;24737055555;25237055555;10240;10228
4342;24874924000;24737055555;25237055555;10240;10228
4343;24874932000;24737055555;25237055555;10240;10228
4344;24874940000;24737077777;25237077777;10240;10228
4346;24875202000;24737411111;25237411111;10240;10228
4347;24875219000;24737411111;25237411111;10240;10228
4348;24875257000;24778722222;25278722222;10240;10228
4349;24875266000;24778722222;25278722222;10240;10228
4350;24875275000;24778722222;25278722222;10240;10228
4351;24875295000;24778722222;25278722222;10240;10228
4352;24875334000;24778722222;25278722222;10240;10228
4285;24875344000;24528733333;25028733333;10240;10228
4353;24875376000;24778722222;25278722222;10240;10228
4354;24875385000;24778722222;25278722222;10240;10228
4355;24875462000;24778744444;25278744444;10240;10228
4295;24875586000;24570388888;25070388888;10240;10228
4296;24875609000;24570388888;25070388888;10240;10228
4301;24875776000;24570733333;25070733333;10240;10228
4307;24875984000;24612055555;25112055555;10240;10228
4246;24876265000;24362388888;24862388888;10240;10228
4247;24876287000;24362388888;24862388888;10240;10228
4248;24876472000;24362388888;24862388888;10240;10228
4249;24876478000;24403722222;24903722222;10240;10228
4250;24876685000;24403722222;24903722222;10240;10228
4251;24876691000;24403722222;24903722222;10240;10228
4252;24876887000;24403722222;24903722222;10240;10228
4253;24877060000;24403722222;24903722222;10240;10228
4255;24877075000;24403722222;24903722222;10240;10228
4256;24877297000;24403744444;24903744444;10240;10228
4257;24877302000;24404022222;24904022222;10240;10228
4258;24877516000;24404022222;24904022222;10240;10228
4259;24877522000;24404022222;24904022222;10240;10228
4260;24877707000;24445388888;24945388888;10240;10228
4261;24877914000;24445388888;24945388888;10240;10228
4262;24877919000;24445388888;24945388888;10240;10228
4263;24878176000;24445388888;24945388888;10240;10228
4264;24878184000;24445388888;24945388888;10240;10228
4265;24878334000;24445388888;24945388888;10240;10228
4266;24878354000;24445388888;24945388888;10240;10228
4267;24878539000;24445411111;24945411111;10240;10228
4268;24878548000;24445700000;24945700000;10240;10228
4271;24878740000;24487066666;24987066666;10240;10228
4272;24878910000;24487066666;24987066666;10240;10228
4273;24878920000;24487066666;24987066666;10240;10228
4274;24879174000;24487066666;24987066666;10240;10228
4275;24879184000;24487066666;24987066666;10240;10228
4356;25034758000;24779055555;25279055555;10240;10228
4357;25034784000;24779055555;25279055555;10240;10228
4358;25034807000;24779055555;25279055555;10240;10228
4359;25034817000;24820400000;25320400000;10240;10228
4360;25034835000;24820400000;25320400000;10240;10228
4361;25034858000;24820400000;25320400000;10240;10228
4363;25034868000;24820400000;25320400000;10240;10228
4364;25034877000;24820400000;25320400000;10240;10228
4366;25034898000;24820422222;25320422222;10240;10228
4367;25034907000;24820711111;25320711111;10240;10228
4368;25034928000;24820711111;25320711111;10240;10228
4369;25034964000;24820711111;25320711111;10240;10228
4370;25034973000;24862066666;25362066666;10240;10228
4371;25034995000;24862066666;25362066666;10240;10228
4372;25035029000;24862066666;25362066666;10240;10228
4373;25035069000;24862066666;25362066666;10240;10228
4375;25035097000;24862066666;25362066666;10240;10228
4376;25035111000;24862066666;25362066666;10240;10228
4377;25035152000;24862077777;25362077777;10240;10228
4378;25035171000;24862388888;25362388888;10240;10228
4313;25035199000;24612411111;25112411111;10240;10228
4380;25035209000;24862388888;25362388888;10240;10228
4381;25035244000;24903722222;25403722222;10240;10228
4382;25035265000;24903722222;25403722222;10240;10228
4314;25035294000;24612411111;25112411111;10240;10228
4383;25035302000;24903722222;25403722222;10240;10228
4384;25035357000;24903722222;25403722222;10240;10228
4385;25035404000;24903722222;25403722222;10240;10228
4386;25035459000;24903722222;25403722222;10240;10228
4387;25035478000;24903722222;25403722222;10240;10228
4388;25035531000;24903744444;25403744444;10240;10228
4389;25035577000;24904055555;25404055555;10240;10228
4390;25035606000;24904055555;25404055555;10240;10228
4391;25035639000;24904055555;25404055555;10240;10228
4392;25035651000;24945388888;25445388888;10240;10228
4393;25035665000;24945388888;25445388888;10240;10228
4395;25035719000;24945388888;25445388888;10240;10228
4396;25035780000;24945388888;25445388888;10240;10228
4397;25035814000;24945388888;25445388888;10240;10228
4398;25035849000;24945388888;25445388888;10240;10228
4399;25035858000;24945411111;25445411111;10240;10228
4345;25035993000;24737411111;25237411111;10240;10228
4294;25036785000;24570388888;25070388888;10240;10228
4296;25036994000;24570388888;25070388888;10240;10228
4297;25037208000;24570388888;25070388888;10240;10228
4298;25037224000;24570388888;25070388888;10240;10228
4299;25037413000;24570388888;25070388888;10240;10228
4300;25037427000;24570411111;25070411111;10240;10228
4301;25037608000;24570733333;25070733333;10240;10228
4302;25037618000;24570733333;25070733333;10240;10228
4303;25037813000;24570733333;25070733333;10240;10228
4304;25037823000;24612055555;25112055555;10240;10228
4305;25038017000;24612055555;25112055555;10240;10228
4306;25038230000;24612055555;25112055555;10240;10228
4307;25038246000;24612055555;25112055555;10240;10228
4308;25038427000;24612055555;25112055555;10240;10228
4309;25038438000;24612055555;25112055555;10240;10228
4311;25038631000;24612077777;25112077777;10240;10228
4312;25038642000;24612411111;25112411111;10240;10228
4313;25038836000;24612411111;25112411111;10240;10228
4314;25039026000;24612411111;25112411111;10240;10228
4315;25039036000;24653733333;25153733333;10240;10228
4316;25039289000;24653733333;25153733333;10240;10228
4318;25039300000;24653733333;25153733333;10240;10228
4320;25039483000;24653733333;25153733333;10240;10228
4321;25039489000;24653733333;25153733333;10240;10228
4322;25039654000;24653755555;25153755555;10240;10228
4400;25195028000;24945744444;25445744444;10240;10228
4401;25195052000;24945744444;25445744444;10240;10228
4402;25195073000;24945744444;25445744444;10240;10228
4403;25195106000;24987066666;25487066666;10240;10228
4404;25195117000;24987066666;25487066666;10240;10228
4405;25195129000;24987066666;25487066666;10240;10228
4406;25195153000;24987066666;25487066666;10240;10228
4407;25195163000;24987066666;25487066666;10240;10228
4408;25195170000;24987066666;25487066666;10240;10228
4410;25195185000;24987088888;25487088888;10240;10228
4411;25195217000;24987377777;25487377777;10240;10228
4412;25195237000;24987377777;25487377777;10240;10228
4414;25195255000;25028733333;25528733333;10240;10228
4415;25195265000;25028733333;25528733333;10240;10228
4416;25195278000;25028733333;25528733333;10240;10228
4417;25195299000;25028733333;25528733333;10240;10228
4418;25195312000;25028733333;25528733333;10240;10228
4420;25195334000;25028733333;25528733333;10240;10228
4422;25195367000;25029022222;25529022222;10240;10228
4362;25195377000;24820400000;25320400000;10240;10228
4424;25195396000;25029022222;25529022222;10240;10228
4365;25195429000;24820400000;25320400000;10240;10228
4425;25195458000;25070388888;25570388888;10240;10228
4426;25195471000;25070388888;25570388888;10240;10228
4427;25195485000;25070388888;25570388888;10240;10228
4428;25195506000;25070388888;25570388888;10240;10228
4429;25195547000;25070388888;25570388888;10240;10228
4430;25195567000;25070388888;25570388888;10240;10228
4431;25195601000;25070388888;25570388888;10240;10228
4432;25195619000;25070411111;25570411111;10240;10228
4433;25195629000;25070711111;25570711111;10240;10228
4434;25195666000;25070711111;25570711111;10240;10228
4435;25195675000;25070711111;25570711111;10240;10228
4436;25195695000;25112055555;25612055555;10240;10228
4437;25195708000;25112055555;25612055555;10240;10228
4438;25195723000;25112055555;25612055555;10240;10228
4439;25195758000;25112055555;25612055555;10240;10228
4440;25195786000;25112055555;25612055555;10240;10228
4374;25195802000;24862066666;25362066666;10240;10228
4441;25195826000;25112055555;25612055555;10240;10228
4379;25195862000;24862388888;25362388888;10240;10228
4442;25195888000;25112055555;25612055555;10240;10228
4443;25195951000;25112077777;25612077777;10240;10228
4394;25196325000;24945388888;25445388888;10240;10228
4344;25197682000;24737077777;25237077777;10240;10228
4345;25197689000;24737411111;25237411111;10240;10228
4346;25197885000;24737411111;25237411111;10240;10228
4347;25197895000;24737411111;25237411111;10240;10228
4348;25198128000;24778722222;25278722222;10240;10228
4349;25198335000;24778722222;25278722222;10240;10228
4350;25198346000;24778722222;25278722222;10240;10228
4351;25198525000;24778722222;25278722222;10240;10228
4353;25198533000;24778722222;25278722222;10240;10228
4354;25198740000;24778722222;25278722222;10240;10228
4355;25198746000;24778744444;25278744444;10240;10228
4359;25198942000;24820400000;25320400000;10240;10228
4360;25198955000;24820400000;25320400000;10240;10228
4361;25199169000;24820400000;25320400000;10240;10228
4362;25199350000;24820400000;25320400000;10240;10228
4364;25199356000;24820400000;25320400000;10240;10228
4444;25355309000;25112411111;25612411111;10240;10228
4445;25355335000;25112411111;25612411111;10240;10228
4446;25355344000;25112411111;25612411111;10240;10228
4447;25355358000;25153733333;25653733333;10240;10228
4448;25355381000;25153733333;25653733333;10240;10228
4449;25355391000;25153733333;25653733333;10240;10228
4450;25355402000;25153733333;25653733333;10240;10228
4451;25355427000;25153733333;25653733333;10240;10228
4452;25355436000;25153733333;25653733333;10240;10228
4453;25355446000;25153733333;25653733333;10240;10228
4454;25355472000;25153755555;25653755555;10240;10228
4455;25355503000;25154044444;25654044444;10240;10228
4456;25355524000;25154044444;25654044444;10240;10228
4457;25355532000;25154044444;25654044444;10240;10228
4458;25355547000;25195388888;25695388888;10240;10228
4459;25355557000;25195388888;25695388888;10240;10228
4460;25355580000;25195388888;25695388888;10240;10228
4461;25355600000;25195388888;25695388888;10240;10228
4462;25355630000;25195388888;25695388888;10240;10228
4463;25355638000;25195388888;25695388888;10240;10228
4464;25355683000;25195388888;25695388888;10240;10228
4465;25355712000;25195411111;25695411111;10240;10228
4466;25355732000;25195722222;25695722222;10240;10228
4467;25355759000;25195722222;25695722222;10240;10228
4468;25355787000;25195722222;25695722222;10240;10228
4469;25355796000;25237055555;25737055555;10240;10228
4470;25355810000;25237055555;25737055555;10240;10228
4471;25355833000;25237055555;25737055555;10240;10228
4409;25355842000;24987066666;25487066666;10240;10228
4472;25355916000;25237055555;25737055555;10240;10228
4473;25355958000;25237055555;25737055555;10240;10228
4413;25355986000;24987377777;25487377777;10240;10228
4474;25356010000;25237055555;25737055555;10240;10228
4475;25356077000;25237055555;25737055555;10240;10228
4476;25356137000;25237077777;25737077777;10240;10228
4419;25356196000;25028733333;25528733333;10240;10228
4421;25356263000;25028744444;25528744444;10240;10228
4423;25356303000;25029022222;25529022222;10240;10228
4373;25356448000;24862066666;25362066666;10240;10228
4374;25356456000;24862066666;25362066666;10240;10228
4375;25356575000;24862066666;25362066666;10240;10228
4376;25356583000;24862066666;25362066666;10240;10228
4378;25356674000;24862388888;25362388888;10240;10228
4380;25356699000;24862388888;25362388888;10240;10228
4381;25356758000;24903722222;25403722222;10240;10228
4382;25356903000;24903722222;25403722222;10240;10228
4383;25356924000;24903722222;25403722222;10240;10228
4384;25357109000;24903722222;25403722222;10240;10228
4385;25357128000;24903722222;25403722222;10240;10228
4386;25357310000;24903722222;25403722222;10240;10228
4388;25357327000;24903744444;25403744444;10240;10228
4389;25357531000;24904055555;25404055555;10240;10228
4390;25357736000;24904055555;25404055555;10240;10228
4391;25357757000;24904055555;25404055555;10240;10228
4392;25357941000;24945388888;25445388888;10240;10228
4393;25357980000;24945388888;25445388888;10240;10228
4394;25358154000;24945388888;25445388888;10240;10228
4395;25358194000;24945388888;25445388888;10240;10228
4396;25358351000;24945388888;25445388888;10240;10228
4397;25358558000;24945388888;25445388888;10240;10228
4398;25358576000;24945388888;25445388888;10240;10228
4399;25358759000;24945411111;25445411111;10240;10228
4402;25358780000;24945744444;25445744444;10240;10228
4403;25358950000;24987066666;25487066666;10240;10228
4404;25358969000;24987066666;25487066666;10240;10228
4405;25359186000;24987066666;25487066666;10240;10228
4406;25359436000;24987066666;25487066666;10240;10228
4407;25359442000;24987066666;25487066666;10240;10228
4408;25359596000;24987066666;25487066666;10240;10228
4477;25515658000;25237388888;25737388888;10240;10228
4478;25515694000;25237388888;25737388888;10240;10228
4479;25515703000;25237388888;25737388888;10240;10228
4480;25515710000;25278733333;25778733333;10240;10228
4481;25515741000;25278733333;25778733333;10240;10228
4482;25515748000;25278733333;25778733333;10240;10228
4483;25515765000;25278733333;25778733333;10240;10228
4484;25515772000;25278733333;25778733333;10240;10228
4485;25515780000;25278733333;25778733333;10240;10228
4487;25515789000;25278755555;25778755555;10240;10228
4488;25515821000;25279033333;25779033333;10240;10228
4489;25515828000;25279033333;25779033333;10240;10228
4490;25515838000;25279033333;25779033333;10240;10228
4491;25515854000;25320400000;25820400000;10240;10228
4492;25515862000;25320400000;25820400000;10240;10228
4493;25515869000;25320400000;25820400000;10240;10228
4495;25515891000;25320400000;25820400000;10240;10228
4496;25515901000;25320400000;25820400000;10240;10228
4499;25515937000;25320688888;25820688888;10240;10228
4500;25515948000;25320688888;25820688888;10240;10228
4501;25515988000;25320688888;25820688888;10240;10228
4503;25516040000;25362055555;25862055555;10240;10228
4504;25516108000;25362055555;25862055555;10240;10228
4505;25516144000;25362055555;25862055555;10240;10228
4506;25516172000;25362055555;25862055555;10240;10228
4507;25516235000;25362055555;25862055555;10240;10228
4508;25516261000;25362055555;25862055555;10240;10228
4509;25516292000;25362077777;25862077777;10240;10228
4510;25516311000;25362388888;25862388888;10240;10228
4512;25516347000;25362388888;25862388888;10240;10228
4513;25516378000;25403733333;25903733333;10240;10228
4514;25516424000;25403733333;25903733333;10240;10228
4515;25516449000;25403733333;25903733333;10240;10228
4412;25516458000;24987377777;25487377777;10240;10228
4517;25516500000;25403733333;25903733333;10240;10228
4518;25516519000;25403733333;25903733333;10240;10228
4519;25516537000;25403733333;25903733333;10240;10228
4520;25516558000;25403744444;25903744444;10240;10228
4413;25516648000;24987377777;25487377777;10240;10228
4414;25516657000;25028733333;25528733333;10240;10228
4415;25516703000;25028733333;25528733333;10240;10228
4416;25516711000;25028733333;25528733333;10240;10228
4417;25516817000;25028733333;25528733333;10240;10228
4418;25516833000;25028733333;25528733333;10240;10228
4420;25517008000;25028733333;25528733333;10240;10228
4422;25517200000;25029022222;25529022222;10240;10228
4423;25517208000;25029022222;25529022222;10240;10228
4424;25517404000;25029022222;25529022222;10240;10228
4425;25517411000;25070388888;25570388888;10240;10228
4426;25517623000;25070388888;25570388888;10240;10228
4427;25517828000;25070388888;25570388888;10240;10228
4429;25517839000;25070388888;25570388888;10240;10228
4430;25518017000;25070388888;25570388888;10240;10228
4431;25518027000;25070388888;25570388888;10240;10228
4432;25518245000;25070411111;25570411111;10240;10228
4434;25518261000;25070711111;25570711111;10240;10228
4435;25518444000;25070711111;25570711111;10240;10228
4436;25518454000;25112055555;25612055555;10240;10228
4437;25518647000;25112055555;25612055555;10240;10228
4438;25518852000;25112055555;25612055555;10240;10228
4439;25518863000;25112055555;25612055555;10240;10228
4440;25519040000;25112055555;25612055555;10240;10228
4441;25519067000;25112055555;25612055555;10240;10228
4442;25519268000;25112055555;25612055555;10240;10228
4443;25519284000;25112077777;25612077777;10240;10228
4444;25519466000;25112411111;25612411111;10240;10228
4445;25519670000;25112411111;25612411111;10240;10228
4446;25519680000;25112411111;25612411111;10240;10228
4521;25675883000;25404011111;25904011111;10240;10228
4523;25675898000;25404011111;25904011111;10240;10228
4524;25675907000;25445400000;25945400000;10240;10228
4525;25675933000;25445400000;25945400000;10240;10228
4526;25675943000;25445400000;25945400000;10240;10228
4528;25675951000;25445400000;25945400000;10240;10228
4529;25675975000;25445400000;25945400000;10240;10228
4531;25675986000;25445422222;25945422222;10240;10228
4532;25675993000;25445688888;25945688888;10240;10228
4533;25676018000;25445688888;25945688888;10240;10228
4534;25676027000;25445688888;25945688888;10240;10228
4535;25676062000;25487066666;25987066666;10240;10228
4537;25676096000;25487066666;25987066666;10240;10228
4538;25676105000;25487066666;25987066666;10240;10228
4539;25676123000;25487066666;25987066666;10240;10228
4540;25676137000;25487066666;25987066666;10240;10228
4541;25676152000;25487066666;25987066666;10240;10228
4542;25676160000;25487077777;25987077777;10240;10228
4543;25676182000;25487366666;25987366666;10240;10228
4544;25676190000;25487366666;25987366666;10240;10228
4545;25676206000;25487366666;25987366666;10240;10228
4546;25676235000;25528722222;26028722222;10240;10228
4486;25676246000;25278733333;25778733333;10240;10228
4547;25676253000;25528722222;26028722222;10240;10228
4548;25676288000;25528722222;26028722222;10240;10228
4549;25676305000;25528722222;26028722222;10240;10228
4550;25676318000;25528722222;26028722222;10240;10228
4551;25676348000;25528722222;26028722222;10240;10228
4552;25676357000;25528722222;26028722222;10240;10228
4553;25676368000;25528744444;26028744444;10240;10228
4554;25676395000;25529011111;26029011111;10240;10228
4555;25676404000;25529011111;26029011111;10240;10228
4494;25676416000;25320400000;25820400000;10240;10228
4556;25676482000;25529011111;26029011111;10240;10228
4557;25676558000;25570388888;26070388888;10240;10228
4497;25676583000;25320400000;25820400000;10240;10228
4498;25676606000;25320411111;25820411111;10240;10228
4559;25676663000;25570388888;26070388888;10240;10228
4560;25676685000;25570388888;26070388888;10240;10228
4502;25676745000;25362055555;25862055555;10240;10228
4561;25676782000;25570388888;26070388888;10240;10228
4562;25676841000;25570388888;26070388888;10240;10228
4563;25676860000;25570388888;26070388888;10240;10228
4564;25676937000;25570411111;26070411111;10240;10228
4511;25676996000;25362388888;25862388888;10240;10228
4516;25677143000;25403733333;25903733333;10240;10228
4477;25678753000;25237388888;25737388888;10240;10228
4478;25678947000;25237388888;25737388888;10240;10228
4479;25679164000;25237388888;25737388888;10240;10228
4480;25679179000;25278733333;25778733333;10240;10228
4481;25679359000;25278733333;25778733333;10240;10228
4482;25679369000;25278733333;25778733333;10240;10228
4565;25836176000;25570700000;26070700000;10240;10228
4566;25836204000;25570700000;26070700000;10240;10228
4567;25836214000;25570700000;26070700000;10240;10228
4568;25836224000;25612066666;26112066666;10240;10228
4569;25836258000;25612066666;26112066666;10240;10228
4570;25836270000;25612066666;26112066666;10240;10228
4571;25836276000;25612066666;26112066666;10240;10228
4572;25836301000;25612066666;26112066666;10240;10228
4573;25836309000;25612066666;26112066666;10240;10228
4574;25836322000;25612066666;26112066666;10240;10228
4575;25836333000;25612088888;26112088888;10240;10228
4576;25836368000;25612355555;26112355555;10240;10228
4577;25836387000;25612355555;26112355555;10240;10228
4578;25836408000;25612355555;26112355555;10240;10228
4579;25836417000;25653733333;26153733333;10240;10228
4580;25836432000;25653733333;26153733333;10240;10228
4581;25836454000;25653733333;26153733333;10240;10228
4582;25836480000;25653733333;26153733333;10240;10228
4583;25836510000;25653733333;26153733333;10240;10228
4584;25836518000;25653733333;26153733333;10240;10228
4585;25836531000;25653733333;26153733333;10240;10228
4586;25836562000;25653744444;26153744444;10240;10228
4587;25836573000;25654011111;26154011111;10240;10228
4588;25836602000;25654011111;26154011111;10240;10228
4590;25836616000;25695388888;26195388888;10240;10228
4522;25836645000;25404011111;25904011111;10240;10228
4591;25836672000;25695388888;26195388888;10240;10228
4592;25836680000;25695388888;26195388888;10240;10228
4593;25836717000;25695388888;26195388888;10240;10228
4527;25836775000;25445400000;25945400000;10240;10228
4594;25836784000;25695388888;26195388888;10240;10228
4530;25836829000;25445400000;25945400000;10240;10228
4595;25836845000;25695388888;26195388888;10240;10228
4596;25836881000;25695388888;26195388888;10240;10228
4597;25836900000;25695411111;26195411111;10240;10228
4598;25836937000;25695655555;26195655555;10240;10228
4599;25837003000;25695655555;26195655555;10240;10228
4536;25837017000;25487066666;25987066666;10240;10228
4600;25837030000;25695655555;26195655555;10240;10228
4601;25837117000;25737055555;26237055555;10240;10228
4602;25837159000;25737055555;26237055555;10240;10228
4603;25837206000;25737055555;26237055555;10240;10228
4604;25837235000;25737055555;26237055555;10240;10228
4606;25837294000;25737055555;26237055555;10240;10228
4607;25837330000;25737055555;26237055555;10240;10228
4608;25837380000;25737077777;26237077777;10240;10228
4558;25837595000;25570388888;26070388888;10240;10228
4501;25838007000;25320688888;25820688888;10240;10228
4502;25838202000;25362055555;25862055555;10240;10228
4505;25838211000;25362055555;25862055555;10240;10228
4506;25838427000;25362055555;25862055555;10240;10228
4507;25838625000;25362055555;25862055555;10240;10228
4508;25838636000;25362055555;25862055555;10240;10228
4509;25838828000;25362077777;25862077777;10240;10228
4510;25838838000;25362388888;25862388888;10240;10228
4511;25839034000;25362388888;25862388888;10240;10228
4512;25839060000;25362388888;25862388888;10240;10228
4513;25839248000;25403733333;25903733333;10240;10228
4514;25839263000;25403733333;25903733333;10240;10228
4516;25839443000;25403733333;25903733333;10240;10228
4517;25839648000;25403733333;25903733333;10240;10228
4518;25839661000;25403733333;25903733333;10240;10228
4519;25839854000;25403733333;25903733333;10240;10228
4520;25839864000;25403744444;25903744444;10240;10228
4521;25840057000;25404011111;25904011111;10240;10228
4522;25840063000;25404011111;25904011111;10240;10228
4523;25840263000;25404011111;25904011111;10240;10228
4525;25840468000;25445400000;25945400000;10240;10228
4526;25840478000;25445400000;25945400000;10240;10228
4527;25840706000;25445400000;25945400000;10240;10228
4528;25840712000;25445400000;25945400000;10240;10228
4529;25840909000;25445400000;25945400000;10240;10228
4609;25996545000;25737377777;26237377777;10240;10228
4610;25996570000;25737377777;26237377777;10240;10228
4611;25996580000;25737377777;26237377777;10240;10228
4612;25996587000;25778733333;26278733333;10240;10228
4613;25996593000;25778733333;26278733333;10240;10228
4615;25996613000;25778733333;26278733333;10240;10228
4616;25996623000;25778733333;26278733333;10240;10228
4617;25996639000;25778733333;26278733333;10240;10228
4619;25996667000;25778755555;26278755555;10240;10228
4620;25996678000;25779011111;26279011111;10240;10228
4621;25996687000;25779011111;26279011111;10240;10228
4622;25996723000;25779011111;26279011111;10240;10228
4623;25996741000;25820400000;26320400000;10240;10228
4624;25996764000;25820400000;26320400000;10240;10228
4625;25996773000;25820400000;26320400000;10240;10228
4626;25996784000;25820400000;26320400000;10240;10228
4627;25996807000;25820400000;26320400000;10240;10228
4628;25996829000;25820400000;26320400000;10240;10228
4629;25996839000;25820400000;26320400000;10240;10228
4630;25996863000;25820411111;26320411111;10240;10228
4631;25996874000;25820688888;26320688888;10240;10228
4632;25996885000;25820688888;26320688888;10240;10228
4633;25996916000;25820688888;26320688888;10240;10228
4634;25996926000;25862055555;26362055555;10240;10228
4635;25996958000;25862055555;26362055555;10240;10228
4636;25996977000;25862055555;26362055555;10240;10228
4637;25996990000;25862055555;26362055555;10240;10228
4638;25997019000;25862055555;26362055555;10240;10228
4639;25997033000;25862055555;26362055555;10240;10228
4640;25997053000;25862055555;26362055555;10240;10228
4641;25997131000;25862077777;26362077777;10240;10228
4642;25997160000;25862366666;26362366666;10240;10228
4643;25997172000;25862366666;26362366666;10240;10228
4644;25997200000;25862366666;26362366666;10240;10228
4645;25997208000;25903733333;26403733333;10240;10228
4648;25997230000;25903733333;26403733333;10240;10228
4649;25997238000;25903733333;26403733333;10240;10228
4650;25997267000;25903733333;26403733333;10240;10228
4651;25997275000;25903733333;26403733333;10240;10228
4652;25997288000;25903755555;26403755555;10240;10228
4589;25997325000;25654011111;26154011111;10240;10228
4605;25997857000;25737055555;26237055555;10240;10228
4557;25999796000;25570388888;26070388888;10240;10228
4558;25999987000;25570388888;26070388888;10240;10228
4559;26000028000;25570388888;26070388888;10240;10228
4560;26000242000;25570388888;26070388888;10240;10228
4561;26000262000;25570388888;26070388888;10240;10228
4567;26000453000;25570700000;26070700000;10240;10228
4568;26000474000;25612066666;26112066666;10240;10228
4569;26000667000;25612066666;26112066666;10240;10228
4570;26000866000;25612066666;26112066666;10240;10228
4571;26000875000;25612066666;26112066666;10240;10228
4572;26001035000;25612066666;26112066666;10240;10228
4573;26001051000;25612066666;26112066666;10240;10228
4574;26001269000;25612066666;26112066666;10240;10228
4575;26001278000;25612088888;26112088888;10240;10228
4576;26001466000;25612355555;26112355555;10240;10228
4653;26156864000;25904033333;26404033333;10240;10228
4654;26156892000;25904033333;26404033333;10240;10228
4655;26156909000;25904033333;26404033333;10240;10228
4656;26156919000;25945411111;26445411111;10240;10228
4657;26156955000;25945411111;26445411111;10240;10228
4658;26156964000;25945411111;26445411111;10240;10228
4659;26156971000;25945411111;26445411111;10240;10228
4660;26156995000;25945411111;26445411111;10240;10228
4663;26157005000;25945422222;26445422222;10240;10228
4664;26157012000;25945711111;26445711111;10240;10228
4665;26157066000;25945711111;26445711111;10240;10228
4666;26157107000;25945711111;26445711111;10240;10228
4667;26157116000;25987066666;26487066666;10240;10228
4669;26157140000;25987066666;26487066666;10240;10228
4670;26157150000;25987066666;26487066666;10240;10228
4671;26157164000;25987066666;26487066666;10240;10228
4672;26157171000;25987066666;26487066666;10240;10228
4673;26157195000;25987066666;26487066666;10240;10228
4674;26157204000;25987077777;26487077777;10240;10228
4675;26157216000;25987344444;26487344444;10240;10228
4676;26157288000;25987344444;26487344444;10240;10228
4677;26157297000;25987344444;26487344444;10240;10228
4678;26157309000;26028722222;26528722222;10240;10228
4680;26157346000;26028722222;26528722222;10240;10228
4681;26157355000;26028722222;26528722222;10240;10228
4614;26157391000;25778733333;26278733333;10240;10228
4682;26157399000;26028722222;26528722222;10240;10228
4683;26157412000;26028722222;26528722222;10240;10228
4684;26157445000;26028722222;26528722222;10240;10228
4618;26157492000;25778733333;26278733333;10240;10228
4685;26157501000;26028744444;26528744444;10240;10228
4686;26157522000;26029000000;26529000000;10240;10228
4687;26157545000;26029000000;26529000000;10240;10228
4689;26157554000;26070400000;26570400000;10240;10228
4690;26157595000;26070400000;26570400000;10240;10228
4691;26157603000;26070400000;26570400000;10240;10228
4692;26157641000;26070400000;26570400000;10240;10228
4693;26157662000;26070400000;26570400000;10240;10228
4694;26157684000;26070400000;26570400000;10240;10228
4695;26157744000;26070400000;26570400000;10240;10228
4696;26157753000;26070422222;26570422222;10240;10228
4646;26157885000;25903733333;26403733333;10240;10228
4647;26157911000;25903733333;26403733333;10240;10228
4588;26158284000;25654011111;26154011111;10240;10228
4589;26158464000;25654011111;26154011111;10240;10228
4590;26158477000;25695388888;26195388888;10240;10228
4591;26158668000;25695388888;26195388888;10240;10228
4592;26158677000;25695388888;26195388888;10240;10228
4593;26158871000;25695388888;26195388888;10240;10228
4594;26159090000;25695388888;26195388888;10240;10228
4597;26159107000;25695411111;26195411111;10240;10228
4598;26159332000;25695655555;26195655555;10240;10228
4600;26159341000;25695655555;26195655555;10240;10228
4601;26159501000;25737055555;26237055555;10240;10228
4602;26159512000;25737055555;26237055555;10240;10228
4603;26159706000;25737055555;26237055555;10240;10228
4605;26159717000;25737055555;26237055555;10240;10228
4606;26159910000;25737055555;26237055555;10240;10228
4607;26160199000;25737055555;26237055555;10240;10228
4608;26160208000;25737077777;26237077777;10240;10228
4609;26160212000;25737377777;26237377777;10240;10228
4610;26160355000;25737377777;26237377777;10240;10228
4611;26160553000;25737377777;26237377777;10240;10228
4612;26160559000;25778733333;26278733333;10240;10228
4614;26160765000;25778733333;26278733333;10240;10228
4615;26160771000;25778733333;26278733333;10240;10228
4616;26160933000;25778733333;26278733333;10240;10228
4617;26161175000;25778733333;26278733333;10240;10228
4618;26161180000;25778733333;26278733333;10240;10228
4697;26317178000;26070688888;26570688888;10240;10228
4698;26317195000;26070688888;26570688888;10240;10228
4699;26317203000;26070688888;26570688888;10240;10228
4700;26317220000;26112066666;26612066666;10240;10228
4702;26317232000;26112066666;26612066666;10240;10228
4703;26317244000;26112066666;26612066666;10240;10228
4704;26317271000;26112066666;26612066666;10240;10228
4705;26317290000;26112066666;26612066666;10240;10228
4706;26317320000;26112066666;26612066666;10240;10228
4707;26317330000;26112088888;26612088888;10240;10228
4708;26317342000;26112377777;26612377777;10240;10228
4709;26317359000;26112377777;26612377777;10240;10228
4710;26317385000;26112377777;26612377777;10240;10228
4711;26317395000;26153733333;26653733333;10240;10228
4712;26317402000;26153733333;26653733333;10240;10228
4713;26317420000;26153733333;26653733333;10240;10228
4714;26317436000;26153733333;26653733333;10240;10228
4715;26317450000;26153733333;26653733333;10240;10228
4716;26317508000;26153733333;26653733333;10240;10228
4717;26317543000;26153733333;26653733333;10240;10228
4718;26317551000;26153744444;26653744444;10240;10228
4719;26317656000;26154022222;26654022222;10240;10228
4720;26317666000;26154022222;26654022222;10240;10228
4721;26317702000;26154022222;26654022222;10240;10228
4661;26317751000;25945411111;26445411111;10240;10228
4662;26317819000;25945411111;26445411111;10240;10228
4722;26317858000;26195388888;26695388888;10240;10228
4723;26317891000;26195388888;26695388888;10240;10228
4724;26317934000;26195388888;26695388888;10240;10228
4726;26318010000;26195388888;26695388888;10240;10228
4668;26318020000;25987066666;26487066666;10240;10228
4727;26318069000;26195388888;26695388888;10240;10228
4729;26318153000;26195411111;26695411111;10240;10228
4730;26318195000;26195677777;26695677777;10240;10228
4731;26318235000;26195677777;26695677777;10240;10228
4732;26318245000;26195677777;26695677777;10240;10228
4733;26318280000;26237333333;26737333333;10240;10228
4734;26318290000;26237333333;26737333333;10240;10228
4679;26318340000;26028722222;26528722222;10240;10228
4735;26318392000;26237333333;26737333333;10240;10228
4736;26318450000;26237333333;26737333333;10240;10228
4737;26318459000;26237333333;26737333333;10240;10228
4738;26318543000;26237333333;26737333333;10240;10228
4739;26318553000;26237333333;26737333333;10240;10228
4740;26318579000;26237655555;26737655555;10240;10228
4688;26318626000;26029000000;26529000000;10240;10228
4645;26319760000;25903733333;26403733333;10240;10228
4646;26319781000;25903733333;26403733333;10240;10228
4647;26319947000;25903733333;26403733333;10240;10228
4648;26320168000;25903733333;26403733333;10240;10228
4650;26320187000;25903733333;26403733333;10240;10228
4741;26477438000;26238055555;26738055555;10240;10228
4744;26477466000;26278700000;26778700000;10240;10228
4746;26477488000;26278700000;26778700000;10240;10228
4747;26477502000;26278700000;26778700000;10240;10228
4748;26477510000;26278700000;26778700000;10240;10228
4749;26477541000;26278700000;26778700000;10240;10228
4750;26477549000;26278700000;26778700000;10240;10228
4753;26477560000;26278988888;26778988888;10240;10228
4754;26477585000;26278988888;26778988888;10240;10228
4755;26477594000;26320366666;26820366666;10240;10228
4756;26477626000;26320366666;26820366666;10240;10228
4757;26477634000;26320366666;26820366666;10240;10228
4758;26477677000;26320366666;26820366666;10240;10228
4760;26477685000;26320366666;26820366666;10240;10228
4761;26477709000;26320366666;26820366666;10240;10228
4762;26477723000;26320388888;26820388888;10240;10228
4763;26477738000;26320677777;26820677777;10240;10228
4764;26477749000;26320677777;26820677777;10240;10228
4765;26477770000;26320677777;26820677777;10240;10228
4766;26477792000;26362033333;26862033333;10240;10228
4767;26477832000;26362033333;26862033333;10240;10228
4768;26477850000;26362033333;26862033333;10240;10228
4769;26477886000;26362033333;26862033333;10240;10228
4770;26477896000;26362033333;26862033333;10240;10228
4771;26477937000;26362033333;26862033333;10240;10228
4701;26477958000;26112066666;26612066666;10240;10228
4772;26477976000;26362033333;26862033333;10240;10228
4773;26477998000;26362044444;26862044444;10240;10228
4725;26478317000;26195388888;26695388888;10240;10228
4728;26478455000;26195388888;26695388888;10240;10228
4667;26479069000;25987066666;26487066666;10240;10228
4668;26479254000;25987066666;26487066666;10240;10228
4669;26479260000;25987066666;26487066666;10240;10228
4670;26479480000;25987066666;26487066666;10240;10228
4671;26479679000;25987066666;26487066666;10240;10228
4672;26479690000;25987066666;26487066666;10240;10228
4673;26479883000;25987066666;26487066666;10240;10228
4674;26479891000;25987077777;26487077777;10240;10228
4675;26480087000;25987344444;26487344444;10240;10228
4676;26480092000;25987344444;26487344444;10240;10228
4677;26480301000;25987344444;26487344444;10240;10228
4678;26480316000;26028722222;26528722222;10240;10228
4679;26480497000;26028722222;26528722222;10240;10228
4680;26480701000;26028722222;26528722222;10240;10228
4681;26480712000;26028722222;26528722222;10240;10228
4682;26480907000;26028722222;26528722222;10240;10228
4683;26480917000;26028722222;26528722222;10240;10228
4684;26481157000;26028722222;26528722222;10240;10228
4685;26481165000;26028744444;26528744444;10240;10228
4687;26481351000;26029000000;26529000000;10240;10228
4689;26481356000;26070400000;26570400000;10240;10228
4690;26481554000;26070400000;26570400000;10240;10228
4691;26481759000;26070400000;26570400000;10240;10228
4692;26481765000;26070400000;26570400000;10240;10228
4693;26481929000;26070400000;26570400000;10240;10228
4694;26481935000;26070400000;26570400000;10240;10228
4695;26482175000;26070400000;26570400000;10240;10228
4696;26482181000;26070422222;26570422222;10240;10228
4699;26482372000;26070688888;26570688888;10240;10228
4700;26482377000;26112066666;26612066666;10240;10228
4701;26482578000;26112066666;26612066666;10240;10228
4702;26482787000;26112066666;26612066666;10240;10228
4703;26482793000;26112066666;26612066666;10240;10228
4704;26482951000;26112066666;26612066666;10240;10228
4705;26483187000;26112066666;26612066666;10240;10228
4706;26483194000;26112066666;26612066666;10240;10228
4707;26483198000;26112088888;26612088888;10240;10228
4774;26637764000;26362344444;26862344444;10240;10228
4775;26637782000;26362344444;26862344444;10240;10228
4776;26637810000;26362344444;26862344444;10240;10228
4777;26637820000;26403766666;26903766666;10240;10228
4779;26637836000;26403766666;26903766666;10240;10228
4780;26637869000;26403766666;26903766666;10240;10228
4781;26637878000;26403766666;26903766666;10240;10228
4782;26637908000;26403766666;26903766666;10240;10228
4783;26637918000;26403766666;26903766666;10240;10228
4784;26637950000;26403777777;26903777777;10240;10228
4785;26637969000;26404055555;26904055555;10240;10228
4786;26637980000;26404055555;26904055555;10240;10228
4787;26638006000;26404055555;26904055555;10240;10228
4788;26638015000;26445400000;26945400000;10240;10228
4791;26638023000;26445400000;26945400000;10240;10228
4792;26638064000;26445400000;26945400000;10240;10228
4793;26638079000;26445400000;26945400000;10240;10228
4794;26638111000;26445400000;26945400000;10240;10228
4797;26638159000;26445711111;26945711111;10240;10228
4798;26638196000;26445711111;26945711111;10240;10228
4742;26638204000;26238055555;26738055555;10240;10228
4743;26638218000;26238055555;26738055555;10240;10228
4799;26638230000;26487055555;26987055555;10240;10228
4745;26638260000;26278700000;26778700000;10240;10228
4800;26638268000;26487055555;26987055555;10240;10228
4802;26638313000;26487055555;26987055555;10240;10228
4803;26638356000;26487055555;26987055555;10240;10228
4751;26638412000;26278711111;26778711111;10240;10228
4752;26638420000;26278988888;26778988888;10240;10228
4804;26638431000;26487055555;26987055555;10240;10228
4805;26638467000;26487055555;26987055555;10240;10228
4806;26638476000;26487077777;26987077777;10240;10228
4807;26638495000;26487388888;26987388888;10240;10228
4808;26638566000;26487388888;26987388888;10240;10228
4809;26638616000;26487388888;26987388888;10240;10228
4759;26638661000;26320366666;26820366666;10240;10228
4810;26638706000;26528733333;27028733333;10240;10228
4811;26638762000;26528733333;27028733333;10240;10228
4812;26638783000;26528733333;27028733333;10240;10228
4813;26638809000;26528733333;27028733333;10240;10228
4814;26638832000;26528733333;27028733333;10240;10228
4815;26638901000;26528733333;27028733333;10240;10228
4817;26638960000;26528755555;27028755555;10240;10228
4724;26639583000;26195388888;26695388888;10240;10228
4726;26639776000;26195388888;26695388888;10240;10228
4727;26639998000;26195388888;26695388888;10240;10228
4728;26640009000;26195388888;26695388888;10240;10228
4729;26640209000;26195411111;26695411111;10240;10228
4730;26640225000;26195677777;26695677777;10240;10228
4731;26640409000;26195677777;26695677777;10240;10228
4732;26640419000;26195677777;26695677777;10240;10228
4733;26640613000;26237333333;26737333333;10240;10228
4734;26640622000;26237333333;26737333333;10240;10228
4735;26640817000;26237333333;26737333333;10240;10228
4736;26641007000;26237333333;26737333333;10240;10228
4737;26641015000;26237333333;26737333333;10240;10228
4818;26798106000;26529044444;27029044444;10240;10228
4819;26798134000;26529044444;27029044444;10240;10228
4820;26798144000;26529044444;27029044444;10240;10228
4821;26798151000;26570400000;27070400000;10240;10228
4822;26798175000;26570400000;27070400000;10240;10228
4823;26798184000;26570400000;27070400000;10240;10228
4824;26798198000;26570400000;27070400000;10240;10228
4825;26798220000;26570400000;27070400000;10240;10228
4826;26798230000;26570400000;27070400000;10240;10228
4827;26798242000;26570400000;27070400000;10240;10228
4828;26798276000;26570422222;27070422222;10240;10228
4829;26798294000;26570722222;27070722222;10240;10228
4830;26798316000;26570722222;27070722222;10240;10228
4831;26798329000;26570722222;27070722222;10240;10228
4832;26798343000;26612077777;27112077777;10240;10228
4833;26798365000;26612077777;27112077777;10240;10228
4834;26798378000;26612077777;27112077777;10240;10228
4835;26798392000;26612077777;27112077777;10240;10228
4836;26798417000;26612077777;27112077777;10240;10228
4839;26798438000;26612088888;27112088888;10240;10228
4840;26798447000;26612388888;27112388888;10240;10228
4841;26798510000;26612388888;27112388888;10240;10228
4842;26798528000;26612388888;27112388888;10240;10228
4843;26798538000;26653722222;27153722222;10240;10228
4844;26798574000;26653722222;27153722222;10240;10228
4845;26798582000;26653722222;27153722222;10240;10228
4846;26798597000;26653722222;27153722222;10240;10228
4847;26798635000;26653722222;27153722222;10240;10228
4778;26798680000;26403766666;26903766666;10240;10228
4850;26798697000;26653744444;27153744444;10240;10228
4851;26798723000;26654033333;27154033333;10240;10228
4852;26798732000;26654033333;27154033333;10240;10228
4853;26798788000;26654033333;27154033333;10240;10228
4855;26798797000;26695388888;27195388888;10240;10228
4856;26798836000;26695388888;27195388888;10240;10228
4789;26798845000;26445400000;26945400000;10240;10228
4790;26798855000;26445400000;26945400000;10240;10228
4857;26798880000;26695388888;27195388888;10240;10228
4858;26798914000;26695388888;27195388888;10240;10228
4859;26798927000;26695388888;27195388888;10240;10228
4860;26798975000;26695388888;27195388888;10240;10228
4796;26799022000;26445711111;26945711111;10240;10228
4861;26799084000;26695411111;27195411111;10240;10228
4801;26799301000;26487055555;26987055555;10240;10228
4795;26799393000;26445411111;26945411111;10240;10228
4753;26799901000;26278988888;26778988888;10240;10228
4754;26799908000;26278988888;26778988888;10240;10228
4755;26800126000;26320366666;26820366666;10240;10228
4756;26800142000;26320366666;26820366666;10240;10228
4757;26800329000;26320366666;26820366666;10240;10228
4758;26800526000;26320366666;26820366666;10240;10228
4759;26800537000;26320366666;26820366666;10240;10228
4761;26800731000;26320366666;26820366666;10240;10228
4762;26800762000;26320388888;26820388888;10240;10228
4763;26800935000;26320677777;26820677777;10240;10228
4764;26800946000;26320677777;26820677777;10240;10228
4766;26801149000;26362033333;26862033333;10240;10228
4767;26801164000;26362033333;26862033333;10240;10228
4768;26801346000;26362033333;26862033333;10240;10228
4769;26801550000;26362033333;26862033333;10240;10228
4770;26801561000;26362033333;26862033333;10240;10228
4771;26801755000;26362033333;26862033333;10240;10228
4772;26801766000;26362033333;26862033333;10240;10228
4773;26801943000;26362044444;26862044444;10240;10228
4774;26801954000;26362344444;26862344444;10240;10228
4775;26802164000;26362344444;26862344444;10240;10228
4778;26802412000;26403766666;26903766666;10240;10228
4779;26802432000;26403766666;26903766666;10240;10228
4780;26802624000;26403766666;26903766666;10240;10228
4862;26958401000;26695688888;27195688888;10240;10228
4863;26958425000;26695688888;27195688888;10240;10228
4864;26958461000;26695688888;27195688888;10240;10228
4865;26958482000;26737066666;27237066666;10240;10228
4866;26958506000;26737066666;27237066666;10240;10228
4867;26958515000;26737066666;27237066666;10240;10228
4869;26958537000;26737066666;27237066666;10240;10228
4870;26958547000;26737066666;27237066666;10240;10228
4871;26958561000;26737066666;27237066666;10240;10228
4872;26958595000;26737088888;27237088888;10240;10228
4873;26958614000;26737388888;27237388888;10240;10228
4874;26958635000;26737388888;27237388888;10240;10228
4875;26958647000;26737388888;27237388888;10240;10228
4876;26958662000;26778733333;27278733333;10240;10228
4878;26958674000;26778733333;27278733333;10240;10228
4816;26958706000;26528733333;27028733333;10240;10228
4879;26958714000;26778733333;27278733333;10240;10228
4880;26958729000;26778733333;27278733333;10240;10228
4881;26958750000;26778733333;27278733333;10240;10228
4883;26958758000;26778744444;27278744444;10240;10228
4884;26958803000;26779044444;27279044444;10240;10228
4885;26958821000;26779044444;27279044444;10240;10228
4888;26958844000;26820388888;27320388888;10240;10228
4889;26958874000;26820388888;27320388888;10240;10228
4890;26958904000;26820388888;27320388888;10240;10228
4891;26958913000;26820388888;27320388888;10240;10228
4892;26958927000;26820388888;27320388888;10240;10228
4894;26958969000;26820411111;27320411111;10240;10228
4895;26959019000;26820733333;27320733333;10240;10228
4896;26959110000;26820733333;27320733333;10240;10228
4897;26959151000;26820733333;27320733333;10240;10228
4899;26959189000;26862055555;27362055555;10240;10228
4900;26959212000;26862055555;27362055555;10240;10228
4901;26959233000;26862055555;27362055555;10240;10228
4902;26959263000;26862055555;27362055555;10240;10228
4903;26959308000;26862055555;27362055555;10240;10228
4837;26959327000;26612077777;27112077777;10240;10228
4838;26959343000;26612077777;27112077777;10240;10228
4904;26959356000;26862055555;27362055555;10240;10228
4905;26959371000;26862077777;27362077777;10240;10228
4848;26959565000;26653722222;27153722222;10240;10228
4849;26959598000;26653722222;27153722222;10240;10228
4854;26959831000;26695388888;27195388888;10240;10228
4796;26960020000;26445711111;26945711111;10240;10228
4797;26960240000;26445711111;26945711111;10240;10228
4798;26960255000;26445711111;26945711111;10240;10228
4799;26960444000;26487055555;26987055555;10240;10228
4800;26960460000;26487055555;26987055555;10240;10228
4801;26960642000;26487055555;26987055555;10240;10228
4802;26960845000;26487055555;26987055555;10240;10228
4803;26960856000;26487055555;26987055555;10240;10228
4804;26961033000;26487055555;26987055555;10240;10228
4805;26961063000;26487055555;26987055555;10240;10228
4806;26961262000;26487077777;26987077777;10240;10228
4807;26961279000;26487388888;26987388888;10240;10228
4808;26961458000;26487388888;26987388888;10240;10228
4809;26961472000;26487388888;26987388888;10240;10228
4810;26961664000;26528733333;27028733333;10240;10228
4811;26961869000;26528733333;27028733333;10240;10228
4812;26961879000;26528733333;27028733333;10240;10228
4813;26962109000;26528733333;27028733333;10240;10228
4814;26962142000;26528733333;27028733333;10240;10228
4815;26962320000;26528733333;27028733333;10240;10228
4816;26962338000;26528733333;27028733333;10240;10228
4818;26962515000;26529044444;27029044444;10240;10228
4819;26962722000;26529044444;27029044444;10240;10228
4821;26962727000;26570400000;27070400000;10240;10228
4822;26962923000;26570400000;27070400000;10240;10228
4824;26962927000;26570400000;27070400000;10240;10228
4825;26963158000;26570400000;27070400000;10240;10228
4906;27118771000;26862433333;27362433333;10240;10228
4907;27118820000;26862433333;27362433333;10240;10228
4908;27118852000;26862433333;27362433333;10240;10228
4909;27118870000;26903733333;27403733333;10240;10228
4910;27118879000;26903733333;27403733333;10240;10228
4911;27118887000;26903733333;27403733333;10240;10228
4912;27118908000;26903733333;27403733333;10240;10228
4914;27118914000;26903733333;27403733333;10240;10228
4915;27118923000;26903733333;27403733333;10240;10228
4916;27118943000;26903755555;27403755555;10240;10228
4917;27118951000;26904055555;27404055555;10240;10228
4918;27118957000;26904055555;27404055555;10240;10228
4919;27118976000;26904055555;27404055555;10240;10228
4920;27118985000;26945400000;27445400000;10240;10228
4922;27119001000;26945400000;27445400000;10240;10228
4923;27119033000;26945400000;27445400000;10240;10228
4924;27119085000;26945400000;27445400000;10240;10228
4925;27119131000;26945400000;27445400000;10240;10228
4926;27119164000;26945400000;27445400000;10240;10228
4927;27119175000;26945411111;27445411111;10240;10228
4928;27119182000;26945722222;27445722222;10240;10228
4929;27119199000;26945722222;27445722222;10240;10228
4930;27119218000;26945722222;27445722222;10240;10228
4931;27119233000;26987055555;27487055555;10240;10228
4932;27119280000;26987055555;27487055555;10240;10228
4933;27119317000;26987055555;27487055555;10240;10228
4935;27119345000;26987055555;27487055555;10240;10228
4937;27119374000;26987055555;27487055555;10240;10228
4938;27119416000;26987077777;27487077777;10240;10228
4939;27119438000;26987377777;27487377777;10240;10228
4868;27119447000;26737066666;27237066666;10240;10228
4940;27119479000;26987377777;27487377777;10240;10228
4941;27119491000;26987377777;27487377777;10240;10228
4942;27119536000;27028722222;27528722222;10240;10228
4943;27119546000;27028722222;27528722222;10240;10228
4877;27119579000;26778733333;27278733333;10240;10228
4944;27119589000;27028722222;27528722222;10240;10228
4945;27119623000;27028722222;27528722222;10240;10228
4946;27119650000;27028722222;27528722222;10240;10228
4947;27119658000;27028722222;27528722222;10240;10228
4882;27119714000;26778733333;27278733333;10240;10228
4948;27119734000;27028722222;27528722222;10240;10228
4949;27119762000;27028744444;27528744444;10240;10228
4886;27119790000;26779044444;27279044444;10240;10228
4887;27119819000;26820388888;27320388888;10240;10228
4893;27120007000;26820388888;27320388888;10240;10228
4898;27120162000;26862055555;27362055555;10240;10228
4847;27120928000;26653722222;27153722222;10240;10228
4848;27121142000;26653722222;27153722222;10240;10228
4850;27121157000;26653744444;27153744444;10240;10228
4851;27121344000;26654033333;27154033333;10240;10228
4852;27121360000;26654033333;27154033333;10240;10228
4853;27121542000;26654033333;27154033333;10240;10228
4854;27121552000;26695388888;27195388888;10240;10228
4855;27121744000;26695388888;27195388888;10240;10228
4856;27121755000;26695388888;27195388888;10240;10228
4857;27121949000;26695388888;27195388888;10240;10228
4858;27122164000;26695388888;27195388888;10240;10228
4859;27122182000;26695388888;27195388888;10240;10228
4861;27122359000;26695411111;27195411111;10240;10228
4862;27122371000;26695688888;27195688888;10240;10228
4863;27122564000;26695688888;27195688888;10240;10228
4864;27122575000;26695688888;27195688888;10240;10228
4865;27122769000;26737066666;27237066666;10240;10228
4866;27122958000;26737066666;27237066666;10240;10228
4867;27122968000;26737066666;27237066666;10240;10228
4868;27123179000;26737066666;27237066666;10240;10228
4950;27278979000;27029033333;27529033333;10240;10228
4951;27279003000;27029033333;27529033333;10240;10228
4952;27279068000;27029033333;27529033333;10240;10228
4953;27279077000;27070400000;27570400000;10240;10228
4954;27279100000;27070400000;27570400000;10240;10228
4955;27279123000;27070400000;27570400000;10240;10228
4956;27279133000;27070400000;27570400000;10240;10228
4959;27279143000;27070400000;27570400000;10240;10228
4960;27279178000;27070422222;27570422222;10240;10228
4961;27279199000;27070722222;27570722222;10240;10228
4962;27279218000;27070722222;27570722222;10240;10228
4963;27279227000;27070722222;27570722222;10240;10228
4964;27279243000;27112066666;27612066666;10240;10228
4965;27279267000;27112066666;27612066666;10240;10228
4966;27279286000;27112066666;27612066666;10240;10228
4967;27279308000;27112066666;27612066666;10240;10228
4968;27279320000;27112066666;27612066666;10240;10228
4969;27279335000;27112066666;27612066666;10240;10228
4970;27279375000;27112066666;27612066666;10240;10228
4971;27279385000;27112088888;27612088888;10240;10228
4972;27279413000;27112411111;27612411111;10240;10228
4973;27279428000;27112411111;27612411111;10240;10228
4974;27279488000;27112411111;27612411111;10240;10228
4975;27279517000;27153722222;27653722222;10240;10228
4976;27279544000;27153722222;27653722222;10240;10228
4977;27279575000;27153722222;27653722222;10240;10228
4978;27279589000;27153722222;27653722222;10240;10228
4913;27279633000;26903733333;27403733333;10240;10228
4979;27279643000;27153722222;27653722222;10240;10228
4980;27279670000;27153722222;27653722222;10240;10228
4981;27279691000;27153722222;27653722222;10240;10228
4982;27279725000;27153744444;27653744444;10240;10228
4983;27279747000;27154044444;27654044444;10240;10228
4984;27279777000;27154044444;27654044444;10240;10228
4921;27279823000;26945400000;27445400000;10240;10228
4985;27279832000;27154044444;27654044444;10240;10228
4986;27279879000;27195388888;27695388888;10240;10228
4987;27279888000;27195388888;27695388888;10240;10228
4988;27279924000;27195388888;27695388888;10240;10228
4989;27279959000;27195388888;27695388888;10240;10228
4990;27279990000;27195388888;27695388888;10240;10228
4991;27280020000;27195388888;27695388888;10240;10228
4993;27280087000;27195411111;27695411111;10240;10228
4934;27280145000;26987055555;27487055555;10240;10228
4936;27280285000;26987055555;27487055555;10240;10228
4885;27280815000;26779044444;27279044444;10240;10228
4886;27281023000;26779044444;27279044444;10240;10228
4887;27281272000;26820388888;27320388888;10240;10228
4888;27281281000;26820388888;27320388888;10240;10228
4890;27281482000;26820388888;27320388888;10240;10228
4891;27281492000;26820388888;27320388888;10240;10228
4892;27281680000;26820388888;27320388888;10240;10228
4893;27281700000;26820388888;27320388888;10240;10228
4894;27281875000;26820411111;27320411111;10240;10228
4897;27281882000;26820733333;27320733333;10240;10228
4898;27282059000;26862055555;27362055555;10240;10228
4899;27282250000;26862055555;27362055555;10240;10228
4900;27282255000;26862055555;27362055555;10240;10228
4901;27282483000;26862055555;27362055555;10240;10228
4902;27282487000;26862055555;27362055555;10240;10228
4903;27282695000;26862055555;27362055555;10240;10228
4904;27282700000;26862055555;27362055555;10240;10228
4905;27282862000;26862077777;27362077777;10240;10228
4906;27283070000;26862433333;27362433333;10240;10228
4908;27283076000;26862433333;27362433333;10240;10228
4909;27283312000;26903733333;27403733333;10240;10228
4910;27283320000;26903733333;27403733333;10240;10228
4911;27283518000;26903733333;27403733333;10240;10228
4912;27283535000;26903733333;27403733333;10240;10228
4913;27283719000;26903733333;27403733333;10240;10228
4914;27283724000;26903733333;27403733333;10240;10228
4915;27283925000;26903733333;27403733333;10240;10228
4994;27439253000;27195722222;27695722222;10240;10228
4995;27439266000;27195722222;27695722222;10240;10228
4996;27439285000;27195722222;27695722222;10240;10228
4997;27439294000;27237066666;27737066666;10240;10228
4998;27439311000;27237066666;27737066666;10240;10228
4999;27439343000;27237066666;27737066666;10240;10228
5000;27439353000;27237066666;27737066666;10240;10228
5001;27439381000;27237066666;27737066666;10240;10228
5002;27439401000;27237066666;27737066666;10240;10228
5003;27439409000;27237066666;27737066666;10240;10228
5004;27439431000;27237088888;27737088888;10240;10228
5005;27439453000;27237400000;27737400000;10240;10228
5006;27439463000;27237400000;27737400000;10240;10228
5007;27439484000;27237400000;27737400000;10240;10228
5009;27439494000;27278733333;27778733333;10240;10228
5010;27439507000;27278733333;27778733333;10240;10228
5011;27439547000;27278733333;27778733333;10240;10228
5012;27439583000;27278733333;27778733333;10240;10228
5015;27439632000;27278744444;27778744444;10240;10228
5016;27439654000;27279066666;27779066666;10240;10228
5017;27439689000;27279066666;27779066666;10240;10228
4957;27439710000;27070400000;27570400000;10240;10228
4958;27439751000;27070400000;27570400000;10240;10228
5018;27439789000;27279066666;27779066666;10240;10228
5019;27439827000;27320388888;27820388888;10240;10228
5021;27439863000;27320388888;27820388888;10240;10228
5022;27439889000;27320388888;27820388888;10240;10228
5023;27439899000;27320388888;27820388888;10240;10228
5024;27439911000;27320388888;27820388888;10240;10228
5025;27439991000;27320388888;27820388888;10240;10228
4920;27440149000;26945400000;27445400000;10240;10228
4921;27440169000;26945400000;27445400000;10240;10228
4922;27440248000;26945400000;27445400000;10240;10228
4924;27440403000;26945400000;27445400000;10240;10228
4926;27440413000;26945400000;27445400000;10240;10228
4927;27440601000;26945411111;27445411111;10240;10228
4928;27440617000;26945722222;27445722222;10240;10228
4929;27440780000;26945722222;27445722222;10240;10228
4930;27440790000;26945722222;27445722222;10240;10228
4931;27440984000;26987055555;27487055555;10240;10228
4933;27441191000;26987055555;27487055555;10240;10228
4934;27441211000;26987055555;27487055555;10240;10228
4936;27441417000;26987055555;27487055555;10240;10228
4937;27441454000;26987055555;27487055555;10240;10228
4939;27441614000;26987377777;27487377777;10240;10228
4941;27441632000;26987377777;27487377777;10240;10228
4942;27441819000;27028722222;27528722222;10240;10228
4943;27442010000;27028722222;27528722222;10240;10228
4944;27442030000;27028722222;27528722222;10240;10228
4945;27442238000;27028722222;27528722222;10240;10228
4946;27442264000;27028722222;27528722222;10240;10228
4947;27442434000;27028722222;27528722222;10240;10228
4948;27442638000;27028722222;27528722222;10240;10228
4949;27442655000;27028744444;27528744444;10240;10228
4950;27442842000;27029033333;27529033333;10240;10228
4951;27442859000;27029033333;27529033333;10240;10228
4952;27443032000;27029033333;27529033333;10240;10228
4953;27443040000;27070400000;27570400000;10240;10228
4954;27443256000;27070400000;27570400000;10240;10228
4955;27443278000;27070400000;27570400000;10240;10228
4956;27443490000;27070400000;27570400000;10240;10228
4957;27443509000;27070400000;27570400000;10240;10228
4958;27443677000;27070400000;27570400000;10240;10228
4959;27443881000;27070400000;27570400000;10240;10228
4960;27443902000;27070422222;27570422222;10240;10228
5027;27599597000;27320711111;27820711111;10240;10228
5028;27599613000;27320711111;27820711111;10240;10228
5029;27599621000;27320711111;27820711111;10240;10228
5030;27599645000;27362100000;27862100000;10240;10228
5031;27599659000;27362100000;27862100000;10240;10228
5032;27599666000;27362100000;27862100000;10240;10228
5033;27599686000;27362100000;27862100000;10240;10228
5034;27599696000;27362100000;27862100000;10240;10228
5035;27599704000;27362100000;27862100000;10240;10228
5036;27599720000;27362100000;27862100000;10240;10228
5037;27599741000;27362111111;27862111111;10240;10228
5038;27599750000;27362444444;27862444444;10240;10228
5042;27599758000;27403733333;27903733333;10240;10228
5043;27599791000;27403733333;27903733333;10240;10228
5044;27599810000;27403733333;27903733333;10240;10228
5045;27599830000;27403733333;27903733333;10240;10228
5046;27599839000;27403733333;27903733333;10240;10228
5047;27599853000;27403733333;27903733333;10240;10228
5048;27599861000;27403744444;27903744444;10240;10228
5049;27599886000;27404022222;27904022222;10240;10228
4992;27599894000;27195388888;27695388888;10240;10228
5050;27599947000;27404022222;27904022222;10240;10228
5051;27599966000;27404022222;27904022222;10240;10228
5052;27599986000;27445388888;27945388888;10240;10228
5053;27600016000;27445388888;27945388888;10240;10228
5054;27600034000;27445388888;27945388888;10240;10228
5055;27600066000;27445388888;27945388888;10240;10228
5056;27600105000;27445388888;27945388888;10240;10228
5057;27600114000;27445388888;27945388888;10240;10228
5058;27600140000;27445388888;27945388888;10240;10228
5059;27600148000;27445411111;27945411111;10240;10228
5060;27600159000;27445700000;27945700000;10240;10228
5061;27600201000;27445700000;27945700000;10240;10228
5063;27600218000;27487055555;27987055555;10240;10228
5008;27600237000;27278733333;27778733333;10240;10228
5066;27600261000;27487055555;27987055555;10240;10228
5013;27600325000;27278733333;27778733333;10240;10228
5014;27600349000;27278733333;27778733333;10240;10228
5067;27600374000;27487055555;27987055555;10240;10228
5068;27600424000;27487055555;27987055555;10240;10228
5069;27600487000;27487055555;27987055555;10240;10228
5070;27600519000;27487077777;27987077777;10240;10228
5020;27600539000;27320388888;27820388888;10240;10228
5071;27759866000;27487377777;27987377777;10240;10228
5072;27759880000;27487377777;27987377777;10240;10228
5073;27759890000;27487377777;27987377777;10240;10228
5074;27759898000;27528744444;28028744444;10240;10228
5075;27759918000;27528744444;28028744444;10240;10228
5076;27759927000;27528744444;28028744444;10240;10228
5078;27759949000;27528744444;28028744444;10240;10228
5079;27759976000;27528744444;28028744444;10240;10228
5080;27760011000;27528744444;28028744444;10240;10228
5081;27760050000;27528755555;28028755555;10240;10228
5083;27760081000;27529044444;28029044444;10240;10228
5084;27760110000;27529044444;28029044444;10240;10228
5086;27760120000;27570400000;28070400000;10240;10228
5087;27760159000;27570400000;28070400000;10240;10228
5088;27760167000;27570400000;28070400000;10240;10228
5089;27760175000;27570400000;28070400000;10240;10228
5090;27760207000;27570400000;28070400000;10240;10228
5091;27760230000;27570400000;28070400000;10240;10228
5092;27760248000;27570422222;28070422222;10240;10228
5093;27760273000;27570711111;28070711111;10240;10228
5094;27760281000;27570711111;28070711111;10240;10228
5026;27760302000;27320411111;27820411111;10240;10228
5096;27760323000;27612055555;28112055555;10240;10228
5097;27760364000;27612055555;28112055555;10240;10228
5098;27760375000;27612055555;28112055555;10240;10228
5099;27760413000;27612055555;28112055555;10240;10228
5100;27760464000;27612055555;28112055555;10240;10228
5101;27760502000;27612055555;28112055555;10240;10228
5102;27760511000;27612055555;28112055555;10240;10228
5103;27760552000;27612077777;28112077777;10240;10228
5104;27760573000;27612377777;28112377777;10240;10228
5105;27760611000;27612377777;28112377777;10240;10228
5106;27760663000;27612377777;28112377777;10240;10228
5039;27760672000;27362444444;27862444444;10240;10228
5040;27760684000;27362444444;27862444444;10240;10228
5041;27760705000;27403733333;27903733333;10240;10228
5107;27760726000;27653722222;28153722222;10240;10228
5108;27760754000;27653722222;28153722222;10240;10228
5109;27760795000;27653722222;28153722222;10240;10228
5110;27760863000;27653722222;28153722222;10240;10228
5111;27760882000;27653722222;28153722222;10240;10228
5112;27760936000;27653722222;28153722222;10240;10228
5113;27760981000;27653722222;28153722222;10240;10228
5114;27761019000;27653744444;28153744444;10240;10228
5062;27761268000;27445700000;27945700000;10240;10228
5064;27761295000;27487055555;27987055555;10240;10228
5065;27761317000;27487055555;27987055555;10240;10228
5007;27761435000;27237400000;27737400000;10240;10228
5008;27761633000;27278733333;27778733333;10240;10228
5009;27761650000;27278733333;27778733333;10240;10228
5010;27761850000;27278733333;27778733333;10240;10228
5011;27761855000;27278733333;27778733333;10240;10228
5012;27762132000;27278733333;27778733333;10240;10228
5013;27762137000;27278733333;27778733333;10240;10228
5014;27762304000;27278733333;27778733333;10240;10228
5015;27762312000;27278744444;27778744444;10240;10228
5016;27762507000;27279066666;27779066666;10240;10228
5017;27762705000;27279066666;27779066666;10240;10228
5018;27762711000;27279066666;27779066666;10240;10228
5019;27762909000;27320388888;27820388888;10240;10228
5021;27762915000;27320388888;27820388888;10240;10228
5022;27763130000;27320388888;27820388888;10240;10228
5023;27763326000;27320388888;27820388888;10240;10228
5024;27763344000;27320388888;27820388888;10240;10228
5025;27763524000;27320388888;27820388888;10240;10228
5026;27763530000;27320411111;27820411111;10240;10228
5028;27763721000;27320711111;27820711111;10240;10228
5029;27763727000;27320711111;27820711111;10240;10228
5030;27763933000;27362100000;27862100000;10240;10228
5031;27763942000;27362100000;27862100000;10240;10228
5032;27764145000;27362100000;27862100000;10240;10228
5033;27764344000;27362100000;27862100000;10240;10228
5115;27920182000;27654022222;28154022222;10240;10228
5116;27920211000;27654022222;28154022222;10240;10228
5117;27920220000;27654022222;28154022222;10240;10228
5118;27920227000;27695400000;28195400000;10240;10228
5119;27920235000;27695400000;28195400000;10240;10228
5120;27920242000;27695400000;28195400000;10240;10228
5124;27920249000;27695400000;28195400000;10240;10228
5127;27920258000;27695688888;28195688888;10240;10228
5128;27920266000;27695688888;28195688888;10240;10228
5129;27920274000;27737066666;28237066666;10240;10228
5130;27920312000;27737066666;28237066666;10240;10228
5131;27920324000;27737066666;28237066666;10240;10228
5132;27920341000;27737066666;28237066666;10240;10228
5133;27920363000;27737066666;28237066666;10240;10228
5134;27920372000;27737066666;28237066666;10240;10228
5135;27920385000;27737066666;28237066666;10240;10228
5138;27920418000;27737377777;28237377777;10240;10228
5139;27920429000;27737377777;28237377777;10240;10228
5140;27920450000;27778722222;28278722222;10240;10228
5141;27920479000;27778722222;28278722222;10240;10228
5142;27920501000;27778722222;28278722222;10240;10228
5143;27920540000;27778722222;28278722222;10240;10228
5144;27920576000;27778722222;28278722222;10240;10228
5077;27920595000;27528744444;28028744444;10240;10228
5145;27920640000;27778722222;28278722222;10240;10228
5146;27920686000;27778722222;28278722222;10240;10228
5147;27920774000;27778744444;28278744444;10240;10228
5082;27920808000;27529044444;28029044444;10240;10228
5085;27920870000;27570400000;28070400000;10240;10228
5148;27920896000;27779055555;28279055555;10240;10228
5149;27920980000;27779055555;28279055555;10240;10228
5150;27921022000;27779055555;28279055555;10240;10228
5151;27921077000;27820388888;28320388888;10240;10228
5152;27921153000;27820388888;28320388888;10240;10228
5153;27921194000;27820388888;28320388888;10240;10228
5154;27921228000;27820388888;28320388888;10240;10228
5155;27921250000;27820388888;28320388888;10240;10228
5095;27921303000;27570711111;28070711111;10240;10228
5157;27921339000;27820388888;28320388888;10240;10228
5158;27921380000;27820400000;28320400000;10240;10228
5061;27923388000;27445700000;27945700000;10240;10228
5062;27923395000;27445700000;27945700000;10240;10228
5063;27923589000;27487055555;27987055555;10240;10228
5064;27923601000;27487055555;27987055555;10240;10228
5065;27923795000;27487055555;27987055555;10240;10228
5066;27923986000;27487055555;27987055555;10240;10228
5067;27924005000;27487055555;27987055555;10240;10228
5068;27924232000;27487055555;27987055555;10240;10228
5069;27924253000;27487055555;27987055555;10240;10228
5070;27924446000;27487077777;27987077777;10240;10228
5071;27924454000;27487377777;27987377777;10240;10228
5072;27924646000;27487377777;27987377777;10240;10228
5073;27924665000;27487377777;27987377777;10240;10228
5074;27924834000;27528744444;28028744444;10240;10228
5075;27925007000;27528744444;28028744444;10240;10228
5076;27925023000;27528744444;28028744444;10240;10228
5077;27925229000;27528744444;28028744444;10240;10228
5078;27925247000;27528744444;28028744444;10240;10228
5079;27925467000;27528744444;28028744444;10240;10228
5080;27925511000;27528744444;28028744444;10240;10228
5159;28080434000;27820700000;28320700000;10240;10228
5160;28080458000;27820700000;28320700000;10240;10228
5162;28080480000;27862066666;28362066666;10240;10228
5163;28080489000;27862066666;28362066666;10240;10228
5164;28080509000;27862066666;28362066666;10240;10228
5165;28080543000;27862066666;28362066666;10240;10228
5166;28080552000;27862066666;28362066666;10240;10228
5167;28080581000;27862066666;28362066666;10240;10228
5168;28080590000;27862066666;28362066666;10240;10228
5170;28080607000;27862400000;28362400000;10240;10228
5171;28080625000;27862400000;28362400000;10240;10228
5172;28080636000;27862400000;28362400000;10240;10228
5174;28080659000;27903733333;28403733333;10240;10228
5175;28080682000;27903733333;28403733333;10240;10228
5176;28080690000;27903733333;28403733333;10240;10228
5177;28080704000;27903733333;28403733333;10240;10228
5178;28080722000;27903733333;28403733333;10240;10228
5179;28080736000;27903733333;28403733333;10240;10228
5180;28080759000;27903744444;28403744444;10240;10228
5181;28080790000;27904033333;28404033333;10240;10228
5182;28080799000;27904033333;28404033333;10240;10228
5183;28080820000;27904033333;28404033333;10240;10228
5184;28080843000;27945388888;28445388888;10240;10228
5185;28080851000;27945388888;28445388888;10240;10228
5187;28080888000;27945388888;28445388888;10240;10228
5121;28080896000;27695400000;28195400000;10240;10228
5122;28080910000;27695400000;28195400000;10240;10228
5123;28080932000;27695400000;28195400000;10240;10228
5188;28080951000;27945388888;28445388888;10240;10228
5125;28080972000;27695422222;28195422222;10240;10228
5126;28080994000;27695688888;28195688888;10240;10228
5189;28081008000;27945388888;28445388888;10240;10228
5190;28081037000;27945388888;28445388888;10240;10228
5191;28081111000;27945411111;28445411111;10240;10228
5192;28081143000;27945711111;28445711111;10240;10228
5193;28081200000;27945711111;28445711111;10240;10228
5194;28081246000;27945711111;28445711111;10240;10228
5195;28081282000;27987055555;28487055555;10240;10228
5196;28081302000;27987055555;28487055555;10240;10228
5197;28081323000;27987055555;28487055555;10240;10228
5136;28081376000;27737077777;28237077777;10240;10228
5137;28081402000;27737377777;28237377777;10240;10228
5199;28081456000;27987055555;28487055555;10240;10228
5200;28081506000;27987055555;28487055555;10240;10228
5201;28081567000;27987055555;28487055555;10240;10228
5202;28081603000;27987077777;28487077777;10240;10228
5094;28081832000;27570711111;28070711111;10240;10228
5096;28081986000;27612055555;28112055555;10240;10228
5097;28082003000;27612055555;28112055555;10240;10228
5098;28082184000;27612055555;28112055555;10240;10228
5100;28082390000;27612055555;28112055555;10240;10228
5101;28082395000;27612055555;28112055555;10240;10228
5102;28082609000;27612055555;28112055555;10240;10228
5103;28082618000;27612077777;28112077777;10240;10228
5104;28082814000;27612377777;28112377777;10240;10228
5105;28082823000;27612377777;28112377777;10240;10228
5106;28083017000;27612377777;28112377777;10240;10228
5107;28083027000;27653722222;28153722222;10240;10228
5108;28083230000;27653722222;28153722222;10240;10228
5109;28083428000;27653722222;28153722222;10240;10228
5110;28083439000;27653722222;28153722222;10240;10228
5111;28083633000;27653722222;28153722222;10240;10228
5112;28083642000;27653722222;28153722222;10240;10228
5113;28083838000;27653722222;28153722222;10240;10228
5114;28083847000;27653744444;28153744444;10240;10228
5115;28084028000;27654022222;28154022222;10240;10228
5116;28084273000;27654022222;28154022222;10240;10228
5117;28084279000;27654022222;28154022222;10240;10228
5118;28084484000;27695400000;28195400000;10240;10228
5119;28084489000;27695400000;28195400000;10240;10228
5120;28084688000;27695400000;28195400000;10240;10228
5156;28240691000;27820388888;28320388888;10240;10228
5203;28240705000;27987377777;28487377777;10240;10228
5204;28240732000;27987377777;28487377777;10240;10228
5205;28240743000;27987377777;28487377777;10240;10228
5206;28240755000;28028733333;28528733333;10240;10228
5207;28240780000;28028733333;28528733333;10240;10228
5208;28240792000;28028733333;28528733333;10240;10228
5209;28240810000;28028733333;28528733333;10240;10228
5210;28240829000;28028733333;28528733333;10240;10228
5211;28240839000;28028733333;28528733333;10240;10228
5212;28240852000;28028733333;28528733333;10240;10228
5213;28240874000;28028755555;28528755555;10240;10228
5214;28240906000;28029022222;28529022222;10240;10228
5215;28240925000;28029022222;28529022222;10240;10228
5216;28240940000;28029022222;28529022222;10240;10228
5217;28240952000;28070400000;28570400000;10240;10228
5218;28240967000;28070400000;28570400000;10240;10228
5219;28240988000;28070400000;28570400000;10240;10228
5220;28241010000;28070400000;28570400000;10240;10228
5221;28241028000;28070400000;28570400000;10240;10228
5222;28241080000;28070400000;28570400000;10240;10228
5223;28241090000;28070400000;28570400000;10240;10228
5224;28241112000;28070411111;28570411111;10240;10228
5225;28241135000;28070711111;28570711111;10240;10228
5226;28241144000;28070711111;28570711111;10240;10228
5227;28241157000;28070711111;28570711111;10240;10228
5228;28241180000;28112055555;28612055555;10240;10228
5229;28241194000;28112055555;28612055555;10240;10228
5230;28241214000;28112055555;28612055555;10240;10228
5161;28241244000;27820700000;28320700000;10240;10228
5231;28241252000;28112055555;28612055555;10240;10228
5232;28241267000;28112055555;28612055555;10240;10228
5233;28241314000;28112055555;28612055555;10240;10228
5235;28241357000;28112077777;28612077777;10240;10228
5236;28241384000;28112388888;28612388888;10240;10228
5169;28241411000;27862088888;28362088888;10240;10228
5237;28241431000;28112388888;28612388888;10240;10228
5239;28241459000;28153722222;28653722222;10240;10228
5173;28241523000;27903733333;28403733333;10240;10228
5240;28241541000;28153722222;28653722222;10240;10228
5241;28241557000;28153722222;28653722222;10240;10228
5242;28241599000;28153722222;28653722222;10240;10228
5244;28241647000;28153722222;28653722222;10240;10228
5245;28241667000;28153722222;28653722222;10240;10228
5246;28241736000;28153744444;28653744444;10240;10228
5186;28241897000;27945388888;28445388888;10240;10228
5198;28242216000;27987055555;28487055555;10240;10228
5137;28242520000;27737377777;28237377777;10240;10228
5138;28242716000;27737377777;28237377777;10240;10228
5140;28242935000;27778722222;28278722222;10240;10228
5141;28242945000;27778722222;28278722222;10240;10228
5143;28243149000;27778722222;28278722222;10240;10228
5144;28243164000;27778722222;28278722222;10240;10228
5145;28243353000;27778722222;28278722222;10240;10228
5146;28243369000;27778722222;28278722222;10240;10228
5147;28243550000;27778744444;28278744444;10240;10228
5148;28243559000;27779055555;28279055555;10240;10228
5149;28243754000;27779055555;28279055555;10240;10228
5150;28243959000;27779055555;28279055555;10240;10228
5151;28243970000;27820388888;28320388888;10240;10228
5152;28244173000;27820388888;28320388888;10240;10228
5153;28244191000;27820388888;28320388888;10240;10228
5154;28244371000;27820388888;28320388888;10240;10228
5155;28244573000;27820388888;28320388888;10240;10228
5156;28244583000;27820388888;28320388888;10240;10228
5157;28244778000;27820388888;28320388888;10240;10228
5159;28244790000;27820700000;28320700000;10240;10228
5160;28244968000;27820700000;28320700000;10240;10228
5161;28244979000;27820700000;28320700000;10240;10228
5163;28245215000;27862066666;28362066666;10240;10228
5164;28245428000;27862066666;28362066666;10240;10228
5165;28245432000;27862066666;28362066666;10240;10228
5166;28245641000;27862066666;28362066666;10240;10228
5247;28401001000;28154044444;28654044444;10240;10228
5248;28401038000;28154044444;28654044444;10240;10228
5249;28401120000;28154044444;28654044444;10240;10228
5250;28401138000;28195400000;28695400000;10240;10228
5251;28401157000;28195400000;28695400000;10240;10228
5252;28401181000;28195400000;28695400000;10240;10228
5253;28401191000;28195400000;28695400000;10240;10228
5254;28401216000;28195400000;28695400000;10240;10228
5255;28401225000;28195400000;28695400000;10240;10228
5256;28401256000;28195400000;28695400000;10240;10228
5257;28401272000;28195422222;28695422222;10240;10228
5258;28401280000;28195711111;28695711111;10240;10228
5261;28401297000;28237066666;28737066666;10240;10228
5262;28401414000;28237066666;28737066666;10240;10228
5263;28401425000;28237066666;28737066666;10240;10228
5264;28401432000;28237066666;28737066666;10240;10228
5265;28401448000;28237066666;28737066666;10240;10228
5266;28401456000;28237066666;28737066666;10240;10228
5267;28401495000;28237066666;28737066666;10240;10228
5268;28401505000;28237077777;28737077777;10240;10228
5269;28401526000;28237388888;28737388888;10240;10228
5270;28401554000;28237388888;28737388888;10240;10228
5271;28401562000;28237388888;28737388888;10240;10228
5272;28401596000;28278722222;28778722222;10240;10228
5273;28401632000;28278722222;28778722222;10240;10228
5274;28401644000;28278722222;28778722222;10240;10228
5275;28401678000;28278722222;28778722222;10240;10228
5276;28401706000;28278722222;28778722222;10240;10228
5278;28401746000;28278722222;28778722222;10240;10228
5279;28401767000;28278744444;28778744444;10240;10228
5280;28401789000;28279022222;28779022222;10240;10228
5170;28401804000;27862400000;28362400000;10240;10228
5281;28401828000;28279022222;28779022222;10240;10228
5282;28401863000;28279022222;28779022222;10240;10228
5283;28401874000;28320388888;28820388888;10240;10228
5284;28401895000;28320388888;28820388888;10240;10228
5285;28401924000;28320388888;28820388888;10240;10228
5286;28401931000;28320388888;28820388888;10240;10228
5287;28401954000;28320388888;28820388888;10240;10228
5288;28401994000;28320388888;28820388888;10240;10228
5289;28402004000;28320388888;28820388888;10240;10228
5290;28402036000;28320411111;28820411111;10240;10228
5171;28402059000;27862400000;28362400000;10240;10228
5172;28402074000;27862400000;28362400000;10240;10228
5234;28402117000;28112055555;28612055555;10240;10228
5174;28402161000;27903733333;28403733333;10240;10228
5175;28402179000;27903733333;28403733333;10240;10228
5176;28402233000;27903733333;28403733333;10240;10228
5179;28402249000;27903733333;28403733333;10240;10228
5238;28402268000;28112388888;28612388888;10240;10228
5243;28402336000;28153722222;28653722222;10240;10228
5181;28402454000;27904033333;28404033333;10240;10228
5182;28402470000;27904033333;28404033333;10240;10228
5183;28402608000;27904033333;28404033333;10240;10228
5184;28402813000;27945388888;28445388888;10240;10228
5185;28402822000;27945388888;28445388888;10240;10228
5186;28403029000;27945388888;28445388888;10240;10228
5188;28403248000;27945388888;28445388888;10240;10228
5189;28403265000;27945388888;28445388888;10240;10228
5190;28403443000;27945388888;28445388888;10240;10228
5191;28403458000;27945411111;28445411111;10240;10228
5192;28403648000;27945711111;28445711111;10240;10228
5193;28403661000;27945711111;28445711111;10240;10228
5194;28403852000;27945711111;28445711111;10240;10228
5195;28403864000;27987055555;28487055555;10240;10228
5196;28404040000;27987055555;28487055555;10240;10228
5197;28404271000;27987055555;28487055555;10240;10228
5198;28404288000;27987055555;28487055555;10240;10228
5199;28404467000;27987055555;28487055555;10240;10228
5200;28404481000;27987055555;28487055555;10240;10228
5201;28404672000;27987055555;28487055555;10240;10228
5202;28404682000;27987077777;28487077777;10240;10228
5291;28561532000;28320711111;28820711111;10240;10228
5292;28561549000;28320711111;28820711111;10240;10228
5293;28561558000;28320711111;28820711111;10240;10228
5294;28561565000;28362066666;28862066666;10240;10228
5295;28561583000;28362066666;28862066666;10240;10228
5296;28561607000;28362066666;28862066666;10240;10228
5297;28561616000;28362066666;28862066666;10240;10228
5298;28561627000;28362066666;28862066666;10240;10228
5299;28561641000;28362066666;28862066666;10240;10228
5300;28561653000;28362066666;28862066666;10240;10228
5301;28561665000;28362088888;28862088888;10240;10228
5303;28561688000;28362388888;28862388888;10240;10228
5304;28561702000;28362388888;28862388888;10240;10228
5306;28561722000;28403722222;28903722222;10240;10228
5307;28561760000;28403722222;28903722222;10240;10228
5308;28561791000;28403722222;28903722222;10240;10228
5310;28561802000;28403722222;28903722222;10240;10228
5311;28561809000;28403722222;28903722222;10240;10228
5313;28561826000;28404044444;28904044444;10240;10228
5315;28561855000;28404044444;28904044444;10240;10228
5316;28561890000;28445388888;28945388888;10240;10228
5317;28561920000;28445388888;28945388888;10240;10228
5318;28561928000;28445388888;28945388888;10240;10228
5319;28561958000;28445388888;28945388888;10240;10228
5320;28561977000;28445388888;28945388888;10240;10228
5321;28562003000;28445388888;28945388888;10240;10228
5322;28562012000;28445388888;28945388888;10240;10228
5323;28562025000;28445411111;28945411111;10240;10228
5259;28562092000;28195711111;28695711111;10240;10228
5260;28562148000;28195711111;28695711111;10240;10228
5277;28562516000;28278722222;28778722222;10240;10228
5233;28564775000;28112055555;28612055555;10240;10228
5234;28564795000;28112055555;28612055555;10240;10228
5235;28564959000;28112077777;28612077777;10240;10228
5236;28564977000;28112388888;28612388888;10240;10228
5237;28565219000;28112388888;28612388888;10240;10228
5238;28565230000;28112388888;28612388888;10240;10228
5239;28565437000;28153722222;28653722222;10240;10228
5240;28565635000;28153722222;28653722222;10240;10228
5241;28565653000;28153722222;28653722222;10240;10228
5242;28565836000;28153722222;28653722222;10240;10228
5243;28565845000;28153722222;28653722222;10240;10228
5244;28566008000;28153722222;28653722222;10240;10228
5245;28566241000;28153722222;28653722222;10240;10228
5246;28566261000;28153744444;28653744444;10240;10228
5247;28566451000;28154044444;28654044444;10240;10228
5248;28566471000;28154044444;28654044444;10240;10228
5249;28566656000;28154044444;28654044444;10240;10228
5250;28566675000;28195400000;28695400000;10240;10228
5251;28566865000;28195400000;28695400000;10240;10228
5252;28566875000;28195400000;28695400000;10240;10228
5253;28567032000;28195400000;28695400000;10240;10228
5254;28567264000;28195400000;28695400000;10240;10228
5255;28567285000;28195400000;28695400000;10240;10228
5256;28567484000;28195400000;28695400000;10240;10228
5257;28722038000;28195422222;28695422222;10240;10228
5324;28722082000;28445722222;28945722222;10240;10228
5325;28722099000;28445722222;28945722222;10240;10228
5326;28722115000;28445722222;28945722222;10240;10228
5327;28722124000;28487066666;28987066666;10240;10228
5328;28722137000;28487066666;28987066666;10240;10228
5329;28722152000;28487066666;28987066666;10240;10228
5330;28722162000;28487066666;28987066666;10240;10228
5331;28722187000;28487066666;28987066666;10240;10228
5332;28722206000;28487066666;28987066666;10240;10228
5334;28722221000;28487088888;28987088888;10240;10228
5335;28722231000;28487377777;28987377777;10240;10228
5336;28722243000;28487377777;28987377777;10240;10228
5337;28722257000;28487377777;28987377777;10240;10228
5338;28722290000;28528733333;29028733333;10240;10228
5339;28722301000;28528733333;29028733333;10240;10228
5340;28722313000;28528733333;29028733333;10240;10228
5341;28722327000;28528733333;29028733333;10240;10228
5342;28722341000;28528733333;29028733333;10240;10228
5343;28722354000;28528733333;29028733333;10240;10228
5344;28722380000;28528733333;29028733333;10240;10228
5258;28722400000;28195711111;28695711111;10240;10228
5346;28722424000;28529033333;29029033333;10240;10228
5349;28722458000;28570388888;29070388888;10240;10228
5350;28722487000;28570388888;29070388888;10240;10228
5351;28722495000;28570388888;29070388888;10240;10228
5352;28722536000;28570388888;29070388888;10240;10228
5353;28722563000;28570388888;29070388888;10240;10228
5354;28722571000;28570388888;29070388888;10240;10228
5355;28722594000;28570388888;29070388888;10240;10228
5356;28722631000;28570411111;29070411111;10240;10228
5302;28722639000;28362388888;28862388888;10240;10228
5259;28722663000;28195711111;28695711111;10240;10228
5260;28722687000;28195711111;28695711111;10240;10228
5357;28722719000;28570733333;29070733333;10240;10228
5358;28722762000;28570733333;29070733333;10240;10228
5305;28722828000;28403722222;28903722222;10240;10228
5360;28722862000;28612055555;29112055555;10240;10228
5361;28722893000;28612055555;29112055555;10240;10228
5309;28722938000;28403722222;28903722222;10240;10228
5362;28722962000;28612055555;29112055555;10240;10228
5363;28722973000;28612055555;29112055555;10240;10228
5312;28723019000;28403733333;28903733333;10240;10228
5365;28723041000;28612055555;29112055555;10240;10228
5261;28723105000;28237066666;28737066666;10240;10228
5262;28723123000;28237066666;28737066666;10240;10228
5314;28723159000;28404044444;28904044444;10240;10228
5366;28723206000;28612055555;29112055555;10240;10228
5367;28723218000;28612077777;29112077777;10240;10228
5263;28723334000;28237066666;28737066666;10240;10228
5264;28723343000;28237066666;28737066666;10240;10228
5265;28723356000;28237066666;28737066666;10240;10228
5267;28723371000;28237066666;28737066666;10240;10228
5268;28723382000;28237077777;28737077777;10240;10228
5269;28723426000;28237388888;28737388888;10240;10228
5270;28723443000;28237388888;28737388888;10240;10228
5271;28723624000;28237388888;28737388888;10240;10228
5272;28723830000;28278722222;28778722222;10240;10228
5273;28723840000;28278722222;28778722222;10240;10228
5274;28724020000;28278722222;28778722222;10240;10228
5275;28724028000;28278722222;28778722222;10240;10228
5276;28724249000;28278722222;28778722222;10240;10228
5277;28724264000;28278722222;28778722222;10240;10228
5278;28724444000;28278722222;28778722222;10240;10228
5280;28724649000;28279022222;28779022222;10240;10228
5281;28724660000;28279022222;28779022222;10240;10228
5282;28724853000;28279022222;28779022222;10240;10228
5283;28724863000;28320388888;28820388888;10240;10228
5284;28725042000;28320388888;28820388888;10240;10228
5286;28725307000;28320388888;28820388888;10240;10228
5287;28725325000;28320388888;28820388888;10240;10228
5368;28882609000;28612377777;29112377777;10240;10228
5369;28882626000;28612377777;29112377777;10240;10228
5370;28882634000;28612377777;29112377777;10240;10228
5371;28882642000;28653733333;29153733333;10240;10228
5372;28882649000;28653733333;29153733333;10240;10228
5373;28882658000;28653733333;29153733333;10240;10228
5374;28882672000;28653733333;29153733333;10240;10228
5375;28882685000;28653733333;29153733333;10240;10228
5376;28882697000;28653733333;29153733333;10240;10228
5377;28882713000;28653733333;29153733333;10240;10228
5378;28882722000;28653755555;29153755555;10240;10228
5379;28882734000;28654033333;29154033333;10240;10228
5380;28882760000;28654033333;29154033333;10240;10228
5381;28882769000;28654033333;29154033333;10240;10228
5382;28882810000;28695400000;29195400000;10240;10228
5383;28882833000;28695400000;29195400000;10240;10228
5384;28882857000;28695400000;29195400000;10240;10228
5385;28882866000;28695400000;29195400000;10240;10228
5386;28882873000;28695400000;29195400000;10240;10228
5387;28882886000;28695400000;29195400000;10240;10228
5388;28882901000;28695400000;29195400000;10240;10228
5389;28882921000;28695411111;29195411111;10240;10228
5390;28882930000;28695688888;29195688888;10240;10228
5391;28882968000;28695688888;29195688888;10240;10228
5392;28882998000;28695688888;29195688888;10240;10228
5393;28883020000;28737055555;29237055555;10240;10228
5394;28883095000;28737055555;29237055555;10240;10228
5395;28883116000;28737055555;29237055555;10240;10228
5396;28883135000;28737055555;29237055555;10240;10228
5397;28883197000;28737055555;29237055555;10240;10228
5398;28883217000;28737055555;29237055555;10240;10228
5333;28883239000;28487066666;28987066666;10240;10228
5399;28883264000;28737055555;29237055555;10240;10228
5400;28883381000;28737077777;29237077777;10240;10228
5401;28883402000;28737388888;29237388888;10240;10228
5402;28883439000;28737388888;29237388888;10240;10228
5403;28883466000;28737388888;29237388888;10240;10228
5404;28883487000;28778722222;29278722222;10240;10228
5405;28883529000;28778722222;29278722222;10240;10228
5406;28883555000;28778722222;29278722222;10240;10228
5407;28883609000;28778722222;29278722222;10240;10228
5408;28883646000;28778722222;29278722222;10240;10228
5345;28883678000;28528744444;29028744444;10240;10228
5347;28883753000;28529033333;29029033333;10240;10228
5348;28883796000;28529033333;29029033333;10240;10228
5409;28883839000;28778722222;29278722222;10240;10228
5410;28883875000;28778722222;29278722222;10240;10228
5411;28883901000;28778744444;29278744444;10240;10228
5359;28884108000;28570733333;29070733333;10240;10228
5302;28884233000;28362388888;28862388888;10240;10228
5303;28884258000;28362388888;28862388888;10240;10228
5364;28884277000;28612055555;29112055555;10240;10228
5305;28884302000;28403722222;28903722222;10240;10228
5306;28884338000;28403722222;28903722222;10240;10228
5307;28884400000;28403722222;28903722222;10240;10228
5308;28884622000;28403722222;28903722222;10240;10228
5309;28884640000;28403722222;28903722222;10240;10228
5310;28884819000;28403722222;28903722222;10240;10228
5311;28884830000;28403722222;28903722222;10240;10228
5312;28885022000;28403733333;28903733333;10240;10228
5313;28885034000;28404044444;28904044444;10240;10228
5314;28885237000;28404044444;28904044444;10240;10228
5315;28885253000;28404044444;28904044444;10240;10228
5316;28885432000;28445388888;28945388888;10240;10228
5317;28885638000;28445388888;28945388888;10240;10228
5318;28885649000;28445388888;28945388888;10240;10228
5319;28885852000;28445388888;28945388888;10240;10228
5320;28885862000;28445388888;28945388888;10240;10228
5321;28886031000;28445388888;28945388888;10240;10228
5322;28886262000;28445388888;28945388888;10240;10228
5323;28886279000;28445411111;28945411111;10240;10228
5324;28886284000;28445722222;28945722222;10240;10228
5325;28886456000;28445722222;28945722222;10240;10228
5326;28886661000;28445722222;28945722222;10240;10228
5327;28886672000;28487066666;28987066666;10240;10228
5328;28886866000;28487066666;28987066666;10240;10228
5329;28886877000;28487066666;28987066666;10240;10228
5330;28887059000;28487066666;28987066666;10240;10228
5331;28887297000;28487066666;28987066666;10240;10228
5412;29042899000;28779033333;29279033333;10240;10228
5414;29042919000;28779033333;29279033333;10240;10228
5415;29042951000;28820400000;29320400000;10240;10228
5416;29042962000;28820400000;29320400000;10240;10228
5417;29042978000;28820400000;29320400000;10240;10228
5418;29042990000;28820400000;29320400000;10240;10228
5419;29043014000;28820400000;29320400000;10240;10228
5420;29043023000;28820400000;29320400000;10240;10228
5421;29043039000;28820400000;29320400000;10240;10228
5422;29043093000;28820422222;29320422222;10240;10228
5423;29043137000;28820711111;29320711111;10240;10228
5424;29043168000;28820711111;29320711111;10240;10228
5425;29043177000;28820711111;29320711111;10240;10228
5426;29043192000;28862066666;29362066666;10240;10228
5427;29043211000;28862066666;29362066666;10240;10228
5428;29043225000;28862066666;29362066666;10240;10228
5429;29043247000;28862066666;29362066666;10240;10228
5430;29043279000;28862066666;29362066666;10240;10228
5431;29043287000;28862066666;29362066666;10240;10228
5432;29043326000;28862066666;29362066666;10240;10228
5433;29043335000;28862077777;29362077777;10240;10228
5435;29043347000;28862388888;29362388888;10240;10228
5436;29043375000;28862388888;29362388888;10240;10228
5437;29043410000;28903722222;29403722222;10240;10228
5438;29043432000;28903722222;29403722222;10240;10228
5439;29043457000;28903722222;29403722222;10240;10228
5440;29043492000;28903722222;29403722222;10240;10228
5441;29043526000;28903722222;29403722222;10240;10228
5442;29043554000;28903722222;29403722222;10240;10228
5443;29043587000;28903722222;29403722222;10240;10228
5444;29043621000;28903744444;29403744444;10240;10228
5445;29043647000;28904044444;29404044444;10240;10228
5446;29043684000;28904044444;29404044444;10240;10228
5447;29043693000;28904044444;29404044444;10240;10228
5448;29043729000;28945388888;29445388888;10240;10228
5449;29043762000;28945388888;29445388888;10240;10228
5450;29043785000;28945388888;29445388888;10240;10228
5451;29043821000;28945388888;29445388888;10240;10228
5452;29043840000;28945388888;29445388888;10240;10228
5454;29043862000;28945388888;29445388888;10240;10228
5455;29043890000;28945411111;29445411111;10240;10228
5346;29044708000;28529033333;29029033333;10240;10228
5347;29044737000;28529033333;29029033333;10240;10228
5348;29044907000;28529033333;29029033333;10240;10228
5349;29045135000;28570388888;29070388888;10240;10228
5350;29045175000;28570388888;29070388888;10240;10228
5351;29045340000;28570388888;29070388888;10240;10228
5352;29045378000;28570388888;29070388888;10240;10228
5354;29045539000;28570388888;29070388888;10240;10228
5355;29045557000;28570388888;29070388888;10240;10228
5356;29045743000;28570411111;29070411111;10240;10228
5357;29045761000;28570733333;29070733333;10240;10228
5358;29045948000;28570733333;29070733333;10240;10228
5359;29046185000;28570733333;29070733333;10240;10228
5360;29046207000;28612055555;29112055555;10240;10228
5361;29046382000;28612055555;29112055555;10240;10228
5362;29046404000;28612055555;29112055555;10240;10228
5363;29046594000;28612055555;29112055555;10240;10228
5365;29046615000;28612055555;29112055555;10240;10228
5366;29046781000;28612055555;29112055555;10240;10228
5367;29046968000;28612077777;29112077777;10240;10228
5368;29046986000;28612377777;29112377777;10240;10228
5369;29047202000;28612377777;29112377777;10240;10228
5370;29047223000;28612377777;29112377777;10240;10228
5372;29047408000;28653733333;29153733333;10240;10228
5373;29047430000;28653733333;29153733333;10240;10228
5374;29047618000;28653733333;29153733333;10240;10228
5376;29047640000;28653733333;29153733333;10240;10228
5377;29047823000;28653733333;29153733333;10240;10228
5378;29047841000;28653755555;29153755555;10240;10228
5379;29047992000;28654033333;29154033333;10240;10228
5380;29048247000;28654033333;29154033333;10240;10228
5456;29203202000;28945722222;29445722222;10240;10228
5457;29203233000;28945722222;29445722222;10240;10228
5458;29203242000;28945722222;29445722222;10240;10228
5459;29203249000;28987066666;29487066666;10240;10228
5460;29203263000;28987066666;29487066666;10240;10228
5461;29203275000;28987066666;29487066666;10240;10228
5462;29203290000;28987066666;29487066666;10240;10228
5463;29203313000;28987066666;29487066666;10240;10228
5466;29203323000;28987088888;29487088888;10240;10228
5467;29203332000;28987400000;29487400000;10240;10228
5468;29203344000;28987400000;29487400000;10240;10228
5469;29203377000;28987400000;29487400000;10240;10228
5470;29203396000;29028733333;29528733333;10240;10228
5472;29203417000;29028733333;29528733333;10240;10228
5473;29203427000;29028733333;29528733333;10240;10228
5474;29203440000;29028733333;29528733333;10240;10228
5475;29203462000;29028733333;29528733333;10240;10228
5476;29203472000;29028733333;29528733333;10240;10228
5478;29203480000;29029022222;29529022222;10240;10228
5479;29203497000;29029022222;29529022222;10240;10228
5480;29203506000;29029022222;29529022222;10240;10228
5413;29203538000;28779033333;29279033333;10240;10228
5481;29203570000;29070388888;29570388888;10240;10228
5482;29203591000;29070388888;29570388888;10240;10228
5483;29203613000;29070388888;29570388888;10240;10228
5484;29203665000;29070388888;29570388888;10240;10228
5485;29203674000;29070388888;29570388888;10240;10228
5486;29203692000;29070388888;29570388888;10240;10228
5487;29203715000;29070388888;29570388888;10240;10228
5488;29203723000;29070411111;29570411111;10240;10228
5489;29203743000;29070700000;29570700000;10240;10228
5490;29203775000;29070700000;29570700000;10240;10228
5491;29203792000;29070700000;29570700000;10240;10228
5492;29203830000;29112055555;29612055555;10240;10228
5493;29203849000;29112055555;29612055555;10240;10228
5494;29203869000;29112055555;29612055555;10240;10228
5496;29203879000;29112055555;29612055555;10240;10228
5497;29203906000;29112055555;29612055555;10240;10228
5499;29203915000;29112077777;29612077777;10240;10228
5434;29203943000;28862388888;29362388888;10240;10228
5412;29206660000;28779033333;29279033333;10240;10228
5413;29206686000;28779033333;29279033333;10240;10228
5414;29206861000;28779033333;29279033333;10240;10228
5415;29207066000;28820400000;29320400000;10240;10228
5416;29207075000;28820400000;29320400000;10240;10228
5417;29207317000;28820400000;29320400000;10240;10228
5418;29207344000;28820400000;29320400000;10240;10228
5419;29207519000;28820400000;29320400000;10240;10228
5420;29207554000;28820400000;29320400000;10240;10228
5421;29207713000;28820400000;29320400000;10240;10228
5422;29207740000;28820422222;29320422222;10240;10228
5453;29363711000;28945388888;29445388888;10240;10228
5464;29363876000;28987066666;29487066666;10240;10228
5465;29363905000;28987066666;29487066666;10240;10228
5471;29363974000;29028733333;29528733333;10240;10228
5477;29364075000;29028744444;29528744444;10240;10228
5434;29365150000;28862388888;29362388888;10240;10228
5435;29365159000;28862388888;29362388888;10240;10228
5436;29365347000;28862388888;29362388888;10240;10228
5437;29365356000;28903722222;29403722222;10240;10228
5438;29365556000;28903722222;29403722222;10240;10228
5439;29365574000;28903722222;29403722222;10240;10228
5440;29365761000;28903722222;29403722222;10240;10228
5441;29365928000;28903722222;29403722222;10240;10228
5442;29365938000;28903722222;29403722222;10240;10228
5443;29366162000;28903722222;29403722222;10240;10228
5444;29366182000;28903744444;29403744444;10240;10228
5445;29366375000;28904044444;29404044444;10240;10228
5446;29366393000;28904044444;29404044444;10240;10228
5447;29366588000;28904044444;29404044444;10240;10228
5448;29366786000;28945388888;29445388888;10240;10228
5449;29366797000;28945388888;29445388888;10240;10228
5451;29366956000;28945388888;29445388888;10240;10228
5452;29366967000;28945388888;29445388888;10240;10228
5453;29367187000;28945388888;29445388888;10240;10228
5454;29367208000;28945388888;29445388888;10240;10228
5455;29367397000;28945411111;29445411111;10240;10228
5456;29367416000;28945722222;29445722222;10240;10228
5457;29367610000;28945722222;29445722222;10240;10228
5458;29367808000;28945722222;29445722222;10240;10228
5459;29367818000;28987066666;29487066666;10240;10228
5460;29367978000;28987066666;29487066666;10240;10228
5461;29367999000;28987066666;29487066666;10240;10228
5462;29368219000;28987066666;29487066666;10240;10228
5463;29368422000;28987066666;29487066666;10240;10228
5464;29368440000;28987066666;29487066666;10240;10228
5465;29368627000;28987066666;29487066666;10240;10228
5466;29368645000;28987088888;29487088888;10240;10228
5467;29368828000;28987400000;29487400000;10240;10228
5468;29368839000;28987400000;29487400000;10240;10228
5469;29368999000;28987400000;29487400000;10240;10228
5470;29369234000;29028733333;29528733333;10240;10228
5471;29369254000;29028733333;29528733333;10240;10228
5472;29369447000;29028733333;29528733333;10240;10228
5473;29369465000;29028733333;29528733333;10240;10228
5474;29369645000;29028733333;29528733333;10240;10228
5475;29369663000;29028733333;29528733333;10240;10228
5477;29369849000;29028744444;29528744444;10240;10228
5478;29369857000;29029022222;29529022222;10240;10228
5479;29370025000;29029022222;29529022222;10240;10228
5480;29370257000;29029022222;29529022222;10240;10228
5483;29370276000;29070388888;29570388888;10240;10228
5484;29370459000;29070388888;29570388888;10240;10228
5485;29370465000;29070388888;29570388888;10240;10228
5486;29370665000;29070388888;29570388888;10240;10228
5487;29370671000;29070388888;29570388888;10240;10228
5488;29370833000;29070411111;29570411111;10240;10228
5489;29371039000;29070700000;29570700000;10240;10228
5490;29371056000;29070700000;29570700000;10240;10228
5491;29371243000;29070700000;29570700000;10240;10228
5492;29371249000;29112055555;29612055555;10240;10228
5494;29371476000;29112055555;29612055555;10240;10228
5495;29371484000;29112055555;29612055555;10240;10228
5497;29371684000;29112055555;29612055555;10240;10228
5498;29371689000;29112055555;29612055555;10240;10228
5499;29371857000;29112077777;29612077777;10240;10228
5481;29531021000;29070388888;29570388888;10240;10228
5482;29531191000;29070388888;29570388888;10240;10228
5493;29532200000;29112055555;29612055555;10240;10228
5496;29532408000;29112055555;29612055555;10240;10228
