seqnum;now;rtptime;deadline;packet_len;payload_len
0;7814604000;7724711111;8224711111;10240;10228
3;7814759000;7755911111;8255911111;10240;10228
4;7814776000;7755911111;8255911111;10240;10228
7;7814781000;7755911111;8255911111;10240;10228
8;7814787000;7755911111;8255911111;10240;10228
1;7814800000;7724711111;8224711111;10240;10228
2;7814923000;7724711111;8224711111;10240;10228
5;7815134000;7755911111;8255911111;10240;10228
6;7815147000;7755911111;8255911111;10240;10228
9;7815328000;7755911111;8255911111;10240;10228
10;7815344000;7755933333;8255933333;10240;10228
11;7817718000;7756333333;8256333333;10240;10228
13;7817758000;7756333333;8256333333;10240;10228
15;7817773000;7797577777;8297577777;10240;10228
17;7817783000;7797577777;8297577777;10240;10228
19;7817799000;7797577777;8297577777;10240;10228
21;7817806000;7797622222;8297622222;10240;10228
12;7817908000;7756333333;8256333333;10240;10228
14;7818092000;7797577777;8297577777;10240;10228
16;7818318000;7797577777;8297577777;10240;10228
18;7818338000;7797577777;8297577777;10240;10228
20;7818534000;7797577777;8297577777;10240;10228
23;7859488000;7798011111;8298011111;10240;10228
25;7859539000;7839255555;8339255555;10240;10228
27;7859545000;7839255555;8339255555;10240;10228
29;7859553000;7839255555;8339255555;10240;10228
31;7859558000;7839255555;8339255555;10240;10228
22;7859584000;7798011111;8298011111;10240;10228
24;7859788000;7798011111;8298011111;10240;10228
26;7859989000;7839255555;8339255555;10240;10228
28;7859998000;7839255555;8339255555;10240;10228
30;7860204000;7839255555;8339255555;10240;10228
32;7860216000;7839300000;8339300000;10240;10228
33;7901101000;7839622222;8339622222;10240;10228
35;7901130000;7839622222;8339622222;10240;10228
37;7901140000;7880877777;8380877777;10240;10228
41;7901154000;7880877777;8380877777;10240;10228
43;7901160000;7880922222;8380922222;10240;10228
38;7901268000;7880877777;8380877777;10240;10228
40;7901471000;7880877777;8380877777;10240;10228
45;7942831000;7881288888;8381288888;10240;10228
47;7942870000;7922577777;8422577777;10240;10228
49;7942874000;7922577777;8422577777;10240;10228
51;7942880000;7922577777;8422577777;10240;10228
53;7942896000;7922577777;8422577777;10240;10228
44;7942963000;7881288888;8381288888;10240;10228
46;7943156000;7881288888;8381288888;10240;10228
48;7943353000;7922577777;8422577777;10240;10228
50;7943364000;7922577777;8422577777;10240;10228
36;7983234000;7880877777;8380877777;10240;10228
39;7983322000;7880877777;8380877777;10240;10228
34;7983530000;7839622222;8339622222;10240;10228
42;7983826000;7880877777;8380877777;10240;10228
55;7984449000;7922933333;8422933333;10240;10228
57;7984466000;7922933333;8422933333;10240;10228
59;7984476000;7964266666;8464266666;10240;10228
61;7984482000;7964266666;8464266666;10240;10228
63;7984487000;7964266666;8464266666;10240;10228
65;7984492000;7964311111;8464311111;10240;10228
58;7984663000;7964266666;8464266666;10240;10228
60;7984861000;7964266666;8464266666;10240;10228
62;7985091000;7964266666;8464266666;10240;10228
64;7985111000;7964266666;8464266666;10240;10228
52;8025360000;7922577777;8422577777;10240;10228
54;8025407000;7922622222;8422622222;10240;10228
56;8025420000;7922933333;8422933333;10240;10228
67;8026065000;7964600000;8464600000;10240;10228
69;8026101000;8005911111;8505911111;10240;10228
71;8026120000;8005911111;8505911111;10240;10228
73;8026127000;8005911111;8505911111;10240;10228
75;8026131000;8005911111;8505911111;10240;10228
66;8026283000;7964600000;8464600000;10240;10228
68;8026480000;7964600000;8464600000;10240;10228
70;8026678000;8005911111;8505911111;10240;10228
72;8026706000;8005911111;8505911111;10240;10228
74;8026880000;8005911111;8505911111;10240;10228
76;8026899000;8005955555;8505955555;10240;10228
79;8067823000;8006311111;8506311111;10240;10228
81;8067856000;8047577777;8547577777;10240;10228
83;8067861000;8047577777;8547577777;10240;10228
85;8067867000;8047577777;8547577777;10240;10228
78;8067999000;8006311111;8506311111;10240;10228
80;8068208000;8047577777;8547577777;10240;10228
82;8068230000;8047577777;8547577777;10240;10228
84;8068371000;8047577777;8547577777;10240;10228
86;8068570000;8047577777;8547577777;10240;10228
77;8108328000;8006311111;8506311111;10240;10228
89;8109441000;8047933333;8547933333;10240;10228
93;8109475000;8089222222;8589222222;10240;10228
95;8109483000;8089222222;8589222222;10240;10228
97;8109502000;8089222222;8589222222;10240;10228
88;8109636000;8047933333;8547933333;10240;10228
90;8109817000;8047933333;8547933333;10240;10228
92;8110018000;8089222222;8589222222;10240;10228
94;8110028000;8089222222;8589222222;10240;10228
96;8110224000;8089222222;8589222222;10240;10228
98;8110246000;8089266666;8589266666;10240;10228
87;8149723000;8047622222;8547622222;10240;10228
91;8150099000;8089222222;8589222222;10240;10228
99;8151067000;8089600000;8589600000;10240;10228
101;8151096000;8089600000;8589600000;10240;10228
103;8151104000;8130900000;8630900000;10240;10228
105;8151110000;8130900000;8630900000;10240;10228
109;8151131000;8130977777;8630977777;10240;10228
100;8151294000;8089600000;8589600000;10240;10228
102;8151493000;8130900000;8630900000;10240;10228
106;8151519000;8130900000;8630900000;10240;10228
108;8151705000;8130900000;8630900000;10240;10228
111;8192775000;8131400000;8631400000;10240;10228
113;8192817000;8172588888;8672588888;10240;10228
115;8192825000;8172588888;8672588888;10240;10228
117;8192829000;8172588888;8672588888;10240;10228
119;8192834000;8172588888;8672588888;10240;10228
110;8192964000;8131400000;8631400000;10240;10228
114;8193185000;8172588888;8672588888;10240;10228
116;8193216000;8172588888;8672588888;10240;10228
118;8193377000;8172588888;8672588888;10240;10228
120;8193402000;8172633333;8672633333;10240;10228
107;8233219000;8130900000;8630900000;10240;10228
104;8233418000;8130900000;8630900000;10240;10228
121;8234391000;8172944444;8672944444;10240;10228
123;8234403000;8172944444;8672944444;10240;10228
125;8234428000;8214233333;8714233333;10240;10228
127;8234434000;8214233333;8714233333;10240;10228
129;8234441000;8214233333;8714233333;10240;10228
131;8234446000;8214277777;8714277777;10240;10228
122;8234628000;8172944444;8672944444;10240;10228
130;8234843000;8214233333;8714233333;10240;10228
112;8274888000;8131400000;8631400000;10240;10228
133;8276112000;8214566666;8714566666;10240;10228
137;8276124000;8255911111;8755911111;10240;10228
139;8276129000;8255911111;8755911111;10240;10228
141;8276141000;8255911111;8755911111;10240;10228
132;8276256000;8214566666;8714566666;10240;10228
134;8276460000;8214566666;8714566666;10240;10228
138;8276656000;8255911111;8755911111;10240;10228
140;8276664000;8255911111;8755911111;10240;10228
142;8276859000;8255955555;8755955555;10240;10228
135;8316630000;8255911111;8755911111;10240;10228
124;8316734000;8214233333;8714233333;10240;10228
126;8316766000;8214233333;8714233333;10240;10228
128;8316782000;8214233333;8714233333;10240;10228
143;8317789000;8256255555;8756255555;10240;10228
145;8317806000;8256255555;8756255555;10240;10228
147;8317830000;8297577777;8797577777;10240;10228
149;8317836000;8297577777;8797577777;10240;10228
151;8317852000;8297577777;8797577777;10240;10228
153;8317859000;8297622222;8797622222;10240;10228
144;8317975000;8256255555;8756255555;10240;10228
146;8318181000;8297577777;8797577777;10240;10228
148;8318381000;8297577777;8797577777;10240;10228
150;8318401000;8297577777;8797577777;10240;10228
152;8318578000;8297577777;8797577777;10240;10228
136;8358445000;8255911111;8755911111;10240;10228
155;8359453000;8297955555;8797955555;10240;10228
157;8359476000;8339266666;8839266666;10240;10228
159;8359482000;8339266666;8839266666;10240;10228
161;8359487000;8339266666;8839266666;10240;10228
163;8359494000;8339266666;8839266666;10240;10228
154;8359643000;8297955555;8797955555;10240;10228
156;8359849000;8297955555;8797955555;10240;10228
158;8359885000;8339266666;8839266666;10240;10228
162;8360068000;8339266666;8839266666;10240;10228
164;8360088000;8339311111;8839311111;10240;10228
165;8401086000;8339611111;8839611111;10240;10228
167;8401102000;8339611111;8839611111;10240;10228
169;8401126000;8380911111;8880911111;10240;10228
171;8401133000;8380911111;8880911111;10240;10228
173;8401142000;8380911111;8880911111;10240;10228
175;8401187000;8380955555;8880955555;10240;10228
166;8401284000;8339611111;8839611111;10240;10228
168;8401494000;8380911111;8880911111;10240;10228
170;8401514000;8380911111;8880911111;10240;10228
172;8401700000;8380911111;8880911111;10240;10228
174;8401899000;8380911111;8880911111;10240;10228
160;8441961000;8339266666;8839266666;10240;10228
177;8442776000;8381300000;8881300000;10240;10228
179;8442800000;8422555555;8922555555;10240;10228
181;8442812000;8422555555;8922555555;10240;10228
183;8442816000;8422555555;8922555555;10240;10228
185;8442832000;8422555555;8922555555;10240;10228
176;8442934000;8381300000;8881300000;10240;10228
178;8443159000;8381300000;8881300000;10240;10228
180;8443340000;8422555555;8922555555;10240;10228
182;8443370000;8422555555;8922555555;10240;10228
184;8443540000;8422555555;8922555555;10240;10228
186;8443578000;8422600000;8922600000;10240;10228
187;8484399000;8422888888;8922888888;10240;10228
189;8484411000;8422888888;8922888888;10240;10228
191;8484428000;8464244444;8964244444;10240;10228
193;8484433000;8464244444;8964244444;10240;10228
195;8484445000;8464244444;8964244444;10240;10228
197;8484450000;8464288888;8964288888;10240;10228
188;8484624000;8422888888;8922888888;10240;10228
190;8484825000;8464244444;8964244444;10240;10228
192;8484863000;8464244444;8964244444;10240;10228
194;8485027000;8464244444;8964244444;10240;10228
196;8485225000;8464244444;8964244444;10240;10228
199;8526067000;8464566666;8964566666;10240;10228
201;8526082000;8505877777;9005877777;10240;10228
203;8526088000;8505877777;9005877777;10240;10228
205;8526106000;8505877777;9005877777;10240;10228
207;8526112000;8505877777;9005877777;10240;10228
198;8526258000;8464566666;8964566666;10240;10228
200;8526466000;8464566666;8964566666;10240;10228
202;8526482000;8505877777;9005877777;10240;10228
204;8526670000;8505877777;9005877777;10240;10228
206;8526845000;8505877777;9005877777;10240;10228
208;8526860000;8505922222;9005922222;10240;10228
209;8567771000;8506244444;9006244444;10240;10228
213;8567782000;8547544444;9047544444;10240;10228
215;8567799000;8547544444;9047544444;10240;10228
219;8567815000;8547588888;9047588888;10240;10228
210;8567925000;8506244444;9006244444;10240;10228
212;8568161000;8547544444;9047544444;10240;10228
214;8568340000;8547544444;9047544444;10240;10228
218;8568360000;8547544444;9047544444;10240;10228
211;8608276000;8506244444;9006244444;10240;10228
221;8609490000;8547911111;9047911111;10240;10228
223;8609520000;8589255555;9089255555;10240;10228
225;8609536000;8589255555;9089255555;10240;10228
227;8609543000;8589255555;9089255555;10240;10228
222;8609662000;8547911111;9047911111;10240;10228
224;8609871000;8589255555;9089255555;10240;10228
226;8609893000;8589255555;9089255555;10240;10228
228;8610100000;8589255555;9089255555;10240;10228
230;8610118000;8589300000;9089300000;10240;10228
217;8649763000;8547544444;9047544444;10240;10228
216;8650149000;8547544444;9047544444;10240;10228
220;8650364000;8547911111;9047911111;10240;10228
231;8651115000;8589600000;9089600000;10240;10228
233;8651133000;8589600000;9089600000;10240;10228
235;8651155000;8630911111;9130911111;10240;10228
237;8651169000;8630911111;9130911111;10240;10228
239;8651183000;8630911111;9130911111;10240;10228
241;8651187000;8630955555;9130955555;10240;10228
232;8651299000;8589600000;9089600000;10240;10228
234;8651512000;8630911111;9130911111;10240;10228
236;8651714000;8630911111;9130911111;10240;10228
238;8651733000;8630911111;9130911111;10240;10228
240;8651920000;8630911111;9130911111;10240;10228
229;8691425000;8589255555;9089255555;10240;10228
243;8692767000;8631288888;9131288888;10240;10228
245;8692796000;8672577777;9172577777;10240;10228
247;8692805000;8672577777;9172577777;10240;10228
251;8692824000;8672577777;9172577777;10240;10228
242;8692948000;8631288888;9131288888;10240;10228
244;8693160000;8631288888;9131288888;10240;10228
246;8693184000;8672577777;9172577777;10240;10228
248;8693371000;8672577777;9172577777;10240;10228
250;8693551000;8672577777;9172577777;10240;10228
252;8693572000;8672622222;9172622222;10240;10228
253;8734390000;8672933333;9172933333;10240;10228
255;8734411000;8672933333;9172933333;10240;10228
257;8734440000;8714244444;9214244444;10240;10228
259;8734462000;8714244444;9214244444;10240;10228
261;8734480000;8714244444;9214244444;10240;10228
263;8734487000;8714288888;9214288888;10240;10228
254;8734625000;8672933333;9172933333;10240;10228
256;8734817000;8714244444;9214244444;10240;10228
258;8735013000;8714244444;9214244444;10240;10228
249;8774633000;8672577777;9172577777;10240;10228
265;8776059000;8714588888;9214588888;10240;10228
267;8776088000;8755888888;9255888888;10240;10228
269;8776100000;8755888888;9255888888;10240;10228
271;8776117000;8755888888;9255888888;10240;10228
273;8776123000;8755888888;9255888888;10240;10228
264;8776261000;8714588888;9214588888;10240;10228
266;8776472000;8714588888;9214588888;10240;10228
268;8776492000;8755888888;9255888888;10240;10228
270;8776679000;8755888888;9255888888;10240;10228
272;8776874000;8755888888;9255888888;10240;10228
274;8776883000;8755933333;9255933333;10240;10228
260;8816686000;8714244444;9214244444;10240;10228
262;8816716000;8714244444;9214244444;10240;10228
275;8817722000;8756211111;9256211111;10240;10228
277;8817739000;8756211111;9256211111;10240;10228
279;8817764000;8797544444;9297544444;10240;10228
281;8817773000;8797544444;9297544444;10240;10228
283;8817790000;8797544444;9297544444;10240;10228
285;8817796000;8797588888;9297588888;10240;10228
276;8817937000;8756211111;9256211111;10240;10228
278;8818143000;8797544444;9297544444;10240;10228
280;8818163000;8797544444;9297544444;10240;10228
282;8818346000;8797544444;9297544444;10240;10228
287;8859425000;8797900000;9297900000;10240;10228
289;8859458000;8839233333;9339233333;10240;10228
291;8859474000;8839233333;9339233333;10240;10228
293;8859491000;8839233333;9339233333;10240;10228
295;8859495000;8839233333;9339233333;10240;10228
286;8859604000;8797900000;9297900000;10240;10228
288;8859808000;8797900000;9297900000;10240;10228
290;8859829000;8839233333;9339233333;10240;10228
292;8860010000;8839233333;9339233333;10240;10228
294;8860224000;8839233333;9339233333;10240;10228
296;8860235000;8839277777;9339277777;10240;10228
284;8900231000;8797544444;9297544444;10240;10228
297;8901024000;8839533333;9339533333;10240;10228
299;8901034000;8839533333;9339533333;10240;10228
303;8901075000;8880877777;9380877777;10240;10228
305;8901103000;8880877777;9380877777;10240;10228
307;8901127000;8880922222;9380922222;10240;10228
298;8901277000;8839533333;9339533333;10240;10228
300;8901487000;8880877777;9380877777;10240;10228
302;8901514000;8880877777;9380877777;10240;10228
304;8901694000;8880877777;9380877777;10240;10228
306;8901888000;8880877777;9380877777;10240;10228
309;8942812000;8881233333;9381233333;10240;10228
311;8942836000;8922577777;9422577777;10240;10228
313;8942846000;8922577777;9422577777;10240;10228
315;8942852000;8922577777;9422577777;10240;10228
308;8942947000;8881233333;9381233333;10240;10228
310;8943163000;8881233333;9381233333;10240;10228
312;8943173000;8922577777;9422577777;10240;10228
316;8943372000;8922577777;9422577777;10240;10228
318;8943392000;8922622222;9422622222;10240;10228
301;8983250000;8880877777;9380877777;10240;10228
319;8984364000;8922944444;9422944444;10240;10228
321;8984376000;8922944444;9422944444;10240;10228
323;8984399000;8964222222;9464222222;10240;10228
325;8984431000;8964222222;9464222222;10240;10228
327;8984442000;8964222222;9464222222;10240;10228
329;8984450000;8964277777;9464277777;10240;10228
320;8984623000;8922944444;9422944444;10240;10228
322;8984827000;8964222222;9464222222;10240;10228
324;8984849000;8964222222;9464222222;10240;10228
317;9024638000;8922577777;9422577777;10240;10228
314;9025041000;8922577777;9422577777;10240;10228
331;9026031000;8964566666;9464566666;10240;10228
335;9026079000;9005888888;9505888888;10240;10228
337;9026090000;9005888888;9505888888;10240;10228
339;9026108000;9005888888;9505888888;10240;10228
330;9026227000;8964566666;9464566666;10240;10228
332;9026473000;8964566666;9464566666;10240;10228
334;9026494000;9005888888;9505888888;10240;10228
336;9026680000;9005888888;9505888888;10240;10228
338;9026875000;9005888888;9505888888;10240;10228
340;9026885000;9005933333;9505933333;10240;10228
333;9066531000;9005888888;9505888888;10240;10228
326;9067117000;8964222222;9464222222;10240;10228
328;9067305000;8964222222;9464222222;10240;10228
341;9067716000;9006244444;9506244444;10240;10228
343;9067727000;9006244444;9506244444;10240;10228
345;9067746000;9047577777;9547577777;10240;10228
347;9067777000;9047577777;9547577777;10240;10228
351;9067789000;9047622222;9547622222;10240;10228
342;9067967000;9006244444;9506244444;10240;10228
344;9068195000;9047577777;9547577777;10240;10228
346;9068219000;9047577777;9547577777;10240;10228
348;9068389000;9047577777;9547577777;10240;10228
353;9109390000;9047922222;9547922222;10240;10228
355;9109413000;9089244444;9589244444;10240;10228
357;9109432000;9089244444;9589244444;10240;10228
361;9109441000;9089244444;9589244444;10240;10228
352;9109620000;9047922222;9547922222;10240;10228
354;9109823000;9047922222;9547922222;10240;10228
356;9109844000;9089244444;9589244444;10240;10228
358;9110027000;9089244444;9589244444;10240;10228
360;9110244000;9089244444;9589244444;10240;10228
362;9110263000;9089288888;9589288888;10240;10228
349;9149899000;9047577777;9547577777;10240;10228
350;9150084000;9047577777;9547577777;10240;10228
363;9151038000;9089555555;9589555555;10240;10228
365;9151070000;9089555555;9589555555;10240;10228
367;9151090000;9130877777;9630877777;10240;10228
369;9151098000;9130877777;9630877777;10240;10228
364;9151278000;9089555555;9589555555;10240;10228
366;9151486000;9130877777;9630877777;10240;10228
368;9151497000;9130877777;9630877777;10240;10228
372;9151692000;9130877777;9630877777;10240;10228
375;9192716000;9131255555;9631255555;10240;10228
377;9192732000;9172577777;9672577777;10240;10228
379;9192741000;9172577777;9672577777;10240;10228
381;9192760000;9172577777;9672577777;10240;10228
383;9192768000;9172577777;9672577777;10240;10228
374;9192945000;9131255555;9631255555;10240;10228
376;9193147000;9131255555;9631255555;10240;10228
378;9193155000;9172577777;9672577777;10240;10228
380;9193356000;9172577777;9672577777;10240;10228
382;9193555000;9172577777;9672577777;10240;10228
384;9193560000;9172622222;9672622222;10240;10228
371;9232969000;9130877777;9630877777;10240;10228
373;9232984000;9130922222;9630922222;10240;10228
370;9233376000;9130877777;9630877777;10240;10228
385;9234369000;9172911111;9672911111;10240;10228
389;9234383000;9214233333;9714233333;10240;10228
393;9234412000;9214233333;9714233333;10240;10228
395;9234423000;9214277777;9714277777;10240;10228
386;9234632000;9172911111;9672911111;10240;10228
388;9234836000;9214233333;9714233333;10240;10228
390;9234860000;9214233333;9714233333;10240;10228
392;9235038000;9214233333;9714233333;10240;10228
394;9235250000;9214233333;9714233333;10240;10228
397;9276076000;9214566666;9714566666;10240;10228
399;9276107000;9255877777;9755877777;10240;10228
401;9276125000;9255877777;9755877777;10240;10228
403;9276142000;9255877777;9755877777;10240;10228
405;9276148000;9255877777;9755877777;10240;10228
396;9276256000;9214566666;9714566666;10240;10228
402;9276462000;9255877777;9755877777;10240;10228
406;9276482000;9255922222;9755922222;10240;10228
387;9316410000;9172911111;9672911111;10240;10228
391;9316439000;9214233333;9714233333;10240;10228
407;9317778000;9256211111;9756211111;10240;10228
409;9317792000;9256211111;9756211111;10240;10228
411;9317818000;9297577777;9797577777;10240;10228
413;9317828000;9297577777;9797577777;10240;10228
417;9317834000;9297622222;9797622222;10240;10228
408;9317968000;9256211111;9756211111;10240;10228
410;9318187000;9297577777;9797577777;10240;10228
412;9318199000;9297577777;9797577777;10240;10228
414;9318391000;9297577777;9797577777;10240;10228
416;9318597000;9297577777;9797577777;10240;10228
398;9358225000;9214566666;9714566666;10240;10228
400;9358256000;9255877777;9755877777;10240;10228
404;9358643000;9255877777;9755877777;10240;10228
421;9359456000;9339277777;9839277777;10240;10228
423;9359470000;9339277777;9839277777;10240;10228
425;9359479000;9339277777;9839277777;10240;10228
427;9359487000;9339277777;9839277777;10240;10228
418;9359657000;9297933333;9797933333;10240;10228
420;9359860000;9297933333;9797933333;10240;10228
422;9359871000;9339277777;9839277777;10240;10228
424;9360030000;9339277777;9839277777;10240;10228
426;9360276000;9339277777;9839277777;10240;10228
428;9360297000;9339355555;9839355555;10240;10228
415;9399986000;9297577777;9797577777;10240;10228
429;9401146000;9339666666;9839666666;10240;10228
431;9401165000;9339666666;9839666666;10240;10228
433;9401194000;9380911111;9880911111;10240;10228
435;9401203000;9380911111;9880911111;10240;10228
437;9401210000;9380911111;9880911111;10240;10228
439;9401214000;9380955555;9880955555;10240;10228
430;9401277000;9339666666;9839666666;10240;10228
432;9401520000;9380911111;9880911111;10240;10228
434;9401689000;9380911111;9880911111;10240;10228
436;9401701000;9380911111;9880911111;10240;10228
438;9401903000;9380911111;9880911111;10240;10228
441;9442869000;9381288888;9881288888;10240;10228
443;9442909000;9422577777;9922577777;10240;10228
445;9442926000;9422577777;9922577777;10240;10228
447;9442930000;9422577777;9922577777;10240;10228
449;9442936000;9422577777;9922577777;10240;10228
440;9442940000;9381288888;9881288888;10240;10228
442;9443186000;9381288888;9881288888;10240;10228
444;9443331000;9422577777;9922577777;10240;10228
446;9443352000;9422577777;9922577777;10240;10228
448;9443586000;9422577777;9922577777;10240;10228
450;9443607000;9422622222;9922622222;10240;10228
451;9484433000;9422911111;9922911111;10240;10228
453;9484457000;9422911111;9922911111;10240;10228
455;9484473000;9464211111;9964211111;10240;10228
457;9484478000;9464211111;9964211111;10240;10228
459;9484485000;9464211111;9964211111;10240;10228
461;9484489000;9464255555;9964255555;10240;10228
452;9484590000;9422911111;9922911111;10240;10228
454;9484802000;9464211111;9964211111;10240;10228
456;9485009000;9464211111;9964211111;10240;10228
458;9485021000;9464211111;9964211111;10240;10228
460;9485222000;9464211111;9964211111;10240;10228
463;9526148000;9464522222;9964522222;10240;10228
465;9526185000;9505877777;10005877777;10240;10228
467;9526190000;9505877777;10005877777;10240;10228
469;9526195000;9505877777;10005877777;10240;10228
471;9526199000;9505877777;10005877777;10240;10228
462;9526300000;9464522222;9964522222;10240;10228
470;9526456000;9505877777;10005877777;10240;10228
473;9567810000;9506222222;10006222222;10240;10228
477;9567868000;9547577777;10047577777;10240;10228
479;9567879000;9547577777;10047577777;10240;10228
481;9567884000;9547577777;10047577777;10240;10228
483;9567888000;9547644444;10047644444;10240;10228
476;9568029000;9547577777;10047577777;10240;10228
478;9568207000;9547577777;10047577777;10240;10228
480;9568217000;9547577777;10047577777;10240;10228
482;9568438000;9547577777;10047577777;10240;10228
475;9608189000;9506222222;10006222222;10240;10228
464;9608504000;9464522222;9964522222;10240;10228
466;9608524000;9505877777;10005877777;10240;10228
468;9608732000;9505877777;10005877777;10240;10228
472;9608928000;9505922222;10005922222;10240;10228
474;9608963000;9506222222;10006222222;10240;10228
485;9609471000;9547955555;10047955555;10240;10228
487;9609486000;9589233333;10089233333;10240;10228
489;9609492000;9589233333;10089233333;10240;10228
491;9609497000;9589233333;10089233333;10240;10228
493;9609502000;9589233333;10089233333;10240;10228
484;9609611000;9547955555;10047955555;10240;10228
486;9609855000;9547955555;10047955555;10240;10228
488;9609882000;9589233333;10089233333;10240;10228
490;9610067000;9589233333;10089233333;10240;10228
492;9610264000;9589233333;10089233333;10240;10228
494;9610293000;9589277777;10089277777;10240;10228
495;9651064000;9589566666;10089566666;10240;10228
497;9651076000;9589566666;10089566666;10240;10228
499;9651094000;9630911111;10130911111;10240;10228
501;9651099000;9630911111;10130911111;10240;10228
505;9651109000;9630955555;10130955555;10240;10228
496;9651313000;9589566666;10089566666;10240;10228
498;9651528000;9630911111;10130911111;10240;10228
500;9651565000;9630911111;10130911111;10240;10228
502;9651665000;9630911111;10130911111;10240;10228
504;9651905000;9630911111;10130911111;10240;10228
507;9692759000;9631277777;10131277777;10240;10228
509;9692791000;9672544444;10172544444;10240;10228
511;9692818000;9672544444;10172544444;10240;10228
513;9692823000;9672544444;10172544444;10240;10228
515;9692836000;9672544444;10172544444;10240;10228
506;9692954000;9631277777;10131277777;10240;10228
508;9693196000;9631277777;10131277777;10240;10228
510;9693216000;9672544444;10172544444;10240;10228
512;9693364000;9672544444;10172544444;10240;10228
514;9693564000;9672544444;10172544444;10240;10228
516;9693583000;9672588888;10172588888;10240;10228
503;9733016000;9630911111;10130911111;10240;10228
519;9734472000;9672900000;10172900000;10240;10228
521;9734496000;9714255555;10214255555;10240;10228
523;9734502000;9714255555;10214255555;10240;10228
525;9734507000;9714255555;10214255555;10240;10228
527;9734524000;9714300000;10214300000;10240;10228
518;9734676000;9672900000;10172900000;10240;10228
520;9734877000;9714255555;10214255555;10240;10228
522;9734897000;9714255555;10214255555;10240;10228
524;9735092000;9714255555;10214255555;10240;10228
526;9735294000;9714255555;10214255555;10240;10228
517;9774808000;9672900000;10172900000;10240;10228
529;9776121000;9714588888;10214588888;10240;10228
531;9776145000;9755933333;10255933333;10240;10228
535;9776156000;9755933333;10255933333;10240;10228
537;9776174000;9755933333;10255933333;10240;10228
528;9776304000;9714588888;10214588888;10240;10228
530;9776498000;9714588888;10214588888;10240;10228
532;9776707000;9755933333;10255933333;10240;10228
534;9776745000;9755933333;10255933333;10240;10228
536;9776882000;9755933333;10255933333;10240;10228
538;9776893000;9755977777;10255977777;10240;10228
539;9817779000;9756277777;10256277777;10240;10228
541;9817790000;9756277777;10256277777;10240;10228
543;9817813000;9797577777;10297577777;10240;10228
545;9817818000;9797577777;10297577777;10240;10228
547;9817827000;9797577777;10297577777;10240;10228
549;9817832000;9797622222;10297622222;10240;10228
540;9817919000;9756277777;10256277777;10240;10228
542;9818154000;9797577777;10297577777;10240;10228
544;9818166000;9797577777;10297577777;10240;10228
533;9858269000;9755933333;10255933333;10240;10228
551;9859418000;9797944444;10297944444;10240;10228
553;9859432000;9839222222;10339222222;10240;10228
555;9859438000;9839222222;10339222222;10240;10228
557;9859447000;9839222222;10339222222;10240;10228
559;9859453000;9839222222;10339222222;10240;10228
550;9859567000;9797944444;10297944444;10240;10228
552;9859764000;9797944444;10297944444;10240;10228
560;9859775000;9839266666;10339266666;10240;10228
548;9900030000;9797577777;10297577777;10240;10228
546;9900221000;9797577777;10297577777;10240;10228
561;9901035000;9839544444;10339544444;10240;10228
569;9901066000;9880877777;10380877777;10240;10228
571;9901071000;9880922222;10380922222;10240;10228
562;9901221000;9839544444;10339544444;10240;10228
564;9901423000;9880877777;10380877777;10240;10228
566;9901621000;9880877777;10380877777;10240;10228
568;9901631000;9880877777;10380877777;10240;10228
570;9901824000;9880877777;10380877777;10240;10228
554;9941937000;9839222222;10339222222;10240;10228
556;9941960000;9839222222;10339222222;10240;10228
558;9941966000;9839222222;10339222222;10240;10228
573;9942795000;9881255555;10381255555;10240;10228
575;9942825000;9922577777;10422577777;10240;10228
577;9942833000;9922577777;10422577777;10240;10228
579;9942855000;9922577777;10422577777;10240;10228
581;9942858000;9922577777;10422577777;10240;10228
572;9942963000;9881255555;10381255555;10240;10228
574;9943157000;9881255555;10381255555;10240;10228
576;9943372000;9922577777;10422577777;10240;10228
578;9943383000;9922577777;10422577777;10240;10228
580;9943569000;9922577777;10422577777;10240;10228
582;9943589000;9922622222;10422622222;10240;10228
563;9983085000;9839544444;10339544444;10240;10228
567;9983115000;9880877777;10380877777;10240;10228
565;9983288000;9880877777;10380877777;10240;10228
583;9984451000;9922933333;10422933333;10240;10228
585;9984461000;9922933333;10422933333;10240;10228
587;9984478000;9964244444;10464244444;10240;10228
589;9984491000;9964244444;10464244444;10240;10228
591;9984496000;9964244444;10464244444;10240;10228
593;9984509000;9964288888;10464288888;10240;10228
584;9984615000;9922933333;10422933333;10240;10228
586;9984814000;9964244444;10464244444;10240;10228
590;9984851000;9964244444;10464244444;10240;10228
592;9985019000;9964244444;10464244444;10240;10228
597;10026085000;10005911111;10505911111;10240;10228
599;10026098000;10005911111;10505911111;10240;10228
601;10026103000;10005911111;10505911111;10240;10228
603;10026107000;10005911111;10505911111;10240;10228
594;10026286000;9964577777;10464577777;10240;10228
596;10026502000;9964577777;10464577777;10240;10228
598;10026512000;10005911111;10505911111;10240;10228
600;10026702000;10005911111;10505911111;10240;10228
602;10026898000;10005911111;10505911111;10240;10228
604;10026920000;10005955555;10505955555;10240;10228
595;10066469000;9964577777;10464577777;10240;10228
588;10066956000;9964244444;10464244444;10240;10228
605;10067762000;10006277777;10506277777;10240;10228
607;10067772000;10006277777;10506277777;10240;10228
609;10067794000;10047544444;10547544444;10240;10228
611;10067807000;10047544444;10547544444;10240;10228
613;10067812000;10047544444;10547544444;10240;10228
615;10067825000;10047588888;10547588888;10240;10228
606;10067945000;10006277777;10506277777;10240;10228
608;10068152000;10047544444;10547544444;10240;10228
610;10068180000;10047544444;10547544444;10240;10228
612;10068320000;10047544444;10547544444;10240;10228
614;10068566000;10047544444;10547544444;10240;10228
617;10109419000;10047900000;10547900000;10240;10228
619;10109442000;10089244444;10589244444;10240;10228
621;10109448000;10089244444;10589244444;10240;10228
623;10109453000;10089244444;10589244444;10240;10228
625;10109457000;10089244444;10589244444;10240;10228
616;10109618000;10047900000;10547900000;10240;10228
618;10109824000;10047900000;10547900000;10240;10228
620;10109861000;10089244444;10589244444;10240;10228
622;10110027000;10089244444;10589244444;10240;10228
626;10110075000;10089288888;10589288888;10240;10228
627;10151122000;10089566666;10589566666;10240;10228
629;10151133000;10089566666;10589566666;10240;10228
631;10151157000;10130911111;10630911111;10240;10228
633;10151164000;10130911111;10630911111;10240;10228
635;10151183000;10130911111;10630911111;10240;10228
637;10151188000;10130955555;10630955555;10240;10228
628;10151293000;10089566666;10589566666;10240;10228
632;10151504000;10130911111;10630911111;10240;10228
634;10151524000;10130911111;10630911111;10240;10228
636;10151706000;10130911111;10630911111;10240;10228
630;10191945000;10130911111;10630911111;10240;10228
624;10192014000;10089244444;10589244444;10240;10228
639;10192806000;10131266666;10631266666;10240;10228
641;10192830000;10172600000;10672600000;10240;10228
643;10192843000;10172600000;10672600000;10240;10228
645;10192848000;10172600000;10672600000;10240;10228
647;10192862000;10172600000;10672600000;10240;10228
638;10192967000;10131266666;10631266666;10240;10228
640;10193174000;10131266666;10631266666;10240;10228
642;10193192000;10172600000;10672600000;10240;10228
644;10193384000;10172600000;10672600000;10240;10228
646;10193542000;10172600000;10672600000;10240;10228
648;10193568000;10172644444;10672644444;10240;10228
649;10234409000;10172955555;10672955555;10240;10228
651;10234418000;10172955555;10672955555;10240;10228
653;10234424000;10214244444;10714244444;10240;10228
655;10234447000;10214244444;10714244444;10240;10228
657;10234453000;10214244444;10714244444;10240;10228
659;10234457000;10214288888;10714288888;10240;10228
650;10234587000;10172955555;10672955555;10240;10228
652;10234829000;10214244444;10714244444;10240;10228
654;10234867000;10214244444;10714244444;10240;10228
656;10235028000;10214244444;10714244444;10240;10228
658;10235242000;10214244444;10714244444;10240;10228
661;10276035000;10214588888;10714588888;10240;10228
663;10276077000;10255877777;10755877777;10240;10228
665;10276083000;10255877777;10755877777;10240;10228
667;10276104000;10255877777;10755877777;10240;10228
669;10276109000;10255877777;10755877777;10240;10228
660;10276256000;10214588888;10714588888;10240;10228
662;10276464000;10214588888;10714588888;10240;10228
664;10276493000;10255877777;10755877777;10240;10228
666;10276667000;10255877777;10755877777;10240;10228
671;10317788000;10256233333;10756233333;10240;10228
673;10317818000;10256233333;10756233333;10240;10228
675;10317825000;10297577777;10797577777;10240;10228
677;10317834000;10297577777;10797577777;10240;10228
679;10317848000;10297577777;10797577777;10240;10228
681;10317852000;10297622222;10797622222;10240;10228
672;10317956000;10256233333;10756233333;10240;10228
674;10318157000;10297577777;10797577777;10240;10228
678;10318179000;10297577777;10797577777;10240;10228
680;10318368000;10297577777;10797577777;10240;10228
670;10358450000;10255922222;10755922222;10240;10228
668;10358666000;10255877777;10755877777;10240;10228
683;10359461000;10297944444;10797944444;10240;10228
685;10359472000;10339244444;10839244444;10240;10228
687;10359477000;10339244444;10839244444;10240;10228
689;10359481000;10339244444;10839244444;10240;10228
691;10359486000;10339244444;10839244444;10240;10228
682;10359621000;10297944444;10797944444;10240;10228
684;10359828000;10297944444;10797944444;10240;10228
686;10359837000;10339244444;10839244444;10240;10228
690;10360029000;10339244444;10839244444;10240;10228
692;10360039000;10339288888;10839288888;10240;10228
676;10399897000;10297577777;10797577777;10240;10228
693;10401090000;10339588888;10839588888;10240;10228
697;10401101000;10380933333;10880933333;10240;10228
699;10401107000;10380933333;10880933333;10240;10228
701;10401112000;10380933333;10880933333;10240;10228
703;10401117000;10380977777;10880977777;10240;10228
694;10401317000;10339588888;10839588888;10240;10228
696;10401530000;10380933333;10880933333;10240;10228
698;10401539000;10380933333;10880933333;10240;10228
700;10401734000;10380933333;10880933333;10240;10228
702;10401928000;10380933333;10880933333;10240;10228
695;10441428000;10339588888;10839588888;10240;10228
688;10441806000;10339244444;10839244444;10240;10228
705;10442760000;10381322222;10881322222;10240;10228
707;10442783000;10422577777;10922577777;10240;10228
709;10442796000;10422577777;10922577777;10240;10228
711;10442802000;10422577777;10922577777;10240;10228
713;10442815000;10422577777;10922577777;10240;10228
704;10442957000;10381322222;10881322222;10240;10228
706;10443156000;10381322222;10881322222;10240;10228
708;10443337000;10422577777;10922577777;10240;10228
712;10443366000;10422577777;10922577777;10240;10228
714;10443577000;10422622222;10922622222;10240;10228
715;10484471000;10422911111;10922911111;10240;10228
717;10484513000;10422911111;10922911111;10240;10228
719;10484547000;10464244444;10964244444;10240;10228
723;10484565000;10464244444;10964244444;10240;10228
725;10484570000;10464288888;10964288888;10240;10228
716;10484646000;10422911111;10922911111;10240;10228
718;10484899000;10464244444;10964244444;10240;10228
720;10484910000;10464244444;10964244444;10240;10228
722;10485004000;10464244444;10964244444;10240;10228
724;10485250000;10464244444;10964244444;10240;10228
710;10525154000;10422577777;10922577777;10240;10228
727;10526078000;10464566666;10964566666;10240;10228
729;10526122000;10505877777;11005877777;10240;10228
731;10526130000;10505877777;11005877777;10240;10228
733;10526137000;10505877777;11005877777;10240;10228
735;10526141000;10505877777;11005877777;10240;10228
726;10526257000;10464566666;10964566666;10240;10228
728;10526468000;10464566666;10964566666;10240;10228
730;10526487000;10505877777;11005877777;10240;10228
732;10526661000;10505877777;11005877777;10240;10228
734;10526837000;10505877777;11005877777;10240;10228
736;10526858000;10505922222;11005922222;10240;10228
721;10566596000;10464244444;10964244444;10240;10228
737;10567723000;10506233333;11006233333;10240;10228
739;10567732000;10506233333;11006233333;10240;10228
741;10567750000;10547555555;11047555555;10240;10228
743;10567755000;10547555555;11047555555;10240;10228
745;10567766000;10547555555;11047555555;10240;10228
747;10567770000;10547600000;11047600000;10240;10228
738;10567957000;10506233333;11006233333;10240;10228
740;10568181000;10547555555;11047555555;10240;10228
742;10568219000;10547555555;11047555555;10240;10228
744;10568417000;10547555555;11047555555;10240;10228
749;10609398000;10547944444;11047944444;10240;10228
755;10609423000;10589222222;11089222222;10240;10228
757;10609439000;10589222222;11089222222;10240;10228
748;10609580000;10547944444;11047944444;10240;10228
750;10609777000;10547944444;11047944444;10240;10228
752;10610009000;10589222222;11089222222;10240;10228
754;10610019000;10589222222;11089222222;10240;10228
756;10610237000;10589222222;11089222222;10240;10228
758;10610256000;10589277777;11089277777;10240;10228
746;10650501000;10547555555;11047555555;10240;10228
763;10651159000;10630911111;11130911111;10240;10228
765;10651170000;10630911111;11130911111;10240;10228
767;10651175000;10630911111;11130911111;10240;10228
769;10651188000;10630955555;11130955555;10240;10228
766;10651404000;10630911111;11130911111;10240;10228
768;10651585000;10630911111;11130911111;10240;10228
753;10691476000;10589222222;11089222222;10240;10228
759;10691488000;10589577777;11089577777;10240;10228
761;10691493000;10589577777;11089577777;10240;10228
751;10691659000;10589222222;11089222222;10240;10228
771;10692785000;10631277777;11131277777;10240;10228
773;10692815000;10672577777;11172577777;10240;10228
775;10692831000;10672577777;11172577777;10240;10228
777;10692837000;10672577777;11172577777;10240;10228
779;10692856000;10672577777;11172577777;10240;10228
770;10693016000;10631277777;11131277777;10240;10228
772;10693242000;10631277777;11131277777;10240;10228
774;10693263000;10672577777;11172577777;10240;10228
776;10693384000;10672577777;11172577777;10240;10228
778;10693624000;10672577777;11172577777;10240;10228
780;10693634000;10672622222;11172622222;10240;10228
760;10733202000;10589577777;11089577777;10240;10228
762;10733229000;10630911111;11130911111;10240;10228
764;10733251000;10630911111;11130911111;10240;10228
781;10734429000;10672944444;11172944444;10240;10228
783;10734440000;10672944444;11172944444;10240;10228
785;10734458000;10714255555;11214255555;10240;10228
787;10734468000;10714255555;11214255555;10240;10228
789;10734489000;10714255555;11214255555;10240;10228
791;10734494000;10714300000;11214300000;10240;10228
782;10734708000;10672944444;11172944444;10240;10228
784;10734913000;10714255555;11214255555;10240;10228
786;10734941000;10714255555;11214255555;10240;10228
788;10735056000;10714255555;11214255555;10240;10228
790;10735329000;10714255555;11214255555;10240;10228
793;10776061000;10714600000;11214600000;10240;10228
795;10776086000;10755877777;11255877777;10240;10228
797;10776094000;10755877777;11255877777;10240;10228
799;10776100000;10755877777;11255877777;10240;10228
794;10776283000;10714600000;11214600000;10240;10228
796;10776484000;10755877777;11255877777;10240;10228
798;10776661000;10755877777;11255877777;10240;10228
800;10776681000;10755877777;11255877777;10240;10228
802;10776862000;10755922222;11255922222;10240;10228
792;10817194000;10714600000;11214600000;10240;10228
803;10817756000;10756233333;11256233333;10240;10228
805;10817766000;10756233333;11256233333;10240;10228
807;10817789000;10797577777;11297577777;10240;10228
809;10817793000;10797577777;11297577777;10240;10228
813;10817808000;10797644444;11297644444;10240;10228
804;10817973000;10756233333;11256233333;10240;10228
806;10818184000;10797577777;11297577777;10240;10228
808;10818205000;10797577777;11297577777;10240;10228
810;10818387000;10797577777;11297577777;10240;10228
812;10818595000;10797577777;11297577777;10240;10228
801;10858125000;10755877777;11255877777;10240;10228
815;10859470000;10797966666;11297966666;10240;10228
817;10859496000;10839233333;11339233333;10240;10228
819;10859502000;10839233333;11339233333;10240;10228
821;10859506000;10839233333;11339233333;10240;10228
823;10859521000;10839233333;11339233333;10240;10228
814;10859617000;10797966666;11297966666;10240;10228
816;10859821000;10797966666;11297966666;10240;10228
818;10859841000;10839233333;11339233333;10240;10228
820;10860023000;10839233333;11339233333;10240;10228
822;10860241000;10839233333;11339233333;10240;10228
824;10860271000;10839288888;11339288888;10240;10228
811;10899995000;10797577777;11297577777;10240;10228
825;10901107000;10839577777;11339577777;10240;10228
827;10901120000;10839577777;11339577777;10240;10228
831;10901128000;10880877777;11380877777;10240;10228
833;10901133000;10880877777;11380877777;10240;10228
835;10901137000;10880922222;11380922222;10240;10228
826;10901279000;10839577777;11339577777;10240;10228
829;10941662000;10880877777;11380877777;10240;10228
837;10942767000;10881266666;11381266666;10240;10228
839;10942794000;10922577777;11422577777;10240;10228
841;10942799000;10922577777;11422577777;10240;10228
843;10942805000;10922577777;11422577777;10240;10228
845;10942819000;10922577777;11422577777;10240;10228
836;10942957000;10881266666;11381266666;10240;10228
838;10943166000;10881266666;11381266666;10240;10228
840;10943178000;10922577777;11422577777;10240;10228
842;10943372000;10922577777;11422577777;10240;10228
844;10943580000;10922577777;11422577777;10240;10228
846;10943590000;10922622222;11422622222;10240;10228
828;10983426000;10880877777;11380877777;10240;10228
830;10983663000;10880877777;11380877777;10240;10228
834;10983878000;10880877777;11380877777;10240;10228
849;10984399000;10922944444;11422944444;10240;10228
851;10984411000;10964222222;11464222222;10240;10228
855;10984419000;10964222222;11464222222;10240;10228
857;10984423000;10964266666;11464266666;10240;10228
848;10984608000;10922944444;11422944444;10240;10228
850;10984812000;10964222222;11464222222;10240;10228
854;10984824000;10964222222;11464222222;10240;10228
856;10985014000;10964222222;11464222222;10240;10228
847;11025078000;10922944444;11422944444;10240;10228
859;11026123000;10964566666;11464566666;10240;10228
863;11026135000;11005922222;11505922222;10240;10228
865;11026140000;11005922222;11505922222;10240;10228
867;11026144000;11005922222;11505922222;10240;10228
858;11026287000;10964566666;11464566666;10240;10228
860;11026500000;10964566666;11464566666;10240;10228
862;11026522000;11005922222;11505922222;10240;10228
864;11026701000;11005922222;11505922222;10240;10228
866;11026897000;11005922222;11505922222;10240;10228
853;11066391000;10964222222;11464222222;10240;10228
861;11066403000;11005922222;11505922222;10240;10228
852;11066777000;10964222222;11464222222;10240;10228
869;11067794000;11006300000;11506300000;10240;10228
871;11067806000;11006300000;11506300000;10240;10228
873;11067811000;11047577777;11547577777;10240;10228
875;11067817000;11047577777;11547577777;10240;10228
877;11067822000;11047577777;11547577777;10240;10228
879;11067826000;11047622222;11547622222;10240;10228
874;11067986000;11047577777;11547577777;10240;10228
876;11068198000;11047577777;11547577777;10240;10228
878;11068208000;11047577777;11547577777;10240;10228
885;11109413000;11089244444;11589244444;10240;10228
887;11109424000;11089244444;11589244444;10240;10228
889;11109429000;11089244444;11589244444;10240;10228
880;11109619000;11047933333;11547933333;10240;10228
882;11109823000;11047933333;11547933333;10240;10228
884;11109843000;11089244444;11589244444;10240;10228
886;11110025000;11089244444;11589244444;10240;10228
888;11110238000;11089244444;11589244444;10240;10228
890;11110249000;11089288888;11589288888;10240;10228
881;11149793000;11047933333;11547933333;10240;10228
883;11149802000;11089244444;11589244444;10240;10228
870;11150153000;11006300000;11506300000;10240;10228
872;11150172000;11047577777;11547577777;10240;10228
868;11150298000;11005977777;11505977777;10240;10228
891;11151078000;11089588888;11589588888;10240;10228
893;11151105000;11089588888;11589588888;10240;10228
895;11151116000;11130877777;11630877777;10240;10228
897;11151126000;11130877777;11630877777;10240;10228
899;11151130000;11130877777;11630877777;10240;10228
901;11151143000;11130922222;11630922222;10240;10228
892;11151275000;11089588888;11589588888;10240;10228
894;11151485000;11130877777;11630877777;10240;10228
896;11151513000;11130877777;11630877777;10240;10228
898;11151691000;11130877777;11630877777;10240;10228
900;11151887000;11130877777;11630877777;10240;10228
903;11192714000;11131255555;11631255555;10240;10228
905;11192736000;11172577777;11672577777;10240;10228
907;11192742000;11172577777;11672577777;10240;10228
909;11192764000;11172577777;11672577777;10240;10228
911;11192769000;11172577777;11672577777;10240;10228
902;11192944000;11131255555;11631255555;10240;10228
904;11193164000;11131255555;11631255555;10240;10228
906;11193190000;11172577777;11672577777;10240;10228
908;11193366000;11172577777;11672577777;10240;10228
910;11193565000;11172577777;11672577777;10240;10228
912;11193593000;11172622222;11672622222;10240;10228
913;11234441000;11172933333;11672933333;10240;10228
915;11234453000;11172933333;11672933333;10240;10228
921;11234466000;11214222222;11714222222;10240;10228
923;11234474000;11214266666;11714266666;10240;10228
916;11234600000;11214222222;11714222222;10240;10228
918;11234805000;11214222222;11714222222;10240;10228
920;11234824000;11214222222;11714222222;10240;10228
922;11235008000;11214222222;11714222222;10240;10228
925;11276093000;11214566666;11714566666;10240;10228
927;11276105000;11255877777;11755877777;10240;10228
929;11276110000;11255877777;11755877777;10240;10228
931;11276114000;11255877777;11755877777;10240;10228
933;11276119000;11255877777;11755877777;10240;10228
924;11276256000;11214566666;11714566666;10240;10228
926;11276468000;11214566666;11714566666;10240;10228
928;11276478000;11255877777;11755877777;10240;10228
930;11276666000;11255877777;11755877777;10240;10228
932;11276879000;11255877777;11755877777;10240;10228
934;11276891000;11255922222;11755922222;10240;10228
917;11316391000;11214222222;11714222222;10240;10228
914;11316755000;11172933333;11672933333;10240;10228
935;11317714000;11256233333;11756233333;10240;10228
937;11317726000;11256233333;11756233333;10240;10228
939;11317731000;11297544444;11797544444;10240;10228
941;11317736000;11297544444;11797544444;10240;10228
943;11317741000;11297544444;11797544444;10240;10228
945;11317748000;11297588888;11797588888;10240;10228
936;11317945000;11256233333;11756233333;10240;10228
938;11318155000;11297544444;11797544444;10240;10228
940;11318167000;11297544444;11797544444;10240;10228
942;11318357000;11297544444;11797544444;10240;10228
944;11318565000;11297544444;11797544444;10240;10228
947;11359459000;11297922222;11797922222;10240;10228
949;11359471000;11339244444;11839244444;10240;10228
946;11359619000;11297922222;11797922222;10240;10228
948;11359825000;11297922222;11797922222;10240;10228
950;11359845000;11339244444;11839244444;10240;10228
952;11360028000;11339244444;11839244444;10240;10228
954;11360245000;11339244444;11839244444;10240;10228
956;11360264000;11339288888;11839288888;10240;10228
959;11401058000;11339611111;11839611111;10240;10228
961;11401069000;11380877777;11880877777;10240;10228
963;11401075000;11380877777;11880877777;10240;10228
965;11401084000;11380877777;11880877777;10240;10228
967;11401093000;11380922222;11880922222;10240;10228
958;11401266000;11339611111;11839611111;10240;10228
960;11401477000;11380877777;11880877777;10240;10228
962;11401488000;11380877777;11880877777;10240;10228
964;11401674000;11380877777;11880877777;10240;10228
966;11401877000;11380877777;11880877777;10240;10228
953;11441458000;11339244444;11839244444;10240;10228
951;11441620000;11339244444;11839244444;10240;10228
955;11441829000;11339244444;11839244444;10240;10228
957;11442029000;11339611111;11839611111;10240;10228
969;11442754000;11381288888;11881288888;10240;10228
971;11442774000;11422544444;11922544444;10240;10228
973;11442780000;11422544444;11922544444;10240;10228
975;11442785000;11422544444;11922544444;10240;10228
977;11442788000;11422544444;11922544444;10240;10228
968;11442922000;11381288888;11881288888;10240;10228
970;11443145000;11381288888;11881288888;10240;10228
972;11443337000;11422544444;11922544444;10240;10228
974;11443365000;11422544444;11922544444;10240;10228
976;11443527000;11422544444;11922544444;10240;10228
978;11443547000;11422588888;11922588888;10240;10228
979;11484415000;11422900000;11922900000;10240;10228
981;11484422000;11422900000;11922900000;10240;10228
983;11484443000;11464244444;11964244444;10240;10228
985;11484450000;11464244444;11964244444;10240;10228
989;11484462000;11464288888;11964288888;10240;10228
980;11484620000;11422900000;11922900000;10240;10228
982;11484798000;11464244444;11964244444;10240;10228
984;11485027000;11464244444;11964244444;10240;10228
986;11485073000;11464244444;11964244444;10240;10228
988;11485239000;11464244444;11964244444;10240;10228
991;11526065000;11464577777;11964577777;10240;10228
993;11526097000;11505911111;12005911111;10240;10228
995;11526104000;11505911111;12005911111;10240;10228
997;11526118000;11505911111;12005911111;10240;10228
999;11526129000;11505911111;12005911111;10240;10228
990;11526284000;11464577777;11964577777;10240;10228
992;11526497000;11464577777;11964577777;10240;10228
994;11526506000;11505911111;12005911111;10240;10228
996;11526706000;11505911111;12005911111;10240;10228
998;11526895000;11505911111;12005911111;10240;10228
987;11566399000;11464244444;11964244444;10240;10228
1001;11567714000;11506266666;12006266666;10240;10228
1003;11567729000;11506266666;12006266666;10240;10228
1005;11567738000;11547544444;12047544444;10240;10228
1007;11567743000;11547544444;12047544444;10240;10228
1011;11567748000;11547588888;12047588888;10240;10228
1002;11567943000;11506266666;12006266666;10240;10228
1004;11568155000;11547544444;12047544444;10240;10228
1006;11568165000;11547544444;12047544444;10240;10228
1008;11568359000;11547544444;12047544444;10240;10228
1010;11568564000;11547544444;12047544444;10240;10228
1000;11608584000;11505955555;12005955555;10240;10228
1013;11609441000;11547922222;12047922222;10240;10228
1017;11609452000;11589222222;12089222222;10240;10228
1019;11609457000;11589222222;12089222222;10240;10228
1016;11609629000;11589222222;12089222222;10240;10228
1020;11609832000;11589222222;12089222222;10240;10228
1022;11609852000;11589266666;12089266666;10240;10228
1009;11649978000;11547544444;12047544444;10240;10228
1012;11650138000;11547922222;12047922222;10240;10228
1014;11650166000;11547922222;12047922222;10240;10228
1023;11651138000;11589577777;12089577777;10240;10228
1025;11651150000;11589577777;12089577777;10240;10228
1027;11651154000;11630911111;12130911111;10240;10228
1029;11651159000;11630911111;12130911111;10240;10228
1031;11651167000;11630911111;12130911111;10240;10228
1033;11651171000;11630955555;12130955555;10240;10228
1024;11651306000;11589577777;12089577777;10240;10228
1026;11651519000;11630911111;12130911111;10240;10228
1028;11651531000;11630911111;12130911111;10240;10228
1030;11651718000;11630911111;12130911111;10240;10228
1032;11651925000;11630911111;12130911111;10240;10228
1015;11691442000;11589222222;12089222222;10240;10228
1021;11691470000;11589222222;12089222222;10240;10228
1018;11691543000;11589222222;12089222222;10240;10228
1035;11692772000;11631288888;12131288888;10240;10228
1037;11692784000;11672577777;12172577777;10240;10228
1039;11692789000;11672577777;12172577777;10240;10228
1041;11692794000;11672577777;12172577777;10240;10228
1043;11692798000;11672577777;12172577777;10240;10228
1036;11692981000;11631288888;12131288888;10240;10228
1038;11693191000;11672577777;12172577777;10240;10228
1040;11693203000;11672577777;12172577777;10240;10228
1042;11693396000;11672577777;12172577777;10240;10228
1044;11693418000;11672622222;12172622222;10240;10228
1034;11733897000;11631288888;12131288888;10240;10228
1045;11734419000;11672944444;12172944444;10240;10228
1047;11734429000;11672944444;12172944444;10240;10228
1049;11734438000;11714244444;12214244444;10240;10228
1053;11734443000;11714244444;12214244444;10240;10228
1055;11734447000;11714288888;12214288888;10240;10228
1046;11734641000;11672944444;12172944444;10240;10228
1048;11734846000;11714244444;12214244444;10240;10228
1050;11734882000;11714244444;12214244444;10240;10228
1052;11735069000;11714244444;12214244444;10240;10228
1054;11735266000;11714244444;12214244444;10240;10228
1057;11776052000;11714577777;12214577777;10240;10228
1059;11776097000;11755888888;12255888888;10240;10228
1061;11776103000;11755888888;12255888888;10240;10228
1063;11776108000;11755888888;12255888888;10240;10228
1056;11776259000;11714577777;12214577777;10240;10228
1058;11776472000;11714577777;12214577777;10240;10228
1060;11776481000;11755888888;12255888888;10240;10228
1062;11776669000;11755888888;12255888888;10240;10228
1064;11776862000;11755888888;12255888888;10240;10228
1066;11776868000;11755933333;12255933333;10240;10228
1051;11816551000;11714244444;12214244444;10240;10228
1067;11817717000;11756233333;12256233333;10240;10228
1069;11817729000;11756233333;12256233333;10240;10228
1071;11817749000;11797544444;12297544444;10240;10228
1073;11817755000;11797544444;12297544444;10240;10228
1075;11817759000;11797544444;12297544444;10240;10228
1077;11817764000;11797588888;12297588888;10240;10228
1068;11817943000;11756233333;12256233333;10240;10228
1070;11818180000;11797544444;12297544444;10240;10228
1072;11818201000;11797544444;12297544444;10240;10228
1074;11818358000;11797544444;12297544444;10240;10228
1076;11818564000;11797544444;12297544444;10240;10228
1065;11858079000;11755888888;12255888888;10240;10228
1079;11859454000;11797900000;12297900000;10240;10228
1081;11859468000;11839266666;12339266666;10240;10228
1083;11859473000;11839266666;12339266666;10240;10228
1085;11859478000;11839266666;12339266666;10240;10228
1087;11859483000;11839266666;12339266666;10240;10228
1078;11859649000;11797900000;12297900000;10240;10228
1080;11859858000;11797900000;12297900000;10240;10228
1082;11859892000;11839266666;12339266666;10240;10228
1084;11860072000;11839266666;12339266666;10240;10228
1088;11860096000;11839311111;12339311111;10240;10228
1089;11901094000;11839588888;12339588888;10240;10228
1091;11901106000;11839588888;12339588888;10240;10228
1093;11901118000;11880911111;12380911111;10240;10228
1095;11901127000;11880911111;12380911111;10240;10228
1097;11901133000;11880911111;12380911111;10240;10228
1099;11901137000;11880955555;12380955555;10240;10228
1090;11901276000;11839588888;12339588888;10240;10228
1092;11901494000;11880911111;12380911111;10240;10228
1094;11901504000;11880911111;12380911111;10240;10228
1096;11901707000;11880911111;12380911111;10240;10228
1098;11901889000;11880911111;12380911111;10240;10228
1086;11941799000;11839266666;12339266666;10240;10228
1101;11942785000;11881266666;12381266666;10240;10228
1103;11942798000;11922544444;12422544444;10240;10228
1105;11942803000;11922544444;12422544444;10240;10228
1107;11942807000;11922544444;12422544444;10240;10228
1109;11942812000;11922544444;12422544444;10240;10228
1106;11942964000;11922544444;12422544444;10240;10228
1108;11943170000;11922544444;12422544444;10240;10228
1110;11943180000;11922588888;12422588888;10240;10228
1111;11984454000;11922900000;12422900000;10240;10228
1113;11984464000;11922900000;12422900000;10240;10228
1117;11984469000;11964244444;12464244444;10240;10228
1119;11984473000;11964244444;12464244444;10240;10228
1121;11984478000;11964288888;12464288888;10240;10228
1112;11984619000;11922900000;12422900000;10240;10228
1114;11984825000;11964244444;12464244444;10240;10228
1116;11984846000;11964244444;12464244444;10240;10228
1118;11985027000;11964244444;12464244444;10240;10228
1120;11985242000;11964244444;12464244444;10240;10228
1115;12025113000;11964244444;12464244444;10240;10228
1100;12025323000;11881266666;12381266666;10240;10228
1102;12025521000;11881266666;12381266666;10240;10228
1104;12025548000;11922544444;12422544444;10240;10228
1123;12026108000;11964577777;12464577777;10240;10228
1125;12026122000;12005877777;12505877777;10240;10228
1127;12026127000;12005877777;12505877777;10240;10228
1129;12026132000;12005877777;12505877777;10240;10228
1131;12026136000;12005877777;12505877777;10240;10228
1122;12026261000;11964577777;12464577777;10240;10228
1124;12026473000;11964577777;12464577777;10240;10228
1126;12026499000;12005877777;12505877777;10240;10228
1128;12026675000;12005877777;12505877777;10240;10228
1130;12026879000;12005877777;12505877777;10240;10228
1132;12026905000;12005922222;12505922222;10240;10228
1133;12067742000;12006233333;12506233333;10240;10228
1135;12067754000;12006233333;12506233333;10240;10228
1137;12067761000;12047577777;12547577777;10240;10228
1139;12067774000;12047577777;12547577777;10240;10228
1141;12067787000;12047577777;12547577777;10240;10228
1143;12067791000;12047622222;12547622222;10240;10228
1134;12067968000;12006233333;12506233333;10240;10228
1136;12068150000;12047577777;12547577777;10240;10228
1140;12068369000;12047577777;12547577777;10240;10228
1142;12068380000;12047577777;12547577777;10240;10228
1145;12109426000;12047922222;12547922222;10240;10228
1147;12109452000;12089211111;12589211111;10240;10228
1149;12109459000;12089211111;12589211111;10240;10228
1151;12109464000;12089211111;12589211111;10240;10228
1153;12109469000;12089211111;12589211111;10240;10228
1144;12109586000;12047922222;12547922222;10240;10228
1146;12109821000;12047922222;12547922222;10240;10228
1148;12109839000;12089211111;12589211111;10240;10228
1150;12110001000;12089211111;12589211111;10240;10228
1152;12110210000;12089211111;12589211111;10240;10228
1154;12110220000;12089255555;12589255555;10240;10228
1138;12149934000;12047577777;12547577777;10240;10228
1155;12151105000;12089533333;12589533333;10240;10228
1157;12151118000;12089533333;12589533333;10240;10228
1159;12151139000;12130877777;12630877777;10240;10228
1161;12151150000;12130877777;12630877777;10240;10228
1163;12151155000;12130877777;12630877777;10240;10228
1165;12151160000;12130922222;12630922222;10240;10228
1156;12151279000;12089533333;12589533333;10240;10228
1158;12151488000;12130877777;12630877777;10240;10228
1160;12151513000;12130877777;12630877777;10240;10228
1167;12192735000;12131222222;12631222222;10240;10228
1169;12192763000;12172577777;12672577777;10240;10228
1171;12192768000;12172577777;12672577777;10240;10228
1173;12192773000;12172577777;12672577777;10240;10228
1175;12192791000;12172577777;12672577777;10240;10228
1166;12192955000;12131222222;12631222222;10240;10228
1168;12193192000;12131222222;12631222222;10240;10228
1170;12193204000;12172577777;12672577777;10240;10228
1172;12193368000;12172577777;12672577777;10240;10228
1174;12193569000;12172577777;12672577777;10240;10228
1176;12193588000;12172622222;12672622222;10240;10228
1164;12233500000;12130877777;12630877777;10240;10228
1162;12233703000;12130877777;12630877777;10240;10228
1177;12234384000;12172911111;12672911111;10240;10228
1179;12234396000;12172911111;12672911111;10240;10228
1181;12234408000;12214222222;12714222222;10240;10228
1183;12234414000;12214222222;12714222222;10240;10228
1185;12234418000;12214222222;12714222222;10240;10228
1187;12234422000;12214266666;12714266666;10240;10228
1178;12234598000;12172911111;12672911111;10240;10228
1180;12234804000;12214222222;12714222222;10240;10228
1182;12234838000;12214222222;12714222222;10240;10228
1184;12235007000;12214222222;12714222222;10240;10228
1186;12235220000;12214222222;12714222222;10240;10228
1189;12276091000;12214555555;12714555555;10240;10228
1191;12276104000;12255911111;12755911111;10240;10228
1193;12276109000;12255911111;12755911111;10240;10228
1197;12276113000;12255911111;12755911111;10240;10228
1192;12276295000;12255911111;12755911111;10240;10228
1194;12276498000;12255911111;12755911111;10240;10228
1198;12276509000;12255955555;12755955555;10240;10228
1188;12316873000;12214555555;12714555555;10240;10228
1190;12316898000;12214555555;12714555555;10240;10228
1199;12317786000;12256244444;12756244444;10240;10228
1201;12317796000;12256244444;12756244444;10240;10228
1203;12317819000;12297577777;12797577777;10240;10228
1205;12317826000;12297577777;12797577777;10240;10228
1207;12317831000;12297577777;12797577777;10240;10228
1209;12317835000;12297622222;12797622222;10240;10228
1204;12317988000;12297577777;12797577777;10240;10228
1206;12318197000;12297577777;12797577777;10240;10228
1208;12318208000;12297577777;12797577777;10240;10228
1195;12358167000;12255911111;12755911111;10240;10228
1196;12358510000;12255911111;12755911111;10240;10228
1211;12359485000;12297944444;12797944444;10240;10228
1213;12359497000;12339233333;12839233333;10240;10228
1215;12359509000;12339233333;12839233333;10240;10228
1217;12359514000;12339233333;12839233333;10240;10228
1219;12359518000;12339233333;12839233333;10240;10228
1212;12359637000;12297944444;12797944444;10240;10228
1214;12359845000;12339233333;12839233333;10240;10228
1216;12359873000;12339233333;12839233333;10240;10228
1218;12360061000;12339233333;12839233333;10240;10228
1220;12360083000;12339277777;12839277777;10240;10228
1200;12400128000;12256244444;12756244444;10240;10228
1202;12400371000;12297577777;12797577777;10240;10228
1210;12400398000;12297944444;12797944444;10240;10228
1221;12401154000;12339577777;12839577777;10240;10228
1223;12401163000;12339577777;12839577777;10240;10228
1225;12401172000;12380911111;12880911111;10240;10228
1227;12401177000;12380911111;12880911111;10240;10228
1229;12401182000;12380911111;12880911111;10240;10228
1231;12401185000;12380955555;12880955555;10240;10228
1224;12401309000;12380911111;12880911111;10240;10228
1226;12401512000;12380911111;12880911111;10240;10228
1228;12401532000;12380911111;12880911111;10240;10228
1230;12401727000;12380911111;12880911111;10240;10228
1222;12441868000;12339577777;12839577777;10240;10228
1233;12442782000;12381300000;12881300000;10240;10228
1235;12442795000;12422544444;12922544444;10240;10228
1237;12442801000;12422544444;12922544444;10240;10228
1239;12442805000;12422544444;12922544444;10240;10228
1241;12442809000;12422544444;12922544444;10240;10228
1232;12442928000;12381300000;12881300000;10240;10228
1234;12443144000;12381300000;12881300000;10240;10228
1236;12443342000;12422544444;12922544444;10240;10228
1238;12443370000;12422544444;12922544444;10240;10228
1240;12443539000;12422544444;12922544444;10240;10228
1242;12443574000;12422588888;12922588888;10240;10228
1243;12484384000;12422877777;12922877777;10240;10228
1245;12484395000;12422877777;12922877777;10240;10228
1247;12484404000;12464211111;12964211111;10240;10228
1251;12484409000;12464211111;12964211111;10240;10228
1253;12484413000;12464255555;12964255555;10240;10228
1244;12484590000;12422877777;12922877777;10240;10228
1246;12484796000;12464211111;12964211111;10240;10228
1248;12484831000;12464211111;12964211111;10240;10228
1250;12484989000;12464211111;12964211111;10240;10228
1252;12485199000;12464211111;12964211111;10240;10228
1255;12526094000;12464533333;12964533333;10240;10228
1257;12526120000;12505888888;13005888888;10240;10228
1259;12526134000;12505888888;13005888888;10240;10228
1261;12526148000;12505888888;13005888888;10240;10228
1263;12526152000;12505888888;13005888888;10240;10228
1254;12526258000;12464533333;12964533333;10240;10228
1256;12526467000;12464533333;12964533333;10240;10228
1258;12526479000;12505888888;13005888888;10240;10228
1260;12526666000;12505888888;13005888888;10240;10228
1262;12526870000;12505888888;13005888888;10240;10228
1264;12526880000;12505933333;13005933333;10240;10228
1249;12566605000;12464211111;12964211111;10240;10228
1265;12567717000;12506222222;13006222222;10240;10228
1267;12567740000;12506222222;13006222222;10240;10228
1269;12567753000;12547555555;13047555555;10240;10228
1271;12567768000;12547555555;13047555555;10240;10228
1273;12567772000;12547555555;13047555555;10240;10228
1275;12567777000;12547600000;13047600000;10240;10228
1266;12567947000;12506222222;13006222222;10240;10228
1272;12568180000;12547555555;13047555555;10240;10228
1274;12568192000;12547555555;13047555555;10240;10228
1277;12609385000;12547933333;13047933333;10240;10228
1279;12609413000;12589211111;13089211111;10240;10228
1281;12609419000;12589211111;13089211111;10240;10228
1283;12609435000;12589211111;13089211111;10240;10228
1285;12609440000;12589211111;13089211111;10240;10228
1276;12609593000;12547933333;13047933333;10240;10228
1278;12609796000;12547933333;13047933333;10240;10228
1280;12609816000;12589211111;13089211111;10240;10228
1282;12609996000;12589211111;13089211111;10240;10228
1284;12610214000;12589211111;13089211111;10240;10228
1286;12610225000;12589255555;13089255555;10240;10228
1268;12650079000;12547555555;13047555555;10240;10228
1270;12650284000;12547555555;13047555555;10240;10228
1289;12651127000;12589544444;13089544444;10240;10228
1291;12651142000;12630877777;13130877777;10240;10228
1293;12651146000;12630877777;13130877777;10240;10228
1295;12651152000;12630877777;13130877777;10240;10228
1297;12651156000;12630922222;13130922222;10240;10228
1292;12651292000;12630877777;13130877777;10240;10228
1294;12651502000;12630877777;13130877777;10240;10228
1296;12651513000;12630877777;13130877777;10240;10228
1287;12691525000;12589544444;13089544444;10240;10228
1288;12692061000;12589544444;13089544444;10240;10228
1290;12692266000;12630877777;13130877777;10240;10228
1299;12692804000;12631244444;13131244444;10240;10228
1301;12692818000;12672577777;13172577777;10240;10228
1303;12692826000;12672577777;13172577777;10240;10228
1305;12692831000;12672577777;13172577777;10240;10228
1307;12692835000;12672577777;13172577777;10240;10228
1298;12692956000;12631244444;13131244444;10240;10228
1300;12693164000;12631244444;13131244444;10240;10228
1302;12693191000;12672577777;13172577777;10240;10228
1304;12693374000;12672577777;13172577777;10240;10228
1308;12693400000;12672622222;13172622222;10240;10228
1309;12734412000;12672933333;13172933333;10240;10228
1311;12734423000;12672933333;13172933333;10240;10228
1313;12734446000;12714244444;13214244444;10240;10228
1315;12734451000;12714244444;13214244444;10240;10228
1317;12734456000;12714244444;13214244444;10240;10228
1310;12734619000;12672933333;13172933333;10240;10228
1312;12734825000;12714244444;13214244444;10240;10228
1314;12734844000;12714244444;13214244444;10240;10228
1316;12735027000;12714244444;13214244444;10240;10228
1318;12735239000;12714244444;13214244444;10240;10228
1306;12775320000;12672577777;13172577777;10240;10228
1321;12776142000;12714577777;13214577777;10240;10228
1325;12776167000;12755877777;13255877777;10240;10228
1327;12776172000;12755877777;13255877777;10240;10228
1329;12776177000;12755877777;13255877777;10240;10228
1320;12776278000;12714577777;13214577777;10240;10228
1322;12776470000;12714577777;13214577777;10240;10228
1324;12776482000;12755877777;13255877777;10240;10228
1326;12776669000;12755877777;13255877777;10240;10228
1328;12776873000;12755877777;13255877777;10240;10228
1330;12776883000;12755922222;13255922222;10240;10228
1319;12816680000;12714288888;13214288888;10240;10228
1331;12817744000;12756222222;13256222222;10240;10228
1333;12817755000;12756222222;13256222222;10240;10228
1339;12817776000;12797577777;13297577777;10240;10228
1341;12817781000;12797622222;13297622222;10240;10228
1332;12817974000;12756222222;13256222222;10240;10228
1334;12818186000;12797577777;13297577777;10240;10228
1336;12818198000;12797577777;13297577777;10240;10228
1338;12818388000;12797577777;13297577777;10240;10228
1340;12818596000;12797577777;13297577777;10240;10228
1323;12858281000;12755877777;13255877777;10240;10228
1343;12859483000;12797933333;13297933333;10240;10228
1345;12859494000;12839255555;13339255555;10240;10228
1347;12859500000;12839255555;13339255555;10240;10228
1349;12859504000;12839255555;13339255555;10240;10228
1351;12859511000;12839255555;13339255555;10240;10228
1344;12859664000;12797933333;13297933333;10240;10228
1346;12859868000;12839255555;13339255555;10240;10228
1348;12859880000;12839255555;13339255555;10240;10228
1350;12860036000;12839255555;13339255555;10240;10228
1352;12860283000;12839300000;13339300000;10240;10228
1335;12899788000;12797577777;13297577777;10240;10228
1337;12899801000;12797577777;13297577777;10240;10228
1342;12900401000;12797933333;13297933333;10240;10228
1353;12901063000;12839577777;13339577777;10240;10228
1355;12901072000;12839577777;13339577777;10240;10228
1357;12901081000;12880911111;13380911111;10240;10228
1359;12901086000;12880911111;13380911111;10240;10228
1363;12901106000;12880955555;13380955555;10240;10228
1354;12901305000;12839577777;13339577777;10240;10228
1356;12901516000;12880911111;13380911111;10240;10228
1358;12901543000;12880911111;13380911111;10240;10228
1365;12942747000;12881300000;13381300000;10240;10228
1367;12942777000;12922577777;13422577777;10240;10228
1369;12942782000;12922577777;13422577777;10240;10228
1371;12942788000;12922577777;13422577777;10240;10228
1373;12942801000;12922577777;13422577777;10240;10228
1364;12942955000;12881300000;13381300000;10240;10228
1366;12943191000;12881300000;13381300000;10240;10228
1368;12943215000;12922577777;13422577777;10240;10228
1370;12943362000;12922577777;13422577777;10240;10228
1372;12943556000;12922577777;13422577777;10240;10228
1374;12943567000;12922622222;13422622222;10240;10228
1361;12983114000;12880911111;13380911111;10240;10228
1375;12984400000;12922933333;13422933333;10240;10228
1377;12984410000;12922933333;13422933333;10240;10228
1379;12984415000;12964233333;13464233333;10240;10228
1381;12984419000;12964233333;13464233333;10240;10228
1385;12984424000;12964277777;13464277777;10240;10228
1376;12984651000;12922933333;13422933333;10240;10228
1378;12984837000;12964233333;13464233333;10240;10228
1380;12984856000;12964233333;13464233333;10240;10228
1382;12985040000;12964233333;13464233333;10240;10228
1387;13026065000;12964588888;13464588888;10240;10228
1389;13026078000;13005911111;13505911111;10240;10228
1391;13026088000;13005911111;13505911111;10240;10228
1393;13026100000;13005911111;13505911111;10240;10228
1395;13026106000;13005911111;13505911111;10240;10228
1386;13026284000;12964588888;13464588888;10240;10228
1388;13026496000;12964588888;13464588888;10240;10228
1390;13026506000;13005911111;13505911111;10240;10228
1392;13026701000;13005911111;13505911111;10240;10228
1394;13026895000;13005911111;13505911111;10240;10228
1396;13026907000;13005955555;13505955555;10240;10228
1383;13066623000;12964233333;13464233333;10240;10228
1384;13066798000;12964233333;13464233333;10240;10228
1397;13067715000;13006255555;13506255555;10240;10228
1399;13067726000;13006255555;13506255555;10240;10228
1401;13067739000;13047555555;13547555555;10240;10228
1403;13067745000;13047555555;13547555555;10240;10228
1405;13067755000;13047555555;13547555555;10240;10228
1407;13067763000;13047600000;13547600000;10240;10228
1398;13067945000;13006255555;13506255555;10240;10228
1400;13068156000;13047555555;13547555555;10240;10228
1402;13068184000;13047555555;13547555555;10240;10228
1404;13068356000;13047555555;13547555555;10240;10228
1409;13109417000;13047911111;13547911111;10240;10228
1413;13109449000;13089244444;13589244444;10240;10228
1415;13109456000;13089244444;13589244444;10240;10228
1417;13109470000;13089244444;13589244444;10240;10228
1408;13109618000;13047911111;13547911111;10240;10228
1410;13109823000;13047911111;13547911111;10240;10228
1414;13109843000;13089244444;13589244444;10240;10228
1416;13110032000;13089244444;13589244444;10240;10228
1418;13110042000;13089288888;13589288888;10240;10228
1406;13150155000;13047555555;13547555555;10240;10228
1412;13150569000;13089244444;13589244444;10240;10228
1419;13151110000;13089577777;13589577777;10240;10228
1423;13151120000;13130911111;13630911111;10240;10228
1425;13151130000;13130911111;13630911111;10240;10228
1427;13151135000;13130911111;13630911111;10240;10228
1429;13151140000;13130955555;13630955555;10240;10228
1420;13151283000;13089577777;13589577777;10240;10228
1422;13151495000;13130911111;13630911111;10240;10228
1424;13151506000;13130911111;13630911111;10240;10228
1426;13151700000;13130911111;13630911111;10240;10228
1428;13151896000;13130911111;13630911111;10240;10228
1411;13191621000;13089244444;13589244444;10240;10228
1421;13191829000;13089577777;13589577777;10240;10228
1431;13192751000;13131266666;13631266666;10240;10228
1433;13192765000;13172577777;13672577777;10240;10228
1435;13192774000;13172577777;13672577777;10240;10228
1437;13192781000;13172577777;13672577777;10240;10228
1439;13192788000;13172577777;13672577777;10240;10228
1430;13192964000;13131266666;13631266666;10240;10228
1432;13193168000;13131266666;13631266666;10240;10228
1434;13193195000;13172577777;13672577777;10240;10228
1436;13193372000;13172577777;13672577777;10240;10228
1438;13193610000;13172577777;13672577777;10240;10228
1441;13234425000;13172922222;13672922222;10240;10228
1443;13234437000;13172922222;13672922222;10240;10228
1445;13234442000;13214211111;13714211111;10240;10228
1447;13234446000;13214211111;13714211111;10240;10228
1449;13234452000;13214211111;13714211111;10240;10228
1451;13234457000;13214255555;13714255555;10240;10228
1442;13234592000;13172922222;13672922222;10240;10228
1446;13234795000;13214211111;13714211111;10240;10228
1448;13234816000;13214211111;13714211111;10240;10228
1450;13234995000;13214211111;13714211111;10240;10228
1440;13275270000;13172622222;13672622222;10240;10228
1444;13275505000;13214211111;13714211111;10240;10228
1453;13276145000;13214544444;13714544444;10240;10228
1455;13276160000;13255877777;13755877777;10240;10228
1457;13276167000;13255877777;13755877777;10240;10228
1459;13276172000;13255877777;13755877777;10240;10228
1461;13276176000;13255877777;13755877777;10240;10228
1452;13276262000;13214544444;13714544444;10240;10228
1454;13276463000;13214544444;13714544444;10240;10228
1456;13276490000;13255877777;13755877777;10240;10228
1458;13276662000;13255877777;13755877777;10240;10228
1460;13276863000;13255877777;13755877777;10240;10228
1462;13276889000;13255922222;13755922222;10240;10228
1463;13317713000;13256222222;13756222222;10240;10228
1465;13317724000;13256222222;13756222222;10240;10228
1467;13317732000;13297555555;13797555555;10240;10228
1469;13317742000;13297555555;13797555555;10240;10228
1471;13317747000;13297555555;13797555555;10240;10228
1473;13317756000;13297600000;13797600000;10240;10228
1464;13317923000;13256222222;13756222222;10240;10228
1466;13318164000;13297555555;13797555555;10240;10228
1468;13318323000;13297555555;13797555555;10240;10228
1470;13318353000;13297555555;13797555555;10240;10228
1472;13318529000;13297555555;13797555555;10240;10228
1475;13359410000;13297911111;13797911111;10240;10228
1477;13359438000;13339211111;13839211111;10240;10228
1481;13359448000;13339211111;13839211111;10240;10228
1483;13359470000;13339211111;13839211111;10240;10228
1474;13359588000;13297911111;13797911111;10240;10228
1476;13359797000;13297911111;13797911111;10240;10228
1478;13359821000;13339211111;13839211111;10240;10228
1480;13359981000;13339211111;13839211111;10240;10228
1482;13360191000;13339211111;13839211111;10240;10228
1484;13360203000;13339255555;13839255555;10240;10228
1485;13401074000;13339555555;13839555555;10240;10228
1487;13401090000;13339555555;13839555555;10240;10228
1489;13401115000;13380877777;13880877777;10240;10228
1491;13401124000;13380877777;13880877777;10240;10228
1493;13401134000;13380877777;13880877777;10240;10228
1495;13401157000;13380922222;13880922222;10240;10228
1486;13401258000;13339555555;13839555555;10240;10228
1488;13401466000;13380877777;13880877777;10240;10228
1490;13401479000;13380877777;13880877777;10240;10228
1494;13401648000;13380877777;13880877777;10240;10228
1479;13441384000;13339211111;13839211111;10240;10228
1497;13442713000;13381277777;13881277777;10240;10228
1499;13442745000;13422544444;13922544444;10240;10228
1501;13442762000;13422544444;13922544444;10240;10228
1503;13442780000;13422544444;13922544444;10240;10228
1505;13442787000;13422544444;13922544444;10240;10228
1496;13442918000;13381277777;13881277777;10240;10228
1500;13443141000;13422544444;13922544444;10240;10228
1502;13443340000;13422544444;13922544444;10240;10228
1504;13443353000;13422544444;13922544444;10240;10228
1506;13443357000;13422588888;13922588888;10240;10228
1492;13483433000;13380877777;13880877777;10240;10228
1498;13483636000;13381277777;13881277777;10240;10228
1507;13484413000;13422888888;13922888888;10240;10228
1509;13484426000;13422888888;13922888888;10240;10228
1511;13484448000;13464255555;13964255555;10240;10228
1515;13484467000;13464255555;13964255555;10240;10228
1517;13484486000;13464311111;13964311111;10240;10228
1508;13484649000;13422888888;13922888888;10240;10228
1510;13484853000;13464255555;13964255555;10240;10228
1512;13484876000;13464255555;13964255555;10240;10228
1514;13485036000;13464255555;13964255555;10240;10228
1516;13485261000;13464255555;13964255555;10240;10228
1519;13526005000;13464577777;13964577777;10240;10228
1521;13526029000;13505877777;14005877777;10240;10228
1523;13526060000;13505877777;14005877777;10240;10228
1525;13526076000;13505877777;14005877777;10240;10228
1527;13526090000;13505877777;14005877777;10240;10228
1518;13526248000;13464577777;13964577777;10240;10228
1524;13526464000;13505877777;14005877777;10240;10228
1526;13526476000;13505877777;14005877777;10240;10228
1528;13526674000;13505922222;14005922222;10240;10228
1513;13566584000;13464255555;13964255555;10240;10228
1529;13567739000;13506233333;14006233333;10240;10228
1531;13567753000;13506233333;14006233333;10240;10228
1533;13567779000;13547544444;14047544444;10240;10228
1535;13567787000;13547544444;14047544444;10240;10228
1537;13567821000;13547544444;14047544444;10240;10228
1539;13567843000;13547588888;14047588888;10240;10228
1536;13567959000;13547544444;14047544444;10240;10228
1538;13568171000;13547544444;14047544444;10240;10228
1520;13608498000;13464577777;13964577777;10240;10228
1522;13608684000;13505877777;14005877777;10240;10228
1541;13609420000;13547922222;14047922222;10240;10228
1543;13609438000;13589266666;14089266666;10240;10228
1545;13609460000;13589266666;14089266666;10240;10228
1547;13609470000;13589266666;14089266666;10240;10228
1549;13609497000;13589266666;14089266666;10240;10228
1540;13609612000;13547922222;14047922222;10240;10228
1542;13609804000;13547922222;14047922222;10240;10228
1544;13610009000;13589266666;14089266666;10240;10228
1550;13610019000;13589311111;14089311111;10240;10228
1532;13649894000;13547544444;14047544444;10240;10228
1530;13650125000;13506233333;14006233333;10240;10228
1534;13650306000;13547544444;14047544444;10240;10228
1551;13651075000;13589611111;14089611111;10240;10228
1553;13651092000;13589611111;14089611111;10240;10228
1555;13651124000;13630911111;14130911111;10240;10228
1557;13651151000;13630911111;14130911111;10240;10228
1559;13651173000;13630911111;14130911111;10240;10228
1561;13651197000;13630955555;14130955555;10240;10228
1552;13651297000;13589611111;14089611111;10240;10228
1554;13651489000;13630911111;14130911111;10240;10228
1556;13651497000;13630911111;14130911111;10240;10228
1558;13651677000;13630911111;14130911111;10240;10228
1548;13691838000;13589266666;14089266666;10240;10228
1546;13692009000;13589266666;14089266666;10240;10228
1563;13692770000;13631288888;14131288888;10240;10228
1565;13692802000;13672577777;14172577777;10240;10228
1567;13692819000;13672577777;14172577777;10240;10228
1569;13692836000;13672577777;14172577777;10240;10228
1571;13692843000;13672577777;14172577777;10240;10228
1562;13692942000;13631288888;14131288888;10240;10228
1564;13693152000;13631288888;14131288888;10240;10228
1566;13693361000;13672577777;14172577777;10240;10228
1568;13693367000;13672577777;14172577777;10240;10228
1570;13693558000;13672577777;14172577777;10240;10228
1572;13693563000;13672622222;14172622222;10240;10228
1560;13733657000;13630911111;14130911111;10240;10228
1573;13734413000;13672944444;14172944444;10240;10228
1575;13734429000;13672944444;14172944444;10240;10228
1577;13734456000;13714266666;14214266666;10240;10228
1579;13734483000;13714266666;14214266666;10240;10228
1581;13734495000;13714266666;14214266666;10240;10228
1583;13734511000;13714311111;14214311111;10240;10228
1574;13734653000;13672944444;14172944444;10240;10228
1576;13734856000;13714266666;14214266666;10240;10228
1578;13734880000;13714266666;14214266666;10240;10228
1580;13735060000;13714266666;14214266666;10240;10228
1582;13735265000;13714266666;14214266666;10240;10228
1585;13776060000;13714611111;14214611111;10240;10228
1587;13776088000;13755911111;14255911111;10240;10228
1589;13776097000;13755911111;14255911111;10240;10228
1584;13776256000;13714611111;14214611111;10240;10228
1586;13776455000;13714611111;14214611111;10240;10228
1588;13776652000;13755911111;14255911111;10240;10228
1590;13776669000;13755911111;14255911111;10240;10228
1592;13776855000;13755911111;14255911111;10240;10228
1594;13776872000;13755955555;14255955555;10240;10228
1597;13817719000;13756277777;14256277777;10240;10228
1599;13817742000;13797544444;14297544444;10240;10228
1601;13817756000;13797544444;14297544444;10240;10228
1603;13817766000;13797544444;14297544444;10240;10228
1605;13817773000;13797588888;14297588888;10240;10228
1596;13817914000;13756277777;14256277777;10240;10228
1598;13818153000;13797544444;14297544444;10240;10228
1600;13818331000;13797544444;14297544444;10240;10228
1602;13818341000;13797544444;14297544444;10240;10228
1604;13818532000;13797544444;14297544444;10240;10228
1591;13858082000;13755911111;14255911111;10240;10228
1593;13858286000;13755911111;14255911111;10240;10228
1595;13858487000;13756277777;14256277777;10240;10228
1607;13859402000;13797922222;14297922222;10240;10228
1609;13859421000;13839222222;14339222222;10240;10228
1611;13859430000;13839222222;14339222222;10240;10228
1613;13859439000;13839222222;14339222222;10240;10228
1615;13859457000;13839222222;14339222222;10240;10228
1606;13859588000;13797922222;14297922222;10240;10228
1608;13859802000;13797922222;14297922222;10240;10228
1610;13859828000;13839222222;14339222222;10240;10228
1612;13860007000;13839222222;14339222222;10240;10228
1614;13860217000;13839222222;14339222222;10240;10228
1616;13860243000;13839266666;14339266666;10240;10228
1617;13901065000;13839566666;14339566666;10240;10228
1619;13901089000;13839566666;14339566666;10240;10228
1621;13901111000;13880900000;14380900000;10240;10228
1623;13901128000;13880900000;14380900000;10240;10228
1625;13901141000;13880900000;14380900000;10240;10228
1627;13901151000;13880955555;14380955555;10240;10228
1618;13901267000;13839566666;14339566666;10240;10228
1620;13901471000;13880900000;14380900000;10240;10228
1624;13901686000;13880900000;14380900000;10240;10228
1626;13901708000;13880900000;14380900000;10240;10228
1629;13942663000;13881277777;14381277777;10240;10228
1631;13942711000;13922544444;14422544444;10240;10228
1633;13942732000;13922544444;14422544444;10240;10228
1635;13942749000;13922544444;14422544444;10240;10228
1637;13942759000;13922544444;14422544444;10240;10228
1628;13942892000;13881277777;14381277777;10240;10228
1630;13943104000;13881277777;14381277777;10240;10228
1632;13943297000;13922544444;14422544444;10240;10228
1634;13943314000;13922544444;14422544444;10240;10228
1636;13943499000;13922544444;14422544444;10240;10228
1638;13943517000;13922588888;14422588888;10240;10228
1622;13983389000;13880900000;14380900000;10240;10228
1641;13984389000;13922911111;14422911111;10240;10228
1643;13984412000;13964222222;14464222222;10240;10228
1645;13984428000;13964222222;14464222222;10240;10228
1640;13984581000;13922911111;14422911111;10240;10228
1642;13984772000;13964222222;14464222222;10240;10228
1644;13984978000;13964222222;14464222222;10240;10228
1646;13984988000;13964222222;14464222222;10240;10228
1648;13985191000;13964222222;14464222222;10240;10228
1653;14026111000;14005911111;14505911111;10240;10228
1655;14026127000;14005911111;14505911111;10240;10228
1659;14026135000;14005911111;14505911111;10240;10228
1650;14026286000;13964577777;14464577777;10240;10228
1652;14026497000;13964577777;14464577777;10240;10228
1654;14026509000;14005911111;14505911111;10240;10228
1656;14026699000;14005911111;14505911111;10240;10228
1658;14026895000;14005911111;14505911111;10240;10228
1660;14026906000;14005955555;14505955555;10240;10228
1639;14066405000;13922911111;14422911111;10240;10228
1661;14067701000;14006288888;14506288888;10240;10228
1665;14067714000;14047544444;14547544444;10240;10228
1667;14067731000;14047544444;14547544444;10240;10228
1669;14067740000;14047544444;14547544444;10240;10228
1671;14067759000;14047588888;14547588888;10240;10228
1662;14067935000;14006288888;14506288888;10240;10228
1670;14068152000;14047544444;14547544444;10240;10228
1647;14108092000;13964222222;14464222222;10240;10228
1649;14108212000;13964277777;14464277777;10240;10228
1651;14108414000;13964577777;14464577777;10240;10228
1657;14108614000;14005911111;14505911111;10240;10228
1663;14108625000;14006288888;14506288888;10240;10228
1673;14109434000;14047922222;14547922222;10240;10228
1675;14109450000;14089255555;14589255555;10240;10228
1679;14109458000;14089255555;14589255555;10240;10228
1681;14109478000;14089255555;14589255555;10240;10228
1672;14109630000;14047922222;14547922222;10240;10228
1674;14109812000;14047922222;14547922222;10240;10228
1676;14109824000;14089255555;14589255555;10240;10228
1678;14110000000;14089255555;14589255555;10240;10228
1680;14110225000;14089255555;14589255555;10240;10228
1682;14110236000;14089300000;14589300000;10240;10228
1664;14150387000;14047544444;14547544444;10240;10228
1666;14150588000;14047544444;14547544444;10240;10228
1668;14150613000;14047544444;14547544444;10240;10228
1683;14151060000;14089611111;14589611111;10240;10228
1689;14151093000;14130911111;14630911111;10240;10228
1691;14151114000;14130911111;14630911111;10240;10228
1693;14151126000;14130955555;14630955555;10240;10228
1688;14151297000;14130911111;14630911111;10240;10228
1690;14151528000;14130911111;14630911111;10240;10228
1692;14151547000;14130911111;14630911111;10240;10228
1677;14191455000;14089255555;14589255555;10240;10228
1684;14191871000;14089611111;14589611111;10240;10228
1686;14191902000;14130911111;14630911111;10240;10228
1694;14192747000;14131266666;14631266666;10240;10228
1696;14192762000;14131266666;14631266666;10240;10228
1698;14192788000;14172577777;14672577777;10240;10228
1700;14192796000;14172577777;14672577777;10240;10228
1702;14192823000;14172577777;14672577777;10240;10228
1704;14192832000;14172622222;14672622222;10240;10228
1695;14192940000;14131266666;14631266666;10240;10228
1697;14193163000;14172577777;14672577777;10240;10228
1701;14193185000;14172577777;14672577777;10240;10228
1703;14193364000;14172577777;14672577777;10240;10228
1685;14232239000;14089611111;14589611111;10240;10228
1687;14233071000;14130911111;14630911111;10240;10228
1706;14234447000;14172955555;14672955555;10240;10228
1708;14234478000;14214266666;14714266666;10240;10228
1710;14234489000;14214266666;14714266666;10240;10228
1712;14234497000;14214266666;14714266666;10240;10228
1714;14234522000;14214266666;14714266666;10240;10228
1705;14234632000;14172955555;14672955555;10240;10228
1707;14234835000;14172955555;14672955555;10240;10228
1709;14234842000;14214266666;14714266666;10240;10228
1711;14235037000;14214266666;14714266666;10240;10228
1713;14235262000;14214266666;14714266666;10240;10228
1715;14235271000;14214311111;14714311111;10240;10228
1699;14275160000;14172577777;14672577777;10240;10228
1716;14275992000;14214611111;14714611111;10240;10228
1718;14276039000;14214611111;14714611111;10240;10228
1720;14276076000;14255877777;14755877777;10240;10228
1724;14276112000;14255877777;14755877777;10240;10228
1726;14276122000;14255922222;14755922222;10240;10228
1719;14276239000;14255877777;14755877777;10240;10228
1721;14276465000;14255877777;14755877777;10240;10228
1723;14276706000;14255877777;14755877777;10240;10228
1725;14276716000;14255877777;14755877777;10240;10228
1717;14317060000;14214611111;14714611111;10240;10228
1728;14317792000;14256233333;14756233333;10240;10228
1730;14317822000;14297577777;14797577777;10240;10228
1732;14317836000;14297577777;14797577777;10240;10228
1734;14317853000;14297577777;14797577777;10240;10228
1736;14317861000;14297577777;14797577777;10240;10228
1727;14317972000;14256233333;14756233333;10240;10228
1729;14318180000;14256233333;14756233333;10240;10228
1731;14318196000;14297577777;14797577777;10240;10228
1733;14318395000;14297577777;14797577777;10240;10228
1735;14318576000;14297577777;14797577777;10240;10228
1737;14318586000;14297622222;14797622222;10240;10228
1722;14358129000;14255877777;14755877777;10240;10228
1738;14359415000;14297955555;14797955555;10240;10228
1740;14359431000;14297955555;14797955555;10240;10228
1742;14359452000;14339222222;14839222222;10240;10228
1744;14359464000;14339222222;14839222222;10240;10228
1746;14359486000;14339222222;14839222222;10240;10228
1739;14359620000;14297955555;14797955555;10240;10228
1741;14359843000;14339222222;14839222222;10240;10228
1743;14359867000;14339222222;14839222222;10240;10228
1745;14360002000;14339222222;14839222222;10240;10228
1747;14360270000;14339222222;14839222222;10240;10228
1752;14401087000;14380911111;14880911111;10240;10228
1754;14401115000;14380911111;14880911111;10240;10228
1756;14401124000;14380911111;14880911111;10240;10228
1758;14401141000;14380911111;14880911111;10240;10228
1749;14401310000;14339577777;14839577777;10240;10228
1751;14401536000;14339577777;14839577777;10240;10228
1753;14401553000;14380911111;14880911111;10240;10228
1755;14401697000;14380911111;14880911111;10240;10228
1757;14401891000;14380911111;14880911111;10240;10228
1759;14401901000;14380955555;14880955555;10240;10228
1748;14441510000;14339266666;14839266666;10240;10228
1750;14441541000;14339577777;14839577777;10240;10228
1760;14442691000;14381311111;14881311111;10240;10228
1762;14442712000;14381311111;14881311111;10240;10228
1764;14442734000;14422544444;14922544444;10240;10228
1766;14442764000;14422544444;14922544444;10240;10228
1768;14442772000;14422544444;14922544444;10240;10228
1770;14442780000;14422600000;14922600000;10240;10228
1763;14442960000;14422544444;14922544444;10240;10228
1765;14443160000;14422544444;14922544444;10240;10228
1767;14443174000;14422544444;14922544444;10240;10228
1769;14443370000;14422544444;14922544444;10240;10228
1761;14483732000;14381311111;14881311111;10240;10228
1774;14484398000;14464222222;14964222222;10240;10228
1776;14484427000;14464222222;14964222222;10240;10228
1778;14484437000;14464222222;14964222222;10240;10228
1780;14484462000;14464222222;14964222222;10240;10228
1771;14484612000;14422911111;14922911111;10240;10228
1775;14484810000;14464222222;14964222222;10240;10228
1777;14484819000;14464222222;14964222222;10240;10228
1779;14485025000;14464222222;14964222222;10240;10228
1781;14485054000;14464266666;14964266666;10240;10228
1772;14524872000;14422911111;14922911111;10240;10228
1773;14525335000;14422911111;14922911111;10240;10228
1782;14526079000;14464566666;14964566666;10240;10228
1784;14526095000;14464566666;14964566666;10240;10228
1786;14526117000;14505877777;15005877777;10240;10228
1788;14526134000;14505877777;15005877777;10240;10228
1790;14526157000;14505877777;15005877777;10240;10228
1792;14526167000;14505922222;15005922222;10240;10228
1783;14526300000;14464566666;14964566666;10240;10228
1785;14526499000;14505877777;15005877777;10240;10228
1787;14526528000;14505877777;15005877777;10240;10228
1789;14526713000;14505877777;15005877777;10240;10228
1791;14526877000;14505877777;15005877777;10240;10228
1794;14567715000;14506255555;15006255555;10240;10228
1796;14567733000;14547544444;15047544444;10240;10228
1800;14567742000;14547544444;15047544444;10240;10228
1802;14567750000;14547544444;15047544444;10240;10228
1793;14567912000;14506255555;15006255555;10240;10228
1795;14568174000;14506255555;15006255555;10240;10228
1797;14568203000;14547544444;15047544444;10240;10228
1799;14568367000;14547544444;15047544444;10240;10228
1801;14568547000;14547544444;15047544444;10240;10228
1803;14568570000;14547588888;15047588888;10240;10228
1804;14609365000;14547922222;15047922222;10240;10228
1806;14609387000;14547922222;15047922222;10240;10228
1814;14609413000;14589255555;15089255555;10240;10228
1805;14609614000;14547922222;15047922222;10240;10228
1807;14609814000;14589211111;15089211111;10240;10228
1809;14609834000;14589211111;15089211111;10240;10228
1811;14610006000;14589211111;15089211111;10240;10228
1813;14610233000;14589211111;15089211111;10240;10228
1798;14649946000;14547544444;15047544444;10240;10228
1816;14651105000;14589566666;15089566666;10240;10228
1818;14651138000;14630911111;15130911111;10240;10228
1820;14651149000;14630911111;15130911111;10240;10228
1822;14651166000;14630911111;15130911111;10240;10228
1824;14651174000;14630911111;15130911111;10240;10228
1815;14651313000;14589566666;15089566666;10240;10228
1817;14651507000;14589566666;15089566666;10240;10228
1819;14651522000;14630911111;15130911111;10240;10228
1821;14651697000;14630911111;15130911111;10240;10228
1823;14651906000;14630911111;15130911111;10240;10228
1825;14651937000;14630955555;15130955555;10240;10228
1808;14691802000;14589211111;15089211111;10240;10228
1810;14691992000;14589211111;15089211111;10240;10228
1812;14692019000;14589211111;15089211111;10240;10228
1826;14692733000;14631300000;15131300000;10240;10228
1828;14692747000;14631300000;15131300000;10240;10228
1830;14692770000;14672544444;15172544444;10240;10228
1832;14692786000;14672544444;15172544444;10240;10228
1834;14692804000;14672544444;15172544444;10240;10228
1836;14692817000;14672588888;15172588888;10240;10228
1827;14692911000;14631300000;15131300000;10240;10228
1829;14693156000;14672544444;15172544444;10240;10228
1831;14693186000;14672544444;15172544444;10240;10228
1833;14693340000;14672544444;15172544444;10240;10228
1835;14693539000;14672544444;15172544444;10240;10228
1838;14734417000;14672922222;15172922222;10240;10228
1840;14734434000;14714244444;15214244444;10240;10228
1842;14734443000;14714244444;15214244444;10240;10228
1844;14734460000;14714244444;15214244444;10240;10228
1846;14734475000;14714244444;15214244444;10240;10228
1841;14734626000;14714244444;15214244444;10240;10228
1843;14734821000;14714244444;15214244444;10240;10228
1845;14735023000;14714244444;15214244444;10240;10228
1847;14735034000;14714288888;15214288888;10240;10228
1837;14775350000;14672922222;15172922222;10240;10228
1839;14775382000;14672922222;15172922222;10240;10228
1848;14776106000;14714566666;15214566666;10240;10228
1850;14776121000;14714566666;15214566666;10240;10228
1852;14776143000;14755911111;15255911111;10240;10228
1854;14776159000;14755911111;15255911111;10240;10228
1858;14776177000;14755955555;15255955555;10240;10228
1849;14776330000;14714566666;15214566666;10240;10228
1851;14776530000;14755911111;15255911111;10240;10228
1853;14776559000;14755911111;15255911111;10240;10228
1855;14776742000;14755911111;15255911111;10240;10228
1857;14776945000;14755911111;15255911111;10240;10228
1860;14817755000;14756266666;15256266666;10240;10228
1862;14817786000;14797577777;15297577777;10240;10228
1864;14817797000;14797577777;15297577777;10240;10228
1866;14817805000;14797577777;15297577777;10240;10228
1868;14817832000;14797577777;15297577777;10240;10228
1859;14817966000;14756266666;15256266666;10240;10228
1863;14818152000;14797577777;15297577777;10240;10228
1865;14818360000;14797577777;15297577777;10240;10228
1867;14818373000;14797577777;15297577777;10240;10228
1869;14818552000;14797622222;15297622222;10240;10228
1856;14858110000;14755911111;15255911111;10240;10228
1861;14858900000;14756266666;15256266666;10240;10228
1870;14859413000;14797922222;15297922222;10240;10228
1872;14859428000;14797922222;15297922222;10240;10228
1874;14859449000;14839244444;15339244444;10240;10228
1876;14859461000;14839244444;15339244444;10240;10228
1878;14859491000;14839244444;15339244444;10240;10228
1871;14859603000;14797922222;15297922222;10240;10228
1873;14859844000;14839244444;15339244444;10240;10228
1875;14859868000;14839244444;15339244444;10240;10228
1877;14860015000;14839244444;15339244444;10240;10228
1879;14860278000;14839244444;15339244444;10240;10228
1882;14901039000;14839555555;15339555555;10240;10228
1884;14901086000;14880877777;15380877777;10240;10228
1886;14901106000;14880877777;15380877777;10240;10228
1888;14901130000;14880877777;15380877777;10240;10228
1890;14901146000;14880877777;15380877777;10240;10228
1881;14901257000;14839555555;15339555555;10240;10228
1883;14901468000;14839555555;15339555555;10240;10228
1885;14901480000;14880877777;15380877777;10240;10228
1887;14901667000;14880877777;15380877777;10240;10228
1889;14901870000;14880877777;15380877777;10240;10228
1891;14901879000;14880922222;15380922222;10240;10228
1880;14941439000;14839288888;15339288888;10240;10228
1892;14942662000;14881233333;15381233333;10240;10228
1894;14942676000;14881233333;15381233333;10240;10228
1896;14942696000;14922544444;15422544444;10240;10228
1898;14942733000;14922544444;15422544444;10240;10228
1900;14942742000;14922544444;15422544444;10240;10228
1902;14942750000;14922588888;15422588888;10240;10228
1893;14942924000;14881233333;15381233333;10240;10228
1895;14943113000;14922544444;15422544444;10240;10228
1897;14943346000;14922544444;15422544444;10240;10228
1899;14943371000;14922544444;15422544444;10240;10228
1901;14943538000;14922544444;15422544444;10240;10228
1904;14984377000;14922888888;15422888888;10240;10228
1906;14984408000;14964255555;15464255555;10240;10228
1908;14984437000;14964255555;15464255555;10240;10228
1910;14984448000;14964255555;15464255555;10240;10228
1912;14984466000;14964255555;15464255555;10240;10228
1903;14984598000;14922888888;15422888888;10240;10228
1905;14984790000;14922888888;15422888888;10240;10228
1907;14984994000;14964255555;15464255555;10240;10228
1909;14985011000;14964255555;15464255555;10240;10228
1911;14985231000;14964255555;15464255555;10240;10228
1913;14985258000;14964300000;15464300000;10240;10228
1914;15026023000;14964588888;15464588888;10240;10228
1916;15026039000;14964588888;15464588888;10240;10228
1918;15026082000;15005888888;15505888888;10240;10228
1920;15026103000;15005888888;15505888888;10240;10228
1922;15026118000;15005888888;15505888888;10240;10228
1924;15026132000;15005933333;15505933333;10240;10228
1915;15026224000;14964588888;15464588888;10240;10228
1917;15026469000;15005888888;15505888888;10240;10228
1919;15026495000;15005888888;15505888888;10240;10228
1921;15026621000;15005888888;15505888888;10240;10228
1923;15026867000;15005888888;15505888888;10240;10228
1926;15067663000;15006233333;15506233333;10240;10228
1928;15067721000;15047544444;15547544444;10240;10228
1930;15067732000;15047544444;15547544444;10240;10228
1932;15067750000;15047544444;15547544444;10240;10228
1934;15067759000;15047544444;15547544444;10240;10228
1925;15067891000;15006233333;15506233333;10240;10228
1927;15068078000;15006233333;15506233333;10240;10228
1929;15068297000;15047544444;15547544444;10240;10228
1931;15068313000;15047544444;15547544444;10240;10228
1933;15068493000;15047544444;15547544444;10240;10228
1935;15068502000;15047588888;15547588888;10240;10228
1936;15109397000;15047888888;15547888888;10240;10228
1938;15109412000;15047888888;15547888888;10240;10228
1940;15109439000;15089244444;15589244444;10240;10228
1944;15109465000;15089244444;15589244444;10240;10228
1946;15109474000;15089288888;15589288888;10240;10228
1939;15109647000;15089244444;15589244444;10240;10228
1941;15109844000;15089244444;15589244444;10240;10228
1943;15109865000;15089244444;15589244444;10240;10228
1948;15151040000;15089555555;15589555555;10240;10228
1950;15151077000;15130877777;15630877777;10240;10228
1952;15151100000;15130877777;15630877777;10240;10228
1954;15151116000;15130877777;15630877777;10240;10228
1956;15151130000;15130877777;15630877777;10240;10228
1949;15151265000;15089555555;15589555555;10240;10228
1951;15151474000;15130877777;15630877777;10240;10228
1953;15151485000;15130877777;15630877777;10240;10228
1955;15151675000;15130877777;15630877777;10240;10228
1957;15151873000;15130922222;15630922222;10240;10228
1942;15191622000;15089244444;15589244444;10240;10228
1947;15191920000;15089555555;15589555555;10240;10228
1937;15191975000;15047888888;15547888888;10240;10228
1945;15192223000;15089244444;15589244444;10240;10228
1958;15192777000;15131222222;15631222222;10240;10228
1960;15192790000;15131222222;15631222222;10240;10228
1962;15192812000;15172577777;15672577777;10240;10228
1964;15192820000;15172577777;15672577777;10240;10228
1966;15192848000;15172577777;15672577777;10240;10228
1968;15192857000;15172622222;15672622222;10240;10228
1959;15192981000;15131222222;15631222222;10240;10228
1961;15193201000;15172577777;15672577777;10240;10228
1963;15193226000;15172577777;15672577777;10240;10228
1965;15193401000;15172577777;15672577777;10240;10228
1970;15234386000;15172911111;15672911111;10240;10228
1972;15234419000;15214244444;15714244444;10240;10228
1974;15234435000;15214244444;15714244444;10240;10228
1978;15234453000;15214244444;15714244444;10240;10228
1969;15234588000;15172911111;15672911111;10240;10228
1971;15234781000;15172911111;15672911111;10240;10228
1973;15234984000;15214244444;15714244444;10240;10228
1975;15234994000;15214244444;15714244444;10240;10228
1979;15235197000;15214288888;15714288888;10240;10228
1967;15275527000;15172577777;15672577777;10240;10228
1980;15276068000;15214566666;15714566666;10240;10228
1982;15276103000;15214566666;15714566666;10240;10228
1984;15276129000;15255911111;15755911111;10240;10228
1986;15276140000;15255911111;15755911111;10240;10228
1988;15276163000;15255911111;15755911111;10240;10228
1990;15276177000;15255955555;15755955555;10240;10228
1981;15276277000;15214566666;15714566666;10240;10228
1983;15276541000;15255911111;15755911111;10240;10228
1985;15276556000;15255911111;15755911111;10240;10228
1987;15276734000;15255911111;15755911111;10240;10228
1989;15276924000;15255911111;15755911111;10240;10228
1976;15316451000;15214244444;15714244444;10240;10228
1977;15317064000;15214244444;15714244444;10240;10228
1992;15317728000;15256266666;15756266666;10240;10228
1994;15317751000;15297577777;15797577777;10240;10228
1996;15317783000;15297577777;15797577777;10240;10228
1998;15317793000;15297577777;15797577777;10240;10228
2000;15317812000;15297577777;15797577777;10240;10228
1991;15317948000;15256266666;15756266666;10240;10228
1993;15318157000;15256266666;15756266666;10240;10228
1995;15318371000;15297577777;15797577777;10240;10228
1997;15318398000;15297577777;15797577777;10240;10228
1999;15318551000;15297577777;15797577777;10240;10228
2001;15318577000;15297622222;15797622222;10240;10228
2002;15359396000;15297922222;15797922222;10240;10228
2004;15359413000;15297922222;15797922222;10240;10228
2006;15359427000;15339244444;15839244444;10240;10228
2008;15359436000;15339244444;15839244444;10240;10228
2012;15359457000;15339288888;15839288888;10240;10228
2003;15359618000;15297922222;15797922222;10240;10228
2005;15359831000;15339244444;15839244444;10240;10228
2007;15359857000;15339244444;15839244444;10240;10228
2009;15360034000;15339244444;15839244444;10240;10228
2011;15360232000;15339244444;15839244444;10240;10228
2014;15401085000;15339588888;15839588888;10240;10228
2016;15401118000;15380911111;15880911111;10240;10228
2018;15401136000;15380911111;15880911111;10240;10228
2020;15401152000;15380911111;15880911111;10240;10228
2022;15401170000;15380911111;15880911111;10240;10228
2013;15401290000;15339588888;15839588888;10240;10228
2015;15401516000;15339588888;15839588888;10240;10228
2017;15401531000;15380911111;15880911111;10240;10228
2019;15401712000;15380911111;15880911111;10240;10228
2021;15401928000;15380911111;15880911111;10240;10228
2023;15401947000;15380955555;15880955555;10240;10228
2010;15441753000;15339244444;15839244444;10240;10228
2024;15442721000;15381311111;15881311111;10240;10228
2030;15442739000;15422544444;15922544444;10240;10228
2032;15442762000;15422544444;15922544444;10240;10228
2034;15442780000;15422588888;15922588888;10240;10228
2025;15442959000;15381311111;15881311111;10240;10228
2029;15443146000;15422544444;15922544444;10240;10228
2031;15443367000;15422544444;15922544444;10240;10228
2033;15443380000;15422544444;15922544444;10240;10228
2028;15483467000;15422544444;15922544444;10240;10228
2036;15484471000;15422866666;15922866666;10240;10228
2038;15484503000;15464266666;15964266666;10240;10228
2042;15484520000;15464266666;15964266666;10240;10228
2044;15484538000;15464266666;15964266666;10240;10228
2035;15484634000;15422866666;15922866666;10240;10228
2037;15484851000;15422866666;15922866666;10240;10228
2039;15484864000;15464266666;15964266666;10240;10228
2041;15485006000;15464266666;15964266666;10240;10228
2043;15485268000;15464266666;15964266666;10240;10228
2045;15485281000;15464311111;15964311111;10240;10228
2027;15524018000;15422544444;15922544444;10240;10228
2046;15526090000;15464577777;15964577777;10240;10228
2048;15526107000;15464577777;15964577777;10240;10228
2050;15526115000;15505911111;16005911111;10240;10228
2052;15526138000;15505911111;16005911111;10240;10228
2054;15526159000;15505911111;16005911111;10240;10228
2047;15526336000;15464577777;15964577777;10240;10228
2049;15526529000;15505911111;16005911111;10240;10228
2051;15526543000;15505911111;16005911111;10240;10228
2053;15526723000;15505911111;16005911111;10240;10228
2055;15526930000;15505911111;16005911111;10240;10228
2040;15566719000;15464266666;15964266666;10240;10228
2058;15567783000;15506244444;16006244444;10240;10228
2060;15567799000;15547577777;16047577777;10240;10228
2062;15567807000;15547577777;16047577777;10240;10228
2064;15567828000;15547577777;16047577777;10240;10228
2066;15567837000;15547577777;16047577777;10240;10228
2059;15567981000;15506244444;16006244444;10240;10228
2061;15568198000;15547577777;16047577777;10240;10228
2063;15568213000;15547577777;16047577777;10240;10228
2065;15568403000;15547577777;16047577777;10240;10228
2067;15568417000;15547622222;16047622222;10240;10228
2056;15608448000;15505955555;16005955555;10240;10228
2057;15608871000;15506244444;16006244444;10240;10228
2068;15609415000;15547933333;16047933333;10240;10228
2074;15609428000;15589266666;16089266666;10240;10228
2076;15609459000;15589266666;16089266666;10240;10228
2078;15609477000;15589311111;16089311111;10240;10228
2069;15609649000;15547933333;16047933333;10240;10228
2071;15609866000;15589266666;16089266666;10240;10228
2073;15609881000;15589266666;16089266666;10240;10228
2075;15610028000;15589266666;16089266666;10240;10228
2077;15610243000;15589266666;16089266666;10240;10228
2070;15649931000;15547933333;16047933333;10240;10228
2072;15650168000;15589266666;16089266666;10240;10228
2080;15651065000;15589588888;16089588888;10240;10228
2082;15651092000;15630911111;16130911111;10240;10228
2084;15651101000;15630911111;16130911111;10240;10228
2086;15651128000;15630911111;16130911111;10240;10228
2088;15651139000;15630911111;16130911111;10240;10228
2079;15651308000;15589588888;16089588888;10240;10228
2083;15651506000;15630911111;16130911111;10240;10228
2085;15651520000;15630911111;16130911111;10240;10228
2087;15651705000;15630911111;16130911111;10240;10228
2089;15651723000;15630955555;16130955555;10240;10228
2081;15692255000;15589588888;16089588888;10240;10228
2090;15692734000;15631266666;16131266666;10240;10228
2092;15692764000;15631266666;16131266666;10240;10228
2094;15692795000;15672577777;16172577777;10240;10228
2096;15692830000;15672577777;16172577777;10240;10228
2098;15692848000;15672577777;16172577777;10240;10228
2100;15692856000;15672622222;16172622222;10240;10228
2091;15692970000;15631266666;16131266666;10240;10228
2093;15693191000;15672577777;16172577777;10240;10228
2095;15693222000;15672577777;16172577777;10240;10228
2097;15693390000;15672577777;16172577777;10240;10228
2104;15734388000;15714244444;16214244444;10240;10228
2106;15734402000;15714244444;16214244444;10240;10228
2108;15734422000;15714244444;16214244444;10240;10228
2110;15734436000;15714244444;16214244444;10240;10228
2101;15734640000;15672933333;16172933333;10240;10228
2103;15734838000;15672933333;16172933333;10240;10228
2105;15734859000;15714244444;16214244444;10240;10228
2107;15735041000;15714244444;16214244444;10240;10228
2109;15735227000;15714244444;16214244444;10240;10228
2111;15735242000;15714288888;16214288888;10240;10228
2102;15775060000;15672933333;16172933333;10240;10228
2099;15775422000;15672577777;16172577777;10240;10228
2112;15776066000;15714600000;16214600000;10240;10228
2114;15776096000;15714600000;16214600000;10240;10228
2116;15776118000;15755877777;16255877777;10240;10228
2118;15776136000;15755877777;16255877777;10240;10228
2120;15776153000;15755877777;16255877777;10240;10228
2122;15776170000;15755922222;16255922222;10240;10228
2113;15776294000;15714600000;16214600000;10240;10228
2115;15776496000;15755877777;16255877777;10240;10228
2117;15776527000;15755877777;16255877777;10240;10228
2119;15776694000;15755877777;16255877777;10240;10228
2121;15776877000;15755877777;16255877777;10240;10228
2124;15817776000;15756266666;16256266666;10240;10228
2126;15817805000;15797577777;16297577777;10240;10228
2128;15817814000;15797577777;16297577777;10240;10228
2130;15817838000;15797577777;16297577777;10240;10228
2132;15817852000;15797577777;16297577777;10240;10228
2123;15817940000;15756266666;16256266666;10240;10228
2125;15818175000;15756266666;16256266666;10240;10228
2127;15818206000;15797577777;16297577777;10240;10228
2129;15818395000;15797577777;16297577777;10240;10228
2131;15818586000;15797577777;16297577777;10240;10228
2134;15859441000;15797955555;16297955555;10240;10228
2136;15859469000;15797955555;16297955555;10240;10228
2138;15859478000;15839244444;16339244444;10240;10228
2140;15859496000;15839244444;16339244444;10240;10228
2142;15859518000;15839244444;16339244444;10240;10228
2144;15859527000;15839288888;16339288888;10240;10228
2139;15859635000;15839244444;16339244444;10240;10228
2141;15859842000;15839244444;16339244444;10240;10228
2143;15859876000;15839244444;16339244444;10240;10228
2133;15900425000;15797622222;16297622222;10240;10228
2135;15900681000;15797955555;16297955555;10240;10228
2137;15900840000;15839244444;16339244444;10240;10228
2146;15901081000;15839588888;16339588888;10240;10228
2150;15901097000;15880877777;16380877777;10240;10228
2152;15901110000;15880877777;16380877777;10240;10228
2154;15901129000;15880877777;16380877777;10240;10228
2145;15901254000;15839588888;16339588888;10240;10228
2153;15901471000;15880877777;16380877777;10240;10228
2155;15901485000;15880922222;16380922222;10240;10228
2156;15942690000;15881266666;16381266666;10240;10228
2158;15942703000;15881266666;16381266666;10240;10228
2160;15942735000;15922544444;16422544444;10240;10228
2162;15942762000;15922544444;16422544444;10240;10228
2164;15942772000;15922544444;16422544444;10240;10228
2166;15942789000;15922588888;16422588888;10240;10228
2157;15942921000;15881266666;16381266666;10240;10228
2159;15943174000;15922544444;16422544444;10240;10228
2161;15943189000;15922544444;16422544444;10240;10228
2163;15943364000;15922544444;16422544444;10240;10228
2165;15943542000;15922544444;16422544444;10240;10228
2149;15983470000;15880877777;16380877777;10240;10228
2147;15983726000;15839588888;16339588888;10240;10228
2151;15983913000;15880877777;16380877777;10240;10228
2168;15984407000;15922922222;16422922222;10240;10228
2170;15984421000;15964266666;16464266666;10240;10228
2172;15984440000;15964266666;16464266666;10240;10228
2174;15984462000;15964266666;16464266666;10240;10228
2176;15984477000;15964266666;16464266666;10240;10228
2167;15984604000;15922922222;16422922222;10240;10228
2173;15984829000;15964266666;16464266666;10240;10228
2175;15984847000;15964266666;16464266666;10240;10228
2177;15984988000;15964311111;16464311111;10240;10228
2169;16025550000;15922922222;16422922222;10240;10228
2171;16025782000;15964266666;16464266666;10240;10228
2178;16026097000;15964622222;16464622222;10240;10228
2180;16026118000;15964622222;16464622222;10240;10228
2188;16026144000;16005955555;16505955555;10240;10228
2179;16026312000;15964622222;16464622222;10240;10228
2183;16026527000;16005911111;16505911111;10240;10228
2185;16026550000;16005911111;16505911111;10240;10228
2187;16026731000;16005911111;16505911111;10240;10228
2181;16067056000;16005911111;16505911111;10240;10228
2190;16067753000;16006288888;16506288888;10240;10228
2192;16067783000;16047577777;16547577777;10240;10228
2194;16067794000;16047577777;16547577777;10240;10228
2196;16067817000;16047577777;16547577777;10240;10228
2198;16067837000;16047577777;16547577777;10240;10228
2189;16067956000;16006288888;16506288888;10240;10228
2191;16068172000;16006288888;16506288888;10240;10228
2193;16068186000;16047577777;16547577777;10240;10228
2195;16068395000;16047577777;16547577777;10240;10228
2197;16068588000;16047577777;16547577777;10240;10228
2199;16068609000;16047622222;16547622222;10240;10228
2182;16108394000;16005911111;16505911111;10240;10228
2186;16108614000;16005911111;16505911111;10240;10228
2200;16109431000;16047955555;16547955555;10240;10228
2202;16109444000;16047955555;16547955555;10240;10228
2204;16109459000;16089255555;16589255555;10240;10228
2206;16109476000;16089255555;16589255555;10240;10228
2210;16109486000;16089300000;16589300000;10240;10228
2203;16109654000;16089255555;16589255555;10240;10228
2205;16109866000;16089255555;16589255555;10240;10228
2207;16109899000;16089255555;16589255555;10240;10228
2209;16110026000;16089255555;16589255555;10240;10228
2201;16150593000;16047955555;16547955555;10240;10228
2212;16151141000;16089611111;16589611111;10240;10228
2214;16151153000;16130877777;16630877777;10240;10228
2218;16151157000;16130877777;16630877777;10240;10228
2220;16151162000;16130877777;16630877777;10240;10228
2211;16151281000;16089611111;16589611111;10240;10228
2213;16151469000;16089611111;16589611111;10240;10228
2215;16151488000;16130877777;16630877777;10240;10228
2217;16151667000;16130877777;16630877777;10240;10228
2221;16151686000;16130922222;16630922222;10240;10228
2208;16191584000;16089255555;16589255555;10240;10228
2226;16192780000;16172588888;16672588888;10240;10228
2228;16192795000;16172588888;16672588888;10240;10228
2230;16192805000;16172588888;16672588888;10240;10228
2232;16192824000;16172633333;16672633333;10240;10228
2223;16192966000;16131255555;16631255555;10240;10228
2225;16193185000;16172588888;16672588888;10240;10228
2227;16193201000;16172588888;16672588888;10240;10228
2229;16193405000;16172588888;16672588888;10240;10228
2231;16193602000;16172588888;16672588888;10240;10228
2216;16233363000;16130877777;16630877777;10240;10228
2222;16233589000;16131255555;16631255555;10240;10228
2219;16233835000;16130877777;16630877777;10240;10228
2234;16234391000;16172955555;16672955555;10240;10228
2236;16234422000;16214222222;16714222222;10240;10228
2238;16234438000;16214222222;16714222222;10240;10228
2233;16234592000;16172955555;16672955555;10240;10228
2235;16234810000;16172955555;16672955555;10240;10228
2237;16234824000;16214222222;16714222222;10240;10228
2239;16235015000;16214222222;16714222222;10240;10228
2241;16235246000;16214222222;16714222222;10240;10228
2243;16235263000;16214266666;16714266666;10240;10228
2248;16276069000;16255911111;16755911111;10240;10228
2250;16276084000;16255911111;16755911111;10240;10228
2252;16276102000;16255911111;16755911111;10240;10228
2254;16276111000;16255955555;16755955555;10240;10228
2245;16276316000;16214588888;16714588888;10240;10228
2247;16276511000;16255911111;16755911111;10240;10228
2249;16276526000;16255911111;16755911111;10240;10228
2251;16276663000;16255911111;16755911111;10240;10228
2240;16316506000;16214222222;16714222222;10240;10228
2246;16316582000;16214588888;16714588888;10240;10228
2242;16316756000;16214222222;16714222222;10240;10228
2244;16316980000;16214588888;16714588888;10240;10228
2256;16317733000;16256277777;16756277777;10240;10228
2258;16317749000;16297577777;16797577777;10240;10228
2260;16317767000;16297577777;16797577777;10240;10228
2262;16317781000;16297577777;16797577777;10240;10228
2264;16317798000;16297577777;16797577777;10240;10228
2255;16317947000;16256277777;16756277777;10240;10228
2257;16318170000;16256277777;16756277777;10240;10228
2259;16318184000;16297577777;16797577777;10240;10228
2261;16318376000;16297577777;16797577777;10240;10228
2263;16318568000;16297577777;16797577777;10240;10228
2265;16318582000;16297622222;16797622222;10240;10228
2253;16358603000;16255911111;16755911111;10240;10228
2266;16359417000;16297955555;16797955555;10240;10228
2268;16359430000;16297955555;16797955555;10240;10228
2270;16359459000;16339266666;16839266666;10240;10228
2272;16359483000;16339266666;16839266666;10240;10228
2274;16359502000;16339266666;16839266666;10240;10228
2267;16359657000;16297955555;16797955555;10240;10228
2269;16359869000;16339266666;16839266666;10240;10228
2271;16359893000;16339266666;16839266666;10240;10228
2273;16360029000;16339266666;16839266666;10240;10228
2275;16360247000;16339266666;16839266666;10240;10228
2278;16401018000;16339622222;16839622222;10240;10228
2280;16401036000;16380877777;16880877777;10240;10228
2282;16401066000;16380877777;16880877777;10240;10228
2284;16401078000;16380877777;16880877777;10240;10228
2286;16401096000;16380877777;16880877777;10240;10228
2277;16401255000;16339622222;16839622222;10240;10228
2279;16401456000;16339622222;16839622222;10240;10228
2281;16401653000;16380877777;16880877777;10240;10228
2283;16401664000;16380877777;16880877777;10240;10228
2285;16401850000;16380877777;16880877777;10240;10228
2287;16401869000;16380922222;16880922222;10240;10228
2276;16441673000;16339311111;16839311111;10240;10228
2288;16442698000;16381288888;16881288888;10240;10228
2290;16442716000;16381288888;16881288888;10240;10228
2292;16442743000;16422544444;16922544444;10240;10228
2294;16442767000;16422544444;16922544444;10240;10228
2296;16442785000;16422544444;16922544444;10240;10228
2298;16442794000;16422588888;16922588888;10240;10228
2289;16442933000;16381288888;16881288888;10240;10228
2291;16443157000;16422544444;16922544444;10240;10228
2293;16443189000;16422544444;16922544444;10240;10228
2295;16443348000;16422544444;16922544444;10240;10228
2300;16484356000;16422900000;16922900000;10240;10228
2302;16484388000;16464211111;16964211111;10240;10228
2304;16484415000;16464211111;16964211111;10240;10228
2306;16484431000;16464211111;16964211111;10240;10228
2308;16484447000;16464211111;16964211111;10240;10228
2299;16484588000;16422900000;16922900000;10240;10228
2301;16484798000;16422900000;16922900000;10240;10228
2303;16484813000;16464211111;16964211111;10240;10228
2305;16485003000;16464211111;16964211111;10240;10228
2307;16485221000;16464211111;16964211111;10240;10228
2309;16485235000;16464255555;16964255555;10240;10228
2297;16525198000;16422544444;16922544444;10240;10228
2310;16526092000;16464555555;16964555555;10240;10228
2312;16526116000;16464555555;16964555555;10240;10228
2314;16526137000;16505888888;17005888888;10240;10228
2316;16526156000;16505888888;17005888888;10240;10228
2318;16526180000;16505888888;17005888888;10240;10228
2320;16526195000;16505933333;17005933333;10240;10228
2311;16526304000;16464555555;16964555555;10240;10228
2313;16526494000;16505888888;17005888888;10240;10228
2315;16526526000;16505888888;17005888888;10240;10228
2317;16526671000;16505888888;17005888888;10240;10228
2322;16567738000;16506255555;17006255555;10240;10228
2324;16567769000;16547577777;17047577777;10240;10228
2326;16567781000;16547577777;17047577777;10240;10228
2328;16567803000;16547577777;17047577777;10240;10228
2330;16567821000;16547577777;17047577777;10240;10228
2321;16567951000;16506255555;17006255555;10240;10228
2327;16568178000;16547577777;17047577777;10240;10228
2329;16568379000;16547577777;17047577777;10240;10228
2331;16568392000;16547622222;17047622222;10240;10228
2323;16608800000;16506255555;17006255555;10240;10228
2325;16608814000;16547577777;17047577777;10240;10228
2319;16608931000;16505888888;17005888888;10240;10228
2332;16609414000;16547977777;17047977777;10240;10228
2334;16609430000;16547977777;17047977777;10240;10228
2336;16609450000;16589222222;17089222222;10240;10228
2338;16609468000;16589222222;17089222222;10240;10228
2340;16609490000;16589222222;17089222222;10240;10228
2342;16609507000;16589266666;17089266666;10240;10228
2333;16609601000;16547977777;17047977777;10240;10228
2335;16609807000;16589222222;17089222222;10240;10228
2337;16609832000;16589222222;17089222222;10240;10228
2339;16610013000;16589222222;17089222222;10240;10228
2341;16610213000;16589222222;17089222222;10240;10228
2344;16651064000;16589600000;17089600000;10240;10228
2346;16651092000;16630911111;17130911111;10240;10228
2350;16651102000;16630911111;17130911111;10240;10228
2352;16651130000;16630911111;17130911111;10240;10228
2343;16651283000;16589600000;17089600000;10240;10228
2345;16651505000;16589600000;17089600000;10240;10228
2347;16651535000;16630911111;17130911111;10240;10228
2349;16651707000;16630911111;17130911111;10240;10228
2351;16651902000;16630911111;17130911111;10240;10228
2353;16651934000;16630955555;17130955555;10240;10228
2354;16692696000;16631300000;17131300000;10240;10228
2358;16692709000;16672544444;17172544444;10240;10228
2360;16692731000;16672544444;17172544444;10240;10228
2362;16692740000;16672544444;17172544444;10240;10228
2364;16692758000;16672588888;17172588888;10240;10228
2355;16692935000;16631300000;17131300000;10240;10228
2363;16693157000;16672544444;17172544444;10240;10228
2356;16733239000;16631300000;17131300000;10240;10228
2348;16733315000;16630911111;17130911111;10240;10228
2366;16734430000;16672922222;17172922222;10240;10228
2368;16734461000;16714255555;17214255555;10240;10228
2370;16734481000;16714255555;17214255555;10240;10228
2372;16734519000;16714255555;17214255555;10240;10228
2374;16734530000;16714255555;17214255555;10240;10228
2365;16734636000;16672922222;17172922222;10240;10228
2367;16734847000;16672922222;17172922222;10240;10228
2369;16734856000;16714255555;17214255555;10240;10228
2373;16735007000;16714255555;17214255555;10240;10228
2375;16735264000;16714311111;17214311111;10240;10228
2357;16775204000;16672544444;17172544444;10240;10228
2359;16775225000;16672544444;17172544444;10240;10228
2361;16775249000;16672544444;17172544444;10240;10228
2376;16776059000;16714611111;17214611111;10240;10228
2378;16776085000;16714611111;17214611111;10240;10228
2380;16776102000;16755911111;17255911111;10240;10228
2382;16776110000;16755911111;17255911111;10240;10228
2384;16776131000;16755911111;17255911111;10240;10228
2386;16776150000;16755955555;17255955555;10240;10228
2377;16776305000;16714611111;17214611111;10240;10228
2379;16776525000;16755911111;17255911111;10240;10228
2383;16776540000;16755911111;17255911111;10240;10228
2385;16776732000;16755911111;17255911111;10240;10228
2371;16816799000;16714255555;17214255555;10240;10228
2388;16817733000;16756266666;17256266666;10240;10228
2390;16817763000;16797544444;17297544444;10240;10228
2392;16817782000;16797544444;17297544444;10240;10228
2394;16817812000;16797544444;17297544444;10240;10228
2396;16817831000;16797544444;17297544444;10240;10228
2387;16817926000;16756266666;17256266666;10240;10228
2389;16818146000;16756266666;17256266666;10240;10228
2391;16818159000;16797544444;17297544444;10240;10228
2393;16818366000;16797544444;17297544444;10240;10228
2395;16818560000;16797544444;17297544444;10240;10228
2381;16858513000;16755911111;17255911111;10240;10228
2398;16859411000;16797922222;17297922222;10240;10228
2400;16859439000;16797922222;17297922222;10240;10228
2402;16859462000;16839222222;17339222222;10240;10228
2404;16859480000;16839222222;17339222222;10240;10228
2406;16859491000;16839222222;17339222222;10240;10228
2408;16859508000;16839277777;17339277777;10240;10228
2399;16859612000;16797922222;17297922222;10240;10228
2401;16859787000;16839222222;17339222222;10240;10228
2403;16860058000;16839222222;17339222222;10240;10228
2405;16860078000;16839222222;17339222222;10240;10228
2407;16860272000;16839222222;17339222222;10240;10228
2397;16900582000;16797588888;17297588888;10240;10228
2412;16901158000;16880911111;17380911111;10240;10228
2414;16901180000;16880911111;17380911111;10240;10228
2416;16901189000;16880911111;17380911111;10240;10228
2418;16901194000;16880911111;17380911111;10240;10228
2409;16901302000;16839566666;17339566666;10240;10228
2411;16901487000;16839566666;17339566666;10240;10228
2413;16901686000;16880911111;17380911111;10240;10228
2415;16901698000;16880911111;17380911111;10240;10228
2417;16901895000;16880911111;17380911111;10240;10228
2419;16901906000;16880955555;17380955555;10240;10228
2410;16941649000;16839566666;17339566666;10240;10228
2420;16942728000;16881311111;17381311111;10240;10228
2422;16942741000;16881311111;17381311111;10240;10228
2428;16942769000;16922577777;17422577777;10240;10228
2430;16942792000;16922622222;17422622222;10240;10228
2421;16942965000;16881311111;17381311111;10240;10228
2423;16943188000;16922577777;17422577777;10240;10228
2425;16943215000;16922577777;17422577777;10240;10228
2427;16943381000;16922577777;17422577777;10240;10228
2429;16943593000;16922577777;17422577777;10240;10228
2432;16984367000;16922933333;17422933333;10240;10228
2434;16984407000;16964211111;17464211111;10240;10228
2436;16984431000;16964211111;17464211111;10240;10228
2438;16984453000;16964211111;17464211111;10240;10228
2440;16984497000;16964211111;17464211111;10240;10228
2431;16984593000;16922933333;17422933333;10240;10228
2433;16984795000;16922933333;17422933333;10240;10228
2435;16984815000;16964211111;17464211111;10240;10228
2437;16984996000;16964211111;17464211111;10240;10228
2439;16985209000;16964211111;17464211111;10240;10228
2441;16985220000;16964255555;17464255555;10240;10228
2424;17024718000;16922577777;17422577777;10240;10228
2426;17024946000;16922577777;17422577777;10240;10228
2442;17026068000;16964566666;17464566666;10240;10228
2444;17026090000;16964566666;17464566666;10240;10228
2446;17026111000;17005877777;17505877777;10240;10228
2448;17026127000;17005877777;17505877777;10240;10228
2450;17026151000;17005877777;17505877777;10240;10228
2452;17026167000;17005922222;17505922222;10240;10228
2443;17026266000;16964566666;17464566666;10240;10228
2445;17026464000;17005877777;17505877777;10240;10228
2447;17026493000;17005877777;17505877777;10240;10228
2449;17026629000;17005877777;17505877777;10240;10228
2451;17026833000;17005877777;17505877777;10240;10228
2454;17067728000;17006244444;17506244444;10240;10228
2456;17067757000;17047577777;17547577777;10240;10228
2458;17067789000;17047577777;17547577777;10240;10228
2460;17067798000;17047577777;17547577777;10240;10228
2462;17067817000;17047577777;17547577777;10240;10228
2453;17067953000;17006244444;17506244444;10240;10228
2455;17068181000;17006244444;17506244444;10240;10228
2457;17068206000;17047577777;17547577777;10240;10228
2459;17068380000;17047577777;17547577777;10240;10228
2461;17068563000;17047577777;17547577777;10240;10228
2463;17068580000;17047622222;17547622222;10240;10228
2464;17109429000;17047933333;17547933333;10240;10228
2466;17109440000;17047933333;17547933333;10240;10228
2468;17109458000;17089211111;17589211111;10240;10228
2470;17109465000;17089211111;17589211111;10240;10228
2472;17109471000;17089211111;17589211111;10240;10228
2474;17109480000;17089255555;17589255555;10240;10228
2465;17109594000;17047933333;17547933333;10240;10228
2467;17109793000;17089211111;17589211111;10240;10228
2469;17109821000;17089211111;17589211111;10240;10228
2471;17109995000;17089211111;17589211111;10240;10228
2473;17110192000;17089211111;17589211111;10240;10228
2476;17151127000;17089555555;17589555555;10240;10228
2478;17151151000;17130922222;17630922222;10240;10228
2482;17151162000;17130922222;17630922222;10240;10228
2484;17151167000;17130922222;17630922222;10240;10228
2475;17151296000;17089555555;17589555555;10240;10228
2477;17151501000;17089555555;17589555555;10240;10228
2479;17151528000;17130922222;17630922222;10240;10228
2483;17151705000;17130922222;17630922222;10240;10228
2485;17151727000;17130977777;17630977777;10240;10228
2486;17192739000;17131311111;17631311111;10240;10228
2488;17192746000;17131311111;17631311111;10240;10228
2490;17192766000;17172544444;17672544444;10240;10228
2492;17192784000;17172544444;17672544444;10240;10228
2494;17192791000;17172544444;17672544444;10240;10228
2496;17192796000;17172588888;17672588888;10240;10228
2487;17192917000;17131311111;17631311111;10240;10228
2489;17193140000;17172544444;17672544444;10240;10228
2491;17193365000;17172544444;17672544444;10240;10228
2493;17193375000;17172544444;17672544444;10240;10228
2495;17193598000;17172544444;17672544444;10240;10228
2480;17233138000;17130922222;17630922222;10240;10228
2481;17233631000;17130922222;17630922222;10240;10228
2498;17234477000;17172900000;17672900000;10240;10228
2500;17234504000;17214244444;17714244444;10240;10228
2502;17234509000;17214244444;17714244444;10240;10228
2504;17234515000;17214244444;17714244444;10240;10228
2506;17234533000;17214244444;17714244444;10240;10228
2497;17234684000;17172900000;17672900000;10240;10228
2499;17234878000;17172900000;17672900000;10240;10228
2501;17235067000;17214244444;17714244444;10240;10228
2503;17235093000;17214244444;17714244444;10240;10228
2505;17235246000;17214244444;17714244444;10240;10228
2507;17235273000;17214288888;17714288888;10240;10228
2510;17276082000;17214600000;17714600000;10240;10228
2512;17276097000;17255877777;17755877777;10240;10228
2514;17276107000;17255877777;17755877777;10240;10228
2516;17276113000;17255877777;17755877777;10240;10228
2518;17276117000;17255922222;17755922222;10240;10228
2509;17276302000;17214600000;17714600000;10240;10228
2511;17276488000;17255877777;17755877777;10240;10228
2513;17276681000;17255877777;17755877777;10240;10228
2515;17276688000;17255877777;17755877777;10240;10228
2517;17276871000;17255877777;17755877777;10240;10228
2508;17316866000;17214600000;17714600000;10240;10228
2520;17317779000;17256233333;17756233333;10240;10228
2522;17317804000;17297544444;17797544444;10240;10228
2528;17317825000;17297544444;17797544444;10240;10228
2519;17317959000;17256233333;17756233333;10240;10228
2521;17318178000;17256233333;17756233333;10240;10228
2525;17318205000;17297544444;17797544444;10240;10228
2527;17318375000;17297544444;17797544444;10240;10228
2529;17318387000;17297588888;17797588888;10240;10228
2530;17359471000;17297922222;17797922222;10240;10228
2532;17359483000;17297922222;17797922222;10240;10228
2534;17359495000;17339266666;17839266666;10240;10228
2538;17359512000;17339266666;17839266666;10240;10228
2540;17359517000;17339311111;17839311111;10240;10228
2531;17359685000;17297922222;17797922222;10240;10228
2533;17359873000;17339266666;17839266666;10240;10228
2535;17360064000;17339266666;17839266666;10240;10228
2539;17360093000;17339266666;17839266666;10240;10228
2524;17400218000;17297544444;17797544444;10240;10228
2526;17400434000;17297544444;17797544444;10240;10228
2542;17401108000;17339622222;17839622222;10240;10228
2544;17401124000;17380911111;17880911111;10240;10228
2548;17401142000;17380911111;17880911111;10240;10228
2550;17401153000;17380911111;17880911111;10240;10228
2541;17401317000;17339622222;17839622222;10240;10228
2543;17401510000;17339622222;17839622222;10240;10228
2545;17401528000;17380911111;17880911111;10240;10228
2547;17401718000;17380911111;17880911111;10240;10228
2549;17401923000;17380911111;17880911111;10240;10228
2551;17401941000;17380966666;17880966666;10240;10228
2536;17441690000;17339266666;17839266666;10240;10228
2537;17441849000;17339266666;17839266666;10240;10228
2552;17442699000;17381333333;17881333333;10240;10228
2554;17442711000;17381333333;17881333333;10240;10228
2558;17442732000;17422544444;17922544444;10240;10228
2560;17442742000;17422544444;17922544444;10240;10228
2562;17442759000;17422588888;17922588888;10240;10228
2553;17442919000;17381333333;17881333333;10240;10228
2555;17443143000;17422544444;17922544444;10240;10228
2557;17443159000;17422544444;17922544444;10240;10228
2559;17443345000;17422544444;17922544444;10240;10228
2561;17443562000;17422544444;17922544444;10240;10228
2546;17483062000;17380911111;17880911111;10240;10228
2556;17483450000;17422544444;17922544444;10240;10228
2564;17484471000;17422900000;17922900000;10240;10228
2566;17484502000;17464266666;17964266666;10240;10228
2568;17484511000;17464266666;17964266666;10240;10228
2570;17484539000;17464266666;17964266666;10240;10228
2572;17484550000;17464266666;17964266666;10240;10228
2563;17484585000;17422900000;17922900000;10240;10228
2565;17484864000;17422900000;17922900000;10240;10228
2569;17484887000;17464266666;17964266666;10240;10228
2571;17485012000;17464266666;17964266666;10240;10228
2573;17485246000;17464311111;17964311111;10240;10228
2574;17526076000;17464600000;17964600000;10240;10228
2576;17526088000;17464600000;17964600000;10240;10228
2578;17526115000;17505911111;18005911111;10240;10228
2580;17526155000;17505911111;18005911111;10240;10228
2582;17526192000;17505911111;18005911111;10240;10228
2584;17526217000;17505955555;18005955555;10240;10228
2575;17526270000;17464600000;17964600000;10240;10228
2577;17526449000;17505911111;18005911111;10240;10228
2579;17526692000;17505911111;18005911111;10240;10228
2581;17526726000;17505911111;18005911111;10240;10228
2583;17526902000;17505911111;18005911111;10240;10228
2586;17567696000;17506277777;18006277777;10240;10228
2588;17567712000;17547544444;18047544444;10240;10228
2590;17567738000;17547544444;18047544444;10240;10228
2592;17567748000;17547544444;18047544444;10240;10228
2594;17567777000;17547544444;18047544444;10240;10228
2585;17567923000;17506277777;18006277777;10240;10228
2587;17568148000;17506277777;18006277777;10240;10228
2589;17568162000;17547544444;18047544444;10240;10228
2591;17568322000;17547544444;18047544444;10240;10228
2593;17568542000;17547544444;18047544444;10240;10228
2595;17568556000;17547588888;18047588888;10240;10228
2602;17609380000;17589211111;18089211111;10240;10228
2604;17609408000;17589211111;18089211111;10240;10228
2606;17609417000;17589255555;18089255555;10240;10228
2597;17609617000;17547922222;18047922222;10240;10228
2599;17609806000;17589211111;18089211111;10240;10228
2601;17609817000;17589211111;18089211111;10240;10228
2605;17610027000;17589211111;18089211111;10240;10228
2598;17649896000;17547922222;18047922222;10240;10228
2600;17649917000;17589211111;18089211111;10240;10228
2596;17650150000;17547922222;18047922222;10240;10228
2608;17651055000;17589566666;18089566666;10240;10228
2610;17651096000;17630877777;18130877777;10240;10228
2612;17651105000;17630877777;18130877777;10240;10228
2614;17651147000;17630877777;18130877777;10240;10228
2611;17651286000;17630877777;18130877777;10240;10228
2613;17651483000;17630877777;18130877777;10240;10228
2615;17651496000;17630877777;18130877777;10240;10228
2617;17651689000;17630922222;18130922222;10240;10228
2607;17692203000;17589566666;18089566666;10240;10228
2609;17692406000;17589566666;18089566666;10240;10228
2618;17692749000;17631266666;18131266666;10240;10228
2622;17692766000;17672577777;18172577777;10240;10228
2624;17692782000;17672577777;18172577777;10240;10228
2626;17692796000;17672577777;18172577777;10240;10228
2628;17692813000;17672622222;18172622222;10240;10228
2619;17692974000;17631266666;18131266666;10240;10228
2623;17693182000;17672577777;18172577777;10240;10228
2625;17693197000;17672577777;18172577777;10240;10228
2627;17693401000;17672577777;18172577777;10240;10228
2616;17733320000;17630877777;18130877777;10240;10228
2620;17733458000;17631266666;18131266666;10240;10228
2630;17734430000;17672955555;18172955555;10240;10228
2632;17734446000;17714266666;18214266666;10240;10228
2634;17734465000;17714266666;18214266666;10240;10228
2636;17734480000;17714266666;18214266666;10240;10228
2629;17734636000;17672955555;18172955555;10240;10228
2633;17734850000;17714266666;18214266666;10240;10228
2635;17734884000;17714266666;18214266666;10240;10228
2637;17735011000;17714266666;18214266666;10240;10228
2639;17735283000;17714311111;18214311111;10240;10228
2621;17775163000;17672577777;18172577777;10240;10228
2631;17775750000;17672955555;18172955555;10240;10228
2640;17776087000;17714588888;18214588888;10240;10228
2642;17776108000;17714588888;18214588888;10240;10228
2644;17776147000;17755888888;18255888888;10240;10228
2646;17776177000;17755888888;18255888888;10240;10228
2648;17776208000;17755888888;18255888888;10240;10228
2650;17776247000;17755933333;18255933333;10240;10228
2641;17776256000;17714588888;18214588888;10240;10228
2643;17776490000;17755888888;18255888888;10240;10228
2647;17776504000;17755888888;18255888888;10240;10228
2649;17776682000;17755888888;18255888888;10240;10228
2638;17816679000;17714266666;18214266666;10240;10228
2652;17817743000;17756244444;18256244444;10240;10228
2654;17817785000;17797577777;18297577777;10240;10228
2656;17817805000;17797577777;18297577777;10240;10228
2658;17817847000;17797577777;18297577777;10240;10228
2660;17817856000;17797577777;18297577777;10240;10228
2651;17817961000;17756244444;18256244444;10240;10228
2653;17818169000;17756244444;18256244444;10240;10228
2655;17818185000;17797577777;18297577777;10240;10228
2657;17818377000;17797577777;18297577777;10240;10228
2659;17818573000;17797577777;18297577777;10240;10228
2661;17818587000;17797622222;18297622222;10240;10228
2645;17858705000;17755888888;18255888888;10240;10228
2662;17859393000;17797922222;18297922222;10240;10228
2664;17859406000;17797922222;18297922222;10240;10228
2666;17859439000;17839222222;18339222222;10240;10228
2668;17859457000;17839222222;18339222222;10240;10228
2670;17859477000;17839222222;18339222222;10240;10228
2672;17859486000;17839277777;18339277777;10240;10228
2663;17859620000;17797922222;18297922222;10240;10228
2665;17859842000;17839222222;18339222222;10240;10228
2667;17859866000;17839222222;18339222222;10240;10228
2669;17859990000;17839222222;18339222222;10240;10228
2671;17860213000;17839222222;18339222222;10240;10228
2674;17901057000;17839544444;18339544444;10240;10228
2676;17901085000;17880877777;18380877777;10240;10228
2678;17901095000;17880877777;18380877777;10240;10228
2680;17901124000;17880877777;18380877777;10240;10228
2673;17901279000;17839544444;18339544444;10240;10228
2675;17901465000;17839544444;18339544444;10240;10228
2677;17901511000;17880877777;18380877777;10240;10228
2679;17901660000;17880877777;18380877777;10240;10228
2683;17901686000;17880922222;18380922222;10240;10228
2686;17942737000;17881244444;18381244444;10240;10228
2688;17942753000;17922577777;18422577777;10240;10228
2690;17942773000;17922577777;18422577777;10240;10228
2692;17942786000;17922577777;18422577777;10240;10228
2694;17942803000;17922622222;18422622222;10240;10228
2685;17942951000;17881244444;18381244444;10240;10228
2687;17943161000;17922577777;18422577777;10240;10228
2691;17943374000;17922577777;18422577777;10240;10228
2693;17943386000;17922577777;18422577777;10240;10228
2684;17983257000;17881244444;18381244444;10240;10228
2682;17983487000;17880877777;18380877777;10240;10228
2681;17983921000;17880877777;18380877777;10240;10228
2696;17984414000;17922922222;18422922222;10240;10228
2698;17984454000;17964266666;18464266666;10240;10228
2700;17984483000;17964266666;18464266666;10240;10228
2702;17984501000;17964266666;18464266666;10240;10228
2704;17984519000;17964266666;18464266666;10240;10228
2695;17984627000;17922922222;18422922222;10240;10228
2697;17984835000;17922922222;18422922222;10240;10228
2699;17984842000;17964266666;18464266666;10240;10228
2701;17985002000;17964266666;18464266666;10240;10228
2703;17985262000;17964266666;18464266666;10240;10228
2705;17985272000;17964311111;18464311111;10240;10228
2689;18025360000;17922577777;18422577777;10240;10228
2706;18026091000;17964588888;18464588888;10240;10228
2708;18026107000;17964588888;18464588888;10240;10228
2710;18026133000;18005911111;18505911111;10240;10228
2712;18026161000;18005911111;18505911111;10240;10228
2714;18026175000;18005911111;18505911111;10240;10228
2716;18026192000;18005955555;18505955555;10240;10228
2707;18026304000;17964588888;18464588888;10240;10228
2709;18026508000;18005911111;18505911111;10240;10228
2711;18026525000;18005911111;18505911111;10240;10228
2713;18026713000;18005911111;18505911111;10240;10228
2715;18026884000;18005911111;18505911111;10240;10228
2718;18067714000;18006266666;18506266666;10240;10228
2720;18067744000;18047577777;18547577777;10240;10228
2717;18067943000;18006266666;18506266666;10240;10228
2719;18068159000;18006266666;18506266666;10240;10228
2723;18068186000;18047577777;18547577777;10240;10228
2725;18068360000;18047577777;18547577777;10240;10228
2727;18068381000;18047622222;18547622222;10240;10228
2728;18109413000;18047922222;18547922222;10240;10228
2730;18109432000;18047922222;18547922222;10240;10228
2734;18109441000;18089211111;18589211111;10240;10228
2736;18109462000;18089211111;18589211111;10240;10228
2738;18109473000;18089255555;18589255555;10240;10228
2729;18109582000;18047922222;18547922222;10240;10228
2731;18109774000;18089211111;18589211111;10240;10228
2733;18109980000;18089211111;18589211111;10240;10228
2735;18109991000;18089211111;18589211111;10240;10228
2737;18110193000;18089211111;18589211111;10240;10228
2722;18150041000;18047577777;18547577777;10240;10228
2724;18150108000;18047577777;18547577777;10240;10228
2726;18150127000;18047577777;18547577777;10240;10228
2721;18150478000;18047577777;18547577777;10240;10228
2732;18150689000;18089211111;18589211111;10240;10228
2740;18151068000;18089533333;18589533333;10240;10228
2742;18151107000;18130911111;18630911111;10240;10228
2744;18151123000;18130911111;18630911111;10240;10228
2746;18151153000;18130911111;18630911111;10240;10228
2748;18151163000;18130911111;18630911111;10240;10228
2739;18151254000;18089533333;18589533333;10240;10228
2741;18151476000;18089533333;18589533333;10240;10228
2745;18151506000;18130911111;18630911111;10240;10228
2747;18151682000;18130911111;18630911111;10240;10228
2749;18151862000;18130955555;18630955555;10240;10228
2754;18192725000;18172577777;18672577777;10240;10228
2756;18192740000;18172577777;18672577777;10240;10228
2758;18192762000;18172577777;18672577777;10240;10228
2760;18192772000;18172622222;18672622222;10240;10228
2751;18192929000;18131255555;18631255555;10240;10228
2757;18193126000;18172577777;18672577777;10240;10228
2759;18193331000;18172577777;18672577777;10240;10228
2752;18233523000;18131255555;18631255555;10240;10228
2743;18233744000;18130911111;18630911111;10240;10228
2762;18234433000;18172911111;18672911111;10240;10228
2764;18234474000;18214266666;18714266666;10240;10228
2766;18234500000;18214266666;18714266666;10240;10228
2768;18234540000;18214266666;18714266666;10240;10228
2770;18234562000;18214266666;18714266666;10240;10228
2761;18234628000;18172911111;18672911111;10240;10228
2763;18234827000;18172911111;18672911111;10240;10228
2765;18235037000;18214266666;18714266666;10240;10228
2767;18235053000;18214266666;18714266666;10240;10228
2769;18235261000;18214266666;18714266666;10240;10228
2771;18235274000;18214311111;18714311111;10240;10228
2753;18275273000;18172577777;18672577777;10240;10228
2755;18275316000;18172577777;18672577777;10240;10228
2772;18276035000;18214600000;18714600000;10240;10228
2774;18276080000;18214600000;18714600000;10240;10228
2776;18276099000;18255911111;18755911111;10240;10228
2778;18276116000;18255911111;18755911111;10240;10228
2775;18276270000;18255911111;18755911111;10240;10228
2777;18276520000;18255911111;18755911111;10240;10228
2779;18276536000;18255911111;18755911111;10240;10228
2781;18276700000;18255911111;18755911111;10240;10228
2773;18317167000;18214600000;18714600000;10240;10228
2784;18317720000;18256255555;18756255555;10240;10228
2786;18317742000;18297544444;18797544444;10240;10228
2788;18317760000;18297544444;18797544444;10240;10228
2790;18317774000;18297544444;18797544444;10240;10228
2792;18317792000;18297544444;18797544444;10240;10228
2783;18317924000;18256255555;18756255555;10240;10228
2785;18318174000;18256255555;18756255555;10240;10228
2787;18318188000;18297544444;18797544444;10240;10228
2789;18318365000;18297544444;18797544444;10240;10228
2791;18318557000;18297544444;18797544444;10240;10228
2793;18318581000;18297588888;18797588888;10240;10228
2780;18358470000;18255911111;18755911111;10240;10228
2782;18358730000;18255955555;18755955555;10240;10228
2794;18359408000;18297900000;18797900000;10240;10228
2796;18359428000;18297900000;18797900000;10240;10228
2798;18359457000;18339255555;18839255555;10240;10228
2800;18359484000;18339255555;18839255555;10240;10228
2802;18359498000;18339255555;18839255555;10240;10228
2804;18359516000;18339300000;18839300000;10240;10228
2795;18359611000;18297900000;18797900000;10240;10228
2797;18359814000;18339255555;18839255555;10240;10228
2799;18359838000;18339255555;18839255555;10240;10228
2801;18359974000;18339255555;18839255555;10240;10228
2803;18360235000;18339255555;18839255555;10240;10228
2806;18401089000;18339600000;18839600000;10240;10228
2810;18401118000;18380911111;18880911111;10240;10228
2812;18401142000;18380911111;18880911111;10240;10228
2814;18401162000;18380911111;18880911111;10240;10228
2807;18401314000;18339600000;18839600000;10240;10228
2809;18401514000;18380911111;18880911111;10240;10228
2811;18401527000;18380911111;18880911111;10240;10228
2813;18401709000;18380911111;18880911111;10240;10228
2815;18401718000;18380955555;18880955555;10240;10228
2808;18441710000;18380911111;18880911111;10240;10228
2805;18442252000;18339600000;18839600000;10240;10228
2818;18442720000;18381288888;18881288888;10240;10228
2824;18442750000;18422544444;18922544444;10240;10228
2826;18442759000;18422588888;18922588888;10240;10228
2817;18442943000;18381288888;18881288888;10240;10228
2819;18443143000;18422544444;18922544444;10240;10228
2821;18443160000;18422544444;18922544444;10240;10228
2825;18443352000;18422544444;18922544444;10240;10228
2816;18483249000;18381288888;18881288888;10240;10228
2828;18484428000;18422877777;18922877777;10240;10228
2830;18484469000;18464266666;18964266666;10240;10228
2834;18484478000;18464266666;18964266666;10240;10228
2827;18484639000;18422877777;18922877777;10240;10228
2829;18484840000;18422877777;18922877777;10240;10228
2831;18485062000;18464266666;18964266666;10240;10228
2833;18485073000;18464266666;18964266666;10240;10228
2835;18485268000;18464266666;18964266666;10240;10228
2837;18485284000;18464311111;18964311111;10240;10228
2820;18524806000;18422544444;18922544444;10240;10228
2822;18524849000;18422544444;18922544444;10240;10228
2823;18525439000;18422544444;18922544444;10240;10228
2838;18526067000;18464577777;18964577777;10240;10228
2840;18526080000;18464577777;18964577777;10240;10228
2842;18526118000;18505877777;19005877777;10240;10228
2846;18526127000;18505877777;19005877777;10240;10228
2848;18526185000;18505922222;19005922222;10240;10228
2839;18526324000;18464577777;18964577777;10240;10228
2841;18526489000;18505877777;19005877777;10240;10228
2847;18526659000;18505877777;19005877777;10240;10228
2836;18566793000;18464266666;18964266666;10240;10228
2832;18566861000;18464266666;18964266666;10240;10228
2850;18567752000;18506222222;19006222222;10240;10228
2852;18567768000;18547577777;19047577777;10240;10228
2854;18567789000;18547577777;19047577777;10240;10228
2856;18567798000;18547577777;19047577777;10240;10228
2858;18567813000;18547577777;19047577777;10240;10228
2849;18567937000;18506222222;19006222222;10240;10228
2851;18568152000;18506222222;19006222222;10240;10228
2853;18568357000;18547577777;19047577777;10240;10228
2855;18568372000;18547577777;19047577777;10240;10228
2857;18568551000;18547577777;19047577777;10240;10228
2859;18568566000;18547622222;19047622222;10240;10228
2844;18608163000;18505877777;19005877777;10240;10228
2843;18608904000;18505877777;19005877777;10240;10228
2845;18609078000;18505877777;19005877777;10240;10228
2860;18609419000;18547955555;19047955555;10240;10228
2862;18609435000;18547955555;19047955555;10240;10228
2864;18609467000;18589266666;19089266666;10240;10228
2866;18609476000;18589266666;19089266666;10240;10228
2868;18609495000;18589266666;19089266666;10240;10228
2870;18609508000;18589311111;19089311111;10240;10228
2861;18609633000;18547955555;19047955555;10240;10228
2865;18609825000;18589266666;19089266666;10240;10228
2867;18610025000;18589266666;19089266666;10240;10228
2869;18610059000;18589266666;19089266666;10240;10228
2863;18650489000;18589266666;19089266666;10240;10228
2872;18651093000;18589600000;19089600000;10240;10228
2874;18651117000;18630911111;19130911111;10240;10228
2876;18651134000;18630911111;19130911111;10240;10228
2878;18651159000;18630911111;19130911111;10240;10228
2880;18651177000;18630911111;19130911111;10240;10228
2871;18651284000;18589600000;19089600000;10240;10228
2873;18651505000;18589600000;19089600000;10240;10228
2875;18651535000;18630911111;19130911111;10240;10228
2877;18651686000;18630911111;19130911111;10240;10228
2879;18651860000;18630911111;19130911111;10240;10228
2881;18651884000;18630955555;19130955555;10240;10228
2882;18692751000;18631277777;19131277777;10240;10228
2884;18692764000;18631277777;19131277777;10240;10228
2886;18692795000;18672577777;19172577777;10240;10228
2888;18692821000;18672577777;19172577777;10240;10228
2890;18692840000;18672577777;19172577777;10240;10228
2892;18692852000;18672622222;19172622222;10240;10228
2883;18692948000;18631277777;19131277777;10240;10228
2885;18693153000;18672577777;19172577777;10240;10228
2887;18693179000;18672577777;19172577777;10240;10228
2889;18693365000;18672577777;19172577777;10240;10228
2891;18693571000;18672577777;19172577777;10240;10228
2894;18734427000;18672933333;19172933333;10240;10228
2896;18734454000;18714255555;19214255555;10240;10228
2902;18734478000;18714255555;19214255555;10240;10228
2893;18734653000;18672933333;19172933333;10240;10228
2895;18734856000;18672933333;19172933333;10240;10228
2897;18734881000;18714255555;19214255555;10240;10228
2899;18735051000;18714255555;19214255555;10240;10228
2901;18735252000;18714255555;19214255555;10240;10228
2903;18735264000;18714300000;19214300000;10240;10228
2904;18776061000;18714577777;19214577777;10240;10228
2906;18776086000;18714577777;19214577777;10240;10228
2908;18776112000;18755911111;19255911111;10240;10228
2910;18776149000;18755911111;19255911111;10240;10228
2912;18776189000;18755911111;19255911111;10240;10228
2914;18776198000;18755955555;19255955555;10240;10228
2905;18776307000;18714577777;19214577777;10240;10228
2907;18776485000;18755911111;19255911111;10240;10228
2909;18776497000;18755911111;19255911111;10240;10228
2911;18776684000;18755911111;19255911111;10240;10228
2913;18776896000;18755911111;19255911111;10240;10228
2898;18816749000;18714255555;19214255555;10240;10228
2900;18816939000;18714255555;19214255555;10240;10228
2916;18817703000;18756233333;19256233333;10240;10228
2918;18817750000;18797544444;19297544444;10240;10228
2920;18817768000;18797544444;19297544444;10240;10228
2922;18817783000;18797544444;19297544444;10240;10228
2915;18817890000;18756233333;19256233333;10240;10228
2917;18818113000;18756233333;19256233333;10240;10228
2919;18818152000;18797544444;19297544444;10240;10228
2921;18818297000;18797544444;19297544444;10240;10228
2923;18818497000;18797544444;19297544444;10240;10228
2925;18818509000;18797588888;19297588888;10240;10228
2926;18859411000;18797888888;19297888888;10240;10228
2928;18859424000;18797888888;19297888888;10240;10228
2930;18859446000;18839211111;19339211111;10240;10228
2932;18859455000;18839211111;19339211111;10240;10228
2934;18859473000;18839211111;19339211111;10240;10228
2936;18859485000;18839255555;19339255555;10240;10228
2927;18859586000;18797888888;19297888888;10240;10228
2929;18859794000;18839211111;19339211111;10240;10228
2931;18859814000;18839211111;19339211111;10240;10228
2933;18859997000;18839211111;19339211111;10240;10228
2935;18860208000;18839211111;19339211111;10240;10228
2924;18900162000;18797544444;19297544444;10240;10228
2938;18901085000;18839511111;19339511111;10240;10228
2940;18901134000;18880911111;19380911111;10240;10228
2942;18901152000;18880911111;19380911111;10240;10228
2946;18901172000;18880911111;19380911111;10240;10228
2937;18901254000;18839511111;19339511111;10240;10228
2939;18901456000;18839511111;19339511111;10240;10228
2941;18901654000;18880911111;19380911111;10240;10228
2943;18901678000;18880911111;19380911111;10240;10228
2945;18901858000;18880911111;19380911111;10240;10228
2947;18901868000;18880955555;19380955555;10240;10228
2948;18942749000;18881255555;19381255555;10240;10228
2950;18942767000;18881255555;19381255555;10240;10228
2952;18942793000;18922577777;19422577777;10240;10228
2954;18942834000;18922577777;19422577777;10240;10228
2956;18942876000;18922577777;19422577777;10240;10228
2958;18942910000;18922622222;19422622222;10240;10228
2951;18942943000;18922577777;19422577777;10240;10228
2953;18943130000;18922577777;19422577777;10240;10228
2955;18943332000;18922577777;19422577777;10240;10228
2957;18943349000;18922577777;19422577777;10240;10228
2949;18984085000;18881255555;19381255555;10240;10228
2960;18984383000;18922911111;19422911111;10240;10228
2962;18984403000;18964233333;19464233333;10240;10228
2964;18984430000;18964233333;19464233333;10240;10228
2966;18984439000;18964233333;19464233333;10240;10228
2968;18984461000;18964233333;19464233333;10240;10228
2959;18984586000;18922911111;19422911111;10240;10228
2961;18984793000;18922911111;19422911111;10240;10228
2963;18984812000;18964233333;19464233333;10240;10228
2970;19026105000;18964566666;19464566666;10240;10228
2972;19026120000;18964566666;19464566666;10240;10228
2974;19026139000;19005911111;19505911111;10240;10228
2976;19026154000;19005911111;19505911111;10240;10228
2978;19026172000;19005911111;19505911111;10240;10228
2980;19026185000;19005955555;19505955555;10240;10228
2975;19026298000;19005911111;19505911111;10240;10228
2979;19026512000;19005911111;19505911111;10240;10228
2982;19067731000;19006255555;19506255555;10240;10228
2984;19067753000;19047577777;19547577777;10240;10228
2986;19067771000;19047577777;19547577777;10240;10228
2988;19067797000;19047577777;19547577777;10240;10228
2990;19067834000;19047577777;19547577777;10240;10228
2981;19067941000;19006255555;19506255555;10240;10228
2983;19068175000;19006255555;19506255555;10240;10228
2985;19068185000;19047577777;19547577777;10240;10228
2987;19068365000;19047577777;19547577777;10240;10228
2989;19068561000;19047577777;19547577777;10240;10228
2991;19068572000;19047622222;19547622222;10240;10228
2965;19108608000;18964233333;19464233333;10240;10228
2967;19108651000;18964233333;19464233333;10240;10228
2973;19108666000;19005911111;19505911111;10240;10228
2977;19108805000;19005911111;19505911111;10240;10228
2992;19109445000;19047911111;19547911111;10240;10228
2994;19109459000;19047911111;19547911111;10240;10228
2996;19109478000;19089266666;19589266666;10240;10228
2998;19109493000;19089266666;19589266666;10240;10228
3000;19109522000;19089266666;19589266666;10240;10228
3002;19109538000;19089311111;19589311111;10240;10228
2993;19109636000;19047911111;19547911111;10240;10228
2995;19109839000;19089266666;19589266666;10240;10228
2997;19109847000;19089266666;19589266666;10240;10228
2999;19110042000;19089266666;19589266666;10240;10228
3001;19110214000;19089266666;19589266666;10240;10228
3004;19151068000;19089566666;19589566666;10240;10228
3006;19151106000;19130922222;19630922222;10240;10228
3008;19151136000;19130922222;19630922222;10240;10228
3010;19151146000;19130922222;19630922222;10240;10228
3012;19151162000;19130922222;19630922222;10240;10228
3003;19151265000;19089566666;19589566666;10240;10228
3005;19151478000;19089566666;19589566666;10240;10228
3007;19151521000;19130922222;19630922222;10240;10228
3009;19151662000;19130922222;19630922222;10240;10228
3011;19151867000;19130922222;19630922222;10240;10228
3013;19151888000;19130977777;19630977777;10240;10228
3014;19192659000;19131266666;19631266666;10240;10228
3016;19192725000;19131266666;19631266666;10240;10228
3018;19192751000;19172544444;19672544444;10240;10228
3020;19192781000;19172544444;19672544444;10240;10228
3022;19192794000;19172544444;19672544444;10240;10228
3024;19192811000;19172588888;19672588888;10240;10228
3015;19192889000;19131266666;19631266666;10240;10228
3017;19193128000;19172544444;19672544444;10240;10228
3019;19193321000;19172544444;19672544444;10240;10228
3021;19193354000;19172544444;19672544444;10240;10228
3023;19193525000;19172544444;19672544444;10240;10228
3026;19234400000;19172866666;19672866666;10240;10228
3028;19234424000;19214244444;19714244444;10240;10228
3030;19234435000;19214244444;19714244444;10240;10228
3032;19234455000;19214244444;19714244444;10240;10228
3034;19234459000;19214244444;19714244444;10240;10228
3025;19234611000;19172866666;19672866666;10240;10228
3027;19234802000;19172866666;19672866666;10240;10228
3029;19235010000;19214244444;19714244444;10240;10228
3031;19235039000;19214244444;19714244444;10240;10228
3033;19235218000;19214244444;19714244444;10240;10228
3035;19235251000;19214288888;19714288888;10240;10228
3036;19276058000;19214555555;19714555555;10240;10228
3038;19276071000;19214555555;19714555555;10240;10228
3040;19276090000;19255877777;19755877777;10240;10228
3042;19276106000;19255877777;19755877777;10240;10228
3044;19276112000;19255877777;19755877777;10240;10228
3046;19276142000;19255922222;19755922222;10240;10228
3037;19276229000;19214555555;19714555555;10240;10228
3039;19276466000;19255877777;19755877777;10240;10228
3045;19276494000;19255877777;19755877777;10240;10228
3048;19317719000;19256211111;19756211111;10240;10228
3050;19317746000;19297544444;19797544444;10240;10228
3052;19317757000;19297544444;19797544444;10240;10228
3054;19317766000;19297544444;19797544444;10240;10228
3056;19317770000;19297544444;19797544444;10240;10228
3047;19317923000;19256211111;19756211111;10240;10228
3051;19318152000;19297544444;19797544444;10240;10228
3053;19318340000;19297544444;19797544444;10240;10228
3055;19318350000;19297544444;19797544444;10240;10228
3057;19318355000;19297588888;19797588888;10240;10228
3041;19358560000;19255877777;19755877777;10240;10228
3043;19358773000;19255877777;19755877777;10240;10228
3049;19358970000;19256211111;19756211111;10240;10228
3058;19359403000;19297888888;19797888888;10240;10228
3060;19359413000;19297888888;19797888888;10240;10228
3062;19359430000;19339222222;19839222222;10240;10228
3064;19359435000;19339222222;19839222222;10240;10228
3066;19359464000;19339222222;19839222222;10240;10228
3068;19359481000;19339266666;19839266666;10240;10228
3059;19359577000;19297888888;19797888888;10240;10228
3061;19359752000;19339222222;19839222222;10240;10228
3063;19359997000;19339222222;19839222222;10240;10228
3065;19360026000;19339222222;19839222222;10240;10228
3067;19360210000;19339222222;19839222222;10240;10228
3070;19401035000;19339544444;19839544444;10240;10228
3074;19401056000;19380900000;19880900000;10240;10228
3076;19401072000;19380900000;19880900000;10240;10228
3078;19401102000;19380900000;19880900000;10240;10228
3069;19401316000;19339544444;19839544444;10240;10228
3071;19401508000;19339544444;19839544444;10240;10228
3073;19401526000;19380900000;19880900000;10240;10228
3075;19401733000;19380900000;19880900000;10240;10228
3077;19401913000;19380900000;19880900000;10240;10228
3079;19401926000;19380944444;19880944444;10240;10228
3072;19441913000;19380900000;19880900000;10240;10228
3080;19442742000;19381266666;19881266666;10240;10228
3082;19442751000;19381266666;19881266666;10240;10228
3084;19442759000;19422577777;19922577777;10240;10228
3086;19442772000;19422577777;19922577777;10240;10228
3088;19442782000;19422577777;19922577777;10240;10228
3090;19442812000;19422622222;19922622222;10240;10228
3081;19442997000;19381266666;19881266666;10240;10228
3083;19443210000;19422577777;19922577777;10240;10228
3085;19443228000;19422577777;19922577777;10240;10228
3087;19443431000;19422577777;19922577777;10240;10228
3089;19443612000;19422577777;19922577777;10240;10228
3092;19484432000;19422888888;19922888888;10240;10228
3094;19484444000;19464266666;19964266666;10240;10228
3096;19484449000;19464266666;19964266666;10240;10228
3098;19484469000;19464266666;19964266666;10240;10228
3100;19484476000;19464266666;19964266666;10240;10228
3091;19484678000;19422888888;19922888888;10240;10228
3093;19484877000;19422888888;19922888888;10240;10228
3095;19484914000;19464266666;19964266666;10240;10228
3097;19485078000;19464266666;19964266666;10240;10228
3099;19485235000;19464266666;19964266666;10240;10228
3101;19485257000;19464311111;19964311111;10240;10228
3102;19526036000;19464566666;19964566666;10240;10228
3106;19526054000;19505877777;20005877777;10240;10228
3108;19526068000;19505877777;20005877777;10240;10228
3110;19526088000;19505877777;20005877777;10240;10228
3112;19526095000;19505922222;20005922222;10240;10228
3103;19526226000;19464566666;19964566666;10240;10228
3105;19526463000;19505877777;20005877777;10240;10228
3107;19526472000;19505877777;20005877777;10240;10228
3109;19526655000;19505877777;20005877777;10240;10228
3111;19526867000;19505877777;20005877777;10240;10228
3104;19566705000;19464566666;19964566666;10240;10228
3114;19567759000;19506211111;20006211111;10240;10228
3116;19567772000;19547544444;20047544444;10240;10228
3118;19567778000;19547544444;20047544444;10240;10228
3120;19567800000;19547544444;20047544444;10240;10228
3122;19567811000;19547544444;20047544444;10240;10228
3113;19567928000;19506211111;20006211111;10240;10228
3115;19568146000;19506211111;20006211111;10240;10228
3117;19568302000;19547544444;20047544444;10240;10228
3119;19568328000;19547544444;20047544444;10240;10228
3121;19568544000;19547544444;20047544444;10240;10228
3123;19568574000;19547588888;20047588888;10240;10228
3124;19609380000;19547900000;20047900000;10240;10228
3126;19609390000;19547900000;20047900000;10240;10228
3128;19609402000;19589211111;20089211111;10240;10228
3130;19609418000;19589211111;20089211111;10240;10228
3132;19609440000;19589211111;20089211111;10240;10228
3134;19609455000;19589255555;20089255555;10240;10228
3125;19609555000;19547900000;20047900000;10240;10228
3127;19609790000;19589211111;20089211111;10240;10228
3129;19609820000;19589211111;20089211111;10240;10228
3133;19609993000;19589211111;20089211111;10240;10228
3136;19651090000;19589533333;20089533333;10240;10228
3138;19651112000;19630877777;20130877777;10240;10228
3140;19651121000;19630877777;20130877777;10240;10228
3142;19651126000;19630877777;20130877777;10240;10228
3144;19651130000;19630877777;20130877777;10240;10228
3135;19651254000;19589533333;20089533333;10240;10228
3137;19651459000;19589533333;20089533333;10240;10228
3139;19651471000;19630877777;20130877777;10240;10228
3141;19651654000;19630877777;20130877777;10240;10228
3143;19651867000;19630877777;20130877777;10240;10228
3145;19651877000;19630922222;20130922222;10240;10228
3131;19692096000;19589211111;20089211111;10240;10228
3146;19692740000;19631233333;20131233333;10240;10228
3148;19692752000;19631233333;20131233333;10240;10228
3150;19692760000;19672544444;20172544444;10240;10228
3152;19692766000;19672544444;20172544444;10240;10228
3154;19692797000;19672544444;20172544444;10240;10228
3156;19692803000;19672588888;20172588888;10240;10228
3147;19692941000;19631233333;20131233333;10240;10228
3149;19693155000;19672544444;20172544444;10240;10228
3151;19693187000;19672544444;20172544444;10240;10228
3153;19693356000;19672544444;20172544444;10240;10228
3155;19693555000;19672544444;20172544444;10240;10228
3158;19734420000;19672888888;20172888888;10240;10228
3160;19734436000;19714244444;20214244444;10240;10228
3162;19734442000;19714244444;20214244444;10240;10228
3164;19734456000;19714244444;20214244444;10240;10228
3166;19734460000;19714244444;20214244444;10240;10228
3157;19734620000;19672888888;20172888888;10240;10228
3159;19734819000;19672888888;20172888888;10240;10228
3161;19734847000;19714244444;20214244444;10240;10228
3163;19735026000;19714244444;20214244444;10240;10228
3165;19735238000;19714244444;20214244444;10240;10228
3167;19735272000;19714288888;20214288888;10240;10228
3168;19776091000;19714566666;20214566666;10240;10228
3170;19776104000;19714566666;20214566666;10240;10228
3172;19776111000;19755888888;20255888888;10240;10228
3174;19776122000;19755888888;20255888888;10240;10228
3176;19776149000;19755888888;20255888888;10240;10228
3178;19776156000;19755933333;20255933333;10240;10228
3169;19776259000;19714566666;20214566666;10240;10228
3171;19776464000;19755888888;20255888888;10240;10228
3173;19776495000;19755888888;20255888888;10240;10228
3175;19776666000;19755888888;20255888888;10240;10228
3177;19776854000;19755888888;20255888888;10240;10228
3180;19817703000;19756255555;20256255555;10240;10228
3182;19817718000;19797544444;20297544444;10240;10228
3184;19817727000;19797544444;20297544444;10240;10228
3186;19817757000;19797544444;20297544444;10240;10228
3188;19817764000;19797544444;20297544444;10240;10228
3179;19817924000;19756255555;20256255555;10240;10228
3181;19818151000;19756255555;20256255555;10240;10228
3183;19818339000;19797544444;20297544444;10240;10228
3185;19818367000;19797544444;20297544444;10240;10228
3189;19818387000;19797588888;20297588888;10240;10228
3190;19859421000;19797911111;20297911111;10240;10228
3194;19859434000;19839211111;20339211111;10240;10228
3196;19859439000;19839211111;20339211111;10240;10228
3198;19859444000;19839211111;20339211111;10240;10228
3200;19859456000;19839255555;20339255555;10240;10228
3191;19859588000;19797911111;20297911111;10240;10228
3193;19859795000;19839211111;20339211111;10240;10228
3195;19859805000;19839211111;20339211111;10240;10228
3197;19859996000;19839211111;20339211111;10240;10228
3199;19860207000;19839211111;20339211111;10240;10228
3192;19900316000;19797911111;20297911111;10240;10228
3187;19900426000;19797544444;20297544444;10240;10228
3202;19901104000;19839522222;20339522222;10240;10228
3204;19901122000;19880911111;20380911111;10240;10228
3206;19901128000;19880911111;20380911111;10240;10228
3208;19901137000;19880911111;20380911111;10240;10228
3201;19901276000;19839522222;20339522222;10240;10228
3203;19901491000;19839522222;20339522222;10240;10228
3205;19901519000;19880911111;20380911111;10240;10228
3207;19901687000;19880911111;20380911111;10240;10228
3209;19901889000;19880911111;20380911111;10240;10228
3211;19901901000;19880955555;20380955555;10240;10228
3212;19942731000;19881277777;20381277777;10240;10228
3214;19942744000;19881277777;20381277777;10240;10228
3216;19942754000;19922577777;20422577777;10240;10228
3218;19942772000;19922577777;20422577777;10240;10228
3220;19942779000;19922577777;20422577777;10240;10228
3222;19942787000;19922622222;20422622222;10240;10228
3213;19942955000;19881277777;20381277777;10240;10228
3215;19943158000;19922577777;20422577777;10240;10228
3217;19943170000;19922577777;20422577777;10240;10228
3219;19943364000;19922577777;20422577777;10240;10228
3221;19943574000;19922577777;20422577777;10240;10228
3210;19983536000;19880911111;20380911111;10240;10228
3224;19984451000;19922922222;20422922222;10240;10228
3226;19984463000;19964255555;20464255555;10240;10228
3228;19984468000;19964255555;20464255555;10240;10228
3232;19984503000;19964255555;20464255555;10240;10228
3223;19984636000;19922922222;20422922222;10240;10228
3227;19984834000;19964255555;20464255555;10240;10228
3229;19985074000;19964255555;20464255555;10240;10228
3231;19985131000;19964255555;20464255555;10240;10228
3233;19985217000;19964300000;20464300000;10240;10228
3225;20025708000;19922922222;20422922222;10240;10228
3234;20026068000;19964577777;20464577777;10240;10228
3236;20026080000;19964577777;20464577777;10240;10228
3238;20026105000;20005911111;20505911111;10240;10228
3240;20026113000;20005911111;20505911111;10240;10228
3242;20026125000;20005911111;20505911111;10240;10228
3244;20026131000;20005955555;20505955555;10240;10228
3235;20026306000;19964577777;20464577777;10240;10228
3237;20026511000;20005911111;20505911111;10240;10228
3239;20026521000;20005911111;20505911111;10240;10228
3243;20026711000;20005911111;20505911111;10240;10228
3230;20066539000;19964255555;20464255555;10240;10228
3246;20067753000;20006288888;20506288888;10240;10228
3248;20067773000;20047566666;20547566666;10240;10228
3250;20067781000;20047566666;20547566666;10240;10228
3252;20067786000;20047566666;20547566666;10240;10228
3254;20067809000;20047566666;20547566666;10240;10228
3245;20067935000;20006288888;20506288888;10240;10228
3247;20068114000;20006288888;20506288888;10240;10228
3249;20068345000;20047566666;20547566666;10240;10228
3251;20068356000;20047566666;20547566666;10240;10228
3253;20068545000;20047566666;20547566666;10240;10228
3255;20068555000;20047611111;20547611111;10240;10228
3241;20108789000;20005911111;20505911111;10240;10228
3256;20109472000;20047911111;20547911111;10240;10228
3258;20109484000;20047911111;20547911111;10240;10228
3260;20109497000;20089266666;20589266666;10240;10228
3262;20109503000;20089266666;20589266666;10240;10228
3264;20109517000;20089266666;20589266666;10240;10228
3266;20109522000;20089311111;20589311111;10240;10228
3257;20109631000;20047911111;20547911111;10240;10228
3259;20109824000;20089266666;20589266666;10240;10228
3261;20110074000;20089266666;20589266666;10240;10228
3263;20110112000;20089266666;20589266666;10240;10228
3265;20110276000;20089266666;20589266666;10240;10228
3268;20151062000;20089588888;20589588888;10240;10228
3270;20151075000;20130877777;20630877777;10240;10228
3272;20151092000;20130877777;20630877777;10240;10228
3274;20151098000;20130877777;20630877777;10240;10228
3276;20151112000;20130877777;20630877777;10240;10228
3267;20151219000;20089588888;20589588888;10240;10228
3271;20151465000;20130877777;20630877777;10240;10228
3273;20151475000;20130877777;20630877777;10240;10228
3275;20151656000;20130877777;20630877777;10240;10228
3277;20151675000;20130922222;20630922222;10240;10228
3269;20192509000;20089588888;20589588888;10240;10228
3278;20192786000;20131222222;20631222222;10240;10228
3280;20192799000;20131222222;20631222222;10240;10228
3282;20192811000;20172577777;20672577777;10240;10228
3284;20192816000;20172577777;20672577777;10240;10228
3286;20192845000;20172577777;20672577777;10240;10228
3288;20192851000;20172633333;20672633333;10240;10228
3279;20192961000;20131222222;20631222222;10240;10228
3281;20193168000;20172577777;20672577777;10240;10228
3283;20193201000;20172577777;20672577777;10240;10228
3285;20193379000;20172577777;20672577777;10240;10228
3287;20193591000;20172577777;20672577777;10240;10228
3290;20234421000;20172944444;20672944444;10240;10228
3292;20234435000;20214211111;20714211111;10240;10228
3294;20234441000;20214211111;20714211111;10240;10228
3296;20234450000;20214211111;20714211111;10240;10228
3298;20234480000;20214211111;20714211111;10240;10228
3289;20234585000;20172944444;20672944444;10240;10228
3291;20234794000;20172944444;20672944444;10240;10228
3293;20234821000;20214211111;20714211111;10240;10228
3295;20234996000;20214211111;20714211111;10240;10228
3297;20235209000;20214211111;20714211111;10240;10228
3299;20235239000;20214255555;20714255555;10240;10228
3300;20276084000;20214533333;20714533333;10240;10228
3302;20276098000;20214533333;20714533333;10240;10228
3304;20276105000;20255877777;20755877777;10240;10228
3306;20276123000;20255877777;20755877777;10240;10228
3308;20276134000;20255877777;20755877777;10240;10228
3310;20276144000;20255922222;20755922222;10240;10228
3301;20276223000;20214533333;20714533333;10240;10228
3303;20276427000;20255877777;20755877777;10240;10228
3305;20276623000;20255877777;20755877777;10240;10228
3307;20276645000;20255877777;20755877777;10240;10228
3309;20276870000;20255877777;20755877777;10240;10228
3312;20317749000;20256222222;20756222222;10240;10228
3314;20317768000;20297577777;20797577777;10240;10228
3316;20317780000;20297577777;20797577777;10240;10228
3318;20317794000;20297577777;20797577777;10240;10228
3320;20317798000;20297577777;20797577777;10240;10228
3311;20317915000;20256222222;20756222222;10240;10228
3313;20318120000;20256222222;20756222222;10240;10228
3315;20318365000;20297577777;20797577777;10240;10228
3317;20318397000;20297577777;20797577777;10240;10228
3319;20318564000;20297577777;20797577777;10240;10228
3321;20318593000;20297622222;20797622222;10240;10228
3324;20359388000;20297933333;20797933333;10240;10228
3326;20359402000;20339211111;20839211111;10240;10228
3328;20359408000;20339211111;20839211111;10240;10228
3330;20359430000;20339211111;20839211111;10240;10228
3332;20359436000;20339255555;20839255555;10240;10228
3323;20359598000;20297933333;20797933333;10240;10228
3325;20359798000;20339211111;20839211111;10240;10228
3327;20359809000;20339211111;20839211111;10240;10228
3329;20360001000;20339211111;20839211111;10240;10228
3331;20360214000;20339211111;20839211111;10240;10228
3322;20400192000;20297933333;20797933333;10240;10228
3334;20401113000;20339555555;20839555555;10240;10228
3336;20401127000;20380911111;20880911111;10240;10228
3338;20401132000;20380911111;20880911111;10240;10228
3340;20401157000;20380911111;20880911111;10240;10228
3342;20401162000;20380911111;20880911111;10240;10228
3337;20401361000;20380911111;20880911111;10240;10228
3339;20401569000;20380911111;20880911111;10240;10228
3341;20401580000;20380911111;20880911111;10240;10228
3343;20401764000;20380955555;20880955555;10240;10228
3333;20442349000;20339555555;20839555555;10240;10228
3335;20442566000;20339555555;20839555555;10240;10228
3344;20442766000;20381288888;20881288888;10240;10228
3346;20442778000;20381288888;20881288888;10240;10228
3348;20442789000;20422577777;20922577777;10240;10228
3350;20442796000;20422577777;20922577777;10240;10228
3352;20442828000;20422577777;20922577777;10240;10228
3354;20442835000;20422622222;20922622222;10240;10228
3345;20442978000;20381288888;20881288888;10240;10228
3347;20443215000;20422577777;20922577777;10240;10228
3351;20443231000;20422577777;20922577777;10240;10228
3356;20484409000;20422922222;20922922222;10240;10228
3358;20484429000;20464211111;20964211111;10240;10228
3360;20484437000;20464211111;20964211111;10240;10228
3362;20484443000;20464211111;20964211111;10240;10228
3364;20484465000;20464211111;20964211111;10240;10228
3357;20484633000;20422922222;20922922222;10240;10228
3359;20484829000;20464211111;20964211111;10240;10228
3363;20484841000;20464211111;20964211111;10240;10228
3365;20485018000;20464255555;20964255555;10240;10228
3349;20525441000;20422577777;20922577777;10240;10228
3353;20525548000;20422577777;20922577777;10240;10228
3355;20525560000;20422922222;20922922222;10240;10228
3366;20526126000;20464533333;20964533333;10240;10228
3368;20526139000;20464533333;20964533333;10240;10228
3370;20526162000;20505911111;21005911111;10240;10228
3374;20526167000;20505911111;21005911111;10240;10228
3376;20526172000;20505955555;21005955555;10240;10228
3367;20526346000;20464533333;20964533333;10240;10228
3369;20526544000;20505911111;21005911111;10240;10228
3371;20526554000;20505911111;21005911111;10240;10228
3373;20526669000;20505911111;21005911111;10240;10228
3375;20526915000;20505911111;21005911111;10240;10228
3361;20567265000;20464211111;20964211111;10240;10228
3378;20567754000;20506266666;21006266666;10240;10228
3380;20567782000;20547544444;21047544444;10240;10228
3382;20567788000;20547544444;21047544444;10240;10228
3384;20567793000;20547544444;21047544444;10240;10228
3386;20567833000;20547544444;21047544444;10240;10228
3377;20567978000;20506266666;21006266666;10240;10228
3379;20568191000;20506266666;21006266666;10240;10228
3381;20568202000;20547544444;21047544444;10240;10228
3383;20568341000;20547544444;21047544444;10240;10228
3385;20568572000;20547544444;21047544444;10240;10228
3387;20568593000;20547588888;21047588888;10240;10228
3372;20608378000;20505911111;21005911111;10240;10228
3388;20609450000;20547911111;21047911111;10240;10228
3390;20609459000;20547911111;21047911111;10240;10228
3392;20609469000;20589255555;21089255555;10240;10228
3394;20609481000;20589255555;21089255555;10240;10228
3396;20609496000;20589255555;21089255555;10240;10228
3398;20609500000;20589300000;21089300000;10240;10228
3389;20609707000;20547911111;21047911111;10240;10228
3391;20609887000;20589255555;21089255555;10240;10228
3393;20609915000;20589255555;21089255555;10240;10228
3395;20610037000;20589255555;21089255555;10240;10228
3397;20610319000;20589255555;21089255555;10240;10228
3399;20651093000;20589588888;21089588888;10240;10228
3401;20651133000;20589588888;21089588888;10240;10228
3403;20651143000;20630911111;21130911111;10240;10228
3405;20651153000;20630911111;21130911111;10240;10228
3409;20651184000;20630955555;21130955555;10240;10228
3400;20651338000;20589588888;21089588888;10240;10228
3402;20651551000;20630911111;21130911111;10240;10228
3404;20651586000;20630911111;21130911111;10240;10228
3406;20651711000;20630911111;21130911111;10240;10228
3408;20651851000;20630911111;21130911111;10240;10228
3411;20692739000;20631277777;21131277777;10240;10228
3413;20692767000;20672577777;21172577777;10240;10228
3415;20692773000;20672577777;21172577777;10240;10228
3417;20692806000;20672577777;21172577777;10240;10228
3419;20692811000;20672577777;21172577777;10240;10228
3410;20692977000;20631277777;21131277777;10240;10228
3412;20693181000;20631277777;21131277777;10240;10228
3414;20693194000;20672577777;21172577777;10240;10228
3416;20693409000;20672577777;21172577777;10240;10228
3418;20693596000;20672577777;21172577777;10240;10228
3420;20693616000;20672622222;21172622222;10240;10228
3407;20733514000;20630911111;21130911111;10240;10228
3421;20734445000;20672933333;21172933333;10240;10228
3423;20734454000;20672933333;21172933333;10240;10228
3425;20734463000;20714255555;21214255555;10240;10228
3427;20734472000;20714255555;21214255555;10240;10228
3429;20734502000;20714255555;21214255555;10240;10228
3431;20734509000;20714300000;21214300000;10240;10228
3422;20734714000;20672933333;21172933333;10240;10228
3424;20734893000;20714255555;21214255555;10240;10228
3426;20734921000;20714255555;21214255555;10240;10228
3428;20735034000;20714255555;21214255555;10240;10228
3430;20735300000;20714255555;21214255555;10240;10228
3433;20776122000;20714600000;21214600000;10240;10228
3435;20776136000;20755911111;21255911111;10240;10228
3437;20776143000;20755911111;21255911111;10240;10228
3439;20776153000;20755911111;21255911111;10240;10228
3441;20776183000;20755911111;21255911111;10240;10228
3432;20776329000;20714600000;21214600000;10240;10228
3434;20776465000;20714600000;21214600000;10240;10228
3436;20776647000;20755911111;21255911111;10240;10228
3438;20776674000;20755911111;21255911111;10240;10228
3442;20776921000;20755955555;21255955555;10240;10228
3443;20817732000;20756255555;21256255555;10240;10228
3445;20817741000;20756255555;21256255555;10240;10228
3451;20817762000;20797577777;21297577777;10240;10228
3453;20817767000;20797622222;21297622222;10240;10228
3444;20817973000;20756255555;21256255555;10240;10228
3446;20818184000;20797577777;21297577777;10240;10228
3448;20818194000;20797577777;21297577777;10240;10228
3452;20818408000;20797577777;21297577777;10240;10228
3440;20858922000;20755911111;21255911111;10240;10228
3455;20859419000;20797933333;21297933333;10240;10228
3457;20859429000;20839222222;21339222222;10240;10228
3459;20859434000;20839222222;21339222222;10240;10228
3461;20859447000;20839222222;21339222222;10240;10228
3463;20859459000;20839222222;21339222222;10240;10228
3454;20859657000;20797933333;21297933333;10240;10228
3456;20859842000;20797933333;21297933333;10240;10228
3458;20859862000;20839222222;21339222222;10240;10228
3460;20860064000;20839222222;21339222222;10240;10228
3462;20860255000;20839222222;21339222222;10240;10228
3464;20860265000;20839277777;21339277777;10240;10228
3447;20900058000;20797577777;21297577777;10240;10228
3449;20900305000;20797577777;21297577777;10240;10228
3465;20901021000;20839555555;21339555555;10240;10228
3467;20901030000;20839555555;21339555555;10240;10228
3469;20901060000;20880877777;21380877777;10240;10228
3471;20901082000;20880877777;21380877777;10240;10228
3473;20901101000;20880877777;21380877777;10240;10228
3466;20901318000;20839555555;21339555555;10240;10228
3468;20901513000;20880877777;21380877777;10240;10228
3470;20901540000;20880877777;21380877777;10240;10228
3472;20901655000;20880877777;21380877777;10240;10228
3474;20901955000;20880877777;21380877777;10240;10228
3477;20942741000;20881244444;21381244444;10240;10228
3479;20942755000;20922577777;21422577777;10240;10228
3481;20942760000;20922577777;21422577777;10240;10228
3483;20942792000;20922577777;21422577777;10240;10228
3485;20942799000;20922577777;21422577777;10240;10228
3476;20942979000;20881244444;21381244444;10240;10228
3478;20943191000;20881244444;21381244444;10240;10228
3480;20943202000;20922577777;21422577777;10240;10228
3482;20943410000;20922577777;21422577777;10240;10228
3484;20943624000;20922577777;21422577777;10240;10228
3475;20983426000;20880922222;21380922222;10240;10228
3487;20984411000;20922933333;21422933333;10240;10228
3489;20984427000;20922933333;21422933333;10240;10228
3491;20984431000;20964233333;21464233333;10240;10228
3493;20984466000;20964233333;21464233333;10240;10228
3495;20984472000;20964233333;21464233333;10240;10228
3497;20984492000;20964277777;21464277777;10240;10228
3488;20984626000;20922933333;21422933333;10240;10228
3490;20984830000;20964233333;21464233333;10240;10228
3492;20984840000;20964233333;21464233333;10240;10228
3494;20984995000;20964233333;21464233333;10240;10228
3496;20985241000;20964233333;21464233333;10240;10228
3486;21025688000;20922622222;21422622222;10240;10228
3499;21026107000;20964577777;21464577777;10240;10228
3501;21026121000;21005911111;21505911111;10240;10228
3503;21026126000;21005911111;21505911111;10240;10228
3505;21026130000;21005911111;21505911111;10240;10228
3507;21026136000;21005911111;21505911111;10240;10228
3498;21026286000;20964577777;21464577777;10240;10228
3500;21026500000;20964577777;21464577777;10240;10228
3502;21026526000;21005911111;21505911111;10240;10228
3504;21026699000;21005911111;21505911111;10240;10228
3506;21026903000;21005911111;21505911111;10240;10228
3508;21026929000;21005955555;21505955555;10240;10228
3509;21067755000;21006277777;21506277777;10240;10228
3511;21067767000;21006277777;21506277777;10240;10228
3515;21067779000;21047577777;21547577777;10240;10228
3517;21067785000;21047577777;21547577777;10240;10228
3519;21067804000;21047622222;21547622222;10240;10228
3510;21067914000;21006277777;21506277777;10240;10228
3512;21068156000;21047577777;21547577777;10240;10228
3514;21068185000;21047577777;21547577777;10240;10228
3516;21068367000;21047577777;21547577777;10240;10228
3518;21068562000;21047577777;21547577777;10240;10228
3513;21108791000;21047577777;21547577777;10240;10228
3521;21109413000;21047933333;21547933333;10240;10228
3523;21109428000;21089222222;21589222222;10240;10228
3525;21109437000;21089222222;21589222222;10240;10228
3527;21109456000;21089222222;21589222222;10240;10228
3529;21109462000;21089222222;21589222222;10240;10228
3520;21109600000;21047933333;21547933333;10240;10228
3522;21109807000;21047933333;21547933333;10240;10228
3524;21109835000;21089222222;21589222222;10240;10228
3526;21110008000;21089222222;21589222222;10240;10228
3528;21110216000;21089222222;21589222222;10240;10228
3530;21110247000;21089266666;21589266666;10240;10228
3531;21151087000;21089544444;21589544444;10240;10228
3535;21151099000;21130911111;21630911111;10240;10228
3537;21151108000;21130911111;21630911111;10240;10228
3539;21151118000;21130911111;21630911111;10240;10228
3541;21151137000;21130966666;21630966666;10240;10228
3532;21151287000;21089544444;21589544444;10240;10228
3534;21151497000;21130911111;21630911111;10240;10228
3536;21151508000;21130911111;21630911111;10240;10228
3538;21151700000;21130911111;21630911111;10240;10228
3540;21151899000;21130911111;21630911111;10240;10228
3533;21191888000;21089544444;21589544444;10240;10228
3543;21192768000;21131277777;21631277777;10240;10228
3545;21192783000;21172544444;21672544444;10240;10228
3547;21192788000;21172544444;21672544444;10240;10228
3549;21192800000;21172544444;21672544444;10240;10228
3542;21192938000;21131277777;21631277777;10240;10228
3544;21193163000;21131277777;21631277777;10240;10228
3546;21193194000;21172544444;21672544444;10240;10228
3548;21193350000;21172544444;21672544444;10240;10228
3550;21193535000;21172544444;21672544444;10240;10228
3552;21193555000;21172600000;21672600000;10240;10228
3553;21234407000;21172900000;21672900000;10240;10228
3555;21234416000;21172900000;21672900000;10240;10228
3557;21234426000;21214244444;21714244444;10240;10228
3559;21234445000;21214244444;21714244444;10240;10228
3561;21234453000;21214244444;21714244444;10240;10228
3563;21234457000;21214288888;21714288888;10240;10228
3554;21234621000;21172900000;21672900000;10240;10228
3560;21234823000;21214244444;21714244444;10240;10228
3562;21234834000;21214244444;21714244444;10240;10228
3551;21275036000;21172544444;21672544444;10240;10228
3565;21276093000;21214577777;21714577777;10240;10228
3567;21276105000;21255911111;21755911111;10240;10228
3569;21276109000;21255911111;21755911111;10240;10228
3573;21276124000;21255911111;21755911111;10240;10228
3564;21276277000;21214577777;21714577777;10240;10228
3566;21276488000;21214577777;21714577777;10240;10228
3568;21276500000;21255911111;21755911111;10240;10228
3570;21276698000;21255911111;21755911111;10240;10228
3572;21276898000;21255911111;21755911111;10240;10228
3574;21276910000;21255955555;21755955555;10240;10228
3558;21316810000;21214244444;21714244444;10240;10228
3556;21316903000;21214244444;21714244444;10240;10228
3575;21317768000;21256255555;21756255555;10240;10228
3577;21317780000;21256255555;21756255555;10240;10228
3581;21317809000;21297577777;21797577777;10240;10228
3583;21317817000;21297577777;21797577777;10240;10228
3585;21317835000;21297622222;21797622222;10240;10228
3576;21317950000;21256255555;21756255555;10240;10228
3578;21318163000;21297577777;21797577777;10240;10228
3580;21318173000;21297577777;21797577777;10240;10228
3584;21318369000;21297577777;21797577777;10240;10228
3571;21358534000;21255911111;21755911111;10240;10228
3579;21358904000;21297577777;21797577777;10240;10228
3587;21359486000;21297944444;21797944444;10240;10228
3589;21359514000;21339255555;21839255555;10240;10228
3591;21359520000;21339255555;21839255555;10240;10228
3593;21359539000;21339255555;21839255555;10240;10228
3595;21359559000;21339255555;21839255555;10240;10228
3586;21359644000;21297944444;21797944444;10240;10228
3588;21359844000;21297944444;21797944444;10240;10228
3590;21359854000;21339255555;21839255555;10240;10228
3592;21360009000;21339255555;21839255555;10240;10228
3596;21360254000;21339300000;21839300000;10240;10228
3582;21400686000;21297577777;21797577777;10240;10228
3597;21401109000;21339600000;21839600000;10240;10228
3599;21401122000;21339600000;21839600000;10240;10228
3601;21401143000;21380911111;21880911111;10240;10228
3603;21401149000;21380911111;21880911111;10240;10228
3605;21401179000;21380911111;21880911111;10240;10228
3607;21401184000;21380966666;21880966666;10240;10228
3606;21401346000;21380911111;21880911111;10240;10228
3609;21442743000;21381322222;21881322222;10240;10228
3611;21442756000;21422577777;21922577777;10240;10228
3613;21442765000;21422577777;21922577777;10240;10228
3615;21442785000;21422577777;21922577777;10240;10228
3617;21442790000;21422577777;21922577777;10240;10228
3608;21442965000;21381322222;21881322222;10240;10228
3610;21443166000;21381322222;21881322222;10240;10228
3612;21443178000;21422577777;21922577777;10240;10228
3614;21443376000;21422577777;21922577777;10240;10228
3616;21443574000;21422577777;21922577777;10240;10228
3618;21443585000;21422622222;21922622222;10240;10228
3594;21483605000;21339255555;21839255555;10240;10228
3600;21483773000;21380911111;21880911111;10240;10228
3602;21483783000;21380911111;21880911111;10240;10228
3604;21483891000;21380911111;21880911111;10240;10228
3598;21483903000;21339600000;21839600000;10240;10228
3619;21484465000;21422922222;21922922222;10240;10228
3621;21484475000;21422922222;21922922222;10240;10228
3627;21484483000;21464266666;21964266666;10240;10228
3629;21484488000;21464311111;21964311111;10240;10228
3620;21484613000;21422922222;21922922222;10240;10228
3622;21484817000;21464266666;21964266666;10240;10228
3624;21484845000;21464266666;21964266666;10240;10228
3631;21526131000;21464588888;21964588888;10240;10228
3633;21526160000;21505911111;22005911111;10240;10228
3635;21526167000;21505911111;22005911111;10240;10228
3639;21526186000;21505911111;22005911111;10240;10228
3630;21526286000;21464588888;21964588888;10240;10228
3632;21526493000;21464588888;21964588888;10240;10228
3634;21526505000;21505911111;22005911111;10240;10228
3636;21526683000;21505911111;22005911111;10240;10228
3638;21526897000;21505911111;22005911111;10240;10228
3640;21526907000;21505955555;22005955555;10240;10228
3623;21566612000;21464266666;21964266666;10240;10228
3625;21566790000;21464266666;21964266666;10240;10228
3626;21567245000;21464266666;21964266666;10240;10228
3628;21567433000;21464266666;21964266666;10240;10228
3641;21567739000;21506255555;22006255555;10240;10228
3643;21567752000;21506255555;22006255555;10240;10228
3645;21567773000;21547544444;22047544444;10240;10228
3647;21567779000;21547544444;22047544444;10240;10228
3649;21567809000;21547544444;22047544444;10240;10228
3651;21567816000;21547588888;22047588888;10240;10228
3644;21567917000;21547544444;22047544444;10240;10228
3648;21568132000;21547544444;22047544444;10240;10228
3650;21568338000;21547544444;22047544444;10240;10228
3637;21608445000;21505911111;22005911111;10240;10228
3653;21609434000;21547911111;22047911111;10240;10228
3655;21609446000;21589255555;22089255555;10240;10228
3657;21609458000;21589255555;22089255555;10240;10228
3659;21609476000;21589255555;22089255555;10240;10228
3661;21609483000;21589255555;22089255555;10240;10228
3652;21609627000;21547911111;22047911111;10240;10228
3658;21609823000;21589255555;22089255555;10240;10228
3660;21610026000;21589255555;22089255555;10240;10228
3662;21610039000;21589300000;22089300000;10240;10228
3646;21650398000;21547544444;22047544444;10240;10228
3654;21650980000;21547911111;22047911111;10240;10228
3665;21651094000;21589600000;22089600000;10240;10228
3667;21651118000;21630877777;22130877777;10240;10228
3669;21651123000;21630877777;22130877777;10240;10228
3671;21651128000;21630877777;22130877777;10240;10228
3673;21651158000;21630922222;22130922222;10240;10228
3656;21651164000;21589255555;22089255555;10240;10228
3664;21651432000;21589600000;22089600000;10240;10228
3666;21651443000;21630877777;22130877777;10240;10228
3670;21651641000;21630877777;22130877777;10240;10228
3663;21692012000;21589600000;22089600000;10240;10228
3675;21692794000;21631255555;22131255555;10240;10228
3677;21692805000;21672577777;22172577777;10240;10228
3679;21692811000;21672577777;22172577777;10240;10228
3681;21692819000;21672577777;22172577777;10240;10228
3683;21692837000;21672577777;22172577777;10240;10228
3674;21692969000;21631255555;22131255555;10240;10228
3676;21693200000;21631255555;22131255555;10240;10228
3678;21693208000;21672577777;22172577777;10240;10228
3680;21693413000;21672577777;22172577777;10240;10228
3682;21693596000;21672577777;22172577777;10240;10228
3684;21693615000;21672622222;22172622222;10240;10228
3668;21733901000;21630877777;22130877777;10240;10228
3672;21734274000;21630877777;22130877777;10240;10228
3685;21734406000;21672933333;22172933333;10240;10228
3687;21734416000;21672933333;22172933333;10240;10228
3689;21734424000;21714233333;22214233333;10240;10228
3691;21734428000;21714233333;22214233333;10240;10228
3693;21734449000;21714233333;22214233333;10240;10228
3695;21734455000;21714288888;22214288888;10240;10228
3686;21734657000;21672933333;22172933333;10240;10228
3688;21734840000;21714233333;22214233333;10240;10228
3690;21734864000;21714233333;22214233333;10240;10228
3694;21735022000;21714233333;22214233333;10240;10228
3697;21776096000;21714555555;22214555555;10240;10228
3699;21776124000;21755911111;22255911111;10240;10228
3701;21776135000;21755911111;22255911111;10240;10228
3703;21776149000;21755911111;22255911111;10240;10228
3705;21776169000;21755911111;22255911111;10240;10228
3696;21776329000;21714555555;22214555555;10240;10228
3698;21776524000;21714555555;22214555555;10240;10228
3700;21776535000;21755911111;22255911111;10240;10228
3702;21776743000;21755911111;22255911111;10240;10228
3704;21776909000;21755911111;22255911111;10240;10228
3706;21776920000;21755955555;22255955555;10240;10228
3692;21817189000;21714233333;22214233333;10240;10228
3707;21817694000;21756222222;22256222222;10240;10228
3711;21817705000;21797544444;22297544444;10240;10228
3713;21817714000;21797544444;22297544444;10240;10228
3715;21817736000;21797544444;22297544444;10240;10228
3717;21817742000;21797588888;22297588888;10240;10228
3708;21817967000;21756222222;22256222222;10240;10228
3710;21818188000;21797544444;22297544444;10240;10228
3712;21818384000;21797544444;22297544444;10240;10228
3714;21818395000;21797544444;22297544444;10240;10228
3716;21818595000;21797544444;22297544444;10240;10228
3709;21858671000;21756222222;22256222222;10240;10228
3719;21859430000;21797888888;22297888888;10240;10228
3721;21859443000;21839222222;22339222222;10240;10228
3723;21859454000;21839222222;22339222222;10240;10228
3725;21859463000;21839222222;22339222222;10240;10228
3727;21859484000;21839222222;22339222222;10240;10228
3718;21859609000;21797888888;22297888888;10240;10228
3720;21859838000;21797888888;22297888888;10240;10228
3724;21859862000;21839222222;22339222222;10240;10228
3726;21860031000;21839222222;22339222222;10240;10228
3728;21860041000;21839266666;22339266666;10240;10228
3722;21901016000;21839222222;22339222222;10240;10228
3729;21901069000;21839533333;22339533333;10240;10228
3731;21901161000;21839533333;22339533333;10240;10228
3733;21901176000;21880911111;22380911111;10240;10228
3735;21901181000;21880911111;22380911111;10240;10228
3737;21901185000;21880911111;22380911111;10240;10228
3739;21901189000;21880955555;22380955555;10240;10228
3730;21901342000;21839533333;22339533333;10240;10228
3734;21901537000;21880911111;22380911111;10240;10228
3736;21901549000;21880911111;22380911111;10240;10228
3738;21901758000;21880911111;22380911111;10240;10228
3732;21942500000;21880911111;22380911111;10240;10228
3741;21942781000;21881255555;22381255555;10240;10228
3743;21942795000;21922566666;22422566666;10240;10228
3745;21942799000;21922566666;22422566666;10240;10228
3747;21942812000;21922566666;22422566666;10240;10228
3749;21942824000;21922566666;22422566666;10240;10228
3740;21942957000;21881255555;22381255555;10240;10228
3742;21943170000;21881255555;22381255555;10240;10228
3744;21943196000;21922566666;22422566666;10240;10228
3746;21943392000;21922566666;22422566666;10240;10228
3748;21943583000;21922566666;22422566666;10240;10228
3750;21943619000;21922611111;22422611111;10240;10228
3752;21984379000;21922911111;22422911111;10240;10228
3754;21984396000;21964233333;22464233333;10240;10228
3756;21984406000;21964233333;22464233333;10240;10228
3758;21984425000;21964233333;22464233333;10240;10228
3760;21984431000;21964233333;22464233333;10240;10228
3751;21984574000;21922911111;22422911111;10240;10228
3753;21984796000;21922911111;22422911111;10240;10228
3755;21985030000;21964233333;22464233333;10240;10228
3757;21985066000;21964233333;22464233333;10240;10228
3759;21985230000;21964233333;22464233333;10240;10228
3761;21985249000;21964277777;22464277777;10240;10228
3762;22026084000;21964566666;22464566666;10240;10228
3764;22026097000;21964566666;22464566666;10240;10228
3766;22026104000;22005877777;22505877777;10240;10228
3768;22026116000;22005877777;22505877777;10240;10228
3770;22026139000;22005877777;22505877777;10240;10228
3772;22026144000;22005922222;22505922222;10240;10228
3763;22026259000;21964566666;22464566666;10240;10228
3765;22026462000;22005877777;22505877777;10240;10228
3769;22026494000;22005877777;22505877777;10240;10228
3771;22026655000;22005877777;22505877777;10240;10228
3774;22067755000;22006222222;22506222222;10240;10228
3776;22067781000;22047577777;22547577777;10240;10228
3778;22067795000;22047577777;22547577777;10240;10228
3780;22067809000;22047577777;22547577777;10240;10228
3782;22067828000;22047577777;22547577777;10240;10228
3773;22067950000;22006222222;22506222222;10240;10228
3775;22068157000;22006222222;22506222222;10240;10228
3777;22068168000;22047577777;22547577777;10240;10228
3779;22068362000;22047577777;22547577777;10240;10228
3781;22068560000;22047577777;22547577777;10240;10228
3783;22068571000;22047622222;22547622222;10240;10228
3767;22108808000;22005877777;22505877777;10240;10228
3784;22109429000;22047911111;22547911111;10240;10228
3786;22109440000;22047911111;22547911111;10240;10228
3788;22109448000;22089211111;22589211111;10240;10228
3790;22109459000;22089211111;22589211111;10240;10228
3792;22109477000;22089211111;22589211111;10240;10228
3794;22109483000;22089266666;22589266666;10240;10228
3785;22109603000;22047911111;22547911111;10240;10228
3787;22109805000;22089211111;22589211111;10240;10228
3789;22109831000;22089211111;22589211111;10240;10228
3791;22110001000;22089211111;22589211111;10240;10228
3793;22110211000;22089211111;22589211111;10240;10228
3796;22151054000;22089544444;22589544444;10240;10228
3800;22151068000;22130911111;22630911111;10240;10228
3802;22151089000;22130911111;22630911111;10240;10228
3804;22151095000;22130911111;22630911111;10240;10228
3795;22151257000;22089544444;22589544444;10240;10228
3797;22151475000;22089544444;22589544444;10240;10228
3799;22151502000;22130911111;22630911111;10240;10228
3801;22151663000;22130911111;22630911111;10240;10228
3803;22151869000;22130911111;22630911111;10240;10228
3805;22151880000;22130955555;22630955555;10240;10228
3798;22191911000;22130911111;22630911111;10240;10228
3808;22192787000;22131244444;22631244444;10240;10228
3810;22192802000;22172555555;22672555555;10240;10228
3812;22192806000;22172555555;22672555555;10240;10228
3814;22192820000;22172555555;22672555555;10240;10228
3816;22192828000;22172600000;22672600000;10240;10228
3807;22192939000;22131244444;22631244444;10240;10228
3809;22193135000;22172555555;22672555555;10240;10228
3811;22193357000;22172555555;22672555555;10240;10228
3813;22193368000;22172555555;22672555555;10240;10228
3815;22193561000;22172555555;22672555555;10240;10228
3806;22233698000;22131244444;22631244444;10240;10228
3818;22234408000;22172911111;22672911111;10240;10228
3820;22234423000;22214222222;22714222222;10240;10228
3824;22234433000;22214222222;22714222222;10240;10228
3826;22234453000;22214222222;22714222222;10240;10228
3817;22234599000;22172911111;22672911111;10240;10228
3819;22234807000;22172911111;22672911111;10240;10228
3823;22234831000;22214222222;22714222222;10240;10228
3825;22235033000;22214222222;22714222222;10240;10228
3827;22235047000;22214266666;22714266666;10240;10228
3828;22276036000;22214544444;22714544444;10240;10228
3830;22276064000;22214544444;22714544444;10240;10228
3832;22276091000;22255877777;22755877777;10240;10228
3834;22276133000;22255877777;22755877777;10240;10228
3836;22276139000;22255877777;22755877777;10240;10228
3829;22276254000;22214544444;22714544444;10240;10228
3831;22276463000;22255877777;22755877777;10240;10228
3833;22276475000;22255877777;22755877777;10240;10228
3835;22276653000;22255877777;22755877777;10240;10228
3837;22276866000;22255877777;22755877777;10240;10228
3822;22316667000;22214222222;22714222222;10240;10228
3844;22317811000;22297544444;22797544444;10240;10228
3839;22317920000;22256211111;22756211111;10240;10228
3841;22318171000;22256211111;22756211111;10240;10228
3843;22318332000;22297544444;22797544444;10240;10228
3845;22318344000;22297544444;22797544444;10240;10228
3847;22318536000;22297544444;22797544444;10240;10228
3849;22318547000;22297588888;22797588888;10240;10228
3850;22359405000;22297900000;22797900000;10240;10228
3852;22359417000;22297900000;22797900000;10240;10228
3854;22359424000;22339244444;22839244444;10240;10228
3856;22359444000;22339244444;22839244444;10240;10228
3858;22359451000;22339244444;22839244444;10240;10228
3860;22359460000;22339288888;22839288888;10240;10228
3851;22359621000;22297900000;22797900000;10240;10228
3853;22359823000;22339244444;22839244444;10240;10228
3855;22359835000;22339244444;22839244444;10240;10228
3857;22360023000;22339244444;22839244444;10240;10228
3842;22400100000;22297544444;22797544444;10240;10228
3838;22400128000;22255922222;22755922222;10240;10228
3846;22400238000;22297544444;22797544444;10240;10228
3862;22401158000;22339566666;22839566666;10240;10228
3864;22401169000;22380911111;22880911111;10240;10228
3868;22401176000;22380911111;22880911111;10240;10228
3870;22401183000;22380911111;22880911111;10240;10228
3861;22401308000;22339566666;22839566666;10240;10228
3863;22401493000;22339566666;22839566666;10240;10228
3865;22401505000;22380911111;22880911111;10240;10228
3867;22401684000;22380911111;22880911111;10240;10228
3869;22401897000;22380911111;22880911111;10240;10228
3871;22401906000;22380955555;22880955555;10240;10228
3859;22442175000;22339244444;22839244444;10240;10228
3872;22442770000;22381288888;22881288888;10240;10228
3876;22442781000;22422577777;22922577777;10240;10228
3878;22442786000;22422577777;22922577777;10240;10228
3880;22442807000;22422577777;22922577777;10240;10228
3882;22442814000;22422633333;22922633333;10240;10228
3873;22442973000;22381288888;22881288888;10240;10228
3875;22443185000;22422577777;22922577777;10240;10228
3877;22443195000;22422577777;22922577777;10240;10228
3881;22443390000;22422577777;22922577777;10240;10228
3866;22483386000;22380911111;22880911111;10240;10228
3874;22483798000;22381288888;22881288888;10240;10228
3884;22484471000;22422955555;22922955555;10240;10228
3886;22484499000;22464244444;22964244444;10240;10228
3888;22484506000;22464244444;22964244444;10240;10228
3890;22484525000;22464244444;22964244444;10240;10228
3892;22484544000;22464244444;22964244444;10240;10228
3883;22484629000;22422955555;22922955555;10240;10228
3885;22484830000;22422955555;22922955555;10240;10228
3887;22484840000;22464244444;22964244444;10240;10228
3889;22485036000;22464244444;22964244444;10240;10228
3891;22485243000;22464244444;22964244444;10240;10228
3893;22485254000;22464288888;22964288888;10240;10228
3879;22525712000;22422577777;22922577777;10240;10228
3898;22526111000;22505877777;23005877777;10240;10228
3900;22526124000;22505877777;23005877777;10240;10228
3902;22526134000;22505877777;23005877777;10240;10228
3904;22526143000;22505922222;23005922222;10240;10228
3899;22526313000;22505877777;23005877777;10240;10228
3901;22526518000;22505877777;23005877777;10240;10228
3903;22526529000;22505877777;23005877777;10240;10228
3894;22566817000;22464555555;22964555555;10240;10228
3896;22566849000;22464555555;22964555555;10240;10228
3895;22567336000;22464555555;22964555555;10240;10228
3897;22567361000;22505877777;23005877777;10240;10228
3906;22567729000;22506244444;23006244444;10240;10228
3908;22567741000;22547544444;23047544444;10240;10228
3910;22567748000;22547544444;23047544444;10240;10228
3912;22567769000;22547544444;23047544444;10240;10228
3914;22567776000;22547544444;23047544444;10240;10228
3905;22567924000;22506244444;23006244444;10240;10228
3907;22568124000;22506244444;23006244444;10240;10228
3909;22568340000;22547544444;23047544444;10240;10228
3911;22568367000;22547544444;23047544444;10240;10228
3915;22568383000;22547588888;23047588888;10240;10228
3916;22609398000;22547900000;23047900000;10240;10228
3918;22609410000;22547900000;23047900000;10240;10228
3920;22609431000;22589222222;23089222222;10240;10228
3926;22609438000;22589266666;23089266666;10240;10228
3917;22609596000;22547900000;23047900000;10240;10228
3919;22609805000;22589222222;23089222222;10240;10228
3921;22609815000;22589222222;23089222222;10240;10228
3923;22610002000;22589222222;23089222222;10240;10228
3925;22610216000;22589222222;23089222222;10240;10228
3913;22650420000;22547544444;23047544444;10240;10228
3928;22651126000;22589566666;23089566666;10240;10228
3930;22651154000;22630877777;23130877777;10240;10228
3932;22651160000;22630877777;23130877777;10240;10228
3934;22651180000;22630877777;23130877777;10240;10228
3936;22651211000;22630877777;23130877777;10240;10228
3927;22651218000;22589566666;23089566666;10240;10228
3929;22651471000;22589566666;23089566666;10240;10228
3931;22651481000;22630877777;23130877777;10240;10228
3933;22651668000;22630877777;23130877777;10240;10228
3935;22651869000;22630877777;23130877777;10240;10228
3937;22651880000;22630922222;23130922222;10240;10228
3922;22691890000;22589222222;23089222222;10240;10228
3924;22692118000;22589222222;23089222222;10240;10228
3938;22692854000;22631277777;23131277777;10240;10228
3940;22692874000;22631277777;23131277777;10240;10228
3942;22692906000;22672677777;23172677777;10240;10228
3944;22692924000;22672677777;23172677777;10240;10228
3946;22692945000;22672677777;23172677777;10240;10228
3948;22692962000;22672733333;23172733333;10240;10228
3939;22693026000;22631277777;23131277777;10240;10228
3941;22693286000;22672677777;23172677777;10240;10228
3943;22693314000;22672677777;23172677777;10240;10228
3945;22693482000;22672677777;23172677777;10240;10228
3947;22693673000;22672677777;23172677777;10240;10228
3950;22734392000;22673033333;23173033333;10240;10228
3952;22734425000;22714244444;23214244444;10240;10228
3954;22734458000;22714244444;23214244444;10240;10228
3956;22734472000;22714244444;23214244444;10240;10228
3958;22734493000;22714244444;23214244444;10240;10228
3949;22734621000;22673033333;23173033333;10240;10228
3951;22734825000;22673033333;23173033333;10240;10228
3953;22734849000;22714244444;23214244444;10240;10228
3957;22734991000;22714244444;23214244444;10240;10228
3959;22735236000;22714288888;23214288888;10240;10228
3960;22776019000;22714566666;23214566666;10240;10228
3962;22776032000;22714566666;23214566666;10240;10228
3964;22776126000;22755877777;23255877777;10240;10228
3966;22776151000;22755877777;23255877777;10240;10228
3968;22776191000;22755877777;23255877777;10240;10228
3970;22776209000;22755922222;23255922222;10240;10228
3961;22776237000;22714566666;23214566666;10240;10228
3963;22776470000;22755877777;23255877777;10240;10228
3969;22776483000;22755877777;23255877777;10240;10228
3955;22817320000;22714244444;23214244444;10240;10228
3972;22817697000;22756222222;23256222222;10240;10228
3974;22817723000;22797544444;23297544444;10240;10228
3978;22817781000;22797544444;23297544444;10240;10228
3980;22817806000;22797544444;23297544444;10240;10228
3971;22817923000;22756222222;23256222222;10240;10228
3973;22818147000;22756222222;23256222222;10240;10228
3975;22818167000;22797544444;23297544444;10240;10228
3977;22818331000;22797544444;23297544444;10240;10228
3981;22818535000;22797588888;23297588888;10240;10228
3965;22858728000;22755877777;23255877777;10240;10228
3967;22858769000;22755877777;23255877777;10240;10228
3982;22859415000;22797911111;23297911111;10240;10228
3984;22859436000;22797911111;23297911111;10240;10228
3988;22859456000;22839222222;23339222222;10240;10228
3990;22859477000;22839222222;23339222222;10240;10228
3992;22859493000;22839266666;23339266666;10240;10228
3983;22859616000;22797911111;23297911111;10240;10228
3985;22859828000;22839222222;23339222222;10240;10228
3987;22859867000;22839222222;23339222222;10240;10228
3989;22859987000;22839222222;23339222222;10240;10228
3991;22860261000;22839222222;23339222222;10240;10228
3976;22899942000;22797544444;23297544444;10240;10228
3979;22900954000;22797544444;23297544444;10240;10228
3994;22901071000;22839555555;23339555555;10240;10228
3996;22901099000;22880955555;23380955555;10240;10228
3998;22901159000;22880955555;23380955555;10240;10228
4000;22901182000;22880955555;23380955555;10240;10228
4002;22901204000;22880955555;23380955555;10240;10228
3993;22901341000;22839555555;23339555555;10240;10228
3995;22901568000;22839555555;23339555555;10240;10228
3997;22901587000;22880955555;23380955555;10240;10228
3999;22901727000;22880955555;23380955555;10240;10228
4001;22901933000;22880955555;23380955555;10240;10228
4003;22901971000;22881000000;23381000000;10240;10228
4004;22942750000;22881311111;23381311111;10240;10228
4006;22942768000;22881311111;23381311111;10240;10228
4008;22942790000;22922577777;23422577777;10240;10228
4010;22942807000;22922577777;23422577777;10240;10228
4012;22942826000;22922577777;23422577777;10240;10228
4014;22942843000;22922622222;23422622222;10240;10228
4005;22942961000;22881311111;23381311111;10240;10228
4007;22943162000;22922577777;23422577777;10240;10228
4009;22943177000;22922577777;23422577777;10240;10228
4011;22943383000;22922577777;23422577777;10240;10228
4013;22943536000;22922577777;23422577777;10240;10228
4018;22984383000;22964211111;23464211111;10240;10228
4022;22984408000;22964211111;23464211111;10240;10228
4024;22984417000;22964211111;23464211111;10240;10228
4015;22984609000;22922922222;23422922222;10240;10228
4017;22984809000;22922922222;23422922222;10240;10228
4019;22984836000;22964211111;23464211111;10240;10228
4021;22985013000;22964211111;23464211111;10240;10228
4023;22985214000;22964211111;23464211111;10240;10228
4025;22985230000;22964255555;23464255555;10240;10228
4016;23025273000;22922922222;23422922222;10240;10228
4026;23026036000;22964533333;23464533333;10240;10228
4028;23026081000;22964533333;23464533333;10240;10228
4030;23026118000;23005877777;23505877777;10240;10228
4032;23026157000;23005877777;23505877777;10240;10228
4034;23026184000;23005877777;23505877777;10240;10228
4036;23026202000;23005922222;23505922222;10240;10228
4027;23026276000;22964533333;23464533333;10240;10228
4029;23026492000;23005877777;23505877777;10240;10228
4031;23026502000;23005877777;23505877777;10240;10228
4033;23026640000;23005877777;23505877777;10240;10228
4035;23026842000;23005877777;23505877777;10240;10228
4020;23066653000;22964211111;23464211111;10240;10228
4038;23067732000;23006233333;23506233333;10240;10228
4040;23067772000;23047577777;23547577777;10240;10228
4042;23067800000;23047577777;23547577777;10240;10228
4044;23067818000;23047577777;23547577777;10240;10228
4046;23067837000;23047577777;23547577777;10240;10228
4037;23067920000;23006233333;23506233333;10240;10228
4039;23068121000;23006233333;23506233333;10240;10228
4041;23068327000;23047577777;23547577777;10240;10228
4043;23068367000;23047577777;23547577777;10240;10228
4045;23068520000;23047577777;23547577777;10240;10228
4048;23109373000;23047944444;23547944444;10240;10228
4050;23109404000;23047944444;23547944444;10240;10228
4052;23109440000;23089244444;23589244444;10240;10228
4054;23109455000;23089244444;23589244444;10240;10228
4056;23109475000;23089244444;23589244444;10240;10228
4058;23109490000;23089288888;23589288888;10240;10228
4051;23109586000;23089244444;23589244444;10240;10228
4053;23109849000;23089244444;23589244444;10240;10228
4055;23109861000;23089244444;23589244444;10240;10228
4057;23110055000;23089244444;23589244444;10240;10228
4047;23150744000;23047644444;23547644444;10240;10228
4049;23150963000;23047944444;23547944444;10240;10228
4060;23150989000;23089566666;23589566666;10240;10228
4062;23151091000;23130877777;23630877777;10240;10228
4064;23151119000;23130877777;23630877777;10240;10228
4066;23151139000;23130877777;23630877777;10240;10228
4068;23151157000;23130877777;23630877777;10240;10228
4059;23151207000;23089566666;23589566666;10240;10228
4061;23151409000;23089566666;23589566666;10240;10228
4063;23151604000;23130877777;23630877777;10240;10228
4065;23151640000;23130877777;23630877777;10240;10228
4067;23151807000;23130877777;23630877777;10240;10228
4069;23151831000;23130933333;23630933333;10240;10228
4072;23192724000;23131255555;23631255555;10240;10228
4074;23192762000;23172577777;23672577777;10240;10228
4076;23192790000;23172577777;23672577777;10240;10228
4078;23192814000;23172577777;23672577777;10240;10228
4071;23192932000;23131255555;23631255555;10240;10228
4073;23193135000;23172577777;23672577777;10240;10228
4075;23193337000;23172577777;23672577777;10240;10228
4077;23193358000;23172577777;23672577777;10240;10228
4079;23193533000;23172577777;23672577777;10240;10228
4082;23234415000;23172922222;23672922222;10240;10228
4084;23234436000;23214222222;23714222222;10240;10228
4086;23234456000;23214222222;23714222222;10240;10228
4088;23234476000;23214222222;23714222222;10240;10228
4090;23234493000;23214222222;23714222222;10240;10228
4081;23234595000;23172922222;23672922222;10240;10228
4083;23234800000;23172922222;23672922222;10240;10228
4085;23234812000;23214222222;23714222222;10240;10228
4087;23235001000;23214222222;23714222222;10240;10228
4089;23235216000;23214222222;23714222222;10240;10228
4091;23235226000;23214266666;23714266666;10240;10228
4080;23275237000;23172622222;23672622222;10240;10228
4092;23276030000;23214544444;23714544444;10240;10228
4094;23276076000;23214544444;23714544444;10240;10228
4096;23276119000;23255888888;23755888888;10240;10228
4098;23276128000;23255888888;23755888888;10240;10228
4100;23276165000;23255888888;23755888888;10240;10228
4102;23276173000;23255944444;23755944444;10240;10228
4093;23276275000;23214544444;23714544444;10240;10228
4095;23276485000;23255888888;23755888888;10240;10228
4097;23276512000;23255888888;23755888888;10240;10228
4099;23276687000;23255888888;23755888888;10240;10228
4101;23276890000;23255888888;23755888888;10240;10228
4104;23317688000;23256233333;23756233333;10240;10228
4106;23317726000;23297544444;23797544444;10240;10228
4108;23317755000;23297544444;23797544444;10240;10228
4110;23317775000;23297544444;23797544444;10240;10228
4112;23317796000;23297544444;23797544444;10240;10228
4103;23317891000;23256233333;23756233333;10240;10228
4105;23318073000;23256233333;23756233333;10240;10228
4109;23318287000;23297544444;23797544444;10240;10228
4113;23318301000;23297588888;23797588888;10240;10228
4114;23359430000;23297900000;23797900000;10240;10228
4118;23359451000;23339244444;23839244444;10240;10228
4120;23359471000;23339244444;23839244444;10240;10228
4122;23359491000;23339244444;23839244444;10240;10228
4124;23359508000;23339288888;23839288888;10240;10228
4115;23359642000;23297900000;23797900000;10240;10228
4117;23359840000;23339244444;23839244444;10240;10228
4119;23359869000;23339244444;23839244444;10240;10228
4121;23360055000;23339244444;23839244444;10240;10228
4123;23360238000;23339244444;23839244444;10240;10228
4116;23400538000;23297900000;23797900000;10240;10228
4107;23400841000;23297544444;23797544444;10240;10228
4111;23401075000;23297544444;23797544444;10240;10228
4126;23401111000;23339588888;23839588888;10240;10228
4128;23401118000;23380911111;23880911111;10240;10228
4130;23401133000;23380911111;23880911111;10240;10228
4132;23401139000;23380911111;23880911111;10240;10228
4134;23401183000;23380911111;23880911111;10240;10228
4125;23401275000;23339588888;23839588888;10240;10228
4127;23401487000;23339588888;23839588888;10240;10228
4129;23401513000;23380911111;23880911111;10240;10228
4131;23401686000;23380911111;23880911111;10240;10228
4133;23401888000;23380911111;23880911111;10240;10228
4135;23401915000;23380966666;23880966666;10240;10228
4136;23442765000;23381322222;23881322222;10240;10228
4138;23442796000;23381322222;23881322222;10240;10228
4140;23442824000;23422611111;23922611111;10240;10228
4142;23442856000;23422611111;23922611111;10240;10228
4144;23442874000;23422611111;23922611111;10240;10228
4146;23442893000;23422666666;23922666666;10240;10228
4137;23442961000;23381322222;23881322222;10240;10228
4139;23443165000;23422611111;23922611111;10240;10228
4141;23443370000;23422611111;23922611111;10240;10228
4143;23443410000;23422611111;23922611111;10240;10228
4145;23443566000;23422611111;23922611111;10240;10228
4148;23484408000;23422955555;23922955555;10240;10228
4150;23484460000;23464288888;23964288888;10240;10228
4152;23484477000;23464288888;23964288888;10240;10228
4154;23484498000;23464288888;23964288888;10240;10228
4156;23484515000;23464288888;23964288888;10240;10228
4147;23484617000;23422955555;23922955555;10240;10228
4149;23484809000;23422955555;23922955555;10240;10228
4151;23485013000;23464288888;23964288888;10240;10228
4153;23485037000;23464288888;23964288888;10240;10228
4155;23485225000;23464288888;23964288888;10240;10228
4157;23485265000;23464344444;23964344444;10240;10228
4158;23526053000;23464611111;23964611111;10240;10228
4160;23526074000;23464611111;23964611111;10240;10228
4162;23526105000;23505877777;24005877777;10240;10228
4168;23526124000;23505922222;24005922222;10240;10228
4159;23526254000;23464611111;23964611111;10240;10228
4161;23526469000;23505877777;24005877777;10240;10228
4165;23526497000;23505877777;24005877777;10240;10228
4170;23567770000;23506222222;24006222222;10240;10228
4172;23567799000;23547577777;24047577777;10240;10228
4174;23567827000;23547577777;24047577777;10240;10228
4176;23567867000;23547577777;24047577777;10240;10228
4178;23567895000;23547577777;24047577777;10240;10228
4169;23567923000;23506222222;24006222222;10240;10228
4171;23568131000;23506222222;24006222222;10240;10228
4173;23568372000;23547577777;24047577777;10240;10228
4177;23568392000;23547577777;24047577777;10240;10228
4164;23608296000;23505877777;24005877777;10240;10228
4166;23608336000;23505877777;24005877777;10240;10228
4163;23608968000;23505877777;24005877777;10240;10228
4167;23609155000;23505877777;24005877777;10240;10228
4182;23609395000;23547944444;24047944444;10240;10228
4184;23609424000;23589266666;24089266666;10240;10228
4186;23609479000;23589266666;24089266666;10240;10228
4190;23609506000;23589311111;24089311111;10240;10228
4181;23609603000;23547944444;24047944444;10240;10228
4183;23609794000;23589266666;24089266666;10240;10228
4185;23609998000;23589266666;24089266666;10240;10228
4187;23610013000;23589266666;24089266666;10240;10228
4189;23610210000;23589266666;24089266666;10240;10228
4179;23650668000;23547622222;24047622222;10240;10228
4192;23651041000;23589600000;24089600000;10240;10228
4194;23651097000;23630911111;24130911111;10240;10228
4196;23651112000;23630911111;24130911111;10240;10228
4198;23651133000;23630911111;24130911111;10240;10228
4200;23651150000;23630911111;24130911111;10240;10228
4191;23651286000;23589600000;24089600000;10240;10228
4193;23651496000;23589600000;24089600000;10240;10228
4195;23651507000;23630911111;24130911111;10240;10228
4197;23651691000;23630911111;24130911111;10240;10228
4199;23651855000;23630911111;24130911111;10240;10228
4201;23651867000;23630955555;24130955555;10240;10228
4188;23691627000;23589266666;24089266666;10240;10228
4202;23692724000;23631277777;24131277777;10240;10228
4204;23692748000;23631277777;24131277777;10240;10228
4206;23692782000;23672577777;24172577777;10240;10228
4208;23692809000;23672577777;24172577777;10240;10228
4210;23692829000;23672577777;24172577777;10240;10228
4212;23692846000;23672644444;24172644444;10240;10228
4203;23692962000;23631277777;24131277777;10240;10228
4205;23693172000;23672577777;24172577777;10240;10228
4207;23693192000;23672577777;24172577777;10240;10228
4209;23693375000;23672577777;24172577777;10240;10228
4211;23693572000;23672577777;24172577777;10240;10228
4214;23734377000;23672955555;24172955555;10240;10228
4216;23734413000;23714233333;24214233333;10240;10228
4218;23734442000;23714233333;24214233333;10240;10228
4220;23734461000;23714233333;24214233333;10240;10228
4222;23734481000;23714233333;24214233333;10240;10228
4213;23734609000;23672955555;24172955555;10240;10228
4215;23734815000;23672955555;24172955555;10240;10228
4217;23734840000;23714233333;24214233333;10240;10228
4219;23735003000;23714233333;24214233333;10240;10228
4221;23735227000;23714233333;24214233333;10240;10228
4223;23735254000;23714288888;24214288888;10240;10228
4224;23776202000;23714588888;24214588888;10240;10228
4226;23776220000;23714588888;24214588888;10240;10228
4228;23776265000;23756022222;24256022222;10240;10228
4234;23776289000;23756066666;24256066666;10240;10228
4225;23776402000;23714588888;24214588888;10240;10228
4227;23776568000;23756022222;24256022222;10240;10228
4229;23776785000;23756022222;24256022222;10240;10228
4231;23776810000;23756022222;24256022222;10240;10228
4233;23776990000;23756022222;24256022222;10240;10228
4236;23817702000;23756400000;24256400000;10240;10228
4238;23817743000;23797555555;24297555555;10240;10228
4240;23817789000;23797555555;24297555555;10240;10228
4242;23817830000;23797555555;24297555555;10240;10228
4235;23817933000;23756400000;24256400000;10240;10228
4237;23818182000;23756400000;24256400000;10240;10228
4241;23818341000;23797555555;24297555555;10240;10228
4243;23818351000;23797555555;24297555555;10240;10228
4245;23818356000;23797600000;24297600000;10240;10228
4230;23858515000;23756022222;24256022222;10240;10228
4232;23858713000;23756022222;24256022222;10240;10228
4248;23859484000;23797933333;24297933333;10240;10228
4250;23859526000;23839266666;24339266666;10240;10228
4252;23859570000;23839266666;24339266666;10240;10228
4254;23859601000;23839266666;24339266666;10240;10228
4256;23859620000;23839311111;24339311111;10240;10228
4247;23859649000;23797933333;24297933333;10240;10228
4249;23859847000;23839266666;24339266666;10240;10228
4251;23859861000;23839266666;24339266666;10240;10228
4253;23860011000;23839266666;24339266666;10240;10228
4255;23860268000;23839266666;24339266666;10240;10228
4244;23900161000;23797555555;24297555555;10240;10228
4246;23900383000;23797933333;24297933333;10240;10228
4239;23900859000;23797555555;24297555555;10240;10228
4260;23901052000;23880911111;24380911111;10240;10228
4266;23901101000;23880911111;24380911111;10240;10228
4257;23901237000;23839588888;24339588888;10240;10228
4261;23901440000;23880911111;24380911111;10240;10228
4263;23901636000;23880911111;24380911111;10240;10228
4265;23901650000;23880911111;24380911111;10240;10228
4267;23901838000;23880977777;24380977777;10240;10228
4259;23942215000;23839588888;24339588888;10240;10228
4268;23942752000;23881300000;24381300000;10240;10228
4270;23942766000;23881300000;24381300000;10240;10228
4272;23942810000;23922577777;24422577777;10240;10228
4274;23942851000;23922577777;24422577777;10240;10228
4276;23942889000;23922577777;24422577777;10240;10228
4278;23942915000;23922622222;24422622222;10240;10228
4269;23942944000;23881300000;24381300000;10240;10228
4271;23943143000;23922577777;24422577777;10240;10228
4273;23943387000;23922577777;24422577777;10240;10228
4275;23943398000;23922577777;24422577777;10240;10228
4277;23943582000;23922577777;24422577777;10240;10228
4258;23982866000;23839588888;24339588888;10240;10228
4262;23983346000;23880911111;24380911111;10240;10228
4264;23983597000;23880911111;24380911111;10240;10228
4279;23984617000;23922933333;24422933333;10240;10228
4280;23984640000;23922933333;24422933333;10240;10228
4282;23984645000;23964500000;24464500000;10240;10228
4284;23984686000;23964500000;24464500000;10240;10228
4286;23984709000;23964500000;24464500000;10240;10228
4288;23984727000;23964500000;24464500000;10240;10228
4281;23984839000;23922933333;24422933333;10240;10228
4283;23985056000;23964500000;24464500000;10240;10228
4285;23985078000;23964500000;24464500000;10240;10228
4287;23985270000;23964500000;24464500000;10240;10228
4289;23985296000;23964544444;24464544444;10240;10228
4294;24026411000;24006255555;24506255555;10240;10228
4296;24026445000;24006255555;24506255555;10240;10228
4298;24026474000;24006255555;24506255555;10240;10228
4300;24026494000;24006300000;24506300000;10240;10228
4291;24026591000;23964844444;24464844444;10240;10228
4293;24026841000;24006255555;24506255555;10240;10228
4295;24026858000;24006255555;24506255555;10240;10228
4297;24027052000;24006255555;24506255555;10240;10228
4299;24027273000;24006255555;24506255555;10240;10228
4290;24067336000;23964844444;24464844444;10240;10228
4292;24067529000;23964844444;24464844444;10240;10228
4302;24067862000;24006588888;24506588888;10240;10228
4304;24067915000;24047733333;24547733333;10240;10228
4306;24067943000;24047733333;24547733333;10240;10228
4301;24067964000;24006588888;24506588888;10240;10228
4308;24068003000;24047733333;24547733333;10240;10228
4310;24068038000;24047733333;24547733333;10240;10228
4303;24068193000;24006588888;24506588888;10240;10228
4305;24068380000;24047733333;24547733333;10240;10228
4307;24068390000;24047733333;24547733333;10240;10228
4311;24068553000;24047777777;24547777777;10240;10228
4312;24109396000;24048100000;24548100000;10240;10228
4314;24109419000;24048100000;24548100000;10240;10228
4316;24109468000;24089244444;24589244444;10240;10228
4318;24109506000;24089244444;24589244444;10240;10228
4322;24109524000;24089311111;24589311111;10240;10228
4313;24109614000;24048100000;24548100000;10240;10228
4315;24109818000;24089244444;24589244444;10240;10228
4317;24109823000;24089244444;24589244444;10240;10228
4319;24110017000;24089244444;24589244444;10240;10228
4321;24110196000;24089244444;24589244444;10240;10228
4324;24151012000;24089600000;24589600000;10240;10228
4326;24151033000;24130877777;24630877777;10240;10228
4328;24151077000;24130877777;24630877777;10240;10228
4330;24151102000;24130877777;24630877777;10240;10228
4332;24151123000;24130877777;24630877777;10240;10228
4323;24151253000;24089600000;24589600000;10240;10228
4325;24151462000;24089600000;24589600000;10240;10228
4327;24151481000;24130877777;24630877777;10240;10228
4329;24151651000;24130877777;24630877777;10240;10228
4331;24151868000;24130877777;24630877777;10240;10228
4333;24151877000;24130922222;24630922222;10240;10228
4320;24191826000;24089244444;24589244444;10240;10228
4334;24192857000;24131255555;24631255555;10240;10228
4336;24192878000;24131255555;24631255555;10240;10228
4338;24192898000;24172666666;24672666666;10240;10228
4340;24192917000;24172666666;24672666666;10240;10228
4342;24192946000;24172666666;24672666666;10240;10228
4344;24192973000;24172711111;24672711111;10240;10228
4335;24193021000;24131255555;24631255555;10240;10228
4339;24193220000;24172666666;24672666666;10240;10228
4341;24193427000;24172666666;24672666666;10240;10228
4343;24193444000;24172666666;24672666666;10240;10228
4346;24234445000;24173011111;24673011111;10240;10228
4348;24234486000;24214311111;24714311111;10240;10228
4350;24234534000;24214311111;24714311111;10240;10228
4352;24234547000;24214311111;24714311111;10240;10228
4354;24234577000;24214311111;24714311111;10240;10228
4337;24234607000;24172666666;24672666666;10240;10228
4345;24234799000;24173011111;24673011111;10240;10228
4347;24235006000;24173011111;24673011111;10240;10228
4349;24235029000;24214311111;24714311111;10240;10228
4351;24235219000;24214311111;24714311111;10240;10228
4353;24235260000;24214311111;24714311111;10240;10228
4355;24235420000;24214355555;24714355555;10240;10228
4356;24276077000;24214644444;24714644444;10240;10228
4358;24276098000;24214644444;24714644444;10240;10228
4360;24276130000;24255888888;24755888888;10240;10228
4362;24276159000;24255888888;24755888888;10240;10228
4364;24276177000;24255888888;24755888888;10240;10228
4366;24276207000;24255933333;24755933333;10240;10228
4357;24276234000;24214644444;24714644444;10240;10228
4359;24276427000;24255888888;24755888888;10240;10228
4361;24276664000;24255888888;24755888888;10240;10228
4363;24276691000;24255888888;24755888888;10240;10228
4365;24276825000;24255888888;24755888888;10240;10228
4370;24317696000;24297555555;24797555555;10240;10228
4372;24317737000;24297555555;24797555555;10240;10228
4374;24317765000;24297555555;24797555555;10240;10228
4376;24317786000;24297555555;24797555555;10240;10228
4367;24317914000;24256222222;24756222222;10240;10228
4369;24318153000;24256222222;24756222222;10240;10228
4371;24318341000;24297555555;24797555555;10240;10228
4373;24318353000;24297555555;24797555555;10240;10228
4368;24358642000;24256222222;24756222222;10240;10228
4378;24359420000;24297933333;24797933333;10240;10228
4382;24359461000;24339222222;24839222222;10240;10228
4384;24359504000;24339222222;24839222222;10240;10228
4386;24359547000;24339222222;24839222222;10240;10228
4388;24359575000;24339266666;24839266666;10240;10228
4379;24359605000;24297933333;24797933333;10240;10228
4383;24359817000;24339222222;24839222222;10240;10228
4385;24359840000;24339222222;24839222222;10240;10228
4387;24359984000;24339222222;24839222222;10240;10228
4380;24400457000;24297933333;24797933333;10240;10228
4377;24400701000;24297611111;24797611111;10240;10228
4375;24400878000;24297555555;24797555555;10240;10228
4390;24401006000;24339566666;24839566666;10240;10228
4392;24401026000;24380877777;24880877777;10240;10228
4398;24401068000;24380877777;24880877777;10240;10228
4389;24401207000;24339566666;24839566666;10240;10228
4391;24401412000;24339566666;24839566666;10240;10228
4393;24401605000;24380877777;24880877777;10240;10228
4395;24401620000;24380877777;24880877777;10240;10228
4397;24401809000;24380877777;24880877777;10240;10228
4399;24401822000;24380922222;24880922222;10240;10228
4400;24442720000;24381266666;24881266666;10240;10228
4402;24442747000;24381266666;24881266666;10240;10228
4404;24442765000;24422566666;24922566666;10240;10228
4406;24442785000;24422566666;24922566666;10240;10228
4408;24442814000;24422566666;24922566666;10240;10228
4410;24442842000;24422622222;24922622222;10240;10228
4403;24442912000;24422566666;24922566666;10240;10228
4405;24443117000;24422566666;24922566666;10240;10228
4407;24443318000;24422566666;24922566666;10240;10228
4409;24443338000;24422566666;24922566666;10240;10228
4396;24483353000;24380877777;24880877777;10240;10228
4394;24483503000;24380877777;24880877777;10240;10228
4412;24484460000;24422922222;24922922222;10240;10228
4414;24484488000;24464344444;24964344444;10240;10228
4416;24484527000;24464344444;24964344444;10240;10228
4401;24484543000;24381266666;24881266666;10240;10228
4418;24484571000;24464344444;24964344444;10240;10228
4420;24484612000;24464344444;24964344444;10240;10228
4411;24484738000;24422922222;24922922222;10240;10228
4413;24484936000;24422922222;24922922222;10240;10228
4415;24484943000;24464344444;24964344444;10240;10228
4417;24485148000;24464344444;24964344444;10240;10228
4421;24485167000;24464388888;24964388888;10240;10228
4422;24526031000;24464666666;24964666666;10240;10228
4424;24526065000;24464666666;24964666666;10240;10228
4426;24526112000;24505900000;25005900000;10240;10228
4423;24526232000;24464666666;24964666666;10240;10228
4425;24526432000;24505900000;25005900000;10240;10228
4427;24526628000;24505900000;25005900000;10240;10228
4429;24526642000;24505900000;25005900000;10240;10228
4431;24526832000;24505900000;25005900000;10240;10228
4419;24567108000;24464344444;24964344444;10240;10228
4434;24567743000;24506255555;25006255555;10240;10228
4436;24567784000;24547544444;25047544444;10240;10228
4438;24567827000;24547544444;25047544444;10240;10228
4440;24567853000;24547544444;25047544444;10240;10228
4442;24567893000;24547544444;25047544444;10240;10228
4433;24567920000;24506255555;25006255555;10240;10228
4435;24568137000;24506255555;25006255555;10240;10228
4437;24568148000;24547544444;25047544444;10240;10228
4439;24568344000;24547544444;25047544444;10240;10228
4441;24568539000;24547544444;25047544444;10240;10228
4443;24568559000;24547588888;25047588888;10240;10228
4432;24608624000;24505955555;25005955555;10240;10228
4428;24608772000;24505900000;25005900000;10240;10228
4430;24608957000;24505900000;25005900000;10240;10228
4444;24609468000;24547911111;25047911111;10240;10228
4446;24609663000;24547911111;25047911111;10240;10228
4450;24609697000;24589544444;25089544444;10240;10228
4452;24609733000;24589544444;25089544444;10240;10228
4445;24609885000;24547911111;25047911111;10240;10228
4447;24610055000;24589544444;25089544444;10240;10228
4449;24610307000;24589544444;25089544444;10240;10228
4451;24610319000;24589544444;25089544444;10240;10228
4479;25664908000;24672944444;25172944444;10240;10228
4480;25664955000;24714233333;25214233333;10240;10228
4481;25664996000;24714233333;25214233333;10240;10228
4482;25665023000;24714233333;25214233333;10240;10228
4483;25665067000;24714233333;25214233333;10240;10228
4484;25665098000;24714233333;25214233333;10240;10228
4485;25665123000;24714233333;25214233333;10240;10228
4486;25665146000;24714233333;25214233333;10240;10228
4490;25665164000;24714522222;25214522222;10240;10228
4491;25665186000;24755888888;25255888888;10240;10228
4492;25665202000;24755888888;25255888888;10240;10228
4493;25665233000;24755888888;25255888888;10240;10228
4494;25665250000;24755888888;25255888888;10240;10228
4495;25665277000;24755888888;25255888888;10240;10228
4496;25665295000;24755888888;25255888888;10240;10228
4497;25665323000;24755888888;25255888888;10240;10228
4498;25665349000;24755900000;25255900000;10240;10228
4499;25665367000;24756155555;25256155555;10240;10228
4500;25665386000;24756155555;25256155555;10240;10228
4501;25665403000;24756155555;25256155555;10240;10228
4502;25665422000;24797555555;25297555555;10240;10228
4503;25665439000;24797555555;25297555555;10240;10228
4504;25665457000;24797555555;25297555555;10240;10228
4505;25665475000;24797555555;25297555555;10240;10228
4507;25665525000;24797555555;25297555555;10240;10228
4509;25665534000;24797566666;25297566666;10240;10228
4510;25665552000;24797866666;25297866666;10240;10228
4511;25665745000;24797866666;25297866666;10240;10228
4512;25665940000;24797866666;25297866666;10240;10228
4513;25665949000;24839222222;25339222222;10240;10228
4514;25666152000;24839222222;25339222222;10240;10228
4515;25666171000;24839222222;25339222222;10240;10228
4516;25666392000;24839222222;25339222222;10240;10228
4517;25666407000;24839222222;25339222222;10240;10228
4518;25666587000;24839222222;25339222222;10240;10228
4520;25666594000;24839233333;25339233333;10240;10228
4521;25666790000;24839488888;25339488888;10240;10228
4522;25666998000;24839488888;25339488888;10240;10228
4523;25667003000;24839488888;25339488888;10240;10228
4524;25667203000;24880888888;25380888888;10240;10228
4525;25667210000;24880888888;25380888888;10240;10228
4526;25667408000;24880888888;25380888888;10240;10228
4527;25667414000;24880888888;25380888888;10240;10228
4528;25667609000;24880888888;25380888888;10240;10228
4529;25667820000;24880888888;25380888888;10240;10228
4530;25667825000;24880888888;25380888888;10240;10228
4531;25667986000;24880900000;25380900000;10240;10228
4534;25667991000;24881188888;25381188888;10240;10228
4535;25705498000;24922555555;25422555555;10240;10228
4536;25705688000;24922555555;25422555555;10240;10228
4537;25705703000;24922555555;25422555555;10240;10228
4538;25705955000;24922555555;25422555555;10240;10228
4539;25706207000;24922555555;25422555555;10240;10228
4540;25706445000;24922555555;25422555555;10240;10228
4541;25706704000;24922555555;25422555555;10240;10228
4542;25706927000;24922566666;25422566666;10240;10228
4543;25707156000;24922855555;25422855555;10240;10228
4544;25707172000;24922855555;25422855555;10240;10228
4545;25707182000;24922855555;25422855555;10240;10228
4546;25707190000;24964233333;25464233333;10240;10228
4547;25707370000;24964233333;25464233333;10240;10228
4548;25707593000;24964233333;25464233333;10240;10228
4549;25707828000;24964233333;25464233333;10240;10228
4550;25708066000;24964233333;25464233333;10240;10228
4551;25708349000;24964233333;25464233333;10240;10228
4552;25708582000;24964233333;25464233333;10240;10228
4553;25708739000;24964244444;25464244444;10240;10228
4555;25708966000;24964533333;25464533333;10240;10228
4556;25709197000;24964533333;25464533333;10240;10228
4557;25709418000;25005888888;25505888888;10240;10228
4558;25709610000;25005888888;25505888888;10240;10228
4559;25709838000;25005888888;25505888888;10240;10228
4560;25710063000;25005888888;25505888888;10240;10228
4561;25710319000;25005888888;25505888888;10240;10228
4562;25710634000;25005888888;25505888888;10240;10228
4563;25710797000;25005888888;25505888888;10240;10228
4564;25710987000;25005900000;25505900000;10240;10228
4565;25710992000;25006177777;25506177777;10240;10228
4566;25711241000;25006177777;25506177777;10240;10228
4567;25711252000;25006177777;25506177777;10240;10228
4568;25711444000;25047555555;25547555555;10240;10228
4569;25711638000;25047555555;25547555555;10240;10228
4570;25711657000;25047555555;25547555555;10240;10228
4571;25711849000;25047555555;25547555555;10240;10228
4572;25711859000;25047555555;25547555555;10240;10228
4573;25712018000;25047555555;25547555555;10240;10228
4574;25712266000;25047555555;25547555555;10240;10228
4575;25712287000;25047566666;25547566666;10240;10228
4576;25712462000;25047866666;25547866666;10240;10228
4577;25712483000;25047866666;25547866666;10240;10228
4579;25712691000;25089222222;25589222222;10240;10228
4580;25712702000;25089222222;25589222222;10240;10228
4581;25712862000;25089222222;25589222222;10240;10228
4582;25712868000;25089222222;25589222222;10240;10228
4583;25713031000;25089222222;25589222222;10240;10228
4584;25713273000;25089222222;25589222222;10240;10228
4585;25713279000;25089222222;25589222222;10240;10228
4586;25713480000;25089233333;25589233333;10240;10228
4587;25713486000;25089500000;25589500000;10240;10228
4590;25713674000;25130888888;25630888888;10240;10228
4591;25745774000;25130888888;25630888888;10240;10228
4592;25745873000;25130888888;25630888888;10240;10228
4593;25745884000;25130888888;25630888888;10240;10228
4594;25746197000;25130888888;25630888888;10240;10228
4595;25746394000;25130888888;25630888888;10240;10228
4596;25746628000;25130888888;25630888888;10240;10228
4597;25746937000;25130911111;25630911111;10240;10228
4598;25747120000;25131200000;25631200000;10240;10228
4599;25747350000;25131200000;25631200000;10240;10228
4600;25747365000;25131200000;25631200000;10240;10228
4601;25747385000;25172555555;25672555555;10240;10228
4602;25747393000;25172555555;25672555555;10240;10228
4603;25747572000;25172555555;25672555555;10240;10228
4604;25747771000;25172555555;25672555555;10240;10228
4605;25747985000;25172555555;25672555555;10240;10228
4606;25748218000;25172555555;25672555555;10240;10228
4607;25748603000;25172555555;25672555555;10240;10228
4608;25748746000;25172566666;25672566666;10240;10228
4609;25748894000;25172855555;25672855555;10240;10228
4610;25749434000;25172855555;25672855555;10240;10228
4612;25749449000;25214222222;25714222222;10240;10228
4613;25749646000;25214222222;25714222222;10240;10228
4614;25749781000;25214222222;25714222222;10240;10228
4615;25749993000;25214222222;25714222222;10240;10228
4616;25750227000;25214222222;25714222222;10240;10228
4617;25750617000;25214222222;25714222222;10240;10228
4619;25751241000;25214233333;25714233333;10240;10228
4620;25751438000;25214511111;25714511111;10240;10228
4621;25751630000;25214511111;25714511111;10240;10228
4622;25751827000;25214511111;25714511111;10240;10228
4623;25751838000;25255888888;25755888888;10240;10228
4624;25752021000;25255888888;25755888888;10240;10228
4625;25752030000;25255888888;25755888888;10240;10228
4626;25752254000;25255888888;25755888888;10240;10228
4627;25752458000;25255888888;25755888888;10240;10228
4628;25752488000;25255888888;25755888888;10240;10228
4629;25752651000;25255888888;25755888888;10240;10228
4630;25752657000;25255900000;25755900000;10240;10228
4631;25752861000;25256155555;25756155555;10240;10228
4632;25752888000;25256155555;25756155555;10240;10228
4633;25753055000;25256155555;25756155555;10240;10228
4635;25753298000;25297555555;25797555555;10240;10228
4636;25753313000;25297555555;25797555555;10240;10228
4637;25753480000;25297555555;25797555555;10240;10228
4638;25753496000;25297555555;25797555555;10240;10228
4639;25753672000;25297555555;25797555555;10240;10228
4641;25753893000;25297566666;25797566666;10240;10228
4642;25753900000;25297877777;25797877777;10240;10228
4643;25754061000;25297877777;25797877777;10240;10228
4644;25754302000;25297877777;25797877777;10240;10228
4645;25754308000;25339222222;25839222222;10240;10228
4646;25754505000;25339222222;25839222222;10240;10228
4647;25786054000;25339222222;25839222222;10240;10228
4648;25786066000;25339222222;25839222222;10240;10228
4649;25786074000;25339222222;25839222222;10240;10228
4650;25786489000;25339222222;25839222222;10240;10228
4651;25786620000;25339222222;25839222222;10240;10228
4653;25787233000;25339533333;25839533333;10240;10228
4654;25787249000;25339533333;25839533333;10240;10228
4655;25787591000;25339533333;25839533333;10240;10228
4656;25787601000;25380888888;25880888888;10240;10228
4657;25787611000;25380888888;25880888888;10240;10228
4660;25787965000;25380888888;25880888888;10240;10228
4661;25788180000;25380888888;25880888888;10240;10228
4662;25788400000;25380888888;25880888888;10240;10228
4663;25788861000;25380900000;25880900000;10240;10228
4664;25788931000;25381211111;25881211111;10240;10228
4665;25789056000;25381211111;25881211111;10240;10228
4666;25789704000;25381211111;25881211111;10240;10228
4667;25789719000;25422555555;25922555555;10240;10228
4668;25789729000;25422555555;25922555555;10240;10228
4669;25789815000;25422555555;25922555555;10240;10228
4670;25790223000;25422555555;25922555555;10240;10228
4671;25790237000;25422555555;25922555555;10240;10228
4672;25790822000;25422555555;25922555555;10240;10228
4673;25790832000;25422555555;25922555555;10240;10228
4675;25791477000;25422844444;25922844444;10240;10228
4676;25791871000;25422844444;25922844444;10240;10228
4677;25792063000;25422844444;25922844444;10240;10228
4678;25792305000;25464222222;25964222222;10240;10228
4679;25792506000;25464222222;25964222222;10240;10228
4680;25792513000;25464222222;25964222222;10240;10228
4681;25792715000;25464222222;25964222222;10240;10228
4682;25792883000;25464222222;25964222222;10240;10228
4684;25793121000;25464222222;25964222222;10240;10228
4685;25793129000;25464233333;25964233333;10240;10228
4686;25793317000;25464500000;25964500000;10240;10228
4687;25793531000;25464500000;25964500000;10240;10228
4688;25793536000;25464500000;25964500000;10240;10228
4689;25793735000;25505888888;26005888888;10240;10228
4690;25793741000;25505888888;26005888888;10240;10228
4691;25793918000;25505888888;26005888888;10240;10228
4634;25794157000;25297555555;25797555555;10240;10228
4692;25794180000;25505888888;26005888888;10240;10228
4693;25794351000;25505888888;26005888888;10240;10228
4694;25794357000;25505888888;26005888888;10240;10228
4695;25794556000;25505888888;26005888888;10240;10228
4696;25794561000;25505900000;26005900000;10240;10228
4640;25794750000;25297555555;25797555555;10240;10228
4697;25794760000;25506166666;26006166666;10240;10228
4698;25794929000;25506166666;26006166666;10240;10228
4699;25795158000;25506166666;26006166666;10240;10228
4700;25795164000;25547555555;26047555555;10240;10228
4701;25826298000;25547555555;26047555555;10240;10228
4702;25826311000;25547555555;26047555555;10240;10228
4703;25826318000;25547555555;26047555555;10240;10228
4704;25826757000;25547555555;26047555555;10240;10228
4705;25826796000;25547555555;26047555555;10240;10228
4706;25827485000;25547555555;26047555555;10240;10228
4707;25827500000;25547566666;26047566666;10240;10228
4708;25827793000;25547888888;26047888888;10240;10228
4709;25827804000;25547888888;26047888888;10240;10228
4710;25827821000;25547888888;26047888888;10240;10228
4711;25827832000;25589222222;26089222222;10240;10228
4712;25828192000;25589222222;26089222222;10240;10228
4658;25828575000;25380888888;25880888888;10240;10228
4659;25828607000;25380888888;25880888888;10240;10228
4714;25828626000;25589222222;26089222222;10240;10228
4715;25829083000;25589222222;26089222222;10240;10228
4716;25829228000;25589222222;26089222222;10240;10228
4717;25829919000;25589222222;26089222222;10240;10228
4718;25829931000;25589233333;26089233333;10240;10228
4719;25829949000;25589511111;26089511111;10240;10228
4720;25829959000;25589511111;26089511111;10240;10228
4721;25829966000;25589511111;26089511111;10240;10228
4722;25830457000;25630888888;26130888888;10240;10228
4723;25830473000;25630888888;26130888888;10240;10228
4726;25831705000;25630888888;26130888888;10240;10228
4674;25832466000;25422566666;25922566666;10240;10228
4727;25832495000;25630888888;26130888888;10240;10228
4728;25832685000;25630888888;26130888888;10240;10228
4730;25832910000;25631188888;26131188888;10240;10228
4731;25833144000;25631188888;26131188888;10240;10228
4732;25833343000;25631188888;26131188888;10240;10228
4733;25833538000;25672566666;26172566666;10240;10228
4735;25833559000;25672566666;26172566666;10240;10228
4736;25833747000;25672566666;26172566666;10240;10228
4737;25833950000;25672566666;26172566666;10240;10228
4738;25833961000;25672566666;26172566666;10240;10228
4740;25834168000;25672577777;26172577777;10240;10228
4742;25834362000;25672866666;26172866666;10240;10228
4743;25834598000;25672866666;26172866666;10240;10228
4744;25834799000;25714222222;26214222222;10240;10228
4745;25834810000;25714222222;26214222222;10240;10228
4746;25834966000;25714222222;26214222222;10240;10228
4747;25835210000;25714222222;26214222222;10240;10228
4748;25835220000;25714222222;26214222222;10240;10228
4749;25835385000;25714222222;26214222222;10240;10228
4750;25835617000;25714222222;26214222222;10240;10228
4751;25835637000;25714233333;26214233333;10240;10228
4752;25835641000;25714533333;26214533333;10240;10228
4753;25866777000;25714533333;26214533333;10240;10228
4754;25867023000;25714533333;26214533333;10240;10228
4755;25867038000;25755877777;26255877777;10240;10228
4756;25867059000;25755877777;26255877777;10240;10228
4757;25867776000;25755877777;26255877777;10240;10228
4758;25867791000;25755877777;26255877777;10240;10228
4759;25868005000;25755877777;26255877777;10240;10228
4760;25868021000;25755877777;26255877777;10240;10228
4761;25868029000;25755877777;26255877777;10240;10228
4762;25868036000;25755900000;26255900000;10240;10228
4763;25868442000;25756200000;26256200000;10240;10228
4764;25868785000;25756200000;26256200000;10240;10228
4765;25868800000;25756200000;26256200000;10240;10228
4766;25868809000;25797577777;26297577777;10240;10228
4767;25869310000;25797577777;26297577777;10240;10228
4768;25869411000;25797577777;26297577777;10240;10228
4769;25869427000;25797577777;26297577777;10240;10228
4713;25869633000;25589222222;26089222222;10240;10228
4772;25870201000;25797577777;26297577777;10240;10228
4774;25870215000;25797944444;26297944444;10240;10228
4775;25870730000;25797944444;26297944444;10240;10228
4776;25870744000;25797944444;26297944444;10240;10228
4777;25871999000;25839211111;26339211111;10240;10228
4778;25872737000;25839211111;26339211111;10240;10228
4779;25873157000;25839211111;26339211111;10240;10228
4780;25873358000;25839211111;26339211111;10240;10228
4729;25873597000;25630900000;26130900000;10240;10228
4781;25873614000;25839211111;26339211111;10240;10228
4782;25873799000;25839211111;26339211111;10240;10228
4734;25874165000;25672566666;26172566666;10240;10228
4739;25874786000;25672566666;26172566666;10240;10228
4741;25874964000;25672866666;26172866666;10240;10228
4785;25901261000;25839522222;26339522222;10240;10228
4786;25901454000;25839522222;26339522222;10240;10228
4787;25901650000;25839522222;26339522222;10240;10228
4788;25901656000;25880911111;26380911111;10240;10228
4789;25901853000;25880911111;26380911111;10240;10228
4790;25901860000;25880911111;26380911111;10240;10228
4791;25902051000;25880911111;26380911111;10240;10228
4792;25902272000;25880911111;26380911111;10240;10228
4793;25902288000;25880911111;26380911111;10240;10228
4794;25902469000;25880911111;26380911111;10240;10228
4795;25902476000;25880955555;26380955555;10240;10228
4724;25907313000;25630888888;26130888888;10240;10228
4725;25907518000;25630888888;26130888888;10240;10228
4770;25910925000;25797577777;26297577777;10240;10228
4771;25910938000;25797577777;26297577777;10240;10228
4773;25910946000;25797600000;26297600000;10240;10228
4784;25941910000;25839233333;26339233333;10240;10228
4783;25942170000;25839211111;26339211111;10240;10228
4796;25942700000;25881288888;26381288888;10240;10228
4798;25942777000;25881288888;26381288888;10240;10228
4804;25942806000;25922666666;26422666666;10240;10228
4806;25942818000;25922722222;26422722222;10240;10228
4797;25942992000;25881288888;26381288888;10240;10228
4799;25943216000;25922666666;26422666666;10240;10228
4801;25943226000;25922666666;26422666666;10240;10228
4803;25943420000;25922666666;26422666666;10240;10228
4805;25943623000;25922666666;26422666666;10240;10228
4808;25984395000;25923022222;26423022222;10240;10228
4810;25984416000;25964244444;26464244444;10240;10228
4812;25984427000;25964244444;26464244444;10240;10228
4814;25984435000;25964244444;26464244444;10240;10228
4816;25984442000;25964244444;26464244444;10240;10228
4807;25984616000;25923022222;26423022222;10240;10228
4809;25984821000;25923022222;26423022222;10240;10228
4813;25984842000;25964244444;26464244444;10240;10228
4815;25985022000;25964244444;26464244444;10240;10228
4817;25985033000;25964288888;26464288888;10240;10228
4800;26024655000;25922666666;26422666666;10240;10228
4802;26024671000;25922666666;26422666666;10240;10228
4811;26025254000;25964244444;26464244444;10240;10228
4818;26026025000;25964588888;26464588888;10240;10228
4820;26026040000;25964588888;26464588888;10240;10228
4822;26026062000;26005877777;26505877777;10240;10228
4824;26026071000;26005877777;26505877777;10240;10228
4826;26026079000;26005877777;26505877777;10240;10228
4828;26026086000;26005922222;26505922222;10240;10228
4821;26026276000;26005877777;26505877777;10240;10228
4823;26026491000;26005877777;26505877777;10240;10228
4825;26026501000;26005877777;26505877777;10240;10228
4827;26026660000;26005877777;26505877777;10240;10228
4819;26066953000;25964588888;26464588888;10240;10228
4830;26067751000;26006244444;26506244444;10240;10228
4832;26067778000;26047544444;26547544444;10240;10228
4834;26067790000;26047544444;26547544444;10240;10228
4836;26067807000;26047544444;26547544444;10240;10228
4838;26067815000;26047544444;26547544444;10240;10228
4831;26067939000;26006244444;26506244444;10240;10228
4833;26068169000;26047544444;26547544444;10240;10228
4837;26068180000;26047544444;26547544444;10240;10228
4839;26068390000;26047588888;26547588888;10240;10228
4829;26108463000;26006244444;26506244444;10240;10228
4840;26109438000;26047900000;26547900000;10240;10228
4842;26109453000;26047900000;26547900000;10240;10228
4844;26109479000;26089244444;26589244444;10240;10228
4846;26109499000;26089244444;26589244444;10240;10228
4848;26109507000;26089244444;26589244444;10240;10228
4850;26109523000;26089288888;26589288888;10240;10228
4841;26109633000;26047900000;26547900000;10240;10228
4843;26109834000;26089244444;26589244444;10240;10228
4845;26109840000;26089244444;26589244444;10240;10228
4847;26110036000;26089244444;26589244444;10240;10228
4849;26110257000;26089244444;26589244444;10240;10228
4835;26149862000;26047544444;26547544444;10240;10228
4852;26151062000;26089588888;26589588888;10240;10228
4854;26151089000;26130877777;26630877777;10240;10228
4856;26151099000;26130877777;26630877777;10240;10228
4858;26151117000;26130877777;26630877777;10240;10228
4860;26151124000;26130877777;26630877777;10240;10228
4853;26151281000;26089588888;26589588888;10240;10228
4855;26151499000;26130877777;26630877777;10240;10228
4857;26151509000;26130877777;26630877777;10240;10228
4859;26151683000;26130877777;26630877777;10240;10228
4861;26151702000;26130922222;26630922222;10240;10228
4851;26191971000;26089588888;26589588888;10240;10228
4864;26192754000;26131244444;26631244444;10240;10228
4866;26192783000;26172577777;26672577777;10240;10228
4868;26192794000;26172577777;26672577777;10240;10228
4872;26192810000;26172633333;26672633333;10240;10228
4863;26192956000;26131244444;26631244444;10240;10228
4865;26193169000;26172577777;26672577777;10240;10228
4867;26193181000;26172577777;26672577777;10240;10228
4869;26193377000;26172577777;26672577777;10240;10228
4871;26193591000;26172577777;26672577777;10240;10228
4862;26233447000;26131244444;26631244444;10240;10228
4874;26234472000;26172944444;26672944444;10240;10228
4876;26234514000;26214266666;26714266666;10240;10228
4878;26234534000;26214266666;26714266666;10240;10228
4880;26234542000;26214266666;26714266666;10240;10228
4882;26234561000;26214266666;26714266666;10240;10228
4873;26234670000;26172944444;26672944444;10240;10228
4875;26234877000;26172944444;26672944444;10240;10228
4877;26234888000;26214266666;26714266666;10240;10228
4881;26235053000;26214266666;26714266666;10240;10228
4883;26235076000;26214311111;26714311111;10240;10228
4870;26274971000;26172577777;26672577777;10240;10228
4888;26276088000;26255877777;26755877777;10240;10228
4890;26276103000;26255877777;26755877777;10240;10228
4892;26276112000;26255877777;26755877777;10240;10228
4894;26276119000;26255922222;26755922222;10240;10228
4885;26276260000;26214611111;26714611111;10240;10228
4887;26276470000;26255877777;26755877777;10240;10228
4889;26276482000;26255877777;26755877777;10240;10228
4891;26276672000;26255877777;26755877777;10240;10228
4893;26276874000;26255877777;26755877777;10240;10228
4884;26316355000;26214611111;26714611111;10240;10228
4886;26316368000;26214611111;26714611111;10240;10228
4879;26316494000;26214266666;26714266666;10240;10228
4896;26317786000;26256233333;26756233333;10240;10228
4898;26317815000;26297577777;26797577777;10240;10228
4900;26317825000;26297577777;26797577777;10240;10228
4902;26317843000;26297577777;26797577777;10240;10228
4904;26317850000;26297577777;26797577777;10240;10228
4895;26317942000;26256233333;26756233333;10240;10228
4897;26318153000;26256233333;26756233333;10240;10228
4901;26318369000;26297577777;26797577777;10240;10228
4903;26318382000;26297577777;26797577777;10240;10228
4905;26318397000;26297622222;26797622222;10240;10228
4906;26359392000;26297933333;26797933333;10240;10228
4908;26359406000;26297933333;26797933333;10240;10228
4910;26359433000;26339244444;26839244444;10240;10228
4912;26359452000;26339244444;26839244444;10240;10228
4914;26359470000;26339244444;26839244444;10240;10228
4916;26359489000;26339288888;26839288888;10240;10228
4907;26359608000;26297933333;26797933333;10240;10228
4909;26359814000;26339244444;26839244444;10240;10228
4911;26359820000;26339244444;26839244444;10240;10228
4913;26360014000;26339244444;26839244444;10240;10228
4915;26360235000;26339244444;26839244444;10240;10228
4899;26399846000;26297577777;26797577777;10240;10228
4918;26401062000;26339588888;26839588888;10240;10228
4920;26401091000;26380877777;26880877777;10240;10228
4922;26401100000;26380877777;26880877777;10240;10228
4924;26401118000;26380877777;26880877777;10240;10228
4926;26401125000;26380877777;26880877777;10240;10228
4917;26401259000;26339588888;26839588888;10240;10228
4919;26401467000;26339588888;26839588888;10240;10228
4921;26401494000;26380877777;26880877777;10240;10228
4925;26401658000;26380877777;26880877777;10240;10228
4927;26401678000;26380922222;26880922222;10240;10228
4929;26442771000;26381266666;26881266666;10240;10228
4931;26442813000;26422600000;26922600000;10240;10228
4933;26442834000;26422600000;26922600000;10240;10228
4935;26442842000;26422600000;26922600000;10240;10228
4937;26442862000;26422600000;26922600000;10240;10228
4928;26442961000;26381266666;26881266666;10240;10228
4930;26443185000;26381266666;26881266666;10240;10228
4932;26443194000;26422600000;26922600000;10240;10228
4934;26443388000;26422600000;26922600000;10240;10228
4936;26443589000;26422600000;26922600000;10240;10228
4938;26443610000;26422644444;26922644444;10240;10228
4923;26483623000;26380877777;26880877777;10240;10228
4939;26484382000;26422944444;26922944444;10240;10228
4941;26484403000;26422944444;26922944444;10240;10228
4943;26484425000;26464222222;26964222222;10240;10228
4949;26484442000;26464266666;26964266666;10240;10228
4940;26484641000;26422944444;26922944444;10240;10228
4942;26484848000;26464222222;26964222222;10240;10228
4946;26484871000;26464222222;26964222222;10240;10228
4948;26485034000;26464222222;26964222222;10240;10228
4959;26526065000;26505877777;27005877777;10240;10228
4950;26526280000;26464555555;26964555555;10240;10228
4952;26526470000;26464555555;26964555555;10240;10228
4956;26526485000;26505877777;27005877777;10240;10228
4958;26526659000;26505877777;27005877777;10240;10228
4960;26526669000;26505922222;27005922222;10240;10228
4944;26566562000;26464222222;26964222222;10240;10228
4954;26566894000;26505877777;27005877777;10240;10228
4961;26567730000;26506233333;27006233333;10240;10228
4963;26567743000;26506233333;27006233333;10240;10228
4965;26567752000;26547577777;27047577777;10240;10228
4967;26567767000;26547577777;27047577777;10240;10228
4969;26567777000;26547577777;27047577777;10240;10228
4971;26567788000;26547622222;27047622222;10240;10228
4962;26567985000;26506233333;27006233333;10240;10228
4964;26568190000;26547577777;27047577777;10240;10228
4966;26568205000;26547577777;27047577777;10240;10228
4968;26568410000;26547577777;27047577777;10240;10228
4970;26568606000;26547577777;27047577777;10240;10228
4945;26607209000;26464222222;26964222222;10240;10228
4947;26607249000;26464222222;26964222222;10240;10228
4955;26608077000;26505877777;27005877777;10240;10228
4953;26608238000;26505877777;27005877777;10240;10228
4957;26608418000;26505877777;27005877777;10240;10228
4973;26609402000;26547933333;27047933333;10240;10228
4975;26609417000;26589222222;27089222222;10240;10228
4977;26609425000;26589222222;27089222222;10240;10228
4979;26609434000;26589222222;27089222222;10240;10228
4981;26609441000;26589222222;27089222222;10240;10228
4972;26609588000;26547933333;27047933333;10240;10228
4974;26609791000;26547933333;27047933333;10240;10228
4976;26609796000;26589222222;27089222222;10240;10228
4978;26609996000;26589222222;27089222222;10240;10228
4980;26610218000;26589222222;27089222222;10240;10228
4982;26610239000;26589266666;27089266666;10240;10228
4991;26651139000;26630933333;27130933333;10240;10228
4993;26651168000;26630977777;27130977777;10240;10228
4984;26651310000;26589566666;27089566666;10240;10228
4986;26651524000;26630933333;27130933333;10240;10228
4988;26651544000;26630933333;27130933333;10240;10228
4990;26651724000;26630933333;27130933333;10240;10228
4992;26651922000;26630933333;27130933333;10240;10228
4997;26692784000;26672577777;27172577777;10240;10228
4999;26692799000;26672577777;27172577777;10240;10228
5001;26692819000;26672577777;27172577777;10240;10228
5003;26692826000;26672577777;27172577777;10240;10228
4994;26692940000;26631300000;27131300000;10240;10228
4996;26693162000;26631300000;27131300000;10240;10228
4998;26693171000;26672577777;27172577777;10240;10228
5000;26693354000;26672577777;27172577777;10240;10228
5002;26693551000;26672577777;27172577777;10240;10228
5004;26693557000;26672622222;27172622222;10240;10228
4987;26733129000;26630933333;27130933333;10240;10228
4995;26733146000;26631300000;27131300000;10240;10228
4983;26733282000;26589566666;27089566666;10240;10228
4989;26733488000;26630933333;27130933333;10240;10228
5005;26734407000;26672933333;27172933333;10240;10228
5007;26734422000;26672933333;27172933333;10240;10228
5009;26734431000;26714255555;27214255555;10240;10228
5011;26734439000;26714255555;27214255555;10240;10228
5013;26734455000;26714255555;27214255555;10240;10228
5015;26734465000;26714300000;27214300000;10240;10228
5006;26734634000;26672933333;27172933333;10240;10228
5008;26734836000;26714255555;27214255555;10240;10228
5010;26734857000;26714255555;27214255555;10240;10228
5012;26735039000;26714255555;27214255555;10240;10228
5014;26735252000;26714255555;27214255555;10240;10228
5019;26776102000;26755911111;27255911111;10240;10228
5021;26776119000;26755911111;27255911111;10240;10228
5023;26776128000;26755911111;27255911111;10240;10228
5025;26776135000;26755911111;27255911111;10240;10228
5016;26776285000;26714588888;27214588888;10240;10228
5020;26776494000;26755911111;27255911111;10240;10228
5022;26776515000;26755911111;27255911111;10240;10228
5024;26776685000;26755911111;27255911111;10240;10228
5026;26776706000;26755955555;27255955555;10240;10228
5017;26816403000;26714588888;27214588888;10240;10228
5018;26816921000;26714588888;27214588888;10240;10228
5027;26817696000;26756255555;27256255555;10240;10228
5029;26817712000;26756255555;27256255555;10240;10228
5031;26817721000;26797544444;27297544444;10240;10228
5033;26817736000;26797544444;27297544444;10240;10228
5035;26817745000;26797544444;27297544444;10240;10228
5037;26817760000;26797588888;27297588888;10240;10228
5028;26817934000;26756255555;27256255555;10240;10228
5030;26818152000;26797544444;27297544444;10240;10228
5032;26818164000;26797544444;27297544444;10240;10228
5034;26818356000;26797544444;27297544444;10240;10228
5036;26818566000;26797544444;27297544444;10240;10228
5039;26859415000;26797900000;27297900000;10240;10228
5041;26859448000;26839244444;27339244444;10240;10228
5043;26859469000;26839244444;27339244444;10240;10228
5045;26859477000;26839244444;27339244444;10240;10228
5047;26859484000;26839244444;27339244444;10240;10228
5038;26859604000;26797900000;27297900000;10240;10228
5040;26859805000;26797900000;27297900000;10240;10228
5042;26859826000;26839244444;27339244444;10240;10228
5044;26860009000;26839244444;27339244444;10240;10228
5046;26860231000;26839244444;27339244444;10240;10228
5051;26901117000;26839566666;27339566666;10240;10228
5053;26901145000;26880911111;27380911111;10240;10228
5055;26901157000;26880911111;27380911111;10240;10228
5057;26901173000;26880911111;27380911111;10240;10228
5059;26901181000;26880955555;27380955555;10240;10228
5052;26901298000;26880911111;27380911111;10240;10228
5054;26901501000;26880911111;27380911111;10240;10228
5056;26901521000;26880911111;27380911111;10240;10228
5058;26901707000;26880911111;27380911111;10240;10228
5049;26941463000;26839566666;27339566666;10240;10228
5050;26942002000;26839566666;27339566666;10240;10228
5048;26942109000;26839288888;27339288888;10240;10228
5061;26942751000;26881277777;27381277777;10240;10228
5063;26942793000;26922544444;27422544444;10240;10228
5065;26942817000;26922544444;27422544444;10240;10228
5062;26942944000;26881277777;27381277777;10240;10228
5064;26943152000;26922544444;27422544444;10240;10228
5066;26943163000;26922544444;27422544444;10240;10228
5068;26943365000;26922544444;27422544444;10240;10228
5070;26943376000;26922588888;27422588888;10240;10228
5077;26984450000;26964277777;27464277777;10240;10228
5079;26984466000;26964277777;27464277777;10240;10228
5072;26984664000;26922888888;27422888888;10240;10228
5074;26984867000;26964277777;27464277777;10240;10228
5076;26984888000;26964277777;27464277777;10240;10228
5080;26985071000;26964277777;27464277777;10240;10228
5087;27026111000;27005877777;27505877777;10240;10228
5089;27026120000;27005877777;27505877777;10240;10228
5082;27026254000;26964622222;27464622222;10240;10228
5086;27026466000;27005877777;27505877777;10240;10228
5088;27026487000;27005877777;27505877777;10240;10228
5090;27026655000;27005877777;27505877777;10240;10228
5092;27026675000;27005922222;27505922222;10240;10228
5067;27066405000;26922544444;27422544444;10240;10228
5069;27066450000;26922544444;27422544444;10240;10228
5071;27066470000;26922888888;27422888888;10240;10228
5073;27066687000;26922888888;27422888888;10240;10228
5078;27066731000;26964277777;27464277777;10240;10228
5075;27066852000;26964277777;27464277777;10240;10228
5084;27067101000;26964622222;27464622222;10240;10228
5093;27067749000;27006244444;27506244444;10240;10228
5099;27067765000;27047577777;27547577777;10240;10228
5101;27067774000;27047577777;27547577777;10240;10228
5103;27067785000;27047644444;27547644444;10240;10228
5094;27067935000;27006244444;27506244444;10240;10228
5096;27068150000;27047577777;27547577777;10240;10228
5098;27068355000;27047577777;27547577777;10240;10228
5102;27068370000;27047577777;27547577777;10240;10228
5081;27108019000;26964322222;27464322222;10240;10228
5083;27108083000;26964622222;27464622222;10240;10228
5085;27108123000;27005877777;27505877777;10240;10228
5095;27108142000;27006244444;27506244444;10240;10228
5097;27108150000;27047577777;27547577777;10240;10228
5105;27109448000;27047944444;27547944444;10240;10228
5107;27109480000;27089255555;27589255555;10240;10228
5109;27109490000;27089255555;27589255555;10240;10228
5111;27109510000;27089255555;27589255555;10240;10228
5113;27109528000;27089255555;27589255555;10240;10228
5104;27109669000;27047944444;27547944444;10240;10228
5106;27109883000;27047944444;27547944444;10240;10228
5108;27109895000;27089255555;27589255555;10240;10228
5110;27110030000;27089255555;27589255555;10240;10228
5114;27110281000;27089300000;27589300000;10240;10228
5100;27150369000;27047577777;27547577777;10240;10228
5115;27151109000;27089588888;27589588888;10240;10228
5117;27151135000;27089588888;27589588888;10240;10228
5119;27151167000;27130911111;27630911111;10240;10228
5121;27151205000;27130911111;27630911111;10240;10228
5123;27151222000;27130911111;27630911111;10240;10228
5125;27151229000;27130955555;27630955555;10240;10228
5116;27151334000;27089588888;27589588888;10240;10228
5118;27151527000;27130911111;27630911111;10240;10228
5122;27151543000;27130911111;27630911111;10240;10228
5124;27151711000;27130911111;27630911111;10240;10228
5112;27192000000;27089255555;27589255555;10240;10228
5127;27192762000;27131266666;27631266666;10240;10228
5131;27192805000;27172577777;27672577777;10240;10228
5133;27192825000;27172577777;27672577777;10240;10228
5135;27192832000;27172577777;27672577777;10240;10228
5126;27192959000;27131266666;27631266666;10240;10228
5128;27193204000;27131266666;27631266666;10240;10228
5130;27193218000;27172577777;27672577777;10240;10228
5132;27193375000;27172577777;27672577777;10240;10228
5134;27193584000;27172577777;27672577777;10240;10228
5136;27193605000;27172622222;27672622222;10240;10228
5120;27233401000;27130911111;27630911111;10240;10228
5137;27234417000;27172922222;27672922222;10240;10228
5139;27234433000;27172922222;27672922222;10240;10228
5141;27234458000;27214222222;27714222222;10240;10228
5143;27234482000;27214222222;27714222222;10240;10228
5145;27234517000;27214222222;27714222222;10240;10228
5147;27234535000;27214266666;27714266666;10240;10228
5138;27234647000;27172922222;27672922222;10240;10228
5140;27234860000;27214222222;27714222222;10240;10228
5142;27234871000;27214222222;27714222222;10240;10228
5144;27234995000;27214222222;27714222222;10240;10228
5146;27235258000;27214222222;27714222222;10240;10228
5129;27274727000;27172577777;27672577777;10240;10228
5149;27276107000;27214555555;27714555555;10240;10228
5151;27276135000;27255911111;27755911111;10240;10228
5153;27276166000;27255911111;27755911111;10240;10228
5155;27276171000;27255911111;27755911111;10240;10228
5148;27276311000;27214555555;27714555555;10240;10228
5150;27276507000;27214555555;27714555555;10240;10228
5152;27276551000;27255911111;27755911111;10240;10228
5154;27276694000;27255911111;27755911111;10240;10228
5156;27276915000;27255911111;27755911111;10240;10228
5158;27276934000;27255966666;27755966666;10240;10228
5161;27317694000;27256277777;27756277777;10240;10228
5163;27317714000;27297544444;27797544444;10240;10228
5165;27317728000;27297544444;27797544444;10240;10228
5167;27317746000;27297544444;27797544444;10240;10228
5169;27317755000;27297588888;27797588888;10240;10228
5160;27317927000;27256277777;27756277777;10240;10228
5162;27318149000;27297544444;27797544444;10240;10228
5164;27318164000;27297544444;27797544444;10240;10228
5166;27318365000;27297544444;27797544444;10240;10228
5168;27318550000;27297544444;27797544444;10240;10228
5157;27358243000;27255911111;27755911111;10240;10228
5171;27359432000;27297900000;27797900000;10240;10228
5173;27359446000;27339222222;27839222222;10240;10228
5175;27359456000;27339222222;27839222222;10240;10228
5177;27359463000;27339222222;27839222222;10240;10228
5179;27359471000;27339222222;27839222222;10240;10228
5170;27359581000;27297900000;27797900000;10240;10228
5172;27359792000;27297900000;27797900000;10240;10228
5174;27359804000;27339222222;27839222222;10240;10228
5176;27359998000;27339222222;27839222222;10240;10228
5178;27360215000;27339222222;27839222222;10240;10228
5180;27360228000;27339266666;27839266666;10240;10228
5181;27401071000;27339566666;27839566666;10240;10228
5183;27401084000;27339566666;27839566666;10240;10228
5189;27401094000;27380911111;27880911111;10240;10228
5182;27401309000;27339566666;27839566666;10240;10228
5184;27401505000;27380911111;27880911111;10240;10228
5186;27401520000;27380911111;27880911111;10240;10228
5188;27401693000;27380911111;27880911111;10240;10228
5190;27401904000;27380911111;27880911111;10240;10228
5193;27442702000;27381311111;27881311111;10240;10228
5195;27442744000;27422544444;27922544444;10240;10228
5197;27442764000;27422544444;27922544444;10240;10228
5199;27442785000;27422544444;27922544444;10240;10228
5201;27442792000;27422544444;27922544444;10240;10228
5192;27442920000;27381311111;27881311111;10240;10228
5194;27443149000;27381311111;27881311111;10240;10228
5196;27443345000;27422544444;27922544444;10240;10228
5198;27443359000;27422544444;27922544444;10240;10228
5200;27443550000;27422544444;27922544444;10240;10228
5202;27443569000;27422588888;27922588888;10240;10228
5187;27483019000;27380911111;27880911111;10240;10228
5185;27483242000;27380911111;27880911111;10240;10228
5205;27484419000;27422888888;27922888888;10240;10228
5207;27484435000;27464222222;27964222222;10240;10228
5209;27484449000;27464222222;27964222222;10240;10228
5211;27484460000;27464222222;27964222222;10240;10228
5213;27484467000;27464288888;27964288888;10240;10228
5204;27484603000;27422888888;27922888888;10240;10228
5208;27484812000;27464222222;27964222222;10240;10228
5210;27484844000;27464222222;27964222222;10240;10228
5212;27485017000;27464222222;27964222222;10240;10228
5203;27525024000;27422888888;27922888888;10240;10228
5206;27525269000;27464222222;27964222222;10240;10228
5215;27526095000;27464566666;27964566666;10240;10228
5217;27526124000;27505911111;28005911111;10240;10228
5219;27526134000;27505911111;28005911111;10240;10228
5221;27526153000;27505911111;28005911111;10240;10228
5223;27526160000;27505911111;28005911111;10240;10228
5214;27526286000;27464566666;27964566666;10240;10228
5216;27526488000;27464566666;27964566666;10240;10228
5218;27526710000;27505911111;28005911111;10240;10228
5220;27526745000;27505911111;28005911111;10240;10228
5222;27526905000;27505911111;28005911111;10240;10228
5224;27526930000;27505955555;28005955555;10240;10228
5225;27567744000;27506266666;28006266666;10240;10228
5227;27567769000;27506266666;28006266666;10240;10228
5229;27567792000;27547577777;28047577777;10240;10228
5231;27567812000;27547577777;28047577777;10240;10228
5233;27567840000;27547577777;28047577777;10240;10228
5235;27567848000;27547622222;28047622222;10240;10228
5226;27567945000;27506266666;28006266666;10240;10228
5228;27568164000;27547577777;28047577777;10240;10228
5230;27568193000;27547577777;28047577777;10240;10228
5232;27568390000;27547577777;28047577777;10240;10228
5234;27568553000;27547577777;28047577777;10240;10228
5237;27609357000;27547933333;28047933333;10240;10228
5239;27609386000;27589211111;28089211111;10240;10228
5241;27609395000;27589211111;28089211111;10240;10228
5243;27609418000;27589211111;28089211111;10240;10228
5245;27609432000;27589211111;28089211111;10240;10228
5236;27609583000;27547933333;28047933333;10240;10228
5238;27609798000;27547933333;28047933333;10240;10228
5240;27609824000;27589211111;28089211111;10240;10228
5242;27610001000;27589211111;28089211111;10240;10228
5244;27610234000;27589211111;28089211111;10240;10228
5247;27651009000;27589555555;28089555555;10240;10228
5249;27651039000;27589555555;28089555555;10240;10228
5251;27651068000;27630877777;28130877777;10240;10228
5253;27651106000;27630877777;28130877777;10240;10228
5255;27651115000;27630877777;28130877777;10240;10228
5257;27651122000;27630922222;28130922222;10240;10228
5250;27651278000;27630877777;28130877777;10240;10228
5252;27651490000;27630877777;28130877777;10240;10228
5258;27692707000;27631244444;28131244444;10240;10228
5260;27692721000;27631244444;28131244444;10240;10228
5262;27692737000;27672555555;28172555555;10240;10228
5266;27692747000;27672555555;28172555555;10240;10228
5268;27692760000;27672611111;28172611111;10240;10228
5259;27692934000;27631244444;28131244444;10240;10228
5261;27693160000;27672555555;28172555555;10240;10228
5263;27693169000;27672555555;28172555555;10240;10228
5265;27693358000;27672555555;28172555555;10240;10228
5267;27693547000;27672555555;28172555555;10240;10228
5246;27733222000;27589255555;28089255555;10240;10228
5248;27733252000;27589555555;28089555555;10240;10228
5256;27733426000;27630877777;28130877777;10240;10228
5254;27733660000;27630877777;28130877777;10240;10228
5270;27734391000;27672922222;28172922222;10240;10228
5276;27734412000;27714244444;28214244444;10240;10228
5278;27734423000;27714244444;28214244444;10240;10228
5269;27734619000;27672922222;28172922222;10240;10228
5271;27734820000;27672922222;28172922222;10240;10228
5273;27734841000;27714244444;28214244444;10240;10228
5275;27735023000;27714244444;28214244444;10240;10228
5277;27735238000;27714244444;28214244444;10240;10228
5279;27735249000;27714288888;28214288888;10240;10228
5264;27774909000;27672555555;28172555555;10240;10228
5280;27776093000;27714577777;28214577777;10240;10228
5282;27776118000;27714577777;28214577777;10240;10228
5284;27776146000;27755911111;28255911111;10240;10228
5286;27776155000;27755911111;28255911111;10240;10228
5288;27776163000;27755911111;28255911111;10240;10228
5290;27776179000;27755955555;28255955555;10240;10228
5281;27776306000;27714577777;28214577777;10240;10228
5287;27776541000;27755911111;28255911111;10240;10228
5289;27776553000;27755911111;28255911111;10240;10228
5272;27816627000;27714244444;28214244444;10240;10228
5292;27817754000;27756255555;28256255555;10240;10228
5294;27817769000;27797577777;28297577777;10240;10228
5296;27817779000;27797577777;28297577777;10240;10228
5298;27817792000;27797577777;28297577777;10240;10228
5300;27817805000;27797577777;28297577777;10240;10228
5291;27817946000;27756255555;28256255555;10240;10228
5293;27818161000;27756255555;28256255555;10240;10228
5295;27818173000;27797577777;28297577777;10240;10228
5297;27818372000;27797577777;28297577777;10240;10228
5299;27818577000;27797577777;28297577777;10240;10228
5283;27858212000;27755911111;28255911111;10240;10228
5285;27858254000;27755911111;28255911111;10240;10228
5302;27859370000;27797933333;28297933333;10240;10228
5304;27859385000;27797933333;28297933333;10240;10228
5306;27859400000;27839222222;28339222222;10240;10228
5308;27859412000;27839222222;28339222222;10240;10228
5310;27859428000;27839222222;28339222222;10240;10228
5312;27859436000;27839266666;28339266666;10240;10228
5303;27859619000;27797933333;28297933333;10240;10228
5305;27859823000;27839222222;28339222222;10240;10228
5307;27859844000;27839222222;28339222222;10240;10228
5309;27860024000;27839222222;28339222222;10240;10228
5311;27860238000;27839222222;28339222222;10240;10228
5301;27900171000;27797622222;28297622222;10240;10228
5314;27901173000;27839544444;28339544444;10240;10228
5318;27901183000;27880933333;28380933333;10240;10228
5320;27901189000;27880933333;28380933333;10240;10228
5322;27901193000;27880933333;28380933333;10240;10228
5313;27901275000;27839544444;28339544444;10240;10228
5315;27901510000;27839544444;28339544444;10240;10228
5317;27901520000;27880933333;28380933333;10240;10228
5319;27901712000;27880933333;28380933333;10240;10228
5321;27901912000;27880933333;28380933333;10240;10228
5323;27901923000;27880977777;28380977777;10240;10228
5316;27941505000;27880933333;28380933333;10240;10228
5324;27942724000;27881300000;28381300000;10240;10228
5326;27942737000;27881300000;28381300000;10240;10228
5330;27942760000;27922577777;28422577777;10240;10228
5332;27942776000;27922577777;28422577777;10240;10228
5334;27942794000;27922622222;28422622222;10240;10228
5325;27942962000;27881300000;28381300000;10240;10228
5327;27943180000;27922577777;28422577777;10240;10228
5329;27943207000;27922577777;28422577777;10240;10228
5331;27943383000;27922577777;28422577777;10240;10228
5333;27943593000;27922577777;28422577777;10240;10228
5328;27983320000;27922577777;28422577777;10240;10228
5336;27984409000;27922922222;28422922222;10240;10228
5338;27984437000;27964222222;28464222222;10240;10228
5342;27984447000;27964222222;28464222222;10240;10228
5344;27984464000;27964222222;28464222222;10240;10228
5337;27984626000;27922922222;28422922222;10240;10228
5339;27984830000;27964222222;28464222222;10240;10228
5341;27984850000;27964222222;28464222222;10240;10228
5343;27985033000;27964222222;28464222222;10240;10228
5345;27985056000;27964266666;28464266666;10240;10228
5335;28025165000;27922922222;28422922222;10240;10228
5346;28026091000;27964555555;28464555555;10240;10228
5348;28026107000;27964555555;28464555555;10240;10228
5350;28026133000;28005911111;28505911111;10240;10228
5352;28026154000;28005911111;28505911111;10240;10228
5354;28026171000;28005911111;28505911111;10240;10228
5356;28026190000;28005955555;28505955555;10240;10228
5347;28026301000;27964555555;28464555555;10240;10228
5349;28026518000;28005911111;28505911111;10240;10228
5351;28026528000;28005911111;28505911111;10240;10228
5353;28026696000;28005911111;28505911111;10240;10228
5355;28026907000;28005911111;28505911111;10240;10228
5340;28066609000;27964222222;28464222222;10240;10228
5358;28067760000;28006266666;28506266666;10240;10228
5360;28067788000;28047544444;28547544444;10240;10228
5362;28067798000;28047544444;28547544444;10240;10228
5357;28067917000;28006266666;28506266666;10240;10228
5359;28068156000;28006266666;28506266666;10240;10228
5361;28068331000;28047544444;28547544444;10240;10228
5363;28068359000;28047544444;28547544444;10240;10228
5365;28068535000;28047544444;28547544444;10240;10228
5367;28068558000;28047588888;28547588888;10240;10228
5368;28109405000;28047900000;28547900000;10240;10228
5370;28109420000;28047900000;28547900000;10240;10228
5372;28109429000;28089255555;28589255555;10240;10228
5374;28109446000;28089255555;28589255555;10240;10228
5376;28109456000;28089255555;28589255555;10240;10228
5378;28109468000;28089311111;28589311111;10240;10228
5371;28109632000;28089255555;28589255555;10240;10228
5373;28109835000;28089255555;28589255555;10240;10228
5375;28109855000;28089255555;28589255555;10240;10228
5377;28110038000;28089255555;28589255555;10240;10228
5364;28149751000;28047544444;28547544444;10240;10228
5366;28149779000;28047544444;28547544444;10240;10228
5369;28150370000;28047900000;28547900000;10240;10228
5380;28151067000;28089588888;28589588888;10240;10228
5382;28151106000;28130877777;28630877777;10240;10228
5384;28151115000;28130877777;28630877777;10240;10228
5386;28151133000;28130877777;28630877777;10240;10228
5388;28151141000;28130877777;28630877777;10240;10228
5379;28151252000;28089588888;28589588888;10240;10228
5381;28151468000;28089588888;28589588888;10240;10228
5383;28151492000;28130877777;28630877777;10240;10228
5385;28151666000;28130877777;28630877777;10240;10228
5387;28151866000;28130877777;28630877777;10240;10228
5389;28151894000;28130922222;28630922222;10240;10228
5390;28192730000;28131244444;28631244444;10240;10228
5392;28192745000;28131244444;28631244444;10240;10228
5394;28192767000;28172577777;28672577777;10240;10228
5396;28192797000;28172577777;28672577777;10240;10228
5398;28192818000;28172577777;28672577777;10240;10228
5400;28192834000;28172622222;28672622222;10240;10228
5391;28192948000;28131244444;28631244444;10240;10228
5393;28193163000;28172577777;28672577777;10240;10228
5395;28193192000;28172577777;28672577777;10240;10228
5397;28193349000;28172577777;28672577777;10240;10228
5399;28193557000;28172577777;28672577777;10240;10228
5402;28234374000;28172933333;28672933333;10240;10228
5404;28234406000;28214211111;28714211111;10240;10228
5406;28234416000;28214211111;28714211111;10240;10228
5408;28234433000;28214211111;28714211111;10240;10228
5401;28234578000;28172933333;28672933333;10240;10228
5403;28234783000;28172933333;28672933333;10240;10228
5405;28234997000;28214211111;28714211111;10240;10228
5407;28235022000;28214211111;28714211111;10240;10228
5409;28235192000;28214211111;28714211111;10240;10228
5411;28235202000;28214255555;28714255555;10240;10228
5414;28276071000;28214544444;28714544444;10240;10228
5416;28276085000;28255911111;28755911111;10240;10228
5418;28276094000;28255911111;28755911111;10240;10228
5420;28276112000;28255911111;28755911111;10240;10228
5422;28276122000;28255955555;28755955555;10240;10228
5413;28276290000;28214544444;28714544444;10240;10228
5415;28276500000;28255911111;28755911111;10240;10228
5417;28276512000;28255911111;28755911111;10240;10228
5419;28276699000;28255911111;28755911111;10240;10228
5421;28276900000;28255911111;28755911111;10240;10228
5410;28316651000;28214211111;28714211111;10240;10228
5412;28316834000;28214544444;28714544444;10240;10228
5424;28317767000;28256255555;28756255555;10240;10228
5426;28317798000;28297544444;28797544444;10240;10228
5428;28317808000;28297544444;28797544444;10240;10228
5430;28317825000;28297544444;28797544444;10240;10228
5432;28317837000;28297544444;28797544444;10240;10228
5423;28317917000;28256255555;28756255555;10240;10228
5425;28318082000;28256255555;28756255555;10240;10228
5427;28318339000;28297544444;28797544444;10240;10228
5429;28318365000;28297544444;28797544444;10240;10228
5431;28318520000;28297544444;28797544444;10240;10228
5433;28318545000;28297611111;28797611111;10240;10228
5434;28359406000;28297922222;28797922222;10240;10228
5436;28359421000;28297922222;28797922222;10240;10228
5438;28359442000;28339211111;28839211111;10240;10228
5440;28359455000;28339211111;28839211111;10240;10228
5442;28359461000;28339211111;28839211111;10240;10228
5444;28359485000;28339255555;28839255555;10240;10228
5435;28359586000;28297922222;28797922222;10240;10228
5437;28359793000;28339211111;28839211111;10240;10228
5439;28359827000;28339211111;28839211111;10240;10228
5446;28401010000;28339555555;28839555555;10240;10228
5448;28401054000;28380877777;28880877777;10240;10228
5450;28401078000;28380877777;28880877777;10240;10228
5452;28401116000;28380877777;28880877777;10240;10228
5454;28401126000;28380877777;28880877777;10240;10228
5445;28401225000;28339555555;28839555555;10240;10228
5447;28401420000;28339555555;28839555555;10240;10228
5449;28401662000;28380877777;28880877777;10240;10228
5451;28401677000;28380877777;28880877777;10240;10228
5453;28401856000;28380877777;28880877777;10240;10228
5455;28401866000;28380922222;28880922222;10240;10228
5441;28442156000;28339211111;28839211111;10240;10228
5456;28442708000;28381266666;28881266666;10240;10228
5458;28442722000;28381266666;28881266666;10240;10228
5460;28442731000;28422544444;28922544444;10240;10228
5464;28442744000;28422544444;28922544444;10240;10228
5466;28442757000;28422588888;28922588888;10240;10228
5457;28442927000;28381266666;28881266666;10240;10228
5459;28443155000;28422544444;