seqnum;now;rtptime;deadline;packet_len;payload_len
0;8351363000;7960200000;8160200000;10240;10228
1;8351438000;7960200000;8160200000;10240;10228
2;8351542000;7960200000;8160200000;10240;10228
4;8512308000;7960200000;8160200000;10240;10228
5;8512336000;7960200000;8160200000;10240;10228
6;8512510000;7960200000;8160200000;10240;10228
7;8512543000;7960200000;8160200000;10240;10228
8;8518672000;7960200000;8160200000;10240;10228
9;8518721000;7960200000;8160200000;10240;10228
10;8673261000;7960200000;8160200000;10240;10228
11;8673487000;7991777777;8191777777;10240;10228
12;8673509000;7991777777;8191777777;10240;10228
13;8673748000;7991777777;8191777777;10240;10228
14;8673779000;7991777777;8191777777;10240;10228
15;8679694000;7991777777;8191777777;10240;10228
16;8679716000;7991777777;8191777777;10240;10228
17;8834195000;7991777777;8191777777;10240;10228
18;8834450000;7991777777;8191777777;10240;10228
19;8834473000;7991777777;8191777777;10240;10228
20;8834717000;7991777777;8191777777;10240;10228
21;8834740000;7991777777;8191777777;10240;10228
22;8834975000;8033466666;8233466666;10240;10228
24;8834987000;8033466666;8233466666;10240;10228
25;8835216000;8033466666;8233466666;10240;10228
26;8835239000;8033466666;8233466666;10240;10228
27;8840670000;8033466666;8233466666;10240;10228
28;8840694000;8033466666;8233466666;10240;10228
29;8840921000;8033466666;8233466666;10240;10228
30;8840944000;8033466666;8233466666;10240;10228
31;8995058000;8033466666;8233466666;10240;10228
32;8995080000;8033466666;8233466666;10240;10228
33;8995456000;8075077777;8275077777;10240;10228
34;8995482000;8075077777;8275077777;10240;10228
35;8995716000;8075077777;8275077777;10240;10228
36;8995736000;8075077777;8275077777;10240;10228
37;8995967000;8075077777;8275077777;10240;10228
38;8995987000;8075077777;8275077777;10240;10228
39;8996201000;8075077777;8275077777;10240;10228
40;8996231000;8075077777;8275077777;10240;10228
41;8996452000;8075077777;8275077777;10240;10228
42;8996473000;8075077777;8275077777;10240;10228
43;8996717000;8075077777;8275077777;10240;10228
44;8996737000;8116744444;8316744444;10240;10228
45;8996960000;8116744444;8316744444;10240;10228
46;8996980000;8116744444;8316744444;10240;10228
47;8997166000;8116744444;8316744444;10240;10228
48;9001666000;8116744444;8316744444;10240;10228
49;9001680000;8116744444;8316744444;10240;10228
50;9001914000;8116744444;8316744444;10240;10228
52;9155989000;8116744444;8316744444;10240;10228
53;9156437000;8116744444;8316744444;10240;10228
54;9156460000;8116744444;8316744444;10240;10228
55;9156693000;8158400000;8358400000;10240;10228
56;9156715000;8158400000;8358400000;10240;10228
57;9156951000;8158400000;8358400000;10240;10228
58;9156972000;8158400000;8358400000;10240;10228
60;9157204000;8158400000;8358400000;10240;10228
61;9157449000;8158400000;8358400000;10240;10228
62;9157471000;8158400000;8358400000;10240;10228
63;9157701000;8158400000;8358400000;10240;10228
64;9157722000;8158400000;8358400000;10240;10228
65;9157928000;8158400000;8358400000;10240;10228
66;9157949000;8200033333;8400033333;10240;10228
67;9158164000;8200033333;8400033333;10240;10228
68;9158174000;8200033333;8400033333;10240;10228
70;9158402000;8200033333;8400033333;10240;10228
71;9158412000;8200033333;8400033333;10240;10228
72;9158659000;8200033333;8400033333;10240;10228
73;9158688000;8200033333;8400033333;10240;10228
74;9158946000;8200033333;8400033333;10240;10228
75;9158967000;8200033333;8400033333;10240;10228
76;9162585000;8200033333;8400033333;10240;10228
77;9162802000;8241755555;8441755555;10240;10228
78;9162823000;8241755555;8441755555;10240;10228
79;9163055000;8241755555;8441755555;10240;10228
80;9163075000;8241755555;8441755555;10240;10228
81;9163301000;8241755555;8441755555;10240;10228
82;9163321000;8241755555;8441755555;10240;10228
83;9317013000;8241755555;8441755555;10240;10228
84;9317034000;8241755555;8441755555;10240;10228
85;9317522000;8241755555;8441755555;10240;10228
86;9317769000;8241755555;8441755555;10240;10228
87;9317792000;8241755555;8441755555;10240;10228
88;9317797000;8283400000;8483400000;10240;10228
89;9317983000;8283400000;8483400000;10240;10228
90;9318262000;8283400000;8483400000;10240;10228
91;9318282000;8283400000;8483400000;10240;10228
92;9318288000;8283400000;8483400000;10240;10228
93;9318476000;8283400000;8483400000;10240;10228
94;9318499000;8283400000;8483400000;10240;10228
95;9318728000;8283400000;8483400000;10240;10228
96;9318750000;8283400000;8483400000;10240;10228
97;9319021000;8283400000;8483400000;10240;10228
99;9319256000;8325111111;8525111111;10240;10228
100;9319280000;8325111111;8525111111;10240;10228
101;9319458000;8325111111;8525111111;10240;10228
103;9319469000;8325111111;8525111111;10240;10228
104;9319766000;8325111111;8525111111;10240;10228
105;9319789000;8325111111;8525111111;10240;10228
106;9320015000;8325111111;8525111111;10240;10228
107;9320037000;8325111111;8525111111;10240;10228
108;9323624000;8325111111;8525111111;10240;10228
109;9323646000;8325111111;8525111111;10240;10228
111;9324056000;8366677777;8566677777;10240;10228
112;9324084000;8366677777;8566677777;10240;10228
113;9324295000;8366677777;8566677777;10240;10228
114;9324317000;8366677777;8566677777;10240;10228
115;9477950000;8366677777;8566677777;10240;10228
116;9477973000;8366677777;8566677777;10240;10228
117;9478202000;8366677777;8566677777;10240;10228
118;9478504000;8366677777;8566677777;10240;10228
120;9478760000;8366677777;8566677777;10240;10228
121;9478789000;8408400000;8608400000;10240;10228
122;9479012000;8408400000;8608400000;10240;10228
123;9479257000;8408400000;8608400000;10240;10228
124;9479279000;8408400000;8608400000;10240;10228
125;9479515000;8408400000;8608400000;10240;10228
128;9479538000;8408400000;8608400000;10240;10228
129;9479767000;8408400000;8608400000;10240;10228
130;9479791000;8408400000;8608400000;10240;10228
131;9479969000;8408400000;8608400000;10240;10228
132;9479989000;8450033333;8650033333;10240;10228
133;9480219000;8450033333;8650033333;10240;10228
134;9480240000;8450033333;8650033333;10240;10228
135;9480472000;8450033333;8650033333;10240;10228
136;9480483000;8450033333;8650033333;10240;10228
137;9480776000;8450033333;8650033333;10240;10228
138;9480797000;8450033333;8650033333;10240;10228
139;9480815000;8450033333;8650033333;10240;10228
140;9481017000;8450033333;8650033333;10240;10228
141;9481039000;8450033333;8650033333;10240;10228
142;9481258000;8450033333;8650033333;10240;10228
143;9484586000;8491700000;8691700000;10240;10228
144;9484620000;8491700000;8691700000;10240;10228
145;9484849000;8491700000;8691700000;10240;10228
147;9485052000;8491700000;8691700000;10240;10228
148;9485076000;8491700000;8691700000;10240;10228
149;9485301000;8491700000;8691700000;10240;10228
150;9485322000;8491700000;8691700000;10240;10228
151;9638969000;8491700000;8691700000;10240;10228
152;9638989000;8491700000;8691700000;10240;10228
153;9639201000;8491700000;8691700000;10240;10228
154;9639506000;8533411111;8733411111;10240;10228
155;9639744000;8533411111;8733411111;10240;10228
156;9639765000;8533411111;8733411111;10240;10228
157;9639990000;8533411111;8733411111;10240;10228
158;9640012000;8533411111;8733411111;10240;10228
160;9640243000;8533411111;8733411111;10240;10228
161;9640506000;8533411111;8733411111;10240;10228
162;9640534000;8533411111;8733411111;10240;10228
163;9640764000;8533411111;8733411111;10240;10228
167;9640774000;8575044444;8775044444;10240;10228
168;9640972000;8575044444;8775044444;10240;10228
171;9641209000;8575044444;8775044444;10240;10228
172;9641241000;8575044444;8775044444;10240;10228
173;9641460000;8575044444;8775044444;10240;10228
174;9641490000;8575044444;8775044444;10240;10228
175;9641755000;8575044444;8775044444;10240;10228
176;9641777000;8616700000;8816700000;10240;10228
177;9642030000;8616700000;8816700000;10240;10228
178;9642062000;8616700000;8816700000;10240;10228
179;9642250000;8616700000;8816700000;10240;10228
181;9645622000;8616700000;8816700000;10240;10228
182;9645644000;8616700000;8816700000;10240;10228
183;9645845000;8616700000;8816700000;10240;10228
185;9645868000;8616700000;8816700000;10240;10228
187;9646082000;8658377777;8858377777;10240;10228
188;9646105000;8658377777;8858377777;10240;10228
189;9646368000;8658377777;8858377777;10240;10228
190;9799977000;8658377777;8858377777;10240;10228
191;9800012000;8658377777;8858377777;10240;10228
192;9800174000;8658377777;8858377777;10240;10228
193;9800474000;8658377777;8858377777;10240;10228
194;9800499000;8658377777;8858377777;10240;10228
195;9800733000;8658377777;8858377777;10240;10228
196;9800757000;8658377777;8858377777;10240;10228
197;9800984000;8658377777;8858377777;10240;10228
198;9801008000;8700022222;8900022222;10240;10228
199;9801271000;8700022222;8900022222;10240;10228
200;9801298000;8700022222;8900022222;10240;10228
201;9801547000;8700022222;8900022222;10240;10228
202;9801571000;8700022222;8900022222;10240;10228
203;9801777000;8700022222;8900022222;10240;10228
204;9801800000;8700022222;8900022222;10240;10228
205;9801984000;8700022222;8900022222;10240;10228
206;9801995000;8700022222;8900022222;10240;10228
207;9802230000;8700022222;8900022222;10240;10228
208;9802249000;8700022222;8900022222;10240;10228
209;9802527000;8741700000;8941700000;10240;10228
210;9802550000;8741700000;8941700000;10240;10228
211;9802785000;8741700000;8941700000;10240;10228
212;9802808000;8741700000;8941700000;10240;10228
213;9802828000;8741700000;8941700000;10240;10228
214;9803031000;8741700000;8941700000;10240;10228
215;9803050000;8741700000;8941700000;10240;10228
216;9803272000;8741700000;8941700000;10240;10228
217;9803295000;8741700000;8941700000;10240;10228
218;9803491000;8741700000;8941700000;10240;10228
219;9803522000;8741700000;8941700000;10240;10228
220;9803736000;8783400000;8983400000;10240;10228
221;9806640000;8783400000;8983400000;10240;10228
222;9806660000;8783400000;8983400000;10240;10228
223;9806865000;8783400000;8983400000;10240;10228
224;9806886000;8783400000;8983400000;10240;10228
225;9807091000;8783400000;8983400000;10240;10228
226;9807112000;8783400000;8983400000;10240;10228
227;9807314000;8783400000;8983400000;10240;10228
228;9807320000;8783400000;8983400000;10240;10228
229;9807614000;8783400000;8983400000;10240;10228
230;9807644000;8783400000;8983400000;10240;10228
231;9807873000;8825044444;9025044444;10240;10228
232;9960954000;8825044444;9025044444;10240;10228
233;9960995000;8825044444;9025044444;10240;10228
235;9961458000;8825044444;9025044444;10240;10228
236;9961481000;8825044444;9025044444;10240;10228
237;9961707000;8825044444;9025044444;10240;10228
239;9961972000;8825044444;9025044444;10240;10228
240;9961999000;8825044444;9025044444;10240;10228
241;9962208000;8825044444;9025044444;10240;10228
242;9962230000;8866688888;9066688888;10240;10228
243;9962473000;8866688888;9066688888;10240;10228
244;9962495000;8866688888;9066688888;10240;10228
245;9962723000;8866688888;9066688888;10240;10228
246;9962745000;8866688888;9066688888;10240;10228
247;9962932000;8866688888;9066688888;10240;10228
248;9962956000;8866688888;9066688888;10240;10228
249;9963173000;8866688888;9066688888;10240;10228
250;9963194000;8866688888;9066688888;10240;10228
251;9963425000;8866688888;9066688888;10240;10228
252;9963435000;8866688888;9066688888;10240;10228
253;9963442000;8908400000;9108400000;10240;10228
254;9963724000;8908400000;9108400000;10240;10228
255;9963747000;8908400000;9108400000;10240;10228
256;9963962000;8908400000;9108400000;10240;10228
257;9963984000;8908400000;9108400000;10240;10228
258;9964223000;8908400000;9108400000;10240;10228
259;9964254000;8908400000;9108400000;10240;10228
260;9964470000;8908400000;9108400000;10240;10228
261;9964493000;8908400000;9108400000;10240;10228
262;9964677000;8908400000;9108400000;10240;10228
263;9964695000;8908400000;9108400000;10240;10228
264;9964976000;8950022222;9150022222;10240;10228
265;9964996000;8950022222;9150022222;10240;10228
266;9967622000;8950022222;9150022222;10240;10228
267;9967875000;8950022222;9150022222;10240;10228
268;9967898000;8950022222;9150022222;10240;10228
270;9967918000;8950022222;9150022222;10240;10228
271;9968126000;8950022222;9150022222;10240;10228
273;9968148000;8950022222;9150022222;10240;10228
274;9968396000;8950022222;9150022222;10240;10228
275;9968418000;8991700000;9191700000;10240;10228
276;9968638000;8991700000;9191700000;10240;10228
277;9968679000;8991700000;9191700000;10240;10228
278;9968869000;8991700000;9191700000;10240;10228
279;9968891000;8991700000;9191700000;10240;10228
280;9969121000;8991700000;9191700000;10240;10228
281;9969143000;8991700000;9191700000;10240;10228
282;9969157000;8991700000;9191700000;10240;10228
283;9977147000;8991700000;9191700000;10240;10228
284;9977167000;8991700000;9191700000;10240;10228
285;10121755000;8991700000;9191700000;10240;10228
286;10122004000;9033388888;9233388888;10240;10228
287;10122029000;9033388888;9233388888;10240;10228
288;10122252000;9033388888;9233388888;10240;10228
289;10122493000;9033388888;9233388888;10240;10228
290;10122525000;9033388888;9233388888;10240;10228
291;10122749000;9033388888;9233388888;10240;10228
292;10122773000;9033388888;9233388888;10240;10228
293;10123001000;9033388888;9233388888;10240;10228
294;10123023000;9033388888;9233388888;10240;10228
295;10123244000;9033388888;9233388888;10240;10228
296;10123266000;9033388888;9233388888;10240;10228
297;10123459000;9075011111;9275011111;10240;10228
298;10123470000;9075011111;9275011111;10240;10228
299;10123715000;9075011111;9275011111;10240;10228
300;10123740000;9075011111;9275011111;10240;10228
301;10123957000;9075011111;9275011111;10240;10228
302;10123978000;9075011111;9275011111;10240;10228
303;10124247000;9075011111;9275011111;10240;10228
304;10124268000;9075011111;9275011111;10240;10228
305;10124274000;9075011111;9275011111;10240;10228
306;10124507000;9075011111;9275011111;10240;10228
307;10124546000;9075011111;9275011111;10240;10228
308;10124744000;9116711111;9316711111;10240;10228
309;10124769000;9116711111;9316711111;10240;10228
310;10125013000;9116711111;9316711111;10240;10228
311;10125035000;9116711111;9316711111;10240;10228
312;10125248000;9116711111;9316711111;10240;10228
313;10125271000;9116711111;9316711111;10240;10228
314;10125461000;9116711111;9316711111;10240;10228
315;10125466000;9116711111;9316711111;10240;10228
316;10125751000;9116711111;9316711111;10240;10228
317;10125768000;9116711111;9316711111;10240;10228
318;10125773000;9116711111;9316711111;10240;10228
319;10126007000;9158400000;9358400000;10240;10228
320;10126029000;9158400000;9358400000;10240;10228
321;10128628000;9158400000;9358400000;10240;10228
322;10128645000;9158400000;9358400000;10240;10228
323;10128882000;9158400000;9358400000;10240;10228
324;10128901000;9158400000;9358400000;10240;10228
326;10129124000;9158400000;9358400000;10240;10228
327;10129143000;9158400000;9358400000;10240;10228
328;10129379000;9158400000;9358400000;10240;10228
329;10129384000;9158400000;9358400000;10240;10228
330;10129636000;9200044444;9400044444;10240;10228
332;10129641000;9200044444;9400044444;10240;10228
333;10129911000;9200044444;9400044444;10240;10228
334;10129916000;9200044444;9400044444;10240;10228
335;10130128000;9200044444;9400044444;10240;10228
336;10130133000;9200044444;9400044444;10240;10228
337;10130377000;9200044444;9400044444;10240;10228
338;10138151000;9200044444;9400044444;10240;10228
339;10138168000;9200044444;9400044444;10240;10228
340;10282696000;9200044444;9400044444;10240;10228
341;10282941000;9241700000;9441700000;10240;10228
342;10282965000;9241700000;9441700000;10240;10228
343;10283196000;9241700000;9441700000;10240;10228
344;10283500000;9241700000;9441700000;10240;10228
345;10283527000;9241700000;9441700000;10240;10228
346;10283748000;9241700000;9441700000;10240;10228
347;10283769000;9241700000;9441700000;10240;10228
348;10284010000;9241700000;9441700000;10240;10228
349;10284031000;9241700000;9441700000;10240;10228
350;10284242000;9241700000;9441700000;10240;10228
351;10284274000;9241700000;9441700000;10240;10228
352;10284533000;9283377777;9483377777;10240;10228
353;10284564000;9283377777;9483377777;10240;10228
354;10284715000;9283377777;9483377777;10240;10228
355;10284742000;9283377777;9483377777;10240;10228
356;10284957000;9283377777;9483377777;10240;10228
357;10284980000;9283377777;9483377777;10240;10228
358;10285271000;9283377777;9483377777;10240;10228
359;10285294000;9283377777;9483377777;10240;10228
361;10285467000;9283377777;9483377777;10240;10228
362;10285498000;9283377777;9483377777;10240;10228
363;10285504000;9325022222;9525022222;10240;10228
364;10285762000;9325022222;9525022222;10240;10228
365;10285785000;9325022222;9525022222;10240;10228
366;10286007000;9325022222;9525022222;10240;10228
367;10286029000;9325022222;9525022222;10240;10228
368;10286246000;9325022222;9525022222;10240;10228
369;10286270000;9325022222;9525022222;10240;10228
370;10286467000;9325022222;9525022222;10240;10228
371;10286490000;9325022222;9525022222;10240;10228
372;10286756000;9325022222;9525022222;10240;10228
373;10286779000;9325022222;9525022222;10240;10228
374;10286783000;9366655555;9566655555;10240;10228
375;10287011000;9366655555;9566655555;10240;10228
376;10287031000;9366655555;9566655555;10240;10228
379;10289652000;9366655555;9566655555;10240;10228
380;10289678000;9366655555;9566655555;10240;10228
381;10289931000;9366655555;9566655555;10240;10228
382;10289962000;9366655555;9566655555;10240;10228
383;10290106000;9366655555;9566655555;10240;10228
384;10290140000;9366655555;9566655555;10240;10228
385;10290427000;9408411111;9608411111;10240;10228
386;10290451000;9408411111;9608411111;10240;10228
387;10290657000;9408411111;9608411111;10240;10228
388;10290680000;9408411111;9608411111;10240;10228
389;10290903000;9408411111;9608411111;10240;10228
390;10290925000;9408411111;9608411111;10240;10228
391;10291156000;9408411111;9608411111;10240;10228
392;10291177000;9408411111;9608411111;10240;10228
393;10291403000;9408411111;9608411111;10240;10228
394;10291425000;9408411111;9608411111;10240;10228
396;10291431000;9450033333;9650033333;10240;10228
397;10291618000;9450033333;9650033333;10240;10228
399;10299193000;9450033333;9650033333;10240;10228
400;10299216000;9450033333;9650033333;10240;10228
401;10443626000;9450033333;9650033333;10240;10228
402;10443939000;9450033333;9650033333;10240;10228
403;10443963000;9450033333;9650033333;10240;10228
404;10444194000;9450033333;9650033333;10240;10228
405;10444453000;9450033333;9650033333;10240;10228
406;10444474000;9450033333;9650033333;10240;10228
407;10444705000;9491688888;9691688888;10240;10228
408;10444949000;9491688888;9691688888;10240;10228
409;10444971000;9491688888;9691688888;10240;10228
411;10445200000;9491688888;9691688888;10240;10228
412;10445232000;9491688888;9691688888;10240;10228
413;10445409000;9491688888;9691688888;10240;10228
414;10445428000;9491688888;9691688888;10240;10228
415;10445666000;9491688888;9691688888;10240;10228
416;10445690000;9491688888;9691688888;10240;10228
417;10445908000;9491688888;9691688888;10240;10228
418;10445963000;9533422222;9733422222;10240;10228
419;10446234000;9533422222;9733422222;10240;10228
420;10446239000;9533422222;9733422222;10240;10228
421;10446488000;9533422222;9733422222;10240;10228
422;10446494000;9533422222;9733422222;10240;10228
423;10446728000;9533422222;9733422222;10240;10228
424;10446748000;9533422222;9733422222;10240;10228
425;10446972000;9533422222;9733422222;10240;10228
426;10446992000;9533422222;9733422222;10240;10228
427;10447231000;9533422222;9733422222;10240;10228
428;10447247000;9533422222;9733422222;10240;10228
429;10447446000;9575033333;9775033333;10240;10228
430;10447464000;9575033333;9775033333;10240;10228
431;10447729000;9575033333;9775033333;10240;10228
432;10447749000;9575033333;9775033333;10240;10228
433;10447981000;9575033333;9775033333;10240;10228
434;10447987000;9575033333;9775033333;10240;10228
435;10448213000;9575033333;9775033333;10240;10228
436;10448220000;9575033333;9775033333;10240;10228
437;10448446000;9575033333;9775033333;10240;10228
438;10450686000;9575033333;9775033333;10240;10228
439;10450702000;9575033333;9775033333;10240;10228
440;10450930000;9616688888;9816688888;10240;10228
441;10450950000;9616688888;9816688888;10240;10228
442;10451181000;9616688888;9816688888;10240;10228
443;10451200000;9616688888;9816688888;10240;10228
444;10451429000;9616688888;9816688888;10240;10228
445;10451446000;9616688888;9816688888;10240;10228
446;10451688000;9616688888;9816688888;10240;10228
447;10451707000;9616688888;9816688888;10240;10228
448;10451735000;9616688888;9816688888;10240;10228
449;10451925000;9616688888;9816688888;10240;10228
450;10451942000;9616688888;9816688888;10240;10228
451;10452178000;9658366666;9858366666;10240;10228
452;10452198000;9658366666;9858366666;10240;10228
453;10452432000;9658366666;9858366666;10240;10228
454;10452448000;9658366666;9858366666;10240;10228
455;10452647000;9658366666;9858366666;10240;10228
456;10452691000;9658366666;9858366666;10240;10228
457;10452941000;9658366666;9858366666;10240;10228
458;10452963000;9658366666;9858366666;10240;10228
459;10453186000;9658366666;9858366666;10240;10228
460;10453204000;9658366666;9858366666;10240;10228
461;10460109000;9658366666;9858366666;10240;10228
462;10460355000;9700011111;9900011111;10240;10228
463;10460379000;9700011111;9900011111;10240;10228
464;10604524000;9700011111;9900011111;10240;10228
465;10604938000;9700011111;9900011111;10240;10228
466;10604959000;9700011111;9900011111;10240;10228
467;10605186000;9700011111;9900011111;10240;10228
468;10605433000;9700011111;9900011111;10240;10228
469;10605459000;9700011111;9900011111;10240;10228
470;10605710000;9700011111;9900011111;10240;10228
471;10605735000;9700011111;9900011111;10240;10228
472;10605963000;9700011111;9900011111;10240;10228
473;10605985000;9741688888;9941688888;10240;10228
474;10606206000;9741688888;9941688888;10240;10228
475;10606227000;9741688888;9941688888;10240;10228
476;10606457000;9741688888;9941688888;10240;10228
477;10606479000;9741688888;9941688888;10240;10228
478;10606670000;9741688888;9941688888;10240;10228
479;10606693000;9741688888;9941688888;10240;10228
480;10606913000;9741688888;9941688888;10240;10228
481;10606922000;9741688888;9941688888;10240;10228
483;10607206000;9741688888;9941688888;10240;10228
484;10607237000;9783388888;9983388888;10240;10228
485;10607470000;9783388888;9983388888;10240;10228
486;10607492000;9783388888;9983388888;10240;10228
487;10607726000;9783388888;9983388888;10240;10228
488;10607748000;9783388888;9983388888;10240;10228
489;10608002000;9783388888;9983388888;10240;10228
490;10608024000;9783388888;9983388888;10240;10228
491;10608245000;9783388888;9983388888;10240;10228
492;10608271000;9783388888;9983388888;10240;10228
493;10608443000;9783388888;9983388888;10240;10228
494;10608458000;9783388888;9983388888;10240;10228
495;10608748000;9825033333;10025033333;10240;10228
496;10608770000;9825033333;10025033333;10240;10228
497;10608985000;9825033333;10025033333;10240;10228
498;10609007000;9825033333;10025033333;10240;10228
499;10609247000;9825033333;10025033333;10240;10228
500;10609269000;9825033333;10025033333;10240;10228
501;10609444000;9825033333;10025033333;10240;10228
502;10611739000;9825033333;10025033333;10240;10228
503;10611761000;9825033333;10025033333;10240;10228
506;10611995000;9866677777;10066677777;10240;10228
507;10612240000;9866677777;10066677777;10240;10228
508;10612260000;9866677777;10066677777;10240;10228
509;10612489000;9866677777;10066677777;10240;10228
510;10612509000;9866677777;10066677777;10240;10228
511;10612747000;9866677777;10066677777;10240;10228
512;10612768000;9866677777;10066677777;10240;10228
513;10612944000;9866677777;10066677777;10240;10228
515;10612979000;9866677777;10066677777;10240;10228
516;10613240000;9866677777;10066677777;10240;10228
517;10613261000;9908388888;10108388888;10240;10228
518;10613269000;9908388888;10108388888;10240;10228
519;10613431000;9908388888;10108388888;10240;10228
521;10613694000;9908388888;10108388888;10240;10228
522;10613993000;9908388888;10108388888;10240;10228
523;10614023000;9908388888;10108388888;10240;10228
524;10614245000;9908388888;10108388888;10240;10228
525;10614266000;9908388888;10108388888;10240;10228
526;10614271000;9908388888;10108388888;10240;10228
527;10621024000;9908388888;10108388888;10240;10228
528;10621274000;9950022222;10150022222;10240;10228
529;10621296000;9950022222;10150022222;10240;10228
530;10621526000;9950022222;10150022222;10240;10228
531;10765561000;9950022222;10150022222;10240;10228
532;10765914000;9950022222;10150022222;10240;10228
533;10765938000;9950022222;10150022222;10240;10228
536;10766443000;9950022222;10150022222;10240;10228
537;10766706000;9950022222;10150022222;10240;10228
538;10766733000;9950022222;10150022222;10240;10228
539;10766975000;9991688888;10191688888;10240;10228
540;10766997000;9991688888;10191688888;10240;10228
542;10767217000;9991688888;10191688888;10240;10228
543;10767250000;9991688888;10191688888;10240;10228
544;10767465000;9991688888;10191688888;10240;10228
545;10767486000;9991688888;10191688888;10240;10228
546;10767720000;9991688888;10191688888;10240;10228
547;10767743000;9991688888;10191688888;10240;10228
548;10767948000;9991688888;10191688888;10240;10228
549;10767970000;9991688888;10191688888;10240;10228
550;10768174000;10033400000;10233400000;10240;10228
551;10768198000;10033400000;10233400000;10240;10228
552;10768423000;10033400000;10233400000;10240;10228
553;10768445000;10033400000;10233400000;10240;10228
555;10768683000;10033400000;10233400000;10240;10228
556;10768768000;10033400000;10233400000;10240;10228
557;10768798000;10033400000;10233400000;10240;10228
558;10768975000;10033400000;10233400000;10240;10228
559;10769000000;10033400000;10233400000;10240;10228
560;10769219000;10033400000;10233400000;10240;10228
561;10769242000;10075022222;10275022222;10240;10228
562;10769457000;10075022222;10275022222;10240;10228
563;10769479000;10075022222;10275022222;10240;10228
564;10769721000;10075022222;10275022222;10240;10228
565;10769743000;10075022222;10275022222;10240;10228
566;10769974000;10075022222;10275022222;10240;10228
567;10770006000;10075022222;10275022222;10240;10228
568;10770179000;10075022222;10275022222;10240;10228
570;10770212000;10075022222;10275022222;10240;10228
571;10770233000;10075022222;10275022222;10240;10228
572;10770425000;10116677777;10316677777;10240;10228
573;10770444000;10116677777;10316677777;10240;10228
574;10770678000;10116677777;10316677777;10240;10228
575;10770708000;10116677777;10316677777;10240;10228
576;10770978000;10116677777;10316677777;10240;10228
577;10771010000;10116677777;10316677777;10240;10228
578;10772748000;10116677777;10316677777;10240;10228
579;10772770000;10116677777;10316677777;10240;10228
580;10772992000;10116677777;10316677777;10240;10228
581;10773014000;10116677777;10316677777;10240;10228
582;10773242000;10116677777;10316677777;10240;10228
583;10773263000;10158377777;10358377777;10240;10228
585;10773525000;10158377777;10358377777;10240;10228
586;10773557000;10158377777;10358377777;10240;10228
587;10773727000;10158377777;10358377777;10240;10228
588;10773747000;10158377777;10358377777;10240;10228
589;10773989000;10158377777;10358377777;10240;10228
590;10773995000;10158377777;10358377777;10240;10228
591;10774234000;10158377777;10358377777;10240;10228
592;10774449000;10158377777;10358377777;10240;10228
593;10774465000;10158377777;10358377777;10240;10228
594;10774738000;10200022222;10400022222;10240;10228
595;10774755000;10200022222;10400022222;10240;10228
596;10774759000;10200022222;10400022222;10240;10228
597;10774989000;10200022222;10400022222;10240;10228
598;10775007000;10200022222;10400022222;10240;10228
600;10775236000;10200022222;10400022222;10240;10228
601;10775252000;10200022222;10400022222;10240;10228
602;10782024000;10200022222;10400022222;10240;10228
603;10782041000;10200022222;10400022222;10240;10228
604;10782263000;10200022222;10400022222;10240;10228
605;10782285000;10241700000;10441700000;10240;10228
606;10782523000;10241700000;10441700000;10240;10228
607;10926487000;10241700000;10441700000;10240;10228
608;10926913000;10241700000;10441700000;10240;10228
609;10926938000;10241700000;10441700000;10240;10228
610;10927460000;10241700000;10441700000;10240;10228
611;10927483000;10241700000;10441700000;10240;10228
612;10927711000;10241700000;10441700000;10240;10228
613;10927735000;10241700000;10441700000;10240;10228
614;10927962000;10241700000;10441700000;10240;10228
615;10927984000;10241700000;10441700000;10240;10228
616;10928212000;10283411111;10483411111;10240;10228
617;10928232000;10283411111;10483411111;10240;10228
618;10928459000;10283411111;10483411111;10240;10228
619;10928480000;10283411111;10483411111;10240;10228
620;10928717000;10283411111;10483411111;10240;10228
621;10928738000;10283411111;10483411111;10240;10228
622;10928916000;10283411111;10483411111;10240;10228
623;10928932000;10283411111;10483411111;10240;10228
624;10929164000;10283411111;10483411111;10240;10228
625;10929223000;10283411111;10483411111;10240;10228
626;10929246000;10283411111;10483411111;10240;10228
627;10929442000;10325044444;10525044444;10240;10228
628;10929467000;10325044444;10525044444;10240;10228
629;10929702000;10325044444;10525044444;10240;10228
630;10929725000;10325044444;10525044444;10240;10228
631;10929945000;10325044444;10525044444;10240;10228
632;10929966000;10325044444;10525044444;10240;10228
633;10930195000;10325044444;10525044444;10240;10228
634;10930215000;10325044444;10525044444;10240;10228
635;10930446000;10325044444;10525044444;10240;10228
636;10930468000;10325044444;10525044444;10240;10228
637;10930698000;10325044444;10525044444;10240;10228
638;10930721000;10366666666;10566666666;10240;10228
639;10930736000;10366666666;10566666666;10240;10228
640;10930948000;10366666666;10566666666;10240;10228
641;10930970000;10366666666;10566666666;10240;10228
642;10931172000;10366666666;10566666666;10240;10228
643;10931191000;10366666666;10566666666;10240;10228
644;10931406000;10366666666;10566666666;10240;10228
645;10931424000;10366666666;10566666666;10240;10228
646;10931676000;10366666666;10566666666;10240;10228
647;10931685000;10366666666;10566666666;10240;10228
648;10931952000;10366666666;10566666666;10240;10228
649;10931973000;10408377777;10608377777;10240;10228
650;10932199000;10408377777;10608377777;10240;10228
651;10932223000;10408377777;10608377777;10240;10228
652;10932432000;10408377777;10608377777;10240;10228
653;10932454000;10408377777;10608377777;10240;10228
654;10932728000;10408377777;10608377777;10240;10228
655;10933770000;10408377777;10608377777;10240;10228
656;10933801000;10408377777;10608377777;10240;10228
658;10934022000;10408377777;10608377777;10240;10228
659;10934053000;10408377777;10608377777;10240;10228
660;10934331000;10450022222;10650022222;10240;10228
661;10934354000;10450022222;10650022222;10240;10228
662;10934493000;10450022222;10650022222;10240;10228
663;10934810000;10450022222;10650022222;10240;10228
665;10935052000;10450022222;10650022222;10240;10228
666;10935084000;10450022222;10650022222;10240;10228
667;10935300000;10450022222;10650022222;10240;10228
668;10935322000;10450022222;10650022222;10240;10228
669;10935535000;10450022222;10650022222;10240;10228
670;10935557000;10450022222;10650022222;10240;10228
671;10935762000;10491688888;10691688888;10240;10228
672;10935794000;10491688888;10691688888;10240;10228
673;10935800000;10491688888;10691688888;10240;10228
674;10936052000;10491688888;10691688888;10240;10228
675;10936084000;10491688888;10691688888;10240;10228
676;10936304000;10491688888;10691688888;10240;10228
677;10936324000;10491688888;10691688888;10240;10228
678;10936496000;10491688888;10691688888;10240;10228
680;10943028000;10491688888;10691688888;10240;10228
681;10943058000;10491688888;10691688888;10240;10228
682;10943296000;10533444444;10733444444;10240;10228
683;10943317000;10533444444;10733444444;10240;10228
684;10943549000;10533444444;10733444444;10240;10228
685;10943569000;10533444444;10733444444;10240;10228
686;11087499000;10533444444;10733444444;10240;10228
687;11087943000;10533444444;10733444444;10240;10228
688;11088498000;10533444444;10733444444;10240;10228
689;11088532000;10533444444;10733444444;10240;10228
690;11088750000;10533444444;10733444444;10240;10228
691;11088775000;10533444444;10733444444;10240;10228
692;11089001000;10533444444;10733444444;10240;10228
694;11089026000;10575033333;10775033333;10240;10228
695;11089241000;10575033333;10775033333;10240;10228
696;11089478000;10575033333;10775033333;10240;10228
697;11089489000;10575033333;10775033333;10240;10228
698;11089741000;10575033333;10775033333;10240;10228
699;11089762000;10575033333;10775033333;10240;10228
700;11089954000;10575033333;10775033333;10240;10228
701;11089963000;10575033333;10775033333;10240;10228
702;11090210000;10575033333;10775033333;10240;10228
703;11090230000;10575033333;10775033333;10240;10228
705;11090452000;10616700000;10816700000;10240;10228
706;11090460000;10616700000;10816700000;10240;10228
707;11090752000;10616700000;10816700000;10240;10228
708;11090774000;10616700000;10816700000;10240;10228
709;11090995000;10616700000;10816700000;10240;10228
710;11091008000;10616700000;10816700000;10240;10228
711;11091246000;10616700000;10816700000;10240;10228
712;11091270000;10616700000;10816700000;10240;10228
713;11091459000;10616700000;10816700000;10240;10228
714;11091483000;10616700000;10816700000;10240;10228
715;11091751000;10658377777;10858377777;10240;10228
716;11091777000;10658377777;10858377777;10240;10228
717;11091792000;10658377777;10858377777;10240;10228
718;11091988000;10658377777;10858377777;10240;10228
719;11092010000;10658377777;10858377777;10240;10228
720;11092231000;10658377777;10858377777;10240;10228
721;11092249000;10658377777;10858377777;10240;10228
722;11092452000;10658377777;10858377777;10240;10228
723;11092469000;10658377777;10858377777;10240;10228
724;11092720000;10658377777;10858377777;10240;10228
725;11092728000;10658377777;10858377777;10240;10228
726;11092999000;10700022222;10900022222;10240;10228
727;11093019000;10700022222;10900022222;10240;10228
729;11093388000;10700022222;10900022222;10240;10228
730;11093401000;10700022222;10900022222;10240;10228
731;11093647000;10700022222;10900022222;10240;10228
732;11094747000;10700022222;10900022222;10240;10228
733;11094757000;10700022222;10900022222;10240;10228
734;11094992000;10700022222;10900022222;10240;10228
735;11095012000;10700022222;10900022222;10240;10228
736;11095240000;10700022222;10900022222;10240;10228
737;11095261000;10741711111;10941711111;10240;10228
738;11095493000;10741711111;10941711111;10240;10228
739;11095504000;10741711111;10941711111;10240;10228
740;11095751000;10741711111;10941711111;10240;10228
741;11095762000;10741711111;10941711111;10240;10228
742;11095986000;10741711111;10941711111;10240;10228
743;11096279000;10741711111;10941711111;10240;10228
744;11096288000;10741711111;10941711111;10240;10228
745;11096293000;10741711111;10941711111;10240;10228
746;11096496000;10741711111;10941711111;10240;10228
747;11096507000;10741711111;10941711111;10240;10228
748;11096780000;10783400000;10983400000;10240;10228
749;11096798000;10783400000;10983400000;10240;10228
750;11096988000;10783400000;10983400000;10240;10228
751;11096999000;10783400000;10983400000;10240;10228
752;11097278000;10783400000;10983400000;10240;10228
753;11097288000;10783400000;10983400000;10240;10228
754;11097489000;10783400000;10983400000;10240;10228
755;11097494000;10783400000;10983400000;10240;10228
756;11097777000;10783400000;10983400000;10240;10228
757;11097782000;10783400000;10983400000;10240;10228
758;11103963000;10783400000;10983400000;10240;10228
759;11104210000;10825033333;11025033333;10240;10228
760;11104230000;10825033333;11025033333;10240;10228
761;11104460000;10825033333;11025033333;10240;10228
762;11104469000;10825033333;11025033333;10240;10228
763;11104720000;10825033333;11025033333;10240;10228
764;11248578000;10825033333;11025033333;10240;10228
765;11248602000;10825033333;11025033333;10240;10228
766;11248932000;10825033333;11025033333;10240;10228
769;11249625000;10825033333;11025033333;10240;10228
771;11249891000;10866688888;11066688888;10240;10228
776;11250520000;10866688888;11066688888;10240;10228
777;11250540000;10866688888;11066688888;10240;10228
778;11250763000;10866688888;11066688888;10240;10228
779;11250773000;10866688888;11066688888;10240;10228
780;11251008000;10866688888;11066688888;10240;10228
781;11251028000;10908388888;11108388888;10240;10228
782;11251249000;10908388888;11108388888;10240;10228
783;11251272000;10908388888;11108388888;10240;10228
784;11251508000;10908388888;11108388888;10240;10228
785;11251523000;10908388888;11108388888;10240;10228
786;11251767000;10908388888;11108388888;10240;10228
787;11251778000;10908388888;11108388888;10240;10228
788;11251967000;10908388888;11108388888;10240;10228
789;11251980000;10908388888;11108388888;10240;10228
790;11252215000;10908388888;11108388888;10240;10228
791;11252227000;10908388888;11108388888;10240;10228
792;11252466000;10950033333;11150033333;10240;10228
793;11252785000;10950033333;11150033333;10240;10228
794;11252810000;10950033333;11150033333;10240;10228
795;11253033000;10950033333;11150033333;10240;10228
796;11253054000;10950033333;11150033333;10240;10228
797;11253273000;10950033333;11150033333;10240;10228
798;11253285000;10950033333;11150033333;10240;10228
799;11253492000;10950033333;11150033333;10240;10228
800;11253503000;10950033333;11150033333;10240;10228
801;11253781000;10950033333;11150033333;10240;10228
802;11253801000;10950033333;11150033333;10240;10228
803;11254035000;10991700000;11191700000;10240;10228
804;11254055000;10991700000;11191700000;10240;10228
805;11254281000;10991700000;11191700000;10240;10228
806;11254291000;10991700000;11191700000;10240;10228
807;11254641000;10991700000;11191700000;10240;10228
808;11254660000;10991700000;11191700000;10240;10228
809;11254876000;10991700000;11191700000;10240;10228
810;11254894000;10991700000;11191700000;10240;10228
811;11255080000;10991700000;11191700000;10240;10228
812;11255740000;10991700000;11191700000;10240;10228
813;11255762000;10991700000;11191700000;10240;10228
815;11255991000;11033400000;11233400000;10240;10228
816;11256014000;11033400000;11233400000;10240;10228
817;11256244000;11033400000;11233400000;10240;10228
818;11256253000;11033400000;11233400000;10240;10228
819;11256737000;11033400000;11233400000;10240;10228
820;11256746000;11033400000;11233400000;10240;10228
822;11257249000;11033400000;11233400000;10240;10228
823;11257268000;11033400000;11233400000;10240;10228
824;11257498000;11033400000;11233400000;10240;10228
825;11257509000;11075022222;11275022222;10240;10228
826;11257752000;11075022222;11275022222;10240;10228
828;11257763000;11075022222;11275022222;10240;10228
829;11258005000;11075022222;11275022222;10240;10228
830;11258026000;11075022222;11275022222;10240;10228
831;11258248000;11075022222;11275022222;10240;10228
832;11258259000;11075022222;11275022222;10240;10228
833;11258442000;11075022222;11275022222;10240;10228
835;11258762000;11075022222;11275022222;10240;10228
837;11264961000;11116688888;11316688888;10240;10228
838;11264974000;11116688888;11316688888;10240;10228
839;11265205000;11116688888;11316688888;10240;10228
840;11265226000;11116688888;11316688888;10240;10228
841;11265692000;11116688888;11316688888;10240;10228
842;11265702000;11116688888;11316688888;10240;10228
843;11409671000;11116688888;11316688888;10240;10228
844;11409681000;11116688888;11316688888;10240;10228
845;11409924000;11116688888;11316688888;10240;10228
846;11411456000;11116688888;11316688888;10240;10228
847;11411709000;11158388888;11358388888;10240;10228
849;11411719000;11158388888;11358388888;10240;10228
850;11411964000;11158388888;11358388888;10240;10228
851;11411983000;11158388888;11358388888;10240;10228
852;11412211000;11158388888;11358388888;10240;10228
853;11412231000;11158388888;11358388888;10240;10228
854;11412455000;11158388888;11358388888;10240;10228
855;11412466000;11158388888;11358388888;10240;10228
856;11412709000;11158388888;11358388888;10240;10228
857;11412720000;11158388888;11358388888;10240;10228
858;11412724000;11200033333;11400033333;10240;10228
859;11412909000;11200033333;11400033333;10240;10228
860;11412922000;11200033333;11400033333;10240;10228
861;11413157000;11200033333;11400033333;10240;10228
862;11413165000;11200033333;11400033333;10240;10228
863;11413409000;11200033333;11400033333;10240;10228
864;11413426000;11200033333;11400033333;10240;10228
865;11413705000;11200033333;11400033333;10240;10228
866;11413724000;11200033333;11400033333;10240;10228
867;11413953000;11200033333;11400033333;10240;10228
868;11413974000;11200033333;11400033333;10240;10228
869;11414204000;11241711111;11441711111;10240;10228
870;11414226000;11241711111;11441711111;10240;10228
871;11414454000;11241711111;11441711111;10240;10228
872;11414466000;11241711111;11441711111;10240;10228
873;11414707000;11241711111;11441711111;10240;10228
874;11414721000;11241711111;11441711111;10240;10228
875;11414735000;11241711111;11441711111;10240;10228
876;11414911000;11241711111;11441711111;10240;10228
877;11415207000;11241711111;11441711111;10240;10228
878;11415219000;11241711111;11441711111;10240;10228
879;11415224000;11241711111;11441711111;10240;10228
880;11415423000;11283388888;11483388888;10240;10228
881;11415433000;11283388888;11483388888;10240;10228
882;11415709000;11283388888;11483388888;10240;10228
883;11415720000;11283388888;11483388888;10240;10228
885;11415958000;11283388888;11483388888;10240;10228
886;11415979000;11283388888;11483388888;10240;10228
887;11416208000;11283388888;11483388888;10240;10228
888;11416220000;11283388888;11483388888;10240;10228
890;11416425000;11283388888;11483388888;10240;10228
891;11447113000;11325055555;11525055555;10240;10228
892;11447133000;11325055555;11525055555;10240;10228
893;11447346000;11325055555;11525055555;10240;10228
894;11447366000;11325055555;11525055555;10240;10228
895;11447619000;11325055555;11525055555;10240;10228
898;11447630000;11325055555;11525055555;10240;10228
899;11447829000;11325055555;11525055555;10240;10228
900;11447861000;11325055555;11525055555;10240;10228
901;11448066000;11325055555;11525055555;10240;10228
902;11488795000;11366744444;11566744444;10240;10228
903;11488805000;11366744444;11566744444;10240;10228
904;11489040000;11366744444;11566744444;10240;10228
905;11489049000;11366744444;11566744444;10240;10228
906;11489278000;11366744444;11566744444;10240;10228
907;11489297000;11366744444;11566744444;10240;10228
908;11489538000;11366744444;11566744444;10240;10228
909;11489549000;11366744444;11566744444;10240;10228
910;11489783000;11366744444;11566744444;10240;10228
911;11489794000;11366744444;11566744444;10240;10228
912;11490041000;11366744444;11566744444;10240;10228
913;11530416000;11408444444;11608444444;10240;10228
914;11530436000;11408444444;11608444444;10240;10228
915;11530641000;11408444444;11608444444;10240;10228
916;11530655000;11408444444;11608444444;10240;10228
917;11530891000;11408444444;11608444444;10240;10228
918;11530909000;11408444444;11608444444;10240;10228
919;11531174000;11408444444;11608444444;10240;10228
920;11531193000;11408444444;11608444444;10240;10228
921;11531427000;11408444444;11608444444;10240;10228
922;11570583000;11408444444;11608444444;10240;10228
924;11572091000;11450122222;11650122222;10240;10228
925;11572474000;11450122222;11650122222;10240;10228
927;11572484000;11450122222;11650122222;10240;10228
928;11572732000;11450122222;11650122222;10240;10228
929;11572741000;11450122222;11650122222;10240;10228
930;11572998000;11450122222;11650122222;10240;10228
931;11573007000;11450122222;11650122222;10240;10228
932;11573506000;11450122222;11650122222;10240;10228
933;11573525000;11450122222;11650122222;10240;10228
936;11613810000;11491711111;11691711111;10240;10228
937;11613823000;11491711111;11691711111;10240;10228
938;11614053000;11491711111;11691711111;10240;10228
939;11614063000;11491711111;11691711111;10240;10228
940;11614289000;11491711111;11691711111;10240;10228
941;11614310000;11491711111;11691711111;10240;10228
942;11614565000;11491711111;11691711111;10240;10228
945;11614594000;11491711111;11691711111;10240;10228
946;11655369000;11533544444;11733544444;10240;10228
947;11655653000;11533544444;11733544444;10240;10228
948;11655663000;11533544444;11733544444;10240;10228
949;11655670000;11533544444;11733544444;10240;10228
950;11655861000;11533544444;11733544444;10240;10228
951;11656117000;11533544444;11733544444;10240;10228
952;11656135000;11533544444;11733544444;10240;10228
953;11656139000;11533544444;11733544444;10240;10228
954;11656392000;11533544444;11733544444;10240;10228
955;11656402000;11533544444;11733544444;10240;10228
956;11656613000;11533544444;11733544444;10240;10228
957;11697084000;11575166666;11775166666;10240;10228
958;11697107000;11575166666;11775166666;10240;10228
959;11697357000;11575166666;11775166666;10240;10228
960;11697379000;11575166666;11775166666;10240;10228
961;11697618000;11575166666;11775166666;10240;10228
962;11697638000;11575166666;11775166666;10240;10228
963;11697873000;11575166666;11775166666;10240;10228
964;11697884000;11575166666;11775166666;10240;10228
965;11698081000;11575166666;11775166666;10240;10228
966;11698094000;11575166666;11775166666;10240;10228
967;11698321000;11575166666;11775166666;10240;10228
968;11738776000;11616777777;11816777777;10240;10228
969;11738798000;11616777777;11816777777;10240;10228
970;11739025000;11616777777;11816777777;10240;10228
971;11739049000;11616777777;11816777777;10240;10228
974;11739263000;11616777777;11816777777;10240;10228
975;11739284000;11616777777;11816777777;10240;10228
976;11739521000;11616777777;11816777777;10240;10228
977;11739542000;11616777777;11816777777;10240;10228
978;11739775000;11616777777;11816777777;10240;10228
979;11780441000;11658466666;11858466666;10240;10228
981;11780451000;11658466666;11858466666;10240;10228
982;11780686000;11658466666;11858466666;10240;10228
983;11780696000;11658466666;11858466666;10240;10228
984;11780930000;11658466666;11858466666;10240;10228
985;11780951000;11658466666;11858466666;10240;10228
986;11781175000;11658466666;11858466666;10240;10228
987;11781196000;11658466666;11858466666;10240;10228
988;11781431000;11658466666;11858466666;10240;10228
989;11781442000;11658466666;11858466666;10240;10228
990;11822092000;11700100000;11900100000;10240;10228
991;11822113000;11700100000;11900100000;10240;10228
992;11822329000;11700100000;11900100000;10240;10228
993;11822349000;11700100000;11900100000;10240;10228
994;11822617000;11700100000;11900100000;10240;10228
995;11822636000;11700100000;11900100000;10240;10228
996;11822802000;11700100000;11900100000;10240;10228
997;11822816000;11700100000;11900100000;10240;10228
998;11823090000;11700100000;11900100000;10240;10228
999;11823109000;11700100000;11900100000;10240;10228
1000;11823332000;11700100000;11900100000;10240;10228
1001;11863770000;11741777777;11941777777;10240;10228
1002;11863791000;11741777777;11941777777;10240;10228
1003;11864020000;11741777777;11941777777;10240;10228
1004;11864041000;11741777777;11941777777;10240;10228
1005;11864257000;11741777777;11941777777;10240;10228
1007;11864277000;11741777777;11941777777;10240;10228
1008;11864508000;11741777777;11941777777;10240;10228
1009;11864547000;11741777777;11941777777;10240;10228
1010;11864799000;11741777777;11941777777;10240;10228
1011;11864819000;11741777777;11941777777;10240;10228
1012;11905401000;11783477777;11983477777;10240;10228
1013;11905413000;11783477777;11983477777;10240;10228
1014;11905665000;11783477777;11983477777;10240;10228
1015;11905683000;11783477777;11983477777;10240;10228
1016;11905916000;11783477777;11983477777;10240;10228
1017;11905934000;11783477777;11983477777;10240;10228
1018;11906205000;11783477777;11983477777;10240;10228
1019;11906224000;11783477777;11983477777;10240;10228
1020;11906453000;11783477777;11983477777;10240;10228
1021;11906463000;11783477777;11983477777;10240;10228
1022;11906468000;11783477777;11983477777;10240;10228
1023;11947094000;11825111111;12025111111;10240;10228
1024;11947114000;11825111111;12025111111;10240;10228
1025;11947342000;11825111111;12025111111;10240;10228
1026;11947361000;11825111111;12025111111;10240;10228
1027;11947619000;11825111111;12025111111;10240;10228
1028;11947637000;11825111111;12025111111;10240;10228
1029;11947844000;11825111111;12025111111;10240;10228
1030;11947853000;11825111111;12025111111;10240;10228
1031;11948091000;11825111111;12025111111;10240;10228
1032;11948110000;11825111111;12025111111;10240;10228
1034;11988758000;11866744444;12066744444;10240;10228
1035;11988777000;11866744444;12066744444;10240;10228
1037;11989008000;11866744444;12066744444;10240;10228
1038;11989088000;11866744444;12066744444;10240;10228
1039;11989252000;11866744444;12066744444;10240;10228
1040;11989264000;11866744444;12066744444;10240;10228
1041;11989574000;11866744444;12066744444;10240;10228
1042;11989594000;11866744444;12066744444;10240;10228
1043;11989805000;11866744444;12066744444;10240;10228
1044;11989828000;11866744444;12066744444;10240;10228
1045;12030423000;11908522222;12108522222;10240;10228
1046;12030436000;11908522222;12108522222;10240;10228
1047;12030673000;11908522222;12108522222;10240;10228
1048;12030685000;11908522222;12108522222;10240;10228
1049;12030919000;11908522222;12108522222;10240;10228
1050;12030947000;11908522222;12108522222;10240;10228
1051;12031162000;11908522222;12108522222;10240;10228
1052;12031182000;11908522222;12108522222;10240;10228
1053;12031421000;11908522222;12108522222;10240;10228
1054;12031430000;11908522222;12108522222;10240;10228
1055;12031634000;11908522222;12108522222;10240;10228
1056;12072142000;11950133333;12150133333;10240;10228
1057;12072163000;11950133333;12150133333;10240;10228
1058;12072371000;11950133333;12150133333;10240;10228
1059;12072392000;11950133333;12150133333;10240;10228
1062;12072653000;11950133333;12150133333;10240;10228
1063;12072673000;11950133333;12150133333;10240;10228
1064;12072826000;11950133333;12150133333;10240;10228
1065;12072906000;11950133333;12150133333;10240;10228
1067;12113818000;11991744444;12191744444;10240;10228
1068;12113838000;11991744444;12191744444;10240;10228
1069;12114085000;11991744444;12191744444;10240;10228
1070;12114104000;11991744444;12191744444;10240;10228
1071;12114302000;11991744444;12191744444;10240;10228
1072;12114311000;11991744444;12191744444;10240;10228
1074;12114527000;11991744444;12191744444;10240;10228
1075;12114546000;11991744444;12191744444;10240;10228
1076;12114819000;11991744444;12191744444;10240;10228
1077;12114838000;11991744444;12191744444;10240;10228
1078;12155445000;12033466666;12233466666;10240;10228
1080;12155456000;12033466666;12233466666;10240;10228
1081;12155695000;12033466666;12233466666;10240;10228
1082;12155707000;12033466666;12233466666;10240;10228
1084;12155946000;12033466666;12233466666;10240;10228
1085;12155967000;12033466666;12233466666;10240;10228
1086;12156189000;12033466666;12233466666;10240;10228
1088;12156211000;12033466666;12233466666;10240;10228
1089;12197077000;12075088888;12275088888;10240;10228
1093;12197098000;12075088888;12275088888;10240;10228
1094;12197320000;12075088888;12275088888;10240;10228
1095;12197341000;12075088888;12275088888;10240;10228
1096;12197612000;12075088888;12275088888;10240;10228
1097;12197623000;12075088888;12275088888;10240;10228
1098;12197853000;12075088888;12275088888;10240;10228
1099;12197877000;12075088888;12275088888;10240;10228
1100;12238835000;12116744444;12316744444;10240;10228
1101;12238854000;12116744444;12316744444;10240;10228
1102;12239086000;12116744444;12316744444;10240;10228
1103;12239104000;12116744444;12316744444;10240;10228
1104;12239320000;12116744444;12316744444;10240;10228
1105;12239329000;12116744444;12316744444;10240;10228
1106;12239590000;12116744444;12316744444;10240;10228
1107;12239609000;12116744444;12316744444;10240;10228
1108;12239837000;12116744444;12316744444;10240;10228
1109;12239856000;12116744444;12316744444;10240;10228
1110;12240004000;12116744444;12316744444;10240;10228
1111;12280433000;12158466666;12358466666;10240;10228
1112;12280445000;12158466666;12358466666;10240;10228
1113;12280688000;12158466666;12358466666;10240;10228
1114;12280698000;12158466666;12358466666;10240;10228
1115;12280936000;12158466666;12358466666;10240;10228
1116;12280947000;12158466666;12358466666;10240;10228
1117;12281179000;12158466666;12358466666;10240;10228
1118;12281199000;12158466666;12358466666;10240;10228
1119;12281430000;12158466666;12358466666;10240;10228
1120;12281440000;12158466666;12358466666;10240;10228
1121;12281687000;12158466666;12358466666;10240;10228
1122;12322125000;12200100000;12400100000;10240;10228
1123;12322139000;12200100000;12400100000;10240;10228
1124;12322337000;12200100000;12400100000;10240;10228
1125;12322355000;12200100000;12400100000;10240;10228
1129;12322622000;12200100000;12400100000;10240;10228
1130;12322640000;12200100000;12400100000;10240;10228
1131;12322922000;12200100000;12400100000;10240;10228
1132;12322941000;12200100000;12400100000;10240;10228
1133;12363817000;12241755555;12441755555;10240;10228
1134;12363835000;12241755555;12441755555;10240;10228
1136;12364068000;12241755555;12441755555;10240;10228
1137;12364086000;12241755555;12441755555;10240;10228
1138;12364302000;12241755555;12441755555;10240;10228
1139;12364311000;12241755555;12441755555;10240;10228
1140;12364554000;12241755555;12441755555;10240;10228
1141;12364590000;12241755555;12441755555;10240;10228
1142;12364820000;12241755555;12441755555;10240;10228
1143;12364840000;12241755555;12441755555;10240;10228
1144;12405498000;12283466666;12483466666;10240;10228
1145;12405509000;12283466666;12483466666;10240;10228
1146;12405745000;12283466666;12483466666;10240;10228
1147;12405768000;12283466666;12483466666;10240;10228
1148;12405994000;12283466666;12483466666;10240;10228
1149;12406015000;12283466666;12483466666;10240;10228
1150;12406221000;12283466666;12483466666;10240;10228
1151;12406242000;12283466666;12483466666;10240;10228
1152;12406478000;12283466666;12483466666;10240;10228
1153;12406489000;12283466666;12483466666;10240;10228
1154;12406718000;12283466666;12483466666;10240;10228
1155;12447080000;12325100000;12525100000;10240;10228
1156;12447091000;12325100000;12525100000;10240;10228
1157;12447318000;12325100000;12525100000;10240;10228
1158;12447338000;12325100000;12525100000;10240;10228
1159;12447611000;12325100000;12525100000;10240;10228
1160;12447623000;12325100000;12525100000;10240;10228
1161;12447834000;12325100000;12525100000;10240;10228
1162;12447845000;12325100000;12525100000;10240;10228
1163;12448125000;12325100000;12525100000;10240;10228
1164;12448137000;12325100000;12525100000;10240;10228
1165;12448141000;12325100000;12525100000;10240;10228
1166;12488770000;12366722222;12566722222;10240;10228
1167;12488780000;12366722222;12566722222;10240;10228
1168;12489019000;12366722222;12566722222;10240;10228
1169;12489044000;12366722222;12566722222;10240;10228
1170;12489256000;12366722222;12566722222;10240;10228
1171;12489276000;12366722222;12566722222;10240;10228
1172;12489507000;12366722222;12566722222;10240;10228
1173;12489548000;12366722222;12566722222;10240;10228
1174;12489772000;12366722222;12566722222;10240;10228
1175;12489784000;12366722222;12566722222;10240;10228
1176;12489977000;12366722222;12566722222;10240;10228
1177;12530434000;12408455555;12608455555;10240;10228
1178;12530444000;12408455555;12608455555;10240;10228
1179;12530685000;12408455555;12608455555;10240;10228
1180;12530703000;12408455555;12608455555;10240;10228
1181;12530941000;12408455555;12608455555;10240;10228
1182;12530964000;12408455555;12608455555;10240;10228
1183;12531133000;12408455555;12608455555;10240;10228
1184;12531138000;12408455555;12608455555;10240;10228
1185;12531454000;12408455555;12608455555;10240;10228
1186;12531466000;12408455555;12608455555;10240;10228
1187;12531684000;12408455555;12608455555;10240;10228
1188;12572112000;12450111111;12650111111;10240;10228
1189;12572131000;12450111111;12650111111;10240;10228
1190;12572363000;12450111111;12650111111;10240;10228
1191;12572372000;12450111111;12650111111;10240;10228
1192;12572619000;12450111111;12650111111;10240;10228
1193;12572637000;12450111111;12650111111;10240;10228
1194;12572863000;12450111111;12650111111;10240;10228
1195;12572882000;12450111111;12650111111;10240;10228
1196;12573103000;12450111111;12650111111;10240;10228
1197;12573122000;12450111111;12650111111;10240;10228
1198;12573351000;12450111111;12650111111;10240;10228
1199;12613757000;12491744444;12691744444;10240;10228
1200;12613766000;12491744444;12691744444;10240;10228
1201;12613991000;12491744444;12691744444;10240;10228
1202;12613995000;12491744444;12691744444;10240;10228
1203;12614290000;12491744444;12691744444;10240;10228
1204;12614299000;12491744444;12691744444;10240;10228
1205;12614549000;12491744444;12691744444;10240;10228
1207;12614569000;12491744444;12691744444;10240;10228
1208;12614798000;12491744444;12691744444;10240;10228
1209;12614807000;12491744444;12691744444;10240;10228
1210;12655430000;12533466666;12733466666;10240;10228
1211;12655441000;12533466666;12733466666;10240;10228
1212;12655680000;12533466666;12733466666;10240;10228
1213;12655691000;12533466666;12733466666;10240;10228
1214;12655928000;12533466666;12733466666;10240;10228
1215;12655950000;12533466666;12733466666;10240;10228
1216;12656169000;12533466666;12733466666;10240;10228
1217;12656189000;12533466666;12733466666;10240;10228
1218;12656424000;12533466666;12733466666;10240;10228
1221;12697063000;12575122222;12775122222;10240;10228
1222;12697083000;12575122222;12775122222;10240;10228
1223;12697361000;12575122222;12775122222;10240;10228
1224;12697380000;12575122222;12775122222;10240;10228
1225;12697621000;12575122222;12775122222;10240;10228
1226;12697631000;12575122222;12775122222;10240;10228
1230;12697856000;12575122222;12775122222;10240;10228
1231;12697875000;12575122222;12775122222;10240;10228
1232;12738835000;12616755555;12816755555;10240;10228
1233;12738856000;12616755555;12816755555;10240;10228
1235;12739075000;12616755555;12816755555;10240;10228
1236;12739096000;12616755555;12816755555;10240;10228
1237;12739308000;12616755555;12816755555;10240;10228
1238;12739328000;12616755555;12816755555;10240;10228
1239;12739659000;12616755555;12816755555;10240;10228
1240;12739669000;12616755555;12816755555;10240;10228
1241;12739838000;12616755555;12816755555;10240;10228
1242;12739859000;12616755555;12816755555;10240;10228
1243;12780475000;12658455555;12858455555;10240;10228
1244;12780488000;12658455555;12858455555;10240;10228
1245;12780727000;12658455555;12858455555;10240;10228
1246;12780745000;12658455555;12858455555;10240;10228
1247;12780976000;12658455555;12858455555;10240;10228
1250;12780995000;12658455555;12858455555;10240;10228
1251;12781203000;12658455555;12858455555;10240;10228
1252;12781222000;12658455555;12858455555;10240;10228
1253;12781443000;12658455555;12858455555;10240;10228
1254;12822154000;12700088888;12900088888;10240;10228
1255;12822175000;12700088888;12900088888;10240;10228
1256;12822394000;12700088888;12900088888;10240;10228
1257;12822404000;12700088888;12900088888;10240;10228
1258;12822615000;12700088888;12900088888;10240;10228
1259;12822633000;12700088888;12900088888;10240;10228
1260;12822841000;12700088888;12900088888;10240;10228
1261;12822859000;12700088888;12900088888;10240;10228
1262;12823153000;12700088888;12900088888;10240;10228
1263;12823162000;12700088888;12900088888;10240;10228
1264;12823368000;12700088888;12900088888;10240;10228
1265;12863779000;12741766666;12941766666;10240;10228
1266;12863791000;12741766666;12941766666;10240;10228
1267;12864025000;12741766666;12941766666;10240;10228
1268;12864048000;12741766666;12941766666;10240;10228
1269;12864269000;12741766666;12941766666;10240;10228
1270;12864289000;12741766666;12941766666;10240;10228
1271;12864523000;12741766666;12941766666;10240;10228
1272;12864543000;12741766666;12941766666;10240;10228
1273;12864783000;12741766666;12941766666;10240;10228
1274;12864793000;12741766666;12941766666;10240;10228
1275;12865032000;12741766666;12941766666;10240;10228
1276;12905427000;12783477777;12983477777;10240;10228
1277;12905442000;12783477777;12983477777;10240;10228
1278;12905671000;12783477777;12983477777;10240;10228
1279;12905741000;12783477777;12983477777;10240;10228
1280;12905945000;12783477777;12983477777;10240;10228
1281;12905957000;12783477777;12983477777;10240;10228
1282;12906189000;12783477777;12983477777;10240;10228
1283;12906209000;12783477777;12983477777;10240;10228
1284;12906440000;12783477777;12983477777;10240;10228
1285;12906451000;12783477777;12983477777;10240;10228
1286;12906672000;12783477777;12983477777;10240;10228
1287;12947144000;12825100000;13025100000;10240;10228
1288;12947165000;12825100000;13025100000;10240;10228
1289;12947378000;12825100000;13025100000;10240;10228
1290;12947390000;12825100000;13025100000;10240;10228
1291;12947601000;12825100000;13025100000;10240;10228
1292;12947612000;12825100000;13025100000;10240;10228
1293;12947832000;12825100000;13025100000;10240;10228
1296;12947837000;12825100000;13025100000;10240;10228
1297;12948074000;12825100000;13025100000;10240;10228
1298;12988815000;12866733333;13066733333;10240;10228
1299;12988835000;12866733333;13066733333;10240;10228
1300;12989066000;12866733333;13066733333;10240;10228
1301;12989087000;12866733333;13066733333;10240;10228
1302;12989291000;12866733333;13066733333;10240;10228
1303;12989311000;12866733333;13066733333;10240;10228
1304;12989553000;12866733333;13066733333;10240;10228
1305;12989578000;12866733333;13066733333;10240;10228
1306;12989819000;12866733333;13066733333;10240;10228
1307;12989840000;12866733333;13066733333;10240;10228
1308;12990044000;12866733333;13066733333;10240;10228
1309;13030405000;12908466666;13108466666;10240;10228
1310;13030651000;12908466666;13108466666;10240;10228
1311;13030670000;12908466666;13108466666;10240;10228
1312;13030676000;12908466666;13108466666;10240;10228
1313;13030925000;12908466666;13108466666;10240;10228
1314;13030937000;12908466666;13108466666;10240;10228
1315;13031169000;12908466666;13108466666;10240;10228
1316;13031190000;12908466666;13108466666;10240;10228
1317;13031419000;12908466666;13108466666;10240;10228
1318;13031432000;12908466666;13108466666;10240;10228
1319;13031676000;12908466666;13108466666;10240;10228
1320;13072165000;12950100000;13150100000;10240;10228
1322;13072184000;12950100000;13150100000;10240;10228
1323;13072394000;12950100000;13150100000;10240;10228
1324;13072404000;12950100000;13150100000;10240;10228
1325;13072605000;12950100000;13150100000;10240;10228
1326;13072625000;12950100000;13150100000;10240;10228
1327;13072920000;12950100000;13150100000;10240;10228
1328;13072940000;12950100000;13150100000;10240;10228
1329;13073159000;12950100000;13150100000;10240;10228
1330;13073171000;12950100000;13150100000;10240;10228
1331;13113817000;12991755555;13191755555;10240;10228
1332;13113837000;12991755555;13191755555;10240;10228
1334;13114069000;12991755555;13191755555;10240;10228
1335;13114090000;12991755555;13191755555;10240;10228
1336;13114292000;12991755555;13191755555;10240;10228
1337;13114312000;12991755555;13191755555;10240;10228
1338;13114544000;12991755555;13191755555;10240;10228
1339;13114563000;12991755555;13191755555;10240;10228
1340;13114823000;12991755555;13191755555;10240;10228
1341;13114843000;12991755555;13191755555;10240;10228
1342;13155499000;13033466666;13233466666;10240;10228
1343;13155509000;13033466666;13233466666;10240;10228
1344;13155749000;13033466666;13233466666;10240;10228
1345;13155767000;13033466666;13233466666;10240;10228
1346;13155996000;13033466666;13233466666;10240;10228
1347;13156015000;13033466666;13233466666;10240;10228
1348;13156235000;13033466666;13233466666;10240;10228
1349;13156254000;13033466666;13233466666;10240;10228
1350;13156481000;13033466666;13233466666;10240;10228
1351;13156492000;13033466666;13233466666;10240;10228
1352;13156733000;13033466666;13233466666;10240;10228
1353;13197130000;13075088888;13275088888;10240;10228
1355;13197149000;13075088888;13275088888;10240;10228
1356;13197352000;13075088888;13275088888;10240;10228
1357;13197372000;13075088888;13275088888;10240;10228
1358;13197608000;13075088888;13275088888;10240;10228
1359;13197626000;13075088888;13275088888;10240;10228
1360;13197924000;13075088888;13275088888;10240;10228
1361;13197943000;13075088888;13275088888;10240;10228
1362;13198182000;13075088888;13275088888;10240;10228
1363;13198190000;13075088888;13275088888;10240;10228
1364;13238820000;13116788888;13316788888;10240;10228
1365;13238840000;13116788888;13316788888;10240;10228
1366;13239065000;13116788888;13316788888;10240;10228
1369;13239086000;13116788888;13316788888;10240;10228
1370;13239298000;13116788888;13316788888;10240;10228
1372;13239309000;13116788888;13316788888;10240;10228
1373;13239553000;13116788888;13316788888;10240;10228
1375;13280492000;13158466666;13358466666;10240;10228
1376;13280502000;13158466666;13358466666;10240;10228
1377;13280738000;13158466666;13358466666;10240;10228
1378;13280756000;13158466666;13358466666;10240;10228
1379;13280992000;13158466666;13358466666;10240;10228
1380;13281011000;13158466666;13358466666;10240;10228
1381;13281220000;13158466666;13358466666;10240;10228
1382;13281230000;13158466666;13358466666;10240;10228
1383;13281452000;13158466666;13358466666;10240;10228
1384;13281464000;13158466666;13358466666;10240;10228
1385;13281706000;13158466666;13358466666;10240;10228
1386;13322126000;13200100000;13400100000;10240;10228
1387;13322139000;13200100000;13400100000;10240;10228
1388;13322337000;13200100000;13400100000;10240;10228
1390;13322353000;13200100000;13400100000;10240;10228
1391;13322618000;13200100000;13400100000;10240;10228
1392;13322632000;13200100000;13400100000;10240;10228
1394;13322920000;13200100000;13400100000;10240;10228
1396;13322941000;13200100000;13400100000;10240;10228
1397;13363818000;13241766666;13441766666;10240;10228
1398;13363838000;13241766666;13441766666;10240;10228
1399;13364064000;13241766666;13441766666;10240;10228
1400;13364085000;13241766666;13441766666;10240;10228
1401;13364299000;13241766666;13441766666;10240;10228
1402;13364309000;13241766666;13441766666;10240;10228
1403;13364554000;13241766666;13441766666;10240;10228
1404;13364587000;13241766666;13441766666;10240;10228
1405;13364773000;13241766666;13441766666;10240;10228
1407;13364781000;13241766666;13441766666;10240;10228
1408;13405484000;13283466666;13483466666;10240;10228
1409;13405497000;13283466666;13483466666;10240;10228
1410;13405735000;13283466666;13483466666;10240;10228
1411;13405755000;13283466666;13483466666;10240;10228
1412;13406010000;13283466666;13483466666;10240;10228
1413;13406030000;13283466666;13483466666;10240;10228
1414;13406223000;13283466666;13483466666;10240;10228
1415;13406233000;13283466666;13483466666;10240;10228
1416;13406471000;13283466666;13483466666;10240;10228
1417;13406480000;13283466666;13483466666;10240;10228
1418;13406710000;13283466666;13483466666;10240;10228
1419;13447100000;13325088888;13525088888;10240;10228
1420;13447122000;13325088888;13525088888;10240;10228
1421;13447343000;13325088888;13525088888;10240;10228
1422;13447364000;13325088888;13525088888;10240;10228
1423;13447632000;13325088888;13525088888;10240;10228
1424;13447643000;13325088888;13525088888;10240;10228
1425;13447827000;13325088888;13525088888;10240;10228
1426;13447896000;13325088888;13525088888;10240;10228
1427;13448098000;13325088888;13525088888;10240;10228
1428;13448117000;13325088888;13525088888;10240;10228
1429;13448347000;13325088888;13525088888;10240;10228
1430;13488779000;13366722222;13566722222;10240;10228
1431;13488791000;13366722222;13566722222;10240;10228
1432;13489009000;13366722222;13566722222;10240;10228
1433;13489020000;13366722222;13566722222;10240;10228
1434;13489286000;13366722222;13566722222;10240;10228
1435;13489306000;13366722222;13566722222;10240;10228
1436;13489571000;13366722222;13566722222;10240;10228
1439;13489592000;13366722222;13566722222;10240;10228
1440;13489798000;13366722222;13566722222;10240;10228
1441;13530437000;13408433333;13608433333;10240;10228
1442;13530452000;13408433333;13608433333;10240;10228
1443;13530686000;13408433333;13608433333;10240;10228
1444;13530697000;13408433333;13608433333;10240;10228
1445;13530893000;13408433333;13608433333;10240;10228
1446;13530912000;13408433333;13608433333;10240;10228
1447;13531172000;13408433333;13608433333;10240;10228
1448;13531193000;13408433333;13608433333;10240;10228
1449;13531430000;13408433333;13608433333;10240;10228
1451;13531441000;13408433333;13608433333;10240;10228
1452;13572097000;13450133333;13650133333;10240;10228
1453;13572121000;13450133333;13650133333;10240;10228
1454;13572360000;13450133333;13650133333;10240;10228
1455;13572380000;13450133333;13650133333;10240;10228
1456;13572617000;13450133333;13650133333;10240;10228
1457;13572635000;13450133333;13650133333;10240;10228
1458;13572878000;13450133333;13650133333;10240;10228
1459;13572888000;13450133333;13650133333;10240;10228
1461;13573083000;13450133333;13650133333;10240;10228
1462;13573102000;13450133333;13650133333;10240;10228
1463;13613772000;13491755555;13691755555;10240;10228
1464;13613791000;13491755555;13691755555;10240;10228
1465;13614020000;13491755555;13691755555;10240;10228
1466;13614030000;13491755555;13691755555;10240;10228
1467;13614255000;13491755555;13691755555;10240;10228
1468;13614276000;13491755555;13691755555;10240;10228
1469;13614469000;13491755555;13691755555;10240;10228
1470;13614488000;13491755555;13691755555;10240;10228
1471;13614770000;13491755555;13691755555;10240;10228
1472;13614791000;13491755555;13691755555;10240;10228
1473;13615022000;13491755555;13691755555;10240;10228
1474;13655437000;13533466666;13733466666;10240;10228
1475;13655447000;13533466666;13733466666;10240;10228
1476;13655689000;13533466666;13733466666;10240;10228
1477;13655699000;13533466666;13733466666;10240;10228
1478;13655927000;13533466666;13733466666;10240;10228
1479;13655938000;13533466666;13733466666;10240;10228
1480;13656172000;13533466666;13733466666;10240;10228
1481;13656193000;13533466666;13733466666;10240;10228
1482;13656429000;13533466666;13733466666;10240;10228
1483;13656440000;13533466666;13733466666;10240;10228
1484;13656685000;13533466666;13733466666;10240;10228
1485;13697075000;13575100000;13775100000;10240;10228
1486;13697094000;13575100000;13775100000;10240;10228
1487;13697294000;13575100000;13775100000;10240;10228
1488;13697302000;13575100000;13775100000;10240;10228
1489;13697619000;13575100000;13775100000;10240;10228
1490;13697637000;13575100000;13775100000;10240;10228
1491;13697840000;13575100000;13775100000;10240;10228
1492;13697851000;13575100000;13775100000;10240;10228
1493;13698097000;13575100000;13775100000;10240;10228
1494;13698118000;13575100000;13775100000;10240;10228
1495;13698332000;13575100000;13775100000;10240;10228
1496;13738772000;13616766666;13816766666;10240;10228
1497;13738791000;13616766666;13816766666;10240;10228
1498;13739025000;13616766666;13816766666;10240;10228
1499;13739044000;13616766666;13816766666;10240;10228
1500;13739268000;13616766666;13816766666;10240;10228
1501;13739277000;13616766666;13816766666;10240;10228
1502;13739470000;13616766666;13816766666;10240;10228
1504;13739474000;13616766666;13816766666;10240;10228
1505;13739771000;13616766666;13816766666;10240;10228
1506;13739781000;13616766666;13816766666;10240;10228
1507;13780436000;13658477777;13858477777;10240;10228
1508;13780448000;13658477777;13858477777;10240;10228
1509;13780686000;13658477777;13858477777;10240;10228
1510;13780697000;13658477777;13858477777;10240;10228
1511;13780937000;13658477777;13858477777;10240;10228
1512;13780958000;13658477777;13858477777;10240;10228
1513;13781174000;13658477777;13858477777;10240;10228
1514;13781195000;13658477777;13858477777;10240;10228
1518;13822093000;13700100000;13900100000;10240;10228
1519;13822115000;13700100000;13900100000;10240;10228
1520;13822331000;13700100000;13900100000;10240;10228
1521;13822351000;13700100000;13900100000;10240;10228
1522;13822652000;13700100000;13900100000;10240;10228
1524;13822672000;13700100000;13900100000;10240;10228
1525;13822840000;13700100000;13900100000;10240;10228
1526;13822850000;13700100000;13900100000;10240;10228
1527;13823098000;13700100000;13900100000;10240;10228
1528;13823117000;13700100000;13900100000;10240;10228
1529;13863784000;13741744444;13941744444;10240;10228
1530;13863802000;13741744444;13941744444;10240;10228
1531;13864035000;13741744444;13941744444;10240;10228
1532;13864053000;13741744444;13941744444;10240;10228
1533;13864268000;13741744444;13941744444;10240;10228
1534;13864288000;13741744444;13941744444;10240;10228
1535;13864538000;13741744444;13941744444;10240;10228
1536;13864558000;13741744444;13941744444;10240;10228
1537;13864782000;13741744444;13941744444;10240;10228
1538;13864794000;13741744444;13941744444;10240;10228
1539;13865035000;13741744444;13941744444;10240;10228
1540;13905452000;13783477777;13983477777;10240;10228
1541;13905471000;13783477777;13983477777;10240;10228
1542;13905677000;13783477777;13983477777;10240;10228
1543;13905691000;13783477777;13983477777;10240;10228
1544;13905927000;13783477777;13983477777;10240;10228
1545;13906007000;13783477777;13983477777;10240;10228
1546;13906216000;13783477777;13983477777;10240;10228
1547;13906236000;13783477777;13983477777;10240;10228
1548;13906464000;13783477777;13983477777;10240;10228
1549;13906475000;13783477777;13983477777;10240;10228
1550;13906480000;13783477777;13983477777;10240;10228
1551;13947106000;13825122222;14025122222;10240;10228
1552;13947116000;13825122222;14025122222;10240;10228
1555;13947353000;13825122222;14025122222;10240;10228
1556;13947373000;13825122222;14025122222;10240;10228
1557;13947617000;13825122222;14025122222;10240;10228
1558;13947635000;13825122222;14025122222;10240;10228
1559;13947843000;13825122222;14025122222;10240;10228
1560;13947855000;13825122222;14025122222;10240;10228
1561;13948166000;13825122222;14025122222;10240;10228
1562;13988840000;13866766666;14066766666;10240;10228
1563;13988860000;13866766666;14066766666;10240;10228
1564;13989085000;13866766666;14066766666;10240;10228
1565;13989105000;13866766666;14066766666;10240;10228
1566;13989312000;13866766666;14066766666;10240;10228
1567;13989331000;13866766666;14066766666;10240;10228
1568;13989593000;13866766666;14066766666;10240;10228
1569;13989611000;13866766666;14066766666;10240;10228
1570;13989840000;13866766666;14066766666;10240;10228
1571;13989860000;13866766666;14066766666;10240;10228
1572;13990064000;13866766666;14066766666;10240;10228
1573;14030488000;13908544444;14108544444;10240;10228
1574;14030499000;13908544444;14108544444;10240;10228
1575;14030738000;13908544444;14108544444;10240;10228
1576;14030757000;13908544444;14108544444;10240;10228
1577;14030924000;13908544444;14108544444;10240;10228
1578;14030939000;13908544444;14108544444;10240;10228
1579;14031231000;13908544444;14108544444;10240;10228
1582;14031240000;13908544444;14108544444;10240;10228
1583;14031488000;13908544444;14108544444;10240;10228
1584;14072160000;13950144444;14150144444;10240;10228
1585;14072181000;13950144444;14150144444;10240;10228
1587;14072385000;13950144444;14150144444;10240;10228
1588;14072396000;13950144444;14150144444;10240;10228
1589;14072656000;13950144444;14150144444;10240;10228
1590;14072667000;13950144444;14150144444;10240;10228
1591;14072892000;13950144444;14150144444;10240;10228
1592;14072903000;13950144444;14150144444;10240;10228
1593;14073166000;13950144444;14150144444;10240;10228
1594;14073176000;13950144444;14150144444;10240;10228
1595;14113816000;13991755555;14191755555;10240;10228
1596;14113835000;13991755555;14191755555;10240;10228
1597;14114067000;13991755555;14191755555;10240;10228
1598;14114086000;13991755555;14191755555;10240;10228
1599;14114304000;13991755555;14191755555;10240;10228
1600;14114314000;13991755555;14191755555;10240;10228
1601;14114487000;13991755555;14191755555;10240;10228
1603;14114507000;13991755555;14191755555;10240;10228
1604;14114818000;13991755555;14191755555;10240;10228
1605;14114838000;13991755555;14191755555;10240;10228
1606;14155489000;14033477777;14233477777;10240;10228
1607;14155500000;14033477777;14233477777;10240;10228
1608;14155735000;14033477777;14233477777;10240;10228
1609;14155755000;14033477777;14233477777;10240;10228
1610;14155985000;14033477777;14233477777;10240;10228
1611;14156006000;14033477777;14233477777;10240;10228
1612;14156221000;14033477777;14233477777;10240;10228
1613;14156231000;14033477777;14233477777;10240;10228
1614;14156469000;14033477777;14233477777;10240;10228
1615;14156481000;14033477777;14233477777;10240;10228
1616;14156710000;14033477777;14233477777;10240;10228
1617;14197138000;14075111111;14275111111;10240;10228
1618;14197158000;14075111111;14275111111;10240;10228
1619;14197363000;14075111111;14275111111;10240;10228
1620;14197384000;14075111111;14275111111;10240;10228
1621;14197562000;14075111111;14275111111;10240;10228
1622;14197571000;14075111111;14275111111;10240;10228
1623;14197826000;14075111111;14275111111;10240;10228
1624;14197908000;14075111111;14275111111;10240;10228
1625;14198105000;14075111111;14275111111;10240;10228
1626;14198128000;14075111111;14275111111;10240;10228
1627;14198334000;14075111111;14275111111;10240;10228
1628;14238814000;14116755555;14316755555;10240;10228
1629;14238832000;14116755555;14316755555;10240;10228
1630;14239063000;14116755555;14316755555;10240;10228
1631;14239083000;14116755555;14316755555;10240;10228
1632;14239301000;14116755555;14316755555;10240;10228
1633;14239312000;14116755555;14316755555;10240;10228
1634;14239550000;14116755555;14316755555;10240;10228
1635;14239574000;14116755555;14316755555;10240;10228
1636;14239823000;14116755555;14316755555;10240;10228
1637;14239844000;14116755555;14316755555;10240;10228
1638;14239985000;14116755555;14316755555;10240;10228
1639;14280506000;14158477777;14358477777;10240;10228
1640;14280524000;14158477777;14358477777;10240;10228
1641;14280749000;14158477777;14358477777;10240;10228
1642;14280767000;14158477777;14358477777;10240;10228
1643;14280999000;14158477777;14358477777;10240;10228
1645;14281019000;14158477777;14358477777;10240;10228
1646;14281237000;14158477777;14358477777;10240;10228
1647;14281259000;14158477777;14358477777;10240;10228
1648;14281489000;14158477777;14358477777;10240;10228
1649;14281500000;14158477777;14358477777;10240;10228
1650;14322101000;14200111111;14400111111;10240;10228
1651;14322123000;14200111111;14400111111;10240;10228
1652;14322343000;14200111111;14400111111;10240;10228
1653;14322366000;14200111111;14400111111;10240;10228
1654;14322612000;14200111111;14400111111;10240;10228
1655;14322624000;14200111111;14400111111;10240;10228
1656;14322827000;14200111111;14400111111;10240;10228
1657;14322843000;14200111111;14400111111;10240;10228
1658;14323070000;14200111111;14400111111;10240;10228
1660;14323088000;14200111111;14400111111;10240;10228
1661;14363781000;14241766666;14441766666;10240;10228
1662;14363791000;14241766666;14441766666;10240;10228
1663;14364026000;14241766666;14441766666;10240;10228
1664;14364036000;14241766666;14441766666;10240;10228
1665;14364272000;14241766666;14441766666;10240;10228
1666;14364291000;14241766666;14441766666;10240;10228
1667;14364527000;14241766666;14441766666;10240;10228
1668;14364546000;14241766666;14441766666;10240;10228
1669;14364776000;14241766666;14441766666;10240;10228
1670;14364787000;14241766666;14441766666;10240;10228
1671;14365029000;14241766666;14441766666;10240;10228
1672;14405448000;14283477777;14483477777;10240;10228
1673;14405459000;14283477777;14483477777;10240;10228
1674;14405701000;14283477777;14483477777;10240;10228
1675;14405711000;14283477777;14483477777;10240;10228
1676;14405928000;14283477777;14483477777;10240;10228
1677;14405941000;14283477777;14483477777;10240;10228
1678;14406169000;14283477777;14483477777;10240;10228
1679;14406179000;14283477777;14483477777;10240;10228
1680;14406445000;14283477777;14483477777;10240;10228
1681;14406455000;14283477777;14483477777;10240;10228
1683;14447097000;14325122222;14525122222;10240;10228
1684;14447109000;14325122222;14525122222;10240;10228
1685;14447341000;14325122222;14525122222;10240;10228
1686;14447361000;14325122222;14525122222;10240;10228
1687;14447609000;14325122222;14525122222;10240;10228
1688;14447620000;14325122222;14525122222;10240;10228
1689;14447848000;14325122222;14525122222;10240;10228
1690;14447860000;14325122222;14525122222;10240;10228
1691;14448092000;14325122222;14525122222;10240;10228
1692;14448113000;14325122222;14525122222;10240;10228
1693;14448353000;14325122222;14525122222;10240;10228
1694;14488753000;14366733333;14566733333;10240;10228
1695;14488767000;14366733333;14566733333;10240;10228
1696;14489002000;14366733333;14566733333;10240;10228
1697;14489070000;14366733333;14566733333;10240;10228
1698;14489269000;14366733333;14566733333;10240;10228
1700;14489290000;14366733333;14566733333;10240;10228
1701;14489537000;14366733333;14566733333;10240;10228
1702;14489569000;14366733333;14566733333;10240;10228
1703;14489776000;14366733333;14566733333;10240;10228
1705;14530433000;14408466666;14608466666;10240;10228
1706;14530443000;14408466666;14608466666;10240;10228
1707;14530684000;14408466666;14608466666;10240;10228
1708;14530694000;14408466666;14608466666;10240;10228
1709;14530887000;14408466666;14608466666;10240;10228
1711;14530905000;14408466666;14608466666;10240;10228
1712;14531129000;14408466666;14608466666;10240;10228
1713;14531173000;14408466666;14608466666;10240;10228
1714;14531423000;14408466666;14608466666;10240;10228
1715;14531433000;14408466666;14608466666;10240;10228
1716;14572094000;14450111111;14650111111;10240;10228
1717;14572115000;14450111111;14650111111;10240;10228
1718;14572331000;14450111111;14650111111;10240;10228
1719;14572351000;14450111111;14650111111;10240;10228
1720;14572619000;14450111111;14650111111;10240;10228
1721;14572630000;14450111111;14650111111;10240;10228
1722;14572839000;14450111111;14650111111;10240;10228
1723;14572850000;14450111111;14650111111;10240;10228
1724;14573097000;14450111111;14650111111;10240;10228
1725;14573126000;14450111111;14650111111;10240;10228
1726;14573331000;14450111111;14650111111;10240;10228
1727;14613772000;14491755555;14691755555;10240;10228
1728;14613783000;14491755555;14691755555;10240;10228
1729;14614022000;14491755555;14691755555;10240;10228
1730;14614043000;14491755555;14691755555;10240;10228
1731;14614261000;14491755555;14691755555;10240;10228
1732;14614282000;14491755555;14691755555;10240;10228
1733;14614470000;14491755555;14691755555;10240;10228
1734;14614482000;14491755555;14691755555;10240;10228
1735;14614729000;14491755555;14691755555;10240;10228
1736;14614810000;14491755555;14691755555;10240;10228
1737;14615025000;14491755555;14691755555;10240;10228
1738;14655453000;14533488888;14733488888;10240;10228
1739;14655464000;14533488888;14733488888;10240;10228
1740;14655700000;14533488888;14733488888;10240;10228
1741;14655711000;14533488888;14733488888;10240;10228
1742;14655960000;14533488888;14733488888;10240;10228
1743;14655981000;14533488888;14733488888;10240;10228
1744;14656200000;14533488888;14733488888;10240;10228
1745;14656221000;14533488888;14733488888;10240;10228
1746;14656452000;14533488888;14733488888;10240;10228
1747;14656465000;14533488888;14733488888;10240;10228
1748;14656469000;14533488888;14733488888;10240;10228
1749;14697111000;14575111111;14775111111;10240;10228
1750;14697130000;14575111111;14775111111;10240;10228
1751;14697372000;14575111111;14775111111;10240;10228
1752;14697393000;14575111111;14775111111;10240;10228
1753;14697616000;14575111111;14775111111;10240;10228
1754;14697636000;14575111111;14775111111;10240;10228
1755;14697816000;14575111111;14775111111;10240;10228
1756;14697821000;14575111111;14775111111;10240;10228
1757;14698065000;14575111111;14775111111;10240;10228
1758;14698070000;14575111111;14775111111;10240;10228
1759;14698353000;14575111111;14775111111;10240;10228
1760;14738774000;14616766666;14816766666;10240;10228
1761;14738792000;14616766666;14816766666;10240;10228
1762;14739025000;14616766666;14816766666;10240;10228
1763;14739044000;14616766666;14816766666;10240;10228
1764;14739262000;14616766666;14816766666;10240;10228
1765;14739282000;14616766666;14816766666;10240;10228
1766;14739508000;14616766666;14816766666;10240;10228
1767;14739528000;14616766666;14816766666;10240;10228
1768;14739772000;14616766666;14816766666;10240;10228
1769;14739795000;14616766666;14816766666;10240;10228
1770;14740024000;14616766666;14816766666;10240;10228
1772;14780449000;14658466666;14858466666;10240;10228
1773;14780460000;14658466666;14858466666;10240;10228
1774;14780699000;14658466666;14858466666;10240;10228
1775;14780709000;14658466666;14858466666;10240;10228
1777;14780940000;14658466666;14858466666;10240;10228
1778;14780959000;14658466666;14858466666;10240;10228
1779;14781184000;14658466666;14858466666;10240;10228
1780;14781204000;14658466666;14858466666;10240;10228
1781;14781437000;14658466666;14858466666;10240;10228
1782;14822124000;14700100000;14900100000;10240;10228
1783;14822134000;14700100000;14900100000;10240;10228
1784;14822370000;14700100000;14900100000;10240;10228
1785;14822379000;14700100000;14900100000;10240;10228
1786;14822617000;14700100000;14900100000;10240;10228
1787;14822627000;14700100000;14900100000;10240;10228
1788;14822831000;14700100000;14900100000;10240;10228
1789;14822845000;14700100000;14900100000;10240;10228
1790;14823073000;14700100000;14900100000;10240;10228
1791;14823083000;14700100000;14900100000;10240;10228
1792;14823359000;14700100000;14900100000;10240;10228
1793;14863770000;14741766666;14941766666;10240;10228
1794;14863792000;14741766666;14941766666;10240;10228
1795;14864021000;14741766666;14941766666;10240;10228
1796;14864030000;14741766666;14941766666;10240;10228
1797;14864263000;14741766666;14941766666;10240;10228
1798;14864281000;14741766666;14941766666;10240;10228
1799;14864509000;14741766666;14941766666;10240;10228
1800;14864526000;14741766666;14941766666;10240;10228
1801;14864778000;14741766666;14941766666;10240;10228
1802;14864788000;14741766666;14941766666;10240;10228
1803;14865023000;14741766666;14941766666;10240;10228
1804;14905415000;14783466666;14983466666;10240;10228
1805;14905434000;14783466666;14983466666;10240;10228
1806;14905679000;14783466666;14983466666;10240;10228
1808;14905694000;14783466666;14983466666;10240;10228
1809;14905931000;14783466666;14983466666;10240;10228
1810;14905949000;14783466666;14983466666;10240;10228
1811;14906219000;14783466666;14983466666;10240;10228
1812;14906238000;14783466666;14983466666;10240;10228
1813;14906468000;14783466666;14983466666;10240;10228
1814;14906477000;14783466666;14983466666;10240;10228
1815;14947103000;14825133333;15025133333;10240;10228
1816;14947124000;14825133333;15025133333;10240;10228
1817;14947338000;14825133333;15025133333;10240;10228
1818;14947357000;14825133333;15025133333;10240;10228
1819;14947611000;14825133333;15025133333;10240;10228
1820;14947631000;14825133333;15025133333;10240;10228
1821;14947846000;14825133333;15025133333;10240;10228
1822;14947857000;14825133333;15025133333;10240;10228
1823;14948094000;14825133333;15025133333;10240;10228
1824;14948115000;14825133333;15025133333;10240;10228
1825;14948299000;14825133333;15025133333;10240;10228
1826;14988780000;14866744444;15066744444;10240;10228
1827;14988798000;14866744444;15066744444;10240;10228
1828;14989031000;14866744444;15066744444;10240;10228
1829;14989040000;14866744444;15066744444;10240;10228
1830;14989263000;14866744444;15066744444;10240;10228
1831;14989283000;14866744444;15066744444;10240;10228
1832;14989522000;14866744444;15066744444;10240;10228
1833;14989541000;14866744444;15066744444;10240;10228
1836;14989777000;14866744444;15066744444;10240;10228
1837;15030428000;14908466666;15108466666;10240;10228
1838;15030438000;14908466666;15108466666;10240;10228
1839;15030681000;14908466666;15108466666;10240;10228
1840;15030691000;14908466666;15108466666;10240;10228
1841;15030926000;14908466666;15108466666;10240;10228
1842;15030936000;14908466666;15108466666;10240;10228
1846;15031127000;14908466666;15108466666;10240;10228
1847;15031135000;14908466666;15108466666;10240;10228
1848;15072092000;14950077777;15150077777;10240;10228
1849;15072112000;14950077777;15150077777;10240;10228
1851;15072333000;14950077777;15150077777;10240;10228
1852;15072354000;14950077777;15150077777;10240;10228
1853;15072617000;14950077777;15150077777;10240;10228
1854;15072637000;14950077777;15150077777;10240;10228
1855;15072839000;14950077777;15150077777;10240;10228
1856;15072851000;14950077777;15150077777;10240;10228
1859;15113784000;14991733333;15191733333;10240;10228
1860;15113805000;14991733333;15191733333;10240;10228
1861;15114032000;14991733333;15191733333;10240;10228
1862;15114043000;14991733333;15191733333;10240;10228
1863;15114270000;14991733333;15191733333;10240;10228
1864;15114290000;14991733333;15191733333;10240;10228
1865;15114538000;14991733333;15191733333;10240;10228
1866;15114549000;14991733333;15191733333;10240;10228
1867;15114740000;14991733333;15191733333;10240;10228
1868;15114758000;14991733333;15191733333;10240;10228
1869;15115035000;14991733333;15191733333;10240;10228
1870;15155436000;15033455555;15233455555;10240;10228
1872;15155448000;15033455555;15233455555;10240;10228
1873;15155686000;15033455555;15233455555;10240;10228
1874;15155697000;15033455555;15233455555;10240;10228
1875;15155930000;15033455555;15233455555;10240;10228
1876;15155951000;15033455555;15233455555;10240;10228
1877;15156174000;15033455555;15233455555;10240;10228
1878;15156194000;15033455555;15233455555;10240;10228
1879;15156429000;15033455555;15233455555;10240;10228
1880;15156440000;15033455555;15233455555;10240;10228
1881;15197114000;15075066666;15275066666;10240;10228
1882;15197135000;15075066666;15275066666;10240;10228
1885;15197356000;15075066666;15275066666;10240;10228
1886;15197366000;15075066666;15275066666;10240;10228
1887;15197633000;15075066666;15275066666;10240;10228
1888;15197642000;15075066666;15275066666;10240;10228
1889;15197819000;15075066666;15275066666;10240;10228
1890;15197833000;15075066666;15275066666;10240;10228
1891;15198115000;15075066666;15275066666;10240;10228
1892;15238791000;15116755555;15316755555;10240;10228
1893;15238818000;15116755555;15316755555;10240;10228
1894;15239040000;15116755555;15316755555;10240;10228
1895;15239062000;15116755555;15316755555;10240;10228
1896;15239281000;15116755555;15316755555;10240;10228
1897;15239300000;15116755555;15316755555;10240;10228
1898;15239540000;15116755555;15316755555;10240;10228
1899;15239559000;15116755555;15316755555;10240;10228
1900;15239797000;15116755555;15316755555;10240;10228
1901;15239806000;15116755555;15316755555;10240;10228
1903;15280445000;15158488888;15358488888;10240;10228
1904;15280455000;15158488888;15358488888;10240;10228
1905;15280698000;15158488888;15358488888;10240;10228
1906;15280708000;15158488888;15358488888;10240;10228
1907;15280901000;15158488888;15358488888;10240;10228
1908;15280920000;15158488888;15358488888;10240;10228
1909;15281143000;15158488888;15358488888;10240;10228
1910;15281188000;15158488888;15358488888;10240;10228
1911;15281439000;15158488888;15358488888;10240;10228
1912;15281450000;15158488888;15358488888;10240;10228
1913;15281695000;15158488888;15358488888;10240;10228
1914;15322110000;15200100000;15400100000;10240;10228
1915;15322119000;15200100000;15400100000;10240;10228
1916;15322348000;15200100000;15400100000;10240;10228
1919;15322367000;15200100000;15400100000;10240;10228
1920;15322617000;15200100000;15400100000;10240;10228
1921;15322635000;15200100000;15400100000;10240;10228
1922;15322903000;15200100000;15400100000;10240;10228
1923;15322922000;15200100000;15400100000;10240;10228
1924;15323165000;15200100000;15400100000;10240;10228
1925;15363838000;15241755555;15441755555;10240;10228
1926;15363856000;15241755555;15441755555;10240;10228
1927;15364067000;15241755555;15441755555;10240;10228
1928;15364086000;15241755555;15441755555;10240;10228
1929;15364299000;15241755555;15441755555;10240;10228
1930;15364318000;15241755555;15441755555;10240;10228
1931;15364555000;15241755555;15441755555;10240;10228
1932;15364575000;15241755555;15441755555;10240;10228
1933;15364820000;15241755555;15441755555;10240;10228
1934;15364839000;15241755555;15441755555;10240;10228
1935;15365041000;15241755555;15441755555;10240;10228
1936;15405486000;15283455555;15483455555;10240;10228
1937;15405497000;15283455555;15483455555;10240;10228
1938;15405738000;15283455555;15483455555;10240;10228
1939;15405756000;15283455555;15483455555;10240;10228
1940;15405924000;15283455555;15483455555;10240;10228
1941;15405938000;15283455555;15483455555;10240;10228
1942;15406169000;15283455555;15483455555;10240;10228
1943;15406177000;15283455555;15483455555;10240;10228
1944;15406472000;15283455555;15483455555;10240;10228
1946;15406481000;15283455555;15483455555;10240;10228
1947;15447102000;15325088888;15525088888;10240;10228
1948;15447113000;15325088888;15525088888;10240;10228
1949;15447343000;15325088888;15525088888;10240;10228
1950;15447363000;15325088888;15525088888;10240;10228
1951;15447615000;15325088888;15525088888;10240;10228
1952;15447628000;15325088888;15525088888;10240;10228
1953;15447850000;15325088888;15525088888;10240;10228
1954;15447862000;15325088888;15525088888;10240;10228
1955;15448094000;15325088888;15525088888;10240;10228
1956;15448115000;15325088888;15525088888;10240;10228
1957;15448344000;15325088888;15525088888;10240;10228
1958;15488782000;15366733333;15566733333;10240;10228
1959;15488792000;15366733333;15566733333;10240;10228
1960;15489027000;15366733333;15566733333;10240;10228
1961;15489039000;15366733333;15566733333;10240;10228
1962;15489247000;15366733333;15566733333;10240;10228
1963;15489258000;15366733333;15566733333;10240;10228
1965;15489538000;15366733333;15566733333;10240;10228
1966;15489575000;15366733333;15566733333;10240;10228
1967;15489778000;15366733333;15566733333;10240;10228
1968;15489790000;15366733333;15566733333;10240;10228
1969;15530446000;15408444444;15608444444;10240;10228
1970;15530458000;15408444444;15608444444;10240;10228
1971;15530679000;15408444444;15608444444;10240;10228
1972;15530700000;15408444444;15608444444;10240;10228
1973;15530972000;15408444444;15608444444;10240;10228
1974;15530993000;15408444444;15608444444;10240;10228
1975;15531213000;15408444444;15608444444;10240;10228
1976;15531253000;15408444444;15608444444;10240;10228
1977;15531479000;15408444444;15608444444;10240;10228
1978;15531490000;15408444444;15608444444;10240;10228
1979;15531494000;15408444444;15608444444;10240;10228
1980;15572119000;15450100000;15650100000;10240;10228
1981;15572140000;15450100000;15650100000;10240;10228
1982;15572329000;15450100000;15650100000;10240;10228
1983;15572350000;15450100000;15650100000;10240;10228
1984;15572617000;15450100000;15650100000;10240;10228
1985;15572637000;15450100000;15650100000;10240;10228
1986;15572838000;15450100000;15650100000;10240;10228
1987;15572859000;15450100000;15650100000;10240;10228
1988;15573089000;15450100000;15650100000;10240;10228
1989;15573111000;15450100000;15650100000;10240;10228
1990;15573338000;15450100000;15650100000;10240;10228
1991;15613769000;15491744444;15691744444;10240;10228
1992;15613781000;15491744444;15691744444;10240;10228
1993;15614018000;15491744444;15691744444;10240;10228
1994;15614039000;15491744444;15691744444;10240;10228
1995;15614262000;15491744444;15691744444;10240;10228
1997;15614283000;15491744444;15691744444;10240;10228
1998;15614468000;15491744444;15691744444;10240;10228
1999;15614477000;15491744444;15691744444;10240;10228
2000;15614726000;15491744444;15691744444;10240;10228
2001;15614745000;15491744444;15691744444;10240;10228
2002;15655464000;15533477777;15733477777;10240;10228
2003;15655475000;15533477777;15733477777;10240;10228
2004;15655711000;15533477777;15733477777;10240;10228
2005;15655721000;15533477777;15733477777;10240;10228
2006;15655972000;15533477777;15733477777;10240;10228
2007;15655981000;15533477777;15733477777;10240;10228
2008;15656213000;15533477777;15733477777;10240;10228
2010;15656232000;15533477777;15733477777;10240;10228
2011;15656463000;15533477777;15733477777;10240;10228
2012;15656472000;15533477777;15733477777;10240;10228
2013;15697108000;15575122222;15775122222;10240;10228
2014;15697127000;15575122222;15775122222;10240;10228
2015;15697343000;15575122222;15775122222;10240;10228
2018;15697363000;15575122222;15775122222;10240;10228
2019;15697616000;15575122222;15775122222;10240;10228
2020;15697636000;15575122222;15775122222;10240;10228
2021;15697814000;15575122222;15775122222;10240;10228
2022;15697830000;15575122222;15775122222;10240;10228
2023;15698061000;15575122222;15775122222;10240;10228
2024;15738775000;15616755555;15816755555;10240;10228
2025;15738784000;15616755555;15816755555;10240;10228
2026;15739016000;15616755555;15816755555;10240;10228
2027;15739036000;15616755555;15816755555;10240;10228
2028;15739265000;15616755555;15816755555;10240;10228
2029;15739284000;15616755555;15816755555;10240;10228
2030;15739509000;15616755555;15816755555;10240;10228
2031;15739536000;15616755555;15816755555;10240;10228
2032;15739774000;15616755555;15816755555;10240;10228
2033;15739786000;15616755555;15816755555;10240;10228
2034;15740024000;15616755555;15816755555;10240;10228
2035;15780439000;15658444444;15858444444;10240;10228
2036;15780449000;15658444444;15858444444;10240;10228
2037;15780720000;15658444444;15858444444;10240;10228
2038;15780740000;15658444444;15858444444;10240;10228
2039;15780978000;15658444444;15858444444;10240;10228
2040;15780987000;15658444444;15858444444;10240;10228
2042;15781220000;15658444444;15858444444;10240;10228
2043;15781239000;15658444444;15858444444;10240;10228
2044;15781467000;15658444444;15858444444;10240;10228
2045;15781478000;15658444444;15858444444;10240;10228
2046;15822103000;15700066666;15900066666;10240;10228
2047;15822124000;15700066666;15900066666;10240;10228
2048;15822343000;15700066666;15900066666;10240;10228
2049;15822364000;15700066666;15900066666;10240;10228
2050;15822617000;15700066666;15900066666;10240;10228
2051;15822628000;15700066666;15900066666;10240;10228
2052;15822808000;15700066666;15900066666;10240;10228
2053;15822818000;15700066666;15900066666;10240;10228
2054;15823056000;15700066666;15900066666;10240;10228
2055;15823101000;15700066666;15900066666;10240;10228
2056;15823353000;15700066666;15900066666;10240;10228
2057;15863782000;15741744444;15941744444;10240;10228
2058;15863812000;15741744444;15941744444;10240;10228
2059;15864031000;15741744444;15941744444;10240;10228
2060;15864052000;15741744444;15941744444;10240;10228
2061;15864271000;15741744444;15941744444;10240;10228
2062;15864292000;15741744444;15941744444;10240;10228
2063;15864539000;15741744444;15941744444;10240;10228
2064;15864560000;15741744444;15941744444;10240;10228
2065;15864785000;15741744444;15941744444;10240;10228
2066;15864806000;15741744444;15941744444;10240;10228
2067;15864983000;15741744444;15941744444;10240;10228
2068;15905441000;15783466666;15983466666;10240;10228
2069;15905450000;15783466666;15983466666;10240;10228
2070;15905688000;15783466666;15983466666;10240;10228
2071;15905698000;15783466666;15983466666;10240;10228
2072;15905933000;15783466666;15983466666;10240;10228
2073;15905954000;15783466666;15983466666;10240;10228
2074;15906139000;15783466666;15983466666;10240;10228
2075;15906184000;15783466666;15983466666;10240;10228
2076;15906433000;15783466666;15983466666;10240;10228
2077;15906444000;15783466666;15983466666;10240;10228
2078;15906689000;15783466666;15983466666;10240;10228
2079;15947104000;15825088888;16025088888;10240;10228
2080;15947123000;15825088888;16025088888;10240;10228
2081;15947338000;15825088888;16025088888;10240;10228
2082;15947358000;15825088888;16025088888;10240;10228
2083;15947578000;15825088888;16025088888;10240;10228
2084;15947583000;15825088888;16025088888;10240;10228
2085;15947855000;15825088888;16025088888;10240;10228
2086;15947875000;15825088888;16025088888;10240;10228
2087;15948103000;15825088888;16025088888;10240;10228
2088;15948125000;15825088888;16025088888;10240;10228
2089;15948365000;15825088888;16025088888;10240;10228
2090;15988771000;15866722222;16066722222;10240;10228
2091;15988790000;15866722222;16066722222;10240;10228
2092;15989035000;15866722222;16066722222;10240;10228
2093;15989060000;15866722222;16066722222;10240;10228
2094;15989263000;15866722222;16066722222;10240;10228
2095;15989283000;15866722222;16066722222;10240;10228
2096;15989506000;15866722222;16066722222;10240;10228
2097;15989524000;15866722222;16066722222;10240;10228
2098;15989771000;15866722222;16066722222;10240;10228
2099;15989793000;15866722222;16066722222;10240;10228
2100;15989969000;15866722222;16066722222;10240;10228
2101;16030431000;15908466666;16108466666;10240;10228
2102;16030440000;15908466666;16108466666;10240;10228
2103;16030679000;15908466666;16108466666;10240;10228
2105;16030698000;15908466666;16108466666;10240;10228
2106;16030932000;15908466666;16108466666;10240;10228
2107;16030951000;15908466666;16108466666;10240;10228
2108;16031129000;15908466666;16108466666;10240;10228
2109;16031138000;15908466666;16108466666;10240;10228
2111;16031376000;15908466666;16108466666;10240;10228
2112;16072104000;15950133333;16150133333;10240;10228
2113;16072124000;15950133333;16150133333;10240;10228
2114;16072348000;15950133333;16150133333;10240;10228
2115;16072367000;15950133333;16150133333;10240;10228
2116;16072617000;15950133333;16150133333;10240;10228
2117;16072636000;15950133333;16150133333;10240;10228
2118;16072866000;15950133333;16150133333;10240;10228
2119;16072875000;15950133333;16150133333;10240;10228
2120;16073105000;15950133333;16150133333;10240;10228
2121;16073124000;15950133333;16150133333;10240;10228
2122;16073344000;15950133333;16150133333;10240;10228
2123;16113771000;15991766666;16191766666;10240;10228
2124;16113782000;15991766666;16191766666;10240;10228
2125;16114019000;15991766666;16191766666;10240;10228
2126;16114030000;15991766666;16191766666;10240;10228
2127;16114220000;15991766666;16191766666;10240;10228
2128;16114231000;15991766666;16191766666;10240;10228
2129;16114519000;15991766666;16191766666;10240;10228
2130;16114540000;15991766666;16191766666;10240;10228
2131;16114775000;15991766666;16191766666;10240;10228
2132;16114784000;15991766666;16191766666;10240;10228
2133;16115026000;15991766666;16191766666;10240;10228
2134;16155445000;16033466666;16233466666;10240;10228
2135;16155457000;16033466666;16233466666;10240;10228
2136;16155687000;16033466666;16233466666;10240;10228
2137;16155714000;16033466666;16233466666;10240;10228
2138;16155944000;16033466666;16233466666;10240;10228
2139;16155955000;16033466666;16233466666;10240;10228
2140;16156191000;16033466666;16233466666;10240;10228
2141;16156210000;16033466666;16233466666;10240;10228
2142;16156397000;16033466666;16233466666;10240;10228
2143;16156408000;16033466666;16233466666;10240;10228
2144;16156696000;16033466666;16233466666;10240;10228
2146;16197118000;16075122222;16275122222;10240;10228
2147;16197139000;16075122222;16275122222;10240;10228
2148;16197359000;16075122222;16275122222;10240;10228
2149;16197379000;16075122222;16275122222;10240;10228
2150;16197639000;16075122222;16275122222;10240;10228
2151;16197658000;16075122222;16275122222;10240;10228
2152;16197872000;16075122222;16275122222;10240;10228
2153;16197882000;16075122222;16275122222;10240;10228
2154;16198124000;16075122222;16275122222;10240;10228
2155;16198133000;16075122222;16275122222;10240;10228
2157;16238774000;16116755555;16316755555;10240;10228
2158;16238784000;16116755555;16316755555;10240;10228
2159;16239025000;16116755555;16316755555;10240;10228
2160;16239035000;16116755555;16316755555;10240;10228
2162;16239266000;16116755555;16316755555;10240;10228
2163;16239286000;16116755555;16316755555;10240;10228
2164;16239470000;16116755555;16316755555;10240;10228
2165;16239479000;16116755555;16316755555;10240;10228
2166;16239772000;16116755555;16316755555;10240;10228
2167;16280428000;16158477777;16358477777;10240;10228
2168;16280438000;16158477777;16358477777;10240;10228
2169;16280681000;16158477777;16358477777;10240;10228
2170;16280690000;16158477777;16358477777;10240;10228
2171;16280921000;16158477777;16358477777;10240;10228
2172;16280930000;16158477777;16358477777;10240;10228
2173;16281164000;16158477777;16358477777;10240;10228
2174;16281183000;16158477777;16358477777;10240;10228
2175;16281419000;16158477777;16358477777;10240;10228
2176;16281428000;16158477777;16358477777;10240;10228
2177;16281675000;16158477777;16358477777;10240;10228
2178;16322093000;16200122222;16400122222;10240;10228
2180;16322113000;16200122222;16400122222;10240;10228
2182;16322332000;16200122222;16400122222;10240;10228
2183;16322351000;16200122222;16400122222;10240;10228
2184;16322579000;16200122222;16400122222;10240;10228
2185;16322593000;16200122222;16400122222;10240;10228
2186;16322802000;16200122222;16400122222;10240;10228
2187;16322820000;16200122222;16400122222;10240;10228
2188;16323095000;16200122222;16400122222;10240;10228
2189;16363768000;16241777777;16441777777;10240;10228
2191;16363780000;16241777777;16441777777;10240;10228
2192;16364019000;16241777777;16441777777;10240;10228
2195;16364029000;16241777777;16441777777;10240;10228
2196;16364262000;16241777777;16441777777;10240;10228
2197;16364282000;16241777777;16441777777;10240;10228
2198;16364532000;16241777777;16441777777;10240;10228
2200;16405448000;16283488888;16483488888;10240;10228
2201;16405460000;16283488888;16483488888;10240;10228
2202;16405697000;16283488888;16483488888;10240;10228
2203;16405708000;16283488888;16483488888;10240;10228
2205;16405942000;16283488888;16483488888;10240;10228
2207;16405964000;16283488888;16483488888;10240;10228
2208;16406186000;16283488888;16483488888;10240;10228
2209;16406207000;16283488888;16483488888;10240;10228
2210;16406396000;16283488888;16483488888;10240;10228
2211;16447095000;16325122222;16525122222;10240;10228
2212;16447116000;16325122222;16525122222;10240;10228
2213;16447329000;16325122222;16525122222;10240;10228
2214;16447350000;16325122222;16525122222;10240;10228
2215;16447616000;16325122222;16525122222;10240;10228
2216;16447637000;16325122222;16525122222;10240;10228
2217;16447838000;16325122222;16525122222;10240;10228
2218;16447859000;16325122222;16525122222;10240;10228
2221;16448043000;16325122222;16525122222;10240;10228
2222;16488774000;16366744444;16566744444;10240;10228
2223;16488795000;16366744444;16566744444;10240;10228
2224;16489013000;16366744444;16566744444;10240;10228
2225;16489033000;16366744444;16566744444;10240;10228
2226;16489262000;16366744444;16566744444;10240;10228
2227;16489290000;16366744444;16566744444;10240;10228
2228;16489507000;16366744444;16566744444;10240;10228
2229;16489526000;16366744444;16566744444;10240;10228
2230;16489773000;16366744444;16566744444;10240;10228
2231;16489796000;16366744444;16566744444;10240;10228
2232;16490023000;16366744444;16566744444;10240;10228
2233;16530457000;16408477777;16608477777;10240;10228
2236;16530466000;16408477777;16608477777;10240;10228
2237;16530706000;16408477777;16608477777;10240;10228
2238;16530716000;16408477777;16608477777;10240;10228
2239;16530911000;16408477777;16608477777;10240;10228
2240;16530926000;16408477777;16608477777;10240;10228
2241;16531153000;16408477777;16608477777;10240;10228
2242;16531186000;16408477777;16608477777;10240;10228
2243;16531447000;16408477777;16608477777;10240;10228
2244;16572109000;16450133333;16650133333;10240;10228
2245;16572118000;16450133333;16650133333;10240;10228
2246;16572347000;16450133333;16650133333;10240;10228
2247;16572357000;16450133333;16650133333;10240;10228
2248;16572606000;16450133333;16650133333;10240;10228
2249;16572615000;16450133333;16650133333;10240;10228
2250;16572864000;16450133333;16650133333;10240;10228
2251;16572873000;16450133333;16650133333;10240;10228
2252;16573100000;16450133333;16650133333;10240;10228
2253;16573120000;16450133333;16650133333;10240;10228
2255;16613769000;16491766666;16691766666;10240;10228
2256;16613781000;16491766666;16691766666;10240;10228
2257;16614018000;16491766666;16691766666;10240;10228
2258;16614039000;16491766666;16691766666;10240;10228
2259;16614262000;16491766666;16691766666;10240;10228
2260;16614282000;16491766666;16691766666;10240;10228
2261;16614468000;16491766666;16691766666;10240;10228
2262;16614479000;16491766666;16691766666;10240;10228
2263;16614779000;16491766666;16691766666;10240;10228
2264;16614800000;16491766666;16691766666;10240;10228
2265;16615023000;16491766666;16691766666;10240;10228
2266;16655442000;16533477777;16733477777;10240;10228
2267;16655465000;16533477777;16733477777;10240;10228
2268;16655672000;16533477777;16733477777;10240;10228
2269;16655682000;16533477777;16733477777;10240;10228
2270;16655918000;16533477777;16733477777;10240;10228
2271;16655939000;16533477777;16733477777;10240;10228
2272;16656160000;16533477777;16733477777;10240;10228
2273;16656180000;16533477777;16733477777;10240;10228
2274;16656417000;16533477777;16733477777;10240;10228
2275;16656428000;16533477777;16733477777;10240;10228
2276;16656673000;16533477777;16733477777;10240;10228
2278;16697083000;16575122222;16775122222;10240;10228
2279;16697103000;16575122222;16775122222;10240;10228
2280;16697302000;16575122222;16775122222;10240;10228
2281;16697313000;16575122222;16775122222;10240;10228
2282;16697580000;16575122222;16775122222;10240;10228
2283;16697599000;16575122222;16775122222;10240;10228
2284;16697848000;16575122222;16775122222;10240;10228
2285;16697860000;16575122222;16775122222;10240;10228
2286;16698105000;16575122222;16775122222;10240;10228
2287;16698126000;16575122222;16775122222;10240;10228
2288;16738771000;16616777777;16816777777;10240;10228
2289;16738782000;16616777777;16816777777;10240;10228
2290;16739020000;16616777777;16816777777;10240;10228
2291;16739040000;16616777777;16816777777;10240;10228
2292;16739262000;16616777777;16816777777;10240;10228
2293;16739282000;16616777777;16816777777;10240;10228
2294;16739506000;16616777777;16816777777;10240;10228
2295;16739535000;16616777777;16816777777;10240;10228
2296;16739729000;16616777777;16816777777;10240;10228
2297;16739747000;16616777777;16816777777;10240;10228
2298;16740023000;16616777777;16816777777;10240;10228
2300;16780440000;16658466666;16858466666;10240;10228
2301;16780452000;16658466666;16858466666;10240;10228
2302;16780685000;16658466666;16858466666;10240;10228
2303;16780704000;16658466666;16858466666;10240;10228
2304;16780978000;16658466666;16858466666;10240;10228
2305;16780989000;16658466666;16858466666;10240;10228
2306;16781221000;16658466666;16858466666;10240;10228
2307;16781241000;16658466666;16858466666;10240;10228
2308;16781471000;16658466666;16858466666;10240;10228
2309;16781482000;16658466666;16858466666;10240;10228
2310;16822110000;16700100000;16900100000;10240;10228
2311;16822120000;16700100000;16900100000;10240;10228
2312;16822346000;16700100000;16900100000;10240;10228
2313;16822364000;16700100000;16900100000;10240;10228
2314;16822610000;16700100000;16900100000;10240;10228
2315;16822628000;16700100000;16900100000;10240;10228
2316;16822817000;16700100000;16900100000;10240;10228
2317;16822831000;16700100000;16900100000;10240;10228
2318;16823104000;16700100000;16900100000;10240;10228
2319;16823124000;16700100000;16900100000;10240;10228
2320;16823371000;16700100000;16900100000;10240;10228
2321;16863769000;16741777777;16941777777;10240;10228
2322;16863780000;16741777777;16941777777;10240;10228
2323;16864036000;16741777777;16941777777;10240;10228
2324;16864055000;16741777777;16941777777;10240;10228
2325;16864265000;16741777777;16941777777;10240;10228
2326;16864285000;16741777777;16941777777;10240;10228
2327;16864509000;16741777777;16941777777;10240;10228
2328;16864525000;16741777777;16941777777;10240;10228
2329;16864777000;16741777777;16941777777;10240;10228
2330;16864786000;16741777777;16941777777;10240;10228
2331;16864970000;16741777777;16941777777;10240;10228
2332;16905431000;16783500000;16983500000;10240;10228
2333;16905441000;16783500000;16983500000;10240;10228
2334;16905682000;16783500000;16983500000;10240;10228
2335;16905692000;16783500000;16983500000;10240;10228
2336;16905936000;16783500000;16983500000;10240;10228
2337;16905945000;16783500000;16983500000;10240;10228
2338;16906131000;16783500000;16983500000;10240;10228
2339;16906142000;16783500000;16983500000;10240;10228
2340;16906427000;16783500000;16983500000;10240;10228
2341;16906436000;16783500000;16983500000;10240;10228
2342;16906683000;16783500000;16983500000;10240;10228
2343;16947101000;16825111111;17025111111;10240;10228
2344;16947122000;16825111111;17025111111;10240;10228
2345;16947338000;16825111111;17025111111;10240;10228
2346;16947358000;16825111111;17025111111;10240;10228
2347;16947616000;16825111111;17025111111;10240;10228
2348;16947635000;16825111111;17025111111;10240;10228
2349;16947858000;16825111111;17025111111;10240;10228
2353;16947877000;16825111111;17025111111;10240;10228
2354;16988764000;16866755555;17066755555;10240;10228
2355;16988774000;16866755555;17066755555;10240;10228
2356;16989045000;16866755555;17066755555;10240;10228
2357;16989055000;16866755555;17066755555;10240;10228
2358;16989298000;16866755555;17066755555;10240;10228
2359;16989307000;16866755555;17066755555;10240;10228
2360;16989572000;16866755555;17066755555;10240;10228
2361;16989591000;16866755555;17066755555;10240;10228
2362;16989757000;16866755555;17066755555;10240;10228
2363;16989776000;16866755555;17066755555;10240;10228
2364;16990051000;16866755555;17066755555;10240;10228
2365;17030447000;16908488888;17108488888;10240;10228
2366;17030457000;16908488888;17108488888;10240;10228
2367;17030692000;16908488888;17108488888;10240;10228
2368;17030701000;16908488888;17108488888;10240;10228
2369;17030945000;16908488888;17108488888;10240;10228
2370;17030955000;16908488888;17108488888;10240;10228
2371;17031181000;16908488888;17108488888;10240;10228
2372;17031200000;16908488888;17108488888;10240;10228
2373;17031438000;16908488888;17108488888;10240;10228
2375;17031449000;16908488888;17108488888;10240;10228
2376;17072104000;16950122222;17150122222;10240;10228
2377;17072127000;16950122222;17150122222;10240;10228
2378;17072341000;16950122222;17150122222;10240;10228
2379;17072361000;16950122222;17150122222;10240;10228
2380;17072610000;16950122222;17150122222;10240;10228
2381;17072630000;16950122222;17150122222;10240;10228
2382;17072805000;16950122222;17150122222;10240;10228
2383;17072850000;16950122222;17150122222;10240;10228
2384;17073098000;16950122222;17150122222;10240;10228
2385;17073119000;16950122222;17150122222;10240;10228
2387;17113769000;16991755555;17191755555;10240;10228
2388;17113790000;16991755555;17191755555;10240;10228
2389;17114018000;16991755555;17191755555;10240;10228
2390;17114028000;16991755555;17191755555;10240;10228
2391;17114262000;16991755555;17191755555;10240;10228
2392;17114290000;16991755555;17191755555;10240;10228
2393;17114506000;16991755555;17191755555;10240;10228
2394;17114524000;16991755555;17191755555;10240;10228
2395;17114727000;16991755555;17191755555;10240;10228
2396;17114746000;16991755555;17191755555;10240;10228
2397;17114970000;16991755555;17191755555;10240;10228
2400;17155477000;17033477777;17233477777;10240;10228
2401;17155489000;17033477777;17233477777;10240;10228
2402;17155731000;17033477777;17233477777;10240;10228
2403;17155742000;17033477777;17233477777;10240;10228
2405;17155973000;17033477777;17233477777;10240;10228
2406;17155984000;17033477777;17233477777;10240;10228
2407;17156222000;17033477777;17233477777;10240;10228
2408;17156242000;17033477777;17233477777;10240;10228
2409;17197099000;17075122222;17275122222;10240;10228
2410;17197109000;17075122222;17275122222;10240;10228
2411;17197334000;17075122222;17275122222;10240;10228
2412;17197353000;17075122222;17275122222;10240;10228
2413;17197618000;17075122222;17275122222;10240;10228
2414;17197636000;17075122222;17275122222;10240;10228
2415;17197842000;17075122222;17275122222;10240;10228
2416;17197851000;17075122222;17275122222;10240;10228
2417;17198046000;17075122222;17275122222;10240;10228
2418;17198055000;17075122222;17275122222;10240;10228
2419;17198333000;17075122222;17275122222;10240;10228
2420;17238774000;17116755555;17316755555;10240;10228
2421;17238784000;17116755555;17316755555;10240;10228
2422;17239027000;17116755555;17316755555;10240;10228
2423;17239048000;17116755555;17316755555;10240;10228
2424;17239265000;17116755555;17316755555;10240;10228
2425;17239284000;17116755555;17316755555;10240;10228
2426;17239520000;17116755555;17316755555;10240;10228
2427;17239539000;17116755555;17316755555;10240;10228
2428;17239779000;17116755555;17316755555;10240;10228
2429;17239788000;17116755555;17316755555;10240;10228
2430;17240028000;17116755555;17316755555;10240;10228
2431;17280419000;17158477777;17358477777;10240;10228
2432;17280439000;17158477777;17358477777;10240;10228
2435;17280645000;17158477777;17358477777;10240;10228
2436;17280663000;17158477777;17358477777;10240;10228
2437;17280943000;17158477777;17358477777;10240;10228
2438;17280963000;17158477777;17358477777;10240;10228
2439;17281177000;17158477777;17358477777;10240;10228
2440;17281197000;17158477777;17358477777;10240;10228
2441;17281432000;17158477777;17358477777;10240;10228
2442;17322106000;17200111111;17400111111;10240;10228
2443;17322127000;17200111111;17400111111;10240;10228
2444;17322341000;17200111111;17400111111;10240;10228
2445;17322360000;17200111111;17400111111;10240;10228
2446;17322618000;17200111111;17400111111;10240;10228
2447;17322628000;17200111111;17400111111;10240;10228
2448;17322851000;17200111111;17400111111;10240;10228
2449;17322870000;17200111111;17400111111;10240;10228
2450;17323057000;17200111111;17400111111;10240;10228
2451;17323065000;17200111111;17400111111;10240;10228
2452;17323353000;17200111111;17400111111;10240;10228
2453;17363769000;17241766666;17441766666;10240;10228
2454;17363780000;17241766666;17441766666;10240;10228
2455;17364020000;17241766666;17441766666;10240;10228
2456;17364041000;17241766666;17441766666;10240;10228
2457;17364263000;17241766666;17441766666;10240;10228
2458;17364283000;17241766666;17441766666;10240;10228
2459;17364508000;17241766666;17441766666;10240;10228
2461;17364526000;17241766666;17441766666;10240;10228
2462;17364775000;17241766666;17441766666;10240;10228
2463;17364784000;17241766666;17441766666;10240;10228
2464;17405440000;17283500000;17483500000;10240;10228
2465;17405449000;17283500000;17483500000;10240;10228
2466;17405688000;17283500000;17483500000;10240;10228
2467;17405697000;17283500000;17483500000;10240;10228
2468;17405933000;17283500000;17483500000;10240;10228
2469;17405942000;17283500000;17483500000;10240;10228
2470;17406138000;17283500000;17483500000;10240;10228
2471;17406143000;17283500000;17483500000;10240;10228
2472;17406384000;17283500000;17483500000;10240;10228
2473;17406394000;17283500000;17483500000;10240;10228
2474;17406685000;17283500000;17483500000;10240;10228
2475;17447098000;17325100000;17525100000;10240;10228
2476;17447107000;17325100000;17525100000;10240;10228
2477;17447333000;17325100000;17525100000;10240;10228
2478;17447352000;17325100000;17525100000;10240;10228
2479;17447618000;17325100000;17525100000;10240;10228
2480;17447636000;17325100000;17525100000;10240;10228
2481;17447845000;17325100000;17525100000;10240;10228
2482;17447854000;17325100000;17525100000;10240;10228
2483;17448093000;17325100000;17525100000;10240;10228
2484;17448111000;17325100000;17525100000;10240;10228
2485;17448331000;17325100000;17525100000;10240;10228
2486;17488771000;17366733333;17566733333;10240;10228
2487;17488782000;17366733333;17566733333;10240;10228
2488;17489025000;17366733333;17566733333;10240;10228
2489;17489035000;17366733333;17566733333;10240;10228
2490;17489221000;17366733333;17566733333;10240;10228
2491;17489229000;17366733333;17566733333;10240;10228
2492;17489521000;17366733333;17566733333;10240;10228
2494;17489540000;17366733333;17566733333;10240;10228
2495;17489776000;17366733333;17566733333;10240;10228
2496;17489785000;17366733333;17566733333;10240;10228
2497;17530438000;17408466666;17608466666;10240;10228
2498;17530449000;17408466666;17608466666;10240;10228
2499;17530688000;17408466666;17608466666;10240;10228
2500;17530699000;17408466666;17608466666;10240;10228
2501;17530934000;17408466666;17608466666;10240;10228
2502;17530956000;17408466666;17608466666;10240;10228
2503;17531183000;17408466666;17608466666;10240;10228
2504;17531203000;17408466666;17608466666;10240;10228
2505;17531389000;17408466666;17608466666;10240;10228
2506;17531400000;17408466666;17608466666;10240;10228
2507;17531689000;17408466666;17608466666;10240;10228
2508;17572095000;17450122222;17650122222;10240;10228
2509;17572114000;17450122222;17650122222;10240;10228
2510;17572330000;17450122222;17650122222;10240;10228
2511;17572350000;17450122222;17650122222;10240;10228
2512;17572616000;17450122222;17650122222;10240;10228
2513;17572636000;17450122222;17650122222;10240;10228
2514;17572839000;17450122222;17650122222;10240;10228
2515;17572850000;17450122222;17650122222;10240;10228
2516;17573088000;17450122222;17650122222;10240;10228
2517;17573109000;17450122222;17650122222;10240;10228
2518;17573330000;17450122222;17650122222;10240;10228
2519;17613799000;17491777777;17691777777;10240;10228
2520;17613818000;17491777777;17691777777;10240;10228
2521;17614033000;17491777777;17691777777;10240;10228
2522;17614053000;17491777777;17691777777;10240;10228
2523;17614242000;17491777777;17691777777;10240;10228
2524;17614251000;17491777777;17691777777;10240;10228
2525;17614546000;17491777777;17691777777;10240;10228
2526;17614566000;17491777777;17691777777;10240;10228
2527;17614795000;17491777777;17691777777;10240;10228
2528;17614807000;17491777777;17691777777;10240;10228
2529;17614811000;17491777777;17691777777;10240;10228
2530;17655442000;17533500000;17733500000;10240;10228
2531;17655451000;17533500000;17733500000;10240;10228
2532;17655690000;17533500000;17733500000;10240;10228
2536;17655708000;17533500000;17733500000;10240;10228
2537;17655950000;17533500000;17733500000;10240;10228
2538;17655959000;17533500000;17733500000;10240;10228
2540;17656194000;17533500000;17733500000;10240;10228
2541;17697085000;17575111111;17775111111;10240;10228
2542;17697106000;17575111111;17775111111;10240;10228
2543;17697368000;17575111111;17775111111;10240;10228
2544;17697388000;17575111111;17775111111;10240;10228
2547;17697622000;17575111111;17775111111;10240;10228
2548;17697631000;17575111111;17775111111;10240;10228
2549;17697878000;17575111111;17775111111;10240;10228
2550;17697888000;17575111111;17775111111;10240;10228
2551;17698073000;17575111111;17775111111;10240;10228
2552;17738741000;17616766666;17816766666;10240;10228
2553;17738761000;17616766666;17816766666;10240;10228
2554;17739031000;17616766666;17816766666;10240;10228
2555;17739052000;17616766666;17816766666;10240;10228
2556;17739272000;17616766666;17816766666;10240;10228
2557;17739292000;17616766666;17816766666;10240;10228
2558;17739528000;17616766666;17816766666;10240;10228
2559;17739539000;17616766666;17816766666;10240;10228
2560;17739788000;17616766666;17816766666;10240;10228
2561;17739797000;17616766666;17816766666;10240;10228
2563;17780451000;17658466666;17858466666;10240;10228
2564;17780461000;17658466666;17858466666;10240;10228
2565;17780699000;17658466666;17858466666;10240;10228
2566;17780708000;17658466666;17858466666;10240;10228
2567;17780943000;17658466666;17858466666;10240;10228
2568;17780952000;17658466666;17858466666;10240;10228
2569;17781186000;17658466666;17858466666;10240;10228
2570;17781205000;17658466666;17858466666;10240;10228
2571;17781442000;17658466666;17858466666;10240;10228
2572;17781453000;17658466666;17858466666;10240;10228
2574;17822098000;17700122222;17900122222;10240;10228
2575;17822120000;17700122222;17900122222;10240;10228
2576;17822337000;17700122222;17900122222;10240;10228
2577;17822358000;17700122222;17900122222;10240;10228
2578;17822608000;17700122222;17900122222;10240;10228
2579;17822628000;17700122222;17900122222;10240;10228
2581;17822806000;17700122222;17900122222;10240;10228
2582;17822822000;17700122222;17900122222;10240;10228
2583;17823055000;17700122222;17900122222;10240;10228
2584;17823073000;17700122222;17900122222;10240;10228
2585;17863769000;17741755555;17941755555;10240;10228
2586;17863780000;17741755555;17941755555;10240;10228
2587;17864024000;17741755555;17941755555;10240;10228
2588;17864033000;17741755555;17941755555;10240;10228
2589;17864264000;17741755555;17941755555;10240;10228
2591;17864283000;17741755555;17941755555;10240;10228
2592;17864510000;17741755555;17941755555;10240;10228
2593;17864547000;17741755555;17941755555;10240;10228
2594;17864775000;17741755555;17941755555;10240;10228
2595;17864785000;17741755555;17941755555;10240;10228
2596;17905436000;17783477777;17983477777;10240;10228
2597;17905446000;17783477777;17983477777;10240;10228
2598;17905711000;17783477777;17983477777;10240;10228
2599;17905722000;17783477777;17983477777;10240;10228
2600;17905969000;17783477777;17983477777;10240;10228
2601;17905990000;17783477777;17983477777;10240;10228
2602;17906168000;17783477777;17983477777;10240;10228
2603;17906179000;17783477777;17983477777;10240;10228
2604;17906490000;17783477777;17983477777;10240;10228
2605;17906501000;17783477777;17983477777;10240;10228
2606;17906506000;17783477777;17983477777;10240;10228
2607;17947095000;17825111111;18025111111;10240;10228
2608;17947105000;17825111111;18025111111;10240;10228
2609;17947331000;17825111111;18025111111;10240;10228
2610;17947350000;17825111111;18025111111;10240;10228
2611;17947617000;17825111111;18025111111;10240;10228
2612;17947636000;17825111111;18025111111;10240;10228
2613;17947887000;17825111111;18025111111;10240;10228
2614;17947907000;17825111111;18025111111;10240;10228
2615;17948138000;17825111111;18025111111;10240;10228
2616;17948159000;17825111111;18025111111;10240;10228
2617;17948389000;17825111111;18025111111;10240;10228
2618;17988825000;17866744444;18066744444;10240;10228
2619;17988843000;17866744444;18066744444;10240;10228
2620;17989076000;17866744444;18066744444;10240;10228
2621;17989095000;17866744444;18066744444;10240;10228
2622;17989251000;17866744444;18066744444;10240;10228
2623;17989261000;17866744444;18066744444;10240;10228
2625;17989532000;17866744444;18066744444;10240;10228
2626;17989552000;17866744444;18066744444;10240;10228
2627;17989826000;17866744444;18066744444;10240;10228
2628;17989846000;17866744444;18066744444;10240;10228
2629;18030427000;17908477777;18108477777;10240;10228
2630;18030439000;17908477777;18108477777;10240;10228
2631;18030676000;17908477777;18108477777;10240;10228
2632;18030687000;17908477777;18108477777;10240;10228
2633;18030925000;17908477777;18108477777;10240;10228
2634;18030947000;17908477777;18108477777;10240;10228
2635;18031170000;17908477777;18108477777;10240;10228
2636;18031190000;17908477777;18108477777;10240;10228
2637;18031420000;17908477777;18108477777;10240;10228
2638;18031431000;17908477777;18108477777;10240;10228
2639;18031677000;17908477777;18108477777;10240;10228
2640;18072069000;17950100000;18150100000;10240;10228
2641;18072082000;17950100000;18150100000;10240;10228
2642;18072332000;17950100000;18150100000;10240;10228
2643;18072353000;17950100000;18150100000;10240;10228
2644;18072552000;17950100000;18150100000;10240;10228
2645;18072564000;17950100000;18150100000;10240;10228
2646;18072841000;17950100000;18150100000;10240;10228
2647;18072853000;17950100000;18150100000;10240;10228
2648;18073085000;17950100000;18150100000;10240;10228
2649;18073106000;17950100000;18150100000;10240;10228
2650;18073334000;17950100000;18150100000;10240;10228
2651;18113775000;17991744444;18191744444;10240;10228
2652;18113786000;17991744444;18191744444;10240;10228
2653;18114025000;17991744444;18191744444;10240;10228
2654;18114047000;17991744444;18191744444;10240;10228
2655;18114269000;17991744444;18191744444;10240;10228
2656;18114290000;17991744444;18191744444;10240;10228
2657;18114538000;17991744444;18191744444;10240;10228
2658;18114572000;17991744444;18191744444;10240;10228
2659;18114753000;17991744444;18191744444;10240;10228
2660;18114775000;17991744444;18191744444;10240;10228
2661;18115030000;17991744444;18191744444;10240;10228
2662;18155456000;18033455555;18233455555;10240;10228
2663;18155467000;18033455555;18233455555;10240;10228
2664;18155695000;18033455555;18233455555;10240;10228
2665;18155715000;18033455555;18233455555;10240;10228
2666;18155945000;18033455555;18233455555;10240;10228
2668;18155967000;18033455555;18233455555;10240;10228
2669;18156190000;18033455555;18233455555;10240;10228
2672;18156211000;18033455555;18233455555;10240;10228
2673;18197100000;18075066666;18275066666;10240;10228
2674;18197122000;18075066666;18275066666;10240;10228
2675;18197344000;18075066666;18275066666;10240;10228
2677;18197365000;18075066666;18275066666;10240;10228
2678;18197612000;18075066666;18275066666;10240;10228
2679;18197623000;18075066666;18275066666;10240;10228
2680;18197851000;18075066666;18275066666;10240;10228
2682;18197862000;18075066666;18275066666;10240;10228
2683;18198071000;18075066666;18275066666;10240;10228
2684;18238746000;18116733333;18316733333;10240;10228
2685;18239022000;18116733333;18316733333;10240;10228
2686;18239032000;18116733333;18316733333;10240;10228
2687;18239037000;18116733333;18316733333;10240;10228
2688;18239264000;18116733333;18316733333;10240;10228
2689;18239286000;18116733333;18316733333;10240;10228
2690;18239521000;18116733333;18316733333;10240;10228
2691;18239542000;18116733333;18316733333;10240;10228
2692;18239748000;18116733333;18316733333;10240;10228
2693;18239769000;18116733333;18316733333;10240;10228
2694;18240024000;18116733333;18316733333;10240;10228
2695;18280411000;18158455555;18358455555;10240;10228
2696;18280422000;18158455555;18358455555;10240;10228
2697;18280671000;18158455555;18358455555;10240;10228
2698;18280683000;18158455555;18358455555;10240;10228
2699;18280922000;18158455555;18358455555;10240;10228
2700;18280944000;18158455555;18358455555;10240;10228
2701;18281166000;18158455555;18358455555;10240;10228
2702;18281187000;18158455555;18358455555;10240;10228
2703;18281417000;18158455555;18358455555;10240;10228
2704;18281429000;18158455555;18358455555;10240;10228
2705;18281650000;18158455555;18358455555;10240;10228
2706;18322096000;18200088888;18400088888;10240;10228
2707;18322107000;18200088888;18400088888;10240;10228
2708;18322339000;18200088888;18400088888;10240;10228
2709;18322360000;18200088888;18400088888;10240;10228
2712;18322609000;18200088888;18400088888;10240;10228
2713;18322623000;18200088888;18400088888;10240;10228
2714;18322835000;18200088888;18400088888;10240;10228
2715;18322866000;18200088888;18400088888;10240;10228
2716;18323099000;18200088888;18400088888;10240;10228
2717;18363778000;18241755555;18441755555;10240;10228
2718;18363788000;18241755555;18441755555;10240;10228
2719;18364027000;18241755555;18441755555;10240;10228
2720;18364037000;18241755555;18441755555;10240;10228
2721;18364269000;18241755555;18441755555;10240;10228
2722;18364290000;18241755555;18441755555;10240;10228
2723;18364538000;18241755555;18441755555;10240;10228
2724;18364563000;18241755555;18441755555;10240;10228
2725;18364777000;18241755555;18441755555;10240;10228
2726;18364806000;18241755555;18441755555;10240;10228
2727;18365026000;18241755555;18441755555;10240;10228
2728;18405428000;18283455555;18483455555;10240;10228
2729;18405439000;18283455555;18483455555;10240;10228
2730;18405675000;18283455555;18483455555;10240;10228
2731;18405685000;18283455555;18483455555;10240;10228
2732;18405900000;18283455555;18483455555;10240;10228
2733;18405920000;18283455555;18483455555;10240;10228
2734;18406167000;18283455555;18483455555;10240;10228
2735;18406187000;18283455555;18483455555;10240;10228
2736;18406417000;18283455555;18483455555;10240;10228
2737;18406429000;18283455555;18483455555;10240;10228
2738;18406674000;18283455555;18483455555;10240;10228
2739;18447104000;18325077777;18525077777;10240;10228
2740;18447114000;18325077777;18525077777;10240;10228
2741;18447345000;18325077777;18525077777;10240;10228
2742;18447355000;18325077777;18525077777;10240;10228
2743;18447577000;18325077777;18525077777;10240;10228
2744;18447596000;18325077777;18525077777;10240;10228
2745;18447852000;18325077777;18525077777;10240;10228
2746;18447862000;18325077777;18525077777;10240;10228
2747;18448070000;18325077777;18525077777;10240;10228
2748;18448084000;18325077777;18525077777;10240;10228
2749;18448344000;18325077777;18525077777;10240;10228
2750;18488779000;18366722222;18566722222;10240;10228
2752;18488798000;18366722222;18566722222;10240;10228
2753;18489027000;18366722222;18566722222;10240;10228
2754;18489037000;18366722222;18566722222;10240;10228
2755;18489262000;18366722222;18566722222;10240;10228
2756;18489267000;18366722222;18566722222;10240;10228
2758;18489517000;18366722222;18566722222;10240;10228
2759;18489535000;18366722222;18566722222;10240;10228
2760;18489779000;18366722222;18566722222;10240;10228
2761;18530432000;18408444444;18608444444;10240;10228
2762;18530444000;18408444444;18608444444;10240;10228
2763;18530666000;18408444444;18608444444;10240;10228
2764;18530677000;18408444444;18608444444;10240;10228
2765;18530960000;18408444444;18608444444;10240;10228
2766;18530979000;18408444444;18608444444;10240;10228
2767;18531202000;18408444444;18608444444;10240;10228
2768;18531220000;18408444444;18608444444;10240;10228
2771;18531450000;18408444444;18608444444;10240;10228
2772;18572143000;18450088888;18650088888;10240;10228
2773;18572163000;18450088888;18650088888;10240;10228
2774;18572363000;18450088888;18650088888;10240;10228
2775;18572385000;18450088888;18650088888;10240;10228
2776;18572599000;18450088888;18650088888;10240;10228
2777;18572619000;18450088888;18650088888;10240;10228
2778;18572891000;18450088888;18650088888;10240;10228
2779;18572911000;18450088888;18650088888;10240;10228
2780;18573152000;18450088888;18650088888;10240;10228
2783;18613819000;18491744444;18691744444;10240;10228
2784;18613839000;18491744444;18691744444;10240;10228
2785;18614068000;18491744444;18691744444;10240;10228
2786;18614089000;18491744444;18691744444;10240;10228
2787;18614295000;18491744444;18691744444;10240;10228
2788;18614317000;18491744444;18691744444;10240;10228
2789;18614525000;18491744444;18691744444;10240;10228
2790;18614545000;18491744444;18691744444;10240;10228
2791;18614743000;18491744444;18691744444;10240;10228
2792;18614812000;18491744444;18691744444;10240;10228
2793;18615040000;18491744444;18691744444;10240;10228
2794;18655417000;18533466666;18733466666;10240;10228
2795;18655670000;18533466666;18733466666;10240;10228
2796;18655679000;18533466666;18733466666;10240;10228
2797;18655685000;18533466666;18733466666;10240;10228
2798;18655915000;18533466666;18733466666;10240;10228
2799;18655927000;18533466666;18733466666;10240;10228
2800;18656159000;18533466666;18733466666;10240;10228
2801;18656180000;18533466666;18733466666;10240;10228
2802;18656409000;18533466666;18733466666;10240;10228
2803;18656421000;18533466666;18733466666;10240;10228
2804;18656665000;18533466666;18733466666;10240;10228
2805;18697099000;18575100000;18775100000;10240;10228
2806;18697120000;18575100000;18775100000;10240;10228
2807;18697342000;18575100000;18775100000;10240;10228
2808;18697363000;18575100000;18775100000;10240;10228
2809;18697590000;18575100000;18775100000;10240;10228
2810;18697606000;18575100000;18775100000;10240;10228
2811;18697825000;18575100000;18775100000;10240;10228
2812;18697895000;18575100000;18775100000;10240;10228
2813;18698093000;18575100000;18775100000;10240;10228
2814;18698115000;18575100000;18775100000;10240;10228
2815;18698342000;18575100000;18775100000;10240;10228
2816;18738775000;18616755555;18816755555;10240;10228
2817;18738787000;18616755555;18816755555;10240;10228
2818;18739024000;18616755555;18816755555;10240;10228
2820;18739035000;18616755555;18816755555;10240;10228
2821;18739287000;18616755555;18816755555;10240;10228
2822;18739308000;18616755555;18816755555;10240;10228
2823;18739494000;18616755555;18816755555;10240;10228
2824;18739506000;18616755555;18816755555;10240;10228
2825;18739751000;18616755555;18816755555;10240;10228
2826;18739771000;18616755555;18816755555;10240;10228
2827;18780486000;18658444444;18858444444;10240;10228
2829;18780498000;18658444444;18858444444;10240;10228
2830;18780732000;18658444444;18858444444;10240;10228
2831;18780753000;18658444444;18858444444;10240;10228
2832;18780958000;18658444444;18858444444;10240;10228
2833;18780978000;18658444444;18858444444;10240;10228
2837;18781230000;18658444444;18858444444;10240;10228
2838;18822101000;18700077777;18900077777;10240;10228
2839;18822123000;18700077777;18900077777;10240;10228
2840;18822344000;18700077777;18900077777;10240;10228
2841;18822366000;18700077777;18900077777;10240;10228
2842;18822613000;18700077777;18900077777;10240;10228
2843;18822625000;18700077777;18900077777;10240;10228
2844;18822852000;18700077777;18900077777;10240;10228
2845;18822863000;18700077777;18900077777;10240;10228
2846;18823071000;18700077777;18900077777;10240;10228
2847;18823081000;18700077777;18900077777;10240;10228
2848;18823320000;18700077777;18900077777;10240;10228
2849;18863775000;18741755555;18941755555;10240;10228
2850;18863796000;18741755555;18941755555;10240;10228
2851;18864025000;18741755555;18941755555;10240;10228
2852;18864036000;18741755555;18941755555;10240;10228
2853;18864269000;18741755555;18941755555;10240;10228
2854;18864290000;18741755555;18941755555;10240;10228
2855;18864537000;18741755555;18941755555;10240;10228
2856;18864564000;18741755555;18941755555;10240;10228
2857;18864777000;18741755555;18941755555;10240;10228
2859;18864798000;18741755555;18941755555;10240;10228
2860;18905447000;18783466666;18983466666;10240;10228
2861;18905458000;18783466666;18983466666;10240;10228
2862;18905697000;18783466666;18983466666;10240;10228
2864;18905708000;18783466666;18983466666;10240;10228
2865;18905952000;18783466666;18983466666;10240;10228
2866;18905972000;18783466666;18983466666;10240;10228
2867;18906168000;18783466666;18983466666;10240;10228
2868;18906177000;18783466666;18983466666;10240;10228
2869;18906418000;18783466666;18983466666;10240;10228
2870;18906427000;18783466666;18983466666;10240;10228
2871;18947102000;18825100000;19025100000;10240;10228
2872;18947122000;18825100000;19025100000;10240;10228
2873;18947345000;18825100000;19025100000;10240;10228
2874;18947364000;18825100000;19025100000;10240;10228
2875;18947612000;18825100000;19025100000;10240;10228
2876;18947623000;18825100000;19025100000;10240;10228
2877;18947851000;18825100000;19025100000;10240;10228
2879;18947863000;18825100000;19025100000;10240;10228
2880;18948094000;18825100000;19025100000;10240;10228
2881;18948115000;18825100000;19025100000;10240;10228
2882;18988774000;18866733333;19066733333;10240;10228
2883;18988786000;18866733333;19066733333;10240;10228
2884;18989024000;18866733333;19066733333;10240;10228
2885;18989035000;18866733333;19066733333;10240;10228
2886;18989268000;18866733333;19066733333;10240;10228
2890;18989290000;18866733333;19066733333;10240;10228
2891;18989494000;18866733333;19066733333;10240;10228
2893;19030432000;18908466666;19108466666;10240;10228
2894;19030444000;18908466666;19108466666;10240;10228
2895;19030681000;18908466666;19108466666;10240;10228
2897;19030693000;18908466666;19108466666;10240;10228
2898;19030933000;18908466666;19108466666;10240;10228
2899;19030944000;18908466666;19108466666;10240;10228
2900;19031176000;18908466666;19108466666;10240;10228
2901;19031198000;18908466666;19108466666;10240;10228
2902;19031426000;18908466666;19108466666;10240;10228
2903;19031438000;18908466666;19108466666;10240;10228
2905;19072118000;18950088888;19150088888;10240;10228
2906;19072141000;18950088888;19150088888;10240;10228
2907;19072360000;18950088888;19150088888;10240;10228
2908;19072380000;18950088888;19150088888;10240;10228
2909;19072617000;18950088888;19150088888;10240;10228
2910;19072628000;18950088888;19150088888;10240;10228
2911;19072844000;18950088888;19150088888;10240;10228
2912;19072863000;18950088888;19150088888;10240;10228
2913;19073123000;18950088888;19150088888;10240;10228
2915;19113816000;18991733333;19191733333;10240;10228
2916;19113837000;18991733333;19191733333;10240;10228
2917;19114066000;18991733333;19191733333;10240;10228
2918;19114087000;18991733333;19191733333;10240;10228
2919;19114312000;18991733333;19191733333;10240;10228
2920;19114323000;18991733333;19191733333;10240;10228
2921;19114549000;18991733333;19191733333;10240;10228
2922;19114569000;18991733333;19191733333;10240;10228
2923;19114829000;18991733333;19191733333;10240;10228
2924;19114851000;18991733333;19191733333;10240;10228
2925;19114987000;18991733333;19191733333;10240;10228
2926;19155499000;19033444444;19233444444;10240;10228
2927;19155510000;19033444444;19233444444;10240;10228
2928;19155749000;19033444444;19233444444;10240;10228
2929;19155769000;19033444444;19233444444;10240;10228
2931;19155995000;19033444444;19233444444;10240;10228
2933;19156016000;19033444444;19233444444;10240;10228
2934;19156233000;19033444444;19233444444;10240;10228
2936;19156254000;19033444444;19233444444;10240;10228
2937;19197154000;19075055555;19275055555;10240;10228
2938;19197176000;19075055555;19275055555;10240;10228
2939;19197379000;19075055555;19275055555;10240;10228
2940;19197389000;19075055555;19275055555;10240;10228
2942;19197655000;19075055555;19275055555;10240;10228
2943;19197674000;19075055555;19275055555;10240;10228
2945;19197908000;19075055555;19275055555;10240;10228
2946;19197929000;19075055555;19275055555;10240;10228
2947;19198080000;19075055555;19275055555;10240;10228
2948;19238779000;19116722222;19316722222;10240;10228
2949;19238791000;19116722222;19316722222;10240;10228
2950;19239025000;19116722222;19316722222;10240;10228
2951;19239037000;19116722222;19316722222;10240;10228
2952;19239269000;19116722222;19316722222;10240;10228
2953;19239289000;19116722222;19316722222;10240;10228
2954;19239553000;19116722222;19316722222;10240;10228
2955;19239564000;19116722222;19316722222;10240;10228
2956;19239783000;19116722222;19316722222;10240;10228
2957;19239793000;19116722222;19316722222;10240;10228
2958;19240032000;19116722222;19316722222;10240;10228
2959;19280464000;19158455555;19358455555;10240;10228
2960;19280489000;19158455555;19358455555;10240;10228
2961;19280715000;19158455555;19358455555;10240;10228
2962;19280739000;19158455555;19358455555;10240;10228
2963;19280950000;19158455555;19358455555;10240;10228
2964;19280956000;19158455555;19358455555;10240;10228
2965;19281201000;19158455555;19358455555;10240;10228
2966;19281206000;19158455555;19358455555;10240;10228
2967;19281458000;19158455555;19358455555;10240;10228
2968;19281469000;19158455555;19358455555;10240;10228
2969;19281709000;19158455555;19358455555;10240;10228
2970;19322101000;19200100000;19400100000;10240;10228
2971;19322122000;19200100000;19400100000;10240;10228
2972;19322341000;19200100000;19400100000;10240;10228
2973;19322362000;19200100000;19400100000;10240;10228
2974;19322614000;19200100000;19400100000;10240;10228
2975;19322625000;19200100000;19400100000;10240;10228
2976;19322850000;19200100000;19400100000;10240;10228
2977;19322870000;19200100000;19400100000;10240;10228
2978;19323100000;19200100000;19400100000;10240;10228
2979;19323120000;19200100000;19400100000;10240;10228
2980;19323370000;19200100000;19400100000;10240;10228
2982;19363772000;19241744444;19441744444;10240;10228
2983;19363793000;19241744444;19441744444;10240;10228
2984;19364044000;19241744444;19441744444;10240;10228
2985;19364073000;19241744444;19441744444;10240;10228
2986;19364264000;19241744444;19441744444;10240;10228
2987;19364285000;19241744444;19441744444;10240;10228
2988;19364507000;19241744444;19441744444;10240;10228
2989;19364536000;19241744444;19441744444;10240;10228
2991;19364771000;19241744444;19441744444;10240;10228
2992;19405435000;19283444444;19483444444;10240;10228
2993;19405447000;19283444444;19483444444;10240;10228
2994;19405685000;19283444444;19483444444;10240;10228
2995;19405696000;19283444444;19483444444;10240;10228
2996;19405931000;19283444444;19483444444;10240;10228
2997;19405952000;19283444444;19483444444;10240;10228
2998;19406173000;19283444444;19483444444;10240;10228
2999;19406193000;19283444444;19483444444;10240;10228
3000;19406429000;19283444444;19483444444;10240;10228
3001;19406440000;19283444444;19483444444;10240;10228
3002;19406686000;19283444444;19483444444;10240;10228
3003;19447110000;19325066666;19525066666;10240;10228
3004;19447120000;19325066666;19525066666;10240;10228
3005;19447346000;19325066666;19525066666;10240;10228
3006;19447366000;19325066666;19525066666;10240;10228
3007;19447575000;19325066666;19525066666;10240;10228
3009;19447595000;19325066666;19525066666;10240;10228
3010;19447902000;19325066666;19525066666;10240;10228
3011;19447922000;19325066666;19525066666;10240;10228
3012;19448155000;19325066666;19525066666;10240;10228
3013;19448176000;19325066666;19525066666;10240;10228
3014;19488820000;19366700000;19566700000;10240;10228
3015;19488840000;19366700000;19566700000;10240;10228
3016;19489067000;19366700000;19566700000;10240;10228
3017;19489088000;19366700000;19566700000;10240;10228
3018;19489305000;19366700000;19566700000;10240;10228
3019;19489315000;19366700000;19566700000;10240;10228
3020;19489553000;19366700000;19566700000;10240;10228
3021;19489574000;19366700000;19566700000;10240;10228
3022;19489822000;19366700000;19566700000;10240;10228
3023;19489840000;19366700000;19566700000;10240;10228
3025;19530487000;19408455555;19608455555;10240;10228
3026;19530497000;19408455555;19608455555;10240;10228
3027;19530738000;19408455555;19608455555;10240;10228
3028;19530756000;19408455555;19608455555;10240;10228
3029;19530984000;19408455555;19608455555;10240;10228
3030;19531004000;19408455555;19608455555;10240;10228
3031;19531157000;19408455555;19608455555;10240;10228
3032;19531175000;19408455555;19608455555;10240;10228
3033;19531461000;19408455555;19608455555;10240;10228
3034;19531467000;19408455555;19608455555;10240;10228
3035;19531694000;19408455555;19608455555;10240;10228
3036;19572093000;19450088888;19650088888;10240;10228
3037;19572115000;19450088888;19650088888;10240;10228
3038;19572332000;19450088888;19650088888;10240;10228
3039;19572354000;19450088888;19650088888;10240;10228
3042;19572655000;19450088888;19650088888;10240;10228
3043;19572666000;19450088888;19650088888;10240;10228
3044;19572890000;19450088888;19650088888;10240;10228
3045;19572910000;19450088888;19650088888;10240;10228
3046;19573150000;19450088888;19650088888;10240;10228
3047;19613835000;19491733333;19691733333;10240;10228
3048;19613855000;19491733333;19691733333;10240;10228
3049;19614080000;19491733333;19691733333;10240;10228
3050;19614101000;19491733333;19691733333;10240;10228
3051;19614304000;19491733333;19691733333;10240;10228
3054;19614325000;19491733333;19691733333;10240;10228
3055;19614561000;19491733333;19691733333;10240;10228
3056;19614581000;19491733333;19691733333;10240;10228
3058;19655451000;19533455555;19733455555;10240;10228
3059;19655463000;19533455555;19733455555;10240;10228
3060;19655739000;19533455555;19733455555;10240;10228
3061;19655759000;19533455555;19733455555;10240;10228
3062;19655988000;19533455555;19733455555;10240;10228
3063;19656007000;19533455555;19733455555;10240;10228
3064;19656219000;19533455555;19733455555;10240;10228
3065;19656238000;19533455555;19733455555;10240;10228
3067;19656475000;19533455555;19733455555;10240;10228
3069;19697139000;19575088888;19775088888;10240;10228
3070;19697161000;19575088888;19775088888;10240;10228
3071;19697372000;19575088888;19775088888;10240;10228
3072;19697391000;19575088888;19775088888;10240;10228
3073;19697594000;19575088888;19775088888;10240;10228
3074;19697604000;19575088888;19775088888;10240;10228
3075;19697884000;19575088888;19775088888;10240;10228
3076;19697904000;19575088888;19775088888;10240;10228
3077;19698108000;19575088888;19775088888;10240;10228
3079;19698127000;19575088888;19775088888;10240;10228
3080;19738779000;19616755555;19816755555;10240;10228
3081;19738789000;19616755555;19816755555;10240;10228
3082;19739027000;19616755555;19816755555;10240;10228
3083;19739046000;19616755555;19816755555;10240;10228
3084;19739270000;19616755555;19816755555;10240;10228
3085;19739289000;19616755555;19816755555;10240;10228
3086;19739528000;19616755555;19816755555;10240;10228
3087;19739546000;19616755555;19816755555;10240;10228
3088;19739774000;19616755555;19816755555;10240;10228
3089;19739785000;19616755555;19816755555;10240;10228
3090;19740028000;19616755555;19816755555;10240;10228
3091;19780475000;19658433333;19858433333;10240;10228
3092;19780486000;19658433333;19858433333;10240;10228
3093;19780728000;19658433333;19858433333;10240;10228
3094;19780746000;19658433333;19858433333;10240;10228
3095;19781003000;19658433333;19858433333;10240;10228
3096;19781021000;19658433333;19858433333;10240;10228
3097;19781194000;19658433333;19858433333;10240;10228
3098;19781199000;19658433333;19858433333;10240;10228
3099;19781435000;19658433333;19858433333;10240;10228
3100;19781440000;19658433333;19858433333;10240;10228
3101;19781674000;19658433333;19858433333;10240;10228
3102;19822144000;19700055555;19900055555;10240;10228
3104;19822166000;19700055555;19900055555;10240;10228
3105;19822373000;19700055555;19900055555;10240;10228
3106;19822382000;19700055555;19900055555;10240;10228
3107;19822653000;19700055555;19900055555;10240;10228
3108;19822672000;19700055555;19900055555;10240;10228
3109;19822892000;19700055555;19900055555;10240;10228
3110;19822910000;19700055555;19900055555;10240;10228
3111;19823141000;19700055555;19900055555;10240;10228
3112;19823150000;19700055555;19900055555;10240;10228
3113;19863747000;19741733333;19941733333;10240;10228
3114;19864030000;19741733333;19941733333;10240;10228
3115;19864043000;19741733333;19941733333;10240;10228
3117;19864057000;19741733333;19941733333;10240;10228
3118;19864271000;19741733333;19941733333;10240;10228
3119;19864292000;19741733333;19941733333;10240;10228
3120;19864541000;19741733333;19941733333;10240;10228
3121;19864564000;19741733333;19941733333;10240;10228
3122;19864785000;19741733333;19941733333;10240;10228
3123;19864806000;19741733333;19941733333;10240;10228
3124;19905444000;19783455555;19983455555;10240;10228
3125;19905457000;19783455555;19983455555;10240;10228
3126;19905695000;19783455555;19983455555;10240;10228
3127;19905706000;19783455555;19983455555;10240;10228
3128;19905940000;19783455555;19983455555;10240;10228
3129;19905951000;19783455555;19983455555;10240;10228
3130;19906182000;19783455555;19983455555;10240;10228
3132;19906202000;19783455555;19983455555;10240;10228
3133;19906441000;19783455555;19983455555;10240;10228
3134;19906451000;19783455555;19983455555;10240;10228
3136;19947105000;19825111111;20025111111;10240;10228
3137;19947125000;19825111111;20025111111;10240;10228
3138;19947343000;19825111111;20025111111;10240;10228
3139;19947362000;19825111111;20025111111;10240;10228
3142;19947618000;19825111111;20025111111;10240;10228
3143;19947637000;19825111111;20025111111;10240;10228
3144;19947835000;19825111111;20025111111;10240;10228
3145;19947854000;19825111111;20025111111;10240;10228
3146;19988819000;19866722222;20066722222;10240;10228
3147;19988839000;19866722222;20066722222;10240;10228
3148;19989068000;19866722222;20066722222;10240;10228
3149;19989089000;19866722222;20066722222;10240;10228
3150;19989297000;19866722222;20066722222;10240;10228
3151;19989318000;19866722222;20066722222;10240;10228
3152;19989528000;19866722222;20066722222;10240;10228
3153;19989559000;19866722222;20066722222;10240;10228
3154;19989822000;19866722222;20066722222;10240;10228
3155;19989842000;19866722222;20066722222;10240;10228
3156;19990077000;19866722222;20066722222;10240;10228
3157;20030452000;19908455555;20108455555;10240;10228
3158;20030464000;19908455555;20108455555;10240;10228
3159;20030699000;19908455555;20108455555;10240;10228
3160;20030710000;19908455555;20108455555;10240;10228
3161;20030925000;19908455555;20108455555;10240;10228
3162;20030996000;19908455555;20108455555;10240;10228
3163;20031193000;19908455555;20108455555;10240;10228
3164;20031214000;19908455555;20108455555;10240;10228
3165;20031443000;19908455555;20108455555;10240;10228
3166;20031455000;19908455555;20108455555;10240;10228
3167;20031700000;19908455555;20108455555;10240;10228
3168;20072095000;19950122222;20150122222;10240;10228
3169;20072336000;19950122222;20150122222;10240;10228
3170;20072348000;19950122222;20150122222;10240;10228
3171;20072362000;19950122222;20150122222;10240;10228
3172;20072576000;19950122222;20150122222;10240;10228
3173;20072596000;19950122222;20150122222;10240;10228
3174;20072842000;19950122222;20150122222;10240;10228
3175;20072865000;19950122222;20150122222;10240;10228
3176;20073087000;19950122222;20150122222;10240;10228
3177;20073108000;19950122222;20150122222;10240;10228
3178;20073336000;19950122222;20150122222;10240;10228
3179;20113778000;19991744444;20191744444;10240;10228
3180;20113796000;19991744444;20191744444;10240;10228
3181;20114027000;19991744444;20191744444;10240;10228
3182;20114046000;19991744444;20191744444;10240;10228
3183;20114268000;19991744444;20191744444;10240;10228
3184;20114288000;19991744444;20191744444;10240;10228
3185;20114527000;19991744444;20191744444;10240;10228
3186;20114548000;19991744444;20191744444;10240;10228
3187;20114776000;19991744444;20191744444;10240;10228
3188;20114797000;19991744444;20191744444;10240;10228
3189;20115025000;19991744444;20191744444;10240;10228
3190;20155436000;20033466666;20233466666;10240;10228
3191;20155448000;20033466666;20233466666;10240;10228
3192;20155684000;20033466666;20233466666;10240;10228
3193;20155703000;20033466666;20233466666;10240;10228
3194;20155935000;20033466666;20233466666;10240;10228
3195;20155954000;20033466666;20233466666;10240;10228
3196;20156205000;20033466666;20233466666;10240;10228
3198;20156226000;20033466666;20233466666;10240;10228
3199;20156427000;20033466666;20233466666;10240;10228
3200;20156438000;20033466666;20233466666;10240;10228
3202;20197119000;20075077777;20275077777;10240;10228
3205;20197141000;20075077777;20275077777;10240;10228
3206;20197363000;20075077777;20275077777;10240;10228
3207;20197374000;20075077777;20275077777;10240;10228
3208;20197620000;20075077777;20275077777;10240;10228
3209;20197632000;20075077777;20275077777;10240;10228
3210;20197847000;20075077777;20275077777;10240;10228
3211;20197868000;20075077777;20275077777;10240;10228
3212;20238775000;20116733333;20316733333;10240;10228
3213;20238786000;20116733333;20316733333;10240;10228
3214;20239025000;20116733333;20316733333;10240;10228
3215;20239036000;20116733333;20316733333;10240;10228
3216;20239271000;20116733333;20316733333;10240;10228
3217;20239290000;20116733333;20316733333;10240;10228
3218;20239540000;20116733333;20316733333;10240;10228
3219;20239573000;20116733333;20316733333;10240;10228
3220;20239779000;20116733333;20316733333;10240;10228
3222;20239789000;20116733333;20316733333;10240;10228
3225;20280427000;20158455555;20358455555;10240;10228
3226;20280437000;20158455555;20358455555;10240;10228
3227;20280708000;20158455555;20358455555;10240;10228
3228;20280717000;20158455555;20358455555;10240;10228
3229;20280965000;20158455555;20358455555;10240;10228
3230;20280975000;20158455555;20358455555;10240;10228
3231;20281162000;20158455555;20358455555;10240;10228
3232;20281208000;20158455555;20358455555;10240;10228
3233;20281454000;20158455555;20358455555;10240;10228
3234;20322092000;20200100000;20400100000;10240;10228
3235;20322102000;20200100000;20400100000;10240;10228
3236;20322325000;20200100000;20400100000;10240;10228
3237;20322345000;20200100000;20400100000;10240;10228
3239;20322579000;20200100000;20400100000;10240;10228
3240;20322598000;20200100000;20400100000;10240;10228
3241;20322832000;20200100000;20400100000;10240;10228
3242;20322859000;20200100000;20400100000;10240;10228
3243;20323083000;20200100000;20400100000;10240;10228
3244;20323103000;20200100000;20400100000;10240;10228
3245;20363775000;20241766666;20441766666;10240;10228
3246;20363787000;20241766666;20441766666;10240;10228
3249;20364025000;20241766666;20441766666;10240;10228
3250;20364047000;20241766666;20441766666;10240;10228
3251;20364263000;20241766666;20441766666;10240;10228
3252;20364285000;20241766666;20441766666;10240;10228
3253;20364520000;20241766666;20441766666;10240;10228
3254;20364541000;20241766666;20441766666;10240;10228
3255;20364775000;20241766666;20441766666;10240;10228
3256;20405432000;20283433333;20483433333;10240;10228
3257;20405443000;20283433333;20483433333;10240;10228
3258;20405682000;20283433333;20483433333;10240;10228
3259;20405693000;20283433333;20483433333;10240;10228
3260;20405927000;20283433333;20483433333;10240;10228
3261;20405948000;20283433333;20483433333;10240;10228
3262;20406170000;20283433333;20483433333;10240;10228
3263;20406191000;20283433333;20483433333;10240;10228
3264;20406427000;20283433333;20483433333;10240;10228
3265;20406438000;20283433333;20483433333;10240;10228
3266;20406683000;20283433333;20483433333;10240;10228
3267;20447098000;20325133333;20525133333;10240;10228
3268;20447107000;20325133333;20525133333;10240;10228
3270;20447333000;20325133333;20525133333;10240;10228
3271;20447353000;20325133333;20525133333;10240;10228
3272;20447578000;20325133333;20525133333;10240;10228
3273;20447596000;20325133333;20525133333;10240;10228
3274;20447888000;20325133333;20525133333;10240;10228
3275;20447910000;20325133333;20525133333;10240;10228
3276;20448140000;20325133333;20525133333;10240;10228
3277;20448161000;20325133333;20525133333;10240;10228
3279;20488814000;20366722222;20566722222;10240;10228
3280;20488834000;20366722222;20566722222;10240;10228
3281;20489065000;20366722222;20566722222;10240;10228
3282;20489087000;20366722222;20566722222;10240;10228
3283;20489297000;20366722222;20566722222;10240;10228
3284;20489319000;20366722222;20566722222;10240;10228
3285;20489541000;20366722222;20566722222;10240;10228
3286;20489561000;20366722222;20566722222;10240;10228
3287;20489819000;20366722222;20566722222;10240;10228
3288;20489839000;20366722222;20566722222;10240;10228
3289;20530466000;20408455555;20608455555;10240;10228
3290;20530476000;20408455555;20608455555;10240;10228
3291;20530715000;20408455555;20608455555;10240;10228
3292;20530734000;20408455555;20608455555;10240;10228
3293;20530965000;20408455555;20608455555;10240;10228
3294;20530984000;20408455555;20608455555;10240;10228
3295;20531135000;20408455555;20608455555;10240;10228
3296;20531153000;20408455555;20608455555;10240;10228
3297;20531446000;20408455555;20608455555;10240;10228
3298;20531458000;20408455555;20608455555;10240;10228
3299;20531688000;20408455555;20608455555;10240;10228
3300;20572094000;20450088888;20650088888;10240;10228
3301;20572115000;20450088888;20650088888;10240;10228
3302;20572337000;20450088888;20650088888;10240;10228
3303;20572355000;20450088888;20650088888;10240;10228
3304;20572617000;20450088888;20650088888;10240;10228
3305;20572635000;20450088888;20650088888;10240;10228
3306;20572847000;20450088888;20650088888;10240;10228
3309;20572857000;20450088888;20650088888;10240;10228
3310;20573103000;20450088888;20650088888;10240;10228
3311;20613772000;20491744444;20691744444;10240;10228
3312;20613784000;20491744444;20691744444;10240;10228
3314;20614019000;20491744444;20691744444;10240;10228
3315;20614031000;20491744444;20691744444;10240;10228
3316;20614263000;20491744444;20691744444;10240;10228
3317;20614283000;20491744444;20691744444;10240;10228
3318;20614519000;20491744444;20691744444;10240;10228
3320;20614538000;20491744444;20691744444;10240;10228
3321;20614773000;20491744444;20691744444;10240;10228
3322;20655432000;20533466666;20733466666;10240;10228
3323;20655444000;20533466666;20733466666;10240;10228
3324;20655688000;20533466666;20733466666;10240;10228
3325;20655710000;20533466666;20733466666;10240;10228
3326;20655934000;20533466666;20733466666;10240;10228
3327;20655962000;20533466666;20733466666;10240;10228
3328;20656184000;20533466666;20733466666;10240;10228
3329;20656204000;20533466666;20733466666;10240;10228
3330;20656435000;20533466666;20733466666;10240;10228
3331;20656445000;20533466666;20733466666;10240;10228
3332;20656689000;20533466666;20733466666;10240;10228
3333;20697096000;20575100000;20775100000;10240;10228
3334;20697117000;20575100000;20775100000;10240;10228
3335;20697336000;20575100000;20775100000;10240;10228
3336;20697357000;20575100000;20775100000;10240;10228
3337;20697579000;20575100000;20775100000;10240;10228
3338;20697661000;20575100000;20775100000;10240;10228
3339;20697893000;20575100000;20775100000;10240;10228
3340;20697912000;20575100000;20775100000;10240;10228
3341;20698159000;20575100000;20775100000;10240;10228
3344;20738815000;20616755555;20816755555;10240;10228
3345;20738836000;20616755555;20816755555;10240;10228
3346;20739073000;20616755555;20816755555;10240;10228
3347;20739094000;20616755555;20816755555;10240;10228
3348;20739300000;20616755555;20816755555;10240;10228
3349;20739323000;20616755555;20816755555;10240;10228
3350;20739555000;20616755555;20816755555;10240;10228
3351;20739576000;20616755555;20816755555;10240;10228
3352;20739750000;20616755555;20816755555;10240;10228
3353;20739770000;20616755555;20816755555;10240;10228
3354;20740041000;20616755555;20816755555;10240;10228
3355;20780487000;20658466666;20858466666;10240;10228
3356;20780497000;20658466666;20858466666;10240;10228
3357;20780736000;20658466666;20858466666;10240;10228
3358;20780757000;20658466666;20858466666;10240;10228
3359;20780990000;20658466666;20858466666;10240;10228
3360;20781011000;20658466666;20858466666;10240;10228
3361;20781222000;20658466666;20858466666;10240;10228
3362;20781233000;20658466666;20858466666;10240;10228
3365;20781473000;20658466666;20858466666;10240;10228
3367;20822158000;20700088888;20900088888;10240;10228
3368;20822177000;20700088888;20900088888;10240;10228
3371;20822383000;20700088888;20900088888;10240;10228
3372;20822393000;20700088888;20900088888;10240;10228
3376;20822662000;20700088888;20900088888;10240;10228
3377;20863819000;20741744444;20941744444;10240;10228
3378;20863839000;20741744444;20941744444;10240;10228
3379;20864066000;20741744444;20941744444;10240;10228
3380;20864086000;20741744444;20941744444;10240;10228
3381;20864308000;20741744444;20941744444;10240;10228
3382;20864317000;20741744444;20941744444;10240;10228
3383;20864554000;20741744444;20941744444;10240;10228
3384;20864576000;20741744444;20941744444;10240;10228
3385;20864819000;20741744444;20941744444;10240;10228
3386;20864838000;20741744444;20941744444;10240;10228
3388;20905492000;20783466666;20983466666;10240;10228
3389;20905502000;20783466666;20983466666;10240;10228
3390;20905736000;20783466666;20983466666;10240;10228
3391;20905755000;20783466666;20983466666;10240;10228
3393;20905986000;20783466666;20983466666;10240;10228
3394;20906007000;20783466666;20983466666;10240;10228
3395;20906156000;20783466666;20983466666;10240;10228
3396;20906210000;20783466666;20983466666;10240;10228
3397;20906469000;20783466666;20983466666;10240;10228
3398;20906480000;20783466666;20983466666;10240;10228
3399;20947138000;20825111111;21025111111;10240;10228
3400;20947158000;20825111111;21025111111;10240;10228
3401;20947364000;20825111111;21025111111;10240;10228
3402;20947375000;20825111111;21025111111;10240;10228
3403;20947653000;20825111111;21025111111;10240;10228
3404;20947674000;20825111111;21025111111;10240;10228
3405;20947886000;20825111111;21025111111;10240;10228
3406;20947906000;20825111111;21025111111;10240;10228
3407;20948124000;20825111111;21025111111;10240;10228
3408;20948143000;20825111111;21025111111;10240;10228
3409;20948351000;20825111111;21025111111;10240;10228
3412;20988779000;20866755555;21066755555;10240;10228
3413;20988794000;20866755555;21066755555;10240;10228
3414;20989025000;20866755555;21066755555;10240;10228
3415;20989037000;20866755555;21066755555;10240;10228
3416;20989269000;20866755555;21066755555;10240;10228
3417;20989290000;20866755555;21066755555;10240;10228
3418;20989510000;20866755555;21066755555;10240;10228
3419;20989539000;20866755555;21066755555;10240;10228
3420;20989776000;20866755555;21066755555;10240;10228
3421;21030446000;20908444444;21108444444;10240;10228
3422;21030458000;20908444444;21108444444;10240;10228
3423;21030697000;20908444444;21108444444;10240;10228
3424;21030709000;20908444444;21108444444;10240;10228
3425;21030947000;20908444444;21108444444;10240;10228
3426;21030959000;20908444444;21108444444;10240;10228
3428;21031166000;20908444444;21108444444;10240;10228
3429;21031175000;20908444444;21108444444;10240;10228
3430;21031416000;20908444444;21108444444;10240;10228
3432;21072099000;20950111111;21150111111;10240;10228
3433;21072110000;20950111111;21150111111;10240;10228
3434;21072342000;20950111111;21150111111;10240;10228
3435;21072362000;20950111111;21150111111;10240;10228
3436;21072612000;20950111111;21150111111;10240;10228
3437;21072623000;20950111111;21150111111;10240;10228
3438;21072849000;20950111111;21150111111;10240;10228
3439;21072861000;20950111111;21150111111;10240;10228
3440;21073103000;20950111111;21150111111;10240;10228
3443;21113781000;20991744444;21191744444;10240;10228
3444;21113791000;20991744444;21191744444;10240;10228
3445;21114029000;20991744444;21191744444;10240;10228
3446;21114038000;20991744444;21191744444;10240;10228
3447;21114270000;20991744444;21191744444;10240;10228
3449;21114290000;20991744444;21191744444;10240;10228
3450;21114496000;20991744444;21191744444;10240;10228
3451;21114507000;20991744444;21191744444;10240;10228
3452;21114778000;20991744444;21191744444;10240;10228
3453;21114789000;20991744444;21191744444;10240;10228
3454;21155424000;21033466666;21233466666;10240;10228
3455;21155436000;21033466666;21233466666;10240;10228
3456;21155672000;21033466666;21233466666;10240;10228
3457;21155684000;21033466666;21233466666;10240;10228
3458;21155924000;21033466666;21233466666;10240;10228
3459;21155945000;21033466666;21233466666;10240;10228
3460;21156168000;21033466666;21233466666;10240;10228
3461;21156189000;21033466666;21233466666;10240;10228
3462;21156417000;21033466666;21233466666;10240;10228
3463;21156429000;21033466666;21233466666;10240;10228
3464;21156673000;21033466666;21233466666;10240;10228
3465;21197098000;21075088888;21275088888;10240;10228
3466;21197110000;21075088888;21275088888;10240;10228
3467;21197342000;21075088888;21275088888;10240;10228
3468;21197363000;21075088888;21275088888;10240;10228
3469;21197589000;21075088888;21275088888;10240;10228
3470;21197610000;21075088888;21275088888;10240;10228
3471;21197849000;21075088888;21275088888;10240;10228
3472;21197861000;21075088888;21275088888;10240;10228
3474;21198093000;21075088888;21275088888;10240;10228
3475;21198114000;21075088888;21275088888;10240;10228
3476;21238779000;21116755555;21316755555;10240;10228
3477;21238790000;21116755555;21316755555;10240;10228
3478;21239030000;21116755555;21316755555;10240;10228
3479;21239040000;21116755555;21316755555;10240;10228
3480;21239271000;21116755555;21316755555;10240;10228
3481;21239290000;21116755555;21316755555;10240;10228
3482;21239554000;21116755555;21316755555;10240;10228
3485;21239573000;21116755555;21316755555;10240;10228
3486;21239753000;21116755555;21316755555;10240;10228
3487;21280423000;21158466666;21358466666;10240;10228
3488;21280435000;21158466666;21358466666;10240;10228
3490;21280672000;21158466666;21358466666;10240;10228
3491;21280684000;21158466666;21358466666;10240;10228
3492;21280923000;21158466666;21358466666;10240;10228
3493;21280934000;21158466666;21358466666;10240;10228
3494;21281168000;21158466666;21358466666;10240;10228
3495;21281188000;21158466666;21358466666;10240;10228
3496;21281419000;21158466666;21358466666;10240;10228
3497;21281429000;21158466666;21358466666;10240;10228
3498;21322093000;21200100000;21400100000;10240;10228
3499;21322338000;21200100000;21400100000;10240;10228
3500;21322350000;21200100000;21400100000;10240;10228
3501;21322355000;21200100000;21400100000;10240;10228
3502;21322599000;21200100000;21400100000;10240;10228
3503;21322609000;21200100000;21400100000;10240;10228
3504;21322819000;21200100000;21400100000;10240;10228
3505;21322836000;21200100000;21400100000;10240;10228
3506;21323086000;21200100000;21400100000;10240;10228
3507;21323107000;21200100000;21400100000;10240;10228
3508;21323337000;21200100000;21400100000;10240;10228
3509;21363787000;21241766666;21441766666;10240;10228
3510;21363797000;21241766666;21441766666;10240;10228
3511;21364034000;21241766666;21441766666;10240;10228
3512;21364044000;21241766666;21441766666;10240;10228
3513;21364278000;21241766666;21441766666;10240;10228
3514;21364297000;21241766666;21441766666;10240;10228
3515;21364542000;21241766666;21441766666;10240;10228
3516;21364561000;21241766666;21441766666;10240;10228
3517;21364784000;21241766666;21441766666;10240;10228
3519;21364795000;21241766666;21441766666;10240;10228
3520;21405429000;21283477777;21483477777;10240;10228
3521;21405681000;21283477777;21483477777;10240;10228
3522;21405692000;21283477777;21483477777;10240;10228
3523;21405697000;21283477777;21483477777;10240;10228
3525;21405929000;21283477777;21483477777;10240;10228
3526;21405941000;21283477777;21483477777;10240;10228
3527;21406149000;21283477777;21483477777;10240;10228
3528;21406170000;21283477777;21483477777;10240;10228
3529;21406424000;21283477777;21483477777;10240;10228
3530;21406436000;21283477777;21483477777;10240;10228
3531;21447084000;21325088888;21525088888;10240;10228
3532;21447332000;21325088888;21525088888;10240;10228
3533;21447353000;21325088888;21525088888;10240;10228
3534;21447357000;21325088888;21525088888;10240;10228
3535;21447606000;21325088888;21525088888;10240;10228
3537;21447616000;21325088888;21525088888;10240;10228
3538;21447838000;21325088888;21525088888;10240;10228
3540;21447848000;21325088888;21525088888;10240;10228
3543;21488777000;21366722222;21566722222;10240;10228
3544;21488787000;21366722222;21566722222;10240;10228
3545;21489027000;21366722222;21566722222;10240;10228
3546;21489036000;21366722222;21566722222;10240;10228
3547;21489268000;21366722222;21566722222;10240;10228
3548;21489288000;21366722222;21566722222;10240;10228
3549;21489525000;21366722222;21566722222;10240;10228
3550;21489545000;21366722222;21566722222;10240;10228
3551;21489775000;21366722222;21566722222;10240;10228
3552;21489786000;21366722222;21566722222;10240;10228
3553;21530422000;21408455555;21608455555;10240;10228
3554;21530434000;21408455555;21608455555;10240;10228
3555;21530672000;21408455555;21608455555;10240;10228
3556;21530685000;21408455555;21608455555;10240;10228
3557;21530922000;21408455555;21608455555;10240;10228
3558;21530944000;21408455555;21608455555;10240;10228
3559;21531142000;21408455555;21608455555;10240;10228
3560;21531154000;21408455555;21608455555;10240;10228
3561;21531416000;21408455555;21608455555;10240;10228
3562;21531427000;21408455555;21608455555;10240;10228
3563;21531673000;21408455555;21608455555;10240;10228
3566;21572099000;21450088888;21650088888;10240;10228
3567;21572121000;21450088888;21650088888;10240;10228
3568;21572381000;21450088888;21650088888;10240;10228
3569;21572392000;21450088888;21650088888;10240;10228
3570;21572662000;21450088888;21650088888;10240;10228
3571;21572673000;21450088888;21650088888;10240;10228
3573;21572887000;21450088888;21650088888;10240;10228
3574;21572908000;21450088888;21650088888;10240;10228
3575;21613770000;21491744444;21691744444;10240;10228
3576;21613781000;21491744444;21691744444;10240;10228
3577;21614024000;21491744444;21691744444;10240;10228
3578;21614044000;21491744444;21691744444;10240;10228
3579;21614263000;21491744444;21691744444;10240;10228
3580;21614282000;21491744444;21691744444;10240;10228
3581;21614519000;21491744444;21691744444;10240;10228
3582;21614538000;21491744444;21691744444;10240;10228
3583;21614772000;21491744444;21691744444;10240;10228
3584;21614781000;21491744444;21691744444;10240;10228
3585;21614971000;21491744444;21691744444;10240;10228
3586;21655424000;21533477777;21733477777;10240;10228
3587;21655436000;21533477777;21733477777;10240;10228
3588;21655682000;21533477777;21733477777;10240;10228
3590;21655693000;21533477777;21733477777;10240;10228
3591;21655926000;21533477777;21733477777;10240;10228
3592;21655955000;21533477777;21733477777;10240;10228
3593;21656169000;21533477777;21733477777;10240;10228
3594;21656189000;21533477777;21733477777;10240;10228
3595;21656427000;21533477777;21733477777;10240;10228
3596;21656436000;21533477777;21733477777;10240;10228
3597;21697115000;21575122222;21775122222;10240;10228
3598;21697125000;21575122222;21775122222;10240;10228
3600;21697350000;21575122222;21775122222;10240;10228
3601;21697369000;21575122222;21775122222;10240;10228
3602;21697656000;21575122222;21775122222;10240;10228
3605;21697674000;21575122222;21775122222;10240;10228
3606;21697862000;21575122222;21775122222;10240;10228
3607;21697873000;21575122222;21775122222;10240;10228
3608;21738768000;21616755555;21816755555;10240;10228
3610;21738779000;21616755555;21816755555;10240;10228
3611;21739018000;21616755555;21816755555;10240;10228
3613;21739039000;21616755555;21816755555;10240;10228
3614;21739262000;21616755555;21816755555;10240;10228
3615;21739282000;21616755555;21816755555;10240;10228
3616;21739505000;21616755555;21816755555;10240;10228
3617;21739548000;21616755555;21816755555;10240;10228
3618;21739768000;21616755555;21816755555;10240;10228
3619;21780443000;21658455555;21858455555;10240;10228
3620;21780453000;21658455555;21858455555;10240;10228
3621;21780688000;21658455555;21858455555;10240;10228
3622;21780699000;21658455555;21858455555;10240;10228
3623;21780939000;21658455555;21858455555;10240;10228
3624;21780950000;21658455555;21858455555;10240;10228
3629;21781191000;21658455555;21858455555;10240;10228
3630;21822097000;21700100000;21900100000;10240;10228
3631;21822118000;21700100000;21900100000;10240;10228
3632;21822332000;21700100000;21900100000;10240;10228
3633;21822351000;21700100000;21900100000;10240;10228
3634;21822618000;21700100000;21900100000;10240;10228
3635;21822638000;21700100000;21900100000;10240;10228
3636;21822843000;21700100000;21900100000;10240;10228
3637;21822853000;21700100000;21900100000;10240;10228
3638;21823044000;21700100000;21900100000;10240;10228
3639;21823088000;21700100000;21900100000;10240;10228
3640;21823356000;21700100000;21900100000;10240;10228
3641;21863788000;21741755555;21941755555;10240;10228
3642;21863798000;21741755555;21941755555;10240;10228
3643;21864054000;21741755555;21941755555;10240;10228
3644;21864063000;21741755555;21941755555;10240;10228
3645;21864272000;21741755555;21941755555;10240;10228
3646;21864291000;21741755555;21941755555;10240;10228
3647;21864542000;21741755555;21941755555;10240;10228
3648;21864561000;21741755555;21941755555;10240;10228
3649;21864790000;21741755555;21941755555;10240;10228
3650;21864799000;21741755555;21941755555;10240;10228
3651;21865037000;21741755555;21941755555;10240;10228
3652;21905452000;21783466666;21983466666;10240;10228
3653;21905463000;21783466666;21983466666;10240;10228
3654;21905709000;21783466666;21983466666;10240;10228
3655;21905718000;21783466666;21983466666;10240;10228
3656;21905911000;21783466666;21983466666;10240;10228
3657;21905929000;21783466666;21983466666;10240;10228
3658;21906200000;21783466666;21983466666;10240;10228
3659;21906219000;21783466666;21983466666;10240;10228
3660;21906448000;21783466666;21983466666;10240;10228
3661;21906458000;21783466666;21983466666;10240;10228
3662;21906708000;21783466666;21983466666;10240;10228
3663;21947104000;21825111111;22025111111;10240;10228
3664;21947124000;21825111111;22025111111;10240;10228
3665;21947341000;21825111111;22025111111;10240;10228
3666;21947361000;21825111111;22025111111;10240;10228
3667;21947617000;21825111111;22025111111;10240;10228
3668;21947635000;21825111111;22025111111;10240;10228
3669;21947862000;21825111111;22025111111;10240;10228
3670;21947871000;21825111111;22025111111;10240;10228
3671;21948056000;21825111111;22025111111;10240;10228
3674;21988771000;21866744444;22066744444;10240;10228
3675;21988783000;21866744444;22066744444;10240;10228
3676;21989022000;21866744444;22066744444;10240;10228
3677;21989043000;21866744444;22066744444;10240;10228
3678;21989266000;21866744444;22066744444;10240;10228
3679;21989285000;21866744444;22066744444;10240;10228
3680;21989509000;21866744444;22066744444;10240;10228
3681;21989537000;21866744444;22066744444;10240;10228
3682;21989779000;21866744444;22066744444;10240;10228
3683;21989799000;21866744444;22066744444;10240;10228
3684;21990027000;21866744444;22066744444;10240;10228
3685;22030439000;21908466666;22108466666;10240;10228
3686;22030451000;21908466666;22108466666;10240;10228
3687;22030690000;21908466666;22108466666;10240;10228
3688;22030701000;21908466666;22108466666;10240;10228
3689;22030897000;21908466666;22108466666;10240;10228
3690;22030912000;21908466666;22108466666;10240;10228
3691;22031138000;21908466666;22108466666;10240;10228
3692;22031183000;21908466666;22108466666;10240;10228
3693;22031426000;21908466666;22108466666;10240;10228
3694;22031437000;21908466666;22108466666;10240;10228
3695;22031689000;21908466666;22108466666;10240;10228
3696;22072107000;21950088888;22150088888;10240;10228
3697;22072128000;21950088888;22150088888;10240;10228
3698;22072342000;21950088888;22150088888;10240;10228
3699;22072362000;21950088888;22150088888;10240;10228
3700;22072657000;21950088888;22150088888;10240;10228
3701;22072677000;21950088888;22150088888;10240;10228
3702;22072851000;21950088888;22150088888;10240;10228
3703;22072873000;21950088888;22150088888;10240;10228
3704;22073100000;21950088888;22150088888;10240;10228
3705;22073120000;21950088888;22150088888;10240;10228
3706;22073350000;21950088888;22150088888;10240;10228
3707;22113770000;21991733333;22191733333;10240;10228
3708;22113781000;21991733333;22191733333;10240;10228
3709;22114019000;21991733333;22191733333;10240;10228
3710;22114030000;21991733333;22191733333;10240;10228
3711;22114263000;21991733333;22191733333;10240;10228
3712;22114283000;21991733333;22191733333;10240;10228
3713;22114506000;21991733333;22191733333;10240;10228
3714;22114527000;21991733333;22191733333;10240;10228
3715;22114773000;21991733333;22191733333;10240;10228
3716;22114784000;21991733333;22191733333;10240;10228
3717;22115020000;21991733333;22191733333;10240;10228
3718;22155434000;22033433333;22233433333;10240;10228
3719;22155445000;22033433333;22233433333;10240;10228
3721;22155685000;22033433333;22233433333;10240;10228
3722;22155697000;22033433333;22233433333;10240;10228
3723;22155930000;22033433333;22233433333;10240;10228
3724;22155951000;22033433333;22233433333;10240;10228
3725;22156174000;22033433333;22233433333;10240;10228
3726;22156194000;22033433333;22233433333;10240;10228
3727;22156429000;22033433333;22233433333;10240;10228
3728;22156441000;22033433333;22233433333;10240;10228
3729;22197098000;22075066666;22275066666;10240;10228
3732;22197120000;22075066666;22275066666;10240;10228
3733;22197342000;22075066666;22275066666;10240;10228
3734;22197362000;22075066666;22275066666;10240;10228
3735;22197613000;22075066666;22275066666;10240;10228
3736;22197623000;22075066666;22275066666;10240;10228
3738;22197805000;22075066666;22275066666;10240;10228
3739;22197810000;22075066666;22275066666;10240;10228
3740;22238774000;22116722222;22316722222;10240;10228
3741;22238784000;22116722222;22316722222;10240;10228
3742;22239015000;22116722222;22316722222;10240;10228
3743;22239035000;22116722222;22316722222;10240;10228
3744;22239264000;22116722222;22316722222;10240;10228
3745;22239283000;22116722222;22316722222;10240;10228
3746;22239507000;22116722222;22316722222;10240;10228
3747;22239526000;22116722222;22316722222;10240;10228
3748;22239772000;22116722222;22316722222;10240;10228
3749;22239782000;22116722222;22316722222;10240;10228
3750;22240025000;22116722222;22316722222;10240;10228
3751;22280448000;22158455555;22358455555;10240;10228
3752;22280458000;22158455555;22358455555;10240;10228
3753;22280697000;22158455555;22358455555;10240;10228
3754;22280706000;22158455555;22358455555;10240;10228
3755;22280902000;22158455555;22358455555;10240;10228
3759;22280920000;22158455555;22358455555;10240;10228
3760;22281189000;22158455555;22358455555;10240;10228
3761;22281209000;22158455555;22358455555;10240;10228
3762;22322096000;22200088888;22400088888;10240;10228
3763;22322117000;22200088888;22400088888;10240;10228
3764;22322336000;22200088888;22400088888;10240;10228
3765;22322364000;22200088888;22400088888;10240;10228
3766;22322614000;22200088888;22400088888;10240;10228
3767;22322625000;22200088888;22400088888;10240;10228
3768;22322847000;22200088888;22400088888;10240;10228
3769;22322867000;22200088888;22400088888;10240;10228
3770;22323093000;22200088888;22400088888;10240;10228
3771;22323115000;22200088888;22400088888;10240;10228
3772;22323345000;22200088888;22400088888;10240;10228
3773;22363781000;22241744444;22441744444;10240;10228
3774;22363800000;22241744444;22441744444;10240;10228
3775;22364024000;22241744444;22441744444;10240;10228
3776;22364035000;22241744444;22441744444;10240;10228
3777;22364263000;22241744444;22441744444;10240;10228
3778;22364285000;22241744444;22441744444;10240;10228
3780;22364520000;22241744444;22441744444;10240;10228
3781;22364541000;22241744444;22441744444;10240;10228
3783;22364778000;22241744444;22441744444;10240;10228
3784;22405460000;22283433333;22483433333;10240;10228
3785;22405482000;22283433333;22483433333;10240;10228
3786;22405708000;22283433333;22483433333;10240;10228
3787;22405718000;22283433333;22483433333;10240;10228
3788;22405953000;22283433333;22483433333;10240;10228
3789;22405962000;22283433333;22483433333;10240;10228
3790;22406204000;22283433333;22483433333;10240;10228
3792;22406224000;22283433333;22483433333;10240;10228
3793;22406451000;22283433333;22483433333;10240;10228
3794;22406461000;22283433333;22483433333;10240;10228
3795;22447093000;22325111111;22525111111;10240;10228
3796;22447114000;22325111111;22525111111;10240;10228
3797;22447332000;22325111111;22525111111;10240;10228
3798;22447352000;22325111111;22525111111;10240;10228
3799;22447617000;22325111111;22525111111;10240;10228
3800;22447637000;22325111111;22525111111;10240;10228
3802;22447803000;22325111111;22525111111;10240;10228
3803;22447823000;22325111111;22525111111;10240;10228
3804;22448089000;22325111111;22525111111;10240;10228
3805;22448110000;22325111111;22525111111;10240;10228
3807;22488780000;22366722222;22566722222;10240;10228
3808;22488791000;22366722222;22566722222;10240;10228
3809;22489033000;22366722222;22566722222;10240;10228
3810;22489052000;22366722222;22566722222;10240;10228
3811;22489274000;22366722222;22566722222;10240;10228
3812;22489293000;22366722222;22566722222;10240;10228
3813;22489552000;22366722222;22566722222;10240;10228
3814;22489583000;22366722222;22566722222;10240;10228
3815;22489786000;22366722222;22566722222;10240;10228
3816;22489796000;22366722222;22566722222;10240;10228
3817;22530445000;22408444444;22608444444;10240;10228
3818;22530455000;22408444444;22608444444;10240;10228
3819;22530691000;22408444444;22608444444;10240;10228
3820;22530701000;22408444444;22608444444;10240;10228
3821;22530934000;22408444444;22608444444;10240;10228
3822;22530945000;22408444444;22608444444;10240;10228
3823;22531141000;22408444444;22608444444;10240;10228
3824;22531187000;22408444444;22608444444;10240;10228
3825;22531434000;22408444444;22608444444;10240;10228
3826;22531445000;22408444444;22608444444;10240;10228
3827;22531691000;22408444444;22608444444;10240;10228
3828;22572102000;22450077777;22650077777;10240;10228
3829;22572121000;22450077777;22650077777;10240;10228
3830;22572339000;22450077777;22650077777;10240;10228
3833;22572359000;22450077777;22650077777;10240;10228
3834;22572617000;22450077777;22650077777;10240;10228
3835;22572628000;22450077777;22650077777;10240;10228
3836;22572898000;22450077777;22650077777;10240;10228
3837;22572918000;22450077777;22650077777;10240;10228
3839;22613814000;22491733333;22691733333;10240;10228
3840;22613835000;22491733333;22691733333;10240;10228
3841;22614065000;22491733333;22691733333;10240;10228
3842;22614085000;22491733333;22691733333;10240;10228
3844;22614297000;22491733333;22691733333;10240;10228
3845;22614318000;22491733333;22691733333;10240;10228
3846;22614557000;22491733333;22691733333;10240;10228
3847;22614578000;22491733333;22691733333;10240;10228
3848;22614752000;22491733333;22691733333;10240;10228
3849;22614770000;22491733333;22691733333;10240;10228
3850;22655469000;22533455555;22733455555;10240;10228
3852;22655488000;22533455555;22733455555;10240;10228
3853;22655678000;22533455555;22733455555;10240;10228
3854;22655688000;22533455555;22733455555;10240;10228
3855;22655928000;22533455555;22733455555;10240;10228
3856;22655937000;22533455555;22733455555;10240;10228
3857;22656163000;22533455555;22733455555;10240;10228
3858;22656182000;22533455555;22733455555;10240;10228
3859;22656419000;22533455555;22733455555;10240;10228
3860;22656429000;22533455555;22733455555;10240;10228
3861;22697098000;22575100000;22775100000;10240;10228
3862;22697119000;22575100000;22775100000;10240;10228
3863;22697336000;22575100000;22775100000;10240;10228
3864;22697356000;22575100000;22775100000;10240;10228
3865;22697622000;22575100000;22775100000;10240;10228
3866;22697633000;22575100000;22775100000;10240;10228
3867;22697844000;22575100000;22775100000;10240;10228
3869;22697865000;22575100000;22775100000;10240;10228
3870;22698064000;22575100000;22775100000;10240;10228
3871;22698076000;22575100000;22775100000;10240;10228
3872;22738791000;22616744444;22816744444;10240;10228
3873;22738813000;22616744444;22816744444;10240;10228
3874;22739019000;22616744444;22816744444;10240;10228
3875;22739041000;22616744444;22816744444;10240;10228
3876;22739262000;22616744444;22816744444;10240;10228
3877;22739282000;22616744444;22816744444;10240;10228
3878;22739508000;22616744444;22816744444;10240;10228
3879;22739537000;22616744444;22816744444;10240;10228
3880;22739775000;22616744444;22816744444;10240;10228
3882;22739784000;22616744444;22816744444;10240;10228
3883;22780447000;22658422222;22858422222;10240;10228
3884;22780458000;22658422222;22858422222;10240;10228
3885;22780698000;22658422222;22858422222;10240;10228
3886;22780707000;22658422222;22858422222;10240;10228
3887;22780939000;22658422222;22858422222;10240;10228
3888;22780948000;22658422222;22858422222;10240;10228
3889;22781191000;22658422222;22858422222;10240;10228
3892;22781211000;22658422222;22858422222;10240;10228
3893;22781436000;22658422222;22858422222;10240;10228
3894;22822096000;22700077777;22900077777;10240;10228
3895;22822116000;22700077777;22900077777;10240;10228
3896;22822335000;22700077777;22900077777;10240;10228
3897;22822354000;22700077777;22900077777;10240;10228
3898;22822610000;22700077777;22900077777;10240;10228
3900;22822628000;22700077777;22900077777;10240;10228
3901;22822806000;22700077777;22900077777;10240;10228
3902;22822825000;22700077777;22900077777;10240;10228
3903;22823092000;22700077777;22900077777;10240;10228
3904;22823111000;22700077777;22900077777;10240;10228
3905;22863769000;22741744444;22941744444;10240;10228
3906;22863793000;22741744444;22941744444;10240;10228
3908;22864018000;22741744444;22941744444;10240;10228
3909;22864040000;22741744444;22941744444;10240;10228
3910;22864262000;22741744444;22941744444;10240;10228
3911;22864283000;22741744444;22941744444;10240;10228
3912;22864504000;22741744444;22941744444;10240;10228
3913;22864524000;22741744444;22941744444;10240;10228
3914;22864770000;22741744444;22941744444;10240;10228
3915;22864791000;22741744444;22941744444;10240;10228
3916;22905443000;22783466666;22983466666;10240;10228
3917;22905455000;22783466666;22983466666;10240;10228
3918;22905693000;22783466666;22983466666;10240;10228
3919;22905703000;22783466666;22983466666;10240;10228
3920;22905937000;22783466666;22983466666;10240;10228
3921;22905948000;22783466666;22983466666;10240;10228
3922;22906144000;22783466666;22983466666;10240;10228
3923;22906154000;22783466666;22983466666;10240;10228
3924;22906439000;22783466666;22983466666;10240;10228
3925;22906448000;22783466666;22983466666;10240;10228
3926;22906696000;22783466666;22983466666;10240;10228
3927;22947096000;22825088888;23025088888;10240;10228
3928;22947119000;22825088888;23025088888;10240;10228
3929;22947332000;22825088888;23025088888;10240;10228
3930;22947352000;22825088888;23025088888;10240;10228
3933;22947620000;22825088888;23025088888;10240;10228
3934;22947640000;22825088888;23025088888;10240;10228
3935;22947846000;22825088888;23025088888;10240;10228
3937;22947857000;22825088888;23025088888;10240;10228
3938;22988776000;22866722222;23066722222;10240;10228
3939;22988797000;22866722222;23066722222;10240;10228
3940;22989017000;22866722222;23066722222;10240;10228
3941;22989027000;22866722222;23066722222;10240;10228
3942;22989266000;22866722222;23066722222;10240;10228
3943;22989285000;22866722222;23066722222;10240;10228
3944;22989508000;22866722222;23066722222;10240;10228
3945;22989526000;22866722222;23066722222;10240;10228
3946;22989728000;22866722222;23066722222;10240;10228
3947;22989747000;22866722222;23066722222;10240;10228
3948;22990023000;22866722222;23066722222;10240;10228
3949;23030430000;22908455555;23108455555;10240;10228
3950;23030441000;22908455555;23108455555;10240;10228
3951;23030685000;22908455555;23108455555;10240;10228
3952;23030694000;22908455555;23108455555;10240;10228
3953;23030931000;22908455555;23108455555;10240;10228
3954;23030950000;22908455555;23108455555;10240;10228
3955;23031170000;22908455555;23108455555;10240;10228
3956;23031189000;22908455555;23108455555;10240;10228
3957;23031420000;22908455555;23108455555;10240;10228
3958;23031429000;22908455555;23108455555;10240;10228
3959;23031683000;22908455555;23108455555;10240;10228
3960;23072104000;22950100000;23150100000;10240;10228
3961;23072125000;22950100000;23150100000;10240;10228
3962;23072341000;22950100000;23150100000;10240;10228
3963;23072361000;22950100000;23150100000;10240;10228
3964;23072617000;22950100000;23150100000;10240;10228
3965;23072635000;22950100000;23150100000;10240;10228
3966;23072846000;22950100000;23150100000;10240;10228
3967;23072855000;22950100000;23150100000;10240;10228
3968;23073100000;22950100000;23150100000;10240;10228
3969;23073118000;22950100000;23150100000;10240;10228
3970;23073343000;22950100000;23150100000;10240;10228
3971;23113771000;22991744444;23191744444;10240;10228
3973;23113782000;22991744444;23191744444;10240;10228
3974;23114019000;22991744444;23191744444;10240;10228
3975;23114030000;22991744444;23191744444;10240;10228
3977;23114262000;22991744444;23191744444;10240;10228
3979;23114283000;22991744444;23191744444;10240;10228
3980;23114525000;22991744444;23191744444;10240;10228
3981;23114544000;22991744444;23191744444;10240;10228
3982;23155455000;23033466666;23233466666;10240;10228
3983;23155465000;23033466666;23233466666;10240;10228
3984;23155702000;23033466666;23233466666;10240;10228
3985;23155712000;23033466666;23233466666;10240;10228
3986;23155959000;23033466666;23233466666;10240;10228
3987;23155968000;23033466666;23233466666;10240;10228
3988;23156197000;23033466666;23233466666;10240;10228
3989;23156217000;23033466666;23233466666;10240;10228
3990;23156402000;23033466666;23233466666;10240;10228
3991;23156420000;23033466666;23233466666;10240;10228
3992;23156703000;23033466666;23233466666;10240;10228
3993;23197098000;23075066666;23275066666;10240;10228
3994;23197117000;23075066666;23275066666;10240;10228
3995;23197335000;23075066666;23275066666;10240;10228
3996;23197344000;23075066666;23275066666;10240;10228
3997;23197588000;23075066666;23275066666;10240;10228
3998;23197607000;23075066666;23275066666;10240;10228
3999;23197843000;23075066666;23275066666;10240;10228
4000;23197852000;23075066666;23275066666;10240;10228
4001;23198093000;23075066666;23275066666;10240;10228
4002;23198113000;23075066666;23275066666;10240;10228
4003;23198331000;23075066666;23275066666;10240;10228
4004;23238772000;23116733333;23316733333;10240;10228
4005;23238784000;23116733333;23316733333;10240;10228
4006;23239045000;23116733333;23316733333;10240;10228
4007;23239054000;23116733333;23316733333;10240;10228
4008;23239264000;23116733333;23316733333;10240;10228
4009;23239284000;23116733333;23316733333;10240;10228
4010;23239510000;23116733333;23316733333;10240;10228
4011;23239536000;23116733333;23316733333;10240;10228
4012;23239779000;23116733333;23316733333;10240;10228
4013;23239788000;23116733333;23316733333;10240;10228
4014;23240024000;23116733333;23316733333;10240;10228
4015;23280433000;23158455555;23358455555;10240;10228
4017;23280444000;23158455555;23358455555;10240;10228
4018;23280682000;23158455555;23358455555;10240;10228
4019;23280709000;23158455555;23358455555;10240;10228
4020;23280932000;23158455555;23358455555;10240;10228
4022;23280941000;23158455555;23358455555;10240;10228
4023;23281173000;23158455555;23358455555;10240;10228
4024;23281191000;23158455555;23358455555;10240;10228
4025;23281427000;23158455555;23358455555;10240;10228
4026;23322105000;23200088888;23400088888;10240;10228
4027;23322126000;23200088888;23400088888;10240;10228
4028;23322342000;23200088888;23400088888;10240;10228
4029;23322363000;23200088888;23400088888;10240;10228
4030;23322588000;23200088888;23400088888;10240;10228
4031;23322607000;23200088888;23400088888;10240;10228
4032;23322857000;23200088888;23400088888;10240;10228
4033;23322867000;23200088888;23400088888;10240;10228
4034;23323102000;23200088888;23400088888;10240;10228
4035;23323121000;23200088888;23400088888;10240;10228
4036;23323335000;23200088888;23400088888;10240;10228
4037;23363769000;23241755555;23441755555;10240;10228
4038;23363780000;23241755555;23441755555;10240;10228
4039;23364010000;23241755555;23441755555;10240;10228
4040;23364017000;23241755555;23441755555;10240;10228
4041;23364254000;23241755555;23441755555;10240;10228
4042;23364273000;23241755555;23441755555;10240;10228
4043;23364507000;23241755555;23441755555;10240;10228
4044;23364526000;23241755555;23441755555;10240;10228
4045;23364776000;23241755555;23441755555;10240;10228
4046;23364785000;23241755555;23441755555;10240;10228
4047;23365023000;23241755555;23441755555;10240;10228
4048;23405416000;23283455555;23483455555;10240;10228
4049;23405429000;23283455555;23483455555;10240;10228
4050;23405667000;23283455555;23483455555;10240;10228
4051;23405678000;23283455555;23483455555;10240;10228
4052;23405918000;23283455555;23483455555;10240;10228
4053;23405929000;23283455555;23483455555;10240;10228
4054;23406158000;23283455555;23483455555;10240;10228
4056;23406178000;23283455555;23483455555;10240;10228
4058;23406410000;23283455555;23483455555;10240;10228
4059;23447112000;23325088888;23525088888;10240;10228
4060;23447134000;23325088888;23525088888;10240;10228
4061;23447350000;23325088888;23525088888;10240;10228
4062;23447370000;23325088888;23525088888;10240;10228
4063;23447607000;23325088888;23525088888;10240;10228
4064;23447618000;23325088888;23525088888;10240;10228
4065;23447865000;23325088888;23525088888;10240;10228
4066;23447887000;23325088888;23525088888;10240;10228
4067;23448107000;23325088888;23525088888;10240;10228
4068;23448128000;23325088888;23525088888;10240;10228
4069;23448349000;23325088888;23525088888;10240;10228
4070;23488772000;23366722222;23566722222;10240;10228
4071;23488783000;23366722222;23566722222;10240;10228
4072;23489020000;23366722222;23566722222;10240;10228
4073;23489042000;23366722222;23566722222;10240;10228
4074;23489263000;23366722222;23566722222;10240;10228
4075;23489283000;23366722222;23566722222;10240;10228
4076;23489538000;23366722222;23566722222;10240;10228
4077;23489561000;23366722222;23566722222;10240;10228
4078;23489775000;23366722222;23566722222;10240;10228
4079;23489786000;23366722222;23566722222;10240;10228
4080;23490024000;23366722222;23566722222;10240;10228
4081;23530443000;23408455555;23608455555;10240;10228
4082;23530453000;23408455555;23608455555;10240;10228
4083;23530688000;23408455555;23608455555;10240;10228
4084;23530698000;23408455555;23608455555;10240;10228
4085;23530933000;23408455555;23608455555;10240;10228
4086;23530944000;23408455555;23608455555;10240;10228
4087;23531184000;23408455555;23608455555;10240;10228
4088;23531204000;23408455555;23608455555;10240;10228
4089;23531434000;23408455555;23608455555;10240;10228
4090;23531445000;23408455555;23608455555;10240;10228
4091;23531681000;23408455555;23608455555;10240;10228
4092;23572096000;23450088888;23650088888;10240;10228
4093;23572115000;23450088888;23650088888;10240;10228
4094;23572323000;23450088888;23650088888;10240;10228
4095;23572329000;23450088888;23650088888;10240;10228
4097;23572603000;23450088888;23650088888;10240;10228
4098;23572610000;23450088888;23650088888;10240;10228
4099;23572838000;23450088888;23650088888;10240;10228
4100;23572850000;23450088888;23650088888;10240;10228
4101;23573095000;23450088888;23650088888;10240;10228
4103;23613774000;23491744444;23691744444;10240;10228
4104;23613784000;23491744444;23691744444;10240;10228
4105;23614015000;23491744444;23691744444;10240;10228
4106;23614020000;23491744444;23691744444;10240;10228
4107;23614264000;23491744444;23691744444;10240;10228
4108;23614283000;23491744444;23691744444;10240;10228
4109;23614509000;23491744444;23691744444;10240;10228
4110;23614549000;23491744444;23691744444;10240;10228
4111;23614774000;23491744444;23691744444;10240;10228
4112;23614784000;23491744444;23691744444;10240;10228
4113;23615026000;23491744444;23691744444;10240;10228
4114;23655426000;23533488888;23733488888;10240;10228
4115;23655436000;23533488888;23733488888;10240;10228
4116;23655706000;23533488888;23733488888;10240;10228
4117;23655715000;23533488888;23733488888;10240;10228
4118;23655963000;23533488888;23733488888;10240;10228
4119;23655983000;23533488888;23733488888;10240;10228
4120;23656206000;23533488888;23733488888;10240;10228
4121;23656225000;23533488888;23733488888;10240;10228
4122;23656455000;23533488888;23733488888;10240;10228
4123;23656466000;23533488888;23733488888;10240;10228
4124;23656470000;23533488888;23733488888;10240;10228
4125;23697101000;23575100000;23775100000;10240;10228
4126;23697121000;23575100000;23775100000;10240;10228
4127;23697344000;23575100000;23775100000;10240;10228
4128;23697363000;23575100000;23775100000;10240;10228
4129;23697615000;23575100000;23775100000;10240;10228
4131;23697624000;23575100000;23775100000;10240;10228
4132;23697853000;23575100000;23775100000;10240;10228
4133;23697872000;23575100000;23775100000;10240;10228
4134;23698101000;23575100000;23775100000;10240;10228
4135;23698119000;23575100000;23775100000;10240;10228
4136;23738771000;23616755555;23816755555;10240;10228
4137;23738781000;23616755555;23816755555;10240;10228
4138;23739018000;23616755555;23816755555;10240;10228
4140;23739029000;23616755555;23816755555;10240;10228
4141;23739262000;23616755555;23816755555;10240;10228
4142;23739283000;23616755555;23816755555;10240;10228
4143;23739506000;23616755555;23816755555;10240;10228
4144;23739536000;23616755555;23816755555;10240;10228
4145;23739770000;23616755555;23816755555;10240;10228
4146;23739781000;23616755555;23816755555;10240;10228
4149;23780446000;23658444444;23858444444;10240;10228
4150;23780470000;23658444444;23858444444;10240;10228
4151;23780687000;23658444444;23858444444;10240;10228
4152;23780695000;23658444444;23858444444;10240;10228
4153;23780932000;23658444444;23858444444;10240;10228
4154;23780941000;23658444444;23858444444;10240;10228
4156;23781190000;23658444444;23858444444;10240;10228
4157;23781210000;23658444444;23858444444;10240;10228
4158;23822097000;23700088888;23900088888;10240;10228
4159;23822107000;23700088888;23900088888;10240;10228
4160;23822332000;23700088888;23900088888;10240;10228
4161;23822351000;23700088888;23900088888;10240;10228
4162;23822619000;23700088888;23900088888;10240;10228
4163;23822637000;23700088888;23900088888;10240;10228
4164;23822841000;23700088888;23900088888;10240;10228
4165;23822850000;23700088888;23900088888;10240;10228
4166;23823089000;23700088888;23900088888;10240;10228
4167;23823109000;23700088888;23900088888;10240;10228
4168;23823330000;23700088888;23900088888;10240;10228
4169;23863770000;23741766666;23941766666;10240;10228
4170;23863780000;23741766666;23941766666;10240;10228
4171;23864023000;23741766666;23941766666;10240;10228
4172;23864032000;23741766666;23941766666;10240;10228
4173;23864265000;23741766666;23941766666;10240;10228
4174;23864285000;23741766666;23941766666;10240;10228
4175;23864510000;23741766666;23941766666;10240;10228
4176;23864548000;23741766666;23941766666;10240;10228
4177;23864773000;23741766666;23941766666;10240;10228
4178;23864793000;23741766666;23941766666;10240;10228
4179;23865024000;23741766666;23941766666;10240;10228
4180;23905429000;23783466666;23983466666;10240;10228
4181;23905440000;23783466666;23983466666;10240;10228
4182;23905684000;23783466666;23983466666;10240;10228
4183;23905693000;23783466666;23983466666;10240;10228
4184;23905926000;23783466666;23983466666;10240;10228
4185;23905935000;23783466666;23983466666;10240;10228
4186;23906178000;23783466666;23983466666;10240;10228
4188;23906197000;23783466666;23983466666;10240;10228
4189;23906426000;23783466666;23983466666;10240;10228
4190;23906435000;23783466666;23983466666;10240;10228
4191;23947090000;23825088888;24025088888;10240;10228
4192;23947109000;23825088888;24025088888;10240;10228
4193;23947362000;23825088888;24025088888;10240;10228
4195;23947382000;23825088888;24025088888;10240;10228
4196;23947618000;23825088888;24025088888;10240;10228
4197;23947638000;23825088888;24025088888;10240;10228
4198;23947875000;23825088888;24025088888;10240;10228
4202;23988773000;23866733333;24066733333;10240;10228
4203;23988783000;23866733333;24066733333;10240;10228
4204;23989023000;23866733333;24066733333;10240;10228
4205;23989032000;23866733333;24066733333;10240;10228
4206;23989259000;23866733333;24066733333;10240;10228
4207;23989264000;23866733333;24066733333;10240;10228
4209;23989500000;23866733333;24066733333;10240;10228
4210;23989505000;23866733333;24066733333;10240;10228
4211;23989771000;23866733333;24066733333;10240;10228
4212;23989781000;23866733333;24066733333;10240;10228
4213;24030427000;23908466666;24108466666;10240;10228
4214;24030439000;23908466666;24108466666;10240;10228
4215;24030680000;23908466666;24108466666;10240;10228
4216;24030691000;23908466666;24108466666;10240;10228
4219;24030928000;23908466666;24108466666;10240;10228
4220;24030949000;23908466666;24108466666;10240;10228
4221;24031166000;23908466666;24108466666;10240;10228
4222;24031187000;23908466666;24108466666;10240;10228
4223;24031376000;23908466666;24108466666;10240;10228
4224;24072099000;23950144444;24150144444;10240;10228
4225;24072109000;23950144444;24150144444;10240;10228
4226;24072331000;23950144444;24150144444;10240;10228
4227;24072350000;23950144444;24150144444;10240;10228
4228;24072608000;23950144444;24150144444;10240;10228
4229;24072628000;23950144444;24150144444;10240;10228
4230;24072839000;23950144444;24150144444;10240;10228
4231;24072850000;23950144444;24150144444;10240;10228
4232;24073091000;23950144444;24150144444;10240;10228
4233;24073111000;23950144444;24150144444;10240;10228
4234;24073332000;23950144444;24150144444;10240;10228
4235;24113775000;23991744444;24191744444;10240;10228
4236;24113794000;23991744444;24191744444;10240;10228
4237;24114024000;23991744444;24191744444;10240;10228
4238;24114033000;23991744444;24191744444;10240;10228
4239;24114264000;23991744444;24191744444;10240;10228
4240;24114284000;23991744444;24191744444;10240;10228
4241;24114510000;23991744444;24191744444;10240;10228
4242;24114551000;23991744444;24191744444;10240;10228
4243;24114774000;23991744444;24191744444;10240;10228
4244;24114796000;23991744444;24191744444;10240;10228
4245;24115025000;23991744444;24191744444;10240;10228
4246;24155435000;24033477777;24233477777;10240;10228
4247;24155444000;24033477777;24233477777;10240;10228
4248;24155682000;24033477777;24233477777;10240;10228
4249;24155691000;24033477777;24233477777;10240;10228
4250;24155925000;24033477777;24233477777;10240;10228
4251;24155945000;24033477777;24233477777;10240;10228
4252;24156178000;24033477777;24233477777;10240;10228
4253;24156197000;24033477777;24233477777;10240;10228
4254;24156423000;24033477777;24233477777;10240;10228
4255;24156434000;24033477777;24233477777;10240;10228
4256;24156680000;24033477777;24233477777;10240;10228
4257;24197164000;24075088888;24275088888;10240;10228
4259;24197173000;24075088888;24275088888;10240;10228
4262;24197375000;24075088888;24275088888;10240;10228
4263;24197394000;24075088888;24275088888;10240;10228
4265;24197592000;24075088888;24275088888;10240;10228
4266;24197598000;24075088888;24275088888;10240;10228
4267;24197895000;24075088888;24275088888;10240;10228
4268;24238844000;24116744444;24316744444;10240;10228
4270;24239089000;24116744444;24316744444;10240;10228
4271;24239101000;24116744444;24316744444;10240;10228
4275;24239115000;24116744444;24316744444;10240;10228
4276;24239326000;24116744444;24316744444;10240;10228
4277;24239342000;24116744444;24316744444;10240;10228
4278;24239564000;24116744444;24316744444;10240;10228
4280;24280498000;24158488888;24358488888;10240;10228
4281;24280510000;24158488888;24358488888;10240;10228
4282;24280743000;24158488888;24358488888;10240;10228
4283;24280763000;24158488888;24358488888;10240;10228
4284;24280994000;24158488888;24358488888;10240;10228
4285;24281015000;24158488888;24358488888;10240;10228
4286;24281232000;24158488888;24358488888;10240;10228
4287;24281242000;24158488888;24358488888;10240;10228
4288;24281477000;24158488888;24358488888;10240;10228
4289;24281488000;24158488888;24358488888;10240;10228
4292;24322120000;24200122222;24400122222;10240;10228
4294;24322142000;24200122222;24400122222;10240;10228
4295;24322361000;24200122222;24400122222;10240;10228
4296;24322380000;24200122222;24400122222;10240;10228
4297;24322618000;24200122222;24400122222;10240;10228
4298;24322627000;24200122222;24400122222;10240;10228
4299;24322870000;24200122222;24400122222;10240;10228
4300;24322890000;24200122222;24400122222;10240;10228
4301;24363776000;24241766666;24441766666;10240;10228
4302;24363787000;24241766666;24441766666;10240;10228
4303;24364024000;24241766666;24441766666;10240;10228
4304;24364035000;24241766666;24441766666;10240;10228
4305;24364268000;24241766666;24441766666;10240;10228
4306;24364289000;24241766666;24441766666;10240;10228
4307;24364543000;24241766666;24441766666;10240;10228
4308;24364564000;24241766666;24441766666;10240;10228
4310;24364776000;24241766666;24441766666;10240;10228
4311;24364788000;24241766666;24441766666;10240;10228
4313;24405454000;24283444444;24483444444;10240;10228
4314;24405467000;24283444444;24483444444;10240;10228
4315;24405703000;24283444444;24483444444;10240;10228
4316;24405716000;24283444444;24483444444;10240;10228
4317;24405945000;24283444444;24483444444;10240;10228
4318;24405954000;24283444444;24483444444;10240;10228
4319;24406188000;24283444444;24483444444;10240;10228
4320;24406194000;24283444444;24483444444;10240;10228
4321;24406452000;24283444444;24483444444;10240;10228
4322;24406461000;24283444444;24483444444;10240;10228
4323;24447101000;24325100000;24525100000;10240;10228
4324;24447122000;24325100000;24525100000;10240;10228
4325;24447343000;24325100000;24525100000;10240;10228
4326;24447363000;24325100000;24525100000;10240;10228
4327;24447617000;24325100000;24525100000;10240;10228
4328;24447626000;24325100000;24525100000;10240;10228
4329;24447849000;24325100000;24525100000;10240;10228
4330;24447860000;24325100000;24525100000;10240;10228
4331;24448069000;24325100000;24525100000;10240;10228
4332;24448081000;24325100000;24525100000;10240;10228
4333;24448342000;24325100000;24525100000;10240;10228
4334;24488780000;24366755555;24566755555;10240;10228
4335;24488790000;24366755555;24566755555;10240;10228
4336;24489031000;24366755555;24566755555;10240;10228
4337;24489041000;24366755555;24566755555;10240;10228
4338;24489270000;24366755555;24566755555;10240;10228
4339;24489290000;24366755555;24566755555;10240;10228
4340;24489554000;24366755555;24566755555;10240;10228
4341;24489563000;24366755555;24566755555;10240;10228
4342;24489777000;24366755555;24566755555;10240;10228
4343;24489787000;24366755555;24566755555;10240;10228
4344;24490029000;24366755555;24566755555;10240;10228
4345;24530424000;24408455555;24608455555;10240;10228
4346;24530434000;24408455555;24608455555;10240;10228
4347;24530673000;24408455555;24608455555;10240;10228
4348;24530682000;24408455555;24608455555;10240;10228
4349;24530923000;24408455555;24608455555;10240;10228
4350;24530933000;24408455555;24608455555;10240;10228
4351;24531167000;24408455555;24608455555;10240;10228
4352;24531186000;24408455555;24608455555;10240;10228
4353;24531417000;24408455555;24608455555;10240;10228
4354;24531427000;24408455555;24608455555;10240;10228
4355;24531672000;24408455555;24608455555;10240;10228
4356;24572097000;24450100000;24650100000;10240;10228
4357;24572118000;24450100000;24650100000;10240;10228
4358;24572352000;24450100000;24650100000;10240;10228
4359;24572361000;24450100000;24650100000;10240;10228
4360;24572613000;24450100000;24650100000;10240;10228
4361;24572640000;24450100000;24650100000;10240;10228
4362;24572852000;24450100000;24650100000;10240;10228
4363;24572871000;24450100000;24650100000;10240;10228
4364;24573104000;24450100000;24650100000;10240;10228
4365;24573113000;24450100000;24650100000;10240;10228
4367;24613775000;24491744444;24691744444;10240;10228
4369;24613786000;24491744444;24691744444;10240;10228
4370;24614015000;24491744444;24691744444;10240;10228
4371;24614023000;24491744444;24691744444;10240;10228
4372;24614258000;24491744444;24691744444;10240;10228
4373;24614264000;24491744444;24691744444;10240;10228
4374;24614525000;24491744444;24691744444;10240;10228
4375;24614546000;24491744444;24691744444;10240;10228
4376;24614776000;24491744444;24691744444;10240;10228
4377;24614787000;24491744444;24691744444;10240;10228
4378;24655420000;24533466666;24733466666;10240;10228
4379;24655432000;24533466666;24733466666;10240;10228
4380;24655669000;24533466666;24733466666;10240;10228
4381;24655681000;24533466666;24733466666;10240;10228
4382;24655920000;24533466666;24733466666;10240;10228
4383;24655931000;24533466666;24733466666;10240;10228
4384;24656164000;24533466666;24733466666;10240;10228
4385;24656184000;24533466666;24733466666;10240;10228
4386;24656416000;24533466666;24733466666;10240;10228
4388;24656426000;24533466666;24733466666;10240;10228
4389;24697105000;24575100000;24775100000;10240;10228
4390;24697125000;24575100000;24775100000;10240;10228
4391;24697356000;24575100000;24775100000;10240;10228
4392;24697375000;24575100000;24775100000;10240;10228
4393;24697642000;24575100000;24775100000;10240;10228
4394;24697650000;24575100000;24775100000;10240;10228
4396;24697873000;24575100000;24775100000;10240;10228
4397;24697884000;24575100000;24775100000;10240;10228
4398;24698124000;24575100000;24775100000;10240;10228
4399;24698144000;24575100000;24775100000;10240;10228
4400;24738759000;24616755555;24816755555;10240;10228
4401;24738781000;24616755555;24816755555;10240;10228
4402;24739038000;24616755555;24816755555;10240;10228
4403;24739049000;24616755555;24816755555;10240;10228
4404;24739292000;24616755555;24816755555;10240;10228
4405;24739312000;24616755555;24816755555;10240;10228
4406;24739494000;24616755555;24816755555;10240;10228
4407;24739504000;24616755555;24816755555;10240;10228
4408;24739797000;24616755555;24816755555;10240;10228
4409;24739808000;24616755555;24816755555;10240;10228
4410;24739812000;24616755555;24816755555;10240;10228
4412;24780417000;24658466666;24858466666;10240;10228
4413;24780441000;24658466666;24858466666;10240;10228
4414;24780699000;24658466666;24858466666;10240;10228
4415;24780710000;24658466666;24858466666;10240;10228
4418;24780955000;24658466666;24858466666;10240;10228
4419;24780977000;24658466666;24858466666;10240;10228
4420;24781199000;24658466666;24858466666;10240;10228
4421;24781220000;24658466666;24858466666;10240;10228
4422;24822094000;24700088888;24900088888;10240;10228
4423;24822116000;24700088888;24900088888;10240;10228
4424;24822333000;24700088888;24900088888;10240;10228
4425;24822354000;24700088888;24900088888;10240;10228
4426;24822616000;24700088888;24900088888;10240;10228
4427;24822635000;24700088888;24900088888;10240;10228
4428;24822839000;24700088888;24900088888;10240;10228
4429;24822849000;24700088888;24900088888;10240;10228
4430;24823054000;24700088888;24900088888;10240;10228
4431;24823072000;24700088888;24900088888;10240;10228
4433;24863779000;24741766666;24941766666;10240;10228
4434;24863790000;24741766666;24941766666;10240;10228
4435;24864027000;24741766666;24941766666;10240;10228
4436;24864036000;24741766666;24941766666;10240;10228
4437;24864263000;24741766666;24941766666;10240;10228
4438;24864282000;24741766666;24941766666;10240;10228
4439;24864536000;24741766666;24941766666;10240;10228
4440;24864556000;24741766666;24941766666;10240;10228
4442;24864776000;24741766666;24941766666;10240;10228
4443;24864786000;24741766666;24941766666;10240;10228
4444;24905433000;24783477777;24983477777;10240;10228
4445;24905445000;24783477777;24983477777;10240;10228
4446;24905684000;24783477777;24983477777;10240;10228
4447;24905712000;24783477777;24983477777;10240;10228
4448;24905927000;24783477777;24983477777;10240;10228
4449;24905938000;24783477777;24983477777;10240;10228
4450;24906134000;24783477777;24983477777;10240;10228
4451;24906145000;24783477777;24983477777;10240;10228
4452;24906427000;24783477777;24983477777;10240;10228
4453;24906438000;24783477777;24983477777;10240;10228
4454;24906687000;24783477777;24983477777;10240;10228
4455;24947095000;24825111111;25025111111;10240;10228
4456;24947115000;24825111111;25025111111;10240;10228
4457;24947332000;24825111111;25025111111;10240;10228
4458;24947353000;24825111111;25025111111;10240;10228
4459;24947620000;24825111111;25025111111;10240;10228
4460;24947640000;24825111111;25025111111;10240;10228
4461;24947887000;24825111111;25025111111;10240;10228
4462;24947908000;24825111111;25025111111;10240;10228
4463;24948145000;24825111111;25025111111;10240;10228
4464;24948166000;24825111111;25025111111;10240;10228
4465;24948391000;24825111111;25025111111;10240;10228
4466;24988819000;24866744444;25066744444;10240;10228
4467;24988838000;24866744444;25066744444;10240;10228
4468;24989065000;24866744444;25066744444;10240;10228
4469;24989086000;24866744444;25066744444;10240;10228
4470;24989236000;24866744444;25066744444;10240;10228
4471;24989257000;24866744444;25066744444;10240;10228
4473;24989553000;24866744444;25066744444;10240;10228
4474;24989574000;24866744444;25066744444;10240;10228
4475;24989817000;24866744444;25066744444;10240;10228
4476;24989839000;24866744444;25066744444;10240;10228
4477;25030463000;24908477777;25108477777;10240;10228
4478;25030474000;24908477777;25108477777;10240;10228
4480;25030705000;24908477777;25108477777;10240;10228
4481;25030726000;24908477777;25108477777;10240;10228
4482;25030963000;24908477777;25108477777;10240;10228
4483;25030982000;24908477777;25108477777;10240;10228
4484;25031197000;24908477777;25108477777;10240;10228
4485;25031215000;24908477777;25108477777;10240;10228
4487;25031443000;24908477777;25108477777;10240;10228
4489;25072153000;24950077777;25150077777;10240;10228
4491;25072186000;24950077777;25150077777;10240;10228
4492;25072372000;24950077777;25150077777;10240;10228
4493;25072383000;24950077777;25150077777;10240;10228
4495;25072648000;24950077777;25150077777;10240;10228
4496;25072669000;24950077777;25150077777;10240;10228
4497;25072898000;24950077777;25150077777;10240;10228
4498;25072918000;24950077777;25150077777;10240;10228
4499;25113820000;24991733333;25191733333;10240;10228
4500;25113840000;24991733333;25191733333;10240;10228
4501;25114072000;24991733333;25191733333;10240;10228
4502;25114090000;24991733333;25191733333;10240;10228
4503;25114308000;24991733333;25191733333;10240;10228
4504;25114317000;24991733333;25191733333;10240;10228
4505;25114566000;24991733333;25191733333;10240;10228
4506;25114585000;24991733333;25191733333;10240;10228
4507;25114828000;24991733333;25191733333;10240;10228
4508;25114848000;24991733333;25191733333;10240;10228
4509;25114992000;24991733333;25191733333;10240;10228
4510;25155447000;25033455555;25233455555;10240;10228
4511;25155458000;25033455555;25233455555;10240;10228
4512;25155696000;25033455555;25233455555;10240;10228
4513;25155708000;25033455555;25233455555;10240;10228
4514;25155950000;25033455555;25233455555;10240;10228
4515;25155960000;25033455555;25233455555;10240;10228
4516;25156194000;25033455555;25233455555;10240;10228
4520;25156213000;25033455555;25233455555;10240;10228
4521;25197067000;25075055555;25275055555;10240;10228
4522;25197079000;25075055555;25275055555;10240;10228
4523;25197312000;25075055555;25275055555;10240;10228
4524;25197331000;25075055555;25275055555;10240;10228
4525;25197592000;25075055555;25275055555;10240;10228
4526;25197611000;25075055555;25275055555;10240;10228
4527;25197815000;25075055555;25275055555;10240;10228
4528;25197826000;25075055555;25275055555;10240;10228
4529;25198059000;25075055555;25275055555;10240;10228
4530;25198080000;25075055555;25275055555;10240;10228
4532;25238816000;25116677777;25316677777;10240;10228
4533;25238837000;25116677777;25316677777;10240;10228
4534;25239064000;25116677777;25316677777;10240;10228
4535;25239085000;25116677777;25316677777;10240;10228
4536;25239301000;25116677777;25316677777;10240;10228
4537;25239321000;25116677777;25316677777;10240;10228
4538;25239535000;25116677777;25316677777;10240;10228
4539;25239541000;25116677777;25316677777;10240;10228
4540;25239752000;25116677777;25316677777;10240;10228
4541;25239832000;25116677777;25316677777;10240;10228
4542;25240038000;25116677777;25316677777;10240;10228
4543;25280495000;25158477777;25358477777;10240;10228
4544;25280507000;25158477777;25358477777;10240;10228
4545;25280743000;25158477777;25358477777;10240;10228
4546;25280764000;25158477777;25358477777;10240;10228
4547;25280985000;25158477777;25358477777;10240;10228
4548;25281006000;25158477777;25358477777;10240;10228
4549;25281226000;25158477777;25358477777;10240;10228
4550;25281237000;25158477777;25358477777;10240;10228
4552;25281474000;25158477777;25358477777;10240;10228
4553;25281485000;25158477777;25358477777;10240;10228
4554;25322150000;25200088888;25400088888;10240;10228
4555;25322173000;25200088888;25400088888;10240;10228
4556;25322388000;25200088888;25400088888;10240;10228
4557;25322399000;25200088888;25400088888;10240;10228
4558;25322650000;25200088888;25400088888;10240;10228
4559;25322668000;25200088888;25400088888;10240;10228
4560;25322833000;25200088888;25400088888;10240;10228
4561;25322851000;25200088888;25400088888;10240;10228
4562;25323114000;25200088888;25400088888;10240;10228
4563;25323133000;25200088888;25400088888;10240;10228
4564;25323340000;25200088888;25400088888;10240;10228
4565;25363777000;25241744444;25441744444;10240;10228
4566;25363789000;25241744444;25441744444;10240;10228
4567;25364023000;25241744444;25441744444;10240;10228
4571;25364034000;25241744444;25441744444;10240;10228
4572;25364258000;25241744444;25441744444;10240;10228
4573;25364264000;25241744444;25441744444;10240;10228
4574;25364509000;25241744444;25441744444;10240;10228
4575;25364525000;25241744444;25441744444;10240;10228
4576;25405449000;25283444444;25483444444;10240;10228
4577;25405459000;25283444444;25483444444;10240;10228
4578;25405696000;25283444444;25483444444;10240;10228
4579;25405705000;25283444444;25483444444;10240;10228
4580;25405950000;25283444444;25483444444;10240;10228
4581;25405960000;25283444444;25483444444;10240;10228
4582;25406188000;25283444444;25483444444;10240;10228
4583;25406208000;25283444444;25483444444;10240;10228
4584;25406439000;25283444444;25483444444;10240;10228
4586;25406450000;25283444444;25483444444;10240;10228
4587;25447098000;25325066666;25525066666;10240;10228
4588;25447120000;25325066666;25525066666;10240;10228
4589;25447342000;25325066666;25525066666;10240;10228
4590;25447363000;25325066666;25525066666;10240;10228
4591;25447612000;25325066666;25525066666;10240;10228
4592;25447624000;25325066666;25525066666;10240;10228
4593;25447842000;25325066666;25525066666;10240;10228
4594;25447913000;25325066666;25525066666;10240;10228
4595;25448093000;25325066666;25525066666;10240;10228
4596;25448114000;25325066666;25525066666;10240;10228
4597;25448343000;25325066666;25525066666;10240;10228
4598;25488774000;25366722222;25566722222;10240;10228
4601;25488785000;25366722222;25566722222;10240;10228
4602;25489024000;25366722222;25566722222;10240;10228
4603;25489036000;25366722222;25566722222;10240;10228
4604;25489268000;25366722222;25566722222;10240;10228
4605;25489289000;25366722222;25566722222;10240;10228
4606;25489543000;25366722222;25566722222;10240;10228
4607;25489564000;25366722222;25566722222;10240;10228
4608;25489776000;25366722222;25566722222;10240;10228
4610;25530467000;25408444444;25608444444;10240;10228
4611;25530477000;25408444444;25608444444;10240;10228
4612;25530710000;25408444444;25608444444;10240;10228
4613;25530720000;25408444444;25608444444;10240;10228
4614;25530956000;25408444444;25608444444;10240;10228
4615;25530978000;25408444444;25608444444;10240;10228
4616;25531207000;25408444444;25608444444;10240;10228
4617;25531228000;25408444444;25608444444;10240;10228
4618;25531457000;25408444444;25608444444;10240;10228
4619;25531475000;25408444444;25608444444;10240;10228
4620;25572141000;25450077777;25650077777;10240;10228
4621;25572162000;25450077777;25650077777;10240;10228
4622;25572363000;25450077777;25650077777;10240;10228
4623;25572383000;25450077777;25650077777;10240;10228
4624;25572651000;25450077777;25650077777;10240;10228
4625;25572671000;25450077777;25650077777;10240;10228
4626;25572889000;25450077777;25650077777;10240;10228
4627;25572909000;25450077777;25650077777;10240;10228
4628;25573132000;25450077777;25650077777;10240;10228
4629;25573141000;25450077777;25650077777;10240;10228
4630;25573369000;25450077777;25650077777;10240;10228
4631;25613770000;25491733333;25691733333;10240;10228
4632;25613792000;25491733333;25691733333;10240;10228
4633;25614019000;25491733333;25691733333;10240;10228
4634;25614030000;25491733333;25691733333;10240;10228
4635;25614219000;25491733333;25691733333;10240;10228
4637;25614230000;25491733333;25691733333;10240;10228
4638;25614507000;25491733333;25691733333;10240;10228
4639;25614527000;25491733333;25691733333;10240;10228
4640;25614770000;25491733333;25691733333;10240;10228
4642;25655413000;25533455555;25733455555;10240;10228
4643;25655425000;25533455555;25733455555;10240;10228
4644;25655669000;25533455555;25733455555;10240;10228
4645;25655681000;25533455555;25733455555;10240;10228
4646;25655921000;25533455555;25733455555;10240;10228
4647;25655942000;25533455555;25733455555;10240;10228
4648;25656189000;25533455555;25733455555;10240;10228
4649;25656210000;25533455555;25733455555;10240;10228
4650;25656410000;25533455555;25733455555;10240;10228
4651;25656422000;25533455555;25733455555;10240;10228
4655;25697107000;25575100000;25775100000;10240;10228
4656;25697127000;25575100000;25775100000;10240;10228
4658;25697344000;25575100000;25775100000;10240;10228
4659;25697364000;25575100000;25775100000;10240;10228
4660;25697622000;25575100000;25775100000;10240;10228
4661;25697640000;25575100000;25775100000;10240;10228
4662;25697841000;25575100000;25775100000;10240;10228
4663;25697859000;25575100000;25775100000;10240;10228
4664;25738818000;25616744444;25816744444;10240;10228
4666;25738837000;25616744444;25816744444;10240;10228
4667;25739072000;25616744444;25816744444;10240;10228
4668;25739091000;25616744444;25816744444;10240;10228
4669;25739309000;25616744444;25816744444;10240;10228
4670;25739318000;25616744444;25816744444;10240;10228
4671;25739529000;25616744444;25816744444;10240;10228
4672;25739548000;25616744444;25816744444;10240;10228
4673;25739755000;25616744444;25816744444;10240;10228
4674;25739773000;25616744444;25816744444;10240;10228
4675;25780486000;25658433333;25858433333;10240;10228
4676;25780497000;25658433333;25858433333;10240;10228
4677;25780736000;25658433333;25858433333;10240;10228
4678;25780756000;25658433333;25858433333;10240;10228
4679;25780984000;25658433333;25858433333;10240;10228
4680;25781005000;25658433333;25858433333;10240;10228
4682;25781211000;25658433333;25858433333;10240;10228
4683;25781232000;25658433333;25858433333;10240;10228
4684;25781468000;25658433333;25858433333;10240;10228
4685;25781479000;25658433333;25858433333;10240;10228
4686;25822093000;25700055555;25900055555;10240;10228
4687;25822104000;25700055555;25900055555;10240;10228
4688;25822335000;25700055555;25900055555;10240;10228
4689;25822354000;25700055555;25900055555;10240;10228
4691;25822573000;25700055555;25900055555;10240;10228
4692;25822592000;25700055555;25900055555;10240;10228
4693;25822818000;25700055555;25900055555;10240;10228
4694;25822837000;25700055555;25900055555;10240;10228
4695;25823087000;25700055555;25900055555;10240;10228
4696;25823106000;25700055555;25900055555;10240;10228
4697;25863776000;25741733333;25941733333;10240;10228
4698;25863787000;25741733333;25941733333;10240;10228
4699;25864025000;25741733333;25941733333;10240;10228
4700;25864036000;25741733333;25941733333;10240;10228
4701;25864269000;25741733333;25941733333;10240;10228
4702;25864290000;25741733333;25941733333;10240;10228
4703;25864538000;25741733333;25941733333;10240;10228
4704;25864573000;25741733333;25941733333;10240;10228
4705;25864776000;25741733333;25941733333;10240;10228
4707;25864805000;25741733333;25941733333;10240;10228
4709;25905454000;25783455555;25983455555;10240;10228
4710;25905470000;25783455555;25983455555;10240;10228
4711;25905703000;25783455555;25983455555;10240;10228
4712;25905715000;25783455555;25983455555;10240;10228
4713;25905954000;25783455555;25983455555;10240;10228
4714;25905964000;25783455555;25983455555;10240;10228
4715;25906174000;25783455555;25983455555;10240;10228
4716;25906192000;25783455555;25983455555;10240;10228
4717;25906450000;25783455555;25983455555;10240;10228
4718;25906460000;25783455555;25983455555;10240;10228
4719;25947101000;25825088888;26025088888;10240;10228
4720;25947110000;25825088888;26025088888;10240;10228
4721;25947344000;25825088888;26025088888;10240;10228
4723;25947363000;25825088888;26025088888;10240;10228
4724;25947614000;25825088888;26025088888;10240;10228
4725;25947623000;25825088888;26025088888;10240;10228
4726;25947849000;25825088888;26025088888;10240;10228
4727;25947860000;25825088888;26025088888;10240;10228
4728;25948092000;25825088888;26025088888;10240;10228
4729;25948113000;25825088888;26025088888;10240;10228
4730;25988752000;25866722222;26066722222;10240;10228
4731;25988775000;25866722222;26066722222;10240;10228
4735;25989025000;25866722222;26066722222;10240;10228
4736;25989048000;25866722222;26066722222;10240;10228
4737;25989244000;25866722222;26066722222;10240;10228
4738;25989255000;25866722222;26066722222;10240;10228
4739;25989526000;25866722222;26066722222;10240;10228
4740;25989546000;25866722222;26066722222;10240;10228
4741;26030445000;25908455555;26108455555;10240;10228
4742;26030457000;25908455555;26108455555;10240;10228
4743;26030695000;25908455555;26108455555;10240;10228
4744;26030705000;25908455555;26108455555;10240;10228
4745;26030946000;25908455555;26108455555;10240;10228
4747;26030957000;25908455555;26108455555;10240;10228
4748;26031193000;25908455555;26108455555;10240;10228
4749;26031212000;25908455555;26108455555;10240;10228
4750;26031442000;25908455555;26108455555;10240;10228
4751;26031452000;25908455555;26108455555;10240;10228
4752;26072101000;25950122222;26150122222;10240;10228
4753;26072111000;25950122222;26150122222;10240;10228
4754;26072344000;25950122222;26150122222;10240;10228
4755;26072363000;25950122222;26150122222;10240;10228
4756;26072612000;25950122222;26150122222;10240;10228
4757;26072623000;25950122222;26150122222;10240;10228
4758;26072825000;25950122222;26150122222;10240;10228
4759;26072896000;25950122222;26150122222;10240;10228
4760;26073092000;25950122222;26150122222;10240;10228
4761;26073113000;25950122222;26150122222;10240;10228
4762;26073342000;25950122222;26150122222;10240;10228
4763;26113780000;25991777777;26191777777;10240;10228
4764;26113790000;25991777777;26191777777;10240;10228
4765;26114027000;25991777777;26191777777;10240;10228
4766;26114037000;25991777777;26191777777;10240;10228
4767;26114271000;25991777777;26191777777;10240;10228
4768;26114290000;25991777777;26191777777;10240;10228
4769;26114543000;25991777777;26191777777;10240;10228
4770;26114563000;25991777777;26191777777;10240;10228
4771;26114777000;25991777777;26191777777;10240;10228
4773;26114787000;25991777777;26191777777;10240;10228
4774;26155432000;26033488888;26233488888;10240;10228
4775;26155445000;26033488888;26233488888;10240;10228
4776;26155682000;26033488888;26233488888;10240;10228
4777;26155693000;26033488888;26233488888;10240;10228
4778;26155932000;26033488888;26233488888;10240;10228
4779;26155944000;26033488888;26233488888;10240;10228
4780;26156176000;26033488888;26233488888;10240;10228
4781;26156197000;26033488888;26233488888;10240;10228
4782;26156426000;26033488888;26233488888;10240;10228
4783;26156437000;26033488888;26233488888;10240;10228
4784;26156683000;26033488888;26233488888;10240;10228
4785;26197098000;26075088888;26275088888;10240;10228
4786;26197110000;26075088888;26275088888;10240;10228
4787;26197341000;26075088888;26275088888;10240;10228
4788;26197362000;26075088888;26275088888;10240;10228
4789;26197590000;26075088888;26275088888;10240;10228
4790;26197660000;26075088888;26275088888;10240;10228
4791;26197849000;26075088888;26275088888;10240;10228
4792;26197860000;26075088888;26275088888;10240;10228
4793;26198092000;26075088888;26275088888;10240;10228
4794;26198114000;26075088888;26275088888;10240;10228
4795;26198342000;26075088888;26275088888;10240;10228
4796;26238774000;26116755555;26316755555;10240;10228
4797;26238786000;26116755555;26316755555;10240;10228
4798;26239024000;26116755555;26316755555;10240;10228
4799;26239036000;26116755555;26316755555;10240;10228
4800;26239268000;26116755555;26316755555;10240;10228
4801;26239289000;26116755555;26316755555;10240;10228
4802;26239539000;26116755555;26316755555;10240;10228
4803;26239574000;26116755555;26316755555;10240;10228
4804;26239753000;26116755555;26316755555;10240;10228
4805;26239771000;26116755555;26316755555;10240;10228
4806;26239986000;26116755555;26316755555;10240;10228
4807;26280429000;26158466666;26358466666;10240;10228
4808;26280438000;26158466666;26358466666;10240;10228
4809;26280677000;26158466666;26358466666;10240;10228
4810;26280696000;26158466666;26358466666;10240;10228
4811;26280921000;26158466666;26358466666;10240;10228
4812;26280942000;26158466666;26358466666;10240;10228
4813;26281175000;26158466666;26358466666;10240;10228
4814;26281196000;26158466666;26358466666;10240;10228
4815;26281421000;26158466666;26358466666;10240;10228
4816;26281432000;26158466666;26358466666;10240;10228
4817;26281677000;26158466666;26358466666;10240;10228
4818;26322097000;26200100000;26400100000;10240;10228
4819;26322116000;26200100000;26400100000;10240;10228
4820;26322332000;26200100000;26400100000;10240;10228
4821;26322352000;26200100000;26400100000;10240;10228
4822;26322578000;26200100000;26400100000;10240;10228
4823;26322583000;26200100000;26400100000;10240;10228
4824;26322889000;26200100000;26400100000;10240;10228
4825;26322910000;26200100000;26400100000;10240;10228
4826;26323146000;26200100000;26400100000;10240;10228
4827;26323167000;26200100000;26400100000;10240;10228
4828;26323366000;26200100000;26400100000;10240;10228
4829;26363832000;26241766666;26441766666;10240;10228
4830;26363850000;26241766666;26441766666;10240;10228
4831;26364033000;26241766666;26441766666;10240;10228
4832;26364051000;26241766666;26441766666;10240;10228
4833;26364271000;26241766666;26441766666;10240;10228
4834;26364292000;26241766666;26441766666;10240;10228
4835;26364538000;26241766666;26441766666;10240;10228
4836;26364559000;26241766666;26441766666;10240;10228
4837;26364778000;26241766666;26441766666;10240;10228
4838;26364798000;26241766666;26441766666;10240;10228
4839;26365038000;26241766666;26441766666;10240;10228
4840;26405425000;26283466666;26483466666;10240;10228
4841;26405435000;26283466666;26483466666;10240;10228
4842;26405676000;26283466666;26483466666;10240;10228
4843;26405694000;26283466666;26483466666;10240;10228
4844;26405923000;26283466666;26483466666;10240;10228
4845;26405942000;26283466666;26483466666;10240;10228
4846;26406162000;26283466666;26483466666;10240;10228
4847;26406182000;26283466666;26483466666;10240;10228
4848;26406445000;26283466666;26483466666;10240;10228
4849;26406456000;26283466666;26483466666;10240;10228
4851;26447092000;26325100000;26525100000;10240;10228
4853;26447133000;26325100000;26525100000;10240;10228
4854;26447329000;26325100000;26525100000;10240;10228
4855;26447350000;26325100000;26525100000;10240;10228
4856;26447620000;26325100000;26525100000;10240;10228
4857;26447641000;26325100000;26525100000;10240;10228
4858;26447887000;26325100000;26525100000;10240;10228
4859;26447908000;26325100000;26525100000;10240;10228
4860;26448125000;26325100000;26525100000;10240;10228
4861;26448146000;26325100000;26525100000;10240;10228
4862;26488799000;26366744444;26566744444;10240;10228
4863;26488818000;26366744444;26566744444;10240;10228
4864;26489049000;26366744444;26566744444;10240;10228
4865;26489070000;26366744444;26566744444;10240;10228
4866;26489305000;26366744444;26566744444;10240;10228
4867;26489315000;26366744444;26566744444;10240;10228
4871;26489478000;26366744444;26566744444;10240;10228
4872;26489486000;26366744444;26566744444;10240;10228
4873;26530480000;26408466666;26608466666;10240;10228
4874;26530489000;26408466666;26608466666;10240;10228
4875;26530729000;26408466666;26608466666;10240;10228
4877;26530747000;26408466666;26608466666;10240;10228
4878;26530977000;26408466666;26608466666;10240;10228
4879;26530997000;26408466666;26608466666;10240;10228
4880;26531205000;26408466666;26608466666;10240;10228
4881;26531225000;26408466666;26608466666;10240;10228
4882;26531459000;26408466666;26608466666;10240;10228
4883;26531469000;26408466666;26608466666;10240;10228
4884;26572129000;26450133333;26650133333;10240;10228
4887;26572150000;26450133333;26650133333;10240;10228
4888;26572354000;26450133333;26650133333;10240;10228
4889;26572374000;26450133333;26650133333;10240;10228
4890;26572660000;26450133333;26650133333;10240;10228
4891;26572671000;26450133333;26650133333;10240;10228
4892;26572873000;26450133333;26650133333;10240;10228
4893;26572894000;26450133333;26650133333;10240;10228
4894;26573105000;26450133333;26650133333;10240;10228
4895;26613760000;26491755555;26691755555;10240;10228
4896;26613771000;26491755555;26691755555;10240;10228
4897;26614040000;26491755555;26691755555;10240;10228
4898;26614061000;26491755555;26691755555;10240;10228
4899;26614291000;26491755555;26691755555;10240;10228
4900;26614312000;26491755555;26691755555;10240;10228
4901;26614571000;26491755555;26691755555;10240;10228
4902;26614582000;26491755555;26691755555;10240;10228
4903;26614799000;26491755555;26691755555;10240;10228
4904;26614810000;26491755555;26691755555;10240;10228
4905;26614814000;26491755555;26691755555;10240;10228
4906;26655420000;26533477777;26733477777;10240;10228
4907;26655431000;26533477777;26733477777;10240;10228
4908;26655677000;26533477777;26733477777;10240;10228
4909;26655688000;26533477777;26733477777;10240;10228
4910;26655945000;26533477777;26733477777;10240;10228
4911;26655966000;26533477777;26733477777;10240;10228
4912;26656164000;26533477777;26733477777;10240;10228
4913;26656186000;26533477777;26733477777;10240;10228
4914;26656421000;26533477777;26733477777;10240;10228
4915;26656432000;26533477777;26733477777;10240;10228
4916;26656678000;26533477777;26733477777;10240;10228
4917;26697088000;26575122222;26775122222;10240;10228
4918;26697098000;26575122222;26775122222;10240;10228
4919;26697321000;26575122222;26775122222;10240;10228
4920;26697341000;26575122222;26775122222;10240;10228
4921;26697570000;26575122222;26775122222;10240;10228
4923;26697652000;26575122222;26775122222;10240;10228
4924;26697833000;26575122222;26775122222;10240;10228
4925;26697855000;26575122222;26775122222;10240;10228
4926;26698079000;26575122222;26775122222;10240;10228
4927;26698101000;26575122222;26775122222;10240;10228
4928;26738768000;26616766666;26816766666;10240;10228
4929;26738780000;26616766666;26816766666;10240;10228
4930;26739018000;26616766666;26816766666;10240;10228
4931;26739029000;26616766666;26816766666;10240;10228
4932;26739262000;26616766666;26816766666;10240;10228
4933;26739282000;26616766666;26816766666;10240;10228
4934;26739509000;26616766666;26816766666;10240;10228
4939;26780452000;26658466666;26858466666;10240;10228
4940;26780464000;26658466666;26858466666;10240;10228
4941;26780702000;26658466666;26858466666;10240;10228
4942;26780713000;26658466666;26858466666;10240;10228
4943;26780946000;26658466666;26858466666;10240;10228
4944;26780967000;26658466666;26858466666;10240;10228
4945;26781197000;26658466666;26858466666;10240;10228
4946;26781218000;26658466666;26858466666;10240;10228
4950;26822145000;26700100000;26900100000;10240;10228
4951;26822166000;26700100000;26900100000;10240;10228
4952;26822363000;26700100000;26900100000;10240;10228
4953;26822382000;26700100000;26900100000;10240;10228
4954;26822655000;26700100000;26900100000;10240;10228
4955;26822674000;26700100000;26900100000;10240;10228
4956;26822891000;26700100000;26900100000;10240;10228
4957;26822910000;26700100000;26900100000;10240;10228
4958;26823141000;26700100000;26900100000;10240;10228
4959;26823150000;26700100000;26900100000;10240;10228
4960;26823371000;26700100000;26900100000;10240;10228
4961;26863823000;26741755555;26941755555;10240;10228
4962;26863853000;26741755555;26941755555;10240;10228
4963;26864064000;26741755555;26941755555;10240;10228
4964;26864085000;26741755555;26941755555;10240;10228
4965;26864298000;26741755555;26941755555;10240;10228
4966;26864317000;26741755555;26941755555;10240;10228
4967;26864485000;26741755555;26941755555;10240;10228
4968;26864520000;26741755555;26941755555;10240;10228
4969;26864820000;26741755555;26941755555;10240;10228
4970;26864838000;26741755555;26941755555;10240;10228
4971;26865044000;26741755555;26941755555;10240;10228
4972;26905437000;26783488888;26983488888;10240;10228
4973;26905687000;26783488888;26983488888;10240;10228
4974;26905696000;26783488888;26983488888;10240;10228
4976;26905701000;26783488888;26983488888;10240;10228
4977;26905935000;26783488888;26983488888;10240;10228
4978;26905948000;26783488888;26983488888;10240;10228
4979;26906179000;26783488888;26983488888;10240;10228
4980;26906200000;26783488888;26983488888;10240;10228
4981;26906429000;26783488888;26983488888;10240;10228
4982;26906440000;26783488888;26983488888;10240;10228
4983;26947100000;26825100000;27025100000;10240;10228
4984;26947110000;26825100000;27025100000;10240;10228
4985;26947343000;26825100000;27025100000;10240;10228
4986;26947362000;26825100000;27025100000;10240;10228
4987;26947614000;26825100000;27025100000;10240;10228
4988;26947623000;26825100000;27025100000;10240;10228
4989;26947826000;26825100000;27025100000;10240;10228
4990;26947845000;26825100000;27025100000;10240;10228
4991;26948095000;26825100000;27025100000;10240;10228
4992;26948116000;26825100000;27025100000;10240;10228
4994;26988773000;26866744444;27066744444;10240;10228
4995;26988785000;26866744444;27066744444;10240;10228
4996;26989023000;26866744444;27066744444;10240;10228
4997;26989035000;26866744444;27066744444;10240;10228
4998;26989267000;26866744444;27066744444;10240;10228
4999;26989288000;26866744444;27066744444;10240;10228
5000;26989493000;26866744444;27066744444;10240;10228
5003;26989521000;26866744444;27066744444;10240;10228
5004;26989774000;26866744444;27066744444;10240;10228
5005;27030437000;26908488888;27108488888;10240;10228
5006;27030447000;26908488888;27108488888;10240;10228
5007;27030682000;26908488888;27108488888;10240;10228
5008;27030693000;26908488888;27108488888;10240;10228
5009;27030932000;26908488888;27108488888;10240;10228
5010;27030943000;26908488888;27108488888;10240;10228
5011;27031176000;26908488888;27108488888;10240;10228
5012;27031197000;26908488888;27108488888;10240;10228
5013;27031426000;26908488888;27108488888;10240;10228
5014;27031438000;26908488888;27108488888;10240;10228
5015;27031659000;26908488888;27108488888;10240;10228
5016;27072099000;26950100000;27150100000;10240;10228
5017;27072109000;26950100000;27150100000;10240;10228
5018;27072343000;26950100000;27150100000;10240;10228
5019;27072362000;26950100000;27150100000;10240;10228
5021;27072612000;26950100000;27150100000;10240;10228
5022;27072624000;26950100000;27150100000;10240;10228
5025;27072848000;26950100000;27150100000;10240;10228
5026;27072860000;26950100000;27150100000;10240;10228
5027;27113824000;26991755555;27191755555;10240;10228
5028;27113844000;26991755555;27191755555;10240;10228
5029;27114068000;26991755555;27191755555;10240;10228
5030;27114090000;26991755555;27191755555;10240;10228
5031;27114301000;26991755555;27191755555;10240;10228
5032;27114321000;26991755555;27191755555;10240;10228
5033;27114546000;26991755555;27191755555;10240;10228
5034;27114566000;26991755555;27191755555;10240;10228
5035;27114822000;26991755555;27191755555;10240;10228
5037;27114842000;26991755555;27191755555;10240;10228
5038;27155467000;27033466666;27233466666;10240;10228
5039;27155478000;27033466666;27233466666;10240;10228
5040;27155716000;27033466666;27233466666;10240;10228
5041;27155734000;27033466666;27233466666;10240;10228
5042;27155966000;27033466666;27233466666;10240;10228
5046;27155985000;27033466666;27233466666;10240;10228
5047;27156145000;27033466666;27233466666;10240;10228
5048;27156153000;27033466666;27233466666;10240;10228
5050;27197111000;27075088888;27275088888;10240;10228
5051;27197139000;27075088888;27275088888;10240;10228
5052;27197353000;27075088888;27275088888;10240;10228
5053;27197373000;27075088888;27275088888;10240;10228
5054;27197611000;27075088888;27275088888;10240;10228
5055;27197622000;27075088888;27275088888;10240;10228
5056;27197858000;27075088888;27275088888;10240;10228
5058;27197871000;27075088888;27275088888;10240;10228
5059;27198111000;27075088888;27275088888;10240;10228
5061;27238828000;27116744444;27316744444;10240;10228
5063;27238847000;27116744444;27316744444;10240;10228
5064;27239080000;27116744444;27316744444;10240;10228
5067;27239099000;27116744444;27316744444;10240;10228
5068;27239303000;27116744444;27316744444;10240;10228
5069;27239322000;27116744444;27316744444;10240;10228
5070;27239497000;27116744444;27316744444;10240;10228
5071;27280504000;27158455555;27358455555;10240;10228
5072;27280535000;27158455555;27358455555;10240;10228
5073;27280748000;27158455555;27358455555;10240;10228
5074;27280767000;27158455555;27358455555;10240;10228
5075;27281000000;27158455555;27358455555;10240;10228
5076;27281019000;27158455555;27358455555;10240;10228
5077;27281246000;27158455555;27358455555;10240;10228
5078;27281255000;27158455555;27358455555;10240;10228
5079;27281486000;27158455555;27358455555;10240;10228
5080;27281495000;27158455555;27358455555;10240;10228
5081;27281727000;27158455555;27358455555;10240;10228
5082;27322130000;27200111111;27400111111;10240;10228
5083;27322152000;27200111111;27400111111;10240;10228
5084;27322360000;27200111111;27400111111;10240;10228
5085;27322370000;27200111111;27400111111;10240;10228
5086;27322562000;27200111111;27400111111;10240;10228
5087;27322583000;27200111111;27400111111;10240;10228
5088;27322879000;27200111111;27400111111;10240;10228
5090;27322899000;27200111111;27400111111;10240;10228
5091;27323112000;27200111111;27400111111;10240;10228
5092;27323131000;27200111111;27400111111;10240;10228
5093;27363820000;27241755555;27441755555;10240;10228
5094;27363839000;27241755555;27441755555;10240;10228
5095;27364071000;27241755555;27441755555;10240;10228
5096;27364090000;27241755555;27441755555;10240;10228
5097;27364289000;27241755555;27441755555;10240;10228
5098;27364298000;27241755555;27441755555;10240;10228
5099;27364553000;27241755555;27441755555;10240;10228
5100;27364579000;27241755555;27441755555;10240;10228
5102;27364820000;27241755555;27441755555;10240;10228
5103;27364842000;27241755555;27441755555;10240;10228
5105;27405493000;27283466666;27483466666;10240;10228
5106;27405505000;27283466666;27483466666;10240;10228
5107;27405742000;27283466666;27483466666;10240;10228
5108;27405762000;27283466666;27483466666;10240;10228
5109;27405984000;27283466666;27483466666;10240;10228
5110;27406005000;27283466666;27483466666;10240;10228
5112;27406159000;27283466666;27483466666;10240;10228
5113;27406175000;27283466666;27483466666;10240;10228
5114;27406456000;27283466666;27483466666;10240;10228
5115;27447100000;27325088888;27525088888;10240;10228
5116;27447111000;27325088888;27525088888;10240;10228
5118;27447341000;27325088888;27525088888;10240;10228
5119;27447362000;27325088888;27525088888;10240;10228
5120;27447612000;27325088888;27525088888;10240;10228
5121;27447624000;27325088888;27525088888;10240;10228
5122;27447849000;27325088888;27525088888;10240;10228
5123;27447860000;27325088888;27525088888;10240;10228
5124;27448093000;27325088888;27525088888;10240;10228
5125;27448115000;27325088888;27525088888;10240;10228
5126;27488776000;27366722222;27566722222;10240;10228
5127;27488788000;27366722222;27566722222;10240;10228
5128;27489024000;27366722222;27566722222;10240;10228
5129;27489035000;27366722222;27566722222;10240;10228
5130;27489269000;27366722222;27566722222;10240;10228
5131;27489289000;27366722222;27566722222;10240;10228
5132;27489495000;27366722222;27566722222;10240;10228
5133;27489504000;27366722222;27566722222;10240;10228
5134;27489753000;27366722222;27566722222;10240;10228
5135;27489772000;27366722222;27566722222;10240;10228
5136;27490028000;27366722222;27566722222;10240;10228
5137;27530430000;27408455555;27608455555;10240;10228
5138;27530450000;27408455555;27608455555;10240;10228
5139;27530680000;27408455555;27608455555;10240;10228
5140;27530692000;27408455555;27608455555;10240;10228
5141;27530930000;27408455555;27608455555;10240;10228
5142;27530941000;27408455555;27608455555;10240;10228
5143;27531175000;27408455555;27608455555;10240;10228
5144;27531195000;27408455555;27608455555;10240;10228
5146;27531427000;27408455555;27608455555;10240;10228
5147;27531437000;27408455555;27608455555;10240;10228
5148;27572100000;27450100000;27650100000;10240;10228
5150;27572110000;27450100000;27650100000;10240;10228
5151;27572344000;27450100000;27650100000;10240;10228
5152;27572364000;27450100000;27650100000;10240;10228
5153;27572614000;27450100000;27650100000;10240;10228
5154;27572624000;27450100000;27650100000;10240;10228
5155;27572826000;27450100000;27650100000;10240;10228
5156;27572846000;27450100000;27650100000;10240;10228
5157;27573093000;27450100000;27650100000;10240;10228
5158;27573114000;27450100000;27650100000;10240;10228
5159;27613770000;27491744444;27691744444;10240;10228
5160;27613782000;27491744444;27691744444;10240;10228
5161;27614020000;27491744444;27691744444;10240;10228
5162;27614042000;27491744444;27691744444;10240;10228
5163;27614265000;27491744444;27691744444;10240;10228
5164;27614286000;27491744444;27691744444;10240;10228
5165;27614507000;27491744444;27691744444;10240;10228
5166;27614552000;27491744444;27691744444;10240;10228
5167;27614774000;27491744444;27691744444;10240;10228
5168;27614795000;27491744444;27691744444;10240;10228
5169;27614970000;27491744444;27691744444;10240;10228
5170;27655426000;27533500000;27733500000;10240;10228
5172;27655437000;27533500000;27733500000;10240;10228
5173;27655679000;27533500000;27733500000;10240;10228
5174;27655690000;27533500000;27733500000;10240;10228
5175;27655927000;27533500000;27733500000;10240;10228
5176;27655949000;27533500000;27733500000;10240;10228
5177;27656177000;27533500000;27733500000;10240;10228
5178;27656198000;27533500000;27733500000;10240;10228
5179;27656425000;27533500000;27733500000;10240;10228
5180;27656437000;27533500000;27733500000;10240;10228
5181;27697098000;27575111111;27775111111;10240;10228
5182;27697109000;27575111111;27775111111;10240;10228
5183;27697335000;27575111111;27775111111;10240;10228
5184;27697355000;27575111111;27775111111;10240;10228
5185;27697619000;27575111111;27775111111;10240;10228
5186;27697637000;27575111111;27775111111;10240;10228
5187;27697808000;27575111111;27775111111;10240;10228
5188;27697827000;27575111111;27775111111;10240;10228
5189;27698105000;27575111111;27775111111;10240;10228
5190;27698115000;27575111111;27775111111;10240;10228
5191;27698338000;27575111111;27775111111;10240;10228
5192;27738770000;27616788888;27816788888;10240;10228
5193;27738782000;27616788888;27816788888;10240;10228
5194;27739019000;27616788888;27816788888;10240;10228
5195;27739030000;27616788888;27816788888;10240;10228
5196;27739262000;27616788888;27816788888;10240;10228
5197;27739282000;27616788888;27816788888;10240;10228
5198;27739520000;27616788888;27816788888;10240;10228
5199;27739539000;27616788888;27816788888;10240;10228
5200;27739775000;27616788888;27816788888;10240;10228
5201;27739784000;27616788888;27816788888;10240;10228
5202;27739970000;27616788888;27816788888;10240;10228
5204;27780452000;27658455555;27858455555;10240;10228
5205;27780464000;27658455555;27858455555;10240;10228
5206;27780703000;27658455555;27858455555;10240;10228
5207;27780714000;27658455555;27858455555;10240;10228
5208;27780948000;27658455555;27858455555;10240;10228
5209;27780959000;27658455555;27858455555;10240;10228
5210;27781194000;27658455555;27858455555;10240;10228
5211;27781204000;27658455555;27858455555;10240;10228
5212;27781448000;27658455555;27858455555;10240;10228
5214;27822093000;27700100000;27900100000;10240;10228
5215;27822114000;27700100000;27900100000;10240;10228
5216;27822332000;27700100000;27900100000;10240;10228
5217;27822352000;27700100000;27900100000;10240;10228
5218;27822609000;27700100000;27900100000;10240;10228
5219;27822629000;27700100000;27900100000;10240;10228
5220;27822803000;27700100000;27900100000;10240;10228
5221;27822824000;27700100000;27900100000;10240;10228
5222;27823096000;27700100000;27900100000;10240;10228
5223;27823106000;27700100000;27900100000;10240;10228
5224;27823340000;27700100000;27900100000;10240;10228
5225;27863768000;27741744444;27941744444;10240;10228
5226;27863780000;27741744444;27941744444;10240;10228
5227;27864019000;27741744444;27941744444;10240;10228
5228;27864041000;27741744444;27941744444;10240;10228
5229;27864262000;27741744444;27941744444;10240;10228
5230;27864284000;27741744444;27941744444;10240;10228
5231;27864510000;27741744444;27941744444;10240;10228
5232;27864538000;27741744444;27941744444;10240;10228
5233;27864771000;27741744444;27941744444;10240;10228
5234;27864783000;27741744444;27941744444;10240;10228
5235;27864969000;27741744444;27941744444;10240;10228
5236;27905438000;27783477777;27983477777;10240;10228
5237;27905449000;27783477777;27983477777;10240;10228
5238;27905688000;27783477777;27983477777;10240;10228
5239;27905700000;27783477777;27983477777;10240;10228
5240;27905932000;27783477777;27983477777;10240;10228
5241;27905953000;27783477777;27983477777;10240;10228
5242;27906176000;27783477777;27983477777;10240;10228
5243;27906197000;27783477777;27983477777;10240;10228
5244;27906432000;27783477777;27983477777;10240;10228
5245;27906444000;27783477777;27983477777;10240;10228
5246;27906688000;27783477777;27983477777;10240;10228
5247;27947108000;27825100000;28025100000;10240;10228
5248;27947128000;27825100000;28025100000;10240;10228
5249;27947308000;27825100000;28025100000;10240;10228
5250;27947316000;27825100000;28025100000;10240;10228
5251;27947578000;27825100000;28025100000;10240;10228
5252;27947660000;27825100000;28025100000;10240;10228
5253;27947860000;27825100000;28025100000;10240;10228
5254;27947871000;27825100000;28025100000;10240;10228
5255;27948103000;27825100000;28025100000;10240;10228
5256;27948123000;27825100000;28025100000;10240;10228
5257;27948345000;27825100000;28025100000;10240;10228
5258;27988763000;27866733333;28066733333;10240;10228
5259;27988781000;27866733333;28066733333;10240;10228
5260;27989042000;27866733333;28066733333;10240;10228
5262;27989062000;27866733333;28066733333;10240;10228
5263;27989296000;27866733333;28066733333;10240;10228
5264;27989316000;27866733333;28066733333;10240;10228
5265;27989497000;27866733333;28066733333;10240;10228
5266;27989510000;27866733333;28066733333;10240;10228
5267;27989805000;27866733333;28066733333;10240;10228
5268;27989827000;27866733333;28066733333;10240;10228
5273;28030447000;27908466666;28108466666;10240;10228
5274;28030460000;27908466666;28108466666;10240;10228
5275;28030698000;27908466666;28108466666;10240;10228
5276;28030709000;27908466666;28108466666;10240;10228
5277;28030943000;27908466666;28108466666;10240;10228
5278;28030963000;27908466666;28108466666;10240;10228
5279;28031200000;27908466666;28108466666;10240;10228
5281;28072101000;27950100000;28150100000;10240;10228
5282;28072122000;27950100000;28150100000;10240;10228
5283;28072339000;27950100000;28150100000;10240;10228
5284;28072360000;27950100000;28150100000;10240;10228
5285;28072616000;27950100000;28150100000;10240;10228
5286;28072637000;27950100000;28150100000;10240;10228
5288;28072845000;27950100000;28150100000;10240;10228
5289;28072857000;27950100000;28150100000;10240;10228
5290;28073051000;27950100000;28150100000;10240;10228
5291;28113786000;27991744444;28191744444;10240;10228
5292;28113796000;27991744444;28191744444;10240;10228
5293;28114025000;27991744444;28191744444;10240;10228
5295;28114045000;27991744444;28191744444;10240;10228
5296;28114270000;27991744444;28191744444;10240;10228
5297;28114291000;27991744444;28191744444;10240;10228
5298;28114538000;27991744444;28191744444;10240;10228
5299;28114560000;27991744444;28191744444;10240;10228
5300;28114784000;27991744444;28191744444;10240;10228
5301;28114805000;27991744444;28191744444;10240;10228
5302;28155452000;28033466666;28233466666;10240;10228
5303;28155464000;28033466666;28233466666;10240;10228
5304;28155701000;28033466666;28233466666;10240;10228
5305;28155713000;28033466666;28233466666;10240;10228
5306;28155945000;28033466666;28233466666;10240;10228
5307;28155967000;28033466666;28233466666;10240;10228
5308;28156152000;28033466666;28233466666;10240;10228
5310;28156196000;28033466666;28233466666;10240;10228
5311;28156445000;28033466666;28233466666;10240;10228
5312;28156455000;28033466666;28233466666;10240;10228
5313;28197097000;28075088888;28275088888;10240;10228
5314;28197107000;28075088888;28275088888;10240;10228
5316;28197329000;28075088888;28275088888;10240;10228
5317;28197334000;28075088888;28275088888;10240;10228
5318;28197621000;28075088888;28275088888;10240;10228
5319;28197627000;28075088888;28275088888;10240;10228
5320;28197893000;28075088888;28275088888;10240;10228
5321;28197912000;28075088888;28275088888;10240;10228
5322;28198147000;28075088888;28275088888;10240;10228
5324;28238816000;28116744444;28316744444;10240;10228
5325;28238836000;28116744444;28316744444;10240;10228
5326;28239070000;28116744444;28316744444;10240;10228
5327;28239088000;28116744444;28316744444;10240;10228
5328;28239308000;28116744444;28316744444;10240;10228
5329;28239317000;28116744444;28316744444;10240;10228
5330;28239527000;28116744444;28316744444;10240;10228
5331;28239546000;28116744444;28316744444;10240;10228
5332;28239824000;28116744444;28316744444;10240;10228
5333;28239842000;28116744444;28316744444;10240;10228
5335;28280490000;28158466666;28358466666;10240;10228
5336;28280500000;28158466666;28358466666;10240;10228
5337;28280735000;28158466666;28358466666;10240;10228
5338;28280755000;28158466666;28358466666;10240;10228
5339;28280922000;28158466666;28358466666;10240;10228
5340;28280942000;28158466666;28358466666;10240;10228
5341;28281212000;28158466666;28358466666;10240;10228
5343;28281233000;28158466666;28358466666;10240;10228
5344;28281470000;28158466666;28358466666;10240;10228
5345;28281481000;28158466666;28358466666;10240;10228
5346;28322097000;28200100000;28400100000;10240;10228
5347;28322123000;28200100000;28400100000;10240;10228
5348;28322341000;28200100000;28400100000;10240;10228
5349;28322362000;28200100000;28400100000;10240;10228
5350;28322612000;28200100000;28400100000;10240;10228
5351;28322623000;28200100000;28400100000;10240;10228
5352;28322848000;28200100000;28400100000;10240;10228
5353;28322859000;28200100000;28400100000;10240;10228
5354;28323104000;28200100000;28400100000;10240;10228
5357;28363775000;28241777777;28441777777;10240;10228
5358;28363788000;28241777777;28441777777;10240;10228
5359;28364025000;28241777777;28441777777;10240;10228
5360;28364037000;28241777777;28441777777;10240;10228
5361;28364269000;28241777777;28441777777;10240;10228
5362;28364290000;28241777777;28441777777;10240;10228
5363;28364495000;28241777777;28441777777;10240;10228
5364;28364535000;28241777777;28441777777;10240;10228
5365;28364777000;28241777777;28441777777;10240;10228
5366;28364788000;28241777777;28441777777;10240;10228
5367;28365029000;28241777777;28441777777;10240;10228
5368;28405445000;28283466666;28483466666;10240;10228
5369;28405470000;28283466666;28483466666;10240;10228
5370;28405695000;28283466666;28483466666;10240;10228
5371;28405708000;28283466666;28483466666;10240;10228
5372;28405945000;28283466666;28483466666;10240;10228
5373;28405957000;28283466666;28483466666;10240;10228
5374;28406189000;28283466666;28483466666;10240;10228
5375;28406211000;28283466666;28483466666;10240;10228
5376;28406415000;28283466666;28483466666;10240;10228
5377;28406428000;28283466666;28483466666;10240;10228
5379;28447099000;28325100000;28525100000;10240;10228
5380;28447110000;28325100000;28525100000;10240;10228
5381;28447342000;28325100000;28525100000;10240;10228
5382;28447362000;28325100000;28525100000;10240;10228
5383;28447614000;28325100000;28525100000;10240;10228
5384;28447623000;28325100000;28525100000;10240;10228
5387;28447827000;28325100000;28525100000;10240;10228
5388;28447847000;28325100000;28525100000;10240;10228
5389;28448104000;28325100000;28525100000;10240;10228
5390;28488764000;28366733333;28566733333;10240;10228
5392;28489017000;28366733333;28566733333;10240;10228
5393;28489027000;28366733333;28566733333;10240;10228
5394;28489050000;28366733333;28566733333;10240;10228
5395;28489258000;28366733333;28566733333;10240;10228
5396;28489279000;28366733333;28566733333;10240;10228
5397;28489484000;28366733333;28566733333;10240;10228
5398;28489495000;28366733333;28566733333;10240;10228
5399;28489768000;28366733333;28566733333;10240;10228
5401;28530435000;28408455555;28608455555;10240;10228
5402;28530688000;28408455555;28608455555;10240;10228
5403;28530697000;28408455555;28608455555;10240;10228
5404;28530702000;28408455555;28608455555;10240;10228
5405;28530935000;28408455555;28608455555;10240;10228
5406;28530947000;28408455555;28608455555;10240;10228
5407;28531180000;28408455555;28608455555;10240;10228
5408;28531201000;28408455555;28608455555;10240;10228
5409;28531430000;28408455555;28608455555;10240;10228
5410;28531442000;28408455555;28608455555;10240;10228
5411;28531686000;28408455555;28608455555;10240;10228
5412;28572077000;28450133333;28650133333;10240;10228
5413;28572092000;28450133333;28650133333;10240;10228
5414;28572317000;28450133333;28650133333;10240;10228
5415;28572328000;28450133333;28650133333;10240;10228
5416;28572612000;28450133333;28650133333;10240;10228
5417;28572624000;28450133333;28650133333;10240;10228
5418;28572850000;28450133333;28650133333;10240;10228
5419;28572873000;28450133333;28650133333;10240;10228
5420;28573093000;28450133333;28650133333;10240;10228
5422;28573115000;28450133333;28650133333;10240;10228
5423;28613771000;28491744444;28691744444;10240;10228
5424;28613782000;28491744444;28691744444;10240;10228
5426;28614019000;28491744444;28691744444;10240;10228
5427;28614030000;28491744444;28691744444;10240;10228
5428;28614267000;28491744444;28691744444;10240;10228
5430;28614286000;28491744444;28691744444;10240;10228
5432;28614524000;28491744444;28691744444;10240;10228
5433;28614543000;28491744444;28691744444;10240;10228
5434;28655438000;28533466666;28733466666;10240;10228
5435;28655447000;28533466666;28733466666;10240;10228
5436;28655691000;28533466666;28733466666;10240;10228
5437;28655700000;28533466666;28733466666;10240;10228
5438;28655935000;28533466666;28733466666;10240;10228
5439;28655945000;28533466666;28733466666;10240;10228
5440;28656185000;28533466666;28733466666;10240;10228
5441;28656205000;28533466666;28733466666;10240;10228
5442;28656391000;28533466666;28733466666;10240;10228
5444;28656399000;28533466666;28733466666;10240;10228
5445;28697096000;28575122222;28775122222;10240;10228
5446;28697118000;28575122222;28775122222;10240;10228
5447;28697334000;28575122222;28775122222;10240;10228
5449;28697357000;28575122222;28775122222;10240;10228
5450;28697617000;28575122222;28775122222;10240;10228
5451;28697637000;28575122222;28775122222;10240;10228
5452;28697892000;28575122222;28775122222;10240;10228
5454;28697913000;28575122222;28775122222;10240;10228
5455;28698152000;28575122222;28775122222;10240;10228
5456;28738838000;28616755555;28816755555;10240;10228
5457;28738858000;28616755555;28816755555;10240;10228
5458;28739083000;28616755555;28816755555;10240;10228
5459;28739104000;28616755555;28816755555;10240;10228
5460;28739311000;28616755555;28816755555;10240;10228
5461;28739332000;28616755555;28816755555;10240;10228
5462;28739502000;28616755555;28816755555;10240;10228
5463;28739521000;28616755555;28816755555;10240;10228
5464;28739841000;28616755555;28816755555;10240;10228
5465;28739861000;28616755555;28816755555;10240;10228
5466;28740096000;28616755555;28816755555;10240;10228
5467;28780486000;28658477777;28858477777;10240;10228
5468;28780509000;28658477777;28858477777;10240;10228
5469;28780691000;28658477777;28858477777;10240;10228
5470;28780702000;28658477777;28858477777;10240;10228
5471;28780940000;28658477777;28858477777;10240;10228
5472;28780953000;28658477777;28858477777;10240;10228
5473;28781207000;28658477777;28858477777;10240;10228
5474;28781228000;28658477777;28858477777;10240;10228
5475;28781437000;28658477777;28858477777;10240;10228
5476;28781448000;28658477777;28858477777;10240;10228
5477;28781690000;28658477777;28858477777;10240;10228
5478;28822087000;28700088888;28900088888;10240;10228
5479;28822114000;28700088888;28900088888;10240;10228
5480;28822359000;28700088888;28900088888;10240;10228
5481;28822369000;28700088888;28900088888;10240;10228
5482;28822616000;28700088888;28900088888;10240;10228
5483;28822627000;28700088888;28900088888;10240;10228
5484;28822831000;28700088888;28900088888;10240;10228
5485;28822847000;28700088888;28900088888;10240;10228
5486;28823117000;28700088888;28900088888;10240;10228
5487;28823138000;28700088888;28900088888;10240;10228
5488;28823142000;28700088888;28900088888;10240;10228
5489;28863776000;28741755555;28941755555;10240;10228
5490;28863794000;28741755555;28941755555;10240;10228
5492;28864024000;28741755555;28941755555;10240;10228
5493;28864033000;28741755555;28941755555;10240;10228
5494;28864264000;28741755555;28941755555;10240;10228
5495;28864285000;28741755555;28941755555;10240;10228
5496;28864508000;28741755555;28941755555;10240;10228
5497;28864537000;28741755555;28941755555;10240;10228
5498;28864774000;28741755555;28941755555;10240;10228
