seqnum;now;rtptime;deadline;packet_len;payload_len
0;9484520000;9041166666;9541166666;10240;10228
1;9484637000;9041166666;9541166666;10240;10228
2;9484664000;9041166666;9541166666;10240;10228
3;9484669000;9072411111;9572411111;10240;10228
4;9484683000;9072411111;9572411111;10240;10228
5;9484687000;9072411111;9572411111;10240;10228
6;9484700000;9072411111;9572411111;10240;10228
7;9484704000;9072411111;9572411111;10240;10228
0;9484707000;9041166666;9541166666;10240;10228
8;9484775000;9072411111;9572411111;10240;10228
9;9484795000;9072411111;9572411111;10240;10228
10;9484801000;9072433333;9572433333;10240;10228
11;9484806000;9072777777;9572777777;10240;10228
12;9484813000;9072777777;9572777777;10240;10228
13;9484843000;9072777777;9572777777;10240;10228
14;9484847000;9114055555;9614055555;10240;10228
15;9484851000;9114055555;9614055555;10240;10228
16;9484857000;9114055555;9614055555;10240;10228
17;9484871000;9114055555;9614055555;10240;10228
18;9484880000;9114055555;9614055555;10240;10228
19;9484885000;9114055555;9614055555;10240;10228
20;9484891000;9114055555;9614055555;10240;10228
21;9484901000;9114077777;9614077777;10240;10228
22;9484907000;9114477777;9614477777;10240;10228
1;9484911000;9041166666;9541166666;10240;10228
23;9484931000;9114477777;9614477777;10240;10228
24;9484938000;9114477777;9614477777;10240;10228
25;9484942000;9155722222;9655722222;10240;10228
26;9484949000;9155722222;9655722222;10240;10228
27;9484953000;9155722222;9655722222;10240;10228
28;9484957000;9155722222;9655722222;10240;10228
29;9484961000;9155722222;9655722222;10240;10228
32;9484975000;9155744444;9655744444;10240;10228
3;9485067000;9072411111;9572411111;10240;10228
4;9485078000;9072411111;9572411111;10240;10228
33;9485083000;9156077777;9656077777;10240;10228
34;9485089000;9156077777;9656077777;10240;10228
35;9485094000;9156077777;9656077777;10240;10228
36;9485103000;9197388888;9697388888;10240;10228
37;9485116000;9197388888;9697388888;10240;10228
38;9485149000;9197388888;9697388888;10240;10228
39;9485155000;9197388888;9697388888;10240;10228
6;9485243000;9072411111;9572411111;10240;10228
7;9485262000;9072411111;9572411111;10240;10228
8;9485422000;9072411111;9572411111;10240;10228
9;9485671000;9072411111;9572411111;10240;10228
10;9485706000;9072433333;9572433333;10240;10228
11;9485722000;9072777777;9572777777;10240;10228
12;9485889000;9072777777;9572777777;10240;10228
13;9486073000;9072777777;9572777777;10240;10228
14;9486101000;9114055555;9614055555;10240;10228
15;9486283000;9114055555;9614055555;10240;10228
17;9486308000;9114055555;9614055555;10240;10228
18;9486464000;9114055555;9614055555;10240;10228
19;9486682000;9114055555;9614055555;10240;10228
20;9486705000;9114055555;9614055555;10240;10228
21;9486929000;9114077777;9614077777;10240;10228
22;9486957000;9114477777;9614477777;10240;10228
23;9487114000;9114477777;9614477777;10240;10228
24;9487126000;9114477777;9614477777;10240;10228
25;9487291000;9155722222;9655722222;10240;10228
26;9487302000;9155722222;9655722222;10240;10228
29;9487504000;9155722222;9655722222;10240;10228
30;9487753000;9155722222;9655722222;10240;10228
31;9487782000;9155722222;9655722222;10240;10228
32;9487954000;9155744444;9655744444;10240;10228
33;9487985000;9156077777;9656077777;10240;10228
35;9488146000;9156077777;9656077777;10240;10228
37;9488152000;9197388888;9697388888;10240;10228
38;9488294000;9197388888;9697388888;10240;10228
39;9605185000;9197388888;9697388888;10240;10228
40;9605206000;9197388888;9697388888;10240;10228
41;9605212000;9197388888;9697388888;10240;10228
42;9605216000;9197388888;9697388888;10240;10228
43;9605220000;9197411111;9697411111;10240;10228
44;9605226000;9197766666;9697766666;10240;10228
45;9605230000;9197766666;9697766666;10240;10228
46;9605235000;9197766666;9697766666;10240;10228
47;9605238000;9239055555;9739055555;10240;10228
49;9605244000;9239055555;9739055555;10240;10228
50;9605262000;9239055555;9739055555;10240;10228
40;9605356000;9197388888;9697388888;10240;10228
51;9605423000;9239055555;9739055555;10240;10228
52;9605436000;9239055555;9739055555;10240;10228
53;9605442000;9239055555;9739055555;10240;10228
54;9605471000;9239077777;9739077777;10240;10228
55;9605496000;9239388888;9739388888;10240;10228
56;9605502000;9239388888;9739388888;10240;10228
57;9605508000;9239388888;9739388888;10240;10228
58;9605513000;9280722222;9780722222;10240;10228
59;9605518000;9280722222;9780722222;10240;10228
60;9605522000;9280722222;9780722222;10240;10228
61;9605527000;9280722222;9780722222;10240;10228
62;9605531000;9280722222;9780722222;10240;10228
41;9605535000;9197388888;9697388888;10240;10228
42;9605539000;9197388888;9697388888;10240;10228
30;9605696000;9155722222;9655722222;10240;10228
31;9605727000;9155722222;9655722222;10240;10228
64;9605733000;9280722222;9780722222;10240;10228
66;9605742000;9281066666;9781066666;10240;10228
67;9605747000;9281066666;9781066666;10240;10228
68;9605763000;9281066666;9781066666;10240;10228
69;9605767000;9322388888;9822388888;10240;10228
70;9605781000;9322388888;9822388888;10240;10228
43;9605785000;9197411111;9697411111;10240;10228
44;9605802000;9197766666;9697766666;10240;10228
45;9605981000;9197766666;9697766666;10240;10228
46;9606010000;9197766666;9697766666;10240;10228
47;9606195000;9239055555;9739055555;10240;10228
48;9606229000;9239055555;9739055555;10240;10228
49;9606370000;9239055555;9739055555;10240;10228
73;9606397000;9322388888;9822388888;10240;10228
74;9606405000;9322388888;9822388888;10240;10228
75;9606414000;9322388888;9822388888;10240;10228
76;9606419000;9322400000;9822400000;10240;10228
50;9606577000;9239055555;9739055555;10240;10228
51;9606613000;9239055555;9739055555;10240;10228
2;9606812000;9041166666;9541166666;10240;10228
5;9606832000;9072411111;9572411111;10240;10228
78;9607022000;9322744444;9822744444;10240;10228
79;9607033000;9322744444;9822744444;10240;10228
52;9607037000;9239055555;9739055555;10240;10228
80;9607057000;9364055555;9864055555;10240;10228
53;9607061000;9239055555;9739055555;10240;10228
16;9607183000;9114055555;9614055555;10240;10228
81;9607199000;9364055555;9864055555;10240;10228
82;9607384000;9364055555;9864055555;10240;10228
54;9607506000;9239077777;9739077777;10240;10228
83;9607532000;9364055555;9864055555;10240;10228
55;9607804000;9239388888;9739388888;10240;10228
84;9607830000;9364055555;9864055555;10240;10228
85;9608003000;9364055555;9864055555;10240;10228
56;9608024000;9239388888;9739388888;10240;10228
86;9608199000;9364055555;9864055555;10240;10228
27;9608220000;9155722222;9655722222;10240;10228
87;9608379000;9364077777;9864077777;10240;10228
28;9608392000;9155722222;9655722222;10240;10228
57;9608654000;9239388888;9739388888;10240;10228
88;9725516000;9364388888;9864388888;10240;10228
89;9725542000;9364388888;9864388888;10240;10228
90;9725575000;9364388888;9864388888;10240;10228
91;9725593000;9405722222;9905722222;10240;10228
92;9725600000;9405722222;9905722222;10240;10228
93;9725618000;9405722222;9905722222;10240;10228
94;9725623000;9405722222;9905722222;10240;10228
95;9725627000;9405722222;9905722222;10240;10228
96;9725632000;9405722222;9905722222;10240;10228
97;9725636000;9405722222;9905722222;10240;10228
48;9725640000;9239055555;9739055555;10240;10228
98;9725654000;9405744444;9905744444;10240;10228
100;9725673000;9406044444;9906044444;10240;10228
101;9725681000;9406044444;9906044444;10240;10228
34;9725690000;9156077777;9656077777;10240;10228
102;9725698000;9447411111;9947411111;10240;10228
103;9725705000;9447411111;9947411111;10240;10228
104;9725805000;9447411111;9947411111;10240;10228
105;9725826000;9447411111;9947411111;10240;10228
106;9725831000;9447411111;9947411111;10240;10228
59;9725916000;9280722222;9780722222;10240;10228
107;9725937000;9447411111;9947411111;10240;10228
108;9725942000;9447411111;9947411111;10240;10228
109;9725956000;9447433333;9947433333;10240;10228
110;9725962000;9447733333;9947733333;10240;10228
63;9725981000;9280722222;9780722222;10240;10228
65;9725986000;9280744444;9780744444;10240;10228
111;9725990000;9447733333;9947733333;10240;10228
112;9726010000;9447733333;9947733333;10240;10228
113;9726015000;9489055555;9989055555;10240;10228
60;9726074000;9280722222;9780722222;10240;10228
61;9726092000;9280722222;9780722222;10240;10228
116;9726201000;9489055555;9989055555;10240;10228
36;9726263000;9197388888;9697388888;10240;10228
62;9726295000;9280722222;9780722222;10240;10228
118;9726412000;9489055555;9989055555;10240;10228
63;9726459000;9280722222;9780722222;10240;10228
65;9726466000;9280744444;9780744444;10240;10228
119;9726604000;9489055555;9989055555;10240;10228
120;9726611000;9489077777;9989077777;10240;10228
71;9726622000;9322388888;9822388888;10240;10228
67;9726736000;9281066666;9781066666;10240;10228
68;9726745000;9281066666;9781066666;10240;10228
72;9726769000;9322388888;9822388888;10240;10228
69;9726916000;9322388888;9822388888;10240;10228
70;9727112000;9322388888;9822388888;10240;10228
73;9727149000;9322388888;9822388888;10240;10228
74;9727306000;9322388888;9822388888;10240;10228
75;9727328000;9322388888;9822388888;10240;10228
76;9727466000;9322400000;9822400000;10240;10228
78;9727499000;9322744444;9822744444;10240;10228
79;9727694000;9322744444;9822744444;10240;10228
80;9727933000;9364055555;9864055555;10240;10228
81;9727971000;9364055555;9864055555;10240;10228
77;9728086000;9322744444;9822744444;10240;10228
82;9728130000;9364055555;9864055555;10240;10228
83;9728141000;9364055555;9864055555;10240;10228
84;9728299000;9364055555;9864055555;10240;10228
85;9728914000;9364055555;9864055555;10240;10228
86;9728937000;9364055555;9864055555;10240;10228
87;9729118000;9364077777;9864077777;10240;10228
88;9729138000;9364388888;9864388888;10240;10228
89;9729347000;9364388888;9864388888;10240;10228
90;9729369000;9364388888;9864388888;10240;10228
91;9729605000;9405722222;9905722222;10240;10228
92;9729626000;9405722222;9905722222;10240;10228
95;9729783000;9405722222;9905722222;10240;10228
121;9845834000;9489400000;9989400000;10240;10228
122;9845848000;9489400000;9989400000;10240;10228
123;9845857000;9489400000;9989400000;10240;10228
124;9845865000;9530722222;10030722222;10240;10228
125;9845873000;9530722222;10030722222;10240;10228
126;9845877000;9530722222;10030722222;10240;10228
127;9845935000;9530722222;10030722222;10240;10228
128;9845951000;9530722222;10030722222;10240;10228
129;9845956000;9530722222;10030722222;10240;10228
130;9845960000;9530722222;10030722222;10240;10228
99;9846031000;9406044444;9906044444;10240;10228
131;9846061000;9530744444;10030744444;10240;10228
132;9846079000;9531033333;10031033333;10240;10228
96;9846157000;9405722222;9905722222;10240;10228
133;9846166000;9531033333;10031033333;10240;10228
134;9846174000;9531033333;10031033333;10240;10228
135;9846179000;9572377777;10072377777;10240;10228
136;9846248000;9572377777;10072377777;10240;10228
137;9846269000;9572377777;10072377777;10240;10228
138;9846317000;9572377777;10072377777;10240;10228
97;9846326000;9405722222;9905722222;10240;10228
98;9846348000;9405744444;9905744444;10240;10228
139;9846355000;9572377777;10072377777;10240;10228
140;9846366000;9572377777;10072377777;10240;10228
141;9846372000;9572377777;10072377777;10240;10228
142;9846399000;9572400000;10072400000;10240;10228
143;9846426000;9572700000;10072700000;10240;10228
144;9846430000;9572700000;10072700000;10240;10228
145;9846446000;9572700000;10072700000;10240;10228
146;9846476000;9614055555;10114055555;10240;10228
99;9846502000;9406044444;9906044444;10240;10228
147;9846595000;9614055555;10114055555;10240;10228
148;9846660000;9614055555;10114055555;10240;10228
100;9846707000;9406044444;9906044444;10240;10228
101;9846735000;9406044444;9906044444;10240;10228
149;9846781000;9614055555;10114055555;10240;10228
114;9846813000;9489055555;9989055555;10240;10228
115;9846836000;9489055555;9989055555;10240;10228
117;9846871000;9489055555;9989055555;10240;10228
150;9846892000;9614055555;10114055555;10240;10228
102;9846927000;9447411111;9947411111;10240;10228
58;9846953000;9280722222;9780722222;10240;10228
151;9846963000;9614055555;10114055555;10240;10228
152;9846997000;9614055555;10114055555;10240;10228
153;9847004000;9614077777;10114077777;10240;10228
103;9847108000;9447411111;9947411111;10240;10228
104;9847119000;9447411111;9947411111;10240;10228
105;9847312000;9447411111;9947411111;10240;10228
64;9847504000;9280722222;9780722222;10240;10228
106;9847518000;9447411111;9947411111;10240;10228
66;9847731000;9281066666;9781066666;10240;10228
107;9847746000;9447411111;9947411111;10240;10228
109;9847927000;9447433333;9947433333;10240;10228
110;9847937000;9447733333;9947733333;10240;10228
71;9848131000;9322388888;9822388888;10240;10228
72;9848336000;9322388888;9822388888;10240;10228
111;9848345000;9447733333;9947733333;10240;10228
112;9848564000;9447733333;9947733333;10240;10228
113;9848579000;9489055555;9989055555;10240;10228
114;9848746000;9489055555;9989055555;10240;10228
115;9848750000;9489055555;9989055555;10240;10228
116;9848948000;9489055555;9989055555;10240;10228
117;9849153000;9489055555;9989055555;10240;10228
118;9849164000;9489055555;9989055555;10240;10228
119;9849358000;9489055555;9989055555;10240;10228
120;9849367000;9489077777;9989077777;10240;10228
121;9849583000;9489400000;9989400000;10240;10228
122;9849599000;9489400000;9989400000;10240;10228
123;9849769000;9489400000;9989400000;10240;10228
124;9849972000;9530722222;10030722222;10240;10228
125;9849981000;9530722222;10030722222;10240;10228
126;9850177000;9530722222;10030722222;10240;10228
127;9850188000;9530722222;10030722222;10240;10228
128;9850368000;9530722222;10030722222;10240;10228
129;9850377000;9530722222;10030722222;10240;10228
154;9966100000;9614400000;10114400000;10240;10228
155;9966113000;9614400000;10114400000;10240;10228
156;9966173000;9614400000;10114400000;10240;10228
157;9966184000;9655722222;10155722222;10240;10228
158;9966189000;9655722222;10155722222;10240;10228
159;9966194000;9655722222;10155722222;10240;10228
160;9966200000;9655722222;10155722222;10240;10228
161;9966204000;9655722222;10155722222;10240;10228
162;9966208000;9655722222;10155722222;10240;10228
163;9966212000;9655722222;10155722222;10240;10228
164;9966302000;9655744444;10155744444;10240;10228
130;9966313000;9530722222;10030722222;10240;10228
165;9966319000;9656033333;10156033333;10240;10228
166;9966323000;9656033333;10156033333;10240;10228
167;9966457000;9656033333;10156033333;10240;10228
168;9966467000;9697400000;10197400000;10240;10228
169;9966474000;9697400000;10197400000;10240;10228
170;9966512000;9697400000;10197400000;10240;10228
171;9966517000;9697400000;10197400000;10240;10228
131;9966595000;9530744444;10030744444;10240;10228
132;9966606000;9531033333;10031033333;10240;10228
172;9966611000;9697400000;10197400000;10240;10228
173;9966616000;9697400000;10197400000;10240;10228
174;9966621000;9697400000;10197400000;10240;10228
175;9966625000;9697422222;10197422222;10240;10228
176;9966685000;9697711111;10197711111;10240;10228
177;9966695000;9697711111;10197711111;10240;10228
178;9966700000;9697711111;10197711111;10240;10228
179;9966714000;9739055555;10239055555;10240;10228
180;9966747000;9739055555;10239055555;10240;10228
181;9966752000;9739055555;10239055555;10240;10228
94;9966770000;9405722222;9905722222;10240;10228
182;9966778000;9739055555;10239055555;10240;10228
183;9966786000;9739055555;10239055555;10240;10228
184;9966877000;9739055555;10239055555;10240;10228
185;9967007000;9739055555;10239055555;10240;10228
186;9967017000;9739077777;10239077777;10240;10228
133;9967023000;9531033333;10031033333;10240;10228
134;9967299000;9531033333;10031033333;10240;10228
135;9967494000;9572377777;10072377777;10240;10228
136;9967688000;9572377777;10072377777;10240;10228
137;9967707000;9572377777;10072377777;10240;10228
138;9967910000;9572377777;10072377777;10240;10228
139;9967920000;9572377777;10072377777;10240;10228
140;9968108000;9572377777;10072377777;10240;10228
141;9968129000;9572377777;10072377777;10240;10228
142;9968309000;9572400000;10072400000;10240;10228
143;9968322000;9572700000;10072700000;10240;10228
144;9968498000;9572700000;10072700000;10240;10228
145;9968729000;9572700000;10072700000;10240;10228
146;9968739000;9614055555;10114055555;10240;10228
147;9968926000;9614055555;10114055555;10240;10228
148;9968945000;9614055555;10114055555;10240;10228
149;9969141000;9614055555;10114055555;10240;10228
150;9969338000;9614055555;10114055555;10240;10228
151;9969350000;9614055555;10114055555;10240;10228
152;9969553000;9614055555;10114055555;10240;10228
108;9969573000;9447411111;9947411111;10240;10228
153;9969750000;9614077777;10114077777;10240;10228
154;9969761000;9614400000;10114400000;10240;10228
155;9969953000;9614400000;10114400000;10240;10228
156;9969972000;9614400000;10114400000;10240;10228
77;9970164000;9322744444;9822744444;10240;10228
157;9970357000;9655722222;10155722222;10240;10228
159;9970370000;9655722222;10155722222;10240;10228
160;9970572000;9655722222;10155722222;10240;10228
161;9970584000;9655722222;10155722222;10240;10228
162;9970777000;9655722222;10155722222;10240;10228
163;9970974000;9655722222;10155722222;10240;10228
164;9970993000;9655744444;10155744444;10240;10228
165;9971176000;9656033333;10156033333;10240;10228
166;9971188000;9656033333;10156033333;10240;10228
167;9971365000;9656033333;10156033333;10240;10228
168;9971378000;9697400000;10197400000;10240;10228
169;9971594000;9697400000;10197400000;10240;10228
170;9971618000;9697400000;10197400000;10240;10228
171;9971800000;9697400000;10197400000;10240;10228
187;10086458000;9739355555;10239355555;10240;10228
188;10086467000;9739355555;10239355555;10240;10228
189;10086472000;9739355555;10239355555;10240;10228
190;10086476000;9780722222;10280722222;10240;10228
193;10086552000;9780722222;10280722222;10240;10228
194;10086576000;9780722222;10280722222;10240;10228
195;10086586000;9780722222;10280722222;10240;10228
196;10086591000;9780722222;10280722222;10240;10228
199;10086594000;9781022222;10281022222;10240;10228
172;10086693000;9697400000;10197400000;10240;10228
200;10086722000;9781022222;10281022222;10240;10228
201;10086730000;9822377777;10322377777;10240;10228
202;10086746000;9822377777;10322377777;10240;10228
203;10086752000;9822377777;10322377777;10240;10228
204;10086765000;9822377777;10322377777;10240;10228
205;10086860000;9822377777;10322377777;10240;10228
206;10086870000;9822377777;10322377777;10240;10228
173;10086875000;9697400000;10197400000;10240;10228
208;10086897000;9822400000;10322400000;10240;10228
209;10086904000;9822700000;10322700000;10240;10228
210;10086913000;9822700000;10322700000;10240;10228
211;10086918000;9822700000;10322700000;10240;10228
212;10086991000;9864066666;10364066666;10240;10228
213;10087000000;9864066666;10364066666;10240;10228
214;10087005000;9864066666;10364066666;10240;10228
215;10087023000;9864066666;10364066666;10240;10228
174;10087085000;9697400000;10197400000;10240;10228
176;10087123000;9697711111;10197711111;10240;10228
216;10087174000;9864066666;10364066666;10240;10228
217;10087232000;9864066666;10364066666;10240;10228
177;10087240000;9697711111;10197711111;10240;10228
178;10087260000;9697711111;10197711111;10240;10228
179;10087450000;9739055555;10239055555;10240;10228
180;10087470000;9739055555;10239055555;10240;10228
219;10087719000;9864077777;10364077777;10240;10228
181;10088140000;9739055555;10239055555;10240;10228
182;10088374000;9739055555;10239055555;10240;10228
183;10088554000;9739055555;10239055555;10240;10228
184;10088579000;9739055555;10239055555;10240;10228
185;10088767000;9739055555;10239055555;10240;10228
186;10088789000;9739077777;10239077777;10240;10228
187;10088992000;9739355555;10239355555;10240;10228
188;10089013000;9739355555;10239355555;10240;10228
189;10089161000;9739355555;10239355555;10240;10228
190;10089339000;9780722222;10280722222;10240;10228
191;10089359000;9780722222;10280722222;10240;10228
192;10089583000;9780722222;10280722222;10240;10228
194;10089605000;9780722222;10280722222;10240;10228
195;10089760000;9780722222;10280722222;10240;10228
196;10089963000;9780722222;10280722222;10240;10228
197;10090157000;9780744444;10280744444;10240;10228
198;10090187000;9781022222;10281022222;10240;10228
200;10090363000;9781022222;10281022222;10240;10228
201;10090587000;9822377777;10322377777;10240;10228
202;10090604000;9822377777;10322377777;10240;10228
203;10090771000;9822377777;10322377777;10240;10228
204;10090975000;9822377777;10322377777;10240;10228
205;10091180000;9822377777;10322377777;10240;10228
158;10091370000;9655722222;10155722222;10240;10228
206;10091392000;9822377777;10322377777;10240;10228
207;10091629000;9822377777;10322377777;10240;10228
208;10091635000;9822400000;10322400000;10240;10228
209;10091865000;9822700000;10322700000;10240;10228
210;10091885000;9822700000;10322700000;10240;10228
211;10092011000;9822700000;10322700000;10240;10228
212;10092019000;9864066666;10364066666;10240;10228
213;10092273000;9864066666;10364066666;10240;10228
214;10092419000;9864066666;10364066666;10240;10228
215;10092427000;9864066666;10364066666;10240;10228
220;10206810000;9864411111;10364411111;10240;10228
221;10206821000;9864411111;10364411111;10240;10228
222;10206825000;9864411111;10364411111;10240;10228
223;10206830000;9905722222;10405722222;10240;10228
191;10206833000;9780722222;10280722222;10240;10228
225;10206876000;9905722222;10405722222;10240;10228
227;10206894000;9905722222;10405722222;10240;10228
197;10206899000;9780744444;10280744444;10240;10228
198;10206915000;9781022222;10281022222;10240;10228
229;10206927000;9905722222;10405722222;10240;10228
230;10206932000;9905744444;10405744444;10240;10228
216;10206946000;9864066666;10364066666;10240;10228
232;10207076000;9906044444;10406044444;10240;10228
233;10207087000;9906044444;10406044444;10240;10228
207;10207091000;9822377777;10322377777;10240;10228
234;10207112000;9947377777;10447377777;10240;10228
218;10207223000;9864066666;10364066666;10240;10228
219;10207250000;9864077777;10364077777;10240;10228
235;10207261000;9947377777;10447377777;10240;10228
236;10207267000;9947377777;10447377777;10240;10228
237;10207282000;9947377777;10447377777;10240;10228
239;10207286000;9947377777;10447377777;10240;10228
240;10207310000;9947377777;10447377777;10240;10228
241;10207325000;9947400000;10447400000;10240;10228
242;10207389000;9947666666;10447666666;10240;10228
243;10207495000;9947666666;10447666666;10240;10228
244;10207515000;9947666666;10447666666;10240;10228
222;10207591000;9864411111;10364411111;10240;10228
223;10207621000;9905722222;10405722222;10240;10228
245;10207745000;9989044444;10489044444;10240;10228
246;10207754000;9989044444;10489044444;10240;10228
175;10207775000;9697422222;10197422222;10240;10228
250;10208823000;9989044444;10489044444;10240;10228
251;10209051000;9989044444;10489044444;10240;10228
252;10209070000;9989066666;10489066666;10240;10228
225;10209406000;9905722222;10405722222;10240;10228
226;10209612000;9905722222;10405722222;10240;10228
228;10209828000;9905722222;10405722222;10240;10228
229;10210013000;9905722222;10405722222;10240;10228
230;10210040000;9905744444;10405744444;10240;10228
231;10210220000;9906044444;10406044444;10240;10228
232;10210249000;9906044444;10406044444;10240;10228
233;10210397000;9906044444;10406044444;10240;10228
193;10210640000;9780722222;10280722222;10240;10228
235;10210660000;9947377777;10447377777;10240;10228
236;10210881000;9947377777;10447377777;10240;10228
237;10211088000;9947377777;10447377777;10240;10228
199;10211276000;9781022222;10281022222;10240;10228
238;10211422000;9947377777;10447377777;10240;10228
239;10211432000;9947377777;10447377777;10240;10228
240;10211671000;9947377777;10447377777;10240;10228
242;10211905000;9947666666;10447666666;10240;10228
243;10212096000;9947666666;10447666666;10240;10228
244;10212116000;9947666666;10447666666;10240;10228
245;10212293000;9989044444;10489044444;10240;10228
246;10212444000;9989044444;10489044444;10240;10228
247;10212683000;9989044444;10489044444;10240;10228
248;10212703000;9989044444;10489044444;10240;10228
249;10212915000;9989044444;10489044444;10240;10228
250;10212936000;9989044444;10489044444;10240;10228
251;10213133000;9989044444;10489044444;10240;10228
253;10327096000;9989366666;10489366666;10240;10228
192;10327105000;9780722222;10280722222;10240;10228
218;10327117000;9864066666;10364066666;10240;10228
255;10327157000;9989366666;10489366666;10240;10228
256;10327165000;10030722222;10530722222;10240;10228
257;10327180000;10030722222;10530722222;10240;10228
258;10327202000;10030722222;10530722222;10240;10228
259;10327231000;10030722222;10530722222;10240;10228
224;10327236000;9905722222;10405722222;10240;10228
260;10327258000;10030722222;10530722222;10240;10228
226;10327276000;9905722222;10405722222;10240;10228
261;10327286000;10030722222;10530722222;10240;10228
252;10327293000;9989066666;10489066666;10240;10228
262;10327300000;10030722222;10530722222;10240;10228
228;10327314000;9905722222;10405722222;10240;10228
263;10327336000;10030744444;10530744444;10240;10228
264;10327341000;10031044444;10531044444;10240;10228
231;10327355000;9906044444;10406044444;10240;10228
253;10327435000;9989366666;10489366666;10240;10228
267;10327451000;10072377777;10572377777;10240;10228
268;10327460000;10072377777;10572377777;10240;10228
269;10327471000;10072377777;10572377777;10240;10228
270;10327525000;10072377777;10572377777;10240;10228
238;10327534000;9947377777;10447377777;10240;10228
271;10327557000;10072377777;10572377777;10240;10228
272;10327562000;10072377777;10572377777;10240;10228
254;10327635000;9989366666;10489366666;10240;10228
255;10327670000;9989366666;10489366666;10240;10228
273;10327676000;10072377777;10572377777;10240;10228
274;10327763000;10072400000;10572400000;10240;10228
256;10327829000;10030722222;10530722222;10240;10228
275;10327886000;10072666666;10572666666;10240;10228
276;10327943000;10072666666;10572666666;10240;10228
217;10328027000;9864066666;10364066666;10240;10228
277;10328046000;10072666666;10572666666;10240;10228
258;10328223000;10030722222;10530722222;10240;10228
259;10328410000;10030722222;10530722222;10240;10228
278;10329289000;10114055555;10614055555;10240;10228
260;10329494000;10030722222;10530722222;10240;10228
279;10329675000;10114055555;10614055555;10240;10228
220;10329853000;9864411111;10364411111;10240;10228
280;10329885000;10114055555;10614055555;10240;10228
221;10330074000;9864411111;10364411111;10240;10228
281;10330111000;10114055555;10614055555;10240;10228
282;10330260000;10114055555;10614055555;10240;10228
283;10330266000;10114055555;10614055555;10240;10228
224;10330271000;9905722222;10405722222;10240;10228
284;10330405000;10114055555;10614055555;10240;10228
227;10330427000;9905722222;10405722222;10240;10228
262;10331104000;10030722222;10530722222;10240;10228
263;10331328000;10030744444;10530744444;10240;10228
264;10331458000;10031044444;10531044444;10240;10228
265;10331465000;10031044444;10531044444;10240;10228
234;10331717000;9947377777;10447377777;10240;10228
266;10331739000;10031044444;10531044444;10240;10228
267;10331930000;10072377777;10572377777;10240;10228
268;10332118000;10072377777;10572377777;10240;10228
269;10332124000;10072377777;10572377777;10240;10228
270;10332316000;10072377777;10572377777;10240;10228
271;10332323000;10072377777;10572377777;10240;10228
272;10332492000;10072377777;10572377777;10240;10228
241;10332732000;9947400000;10447400000;10240;10228
273;10332953000;10072377777;10572377777;10240;10228
274;10332968000;10072400000;10572400000;10240;10228
275;10333158000;10072666666;10572666666;10240;10228
276;10333174000;10072666666;10572666666;10240;10228
277;10333354000;10072666666;10572666666;10240;10228
278;10333612000;10114055555;10614055555;10240;10228
279;10333617000;10114055555;10614055555;10240;10228
280;10333754000;10114055555;10614055555;10240;10228
248;10447386000;9989044444;10489044444;10240;10228
286;10447401000;10114711111;10614711111;10240;10228
287;10447422000;10114711111;10614711111;10240;10228
288;10447427000;10114711111;10614711111;10240;10228
289;10447431000;10155722222;10655722222;10240;10228
254;10447436000;9989366666;10489366666;10240;10228
290;10447458000;10155722222;10655722222;10240;10228
291;10447595000;10155722222;10655722222;10240;10228
292;10447606000;10155722222;10655722222;10240;10228
293;10447611000;10155722222;10655722222;10240;10228
294;10447617000;10155722222;10655722222;10240;10228
295;10447622000;10155722222;10655722222;10240;10228
296;10447625000;10155744444;10655744444;10240;10228
281;10447630000;10114055555;10614055555;10240;10228
297;10447636000;10156011111;10656011111;10240;10228
298;10447647000;10156011111;10656011111;10240;10228
299;10447652000;10156011111;10656011111;10240;10228
300;10447661000;10197377777;10697377777;10240;10228
301;10447665000;10197377777;10697377777;10240;10228
302;10447684000;10197377777;10697377777;10240;10228
265;10447697000;10031044444;10531044444;10240;10228
303;10447704000;10197377777;10697377777;10240;10228
304;10447782000;10197377777;10697377777;10240;10228
305;10447793000;10197377777;10697377777;10240;10228
282;10447797000;10114055555;10614055555;10240;10228
283;10448002000;10114055555;10614055555;10240;10228
284;10448031000;10114055555;10614055555;10240;10228
285;10448175000;10114311111;10614311111;10240;10228
286;10448203000;10114711111;10614711111;10240;10228
287;10448402000;10114711111;10614711111;10240;10228
288;10448617000;10114711111;10614711111;10240;10228
289;10448627000;10155722222;10655722222;10240;10228
290;10448798000;10155722222;10655722222;10240;10228
291;10448812000;10155722222;10655722222;10240;10228
292;10448993000;10155722222;10655722222;10240;10228
294;10449221000;10155722222;10655722222;10240;10228
295;10449241000;10155722222;10655722222;10240;10228
257;10449921000;10030722222;10530722222;10240;10228
297;10450128000;10156011111;10656011111;10240;10228
298;10450325000;10156011111;10656011111;10240;10228
299;10450334000;10156011111;10656011111;10240;10228
247;10450478000;9989044444;10489044444;10240;10228
300;10450499000;10197377777;10697377777;10240;10228
301;10450764000;10197377777;10697377777;10240;10228
302;10450773000;10197377777;10697377777;10240;10228
303;10450787000;10197377777;10697377777;10240;10228
305;10450997000;10197377777;10697377777;10240;10228
306;10451171000;10197377777;10697377777;10240;10228
261;10451911000;10030722222;10530722222;10240;10228
308;10452834000;10197666666;10697666666;10240;10228
309;10452857000;10197666666;10697666666;10240;10228
310;10452862000;10197666666;10697666666;10240;10228
311;10452867000;10239133333;10739133333;10240;10228
312;10452871000;10239133333;10739133333;10240;10228
314;10452981000;10239133333;10739133333;10240;10228
308;10453017000;10197666666;10697666666;10240;10228
315;10453166000;10239133333;10739133333;10240;10228
309;10453265000;10197666666;10697666666;10240;10228
316;10453356000;10239133333;10739133333;10240;10228
310;10453438000;10197666666;10697666666;10240;10228
311;10453451000;10239133333;10739133333;10240;10228
317;10453529000;10239133333;10739133333;10240;10228
312;10453642000;10239133333;10739133333;10240;10228
313;10453649000;10239133333;10739133333;10240;10228
318;10453819000;10239188888;10739188888;10240;10228
314;10453845000;10239133333;10739133333;10240;10228
315;10453851000;10239133333;10739133333;10240;10228
316;10454014000;10239133333;10739133333;10240;10228
317;10454217000;10239133333;10739133333;10240;10228
319;10567679000;10239511111;10739511111;10240;10228
266;10567689000;10031044444;10531044444;10240;10228
320;10567695000;10239511111;10739511111;10240;10228
285;10567703000;10114311111;10614311111;10240;10228
321;10567726000;10239511111;10739511111;10240;10228
322;10567732000;10280722222;10780722222;10240;10228
324;10567742000;10280722222;10780722222;10240;10228
325;10567860000;10280722222;10780722222;10240;10228
326;10567870000;10280722222;10780722222;10240;10228
327;10567875000;10280722222;10780722222;10240;10228
328;10567881000;10280722222;10780722222;10240;10228
329;10567890000;10280744444;10780744444;10240;10228
330;10567895000;10281022222;10781022222;10240;10228
318;10567907000;10239188888;10739188888;10240;10228
331;10567912000;10281022222;10781022222;10240;10228
332;10567917000;10281022222;10781022222;10240;10228
333;10567927000;10322377777;10822377777;10240;10228
334;10567936000;10322377777;10822377777;10240;10228
335;10567940000;10322377777;10822377777;10240;10228
319;10568076000;10239511111;10739511111;10240;10228
337;10568224000;10322377777;10822377777;10240;10228
339;10568245000;10322377777;10822377777;10240;10228
320;10568260000;10239511111;10739511111;10240;10228
322;10568265000;10280722222;10780722222;10240;10228
340;10568381000;10322400000;10822400000;10240;10228
323;10568475000;10280722222;10780722222;10240;10228
325;10568810000;10280722222;10780722222;10240;10228
326;10569061000;10280722222;10780722222;10240;10228
327;10569239000;10280722222;10780722222;10240;10228
329;10569541000;10280744444;10780744444;10240;10228
330;10569719000;10281022222;10781022222;10240;10228
331;10569979000;10281022222;10781022222;10240;10228
332;10570342000;10281022222;10781022222;10240;10228
333;10570503000;10322377777;10822377777;10240;10228
293;10570697000;10155722222;10655722222;10240;10228
334;10570734000;10322377777;10822377777;10240;10228
335;10570964000;10322377777;10822377777;10240;10228
296;10570984000;10155744444;10655744444;10240;10228
336;10571169000;10322377777;10822377777;10240;10228
337;10571191000;10322377777;10822377777;10240;10228
338;10571366000;10322377777;10822377777;10240;10228
340;10571379000;10322400000;10822400000;10240;10228
249;10573078000;9989044444;10489044444;10240;10228
306;10573089000;10197377777;10697377777;10240;10228
307;10573111000;10197400000;10697400000;10240;10228
313;10573552000;10239133333;10739133333;10240;10228
307;10573762000;10197400000;10697400000;10240;10228
341;10577792000;10322677777;10822677777;10240;10228
342;10577804000;10322677777;10822677777;10240;10228
343;10577808000;10322677777;10822677777;10240;10228
344;10577816000;10364088888;10864088888;10240;10228
345;10577836000;10364088888;10864088888;10240;10228
346;10577842000;10364088888;10864088888;10240;10228
347;10577846000;10364088888;10864088888;10240;10228
348;10577850000;10364088888;10864088888;10240;10228
349;10577854000;10364088888;10864088888;10240;10228
350;10577871000;10364088888;10864088888;10240;10228
351;10577876000;10364166666;10864166666;10240;10228
341;10578004000;10322677777;10822677777;10240;10228
344;10578235000;10364088888;10864088888;10240;10228
345;10578254000;10364088888;10864088888;10240;10228
346;10578411000;10364088888;10864088888;10240;10228
347;10578615000;10364088888;10864088888;10240;10228
348;10578638000;10364088888;10864088888;10240;10228
349;10578827000;10364088888;10864088888;10240;10228
350;10578838000;10364088888;10864088888;10240;10228
351;10579065000;10364166666;10864166666;10240;10228
352;10619443000;10364466666;10864466666;10240;10228
353;10619464000;10364466666;10864466666;10240;10228
354;10688019000;10364466666;10864466666;10240;10228
355;10688035000;10405744444;10905744444;10240;10228
357;10688041000;10405744444;10905744444;10240;10228
358;10688058000;10405744444;10905744444;10240;10228
359;10688063000;10405744444;10905744444;10240;10228
360;10688068000;10405744444;10905744444;10240;10228
323;10688072000;10280722222;10780722222;10240;10228
362;10688202000;10405766666;10905766666;10240;10228
363;10688229000;10406066666;10906066666;10240;10228
364;10688238000;10406066666;10906066666;10240;10228
365;10688244000;10406066666;10906066666;10240;10228
366;10688249000;10447388888;10947388888;10240;10228
367;10688263000;10447388888;10947388888;10240;10228
368;10688267000;10447388888;10947388888;10240;10228
369;10688271000;10447388888;10947388888;10240;10228
353;10688275000;10364466666;10864466666;10240;10228
370;10688280000;10447388888;10947388888;10240;10228
372;10688567000;10447388888;10947388888;10240;10228
373;10688608000;10447422222;10947422222;10240;10228
336;10688618000;10322377777;10822377777;10240;10228
354;10688640000;10364466666;10864466666;10240;10228
355;10688859000;10405744444;10905744444;10240;10228
356;10688872000;10405744444;10905744444;10240;10228
359;10689457000;10405744444;10905744444;10240;10228
360;10689674000;10405744444;10905744444;10240;10228
321;10689683000;10239511111;10739511111;10240;10228
361;10689875000;10405744444;10905744444;10240;10228
324;10690106000;10280722222;10780722222;10240;10228
362;10690125000;10405766666;10905766666;10240;10228
363;10690272000;10406066666;10906066666;10240;10228
328;10690447000;10280722222;10780722222;10240;10228
364;10690457000;10406066666;10906066666;10240;10228
365;10690712000;10406066666;10906066666;10240;10228
366;10690959000;10447388888;10947388888;10240;10228
367;10691185000;10447388888;10947388888;10240;10228
368;10691345000;10447388888;10947388888;10240;10228
369;10691535000;10447388888;10947388888;10240;10228
370;10691770000;10447388888;10947388888;10240;10228
371;10691779000;10447388888;10947388888;10240;10228
372;10692039000;10447388888;10947388888;10240;10228
373;10692049000;10447422222;10947422222;10240;10228
338;10698043000;10322377777;10822377777;10240;10228
339;10698616000;10322377777;10822377777;10240;10228
304;10698827000;10197377777;10697377777;10240;10228
342;10698838000;10322677777;10822677777;10240;10228
343;10699068000;10322677777;10822677777;10240;10228
374;10702787000;10447666666;10947666666;10240;10228
375;10702797000;10447666666;10947666666;10240;10228
376;10702806000;10447666666;10947666666;10240;10228
377;10702810000;10489088888;10989088888;10240;10228
378;10702821000;10489088888;10989088888;10240;10228
379;10702826000;10489088888;10989088888;10240;10228
380;10702831000;10489088888;10989088888;10240;10228
381;10702839000;10489088888;10989088888;10240;10228
382;10702844000;10489088888;10989088888;10240;10228
383;10702863000;10489088888;10989088888;10240;10228
384;10702943000;10489177777;10989177777;10240;10228
374;10702989000;10447666666;10947666666;10240;10228
376;10703163000;10447666666;10947666666;10240;10228
377;10703368000;10489088888;10989088888;10240;10228
378;10703379000;10489088888;10989088888;10240;10228
379;10703593000;10489088888;10989088888;10240;10228
380;10703611000;10489088888;10989088888;10240;10228
381;10703828000;10489088888;10989088888;10240;10228
382;10703839000;10489088888;10989088888;10240;10228
383;10704034000;10489088888;10989088888;10240;10228
384;10704051000;10489177777;10989177777;10240;10228
385;10744489000;10489466666;10989466666;10240;10228
387;10744512000;10489466666;10989466666;10240;10228
385;10744693000;10489466666;10989466666;10240;10228
386;10744903000;10489466666;10989466666;10240;10228
388;10808291000;10530755555;11030755555;10240;10228
389;10808303000;10530755555;11030755555;10240;10228
390;10808311000;10530755555;11030755555;10240;10228
356;10808321000;10405744444;10905744444;10240;10228
391;10808327000;10530755555;11030755555;10240;10228
392;10808334000;10530755555;11030755555;10240;10228
393;10808427000;10530755555;11030755555;10240;10228
361;10808438000;10405744444;10905744444;10240;10228
394;10808443000;10530755555;11030755555;10240;10228
395;10808446000;10530766666;11030766666;10240;10228
396;10808545000;10531077777;11031077777;10240;10228
397;10808555000;10531077777;11031077777;10240;10228
387;10808568000;10489466666;10989466666;10240;10228
388;10808738000;10530755555;11030755555;10240;10228
389;10808750000;10530755555;11030755555;10240;10228
398;10808887000;10531077777;11031077777;10240;10228
399;10808899000;10572388888;11072388888;10240;10228
400;10808914000;10572388888;11072388888;10240;10228
401;10809085000;10572388888;11072388888;10240;10228
402;10809105000;10572388888;11072388888;10240;10228
390;10809117000;10530755555;11030755555;10240;10228
391;10809338000;10530755555;11030755555;10240;10228
392;10809349000;10530755555;11030755555;10240;10228
352;10809545000;10364466666;10864466666;10240;10228
403;10809890000;10572388888;11072388888;10240;10228
404;10809902000;10572388888;11072388888;10240;10228
405;10810101000;10572388888;11072388888;10240;10228
394;10810112000;10530755555;11030755555;10240;10228
406;10810276000;10572400000;11072400000;10240;10228
395;10810445000;10530766666;11030766666;10240;10228
357;10810635000;10405744444;10905744444;10240;10228
396;10810865000;10531077777;11031077777;10240;10228
397;10810885000;10531077777;11031077777;10240;10228
398;10811046000;10531077777;11031077777;10240;10228
399;10811242000;10572388888;11072388888;10240;10228
400;10811253000;10572388888;11072388888;10240;10228
402;10811413000;10572388888;11072388888;10240;10228
403;10811734000;10572388888;11072388888;10240;10228
404;10811969000;10572388888;11072388888;10240;10228
405;10812221000;10572388888;11072388888;10240;10228
406;10812420000;10572400000;11072400000;10240;10228
371;10823013000;10447388888;10947388888;10240;10228
375;10823843000;10447666666;10947666666;10240;10228
407;10827788000;10572666666;11072666666;10240;10228
408;10827800000;10572666666;11072666666;10240;10228
409;10827804000;10572666666;11072666666;10240;10228
410;10827808000;10614088888;11114088888;10240;10228
411;10827922000;10614088888;11114088888;10240;10228
412;10827944000;10614088888;11114088888;10240;10228
413;10827950000;10614088888;11114088888;10240;10228
414;10827955000;10614088888;11114088888;10240;10228
415;10827961000;10614088888;11114088888;10240;10228
417;10827975000;10614166666;11114166666;10240;10228
407;10827982000;10572666666;11072666666;10240;10228
408;10828208000;10572666666;11072666666;10240;10228
409;10828220000;10572666666;11072666666;10240;10228
412;10828411000;10614088888;11114088888;10240;10228
413;10828622000;10614088888;11114088888;10240;10228
414;10828632000;10614088888;11114088888;10240;10228
415;10828828000;10614088888;11114088888;10240;10228
416;10828839000;10614088888;11114088888;10240;10228
417;10829034000;10614166666;11114166666;10240;10228
418;10869468000;10614477777;11114477777;10240;10228
419;10869478000;10614477777;11114477777;10240;10228
420;10869495000;10614477777;11114477777;10240;10228
422;10869594000;10655777777;11155777777;10240;10228
418;10869823000;10614477777;11114477777;10240;10228
419;10869833000;10614477777;11114477777;10240;10228
420;10870024000;10614477777;11114477777;10240;10228
421;10870033000;10655777777;11155777777;10240;10228
422;10870224000;10655777777;11155777777;10240;10228
423;10928652000;10655777777;11155777777;10240;10228
386;10928673000;10489466666;10989466666;10240;10228
424;10928680000;10655777777;11155777777;10240;10228
425;10928684000;10655777777;11155777777;10240;10228
426;10928690000;10655777777;11155777777;10240;10228
427;10928694000;10655777777;11155777777;10240;10228
428;10928698000;10655822222;11155822222;10240;10228
429;10928714000;10656155555;11156155555;10240;10228
430;10928722000;10656155555;11156155555;10240;10228
423;10928874000;10655777777;11155777777;10240;10228
424;10929039000;10655777777;11155777777;10240;10228
425;10929064000;10655777777;11155777777;10240;10228
431;10929189000;10656155555;11156155555;10240;10228
432;10929215000;10697388888;11197388888;10240;10228
434;10929219000;10697388888;11197388888;10240;10228
436;10929395000;10697388888;11197388888;10240;10228
426;10929406000;10655777777;11155777777;10240;10228
427;10929427000;10655777777;11155777777;10240;10228
437;10929546000;10697388888;11197388888;10240;10228
428;10929686000;10655822222;11155822222;10240;10228
429;10929745000;10656155555;11156155555;10240;10228
438;10929836000;10697388888;11197388888;10240;10228
439;10930139000;10697411111;11197411111;10240;10228
430;10930168000;10656155555;11156155555;10240;10228
431;10930329000;10656155555;11156155555;10240;10228
432;10930491000;10697388888;11197388888;10240;10228
433;10930719000;10697388888;11197388888;10240;10228
434;10930742000;10697388888;11197388888;10240;10228
435;10930918000;10697388888;11197388888;10240;10228
436;10931137000;10697388888;11197388888;10240;10228
393;10931320000;10530755555;11030755555;10240;10228
437;10931497000;10697388888;11197388888;10240;10228
438;10931514000;10697388888;11197388888;10240;10228
439;10931742000;10697411111;11197411111;10240;10228
410;10949317000;10614088888;11114088888;10240;10228
411;10949449000;10614088888;11114088888;10240;10228
440;10952840000;10697688888;11197688888;10240;10228
441;10952855000;10697688888;11197688888;10240;10228
442;10952864000;10697688888;11197688888;10240;10228
443;10952868000;10739088888;11239088888;10240;10228
444;10952885000;10739088888;11239088888;10240;10228
445;10952892000;10739088888;11239088888;10240;10228
446;10952897000;10739088888;11239088888;10240;10228
447;10952908000;10739088888;11239088888;10240;10228
448;10952913000;10739088888;11239088888;10240;10228
449;10952917000;10739088888;11239088888;10240;10228
450;10952925000;10739166666;11239166666;10240;10228
440;10953016000;10697688888;11197688888;10240;10228
441;10953191000;10697688888;11197688888;10240;10228
442;10953396000;10697688888;11197688888;10240;10228
443;10953405000;10739088888;11239088888;10240;10228
444;10953637000;10739088888;11239088888;10240;10228
445;10953652000;10739088888;11239088888;10240;10228
446;10953813000;10739088888;11239088888;10240;10228
447;10953830000;10739088888;11239088888;10240;10228
448;10954012000;10739088888;11239088888;10240;10228
450;10954017000;10739166666;11239166666;10240;10228
416;10989742000;10614088888;11114088888;10240;10228
451;10994493000;10739455555;11239455555;10240;10228
452;10994511000;10739455555;11239455555;10240;10228
453;10994525000;10739455555;11239455555;10240;10228
454;10994530000;10780744444;11280744444;10240;10228
455;10994537000;10780744444;11280744444;10240;10228
456;10994549000;10780744444;11280744444;10240;10228
457;10994554000;10780744444;11280744444;10240;10228
458;10994562000;10780744444;11280744444;10240;10228
451;10994653000;10739455555;11239455555;10240;10228
452;10994853000;10739455555;11239455555;10240;10228
453;10995051000;10739455555;11239455555;10240;10228
454;10995061000;10780744444;11280744444;10240;10228
455;10995253000;10780744444;11280744444;10240;10228
456;10995263000;10780744444;11280744444;10240;10228
457;10995438000;10780744444;11280744444;10240;10228
421;11049122000;10655777777;11155777777;10240;10228
460;11049149000;10780744444;11280744444;10240;10228
461;11049170000;10780811111;11280811111;10240;10228
462;11049191000;10781111111;11281111111;10240;10228
463;11049196000;10781111111;11281111111;10240;10228
466;11049222000;10822377777;11322377777;10240;10228
458;11049243000;10780744444;11280744444;10240;10228
467;11049284000;10822377777;11322377777;10240;10228
459;11049398000;10780744444;11280744444;10240;10228
468;11049436000;10822377777;11322377777;10240;10228
470;11049557000;10822377777;11322377777;10240;10228
471;11049656000;10822377777;11322377777;10240;10228
472;11049668000;10822400000;11322400000;10240;10228
460;11049686000;10780744444;11280744444;10240;10228
433;11049712000;10697388888;11197388888;10240;10228
461;11049843000;10780811111;11280811111;10240;10228
435;11050047000;10697388888;11197388888;10240;10228
462;11050061000;10781111111;11281111111;10240;10228
463;11050247000;10781111111;11281111111;10240;10228
465;11050272000;10822377777;11322377777;10240;10228
466;11050516000;10822377777;11322377777;10240;10228
467;11051213000;10822377777;11322377777;10240;10228
469;11051391000;10822377777;11322377777;10240;10228
470;11051597000;10822377777;11322377777;10240;10228
471;11051619000;10822377777;11322377777;10240;10228
472;11051802000;10822400000;11322400000;10240;10228
358;11052233000;10405744444;10905744444;10240;10228
473;11077879000;10822677777;11322677777;10240;10228
474;11077895000;10822677777;11322677777;10240;10228
475;11077900000;10822677777;11322677777;10240;10228
476;11077904000;10864133333;11364133333;10240;10228
477;11077908000;10864133333;11364133333;10240;10228
478;11077914000;10864133333;11364133333;10240;10228
479;11077919000;10864133333;11364133333;10240;10228
480;11077923000;10864133333;11364133333;10240;10228
482;11077935000;10864133333;11364133333;10240;10228
483;11077940000;10864211111;11364211111;10240;10228
474;11078058000;10822677777;11322677777;10240;10228
475;11078271000;10822677777;11322677777;10240;10228
476;11078465000;10864133333;11364133333;10240;10228
477;11078474000;10864133333;11364133333;10240;10228
478;11078670000;10864133333;11364133333;10240;10228
479;11078680000;10864133333;11364133333;10240;10228
480;11078872000;10864133333;11364133333;10240;10228
481;11078893000;10864133333;11364133333;10240;10228
482;11079076000;10864133333;11364133333;10240;10228
483;11079100000;10864211111;11364211111;10240;10228
449;11115336000;10739088888;11239088888;10240;10228
486;11119504000;10864522222;11364522222;10240;10228
487;11119516000;10905755555;11405755555;10240;10228
490;11119532000;10905755555;11405755555;10240;10228
491;11119537000;10905755555;11405755555;10240;10228
492;11119550000;10905755555;11405755555;10240;10228
493;11119555000;10905755555;11405755555;10240;10228
494;11119560000;10905833333;11405833333;10240;10228
484;11119687000;10864522222;11364522222;10240;10228
485;11119888000;10864522222;11364522222;10240;10228
486;11120087000;10864522222;11364522222;10240;10228
487;11120108000;10905755555;11405755555;10240;10228
488;11120291000;10905755555;11405755555;10240;10228
489;11120327000;10905755555;11405755555;10240;10228
490;11120511000;10905755555;11405755555;10240;10228
491;11120536000;10905755555;11405755555;10240;10228
492;11120712000;10905755555;11405755555;10240;10228
493;11120913000;10905755555;11405755555;10240;10228
494;11120934000;10905833333;11405833333;10240;10228
495;11161097000;10906155555;11406155555;10240;10228
496;11169411000;10906155555;11406155555;10240;10228
497;11169425000;10906155555;11406155555;10240;10228
498;11169494000;10947388888;11447388888;10240;10228
499;11169540000;10947388888;11447388888;10240;10228
500;11169649000;10947388888;11447388888;10240;10228
495;11169675000;10906155555;11406155555;10240;10228
459;11169812000;10780744444;11280744444;10240;10228
464;11169843000;10781111111;11281111111;10240;10228
465;11169865000;10822377777;11322377777;10240;10228
501;11169870000;10947388888;11447388888;10240;10228
502;11169875000;10947388888;11447388888;10240;10228
497;11169893000;10906155555;11406155555;10240;10228
503;11169922000;10947388888;11447388888;10240;10228
469;11169927000;10822377777;11322377777;10240;10228
504;11169937000;10947388888;11447388888;10240;10228
505;11169942000;10947411111;11447411111;10240;10228
498;11170072000;10947388888;11447388888;10240;10228
499;11170291000;10947388888;11447388888;10240;10228
500;11170479000;10947388888;11447388888;10240;10228
501;11170635000;10947388888;11447388888;10240;10228
502;11170904000;10947388888;11447388888;10240;10228
503;11170913000;10947388888;11447388888;10240;10228
504;11171081000;10947388888;11447388888;10240;10228
464;11171814000;10781111111;11281111111;10240;10228
468;11172041000;10822377777;11322377777;10240;10228
401;11198912000;10572388888;11072388888;10240;10228
473;11199112000;10822677777;11322677777;10240;10228
506;11202826000;10947677777;11447677777;10240;10228
507;11202850000;10947677777;11447677777;10240;10228
508;11202856000;10947677777;11447677777;10240;10228
509;11202860000;10989077777;11489077777;10240;10228
510;11202866000;10989077777;11489077777;10240;10228
511;11202881000;10989077777;11489077777;10240;10228
512;11202904000;10989077777;11489077777;10240;10228
514;11202909000;10989077777;11489077777;10240;10228
515;11202927000;10989077777;11489077777;10240;10228
506;11203054000;10947677777;11447677777;10240;10228
507;11203245000;10947677777;11447677777;10240;10228
508;11203265000;10947677777;11447677777;10240;10228
509;11203458000;10989077777;11489077777;10240;10228
510;11203654000;10989077777;11489077777;10240;10228
511;11203665000;10989077777;11489077777;10240;10228
512;11203862000;10989077777;11489077777;10240;10228
513;11204066000;10989077777;11489077777;10240;10228
514;11204101000;10989077777;11489077777;10240;10228
515;11204251000;10989077777;11489077777;10240;10228
516;11204265000;10989166666;11489166666;10240;10228
481;11239764000;10864133333;11364133333;10240;10228
484;11239775000;10864522222;11364522222;10240;10228
485;11239779000;10864522222;11364522222;10240;10228
488;11239784000;10905755555;11405755555;10240;10228
489;11239789000;10905755555;11405755555;10240;10228
518;11244544000;10989477777;11489477777;10240;10228
519;11244568000;10989477777;11489477777;10240;10228
520;11244573000;11030755555;11530755555;10240;10228
523;11244578000;11030755555;11530755555;10240;10228
527;11244582000;11030833333;11530833333;10240;10228
517;11244752000;10989477777;11489477777;10240;10228
518;11244941000;10989477777;11489477777;10240;10228
519;11244962000;10989477777;11489477777;10240;10228
520;11245141000;11030755555;11530755555;10240;10228
521;11245313000;11030755555;11530755555;10240;10228
522;11245334000;11030755555;11530755555;10240;10228
523;11245492000;11030755555;11530755555;10240;10228
526;11245507000;11030755555;11530755555;10240;10228
527;11245716000;11030833333;11530833333;10240;10228
528;11286123000;11031155555;11531155555;10240;10228
528;11286320000;11031155555;11531155555;10240;10228
529;11289728000;11031155555;11531155555;10240;10228
530;11289736000;11031155555;11531155555;10240;10228
531;11289741000;11072411111;11572411111;10240;10228
533;11289995000;11072411111;11572411111;10240;10228
529;11290036000;11031155555;11531155555;10240;10228
534;11290067000;11072411111;11572411111;10240;10228
535;11290159000;11072411111;11572411111;10240;10228
536;11290169000;11072411111;11572411111;10240;10228
537;11290173000;11072411111;11572411111;10240;10228
538;11290187000;11072433333;11572433333;10240;10228
530;11290208000;11031155555;11531155555;10240;10228
531;11290441000;11072411111;11572411111;10240;10228
532;11290652000;11072411111;11572411111;10240;10228
533;11290680000;11072411111;11572411111;10240;10228
534;11290849000;11072411111;11572411111;10240;10228
535;11290860000;11072411111;11572411111;10240;10228
536;11291083000;11072411111;11572411111;10240;10228
537;11291103000;11072411111;11572411111;10240;10228
538;11291285000;11072433333;11572433333;10240;10228
505;11324211000;10947411111;11447411111;10240;10228
539;11327790000;11072722222;11572722222;10240;10228
540;11327801000;11072722222;11572722222;10240;10228
541;11327808000;11072722222;11572722222;10240;10228
542;11327812000;11114088888;11614088888;10240;10228
543;11327817000;11114088888;11614088888;10240;10228
544;11327821000;11114088888;11614088888;10240;10228
545;11327833000;11114088888;11614088888;10240;10228
546;11327928000;11114088888;11614088888;10240;10228
547;11327940000;11114088888;11614088888;10240;10228
548;11327954000;11114088888;11614088888;10240;10228
549;11327959000;11114166666;11614166666;10240;10228
539;11328039000;11072722222;11572722222;10240;10228
540;11328222000;11072722222;11572722222;10240;10228
541;11328241000;11072722222;11572722222;10240;10228
542;11328447000;11114088888;11614088888;10240;10228
543;11328635000;11114088888;11614088888;10240;10228
544;11328645000;11114088888;11614088888;10240;10228
545;11328842000;11114088888;11614088888;10240;10228
546;11328851000;11114088888;11614088888;10240;10228
547;11329081000;11114088888;11614088888;10240;10228
548;11329241000;11114088888;11614088888;10240;10228
549;11329252000;11114166666;11614166666;10240;10228
517;11364756000;10989477777;11489477777;10240;10228
550;11369513000;11114488888;11614488888;10240;10228
551;11369526000;11114488888;11614488888;10240;10228
553;11369540000;11155755555;11655755555;10240;10228
554;11369561000;11155755555;11655755555;10240;10228
555;11369566000;11155755555;11655755555;10240;10228
556;11369572000;11155755555;11655755555;10240;10228
557;11369582000;11155755555;11655755555;10240;10228
558;11369603000;11155755555;11655755555;10240;10228
559;11369608000;11155755555;11655755555;10240;10228
560;11369623000;11155833333;11655833333;10240;10228
550;11369747000;11114488888;11614488888;10240;10228
551;11369935000;11114488888;11614488888;10240;10228
552;11369954000;11114488888;11614488888;10240;10228
553;11370181000;11155755555;11655755555;10240;10228
554;11370309000;11155755555;11655755555;10240;10228
555;11370320000;11155755555;11655755555;10240;10228
556;11370502000;11155755555;11655755555;10240;10228
557;11370521000;11155755555;11655755555;10240;10228
558;11370746000;11155755555;11655755555;10240;10228
559;11370940000;11155755555;11655755555;10240;10228
560;11370950000;11155833333;11655833333;10240;10228
521;11406390000;11030755555;11530755555;10240;10228
522;11406417000;11030755555;11530755555;10240;10228
524;11406758000;11030755555;11530755555;10240;10228
525;11407022000;11030755555;11530755555;10240;10228
524;11410056000;11030755555;11530755555;10240;10228
525;11410067000;11030755555;11530755555;10240;10228
532;11410372000;11072411111;11572411111;10240;10228
561;11411138000;11156155555;11656155555;10240;10228
562;11411148000;11156155555;11656155555;10240;10228
563;11411152000;11156155555;11656155555;10240;10228
564;11411155000;11197422222;11697422222;10240;10228
565;11411160000;11197422222;11697422222;10240;10228
566;11411182000;11197422222;11697422222;10240;10228
567;11411188000;11197422222;11697422222;10240;10228
568;11411195000;11197422222;11697422222;10240;10228
569;11411199000;11197422222;11697422222;10240;10228
570;11411210000;11197422222;11697422222;10240;10228
571;11411307000;11197511111;11697511111;10240;10228
561;11411320000;11156155555;11656155555;10240;10228
562;11411623000;11156155555;11656155555;10240;10228
563;11411645000;11156155555;11656155555;10240;10228
564;11411819000;11197422222;11697422222;10240;10228
565;11411995000;11197422222;11697422222;10240;10228
566;11412015000;11197422222;11697422222;10240;10228
567;11412188000;11197422222;11697422222;10240;10228
568;11412208000;11197422222;11697422222;10240;10228
569;11412371000;11197422222;11697422222;10240;10228
571;11412597000;11197511111;11697511111;10240;10228
496;11448227000;10906155555;11406155555;10240;10228
572;11452797000;11197811111;11697811111;10240;10228
573;11452807000;11197811111;11697811111;10240;10228
574;11452814000;11197811111;11697811111;10240;10228
575;11452821000;11239088888;11739088888;10240;10228
577;11452827000;11239088888;11739088888;10240;10228
578;11452934000;11239088888;11739088888;10240;10228
579;11452945000;11239088888;11739088888;10240;10228
580;11452950000;11239088888;11739088888;10240;10228
581;11452954000;11239088888;11739088888;10240;10228
582;11452958000;11239166666;11739166666;10240;10228
572;11452963000;11197811111;11697811111;10240;10228
573;11453173000;11197811111;11697811111;10240;10228
574;11453374000;11197811111;11697811111;10240;10228
575;11453386000;11239088888;11739088888;10240;10228
576;11453620000;11239088888;11739088888;10240;10228
577;11453647000;11239088888;11739088888;10240;10228
578;11453826000;11239088888;11739088888;10240;10228
579;11453837000;11239088888;11739088888;10240;10228
580;11454064000;11239088888;11739088888;10240;10228
581;11454235000;11239088888;11739088888;10240;10228
513;11489839000;10989077777;11489077777;10240;10228
552;11489850000;11114488888;11614488888;10240;10228
584;11494521000;11239477777;11739477777;10240;10228
585;11494543000;11239477777;11739477777;10240;10228
586;11494549000;11280755555;11780755555;10240;10228
587;11494553000;11280755555;11780755555;10240;10228
588;11494560000;11280755555;11780755555;10240;10228
589;11494574000;11280755555;11780755555;10240;10228
590;11494584000;11280755555;11780755555;10240;10228
591;11494591000;11280755555;11780755555;10240;10228
592;11494596000;11280755555;11780755555;10240;10228
593;11494606000;11280833333;11780833333;10240;10228
584;11494700000;11239477777;11739477777;10240;10228
585;11494914000;11239477777;11739477777;10240;10228
588;11494924000;11280755555;11780755555;10240;10228
589;11495154000;11280755555;11780755555;10240;10228
590;11495310000;11280755555;11780755555;10240;10228
591;11495321000;11280755555;11780755555;10240;10228
592;11495508000;11280755555;11780755555;10240;10228
593;11495528000;11280833333;11780833333;10240;10228
526;11531471000;11030755555;11530755555;10240;10228
594;11536135000;11281155555;11781155555;10240;10228
595;11536148000;11281155555;11781155555;10240;10228
598;11536154000;11322422222;11822422222;10240;10228
600;11536160000;11322422222;11822422222;10240;10228
601;11536164000;11322422222;11822422222;10240;10228
602;11536169000;11322422222;11822422222;10240;10228
603;11536190000;11322422222;11822422222;10240;10228
604;11536195000;11322500000;11822500000;10240;10228
595;11536321000;11281155555;11781155555;10240;10228
596;11536577000;11281155555;11781155555;10240;10228
597;11536769000;11322422222;11822422222;10240;10228
598;11536781000;11322422222;11822422222;10240;10228
600;11537000000;11322422222;11822422222;10240;10228
601;11537021000;11322422222;11822422222;10240;10228
602;11537180000;11322422222;11822422222;10240;10228
570;11573629000;11197422222;11697422222;10240;10228
605;11577835000;11322800000;11822800000;10240;10228
606;11577846000;11322800000;11822800000;10240;10228
607;11577851000;11322800000;11822800000;10240;10228
608;11577855000;11364088888;11864088888;10240;10228
609;11577860000;11364088888;11864088888;10240;10228
610;11577880000;11364088888;11864088888;10240;10228
611;11577886000;11364088888;11864088888;10240;10228
612;11577891000;11364088888;11864088888;10240;10228
613;11577898000;11364088888;11864088888;10240;10228
614;11577904000;11364088888;11864088888;10240;10228
615;11577908000;11364166666;11864166666;10240;10228
605;11578022000;11322800000;11822800000;10240;10228
606;11578253000;11322800000;11822800000;10240;10228
607;11578273000;11322800000;11822800000;10240;10228
608;11578427000;11364088888;11864088888;10240;10228
609;11578647000;11364088888;11864088888;10240;10228
610;11578656000;11364088888;11864088888;10240;10228
612;11578848000;11364088888;11864088888;10240;10228
613;11578857000;11364088888;11864088888;10240;10228
614;11579075000;11364088888;11864088888;10240;10228
615;11579093000;11364166666;11864166666;10240;10228
576;11614841000;11239088888;11739088888;10240;10228
516;11614849000;10989166666;11489166666;10240;10228
583;11614854000;11239477777;11739477777;10240;10228
583;11615589000;11239477777;11739477777;10240;10228
586;11615799000;11280755555;11780755555;10240;10228
587;11616004000;11280755555;11780755555;10240;10228
616;11619489000;11364477777;11864477777;10240;10228
617;11619512000;11364477777;11864477777;10240;10228
618;11619516000;11364477777;11864477777;10240;10228
619;11619538000;11405755555;11905755555;10240;10228
620;11619543000;11405755555;11905755555;10240;10228
622;11619548000;11405755555;11905755555;10240;10228
623;11619556000;11405755555;11905755555;10240;10228
624;11619567000;11405755555;11905755555;10240;10228
625;11619572000;11405755555;11905755555;10240;10228
626;11619583000;11405844444;11905844444;10240;10228
616;11619684000;11364477777;11864477777;10240;10228
617;11619870000;11364477777;11864477777;10240;10228
618;11620126000;11364477777;11864477777;10240;10228
619;11620146000;11405755555;11905755555;10240;10228
620;11620324000;11405755555;11905755555;10240;10228
621;11620333000;11405755555;11905755555;10240;10228
622;11620473000;11405755555;11905755555;10240;10228
623;11620719000;11405755555;11905755555;10240;10228
625;11620730000;11405755555;11905755555;10240;10228
596;11656524000;11281155555;11781155555;10240;10228
597;11656536000;11322422222;11822422222;10240;10228
599;11656541000;11322422222;11822422222;10240;10228
594;11657171000;11281155555;11781155555;10240;10228
627;11661116000;11406166666;11906166666;10240;10228
628;11661127000;11406166666;11906166666;10240;10228
629;11661132000;11406166666;11906166666;10240;10228
630;11661136000;11447422222;11947422222;10240;10228
631;11661141000;11447422222;11947422222;10240;10228
632;11661164000;11447422222;11947422222;10240;10228
633;11661170000;11447422222;11947422222;10240;10228
634;11661174000;11447422222;11947422222;10240;10228
635;11661179000;11447422222;11947422222;10240;10228
636;11661189000;11447422222;11947422222;10240;10228
637;11661275000;11447500000;11947500000;10240;10228
627;11661350000;11406166666;11906166666;10240;10228
628;11661512000;11406166666;11906166666;10240;10228
629;11661743000;11406166666;11906166666;10240;10228
630;11661754000;11447422222;11947422222;10240;10228
631;11661950000;11447422222;11947422222;10240;10228
632;11661960000;11447422222;11947422222;10240;10228
633;11662187000;11447422222;11947422222;10240;10228
634;11662196000;11447422222;11947422222;10240;10228
635;11662308000;11447422222;11947422222;10240;10228
636;11662545000;11447422222;11947422222;10240;10228
637;11694030000;11447500000;11947500000;10240;10228
599;11698505000;11322422222;11822422222;10240;10228
603;11698845000;11322422222;11822422222;10240;10228
604;11699079000;11322500000;11822500000;10240;10228
611;11699505000;11364088888;11864088888;10240;10228
638;11702798000;11447766666;11947766666;10240;10228
639;11702810000;11447766666;11947766666;10240;10228
641;11702814000;11489077777;11989077777;10240;10228
642;11702819000;11489077777;11989077777;10240;10228
643;11702823000;11489077777;11989077777;10240;10228
645;11702843000;11489077777;11989077777;10240;10228
646;11702849000;11489077777;11989077777;10240;10228
647;11702853000;11489077777;11989077777;10240;10228
638;11703011000;11447766666;11947766666;10240;10228
639;11703216000;11447766666;11947766666;10240;10228
640;11703236000;11447766666;11947766666;10240;10228
641;11703419000;11489077777;11989077777;10240;10228
643;11703633000;11489077777;11989077777;10240;10228
644;11703643000;11489077777;11989077777;10240;10228
645;11703855000;11489077777;11989077777;10240;10228
646;11703874000;11489077777;11989077777;10240;10228
647;11704041000;11489077777;11989077777;10240;10228
648;11735115000;11489166666;11989166666;10240;10228
648;11735267000;11489166666;11989166666;10240;10228
621;11739820000;11405755555;11905755555;10240;10228
582;11740514000;11239166666;11739166666;10240;10228
650;11744562000;11489466666;11989466666;10240;10228
651;11744572000;11489466666;11989466666;10240;10228
652;11744577000;11530755555;12030755555;10240;10228
653;11744581000;11530755555;12030755555;10240;10228
654;11744585000;11530755555;12030755555;10240;10228
655;11744589000;11530755555;12030755555;10240;10228
656;11744593000;11530755555;12030755555;10240;10228
657;11744597000;11530755555;12030755555;10240;10228
659;11744605000;11530833333;12030833333;10240;10228
649;11744699000;11489466666;11989466666;10240;10228
650;11744903000;11489466666;11989466666;10240;10228
651;11744915000;11489466666;11989466666;10240;10228
652;11745110000;11530755555;12030755555;10240;10228
653;11745300000;11530755555;12030755555;10240;10228
654;11745319000;11530755555;12030755555;10240;10228
655;11745543000;11530755555;12030755555;10240;10228
656;11745560000;11530755555;12030755555;10240;10228
657;11745723000;11530755555;12030755555;10240;10228
658;11745962000;11530755555;12030755555;10240;10228
624;11781970000;11405755555;11905755555;10240;10228
626;11782214000;11405844444;11905844444;10240;10228
660;11786381000;11531166666;12031166666;10240;10228
661;11786393000;11531166666;12031166666;10240;10228
662;11786397000;11531166666;12031166666;10240;10228
663;11786401000;11572422222;12072422222;10240;10228
664;11786405000;11572422222;12072422222;10240;10228
665;11786409000;11572422222;12072422222;10240;10228
666;11786413000;11572422222;12072422222;10240;10228
660;11786417000;11531166666;12031166666;10240;10228
668;11786421000;11572422222;12072422222;10240;10228
669;11786428000;11572422222;12072422222;10240;10228
670;11786443000;11572500000;12072500000;10240;10228
661;11786585000;11531166666;12031166666;10240;10228
662;11786597000;11531166666;12031166666;10240;10228
663;11786768000;11572422222;12072422222;10240;10228
664;11786981000;11572422222;12072422222;10240;10228
665;11787002000;11572422222;12072422222;10240;10228
666;11787201000;11572422222;12072422222;10240;10228
667;11787219000;11572422222;12072422222;10240;10228
668;11787345000;11572422222;12072422222;10240;10228
669;11787594000;11572422222;12072422222;10240;10228
671;11827973000;11572788888;12072788888;10240;10228
673;11827983000;11572788888;12072788888;10240;10228
674;11828003000;11614077777;12114077777;10240;10228
675;11828009000;11614077777;12114077777;10240;10228
676;11828016000;11614077777;12114077777;10240;10228
677;11828021000;11614077777;12114077777;10240;10228
678;11828036000;11614077777;12114077777;10240;10228
679;11828048000;11614077777;12114077777;10240;10228
680;11828054000;11614077777;12114077777;10240;10228
681;11828058000;11614166666;12114166666;10240;10228
671;11828071000;11572788888;12072788888;10240;10228
672;11828187000;11572788888;12072788888;10240;10228
673;11828402000;11572788888;12072788888;10240;10228
674;11828414000;11614077777;12114077777;10240;10228
675;11828613000;11614077777;12114077777;10240;10228
676;11828623000;11614077777;12114077777;10240;10228
677;11828818000;11614077777;12114077777;10240;10228
678;11828841000;11614077777;12114077777;10240;10228
679;11829026000;11614077777;12114077777;10240;10228
680;11829220000;11614077777;12114077777;10240;10228
681;11829240000;11614166666;12114166666;10240;10228
640;11865244000;11447766666;11947766666;10240;10228
644;11865256000;11489077777;11989077777;10240;10228
649;11865260000;11489466666;11989466666;10240;10228
682;11869668000;11614488888;12114488888;10240;10228
683;11869677000;11614488888;12114488888;10240;10228
684;11869682000;11614488888;12114488888;10240;10228
685;11869685000;11655755555;12155755555;10240;10228
686;11869689000;11655755555;12155755555;10240;10228
687;11869694000;11655755555;12155755555;10240;10228
688;11869702000;11655755555;12155755555;10240;10228
689;11869717000;11655755555;12155755555;10240;10228
690;11869721000;11655755555;12155755555;10240;10228
691;11869726000;11655755555;12155755555;10240;10228
692;11869730000;11655833333;12155833333;10240;10228
682;11869734000;11614488888;12114488888;10240;10228
683;11869899000;11614488888;12114488888;10240;10228
684;11869910000;11614488888;12114488888;10240;10228
685;11870104000;11655755555;12155755555;10240;10228
686;11870295000;11655755555;12155755555;10240;10228
687;11870304000;11655755555;12155755555;10240;10228
688;11870468000;11655755555;12155755555;10240;10228
689;11870721000;11655755555;12155755555;10240;10228
690;11870731000;11655755555;12155755555;10240;10228
691;11870944000;11655755555;12155755555;10240;10228
692;11870963000;11655833333;12155833333;10240;10228
659;11907018000;11530833333;12030833333;10240;10228
658;11907028000;11530755555;12030755555;10240;10228
693;11911352000;11656166666;12156166666;10240;10228
698;11911361000;11697422222;12197422222;10240;10228
699;11911382000;11697422222;12197422222;10240;10228
700;11911387000;11697422222;12197422222;10240;10228
701;11911396000;11697422222;12197422222;10240;10228
702;11911401000;11697422222;12197422222;10240;10228
703;11911405000;11697500000;12197500000;10240;10228
694;11911541000;11656166666;12156166666;10240;10228
695;11911759000;11656166666;12156166666;10240;10228
696;11911787000;11697422222;12197422222;10240;10228
697;11911955000;11697422222;12197422222;10240;10228
698;11911992000;11697422222;12197422222;10240;10228
699;11912162000;11697422222;12197422222;10240;10228
700;11912186000;11697422222;12197422222;10240;10228
701;11912363000;11697422222;12197422222;10240;10228
702;11912582000;11697422222;12197422222;10240;10228
703;11912591000;11697500000;12197500000;10240;10228
642;11948962000;11489077777;11989077777;10240;10228
670;11949166000;11572500000;12072500000;10240;10228
704;11952802000;11697800000;12197800000;10240;10228
705;11952813000;11697800000;12197800000;10240;10228
706;11952817000;11697800000;12197800000;10240;10228
707;11952827000;11739088888;12239088888;10240;10228
708;11952832000;11739088888;12239088888;10240;10228
709;11952838000;11739088888;12239088888;10240;10228
710;11952846000;11739088888;12239088888;10240;10228
711;11952906000;11739088888;12239088888;10240;10228
712;11952915000;11739088888;12239088888;10240;10228
713;11952920000;11739088888;12239088888;10240;10228
714;11952924000;11739177777;12239177777;10240;10228
704;11953022000;11697800000;12197800000;10240;10228
705;11953219000;11697800000;12197800000;10240;10228
706;11953414000;11697800000;12197800000;10240;10228
707;11953426000;11739088888;12239088888;10240;10228
708;11953645000;11739088888;12239088888;10240;10228
710;11953656000;11739088888;12239088888;10240;10228
711;11953849000;11739088888;12239088888;10240;10228
712;11953860000;11739088888;12239088888;10240;10228
714;11954087000;11739177777;12239177777;10240;10228
715;11994529000;11739466666;12239466666;10240;10228
716;11994539000;11739466666;12239466666;10240;10228
717;11994544000;11739466666;12239466666;10240;10228
718;11994549000;11780755555;12280755555;10240;10228
719;11994554000;11780755555;12280755555;10240;10228
720;11994558000;11780755555;12280755555;10240;10228
721;11994563000;11780755555;12280755555;10240;10228
722;11994571000;11780755555;12280755555;10240;10228
723;11994578000;11780755555;12280755555;10240;10228
715;11994690000;11739466666;12239466666;10240;10228
724;11994820000;11780755555;12280755555;10240;10228
725;11994842000;11780833333;12280833333;10240;10228
716;11994873000;11739466666;12239466666;10240;10228
717;11995099000;11739466666;12239466666;10240;10228
718;11995118000;11780755555;12280755555;10240;10228
719;11995297000;11780755555;12280755555;10240;10228
720;11995306000;11780755555;12280755555;10240;10228
721;11995469000;11780755555;12280755555;10240;10228
722;11995719000;11780755555;12280755555;10240;10228
723;11995741000;11780755555;12280755555;10240;10228
724;11995942000;11780755555;12280755555;10240;10228
725;11995961000;11780833333;12280833333;10240;10228
667;12031756000;11572422222;12072422222;10240;10228
693;12031773000;11656166666;12156166666;10240;10228
694;12031780000;11656166666;12156166666;10240;10228
695;12031784000;11656166666;12156166666;10240;10228
696;12031788000;11697422222;12197422222;10240;10228
697;12031791000;11697422222;12197422222;10240;10228
726;12036174000;11781155555;12281155555;10240;10228
727;12036185000;11781155555;12281155555;10240;10228
728;12036194000;11781155555;12281155555;10240;10228
729;12036198000;11822422222;12322422222;10240;10228
730;12036206000;11822422222;12322422222;10240;10228
731;12036217000;11822422222;12322422222;10240;10228
732;12036222000;11822422222;12322422222;10240;10228
733;12036227000;11822422222;12322422222;10240;10228
734;12036234000;11822422222;12322422222;10240;10228
736;12036242000;11822500000;12322500000;10240;10228
727;12036377000;11781155555;12281155555;10240;10228
728;12036550000;11781155555;12281155555;10240;10228
729;12036769000;11822422222;12322422222;10240;10228
730;12036792000;11822422222;12322422222;10240;10228
731;12036966000;11822422222;12322422222;10240;10228
732;12036985000;11822422222;12322422222;10240;10228
734;12037170000;11822422222;12322422222;10240;10228
735;12037189000;11822422222;12322422222;10240;10228
709;12074325000;11739088888;12239088888;10240;10228
737;12077778000;11822800000;12322800000;10240;10228
739;12077889000;11822800000;12322800000;10240;10228
740;12077910000;11864100000;12364100000;10240;10228
741;12077916000;11864100000;12364100000;10240;10228
742;12077921000;11864100000;12364100000;10240;10228
743;12077925000;11864100000;12364100000;10240;10228
744;12077930000;11864100000;12364100000;10240;10228
746;12077944000;11864100000;12364100000;10240;10228
747;12077948000;11864177777;12364177777;10240;10228
737;12078032000;11822800000;12322800000;10240;10228
738;12078254000;11822800000;12322800000;10240;10228
739;12078289000;11822800000;12322800000;10240;10228
740;12078431000;11864100000;12364100000;10240;10228
741;12078641000;11864100000;12364100000;10240;10228
742;12078652000;11864100000;12364100000;10240;10228
743;12078845000;11864100000;12364100000;10240;10228
744;12078868000;11864100000;12364100000;10240;10228
745;12079084000;11864100000;12364100000;10240;10228
746;12079241000;11864100000;12364100000;10240;10228
747;12079250000;11864177777;12364177777;10240;10228
713;12115310000;11739088888;12239088888;10240;10228
748;12119663000;11864511111;12364511111;10240;10228
749;12119674000;11864511111;12364511111;10240;10228
750;12119678000;11864511111;12364511111;10240;10228
751;12119683000;11905755555;12405755555;10240;10228
752;12119687000;11905755555;12405755555;10240;10228
753;12119692000;11905755555;12405755555;10240;10228
754;12119697000;11905755555;12405755555;10240;10228
748;12119701000;11864511111;12364511111;10240;10228
755;12119706000;11905755555;12405755555;10240;10228
756;12119714000;11905755555;12405755555;10240;10228
757;12119725000;11905755555;12405755555;10240;10228
758;12119732000;11905833333;12405833333;10240;10228
749;12119875000;11864511111;12364511111;10240;10228
750;12119884000;11864511111;12364511111;10240;10228
751;12120076000;11905755555;12405755555;10240;10228
752;12120296000;11905755555;12405755555;10240;10228
753;12120315000;11905755555;12405755555;10240;10228
754;12120479000;11905755555;12405755555;10240;10228
755;12120521000;11905755555;12405755555;10240;10228
756;12120692000;11905755555;12405755555;10240;10228
757;12120895000;11905755555;12405755555;10240;10228
758;12120906000;11905833333;12405833333;10240;10228
726;12157247000;11781155555;12281155555;10240;10228
759;12161360000;11906166666;12406166666;10240;10228
761;12161369000;11906166666;12406166666;10240;10228
762;12161386000;11947411111;12447411111;10240;10228
763;12161392000;11947411111;12447411111;10240;10228
764;12161405000;11947411111;12447411111;10240;10228
765;12161422000;11947411111;12447411111;10240;10228
766;12161426000;11947411111;12447411111;10240;10228
767;12161431000;11947411111;12447411111;10240;10228
768;12161435000;11947411111;12447411111;10240;10228
769;12161439000;11947500000;12447500000;10240;10228
759;12161444000;11906166666;12406166666;10240;10228
760;12161560000;11906166666;12406166666;10240;10228
761;12161586000;11906166666;12406166666;10240;10228
762;12161743000;11947411111;12447411111;10240;10228
763;12161946000;11947411111;12447411111;10240;10228
764;12161957000;11947411111;12447411111;10240;10228
765;12162144000;11947411111;12447411111;10240;10228
767;12162164000;11947411111;12447411111;10240;10228
768;12162348000;11947411111;12447411111;10240;10228
769;12162359000;11947500000;12447500000;10240;10228
738;12198337000;11822800000;12322800000;10240;10228
733;12198657000;11822422222;12322422222;10240;10228
736;12198872000;11822500000;12322500000;10240;10228
770;12203054000;11947788888;12447788888;10240;10228
770;12203066000;11947788888;12447788888;10240;10228
771;12203071000;11947788888;12447788888;10240;10228
772;12203075000;11947788888;12447788888;10240;10228
773;12203083000;11989100000;12489100000;10240;10228
774;12203089000;11989100000;12489100000;10240;10228
775;12203093000;11989100000;12489100000;10240;10228
776;12203097000;11989100000;12489100000;10240;10228
777;12203107000;11989100000;12489100000;10240;10228
779;12203112000;11989100000;12489100000;10240;10228
780;12203118000;11989177777;12489177777;10240;10228
771;12203287000;11947788888;12447788888;10240;10228
772;12203298000;11947788888;12447788888;10240;10228
773;12203429000;11989100000;12489100000;10240;10228
774;12203647000;11989100000;12489100000;10240;10228
775;12203656000;11989100000;12489100000;10240;10228
776;12203880000;11989100000;12489100000;10240;10228
777;12203888000;11989100000;12489100000;10240;10228
778;12204052000;11989100000;12489100000;10240;10228
779;12204251000;11989100000;12489100000;10240;10228
780;12204261000;11989177777;12489177777;10240;10228
745;12240117000;11864100000;12364100000;10240;10228
781;12244691000;11989488888;12489488888;10240;10228
781;12244707000;11989488888;12489488888;10240;10228
782;12244712000;11989488888;12489488888;10240;10228
783;12244717000;11989488888;12489488888;10240;10228
784;12244721000;12030755555;12530755555;10240;10228
785;12244729000;12030755555;12530755555;10240;10228
786;12244733000;12030755555;12530755555;10240;10228
787;12244746000;12030755555;12530755555;10240;10228
788;12244750000;12030755555;12530755555;10240;10228
789;12244755000;12030755555;12530755555;10240;10228
790;12244765000;12030755555;12530755555;10240;10228
791;12244769000;12030833333;12530833333;10240;10228
782;12244864000;11989488888;12489488888;10240;10228
783;12244875000;11989488888;12489488888;10240;10228
784;12245111000;12030755555;12530755555;10240;10228
785;12245266000;12030755555;12530755555;10240;10228
786;12245286000;12030755555;12530755555;10240;10228
787;12245477000;12030755555;12530755555;10240;10228
788;12245509000;12030755555;12530755555;10240;10228
789;12245690000;12030755555;12530755555;10240;10228
790;12245918000;12030755555;12530755555;10240;10228
791;12245936000;12030833333;12530833333;10240;10228
766;12282953000;11947411111;12447411111;10240;10228
792;12286352000;12031166666;12531166666;10240;10228
793;12286363000;12031166666;12531166666;10240;10228
794;12286368000;12031166666;12531166666;10240;10228
795;12286372000;12072411111;12572411111;10240;10228
796;12286378000;12072411111;12572411111;10240;10228
797;12286382000;12072411111;12572411111;10240;10228
798;12286387000;12072411111;12572411111;10240;10228
799;12286391000;12072411111;12572411111;10240;10228
800;12286400000;12072411111;12572411111;10240;10228
801;12286407000;12072411111;12572411111;10240;10228
802;12286415000;12072500000;12572500000;10240;10228
792;12286420000;12031166666;12531166666;10240;10228
793;12286542000;12031166666;12531166666;10240;10228
794;12286759000;12031166666;12531166666;10240;10228
795;12286769000;12072411111;12572411111;10240;10228
796;12286969000;12072411111;12572411111;10240;10228
797;12286978000;12072411111;12572411111;10240;10228
799;12287162000;12072411111;12572411111;10240;10228
800;12287180000;12072411111;12572411111;10240;10228
801;12287366000;12072411111;12572411111;10240;10228
802;12287375000;12072500000;12572500000;10240;10228
760;12323565000;11906166666;12406166666;10240;10228
735;12323592000;11822422222;12322422222;10240;10228
803;12327875000;12072800000;12572800000;10240;10228
804;12327885000;12072800000;12572800000;10240;10228
805;12327890000;12072800000;12572800000;10240;10228
806;12327894000;12114088888;12614088888;10240;10228
807;12327898000;12114088888;12614088888;10240;10228
808;12327905000;12114088888;12614088888;10240;10228
809;12327909000;12114088888;12614088888;10240;10228
810;12327918000;12114088888;12614088888;10240;10228
811;12327922000;12114088888;12614088888;10240;10228
812;12327934000;12114088888;12614088888;10240;10228
813;12327938000;12114166666;12614166666;10240;10228
803;12328035000;12072800000;12572800000;10240;10228
804;12328222000;12072800000;12572800000;10240;10228
805;12328234000;12072800000;12572800000;10240;10228
806;12328424000;12114088888;12614088888;10240;10228
807;12328637000;12114088888;12614088888;10240;10228
808;12328647000;12114088888;12614088888;10240;10228
809;12328862000;12114088888;12614088888;10240;10228
810;12328883000;12114088888;12614088888;10240;10228
811;12329049000;12114088888;12614088888;10240;10228
812;12329245000;12114088888;12614088888;10240;10228
813;12329254000;12114166666;12614166666;10240;10228
778;12365049000;11989100000;12489100000;10240;10228
814;12369494000;12114488888;12614488888;10240;10228
815;12369506000;12114488888;12614488888;10240;10228
816;12369511000;12114488888;12614488888;10240;10228
817;12369520000;12155755555;12655755555;10240;10228
818;12369538000;12155755555;12655755555;10240;10228
819;12369544000;12155755555;12655755555;10240;10228
820;12369547000;12155755555;12655755555;10240;10228
821;12369551000;12155755555;12655755555;10240;10228
822;12369562000;12155755555;12655755555;10240;10228
823;12369566000;12155755555;12655755555;10240;10228
824;12369571000;12155833333;12655833333;10240;10228
814;12369685000;12114488888;12614488888;10240;10228
815;12369900000;12114488888;12614488888;10240;10228
816;12369909000;12114488888;12614488888;10240;10228
817;12370138000;12155755555;12655755555;10240;10228
818;12370290000;12155755555;12655755555;10240;10228
819;12370301000;12155755555;12655755555;10240;10228
820;12370467000;12155755555;12655755555;10240;10228
821;12370716000;12155755555;12655755555;10240;10228
822;12370726000;12155755555;12655755555;10240;10228
823;12370940000;12155755555;12655755555;10240;10228
824;12370960000;12155833333;12655833333;10240;10228
798;12407889000;12072411111;12572411111;10240;10228
825;12411134000;12156155555;12656155555;10240;10228
826;12411143000;12156155555;12656155555;10240;10228
827;12411148000;12156155555;12656155555;10240;10228
828;12411151000;12197422222;12697422222;10240;10228
829;12411163000;12197422222;12697422222;10240;10228
830;12411168000;12197422222;12697422222;10240;10228
832;12411176000;12197422222;12697422222;10240;10228
833;12411202000;12197422222;12697422222;10240;10228
834;12411207000;12197422222;12697422222;10240;10228
825;12411352000;12156155555;12656155555;10240;10228
826;12411550000;12156155555;12656155555;10240;10228
827;12411772000;12156155555;12656155555;10240;10228
828;12411781000;12197422222;12697422222;10240;10228
829;12411944000;12197422222;12697422222;10240;10228
830;12411962000;12197422222;12697422222;10240;10228
831;12412171000;12197422222;12697422222;10240;10228
832;12412204000;12197422222;12697422222;10240;10228
835;12412375000;12197500000;12697500000;10240;10228
836;12452789000;12197788888;12697788888;10240;10228
837;12452800000;12197788888;12697788888;10240;10228
838;12452805000;12197788888;12697788888;10240;10228
839;12452808000;12239088888;12739088888;10240;10228
840;12452813000;12239088888;12739088888;10240;10228
841;12452823000;12239088888;12739088888;10240;10228
842;12452831000;12239088888;12739088888;10240;10228
843;12452890000;12239088888;12739088888;10240;10228
845;12452901000;12239088888;12739088888;10240;10228
846;12452908000;12239166666;12739166666;10240;10228
836;12453013000;12197788888;12697788888;10240;10228
840;12453205000;12239088888;12739088888;10240;10228
841;12453402000;12239088888;12739088888;10240;10228
842;12453421000;12239088888;12739088888;10240;10228
843;12453631000;12239088888;12739088888;10240;10228
844;12453641000;12239088888;12739088888;10240;10228
845;12453829000;12239088888;12739088888;10240;10228
846;12453848000;12239166666;12739166666;10240;10228
847;12494509000;12239488888;12739488888;10240;10228
848;12494534000;12239488888;12739488888;10240;10228
849;12494539000;12239488888;12739488888;10240;10228
850;12494544000;12280766666;12780766666;10240;10228
851;12494548000;12280766666;12780766666;10240;10228
852;12494553000;12280766666;12780766666;10240;10228
853;12494557000;12280766666;12780766666;10240;10228
854;12494570000;12280766666;12780766666;10240;10228
855;12494575000;12280766666;12780766666;10240;10228
856;12494583000;12280766666;12780766666;10240;10228
857;12494588000;12280844444;12780844444;10240;10228
847;12494664000;12239488888;12739488888;10240;10228
848;12494840000;12239488888;12739488888;10240;10228
849;12495069000;12239488888;12739488888;10240;10228
850;12495090000;12280766666;12780766666;10240;10228
851;12495267000;12280766666;12780766666;10240;10228
853;12495287000;12280766666;12780766666;10240;10228
854;12495479000;12280766666;12780766666;10240;10228
856;12495505000;12280766666;12780766666;10240;10228
858;12536153000;12281200000;12781200000;10240;10228
859;12536165000;12281200000;12781200000;10240;10228
860;12536169000;12281200000;12781200000;10240;10228
861;12536174000;12322411111;12822411111;10240;10228
862;12536180000;12322411111;12822411111;10240;10228
863;12536184000;12322411111;12822411111;10240;10228
864;12536196000;12322411111;12822411111;10240;10228
865;12536201000;12322411111;12822411111;10240;10228
866;12536212000;12322411111;12822411111;10240;10228
867;12536217000;12322411111;12822411111;10240;10228
858;12536315000;12281200000;12781200000;10240;10228
859;12536563000;12281200000;12781200000;10240;10228
860;12536593000;12281200000;12781200000;10240;10228
861;12536728000;12322411111;12822411111;10240;10228
862;12536938000;12322411111;12822411111;10240;10228
864;12536947000;12322411111;12822411111;10240;10228
865;12537159000;12322411111;12822411111;10240;10228
866;12537179000;12322411111;12822411111;10240;10228
867;12537330000;12322411111;12822411111;10240;10228
868;12537340000;12322500000;12822500000;10240;10228
833;12573664000;12197422222;12697422222;10240;10228
837;12573877000;12197788888;12697788888;10240;10228
838;12574099000;12197788888;12697788888;10240;10228
839;12574120000;12239088888;12739088888;10240;10228
869;12577810000;12322811111;12822811111;10240;10228
870;12577822000;12322811111;12822811111;10240;10228
871;12577830000;12322811111;12822811111;10240;10228
872;12577838000;12364077777;12864077777;10240;10228
874;12577842000;12364077777;12864077777;10240;10228
875;12577848000;12364077777;12864077777;10240;10228
876;12577868000;12364077777;12864077777;10240;10228
877;12577873000;12364077777;12864077777;10240;10228
878;12577893000;12364077777;12864077777;10240;10228
879;12577897000;12364166666;12864166666;10240;10228
869;12578006000;12322811111;12822811111;10240;10228
870;12578237000;12322811111;12822811111;10240;10228
871;12578258000;12322811111;12822811111;10240;10228
872;12578442000;12364077777;12864077777;10240;10228
873;12578627000;12364077777;12864077777;10240;10228
874;12578652000;12364077777;12864077777;10240;10228
875;12578835000;12364077777;12864077777;10240;10228
879;12578844000;12364166666;12864166666;10240;10228
831;12614854000;12197422222;12697422222;10240;10228
852;12615880000;12280766666;12780766666;10240;10228
880;12619511000;12364477777;12864477777;10240;10228
881;12619533000;12364477777;12864477777;10240;10228
882;12619537000;12364477777;12864477777;10240;10228
883;12619541000;12405755555;12905755555;10240;10228
884;12619546000;12405755555;12905755555;10240;10228
885;12619557000;12405755555;12905755555;10240;10228
886;12619562000;12405755555;12905755555;10240;10228
890;12619568000;12405833333;12905833333;10240;10228
880;12619699000;12364477777;12864477777;10240;10228
881;12619901000;12364477777;12864477777;10240;10228
882;12619911000;12364477777;12864477777;10240;10228
883;12620101000;12405755555;12905755555;10240;10228
884;12620289000;12405755555;12905755555;10240;10228
885;12620300000;12405755555;12905755555;10240;10228
886;12620468000;12405755555;12905755555;10240;10228
887;12620714000;12405755555;12905755555;10240;10228
888;12620740000;12405755555;12905755555;10240;10228
889;12620921000;12405755555;12905755555;10240;10228
835;12656557000;12197500000;12697500000;10240;10228
844;12656566000;12239088888;12739088888;10240;10228
855;12656948000;12280766666;12780766666;10240;10228
891;12661147000;12406166666;12906166666;10240;10228
892;12661159000;12406166666;12906166666;10240;10228
893;12661163000;12406166666;12906166666;10240;10228
894;12661167000;12447411111;12947411111;10240;10228
895;12661171000;12447411111;12947411111;10240;10228
896;12661191000;12447411111;12947411111;10240;10228
897;12661199000;12447411111;12947411111;10240;10228
898;12661204000;12447411111;12947411111;10240;10228
899;12661208000;12447411111;12947411111;10240;10228
891;12661339000;12406166666;12906166666;10240;10228
892;12661513000;12406166666;12906166666;10240;10228
893;12661755000;12406166666;12906166666;10240;10228
894;12661766000;12447411111;12947411111;10240;10228
895;12661962000;12447411111;12947411111;10240;10228
896;12661973000;12447411111;12947411111;10240;10228
897;12662185000;12447411111;12947411111;10240;10228
898;12662205000;12447411111;12947411111;10240;10228
899;12662360000;12447411111;12947411111;10240;10228
900;12662544000;12447411111;12947411111;10240;10228
901;12694029000;12447500000;12947500000;10240;10228
834;12698666000;12197422222;12697422222;10240;10228
904;12702805000;12447777777;12947777777;10240;10228
905;12702828000;12489088888;12989088888;10240;10228
906;12702833000;12489088888;12989088888;10240;10228
907;12702838000;12489088888;12989088888;10240;10228
908;12702843000;12489088888;12989088888;10240;10228
909;12702861000;12489088888;12989088888;10240;10228
910;12702880000;12489088888;12989088888;10240;10228
911;12702885000;12489088888;12989088888;10240;10228
912;12702891000;12489166666;12989166666;10240;10228
902;12703021000;12447777777;12947777777;10240;10228
903;12703225000;12447777777;12947777777;10240;10228
904;12703260000;12447777777;12947777777;10240;10228
905;12703427000;12489088888;12989088888;10240;10228
906;12703650000;12489088888;12989088888;10240;10228
907;12703659000;12489088888;12989088888;10240;10228
908;12703848000;12489088888;12989088888;10240;10228
909;12703857000;12489088888;12989088888;10240;10228
910;12704086000;12489088888;12989088888;10240;10228
911;12704247000;12489088888;12989088888;10240;10228
912;12704268000;12489166666;12989166666;10240;10228
868;12739758000;12322500000;12822500000;10240;10228
873;12739768000;12364077777;12864077777;10240;10228
876;12740360000;12364077777;12864077777;10240;10228
877;12740569000;12364077777;12864077777;10240;10228
878;12740777000;12364077777;12864077777;10240;10228
913;12744470000;12489488888;12989488888;10240;10228
914;12744502000;12489488888;12989488888;10240;10228
915;12744507000;12489488888;12989488888;10240;10228
916;12744513000;12530755555;13030755555;10240;10228
917;12744527000;12530755555;13030755555;10240;10228
918;12744535000;12530755555;13030755555;10240;10228
919;12744538000;12530755555;13030755555;10240;10228
920;12744543000;12530755555;13030755555;10240;10228
922;12744552000;12530755555;13030755555;10240;10228
913;12744683000;12489488888;12989488888;10240;10228
914;12744894000;12489488888;12989488888;10240;10228
915;12744905000;12489488888;12989488888;10240;10228
916;12745134000;12530755555;13030755555;10240;10228
917;12745288000;12530755555;13030755555;10240;10228
918;12745300000;12530755555;13030755555;10240;10228
919;12745464000;12530755555;13030755555;10240;10228
920;12745717000;12530755555;13030755555;10240;10228
921;12745726000;12530755555;13030755555;10240;10228
923;12776794000;12530833333;13030833333;10240;10228
887;12781464000;12405755555;12905755555;10240;10228
888;12781475000;12405755555;12905755555;10240;10228
889;12781479000;12405755555;12905755555;10240;10228
857;12782128000;12280844444;12780844444;10240;10228
890;12782348000;12405833333;12905833333;10240;10228
924;12786105000;12531166666;13031166666;10240;10228
926;12786118000;12531166666;13031166666;10240;10228
927;12786125000;12572422222;13072422222;10240;10228
928;12786139000;12572422222;13072422222;10240;10228
929;12786155000;12572422222;13072422222;10240;10228
930;12786170000;12572422222;13072422222;10240;10228
931;12786180000;12572422222;13072422222;10240;10228
932;12786191000;12572422222;13072422222;10240;10228
933;12786195000;12572422222;13072422222;10240;10228
924;12786321000;12531166666;13031166666;10240;10228
925;12786550000;12531166666;13031166666;10240;10228
926;12786576000;12531166666;13031166666;10240;10228
927;12786733000;12572422222;13072422222;10240;10228
928;12786945000;12572422222;13072422222;10240;10228
929;12786956000;12572422222;13072422222;10240;10228
930;12787167000;12572422222;13072422222;10240;10228
931;12787187000;12572422222;13072422222;10240;10228
932;12787301000;12572422222;13072422222;10240;10228
933;12787545000;12572422222;13072422222;10240;10228
934;12814422000;12572500000;13072500000;10240;10228
935;12827770000;12572788888;13072788888;10240;10228
936;12827780000;12572788888;13072788888;10240;10228
937;12827788000;12572788888;13072788888;10240;10228
938;12827799000;12614077777;13114077777;10240;10228
939;12827804000;12614077777;13114077777;10240;10228
940;12827816000;12614077777;13114077777;10240;10228
941;12827875000;12614077777;13114077777;10240;10228
942;12827889000;12614077777;13114077777;10240;10228
943;12827893000;12614077777;13114077777;10240;10228
944;12827898000;12614077777;13114077777;10240;10228
935;12827997000;12572788888;13072788888;10240;10228
936;12828191000;12572788888;13072788888;10240;10228
937;12828396000;12572788888;13072788888;10240;10228
938;12828408000;12614077777;13114077777;10240;10228
940;12828608000;12614077777;13114077777;10240;10228
941;12828618000;12614077777;13114077777;10240;10228
942;12828813000;12614077777;13114077777;10240;10228
943;12828823000;12614077777;13114077777;10240;10228
945;12860018000;12614155555;13114155555;10240;10228
944;12860231000;12614077777;13114077777;10240;10228
945;12860737000;12614155555;13114155555;10240;10228
900;12864838000;12447411111;12947411111;10240;10228
901;12864851000;12447500000;12947500000;10240;10228
902;12864855000;12447777777;12947777777;10240;10228
903;12864859000;12447777777;12947777777;10240;10228
946;12869538000;12614477777;13114477777;10240;10228
947;12869550000;12614477777;13114477777;10240;10228
948;12869554000;12614477777;13114477777;10240;10228
949;12869558000;12655755555;13155755555;10240;10228
950;12869562000;12655755555;13155755555;10240;10228
951;12869569000;12655755555;13155755555;10240;10228
952;12869579000;12655755555;13155755555;10240;10228
953;12869584000;12655755555;13155755555;10240;10228
954;12869595000;12655755555;13155755555;10240;10228
955;12869599000;12655755555;13155755555;10240;10228
946;12869691000;12614477777;13114477777;10240;10228
956;12869812000;12655833333;13155833333;10240;10228
948;12869899000;12614477777;13114477777;10240;10228
949;12869918000;12655755555;13155755555;10240;10228
950;12870133000;12655755555;13155755555;10240;10228
951;12870314000;12655755555;13155755555;10240;10228
952;12870325000;12655755555;13155755555;10240;10228
953;12870463000;12655755555;13155755555;10240;10228
954;12870712000;12655755555;13155755555;10240;10228
956;12870722000;12655833333;13155833333;10240;10228
921;12906437000;12530755555;13030755555;10240;10228
925;12906449000;12531166666;13031166666;10240;10228
863;12906967000;12322411111;12822411111;10240;10228
922;12907183000;12530755555;13030755555;10240;10228
923;12907202000;12530833333;13030833333;10240;10228
957;12911172000;12656177777;13156177777;10240;10228
958;12911182000;12656177777;13156177777;10240;10228
959;12911190000;12656177777;13156177777;10240;10228
960;12911194000;12697422222;13197422222;10240;10228
961;12911197000;12697422222;13197422222;10240;10228
962;12911202000;12697422222;13197422222;10240;10228
963;12911209000;12697422222;13197422222;10240;10228
964;12911214000;12697422222;13197422222;10240;10228
957;12911356000;12656177777;13156177777;10240;10228
965;12911455000;12697422222;13197422222;10240;10228
966;12911465000;12697422222;13197422222;10240;10228
967;12911470000;12697500000;13197500000;10240;10228
958;12911578000;12656177777;13156177777;10240;10228
959;12911760000;12656177777;13156177777;10240;10228
960;12911769000;12697422222;13197422222;10240;10228
961;12911965000;12697422222;13197422222;10240;10228
962;12911975000;12697422222;13197422222;10240;10228
963;12912162000;12697422222;13197422222;10240;10228
964;12912181000;12697422222;13197422222;10240;10228
965;12912356000;12697422222;13197422222;10240;10228
966;12912553000;12697422222;13197422222;10240;10228
967;12912571000;12697500000;13197500000;10240;10228
934;12948235000;12572500000;13072500000;10240;10228
939;12949308000;12614077777;13114077777;10240;10228
969;12952837000;12697811111;13197811111;10240;10228
970;12952860000;12697811111;13197811111;10240;10228
972;12952866000;12739088888;13239088888;10240;10228
974;12952870000;12739088888;13239088888;10240;10228
975;12952875000;12739088888;13239088888;10240;10228
976;12952879000;12739088888;13239088888;10240;10228
977;12952893000;12739088888;13239088888;10240;10228
978;12952897000;12739166666;13239166666;10240;10228
968;12953020000;12697811111;13197811111;10240;10228
970;12953229000;12697811111;13197811111;10240;10228
971;12953247000;12739088888;13239088888;10240;10228
972;12953430000;12739088888;13239088888;10240;10228
973;12953644000;12739088888;13239088888;10240;10228
975;12953671000;12739088888;13239088888;10240;10228
977;12953846000;12739088888;13239088888;10240;10228
978;12953866000;12739166666;13239166666;10240;10228
947;12990760000;12614477777;13114477777;10240;10228
979;12994470000;12739477777;13239477777;10240;10228
981;12994502000;12739477777;13239477777;10240;10228
982;12994520000;12780755555;13280755555;10240;10228
983;12994526000;12780755555;13280755555;10240;10228
984;12994553000;12780755555;13280755555;10240;10228
985;12994568000;12780755555;13280755555;10240;10228
986;12994574000;12780755555;13280755555;10240;10228
987;12994578000;12780755555;13280755555;10240;10228
988;12994582000;12780755555;13280755555;10240;10228
989;12994587000;12780833333;13280833333;10240;10228
979;12994690000;12739477777;13239477777;10240;10228
980;12994897000;12739477777;13239477777;10240;10228
981;12994921000;12739477777;13239477777;10240;10228
982;12995098000;12780755555;13280755555;10240;10228
983;12995289000;12780755555;13280755555;10240;10228
984;12995299000;12780755555;13280755555;10240;10228
985;12995464000;12780755555;13280755555;10240;10228
987;12995711000;12780755555;13280755555;10240;10228
988;12995722000;12780755555;13280755555;10240;10228
989;12995726000;12780833333;13280833333;10240;10228
955;13032034000;12655755555;13155755555;10240;10228
990;13036178000;12781166666;13281166666;10240;10228
991;13036191000;12781166666;13281166666;10240;10228
992;13036195000;12781166666;13281166666;10240;10228
993;13036199000;12822422222;13322422222;10240;10228
994;13036203000;12822422222;13322422222;10240;10228
995;13036207000;12822422222;13322422222;10240;10228
996;13036211000;12822422222;13322422222;10240;10228
999;13036219000;12822422222;13322422222;10240;10228
1000;13036239000;12822500000;13322500000;10240;10228
990;13036354000;12781166666;13281166666;10240;10228
991;13036551000;12781166666;13281166666;10240;10228
992;13036763000;12781166666;13281166666;10240;10228
993;13036775000;12822422222;13322422222;10240;10228
994;13036967000;12822422222;13322422222;10240;10228
995;13036978000;12822422222;13322422222;10240;10228
996;13037194000;12822422222;13322422222;10240;10228
997;13037214000;12822422222;13322422222;10240;10228
998;13037359000;12822422222;13322422222;10240;10228
999;13037594000;12822422222;13322422222;10240;10228
1000;13037603000;12822500000;13322500000;10240;10228
968;13073105000;12697811111;13197811111;10240;10228
971;13073116000;12739088888;13239088888;10240;10228
973;13073120000;12739088888;13239088888;10240;10228
969;13073908000;12697811111;13197811111;10240;10228
974;13074291000;12739088888;13239088888;10240;10228
1001;13077829000;12822800000;13322800000;10240;10228
1002;13077839000;12822800000;13322800000;10240;10228
1003;13077844000;12822800000;13322800000;10240;10228
1004;13077848000;12864100000;13364100000;10240;10228
1005;13077855000;12864100000;13364100000;10240;10228
1006;13077863000;12864100000;13364100000;10240;10228
1007;13077871000;12864100000;13364100000;10240;10228
1008;13077879000;12864100000;13364100000;10240;10228
1009;13077884000;12864100000;13364100000;10240;10228
1010;13077895000;12864100000;13364100000;10240;10228
1011;13077899000;12864177777;13364177777;10240;10228
1001;13078019000;12822800000;13322800000;10240;10228
1002;13078222000;12822800000;13322800000;10240;10228
1003;13078243000;12822800000;13322800000;10240;10228
1004;13078426000;12864100000;13364100000;10240;10228
1005;13078642000;12864100000;13364100000;10240;10228
1006;13078652000;12864100000;13364100000;10240;10228
1007;13078844000;12864100000;13364100000;10240;10228
1008;13078853000;12864100000;13364100000;10240;10228
1009;13079081000;12864100000;13364100000;10240;10228
1010;13079243000;12864100000;13364100000;10240;10228
1011;13079254000;12864177777;13364177777;10240;10228
980;13114725000;12739477777;13239477777;10240;10228
976;13115129000;12739088888;13239088888;10240;10228
986;13116187000;12780755555;13280755555;10240;10228
1012;13119468000;12864500000;13364500000;10240;10228
1013;13119500000;12864500000;13364500000;10240;10228
1014;13119507000;12864500000;13364500000;10240;10228
1015;13119513000;12905755555;13405755555;10240;10228
1016;13119531000;12905755555;13405755555;10240;10228
1017;13119536000;12905755555;13405755555;10240;10228
1018;13119540000;12905755555;13405755555;10240;10228
1019;13119544000;12905755555;13405755555;10240;10228
1020;13119562000;12905755555;13405755555;10240;10228
1021;13119567000;12905755555;13405755555;10240;10228
1022;13119571000;12905844444;13405844444;10240;10228
1012;13119681000;12864500000;13364500000;10240;10228
1013;13119897000;12864500000;13364500000;10240;10228
1014;13119906000;12864500000;13364500000;10240;10228
1015;13120099000;12905755555;13405755555;10240;10228
1016;13120286000;12905755555;13405755555;10240;10228
1017;13120298000;12905755555;13405755555;10240;10228
1018;13120462000;12905755555;13405755555;10240;10228
1020;13120710000;12905755555;13405755555;10240;10228
1021;13120720000;12905755555;13405755555;10240;10228
1022;13120724000;12905844444;13405844444;10240;10228
1023;13161112000;12906177777;13406177777;10240;10228
1024;13161122000;12906177777;13406177777;10240;10228
1025;13161128000;12906177777;13406177777;10240;10228
1026;13161131000;12947411111;13447411111;10240;10228
1027;13161138000;12947411111;13447411111;10240;10228
1028;13161143000;12947411111;13447411111;10240;10228
1029;13161152000;12947411111;13447411111;10240;10228
1031;13161240000;12947411111;13447411111;10240;10228
1032;13161264000;12947411111;13447411111;10240;10228
1033;13161302000;12947500000;13447500000;10240;10228
1023;13161370000;12906177777;13406177777;10240;10228
1024;13161515000;12906177777;13406177777;10240;10228
1025;13161754000;12906177777;13406177777;10240;10228
1026;13161764000;12947411111;13447411111;10240;10228
1027;13161977000;12947411111;13447411111;10240;10228
1028;13161997000;12947411111;13447411111;10240;10228
1029;13162153000;12947411111;13447411111;10240;10228
1030;13162173000;12947411111;13447411111;10240;10228
1031;13162357000;12947411111;13447411111;10240;10228
1032;13162547000;12947411111;13447411111;10240;10228
997;13198148000;12822422222;13322422222;10240;10228
1034;13202795000;12947788888;13447788888;10240;10228
1035;13202805000;12947788888;13447788888;10240;10228
1036;13202811000;12947788888;13447788888;10240;10228
1037;13202815000;12989088888;13489088888;10240;10228
1038;13202819000;12989088888;13489088888;10240;10228
1039;13202823000;12989088888;13489088888;10240;10228
1040;13202830000;12989088888;13489088888;10240;10228
1041;13202895000;12989088888;13489088888;10240;10228
1042;13202904000;12989088888;13489088888;10240;10228
1043;13202919000;12989088888;13489088888;10240;10228
1044;13202931000;12989166666;13489166666;10240;10228
1035;13203019000;12947788888;13447788888;10240;10228
1036;13203208000;12947788888;13447788888;10240;10228
1037;13203407000;12989088888;13489088888;10240;10228
1038;13203417000;12989088888;13489088888;10240;10228
1039;13203617000;12989088888;13489088888;10240;10228
1041;13203627000;12989088888;13489088888;10240;10228
1042;13203816000;12989088888;13489088888;10240;10228
1043;13203827000;12989088888;13489088888;10240;10228
1044;13204028000;12989166666;13489166666;10240;10228
1019;13241183000;12905755555;13405755555;10240;10228
1045;13244535000;12989488888;13489488888;10240;10228
1046;13244547000;12989488888;13489488888;10240;10228
1047;13244552000;12989488888;13489488888;10240;10228
1048;13244556000;13030755555;13530755555;10240;10228
1049;13244570000;13030755555;13530755555;10240;10228
1050;13244577000;13030755555;13530755555;10240;10228
1051;13244584000;13030755555;13530755555;10240;10228
1052;13244588000;13030755555;13530755555;10240;10228
1053;13244597000;13030755555;13530755555;10240;10228
1054;13244604000;13030755555;13530755555;10240;10228
1055;13244685000;13030833333;13530833333;10240;10228
1045;13244695000;12989488888;13489488888;10240;10228
1046;13244898000;12989488888;13489488888;10240;10228
1047;13244907000;12989488888;13489488888;10240;10228
1048;13245132000;13030755555;13530755555;10240;10228
1049;13245286000;13030755555;13530755555;10240;10228
1050;13245297000;13030755555;13530755555;10240;10228
1051;13245463000;13030755555;13530755555;10240;10228
1052;13245719000;13030755555;13530755555;10240;10228
1053;13245728000;13030755555;13530755555;10240;10228
1054;13245911000;13030755555;13530755555;10240;10228
1055;13245931000;13030833333;13530833333;10240;10228
1030;13281452000;12947411111;13447411111;10240;10228
1056;13286199000;13031155555;13531155555;10240;10228
1057;13286210000;13031155555;13531155555;10240;10228
1060;13286227000;13072422222;13572422222;10240;10228
1061;13286233000;13072422222;13572422222;10240;10228
1062;13286248000;13072422222;13572422222;10240;10228
1063;13286252000;13072422222;13572422222;10240;10228
1064;13286261000;13072422222;13572422222;10240;10228
1065;13286266000;13072422222;13572422222;10240;10228
1066;13286281000;13072511111;13572511111;10240;10228
1056;13286387000;13031155555;13531155555;10240;10228
1057;13286518000;13031155555;13531155555;10240;10228
1059;13286763000;13072422222;13572422222;10240;10228
1060;13286773000;13072422222;13572422222;10240;10228
1061;13286966000;13072422222;13572422222;10240;10228
1062;13286985000;13072422222;13572422222;10240;10228
1063;13287167000;13072422222;13572422222;10240;10228
1064;13287185000;13072422222;13572422222;10240;10228
1066;13287371000;13072511111;13572511111;10240;10228
998;13323061000;12822422222;13322422222;10240;10228
1033;13323740000;12947500000;13447500000;10240;10228
1034;13323945000;12947788888;13447788888;10240;10228
1040;13324450000;12989088888;13489088888;10240;10228
1067;13327847000;13072800000;13572800000;10240;10228
1068;13327869000;13072800000;13572800000;10240;10228
1069;13327879000;13072800000;13572800000;10240;10228
1070;13327884000;13114088888;13614088888;10240;10228
1071;13327898000;13114088888;13614088888;10240;10228
1072;13327902000;13114088888;13614088888;10240;10228
1073;13327907000;13114088888;13614088888;10240;10228
1075;13327914000;13114088888;13614088888;10240;10228
1076;13327919000;13114088888;13614088888;10240;10228
1077;13327923000;13114177777;13614177777;10240;10228
1067;13328023000;13072800000;13572800000;10240;10228
1068;13328216000;13072800000;13572800000;10240;10228
1069;13328237000;13072800000;13572800000;10240;10228
1070;13328420000;13114088888;13614088888;10240;10228
1071;13328636000;13114088888;13614088888;10240;10228
1072;13328646000;13114088888;13614088888;10240;10228
1073;13328859000;13114088888;13614088888;10240;10228
1074;13328880000;13114088888;13614088888;10240;10228
1075;13329045000;13114088888;13614088888;10240;10228
1076;13329241000;13114088888;13614088888;10240;10228
1078;13369468000;13114488888;13614488888;10240;10228
1079;13369497000;13114488888;13614488888;10240;10228
1080;13369503000;13114488888;13614488888;10240;10228
1081;13369507000;13155744444;13655744444;10240;10228
1082;13369511000;13155744444;13655744444;10240;10228
1083;13369521000;13155744444;13655744444;10240;10228
1084;13369527000;13155744444;13655744444;10240;10228
1085;13369531000;13155744444;13655744444;10240;10228
1086;13369535000;13155744444;13655744444;10240;10228
1087;13369541000;13155744444;13655744444;10240;10228
1088;13369550000;13155833333;13655833333;10240;10228
1078;13369659000;13114488888;13614488888;10240;10228
1080;13369864000;13114488888;13614488888;10240;10228
1081;13370062000;13155744444;13655744444;10240;10228
1083;13370083000;13155744444;13655744444;10240;10228
1084;13370268000;13155744444;13655744444;10240;10228
1085;13370280000;13155744444;13655744444;10240;10228
1086;13370452000;13155744444;13655744444;10240;10228
1087;13370674000;13155744444;13655744444;10240;10228
1088;13370694000;13155833333;13655833333;10240;10228
1058;13406505000;13031155555;13531155555;10240;10228
1059;13406515000;13072422222;13572422222;10240;10228
1058;13407456000;13031155555;13531155555;10240;10228
1090;13411144000;13156155555;13656155555;10240;10228
1091;13411155000;13156155555;13656155555;10240;10228
1092;13411164000;13197422222;13697422222;10240;10228
1093;13411170000;13197422222;13697422222;10240;10228
1094;13411175000;13197422222;13697422222;10240;10228
1095;13411179000;13197422222;13697422222;10240;10228
1096;13411184000;13197422222;13697422222;10240;10228
1098;13411254000;13197422222;13697422222;10240;10228
1099;13411267000;13197500000;13697500000;10240;10228
1089;13411344000;13156155555;13656155555;10240;10228
1090;13411527000;13156155555;13656155555;10240;10228
1091;13411748000;13156155555;13656155555;10240;10228
1092;13411759000;13197422222;13697422222;10240;10228
1093;13411949000;13197422222;13697422222;10240;10228
1094;13411959000;13197422222;13697422222;10240;10228
1095;13412154000;13197422222;13697422222;10240;10228
1096;13412173000;13197422222;13697422222;10240;10228
1097;13412356000;13197422222;13697422222;10240;10228
1098;13412573000;13197422222;13697422222;10240;10228
1099;13412585000;13197500000;13697500000;10240;10228
1074;13448166000;13114088888;13614088888;10240;10228
1065;13448633000;13072422222;13572422222;10240;10228
1100;13452865000;13197777777;13697777777;10240;10228
1102;13452877000;13197777777;13697777777;10240;10228
1103;13452883000;13239088888;13739088888;10240;10228
1104;13452898000;13239088888;13739088888;10240;10228
1106;13452903000;13239088888;13739088888;10240;10228
1107;13452907000;13239088888;13739088888;10240;10228
1108;13452912000;13239088888;13739088888;10240;10228
1109;13452916000;13239088888;13739088888;10240;10228
1101;13453027000;13197777777;13697777777;10240;10228
1110;13453174000;13239166666;13739166666;10240;10228
1102;13453202000;13197777777;13697777777;10240;10228
1103;13453209000;13239088888;13739088888;10240;10228
1104;13453422000;13239088888;13739088888;10240;10228
1105;13453634000;13239088888;13739088888;10240;10228
1106;13453660000;13239088888;13739088888;10240;10228
1107;13453859000;13239088888;13739088888;10240;10228
1108;13453879000;13239088888;13739088888;10240;10228
1109;13454037000;13239088888;13739088888;10240;10228
1110;13454055000;13239166666;13739166666;10240;10228
1077;13490632000;13114177777;13614177777;10240;10228
1079;13490833000;13114488888;13614488888;10240;10228
1082;13491112000;13155744444;13655744444;10240;10228
1111;13494450000;13239466666;13739466666;10240;10228
1112;13494462000;13239466666;13739466666;10240;10228
1113;13494466000;13239466666;13739466666;10240;10228
1114;13494470000;13280744444;13780744444;10240;10228
1115;13494474000;13280744444;13780744444;10240;10228
1116;13494503000;13280744444;13780744444;10240;10228
1117;13494526000;13280744444;13780744444;10240;10228
1118;13494532000;13280744444;13780744444;10240;10228
1120;13494537000;13280744444;13780744444;10240;10228
1111;13494666000;13239466666;13739466666;10240;10228
1112;13494863000;13239466666;13739466666;10240;10228
1113;13495059000;13239466666;13739466666;10240;10228
1115;13495081000;13280744444;13780744444;10240;10228
1116;13495264000;13280744444;13780744444;10240;10228
1118;13495276000;13280744444;13780744444;10240;10228
1119;13495452000;13280744444;13780744444;10240;10228
1120;13495682000;13280744444;13780744444;10240;10228
1089;13531404000;13156155555;13656155555;10240;10228
1122;13536142000;13281166666;13781166666;10240;10228
1123;13536168000;13281166666;13781166666;10240;10228
1124;13536175000;13281166666;13781166666;10240;10228
1125;13536181000;13322411111;13822411111;10240;10228
1126;13536198000;13322411111;13822411111;10240;10228
1127;13536207000;13322411111;13822411111;10240;10228
1128;13536211000;13322411111;13822411111;10240;10228
1129;13536222000;13322411111;13822411111;10240;10228
1130;13536226000;13322411111;13822411111;10240;10228
1131;13536231000;13322411111;13822411111;10240;10228
1132;13536239000;13322500000;13822500000;10240;10228
1122;13536334000;13281166666;13781166666;10240;10228
1123;13536515000;13281166666;13781166666;10240;10228
1125;13536751000;13322411111;13822411111;10240;10228
1126;13536774000;13322411111;13822411111;10240;10228
1128;13536975000;13322411111;13822411111;10240;10228
1129;13536995000;13322411111;13822411111;10240;10228
1130;13537152000;13322411111;13822411111;10240;10228
1131;13537172000;13322411111;13822411111;10240;10228
1132;13537355000;13322500000;13822500000;10240;10228
1097;13573156000;13197422222;13697422222;10240;10228
1101;13573184000;13197777777;13697777777;10240;10228
1105;13573190000;13239088888;13739088888;10240;10228
1100;13573679000;13197777777;13697777777;10240;10228
1133;13577799000;13322800000;13822800000;10240;10228
1134;13577810000;13322800000;13822800000;10240;10228
1135;13577815000;13322800000;13822800000;10240;10228
1136;13577820000;13364088888;13864088888;10240;10228
1138;13577824000;13364088888;13864088888;10240;10228
1139;13577837000;13364088888;13864088888;10240;10228
1140;13577842000;13364088888;13864088888;10240;10228
1141;13577848000;13364088888;13864088888;10240;10228
1133;13578010000;13322800000;13822800000;10240;10228
1134;13578216000;13322800000;13822800000;10240;10228
1135;13578234000;13322800000;13822800000;10240;10228
1136;13578420000;13364088888;13864088888;10240;10228
1137;13578633000;13364088888;13864088888;10240;10228
1138;13578644000;13364088888;13864088888;10240;10228
1139;13578835000;13364088888;13864088888;10240;10228
1140;13578845000;13364088888;13864088888;10240;10228
1141;13579076000;13364088888;13864088888;10240;10228
1114;13615738000;13280744444;13780744444;10240;10228
1144;13619463000;13364477777;13864477777;10240;10228
1145;13619473000;13364477777;13864477777;10240;10228
1146;13619478000;13364477777;13864477777;10240;10228
1147;13619500000;13405755555;13905755555;10240;10228
1148;13619505000;13405755555;13905755555;10240;10228
1149;13619513000;13405755555;13905755555;10240;10228
1150;13619542000;13405755555;13905755555;10240;10228
1151;13619547000;13405755555;13905755555;10240;10228
1152;13619551000;13405755555;13905755555;10240;10228
1154;13619555000;13405833333;13905833333;10240;10228
1144;13619669000;13364477777;13864477777;10240;10228
1145;13619872000;13364477777;13864477777;10240;10228
1146;13620069000;13364477777;13864477777;10240;10228
1147;13620090000;13405755555;13905755555;10240;10228
1148;13620274000;13405755555;13905755555;10240;10228
1150;13620286000;13405755555;13905755555;10240;10228
1151;13620462000;13405755555;13905755555;10240;10228
1152;13620712000;13405755555;13905755555;10240;10228
1153;13620721000;13405755555;13905755555;10240;10228
1154;13620726000;13405833333;13905833333;10240;10228
1119;13656523000;13280744444;13780744444;10240;10228
1121;13656549000;13280833333;13780833333;10240;10228
1121;13657134000;13280833333;13780833333;10240;10228
1124;13657422000;13281166666;13781166666;10240;10228
1127;13657781000;13322411111;13822411111;10240;10228
1155;13661155000;13406155555;13906155555;10240;10228
1156;13661166000;13406155555;13906155555;10240;10228
1157;13661170000;13406155555;13906155555;10240;10228
1158;13661175000;13447444444;13947444444;10240;10228
1159;13661190000;13447444444;13947444444;10240;10228
1160;13661195000;13447444444;13947444444;10240;10228
1161;13661199000;13447444444;13947444444;10240;10228
1162;13661209000;13447444444;13947444444;10240;10228
1163;13661216000;13447444444;13947444444;10240;10228
1164;13661224000;13447444444;13947444444;10240;10228
1165;13661308000;13447566666;13947566666;10240;10228
1155;13661336000;13406155555;13906155555;10240;10228
1156;13661579000;13406155555;13906155555;10240;10228
1157;13661600000;13406155555;13906155555;10240;10228
1158;13661782000;13447444444;13947444444;10240;10228
1162;13661981000;13447444444;13947444444;10240;10228
1163;13662002000;13447444444;13947444444;10240;10228
1164;13662191000;13447444444;13947444444;10240;10228
1137;13698143000;13364088888;13864088888;10240;10228
1166;13702822000;13447833333;13947833333;10240;10228
1167;13702833000;13447833333;13947833333;10240;10228
1168;13702838000;13447833333;13947833333;10240;10228
1169;13702842000;13489088888;13989088888;10240;10228
1170;13702864000;13489088888;13989088888;10240;10228
1171;13702870000;13489088888;13989088888;10240;10228
1172;13702890000;13489088888;13989088888;10240;10228
1173;13702895000;13489088888;13989088888;10240;10228
1174;13702902000;13489088888;13989088888;10240;10228
1175;13702907000;13489088888;13989088888;10240;10228
1176;13702912000;13489177777;13989177777;10240;10228
1167;13703014000;13447833333;13947833333;10240;10228
1168;13703245000;13447833333;13947833333;10240;10228
1169;13703263000;13489088888;13989088888;10240;10228
1170;13703420000;13489088888;13989088888;10240;10228
1171;13703635000;13489088888;13989088888;10240;10228
1172;13703658000;13489088888;13989088888;10240;10228
1173;13703859000;13489088888;13989088888;10240;10228
1174;13703879000;13489088888;13989088888;10240;10228
1175;13704036000;13489088888;13989088888;10240;10228
1176;13704055000;13489177777;13989177777;10240;10228
1142;13739737000;13364088888;13864088888;10240;10228
1143;13739746000;13364166666;13864166666;10240;10228
1117;13740537000;13280744444;13780744444;10240;10228
1143;13740734000;13364166666;13864166666;10240;10228
1149;13741150000;13405755555;13905755555;10240;10228
1177;13744504000;13489477777;13989477777;10240;10228
1178;13744526000;13489477777;13989477777;10240;10228
1179;13744530000;13489477777;13989477777;10240;10228
1180;13744535000;13530755555;14030755555;10240;10228
1181;13744545000;13530755555;14030755555;10240;10228
1182;13744549000;13530755555;14030755555;10240;10228
1184;13744560000;13530755555;14030755555;10240;10228
1185;13744565000;13530755555;14030755555;10240;10228
1187;13744570000;13530833333;14030833333;10240;10228
1177;13744675000;13489477777;13989477777;10240;10228
1178;13744890000;13489477777;13989477777;10240;10228
1179;13744899000;13489477777;13989477777;10240;10228
1180;13745132000;13530755555;14030755555;10240;10228
1181;13745284000;13530755555;14030755555;10240;10228
1182;13745294000;13530755555;14030755555;10240;10228
1183;13745459000;13530755555;14030755555;10240;10228
1184;13745707000;13530755555;14030755555;10240;10228
1185;13745718000;13530755555;14030755555;10240;10228
1187;13745722000;13530833333;14030833333;10240;10228
1160;13782627000;13447444444;13947444444;10240;10228
1161;13782828000;13447444444;13947444444;10240;10228
1189;13786110000;13531166666;14031166666;10240;10228
1190;13786137000;13531166666;14031166666;10240;10228
1191;13786154000;13572422222;14072422222;10240;10228
1192;13786160000;13572422222;14072422222;10240;10228
1194;13786166000;13572422222;14072422222;10240;10228
1195;13786205000;13572422222;14072422222;10240;10228
1196;13786210000;13572422222;14072422222;10240;10228
1197;13786215000;13572422222;14072422222;10240;10228
1198;13786221000;13572500000;14072500000;10240;10228
1188;13786317000;13531166666;14031166666;10240;10228
1189;13786546000;13531166666;14031166666;10240;10228
1190;13786566000;13531166666;14031166666;10240;10228
1193;13786732000;13572422222;14072422222;10240;10228
1194;13786940000;13572422222;14072422222;10240;10228
1195;13786961000;13572422222;14072422222;10240;10228
1196;13787167000;13572422222;14072422222;10240;10228
1197;13787185000;13572422222;14072422222;10240;10228
1198;13787339000;13572500000;14072500000;10240;10228
1165;13823603000;13447566666;13947566666;10240;10228
1166;13823806000;13447833333;13947833333;10240;10228
1199;13827763000;13572788888;14072788888;10240;10228
1201;13827773000;13572788888;14072788888;10240;10228
1202;13827795000;13614077777;14114077777;10240;10228
1203;13827814000;13614077777;14114077777;10240;10228
1204;13827820000;13614077777;14114077777;10240;10228
1205;13827861000;13614077777;14114077777;10240;10228
1206;13827882000;13614077777;14114077777;10240;10228
1207;13827899000;13614077777;14114077777;10240;10228
1208;13827905000;13614077777;14114077777;10240;10228
1209;13827908000;13614166666;14114166666;10240;10228
1199;13828006000;13572788888;14072788888;10240;10228
1200;13828196000;13572788888;14072788888;10240;10228
1201;13828392000;13572788888;14072788888;10240;10228
1202;13828403000;13614077777;14114077777;10240;10228
1203;13828604000;13614077777;14114077777;10240;10228
1204;13828615000;13614077777;14114077777;10240;10228
1205;13828809000;13614077777;14114077777;10240;10228
1206;13828820000;13614077777;14114077777;10240;10228
1207;13829010000;13614077777;14114077777;10240;10228
1209;13829032000;13614166666;14114166666;10240;10228
1210;13869455000;13614488888;14114488888;10240;10228
1211;13869466000;13614488888;14114488888;10240;10228
1212;13869470000;13614488888;14114488888;10240;10228
1213;13869475000;13655755555;14155755555;10240;10228
1214;13869507000;13655755555;14155755555;10240;10228
1215;13869513000;13655755555;14155755555;10240;10228
1216;13869540000;13655755555;14155755555;10240;10228
1217;13869546000;13655755555;14155755555;10240;10228
1218;13869552000;13655755555;14155755555;10240;10228
1219;13869561000;13655755555;14155755555;10240;10228
1210;13869735000;13614488888;14114488888;10240;10228
1211;13869918000;13614488888;14114488888;10240;10228
1212;13869939000;13614488888;14114488888;10240;10228
1213;13870141000;13655755555;14155755555;10240;10228
1214;13870300000;13655755555;14155755555;10240;10228
1215;13870309000;13655755555;14155755555;10240;10228
1217;13870496000;13655755555;14155755555;10240;10228
1219;13870515000;13655755555;14155755555;10240;10228
1220;13870721000;13655833333;14155833333;10240;10228
1186;13906383000;13530755555;14030755555;10240;10228
1153;13906411000;13405755555;13905755555;10240;10228
1193;13906417000;13572422222;14072422222;10240;10228
1186;13907024000;13530755555;14030755555;10240;10228
1159;13907248000;13447444444;13947444444;10240;10228
1191;13907643000;13572422222;14072422222;10240;10228
1221;13911152000;13656166666;14156166666;10240;10228
1222;13911162000;13656166666;14156166666;10240;10228
1223;13911167000;13656166666;14156166666;10240;10228
1226;13911171000;13697422222;14197422222;10240;10228
1227;13911190000;13697422222;14197422222;10240;10228
1228;13911198000;13697422222;14197422222;10240;10228
1229;13911206000;13697422222;14197422222;10240;10228
1230;13911226000;13697422222;14197422222;10240;10228
1231;13911230000;13697500000;14197500000;10240;10228
1221;13911371000;13656166666;14156166666;10240;10228
1223;13911542000;13656166666;14156166666;10240;10228
1224;13911788000;13697422222;14197422222;10240;10228
1225;13911812000;13697422222;14197422222;10240;10228
1226;13911984000;13697422222;14197422222;10240;10228
1227;13912003000;13697422222;14197422222;10240;10228
1228;13912200000;13697422222;14197422222;10240;10228
1229;13912209000;13697422222;14197422222;10240;10228
1230;13912392000;13697422222;14197422222;10240;10228
1231;13943993000;13697500000;14197500000;10240;10228
1200;13948073000;13572788888;14072788888;10240;10228
1232;13952842000;13697788888;14197788888;10240;10228
1233;13952853000;13697788888;14197788888;10240;10228
1234;13952858000;13697788888;14197788888;10240;10228
1235;13952862000;13739088888;14239088888;10240;10228
1236;13952867000;13739088888;14239088888;10240;10228
1237;13952871000;13739088888;14239088888;10240;10228
1238;13952882000;13739088888;14239088888;10240;10228
1239;13952894000;13739088888;14239088888;10240;10228
1240;13952899000;13739088888;14239088888;10240;10228
1232;13953037000;13697788888;14197788888;10240;10228
1241;13953148000;13739088888;14239088888;10240;10228
1233;13953241000;13697788888;14197788888;10240;10228
1234;13953251000;13697788888;14197788888;10240;10228
1235;13953441000;13739088888;14239088888;10240;10228
1238;13953660000;13739088888;14239088888;10240;10228
1239;13953681000;13739088888;14239088888;10240;10228
1241;13953863000;13739088888;14239088888;10240;10228
1242;13989706000;13739166666;14239166666;10240;10228
1242;13989842000;13739166666;14239166666;10240;10228
1142;13990335000;13364088888;13864088888;10240;10228
1208;13990569000;13614077777;14114077777;10240;10228
1216;13991195000;13655755555;14155755555;10240;10228
1243;13994470000;13739455555;14239455555;10240;10228
1244;13994492000;13739455555;14239455555;10240;10228
1245;13994499000;13739455555;14239455555;10240;10228
1246;13994503000;13780755555;14280755555;10240;10228
1247;13994525000;13780755555;14280755555;10240;10228
1248;13994530000;13780755555;14280755555;10240;10228
1249;13994535000;13780755555;14280755555;10240;10228
1250;13994539000;13780755555;14280755555;10240;10228
1251;13994549000;13780755555;14280755555;10240;10228
1252;13994556000;13780755555;14280755555;10240;10228
1243;13994662000;13739455555;14239455555;10240;10228
1244;13994863000;13739455555;14239455555;10240;10228
1245;13995064000;13739455555;14239455555;10240;10228
1246;13995083000;13780755555;14280755555;10240;10228
1247;13995266000;13780755555;14280755555;10240;10228
1248;13995278000;13780755555;14280755555;10240;10228
1249;13995456000;13780755555;14280755555;10240;10228
1250;13995684000;13780755555;14280755555;10240;10228
1251;13995706000;13780755555;14280755555;10240;10228
1252;13995892000;13780755555;14280755555;10240;10228
1253;14026808000;13780833333;14280833333;10240;10228
1253;14026932000;13780833333;14280833333;10240;10228
1183;14031505000;13530755555;14030755555;10240;10228
1188;14031517000;13531166666;14031166666;10240;10228
1220;14031522000;13655833333;14155833333;10240;10228
1224;14031527000;13697422222;14197422222;10240;10228
1225;14031532000;13697422222;14197422222;10240;10228
1218;14031777000;13655755555;14155755555;10240;10228
1222;14032398000;13656166666;14156166666;10240;10228
1254;14036106000;13781144444;14281144444;10240;10228
1255;14036123000;13781144444;14281144444;10240;10228
1256;14036128000;13781144444;14281144444;10240;10228
1257;14036134000;13822422222;14322422222;10240;10228
1258;14036138000;13822422222;14322422222;10240;10228
1259;14036230000;13822422222;14322422222;10240;10228
1260;14036240000;13822422222;14322422222;10240;10228
1261;14036244000;13822422222;14322422222;10240;10228
1262;14036253000;13822422222;14322422222;10240;10228
1263;14036258000;13822422222;14322422222;10240;10228
1264;14036262000;13822500000;14322500000;10240;10228
1254;14036269000;13781144444;14281144444;10240;10228
1255;14036502000;13781144444;14281144444;10240;10228
1256;14036710000;13781144444;14281144444;10240;10228
1257;14036722000;13822422222;14322422222;10240;10228
1259;14036915000;13822422222;14322422222;10240;10228
1260;14036926000;13822422222;14322422222;10240;10228
1261;14037123000;13822422222;14322422222;10240;10228
1262;14037320000;13822422222;14322422222;10240;10228
1263;14037329000;13822422222;14322422222;10240;10228
1264;14037509000;13822500000;14322500000;10240;10228
1265;14077818000;13822788888;14322788888;10240;10228
1266;14077830000;13822788888;14322788888;10240;10228
1267;14077834000;13822788888;14322788888;10240;10228
1268;14077838000;13864077777;14364077777;10240;10228
1269;14077842000;13864077777;14364077777;10240;10228
1270;14077847000;13864077777;14364077777;10240;10228
1271;14077857000;13864077777;14364077777;10240;10228
1272;14077861000;13864077777;14364077777;10240;10228
1266;14078058000;13822788888;14322788888;10240;10228
1267;14078238000;13822788888;14322788888;10240;10228
1268;14078259000;13864077777;14364077777;10240;10228
1269;14078442000;13864077777;14364077777;10240;10228
1270;14078652000;13864077777;14364077777;10240;10228
1271;14078670000;13864077777;14364077777;10240;10228
1273;14078844000;13864077777;14364077777;10240;10228
1274;14109989000;13864077777;14364077777;10240;10228
1275;14109999000;13864155555;14364155555;10240;10228
1274;14110207000;13864077777;14364077777;10240;10228
1236;14111077000;13739088888;14239088888;10240;10228
1237;14111247000;13739088888;14239088888;10240;10228
1275;14111266000;13864155555;14364155555;10240;10228
1240;14115176000;13739088888;14239088888;10240;10228
1276;14119517000;13864466666;14364466666;10240;10228
1277;14119530000;13864466666;14364466666;10240;10228
1278;14119543000;13864466666;14364466666;10240;10228
1279;14119548000;13905755555;14405755555;10240;10228
1280;14119560000;13905755555;14405755555;10240;10228
1281;14119566000;13905755555;14405755555;10240;10228
1282;14119572000;13905755555;14405755555;10240;10228
1283;14119582000;13905755555;14405755555;10240;10228
1284;14119587000;13905755555;14405755555;10240;10228
1285;14119597000;13905755555;14405755555;10240;10228
1276;14119744000;13864466666;14364466666;10240;10228
1286;14119753000;13905833333;14405833333;10240;10228
1277;14119923000;13864466666;14364466666;10240;10228
1278;14119942000;13864466666;14364466666;10240;10228
1279;14120128000;13905755555;14405755555;10240;10228
1280;14120308000;13905755555;14405755555;10240;10228
1281;14120319000;13905755555;14405755555;10240;10228
1282;14120494000;13905755555;14405755555;10240;10228
1283;14120514000;13905755555;14405755555;10240;10228
1284;14120720000;13905755555;14405755555;10240;10228
1285;14120908000;13905755555;14405755555;10240;10228
1286;14120918000;13905833333;14405833333;10240;10228
1192;14156766000;13572422222;14072422222;10240;10228
1258;14157792000;13822422222;14322422222;10240;10228
1287;14161174000;13906166666;14406166666;10240;10228
1288;14161185000;13906166666;14406166666;10240;10228
1289;14161190000;13906166666;14406166666;10240;10228
1291;14161194000;13947422222;14447422222;10240;10228
1292;14161201000;13947422222;14447422222;10240;10228
1293;14161216000;13947422222;14447422222;10240;10228
1294;14161221000;13947422222;14447422222;10240;10228
1295;14161226000;13947422222;14447422222;10240;10228
1296;14161235000;13947422222;14447422222;10240;10228
1297;14161249000;13947500000;14447500000;10240;10228
1287;14161348000;13906166666;14406166666;10240;10228
1288;14161574000;13906166666;14406166666;10240;10228
1289;14161786000;13906166666;14406166666;10240;10228
1290;14161805000;13947422222;14447422222;10240;10228
1291;14162013000;13947422222;14447422222;10240;10228
1292;14162022000;13947422222;14447422222;10240;10228
1295;14162205000;13947422222;14447422222;10240;10228
1296;14162213000;13947422222;14447422222;10240;10228
1297;14162398000;13947500000;14447500000;10240;10228
1265;14198735000;13822788888;14322788888;10240;10228
1298;14202850000;13947777777;14447777777;10240;10228
1299;14202862000;13947777777;14447777777;10240;10228
1301;14202867000;13989088888;14489088888;10240;10228
1302;14202873000;13989088888;14489088888;10240;10228
1303;14202888000;13989088888;14489088888;10240;10228
1304;14202893000;13989088888;14489088888;10240;10228
1305;14202897000;13989088888;14489088888;10240;10228
1306;14202917000;13989088888;14489088888;10240;10228
1307;14202921000;13989088888;14489088888;10240;10228
1308;14202931000;13989166666;14489166666;10240;10228
1298;14203082000;13947777777;14447777777;10240;10228
1299;14203239000;13947777777;14447777777;10240;10228
1302;14203258000;13989088888;14489088888;10240;10228
1303;14203450000;13989088888;14489088888;10240;10228
1304;14203660000;13989088888;14489088888;10240;10228
1305;14203680000;13989088888;14489088888;10240;10228
1307;14203859000;13989088888;14489088888;10240;10228
1308;14203878000;13989166666;14489166666;10240;10228
1273;14239869000;13864077777;14364077777;10240;10228
1309;14244509000;13989477777;14489477777;10240;10228
1310;14244521000;13989477777;14489477777;10240;10228
1311;14244525000;13989477777;14489477777;10240;10228
1312;14244535000;14030755555;14530755555;10240;10228
1313;14244539000;14030755555;14530755555;10240;10228
1314;14244551000;14030755555;14530755555;10240;10228
1315;14244555000;14030755555;14530755555;10240;10228
1316;14244560000;14030755555;14530755555;10240;10228
1317;14244564000;14030755555;14530755555;10240;10228
1318;14244572000;14030755555;14530755555;10240;10228
1311;14244733000;13989477777;14489477777;10240;10228
1312;14244921000;14030755555;14530755555;10240;10228
1313;14244943000;14030755555;14530755555;10240;10228
1314;14245113000;14030755555;14530755555;10240;10228
1315;14245314000;14030755555;14530755555;10240;10228
1316;14245323000;14030755555;14530755555;10240;10228
1318;14245501000;14030755555;14530755555;10240;10228
1319;14245520000;14030833333;14530833333;10240;10228
1293;14282876000;13947422222;14447422222;10240;10228
1323;14286193000;14072422222;14572422222;10240;10228
1324;14286219000;14072422222;14572422222;10240;10228
1325;14286237000;14072422222;14572422222;10240;10228
1326;14286242000;14072422222;14572422222;10240;10228
1327;14286248000;14072422222;14572422222;10240;10228
1328;14286252000;14072422222;14572422222;10240;10228
1329;14286267000;14072422222;14572422222;10240;10228
1330;14286270000;14072500000;14572500000;10240;10228
1320;14286381000;14031155555;14531155555;10240;10228
1321;14286582000;14031155555;14531155555;10240;10228
1322;14286784000;14031155555;14531155555;10240;10228
1323;14286805000;14072422222;14572422222;10240;10228
1324;14286975000;14072422222;14572422222;10240;10228
1326;14286980000;14072422222;14572422222;10240;10228
1327;14287176000;14072422222;14572422222;10240;10228
1328;14287182000;14072422222;14572422222;10240;10228
1329;14287359000;14072422222;14572422222;10240;10228
1330;14287612000;14072500000;14572500000;10240;10228
1300;14323314000;13947777777;14447777777;10240;10228
1300;14324120000;13947777777;14447777777;10240;10228
1301;14324341000;13989088888;14489088888;10240;10228
1331;14328044000;14072788888;14572788888;10240;10228
1332;14328054000;14072788888;14572788888;10240;10228
1334;14328063000;14114088888;14614088888;10240;10228
1335;14328083000;14114088888;14614088888;10240;10228
1336;14328089000;14114088888;14614088888;10240;10228
1337;14328104000;14114088888;14614088888;10240;10228
1338;14328112000;14114088888;14614088888;10240;10228
1339;14328126000;14114088888;14614088888;10240;10228
1340;14328132000;14114088888;14614088888;10240;10228
1341;14328149000;14114166666;14614166666;10240;10228
1331;14328154000;14072788888;14572788888;10240;10228
1332;14328301000;14072788888;14572788888;10240;10228
1333;14328451000;14072788888;14572788888;10240;10228
1334;14328477000;14114088888;14614088888;10240;10228
1335;14328670000;14114088888;14614088888;10240;10228
1336;14328690000;14114088888;14614088888;10240;10228
1337;14328865000;14114088888;14614088888;10240;10228
1339;14328886000;14114088888;14614088888;10240;10228
1340;14329060000;14114088888;14614088888;10240;10228
1341;14329080000;14114166666;14614166666;10240;10228
1306;14365417000;13989088888;14489088888;10240;10228
1272;14365810000;13864077777;14364077777;10240;10228
1309;14366043000;13989477777;14489477777;10240;10228
1310;14366076000;13989477777;14489477777;10240;10228
1342;14369713000;14114477777;14614477777;10240;10228
1342;14369723000;14114477777;14614477777;10240;10228
1343;14369731000;14114477777;14614477777;10240;10228
1344;14369735000;14114477777;14614477777;10240;10228
1345;14369739000;14155755555;14655755555;10240;10228
1346;14369744000;14155755555;14655755555;10240;10228
1347;14369748000;14155755555;14655755555;10240;10228
1348;14369756000;14155755555;14655755555;10240;10228
1349;14369763000;14155755555;14655755555;10240;10228
1350;14369772000;14155755555;14655755555;10240;10228
1351;14369776000;14155755555;14655755555;10240;10228
1352;14369786000;14155833333;14655833333;10240;10228
1343;14369910000;14114477777;14614477777;10240;10228
1344;14369931000;14114477777;14614477777;10240;10228
1345;14370142000;14155755555;14655755555;10240;10228
1346;14370311000;14155755555;14655755555;10240;10228
1347;14370321000;14155755555;14655755555;10240;10228
1348;14370507000;14155755555;14655755555;10240;10228
1349;14370523000;14155755555;14655755555;10240;10228
1350;14370731000;14155755555;14655755555;10240;10228
1351;14370892000;14155755555;14655755555;10240;10228
1352;14370902000;14155833333;14655833333;10240;10228
1290;14406675000;13947422222;14447422222;10240;10228
1319;14406687000;14030833333;14530833333;10240;10228
1320;14406707000;14031155555;14531155555;10240;10228
1321;14406712000;14031155555;14531155555;10240;10228
1322;14406728000;14031155555;14531155555;10240;10228
1317;14407107000;14030755555;14530755555;10240;10228
1294;14407493000;13947422222;14447422222;10240;10228
1325;14408133000;14072422222;14572422222;10240;10228
1353;14411340000;14156144444;14656144444;10240;10228
1354;14411350000;14156144444;14656144444;10240;10228
1355;14411355000;14156144444;14656144444;10240;10228
1356;14411359000;14197422222;14697422222;10240;10228
1357;14411363000;14197422222;14697422222;10240;10228
1358;14411367000;14197422222;14697422222;10240;10228
1359;14411376000;14197422222;14697422222;10240;10228
1360;14411385000;14197422222;14697422222;10240;10228
1361;14411389000;14197422222;14697422222;10240;10228
1362;14411407000;14197422222;14697422222;10240;10228
1353;14411411000;14156144444;14656144444;10240;10228
1354;14411542000;14156144444;14656144444;10240;10228
1355;14411790000;14156144444;14656144444;10240;10228
1356;14411813000;14197422222;14697422222;10240;10228
1357;14411983000;14197422222;14697422222;10240;10228
1358;14412004000;14197422222;14697422222;10240;10228
1359;14412186000;14197422222;14697422222;10240;10228
1360;14412206000;14197422222;14697422222;10240;10228
1361;14412400000;14197422222;14697422222;10240;10228
1362;14412587000;14197422222;14697422222;10240;10228
1363;14444534000;14197500000;14697500000;10240;10228
1363;14444544000;14197500000;14697500000;10240;10228
1333;14448572000;14072788888;14572788888;10240;10228
1338;14449632000;14114088888;14614088888;10240;10228
1364;14452863000;14197777777;14697777777;10240;10228
1365;14452886000;14197777777;14697777777;10240;10228
1366;14452896000;14197777777;14697777777;10240;10228
1367;14452903000;14239088888;14739088888;10240;10228
1368;14452910000;14239088888;14739088888;10240;10228
1369;14452926000;14239088888;14739088888;10240;10228
1371;14452940000;14239088888;14739088888;10240;10228
1372;14452959000;14239088888;14739088888;10240;10228
1373;14452970000;14239088888;14739088888;10240;10228
1364;14452982000;14197777777;14697777777;10240;10228
1365;14453196000;14197777777;14697777777;10240;10228
1366;14453206000;14197777777;14697777777;10240;10228
1367;14453400000;14239088888;14739088888;10240;10228
1368;14453618000;14239088888;14739088888;10240;10228
1369;14453631000;14239088888;14739088888;10240;10228
1370;14453823000;14239088888;14739088888;10240;10228
1371;14453836000;14239088888;14739088888;10240;10228
1372;14454031000;14239088888;14739088888;10240;10228
1373;14454212000;14239088888;14739088888;10240;10228
1374;14485702000;14239166666;14739166666;10240;10228
1374;14485803000;14239166666;14739166666;10240;10228
1375;14494509000;14239466666;14739466666;10240;10228
1376;14494520000;14239466666;14739466666;10240;10228
1377;14494525000;14239466666;14739466666;10240;10228
1378;14494530000;14280755555;14780755555;10240;10228
1379;14494539000;14280755555;14780755555;10240;10228
1380;14494547000;14280755555;14780755555;10240;10228
1381;14494551000;14280755555;14780755555;10240;10228
1382;14494569000;14280755555;14780755555;10240;10228
1383;14494574000;14280755555;14780755555;10240;10228
1375;14494676000;14239466666;14739466666;10240;10228
1384;14494827000;14280755555;14780755555;10240;10228
1385;14494838000;14280833333;14780833333;10240;10228
1376;14494859000;14239466666;14739466666;10240;10228
1377;14495077000;14239466666;14739466666;10240;10228
1378;14495100000;14280755555;14780755555;10240;10228
1379;14495302000;14280755555;14780755555;10240;10228
1380;14495323000;14280755555;14780755555;10240;10228
1381;14495503000;14280755555;14780755555;10240;10228
1382;14495526000;14280755555;14780755555;10240;10228
1383;14495699000;14280755555;14780755555;10240;10228
1385;14495727000;14280833333;14780833333;10240;10228
1386;14536160000;14281177777;14781177777;10240;10228
1387;14536172000;14281177777;14781177777;10240;10228
1388;14536180000;14281177777;14781177777;10240;10228
1389;14536184000;14322422222;14822422222;10240;10228
1390;14536188000;14322422222;14822422222;10240;10228
1391;14536200000;14322422222;14822422222;10240;10228
1392;14536206000;14322422222;14822422222;10240;10228
1393;14536210000;14322422222;14822422222;10240;10228
1394;14536221000;14322422222;14822422222;10240;10228
1395;14536225000;14322422222;14822422222;10240;10228
1396;14536233000;14322500000;14822500000;10240;10228
1386;14536348000;14281177777;14781177777;10240;10228
1387;14536550000;14281177777;14781177777;10240;10228
1388;14536763000;14281177777;14781177777;10240;10228
1389;14536773000;14322422222;14822422222;10240;10228
1390;14536973000;14322422222;14822422222;10240;10228
1392;14536983000;14322422222;14822422222;10240;10228
1394;14537196000;14322422222;14822422222;10240;10228
1395;14537214000;14322422222;14822422222;10240;10228
1396;14537371000;14322500000;14822500000;10240;10228
1370;14573203000;14239088888;14739088888;10240;10228
1397;14577800000;14322800000;14822800000;10240;10228
1398;14577810000;14322800000;14822800000;10240;10228
1399;14577815000;14322800000;14822800000;10240;10228
1400;14577819000;14364088888;14864088888;10240;10228
1401;14577823000;14364088888;14864088888;10240;10228
1402;14577827000;14364088888;14864088888;10240;10228
1403;14577848000;14364088888;14864088888;10240;10228
1404;14577853000;14364088888;14864088888;10240;10228
1405;14577858000;14364088888;14864088888;10240;10228
1406;14577862000;14364088888;14864088888;10240;10228
1407;14577966000;14364166666;14864166666;10240;10228
1397;14578005000;14322800000;14822800000;10240;10228
1398;14578241000;14322800000;14822800000;10240;10228
1399;14578262000;14322800000;14822800000;10240;10228
1400;14578444000;14364088888;14864088888;10240;10228
1401;14578633000;14364088888;14864088888;10240;10228
1402;14578653000;14364088888;14864088888;10240;10228
1403;14578836000;14364088888;14864088888;10240;10228
1404;14578846000;14364088888;14864088888;10240;10228
1405;14579077000;14364088888;14864088888;10240;10228
1406;14579238000;14364088888;14864088888;10240;10228
1407;14579249000;14364166666;14864166666;10240;10228
1408;14619439000;14364477777;14864477777;10240;10228
1409;14619448000;14364477777;14864477777;10240;10228
1410;14619453000;14364477777;14864477777;10240;10228
1411;14619456000;14405755555;14905755555;10240;10228
1412;14619530000;14405755555;14905755555;10240;10228
1413;14619550000;14405755555;14905755555;10240;10228
1414;14619555000;14405755555;14905755555;10240;10228
1415;14619560000;14405755555;14905755555;10240;10228
1416;14619565000;14405755555;14905755555;10240;10228
1417;14619569000;14405755555;14905755555;10240;10228
1418;14619573000;14405833333;14905833333;10240;10228
1408;14619728000;14364477777;14864477777;10240;10228
1409;14619890000;14364477777;14864477777;10240;10228
1410;14619911000;14364477777;14864477777;10240;10228
1411;14620099000;14405755555;14905755555;10240;10228
1412;14620288000;14405755555;14905755555;10240;10228
1415;14620306000;14405755555;14905755555;10240;10228
1416;14620505000;14405755555;14905755555;10240;10228
1417;14620523000;14405755555;14905755555;10240;10228
1418;14620738000;14405833333;14905833333;10240;10228
1384;14657012000;14280755555;14780755555;10240;10228
1391;14657845000;14322422222;14822422222;10240;10228
1419;14661148000;14406155555;14906155555;10240;10228
1420;14661159000;14406155555;14906155555;10240;10228
1421;14661167000;14406155555;14906155555;10240;10228
1422;14661171000;14447411111;14947411111;10240;10228
1423;14661176000;14447411111;14947411111;10240;10228
1424;14661185000;14447411111;14947411111;10240;10228
1425;14661190000;14447411111;14947411111;10240;10228
1426;14661198000;14447411111;14947411111;10240;10228
1427;14661208000;14447411111;14947411111;10240;10228
1428;14661212000;14447411111;14947411111;10240;10228
1419;14661347000;14406155555;14906155555;10240;10228
1420;14661533000;14406155555;14906155555;10240;10228
1421;14661779000;14406155555;14906155555;10240;10228
1422;14661799000;14447411111;14947411111;10240;10228
1423;14661975000;14447411111;14947411111;10240;10228
1424;14661995000;14447411111;14947411111;10240;10228
1425;14662182000;14447411111;14947411111;10240;10228
1426;14662206000;14447411111;14947411111;10240;10228
1427;14662391000;14447411111;14947411111;10240;10228
1428;14662618000;14447411111;14947411111;10240;10228
1429;14662636000;14447500000;14947500000;10240;10228
1393;14698882000;14322422222;14822422222;10240;10228
1430;14702823000;14447766666;14947766666;10240;10228
1431;14702835000;14447766666;14947766666;10240;10228
1432;14702839000;14447766666;14947766666;10240;10228
1433;14702843000;14489088888;14989088888;10240;10228
1434;14702847000;14489088888;14989088888;10240;10228
1435;14702860000;14489088888;14989088888;10240;10228
1436;14702866000;14489088888;14989088888;10240;10228
1437;14702870000;14489088888;14989088888;10240;10228
1438;14702881000;14489088888;14989088888;10240;10228
1439;14702885000;14489088888;14989088888;10240;10228
1440;14702889000;14489166666;14989166666;10240;10228
1430;14703066000;14447766666;14947766666;10240;10228
1431;14703243000;14447766666;14947766666;10240;10228
1432;14703262000;14447766666;14947766666;10240;10228
1433;14703447000;14489088888;14989088888;10240;10228
1434;14703663000;14489088888;14989088888;10240;10228
1435;14703683000;14489088888;14989088888;10240;10228
1436;14703854000;14489088888;14989088888;10240;10228
1437;14703874000;14489088888;14989088888;10240;10228
1438;14704061000;14489088888;14989088888;10240;10228
1414;14740919000;14405755555;14905755555;10240;10228
1441;14744508000;14489466666;14989466666;10240;10228
1442;14744518000;14489466666;14989466666;10240;10228
1443;14744532000;14489466666;14989466666;10240;10228
1444;14744536000;14530755555;15030755555;10240;10228
1445;14744541000;14530755555;15030755555;10240;10228
1446;14744550000;14530755555;15030755555;10240;10228
1447;14744558000;14530755555;15030755555;10240;10228
1448;14744562000;14530755555;15030755555;10240;10228
1449;14744579000;14530755555;15030755555;10240;10228
1450;14744584000;14530755555;15030755555;10240;10228
1451;14744587000;14530833333;15030833333;10240;10228
1441;14744740000;14489466666;14989466666;10240;10228
1442;14744916000;14489466666;14989466666;10240;10228
1443;14744937000;14489466666;14989466666;10240;10228
1444;14745122000;14530755555;15030755555;10240;10228
1445;14745312000;14530755555;15030755555;10240;10228
1446;14745321000;14530755555;15030755555;10240;10228
1447;14745479000;14530755555;15030755555;10240;10228
1448;14745495000;14530755555;15030755555;10240;10228
1450;14745724000;14530755555;15030755555;10240;10228
1451;14745929000;14530833333;15030833333;10240;10228
1452;14786137000;14531155555;15031155555;10240;10228
1453;14786147000;14531155555;15031155555;10240;10228
1454;14786151000;14531155555;15031155555;10240;10228
1455;14786157000;14572433333;15072433333;10240;10228
1456;14786160000;14572433333;15072433333;10240;10228
1457;14786171000;14572433333;15072433333;10240;10228
1458;14786175000;14572433333;15072433333;10240;10228
1459;14786240000;14572433333;15072433333;10240;10228
1460;14786249000;14572433333;15072433333;10240;10228
1461;14786254000;14572433333;15072433333;10240;10228
1462;14786257000;14572511111;15072511111;10240;10228
1452;14786358000;14531155555;15031155555;10240;10228
1453;14786528000;14531155555;15031155555;10240;10228
1454;14786756000;14531155555;15031155555;10240;10228
1455;14786766000;14572433333;15072433333;10240;10228
1456;14786953000;14572433333;15072433333;10240;10228
1457;14786974000;14572433333;15072433333;10240;10228
1458;14787161000;14572433333;15072433333;10240;10228
1459;14787182000;14572433333;15072433333;10240;10228
1460;14787362000;14572433333;15072433333;10240;10228
1461;14787590000;14572433333;15072433333;10240;10228
1462;14787599000;14572511111;15072511111;10240;10228
1463;14827783000;14572811111;15072811111;10240;10228
1464;14827793000;14572811111;15072811111;10240;10228
1465;14827798000;14572811111;15072811111;10240;10228
1466;14827810000;14614088888;15114088888;10240;10228
1467;14827814000;14614088888;15114088888;10240;10228
1468;14827890000;14614088888;15114088888;10240;10228
1469;14827895000;14614088888;15114088888;10240;10228
1471;14827901000;14614088888;15114088888;10240;10228
1472;14827907000;14614088888;15114088888;10240;10228
1473;14827923000;14614166666;15114166666;10240;10228
1463;14827964000;14572811111;15072811111;10240;10228
1464;14828165000;14572811111;15072811111;10240;10228
1465;14828369000;14572811111;15072811111;10240;10228
1466;14828375000;14614088888;15114088888;10240;10228
1467;14828582000;14614088888;15114088888;10240;10228
1468;14828592000;14614088888;15114088888;10240;10228
1469;14828766000;14614088888;15114088888;10240;10228
1470;14828776000;14614088888;15114088888;10240;10228
1471;14828970000;14614088888;15114088888;10240;10228
1472;14829173000;14614088888;15114088888;10240;10228
1473;14829180000;14614166666;15114166666;10240;10228
1413;14865382000;14405755555;14905755555;10240;10228
1439;14865583000;14489088888;14989088888;10240;10228
1440;14865592000;14489166666;14989166666;10240;10228
1474;14869504000;14614477777;15114477777;10240;10228
1475;14869514000;14614477777;15114477777;10240;10228
1476;14869519000;14614477777;15114477777;10240;10228
1477;14869523000;14655755555;15155755555;10240;10228
1478;14869532000;14655755555;15155755555;10240;10228
1479;14869541000;14655755555;15155755555;10240;10228
1480;14869548000;14655755555;15155755555;10240;10228
1481;14869558000;14655755555;15155755555;10240;10228
1482;14869564000;14655755555;15155755555;10240;10228
1483;14869569000;14655755555;15155755555;10240;10228
1484;14869577000;14655833333;15155833333;10240;10228
1474;14869664000;14614477777;15114477777;10240;10228
1475;14869864000;14614477777;15114477777;10240;10228
1476;14870065000;14614477777;15114477777;10240;10228
1477;14870084000;14655755555;15155755555;10240;10228
1478;14870268000;14655755555;15155755555;10240;10228
1479;14870287000;14655755555;15155755555;10240;10228
1480;14870472000;14655755555;15155755555;10240;10228
1481;14870493000;14655755555;15155755555;10240;10228
1482;14870684000;14655755555;15155755555;10240;10228
1483;14870883000;14655755555;15155755555;10240;10228
1484;14870903000;14655833333;15155833333;10240;10228
1429;14906570000;14447500000;14947500000;10240;10228
1449;14907174000;14530755555;15030755555;10240;10228
1485;14911138000;14656200000;15156200000;10240;10228
1486;14911153000;14656200000;15156200000;10240;10228
1487;14911159000;14656200000;15156200000;10240;10228
1488;14911163000;14697422222;15197422222;10240;10228
1489;14911169000;14697422222;15197422222;10240;10228
1490;14911173000;14697422222;15197422222;10240;10228
1491;14911178000;14697422222;15197422222;10240;10228
1493;14911237000;14697422222;15197422222;10240;10228
1494;14911270000;14697422222;15197422222;10240;10228
1495;14911291000;14697500000;15197500000;10240;10228
1485;14911323000;14656200000;15156200000;10240;10228
1486;14911534000;14656200000;15156200000;10240;10228
1487;14911745000;14656200000;15156200000;10240;10228
1488;14911756000;14697422222;15197422222;10240;10228
1489;14911943000;14697422222;15197422222;10240;10228
1490;14911964000;14697422222;15197422222;10240;10228
1491;14912146000;14697422222;15197422222;10240;10228
1492;14912169000;14697422222;15197422222;10240;10228
1493;14912351000;14697422222;15197422222;10240;10228
1494;14912576000;14697422222;15197422222;10240;10228
1495;14912586000;14697500000;15197500000;10240;10228
1496;14952799000;14697811111;15197811111;10240;10228
1498;14952811000;14697811111;15197811111;10240;10228
1499;14952818000;14739077777;15239077777;10240;10228
1500;14952835000;14739077777;15239077777;10240;10228
1501;14952847000;14739077777;15239077777;10240;10228
1502;14952865000;14739077777;15239077777;10240;10228
1503;14952870000;14739077777;15239077777;10240;10228
1504;14952876000;14739077777;15239077777;10240;10228
1505;14952881000;14739077777;15239077777;10240;10228
1506;14952885000;14739166666;15239166666;10240;10228
1496;14952997000;14697811111;15197811111;10240;10228
1497;14953199000;14697811111;15197811111;10240;10228
1498;14953397000;14697811111;15197811111;10240;10228
1499;14953408000;14739077777;15239077777;10240;10228
1500;14953610000;14739077777;15239077777;10240;10228
1501;14953619000;14739077777;15239077777;10240;10228
1502;14953809000;14739077777;15239077777;10240;10228
1503;14953828000;14739077777;15239077777;10240;10228
1504;14954022000;14739077777;15239077777;10240;10228
1505;14954214000;14739077777;15239077777;10240;10228
1506;14954225000;14739166666;15239166666;10240;10228
1507;14994474000;14739466666;15239466666;10240;10228
1508;14994492000;14739466666;15239466666;10240;10228
1509;14994498000;14739466666;15239466666;10240;10228
1510;14994503000;14780755555;15280755555;10240;10228
1511;14994507000;14780755555;15280755555;10240;10228
1512;14994512000;14780755555;15280755555;10240;10228
1515;14994523000;14780755555;15280755555;10240;10228
1517;14994541000;14780833333;15280833333;10240;10228
1507;14994671000;14739466666;15239466666;10240;10228
1508;14994872000;14739466666;15239466666;10240;10228
1509;14995073000;14739466666;15239466666;10240;10228
1510;14995092000;14780755555;15280755555;10240;10228
1511;14995277000;14780755555;15280755555;10240;10228
1512;14995287000;14780755555;15280755555;10240;10228
1513;14995465000;14780755555;15280755555;10240;10228
1514;14995693000;14780755555;15280755555;10240;10228
1515;14995720000;14780755555;15280755555;10240;10228
1517;14995725000;14780833333;15280833333;10240;10228
1470;15031541000;14614088888;15114088888;10240;10228
1518;15036209000;14781144444;15281144444;10240;10228
1519;15036221000;14781144444;15281144444;10240;10228
1520;15036230000;14781144444;15281144444;10240;10228
1521;15036235000;14822422222;15322422222;10240;10228
1522;15036240000;14822422222;15322422222;10240;10228
1523;15036244000;14822422222;15322422222;10240;10228
1524;15036248000;14822422222;15322422222;10240;10228
1525;15036252000;14822422222;15322422222;10240;10228
1518;15036349000;14781144444;15281144444;10240;10228
1527;15036469000;14822422222;15322422222;10240;10228
1519;15036504000;14781144444;15281144444;10240;10228
1520;15036761000;14781144444;15281144444;10240;10228
1521;15036772000;14822422222;15322422222;10240;10228
1522;15036990000;14822422222;15322422222;10240;10228
1523;15037009000;14822422222;15322422222;10240;10228
1524;15037192000;14822422222;15322422222;10240;10228
1525;15037210000;14822422222;15322422222;10240;10228
1526;15037396000;14822422222;15322422222;10240;10228
1527;15037575000;14822422222;15322422222;10240;10228
1528;15037596000;14822500000;15322500000;10240;10228
1497;15073204000;14697811111;15197811111;10240;10228
1529;15077846000;14822788888;15322788888;10240;10228
1530;15077868000;14822788888;15322788888;10240;10228
1531;15077875000;14822788888;15322788888;10240;10228
1532;15077879000;14864088888;15364088888;10240;10228
1533;15077893000;14864088888;15364088888;10240;10228
1534;15077902000;14864088888;15364088888;10240;10228
1536;15077907000;14864088888;15364088888;10240;10228
1537;15077915000;14864088888;15364088888;10240;10228
1538;15077919000;14864088888;15364088888;10240;10228
1539;15077924000;14864166666;15364166666;10240;10228
1529;15078022000;14822788888;15322788888;10240;10228
1530;15078218000;14822788888;15322788888;10240;10228
1532;15078237000;14864088888;15364088888;10240;10228
1535;15078419000;14864088888;15364088888;10240;10228
1536;15078632000;14864088888;15364088888;10240;10228
1540;15119468000;14864488888;15364488888;10240;10228
1541;15119479000;14864488888;15364488888;10240;10228
1542;15119493000;14864488888;15364488888;10240;10228
1543;15119498000;14905744444;15405744444;10240;10228
1544;15119502000;14905744444;15405744444;10240;10228
1545;15119508000;14905744444;15405744444;10240;10228
1546;15119512000;14905744444;15405744444;10240;10228
1547;15119524000;14905744444;15405744444;10240;10228
1548;15119531000;14905744444;15405744444;10240;10228
1549;15119536000;14905744444;15405744444;10240;10228
1550;15119543000;14905833333;15405833333;10240;10228
1541;15119659000;14864488888;15364488888;10240;10228
1542;15119864000;14864488888;15364488888;10240;10228
1543;15120062000;14905744444;15405744444;10240;10228
1544;15120083000;14905744444;15405744444;10240;10228
1547;15120266000;14905744444;15405744444;10240;10228
1548;15120277000;14905744444;15405744444;10240;10228
1549;15120454000;14905744444;15405744444;10240;10228
1550;15120467000;14905833333;15405833333;10240;10228
1514;15156554000;14780755555;15280755555;10240;10228
1516;15156582000;14780755555;15280755555;10240;10228
1492;15156588000;14697422222;15197422222;10240;10228
1516;15156970000;14780755555;15280755555;10240;10228
1551;15161134000;14906155555;15406155555;10240;10228
1552;15161147000;14906155555;15406155555;10240;10228
1553;15161152000;14906155555;15406155555;10240;10228
1554;15161156000;14947422222;15447422222;10240;10228
1555;15161160000;14947422222;15447422222;10240;10228
1556;15161165000;14947422222;15447422222;10240;10228
1557;15161170000;14947422222;15447422222;10240;10228
1558;15161224000;14947422222;15447422222;10240;10228
1559;15161232000;14947422222;15447422222;10240;10228
1560;15161237000;14947422222;15447422222;10240;10228
1561;15161241000;14947500000;15447500000;10240;10228
1551;15161343000;14906155555;15406155555;10240;10228
1552;15161530000;14906155555;15406155555;10240;10228
1554;15161742000;14947422222;15447422222;10240;10228
1555;15161755000;14947422222;15447422222;10240;10228
1556;15161941000;14947422222;15447422222;10240;10228
1557;15161961000;14947422222;15447422222;10240;10228
1558;15162143000;14947422222;15447422222;10240;10228
1559;15162163000;14947422222;15447422222;10240;10228
1560;15162350000;14947422222;15447422222;10240;10228
1561;15162359000;14947500000;15447500000;10240;10228
1526;15198113000;14822422222;15322422222;10240;10228
1528;15198135000;14822500000;15322500000;10240;10228
1531;15199048000;14822788888;15322788888;10240;10228
1562;15202774000;14947788888;15447788888;10240;10228
1563;15202787000;14947788888;15447788888;10240;10228
1564;15202791000;14947788888;15447788888;10240;10228
1565;15202795000;14989088888;15489088888;10240;10228
1566;15202799000;14989088888;15489088888;10240;10228
1567;15202808000;14989088888;15489088888;10240;10228
1568;15202814000;14989088888;15489088888;10240;10228
1569;15202875000;14989088888;15489088888;10240;10228
1570;15202886000;14989088888;15489088888;10240;10228
1571;15202900000;14989088888;15489088888;10240;10228
1572;15202905000;14989166666;15489166666;10240;10228
1562;15202991000;14947788888;15447788888;10240;10228
1563;15203186000;14947788888;15447788888;10240;10228
1565;15203381000;14989088888;15489088888;10240;10228
1566;15203393000;14989088888;15489088888;10240;10228
1567;15203593000;14989088888;15489088888;10240;10228
1568;15203603000;14989088888;15489088888;10240;10228
1569;15203798000;14989088888;15489088888;10240;10228
1570;15203808000;14989088888;15489088888;10240;10228
1571;15204005000;14989088888;15489088888;10240;10228
1533;15240111000;14864088888;15364088888;10240;10228
1534;15240309000;14864088888;15364088888;10240;10228
1572;15240318000;14989166666;15489166666;10240;10228
1537;15240497000;14864088888;15364088888;10240;10228
1539;15240722000;14864166666;15364166666;10240;10228
1540;15240734000;14864488888;15364488888;10240;10228
1546;15240941000;14905744444;15405744444;10240;10228
1573;15244470000;14989477777;15489477777;10240;10228
1574;15244488000;14989477777;15489477777;10240;10228
1576;15244493000;15030755555;15530755555;10240;10228
1577;15244499000;15030755555;15530755555;10240;10228
1578;15244515000;15030755555;15530755555;10240;10228
1579;15244523000;15030755555;15530755555;10240;10228
1580;15244529000;15030755555;15530755555;10240;10228
1581;15244549000;15030755555;15530755555;10240;10228
1573;15244660000;14989477777;15489477777;10240;10228
1574;15244865000;14989477777;15489477777;10240;10228
1575;15245061000;14989477777;15489477777;10240;10228
1576;15245097000;15030755555;15530755555;10240;10228
1577;15245271000;15030755555;15530755555;10240;10228
1578;15245282000;15030755555;15530755555;10240;10228
1579;15245454000;15030755555;15530755555;10240;10228
1580;15245683000;15030755555;15530755555;10240;10228
1582;15276873000;15030755555;15530755555;10240;10228
1583;15276893000;15030822222;15530822222;10240;10228
1581;15277012000;15030755555;15530755555;10240;10228
1582;15277414000;15030755555;15530755555;10240;10228
1513;15281517000;14780755555;15280755555;10240;10228
1553;15282416000;14906155555;15406155555;10240;10228
1584;15286222000;15031155555;15531155555;10240;10228
1585;15286232000;15031155555;15531155555;10240;10228
1586;15286238000;15031155555;15531155555;10240;10228
1587;15286251000;15072422222;15572422222;10240;10228
1588;15286256000;15072422222;15572422222;10240;10228
1589;15286264000;15072422222;15572422222;10240;10228
1590;15286268000;15072422222;15572422222;10240;10228
1591;15286272000;15072422222;15572422222;10240;10228
1592;15286276000;15072422222;15572422222;10240;10228
1593;15286295000;15072422222;15572422222;10240;10228
1584;15286300000;15031155555;15531155555;10240;10228
1585;15286589000;15031155555;15531155555;10240;10228
1586;15286608000;15031155555;15531155555;10240;10228
1587;15286819000;15072422222;15572422222;10240;10228
1588;15287012000;15072422222;15572422222;10240;10228
1589;15287035000;15072422222;15572422222;10240;10228
1590;15287198000;15072422222;15572422222;10240;10228
1591;15287218000;15072422222;15572422222;10240;10228
1592;15287386000;15072422222;15572422222;10240;10228
1593;15287622000;15072422222;15572422222;10240;10228
1594;15318449000;15072500000;15572500000;10240;10228
1594;15318462000;15072500000;15572500000;10240;10228
1535;15323085000;14864088888;15364088888;10240;10228
1564;15324105000;14947788888;15447788888;10240;10228
1595;15327849000;15072788888;15572788888;10240;10228
1596;15327858000;15072788888;15572788888;10240;10228
1597;15327863000;15072788888;15572788888;10240;10228
1598;15327867000;15114088888;15614088888;10240;10228
1599;15327872000;15114088888;15614088888;10240;10228
1600;15327876000;15114088888;15614088888;10240;10228
1601;15327884000;15114088888;15614088888;10240;10228
1602;15327892000;15114088888;15614088888;10240;10228
1603;15327899000;15114088888;15614088888;10240;10228
1595;15328066000;15072788888;15572788888;10240;10228
1604;15328150000;15114088888;15614088888;10240;10228
1605;15328171000;15114166666;15614166666;10240;10228
1596;15328246000;15072788888;15572788888;10240;10228
1597;15328257000;15072788888;15572788888;10240;10228
1598;15328446000;15114088888;15614088888;10240;10228
1599;15328667000;15114088888;15614088888;10240;10228
1600;15328685000;15114088888;15614088888;10240;10228
1601;15328859000;15114088888;15614088888;10240;10228
1604;15328877000;15114088888;15614088888;10240;10228
1605;15329093000;15114166666;15614166666;10240;10228
1575;15364741000;14989477777;15489477777;10240;10228
1538;15365519000;14864088888;15364088888;10240;10228
1545;15365714000;14905744444;15405744444;10240;10228
1606;15369509000;15114488888;15614488888;10240;10228
1608;15369531000;15114488888;15614488888;10240;10228
1609;15369538000;15155755555;15655755555;10240;10228
1610;15369555000;15155755555;15655755555;10240;10228
1611;15369577000;15155755555;15655755555;10240;10228
1612;15369583000;15155755555;15655755555;10240;10228
1613;15369597000;15155755555;15655755555;10240;10228
1614;15369601000;15155755555;15655755555;10240;10228
1615;15369605000;15155755555;15655755555;10240;10228
1616;15369609000;15155833333;15655833333;10240;10228
1606;15369694000;15114488888;15614488888;10240;10228
1607;15369902000;15114488888;15614488888;10240;10228
1608;15369929000;15114488888;15614488888;10240;10228
1609;15370108000;15155755555;15655755555;10240;10228
1610;15370300000;15155755555;15655755555;10240;10228
1611;15370309000;15155755555;15655755555;10240;10228
1612;15370475000;15155755555;15655755555;10240;10228
1615;15370722000;15155755555;15655755555;10240;10228
1616;15370743000;15155833333;15655833333;10240;10228
1583;15407403000;15030822222;15530822222;10240;10228
1617;15411199000;15156177777;15656177777;10240;10228
1618;15411209000;15156177777;15656177777;10240;10228
1620;15411213000;15197422222;15697422222;10240;10228
1621;15411230000;15197422222;15697422222;10240;10228
1622;15411253000;15197422222;15697422222;10240;10228
1623;15411257000;15197422222;15697422222;10240;10228
1624;15411261000;15197422222;15697422222;10240;10228
1625;15411279000;15197422222;15697422222;10240;10228
1626;15411283000;15197422222;15697422222;10240;10228
1627;15411287000;15197500000;15697500000;10240;10228
1618;15411389000;15156177777;15656177777;10240;10228
1619;15411535000;15156177777;15656177777;10240;10228
1620;15411774000;15197422222;15697422222;10240;10228
1621;15411786000;15197422222;15697422222;10240;10228
1622;15411990000;15197422222;15697422222;10240;10228
1623;15412009000;15197422222;15697422222;10240;10228
1624;15412167000;15197422222;15697422222;10240;10228
1625;15412187000;15197422222;15697422222;10240;10228
1626;15412373000;15197422222;15697422222;10240;10228
1627;15412382000;15197500000;15697500000;10240;10228
1628;15452797000;15197788888;15697788888;10240;10228
1629;15452807000;15197788888;15697788888;10240;10228
1630;15452811000;15197788888;15697788888;10240;10228
1631;15452815000;15239088888;15739088888;10240;10228
1632;15452820000;15239088888;15739088888;10240;10228
1633;15452825000;15239088888;15739088888;10240;10228
1634;15452830000;15239088888;15739088888;10240;10228
1635;15452927000;15239088888;15739088888;10240;10228
1636;15452939000;15239088888;15739088888;10240;10228
1637;15452943000;15239088888;15739088888;10240;10228
1638;15452956000;15239166666;15739166666;10240;10228
1628;15453038000;15197788888;15697788888;10240;10228
1629;15453210000;15197788888;15697788888;10240;10228
1630;15453409000;15197788888;15697788888;10240;10228
1631;15453419000;15239088888;15739088888;10240;10228
1634;15453622000;15239088888;15739088888;10240;10228
1635;15453632000;15239088888;15739088888;10240;10228
1636;15453818000;15239088888;15739088888;10240;10228
1637;15453839000;15239088888;15739088888;10240;10228
1638;15454030000;15239166666;15739166666;10240;10228
1607;15489942000;15114488888;15614488888;10240;10228
1602;15490097000;15114088888;15614088888;10240;10228
1603;15490296000;15114088888;15614088888;10240;10228
1639;15494520000;15239488888;15739488888;10240;10228
1640;15494541000;15239488888;15739488888;10240;10228
1641;15494547000;15239488888;15739488888;10240;10228
1642;15494563000;15280755555;15780755555;10240;10228
1643;15494567000;15280755555;15780755555;10240;10228
1644;15494572000;15280755555;15780755555;10240;10228
1645;15494576000;15280755555;15780755555;10240;10228
1646;15494590000;15280755555;15780755555;10240;10228
1647;15494593000;15280755555;15780755555;10240;10228
1648;15494614000;15280755555;15780755555;10240;10228
1649;15494619000;15280833333;15780833333;10240;10228
1639;15494623000;15239488888;15739488888;10240;10228
1640;15494865000;15239488888;15739488888;10240;10228
1641;15494876000;15239488888;15739488888;10240;10228
1642;15495108000;15280755555;15780755555;10240;10228
1643;15495260000;15280755555;15780755555;10240;10228
1644;15495281000;15280755555;15780755555;10240;10228
1645;15495474000;15280755555;15780755555;10240;10228
1646;15495496000;15280755555;15780755555;10240;10228
1647;15495685000;15280755555;15780755555;10240;10228
1648;15495885000;15280755555;15780755555;10240;10228
1649;15495904000;15280833333;15780833333;10240;10228
1613;15531833000;15155755555;15655755555;10240;10228
1614;15532037000;15155755555;15655755555;10240;10228
1617;15532240000;15156177777;15656177777;10240;10228
1651;15536149000;15281166666;15781166666;10240;10228
1652;15536174000;15281166666;15781166666;10240;10228
1653;15536189000;15322422222;15822422222;10240;10228
1654;15536195000;15322422222;15822422222;10240;10228
1655;15536209000;15322422222;15822422222;10240;10228
1656;15536214000;15322422222;15822422222;10240;10228
1657;15536219000;15322422222;15822422222;10240;10228
1658;15536223000;15322422222;15822422222;10240;10228
1659;15536228000;15322422222;15822422222;10240;10228
1660;15536232000;15322500000;15822500000;10240;10228
1650;15536335000;15281166666;15781166666;10240;10228
1651;15536537000;15281166666;15781166666;10240;10228
1652;15536751000;15281166666;15781166666;10240;10228
1653;15536779000;15322422222;15822422222;10240;10228
1655;15536948000;15322422222;15822422222;10240;10228
1656;15536971000;15322422222;15822422222;10240;10228
1657;15537152000;15322422222;15822422222;10240;10228
1658;15537173000;15322422222;15822422222;10240;10228
1659;15537356000;15322422222;15822422222;10240;10228
1662;15577840000;15322811111;15822811111;10240;10228
1663;15577863000;15322811111;15822811111;10240;10228
1664;15577869000;15364088888;15864088888;10240;10228
1665;15577873000;15364088888;15864088888;10240;10228
1666;15577894000;15364088888;15864088888;10240;10228
1667;15577898000;15364088888;15864088888;10240;10228
1669;15577911000;15364088888;15864088888;10240;10228
1670;15577915000;15364088888;15864088888;10240;10228
1671;15577919000;15364166666;15864166666;10240;10228
1662;15578009000;15322811111;15822811111;10240;10228
1663;15578232000;15322811111;15822811111;10240;10228
1664;15578252000;15364088888;15864088888;10240;10228
1665;15578407000;15364088888;15864088888;10240;10228
1666;15578625000;15364088888;15864088888;10240;10228
1667;15578634000;15364088888;15864088888;10240;10228
1668;15578848000;15364088888;15864088888;10240;10228
1669;15578866000;15364088888;15864088888;10240;10228
1670;15579022000;15364088888;15864088888;10240;10228
1671;15579042000;15364166666;15864166666;10240;10228
1672;15619469000;15364488888;15864488888;10240;10228
1673;15619490000;15364488888;15864488888;10240;10228
1674;15619495000;15364488888;15864488888;10240;10228
1675;15619500000;15405744444;15905744444;10240;10228
1676;15619504000;15405744444;15905744444;10240;10228
1677;15619509000;15405744444;15905744444;10240;10228
1678;15619513000;15405744444;15905744444;10240;10228
1679;15619524000;15405744444;15905744444;10240;10228
1680;15619528000;15405744444;15905744444;10240;10228
1681;15619540000;15405744444;15905744444;10240;10228
1682;15619545000;15405833333;15905833333;10240;10228
1672;15619638000;15364488888;15864488888;10240;10228
1673;15619866000;15364488888;15864488888;10240;10228
1674;15620087000;15364488888;15864488888;10240;10228
1675;15620107000;15405744444;15905744444;10240;10228
1676;15620268000;15405744444;15905744444;10240;10228
1677;15620280000;15405744444;15905744444;10240;10228
1678;15620456000;15405744444;15905744444;10240;10228
1679;15620688000;15405744444;15905744444;10240;10228
1680;15620698000;15405744444;15905744444;10240;10228
1681;15620886000;15405744444;15905744444;10240;10228
1682;15620907000;15405833333;15905833333;10240;10228
1619;15656431000;15156177777;15656177777;10240;10228
1650;15656440000;15281166666;15781166666;10240;10228
1683;15661122000;15406166666;15906166666;10240;10228
1684;15661133000;15406166666;15906166666;10240;10228
1685;15661137000;15406166666;15906166666;10240;10228
1686;15661146000;15447422222;15947422222;10240;10228
1687;15661157000;15447422222;15947422222;10240;10228
1688;15661162000;15447422222;15947422222;10240;10228
1689;15661166000;15447422222;15947422222;10240;10228
1690;15661228000;15447422222;15947422222;10240;10228
1691;15661237000;15447422222;15947422222;10240;10228
1692;15661242000;15447422222;15947422222;10240;10228
1693;15661246000;15447500000;15947500000;10240;10228
1683;15661348000;15406166666;15906166666;10240;10228
1684;15661597000;15406166666;15906166666;10240;10228
1685;15661793000;15406166666;15906166666;10240;10228
1686;15661813000;15447422222;15947422222;10240;10228
1687;15662005000;15447422222;15947422222;10240;10228
1688;15662016000;15447422222;15947422222;10240;10228
1689;15662198000;15447422222;15947422222;10240;10228
1690;15662219000;15447422222;15947422222;10240;10228
1691;15662387000;15447422222;15947422222;10240;10228
1692;15662623000;15447422222;15947422222;10240;10228
1693;15662641000;15447500000;15947500000;10240;10228
1661;15698095000;15322811111;15822811111;10240;10228
1668;15698113000;15364088888;15864088888;10240;10228
1654;15698451000;15322422222;15822422222;10240;10228
1632;15698654000;15239088888;15739088888;10240;10228
1633;15698870000;15239088888;15739088888;10240;10228
1660;15698890000;15322500000;15822500000;10240;10228
1661;15699073000;15322811111;15822811111;10240;10228
1694;15702796000;15447777777;15947777777;10240;10228
1695;15702805000;15447777777;15947777777;10240;10228
1696;15702811000;15447777777;15947777777;10240;10228
1697;15702815000;15489100000;15989100000;10240;10228
1698;15702820000;15489100000;15989100000;10240;10228
1699;15702823000;15489100000;15989100000;10240;10228
1700;15702837000;15489100000;15989100000;10240;10228
1702;15702842000;15489100000;15989100000;10240;10228
1703;15702859000;15489100000;15989100000;10240;10228
1704;15702863000;15489177777;15989177777;10240;10228
1696;15703064000;15447777777;15947777777;10240;10228
1698;15703249000;15489100000;15989100000;10240;10228
1699;15703269000;15489100000;15989100000;10240;10228
1700;15703459000;15489100000;15989100000;10240;10228
1701;15703671000;15489100000;15989100000;10240;10228
1702;15703697000;15489100000;15989100000;10240;10228
1703;15703851000;15489100000;15989100000;10240;10228
1704;15703872000;15489177777;15989177777;10240;10228
1705;15744464000;15489500000;15989500000;10240;10228
1706;15744477000;15489500000;15989500000;10240;10228
1707;15744491000;15489500000;15989500000;10240;10228
1708;15744507000;15530755555;16030755555;10240;10228
1709;15744512000;15530755555;16030755555;10240;10228
1710;15744517000;15530755555;16030755555;10240;10228
1711;15744550000;15530755555;16030755555;10240;10228
1712;15744556000;15530755555;16030755555;10240;10228
1713;15744560000;15530755555;16030755555;10240;10228
1705;15744647000;15489500000;15989500000;10240;10228
1706;15744848000;15489500000;15989500000;10240;10228
1707;15745053000;15489500000;15989500000;10240;10228
1708;15745066000;15530755555;16030755555;10240;10228
1709;15745273000;15530755555;16030755555;10240;10228
1710;15745285000;15530755555;16030755555;10240;10228
1711;15745461000;15530755555;16030755555;10240;10228
1712;15745695000;15530755555;16030755555;10240;10228
1713;15745714000;15530755555;16030755555;10240;10228
1714;15745890000;15530755555;16030755555;10240;10228
1715;15745909000;15530833333;16030833333;10240;10228
1716;15786149000;15531177777;16031177777;10240;10228
1717;15786161000;15531177777;16031177777;10240;10228
1718;15786169000;15531177777;16031177777;10240;10228
1719;15786178000;15572422222;16072422222;10240;10228
1721;15786183000;15572422222;16072422222;10240;10228
1722;15786218000;15572422222;16072422222;10240;10228
1723;15786223000;15572422222;16072422222;10240;10228
1724;15786237000;15572422222;16072422222;10240;10228
1725;15786245000;15572422222;16072422222;10240;10228
1726;15786257000;15572511111;16072511111;10240;10228
1716;15786310000;15531177777;16031177777;10240;10228
1717;15786508000;15531177777;16031177777;10240;10228
1718;15786725000;15531177777;16031177777;10240;10228
1719;15786736000;15572422222;16072422222;10240;10228
1720;15786928000;15572422222;16072422222;10240;10228
1721;15786961000;15572422222;16072422222;10240;10228
1722;15787196000;15572422222;16072422222;10240;10228
1723;15787214000;15572422222;16072422222;10240;10228
1724;15787337000;15572422222;16072422222;10240;10228
1725;15787534000;15572422222;16072422222;10240;10228
1726;15787555000;15572511111;16072511111;10240;10228
1694;15823647000;15447777777;15947777777;10240;10228
1695;15823849000;15447777777;15947777777;10240;10228
1697;15824055000;15489100000;15989100000;10240;10228
1728;15827798000;15572800000;16072800000;10240;10228
1729;15827822000;15572800000;16072800000;10240;10228
1730;15827834000;15614088888;16114088888;10240;10228
1731;15827840000;15614088888;16114088888;10240;10228
1732;15827854000;15614088888;16114088888;10240;10228
1733;15827863000;15614088888;16114088888;10240;10228
1734;15827871000;15614088888;16114088888;10240;10228
1735;15827877000;15614088888;16114088888;10240;10228
1736;15827887000;15614088888;16114088888;10240;10228
1737;15827892000;15614166666;16114166666;10240;10228
1727;15828009000;15572800000;16072800000;10240;10228
1728;15828218000;15572800000;16072800000;10240;10228
1729;15828409000;15572800000;16072800000;10240;10228
1731;15828420000;15614088888;16114088888;10240;10228
1732;15828620000;15614088888;16114088888;10240;10228
1736;15828647000;15614088888;16114088888;10240;10228
1737;15828825000;15614166666;16114166666;10240;10228
1738;15869436000;15614488888;16114488888;10240;10228
1739;15869466000;15614488888;16114488888;10240;10228
1741;15869471000;15655755555;16155755555;10240;10228
1742;15869496000;15655755555;16155755555;10240;10228
1743;15869520000;15655755555;16155755555;10240;10228
1744;15869526000;15655755555;16155755555;10240;10228
1745;15869555000;15655755555;16155755555;10240;10228
1746;15869560000;15655755555;16155755555;10240;10228
1747;15869564000;15655755555;16155755555;10240;10228
1748;15869574000;15655833333;16155833333;10240;10228
1738;15869683000;15614488888;16114488888;10240;10228
1739;15869894000;15614488888;16114488888;10240;10228
1740;15869905000;15614488888;16114488888;10240;10228
1741;15870101000;15655755555;16155755555;10240;10228
1744;15870291000;15655755555;16155755555;10240;10228
1745;15870300000;15655755555;16155755555;10240;10228
1746;15870466000;15655755555;16155755555;10240;10228
1747;15870713000;15655755555;16155755555;10240;10228
1748;15870724000;15655833333;16155833333;10240;10228
1749;15911130000;15656177777;16156177777;10240;10228
1750;15911141000;15656177777;16156177777;10240;10228
1751;15911145000;15656177777;16156177777;10240;10228
1752;15911149000;15697422222;16197422222;10240;10228
1753;15911157000;15697422222;16197422222;10240;10228
1754;15911165000;15697422222;16197422222;10240;10228
1755;15911174000;15697422222;16197422222;10240;10228
1756;15911262000;15697422222;16197422222;10240;10228
1757;15911273000;15697422222;16197422222;10240;10228
1758;15911287000;15697422222;16197422222;10240;10228
1759;15911293000;15697500000;16197500000;10240;10228
1749;15911356000;15656177777;16156177777;10240;10228
1750;15911538000;15656177777;16156177777;10240;10228
1751;15911747000;15656177777;16156177777;10240;10228
1752;15911758000;15697422222;16197422222;10240;10228
1753;15911945000;15697422222;16197422222;10240;10228
1755;15911965000;15697422222;16197422222;10240;10228
1756;15912151000;15697422222;16197422222;10240;10228
1757;15912169000;15697422222;16197422222;10240;10228
1758;15912355000;15697422222;16197422222;10240;10228
1759;15912364000;15697500000;16197500000;10240;10228
1714;15948067000;15530755555;16030755555;10240;10228
1715;15948076000;15530833333;16030833333;10240;10228
1720;15948081000;15572422222;16072422222;10240;10228
1701;15948085000;15489100000;15989100000;10240;10228
1730;15949091000;15614088888;16114088888;10240;10228
1760;15952831000;15697811111;16197811111;10240;10228
1761;15952842000;15697811111;16197811111;10240;10228
1762;15952846000;15697811111;16197811111;10240;10228
1763;15952850000;15739088888;16239088888;10240;10228
1764;15952854000;15739088888;16239088888;10240;10228
1765;15952875000;15739088888;16239088888;10240;10228
1766;15952881000;15739088888;16239088888;10240;10228
1767;15952885000;15739088888;16239088888;10240;10228
1768;15952892000;15739088888;16239088888;10240;10228
1769;15952896000;15739088888;16239088888;10240;10228
1770;15952900000;15739166666;16239166666;10240;10228
1760;15953018000;15697811111;16197811111;10240;10228
1761;15953226000;15697811111;16197811111;10240;10228
1762;15953244000;15697811111;16197811111;10240;10228
1763;15953425000;15739088888;16239088888;10240;10228
1765;15953640000;15739088888;16239088888;10240;10228
1766;15953651000;15739088888;16239088888;10240;10228
1767;15953865000;15739088888;16239088888;10240;10228
1768;15953883000;15739088888;16239088888;10240;10228
1769;15954042000;15739088888;16239088888;10240;10228
1770;15954060000;15739166666;16239166666;10240;10228
1740;15989916000;15614488888;16114488888;10240;10228
1733;15990120000;15614088888;16114088888;10240;10228
1735;15990353000;15614088888;16114088888;10240;10228
1742;15990941000;15655755555;16155755555;10240;10228
1771;15994466000;15739477777;16239477777;10240;10228
1772;15994476000;15739477777;16239477777;10240;10228
1773;15994488000;15739477777;16239477777;10240;10228
1774;15994493000;15780766666;16280766666;10240;10228
1775;15994497000;15780766666;16280766666;10240;10228
1776;15994527000;15780766666;16280766666;10240;10228
1777;15994543000;15780766666;16280766666;10240;10228
1778;15994547000;15780766666;16280766666;10240;10228
1779;15994650000;15780766666;16280766666;10240;10228
1780;15994662000;15780766666;16280766666;10240;10228
1781;15994666000;15780844444;16280844444;10240;10228
1771;15994671000;15739477777;16239477777;10240;10228
1773;15994872000;15739477777;16239477777;10240;10228
1774;15994883000;15780766666;16280766666;10240;10228
1775;15995112000;15780766666;16280766666;10240;10228
1776;15995270000;15780766666;16280766666;10240;10228
1778;15995280000;15780766666;16280766666;10240;10228
1779;15995443000;15780766666;16280766666;10240;10228
1780;15995693000;15780766666;16280766666;10240;10228
1754;16032616000;15697422222;16197422222;10240;10228
1782;16036136000;15781188888;16281188888;10240;10228
1784;16036146000;15781188888;16281188888;10240;10228
1786;16036165000;15822411111;16322411111;10240;10228
1787;16036170000;15822411111;16322411111;10240;10228
1788;16036182000;15822411111;16322411111;10240;10228
1789;16036186000;15822411111;16322411111;10240;10228
1790;16036203000;15822411111;16322411111;10240;10228
1791;16036207000;15822411111;16322411111;10240;10228
1792;16036211000;15822500000;16322500000;10240;10228
1782;16036322000;15781188888;16281188888;10240;10228
1784;16036507000;15781188888;16281188888;10240;10228
1785;16036739000;15822411111;16322411111;10240;10228
1786;16036749000;15822411111;16322411111;10240;10228
1787;16036936000;15822411111;16322411111;10240;10228
1788;16036955000;15822411111;16322411111;10240;10228
1790;16037140000;15822411111;16322411111;10240;10228
1791;16037159000;15822411111;16322411111;10240;10228
1792;16068443000;15822500000;16322500000;10240;10228
1727;16073139000;15572800000;16072800000;10240;10228
1764;16074302000;15739088888;16239088888;10240;10228
1793;16077829000;15822800000;16322800000;10240;10228
1794;16077841000;15822800000;16322800000;10240;10228
1795;16077845000;15822800000;16322800000;10240;10228
1796;16077849000;15864088888;16364088888;10240;10228
1797;16077854000;15864088888;16364088888;10240;10228
1798;16077874000;15864088888;16364088888;10240;10228
1799;16077880000;15864088888;16364088888;10240;10228
1800;16077884000;15864088888;16364088888;10240;10228
1801;16077888000;15864088888;16364088888;10240;10228
1802;16077894000;15864088888;16364088888;10240;10228
1803;16077900000;15864177777;16364177777;10240;10228
1793;16078021000;15822800000;16322800000;10240;10228
1794;16078252000;15822800000;16322800000;10240;10228
1795;16078272000;15822800000;16322800000;10240;10228
1796;16078456000;15864088888;16364088888;10240;10228
1798;16078642000;15864088888;16364088888;10240;10228
1799;16078652000;15864088888;16364088888;10240;10228
1800;16078852000;15864088888;16364088888;10240;10228
1803;16078861000;15864177777;16364177777;10240;10228
1734;16115537000;15614088888;16114088888;10240;10228
1743;16115744000;15655755555;16155755555;10240;10228
1772;16115754000;15739477777;16239477777;10240;10228
1777;16116147000;15780766666;16280766666;10240;10228
1804;16119465000;15864511111;16364511111;10240;10228
1805;16119474000;15864511111;16364511111;10240;10228
1806;16119498000;15864511111;16364511111;10240;10228
1807;16119503000;15905755555;16405755555;10240;10228
1808;16119511000;15905755555;16405755555;10240;10228
1809;16119532000;15905755555;16405755555;10240;10228
1810;16119538000;15905755555;16405755555;10240;10228
1811;16119546000;15905755555;16405755555;10240;10228
1812;16119550000;15905755555;16405755555;10240;10228
1813;16119561000;15905755555;16405755555;10240;10228
1814;16119566000;15905833333;16405833333;10240;10228
1804;16119673000;15864511111;16364511111;10240;10228
1806;16119885000;15864511111;16364511111;10240;10228
1807;16119896000;15905755555;16405755555;10240;10228
1808;16120123000;15905755555;16405755555;10240;10228
1809;16120280000;15905755555;16405755555;10240;10228
1810;16120290000;15905755555;16405755555;10240;10228
1811;16120457000;15905755555;16405755555;10240;10228
1812;16120704000;15905755555;16405755555;10240;10228
1813;16120731000;15905755555;16405755555;10240;10228
1814;16120735000;15905833333;16405833333;10240;10228
1783;16156596000;15781188888;16281188888;10240;10228
1785;16156623000;15822411111;16322411111;10240;10228
1781;16157303000;15780844444;16280844444;10240;10228
1783;16157546000;15781188888;16281188888;10240;10228
1815;16161159000;15906188888;16406188888;10240;10228
1816;16161171000;15906188888;16406188888;10240;10228
1818;16161176000;15947422222;16447422222;10240;10228
1819;16161183000;15947422222;16447422222;10240;10228
1820;16161197000;15947422222;16447422222;10240;10228
1821;16161201000;15947422222;16447422222;10240;10228
1822;16161214000;15947422222;16447422222;10240;10228
1824;16161227000;15947422222;16447422222;10240;10228
1825;16161231000;15947500000;16447500000;10240;10228
1815;16161350000;15906188888;16406188888;10240;10228
1816;16161550000;15906188888;16406188888;10240;10228
1817;16161766000;15906188888;16406188888;10240;10228
1818;16161793000;15947422222;16447422222;10240;10228
1819;16161970000;15947422222;16447422222;10240;10228
1820;16161981000;15947422222;16447422222;10240;10228
1821;16162195000;15947422222;16447422222;10240;10228
1822;16162215000;15947422222;16447422222;10240;10228
1823;16162372000;15947422222;16447422222;10240;10228
1824;16162584000;15947422222;16447422222;10240;10228
1825;16162604000;15947500000;16447500000;10240;10228
1789;16188913000;15822411111;16322411111;10240;10228
1826;16202799000;15947788888;16447788888;10240;10228
1827;16202810000;15947788888;16447788888;10240;10228
1828;16202819000;15947788888;16447788888;10240;10228
1829;16202824000;15989088888;16489088888;10240;10228
1830;16202828000;15989088888;16489088888;10240;10228
1831;16202833000;15989088888;16489088888;10240;10228
1836;16202894000;15989166666;16489166666;10240;10228
1826;16203031000;15947788888;16447788888;10240;10228
1827;16203211000;15947788888;16447788888;10240;10228
1828;16203411000;15947788888;16447788888;10240;10228
1829;16203422000;15989088888;16489088888;10240;10228
1830;16203621000;15989088888;16489088888;10240;10228
1831;16203630000;15989088888;16489088888;10240;10228
1832;16203830000;15989088888;16489088888;10240;10228
1833;16203855000;15989088888;16489088888;10240;10228
1834;16204045000;15989088888;16489088888;10240;10228
1835;16204235000;15989088888;16489088888;10240;10228
1797;16240160000;15864088888;16364088888;10240;10228
1801;16240329000;15864088888;16364088888;10240;10228
1802;16240538000;15864088888;16364088888;10240;10228
1837;16244472000;15989488888;16489488888;10240;10228
1838;16244501000;15989488888;16489488888;10240;10228
1839;16244506000;15989488888;16489488888;10240;10228
1840;16244511000;16030755555;16530755555;10240;10228
1841;16244527000;16030755555;16530755555;10240;10228
1842;16244539000;16030755555;16530755555;10240;10228
1843;16244544000;16030755555;16530755555;10240;10228
1844;16244562000;16030755555;16530755555;10240;10228
1845;16244568000;16030755555;16530755555;10240;10228
1846;16244573000;16030755555;16530755555;10240;10228
1847;16244577000;16030833333;16530833333;10240;10228
1837;16244681000;15989488888;16489488888;10240;10228
1838;16244899000;15989488888;16489488888;10240;10228
1839;16244918000;15989488888;16489488888;10240;10228
1842;16245136000;16030755555;16530755555;10240;10228
1843;16245317000;16030755555;16530755555;10240;10228
1844;16245327000;16030755555;16530755555;10240;10228
1845;16245469000;16030755555;16530755555;10240;10228
1846;16245715000;16030755555;16530755555;10240;10228
1847;16245726000;16030833333;16530833333;10240;10228
1817;16281431000;15906188888;16406188888;10240;10228
1848;16286164000;16031144444;16531144444;10240;10228
1849;16286173000;16031144444;16531144444;10240;10228
1850;16286179000;16031144444;16531144444;10240;10228
1852;16286186000;16072422222;16572422222;10240;10228
1853;16286207000;16072422222;16572422222;10240;10228
1854;16286217000;16072422222;16572422222;10240;10228
1855;16286224000;16072422222;16572422222;10240;10228
1857;16286244000;16072422222;16572422222;10240;10228
1858;16286249000;16072500000;16572500000;10240;10228
1848;16286357000;16031144444;16531144444;10240;10228
1849;16286567000;16031144444;16531144444;10240;10228
1850;16286769000;16031144444;16531144444;10240;10228
1851;16286791000;16072422222;16572422222;10240;10228
1852;16286971000;16072422222;16572422222;10240;10228
1853;16286990000;16072422222;16572422222;10240;10228
1854;16287172000;16072422222;16572422222;10240;10228
1855;16287190000;16072422222;16572422222;10240;10228
1856;16287373000;16072422222;16572422222;10240;10228
1857;16287604000;16072422222;16572422222;10240;10228
1858;16287614000;16072500000;16572500000;10240;10228
1823;16323254000;15947422222;16447422222;10240;10228
1859;16327827000;16072777777;16572777777;10240;10228
1860;16327839000;16072777777;16572777777;10240;10228
1861;16327843000;16072777777;16572777777;10240;10228
1862;16327848000;16114088888;16614088888;10240;10228
1863;16327852000;16114088888;16614088888;10240;10228
1864;16327865000;16114088888;16614088888;10240;10228
1865;16327870000;16114088888;16614088888;10240;10228
1867;16327881000;16114088888;16614088888;10240;10228
1868;16327898000;16114088888;16614088888;10240;10228
1859;16328018000;16072777777;16572777777;10240;10228
1861;16328252000;16072777777;16572777777;10240;10228
1862;16328272000;16114088888;16614088888;10240;10228
1863;16328425000;16114088888;16614088888;10240;10228
1864;16328638000;16114088888;16614088888;10240;10228
1865;16328661000;16114088888;16614088888;10240;10228
1866;16328864000;16114088888;16614088888;10240;10228
1867;16328899000;16114088888;16614088888;10240;10228
1868;16329041000;16114088888;16614088888;10240;10228
1869;16329062000;16114166666;16614166666;10240;10228
1832;16364760000;15989088888;16489088888;10240;10228
1833;16364771000;15989088888;16489088888;10240;10228
1834;16364776000;15989088888;16489088888;10240;10228
1835;16364781000;15989088888;16489088888;10240;10228
1836;16365509000;15989166666;16489166666;10240;10228
1840;16365743000;16030755555;16530755555;10240;10228
1870;16369504000;16114466666;16614466666;10240;10228
1871;16369525000;16114466666;16614466666;10240;10228
1873;16369530000;16155755555;16655755555;10240;10228
1874;16369536000;16155755555;16655755555;10240;10228
1876;16369552000;16155755555;16655755555;10240;10228
1877;16369561000;16155755555;16655755555;10240;10228
1878;16369570000;16155755555;16655755555;10240;10228
1879;16369584000;16155755555;16655755555;10240;10228
1880;16369592000;16155833333;16655833333;10240;10228
1870;16369684000;16114466666;16614466666;10240;10228
1871;16369896000;16114466666;16614466666;10240;10228
1872;16369907000;16114466666;16614466666;10240;10228
1873;16370106000;16155755555;16655755555;10240;10228
1874;16370291000;16155755555;16655755555;10240;10228
1875;16370302000;16155755555;16655755555;10240;10228
1876;16370469000;16155755555;16655755555;10240;10228
1877;16370715000;16155755555;16655755555;10240;10228
1878;16370726000;16155755555;16655755555;10240;10228
1879;16370939000;16155755555;16655755555;10240;10228
1880;16370960000;16155833333;16655833333;10240;10228
1881;16411187000;16156155555;16656155555;10240;10228
1882;16411198000;16156155555;16656155555;10240;10228
1883;16411202000;16156155555;16656155555;10240;10228
1884;16411205000;16197422222;16697422222;10240;10228
1885;16411209000;16197422222;16697422222;10240;10228
1886;16411214000;16197422222;16697422222;10240;10228
1887;16411224000;16197422222;16697422222;10240;10228
1888;16411229000;16197422222;16697422222;10240;10228
1889;16411240000;16197422222;16697422222;10240;10228
1881;16411352000;16156155555;16656155555;10240;10228
1890;16411467000;16197422222;16697422222;10240;10228
1891;16411477000;16197500000;16697500000;10240;10228
1882;16411519000;16156155555;16656155555;10240;10228
1883;16411765000;16156155555;16656155555;10240;10228
1885;16411776000;16197422222;16697422222;10240;10228
1886;16411993000;16197422222;16697422222;10240;10228
1887;16412012000;16197422222;16697422222;10240;10228
1888;16412173000;16197422222;16697422222;10240;10228
1889;16412183000;16197422222;16697422222;10240;10228
1890;16412356000;16197422222;16697422222;10240;10228
1891;16412365000;16197500000;16697500000;10240;10228
1856;16448123000;16072422222;16572422222;10240;10228
1860;16449123000;16072777777;16572777777;10240;10228
1892;16452829000;16197766666;16697766666;10240;10228
1893;16452838000;16197766666;16697766666;10240;10228
1894;16452843000;16197766666;16697766666;10240;10228
1895;16452847000;16239088888;16739088888;10240;10228
1896;16452852000;16239088888;16739088888;10240;10228
1897;16452865000;16239088888;16739088888;10240;10228
1898;16452870000;16239088888;16739088888;10240;10228
1899;16452880000;16239088888;16739088888;10240;10228
1901;16452885000;16239088888;16739088888;10240;10228
1902;16452891000;16239166666;16739166666;10240;10228
1892;16453018000;16197766666;16697766666;10240;10228
1893;16453252000;16197766666;16697766666;10240;10228
1894;16453271000;16197766666;16697766666;10240;10228
1895;16453427000;16239088888;16739088888;10240;10228
1896;16453638000;16239088888;16739088888;10240;10228
1897;16453648000;16239088888;16739088888;10240;10228
1900;16453843000;16239088888;16739088888;10240;10228
1901;16453870000;16239088888;16739088888;10240;10228
1902;16485296000;16239166666;16739166666;10240;10228
1866;16489859000;16114088888;16614088888;10240;10228
1869;16489869000;16114166666;16614166666;10240;10228
1872;16489873000;16114466666;16614466666;10240;10228
1875;16489878000;16155755555;16655755555;10240;10228
1805;16490363000;15864511111;16364511111;10240;10228
1841;16490585000;16030755555;16530755555;10240;10228
1903;16494531000;16239466666;16739466666;10240;10228
1904;16494553000;16239466666;16739466666;10240;10228
1905;16494558000;16239466666;16739466666;10240;10228
1906;16494563000;16280755555;16780755555;10240;10228
1907;16494576000;16280755555;16780755555;10240;10228
1908;16494581000;16280755555;16780755555;10240;10228
1909;16494586000;16280755555;16780755555;10240;10228
1910;16494594000;16280755555;16780755555;10240;10228
1911;16494602000;16280755555;16780755555;10240;10228
1912;16494610000;16280755555;16780755555;10240;10228
1913;16494628000;16280833333;16780833333;10240;10228
1904;16494636000;16239466666;16739466666;10240;10228
1905;16494899000;16239466666;16739466666;10240;10228
1906;16494908000;16280755555;16780755555;10240;10228
1907;16495103000;16280755555;16780755555;10240;10228
1908;16495290000;16280755555;16780755555;10240;10228
1909;16495310000;16280755555;16780755555;10240;10228
1910;16495513000;16280755555;16780755555;10240;10228
1911;16495533000;16280755555;16780755555;10240;10228
1912;16495715000;16280755555;16780755555;10240;10228
1913;16495726000;16280833333;16780833333;10240;10228
1851;16531817000;16072422222;16572422222;10240;10228
1884;16532596000;16197422222;16697422222;10240;10228
1917;16536182000;16322411111;16822411111;10240;10228
1918;16536205000;16322411111;16822411111;10240;10228
1919;16536221000;16322411111;16822411111;10240;10228
1920;16536227000;16322411111;16822411111;10240;10228
1921;16536232000;16322411111;16822411111;10240;10228
1922;16536237000;16322411111;16822411111;10240;10228
1923;16536241000;16322411111;16822411111;10240;10228
1924;16536257000;16322500000;16822500000;10240;10228
1914;16536360000;16281166666;16781166666;10240;10228
1915;16536523000;16281166666;16781166666;10240;10228
1916;16536764000;16281166666;16781166666;10240;10228
1917;16536791000;16322411111;16822411111;10240;10228
1918;16536963000;16322411111;16822411111;10240;10228
1919;16536983000;16322411111;16822411111;10240;10228
1920;16537166000;16322411111;16822411111;10240;10228
1921;16537186000;16322411111;16822411111;10240;10228
1923;16537368000;16322411111;16822411111;10240;10228
1924;16537380000;16322500000;16822500000;10240;10228
1925;16577872000;16322800000;16822800000;10240;10228
1927;16577884000;16322800000;16822800000;10240;10228
1928;16577901000;16364088888;16864088888;10240;10228
1929;16577905000;16364088888;16864088888;10240;10228
1931;16577920000;16364088888;16864088888;10240;10228
1932;16577929000;16364088888;16864088888;10240;10228
1933;16577934000;16364088888;16864088888;10240;10228
1934;16577938000;16364088888;16864088888;10240;10228
1935;16577941000;16364166666;16864166666;10240;10228
1925;16578041000;16322800000;16822800000;10240;10228
1926;16578227000;16322800000;16822800000;10240;10228
1927;16578261000;16322800000;16822800000;10240;10228
1929;16578431000;16364088888;16864088888;10240;10228
1930;16578644000;16364088888;16864088888;10240;10228
1931;16578674000;16364088888;16864088888;10240;10228
1932;16578847000;16364088888;16864088888;10240;10228
1933;16578858000;16364088888;16864088888;10240;10228
1934;16579071000;16364088888;16864088888;10240;10228
1935;16579090000;16364166666;16864166666;10240;10228
1898;16605732000;16239088888;16739088888;10240;10228
1900;16614928000;16239088888;16739088888;10240;10228
1937;16619491000;16364466666;16864466666;10240;10228
1938;16619514000;16364466666;16864466666;10240;10228
1939;16619521000;16405755555;16905755555;10240;10228
1940;16619525000;16405755555;16905755555;10240;10228
1941;16619531000;16405755555;16905755555;10240;10228
1942;16619535000;16405755555;16905755555;10240;10228
1943;16619549000;16405755555;16905755555;10240;10228
1944;16619554000;16405755555;16905755555;10240;10228
1945;16619559000;16405755555;16905755555;10240;10228
1946;16619567000;16405833333;16905833333;10240;10228
1936;16619680000;16364466666;16864466666;10240;10228
1937;16619883000;16364466666;16864466666;10240;10228
1939;16620082000;16405755555;16905755555;10240;10228
1940;16620103000;16405755555;16905755555;10240;10228
1941;16620285000;16405755555;16905755555;10240;10228
1942;16620306000;16405755555;16905755555;10240;10228
1944;16620496000;16405755555;16905755555;10240;10228
1945;16620516000;16405755555;16905755555;10240;10228
1946;16620701000;16405833333;16905833333;10240;10228
1914;16656424000;16281166666;16781166666;10240;10228
1915;16656434000;16281166666;16781166666;10240;10228
1947;16661146000;16406155555;16906155555;10240;10228
1948;16661157000;16406155555;16906155555;10240;10228
1949;16661162000;16406155555;16906155555;10240;10228
1951;16661166000;16447422222;16947422222;10240;10228
1954;16661173000;16447422222;16947422222;10240;10228
1955;16661189000;16447422222;16947422222;10240;10228
1956;16661194000;16447422222;16947422222;10240;10228
1957;16661200000;16447500000;16947500000;10240;10228
1947;16661346000;16406155555;16906155555;10240;10228
1951;16661531000;16447422222;16947422222;10240;10228
1952;16661742000;16447422222;16947422222;10240;10228
1953;16661749000;16447422222;16947422222;10240;10228
1955;16661946000;16447422222;16947422222;10240;10228
1956;16661956000;16447422222;16947422222;10240;10228
1957;16662160000;16447500000;16947500000;10240;10228
1930;16698157000;16364088888;16864088888;10240;10228
1922;16698425000;16322411111;16822411111;10240;10228
1928;16699107000;16364088888;16864088888;10240;10228
1958;16702800000;16447755555;16947755555;10240;10228
1959;16702810000;16447755555;16947755555;10240;10228
1960;16702815000;16447755555;16947755555;10240;10228
1961;16702819000;16489088888;16989088888;10240;10228
1962;16702823000;16489088888;16989088888;10240;10228
1963;16702828000;16489088888;16989088888;10240;10228
1964;16702908000;16489088888;16989088888;10240;10228
1965;16702917000;16489088888;16989088888;10240;10228
1966;16702921000;16489088888;16989088888;10240;10228
1967;16702937000;16489088888;16989088888;10240;10228
1968;16702941000;16489166666;16989166666;10240;10228
1958;16703053000;16447755555;16947755555;10240;10228
1959;16703225000;16447755555;16947755555;10240;10228
1960;16703245000;16447755555;16947755555;10240;10228
1961;16703437000;16489088888;16989088888;10240;10228
1962;16703646000;16489088888;16989088888;10240;10228
1963;16703665000;16489088888;16989088888;10240;10228
1964;16703841000;16489088888;16989088888;10240;10228
1965;16703860000;16489088888;16989088888;10240;10228
1966;16704045000;16489088888;16989088888;10240;10228
1967;16704239000;16489088888;16989088888;10240;10228
1968;16704250000;16489166666;16989166666;10240;10228
1936;16739767000;16364466666;16864466666;10240;10228
1899;16740519000;16239088888;16739088888;10240;10228
1903;16740735000;16239466666;16739466666;10240;10228
1938;16740950000;16364466666;16864466666;10240;10228
1943;16741161000;16405755555;16905755555;10240;10228
1969;16744489000;16489455555;16989455555;10240;10228
1970;16744502000;16489455555;16989455555;10240;10228
1971;16744506000;16489455555;16989455555;10240;10228
1972;16744512000;16530755555;17030755555;10240;10228
1973;16744516000;16530755555;17030755555;10240;10228
1974;16744539000;16530755555;17030755555;10240;10228
1975;16744544000;16530755555;17030755555;10240;10228
1976;16744548000;16530755555;17030755555;10240;10228
1977;16744553000;16530755555;17030755555;10240;10228
1978;16744560000;16530755555;17030755555;10240;10228
1979;16744568000;16530833333;17030833333;10240;10228
1969;16744670000;16489455555;16989455555;10240;10228
1970;16744876000;16489455555;16989455555;10240;10228
1971;16745073000;16489455555;16989455555;10240;10228
1972;16745094000;16530755555;17030755555;10240;10228
1973;16745278000;16530755555;17030755555;10240;10228
1974;16745289000;16530755555;17030755555;10240;10228
1975;16745466000;16530755555;17030755555;10240;10228
1976;16745693000;16530755555;17030755555;10240;10228
1977;16745703000;16530755555;17030755555;10240;10228
1978;16745892000;16530755555;17030755555;10240;10228
1979;16745912000;16530833333;17030833333;10240;10228
1916;16781439000;16281166666;16781166666;10240;10228
1950;16781466000;16447422222;16947422222;10240;10228
1953;16781491000;16447422222;16947422222;10240;10228
1948;16782189000;16406155555;16906155555;10240;10228
1949;16782390000;16406155555;16906155555;10240;10228
1950;16782665000;16447422222;16947422222;10240;10228
1980;16786159000;16531155555;17031155555;10240;10228
1981;16786170000;16531155555;17031155555;10240;10228
1982;16786175000;16531155555;17031155555;10240;10228
1983;16786180000;16572422222;17072422222;10240;10228
1984;16786184000;16572422222;17072422222;10240;10228
1986;16786187000;16572422222;17072422222;10240;10228
1987;16786206000;16572422222;17072422222;10240;10228
1980;16786379000;16531155555;17031155555;10240;10228
1981;16786613000;16531155555;17031155555;10240;10228
1982;16786782000;16531155555;17031155555;10240;10228
1983;16786794000;16572422222;17072422222;10240;10228
1984;16786960000;16572422222;17072422222;10240;10228
1986;16786982000;16572422222;17072422222;10240;10228
1987;16787205000;16572422222;17072422222;10240;10228
1988;16818463000;16572422222;17072422222;10240;10228
1954;16818611000;16447422222;16947422222;10240;10228
1990;16819268000;16572488888;17072488888;10240;10228
1989;16823301000;16572422222;17072422222;10240;10228
1990;16823522000;16572488888;17072488888;10240;10228
1991;16827829000;16572755555;17072755555;10240;10228
1992;16827844000;16572755555;17072755555;10240;10228
1993;16827849000;16572755555;17072755555;10240;10228
1994;16827868000;16614088888;17114088888;10240;10228
1995;16827874000;16614088888;17114088888;10240;10228
1997;16827878000;16614088888;17114088888;10240;10228
1998;16827883000;16614088888;17114088888;10240;10228
1999;16827888000;16614088888;17114088888;10240;10228
2000;16827892000;16614088888;17114088888;10240;10228
1991;16828017000;16572755555;17072755555;10240;10228
1992;16828250000;16572755555;17072755555;10240;10228
1993;16828269000;16572755555;17072755555;10240;10228
1994;16828451000;16614088888;17114088888;10240;10228
1995;16828639000;16614088888;17114088888;10240;10228
1996;16828650000;16614088888;17114088888;10240;10228
1997;16828859000;16614088888;17114088888;10240;10228
1998;16828878000;16614088888;17114088888;10240;10228
1999;16829083000;16614088888;17114088888;10240;10228
2001;16860764000;16614166666;17114166666;10240;10228
2000;16860990000;16614088888;17114088888;10240;10228
2001;16861230000;16614166666;17114166666;10240;10228
2002;16869513000;16614455555;17114455555;10240;10228
2003;16869523000;16614455555;17114455555;10240;10228
2005;16869542000;16655766666;17155766666;10240;10228
2006;16869550000;16655766666;17155766666;10240;10228
2007;16869557000;16655766666;17155766666;10240;10228
2009;16869565000;16655766666;17155766666;10240;10228
2011;16869570000;16655766666;17155766666;10240;10228
2012;16869578000;16655844444;17155844444;10240;10228
2002;16869691000;16614455555;17114455555;10240;10228
2003;16869903000;16614455555;17114455555;10240;10228
2004;16869912000;16614455555;17114455555;10240;10228
2005;16870140000;16655766666;17155766666;10240;10228
2007;16870260000;16655766666;17155766666;10240;10228
2008;16870272000;16655766666;17155766666;10240;10228
2009;16870511000;16655766666;17155766666;10240;10228
2010;16870531000;16655766666;17155766666;10240;10228
2011;16870677000;16655766666;17155766666;10240;10228
2012;16870698000;16655844444;17155844444;10240;10228
1952;16906508000;16447422222;16947422222;10240;10228
2013;16911163000;16656188888;17156188888;10240;10228
2014;16911174000;16656188888;17156188888;10240;10228
2015;16911179000;16656188888;17156188888;10240;10228
2016;16911186000;16697422222;17197422222;10240;10228
2017;16911207000;16697422222;17197422222;10240;10228
2018;16911213000;16697422222;17197422222;10240;10228
2019;16911216000;16697422222;17197422222;10240;10228
2020;16911222000;16697422222;17197422222;10240;10228
2021;16911226000;16697422222;17197422222;10240;10228
2022;16911237000;16697422222;17197422222;10240;10228
2023;16911242000;16697500000;17197500000;10240;10228
2013;16911353000;16656188888;17156188888;10240;10228
2014;16911546000;16656188888;17156188888;10240;10228
2015;16911769000;16656188888;17156188888;10240;10228
2016;16911780000;16697422222;17197422222;10240;10228
2017;16911997000;16697422222;17197422222;10240;10228
2018;16912018000;16697422222;17197422222;10240;10228
2019;16912170000;16697422222;17197422222;10240;10228
2020;16912191000;16697422222;17197422222;10240;10228
2021;16912369000;16697422222;17197422222;10240;10228
2022;16912592000;16697422222;17197422222;10240;10228
1985;16938738000;16572422222;17072422222;10240;10228
1926;16948125000;16322800000;16822800000;10240;10228
1989;16948135000;16572422222;17072422222;10240;10228
1996;16948139000;16614088888;17114088888;10240;10228
1988;16948462000;16572422222;17072422222;10240;10228
2024;16952810000;16697800000;17197800000;10240;10228
2025;16952822000;16697800000;17197800000;10240;10228
2026;16952827000;16697800000;17197800000;10240;10228
2027;16952832000;16739088888;17239088888;10240;10228
2028;16952835000;16739088888;17239088888;10240;10228
2029;16952857000;16739088888;17239088888;10240;10228
2030;16952862000;16739088888;17239088888;10240;10228
2031;16952866000;16739088888;17239088888;10240;10228
2032;16952870000;16739088888;17239088888;10240;10228
2033;16952877000;16739088888;17239088888;10240;10228
2034;16952979000;16739166666;17239166666;10240;10228
2024;16953016000;16697800000;17197800000;10240;10228
2025;16953265000;16697800000;17197800000;10240;10228
2026;16953273000;16697800000;17197800000;10240;10228
2027;16953433000;16739088888;17239088888;10240;10228
2028;16953642000;16739088888;17239088888;10240;10228
2029;16953656000;16739088888;17239088888;10240;10228
2030;16953846000;16739088888;17239088888;10240;10228
2031;16953856000;16739088888;17239088888;10240;10228
2032;16954083000;16739088888;17239088888;10240;10228
2033;16954243000;16739088888;17239088888;10240;10228
2034;16954261000;16739166666;17239166666;10240;10228
2004;16989797000;16614455555;17114455555;10240;10228
2006;16990939000;16655766666;17155766666;10240;10228
2035;16994507000;16739455555;17239455555;10240;10228
2036;16994529000;16739455555;17239455555;10240;10228
2037;16994540000;16739455555;17239455555;10240;10228
2038;16994548000;16780755555;17280755555;10240;10228
2039;16994555000;16780755555;17280755555;10240;10228
2040;16994564000;16780755555;17280755555;10240;10228
2041;16994569000;16780755555;17280755555;10240;10228
2042;16994579000;16780755555;17280755555;10240;10228
2043;16994584000;16780755555;17280755555;10240;10228
2044;16994589000;16780755555;17280755555;10240;10228
2045;16994598000;16780833333;17280833333;10240;10228
2035;16994690000;16739455555;17239455555;10240;10228
2037;16994895000;16739455555;17239455555;10240;10228
2039;16994906000;16780755555;17280755555;10240;10228
2040;16995104000;16780755555;17280755555;10240;10228
2042;16995290000;16780755555;17280755555;10240;10228
2044;16995301000;16780755555;17280755555;10240;10228
2045;16995466000;16780833333;17280833333;10240;10228
2008;17031496000;16655766666;17155766666;10240;10228
2010;17031521000;16655766666;17155766666;10240;10228
2046;17036135000;16781155555;17281155555;10240;10228
2047;17036146000;16781155555;17281155555;10240;10228
2048;17036151000;16781155555;17281155555;10240;10228
2049;17036155000;16822422222;17322422222;10240;10228
2050;17036160000;16822422222;17322422222;10240;10228
2051;17036168000;16822422222;17322422222;10240;10228
2052;17036227000;16822422222;17322422222;10240;10228
2054;17036248000;16822422222;17322422222;10240;10228
2055;17036254000;16822422222;17322422222;10240;10228
2056;17036258000;16822500000;17322500000;10240;10228
2046;17036330000;16781155555;17281155555;10240;10228
2047;17036571000;16781155555;17281155555;10240;10228
2048;17036589000;16781155555;17281155555;10240;10228
2049;17036770000;16822422222;17322422222;10240;10228
2050;17036976000;16822422222;17322422222;10240;10228
2051;17036987000;16822422222;17322422222;10240;10228
2052;17037203000;16822422222;17322422222;10240;10228
2053;17037223000;16822422222;17322422222;10240;10228
2054;17037375000;16822422222;17322422222;10240;10228
2055;17037603000;16822422222;17322422222;10240;10228
2056;17037613000;16822500000;17322500000;10240;10228
1985;17073692000;16572422222;17072422222;10240;10228
2023;17073910000;16697500000;17197500000;10240;10228
2057;17077830000;16822777777;17322777777;10240;10228
2058;17077852000;16822777777;17322777777;10240;10228
2059;17077856000;16822777777;17322777777;10240;10228
2060;17077874000;16864088888;17364088888;10240;10228
2061;17077882000;16864088888;17364088888;10240;10228
2062;17077887000;16864088888;17364088888;10240;10228
2063;17077897000;16864088888;17364088888;10240;10228
2064;17077902000;16864088888;17364088888;10240;10228
2065;17077908000;16864088888;17364088888;10240;10228
2066;17077918000;16864088888;17364088888;10240;10228
2067;17077923000;16864166666;17364166666;10240;10228
2057;17078017000;16822777777;17322777777;10240;10228
2059;17078254000;16822777777;17322777777;10240;10228
2060;17078273000;16864088888;17364088888;10240;10228
2062;17078429000;16864088888;17364088888;10240;10228
2063;17078642000;16864088888;17364088888;10240;10228
2064;17078654000;16864088888;17364088888;10240;10228
2065;17078845000;16864088888;17364088888;10240;10228
2066;17078856000;16864088888;17364088888;10240;10228
2067;17079083000;16864166666;17364166666;10240;10228
2038;17115733000;16780755555;17280755555;10240;10228
2041;17115951000;16780755555;17280755555;10240;10228
2068;17119454000;16864477777;17364477777;10240;10228
2069;17119466000;16864477777;17364477777;10240;10228
2070;17119470000;16864477777;17364477777;10240;10228
2071;17119475000;16905755555;17405755555;10240;10228
2072;17119479000;16905755555;17405755555;10240;10228
2073;17119504000;16905755555;17405755555;10240;10228
2074;17119536000;16905755555;17405755555;10240;10228
2075;17119542000;16905755555;17405755555;10240;10228
2076;17119545000;16905755555;17405755555;10240;10228
2077;17119563000;16905755555;17405755555;10240;10228
2078;17119568000;16905833333;17405833333;10240;10228
2068;17119668000;16864477777;17364477777;10240;10228
2069;17119873000;16864477777;17364477777;10240;10228
2070;17120069000;16864477777;17364477777;10240;10228
2071;17120090000;16905755555;17405755555;10240;10228
2072;17120273000;16905755555;17405755555;10240;10228
2073;17120294000;16905755555;17405755555;10240;10228
2074;17120477000;16905755555;17405755555;10240;10228
2075;17120495000;16905755555;17405755555;10240;10228
2076;17120708000;16905755555;17405755555;10240;10228
2077;17120936000;16905755555;17405755555;10240;10228
2078;17120955000;16905833333;17405833333;10240;10228
2053;17156454000;16822422222;17322422222;10240;10228
2043;17156774000;16780755555;17280755555;10240;10228
2079;17161203000;16906155555;17406155555;10240;10228
2080;17161217000;16906155555;17406155555;10240;10228
2081;17161222000;16906155555;17406155555;10240;10228
2083;17161236000;16947422222;17447422222;10240;10228
2084;17161243000;16947422222;17447422222;10240;10228
2085;17161267000;16947422222;17447422222;10240;10228
2086;17161271000;16947422222;17447422222;10240;10228
2088;17161285000;16947422222;17447422222;10240;10228
2089;17161289000;16947500000;17447500000;10240;10228
2079;17161351000;16906155555;17406155555;10240;10228
2080;17161533000;16906155555;17406155555;10240;10228
2081;17161768000;16906155555;17406155555;10240;10228
2082;17161779000;16947422222;17447422222;10240;10228
2085;17161971000;16947422222;17447422222;10240;10228
2086;17161992000;16947422222;17447422222;10240;10228
2087;17162171000;16947422222;17447422222;10240;10228
2089;17162208000;16947500000;17447500000;10240;10228
2058;17199071000;16822777777;17322777777;10240;10228
2061;17199277000;16864088888;17364088888;10240;10228
2090;17202816000;16947766666;17447766666;10240;10228
2091;17202830000;16947766666;17447766666;10240;10228
2092;17202835000;16947766666;17447766666;10240;10228
2093;17202844000;16989088888;17489088888;10240;10228
2094;17202849000;16989088888;17489088888;10240;10228
2096;17202853000;16989088888;17489088888;10240;10228
2097;17202860000;16989088888;17489088888;10240;10228
2099;17202879000;16989088888;17489088888;10240;10228
2100;17202887000;16989166666;17489166666;10240;10228
2090;17203012000;16947766666;17447766666;10240;10228
2091;17203216000;16947766666;17447766666;10240;10228
2092;17203411000;16947766666;17447766666;10240;10228
2093;17203422000;16989088888;17489088888;10240;10228
2094;17203622000;16989088888;17489088888;10240;10228
2095;17203634000;16989088888;17489088888;10240;10228
2096;17203822000;16989088888;17489088888;10240;10228
2097;17203843000;16989088888;17489088888;10240;10228
2098;17204033000;16989088888;17489088888;10240;10228
2099;17204229000;16989088888;17489088888;10240;10228
2100;17204240000;16989166666;17489166666;10240;10228
2101;17244470000;16989477777;17489477777;10240;10228
2102;17244493000;16989477777;17489477777;10240;10228
2103;17244499000;16989477777;17489477777;10240;10228
2104;17244513000;17030744444;17530744444;10240;10228
2107;17244517000;17030744444;17530744444;10240;10228
2108;17244535000;17030744444;17530744444;10240;10228
2109;17244539000;17030744444;17530744444;10240;10228
2110;17244632000;17030744444;17530744444;10240;10228
2111;17244651000;17030833333;17530833333;10240;10228
2102;17244657000;16989477777;17489477777;10240;10228
2103;17244894000;16989477777;17489477777;10240;10228
2104;17244904000;17030744444;17530744444;10240;10228
2105;17245134000;17030744444;17530744444;10240;10228
2106;17245287000;17030744444;17530744444;10240;10228
2107;17245313000;17030744444;17530744444;10240;10228
2108;17245476000;17030744444;17530744444;10240;10228
2109;17245708000;17030744444;17530744444;10240;10228
2110;17245726000;17030744444;17530744444;10240;10228
2111;17245731000;17030833333;17530833333;10240;10228
2082;17281453000;16947422222;17447422222;10240;10228
2083;17282642000;16947422222;17447422222;10240;10228
2084;17282849000;16947422222;17447422222;10240;10228
2112;17286164000;17031177777;17531177777;10240;10228
2113;17286176000;17031177777;17531177777;10240;10228
2114;17286180000;17031177777;17531177777;10240;10228
2115;17286184000;17072422222;17572422222;10240;10228
2117;17286188000;17072422222;17572422222;10240;10228
2118;17286214000;17072422222;17572422222;10240;10228
2119;17286222000;17072422222;17572422222;10240;10228
2120;17286239000;17072422222;17572422222;10240;10228
2121;17286244000;17072422222;17572422222;10240;10228
2112;17286357000;17031177777;17531177777;10240;10228
2113;17286593000;17031177777;17531177777;10240;10228
2114;17286778000;17031177777;17531177777;10240;10228
2115;17286788000;17072422222;17572422222;10240;10228
2116;17286972000;17072422222;17572422222;10240;10228
2117;17287008000;17072422222;17572422222;10240;10228
2118;17287176000;17072422222;17572422222;10240;10228
2119;17287187000;17072422222;17572422222;10240;10228
2120;17287378000;17072422222;17572422222;10240;10228
2121;17287598000;17072422222;17572422222;10240;10228
2122;17287607000;17072500000;17572500000;10240;10228
2087;17323118000;16947422222;17447422222;10240;10228
2095;17323127000;16989088888;17489088888;10240;10228
2088;17323629000;16947422222;17447422222;10240;10228
2123;17327778000;17072822222;17572822222;10240;10228
2124;17327794000;17072822222;17572822222;10240;10228
2125;17327801000;17072822222;17572822222;10240;10228
2126;17327805000;17114088888;17614088888;10240;10228
2127;17327812000;17114088888;17614088888;10240;10228
2128;17327823000;17114088888;17614088888;10240;10228
2129;17327829000;17114088888;17614088888;10240;10228
2130;17327835000;17114088888;17614088888;10240;10228
2131;17327846000;17114088888;17614088888;10240;10228
2132;17327851000;17114088888;17614088888;10240;10228
2133;17327934000;17114166666;17614166666;10240;10228
2123;17328009000;17072822222;17572822222;10240;10228
2124;17328229000;17072822222;17572822222;10240;10228
2126;17328247000;17114088888;17614088888;10240;10228
2127;17328404000;17114088888;17614088888;10240;10228
2128;17328618000;17114088888;17614088888;10240;10228
2129;17328628000;17114088888;17614088888;10240;10228
2130;17328778000;17114088888;17614088888;10240;10228
2131;17328792000;17114088888;17614088888;10240;10228
2132;17328974000;17114088888;17614088888;10240;10228
2133;17328986000;17114166666;17614166666;10240;10228
2098;17364966000;16989088888;17489088888;10240;10228
2036;17365328000;16739455555;17239455555;10240;10228
2101;17365511000;16989477777;17489477777;10240;10228
2134;17369512000;17114500000;17614500000;10240;10228
2135;17369533000;17114500000;17614500000;10240;10228
2136;17369537000;17114500000;17614500000;10240;10228
2137;17369542000;17155744444;17655744444;10240;10228
2138;17369551000;17155744444;17655744444;10240;10228
2139;17369559000;17155744444;17655744444;10240;10228
2140;17369564000;17155744444;17655744444;10240;10228
2142;17369573000;17155744444;17655744444;10240;10228
2143;17369591000;17155744444;17655744444;10240;10228
2134;17369685000;17114500000;17614500000;10240;10228
2144;17369794000;17155833333;17655833333;10240;10228
2135;17369879000;17114500000;17614500000;10240;10228
2136;17369890000;17114500000;17614500000;10240;10228
2137;17370083000;17155744444;17655744444;10240;10228
2139;17370275000;17155744444;17655744444;10240;10228
2140;17370294000;17155744444;17655744444;10240;10228
2141;17370502000;17155744444;17655744444;10240;10228
2142;17370538000;17155744444;17655744444;10240;10228
2143;17370686000;17155744444;17655744444;10240;10228
2144;17370706000;17155833333;17655833333;10240;10228
2105;17406445000;17030744444;17530744444;10240;10228
2116;17406458000;17072422222;17572422222;10240;10228
2145;17411155000;17156177777;17656177777;10240;10228
2146;17411167000;17156177777;17656177777;10240;10228
2147;17411171000;17156177777;17656177777;10240;10228
2148;17411177000;17197411111;17697411111;10240;10228
2149;17411181000;17197411111;17697411111;10240;10228
2150;17411191000;17197411111;17697411111;10240;10228
2151;17411198000;17197411111;17697411111;10240;10228
2152;17411208000;17197411111;17697411111;10240;10228
2153;17411212000;17197411111;17697411111;10240;10228
2154;17411222000;17197411111;17697411111;10240;10228
2155;17411226000;17197500000;17697500000;10240;10228
2145;17411373000;17156177777;17656177777;10240;10228
2146;17411548000;17156177777;17656177777;10240;10228
2148;17411792000;17197411111;17697411111;10240;10228
2149;17411813000;17197411111;17697411111;10240;10228
2150;17411987000;17197411111;17697411111;10240;10228
2151;17412007000;17197411111;17697411111;10240;10228
2152;17412191000;17197411111;17697411111;10240;10228
2153;17412211000;17197411111;17697411111;10240;10228
2154;17412386000;17197411111;17697411111;10240;10228
2155;17412398000;17197500000;17697500000;10240;10228
2122;17448127000;17072500000;17572500000;10240;10228
2125;17449120000;17072822222;17572822222;10240;10228
2156;17452857000;17197800000;17697800000;10240;10228
2157;17452868000;17197800000;17697800000;10240;10228
2158;17452874000;17197800000;17697800000;10240;10228
2159;17452881000;17239088888;17739088888;10240;10228
2160;17452886000;17239088888;17739088888;10240;10228
2161;17452898000;17239088888;17739088888;10240;10228
2162;17452904000;17239088888;17739088888;10240;10228
2163;17452916000;17239088888;17739088888;10240;10228
2164;17452920000;17239088888;17739088888;10240;10228
2156;17453061000;17197800000;17697800000;10240;10228
2165;17453155000;17239088888;17739088888;10240;10228
2166;17453184000;17239166666;17739166666;10240;10228
2157;17453259000;17197800000;17697800000;10240;10228
2158;17453270000;17197800000;17697800000;10240;10228
2159;17453425000;17239088888;17739088888;10240;10228
2160;17453674000;17239088888;17739088888;10240;10228
2161;17453693000;17239088888;17739088888;10240;10228
2163;17453873000;17239088888;17739088888;10240;10228
2164;17453891000;17239088888;17739088888;10240;10228
2165;17454079000;17239088888;17739088888;10240;10228
2166;17454099000;17239166666;17739166666;10240;10228
2141;17490055000;17155744444;17655744444;10240;10228
2138;17491125000;17155744444;17655744444;10240;10228
2167;17494499000;17239488888;17739488888;10240;10228
2169;17494509000;17239488888;17739488888;10240;10228
2170;17494526000;17280755555;17780755555;10240;10228
2171;17494531000;17280755555;17780755555;10240;10228
2172;17494535000;17280755555;17780755555;10240;10228
2173;17494546000;17280755555;17780755555;10240;10228
2174;17494559000;17280755555;17780755555;10240;10228
2175;17494571000;17280755555;17780755555;10240;10228
2167;17494692000;17239488888;17739488888;10240;10228
2168;17494901000;17239488888;17739488888;10240;10228
2169;17494926000;17239488888;17739488888;10240;10228
2170;17495107000;17280755555;17780755555;10240;10228
2171;17495295000;17280755555;17780755555;10240;10228
2172;17495306000;17280755555;17780755555;10240;10228
2173;17495469000;17280755555;17780755555;10240;10228
2174;17495719000;17280755555;17780755555;10240;10228
2175;17495729000;17280755555;17780755555;10240;10228
2176;17495942000;17280755555;17780755555;10240;10228
2177;17495962000;17280833333;17780833333;10240;10228
2106;17531492000;17030744444;17530744444;10240;10228
2178;17536167000;17281188888;17781188888;10240;10228
2179;17536176000;17281188888;17781188888;10240;10228
2180;17536181000;17281188888;17781188888;10240;10228
2181;17536185000;17322422222;17822422222;10240;10228
2182;17536189000;17322422222;17822422222;10240;10228
2183;17536199000;17322422222;17822422222;10240;10228
2184;17536206000;17322422222;17822422222;10240;10228
2185;17536216000;17322422222;17822422222;10240;10228
2186;17536221000;17322422222;17822422222;10240;10228
2187;17536225000;17322422222;17822422222;10240;10228
2188;17536235000;17322500000;17822500000;10240;10228
2178;17536358000;17281188888;17781188888;10240;10228
2179;17536573000;17281188888;17781188888;10240;10228
2180;17536779000;17281188888;17781188888;10240;10228
2181;17536788000;17322422222;17822422222;10240;10228
2183;17536970000;17322422222;17822422222;10240;10228
2184;17536989000;17322422222;17822422222;10240;10228
2185;17537175000;17322422222;17822422222;10240;10228
2186;17537194000;17322422222;17822422222;10240;10228
2187;17537379000;17322422222;17822422222;10240;10228
2188;17537389000;17322500000;17822500000;10240;10228
2162;17574533000;17239088888;17739088888;10240;10228
2189;17577832000;17322811111;17822811111;10240;10228
2190;17577844000;17322811111;17822811111;10240;10228
2191;17577849000;17322811111;17822811111;10240;10228
2192;17577853000;17364088888;17864088888;10240;10228
2193;17577857000;17364088888;17864088888;10240;10228
2197;17577861000;17364088888;17864088888;10240;10228
2199;17577890000;17364166666;17864166666;10240;10228
2189;17578020000;17322811111;17822811111;10240;10228
2190;17578226000;17322811111;17822811111;10240;10228
2191;17578245000;17322811111;17822811111;10240;10228
2192;17578454000;17364088888;17864088888;10240;10228
2193;17578634000;17364088888;17864088888;10240;10228
2194;17578645000;17364088888;17864088888;10240;10228
2195;17578847000;17364088888;17864088888;10240;10228
2197;17578873000;17364088888;17864088888;10240;10228
2168;17614966000;17239488888;17739488888;10240;10228
2200;17619496000;17364488888;17864488888;10240;10228
2201;17619508000;17364488888;17864488888;10240;10228
2202;17619513000;17364488888;17864488888;10240;10228
2204;17619525000;17405755555;17905755555;10240;10228
2205;17619529000;17405755555;17905755555;10240;10228
2206;17619539000;17405755555;17905755555;10240;10228
2207;17619545000;17405755555;17905755555;10240;10228
2208;17619555000;17405755555;17905755555;10240;10228
2209;17619560000;17405755555;17905755555;10240;10228
2210;17619567000;17405833333;17905833333;10240;10228
2200;17619691000;17364488888;17864488888;10240;10228
2201;17619898000;17364488888;17864488888;10240;10228
2202;17619909000;17364488888;17864488888;10240;10228
2203;17620136000;17405755555;17905755555;10240;10228
2204;17620295000;17405755555;17905755555;10240;10228
2205;17620304000;17405755555;17905755555;10240;10228
2206;17620471000;17405755555;17905755555;10240;10228
2207;17620717000;17405755555;17905755555;10240;10228
2208;17620728000;17405755555;17905755555;10240;10228
2209;17620941000;17405755555;17905755555;10240;10228
2210;17620961000;17405833333;17905833333;10240;10228
2176;17656530000;17280755555;17780755555;10240;10228
2147;17657219000;17156177777;17656177777;10240;10228
2182;17657620000;17322422222;17822422222;10240;10228
2212;17661198000;17406166666;17906166666;10240;10228
2213;17661210000;17406166666;17906166666;10240;10228
2214;17661214000;17447422222;17947422222;10240;10228
2215;17661220000;17447422222;17947422222;10240;10228
2216;17661224000;17447422222;17947422222;10240;10228
2217;17661230000;17447422222;17947422222;10240;10228
2218;17661235000;17447422222;17947422222;10240;10228
2219;17661247000;17447422222;17947422222;10240;10228
2220;17661259000;17447422222;17947422222;10240;10228
2211;17661360000;17406166666;17906166666;10240;10228
2221;17661474000;17447500000;17947500000;10240;10228
2212;17661570000;17406166666;17906166666;10240;10228
2213;17661780000;17406166666;17906166666;10240;10228
2214;17661789000;17447422222;17947422222;10240;10228
2216;17662004000;17447422222;17947422222;10240;10228
2217;17662022000;17447422222;17947422222;10240;10228
2218;17662177000;17447422222;17947422222;10240;10228
2219;17662195000;17447422222;17947422222;10240;10228
2220;17662386000;17447422222;17947422222;10240;10228
2221;17662396000;17447500000;17947500000;10240;10228
2222;17702805000;17447777777;17947777777;10240;10228
2223;17702815000;17447777777;17947777777;10240;10228
2225;17702819000;17489088888;17989088888;10240;10228
2226;17702824000;17489088888;17989088888;10240;10228
2227;17702833000;17489088888;17989088888;10240;10228
2228;17702842000;17489088888;17989088888;10240;10228
2229;17702847000;17489088888;17989088888;10240;10228
2231;17702943000;17489088888;17989088888;10240;10228
2232;17702962000;17489166666;17989166666;10240;10228
2222;17703035000;17447777777;17947777777;10240;10228
2223;17703253000;17447777777;17947777777;10240;10228
2224;17703273000;17447777777;17947777777;10240;10228
2225;17703429000;17489088888;17989088888;10240;10228
2226;17703645000;17489088888;17989088888;10240;10228
2227;17703654000;17489088888;17989088888;10240;10228
2228;17703868000;17489088888;17989088888;10240;10228
2229;17703887000;17489088888;17989088888;10240;10228
2230;17704052000;17489088888;17989088888;10240;10228
2231;17704245000;17489088888;17989088888;10240;10228
2232;17704254000;17489166666;17989166666;10240;10228
2194;17739830000;17364088888;17864088888;10240;10228
2195;17739856000;17364088888;17864088888;10240;10228
2196;17739863000;17364088888;17864088888;10240;10228
2198;17739869000;17364088888;17864088888;10240;10228
2203;17739877000;17405755555;17905755555;10240;10228
2196;17740722000;17364088888;17864088888;10240;10228
2198;17740957000;17364088888;17864088888;10240;10228
2199;17740967000;17364166666;17864166666;10240;10228
2233;17744512000;17489488888;17989488888;10240;10228
2234;17744533000;17489488888;17989488888;10240;10228
2235;17744543000;17489488888;17989488888;10240;10228
2237;17744555000;17530755555;18030755555;10240;10228
2238;17744572000;17530755555;18030755555;10240;10228
2239;17744577000;17530755555;18030755555;10240;10228
2240;17744589000;17530755555;18030755555;10240;10228
2242;17744595000;17530755555;18030755555;10240;10228
2243;17744608000;17530833333;18030833333;10240;10228
2233;17744721000;17489488888;17989488888;10240;10228
2234;17744904000;17489488888;17989488888;10240;10228
2235;17744915000;17489488888;17989488888;10240;10228
2236;17745141000;17530755555;18030755555;10240;10228
2237;17745300000;17530755555;18030755555;10240;10228
2238;17745310000;17530755555;18030755555;10240;10228
2239;17745475000;17530755555;18030755555;10240;10228
2240;17745726000;17530755555;18030755555;10240;10228
2241;17745734000;17530755555;18030755555;10240;10228
2242;17745924000;17530755555;18030755555;10240;10228
2243;17745943000;17530833333;18030833333;10240;10228
2177;17781508000;17280833333;17780833333;10240;10228
2211;17781518000;17406166666;17906166666;10240;10228
2215;17782713000;17447422222;17947422222;10240;10228
2245;17786202000;17531188888;18031188888;10240;10228
2246;17786227000;17531188888;18031188888;10240;10228
2247;17786238000;17572422222;18072422222;10240;10228
2249;17786243000;17572422222;18072422222;10240;10228
2252;17786256000;17572422222;18072422222;10240;10228
2253;17786260000;17572422222;18072422222;10240;10228
2254;17786264000;17572500000;18072500000;10240;10228
2244;17786375000;17531188888;18031188888;10240;10228
2245;17786603000;17531188888;18031188888;10240;10228
2246;17786621000;17531188888;18031188888;10240;10228
2247;17786833000;17572422222;18072422222;10240;10228
2248;17787004000;17572422222;18072422222;10240;10228
2249;17787029000;17572422222;18072422222;10240;10228
2250;17787206000;17572422222;18072422222;10240;10228
2251;17787241000;17572422222;18072422222;10240;10228
2254;17787420000;17572500000;18072500000;10240;10228
2224;17823309000;17447777777;17947777777;10240;10228
2255;17827820000;17572800000;18072800000;10240;10228
2256;17827831000;17572800000;18072800000;10240;10228
2257;17827836000;17572800000;18072800000;10240;10228
2258;17827840000;17614088888;18114088888;10240;10228
2260;17827845000;17614088888;18114088888;10240;10228
2261;17827863000;17614088888;18114088888;10240;10228
2262;17827876000;17614088888;18114088888;10240;10228
2263;17827881000;17614088888;18114088888;10240;10228
2264;17827902000;17614088888;18114088888;10240;10228
2255;17828009000;17572800000;18072800000;10240;10228
2256;17828213000;17572800000;18072800000;10240;10228
2257;17828410000;17572800000;18072800000;10240;10228
2258;17828421000;17614088888;18114088888;10240;10228
2260;17828620000;17614088888;18114088888;10240;10228
2261;17828630000;17614088888;18114088888;10240;10228
2262;17828826000;17614088888;18114088888;10240;10228
2264;17829032000;17614088888;18114088888;10240;10228
2265;17860233000;17614166666;18114166666;10240;10228
2230;17864836000;17489088888;17989088888;10240;10228
2236;17864848000;17530755555;18030755555;10240;10228
2267;17869502000;17614488888;18114488888;10240;10228
2269;17869521000;17655755555;18155755555;10240;10228
2270;17869527000;17655755555;18155755555;10240;10228
2271;17869533000;17655755555;18155755555;10240;10228
2272;17869549000;17655755555;18155755555;10240;10228
2273;17869553000;17655755555;18155755555;10240;10228
2274;17869565000;17655755555;18155755555;10240;10228
2275;17869569000;17655755555;18155755555;10240;10228
2276;17869577000;17655833333;18155833333;10240;10228
2267;17869748000;17614488888;18114488888;10240;10228
2268;17869948000;17614488888;18114488888;10240;10228
2269;17869968000;17655755555;18155755555;10240;10228
2270;17870139000;17655755555;18155755555;10240;10228
2271;17870334000;17655755555;18155755555;10240;10228
2272;17870345000;17655755555;18155755555;10240;10228
2273;17870518000;17655755555;18155755555;10240;10228
2274;17870529000;17655755555;18155755555;10240;10228
2275;17870760000;17655755555;18155755555;10240;10228
2276;17870780000;17655833333;18155833333;10240;10228
2241;17906462000;17530755555;18030755555;10240;10228
2244;17906508000;17531188888;18031188888;10240;10228
2248;17906517000;17572422222;18072422222;10240;10228
2250;17906534000;17572422222;18072422222;10240;10228
2251;17906557000;17572422222;18072422222;10240;10228
2277;17911132000;17656188888;18156188888;10240;10228
2278;17911144000;17656188888;18156188888;10240;10228
2280;17911157000;17697422222;18197422222;10240;10228
2281;17911162000;17697422222;18197422222;10240;10228
2282;17911166000;17697422222;18197422222;10240;10228
2283;17911178000;17697422222;18197422222;10240;10228
2284;17911184000;17697422222;18197422222;10240;10228
2285;17911193000;17697422222;18197422222;10240;10228
2286;17911200000;17697422222;18197422222;10240;10228
2287;17911294000;17697500000;18197500000;10240;10228
2277;17911332000;17656188888;18156188888;10240;10228
2278;17911512000;17656188888;18156188888;10240;10228
2279;17911753000;17656188888;18156188888;10240;10228
2280;17911762000;17697422222;18197422222;10240;10228
2281;17911948000;17697422222;18197422222;10240;10228
2282;17911967000;17697422222;18197422222;10240;10228
2283;17912152000;17697422222;18197422222;10240;10228
2284;17912170000;17697422222;18197422222;10240;10228
2286;17912348000;17697422222;18197422222;10240;10228
2287;17912358000;17697500000;18197500000;10240;10228
2259;17948203000;17614088888;18114088888;10240;10228
2252;17948679000;17572422222;18072422222;10240;10228
2253;17948852000;17572422222;18072422222;10240;10228
2288;17952834000;17697811111;18197811111;10240;10228
2289;17952844000;17697811111;18197811111;10240;10228
2290;17952849000;17697811111;18197811111;10240;10228
2291;17952853000;17739088888;18239088888;10240;10228
2292;17952857000;17739088888;18239088888;10240;10228
2293;17952865000;17739088888;18239088888;10240;10228
2294;17952875000;17739088888;18239088888;10240;10228
2295;17952879000;17739088888;18239088888;10240;10228
2296;17952889000;17739088888;18239088888;10240;10228
2288;17953022000;17697811111;18197811111;10240;10228
2290;17953225000;17697811111;18197811111;10240;10228
2291;17953245000;17739088888;18239088888;10240;10228
2292;17953455000;17739088888;18239088888;10240;10228
2293;17953647000;17739088888;18239088888;10240;10228
2294;17953656000;17739088888;18239088888;10240;10228
2295;17953842000;17739088888;18239088888;10240;10228
2296;17953860000;17739088888;18239088888;10240;10228
2297;17980473000;17739088888;18239088888;10240;10228
2298;17980489000;17739155555;18239155555;10240;10228
2297;17980679000;17739088888;18239088888;10240;10228
2298;17980880000;17739155555;18239155555;10240;10228
2265;17989821000;17614166666;18114166666;10240;10228
2266;17989831000;17614488888;18114488888;10240;10228
2268;17989835000;17614488888;18114488888;10240;10228
2259;17990180000;17614088888;18114088888;10240;10228
2263;17990410000;17614088888;18114088888;10240;10228
2266;17990594000;17614488888;18114488888;10240;10228
2299;17994479000;17739455555;18239455555;10240;10228
2300;17994508000;17739455555;18239455555;10240;10228
2301;17994514000;17739455555;18239455555;10240;10228
2302;17994527000;17780755555;18280755555;10240;10228
2303;17994531000;17780755555;18280755555;10240;10228
2304;17994536000;17780755555;18280755555;10240;10228
2305;17994545000;17780755555;18280755555;10240;10228
2307;17994555000;17780755555;18280755555;10240;10228
2308;17994560000;17780755555;18280755555;10240;10228
2299;17994690000;17739455555;18239455555;10240;10228
2300;17994903000;17739455555;18239455555;10240;10228
2301;17994912000;17739455555;18239455555;10240;10228
2302;17995141000;17780755555;18280755555;10240;10228
2306;17995322000;17780755555;18280755555;10240;10228
2307;17995333000;17780755555;18280755555;10240;10228
2308;17995471000;17780755555;18280755555;10240;10228
2309;18026705000;17780833333;18280833333;10240;10228
2309;18026854000;17780833333;18280833333;10240;10228
2279;18031419000;17656188888;18156188888;10240;10228
2310;18036116000;17781166666;18281166666;10240;10228
2311;18036126000;17781166666;18281166666;10240;10228
2312;18036130000;17781166666;18281166666;10240;10228
2313;18036134000;17822422222;18322422222;10240;10228
2314;18036228000;17822422222;18322422222;10240;10228
2315;18036237000;17822422222;18322422222;10240;10228
2316;18036243000;17822422222;18322422222;10240;10228
2318;18036247000;17822422222;18322422222;10240;10228
2319;18036252000;17822422222;18322422222;10240;10228
2320;18036265000;17822500000;18322500000;10240;10228
2310;18036344000;17781166666;18281166666;10240;10228
2311;18036574000;17781166666;18281166666;10240;10228
2312;18036594000;17781166666;18281166666;10240;10228
2313;18036747000;17822422222;18322422222;10240;10228
2314;18036958000;17822422222;18322422222;10240;10228
2315;18036968000;17822422222;18322422222;10240;10228
2316;18037178000;17822422222;18322422222;10240;10228
2317;18037199000;17822422222;18322422222;10240;10228
2318;18037354000;17822422222;18322422222;10240;10228
2319;18037547000;17822422222;18322422222;10240;10228
2320;18037565000;17822500000;18322500000;10240;10228
2285;18073514000;17697422222;18197422222;10240;10228
2289;18073864000;17697811111;18197811111;10240;10228
2321;18077816000;17822800000;18322800000;10240;10228
2322;18077826000;17822800000;18322800000;10240;10228
2323;18077831000;17822800000;18322800000;10240;10228
2325;18077835000;17864100000;18364100000;10240;10228
2326;18077842000;17864100000;18364100000;10240;10228
2327;18077854000;17864100000;18364100000;10240;10228
2328;18077859000;17864100000;18364100000;10240;10228
2331;18077918000;17864188888;18364188888;10240;10228
2321;18078024000;17822800000;18322800000;10240;10228
2322;18078224000;17822800000;18322800000;10240;10228
2323;18078456000;17822800000;18322800000;10240;10228
2324;18078468000;17864100000;18364100000;10240;10228
2325;18078693000;17864100000;18364100000;10240;10228
2326;18078705000;17864100000;18364100000;10240;10228
2327;18078907000;17864100000;18364100000;10240;10228
2328;18078918000;17864100000;18364100000;10240;10228
2329;18079094000;17864100000;18364100000;10240;10228
2330;18079285000;17864100000;18364100000;10240;10228
2331;18100861000;17864188888;18364188888;10240;10228
2303;18115986000;17780755555;18280755555;10240;10228
2305;18116218000;17780755555;18280755555;10240;10228
2332;18119517000;17864533333;18364533333;10240;10228
2333;18119539000;17864533333;18364533333;10240;10228
2334;18119544000;17864533333;18364533333;10240;10228
2337;18119548000;17905755555;18405755555;10240;10228
2338;18119565000;17905755555;18405755555;10240;10228
2340;18119576000;17905755555;18405755555;10240;10228
2341;18119581000;17905755555;18405755555;10240;10228
2342;18119586000;17905833333;18405833333;10240;10228
2332;18119691000;17864533333;18364533333;10240;10228
2333;18119904000;17864533333;18364533333;10240;10228
2334;18119916000;17864533333;18364533333;10240;10228
2335;18120112000;17905755555;18405755555;10240;10228
2336;18120305000;17905755555;18405755555;10240;10228
2337;18120329000;17905755555;18405755555;10240;10228
2338;18120497000;17905755555;18405755555;10240;10228
2339;18120516000;17905755555;18405755555;10240;10228
2340;18120725000;17905755555;18405755555;10240;10228
2341;18120922000;17905755555;18405755555;10240;10228
2342;18120942000;17905833333;18405833333;10240;10228
2306;18146984000;17780755555;18280755555;10240;10228
2343;18161158000;17906177777;18406177777;10240;10228
2344;18161174000;17906177777;18406177777;10240;10228
2345;18161182000;17906177777;18406177777;10240;10228
2346;18161187000;17947422222;18447422222;10240;10228
2347;18161195000;17947422222;18447422222;10240;10228
2348;18161201000;17947422222;18447422222;10240;10228
2349;18161205000;17947422222;18447422222;10240;10228
2351;18161217000;17947422222;18447422222;10240;10228
2352;18161225000;17947422222;18447422222;10240;10228
2343;18161332000;17906177777;18406177777;10240;10228
2345;18161550000;17906177777;18406177777;10240;10228
2346;18161777000;17947422222;18447422222;10240;10228
2347;18161786000;17947422222;18447422222;10240;10228
2348;18161999000;17947422222;18447422222;10240;10228
2349;18162019000;17947422222;18447422222;10240;10228
2350;18162176000;17947422222;18447422222;10240;10228
2351;18162212000;17947422222;18447422222;10240;10228
2353;18162405000;17947500000;18447500000;10240;10228
2317;18198090000;17822422222;18322422222;10240;10228
2324;18198099000;17864100000;18364100000;10240;10228
2354;18202836000;17947800000;18447800000;10240;10228
2355;18202846000;17947800000;18447800000;10240;10228
2356;18202851000;17947800000;18447800000;10240;10228
2357;18202865000;17989088888;18489088888;10240;10228
2358;18202871000;17989088888;18489088888;10240;10228
2359;18202875000;17989088888;18489088888;10240;10228
2360;18202886000;17989088888;18489088888;10240;10228
2361;18202904000;17989088888;18489088888;10240;10228
2362;18202909000;17989088888;18489088888;10240;10228
2363;18202917000;17989088888;18489088888;10240;10228
2364;18202922000;17989166666;18489166666;10240;10228
2354;18203031000;17947800000;18447800000;10240;10228
2355;18203253000;17947800000;18447800000;10240;10228
2356;18203273000;17947800000;18447800000;10240;10228
2357;18203432000;17989088888;18489088888;10240;10228
2359;18203649000;17989088888;18489088888;10240;10228
2360;18203658000;17989088888;18489088888;10240;10228
2361;18203868000;17989088888;18489088888;10240;10228
2362;18203888000;17989088888;18489088888;10240;10228
2363;18204046000;17989088888;18489088888;10240;10228
2364;18204066000;17989166666;18489166666;10240;10228
2329;18239765000;17864100000;18364100000;10240;10228
2330;18239777000;17864100000;18364100000;10240;10228
2335;18239782000;17905755555;18405755555;10240;10228
2336;18239787000;17905755555;18405755555;10240;10228
2339;18239948000;17905755555;18405755555;10240;10228
2304;18240350000;17780755555;18280755555;10240;10228
2365;18244553000;17989500000;18489500000;10240;10228
2366;18244565000;17989500000;18489500000;10240;10228
2367;18244569000;17989500000;18489500000;10240;10228
2368;18244574000;18030755555;18530755555;10240;10228
2369;18244578000;18030755555;18530755555;10240;10228
2370;18244581000;18030755555;18530755555;10240;10228
2371;18244594000;18030755555;18530755555;10240;10228
2372;18244600000;18030755555;18530755555;10240;10228
2373;18244612000;18030755555;18530755555;10240;10228
2374;18244616000;18030755555;18530755555;10240;10228
2375;18244631000;18030833333;18530833333;10240;10228
2365;18244703000;17989500000;18489500000;10240;10228
2366;18244908000;17989500000;18489500000;10240;10228
2367;18244917000;17989500000;18489500000;10240;10228
2368;18245110000;18030755555;18530755555;10240;10228
2369;18245297000;18030755555;18530755555;10240;10228
2370;18245308000;18030755555;18530755555;10240;10228
2371;18245472000;18030755555;18530755555;10240;10228
2373;18245721000;18030755555;18530755555;10240;10228
2374;18245732000;18030755555;18530755555;10240;10228
2375;18245735000;18030833333;18530833333;10240;10228
2344;18282430000;17906177777;18406177777;10240;10228
2376;18286149000;18031177777;18531177777;10240;10228
2377;18286160000;18031177777;18531177777;10240;10228
2378;18286164000;18031177777;18531177777;10240;10228
2379;18286168000;18072411111;18572411111;10240;10228
2380;18286176000;18072411111;18572411111;10240;10228
2383;18286185000;18072411111;18572411111;10240;10228
2384;18286203000;18072411111;18572411111;10240;10228
2385;18286209000;18072411111;18572411111;10240;10228
2386;18286213000;18072500000;18572500000;10240;10228
2376;18286339000;18031177777;18531177777;10240;10228
2377;18286580000;18031177777;18531177777;10240;10228
2378;18286600000;18031177777;18531177777;10240;10228
2379;18286819000;18072411111;18572411111;10240;10228
2380;18287025000;18072411111;18572411111;10240;10228
2381;18287046000;18072411111;18572411111;10240;10228
2383;18287191000;18072411111;18572411111;10240;10228
2384;18287212000;18072411111;18572411111;10240;10228
2385;18287396000;18072411111;18572411111;10240;10228
2386;18287407000;18072500000;18572500000;10240;10228
2350;18323204000;17947422222;18447422222;10240;10228
2353;18323216000;17947500000;18447500000;10240;10228
2352;18323666000;17947422222;18447422222;10240;10228
2358;18324367000;17989088888;18489088888;10240;10228
2387;18327835000;18072800000;18572800000;10240;10228
2388;18327846000;18072800000;18572800000;10240;10228
2389;18327851000;18072800000;18572800000;10240;10228
2390;18327854000;18114088888;18614088888;10240;10228
2391;18327860000;18114088888;18614088888;10240;10228
2392;18327868000;18114088888;18614088888;10240;10228
2393;18327879000;18114088888;18614088888;10240;10228
2394;18327883000;18114088888;18614088888;10240;10228
2395;18327888000;18114088888;18614088888;10240;10228
2396;18327901000;18114088888;18614088888;10240;10228
2397;18327904000;18114166666;18614166666;10240;10228
2387;18328047000;18072800000;18572800000;10240;10228
2388;18328250000;18072800000;18572800000;10240;10228
2389;18328271000;18072800000;18572800000;10240;10228
2390;18328467000;18114088888;18614088888;10240;10228
2392;18328676000;18114088888;18614088888;10240;10228
2393;18328695000;18114088888;18614088888;10240;10228
2394;18328871000;18114088888;18614088888;10240;10228
2395;18328890000;18114088888;18614088888;10240;10228
2396;18329079000;18114088888;18614088888;10240;10228
2397;18329097000;18114166666;18614166666;10240;10228
2372;18366190000;18030755555;18530755555;10240;10228
2398;18369516000;18114488888;18614488888;10240;10228
2399;18369546000;18114488888;18614488888;10240;10228
2401;18369555000;18155755555;18655755555;10240;10228
2402;18369561000;18155755555;18655755555;10240;10228
2403;18369566000;18155755555;18655755555;10240;10228
2405;18369570000;18155755555;18655755555;10240;10228
2406;18369576000;18155755555;18655755555;10240;10228
2407;18369580000;18155755555;18655755555;10240;10228
2398;18369694000;18114488888;18614488888;10240;10228
2399;18369903000;18114488888;18614488888;10240;10228
2400;18369914000;18114488888;18614488888;10240;10228
2401;18370140000;18155755555;18655755555;10240;10228
2402;18370325000;18155755555;18655755555;10240;10228
2403;18370334000;18155755555;18655755555;10240;10228
2405;18370472000;18155755555;18655755555;10240;10228
2406;18370721000;18155755555;18655755555;10240;10228
2381;18406479000;18072411111;18572411111;10240;10228
2382;18406505000;18072411111;18572411111;10240;10228
2382;18407837000;18072411111;18572411111;10240;10228
2409;18411156000;18156155555;18656155555;10240;10228
2410;18411182000;18156155555;18656155555;10240;10228
2411;18411204000;18156155555;18656155555;10240;10228
2412;18411208000;18197422222;18697422222;10240;10228
2414;18411214000;18197422222;18697422222;10240;10228
2415;18411227000;18197422222;18697422222;10240;10228
2418;18411245000;18197422222;18697422222;10240;10228
2419;18411249000;18197500000;18697500000;10240;10228
2409;18411357000;18156155555;18656155555;10240;10228
2410;18411592000;18156155555;18656155555;10240;10228
2411;18411778000;18156155555;18656155555;10240;10228
2412;18411789000;18197422222;18697422222;10240;10228
2413;18412003000;18197422222;18697422222;10240;10228
2414;18412025000;18197422222;18697422222;10240;10228
2416;18412206000;18197422222;18697422222;10240;10228
2417;18412226000;18197422222;18697422222;10240;10228
2418;18412383000;18197422222;18697422222;10240;10228
2419;18412394000;18197500000;18697500000;10240;10228
2391;18449298000;18114088888;18614088888;10240;10228
2420;18452789000;18197788888;18697788888;10240;10228
2421;18452798000;18197788888;18697788888;10240;10228
2422;18452803000;18197788888;18697788888;10240;10228
2423;18452806000;18239088888;18739088888;10240;10228
2424;18452903000;18239088888;18739088888;10240;10228
2425;18452916000;18239088888;18739088888;10240;10228
2426;18452923000;18239088888;18739088888;10240;10228
2427;18452943000;18239088888;18739088888;10240;10228
2428;18452947000;18239088888;18739088888;10240;10228
2429;18452953000;18239088888;18739088888;10240;10228
2430;18452956000;18239166666;18739166666;10240;10228
2420;18452971000;18197788888;18697788888;10240;10228
2421;18453206000;18197788888;18697788888;10240;10228
2422;18453229000;18197788888;18697788888;10240;10228
2423;18453407000;18239088888;18739088888;10240;10228
2424;18453623000;18239088888;18739088888;10240;10228
2425;18453633000;18239088888;18739088888;10240;10228
2426;18453824000;18239088888;18739088888;10240;10228
2427;18453835000;18239088888;18739088888;10240;10228
2428;18454063000;18239088888;18739088888;10240;10228
2429;18454226000;18239088888;18739088888;10240;10228
2430;18454244000;18239166666;18739166666;10240;10228
2400;18490171000;18114488888;18614488888;10240;10228
2431;18494472000;18239477777;18739477777;10240;10228
2432;18494490000;18239477777;18739477777;10240;10228
2433;18494494000;18239477777;18739477777;10240;10228
2434;18494508000;18280755555;18780755555;10240;10228
2435;18494512000;18280755555;18780755555;10240;10228
2436;18494517000;18280755555;18780755555;10240;10228
2437;18494525000;18280755555;18780755555;10240;10228
2438;18494532000;18280755555;18780755555;10240;10228
2439;18494541000;18280755555;18780755555;10240;10228
2440;18494546000;18280755555;18780755555;10240;10228
2441;18494565000;18280833333;18780833333;10240;10228
2431;18494683000;18239477777;18739477777;10240;10228
2433;18494896000;18239477777;18739477777;10240;10228
2434;18494905000;18280755555;18780755555;10240;10228
2435;18495102000;18280755555;18780755555;10240;10228
2436;18495299000;18280755555;18780755555;10240;10228
2437;18495311000;18280755555;18780755555;10240;10228
2438;18495464000;18280755555;18780755555;10240;10228
2439;18495713000;18280755555;18780755555;10240;10228
2440;18495723000;18280755555;18780755555;10240;10228
2441;18495727000;18280833333;18780833333;10240;10228
2404;18531361000;18155755555;18655755555;10240;10228
2408;18531386000;18155833333;18655833333;10240;10228
2413;18531403000;18197422222;18697422222;10240;10228
2404;18531791000;18155755555;18655755555;10240;10228
2407;18532199000;18155755555;18655755555;10240;10228
2408;18532398000;18155833333;18655833333;10240;10228
2415;18532802000;18197422222;18697422222;10240;10228
2442;18536136000;18281188888;18781188888;10240;10228
2443;18536148000;18281188888;18781188888;10240;10228
2444;18536154000;18281188888;18781188888;10240;10228
2445;18536160000;18322422222;18822422222;10240;10228
2446;18536164000;18322422222;18822422222;10240;10228
2447;18536184000;18322422222;18822422222;10240;10228
2448;18536196000;18322422222;18822422222;10240;10228
2449;18536201000;18322422222;18822422222;10240;10228
2450;18536207000;18322422222;18822422222;10240;10228
2451;18536211000;18322422222;18822422222;10240;10228
2452;18536325000;18322500000;18822500000;10240;10228
2442;18536335000;18281188888;18781188888;10240;10228
2444;18536519000;18281188888;18781188888;10240;10228
2446;18536748000;18322422222;18822422222;10240;10228
2447;18536759000;18322422222;18822422222;10240;10228
2448;18536953000;18322422222;18822422222;10240;10228
2449;18536963000;18322422222;18822422222;10240;10228
2450;18537150000;18322422222;18822422222;10240;10228
2451;18537170000;18322422222;18822422222;10240;10228
2452;18537353000;18322500000;18822500000;10240;10228
2416;18573230000;18197422222;18697422222;10240;10228
2417;18573241000;18197422222;18697422222;10240;10228
2453;18577831000;18322811111;18822811111;10240;10228
2454;18577843000;18322811111;18822811111;10240;10228
2455;18577847000;18322811111;18822811111;10240;10228
2456;18577851000;18364077777;18864077777;10240;10228
2457;18577855000;18364077777;18864077777;10240;10228
2458;18577864000;18364077777;18864077777;10240;10228
2459;18577872000;18364077777;18864077777;10240;10228
2460;18577879000;18364077777;18864077777;10240;10228
2461;18577888000;18364077777;18864077777;10240;10228
2462;18577893000;18364077777;18864077777;10240;10228
2463;18577899000;18364166666;18864166666;10240;10228
2453;18577992000;18322811111;18822811111;10240;10228
2454;18578239000;18322811111;18822811111;10240;10228
2455;18578248000;18322811111;18822811111;10240;10228
2456;18578400000;18364077777;18864077777;10240;10228
2457;18578601000;18364077777;18864077777;10240;10228
2458;18578612000;18364077777;18864077777;10240;10228
2459;18578815000;18364077777;18864077777;10240;10228
2461;18578826000;18364077777;18864077777;10240;10228
2462;18579040000;18364077777;18864077777;10240;10228
2463;18579059000;18364166666;18864166666;10240;10228
2432;18615538000;18239477777;18739477777;10240;10228
2464;18619463000;18364488888;18864488888;10240;10228
2465;18619497000;18364488888;18864488888;10240;10228
2466;18619503000;18364488888;18864488888;10240;10228
2467;18619510000;18405744444;18905744444;10240;10228
2468;18619514000;18405744444;18905744444;10240;10228
2469;18619545000;18405744444;18905744444;10240;10228
2470;18619549000;18405744444;18905744444;10240;10228
2471;18619554000;18405744444;18905744444;10240;10228
2472;18619569000;18405744444;18905744444;10240;10228
2473;18619577000;18405744444;18905744444;10240;10228
2474;18619581000;18405833333;18905833333;10240;10228
2464;18619684000;18364488888;18864488888;10240;10228
2465;18619897000;18364488888;18864488888;10240;10228
2466;18619906000;18364488888;18864488888;10240;10228
2467;18620135000;18405744444;18905744444;10240;10228
2468;18620290000;18405744444;18905744444;10240;10228
2470;18620301000;18405744444;18905744444;10240;10228
2471;18620466000;18405744444;18905744444;10240;10228
2472;18620723000;18405744444;18905744444;10240;10228
2473;18620732000;18405744444;18905744444;10240;10228
2474;18620738000;18405833333;18905833333;10240;10228
2443;18657209000;18281188888;18781188888;10240;10228
2445;18657403000;18322422222;18822422222;10240;10228
2476;18661146000;18406177777;18906177777;10240;10228
2477;18661170000;18406177777;18906177777;10240;10228
2478;18661176000;18447422222;18947422222;10240;10228
2479;18661183000;18447422222;18947422222;10240;10228
2480;18661189000;18447422222;18947422222;10240;10228
2481;18661202000;18447422222;18947422222;10240;10228
2482;18661223000;18447422222;18947422222;10240;10228
2483;18661230000;18447422222;18947422222;10240;10228
2484;18661238000;18447422222;18947422222;10240;10228
2485;18661241000;18447500000;18947500000;10240;10228
2475;18661368000;18406177777;18906177777;10240;10228
2476;18661550000;18406177777;18906177777;10240;10228
2477;18661780000;18406177777;18906177777;10240;10228
2478;18661791000;18447422222;18947422222;10240;10228
2481;18661987000;18447422222;18947422222;10240;10228
2483;18661998000;18447422222;18947422222;10240;10228
2484;18662209000;18447422222;18947422222;10240;10228
2485;18662230000;18447500000;18947500000;10240;10228
2486;18702809000;18447777777;18947777777;10240;10228
2487;18702820000;18447777777;18947777777;10240;10228
2488;18702824000;18447777777;18947777777;10240;10228
2489;18702828000;18489088888;18989088888;10240;10228
2490;18702832000;18489088888;18989088888;10240;10228
2491;18702842000;18489088888;18989088888;10240;10228
2492;18702849000;18489088888;18989088888;10240;10228
2493;18702910000;18489088888;18989088888;10240;10228
2494;18702921000;18489088888;18989088888;10240;10228
2495;18702925000;18489088888;18989088888;10240;10228
2496;18702929000;18489166666;18989166666;10240;10228
2486;18703028000;18447777777;18947777777;10240;10228
2487;18703228000;18447777777;18947777777;10240;10228
2489;18703419000;18489088888;18989088888;10240;10228
2490;18703431000;18489088888;18989088888;10240;10228
2491;18703632000;18489088888;18989088888;10240;10228
2492;18703643000;18489088888;18989088888;10240;10228
2493;18703837000;18489088888;18989088888;10240;10228
2494;18703848000;18489088888;18989088888;10240;10228
2495;18704034000;18489088888;18989088888;10240;10228
2496;18704055000;18489166666;18989166666;10240;10228
2460;18735998000;18364077777;18864077777;10240;10228
2469;18741153000;18405744444;18905744444;10240;10228
2497;18744554000;18489477777;18989477777;10240;10228
2498;18744563000;18489477777;18989477777;10240;10228
2499;18744568000;18489477777;18989477777;10240;10228
2501;18744572000;18530755555;19030755555;10240;10228
2502;18744590000;18530755555;19030755555;10240;10228
2503;18744594000;18530755555;19030755555;10240;10228
2504;18744608000;18530755555;19030755555;10240;10228
2505;18744613000;18530755555;19030755555;10240;10228
2506;18744627000;18530755555;19030755555;10240;10228
2497;18744708000;18489477777;18989477777;10240;10228
2507;18744817000;18530833333;19030833333;10240;10228
2498;18744927000;18489477777;18989477777;10240;10228
2499;18744949000;18489477777;18989477777;10240;10228
2501;18745111000;18530755555;19030755555;10240;10228
2502;18745298000;18530755555;19030755555;10240;10228
2503;18745318000;18530755555;19030755555;10240;10228
2504;18745530000;18530755555;19030755555;10240;10228
2506;18745559000;18530755555;19030755555;10240;10228
2507;18745720000;18530833333;19030833333;10240;10228
2475;18781609000;18406177777;18906177777;10240;10228
2479;18782608000;18447422222;18947422222;10240;10228
2480;18782877000;18447422222;18947422222;10240;10228
2508;18786168000;18531166666;19031166666;10240;10228
2509;18786179000;18531166666;19031166666;10240;10228
2510;18786183000;18531166666;19031166666;10240;10228
2511;18786187000;18572422222;19072422222;10240;10228
2512;18786192000;18572422222;19072422222;10240;10228
2513;18786205000;18572422222;19072422222;10240;10228
2514;18786211000;18572422222;19072422222;10240;10228
2515;18786218000;18572422222;19072422222;10240;10228
2516;18786228000;18572422222;19072422222;10240;10228
2517;18786232000;18572422222;19072422222;10240;10228
2518;18786237000;18572500000;19072500000;10240;10228
2508;18786386000;18531166666;19031166666;10240;10228
2509;18786627000;18531166666;19031166666;10240;10228
2510;18786646000;18531166666;19031166666;10240;10228
2511;18786830000;18572422222;19072422222;10240;10228
2512;18786989000;18572422222;19072422222;10240;10228
2513;18787009000;18572422222;19072422222;10240;10228
2514;18787197000;18572422222;19072422222;10240;10228
2515;18787407000;18572422222;19072422222;10240;10228
2516;18787418000;18572422222;19072422222;10240;10228
2517;18787584000;18572422222;19072422222;10240;10228
2518;18787604000;18572500000;19072500000;10240;10228
2482;18823494000;18447422222;18947422222;10240;10228
2488;18824099000;18447777777;18947777777;10240;10228
2519;18827828000;18572800000;19072800000;10240;10228
2520;18827852000;18572800000;19072800000;10240;10228
2521;18827861000;18572800000;19072800000;10240;10228
2522;18827866000;18614077777;19114077777;10240;10228
2523;18827879000;18614077777;19114077777;10240;10228
2524;18827885000;18614077777;19114077777;10240;10228
2525;18827901000;18614077777;19114077777;10240;10228
2526;18827912000;18614077777;19114077777;10240;10228
2527;18827921000;18614077777;19114077777;10240;10228
2528;18827925000;18614077777;19114077777;10240;10228
2529;18827932000;18614166666;19114166666;10240;10228
2519;18828092000;18572800000;19072800000;10240;10228
2520;18828252000;18572800000;19072800000;10240;10228
2521;18828270000;18572800000;19072800000;10240;10228
2522;18828460000;18614077777;19114077777;10240;10228
2523;18828640000;18614077777;19114077777;10240;10228
2524;18828650000;18614077777;19114077777;10240;10228
2525;18828851000;18614077777;19114077777;10240;10228
2526;18828860000;18614077777;19114077777;10240;10228
2527;18829053000;18614077777;19114077777;10240;10228
2528;18829238000;18614077777;19114077777;10240;10228
2529;18829250000;18614166666;19114166666;10240;10228
2500;18864944000;18530755555;19030755555;10240;10228
2500;18865981000;18530755555;19030755555;10240;10228
2530;18869586000;18614488888;19114488888;10240;10228
2531;18869602000;18614488888;19114488888;10240;10228
2535;18869607000;18655755555;19155755555;10240;10228
2536;18869611000;18655755555;19155755555;10240;10228
2537;18869615000;18655755555;19155755555;10240;10228
2538;18869619000;18655755555;19155755555;10240;10228
2539;18869632000;18655755555;19155755555;10240;10228
2530;18869725000;18614488888;19114488888;10240;10228
2531;18869908000;18614488888;19114488888;10240;10228
2532;18869926000;18614488888;19114488888;10240;10228
2533;18870145000;18655755555;19155755555;10240;10228
2534;18870300000;18655755555;19155755555;10240;10228
2535;18870311000;18655755555;19155755555;10240;10228
2536;18870475000;18655755555;19155755555;10240;10228
2537;18870726000;18655755555;19155755555;10240;10228
2538;18870734000;18655755555;19155755555;10240;10228
2539;18870949000;18655755555;19155755555;10240;10228
2540;18870968000;18655833333;19155833333;10240;10228
2541;18911311000;18656188888;19156188888;10240;10228
2542;18911323000;18656188888;19156188888;10240;10228
2543;18911327000;18656188888;19156188888;10240;10228
2544;18911332000;18697422222;19197422222;10240;10228
2545;18911336000;18697422222;19197422222;10240;10228
2546;18911341000;18697422222;19197422222;10240;10228
2547;18911345000;18697422222;19197422222;10240;10228
2548;18911357000;18697422222;19197422222;10240;10228
2549;18911362000;18697422222;19197422222;10240;10228
2550;18911375000;18697422222;19197422222;10240;10228
2551;18911379000;18697500000;19197500000;10240;10228
2542;18911507000;18656188888;19156188888;10240;10228
2543;18911753000;18656188888;19156188888;10240;10228
2544;18911763000;18697422222;19197422222;10240;10228
2545;18911988000;18697422222;19197422222;10240;10228
2546;18912007000;18697422222;19197422222;10240;10228
2547;18912157000;18697422222;19197422222;10240;10228
2549;18912175000;18697422222;19197422222;10240;10228
2550;18912355000;18697422222;19197422222;10240;10228
2551;18912364000;18697500000;19197500000;10240;10228
2552;18953028000;18697811111;19197811111;10240;10228
2553;18953042000;18697811111;19197811111;10240;10228
2554;18953047000;18697811111;19197811111;10240;10228
2555;18953051000;18739077777;19239077777;10240;10228
2556;18953055000;18739077777;19239077777;10240;10228
2557;18953060000;18739077777;19239077777;10240;10228
2558;18953063000;18739077777;19239077777;10240;10228
2559;18953068000;18739077777;19239077777;10240;10228
2552;18953072000;18697811111;19197811111;10240;10228
2560;18953078000;18739077777;19239077777;10240;10228
2561;18953082000;18739077777;19239077777;10240;10228
2562;18953093000;18739166666;19239166666;10240;10228
2553;18953200000;18697811111;19197811111;10240;10228
2554;18953211000;18697811111;19197811111;10240;10228
2556;18953426000;18739077777;19239077777;10240;10228
2557;18953617000;18739077777;19239077777;10240;10228
2558;18953627000;18739077777;19239077777;10240;10228
2559;18953811000;18739077777;19239077777;10240;10228
2560;18953831000;18739077777;19239077777;10240;10228
2561;18954015000;18739077777;19239077777;10240;10228
2562;18954035000;18739166666;19239166666;10240;10228
2563;18994647000;18739477777;19239477777;10240;10228
2564;18994658000;18739477777;19239477777;10240;10228
2565;18994663000;18739477777;19239477777;10240;10228
2566;18994667000;18780744444;19280744444;10240;10228
2567;18994674000;18780744444;19280744444;10240;10228
2568;18994679000;18780744444;19280744444;10240;10228
2569;18994683000;18780744444;19280744444;10240;10228
2570;18994688000;18780744444;19280744444;10240;10228
2571;18994696000;18780744444;19280744444;10240;10228
2572;18994704000;18780744444;19280744444;10240;10228
2563;18994714000;18739477777;19239477777;10240;10228
2573;18994720000;18780833333;19280833333;10240;10228
2564;18994874000;18739477777;19239477777;10240;10228
2565;18994884000;18739477777;19239477777;10240;10228
2566;18995112000;18780744444;19280744444;10240;10228
2567;18995266000;18780744444;19280744444;10240;10228
2568;18995288000;18780744444;19280744444;10240;10228
2569;18995477000;18780744444;19280744444;10240;10228
2570;18995508000;18780744444;19280744444;10240;10228
2571;18995690000;18780744444;19280744444;10240;10228
2572;18995929000;18780744444;19280744444;10240;10228
2505;19032207000;18530755555;19030755555;10240;10228
2574;19036378000;18781166666;19281166666;10240;10228
2575;19036388000;18781166666;19281166666;10240;10228
2576;19036392000;18781166666;19281166666;10240;10228
2577;19036396000;18822411111;19322411111;10240;10228
2578;19036400000;18822411111;19322411111;10240;10228
2579;19036405000;18822411111;19322411111;10240;10228
2580;19036409000;18822411111;19322411111;10240;10228
2574;19036414000;18781166666;19281166666;10240;10228
2581;19036418000;18822411111;19322411111;10240;10228
2582;19036428000;18822411111;19322411111;10240;10228
2583;19036433000;18822411111;19322411111;10240;10228
2584;19036441000;18822500000;19322500000;10240;10228
2575;19036548000;18781166666;19281166666;10240;10228
2576;19036749000;18781166666;19281166666;10240;10228
2577;19036760000;18822411111;19322411111;10240;10228
2578;19036954000;18822411111;19322411111;10240;10228
2580;19036966000;18822411111;19322411111;10240;10228
2581;19037155000;18822411111;19322411111;10240;10228
2583;19037176000;18822411111;19322411111;10240;10228
2532;19073544000;18614488888;19114488888;10240;10228
2533;19073558000;18655755555;19155755555;10240;10228
2534;19073563000;18655755555;19155755555;10240;10228
2540;19073567000;18655833333;19155833333;10240;10228
2541;19073571000;18656188888;19156188888;10240;10228
2555;19074130000;18739077777;19239077777;10240;10228
2585;19078050000;18822800000;19322800000;10240;10228
2585;19078063000;18822800000;19322800000;10240;10228
2586;19078069000;18822800000;19322800000;10240;10228
2587;19078073000;18822800000;19322800000;10240;10228
2588;19078080000;18864077777;19364077777;10240;10228
2589;19078084000;18864077777;19364077777;10240;10228
2590;19078094000;18864077777;19364077777;10240;10228
2591;19078101000;18864077777;19364077777;10240;10228
2592;19078112000;18864077777;19364077777;10240;10228
2593;19078116000;18864077777;19364077777;10240;10228
2594;19078121000;18864077777;19364077777;10240;10228
2595;19078129000;18864166666;19364166666;10240;10228
2586;19078226000;18822800000;19322800000;10240;10228
2587;19078430000;18822800000;19322800000;10240;10228
2588;19078441000;18864077777;19364077777;10240;10228
2589;19078647000;18864077777;19364077777;10240;10228
2590;19078656000;18864077777;19364077777;10240;10228
2591;19078840000;18864077777;19364077777;10240;10228
2592;19078858000;18864077777;19364077777;10240;10228
2593;19079052000;18864077777;19364077777;10240;10228
2594;19079240000;18864077777;19364077777;10240;10228
2595;19079251000;18864166666;19364166666;10240;10228
2596;19119723000;18864488888;19364488888;10240;10228
2597;19119735000;18864488888;19364488888;10240;10228
2598;19119739000;18864488888;19364488888;10240;10228
2599;19119743000;18905755555;19405755555;10240;10228
2601;19119751000;18905755555;19405755555;10240;10228
2603;19119769000;18905755555;19405755555;10240;10228
2596;19119778000;18864488888;19364488888;10240;10228
2604;19119783000;18905755555;19405755555;10240;10228
2606;19119787000;18905833333;19405833333;10240;10228
2597;19119911000;18864488888;19364488888;10240;10228
2598;19119932000;18864488888;19364488888;10240;10228
2599;19120112000;18905755555;19405755555;10240;10228
2600;19120303000;18905755555;19405755555;10240;10228
2601;19120312000;18905755555;19405755555;10240;10228
2602;19120479000;18905755555;19405755555;10240;10228
2603;19120726000;18905755555;19405755555;10240;10228
2604;19120736000;18905755555;19405755555;10240;10228
2605;19120950000;18905755555;19405755555;10240;10228
2606;19120984000;18905833333;19405833333;10240;10228
2548;19157279000;18697422222;19197422222;10240;10228
2573;19157495000;18780833333;19280833333;10240;10228
2579;19157703000;18822411111;19322411111;10240;10228
2608;19161351000;18906177777;19406177777;10240;10228
2609;19161379000;18906177777;19406177777;10240;10228
2610;19161384000;18947422222;19447422222;10240;10228
2611;19161388000;18947422222;19447422222;10240;10228
2612;19161407000;18947422222;19447422222;10240;10228
2614;19161412000;18947422222;19447422222;10240;10228
2615;19161416000;18947422222;19447422222;10240;10228
2616;19161420000;18947422222;19447422222;10240;10228
2617;19161424000;18947500000;19447500000;10240;10228
2607;19161431000;18906177777;19406177777;10240;10228
2608;19161564000;18906177777;19406177777;10240;10228
2609;19161765000;18906177777;19406177777;10240;10228
2610;19161777000;18947422222;19447422222;10240;10228
2611;19161969000;18947422222;19447422222;10240;10228
2612;19161989000;18947422222;19447422222;10240;10228
2613;19162229000;18947422222;19447422222;10240;10228
2614;19162254000;18947422222;19447422222;10240;10228
2615;19162404000;18947422222;19447422222;10240;10228
2616;19162648000;18947422222;19447422222;10240;10228
2617;19162668000;18947500000;19447500000;10240;10228
2584;19198855000;18822500000;19322500000;10240;10228
2618;19203047000;18947788888;19447788888;10240;10228
2618;19203058000;18947788888;19447788888;10240;10228
2619;19203063000;18947788888;19447788888;10240;10228
2620;19203067000;18947788888;19447788888;10240;10228
2621;19203071000;18989088888;19489088888;10240;10228
2622;19203075000;18989088888;19489088888;10240;10228
2623;19203080000;18989088888;19489088888;10240;10228
2624;19203083000;18989088888;19489088888;10240;10228
2625;19203089000;18989088888;19489088888;10240;10228
2628;19203093000;18989166666;19489166666;10240;10228
2619;19203251000;18947788888;19447788888;10240;10228
2621;19203272000;18989088888;19489088888;10240;10228
2622;19203462000;18989088888;19489088888;10240;10228
2625;19203681000;18989088888;19489088888;10240;10228
2626;19203700000;18989088888;19489088888;10240;10228
2627;19203884000;18989088888;19489088888;10240;10228
2628;19203919000;18989166666;19489166666;10240;10228
2600;19240404000;18905755555;19405755555;10240;10228
2602;19240414000;18905755555;19405755555;10240;10228
2629;19244721000;18989488888;19489488888;10240;10228
2629;19244730000;18989488888;19489488888;10240;10228
2630;19244736000;18989488888;19489488888;10240;10228
2631;19244743000;18989488888;19489488888;10240;10228
2634;19244748000;19030755555;19530755555;10240;10228
2635;19244753000;19030755555;19530755555;10240;10228
2636;19244768000;19030755555;19530755555;10240;10228
2639;19244773000;19030833333;19530833333;10240;10228
2630;19244923000;18989488888;19489488888;10240;10228
2631;19244944000;18989488888;19489488888;10240;10228
2632;19245134000;19030755555;19530755555;10240;10228
2633;19245319000;19030755555;19530755555;10240;10228
2634;19245344000;19030755555;19530755555;10240;10228
2635;19245492000;19030755555;19530755555;10240;10228
2636;19245511000;19030755555;19530755555;10240;10228
2637;19245734000;19030755555;19530755555;10240;10228
2638;19245939000;19030755555;19530755555;10240;10228
2641;19286170000;19031144444;19531144444;10240;10228
2642;19286193000;19031144444;19531144444;10240;10228
2643;19286200000;19072422222;19572422222;10240;10228
2645;19286204000;19072422222;19572422222;10240;10228
2646;19286209000;19072422222;19572422222;10240;10228
2647;19286224000;19072422222;19572422222;10240;10228
2648;19286233000;19072422222;19572422222;10240;10228
2649;19286244000;19072422222;19572422222;10240;10228
2650;19286249000;19072500000;19572500000;10240;10228
2640;19286360000;19031144444;19531144444;10240;10228
2641;19286605000;19031144444;19531144444;10240;10228
2642;19286625000;19031144444;19531144444;10240;10228
2643;19286807000;19072422222;19572422222;10240;10228
2644;19286995000;19072422222;19572422222;10240;10228
2645;19287031000;19072422222;19572422222;10240;10228
2646;19287171000;19072422222;19572422222;10240;10228
2647;19287405000;19072422222;19572422222;10240;10228
2648;19287416000;19072422222;19572422222;10240;10228
2649;19287591000;19072422222;19572422222;10240;10228
2650;19287610000;19072500000;19572500000;10240;10228
2605;19323278000;18905755555;19405755555;10240;10228
2607;19323287000;18906177777;19406177777;10240;10228
2582;19323719000;18822411111;19322411111;10240;10228
2620;19324169000;18947788888;19447788888;10240;10228
2651;19327833000;19072800000;19572800000;10240;10228
2652;19327843000;19072800000;19572800000;10240;10228
2653;19327848000;19072800000;19572800000;10240;10228
2655;19327851000;19114088888;19614088888;10240;10228
2656;19327872000;19114088888;19614088888;10240;10228
2657;19327878000;19114088888;19614088888;10240;10228
2658;19327886000;19114088888;19614088888;10240;10228
2659;19327905000;19114088888;19614088888;10240;10228
2660;19327909000;19114088888;19614088888;10240;10228
2651;19328068000;19072800000;19572800000;10240;10228
2653;19328253000;19072800000;19572800000;10240;10228
2654;19328273000;19114088888;19614088888;10240;10228
2657;19328446000;19114088888;19614088888;10240;10228
2658;19328681000;19114088888;19614088888;10240;10228
2659;19328699000;19114088888;19614088888;10240;10228
2660;19328885000;19114088888;19614088888;10240;10228
2661;19360665000;19114166666;19614166666;10240;10228
2623;19360936000;18989088888;19489088888;10240;10228
2624;19361108000;18989088888;19489088888;10240;10228
2661;19361127000;19114166666;19614166666;10240;10228
2626;19365043000;18989088888;19489088888;10240;10228
2627;19365053000;18989088888;19489088888;10240;10228
2632;19365058000;19030755555;19530755555;10240;10228
2663;19369497000;19114466666;19614466666;10240;10228
2664;19369523000;19114466666;19614466666;10240;10228
2665;19369538000;19155755555;19655755555;10240;10228
2666;19369545000;19155755555;19655755555;10240;10228
2668;19369551000;19155755555;19655755555;10240;10228
2669;19369573000;19155755555;19655755555;10240;10228
2670;19369581000;19155755555;19655755555;10240;10228
2671;19369596000;19155755555;19655755555;10240;10228
2662;19369760000;19114466666;19614466666;10240;10228
2663;19369970000;19114466666;19614466666;10240;10228
2664;19370146000;19114466666;19614466666;10240;10228
2667;19370164000;19155755555;19655755555;10240;10228
2668;19370354000;19155755555;19655755555;10240;10228
2670;19370363000;19155755555;19655755555;10240;10228
2672;19406438000;19155833333;19655833333;10240;10228
2637;19406449000;19030755555;19530755555;10240;10228
2638;19406455000;19030755555;19530755555;10240;10228
2640;19406458000;19031144444;19531144444;10240;10228
2644;19406462000;19072422222;19572422222;10240;10228
2672;19406640000;19155833333;19655833333;10240;10228
2639;19407237000;19030833333;19530833333;10240;10228
2673;19411175000;19156133333;19656133333;10240;10228
2674;19411185000;19156133333;19656133333;10240;10228
2675;19411190000;19156133333;19656133333;10240;10228
2676;19411194000;19197422222;19697422222;10240;10228
2677;19411199000;19197422222;19697422222;10240;10228
2678;19411203000;19197422222;19697422222;10240;10228
2679;19411216000;19197422222;19697422222;10240;10228
2681;19411220000;19197422222;19697422222;10240;10228
2673;19411390000;19156133333;19656133333;10240;10228
2674;19411599000;19156133333;19656133333;10240;10228
2676;19411618000;19197422222;19697422222;10240;10228
2677;19411831000;19197422222;19697422222;10240;10228
2678;19412016000;19197422222;19697422222;10240;10228
2679;19412027000;19197422222;19697422222;10240;10228
2681;19412236000;19197422222;19697422222;10240;10228
2682;19443751000;19197422222;19697422222;10240;10228
2683;19443759000;19197488888;19697488888;10240;10228
2682;19444013000;19197422222;19697422222;10240;10228
2683;19444162000;19197488888;19697488888;10240;10228
2613;19448237000;18947422222;19447422222;10240;10228
2654;19448246000;19114088888;19614088888;10240;10228
2652;19448987000;19072800000;19572800000;10240;10228
2656;19449176000;19114088888;19614088888;10240;10228
2685;19452824000;19197755555;19697755555;10240;10228
2686;19452835000;19197755555;19697755555;10240;10228
2687;19452840000;19239088888;19739088888;10240;10228
2688;19452846000;19239088888;19739088888;10240;10228
2689;19452850000;19239088888;19739088888;10240;10228
2690;19452863000;19239088888;19739088888;10240;10228
2691;19452868000;19239088888;19739088888;10240;10228
2692;19452878000;19239088888;19739088888;10240;10228
2684;19453088000;19197755555;19697755555;10240;10228
2685;19453264000;19197755555;19697755555;10240;10228
2686;19453283000;19197755555;19697755555;10240;10228
2687;19453488000;19239088888;19739088888;10240;10228
2688;19453686000;19239088888;19739088888;10240;10228
2689;19453706000;19239088888;19739088888;10240;10228
2691;19453882000;19239088888;19739088888;10240;10228
2692;19481583000;19239088888;19739088888;10240;10228
2693;19485602000;19239088888;19739088888;10240;10228
2694;19485820000;19239155555;19739155555;10240;10228
2633;19489794000;19030755555;19530755555;10240;10228
2662;19489803000;19114466666;19614466666;10240;10228
2667;19489823000;19155755555;19655755555;10240;10228
2698;19494479000;19280733333;19780733333;10240;10228
2699;19494511000;19280733333;19780733333;10240;10228
2700;19494515000;19280733333;19780733333;10240;10228
2701;19494529000;19280733333;19780733333;10240;10228
2702;19494533000;19280733333;19780733333;10240;10228
2695;19494695000;19239444444;19739444444;10240;10228
2696;19494863000;19239444444;19739444444;10240;10228
2697;19494874000;19239444444;19739444444;10240;10228
2698;19495102000;19280733333;19780733333;10240;10228
2699;19495257000;19280733333;19780733333;10240;10228
2700;19495280000;19280733333;19780733333;10240;10228
2701;19495467000;19280733333;19780733333;10240;10228
2703;19526767000;19280733333;19780733333;10240;10228
2704;19526776000;19280733333;19780733333;10240;10228
2705;19526780000;19280788888;19780788888;10240;10228
2702;19526935000;19280733333;19780733333;10240;10228
2703;19527169000;19280733333;19780733333;10240;10228
2704;19527189000;19280733333;19780733333;10240;10228
2665;19527345000;19155755555;19655755555;10240;10228
2666;19527544000;19155755555;19655755555;10240;10228
2669;19531815000;19155755555;19655755555;10240;10228
2675;19532463000;19156133333;19656133333;10240;10228
2706;19536119000;19281111111;19781111111;10240;10228
2707;19536131000;19281111111;19781111111;10240;10228
2709;19536136000;19322422222;19822422222;10240;10228
2710;19536141000;19322422222;19822422222;10240;10228
2711;19536250000;19322422222;19822422222;10240;10228
2712;19536271000;19322422222;19822422222;10240;10228
2713;19536274000;19322422222;19822422222;10240;10228
2706;19536347000;19281111111;19781111111;10240;10228
2707;19536516000;19281111111;19781111111;10240;10228
2708;19536779000;19281111111;19781111111;10240;10228
2709;19536801000;19322422222;19822422222;10240;10228
2710;19536957000;19322422222;19822422222;10240;10228
2711;19536968000;19322422222;19822422222;10240;10228
2712;19537182000;19322422222;19822422222;10240;10228
2713;19537202000;19322422222;19822422222;10240;10228
2714;19564007000;19322422222;19822422222;10240;10228
2680;19564018000;19197422222;19697422222;10240;10228
2715;19564022000;19322422222;19822422222;10240;10228
2716;19564447000;19322488888;19822488888;10240;10228
2680;19564663000;19197422222;19697422222;10240;10228
2715;19568758000;19322422222;19822422222;10240;10228
2716;19569369000;19322488888;19822488888;10240;10228
2684;19573120000;19197755555;19697755555;10240;10228
2655;19574144000;19114088888;19614088888;10240;10228
2717;19577819000;19322766666;19822766666;10240;10228
2719;19577831000;19322766666;19822766666;10240;10228
2720;19577836000;19364088888;19864088888;10240;10228
2721;19577841000;19364088888;19864088888;10240;10228
2723;19577845000;19364088888;19864088888;10240;10228
2724;19577856000;19364088888;19864088888;10240;10228
2725;19577863000;19364088888;19864088888;10240;10228
2717;19578033000;19322766666;19822766666;10240;10228
2718;19578269000;19322766666;19822766666;10240;10228
2719;19578438000;19322766666;19822766666;10240;10228
2720;19578449000;19364088888;19864088888;10240;10228
2721;19578654000;19364088888;19864088888;10240;10228
2722;19578665000;19364088888;19864088888;10240;10228
2723;19578856000;19364088888;19864088888;10240;10228
2724;19578867000;19364088888;19864088888;10240;10228
2727;19605797000;19364155555;19864155555;10240;10228
2690;19605995000;19239088888;19739088888;10240;10228
2725;19606229000;19364088888;19864088888;10240;10228
2726;19610285000;19364088888;19864088888;10240;10228
2693;19614810000;19239088888;19739088888;10240;10228
2694;19614841000;19239155555;19739155555;10240;10228
2696;19614846000;19239444444;19739444444;10240;10228
2728;19619470000;19364444444;19864444444;10240;10228
2729;19619489000;19364444444;19864444444;10240;10228
2730;19619493000;19364444444;19864444444;10240;10228
2731;19619499000;19405755555;19905755555;10240;10228
2732;19619503000;19405755555;19905755555;10240;10228
2733;19619509000;19405755555;19905755555;10240;10228
2728;19619698000;19364444444;19864444444;10240;10228
2729;19619911000;19364444444;19864444444;10240;10228
2730;19619920000;19364444444;19864444444;10240;10228
2732;19620114000;19405755555;19905755555;10240;10228
2734;19647052000;19405755555;19905755555;10240;10228
2735;19647064000;19405755555;19905755555;10240;10228
2736;19647067000;19405755555;19905755555;10240;10228
2737;19647193000;19405755555;19905755555;10240;10228
2733;19647270000;19405755555;19905755555;10240;10228
2738;19647383000;19405800000;19905800000;10240;10228
2734;19647460000;19405755555;19905755555;10240;10228
2735;19647788000;19405755555;19905755555;10240;10228
2736;19647996000;19405755555;19905755555;10240;10228
2737;19648015000;19405755555;19905755555;10240;10228
2738;19652196000;19405800000;19905800000;10240;10228
2708;19656445000;19281111111;19781111111;10240;10228
2671;19657203000;19155755555;19655755555;10240;10228
2705;19657430000;19280788888;19780788888;10240;10228
2739;19661152000;19406100000;19906100000;10240;10228
2741;19661162000;19406100000;19906100000;10240;10228
2742;19661179000;19447422222;19947422222;10240;10228
2743;19661184000;19447422222;19947422222;10240;10228
2745;19661196000;19447422222;19947422222;10240;10228
2739;19661365000;19406100000;19906100000;10240;10228
2740;19661591000;19406100000;19906100000;10240;10228
2741;19661619000;19406100000;19906100000;10240;10228
2742;19661779000;19447422222;19947422222;10240;10228
2743;19661990000;19447422222;19947422222;10240;10228
2744;19661999000;19447422222;19947422222;10240;10228
2746;19684384000;19447422222;19947422222;10240;10228
2747;19684393000;19447422222;19947422222;10240;10228
2748;19684398000;19447422222;19947422222;10240;10228
2745;19684544000;19447422222;19947422222;10240;10228
2749;19684653000;19447477777;19947477777;10240;10228
2746;19684764000;19447422222;19947422222;10240;10228
2747;19684960000;19447422222;19947422222;10240;10228
2748;19685166000;19447422222;19947422222;10240;10228
2749;19689169000;19447477777;19947477777;10240;10228
2714;19698715000;19322422222;19822422222;10240;10228
2751;19702837000;19447711111;19947711111;10240;10228
2752;19702862000;19447711111;19947711111;10240;10228
2753;19702873000;19489100000;19989100000;10240;10228
2754;19702878000;19489100000;19989100000;10240;10228
2755;19702895000;19489100000;19989100000;10240;10228
2756;19702903000;19489100000;19989100000;10240;10228
2757;19702907000;19489100000;19989100000;10240;10228
2750;19703041000;19447711111;19947711111;10240;10228
2751;19703249000;19447711111;19947711111;10240;10228
2752;19703450000;19447711111;19947711111;10240;10228
2757;19703462000;19489100000;19989100000;10240;10228
2758;19703660000;19489100000;19989100000;10240;10228
2759;19726106000;19489100000;19989100000;10240;10228
2760;19726459000;19489166666;19989166666;10240;10228
2759;19726687000;19489100000;19989100000;10240;10228
2760;19730694000;19489166666;19989166666;10240;10228
2726;19739773000;19364088888;19864088888;10240;10228
2695;19739782000;19239444444;19739444444;10240;10228
2697;19739788000;19239444444;19739444444;10240;10228
2727;19740528000;19364155555;19864155555;10240;10228
2761;19744467000;19489455555;19989455555;10240;10228
2762;19744478000;19489455555;19989455555;10240;10228
2763;19744502000;19489455555;19989455555;10240;10228
2764;19744509000;19530766666;20030766666;10240;10228
2766;19744519000;19530766666;20030766666;10240;10228
2767;19744531000;19530766666;20030766666;10240;10228
2762;19744816000;19489455555;19989455555;10240;10228
2763;19744827000;19489455555;19989455555;10240;10228
2764;19745022000;19530766666;20030766666;10240;10228
2766;19745227000;19530766666;20030766666;10240;10228
2768;19767321000;19530766666;20030766666;10240;10228
2769;19767332000;19530766666;20030766666;10240;10228
2770;19767336000;19530766666;20030766666;10240;10228
2771;19767506000;19530811111;20030811111;10240;10228
2767;19767563000;19530766666;20030766666;10240;10228
2768;19767765000;19530766666;20030766666;10240;10228
2769;19767972000;19530766666;20030766666;10240;10228
2771;19768334000;19530811111;20030811111;10240;10228
2772;19786231000;19531177777;20031177777;10240;10228
2774;19786243000;19531177777;20031177777;10240;10228
2775;19786264000;19572466666;20072466666;10240;10228
2776;19786269000;19572466666;20072466666;10240;10228
2777;19786274000;19572466666;20072466666;10240;10228
2778;19786278000;19572466666;20072466666;10240;10228
2779;19786292000;19572466666;20072466666;10240;10228
2772;19786397000;19531177777;20031177777;10240;10228
2773;19786607000;19531177777;20031177777;10240;10228
2774;19786633000;19531177777;20031177777;10240;10228
2775;19786819000;19572466666;20072466666;10240;10228
2776;19787052000;19572466666;20072466666;10240;10228
2777;19787071000;19572466666;20072466666;10240;10228
2778;19787219000;19572466666;20072466666;10240;10228
2779;19787237000;19572466666;20072466666;10240;10228
2780;19804664000;19572466666;20072466666;10240;10228
2744;19804672000;19447422222;19947422222;10240;10228
2781;19804677000;19572466666;20072466666;10240;10228
2782;19804776000;19572522222;20072522222;10240;10228
2718;19823238000;19322766666;19822766666;10240;10228
2722;19823249000;19364088888;19864088888;10240;10228
2750;19823253000;19447711111;19947711111;10240;10228
2783;19827841000;19572855555;20072855555;10240;10228
2784;19827870000;19572855555;20072855555;10240;10228
2785;19827875000;19572855555;20072855555;10240;10228
2786;19827879000;19614100000;20114100000;10240;10228
2787;19827893000;19614100000;20114100000;10240;10228
2788;19827897000;19614100000;20114100000;10240;10228
2789;19827901000;19614100000;20114100000;10240;10228
2790;19827905000;19614100000;20114100000;10240;10228
2783;19828065000;19572855555;20072855555;10240;10228
2784;19828276000;19572855555;20072855555;10240;10228
2785;19828286000;19572855555;20072855555;10240;10228
2786;19828425000;19614100000;20114100000;10240;10228
2787;19828631000;19614100000;20114100000;10240;10228
2788;19828651000;19614100000;20114100000;10240;10228
2789;19828878000;19614100000;20114100000;10240;10228
2790;19828890000;19614100000;20114100000;10240;10228
2791;19846338000;19614100000;20114100000;10240;10228
2792;19846694000;19614100000;20114100000;10240;10228
2793;19846914000;19614166666;20114166666;10240;10228
2753;19847266000;19489100000;19989100000;10240;10228
2754;19847284000;19489100000;19989100000;10240;10228
2755;19847500000;19489100000;19989100000;10240;10228
2756;19847533000;19489100000;19989100000;10240;10228
2791;19860292000;19614100000;20114100000;10240;10228
2792;19860516000;19614100000;20114100000;10240;10228
2793;19860537000;19614166666;20114166666;10240;10228
2758;19864743000;19489100000;19989100000;10240;10228
2794;19869546000;19614466666;20114466666;10240;10228
2795;19869559000;19614466666;20114466666;10240;10228
2797;19869563000;19655755555;20155755555;10240;10228
2798;19869568000;19655755555;20155755555;10240;10228
2799;19869572000;19655755555;20155755555;10240;10228
2794;19869699000;19614466666;20114466666;10240;10228
2795;19869907000;19614466666;20114466666;10240;10228
2796;19869918000;19614466666;20114466666;10240;10228
2797;19870114000;19655755555;20155755555;10240;10228
2798;19870310000;19655755555;20155755555;10240;10228
2799;19870323000;19655755555;20155755555;10240;10228
2765;19887614000;19530766666;20030766666;10240;10228
2800;19887643000;19655755555;20155755555;10240;10228
2801;19887658000;19655755555;20155755555;10240;10228
2800;19887868000;19655755555;20155755555;10240;10228
2802;19887999000;19655755555;20155755555;10240;10228
2801;19888011000;19655755555;20155755555;10240;10228
2765;19888223000;19530766666;20030766666;10240;10228
2803;19888527000;19655755555;20155755555;10240;10228
2802;19888843000;19655755555;20155755555;10240;10228
2804;19906459000;19655800000;20155800000;10240;10228
2740;19906469000;19406100000;19906100000;10240;10228
2803;19906712000;19655755555;20155755555;10240;10228
2804;19906894000;19655800000;20155800000;10240;10228
2770;19907134000;19530766666;20030766666;10240;10228
2805;19911206000;19656122222;20156122222;10240;10228
2806;19911215000;19656122222;20156122222;10240;10228
2807;19911221000;19656122222;20156122222;10240;10228
2808;19911229000;19697422222;20197422222;10240;10228
2809;19911234000;19697422222;20197422222;10240;10228
2810;19911238000;19697422222;20197422222;10240;10228
2805;19911352000;19656122222;20156122222;10240;10228
2806;19911553000;19656122222;20156122222;10240;10228
2807;19911772000;19656122222;20156122222;10240;10228
2808;19911783000;19697422222;20197422222;10240;10228
2809;19911997000;19697422222;20197422222;10240;10228
2810;19912017000;19697422222;20197422222;10240;10228
2773;19924998000;19531177777;20031177777;10240;10228
2811;19925020000;19697422222;20197422222;10240;10228
2812;19925024000;19697422222;20197422222;10240;10228
2813;19925028000;19697422222;20197422222;10240;10228
2811;19925143000;19697422222;20197422222;10240;10228
2812;19925345000;19697422222;20197422222;10240;10228
2814;19943610000;19697422222;20197422222;10240;10228
2815;19948121000;19697466666;20197466666;10240;10228
2813;19948341000;19697422222;20197422222;10240;10228
2814;19948537000;19697422222;20197422222;10240;10228
2815;19948558000;19697466666;20197466666;10240;10228
2780;19948938000;19572466666;20072466666;10240;10228
2781;19949139000;19572466666;20072466666;10240;10228
2782;19949159000;19572522222;20072522222;10240;10228
2816;19952879000;19697744444;20197744444;10240;10228
2817;19952889000;19697744444;20197744444;10240;10228
2818;19952894000;19697744444;20197744444;10240;10228
2819;19952899000;19739088888;20239088888;10240;10228
2820;19952913000;19739088888;20239088888;10240;10228
2822;19952917000;19739088888;20239088888;10240;10228
2816;19952999000;19697744444;20197744444;10240;10228
2817;19953208000;19697744444;20197744444;10240;10228
2819;19953229000;19739088888;20239088888;10240;10228
2820;19953413000;19739088888;20239088888;10240;10228
2821;19953640000;19739088888;20239088888;10240;10228
2822;19953667000;19739088888;20239088888;10240;10228
2823;19966620000;19739088888;20239088888;10240;10228
2825;19967203000;19739088888;20239088888;10240;10228
2826;19967498000;19739144444;20239144444;10240;10228
2823;19967961000;19739088888;20239088888;10240;10228
2824;19968172000;19739088888;20239088888;10240;10228
2825;19980778000;19739088888;20239088888;10240;10228
2826;19980984000;19739144444;20239144444;10240;10228
2761;19990375000;19489455555;19989455555;10240;10228
2827;19994559000;19739422222;20239422222;10240;10228
2828;19994574000;19739422222;20239422222;10240;10228
2829;19994578000;19739422222;20239422222;10240;10228
2830;19994582000;19780755555;20280755555;10240;10228
2831;19994587000;19780755555;20280755555;10240;10228
2832;19994597000;19780755555;20280755555;10240;10228
2827;19994696000;19739422222;20239422222;10240;10228
2828;19994907000;19739422222;20239422222;10240;10228
2829;19994918000;19739422222;20239422222;10240;10228
2830;19995113000;19780755555;20280755555;10240;10228
2831;19995312000;19780755555;20280755555;10240;10228
2832;19995321000;19780755555;20280755555;10240;10228
2834;20007968000;19780755555;20280755555;10240;10228
2796;20007994000;19614466666;20114466666;10240;10228
2835;20008009000;19780755555;20280755555;10240;10228
2836;20008040000;19780755555;20280755555;10240;10228
2833;20008128000;19780755555;20280755555;10240;10228
2837;20008246000;19780811111;20280811111;10240;10228
2834;20008314000;19780755555;20280755555;10240;10228
2835;20008543000;19780755555;20280755555;10240;10228
2836;20008714000;19780755555;20280755555;10240;10228
2731;20032215000;19405755555;19905755555;10240;10228
2838;20036155000;19781100000;20281100000;10240;10228
2840;20036166000;19781100000;20281100000;10240;10228
2841;20036173000;19822422222;20322422222;10240;10228
2843;20036188000;19822422222;20322422222;10240;10228
2844;20036195000;19822422222;20322422222;10240;10228
2845;20036199000;19822422222;20322422222;10240;10228
2846;20036219000;19822422222;20322422222;10240;10228
2838;20036392000;19781100000;20281100000;10240;10228
2839;20036616000;19781100000;20281100000;10240;10228
2840;20036825000;19781100000;20281100000;10240;10228
2841;20036845000;19822422222;20322422222;10240;10228
2842;20037005000;19822422222;20322422222;10240;10228
2843;20037041000;19822422222;20322422222;10240;10228
2844;20037209000;19822422222;20322422222;10240;10228
2845;20037230000;19822422222;20322422222;10240;10228
2846;20045508000;19822422222;20322422222;10240;10228
2847;20045696000;19822422222;20322422222;10240;10228
2848;20045713000;19822488888;20322488888;10240;10228
2818;20074148000;19697744444;20197744444;10240;10228
2849;20077843000;19822755555;20322755555;10240;10228
2850;20077855000;19822755555;20322755555;10240;10228
2851;20077860000;19822755555;20322755555;10240;10228
2852;20077864000;19864088888;20364088888;10240;10228
2853;20077869000;19864088888;20364088888;10240;10228
2854;20077890000;19864088888;20364088888;10240;10228
2855;20077896000;19864088888;20364088888;10240;10228
2856;20077899000;19864088888;20364088888;10240;10228
2857;20077904000;19864088888;20364088888;10240;10228
2858;20077909000;19864088888;20364088888;10240;10228
2859;20077914000;19864166666;20364166666;10240;10228
2849;20078087000;19822755555;20322755555;10240;10228
2850;20078257000;19822755555;20322755555;10240;10228
2851;20078267000;19822755555;20322755555;10240;10228
2852;20078474000;19864088888;20364088888;10240;10228
2854;20078682000;19864088888;20364088888;10240;10228
2855;20078708000;19864088888;20364088888;10240;10228
2856;20078879000;19864088888;20364088888;10240;10228
2857;20078897000;19864088888;20364088888;10240;10228
2858;20079074000;19864088888;20364088888;10240;10228
2859;20079093000;19864166666;20364166666;10240;10228
2821;20087415000;19739088888;20239088888;10240;10228
2824;20114900000;19739088888;20239088888;10240;10228
2860;20119543000;19864477777;20364477777;10240;10228
2861;20119554000;19864477777;20364477777;10240;10228
2862;20119558000;19864477777;20364477777;10240;10228
2863;20119562000;19905755555;20405755555;10240;10228
2864;20119572000;19905755555;20405755555;10240;10228
2865;20119576000;19905755555;20405755555;10240;10228
2866;20119589000;19905755555;20405755555;10240;10228
2867;20119595000;19905755555;20405755555;10240;10228
2868;20119600000;19905755555;20405755555;10240;10228
2860;20119750000;19864477777;20364477777;10240;10228
2869;20119824000;19905755555;20405755555;10240;10228
2861;20119935000;19864477777;20364477777;10240;10228
2862;20119954000;19864477777;20364477777;10240;10228
2863;20120164000;19905755555;20405755555;10240;10228
2864;20120320000;19905755555;20405755555;10240;10228
2865;20120331000;19905755555;20405755555;10240;10228
2866;20120494000;19905755555;20405755555;10240;10228
2867;20120745000;19905755555;20405755555;10240;10228
2868;20120756000;19905755555;20405755555;10240;10228
2869;20120941000;19905755555;20405755555;10240;10228
2870;20128214000;19905833333;20405833333;10240;10228
2833;20128223000;19780755555;20280755555;10240;10228
2870;20128358000;19905833333;20405833333;10240;10228
2839;20156491000;19781100000;20281100000;10240;10228
2842;20156515000;19822422222;20322422222;10240;10228
2837;20157156000;19780811111;20280811111;10240;10228
2871;20161177000;19906166666;20406166666;10240;10228
2872;20161188000;19906166666;20406166666;10240;10228
2873;20161193000;19906166666;20406166666;10240;10228
2874;20161197000;19947422222;20447422222;10240;10228
2875;20161201000;19947422222;20447422222;10240;10228
2876;20161216000;19947422222;20447422222;10240;10228
2877;20161220000;19947422222;20447422222;10240;10228
2878;20161225000;19947422222;20447422222;10240;10228
2879;20161233000;19947422222;20447422222;10240;10228
2881;20161238000;19947500000;20447500000;10240;10228
2871;20161376000;19906166666;20406166666;10240;10228
2872;20161566000;19906166666;20406166666;10240;10228
2873;20161783000;19906166666;20406166666;10240;10228
2874;20161804000;19947422222;20447422222;10240;10228
2875;20162008000;19947422222;20447422222;10240;10228
2876;20162028000;19947422222;20447422222;10240;10228
2877;20162183000;19947422222;20447422222;10240;10228
2878;20162203000;19947422222;20447422222;10240;10228
2879;20162390000;19947422222;20447422222;10240;10228
2880;20162604000;19947422222;20447422222;10240;10228
2881;20162631000;19947500000;20447500000;10240;10228
2847;20198129000;19822422222;20322422222;10240;10228
2848;20198150000;19822488888;20322488888;10240;10228
2853;20199338000;19864088888;20364088888;10240;10228
2882;20202843000;19947777777;20447777777;10240;10228
2883;20202852000;19947777777;20447777777;10240;10228
2884;20202859000;19947777777;20447777777;10240;10228
2885;20202862000;19989088888;20489088888;10240;10228
2886;20202866000;19989088888;20489088888;10240;10228
2887;20202879000;19989088888;20489088888;10240;10228
2888;20202884000;19989088888;20489088888;10240;10228
2889;20202892000;19989088888;20489088888;10240;10228
2890;20202896000;19989088888;20489088888;10240;10228
2891;20202906000;19989088888;20489088888;10240;10228
2892;20202911000;19989166666;20489166666;10240;10228
2882;20203037000;19947777777;20447777777;10240;10228
2883;20203272000;19947777777;20447777777;10240;10228
2884;20203469000;19947777777;20447777777;10240;10228
2885;20203478000;19989088888;20489088888;10240;10228
2886;20203653000;19989088888;20489088888;10240;10228
2887;20203664000;19989088888;20489088888;10240;10228
2888;20203858000;19989088888;20489088888;10240;10228
2890;20203869000;19989088888;20489088888;10240;10228
2891;20204081000;19989088888;20489088888;10240;10228
2892;20204108000;19989166666;20489166666;10240;10228
2893;20244516000;19989477777;20489477777;10240;10228
2894;20244527000;19989477777;20489477777;10240;10228
2895;20244531000;19989477777;20489477777;10240;10228
2896;20244535000;20030755555;20530755555;10240;10228
2897;20244541000;20030755555;20530755555;10240;10228
2898;20244550000;20030755555;20530755555;10240;10228
2899;20244556000;20030755555;20530755555;10240;10228
2900;20244561000;20030755555;20530755555;10240;10228
2901;20244565000;20030755555;20530755555;10240;10228
2894;20244687000;19989477777;20489477777;10240;10228
2902;20244800000;20030755555;20530755555;10240;10228
2903;20244810000;20030833333;20530833333;10240;10228
2895;20244919000;19989477777;20489477777;10240;10228
2896;20244928000;20030755555;20530755555;10240;10228
2897;20245138000;20030755555;20530755555;10240;10228
2898;20245294000;20030755555;20530755555;10240;10228
2899;20245306000;20030755555;20530755555;10240;10228
2900;20245469000;20030755555;20530755555;10240;10228
2901;20245720000;20030755555;20530755555;10240;10228
2902;20245729000;20030755555;20530755555;10240;10228
2903;20245733000;20030833333;20530833333;10240;10228
2904;20286140000;20031144444;20531144444;10240;10228
2905;20286151000;20031144444;20531144444;10240;10228
2906;20286156000;20031144444;20531144444;10240;10228
2907;20286160000;20072411111;20572411111;10240;10228
2908;20286170000;20072411111;20572411111;10240;10228
2910;20286175000;20072411111;20572411111;10240;10228
2911;20286183000;20072411111;20572411111;10240;10228
2912;20286256000;20072411111;20572411111;10240;10228
2913;20286279000;20072411111;20572411111;10240;10228
2914;20286283000;20072500000;20572500000;10240;10228
2904;20286345000;20031144444;20531144444;10240;10228
2905;20286549000;20031144444;20531144444;10240;10228
2906;20286800000;20031144444;20531144444;10240;10228
2907;20286819000;20072411111;20572411111;10240;10228
2908;20287021000;20072411111;20572411111;10240;10228
2909;20287032000;20072411111;20572411111;10240;10228
2910;20287149000;20072411111;20572411111;10240;10228
2911;20287168000;20072411111;20572411111;10240;10228
2912;20287332000;20072411111;20572411111;10240;10228
2913;20287632000;20072411111;20572411111;10240;10228
2914;20287650000;20072500000;20572500000;10240;10228
2889;20324586000;19989088888;20489088888;10240;10228
2915;20327845000;20072777777;20572777777;10240;10228
2916;20327856000;20072777777;20572777777;10240;10228
2917;20327860000;20072777777;20572777777;10240;10228
2918;20327864000;20114088888;20614088888;10240;10228
2919;20327868000;20114088888;20614088888;10240;10228
2920;20327882000;20114088888;20614088888;10240;10228
2922;20327887000;20114088888;20614088888;10240;10228
2923;20327904000;20114088888;20614088888;10240;10228
2924;20327916000;20114088888;20614088888;10240;10228
2925;20327922000;20114177777;20614177777;10240;10228
2915;20328070000;20072777777;20572777777;10240;10228
2916;20328263000;20072777777;20572777777;10240;10228
2917;20328284000;20072777777;20572777777;10240;10228
2919;20328475000;20114088888;20614088888;10240;10228
2920;20328673000;20114088888;20614088888;10240;10228
2921;20328682000;20114088888;20614088888;10240;10228
2922;20328874000;20114088888;20614088888;10240;10228
2923;20329084000;20114088888;20614088888;10240;10228
2924;20329094000;20114088888;20614088888;10240;10228
2893;20365375000;19989477777;20489477777;10240;10228
2926;20369566000;20114466666;20614466666;10240;10228
2927;20369577000;20114466666;20614466666;10240;10228
2928;20369581000;20114466666;20614466666;10240;10228
2929;20369585000;20155755555;20655755555;10240;10228
2930;20369590000;20155755555;20655755555;10240;10228
2931;20369596000;20155755555;20655755555;10240;10228
2932;20369604000;20155755555;20655755555;10240;10228
2933;20369615000;20155755555;20655755555;10240;10228
2934;20369619000;20155755555;20655755555;10240;10228
2935;20369629000;20155755555;20655755555;10240;10228
2926;20369751000;20114466666;20614466666;10240;10228
2927;20369944000;20114466666;20614466666;10240;10228
2928;20369965000;20114466666;20614466666;10240;10228
2929;20370155000;20155755555;20655755555;10240;10228
2930;20370351000;20155755555;20655755555;10240;10228
2931;20370360000;20155755555;20655755555;10240;10228
2932;20370519000;20155755555;20655755555;10240;10228
2933;20370536000;20155755555;20655755555;10240;10228
2935;20370766000;20155755555;20655755555;10240;10228
2936;20370784000;20155833333;20655833333;10240;10228
2909;20406569000;20072411111;20572411111;10240;10228
2937;20411167000;20156122222;20656122222;10240;10228
2938;20411178000;20156122222;20656122222;10240;10228
2939;20411183000;20156122222;20656122222;10240;10228
2940;20411187000;20197422222;20697422222;10240;10228
2941;20411192000;20197422222;20697422222;10240;10228
2942;20411212000;20197422222;20697422222;10240;10228
2943;20411221000;20197422222;20697422222;10240;10228
2944;20411226000;20197422222;20697422222;10240;10228
2946;20411231000;20197422222;20697422222;10240;10228
2947;20411237000;20197500000;20697500000;10240;10228
2937;20411399000;20156122222;20656122222;10240;10228
2938;20411604000;20156122222;20656122222;10240;10228
2939;20411616000;20156122222;20656122222;10240;10228
2940;20411811000;20197422222;20697422222;10240;10228
2941;20412001000;20197422222;20697422222;10240;10228
2942;20412021000;20197422222;20697422222;10240;10228
2943;20412203000;20197422222;20697422222;10240;10228
2944;20412415000;20197422222;20697422222;10240;10228
2946;20412425000;20197422222;20697422222;10240;10228
2947;20412429000;20197500000;20697500000;10240;10228
2880;20448157000;19947422222;20447422222;10240;10228
2921;20448168000;20114088888;20614088888;10240;10228
2918;20449149000;20114088888;20614088888;10240;10228
2948;20452849000;20197766666;20697766666;10240;10228
2949;20452859000;20197766666;20697766666;10240;10228
2950;20452863000;20197766666;20697766666;10240;10228
2952;20452867000;20239088888;20739088888;10240;10228
2953;20452876000;20239088888;20739088888;10240;10228
2954;20452882000;20239088888;20739088888;10240;10228
2955;20452900000;20239088888;20739088888;10240;10228
2957;20452909000;20239088888;20739088888;10240;10228
2958;20452913000;20239166666;20739166666;10240;10228
2948;20453066000;20197766666;20697766666;10240;10228
2949;20453238000;20197766666;20697766666;10240;10228
2950;20453260000;20197766666;20697766666;10240;10228
2951;20453449000;20239088888;20739088888;10240;10228
2952;20453660000;20239088888;20739088888;10240;10228
2953;20453679000;20239088888;20739088888;10240;10228
2954;20453854000;20239088888;20739088888;10240;10228
2955;20453873000;20239088888;20739088888;10240;10228
2956;20454057000;20239088888;20739088888;10240;10228
2957;20454231000;20239088888;20739088888;10240;10228
2958;20454242000;20239166666;20739166666;10240;10228
2925;20490353000;20114177777;20614177777;10240;10228
2959;20494479000;20239455555;20739455555;10240;10228
2960;20494499000;20239455555;20739455555;10240;10228
2961;20494503000;20239455555;20739455555;10240;10228
2962;20494507000;20280744444;20780744444;10240;10228
2963;20494518000;20280744444;20780744444;10240;10228
2964;20494524000;20280744444;20780744444;10240;10228
2965;20494534000;20280744444;20780744444;10240;10228
2966;20494539000;20280744444;20780744444;10240;10228
2967;20494543000;20280744444;20780744444;10240;10228
2968;20494554000;20280744444;20780744444;10240;10228
2959;20494734000;20239455555;20739455555;10240;10228
2960;20494931000;20239455555;20739455555;10240;10228
2961;20494952000;20239455555;20739455555;10240;10228
2962;20495155000;20280744444;20780744444;10240;10228
2963;20495314000;20280744444;20780744444;10240;10228
2965;20495324000;20280744444;20780744444;10240;10228
2966;20495485000;20280744444;20780744444;10240;10228
2967;20495748000;20280744444;20780744444;10240;10228
2968;20495759000;20280744444;20780744444;10240;10228
2969;20495772000;20280833333;20780833333;10240;10228
2934;20532034000;20155755555;20655755555;10240;10228
2970;20536166000;20281155555;20781155555;10240;10228
2971;20536177000;20281155555;20781155555;10240;10228
2972;20536182000;20281155555;20781155555;10240;10228
2973;20536186000;20322411111;20822411111;10240;10228
2974;20536191000;20322411111;20822411111;10240;10228
2976;20536203000;20322411111;20822411111;10240;10228
2977;20536208000;20322411111;20822411111;10240;10228
2978;20536211000;20322411111;20822411111;10240;10228
2979;20536221000;20322411111;20822411111;10240;10228
2970;20536356000;20281155555;20781155555;10240;10228
2971;20536567000;20281155555;20781155555;10240;10228
2972;20536772000;20281155555;20781155555;10240;10228
2973;20536783000;20322411111;20822411111;10240;10228
2974;20536968000;20322411111;20822411111;10240;10228
2975;20536989000;20322411111;20822411111;10240;10228
2976;20537175000;20322411111;20822411111;10240;10228
2978;20537193000;20322411111;20822411111;10240;10228
2979;20537379000;20322411111;20822411111;10240;10228
2980;20568462000;20322500000;20822500000;10240;10228
2980;20568586000;20322500000;20822500000;10240;10228
2945;20573151000;20197422222;20697422222;10240;10228
2951;20573162000;20239088888;20739088888;10240;10228
2945;20573682000;20197422222;20697422222;10240;10228
2981;20577826000;20322766666;20822766666;10240;10228
2982;20577835000;20322766666;20822766666;10240;10228
2983;20577840000;20322766666;20822766666;10240;10228
2984;20577844000;20364088888;20864088888;10240;10228
2985;20577852000;20364088888;20864088888;10240;10228
2986;20577865000;20364088888;20864088888;10240;10228
2987;20577870000;20364088888;20864088888;10240;10228
2989;20577875000;20364088888;20864088888;10240;10228
2990;20577881000;20364088888;20864088888;10240;10228
2981;20578036000;20322766666;20822766666;10240;10228
2982;20578274000;20322766666;20822766666;10240;10228
2984;20578444000;20364088888;20864088888;10240;10228
2985;20578454000;20364088888;20864088888;10240;10228
2986;20578679000;20364088888;20864088888;10240;10228
2987;20578688000;20364088888;20864088888;10240;10228
2988;20578860000;20364088888;20864088888;10240;10228
2989;20578887000;20364088888;20864088888;10240;10228
2991;20579066000;20364166666;20864166666;10240;10228
2956;20615021000;20239088888;20739088888;10240;10228
2964;20616207000;20280744444;20780744444;10240;10228
2992;20619567000;20364455555;20864455555;10240;10228
2993;20619577000;20364455555;20864455555;10240;10228
2994;20619582000;20364455555;20864455555;10240;10228
2995;20619587000;20405755555;20905755555;10240;10228
2996;20619591000;20405755555;20905755555;10240;10228
2997;20619595000;20405755555;20905755555;10240;10228
2998;20619600000;20405755555;20905755555;10240;10228
2999;20619605000;20405755555;20905755555;10240;10228
3000;20619617000;20405755555;20905755555;10240;10228
3002;20619622000;20405833333;20905833333;10240;10228
2992;20619712000;20364455555;20864455555;10240;10228
2993;20619918000;20364455555;20864455555;10240;10228
2994;20619927000;20364455555;20864455555;10240;10228
2996;20620118000;20405755555;20905755555;10240;10228
2997;20620312000;20405755555;20905755555;10240;10228
2998;20620324000;20405755555;20905755555;10240;10228
2999;20620496000;20405755555;20905755555;10240;10228
3001;20620733000;20405755555;20905755555;10240;10228
3002;20620756000;20405833333;20905833333;10240;10228
2936;20656424000;20155833333;20655833333;10240;10228
2969;20656434000;20280833333;20780833333;10240;10228
2975;20656439000;20322411111;20822411111;10240;10228
3004;20661152000;20406155555;20906155555;10240;10228
3005;20661177000;20406155555;20906155555;10240;10228
3006;20661190000;20447411111;20947411111;10240;10228
3007;20661195000;20447411111;20947411111;10240;10228
3008;20661209000;20447411111;20947411111;10240;10228
3009;20661214000;20447411111;20947411111;10240;10228
3010;20661219000;20447411111;20947411111;10240;10228
3011;20661223000;20447411111;20947411111;10240;10228
3012;20661233000;20447411111;20947411111;10240;10228
3013;20661238000;20447500000;20947500000;10240;10228
3003;20661362000;20406155555;20906155555;10240;10228
3004;20661576000;20406155555;20906155555;10240;10228
3005;20661777000;20406155555;20906155555;10240;10228
3006;20661788000;20447411111;20947411111;10240;10228
3007;20661988000;20447411111;20947411111;10240;10228
3008;20662010000;20447411111;20947411111;10240;10228
3009;20662207000;20447411111;20947411111;10240;10228
3010;20662234000;20447411111;20947411111;10240;10228
3011;20662383000;20447411111;20947411111;10240;10228
3012;20662564000;20447411111;20947411111;10240;10228
3013;20662573000;20447500000;20947500000;10240;10228
2977;20698476000;20322411111;20822411111;10240;10228
2983;20699099000;20322766666;20822766666;10240;10228
3015;20702809000;20447755555;20947755555;10240;10228
3016;20702833000;20447755555;20947755555;10240;10228
3017;20702845000;20489077777;20989077777;10240;10228
3020;20702850000;20489077777;20989077777;10240;10228
3022;20702864000;20489077777;20989077777;10240;10228
3023;20702868000;20489077777;20989077777;10240;10228
3024;20702887000;20489166666;20989166666;10240;10228
3014;20703032000;20447755555;20947755555;10240;10228
3015;20703237000;20447755555;20947755555;10240;10228
3016;20703439000;20447755555;20947755555;10240;10228
3017;20703448000;20489077777;20989077777;10240;10228
3018;20703652000;20489077777;20989077777;10240;10228
3019;20703677000;20489077777;20989077777;10240;10228
3020;20703855000;20489077777;20989077777;10240;10228
3021;20703876000;20489077777;20989077777;10240;10228
3024;20704063000;20489166666;20989166666;10240;10228
2988;20739810000;20364088888;20864088888;10240;10228
2991;20739821000;20364166666;20864166666;10240;10228
2995;20740772000;20405755555;20905755555;10240;10228
3025;20744518000;20489455555;20989455555;10240;10228
3026;20744540000;20489455555;20989455555;10240;10228
3027;20744549000;20489455555;20989455555;10240;10228
3029;20744562000;20530755555;21030755555;10240;10228
3030;20744580000;20530755555;21030755555;10240;10228
3031;20744591000;20530755555;21030755555;10240;10228
3032;20744597000;20530755555;21030755555;10240;10228
3034;20744602000;20530755555;21030755555;10240;10228
3035;20744615000;20530833333;21030833333;10240;10228
3025;20744706000;20489455555;20989455555;10240;10228
3029;20744911000;20530755555;21030755555;10240;10228
3030;20744922000;20530755555;21030755555;10240;10228
3031;20745153000;20530755555;21030755555;10240;10228
3032;20745314000;20530755555;21030755555;10240;10228
3033;20745325000;20530755555;21030755555;10240;10228
3034;20745504000;20530755555;21030755555;10240;10228
3035;20745524000;20530833333;21030833333;10240;10228
3001;20781523000;20405755555;20905755555;10240;10228
3003;20781535000;20406155555;20906155555;10240;10228
3000;20781804000;20405755555;20905755555;10240;10228
3036;20786204000;20531166666;21031166666;10240;10228
3037;20786215000;20531166666;21031166666;10240;10228
3038;20786220000;20531166666;21031166666;10240;10228
3039;20786225000;20572422222;21072422222;10240;10228
3040;20786229000;20572422222;21072422222;10240;10228
3041;20786234000;20572422222;21072422222;10240;10228
3042;20786242000;20572422222;21072422222;10240;10228
3043;20786254000;20572422222;21072422222;10240;10228
3044;20786268000;20572422222;21072422222;10240;10228
3036;20786371000;20531166666;21031166666;10240;10228
3045;20786491000;20572422222;21072422222;10240;10228
3046;20786503000;20572500000;21072500000;10240;10228
3037;20786526000;20531166666;21031166666;10240;10228
3038;20786768000;20531166666;21031166666;10240;10228
3039;20786779000;20572422222;21072422222;10240;10228
3040;20786982000;20572422222;21072422222;10240;10228
3041;20786995000;20572422222;21072422222;10240;10228
3042;20787169000;20572422222;21072422222;10240;10228
3043;20787190000;20572422222;21072422222;10240;10228
3044;20787373000;20572422222;21072422222;10240;10228
3045;20787590000;20572422222;21072422222;10240;10228
3046;20787599000;20572500000;21072500000;10240;10228
3014;20823082000;20447755555;20947755555;10240;10228
3018;20823101000;20489077777;20989077777;10240;10228
3019;20823120000;20489077777;20989077777;10240;10228
3021;20823154000;20489077777;20989077777;10240;10228
3049;20827874000;20572788888;21072788888;10240;10228
3050;20827916000;20614088888;21114088888;10240;10228
3051;20827922000;20614088888;21114088888;10240;10228
3052;20827937000;20614088888;21114088888;10240;10228
3054;20827944000;20614088888;21114088888;10240;10228
3055;20827966000;20614088888;21114088888;10240;10228
3056;20828002000;20614088888;21114088888;10240;10228
3057;20828016000;20614166666;21114166666;10240;10228
3047;20828084000;20572788888;21072788888;10240;10228
3048;20828282000;20572788888;21072788888;10240;10228
3049;20828306000;20572788888;21072788888;10240;10228
3050;20828450000;20614088888;21114088888;10240;10228
3052;20828664000;20614088888;21114088888;10240;10228
3053;20828675000;20614088888;21114088888;10240;10228
3054;20828859000;20614088888;21114088888;10240;10228
3055;20828879000;20614088888;21114088888;10240;10228
3056;20829076000;20614088888;21114088888;10240;10228
3057;20829084000;20614166666;21114166666;10240;10228
3028;20865063000;20530755555;21030755555;10240;10228
3022;20865354000;20489077777;20989077777;10240;10228
3023;20865555000;20489077777;20989077777;10240;10228
2990;20865769000;20364088888;20864088888;10240;10228
3026;20865780000;20489455555;20989455555;10240;10228
3058;20869718000;20614466666;21114466666;10240;10228
3059;20869734000;20614466666;21114466666;10240;10228
3064;20869739000;20655755555;21155755555;10240;10228
3065;20869757000;20655755555;21155755555;10240;10228
3066;20869761000;20655755555;21155755555;10240;10228
3059;20869782000;20614466666;21114466666;10240;10228
3060;20869914000;20614466666;21114466666;10240;10228
3061;20869938000;20655755555;21155755555;10240;10228
3062;20870120000;20655755555;21155755555;10240;10228
3063;20870322000;20655755555;21155755555;10240;10228
3066;20870349000;20655755555;21155755555;10240;10228
3067;20901988000;20655755555;21155755555;10240;10228
3068;20902210000;20655822222;21155822222;10240;10228
3069;20911148000;20656144444;21156144444;10240;10228
3070;20911159000;20656144444;21156144444;10240;10228
3071;20911165000;20656144444;21156144444;10240;10228
3072;20911169000;20697422222;21197422222;10240;10228
3073;20911173000;20697422222;21197422222;10240;10228
3074;20911181000;20697422222;21197422222;10240;10228
3075;20911192000;20697422222;21197422222;10240;10228
3076;20911279000;20697422222;21197422222;10240;10228
3077;20911300000;20697422222;21197422222;10240;10228
3079;20911304000;20697500000;21197500000;10240;10228
3069;20911381000;20656144444;21156144444;10240;10228
3070;20911552000;20656144444;21156144444;10240;10228
3071;20911786000;20656144444;21156144444;10240;10228
3072;20911795000;20697422222;21197422222;10240;10228
3073;20911988000;20697422222;21197422222;10240;10228
3074;20911998000;20697422222;21197422222;10240;10228
3076;20912213000;20697422222;21197422222;10240;10228
3077;20912233000;20697422222;21197422222;10240;10228
3078;20912389000;20697422222;21197422222;10240;10228
3079;20912415000;20697500000;21197500000;10240;10228
3047;20948155000;20572788888;21072788888;10240;10228
3051;20949536000;20614088888;21114088888;10240;10228
3081;20952833000;20697800000;21197800000;10240;10228
3084;20952858000;20739088888;21239088888;10240;10228
3085;20952868000;20739088888;21239088888;10240;10228
3086;20952875000;20739088888;21239088888;10240;10228
3087;20952888000;20739088888;21239088888;10240;10228
3088;20952892000;20739088888;21239088888;10240;10228
3089;20952896000;20739088888;21239088888;10240;10228
3080;20953043000;20697800000;21197800000;10240;10228
3081;20953251000;20697800000;21197800000;10240;10228
3082;20953456000;20697800000;21197800000;10240;10228
3084;20953508000;20739088888;21239088888;10240;10228
3085;20953664000;20739088888;21239088888;10240;10228
3086;20953676000;20739088888;21239088888;10240;10228
3087;20953869000;20739088888;21239088888;10240;10228
3088;20953880000;20739088888;21239088888;10240;10228
3089;20954093000;20739088888;21239088888;10240;10228
3090;20954113000;20739177777;21239177777;10240;10228
3060;20989998000;20614466666;21114466666;10240;10228
3061;20990025000;20655755555;21155755555;10240;10228
3062;20990035000;20655755555;21155755555;10240;10228
3063;20990043000;20655755555;21155755555;10240;10228
3027;20990393000;20489455555;20989455555;10240;10228
3028;20990612000;20530755555;21030755555;10240;10228
3058;20990819000;20614466666;21114466666;10240;10228
3091;20994507000;20739455555;21239455555;10240;10228
3092;20994521000;20739455555;21239455555;10240;10228
3093;20994545000;20739455555;21239455555;10240;10228
3094;20994550000;20780755555;21280755555;10240;10228
3095;20994554000;20780755555;21280755555;10240;10228
3096;20994560000;20780755555;21280755555;10240;10228
3097;20994564000;20780755555;21280755555;10240;10228
3098;20994573000;20780755555;21280755555;10240;10228
3099;20994581000;20780755555;21280755555;10240;10228
3091;20994693000;20739455555;21239455555;10240;10228
3092;20994893000;20739455555;21239455555;10240;10228
3093;20995091000;20739455555;21239455555;10240;10228
3094;20995113000;20780755555;21280755555;10240;10228
3095;20995313000;20780755555;21280755555;10240;10228
3098;20995324000;20780755555;21280755555;10240;10228
3100;21022503000;20780755555;21280755555;10240;10228
3099;21022668000;20780755555;21280755555;10240;10228
3101;21031427000;20780822222;21280822222;10240;10228
3033;21031438000;20530755555;21030755555;10240;10228
3067;21031448000;20655755555;21155755555;10240;10228
3068;21031452000;20655822222;21155822222;10240;10228
3100;21031645000;20780755555;21280755555;10240;10228
3101;21031852000;20780822222;21280822222;10240;10228
3064;21031864000;20655755555;21155755555;10240;10228
3065;21032059000;20655755555;21155755555;10240;10228
3075;21032874000;20697422222;21197422222;10240;10228
3102;21036175000;20781111111;21281111111;10240;10228
3103;21036186000;20781111111;21281111111;10240;10228
3104;21036190000;20781111111;21281111111;10240;10228
3105;21036195000;20822422222;21322422222;10240;10228
3107;21036199000;20822422222;21322422222;10240;10228
3108;21036205000;20822422222;21322422222;10240;10228
3109;21036213000;20822422222;21322422222;10240;10228
3102;21036369000;20781111111;21281111111;10240;10228
3103;21036559000;20781111111;21281111111;10240;10228
3107;21036785000;20822422222;21322422222;10240;10228
3109;21036806000;20822422222;21322422222;10240;10228
3110;21068418000;20822422222;21322422222;10240;10228
3111;21069831000;20822422222;21322422222;10240;10228
3112;21073142000;20822488888;21322488888;10240;10228
3078;21073154000;20697422222;21197422222;10240;10228
3053;21073159000;20614088888;21114088888;10240;10228
3080;21073166000;20697800000;21197800000;10240;10228
3083;21073188000;20739088888;21239088888;10240;10228
3110;21073368000;20822422222;21322422222;10240;10228
3111;21073564000;20822422222;21322422222;10240;10228
3112;21073584000;20822488888;21322488888;10240;10228
3083;21074117000;20739088888;21239088888;10240;10228
3113;21077814000;20822744444;21322744444;10240;10228
3114;21077827000;20822744444;21322744444;10240;10228
3115;21077831000;20822744444;21322744444;10240;10228
3116;21077835000;20864088888;21364088888;10240;10228
3117;21077839000;20864088888;21364088888;10240;10228
3119;21077848000;20864088888;21364088888;10240;10228
3113;21078013000;20822744444;21322744444;10240;10228
3114;21078253000;20822744444;21322744444;10240;10228
3115;21078262000;20822744444;21322744444;10240;10228
3116;21078419000;20864088888;21364088888;10240;10228
3117;21078633000;20864088888;21364088888;10240;10228
3118;21078643000;20864088888;21364088888;10240;10228
3120;21110258000;20864088888;21364088888;10240;10228
3121;21110269000;20864088888;21364088888;10240;10228
3122;21110273000;20864088888;21364088888;10240;10228
3119;21110469000;20864088888;21364088888;10240;10228
3123;21110635000;20864144444;21364144444;10240;10228
3120;21110850000;20864088888;21364088888;10240;10228
3121;21111101000;20864088888;21364088888;10240;10228
3122;21111293000;20864088888;21364088888;10240;10228
3123;21114986000;20864144444;21364144444;10240;10228
3124;21119505000;20864433333;21364433333;10240;10228
3125;21119517000;20864433333;21364433333;10240;10228
3126;21119530000;20864433333;21364433333;10240;10228
3127;21119536000;20905755555;21405755555;10240;10228
3130;21119547000;20905755555;21405755555;10240;10228
3126;21119728000;20864433333;21364433333;10240;10228
3127;21119916000;20905755555;21405755555;10240;10228
3128;21119936000;20905755555;21405755555;10240;10228
3129;21120159000;20905755555;21405755555;10240;10228
3131;21142757000;20905755555;21405755555;10240;10228
3132;21142873000;20905755555;21405755555;10240;10228
3130;21142983000;20905755555;21405755555;10240;10228
3133;21151724000;20905755555;21405755555;10240;10228
3134;21151733000;20905800000;21405800000;10240;10228
3131;21151967000;20905755555;21405755555;10240;10228
3096;21152211000;20780755555;21280755555;10240;10228
3097;21152396000;20780755555;21280755555;10240;10228
3132;21152422000;20905755555;21405755555;10240;10228
3133;21152576000;20905755555;21405755555;10240;10228
3134;21152595000;20905800000;21405800000;10240;10228
3106;21156606000;20822422222;21322422222;10240;10228
3135;21161132000;20906122222;21406122222;10240;10228
3136;21161143000;20906122222;21406122222;10240;10228
3137;21161153000;20906122222;21406122222;10240;10228
3138;21161161000;20947422222;21447422222;10240;10228
3139;21161166000;20947422222;21447422222;10240;10228
3140;21161180000;20947422222;21447422222;10240;10228
3141;21161186000;20947422222;21447422222;10240;10228
3135;21161344000;20906122222;21406122222;10240;10228
3136;21161581000;20906122222;21406122222;10240;10228
3137;21161600000;20906122222;21406122222;10240;10228
3138;21161756000;20947422222;21447422222;10240;10228
3139;21161967000;20947422222;21447422222;10240;10228
3140;21161976000;20947422222;21447422222;10240;10228
3141;21162170000;20947422222;21447422222;10240;10228
3142;21190050000;20947422222;21447422222;10240;10228
3142;21190280000;20947422222;21447422222;10240;10228
3143;21193505000;20947422222;21447422222;10240;10228
3144;21193517000;20947422222;21447422222;10240;10228
3145;21193530000;20947477777;21447477777;10240;10228
3143;21193662000;20947422222;21447422222;10240;10228
3144;21193872000;20947422222;21447422222;10240;10228
3104;21193882000;20781111111;21281111111;10240;10228
3105;21194111000;20822422222;21322422222;10240;10228
3106;21194268000;20822422222;21322422222;10240;10228
3145;21194289000;20947477777;21447477777;10240;10228
3108;21194479000;20822422222;21322422222;10240;10228
3048;21198082000;20572788888;21072788888;10240;10228
3082;21198092000;20697800000;21197800000;10240;10228
3146;21202796000;20947722222;21447722222;10240;10228
3151;21202875000;20989100000;21489100000;10240;10228
3152;21202898000;20989100000;21489100000;10240;10228
3153;21202918000;20989100000;21489100000;10240;10228
3147;21203047000;20947722222;21447722222;10240;10228
3148;21203237000;20947722222;21447722222;10240;10228
3149;21203262000;20989100000;21489100000;10240;10228
3152;21203443000;20989100000;21489100000;10240;10228
3154;21230522000;20989100000;21489100000;10240;10228
3155;21230534000;20989100000;21489100000;10240;10228
3156;21230701000;20989177777;21489177777;10240;10228
3153;21230895000;20989100000;21489100000;10240;10228
3154;21231136000;20989100000;21489100000;10240;10228
3155;21231334000;20989100000;21489100000;10240;10228
3156;21231510000;20989177777;21489177777;10240;10228
3090;21239892000;20739177777;21239177777;10240;10228
3124;21240593000;20864433333;21364433333;10240;10228
3125;21240844000;20864433333;21364433333;10240;10228
3157;21244507000;20989477777;21489477777;10240;10228
3158;21244529000;20989477777;21489477777;10240;10228
3159;21244533000;20989477777;21489477777;10240;10228
3160;21244537000;21030755555;21530755555;10240;10228
3161;21244541000;21030755555;21530755555;10240;10228
3162;21244550000;21030755555;21530755555;10240;10228
3157;21244756000;20989477777;21489477777;10240;10228
3158;21244941000;20989477777;21489477777;10240;10228
3159;21244962000;20989477777;21489477777;10240;10228
3160;21245153000;21030755555;21530755555;10240;10228
3161;21245352000;21030755555;21530755555;10240;10228
3163;21262962000;21030755555;21530755555;10240;10228
3128;21263094000;20905755555;21405755555;10240;10228
3129;21263104000;20905755555;21405755555;10240;10228
3164;21263118000;21030755555;21530755555;10240;10228
3165;21263340000;21030755555;21530755555;10240;10228
3166;21271963000;21030755555;21530755555;10240;10228
3167;21271973000;21030800000;21530800000;10240;10228
3162;21272208000;21030755555;21530755555;10240;10228
3163;21272660000;21030755555;21530755555;10240;10228
3164;21272853000;21030755555;21530755555;10240;10228
3165;21272874000;21030755555;21530755555;10240;10228
3166;21273066000;21030755555;21530755555;10240;10228
3167;21273248000;21030800000;21530800000;10240;10228
3168;21286129000;21031111111;21531111111;10240;10228
3169;21286140000;21031111111;21531111111;10240;10228
3170;21286147000;21031111111;21531111111;10240;10228
3172;21286151000;21072422222;21572422222;10240;10228
3173;21286272000;21072422222;21572422222;10240;10228
3174;21286290000;21072422222;21572422222;10240;10228
3175;21286305000;21072422222;21572422222;10240;10228
3168;21286371000;21031111111;21531111111;10240;10228
3169;21286596000;21031111111;21531111111;10240;10228
3170;21286787000;21031111111;21531111111;10240;10228
3171;21286808000;21072422222;21572422222;10240;10228
3172;21287006000;21072422222;21572422222;10240;10228
3173;21287017000;21072422222;21572422222;10240;10228
3174;21287187000;21072422222;21572422222;10240;10228
3175;21287207000;21072422222;21572422222;10240;10228
3176;21310358000;21072422222;21572422222;10240;10228
3177;21310575000;21072422222;21572422222;10240;10228
3178;21313774000;21072488888;21572488888;10240;10228
3176;21314048000;21072422222;21572422222;10240;10228
3177;21314224000;21072422222;21572422222;10240;10228
3178;21314242000;21072488888;21572488888;10240;10228
3146;21323683000;20947722222;21447722222;10240;10228
3179;21327785000;21072755555;21572755555;10240;10228
3182;21327796000;21114077777;21614077777;10240;10228
3183;21327965000;21114077777;21614077777;10240;10228
3184;21327976000;21114077777;21614077777;10240;10228
3185;21327982000;21114077777;21614077777;10240;10228
3186;21327995000;21114077777;21614077777;10240;10228
3179;21327998000;21072755555;21572755555;10240;10228
3180;21328232000;21072755555;21572755555;10240;10228
3181;21328267000;21072755555;21572755555;10240;10228
3182;21328446000;21114077777;21614077777;10240;10228
3183;21328653000;21114077777;21614077777;10240;10228
3184;21328671000;21114077777;21614077777;10240;10228
3185;21328860000;21114077777;21614077777;10240;10228
3147;21350708000;20947722222;21447722222;10240;10228
3148;21350719000;20947722222;21447722222;10240;10228
3149;21350723000;20989100000;21489100000;10240;10228
3150;21350728000;20989100000;21489100000;10240;10228
3187;21350732000;21114077777;21614077777;10240;10228
3188;21350741000;21114077777;21614077777;10240;10228
3118;21350910000;20864088888;21364088888;10240;10228
3189;21350920000;21114144444;21614144444;10240;10228
3186;21351398000;21114077777;21614077777;10240;10228
3150;21351633000;20989100000;21489100000;10240;10228
3151;21351799000;20989100000;21489100000;10240;10228
3187;21351808000;21114077777;21614077777;10240;10228
3188;21351984000;21114077777;21614077777;10240;10228
3189;21351993000;21114144444;21614144444;10240;10228
3190;21369537000;21114444444;21614444444;10240;10228
3191;21369546000;21114444444;21614444444;10240;10228
3192;21369551000;21114444444;21614444444;10240;10228
3193;21369555000;21155755555;21655755555;10240;10228
3194;21369559000;21155755555;21655755555;10240;10228
3195;21369563000;21155755555;21655755555;10240;10228
3196;21369572000;21155755555;21655755555;10240;10228
3190;21369760000;21114444444;21614444444;10240;10228
3191;21369938000;21114444444;21614444444;10240;10228
3195;21369949000;21155755555;21655755555;10240;10228
3196;21370141000;21155755555;21655755555;10240;10228
3198;21383473000;21155755555;21655755555;10240;10228
3199;21383492000;21155755555;21655755555;10240;10228
3200;21383769000;21155811111;21655811111;10240;10228
3197;21383778000;21155755555;21655755555;10240;10228
3198;21392476000;21155755555;21655755555;10240;10228
3199;21392668000;21155755555;21655755555;10240;10228
3202;21411114000;21156100000;21656100000;10240;10228
3203;21411126000;21156100000;21656100000;10240;10228
3204;21411130000;21197411111;21697411111;10240;10228
3205;21411234000;21197411111;21697411111;10240;10228
3206;21411243000;21197411111;21697411111;10240;10228
3207;21411248000;21197411111;21697411111;10240;10228
3208;21411261000;21197411111;21697411111;10240;10228
3210;21411265000;21197411111;21697411111;10240;10228
3201;21411358000;21156100000;21656100000;10240;10228
3202;21411520000;21156100000;21656100000;10240;10228
3206;21411769000;21197411111;21697411111;10240;10228
3207;21411781000;21197411111;21697411111;10240;10228
3211;21430595000;21197511111;21697511111;10240;10228
3211;21430950000;21197511111;21697511111;10240;10228
3180;21448273000;21072755555;21572755555;10240;10228
3181;21448298000;21072755555;21572755555;10240;10228
3212;21452825000;21197800000;21697800000;10240;10228
3213;21452834000;21197800000;21697800000;10240;10228
3214;21452839000;21197800000;21697800000;10240;10228
3217;21452843000;21239088888;21739088888;10240;10228
3218;21452848000;21239088888;21739088888;10240;10228
3219;21452859000;21239088888;21739088888;10240;10228
3220;21452866000;21239088888;21739088888;10240;10228
3212;21453115000;21197800000;21697800000;10240;10228
3213;21453260000;21197800000;21697800000;10240;10228
3214;21453280000;21197800000;21697800000;10240;10228
3215;21453479000;21239088888;21739088888;10240;10228
3216;21453684000;21239088888;21739088888;10240;10228
3217;21453704000;21239088888;21739088888;10240;10228
3218;21453893000;21239088888;21739088888;10240;10228
3219;21453912000;21239088888;21739088888;10240;10228
3220;21454105000;21239088888;21739088888;10240;10228
3221;21471006000;21239088888;21739088888;10240;10228
3222;21471018000;21239155555;21739155555;10240;10228
3221;21471197000;21239088888;21739088888;10240;10228
3222;21471409000;21239155555;21739155555;10240;10228
3223;21494522000;21239444444;21739444444;10240;10228
3224;21494536000;21239444444;21739444444;10240;10228
3225;21494540000;21239444444;21739444444;10240;10228
3226;21494544000;21280755555;21780755555;10240;10228
3227;21494559000;21280755555;21780755555;10240;10228
3228;21494564000;21280755555;21780755555;10240;10228
3229;21494569000;21280755555;21780755555;10240;10228
3230;21494576000;21280755555;21780755555;10240;10228
3231;21494587000;21280755555;21780755555;10240;10228
3232;21494592000;21280755555;21780755555;10240;10228
3233;21494597000;21280833333;21780833333;10240;10228
3223;21494748000;21239444444;21739444444;10240;10228
3226;21494948000;21280755555;21780755555;10240;10228
3227;21494968000;21280755555;21780755555;10240;10228
3228;21495170000;21280755555;21780755555;10240;10228
3229;21495335000;21280755555;21780755555;10240;10228
3230;21495346000;21280755555;21780755555;10240;10228
3231;21495506000;21280755555;21780755555;10240;10228
3232;21495790000;21280755555;21780755555;10240;10228
3233;21503924000;21280833333;21780833333;10240;10228
3197;21504046000;21155755555;21655755555;10240;10228
3192;21504296000;21114444444;21614444444;10240;10228
3193;21504460000;21155755555;21655755555;10240;10228
3194;21504689000;21155755555;21655755555;10240;10228
3171;21531334000;21072422222;21572422222;10240;10228
3200;21532160000;21155811111;21655811111;10240;10228
3234;21536149000;21281144444;21781144444;10240;10228
3235;21536170000;21281144444;21781144444;10240;10228
3236;21536175000;21281144444;21781144444;10240;10228
3237;21536178000;21322422222;21822422222;10240;10228
3238;21536200000;21322422222;21822422222;10240;10228
3239;21536207000;21322422222;21822422222;10240;10228
3240;21536223000;21322422222;21822422222;10240;10228
3241;21536228000;21322422222;21822422222;10240;10228
3242;21536239000;21322422222;21822422222;10240;10228
3234;21536364000;21281144444;21781144444;10240;10228
3235;21536578000;21281144444;21781144444;10240;10228
3236;21536779000;21281144444;21781144444;10240;10228
3237;21536788000;21322422222;21822422222;10240;10228
3238;21537004000;21322422222;21822422222;10240;10228
3239;21537022000;21322422222;21822422222;10240;10228
3240;21537181000;21322422222;21822422222;10240;10228
3241;21537199000;21322422222;21822422222;10240;10228
3243;21551242000;21322422222;21822422222;10240;10228
3203;21551406000;21156100000;21656100000;10240;10228
3204;21551617000;21197411111;21697411111;10240;10228
3205;21551627000;21197411111;21697411111;10240;10228
3242;21551820000;21322422222;21822422222;10240;10228
3244;21568542000;21322488888;21822488888;10240;10228
3243;21568761000;21322422222;21822422222;10240;10228
3209;21573201000;21197411111;21697411111;10240;10228
3215;21573210000;21239088888;21739088888;10240;10228
3216;21573215000;21239088888;21739088888;10240;10228
3244;21573299000;21322488888;21822488888;10240;10228
3208;21573742000;21197411111;21697411111;10240;10228
3209;21573949000;21197411111;21697411111;10240;10228
3245;21577870000;21322766666;21822766666;10240;10228
3246;21577880000;21322766666;21822766666;10240;10228
3247;21577884000;21322766666;21822766666;10240;10228
3248;21577890000;21364088888;21864088888;10240;10228
3249;21577898000;21364088888;21864088888;10240;10228
3250;21577903000;21364088888;21864088888;10240;10228
3245;21578035000;21322766666;21822766666;10240;10228
3246;21578276000;21322766666;21822766666;10240;10228
3248;21578443000;21364088888;21864088888;10240;10228
3252;21591261000;21364088888;21864088888;10240;10228
3254;21591271000;21364088888;21864088888;10240;10228
3255;21591411000;21364144444;21864144444;10240;10228
3252;21591842000;21364088888;21864088888;10240;10228
3253;21614962000;21364088888;21864088888;10240;10228
3254;21615187000;21364088888;21864088888;10240;10228
3255;21615207000;21364144444;21864144444;10240;10228
3224;21615802000;21239444444;21739444444;10240;10228
3225;21616014000;21239444444;21739444444;10240;10228
3256;21619549000;21364422222;21864422222;10240;10228
3257;21619563000;21364422222;21864422222;10240;10228
3259;21619570000;21405755555;21905755555;10240;10228
3260;21619575000;21405755555;21905755555;10240;10228
3261;21619580000;21405755555;21905755555;10240;10228
3262;21619585000;21405755555;21905755555;10240;10228
3263;21619589000;21405755555;21905755555;10240;10228
3256;21619684000;21364422222;21864422222;10240;10228
3257;21619888000;21364422222;21864422222;10240;10228
3258;21619899000;21364422222;21864422222;10240;10228
3259;21620127000;21405755555;21905755555;10240;10228
3260;21620285000;21405755555;21905755555;10240;10228
3261;21620296000;21405755555;21905755555;10240;10228
3262;21620473000;21405755555;21905755555;10240;10228
3263;21620707000;21405755555;21905755555;10240;10228
3266;21624911000;21405822222;21905822222;10240;10228
3264;21625101000;21405755555;21905755555;10240;10228
3265;21625348000;21405755555;21905755555;10240;10228
3266;21651657000;21405822222;21905822222;10240;10228
3201;21656546000;21156100000;21656100000;10240;10228
3267;21661208000;21406133333;21906133333;10240;10228
3268;21661220000;21406133333;21906133333;10240;10228
3269;21661224000;21406133333;21906133333;10240;10228
3270;21661228000;21447422222;21947422222;10240;10228
3271;21661232000;21447422222;21947422222;10240;10228
3272;21661237000;21447422222;21947422222;10240;10228
3275;21661243000;21447422222;21947422222;10240;10228
3267;21661371000;21406133333;21906133333;10240;10228
3268;21661567000;21406133333;21906133333;10240;10228
3269;21661787000;21406133333;21906133333;10240;10228
3270;21661798000;21447422222;21947422222;10240;10228
3272;21661986000;21447422222;21947422222;10240;10228
3274;21662007000;21447422222;21947422222;10240;10228
3277;21671638000;21447488888;21947488888;10240;10228
3275;21671744000;21447422222;21947422222;10240;10228
3276;21672051000;21447422222;21947422222;10240;10228
3277;21672291000;21447488888;21947488888;10240;10228
3210;21698902000;21197411111;21697411111;10240;10228
3278;21702874000;21447733333;21947733333;10240;10228
3279;21702885000;21447733333;21947733333;10240;10228
3280;21702889000;21447733333;21947733333;10240;10228
3281;21702893000;21489088888;21989088888;10240;10228
3282;21702897000;21489088888;21989088888;10240;10228
3283;21702902000;21489088888;21989088888;10240;10228
3284;21702910000;21489088888;21989088888;10240;10228
3285;21702919000;21489088888;21989088888;10240;10228
3286;21702923000;21489088888;21989088888;10240;10228
3278;21703041000;21447733333;21947733333;10240;10228
3279;21703275000;21447733333;21947733333;10240;10228
3280;21703444000;21447733333;21947733333;10240;10228
3281;21703456000;21489088888;21989088888;10240;10228
3283;21703661000;21489088888;21989088888;10240;10228
3284;21703688000;21489088888;21989088888;10240;10228
3285;21703863000;21489088888;21989088888;10240;10228
3286;21703874000;21489088888;21989088888;10240;10228
3287;21711775000;21489088888;21989088888;10240;10228
3288;21711786000;21489166666;21989166666;10240;10228
3287;21711967000;21489088888;21989088888;10240;10228
3288;21712245000;21489166666;21989166666;10240;10228
3247;21735423000;21322766666;21822766666;10240;10228
3249;21735630000;21364088888;21864088888;10240;10228
3250;21735836000;21364088888;21864088888;10240;10228
3251;21735846000;21364088888;21864088888;10240;10228
3251;21739854000;21364088888;21864088888;10240;10228
3253;21739864000;21364088888;21864088888;10240;10228
3258;21739869000;21364422222;21864422222;10240;10228
3289;21744545000;21489455555;21989455555;10240;10228
3290;21744556000;21489455555;21989455555;10240;10228
3291;21744561000;21489455555;21989455555;10240;10228
3292;21744567000;21530755555;22030755555;10240;10228
3293;21744571000;21530755555;22030755555;10240;10228
3294;21744576000;21530755555;22030755555;10240;10228
3295;21744583000;21530755555;22030755555;10240;10228
3296;21744591000;21530755555;22030755555;10240;10228
3297;21744601000;21530755555;22030755555;10240;10228
3298;21744605000;21530755555;22030755555;10240;10228
3289;21744703000;21489455555;21989455555;10240;10228
3290;21744915000;21489455555;21989455555;10240;10228
3291;21744926000;21489455555;21989455555;10240;10228
3292;21745154000;21530755555;22030755555;10240;10228
3293;21745345000;21530755555;22030755555;10240;10228
3294;21745354000;21530755555;22030755555;10240;10228
3299;21745358000;21530833333;22030833333;10240;10228
3295;21745503000;21530755555;22030755555;10240;10228
3296;21745737000;21530755555;22030755555;10240;10228
3297;21745746000;21530755555;22030755555;10240;10228
3298;21745931000;21530755555;22030755555;10240;10228
3299;21745951000;21530833333;22030833333;10240;10228
3265;21781570000;21405755555;21905755555;10240;10228
3300;21786208000;21531155555;22031155555;10240;10228
3301;21786218000;21531155555;22031155555;10240;10228
3302;21786222000;21531155555;22031155555;10240;10228
3303;21786227000;21572422222;22072422222;10240;10228
3304;21786233000;21572422222;22072422222;10240;10228
3305;21786240000;21572422222;22072422222;10240;10228
3306;21786245000;21572422222;22072422222;10240;10228
3300;21786372000;21531155555;22031155555;10240;10228
3301;21786583000;21531155555;22031155555;10240;10228
3302;21786784000;21531155555;22031155555;10240;10228
3303;21786794000;21572422222;22072422222;10240;10228
3304;21786983000;21572422222;22072422222;10240;10228
3305;21787003000;21572422222;22072422222;10240;10228
3306;21787197000;21572422222;22072422222;10240;10228
3308;21791908000;21572422222;22072422222;10240;10228
3307;21792128000;21572422222;22072422222;10240;10228
3271;21792348000;21447422222;21947422222;10240;10228
3309;21792493000;21572422222;22072422222;10240;10228
3273;21792517000;21447422222;21947422222;10240;10228
3308;21792747000;21572422222;22072422222;10240;10228
3273;21823183000;21447422222;21947422222;10240;10228
3274;21823211000;21447422222;21947422222;10240;10228
3276;21823227000;21447422222;21947422222;10240;10228
3309;21823410000;21572422222;22072422222;10240;10228
3310;21823629000;21572477777;22072477777;10240;10228
3282;21824342000;21489088888;21989088888;10240;10228
3311;21827851000;21572744444;22072744444;10240;10228
3312;21827860000;21572744444;22072744444;10240;10228
3313;21827866000;21572744444;22072744444;10240;10228
3314;21827870000;21614088888;22114088888;10240;10228
3315;21827875000;21614088888;22114088888;10240;10228
3316;21827879000;21614088888;22114088888;10240;10228
3317;21827889000;21614088888;22114088888;10240;10228
3318;21827896000;21614088888;22114088888;10240;10228
3311;21828040000;21572744444;22072744444;10240;10228
3312;21828275000;21572744444;22072744444;10240;10228
3313;21828471000;21572744444;22072744444;10240;10228
3314;21828504000;21614088888;22114088888;10240;10228
3315;21828657000;21614088888;22114088888;10240;10228
3316;21828668000;21614088888;22114088888;10240;10228
3317;21828885000;21614088888;22114088888;10240;10228
3318;21828906000;21614088888;22114088888;10240;10228
3320;21832103000;21614088888;22114088888;10240;10228
3321;21855684000;21614155555;22114155555;10240;10228
3319;21855905000;21614088888;22114088888;10240;10228
3321;21856231000;21614155555;22114155555;10240;10228
3322;21869587000;21614444444;22114444444;10240;10228
3323;21869600000;21614444444;22114444444;10240;10228
3324;21869604000;21614444444;22114444444;10240;10228
3325;21869612000;21655755555;22155755555;10240;10228
3326;21869617000;21655755555;22155755555;10240;10228
3327;21869633000;21655755555;22155755555;10240;10228
3328;21869638000;21655755555;22155755555;10240;10228
3329;21869653000;21655755555;22155755555;10240;10228
3330;21869659000;21655755555;22155755555;10240;10228
3331;21869672000;21655755555;22155755555;10240;10228
3332;21869678000;21655833333;22155833333;10240;10228
3322;21869693000;21614444444;22114444444;10240;10228
3323;21869920000;21614444444;22114444444;10240;10228
3325;21869929000;21655755555;22155755555;10240;10228
3326;21870155000;21655755555;22155755555;10240;10228
3327;21870317000;21655755555;22155755555;10240;10228
3328;21870337000;21655755555;22155755555;10240;10228
3329;21870553000;21655755555;22155755555;10240;10228
3330;21870572000;21655755555;22155755555;10240;10228
3331;21870739000;21655755555;22155755555;10240;10228
3332;21870747000;21655833333;22155833333;10240;10228
3264;21906478000;21405755555;21905755555;10240;10228
3333;21911164000;21656155555;22156155555;10240;10228
3335;21911177000;21656155555;22156155555;10240;10228
3337;21911183000;21697422222;22197422222;10240;10228
3338;21911205000;21697422222;22197422222;10240;10228
3339;21911210000;21697422222;22197422222;10240;10228
3340;21911215000;21697422222;22197422222;10240;10228
3341;21911219000;21697422222;22197422222;10240;10228
3333;21911374000;21656155555;22156155555;10240;10228
3334;21911570000;21656155555;22156155555;10240;10228
3335;21911788000;21656155555;22156155555;10240;10228
3336;21911810000;21697422222;22197422222;10240;10228
3337;21911987000;21697422222;22197422222;10240;10228
3338;21912008000;21697422222;22197422222;10240;10228
3339;21912190000;21697422222;22197422222;10240;10228
3340;21912210000;21697422222;22197422222;10240;10228
3342;21912371000;21697422222;22197422222;10240;10228
3343;21912382000;21697488888;22197488888;10240;10228
3341;21912387000;21697422222;22197422222;10240;10228
3342;21912599000;21697422222;22197422222;10240;10228
3343;21912846000;21697488888;22197488888;10240;10228
3307;21948188000;21572422222;22072422222;10240;10228
3310;21948198000;21572477777;22072477777;10240;10228
3344;21952869000;21697777777;22197777777;10240;10228
3345;21952880000;21697777777;22197777777;10240;10228
3346;21952886000;21697777777;22197777777;10240;10228
3348;21952891000;21739088888;22239088888;10240;10228
3349;21952908000;21739088888;22239088888;10240;10228
3350;21952919000;21739088888;22239088888;10240;10228
3352;21952924000;21739088888;22239088888;10240;10228
3353;21952929000;21739088888;22239088888;10240;10228
3354;21952946000;21739166666;22239166666;10240;10228
3344;21953042000;21697777777;22197777777;10240;10228
3345;21953276000;21697777777;22197777777;10240;10228
3346;21953445000;21697777777;22197777777;10240;10228
3347;21953456000;21739088888;22239088888;10240;10228
3348;21953660000;21739088888;22239088888;10240;10228
3349;21953671000;21739088888;22239088888;10240;10228
3350;21953884000;21739088888;22239088888;10240;10228
3351;21953905000;21739088888;22239088888;10240;10228
3352;21954061000;21739088888;22239088888;10240;10228
3353;21954260000;21739088888;22239088888;10240;10228
3354;21954269000;21739166666;22239166666;10240;10228
3319;21989953000;21614088888;22114088888;10240;10228
3320;21990382000;21614088888;22114088888;10240;10228
3324;21990777000;21614444444;22114444444;10240;10228
3355;21994562000;21739455555;22239455555;10240;10228
3356;21994573000;21739455555;22239455555;10240;10228
3357;21994580000;21739455555;22239455555;10240;10228
3358;21994584000;21780755555;22280755555;10240;10228
3359;21994588000;21780755555;22280755555;10240;10228
3360;21994601000;21780755555;22280755555;10240;10228
3361;21994606000;21780755555;22280755555;10240;10228
3362;21994609000;21780755555;22280755555;10240;10228
3363;21994614000;21780755555;22280755555;10240;10228
3364;21994618000;21780755555;22280755555;10240;10228
3365;21994631000;21780833333;22280833333;10240;10228
3355;21994714000;21739455555;22239455555;10240;10228
3357;21994915000;21739455555;22239455555;10240;10228
3358;21994925000;21780755555;22280755555;10240;10228
3359;21995157000;21780755555;22280755555;10240;10228
3360;21995318000;21780755555;22280755555;10240;10228
3362;21995327000;21780755555;22280755555;10240;10228
3363;21995503000;21780755555;22280755555;10240;10228
3334;22031498000;21656155555;22156155555;10240;10228
3336;22031509000;21697422222;22197422222;10240;10228
3366;22036181000;21781155555;22281155555;10240;10228
3367;22036192000;21781155555;22281155555;10240;10228
3368;22036197000;21781155555;22281155555;10240;10228
3369;22036203000;21822422222;22322422222;10240;10228
3370;22036206000;21822422222;22322422222;10240;10228
3371;22036217000;21822422222;22322422222;10240;10228
3372;22036226000;21822422222;22322422222;10240;10228
3373;22036230000;21822422222;22322422222;10240;10228
3374;22036241000;21822422222;22322422222;10240;10228
3375;22036246000;21822422222;22322422222;10240;10228
3376;22036250000;21822500000;22322500000;10240;10228
3366;22036372000;21781155555;22281155555;10240;10228
3367;22036567000;21781155555;22281155555;10240;10228
3368;22036786000;21781155555;22281155555;10240;10228
3369;22036797000;21822422222;22322422222;10240;10228
3370;22036987000;21822422222;22322422222;10240;10228
3371;22037008000;21822422222;22322422222;10240;10228
3372;22037224000;21822422222;22322422222;10240;10228
3374;22037244000;21822422222;22322422222;10240;10228
3375;22037391000;21822422222;22322422222;10240;10228
3347;22073123000;21739088888;22239088888;10240;10228
3351;22073151000;21739088888;22239088888;10240;10228
3378;22077899000;21822777777;22322777777;10240;10228
3380;22077930000;21864111111;22364111111;10240;10228
3381;22077935000;21864111111;22364111111;10240;10228
3382;22077940000;21864111111;22364111111;10240;10228
3383;22077955000;21864111111;22364111111;10240;10228
3384;22077960000;21864111111;22364111111;10240;10228
3385;22077973000;21864111111;22364111111;10240;10228
3377;22078067000;21822777777;22322777777;10240;10228
3386;22078211000;21864111111;22364111111;10240;10228
3387;22078223000;21864200000;22364200000;10240;10228
3378;22078238000;21822777777;22322777777;10240;10228
3379;22078477000;21822777777;22322777777;10240;10228
3380;22078523000;21864111111;22364111111;10240;10228
3381;22078686000;21864111111;22364111111;10240;10228
3382;22078707000;21864111111;22364111111;10240;10228
3383;22078883000;21864111111;22364111111;10240;10228
3384;22078903000;21864111111;22364111111;10240;10228
3385;22079095000;21864111111;22364111111;10240;10228
3386;22079291000;21864111111;22364111111;10240;10228
3387;22079299000;21864200000;22364200000;10240;10228
3356;22115584000;21739455555;22239455555;10240;10228
3388;22119519000;21864511111;22364511111;10240;10228
3390;22119531000;21864511111;22364511111;10240;10228
3392;22119547000;21905755555;22405755555;10240;10228
3393;22119566000;21905755555;22405755555;10240;10228
3394;22119572000;21905755555;22405755555;10240;10228
3395;22119580000;21905755555;22405755555;10240;10228
3396;22119600000;21905755555;22405755555;10240;10228
3397;22119604000;21905755555;22405755555;10240;10228
3388;22119711000;21864511111;22364511111;10240;10228
3389;22119918000;21864511111;22364511111;10240;10228
3390;22119945000;21864511111;22364511111;10240;10228
3391;22120126000;21905755555;22405755555;10240;10228
3392;22120340000;21905755555;22405755555;10240;10228
3394;22120351000;21905755555;22405755555;10240;10228
3395;22120506000;21905755555;22405755555;10240;10228
3396;22120738000;21905755555;22405755555;10240;10228
3398;22120748000;21905833333;22405833333;10240;10228
3361;22156836000;21780755555;22280755555;10240;10228
3364;22157216000;21780755555;22280755555;10240;10228
3365;22157428000;21780833333;22280833333;10240;10228
3399;22161152000;21906166666;22406166666;10240;10228
3400;22161163000;21906166666;22406166666;10240;10228
3401;22161168000;21906166666;22406166666;10240;10228
3402;22161173000;21947422222;22447422222;10240;10228
3403;22161176000;21947422222;22447422222;10240;10228
3404;22161183000;21947422222;22447422222;10240;10228
3406;22161195000;21947422222;22447422222;10240;10228
3407;22161321000;21947422222;22447422222;10240;10228
3408;22161334000;21947422222;22447422222;10240;10228
3409;22161338000;21947500000;22447500000;10240;10228
3399;22161343000;21906166666;22406166666;10240;10228
3400;22161577000;21906166666;22406166666;10240;10228
3401;22161589000;21906166666;22406166666;10240;10228
3402;22161767000;21947422222;22447422222;10240;10228
3403;22161969000;21947422222;22447422222;10240;10228
3404;22161989000;21947422222;22447422222;10240;10228
3405;22162172000;21947422222;22447422222;10240;10228
3406;22162205000;21947422222;22447422222;10240;10228
3407;22162374000;21947422222;22447422222;10240;10228
3408;22162596000;21947422222;22447422222;10240;10228
3409;22162616000;21947500000;22447500000;10240;10228
3377;22198163000;21822777777;22322777777;10240;10228
3373;22198683000;21822422222;22322422222;10240;10228
3376;22198920000;21822500000;22322500000;10240;10228
3412;22202837000;21947777777;22447777777;10240;10228
3413;22202867000;21989088888;22489088888;10240;10228
3414;22202873000;21989088888;22489088888;10240;10228
3416;22202878000;21989088888;22489088888;10240;10228
3417;22202891000;21989088888;22489088888;10240;10228
3418;22202899000;21989088888;22489088888;10240;10228
3419;22202904000;21989088888;22489088888;10240;10228
3420;22202909000;21989166666;22489166666;10240;10228
3410;22203043000;21947777777;22447777777;10240;10228
3411;22203252000;21947777777;22447777777;10240;10228
3412;22203478000;21947777777;22447777777;10240;10228
3413;22203508000;21989088888;22489088888;10240;10228
3414;22203670000;21989088888;22489088888;10240;10228
3415;22203679000;21989088888;22489088888;10240;10228
3416;22203873000;21989088888;22489088888;10240;10228
3417;22203881000;21989088888;22489088888;10240;10228
3418;22204112000;21989088888;22489088888;10240;10228
3419;22204265000;21989088888;22489088888;10240;10228
3420;22204278000;21989166666;22489166666;10240;10228
3389;22239804000;21864511111;22364511111;10240;10228
3391;22239815000;21905755555;22405755555;10240;10228
3421;22244521000;21989477777;22489477777;10240;10228
3422;22244532000;21989477777;22489477777;10240;10228
3423;22244537000;21989477777;22489477777;10240;10228
3424;22244540000;22030755555;22530755555;10240;10228
3425;22244545000;22030755555;22530755555;10240;10228
3426;22244553000;22030755555;22530755555;10240;10228
3427;22244564000;22030755555;22530755555;10240;10228
3429;22244568000;22030755555;22530755555;10240;10228
3430;22244586000;22030755555;22530755555;10240;10228
3431;22244598000;22030833333;22530833333;10240;10228
3421;22244703000;21989477777;22489477777;10240;10228
3424;22244918000;22030755555;22530755555;10240;10228
3425;22244928000;22030755555;22530755555;10240;10228
3426;22245154000;22030755555;22530755555;10240;10228
3427;22245318000;22030755555;22530755555;10240;10228
3428;22245329000;22030755555;22530755555;10240;10228
3429;22245502000;22030755555;22530755555;10240;10228
3430;22245513000;22030755555;22530755555;10240;10228
3431;22245734000;22030833333;22530833333;10240;10228
3398;22281451000;21905833333;22405833333;10240;10228
3397;22282019000;21905755555;22405755555;10240;10228
3434;22286194000;22031177777;22531177777;10240;10228
3435;22286217000;22072422222;22572422222;10240;10228
3436;22286223000;22072422222;22572422222;10240;10228
3437;22286230000;22072422222;22572422222;10240;10228
3438;22286234000;22072422222;22572422222;10240;10228
3439;22286252000;22072422222;22572422222;10240;10228
3440;22286259000;22072422222;22572422222;10240;10228
3441;22286268000;22072422222;22572422222;10240;10228
3442;22286273000;22072500000;22572500000;10240;10228
3432;22286381000;22031177777;22531177777;10240;10228
3433;22286579000;22031177777;22531177777;10240;10228
3434;22286797000;22031177777;22531177777;10240;10228
3435;22286806000;22072422222;22572422222;10240;10228
3436;22287022000;22072422222;22572422222;10240;10228
3437;22287041000;22072422222;22572422222;10240;10228
3438;22287197000;22072422222;22572422222;10240;10228
3439;22287215000;22072422222;22572422222;10240;10228
3440;22287399000;22072422222;22572422222;10240;10228
3442;22287410000;22072500000;22572500000;10240;10228
3410;22323217000;21947777777;22447777777;10240;10228
3411;22323228000;21947777777;22447777777;10240;10228
3415;22323233000;21989088888;22489088888;10240;10228
3443;22327850000;22072788888;22572788888;10240;10228
3444;22327859000;22072788888;22572788888;10240;10228
3445;22327864000;22072788888;22572788888;10240;10228
3446;22327868000;22114088888;22614088888;10240;10228
3447;22327872000;22114088888;22614088888;10240;10228
3448;22327885000;22114088888;22614088888;10240;10228
3449;22327891000;22114088888;22614088888;10240;10228
3450;22327895000;22114088888;22614088888;10240;10228
3451;22327906000;22114088888;22614088888;10240;10228
3452;22327910000;22114088888;22614088888;10240;10228
3453;22327917000;22114166666;22614166666;10240;10228
3444;22328042000;22072788888;22572788888;10240;10228
3445;22328244000;22072788888;22572788888;10240;10228
3446;22328475000;22114088888;22614088888;10240;10228
3447;22328505000;22114088888;22614088888;10240;10228
3449;22328660000;22114088888;22614088888;10240;10228
3451;22328669000;22114088888;22614088888;10240;10228
3452;22328870000;22114088888;22614088888;10240;10228
3453;22328879000;22114166666;22614166666;10240;10228
3428;22364859000;22030755555;22530755555;10240;10228
3393;22365374000;21905755555;22405755555;10240;10228
3422;22365579000;21989477777;22489477777;10240;10228
3423;22365781000;21989477777;22489477777;10240;10228
3454;22369546000;22114477777;22614477777;10240;10228
3455;22369558000;22114477777;22614477777;10240;10228
3457;22369562000;22155755555;22655755555;10240;10228
3458;22369580000;22155755555;22655755555;10240;10228
3459;22369587000;22155755555;22655755555;10240;10228
3460;22369606000;22155755555;22655755555;10240;10228
3461;22369610000;22155755555;22655755555;10240;10228
3462;22369625000;22155755555;22655755555;10240;10228
3463;22369633000;22155755555;22655755555;10240;10228
3464;22369652000;22155833333;22655833333;10240;10228
3454;22369734000;22114477777;22614477777;10240;10228
3455;22369919000;22114477777;22614477777;10240;10228
3456;22369939000;22114477777;22614477777;10240;10228
3457;22370158000;22155755555;22655755555;10240;10228
3458;22370322000;22155755555;22655755555;10240;10228
3459;22370331000;22155755555;22655755555;10240;10228
3460;22370514000;22155755555;22655755555;10240;10228
3461;22370735000;22155755555;22655755555;10240;10228
3462;22370746000;22155755555;22655755555;10240;10228
3463;22370962000;22155755555;22655755555;10240;10228
3464;22370983000;22155833333;22655833333;10240;10228
3465;22411215000;22156155555;22656155555;10240;10228
3466;22411227000;22156155555;22656155555;10240;10228
3467;22411231000;22156155555;22656155555;10240;10228
3468;22411235000;22197422222;22697422222;10240;10228
3469;22411239000;22197422222;22697422222;10240;10228
3470;22411243000;22197422222;22697422222;10240;10228
3471;22411248000;22197422222;22697422222;10240;10228
3472;22411258000;22197422222;22697422222;10240;10228
3473;22411266000;22197422222;22697422222;10240;10228
3465;22411373000;22156155555;22656155555;10240;10228
3474;22411499000;22197422222;22697422222;10240;10228
3475;22411519000;22197500000;22697500000;10240;10228
3466;22411581000;22156155555;22656155555;10240;10228
3467;22411789000;22156155555;22656155555;10240;10228
3468;22411800000;22197422222;22697422222;10240;10228
3469;22412017000;22197422222;22697422222;10240;10228
3470;22412036000;22197422222;22697422222;10240;10228
3471;22412148000;22197422222;22697422222;10240;10228
3472;22412181000;22197422222;22697422222;10240;10228
3473;22412397000;22197422222;22697422222;10240;10228
3474;22412576000;22197422222;22697422222;10240;10228
3475;22412596000;22197500000;22697500000;10240;10228
3379;22448117000;21822777777;22322777777;10240;10228
3441;22448726000;22072422222;22572422222;10240;10228
3443;22448903000;22072788888;22572788888;10240;10228
3476;22452850000;22197777777;22697777777;10240;10228
3477;22452873000;22197777777;22697777777;10240;10228
3478;22452878000;22197777777;22697777777;10240;10228
3479;22452882000;22239088888;22739088888;10240;10228
3480;22452887000;22239088888;22739088888;10240;10228
3481;22452905000;22239088888;22739088888;10240;10228
3482;22452924000;22239088888;22739088888;10240;10228
3483;22452930000;22239088888;22739088888;10240;10228
3484;22452940000;22239088888;22739088888;10240;10228
3485;22452948000;22239088888;22739088888;10240;10228
3476;22453040000;22197777777;22697777777;10240;10228
3477;22453281000;22197777777;22697777777;10240;10228
3478;22453447000;22197777777;22697777777;10240;10228
3479;22453458000;22239088888;22739088888;10240;10228
3480;22453662000;22239088888;22739088888;10240;10228
3481;22453672000;22239088888;22739088888;10240;10228
3482;22453865000;22239088888;22739088888;10240;10228
3483;22453876000;22239088888;22739088888;10240;10228
3484;22454074000;22239088888;22739088888;10240;10228
3486;22485094000;22239166666;22739166666;10240;10228
3485;22485325000;22239088888;22739088888;10240;10228
3450;22490381000;22114088888;22614088888;10240;10228
3488;22494558000;22239466666;22739466666;10240;10228
3490;22494580000;22280755555;22780755555;10240;10228
3491;22494586000;22280755555;22780755555;10240;10228
3492;22494591000;22280755555;22780755555;10240;10228
3493;22494596000;22280755555;22780755555;10240;10228
3494;22494610000;22280755555;22780755555;10240;10228
3495;22494614000;22280755555;22780755555;10240;10228
3496;22494622000;22280755555;22780755555;10240;10228
3497;22494627000;22280833333;22780833333;10240;10228
3488;22494723000;22239466666;22739466666;10240;10228
3489;22494932000;22239466666;22739466666;10240;10228
3490;22494943000;22280755555;22780755555;10240;10228
3491;22495170000;22280755555;22780755555;10240;10228
3492;22495339000;22280755555;22780755555;10240;10228
3493;22495348000;22280755555;22780755555;10240;10228
3494;22495521000;22280755555;22780755555;10240;10228
3495;22495751000;22280755555;22780755555;10240;10228
3496;22495763000;22280755555;22780755555;10240;10228
3497;22495766000;22280833333;22780833333;10240;10228
3405;22531827000;21947422222;22447422222;10240;10228
3432;22531838000;22031177777;22531177777;10240;10228
3433;22531842000;22031177777;22531177777;10240;10228
3498;22536150000;22281166666;22781166666;10240;10228
3499;22536160000;22281166666;22781166666;10240;10228
3500;22536165000;22281166666;22781166666;10240;10228
3501;22536168000;22322422222;22822422222;10240;10228
3502;22536173000;22322422222;22822422222;10240;10228
3503;22536187000;22322422222;22822422222;10240;10228
3504;22536193000;22322422222;22822422222;10240;10228
3505;22536202000;22322422222;22822422222;10240;10228
3506;22536207000;22322422222;22822422222;10240;10228
3507;22536215000;22322422222;22822422222;10240;10228
3508;22536311000;22322500000;22822500000;10240;10228
3498;22536347000;22281166666;22781166666;10240;10228
3499;22536549000;22281166666;22781166666;10240;10228
3502;22536778000;22322422222;22822422222;10240;10228
3504;22536787000;22322422222;22822422222;10240;10228
3505;22537015000;22322422222;22822422222;10240;10228
3506;22537024000;22322422222;22822422222;10240;10228
3507;22537136000;22322422222;22822422222;10240;10228
3508;22537144000;22322500000;22822500000;10240;10228
3509;22577853000;22322800000;22822800000;10240;10228
3510;22577863000;22322800000;22822800000;10240;10228
3511;22577868000;22322800000;22822800000;10240;10228
3512;22577872000;22364088888;22864088888;10240;10228
3513;22577876000;22364088888;22864088888;10240;10228
3514;22577889000;22364088888;22864088888;10240;10228
3515;22577895000;22364088888;22864088888;10240;10228
3516;22577906000;22364088888;22864088888;10240;10228
3517;22577910000;22364088888;22864088888;10240;10228
3519;22577922000;22364177777;22864177777;10240;10228
3509;22578032000;22322800000;22822800000;10240;10228
3510;22578274000;22322800000;22822800000;10240;10228
3511;22578442000;22322800000;22822800000;10240;10228
3512;22578453000;22364088888;22864088888;10240;10228
3513;22578654000;22364088888;22864088888;10240;10228
3514;22578666000;22364088888;22864088888;10240;10228
3515;22578880000;22364088888;22864088888;10240;10228
3516;22578899000;22364088888;22864088888;10240;10228
3517;22579096000;22364088888;22864088888;10240;10228
3518;22579254000;22364088888;22864088888;10240;10228
3519;22579265000;22364177777;22864177777;10240;10228
3456;22614889000;22114477777;22614477777;10240;10228
3487;22614900000;22239466666;22739466666;10240;10228
3489;22614920000;22239466666;22739466666;10240;10228
3448;22615402000;22114088888;22614088888;10240;10228
3486;22615601000;22239166666;22739166666;10240;10228
3487;22615614000;22239466666;22739466666;10240;10228
3520;22619508000;22364500000;22864500000;10240;10228
3521;22619520000;22364500000;22864500000;10240;10228
3523;22619539000;22405755555;22905755555;10240;10228
3524;22619556000;22405755555;22905755555;10240;10228
3525;22619560000;22405755555;22905755555;10240;10228
3526;22619568000;22405755555;22905755555;10240;10228
3527;22619577000;22405755555;22905755555;10240;10228
3528;22619593000;22405755555;22905755555;10240;10228
3529;22619606000;22405755555;22905755555;10240;10228
3530;22619610000;22405833333;22905833333;10240;10228
3520;22619713000;22364500000;22864500000;10240;10228
3521;22619916000;22364500000;22864500000;10240;10228
3524;22619928000;22405755555;22905755555;10240;10228
3525;22620123000;22405755555;22905755555;10240;10228
3526;22620320000;22405755555;22905755555;10240;10228
3527;22620330000;22405755555;22905755555;10240;10228
3528;22620505000;22405755555;22905755555;10240;10228
3529;22620736000;22405755555;22905755555;10240;10228
3500;22657579000;22281166666;22781166666;10240;10228
3501;22657799000;22322422222;22822422222;10240;10228
3503;22658004000;22322422222;22822422222;10240;10228
3531;22661126000;22406166666;22906166666;10240;10228
3532;22661135000;22406166666;22906166666;10240;10228
3533;22661143000;22406166666;22906166666;10240;10228
3534;22661147000;22447422222;22947422222;10240;10228
3535;22661161000;22447422222;22947422222;10240;10228
3536;22661166000;22447422222;22947422222;10240;10228
3537;22661170000;22447422222;22947422222;10240;10228
3538;22661257000;22447422222;22947422222;10240;10228
3539;22661268000;22447422222;22947422222;10240;10228
3540;22661282000;22447422222;22947422222;10240;10228
3541;22661287000;22447500000;22947500000;10240;10228
3531;22661362000;22406166666;22906166666;10240;10228
3532;22661546000;22406166666;22906166666;10240;10228
3534;22661767000;22447422222;22947422222;10240;10228
3535;22661776000;22447422222;22947422222;10240;10228
3536;22661965000;22447422222;22947422222;10240;10228
3537;22661983000;22447422222;22947422222;10240;10228
3538;22662189000;22447422222;22947422222;10240;10228
3539;22662198000;22447422222;22947422222;10240;10228
3540;22662370000;22447422222;22947422222;10240;10228
3541;22662380000;22447500000;22947500000;10240;10228
3542;22702815000;22447766666;22947766666;10240;10228
3544;22702827000;22447766666;22947766666;10240;10228
3545;22702848000;22489077777;22989077777;10240;10228
3546;22702859000;22489077777;22989077777;10240;10228
3547;22702864000;22489077777;22989077777;10240;10228
3548;22702878000;22489077777;22989077777;10240;10228
3549;22702883000;22489077777;22989077777;10240;10228
3551;22702895000;22489077777;22989077777;10240;10228
3552;22702900000;22489166666;22989166666;10240;10228
3542;22703006000;22447766666;22947766666;10240;10228
3543;22703240000;22447766666;22947766666;10240;10228
3544;22703466000;22447766666;22947766666;10240;10228
3545;22703478000;22489077777;22989077777;10240;10228
3547;22703654000;22489077777;22989077777;10240;10228
3548;22703665000;22489077777;22989077777;10240;10228
3550;22703859000;22489077777;22989077777;10240;10228
3551;22703885000;22489077777;22989077777;10240;10228
3552;22704065000;22489166666;22989166666;10240;10228
3518;22739744000;22364088888;22864088888;10240;10228
3522;22739777000;22364500000;22864500000;10240;10228
3522;22740737000;22364500000;22864500000;10240;10228
3553;22744551000;22489477777;22989477777;10240;10228
3555;22744562000;22489477777;22989477777;10240;10228
3556;22744580000;22530755555;23030755555;10240;10228
3558;22744584000;22530755555;23030755555;10240;10228
3559;22744594000;22530755555;23030755555;10240;10228
3560;22744599000;22530755555;23030755555;10240;10228
3561;22744618000;22530755555;23030755555;10240;10228
3562;22744622000;22530755555;23030755555;10240;10228
3563;22744629000;22530833333;23030833333;10240;10228
3553;22744723000;22489477777;22989477777;10240;10228
3559;22744926000;22530755555;23030755555;10240;10228
3560;22744935000;22530755555;23030755555;10240;10228
3561;22745126000;22530755555;23030755555;10240;10228
3562;22745320000;22530755555;23030755555;10240;10228
3563;22745331000;22530833333;23030833333;10240;10228
3530;22782123000;22405833333;22905833333;10240;10228
3533;22782395000;22406166666;22906166666;10240;10228
3564;22786122000;22531166666;23031166666;10240;10228
3565;22786150000;22531166666;23031166666;10240;10228
3566;22786157000;22531166666;23031166666;10240;10228
3567;22786160000;22572411111;23072411111;10240;10228
3568;22786165000;22572411111;23072411111;10240;10228
3569;22786175000;22572411111;23072411111;10240;10228
3570;22786236000;22572411111;23072411111;10240;10228
3571;22786245000;22572411111;23072411111;10240;10228
3572;22786250000;22572411111;23072411111;10240;10228
3573;22786254000;22572411111;23072411111;10240;10228
3574;22786258000;22572500000;23072500000;10240;10228
3564;22786356000;22531166666;23031166666;10240;10228
3565;22786539000;22531166666;23031166666;10240;10228
3566;22786762000;22531166666;23031166666;10240;10228
3567;22786773000;22572411111;23072411111;10240;10228
3568;22786962000;22572411111;23072411111;10240;10228
3569;22786981000;22572411111;23072411111;10240;10228
3570;22787166000;22572411111;23072411111;10240;10228
3571;22787184000;22572411111;23072411111;10240;10228
3572;22787369000;22572411111;23072411111;10240;10228
3573;22787598000;22572411111;23072411111;10240;10228
3543;22823138000;22447766666;22947766666;10240;10228
3546;22824296000;22489077777;22989077777;10240;10228
3575;22827878000;22572788888;23072788888;10240;10228
3576;22827888000;22572788888;23072788888;10240;10228
3577;22827892000;22572788888;23072788888;10240;10228
3579;22827896000;22614088888;23114088888;10240;10228
3580;22827900000;22614088888;23114088888;10240;10228
3581;22827905000;22614088888;23114088888;10240;10228
3582;22827913000;22614088888;23114088888;10240;10228
3583;22827922000;22614088888;23114088888;10240;10228
3584;22827927000;22614088888;23114088888;10240;10228
3575;22828043000;22572788888;23072788888;10240;10228
3585;22828171000;22614166666;23114166666;10240;10228
3577;22828218000;22572788888;23072788888;10240;10228
3579;22828473000;22614088888;23114088888;10240;10228
3582;22828503000;22614088888;23114088888;10240;10228
3583;22828663000;22614088888;23114088888;10240;10228
3584;22828673000;22614088888;23114088888;10240;10228
3585;22828864000;22614166666;23114166666;10240;10228
3549;22860199000;22489077777;22989077777;10240;10228
3550;22864834000;22489077777;22989077777;10240;10228
3554;22864865000;22489477777;22989477777;10240;10228
3557;22864881000;22530755555;23030755555;10240;10228
3523;22865402000;22405755555;22905755555;10240;10228
3554;22865611000;22489477777;22989477777;10240;10228
3555;22865819000;22489477777;22989477777;10240;10228
3556;22865850000;22530755555;23030755555;10240;10228
3586;22869512000;22614477777;23114477777;10240;10228
3587;22869554000;22614477777;23114477777;10240;10228
3588;22869569000;22614477777;23114477777;10240;10228
3589;22869574000;22655755555;23155755555;10240;10228
3590;22869584000;22655755555;23155755555;10240;10228
3591;22869589000;22655755555;23155755555;10240;10228
3593;22869600000;22655755555;23155755555;10240;10228
3594;22869605000;22655755555;23155755555;10240;10228
3595;22869609000;22655755555;23155755555;10240;10228
3586;22869704000;22614477777;23114477777;10240;10228
3587;22869921000;22614477777;23114477777;10240;10228
3588;22869930000;22614477777;23114477777;10240;10228
3589;22870160000;22655755555;23155755555;10240;10228
3590;22870321000;22655755555;23155755555;10240;10228
3591;22870344000;22655755555;23155755555;10240;10228
3592;22870518000;22655755555;23155755555;10240;10228
3594;22870737000;22655755555;23155755555;10240;10228
3595;22870748000;22655755555;23155755555;10240;10228
3596;22902369000;22655833333;23155833333;10240;10228
3596;22902511000;22655833333;23155833333;10240;10228
3597;22911178000;22656166666;23156166666;10240;10228
3598;22911189000;22656166666;23156166666;10240;10228
3599;22911195000;22656166666;23156166666;10240;10228
3600;22911199000;22697422222;23197422222;10240;10228
3601;22911204000;22697422222;23197422222;10240;10228
3602;22911218000;22697422222;23197422222;10240;10228
3603;22911223000;22697422222;23197422222;10240;10228
3604;22911228000;22697422222;23197422222;10240;10228
3605;22911239000;22697422222;23197422222;10240;10228
3606;22911243000;22697422222;23197422222;10240;10228
3607;22911250000;22697511111;23197511111;10240;10228
3597;22911370000;22656166666;23156166666;10240;10228
3598;22911553000;22656166666;23156166666;10240;10228
3599;22911783000;22656166666;23156166666;10240;10228
3600;22911795000;22697422222;23197422222;10240;10228
3601;22911987000;22697422222;23197422222;10240;10228
3605;22911998000;22697422222;23197422222;10240;10228
3606;22912227000;22697422222;23197422222;10240;10228
3578;22948205000;22614088888;23114088888;10240;10228
3574;22948819000;22572500000;23072500000;10240;10228
3576;22949023000;22572788888;23072788888;10240;10228
3578;22949220000;22614088888;23114088888;10240;10228
3580;22949240000;22614088888;23114088888;10240;10228
3581;22949422000;22614088888;23114088888;10240;10228
3608;22952850000;22697844444;23197844444;10240;10228
3609;22952862000;22697844444;23197844444;10240;10228
3610;22952867000;22697844444;23197844444;10240;10228
3611;22952871000;22739088888;23239088888;10240;10228
3612;22952875000;22739088888;23239088888;10240;10228
3613;22952887000;22739088888;23239088888;10240;10228
3614;22952891000;22739088888;23239088888;10240;10228
3615;22952902000;22739088888;23239088888;10240;10228
3616;22952906000;22739088888;23239088888;10240;10228
3617;22952911000;22739088888;23239088888;10240;10228
3608;22953041000;22697844444;23197844444;10240;10228
3609;22953281000;22697844444;23197844444;10240;10228
3610;22953451000;22697844444;23197844444;10240;10228
3611;22953460000;22739088888;23239088888;10240;10228
3612;22953664000;22739088888;23239088888;10240;10228
3613;22953673000;22739088888;23239088888;10240;10228
3615;22953888000;22739088888;23239088888;10240;10228
3616;22953907000;22739088888;23239088888;10240;10228
3618;22985117000;22739166666;23239166666;10240;10228
3617;22985332000;22739088888;23239088888;10240;10228
3618;22985508000;22739166666;23239166666;10240;10228
3592;22989848000;22655755555;23155755555;10240;10228
3557;22990393000;22530755555;23030755555;10240;10228
3558;22990600000;22530755555;23030755555;10240;10228
3619;22994512000;22739455555;23239455555;10240;10228
3620;22994534000;22739455555;23239455555;10240;10228
3621;22994538000;22739455555;23239455555;10240;10228
3622;22994550000;22780755555;23280755555;10240;10228
3623;22994554000;22780755555;23280755555;10240;10228
3624;22994559000;22780755555;23280755555;10240;10228
3625;22994567000;22780755555;23280755555;10240;10228
3627;22994576000;22780755555;23280755555;10240;10228
3628;22994584000;22780755555;23280755555;10240;10228
3619;22994764000;22739455555;23239455555;10240;10228
3620;22994948000;22739455555;23239455555;10240;10228
3621;22994968000;22739455555;23239455555;10240;10228
3622;22995160000;22780755555;23280755555;10240;10228
3623;22995335000;22780755555;23280755555;10240;10228
3624;22995346000;22780755555;23280755555;10240;10228
3625;22995520000;22780755555;23280755555;10240;10228
3626;22995542000;22780755555;23280755555;10240;10228
3627;22995791000;22780755555;23280755555;10240;10228
3629;23022632000;22780833333;23280833333;10240;10228
3628;23022873000;22780755555;23280755555;10240;10228
3629;23023050000;22780833333;23280833333;10240;10228
3593;23031885000;22655755555;23155755555;10240;10228
3631;23036193000;22781144444;23281144444;10240;10228
3632;23036216000;22781144444;23281144444;10240;10228
3633;23036222000;22822422222;23322422222;10240;10228
3634;23036226000;22822422222;23322422222;10240;10228
3636;23036230000;22822422222;23322422222;10240;10228
3637;23036245000;22822422222;23322422222;10240;10228
3638;23036253000;22822422222;23322422222;10240;10228
3639;23036261000;22822422222;23322422222;10240;10228
3640;23036265000;22822500000;23322500000;10240;10228
3630;23036412000;22781144444;23281144444;10240;10228
3631;23036615000;22781144444;23281144444;10240;10228
3632;23036635000;22781144444;23281144444;10240;10228
3633;23036849000;22822422222;23322422222;10240;10228
3634;23037021000;22822422222;23322422222;10240;10228
3635;23037040000;22822422222;23322422222;10240;10228
3636;23037219000;22822422222;23322422222;10240;10228
3637;23037238000;22822422222;23322422222;10240;10228
3638;23037429000;22822422222;23322422222;10240;10228
3639;23037670000;22822422222;23322422222;10240;10228
3640;23068783000;22822500000;23322500000;10240;10228
3602;23073550000;22697422222;23197422222;10240;10228
3603;23073737000;22697422222;23197422222;10240;10228
3604;23073757000;22697422222;23197422222;10240;10228
3607;23073941000;22697511111;23197511111;10240;10228
3641;23077860000;22822788888;23322788888;10240;10228
3642;23077870000;22822788888;23322788888;10240;10228
3643;23077875000;22822788888;23322788888;10240;10228
3644;23077878000;22864088888;23364088888;10240;10228
3645;23077882000;22864088888;23364088888;10240;10228
3646;23077893000;22864088888;23364088888;10240;10228
3647;23077898000;22864088888;23364088888;10240;10228
3648;23077909000;22864088888;23364088888;10240;10228
3649;23077913000;22864088888;23364088888;10240;10228
3650;23077921000;22864088888;23364088888;10240;10228
3651;23077926000;22864177777;23364177777;10240;10228
3641;23078078000;22822788888;23322788888;10240;10228
3642;23078275000;22822788888;23322788888;10240;10228
3644;23078296000;22864088888;23364088888;10240;10228
3645;23078495000;22864088888;23364088888;10240;10228
3646;23078732000;22864088888;23364088888;10240;10228
3647;23078752000;22864088888;23364088888;10240;10228
3648;23078883000;22864088888;23364088888;10240;10228
3649;23078903000;22864088888;23364088888;10240;10228
3650;23079057000;22864088888;23364088888;10240;10228
3651;23079269000;22864177777;23364177777;10240;10228
3614;23105873000;22739088888;23239088888;10240;10228
3652;23119501000;22864488888;23364488888;10240;10228
3653;23119511000;22864488888;23364488888;10240;10228
3654;23119516000;22864488888;23364488888;10240;10228
3655;23119519000;22905755555;23405755555;10240;10228
3656;23119528000;22905755555;23405755555;10240;10228
3657;23119537000;22905755555;23405755555;10240;10228
3658;23119542000;22905755555;23405755555;10240;10228
3659;23119552000;22905755555;23405755555;10240;10228
3660;23119556000;22905755555;23405755555;10240;10228
3661;23119563000;22905755555;23405755555;10240;10228
3662;23119644000;22905844444;23405844444;10240;10228
3652;23119780000;22864488888;23364488888;10240;10228
3653;23119940000;22864488888;23364488888;10240;10228
3654;23119960000;22864488888;23364488888;10240;10228
3655;23120165000;22905755555;23405755555;10240;10228
3656;23120336000;22905755555;23405755555;10240;10228
3657;23120345000;22905755555;23405755555;10240;10228
3658;23120516000;22905755555;23405755555;10240;10228
3659;23120540000;22905755555;23405755555;10240;10228
3660;23120758000;22905755555;23405755555;10240;10228
3661;23120937000;22905755555;23405755555;10240;10228
3662;23120947000;22905844444;23405844444;10240;10228
3626;23142845000;22780755555;23280755555;10240;10228
3630;23156520000;22781144444;23281144444;10240;10228
3635;23156533000;22822422222;23322422222;10240;10228
3663;23161195000;22906177777;23406177777;10240;10228
3664;23161219000;22906177777;23406177777;10240;10228
3665;23161223000;22906177777;23406177777;10240;10228
3666;23161239000;22947422222;23447422222;10240;10228
3667;23161252000;22947422222;23447422222;10240;10228
3669;23161268000;22947422222;23447422222;10240;10228
3670;23161273000;22947422222;23447422222;10240;10228
3671;23161288000;22947422222;23447422222;10240;10228
3672;23161292000;22947422222;23447422222;10240;10228
3673;23161296000;22947500000;23447500000;10240;10228
3663;23161369000;22906177777;23406177777;10240;10228
3664;23161576000;22906177777;23406177777;10240;10228
3666;23161589000;22947422222;23447422222;10240;10228
3667;23161790000;22947422222;23447422222;10240;10228
3669;23161990000;22947422222;23447422222;10240;10228
3670;23162008000;22947422222;23447422222;10240;10228
3671;23162219000;22947422222;23447422222;10240;10228
3672;23162237000;22947422222;23447422222;10240;10228
3673;23162396000;22947500000;23447500000;10240;10228
3643;23199176000;22822788888;23322788888;10240;10228
3674;23202838000;22947777777;23447777777;10240;10228
3675;23202849000;22947777777;23447777777;10240;10228
3676;23202853000;22947777777;23447777777;10240;10228
3677;23202859000;22989088888;23489088888;10240;10228
3678;23202863000;22989088888;23489088888;10240;10228
3679;23202869000;22989088888;23489088888;10240;10228
3680;23202878000;22989088888;23489088888;10240;10228
3681;23202940000;22989088888;23489088888;10240;10228
3682;23202960000;22989088888;23489088888;10240;10228
3683;23202964000;22989088888;23489088888;10240;10228
3684;23202968000;22989188888;23489188888;10240;10228
3674;23203054000;22947777777;23447777777;10240;10228
3675;23203236000;22947777777;23447777777;10240;10228
3676;23203432000;22947777777;23447777777;10240;10228
3677;23203443000;22989088888;23489088888;10240;10228
3678;23203645000;22989088888;23489088888;10240;10228
3680;23203667000;22989088888;23489088888;10240;10228
3681;23203842000;22989088888;23489088888;10240;10228
3682;23203863000;22989088888;23489088888;10240;10228
3683;23204046000;22989088888;23489088888;10240;10228
3684;23204067000;22989188888;23489188888;10240;10228
3685;23244503000;22989522222;23489522222;10240;10228
3686;23244516000;22989522222;23489522222;10240;10228
3687;23244520000;22989522222;23489522222;10240;10228
3688;23244529000;23030755555;23530755555;10240;10228
3689;23244534000;23030755555;23530755555;10240;10228
3692;23244540000;23030755555;23530755555;10240;10228
3693;23244552000;23030755555;23530755555;10240;10228
3694;23244557000;23030755555;23530755555;10240;10228
3695;23244561000;23030833333;23530833333;10240;10228
3685;23244697000;22989522222;23489522222;10240;10228
3686;23244907000;22989522222;23489522222;10240;10228
3687;23245098000;22989522222;23489522222;10240;10228
3688;23245119000;23030755555;23530755555;10240;10228
3689;23245304000;23030755555;23530755555;10240;10228
3690;23245316000;23030755555;23530755555;10240;10228
3691;23245499000;23030755555;23530755555;10240;10228
3692;23245726000;23030755555;23530755555;10240;10228
3693;23245745000;23030755555;23530755555;10240;10228
3694;23245918000;23030755555;23530755555;10240;10228
3695;23245938000;23030833333;23530833333;10240;10228
3668;23281500000;22947422222;23447422222;10240;10228
3668;23282634000;22947422222;23447422222;10240;10228
3696;23286168000;23031144444;23531144444;10240;10228
3698;23286181000;23031144444;23531144444;10240;10228
3699;23286188000;23072422222;23572422222;10240;10228
3700;23286193000;23072422222;23572422222;10240;10228
3701;23286198000;23072422222;23572422222;10240;10228
3702;23286202000;23072422222;23572422222;10240;10228
3703;23286206000;23072422222;23572422222;10240;10228
3704;23286277000;23072422222;23572422222;10240;10228
3705;23286296000;23072422222;23572422222;10240;10228
3697;23286373000;23031144444;23531144444;10240;10228
3698;23286576000;23031144444;23531144444;10240;10228
3699;23286802000;23072422222;23572422222;10240;10228
3700;23286825000;23072422222;23572422222;10240;10228
3701;23287017000;23072422222;23572422222;10240;10228
3702;23287038000;23072422222;23572422222;10240;10228
3703;23287193000;23072422222;23572422222;10240;10228
3704;23287213000;23072422222;23572422222;10240;10228
3706;23287396000;23072500000;23572500000;10240;10228
3679;23324508000;22989088888;23489088888;10240;10228
3707;23327883000;23072788888;23572788888;10240;10228
3708;23327895000;23072788888;23572788888;10240;10228
3709;23327903000;23072788888;23572788888;10240;10228
3710;23327907000;23114088888;23614088888;10240;10228
3711;23327911000;23114088888;23614088888;10240;10228
3712;23327916000;23114088888;23614088888;10240;10228
3713;23327921000;23114088888;23614088888;10240;10228
3714;23327925000;23114088888;23614088888;10240;10228
3715;23327934000;23114088888;23614088888;10240;10228
3716;23327938000;23114088888;23614088888;10240;10228
3708;23328047000;23072788888;23572788888;10240;10228
3709;23328238000;23072788888;23572788888;10240;10228
3710;23328436000;23114088888;23614088888;10240;10228
3711;23328446000;23114088888;23614088888;10240;10228
3712;23328647000;23114088888;23614088888;10240;10228
3713;23328658000;23114088888;23614088888;10240;10228
3716;23328845000;23114088888;23614088888;10240;10228
3717;23328865000;23114166666;23614166666;10240;10228
3690;23365024000;23030755555;23530755555;10240;10228
3691;23365045000;23030755555;23530755555;10240;10228
3718;23369731000;23114466666;23614466666;10240;10228
3719;23369742000;23114466666;23614466666;10240;10228
3720;23369748000;23114466666;23614466666;10240;10228
3721;23369752000;23155755555;23655755555;10240;10228
3722;23369756000;23155755555;23655755555;10240;10228
3723;23369764000;23155755555;23655755555;10240;10228
3724;23369769000;23155755555;23655755555;10240;10228
3718;23369786000;23114466666;23614466666;10240;10228
3725;23369791000;23155755555;23655755555;10240;10228
3726;23369795000;23155755555;23655755555;10240;10228
3727;23369805000;23155755555;23655755555;10240;10228
3728;23369810000;23155833333;23655833333;10240;10228
3719;23369918000;23114466666;23614466666;10240;10228
3720;23370118000;23114466666;23614466666;10240;10228
3721;23370139000;23155755555;23655755555;10240;10228
3722;23370327000;23155755555;23655755555;10240;10228
3723;23370338000;23155755555;23655755555;10240;10228
3724;23370492000;23155755555;23655755555;10240;10228
3725;23370744000;23155755555;23655755555;10240;10228
3726;23370752000;23155755555;23655755555;10240;10228
3727;23370965000;23155755555;23655755555;10240;10228
3728;23370985000;23155833333;23655833333;10240;10228
3697;23406659000;23031144444;23531144444;10240;10228
3665;23407465000;22906177777;23406177777;10240;10228
3696;23407669000;23031144444;23531144444;10240;10228
3729;23411370000;23156133333;23656133333;10240;10228
3730;23411380000;23156133333;23656133333;10240;10228
3731;23411385000;23156133333;23656133333;10240;10228
3732;23411389000;23197422222;23697422222;10240;10228
3733;23411395000;23197422222;23697422222;10240;10228
3734;23411400000;23197422222;23697422222;10240;10228
3735;23411405000;23197422222;23697422222;10240;10228
3736;23411410000;23197422222;23697422222;10240;10228
3737;23411419000;23197422222;23697422222;10240;10228
3738;23411428000;23197422222;23697422222;10240;10228
3739;23411433000;23197500000;23697500000;10240;10228
3730;23411444000;23156133333;23656133333;10240;10228
3731;23411577000;23156133333;23656133333;10240;10228
3732;23411776000;23197422222;23697422222;10240;10228
3733;23411786000;23197422222;23697422222;10240;10228
3734;23411973000;23197422222;23697422222;10240;10228
3735;23411992000;23197422222;23697422222;10240;10228
3736;23412177000;23197422222;23697422222;10240;10228
3739;23412196000;23197500000;23697500000;10240;10228
3705;23448686000;23072422222;23572422222;10240;10228
3707;23448887000;23072788888;23572788888;10240;10228
3740;23453032000;23197766666;23697766666;10240;10228
3741;23453046000;23197766666;23697766666;10240;10228
3742;23453050000;23197766666;23697766666;10240;10228
3743;23453055000;23239088888;23739088888;10240;10228
3744;23453059000;23239088888;23739088888;10240;10228
3745;23453065000;23239088888;23739088888;10240;10228
3746;23453075000;23239088888;23739088888;10240;10228
3748;23453096000;23239088888;23739088888;10240;10228
3749;23453103000;23239088888;23739088888;10240;10228
3750;23453108000;23239166666;23739166666;10240;10228
3741;23453112000;23197766666;23697766666;10240;10228
3742;23453282000;23197766666;23697766666;10240;10228
3743;23453440000;23239088888;23739088888;10240;10228
3744;23453451000;23239088888;23739088888;10240;10228
3745;23453661000;23239088888;23739088888;10240;10228
3746;23453672000;23239088888;23739088888;10240;10228
3747;23453872000;23239088888;23739088888;10240;10228
3748;23453896000;23239088888;23739088888;10240;10228
3706;23490176000;23072500000;23572500000;10240;10228
3751;23494711000;23239466666;23739466666;10240;10228
3754;23494723000;23280755555;23780755555;10240;10228
3755;23494739000;23280755555;23780755555;10240;10228
3756;23494747000;23280755555;23780755555;10240;10228
3757;23494751000;23280755555;23780755555;10240;10228
3759;23494756000;23280755555;23780755555;10240;10228
3761;23494760000;23280833333;23780833333;10240;10228
3751;23494778000;23239466666;23739466666;10240;10228
3752;23494919000;23239466666;23739466666;10240;10228
3753;23494946000;23239466666;23739466666;10240;10228
3754;23495122000;23280755555;23780755555;10240;10228
3755;23495320000;23280755555;23780755555;10240;10228
3756;23495332000;23280755555;23780755555;10240;10228
3757;23495492000;23280755555;23780755555;10240;10228
3758;23495698000;23280755555;23780755555;10240;10228
3760;23495731000;23280755555;23780755555;10240;10228
3729;23532333000;23156133333;23656133333;10240;10228
3762;23536220000;23281144444;23781144444;10240;10228
3763;23536232000;23281144444;23781144444;10240;10228
3764;23536236000;23281144444;23781144444;10240;10228
3765;23536240000;23322422222;23822422222;10240;10228
3769;23536248000;23322422222;23822422222;10240;10228
3770;23536265000;23322422222;23822422222;10240;10228
3771;23536275000;23322422222;23822422222;10240;10228
3772;23536280000;23322500000;23822500000;10240;10228
3762;23536374000;23281144444;23781144444;10240;10228
3763;23536576000;23281144444;23781144444;10240;10228
3765;23536795000;23322422222;23822422222;10240;10228
3766;23536804000;23322422222;23822422222;10240;10228
3767;23536991000;23322422222;23822422222;10240;10228
3768;23537025000;23322422222;23822422222;10240;10228
3769;23537195000;23322422222;23822422222;10240;10228
3770;23537214000;23322422222;23822422222;10240;10228
3771;23537396000;23322422222;23822422222;10240;10228
3772;23537407000;23322500000;23822500000;10240;10228
3747;23573440000;23239088888;23739088888;10240;10228
3737;23573806000;23197422222;23697422222;10240;10228
3738;23574038000;23197422222;23697422222;10240;10228
3740;23574057000;23197766666;23697766666;10240;10228
3773;23577880000;23322788888;23822788888;10240;10228
3774;23577891000;23322788888;23822788888;10240;10228
3775;23577895000;23322788888;23822788888;10240;10228
3776;23577901000;23364088888;23864088888;10240;10228
3777;23577905000;23364088888;23864088888;10240;10228
3778;23577910000;23364088888;23864088888;10240;10228
3779;23577914000;23364088888;23864088888;10240;10228
3780;23577923000;23364088888;23864088888;10240;10228
3781;23577931000;23364088888;23864088888;10240;10228
3773;23578041000;23322788888;23822788888;10240;10228
3782;23578169000;23364088888;23864088888;10240;10228
3783;23578188000;23364166666;23864166666;10240;10228
3774;23578269000;23322788888;23822788888;10240;10228
3776;23578279000;23364088888;23864088888;10240;10228
3777;23578451000;23364088888;23864088888;10240;10228
3778;23578664000;23364088888;23864088888;10240;10228
3779;23578675000;23364088888;23864088888;10240;10228
3780;23578887000;23364088888;23864088888;10240;10228
3781;23578907000;23364088888;23864088888;10240;10228
3782;23579063000;23364088888;23864088888;10240;10228
3783;23579082000;23364166666;23864166666;10240;10228
3717;23615053000;23114166666;23614166666;10240;10228
3752;23615063000;23239466666;23739466666;10240;10228
3753;23615069000;23239466666;23739466666;10240;10228
3714;23615434000;23114088888;23614088888;10240;10228
3715;23615647000;23114088888;23614088888;10240;10228
3749;23615656000;23239088888;23739088888;10240;10228
3750;23615852000;23239166666;23739166666;10240;10228
3784;23619546000;23364466666;23864466666;10240;10228
3785;23619557000;23364466666;23864466666;10240;10228
3786;23619572000;23364466666;23864466666;10240;10228
3787;23619577000;23405755555;23905755555;10240;10228
3789;23619582000;23405755555;23905755555;10240;10228
3790;23619604000;23405755555;23905755555;10240;10228
3792;23619608000;23405755555;23905755555;10240;10228
3784;23619712000;23364466666;23864466666;10240;10228
3785;23619922000;23364466666;23864466666;10240;10228
3786;23619931000;23364466666;23864466666;10240;10228
3787;23620161000;23405755555;23905755555;10240;10228
3791;23620320000;23405755555;23905755555;10240;10228
3792;23620332000;23405755555;23905755555;10240;10228
3793;23652572000;23405755555;23905755555;10240;10228
3793;23652792000;23405755555;23905755555;10240;10228
3758;23656525000;23280755555;23780755555;10240;10228
3794;23656563000;23405822222;23905822222;10240;10228
3760;23656578000;23280755555;23780755555;10240;10228
3766;23656594000;23322422222;23822422222;10240;10228
3767;23656599000;23322422222;23822422222;10240;10228
3768;23656602000;23322422222;23822422222;10240;10228
3794;23656606000;23405822222;23905822222;10240;10228
3759;23656999000;23280755555;23780755555;10240;10228
3761;23657215000;23280833333;23780833333;10240;10228
3764;23657403000;23281144444;23781144444;10240;10228
3795;23661229000;23406133333;23906133333;10240;10228
3796;23661239000;23406133333;23906133333;10240;10228
3797;23661244000;23406133333;23906133333;10240;10228
3798;23661247000;23447422222;23947422222;10240;10228
3800;23661250000;23447422222;23947422222;10240;10228
3801;23661264000;23447422222;23947422222;10240;10228
3802;23661268000;23447422222;23947422222;10240;10228
3795;23661354000;23406133333;23906133333;10240;10228
3796;23661541000;23406133333;23906133333;10240;10228
3797;23661769000;23406133333;23906133333;10240;10228
3798;23661778000;23447422222;23947422222;10240;10228
3799;23662011000;23447422222;23947422222;10240;10228
3800;23662020000;23447422222;23947422222;10240;10228
3801;23662213000;23447422222;23947422222;10240;10228
3803;23693773000;23447422222;23947422222;10240;10228
3804;23694160000;23447422222;23947422222;10240;10228
3805;23694272000;23447477777;23947477777;10240;10228
3803;23698404000;23447422222;23947422222;10240;10228
3804;23698607000;23447422222;23947422222;10240;10228
3805;23698617000;23447477777;23947477777;10240;10228
3775;23699147000;23322788888;23822788888;10240;10228
3806;23702896000;23447722222;23947722222;10240;10228
3807;23702910000;23447722222;23947722222;10240;10228
3808;23702924000;23447722222;23947722222;10240;10228
3809;23702931000;23489088888;23989088888;10240;10228
3810;23702936000;23489088888;23989088888;10240;10228
3811;23702941000;23489088888;23989088888;10240;10228
3812;23702944000;23489088888;23989088888;10240;10228
3813;23702949000;23489088888;23989088888;10240;10228
3814;23702957000;23489088888;23989088888;10240;10228
3806;23703055000;23447722222;23947722222;10240;10228
3807;23703249000;23447722222;23947722222;10240;10228
3808;23703473000;23447722222;23947722222;10240;10228
3809;23703492000;23489088888;23989088888;10240;10228
3810;23703666000;23489088888;23989088888;10240;10228
3811;23703677000;23489088888;23989088888;10240;10228
3812;23703861000;23489088888;23989088888;10240;10228
3813;23703881000;23489088888;23989088888;10240;10228
3814;23704074000;23489088888;23989088888;10240;10228
3815;23735340000;23489088888;23989088888;10240;10228
3815;23735526000;23489088888;23989088888;10240;10228
3816;23735821000;23489155555;23989155555;10240;10228
3788;23739966000;23405755555;23905755555;10240;10228
3817;23744582000;23489433333;23989433333;10240;10228
3819;23744593000;23489433333;23989433333;10240;10228
3820;23744610000;23530755555;24030755555;10240;10228
3821;23744617000;23530755555;24030755555;10240;10228
3822;23744627000;23530755555;24030755555;10240;10228
3823;23744631000;23530755555;24030755555;10240;10228
3824;23744635000;23530755555;24030755555;10240;10228
3817;23744739000;23489433333;23989433333;10240;10228
3818;23744924000;23489433333;23989433333;10240;10228
3819;23744952000;23489433333;23989433333;10240;10228
3820;23745131000;23530755555;24030755555;10240;10228
3821;23745328000;23530755555;24030755555;10240;10228
3822;23745337000;23530755555;24030755555;10240;10228
3823;23745493000;23530755555;24030755555;10240;10228
3824;23745741000;23530755555;24030755555;10240;10228
3825;23773051000;23530755555;24030755555;10240;10228
3826;23773063000;23530755555;24030755555;10240;10228
3825;23773066000;23530755555;24030755555;10240;10228
3788;23773253000;23405755555;23905755555;10240;10228
3789;23773455000;23405755555;23905755555;10240;10228
3790;23773466000;23405755555;23905755555;10240;10228
3826;23777028000;23530755555;24030755555;10240;10228
3827;23777039000;23530822222;24030822222;10240;10228
3791;23777043000;23405755555;23905755555;10240;10228
3827;23777247000;23530822222;24030822222;10240;10228
3829;23786269000;23531133333;24031133333;10240;10228
3830;23786293000;23531133333;24031133333;10240;10228
3833;23786307000;23572422222;24072422222;10240;10228
3834;23786312000;23572422222;24072422222;10240;10228
3835;23786318000;23572422222;24072422222;10240;10228
3836;23786332000;23572422222;24072422222;10240;10228
3837;23786345000;23572422222;24072422222;10240;10228
3838;23786349000;23572500000;24072500000;10240;10228
3828;23786354000;23531133333;24031133333;10240;10228
3830;23786588000;23531133333;24031133333;10240;10228
3831;23786599000;23572422222;24072422222;10240;10228
3832;23786765000;23572422222;24072422222;10240;10228
3833;23786997000;23572422222;24072422222;10240;10228
3834;23787018000;23572422222;24072422222;10240;10228
3835;23787202000;23572422222;24072422222;10240;10228
3836;23787221000;23572422222;24072422222;10240;10228
3837;23787403000;23572422222;24072422222;10240;10228
3838;23814363000;23572500000;24072500000;10240;10228
3802;23823943000;23447422222;23947422222;10240;10228
3839;23828067000;23572766666;24072766666;10240;10228
3839;23828077000;23572766666;24072766666;10240;10228
3840;23828082000;23572766666;24072766666;10240;10228
3841;23828086000;23572766666;24072766666;10240;10228
3842;23828091000;23614088888;24114088888;10240;10228
3843;23828095000;23614088888;24114088888;10240;10228
3844;23828101000;23614088888;24114088888;10240;10228
3845;23828106000;23614088888;24114088888;10240;10228
3846;23828115000;23614088888;24114088888;10240;10228
3847;23828121000;23614088888;24114088888;10240;10228
3848;23828131000;23614088888;24114088888;10240;10228
3849;23828136000;23614166666;24114166666;10240;10228
3840;23828298000;23572766666;24072766666;10240;10228
3841;23828469000;23572766666;24072766666;10240;10228
3842;23828479000;23614088888;24114088888;10240;10228
3843;23828695000;23614088888;24114088888;10240;10228
3844;23828714000;23614088888;24114088888;10240;10228
3845;23828917000;23614088888;24114088888;10240;10228
3846;23828935000;23614088888;24114088888;10240;10228
3847;23829091000;23614088888;24114088888;10240;10228
3848;23829281000;23614088888;24114088888;10240;10228
3816;23865119000;23489155555;23989155555;10240;10228
3818;23865130000;23489433333;23989433333;10240;10228
3850;23869737000;23614466666;24114466666;10240;10228
3851;23869749000;23614466666;24114466666;10240;10228
3852;23869753000;23614466666;24114466666;10240;10228
3853;23869763000;23655755555;24155755555;10240;10228
3854;23869772000;23655755555;24155755555;10240;10228
3855;23869777000;23655755555;24155755555;10240;10228
3856;23869780000;23655755555;24155755555;10240;10228
3857;23869786000;23655755555;24155755555;10240;10228
3858;23869790000;23655755555;24155755555;10240;10228
3850;23869796000;23614466666;24114466666;10240;10228
3859;23869801000;23655755555;24155755555;10240;10228
3860;23869806000;23655833333;24155833333;10240;10228
3851;23869942000;23614466666;24114466666;10240;10228
3852;23869963000;23614466666;24114466666;10240;10228
3853;23870176000;23655755555;24155755555;10240;10228
3855;23870340000;23655755555;24155755555;10240;10228
3856;23870352000;23655755555;24155755555;10240;10228
3857;23870528000;23655755555;24155755555;10240;10228
3858;23870548000;23655755555;24155755555;10240;10228
3859;23870793000;23655755555;24155755555;10240;10228
3860;23893435000;23655833333;24155833333;10240;10228
3799;23906757000;23447422222;23947422222;10240;10228
3828;23906772000;23531133333;24031133333;10240;10228
3831;23906778000;23572422222;24072422222;10240;10228
3832;23906782000;23572422222;24072422222;10240;10228
3829;23907266000;23531133333;24031133333;10240;10228
3861;23911350000;23656155555;24156155555;10240;10228
3862;23911363000;23656155555;24156155555;10240;10228
3863;23911367000;23656155555;24156155555;10240;10228
3864;23911373000;23697422222;24197422222;10240;10228
3866;23911377000;23697422222;24197422222;10240;10228
3867;23911395000;23697422222;24197422222;10240;10228
3861;23911399000;23656155555;24156155555;10240;10228
3863;23911615000;23656155555;24156155555;10240;10228
3864;23911805000;23697422222;24197422222;10240;10228
3866;23911825000;23697422222;24197422222;10240;10228
3867;23911991000;23697422222;24197422222;10240;10228
3868;23912011000;23697422222;24197422222;10240;10228
3869;23912199000;23697422222;24197422222;10240;10228
3870;23912218000;23697422222;24197422222;10240;10228
3871;23912407000;23697500000;24197500000;10240;10228
3873;23952830000;23697788888;24197788888;10240;10228
3874;23952857000;23697788888;24197788888;10240;10228
3875;23952873000;23739077777;24239077777;10240;10228
3876;23952880000;23739077777;24239077777;10240;10228
3877;23952894000;23739077777;24239077777;10240;10228
3878;23952899000;23739077777;24239077777;10240;10228
3879;23952914000;23739077777;24239077777;10240;10228
3880;23952946000;23739077777;24239077777;10240;10228
3881;23952952000;23739077777;24239077777;10240;10228
3882;23952956000;23739166666;24239166666;10240;10228
3872;23952971000;23697788888;24197788888;10240;10228
3873;23953267000;23697788888;24197788888;10240;10228
3874;23953448000;23697788888;24197788888;10240;10228
3875;23953457000;23739077777;24239077777;10240;10228
3876;23953666000;23739077777;24239077777;10240;10228
3877;23953685000;23739077777;24239077777;10240;10228
3878;23953860000;23739077777;24239077777;10240;10228
3879;23953878000;23739077777;24239077777;10240;10228
3880;23954062000;23739077777;24239077777;10240;10228
3881;23954260000;23739077777;24239077777;10240;10228
3882;23954270000;23739166666;24239166666;10240;10228
3849;23990394000;23614166666;24114166666;10240;10228
3854;23991102000;23655755555;24155755555;10240;10228
3883;23994495000;23739455555;24239455555;10240;10228
3884;23994506000;23739455555;24239455555;10240;10228
3885;23994510000;23739455555;24239455555;10240;10228
3886;23994514000;23780744444;24280744444;10240;10228
3887;23994536000;23780744444;24280744444;10240;10228
3888;23994540000;23780744444;24280744444;10240;10228
3889;23994545000;23780744444;24280744444;10240;10228
3890;23994549000;23780744444;24280744444;10240;10228
3891;23994555000;23780744444;24280744444;10240;10228
3892;23994564000;23780744444;24280744444;10240;10228
3893;23994647000;23780833333;24280833333;10240;10228
3883;23994762000;23739455555;24239455555;10240;10228
3884;23994944000;23739455555;24239455555;10240;10228
3885;23994965000;23739455555;24239455555;10240;10228
3887;23995136000;23780744444;24280744444;10240;10228
3888;23995345000;23780744444;24280744444;10240;10228
3889;23995354000;23780744444;24280744444;10240;10228
3890;23995516000;23780744444;24280744444;10240;10228
3891;23995534000;23780744444;24280744444;10240;10228
3892;23995761000;23780744444;24280744444;10240;10228
3893;23995780000;23780833333;24280833333;10240;10228
3862;24032261000;23656155555;24156155555;10240;10228
3865;24032637000;23697422222;24197422222;10240;10228
3894;24036169000;23781144444;24281144444;10240;10228
3895;24036180000;23781144444;24281144444;10240;10228
3896;24036185000;23781144444;24281144444;10240;10228
3897;24036190000;23822411111;24322411111;10240;10228
3898;24036194000;23822411111;24322411111;10240;10228
3899;24036204000;23822411111;24322411111;10240;10228
3900;24036224000;23822411111;24322411111;10240;10228
3901;24036230000;23822411111;24322411111;10240;10228
3902;24036235000;23822411111;24322411111;10240;10228
3903;24036240000;23822411111;24322411111;10240;10228
3904;24036245000;23822500000;24322500000;10240;10228
3894;24036347000;23781144444;24281144444;10240;10228
3895;24036567000;23781144444;24281144444;10240;10228
3896;24036763000;23781144444;24281144444;10240;10228
3897;24036774000;23822411111;24322411111;10240;10228
3898;24036965000;23822411111;24322411111;10240;10228
3899;24036986000;23822411111;24322411111;10240;10228
3901;24037175000;23822411111;24322411111;10240;10228
3902;24037372000;23822411111;24322411111;10240;10228
3903;24037382000;23822411111;24322411111;10240;10228
3904;24037583000;23822500000;24322500000;10240;10228
3865;24073102000;23697422222;24197422222;10240;10228
3868;24073113000;23697422222;24197422222;10240;10228
3869;24073118000;23697422222;24197422222;10240;10228
3870;24073123000;23697422222;24197422222;10240;10228
3871;24073127000;23697500000;24197500000;10240;10228
3872;24073135000;23697788888;24197788888;10240;10228
3905;24077846000;23822788888;24322788888;10240;10228
3906;24077857000;23822788888;24322788888;10240;10228
3907;24077862000;23822788888;24322788888;10240;10228
3908;24077866000;23864077777;24364077777;10240;10228
3909;24077877000;23864077777;24364077777;10240;10228
3910;24077884000;23864077777;24364077777;10240;10228
3911;24077889000;23864077777;24364077777;10240;10228
3912;24077897000;23864077777;24364077777;10240;10228
3913;24077902000;23864077777;24364077777;10240;10228
3914;24077911000;23864077777;24364077777;10240;10228
3915;24077917000;23864166666;24364166666;10240;10228
3905;24078091000;23822788888;24322788888;10240;10228
3906;24078260000;23822788888;24322788888;10240;10228
3907;24078271000;23822788888;24322788888;10240;10228
3908;24078477000;23864077777;24364077777;10240;10228
3909;24078673000;23864077777;24364077777;10240;10228
3910;24078683000;23864077777;24364077777;10240;10228
3911;24078878000;23864077777;24364077777;10240;10228
3912;24079076000;23864077777;24364077777;10240;10228
3913;24079097000;23864077777;24364077777;10240;10228
3914;24079281000;23864077777;24364077777;10240;10228
3915;24079292000;23864166666;24364166666;10240;10228
3886;24115838000;23780744444;24280744444;10240;10228
3916;24119526000;23864477777;24364477777;10240;10228
3917;24119536000;23864477777;24364477777;10240;10228
3919;24119547000;23905755555;24405755555;10240;10228
3920;24119571000;23905755555;24405755555;10240;10228
3921;24119577000;23905755555;24405755555;10240;10228
3922;24119584000;23905755555;24405755555;10240;10228
3923;24119602000;23905755555;24405755555;10240;10228
3924;24119608000;23905755555;24405755555;10240;10228
3925;24119615000;23905755555;24405755555;10240;10228
3926;24119620000;23905833333;24405833333;10240;10228
3917;24119767000;23864477777;24364477777;10240;10228
3918;24119956000;23864477777;24364477777;10240;10228
3919;24119979000;23905755555;24405755555;10240;10228
3920;24120140000;23905755555;24405755555;10240;10228
3921;24120344000;23905755555;24405755555;10240;10228
3922;24120355000;23905755555;24405755555;10240;10228
3923;24120527000;23905755555;24405755555;10240;10228
3924;24120546000;23905755555;24405755555;10240;10228
3926;24120794000;23905833333;24405833333;10240;10228
3900;24157827000;23822411111;24322411111;10240;10228
3927;24161173000;23906155555;24406155555;10240;10228
3929;24161182000;23906155555;24406155555;10240;10228
3930;24161203000;23947422222;24447422222;10240;10228
3931;24161210000;23947422222;24447422222;10240;10228
3932;24161215000;23947422222;24447422222;10240;10228
3933;24161219000;23947422222;24447422222;10240;10228
3934;24161247000;23947422222;24447422222;10240;10228
3935;24161253000;23947422222;24447422222;10240;10228
3936;24161258000;23947422222;24447422222;10240;10228
3937;24161264000;23947500000;24447500000;10240;10228
3927;24161408000;23906155555;24406155555;10240;10228
3928;24161617000;23906155555;24406155555;10240;10228
3929;24161777000;23906155555;24406155555;10240;10228
3930;24161798000;23947422222;24447422222;10240;10228
3931;24161994000;23947422222;24447422222;10240;10228
3932;24162014000;23947422222;24447422222;10240;10228
3934;24162230000;23947422222;24447422222;10240;10228
3935;24162240000;23947422222;24447422222;10240;10228
3936;24162409000;23947422222;24447422222;10240;10228
3937;24162426000;23947500000;24447500000;10240;10228
3938;24202873000;23947766666;24447766666;10240;10228
3939;24202888000;23947766666;24447766666;10240;10228
3940;24202893000;23947766666;24447766666;10240;10228
3941;24202897000;23989088888;24489088888;10240;10228
3942;24202902000;23989088888;24489088888;10240;10228
3943;24202906000;23989088888;24489088888;10240;10228
3944;24202915000;23989088888;24489088888;10240;10228
3945;24202919000;23989088888;24489088888;10240;10228
3946;24202931000;23989088888;24489088888;10240;10228
3938;24203071000;23947766666;24447766666;10240;10228
3947;24203167000;23989088888;24489088888;10240;10228
3948;24203187000;23989177777;24489177777;10240;10228
3940;24203217000;23947766666;24447766666;10240;10228
3941;24203440000;23989088888;24489088888;10240;10228
3942;24203451000;23989088888;24489088888;10240;10228
3943;24203646000;23989088888;24489088888;10240;10228
3946;24203655000;23989088888;24489088888;10240;10228
3947;24203859000;23989088888;24489088888;10240;10228
3948;24203877000;23989177777;24489177777;10240;10228
3918;24239846000;23864477777;24364477777;10240;10228
3916;24240374000;23864477777;24364477777;10240;10228
3949;24244544000;23989511111;24489511111;10240;10228
3950;24244554000;23989511111;24489511111;10240;10228
3951;24244559000;23989511111;24489511111;10240;10228
3952;24244567000;24030755555;24530755555;10240;10228
3953;24244572000;24030755555;24530755555;10240;10228
3955;24244579000;24030755555;24530755555;10240;10228
3956;24244585000;24030755555;24530755555;10240;10228
3957;24244606000;24030755555;24530755555;10240;10228
3959;24244611000;24030833333;24530833333;10240;10228
3949;24244768000;23989511111;24489511111;10240;10228
3950;24244957000;23989511111;24489511111;10240;10228
3953;24244978000;24030755555;24530755555;10240;10228
3954;24245150000;24030755555;24530755555;10240;10228
3955;24245348000;24030755555;24530755555;10240;10228
3956;24245357000;24030755555;24530755555;10240;10228
3957;24245536000;24030755555;24530755555;10240;10228
3958;24245554000;24030755555;24530755555;10240;10228
3925;24282057000;23905755555;24405755555;10240;10228
3960;24286189000;24031166666;24531166666;10240;10228
3961;24286200000;24031166666;24531166666;10240;10228
3962;24286206000;24031166666;24531166666;10240;10228
3963;24286210000;24072422222;24572422222;10240;10228
3964;24286215000;24072422222;24572422222;10240;10228
3965;24286228000;24072422222;24572422222;10240;10228
3966;24286233000;24072422222;24572422222;10240;10228
3967;24286237000;24072422222;24572422222;10240;10228
3968;24286256000;24072422222;24572422222;10240;10228
3969;24286260000;24072422222;24572422222;10240;10228
3970;24286264000;24072500000;24572500000;10240;10228
3960;24286382000;24031166666;24531166666;10240;10228
3961;24286605000;24031166666;24531166666;10240;10228
3962;24286821000;24031166666;24531166666;10240;10228
3964;24286841000;24072422222;24572422222;10240;10228
3965;24287020000;24072422222;24572422222;10240;10228
3966;24287039000;24072422222;24572422222;10240;10228
3967;24287228000;24072422222;24572422222;10240;10228
3970;24287246000;24072500000;24572500000;10240;10228
3933;24323358000;23947422222;24447422222;10240;10228
3939;24323944000;23947766666;24447766666;10240;10228
3945;24324349000;23989088888;24489088888;10240;10228
3971;24327857000;24072777777;24572777777;10240;10228
3972;24327869000;24072777777;24572777777;10240;10228
3973;24327874000;24072777777;24572777777;10240;10228
3974;24327878000;24114088888;24614088888;10240;10228
3975;24327882000;24114088888;24614088888;10240;10228
3976;24327903000;24114088888;24614088888;10240;10228
3977;24327909000;24114088888;24614088888;10240;10228
3978;24327913000;24114088888;24614088888;10240;10228
3979;24327917000;24114088888;24614088888;10240;10228
3980;24327921000;24114088888;24614088888;10240;10228
3981;24327930000;24114166666;24614166666;10240;10228
3971;24328100000;24072777777;24572777777;10240;10228
3972;24328271000;24072777777;24572777777;10240;10228
3974;24328290000;24114088888;24614088888;10240;10228
3975;24328566000;24114088888;24614088888;10240;10228
3976;24328726000;24114088888;24614088888;10240;10228
3977;24328746000;24114088888;24614088888;10240;10228
3978;24328899000;24114088888;24614088888;10240;10228
3979;24328919000;24114088888;24614088888;10240;10228
3980;24329109000;24114088888;24614088888;10240;10228
3981;24329117000;24114166666;24614166666;10240;10228
3954;24364886000;24030755555;24530755555;10240;10228
3951;24365880000;23989511111;24489511111;10240;10228
3952;24366069000;24030755555;24530755555;10240;10228
3982;24369554000;24114477777;24614477777;10240;10228
3983;24369566000;24114477777;24614477777;10240;10228
3984;24369570000;24114477777;24614477777;10240;10228
3985;24369576000;24155755555;24655755555;10240;10228
3986;24369583000;24155755555;24655755555;10240;10228
3987;24369588000;24155755555;24655755555;10240;10228
3988;24369596000;24155755555;24655755555;10240;10228
3991;24369604000;24155755555;24655755555;10240;10228
3992;24369620000;24155833333;24655833333;10240;10228
3982;24369800000;24114477777;24614477777;10240;10228
3983;24369947000;24114477777;24614477777;10240;10228
3984;24369966000;24114477777;24614477777;10240;10228
3985;24370179000;24155755555;24655755555;10240;10228
3987;24370352000;24155755555;24655755555;10240;10228
3988;24370363000;24155755555;24655755555;10240;10228
3989;24370531000;24155755555;24655755555;10240;10228
3990;24370566000;24155755555;24655755555;10240;10228
3991;24370771000;24155755555;24655755555;10240;10228
3992;24370790000;24155833333;24655833333;10240;10228
3958;24406633000;24030755555;24530755555;10240;10228
3928;24406644000;23906155555;24406155555;10240;10228
3959;24407364000;24030833333;24530833333;10240;10228
3963;24407706000;24072422222;24572422222;10240;10228
3993;24411417000;24156155555;24656155555;10240;10228
3993;24411427000;24156155555;24656155555;10240;10228
3994;24411432000;24156155555;24656155555;10240;10228
3996;24411436000;24197422222;24697422222;10240;10228
3997;24411454000;24197422222;24697422222;10240;10228
3998;24411463000;24197422222;24697422222;10240;10228
3999;24411471000;24197422222;24697422222;10240;10228
4000;24411476000;24197422222;24697422222;10240;10228
4003;24411499000;24197500000;24697500000;10240;10228
3994;24411590000;24156155555;24656155555;10240;10228
3995;24411608000;24156155555;24656155555;10240;10228
3996;24411822000;24197422222;24697422222;10240;10228
3997;24412029000;24197422222;24697422222;10240;10228
3998;24412050000;24197422222;24697422222;10240;10228
3999;24412222000;24197422222;24697422222;10240;10228
4000;24412243000;24197422222;24697422222;10240;10228
4001;24412426000;24197422222;24697422222;10240;10228
4002;24412663000;24197422222;24697422222;10240;10228
4003;24443775000;24197500000;24697500000;10240;10228
3968;24448750000;24072422222;24572422222;10240;10228
3969;24448963000;24072422222;24572422222;10240;10228
3944;24448984000;23989088888;24489088888;10240;10228
3973;24449208000;24072777777;24572777777;10240;10228
4004;24453065000;24197766666;24697766666;10240;10228
4005;24453076000;24197766666;24697766666;10240;10228
4006;24453081000;24197766666;24697766666;10240;10228
4007;24453086000;24239077777;24739077777;10240;10228
4008;24453090000;24239077777;24739077777;10240;10228
4009;24453095000;24239077777;24739077777;10240;10228
4010;24453099000;24239077777;24739077777;10240;10228
4011;24453104000;24239077777;24739077777;10240;10228
4012;24453107000;24239077777;24739077777;10240;10228
4013;24453111000;24239077777;24739077777;10240;10228
4004;24453115000;24197766666;24697766666;10240;10228
4014;24453123000;24239166666;24739166666;10240;10228
4005;24453274000;24197766666;24697766666;10240;10228
4007;24453283000;24239077777;24739077777;10240;10228
4008;24453474000;24239077777;24739077777;10240;10228
4009;24453690000;24239077777;24739077777;10240;10228
4010;24453712000;24239077777;24739077777;10240;10228
4011;24453874000;24239077777;24739077777;10240;10228
4012;24453896000;24239077777;24739077777;10240;10228
4013;24454048000;24239077777;24739077777;10240;10228
4014;24454262000;24239166666;24739166666;10240;10228
4015;24494714000;24239477777;24739477777;10240;10228
4015;24494726000;24239477777;24739477777;10240;10228
4016;24494744000;24239477777;24739477777;10240;10228
4017;24494749000;24239477777;24739477777;10240;10228
4018;24494753000;24280755555;24780755555;10240;10228
4019;24494760000;24280755555;24780755555;10240;10228
4021;24494765000;24280755555;24780755555;10240;10228
4022;24494771000;24280755555;24780755555;10240;10228
4023;24494787000;24280755555;24780755555;10240;10228
4024;24494791000;24280755555;24780755555;10240;10228
4025;24494796000;24280833333;24780833333;10240;10228
4020;24494951000;24280755555;24780755555;10240;10228
4021;24494977000;24280755555;24780755555;10240;10228
4022;24495167000;24280755555;24780755555;10240;10228
4023;24495352000;24280755555;24780755555;10240;10228
4024;24495363000;24280755555;24780755555;10240;10228
4025;24495532000;24280833333;24780833333;10240;10228
3989;24531933000;24155755555;24655755555;10240;10228
3990;24531942000;24155755555;24655755555;10240;10228
3995;24531946000;24156155555;24656155555;10240;10228
4026;24536418000;24281155555;24781155555;10240;10228
4026;24536430000;24281155555;24781155555;10240;10228
4027;24536434000;24281155555;24781155555;10240;10228
4028;24536439000;24281155555;24781155555;10240;10228
4030;24536443000;24322422222;24822422222;10240;10228
4031;24536461000;24322422222;24822422222;10240;10228
4032;24536465000;24322422222;24822422222;10240;10228
4033;24536475000;24322422222;24822422222;10240;10228
4034;24536479000;24322422222;24822422222;10240;10228
4035;24536500000;24322422222;24822422222;10240;10228
4036;24536505000;24322500000;24822500000;10240;10228
4027;24536627000;24281155555;24781155555;10240;10228
4028;24536648000;24281155555;24781155555;10240;10228
4029;24536839000;24322422222;24822422222;10240;10228
4030;24537027000;24322422222;24822422222;10240;10228
4031;24537045000;24322422222;24822422222;10240;10228
4032;24537230000;24322422222;24822422222;10240;10228
4033;24537248000;24322422222;24822422222;10240;10228
4034;24537423000;24322422222;24822422222;10240;10228
4035;24537623000;24322422222;24822422222;10240;10228
4036;24537643000;24322500000;24822500000;10240;10228
4001;24573536000;24197422222;24697422222;10240;10228
4002;24573557000;24197422222;24697422222;10240;10228
4006;24574205000;24197766666;24697766666;10240;10228
4037;24578072000;24322788888;24822788888;10240;10228
4038;24578087000;24322788888;24822788888;10240;10228
4039;24578092000;24322788888;24822788888;10240;10228
4040;24578097000;24364088888;24864088888;10240;10228
4041;24578101000;24364088888;24864088888;10240;10228
4042;24578107000;24364088888;24864088888;10240;10228
4043;24578111000;24364088888;24864088888;10240;10228
4044;24578116000;24364088888;24864088888;10240;10228
4037;24578120000;24322788888;24822788888;10240;10228
4046;24578128000;24364088888;24864088888;10240;10228
4047;24578145000;24364166666;24864166666;10240;10228
4038;24578255000;24322788888;24822788888;10240;10228
4039;24578276000;24322788888;24822788888;10240;10228
4040;24578451000;24364088888;24864088888;10240;10228
4041;24578668000;24364088888;24864088888;10240;10228
4042;24578677000;24364088888;24864088888;10240;10228
4043;24578871000;24364088888;24864088888;10240;10228
4044;24578880000;24364088888;24864088888;10240;10228
4045;24579111000;24364088888;24864088888;10240;10228
4046;24579261000;24364088888;24864088888;10240;10228
4047;24579272000;24364166666;24864166666;10240;10228
3986;24615615000;24155755555;24655755555;10240;10228
4016;24615826000;24239477777;24739477777;10240;10228
4018;24616050000;24280755555;24780755555;10240;10228
4019;24616070000;24280755555;24780755555;10240;10228
4048;24619735000;24364466666;24864466666;10240;10228
4048;24619744000;24364466666;24864466666;10240;10228
4049;24619750000;24364466666;24864466666;10240;10228
4050;24619755000;24364466666;24864466666;10240;10228
4051;24619764000;24405755555;24905755555;10240;10228
4052;24619770000;24405755555;24905755555;10240;10228
4053;24619775000;24405755555;24905755555;10240;10228
4054;24619780000;24405755555;24905755555;10240;10228
4055;24619791000;24405755555;24905755555;10240;10228
4056;24619795000;24405755555;24905755555;10240;10228
4057;24619808000;24405755555;24905755555;10240;10228
4058;24619812000;24405833333;24905833333;10240;10228
4049;24619909000;24364466666;24864466666;10240;10228
4050;24620109000;24364466666;24864466666;10240;10228
4051;24620128000;24405755555;24905755555;10240;10228
4052;24620311000;24405755555;24905755555;10240;10228
4053;24620320000;24405755555;24905755555;10240;10228
4054;24620499000;24405755555;24905755555;10240;10228
4055;24620727000;24405755555;24905755555;10240;10228
4056;24620738000;24405755555;24905755555;10240;10228
4057;24620932000;24405755555;24905755555;10240;10228
4020;24656925000;24280755555;24780755555;10240;10228
4029;24656936000;24322422222;24822422222;10240;10228
4059;24661407000;24406144444;24906144444;10240;10228
4060;24661420000;24406144444;24906144444;10240;10228
4061;24661425000;24406144444;24906144444;10240;10228
4062;24661430000;24447422222;24947422222;10240;10228
4063;24661440000;24447422222;24947422222;10240;10228
4064;24661445000;24447422222;24947422222;10240;10228
4065;24661450000;24447422222;24947422222;10240;10228
4067;24661455000;24447422222;24947422222;10240;10228
4068;24661461000;24447422222;24947422222;10240;10228
4069;24661477000;24447500000;24947500000;10240;10228
4059;24661491000;24406144444;24906144444;10240;10228
4060;24661585000;24406144444;24906144444;10240;10228
4061;24661596000;24406144444;24906144444;10240;10228
4062;24661794000;24447422222;24947422222;10240;10228
4063;24662023000;24447422222;24947422222;10240;10228
4064;24662041000;24447422222;24947422222;10240;10228
4065;24662227000;24447422222;24947422222;10240;10228
4066;24662245000;24447422222;24947422222;10240;10228
4067;24662394000;24447422222;24947422222;10240;10228
4069;24662402000;24447500000;24947500000;10240;10228
4070;24703049000;24447766666;24947766666;10240;10228
4071;24703058000;24447766666;24947766666;10240;10228
4072;24703062000;24447766666;24947766666;10240;10228
4075;24703066000;24489088888;24989088888;10240;10228
4076;24703084000;24489088888;24989088888;10240;10228
4077;24703094000;24489088888;24989088888;10240;10228
4079;24703099000;24489088888;24989088888;10240;10228
4080;24703103000;24489166666;24989166666;10240;10228
4070;24703107000;24447766666;24947766666;10240;10228
4071;24703256000;24447766666;24947766666;10240;10228
4073;24703265000;24489088888;24989088888;10240;10228
4075;24703458000;24489088888;24989088888;10240;10228
4076;24703668000;24489088888;24989088888;10240;10228
4077;24703679000;24489088888;24989088888;10240;10228
4078;24703893000;24489088888;24989088888;10240;10228
4079;24703913000;24489088888;24989088888;10240;10228
4045;24740200000;24364088888;24864088888;10240;10228
4017;24740607000;24239477777;24739477777;10240;10228
4081;24744744000;24489466666;24989466666;10240;10228
4081;24744754000;24489466666;24989466666;10240;10228
4082;24744760000;24489466666;24989466666;10240;10228
4083;24744763000;24489466666;24989466666;10240;10228
4084;24744769000;24530755555;25030755555;10240;10228
4086;24744773000;24530755555;25030755555;10240;10228
4087;24744778000;24530755555;25030755555;10240;10228
4088;24744781000;24530755555;25030755555;10240;10228
4089;24744790000;24530755555;25030755555;10240;10228
4091;24744796000;24530833333;25030833333;10240;10228
4082;24744927000;24489466666;24989466666;10240;10228
4083;24744936000;24489466666;24989466666;10240;10228
4085;24745163000;24530755555;25030755555;10240;10228
4086;24745327000;24530755555;25030755555;10240;10228
4088;24745338000;24530755555;25030755555;10240;10228
4089;24745498000;24530755555;25030755555;10240;10228
4090;24745743000;24530755555;25030755555;10240;10228
4091;24745754000;24530833333;25030833333;10240;10228
4066;24781954000;24447422222;24947422222;10240;10228
4058;24782077000;24405833333;24905833333;10240;10228
4093;24786397000;24531155555;25031155555;10240;10228
4094;24786411000;24531155555;25031155555;10240;10228
4095;24786415000;24572422222;25072422222;10240;10228
4096;24786421000;24572422222;25072422222;10240;10228
4097;24786425000;24572422222;25072422222;10240;10228
4098;24786433000;24572422222;25072422222;10240;10228
4099;24786446000;24572422222;25072422222;10240;10228
4100;24786450000;24572422222;25072422222;10240;10228
4101;24786455000;24572422222;25072422222;10240;10228
4092;24786459000;24531155555;25031155555;10240;10228
4102;24786465000;24572500000;25072500000;10240;10228
4093;24786589000;24531155555;25031155555;10240;10228
4094;24786601000;24531155555;25031155555;10240;10228
4095;24786800000;24572422222;25072422222;10240;10228
4096;24787009000;24572422222;25072422222;10240;10228
4097;24787018000;24572422222;25072422222;10240;10228
4098;24787229000;24572422222;25072422222;10240;10228
4099;24787249000;24572422222;25072422222;10240;10228
4100;24787406000;24572422222;25072422222;10240;10228
4101;24787620000;24572422222;25072422222;10240;10228
4102;24787630000;24572500000;25072500000;10240;10228
4073;24823538000;24489088888;24989088888;10240;10228
4068;24823729000;24447422222;24947422222;10240;10228
4072;24824191000;24447766666;24947766666;10240;10228
4104;24828077000;24572777777;25072777777;10240;10228
4103;24828090000;24572777777;25072777777;10240;10228
4104;24828095000;24572777777;25072777777;10240;10228
4105;24828099000;24572777777;25072777777;10240;10228
4106;24828104000;24614088888;25114088888;10240;10228
4107;24828108000;24614088888;25114088888;10240;10228
4108;24828112000;24614088888;25114088888;10240;10228
4109;24828116000;24614088888;25114088888;10240;10228
4110;24828124000;24614088888;25114088888;10240;10228
4111;24828130000;24614088888;25114088888;10240;10228
4112;24828137000;24614088888;25114088888;10240;10228
4113;24828145000;24614166666;25114166666;10240;10228
4105;24828288000;24572777777;25072777777;10240;10228
4106;24828457000;24614088888;25114088888;10240;10228
4108;24828469000;24614088888;25114088888;10240;10228
4109;24828673000;24614088888;25114088888;10240;10228
4110;24828684000;24614088888;25114088888;10240;10228
4111;24828875000;24614088888;25114088888;10240;10228
4112;24828886000;24614088888;25114088888;10240;10228
4113;24829113000;24614166666;25114166666;10240;10228
4080;24865314000;24489166666;24989166666;10240;10228
4078;24865340000;24489088888;24989088888;10240;10228
4085;24865346000;24530755555;25030755555;10240;10228
4084;24865816000;24530755555;25030755555;10240;10228
4087;24866225000;24530755555;25030755555;10240;10228
4114;24869742000;24614477777;25114477777;10240;10228
4115;24869752000;24614477777;25114477777;10240;10228
4116;24869757000;24614477777;25114477777;10240;10228
4117;24869761000;24655755555;25155755555;10240;10228
4118;24869766000;24655755555;25155755555;10240;10228
4119;24869770000;24655755555;25155755555;10240;10228
4120;24869774000;24655755555;25155755555;10240;10228
4121;24869779000;24655755555;25155755555;10240;10228
4122;24869783000;24655755555;25155755555;10240;10228
4116;24869787000;24614477777;25114477777;10240;10228
4123;24869797000;24655755555;25155755555;10240;10228
4124;24869802000;24655833333;25155833333;10240;10228
4117;24869924000;24655755555;25155755555;10240;10228
4118;24869936000;24655755555;25155755555;10240;10228
4121;24870163000;24655755555;25155755555;10240;10228
4122;24870331000;24655755555;25155755555;10240;10228
4123;24870341000;24655755555;25155755555;10240;10228
4124;24870510000;24655833333;25155833333;10240;10228
4090;24906938000;24530755555;25030755555;10240;10228
4092;24906964000;24531155555;25031155555;10240;10228
4125;24911407000;24656177777;25156177777;10240;10228
4126;24911418000;24656177777;25156177777;10240;10228
4127;24911428000;24656177777;25156177777;10240;10228
4128;24911432000;24697422222;25197422222;10240;10228
4129;24911439000;24697422222;25197422222;10240;10228
4130;24911443000;24697422222;25197422222;10240;10228
4131;24911452000;24697422222;25197422222;10240;10228
4132;24911456000;24697422222;25197422222;10240;10228
4133;24911461000;24697422222;25197422222;10240;10228
4135;24911464000;24697500000;25197500000;10240;10228
4125;24911470000;24656177777;25156177777;10240;10228
4126;24911586000;24656177777;25156177777;10240;10228
4127;24911597000;24656177777;25156177777;10240;10228
4128;24911797000;24697422222;25197422222;10240;10228
4129;24912022000;24697422222;25197422222;10240;10228
4130;24912042000;24697422222;25197422222;10240;10228
4131;24912197000;24697422222;25197422222;10240;10228
4132;24912218000;24697422222;25197422222;10240;10228
4133;24912402000;24697422222;25197422222;10240;10228
4134;24912616000;24697422222;25197422222;10240;10228
4074;24948599000;24489088888;24989088888;10240;10228
4103;24948938000;24572777777;25072777777;10240;10228
4107;24949179000;24614088888;25114088888;10240;10228
4136;24953082000;24697788888;25197788888;10240;10228
4136;24953091000;24697788888;25197788888;10240;10228
4137;24953096000;24697788888;25197788888;10240;10228
4138;24953100000;24697788888;25197788888;10240;10228
4139;24953104000;24739088888;25239088888;10240;10228
4141;24953109000;24739088888;25239088888;10240;10228
4142;24953125000;24739088888;25239088888;10240;10228
4143;24953136000;24739088888;25239088888;10240;10228
4144;24953140000;24739088888;25239088888;10240;10228
4145;24953163000;24739088888;25239088888;10240;10228
4146;24953167000;24739166666;25239166666;10240;10228
4137;24953283000;24697788888;25197788888;10240;10228
4138;24953302000;24697788888;25197788888;10240;10228
4139;24953458000;24739088888;25239088888;10240;10228
4140;24953665000;24739088888;25239088888;10240;10228
4141;24953692000;24739088888;25239088888;10240;10228
4142;24953869000;24739088888;25239088888;10240;10228
4143;24953889000;24739088888;25239088888;10240;10228
4144;24954082000;24739088888;25239088888;10240;10228
4146;24954091000;24739166666;25239166666;10240;10228
4114;24990444000;24614477777;25114477777;10240;10228
4115;24990644000;24614477777;25114477777;10240;10228
4119;24990974000;24655755555;25155755555;10240;10228
4120;24991177000;24655755555;25155755555;10240;10228
4147;24994656000;24739455555;25239455555;10240;10228
4149;24994667000;24739455555;25239455555;10240;10228
4150;24994682000;24780755555;25280755555;10240;10228
4151;24994686000;24780755555;25280755555;10240;10228
4152;24994700000;24780755555;25280755555;10240;10228
4153;24994704000;24780755555;25280755555;10240;10228
4154;24994709000;24780755555;25280755555;10240;10228
4155;24994730000;24780755555;25280755555;10240;10228
4156;24994736000;24780755555;25280755555;10240;10228
4147;24994748000;24739455555;25239455555;10240;10228
4148;24994884000;24739455555;25239455555;10240;10228
4149;24995083000;24739455555;25239455555;10240;10228
4150;24995102000;24780755555;25280755555;10240;10228
4151;24995285000;24780755555;25280755555;10240;10228
4152;24995295000;24780755555;25280755555;10240;10228
4153;24995472000;24780755555;25280755555;10240;10228
4154;24995702000;24780755555;25280755555;10240;10228
4156;24995713000;24780755555;25280755555;10240;10228
4157;24995717000;24780833333;25280833333;10240;10228
4159;25036413000;24781155555;25281155555;10240;10228
4160;25036443000;24781155555;25281155555;10240;10228
4161;25036448000;24822422222;25322422222;10240;10228
4162;25036453000;24822422222;25322422222;10240;10228
4163;25036467000;24822422222;25322422222;10240;10228
4165;25036472000;24822422222;25322422222;10240;10228
4166;25036478000;24822422222;25322422222;10240;10228
4167;25036490000;24822422222;25322422222;10240;10228
4158;25036494000;24781155555;25281155555;10240;10228
4168;25036514000;24822511111;25322511111;10240;10228
4159;25036595000;24781155555;25281155555;10240;10228
4160;25036607000;24781155555;25281155555;10240;10228
4161;25036794000;24822422222;25322422222;10240;10228
4162;25037022000;24822422222;25322422222;10240;10228
4163;25037043000;24822422222;25322422222;10240;10228
4164;25037197000;24822422222;25322422222;10240;10228
4165;25037232000;24822422222;25322422222;10240;10228
4166;25037401000;24822422222;25322422222;10240;10228
4167;25037617000;24822422222;25322422222;10240;10228
4168;25037626000;24822511111;25322511111;10240;10228
4134;25073622000;24697422222;25197422222;10240;10228
4140;25073644000;24739088888;25239088888;10240;10228
4074;25073731000;24489088888;24989088888;10240;10228
4135;25073974000;24697500000;25197500000;10240;10228
4169;25078072000;24822811111;25322811111;10240;10228
4170;25078083000;24822811111;25322811111;10240;10228
4171;25078097000;24822811111;25322811111;10240;10228
4172;25078102000;24864088888;25364088888;10240;10228
4173;25078105000;24864088888;25364088888;10240;10228
4174;25078112000;24864088888;25364088888;10240;10228
4175;25078122000;24864088888;25364088888;10240;10228
4169;25078127000;24822811111;25322811111;10240;10228
4176;25078131000;24864088888;25364088888;10240;10228
4177;25078136000;24864088888;25364088888;10240;10228
4178;25078140000;24864088888;25364088888;10240;10228
4179;25078144000;24864177777;25364177777;10240;10228
4170;25078256000;24822811111;25322811111;10240;10228
4171;25078456000;24822811111;25322811111;10240;10228
4172;25078466000;24864088888;25364088888;10240;10228
4173;25078670000;24864088888;25364088888;10240;10228
4174;25078682000;24864088888;25364088888;10240;10228
4175;25078894000;24864088888;25364088888;10240;10228
4177;25078914000;24864088888;25364088888;10240;10228
4178;25079070000;24864088888;25364088888;10240;10228
4179;25079090000;24864177777;25364177777;10240;10228
4148;25115195000;24739455555;25239455555;10240;10228
4145;25115431000;24739088888;25239088888;10240;10228
4180;25119736000;24864488888;25364488888;10240;10228
4181;25119747000;24864488888;25364488888;10240;10228
4182;25119751000;24864488888;25364488888;10240;10228
4183;25119755000;24905755555;25405755555;10240;10228
4184;25119760000;24905755555;25405755555;10240;10228
4185;25119764000;24905755555;25405755555;10240;10228
4180;25119769000;24864488888;25364488888;10240;10228
4186;25119775000;24905755555;25405755555;10240;10228
4187;25119786000;24905755555;25405755555;10240;10228
4188;25119793000;24905755555;25405755555;10240;10228
4189;25119798000;24905755555;25405755555;10240;10228
4190;25119804000;24905833333;25405833333;10240;10228
4181;25119929000;24864488888;25364488888;10240;10228
4183;25119948000;24905755555;25405755555;10240;10228
4184;25120164000;24905755555;25405755555;10240;10228
4185;25120347000;24905755555;25405755555;10240;10228
4186;25120358000;24905755555;25405755555;10240;10228
4187;25120508000;24905755555;25405755555;10240;10228
4188;25120746000;24905755555;25405755555;10240;10228
4189;25120757000;24905755555;25405755555;10240;10228
4190;25120761000;24905833333;25405833333;10240;10228
4155;25157122000;24780755555;25280755555;10240;10228
4191;25161381000;24906166666;25406166666;10240;10228
4192;25161393000;24906166666;25406166666;10240;10228
4193;25161398000;24906166666;25406166666;10240;10228
4194;25161403000;24947422222;25447422222;10240;10228
4199;25161407000;24947422222;25447422222;10240;10228
4201;25161424000;24947500000;25447500000;10240;10228
4192;25161428000;24906166666;25406166666;10240;10228
4193;25161586000;24906166666;25406166666;10240;10228
4194;25161597000;24947422222;25447422222;10240;10228
4195;25161797000;24947422222;25447422222;10240;10228
4196;25161993000;24947422222;25447422222;10240;10228
4198;25162027000;24947422222;25447422222;10240;10228
4199;25162203000;24947422222;25447422222;10240;10228
4200;25162221000;24947422222;25447422222;10240;10228
4201;25162406000;24947500000;25447500000;10240;10228
4157;25198394000;24780833333;25280833333;10240;10228
4158;25198422000;24781155555;25281155555;10240;10228
4164;25198427000;24822422222;25322422222;10240;10228
4202;25202842000;24947777777;25447777777;10240;10228
4203;25202853000;24947777777;25447777777;10240;10228
4204;25202858000;24947777777;25447777777;10240;10228
4205;25202862000;24989088888;25489088888;10240;10228
4206;25202866000;24989088888;25489088888;10240;10228
4207;25202872000;24989088888;25489088888;10240;10228
4208;25202876000;24989088888;25489088888;10240;10228
4209;25202939000;24989088888;25489088888;10240;10228
4210;25202949000;24989088888;25489088888;10240;10228
4211;25202963000;24989088888;25489088888;10240;10228
4212;25202966000;24989166666;25489166666;10240;10228
4202;25203054000;24947777777;25447777777;10240;10228
4203;25203243000;24947777777;25447777777;10240;10228
4204;25203439000;24947777777;25447777777;10240;10228
4206;25203451000;24989088888;25489088888;10240;10228
4207;25203651000;24989088888;25489088888;10240;10228
4208;25203680000;24989088888;25489088888;10240;10228
4209;25203849000;24989088888;25489088888;10240;10228
4210;25203870000;24989088888;25489088888;10240;10228
4211;25204052000;24989088888;25489088888;10240;10228
4212;25204073000;24989166666;25489166666;10240;10228
4182;25240833000;24864488888;25364488888;10240;10228
4214;25244516000;24989477777;25489477777;10240;10228
4215;25244526000;24989477777;25489477777;10240;10228
4216;25244541000;25030744444;25530744444;10240;10228
4217;25244546000;25030744444;25530744444;10240;10228
4218;25244550000;25030744444;25530744444;10240;10228
4219;25244564000;25030744444;25530744444;10240;10228
4220;25244573000;25030744444;25530744444;10240;10228
4221;25244585000;25030744444;25530744444;10240;10228
4222;25244590000;25030744444;25530744444;10240;10228
4223;25244595000;25030833333;25530833333;10240;10228
4213;25244705000;24989477777;25489477777;10240;10228
4214;25244907000;24989477777;25489477777;10240;10228
4217;25245104000;25030744444;25530744444;10240;10228
4218;25245127000;25030744444;25530744444;10240;10228
4219;25245309000;25030744444;25530744444;10240;10228
4220;25245320000;25030744444;25530744444;10240;10228
4221;25245498000;25030744444;25530744444;10240;10228
4222;25245725000;25030744444;25530744444;10240;10228
4223;25245736000;25030833333;25530833333;10240;10228
4197;25282882000;24947422222;25447422222;10240;10228
4224;25286167000;25031166666;25531166666;10240;10228
4225;25286177000;25031166666;25531166666;10240;10228
4226;25286182000;25031166666;25531166666;10240;10228
4229;25286194000;25072422222;25572422222;10240;10228
4233;25286266000;25072422222;25572422222;10240;10228
4224;25286363000;25031166666;25531166666;10240;10228
4225;25286619000;25031166666;25531166666;10240;10228
4226;25286840000;25031166666;25531166666;10240;10228
4227;25286861000;25072422222;25572422222;10240;10228
4229;25287026000;25072422222;25572422222;10240;10228
4230;25287045000;25072422222;25572422222;10240;10228
4231;25287230000;25072422222;25572422222;10240;10228
4234;25287250000;25072533333;25572533333;10240;10228
4195;25323123000;24947422222;25447422222;10240;10228
4196;25323133000;24947422222;25447422222;10240;10228
4197;25323138000;24947422222;25447422222;10240;10228
4198;25323143000;24947422222;25447422222;10240;10228
4205;25324312000;24989088888;25489088888;10240;10228
4236;25327870000;25072822222;25572822222;10240;10228
4237;25327883000;25072822222;25572822222;10240;10228
4238;25327887000;25114088888;25614088888;10240;10228
4239;25327892000;25114088888;25614088888;10240;10228
4240;25327903000;25114088888;25614088888;10240;10228
4241;25327911000;25114088888;25614088888;10240;10228
4242;25327915000;25114088888;25614088888;10240;10228
4243;25327925000;25114088888;25614088888;10240;10228
4244;25327931000;25114088888;25614088888;10240;10228
4245;25327935000;25114166666;25614166666;10240;10228
4235;25328110000;25072822222;25572822222;10240;10228
4236;25328283000;25072822222;25572822222;10240;10228
4237;25328303000;25072822222;25572822222;10240;10228
4238;25328511000;25114088888;25614088888;10240;10228
4239;25328711000;25114088888;25614088888;10240;10228
4240;25328729000;25114088888;25614088888;10240;10228
4241;25328900000;25114088888;25614088888;10240;10228
4242;25328911000;25114088888;25614088888;10240;10228
4243;25329100000;25114088888;25614088888;10240;10228
4244;25329306000;25114088888;25614088888;10240;10228
4245;25329316000;25114166666;25614166666;10240;10228
4213;25364824000;24989477777;25489477777;10240;10228
4215;25365794000;24989477777;25489477777;10240;10228
4216;25366002000;25030744444;25530744444;10240;10228
4246;25369556000;25114488888;25614488888;10240;10228
4247;25369569000;25114488888;25614488888;10240;10228
4248;25369573000;25114488888;25614488888;10240;10228
4249;25369578000;25155755555;25655755555;10240;10228
4250;25369582000;25155755555;25655755555;10240;10228
4251;25369586000;25155755555;25655755555;10240;10228
4252;25369590000;25155755555;25655755555;10240;10228
4254;25369598000;25155755555;25655755555;10240;10228
4255;25369606000;25155755555;25655755555;10240;10228
4246;25369761000;25114488888;25614488888;10240;10228
4256;25369846000;25155833333;25655833333;10240;10228
4247;25369951000;25114488888;25614488888;10240;10228
4248;25369973000;25114488888;25614488888;10240;10228
4249;25370169000;25155755555;25655755555;10240;10228
4250;25370358000;25155755555;25655755555;10240;10228
4251;25370367000;25155755555;25655755555;10240;10228
4252;25370531000;25155755555;25655755555;10240;10228
4253;25370549000;25155755555;25655755555;10240;10228
4254;25370773000;25155755555;25655755555;10240;10228
4255;25370960000;25155755555;25655755555;10240;10228
4256;25370982000;25155833333;25655833333;10240;10228
4191;25407434000;24906166666;25406166666;10240;10228
4228;25407650000;25072422222;25572422222;10240;10228
4257;25411177000;25156166666;25656166666;10240;10228
4258;25411187000;25156166666;25656166666;10240;10228
4259;25411192000;25156166666;25656166666;10240;10228
4260;25411196000;25197411111;25697411111;10240;10228
4261;25411201000;25197411111;25697411111;10240;10228
4262;25411205000;25197411111;25697411111;10240;10228
4263;25411216000;25197411111;25697411111;10240;10228
4257;25411351000;25156166666;25656166666;10240;10228
4258;25411567000;25156166666;25656166666;10240;10228
4259;25411766000;25156166666;25656166666;10240;10228
4260;25411777000;25197411111;25697411111;10240;10228
4261;25411967000;25197411111;25697411111;10240;10228
4262;25411986000;25197411111;25697411111;10240;10228
4263;25412181000;25197411111;25697411111;10240;10228
4264;25443567000;25197411111;25697411111;10240;10228
4265;25443578000;25197411111;25697411111;10240;10228
4265;25444791000;25197411111;25697411111;10240;10228
4227;25448263000;25072422222;25572422222;10240;10228
4228;25448289000;25072422222;25572422222;10240;10228
4230;25448307000;25072422222;25572422222;10240;10228
4231;25448313000;25072422222;25572422222;10240;10228
4232;25448328000;25072422222;25572422222;10240;10228
4234;25448335000;25072533333;25572533333;10240;10228
4235;25448350000;25072822222;25572822222;10240;10228
4266;25448468000;25197411111;25697411111;10240;10228
4267;25448694000;25197477777;25697477777;10240;10228
4232;25448714000;25072422222;25572422222;10240;10228
4233;25448923000;25072422222;25572422222;10240;10228
4176;25449107000;24864088888;25364088888;10240;10228
4268;25452830000;25197755555;25697755555;10240;10228
4269;25452842000;25197755555;25697755555;10240;10228
4270;25452846000;25197755555;25697755555;10240;10228
4271;25452851000;25239088888;25739088888;10240;10228
4272;25452855000;25239088888;25739088888;10240;10228
4273;25452875000;25239088888;25739088888;10240;10228
4274;25452880000;25239088888;25739088888;10240;10228
4275;25452885000;25239088888;25739088888;10240;10228
4276;25452889000;25239088888;25739088888;10240;10228
4268;25453058000;25197755555;25697755555;10240;10228
4269;25453261000;25197755555;25697755555;10240;10228
4270;25453270000;25197755555;25697755555;10240;10228
4271;25453464000;25239088888;25739088888;10240;10228
4272;25453667000;25239088888;25739088888;10240;10228
4273;25453693000;25239088888;25739088888;10240;10228
4274;25453834000;25239088888;25739088888;10240;10228
4275;25454069000;25239088888;25739088888;10240;10228
4277;25485075000;25239088888;25739088888;10240;10228
4278;25486224000;25239166666;25739166666;10240;10228
4277;25486464000;25239088888;25739088888;10240;10228
4278;25486702000;25239166666;25739166666;10240;10228
4253;25490096000;25155755555;25655755555;10240;10228
4279;25494518000;25239466666;25739466666;10240;10228
4280;25494530000;25239466666;25739466666;10240;10228
4281;25494534000;25239466666;25739466666;10240;10228
4283;25494539000;25280777777;25780777777;10240;10228
4284;25494561000;25280777777;25780777777;10240;10228
4285;25494570000;25280777777;25780777777;10240;10228
4287;25494577000;25280777777;25780777777;10240;10228
4288;25494593000;25280777777;25780777777;10240;10228
4279;25494773000;25239466666;25739466666;10240;10228
4280;25494966000;25239466666;25739466666;10240;10228
4281;25494986000;25239466666;25739466666;10240;10228
4282;25495181000;25280777777;25780777777;10240;10228
4283;25495365000;25280777777;25780777777;10240;10228
4285;25495383000;25280777777;25780777777;10240;10228
4286;25495534000;25280777777;25780777777;10240;10228
4287;25495568000;25280777777;25780777777;10240;10228
4288;25495776000;25280777777;25780777777;10240;10228
4289;25527677000;25280855555;25780855555;10240;10228
4289;25527825000;25280855555;25780855555;10240;10228
4290;25536194000;25281177777;25781177777;10240;10228
4291;25536206000;25281177777;25781177777;10240;10228
4292;25536210000;25281177777;25781177777;10240;10228
4293;25536213000;25322422222;25822422222;10240;10228
4294;25536217000;25322422222;25822422222;10240;10228
4295;25536231000;25322422222;25822422222;10240;10228
4296;25536237000;25322422222;25822422222;10240;10228
4297;25536244000;25322422222;25822422222;10240;10228
4290;25536393000;25281177777;25781177777;10240;10228
4291;25536620000;25281177777;25781177777;10240;10228
4292;25536631000;25281177777;25781177777;10240;10228
4293;25536853000;25322422222;25822422222;10240;10228
4294;25537028000;25322422222;25822422222;10240;10228
4295;25537046000;25322422222;25822422222;10240;10228
4296;25537224000;25322422222;25822422222;10240;10228
4297;25537235000;25322422222;25822422222;10240;10228
4298;25563866000;25322422222;25822422222;10240;10228
4299;25563876000;25322422222;25822422222;10240;10228
4300;25565025000;25322488888;25822488888;10240;10228
4298;25568825000;25322422222;25822422222;10240;10228
4299;25569018000;25322422222;25822422222;10240;10228
4300;25569038000;25322488888;25822488888;10240;10228
4264;25569250000;25197411111;25697411111;10240;10228
4266;25573103000;25197411111;25697411111;10240;10228
4267;25573112000;25197477777;25697477777;10240;10228
4301;25577841000;25322777777;25822777777;10240;10228
4302;25577851000;25322777777;25822777777;10240;10228
4303;25577856000;25322777777;25822777777;10240;10228
4304;25577860000;25364088888;25864088888;10240;10228
4305;25577865000;25364088888;25864088888;10240;10228
4306;25577885000;25364088888;25864088888;10240;10228
4307;25577891000;25364088888;25864088888;10240;10228
4309;25577895000;25364088888;25864088888;10240;10228
4310;25577901000;25364088888;25864088888;10240;10228
4311;25577918000;25364166666;25864166666;10240;10228
4301;25578051000;25322777777;25822777777;10240;10228
4302;25578312000;25322777777;25822777777;10240;10228
4303;25578457000;25322777777;25822777777;10240;10228
4304;25578470000;25364088888;25864088888;10240;10228
4305;25578671000;25364088888;25864088888;10240;10228
4306;25578681000;25364088888;25864088888;10240;10228
4307;25578895000;25364088888;25864088888;10240;10228
4308;25578914000;25364088888;25864088888;10240;10228
4309;25579071000;25364088888;25864088888;10240;10228
4310;25579270000;25364088888;25864088888;10240;10228
4311;25579280000;25364166666;25864166666;10240;10228
4282;25614911000;25280777777;25780777777;10240;10228
4284;25616068000;25280777777;25780777777;10240;10228
4312;25619583000;25364477777;25864477777;10240;10228
4313;25619595000;25364477777;25864477777;10240;10228
4314;25619600000;25364477777;25864477777;10240;10228
4315;25619605000;25405755555;25905755555;10240;10228
4316;25619609000;25405755555;25905755555;10240;10228
4317;25619613000;25405755555;25905755555;10240;10228
4319;25619617000;25405755555;25905755555;10240;10228
4320;25619624000;25405755555;25905755555;10240;10228
4321;25619638000;25405755555;25905755555;10240;10228
4322;25619659000;25405833333;25905833333;10240;10228
4312;25619744000;25364477777;25864477777;10240;10228
4313;25619928000;25364477777;25864477777;10240;10228
4314;25619939000;25364477777;25864477777;10240;10228
4315;25620166000;25405755555;25905755555;10240;10228
4316;25620357000;25405755555;25905755555;10240;10228
4317;25620366000;25405755555;25905755555;10240;10228
4318;25620513000;25405755555;25905755555;10240;10228
4319;25620747000;25405755555;25905755555;10240;10228
4320;25620757000;25405755555;25905755555;10240;10228
4321;25620970000;25405755555;25905755555;10240;10228
4322;25620990000;25405833333;25905833333;10240;10228
4286;25656568000;25280777777;25780777777;10240;10228
4323;25661191000;25406166666;25906166666;10240;10228
4324;25661210000;25406166666;25906166666;10240;10228
4325;25661215000;25406166666;25906166666;10240;10228
4326;25661219000;25447422222;25947422222;10240;10228
4327;25661223000;25447422222;25947422222;10240;10228
4328;25661227000;25447422222;25947422222;10240;10228
4329;25661231000;25447422222;25947422222;10240;10228
4330;25661243000;25447422222;25947422222;10240;10228
4331;25661248000;25447422222;25947422222;10240;10228
4332;25661254000;25447422222;25947422222;10240;10228
4333;25661262000;25447500000;25947500000;10240;10228
4323;25661385000;25406166666;25906166666;10240;10228
4325;25661596000;25406166666;25906166666;10240;10228
4326;25661605000;25447422222;25947422222;10240;10228
4327;25661802000;25447422222;25947422222;10240;10228
4328;25662026000;25447422222;25947422222;10240;10228
4329;25662046000;25447422222;25947422222;10240;10228
4330;25662200000;25447422222;25947422222;10240;10228
4331;25662220000;25447422222;25947422222;10240;10228
4332;25662404000;25447422222;25947422222;10240;10228
4333;25685430000;25447500000;25947500000;10240;10228
4334;25702896000;25447766666;25947766666;10240;10228
4335;25702907000;25447766666;25947766666;10240;10228
4336;25702911000;25447766666;25947766666;10240;10228
4338;25702915000;25489111111;25989111111;10240;10228
4339;25702933000;25489111111;25989111111;10240;10228
4340;25702940000;25489111111;25989111111;10240;10228
4341;25702946000;25489111111;25989111111;10240;10228
4342;25702954000;25489111111;25989111111;10240;10228
4343;25702972000;25489111111;25989111111;10240;10228
4344;25702976000;25489188888;25989188888;10240;10228
4334;25703067000;25447766666;25947766666;10240;10228
4335;25703290000;25447766666;25947766666;10240;10228
4337;25703477000;25489111111;25989111111;10240;10228
4339;25703514000;25489111111;25989111111;10240;10228
4340;25703652000;25489111111;25989111111;10240;10228
4341;25703664000;25489111111;25989111111;10240;10228
4342;25703876000;25489111111;25989111111;10240;10228
4343;25703887000;25489111111;25989111111;10240;10228
4344;25704114000;25489188888;25989188888;10240;10228
4308;25739839000;25364088888;25864088888;10240;10228
4318;25739848000;25405755555;25905755555;10240;10228
4276;25740383000;25239088888;25739088888;10240;10228
4345;25744537000;25489500000;25989500000;10240;10228
4346;25744549000;25489500000;25989500000;10240;10228
4347;25744553000;25489500000;25989500000;10240;10228
4348;25744557000;25530755555;26030755555;10240;10228
4349;25744561000;25530755555;26030755555;10240;10228
4350;25744570000;25530755555;26030755555;10240;10228
4351;25744577000;25530755555;26030755555;10240;10228
4352;25744585000;25530755555;26030755555;10240;10228
4353;25744605000;25530755555;26030755555;10240;10228
4354;25744609000;25530755555;26030755555;10240;10228
4355;25744614000;25530833333;26030833333;10240;10228
4345;25744727000;25489500000;25989500000;10240;10228
4347;25744936000;25489500000;25989500000;10240;10228
4348;25744945000;25530755555;26030755555;10240;10228
4349;25745173000;25530755555;26030755555;10240;10228
4350;25745335000;25530755555;26030755555;10240;10228
4351;25745346000;25530755555;26030755555;10240;10228
4352;25745518000;25530755555;26030755555;10240;10228
4354;25745752000;25530755555;26030755555;10240;10228
4355;25745762000;25530833333;26030833333;10240;10228
4356;25786142000;25531177777;26031177777;10240;10228
4357;25786153000;25531177777;26031177777;10240;10228
4358;25786164000;25531177777;26031177777;10240;10228
4359;25786175000;25572422222;26072422222;10240;10228
4360;25786185000;25572422222;26072422222;10240;10228
4361;25786191000;25572422222;26072422222;10240;10228
4362;25786248000;25572422222;26072422222;10240;10228
4363;25786259000;25572422222;26072422222;10240;10228
4364;25786264000;25572422222;26072422222;10240;10228
4365;25786269000;25572422222;26072422222;10240;10228
4366;25786272000;25572500000;26072500000;10240;10228
4356;25786373000;25531177777;26031177777;10240;10228
4357;25786589000;25531177777;26031177777;10240;10228
4361;25786781000;25572422222;26072422222;10240;10228
4362;25786793000;25572422222;26072422222;10240;10228
4363;25786982000;25572422222;26072422222;10240;10228
4364;25787002000;25572422222;26072422222;10240;10228
4365;25787182000;25572422222;26072422222;10240;10228
4366;25787203000;25572500000;26072500000;10240;10228
4336;25824149000;25447766666;25947766666;10240;10228
4338;25824344000;25489111111;25989111111;10240;10228
4367;25827831000;25572788888;26072788888;10240;10228
4368;25827842000;25572788888;26072788888;10240;10228
4369;25827846000;25572788888;26072788888;10240;10228
4370;25827855000;25614088888;26114088888;10240;10228
4371;25827859000;25614088888;26114088888;10240;10228
4372;25827866000;25614088888;26114088888;10240;10228
4373;25827876000;25614088888;26114088888;10240;10228
4374;25827933000;25614088888;26114088888;10240;10228
4375;25827945000;25614088888;26114088888;10240;10228
4376;25827948000;25614088888;26114088888;10240;10228
4377;25827953000;25614166666;26114166666;10240;10228
4367;25828050000;25572788888;26072788888;10240;10228
4368;25828248000;25572788888;26072788888;10240;10228
4369;25828442000;25572788888;26072788888;10240;10228
4370;25828453000;25614088888;26114088888;10240;10228
4371;25828653000;25614088888;26114088888;10240;10228
4372;25828664000;25614088888;26114088888;10240;10228
4373;25828859000;25614088888;26114088888;10240;10228
4374;25828870000;25614088888;26114088888;10240;10228
4375;25829068000;25614088888;26114088888;10240;10228
4376;25829260000;25614088888;26114088888;10240;10228
4377;25829272000;25614166666;26114166666;10240;10228
4346;25865763000;25489500000;25989500000;10240;10228
4378;25869511000;25614488888;26114488888;10240;10228
4379;25869521000;25614488888;26114488888;10240;10228
4380;25869544000;25614488888;26114488888;10240;10228
4383;25869549000;25655755555;26155755555;10240;10228
4384;25869555000;25655755555;26155755555;10240;10228
4385;25869578000;25655755555;26155755555;10240;10228
4386;25869584000;25655755555;26155755555;10240;10228
4387;25869589000;25655755555;26155755555;10240;10228
4388;25869603000;25655833333;26155833333;10240;10228
4378;25869696000;25614488888;26114488888;10240;10228
4379;25869904000;25614488888;26114488888;10240;10228
4382;25869915000;25655755555;26155755555;10240;10228
4383;25870143000;25655755555;26155755555;10240;10228
4384;25870308000;25655755555;26155755555;10240;10228
4385;25870317000;25655755555;26155755555;10240;10228
4386;25870476000;25655755555;26155755555;10240;10228
4387;25870723000;25655755555;26155755555;10240;10228
4388;25870733000;25655833333;26155833333;10240;10228
4353;25906809000;25530755555;26030755555;10240;10228
4324;25907214000;25406166666;25906166666;10240;10228
4358;25907411000;25531177777;26031177777;10240;10228
4359;25907622000;25572422222;26072422222;10240;10228
4360;25907633000;25572422222;26072422222;10240;10228
4389;25911165000;25656166666;26156166666;10240;10228
4390;25911176000;25656166666;26156166666;10240;10228
4391;25911181000;25656166666;26156166666;10240;10228
4392;25911186000;25697433333;26197433333;10240;10228
4393;25911190000;25697433333;26197433333;10240;10228
4394;25911199000;25697433333;26197433333;10240;10228
4396;25911206000;25697433333;26197433333;10240;10228
4398;25911266000;25697433333;26197433333;10240;10228
4399;25911276000;25697522222;26197522222;10240;10228
4389;25911376000;25656166666;26156166666;10240;10228
4390;25911579000;25656166666;26156166666;10240;10228
4391;25911783000;25656166666;26156166666;10240;10228
4392;25911795000;25697433333;26197433333;10240;10228
4393;25911981000;25697433333;26197433333;10240;10228
4394;25912002000;25697433333;26197433333;10240;10228
4396;25912184000;25697433333;26197433333;10240;10228
4397;25912205000;25697433333;26197433333;10240;10228
4398;25912389000;25697433333;26197433333;10240;10228
4399;25912401000;25697522222;26197522222;10240;10228
4337;25948099000;25489111111;25989111111;10240;10228
4400;25952850000;25697822222;26197822222;10240;10228
4401;25952861000;25697822222;26197822222;10240;10228
4402;25952865000;25697822222;26197822222;10240;10228
4403;25952871000;25739077777;26239077777;10240;10228
4404;25952874000;25739077777;26239077777;10240;10228
4405;25952887000;25739077777;26239077777;10240;10228
4407;25952891000;25739077777;26239077777;10240;10228
4408;25952901000;25739077777;26239077777;10240;10228
4409;25952905000;25739077777;26239077777;10240;10228
4410;25952914000;25739166666;26239166666;10240;10228
4400;25953042000;25697822222;26197822222;10240;10228
4401;25953282000;25697822222;26197822222;10240;10228
4402;25953448000;25697822222;26197822222;10240;10228
4403;25953459000;25739077777;26239077777;10240;10228
4404;25953661000;25739077777;26239077777;10240;10228
4405;25953671000;25739077777;26239077777;10240;10228
4406;25953887000;25739077777;26239077777;10240;10228
4407;25953905000;25739077777;26239077777;10240;10228
4408;25954074000;25739077777;26239077777;10240;10228
4409;25954284000;25739077777;26239077777;10240;10228
4410;25954296000;25739166666;26239166666;10240;10228
4381;25989809000;25655755555;26155755555;10240;10228
4382;25989837000;25655755555;26155755555;10240;10228
4380;25990779000;25614488888;26114488888;10240;10228
4381;25990987000;25655755555;26155755555;10240;10228
4411;25994572000;25739477777;26239477777;10240;10228
4412;25994584000;25739477777;26239477777;10240;10228
4413;25994588000;25739477777;26239477777;10240;10228
4414;25994595000;25780755555;26280755555;10240;10228
4415;25994600000;25780755555;26280755555;10240;10228
4416;25994604000;25780755555;26280755555;10240;10228
4417;25994609000;25780755555;26280755555;10240;10228
4418;25994613000;25780755555;26280755555;10240;10228
4419;25994618000;25780755555;26280755555;10240;10228
4411;25994715000;25739477777;26239477777;10240;10228
4412;25994921000;25739477777;26239477777;10240;10228
4413;25995154000;25739477777;26239477777;10240;10228
4414;25995174000;25780755555;26280755555;10240;10228
4415;25995336000;25780755555;26280755555;10240;10228
4416;25995346000;25780755555;26280755555;10240;10228
4417;25995513000;25780755555;26280755555;10240;10228
4418;25995748000;25780755555;26280755555;10240;10228
4419;25995770000;25780755555;26280755555;10240;10228
4420;25995971000;25780755555;26280755555;10240;10228
4421;25995991000;25780833333;26280833333;10240;10228
4395;26031659000;25697433333;26197433333;10240;10228
4395;26032843000;25697433333;26197433333;10240;10228
4422;26036191000;25781166666;26281166666;10240;10228
4423;26036203000;25781166666;26281166666;10240;10228
4424;26036207000;25781166666;26281166666;10240;10228
4425;26036214000;25822422222;26322422222;10240;10228
4426;26036218000;25822422222;26322422222;10240;10228
4427;26036240000;25822422222;26322422222;10240;10228
4428;26036246000;25822422222;26322422222;10240;10228
4429;26036250000;25822422222;26322422222;10240;10228
4430;26036254000;25822422222;26322422222;10240;10228
4431;26036262000;25822422222;26322422222;10240;10228
4432;26036266000;25822500000;26322500000;10240;10228
4422;26036385000;25781166666;26281166666;10240;10228
4423;26036595000;25781166666;26281166666;10240;10228
4424;26036604000;25781166666;26281166666;10240;10228
4426;26036801000;25822422222;26322422222;10240;10228
4427;26037027000;25822422222;26322422222;10240;10228
4428;26037047000;25822422222;26322422222;10240;10228
4429;26037197000;25822422222;26322422222;10240;10228
4430;26037217000;25822422222;26322422222;10240;10228
4431;26037411000;25822422222;26322422222;10240;10228
4432;26037421000;25822500000;26322500000;10240;10228
4397;26073169000;25697433333;26197433333;10240;10228
4434;26077893000;25822788888;26322788888;10240;10228
4435;26077918000;25822788888;26322788888;10240;10228
4436;26077928000;25864088888;26364088888;10240;10228
4437;26077934000;25864088888;26364088888;10240;10228
4438;26077947000;25864088888;26364088888;10240;10228
4440;26077952000;25864088888;26364088888;10240;10228
4441;26077956000;25864088888;26364088888;10240;10228
4442;26077964000;25864088888;26364088888;10240;10228
4443;26077968000;25864166666;26364166666;10240;10228
4433;26078063000;25822788888;26322788888;10240;10228
4434;26078263000;25822788888;26322788888;10240;10228
4435;26078468000;25822788888;26322788888;10240;10228
4436;26078479000;25864088888;26364088888;10240;10228
4437;26078677000;25864088888;26364088888;10240;10228
4438;26078706000;25864088888;26364088888;10240;10228
4439;26078875000;25864088888;26364088888;10240;10228
4440;26078911000;25864088888;26364088888;10240;10228
4441;26079088000;25864088888;26364088888;10240;10228
4442;26079279000;25864088888;26364088888;10240;10228
4443;26079288000;25864166666;26364166666;10240;10228
4444;26119520000;25864488888;26364488888;10240;10228
4446;26119530000;25864488888;26364488888;10240;10228
4447;26119537000;25905755555;26405755555;10240;10228
4448;26119552000;25905755555;26405755555;10240;10228
4449;26119557000;25905755555;26405755555;10240;10228
4450;26119563000;25905755555;26405755555;10240;10228
4451;26119581000;25905755555;26405755555;10240;10228
4452;26119600000;25905755555;26405755555;10240;10228
4453;26119605000;25905755555;26405755555;10240;10228
4454;26119609000;25905833333;26405833333;10240;10228
4444;26119711000;25864488888;26364488888;10240;10228
4445;26119914000;25864488888;26364488888;10240;10228
4446;26120110000;25864488888;26364488888;10240;10228
4447;26120131000;25905755555;26405755555;10240;10228
4448;26120315000;25905755555;26405755555;10240;10228
4449;26120325000;25905755555;26405755555;10240;10228
4450;26120505000;25905755555;26405755555;10240;10228
4451;26120751000;25905755555;26405755555;10240;10228
4452;26120762000;25905755555;26405755555;10240;10228
4453;26120974000;25905755555;26405755555;10240;10228
4454;26120996000;25905833333;26405833333;10240;10228
4420;26156455000;25780755555;26280755555;10240;10228
4421;26156466000;25780833333;26280833333;10240;10228
4425;26157498000;25822422222;26322422222;10240;10228
4455;26161197000;25906166666;26406166666;10240;10228
4456;26161206000;25906166666;26406166666;10240;10228
4457;26161215000;25906166666;26406166666;10240;10228
4458;26161219000;25947422222;26447422222;10240;10228
4459;26161223000;25947422222;26447422222;10240;10228
4460;26161235000;25947422222;26447422222;10240;10228
4461;26161241000;25947422222;26447422222;10240;10228
4462;26161251000;25947422222;26447422222;10240;10228
4463;26161255000;25947422222;26447422222;10240;10228
4464;26161265000;25947422222;26447422222;10240;10228
4465;26161270000;25947500000;26447500000;10240;10228
4455;26161391000;25906166666;26406166666;10240;10228
4456;26161589000;25906166666;26406166666;10240;10228
4457;26161600000;25906166666;26406166666;10240;10228
4458;26161799000;25947422222;26447422222;10240;10228
4459;26162028000;25947422222;26447422222;10240;10228
4460;26162047000;25947422222;26447422222;10240;10228
4461;26162224000;25947422222;26447422222;10240;10228
4462;26162244000;25947422222;26447422222;10240;10228
4464;26162406000;25947422222;26447422222;10240;10228
4465;26162418000;25947500000;26447500000;10240;10228
4406;26198239000;25739077777;26239077777;10240;10228
4433;26198251000;25822788888;26322788888;10240;10228
4439;26198256000;25864088888;26364088888;10240;10228
4466;26202836000;25947777777;26447777777;10240;10228
4467;26202846000;25947777777;26447777777;10240;10228
4468;26202851000;25947777777;26447777777;10240;10228
4469;26202855000;25989088888;26489088888;10240;10228
4470;26202859000;25989088888;26489088888;10240;10228
4472;26202864000;25989088888;26489088888;10240;10228
4474;26202935000;25989088888;26489088888;10240;10228
4475;26202956000;25989088888;26489088888;10240;10228
4476;26202961000;25989166666;26489166666;10240;10228
4466;26203036000;25947777777;26447777777;10240;10228
4467;26203302000;25947777777;26447777777;10240;10228
4468;26203463000;25947777777;26447777777;10240;10228
4469;26203472000;25989088888;26489088888;10240;10228
4470;26203682000;25989088888;26489088888;10240;10228
4471;26203692000;25989088888;26489088888;10240;10228
4472;26203874000;25989088888;26489088888;10240;10228
4473;26203894000;25989088888;26489088888;10240;10228
4474;26204084000;25989088888;26489088888;10240;10228
4475;26204273000;25989088888;26489088888;10240;10228
4476;26204283000;25989166666;26489166666;10240;10228
4445;26239765000;25864488888;26364488888;10240;10228
4478;26244531000;25989488888;26489488888;10240;10228
4479;26244556000;25989488888;26489488888;10240;10228
4480;26244570000;26030755555;26530755555;10240;10228
4481;26244577000;26030755555;26530755555;10240;10228
4483;26244590000;26030755555;26530755555;10240;10228
4484;26244596000;26030755555;26530755555;10240;10228
4485;26244600000;26030755555;26530755555;10240;10228
4486;26244605000;26030755555;26530755555;10240;10228
4487;26244609000;26030833333;26530833333;10240;10228
4477;26244697000;25989488888;26489488888;10240;10228
4478;26244935000;25989488888;26489488888;10240;10228
4479;26244945000;25989488888;26489488888;10240;10228
4480;26245176000;26030755555;26530755555;10240;10228
4481;26245338000;26030755555;26530755555;10240;10228
4482;26245349000;26030755555;26530755555;10240;10228
4483;26245518000;26030755555;26530755555;10240;10228
4484;26245759000;26030755555;26530755555;10240;10228
4486;26245768000;26030755555;26530755555;10240;10228
4487;26245774000;26030833333;26530833333;10240;10228
4488;26286218000;26031144444;26531144444;10240;10228
4489;26286229000;26031144444;26531144444;10240;10228
4490;26286234000;26031144444;26531144444;10240;10228
4491;26286238000;26072411111;26572411111;10240;10228
4492;26286242000;26072411111;26572411111;10240;10228
4493;26286246000;26072411111;26572411111;10240;10228
4494;26286252000;26072411111;26572411111;10240;10228
4496;26286261000;26072411111;26572411111;10240;10228
4497;26286279000;26072411111;26572411111;10240;10228
4488;26286393000;26031144444;26531144444;10240;10228
4498;26286501000;26072500000;26572500000;10240;10228
4489;26286592000;26031144444;26531144444;10240;10228
4490;26286604000;26031144444;26531144444;10240;10228
4491;26286775000;26072411111;26572411111;10240;10228
4492;26286976000;26072411111;26572411111;10240;10228
4493;26286996000;26072411111;26572411111;10240;10228
4494;26287177000;26072411111;26572411111;10240;10228
4495;26287197000;26072411111;26572411111;10240;10228
4496;26287381000;26072411111;26572411111;10240;10228
4497;26287599000;26072411111;26572411111;10240;10228
4498;26287609000;26072500000;26572500000;10240;10228
4471;26323212000;25989088888;26489088888;10240;10228
4463;26323403000;25947422222;26447422222;10240;10228
4499;26327866000;26072777777;26572777777;10240;10228
4500;26327875000;26072777777;26572777777;10240;10228
4501;26327880000;26072777777;26572777777;10240;10228
4502;26327884000;26114088888;26614088888;10240;10228
4503;26327888000;26114088888;26614088888;10240;10228
4504;26327897000;26114088888;26614088888;10240;10228
4505;26327907000;26114088888;26614088888;10240;10228
4506;26327912000;26114088888;26614088888;10240;10228
4507;26327916000;26114088888;26614088888;10240;10228
4508;26327927000;26114088888;26614088888;10240;10228
4509;26327931000;26114166666;26614166666;10240;10228
4499;26328056000;26072777777;26572777777;10240;10228
4500;26328291000;26072777777;26572777777;10240;10228
4501;26328478000;26072777777;26572777777;10240;10228
4502;26328506000;26114088888;26614088888;10240;10228
4503;26328677000;26114088888;26614088888;10240;10228
4504;26328685000;26114088888;26614088888;10240;10228
4505;26328878000;26114088888;26614088888;10240;10228
4506;26328888000;26114088888;26614088888;10240;10228
4507;26329118000;26114088888;26614088888;10240;10228
4508;26329275000;26114088888;26614088888;10240;10228
4509;26329284000;26114166666;26614166666;10240;10228
4473;26364843000;25989088888;26489088888;10240;10228
4477;26364852000;25989488888;26489488888;10240;10228
4482;26364858000;26030755555;26530755555;10240;10228
4510;26369517000;26114466666;26614466666;10240;10228
4511;26369530000;26114466666;26614466666;10240;10228
4512;26369543000;26114466666;26614466666;10240;10228
4513;26369564000;26155755555;26655755555;10240;10228
4514;26369569000;26155755555;26655755555;10240;10228
4516;26369573000;26155755555;26655755555;10240;10228
4517;26369590000;26155755555;26655755555;10240;10228
4518;26369594000;26155755555;26655755555;10240;10228
4519;26369600000;26155755555;26655755555;10240;10228
4520;26369604000;26155833333;26655833333;10240;10228
4510;26369720000;26114466666;26614466666;10240;10228
4511;26369929000;26114466666;26614466666;10240;10228
4512;26369958000;26114466666;26614466666;10240;10228
4513;26370170000;26155755555;26655755555;10240;10228
4514;26370335000;26155755555;26655755555;10240;10228
4516;26370344000;26155755555;26655755555;10240;10228
4517;26370516000;26155755555;26655755555;10240;10228
4518;26370750000;26155755555;26655755555;10240;10228
4519;26370761000;26155755555;26655755555;10240;10228
4520;26370766000;26155833333;26655833333;10240;10228
4495;26406733000;26072411111;26572411111;10240;10228
4485;26406858000;26030755555;26530755555;10240;10228
4521;26411195000;26156133333;26656133333;10240;10228
4522;26411207000;26156133333;26656133333;10240;10228
4524;26411211000;26197422222;26697422222;10240;10228
4526;26411216000;26197422222;26697422222;10240;10228
4527;26411220000;26197422222;26697422222;10240;10228
4528;26411225000;26197422222;26697422222;10240;10228
4529;26411239000;26197422222;26697422222;10240;10228
4530;26411248000;26197422222;26697422222;10240;10228
4531;26411252000;26197500000;26697500000;10240;10228
4521;26411384000;26156133333;26656133333;10240;10228
4523;26411594000;26156133333;26656133333;10240;10228
4524;26411605000;26197422222;26697422222;10240;10228
4525;26411801000;26197422222;26697422222;10240;10228
4526;26412006000;26197422222;26697422222;10240;10228
4527;26412018000;26197422222;26697422222;10240;10228
4528;26412224000;26197422222;26697422222;10240;10228
4529;26412244000;26197422222;26697422222;10240;10228
4530;26412406000;26197422222;26697422222;10240;10228
4531;26412418000;26197500000;26697500000;10240;10228
4532;26452834000;26197766666;26697766666;10240;10228
4533;26452846000;26197766666;26697766666;10240;10228
4534;26452851000;26197766666;26697766666;10240;10228
4535;26452855000;26239088888;26739088888;10240;10228
4536;26452863000;26239088888;26739088888;10240;10228
4537;26452870000;26239088888;26739088888;10240;10228
4538;26452882000;26239088888;26739088888;10240;10228
4541;26452941000;26239088888;26739088888;10240;10228
4542;26452954000;26239166666;26739166666;10240;10228
4533;26453031000;26197766666;26697766666;10240;10228
4534;26453249000;26197766666;26697766666;10240;10228
4535;26453446000;26239088888;26739088888;10240;10228
4536;26453459000;26239088888;26739088888;10240;10228
4537;26453656000;26239088888;26739088888;10240;10228
4538;26453667000;26239088888;26739088888;10240;10228
4539;26453853000;26239088888;26739088888;10240;10228
4540;26453872000;26239088888;26739088888;10240;10228
4541;26454056000;26239088888;26739088888;10240;10228
4542;26454076000;26239166666;26739166666;10240;10228
4515;26489902000;26155755555;26655755555;10240;10228
4515;26491207000;26155755555;26655755555;10240;10228
4543;26494589000;26239455555;26739455555;10240;10228
4544;26494600000;26239455555;26739455555;10240;10228
4545;26494604000;26239455555;26739455555;10240;10228
4546;26494609000;26280755555;26780755555;10240;10228
4547;26494613000;26280755555;26780755555;10240;10228
4548;26494618000;26280755555;26780755555;10240;10228
4549;26494622000;26280755555;26780755555;10240;10228
4550;26494631000;26280755555;26780755555;10240;10228
4551;26494638000;26280755555;26780755555;10240;10228
4552;26494646000;26280755555;26780755555;10240;10228
4553;26494661000;26280844444;26780844444;10240;10228
4543;26494762000;26239455555;26739455555;10240;10228
4544;26494930000;26239455555;26739455555;10240;10228
4545;26494941000;26239455555;26739455555;10240;10228
4546;26495169000;26280755555;26780755555;10240;10228
4547;26495335000;26280755555;26780755555;10240;10228
4548;26495344000;26280755555;26780755555;10240;10228
4549;26495531000;26280755555;26780755555;10240;10228
4550;26495749000;26280755555;26780755555;10240;10228
4551;26495760000;26280755555;26780755555;10240;10228
4552;26495974000;26280755555;26780755555;10240;10228
4553;26495993000;26280844444;26780844444;10240;10228
4523;26531523000;26156133333;26656133333;10240;10228
4525;26531533000;26197422222;26697422222;10240;10228
4522;26532213000;26156133333;26656133333;10240;10228
4554;26536146000;26281155555;26781155555;10240;10228
4555;26536158000;26281155555;26781155555;10240;10228
4556;26536162000;26281155555;26781155555;10240;10228
4557;26536184000;26322422222;26822422222;10240;10228
4558;26536257000;26322422222;26822422222;10240;10228
4559;26536269000;26322422222;26822422222;10240;10228
4560;26536273000;26322422222;26822422222;10240;10228
4561;26536277000;26322422222;26822422222;10240;10228
4562;26536281000;26322422222;26822422222;10240;10228
4563;26536285000;26322422222;26822422222;10240;10228
4564;26536288000;26322500000;26822500000;10240;10228
4554;26536373000;26281155555;26781155555;10240;10228
4555;26536581000;26281155555;26781155555;10240;10228
4556;26536776000;26281155555;26781155555;10240;10228
4559;26536788000;26322422222;26822422222;10240;10228
4560;26537003000;26322422222;26822422222;10240;10228
4561;26537024000;26322422222;26822422222;10240;10228
4562;26537178000;26322422222;26822422222;10240;10228
4563;26537198000;26322422222;26822422222;10240;10228
4564;26537381000;26322500000;26822500000;10240;10228
4532;26573901000;26197766666;26697766666;10240;10228
4565;26577870000;26322788888;26822788888;10240;10228
4566;26577881000;26322788888;26822788888;10240;10228
4567;26577886000;26322788888;26822788888;10240;10228
4568;26577890000;26364077777;26864077777;10240;10228
4570;26577895000;26364077777;26864077777;10240;10228
4571;26577902000;26364077777;26864077777;10240;10228
4573;26577917000;26364077777;26864077777;10240;10228
4574;26577929000;26364077777;26864077777;10240;10228
4565;26578045000;26322788888;26822788888;10240;10228
4566;26578283000;26322788888;26822788888;10240;10228
4567;26578455000;26322788888;26822788888;10240;10228
4568;26578464000;26364077777;26864077777;10240;10228
4569;26578670000;26364077777;26864077777;10240;10228
4570;26578697000;26364077777;26864077777;10240;10228
4571;26578869000;26364077777;26864077777;10240;10228
4572;26578880000;26364077777;26864077777;10240;10228
4573;26579077000;26364077777;26864077777;10240;10228
4574;26579293000;26364077777;26864077777;10240;10228
4575;26579302000;26364166666;26864166666;10240;10228
4539;26614875000;26239088888;26739088888;10240;10228
4540;26614884000;26239088888;26739088888;10240;10228
4576;26619499000;26364466666;26864466666;10240;10228
4577;26619511000;26364466666;26864466666;10240;10228
4578;26619516000;26364466666;26864466666;10240;10228
4579;26619519000;26405755555;26905755555;10240;10228
4580;26619528000;26405755555;26905755555;10240;10228
4581;26619536000;26405755555;26905755555;10240;10228
4582;26619557000;26405755555;26905755555;10240;10228
4583;26619563000;26405755555;26905755555;10240;10228
4584;26619567000;26405755555;26905755555;10240;10228
4585;26619576000;26405755555;26905755555;10240;10228
4586;26619679000;26405833333;26905833333;10240;10228
4576;26619701000;26364466666;26864466666;10240;10228
4577;26619921000;26364466666;26864466666;10240;10228
4578;26619942000;26364466666;26864466666;10240;10228
4579;26620112000;26405755555;26905755555;10240;10228
4580;26620310000;26405755555;26905755555;10240;10228
4581;26620319000;26405755555;26905755555;10240;10228
4582;26620476000;26405755555;26905755555;10240;10228
4586;26620505000;26405833333;26905833333;10240;10228
4557;26657419000;26322422222;26822422222;10240;10228
4558;26657604000;26322422222;26822422222;10240;10228
4587;26661187000;26406144444;26906144444;10240;10228
4588;26661200000;26406144444;26906144444;10240;10228
4589;26661204000;26406144444;26906144444;10240;10228
4591;26661209000;26447411111;26947411111;10240;10228
4593;26661216000;26447411111;26947411111;10240;10228
4594;26661233000;26447411111;26947411111;10240;10228
4595;26661245000;26447411111;26947411111;10240;10228
4596;26661250000;26447411111;26947411111;10240;10228
4597;26661264000;26447500000;26947500000;10240;10228
4588;26661345000;26406144444;26906144444;10240;10228
4589;26661556000;26406144444;26906144444;10240;10228
4590;26661751000;26447411111;26947411111;10240;10228
4591;26661778000;26447411111;26947411111;10240;10228
4592;26662019000;26447411111;26947411111;10240;10228
4593;26662053000;26447411111;26947411111;10240;10228
4594;26662205000;26447411111;26947411111;10240;10228
4595;26662216000;26447411111;26947411111;10240;10228
4596;26662391000;26447411111;26947411111;10240;10228
4597;26662571000;26447500000;26947500000;10240;10228
4569;26698132000;26364077777;26864077777;10240;10228
4598;26702863000;26447755555;26947755555;10240;10228
4599;26702878000;26447755555;26947755555;10240;10228
4600;26702883000;26447755555;26947755555;10240;10228
4601;26702887000;26489088888;26989088888;10240;10228
4602;26702891000;26489088888;26989088888;10240;10228
4603;26702897000;26489088888;26989088888;10240;10228
4604;26702905000;26489088888;26989088888;10240;10228
4605;26702913000;26489088888;26989088888;10240;10228
4606;26702919000;26489088888;26989088888;10240;10228
4607;26702937000;26489088888;26989088888;10240;10228
4608;26702942000;26489166666;26989166666;10240;10228
4598;26703052000;26447755555;26947755555;10240;10228
4599;26703290000;26447755555;26947755555;10240;10228
4600;26703475000;26447755555;26947755555;10240;10228
4603;26703495000;26489088888;26989088888;10240;10228
4604;26703674000;26489088888;26989088888;10240;10228
4605;26703684000;26489088888;26989088888;10240;10228
4606;26703898000;26489088888;26989088888;10240;10228
4607;26703918000;26489088888;26989088888;10240;10228
4608;26704114000;26489166666;26989166666;10240;10228
4572;26739808000;26364077777;26864077777;10240;10228
4575;26739817000;26364166666;26864166666;10240;10228
4609;26744541000;26489455555;26989455555;10240;10228
4610;26744563000;26489455555;26989455555;10240;10228
4611;26744568000;26489455555;26989455555;10240;10228
4612;26744573000;26530755555;27030755555;10240;10228
4613;26744580000;26530755555;27030755555;10240;10228
4614;26744585000;26530755555;27030755555;10240;10228
4615;26744598000;26530755555;27030755555;10240;10228
4616;26744616000;26530755555;27030755555;10240;10228
4617;26744624000;26530755555;27030755555;10240;10228
4618;26744630000;26530755555;27030755555;10240;10228
4619;26744641000;26530833333;27030833333;10240;10228
4609;26744726000;26489455555;26989455555;10240;10228
4610;26744929000;26489455555;26989455555;10240;10228
4611;26744940000;26489455555;26989455555;10240;10228
4612;26745168000;26530755555;27030755555;10240;10228
4614;26745336000;26530755555;27030755555;10240;10228
4615;26745345000;26530755555;27030755555;10240;10228
4616;26745511000;26530755555;27030755555;10240;10228
4617;26745750000;26530755555;27030755555;10240;10228
4618;26745760000;26530755555;27030755555;10240;10228
4619;26745764000;26530833333;27030833333;10240;10228
4590;26781501000;26447411111;26947411111;10240;10228
4592;26781513000;26447411111;26947411111;10240;10228
4583;26781938000;26405755555;26905755555;10240;10228
4584;26782180000;26405755555;26905755555;10240;10228
4585;26782198000;26405755555;26905755555;10240;10228
4587;26782404000;26406144444;26906144444;10240;10228
4620;26786175000;26531144444;27031144444;10240;10228
4621;26786187000;26531144444;27031144444;10240;10228
4622;26786192000;26531144444;27031144444;10240;10228
4623;26786197000;26572422222;27072422222;10240;10228
4624;26786202000;26572422222;27072422222;10240;10228
4625;26786223000;26572422222;27072422222;10240;10228
4626;26786228000;26572422222;27072422222;10240;10228
4627;26786232000;26572422222;27072422222;10240;10228
4628;26786237000;26572422222;27072422222;10240;10228
4629;26786240000;26572422222;27072422222;10240;10228
4630;26786337000;26572500000;27072500000;10240;10228
4620;26786373000;26531144444;27031144444;10240;10228
4621;26786616000;26531144444;27031144444;10240;10228
4622;26786625000;26531144444;27031144444;10240;10228
4623;26786802000;26572422222;27072422222;10240;10228
4624;26786999000;26572422222;27072422222;10240;10228
4625;26787019000;26572422222;27072422222;10240;10228
4626;26787198000;26572422222;27072422222;10240;10228
4627;26787218000;26572422222;27072422222;10240;10228
4628;26787406000;26572422222;27072422222;10240;10228
4629;26787644000;26572422222;27072422222;10240;10228
4630;26787664000;26572500000;27072500000;10240;10228
4601;26824094000;26489088888;26989088888;10240;10228
4602;26824318000;26489088888;26989088888;10240;10228
4631;26827818000;26572766666;27072766666;10240;10228
4632;26827837000;26572766666;27072766666;10240;10228
4633;26827842000;26572766666;27072766666;10240;10228
4634;26827847000;26614088888;27114088888;10240;10228
4635;26827850000;26614088888;27114088888;10240;10228
4636;26827915000;26614088888;27114088888;10240;10228
4637;26827925000;26614088888;27114088888;10240;10228
4638;26827929000;26614088888;27114088888;10240;10228
4639;26827934000;26614088888;27114088888;10240;10228
4640;26827939000;26614088888;27114088888;10240;10228
4641;26827947000;26614166666;27114166666;10240;10228
4632;26828043000;26572766666;27072766666;10240;10228
4633;26828262000;26572766666;27072766666;10240;10228
4634;26828442000;26614088888;27114088888;10240;10228
4635;26828454000;26614088888;27114088888;10240;10228
4636;26828654000;26614088888;27114088888;10240;10228
4637;26828666000;26614088888;27114088888;10240;10228
4638;26828859000;26614088888;27114088888;10240;10228
4639;26828870000;26614088888;27114088888;10240;10228
4640;26829056000;26614088888;27114088888;10240;10228
4641;26829077000;26614166666;27114166666;10240;10228
4613;26865982000;26530755555;27030755555;10240;10228
4642;26869559000;26614466666;27114466666;10240;10228
4643;26869571000;26614466666;27114466666;10240;10228
4644;26869575000;26614466666;27114466666;10240;10228
4645;26869580000;26655755555;27155755555;10240;10228
4646;26869584000;26655755555;27155755555;10240;10228
4647;26869589000;26655755555;27155755555;10240;10228
4648;26869597000;26655755555;27155755555;10240;10228
4649;26869606000;26655755555;27155755555;10240;10228
4650;26869610000;26655755555;27155755555;10240;10228
4642;26869718000;26614466666;27114466666;10240;10228
4643;26869931000;26614466666;27114466666;10240;10228
4644;26869941000;26614466666;27114466666;10240;10228
4645;26870171000;26655755555;27155755555;10240;10228
4646;26870360000;26655755555;27155755555;10240;10228
4647;26870371000;26655755555;27155755555;10240;10228
4648;26870518000;26655755555;27155755555;10240;10228
4649;26870754000;26655755555;27155755555;10240;10228
4650;26870763000;26655755555;27155755555;10240;10228
4651;26870950000;26655755555;27155755555;10240;10228
4652;26870968000;26655833333;27155833333;10240;10228
4656;26911190000;26697422222;27197422222;10240;10228
4657;26911213000;26697422222;27197422222;10240;10228
4658;26911219000;26697422222;27197422222;10240;10228
4659;26911225000;26697422222;27197422222;10240;10228
4660;26911230000;26697422222;27197422222;10240;10228
4662;26911245000;26697422222;27197422222;10240;10228
4653;26911340000;26656155555;27156155555;10240;10228
4654;26911575000;26656155555;27156155555;10240;10228
4655;26911757000;26656155555;27156155555;10240;10228
4656;26911784000;26697422222;27197422222;10240;10228
4658;26911946000;26697422222;27197422222;10240;10228
4659;26911958000;26697422222;27197422222;10240;10228
4660;26912147000;26697422222;27197422222;10240;10228
4661;26912355000;26697422222;27197422222;10240;10228
4662;26912380000;26697422222;27197422222;10240;10228
4663;26912562000;26697500000;27197500000;10240;10228
4631;26948841000;26572766666;27072766666;10240;10228
4664;26952816000;26697788888;27197788888;10240;10228
4666;26952829000;26697788888;27197788888;10240;10228
4667;26952851000;26739077777;27239077777;10240;10228
4668;26952863000;26739077777;27239077777;10240;10228
4669;26952869000;26739077777;27239077777;10240;10228
4670;26952898000;26739077777;27239077777;10240;10228
4671;26952903000;26739077777;27239077777;10240;10228
4672;26952908000;26739077777;27239077777;10240;10228
4674;26952913000;26739166666;27239166666;10240;10228
4664;26952991000;26697788888;27197788888;10240;10228
4665;26953191000;26697788888;27197788888;10240;10228
4666;26953411000;26697788888;27197788888;10240;10228
4672;26953422000;26739077777;27239077777;10240;10228
4673;26953622000;26739077777;27239077777;10240;10228
4675;26994499000;26739444444;27239444444;10240;10228
4676;26994516000;26739444444;27239444444;10240;10228
4678;26994526000;26780744444;27280744444;10240;10228
4680;26994534000;26780744444;27280744444;10240;10228
4681;26994558000;26780744444;27280744444;10240;10228
4682;26994580000;26780744444;27280744444;10240;10228
4683;26994586000;26780744444;27280744444;10240;10228
4684;26994590000;26780744444;27280744444;10240;10228
4685;26994594000;26780833333;27280833333;10240;10228
4675;26994659000;26739444444;27239444444;10240;10228
4678;26994879000;26780744444;27280744444;10240;10228
4679;26995077000;26780744444;27280744444;10240;10228
4680;26995110000;26780744444;27280744444;10240;10228
4681;26995353000;26780744444;27280744444;10240;10228
4682;26995363000;26780744444;27280744444;10240;10228
4683;26995472000;26780744444;27280744444;10240;10228
4684;26995743000;26780744444;27280744444;10240;10228
4685;26995764000;26780833333;27280833333;10240;10228
4651;27031437000;26655755555;27155755555;10240;10228
4652;27031448000;26655833333;27155833333;10240;10228
4653;27031452000;26656155555;27156155555;10240;10228
4654;27031456000;26656155555;27156155555;10240;10228
4657;27032609000;26697422222;27197422222;10240;10228
4686;27036200000;26781144444;27281144444;10240;10228
4687;27036210000;26781144444;27281144444;10240;10228
4688;27036214000;26781144444;27281144444;10240;10228
4689;27036219000;26822422222;27322422222;10240;10228
4690;27036224000;26822422222;27322422222;10240;10228
4691;27036238000;26822422222;27322422222;10240;10228
4692;27036243000;26822422222;27322422222;10240;10228
4693;27036251000;26822422222;27322422222;10240;10228
4694;27036259000;26822422222;27322422222;10240;10228
4695;27036264000;26822422222;27322422222;10240;10228
4696;27036270000;26822500000;27322500000;10240;10228
4686;27036389000;26781144444;27281144444;10240;10228
4687;27036589000;26781144444;27281144444;10240;10228
4689;27036803000;26822422222;27322422222;10240;10228
4690;27036824000;26822422222;27322422222;10240;10228
4691;27037028000;26822422222;27322422222;10240;10228
4692;27037050000;26822422222;27322422222;10240;10228
4693;27037197000;26822422222;27322422222;10240;10228
4694;27037218000;26822422222;27322422222;10240;10228
4695;27037407000;26822422222;27322422222;10240;10228
4661;27073105000;26697422222;27197422222;10240;10228
4663;27073114000;26697500000;27197500000;10240;10228
4697;27077865000;26822777777;27322777777;10240;10228
4698;27077874000;26822777777;27322777777;10240;10228
4699;27077879000;26822777777;27322777777;10240;10228
4700;27077883000;26864088888;27364088888;10240;10228
4701;27077886000;26864088888;27364088888;10240;10228
4704;27077896000;26864088888;27364088888;10240;10228
4705;27077904000;26864088888;27364088888;10240;10228
4706;27077915000;26864088888;27364088888;10240;10228
4700;27078077000;26864088888;27364088888;10240;10228
4701;27078317000;26864088888;27364088888;10240;10228
4702;27078503000;26864088888;27364088888;10240;10228
4703;27078524000;26864088888;27364088888;10240;10228
4704;27078654000;26864088888;27364088888;10240;10228
4705;27078675000;26864088888;27364088888;10240;10228
4707;27114923000;26864166666;27364166666;10240;10228
4667;27115114000;26739077777;27239077777;10240;10228
4670;27115326000;26739077777;27239077777;10240;10228
4671;27115526000;26739077777;27239077777;10240;10228
4706;27115551000;26864088888;27364088888;10240;10228
4707;27115743000;26864166666;27364166666;10240;10228
4674;27115754000;26739166666;27239166666;10240;10228
4676;27115961000;26739444444;27239444444;10240;10228
4677;27115987000;26739444444;27239444444;10240;10228
4708;27119544000;26864455555;27364455555;10240;10228
4709;27119556000;26864455555;27364455555;10240;10228
4710;27119560000;26864455555;27364455555;10240;10228
4711;27119564000;26905755555;27405755555;10240;10228
4712;27119568000;26905755555;27405755555;10240;10228
4713;27119572000;26905755555;27405755555;10240;10228
4714;27119576000;26905755555;27405755555;10240;10228
4715;27119580000;26905755555;27405755555;10240;10228
4708;27119722000;26864455555;27364455555;10240;10228
4709;27119932000;26864455555;27364455555;10240;10228
4710;27119943000;26864455555;27364455555;10240;10228
4713;27120138000;26905755555;27405755555;10240;10228
4714;27120327000;26905755555;27405755555;10240;10228
4716;27151743000;26905755555;27405755555;10240;10228
4717;27151755000;26905755555;27405755555;10240;10228
4718;27151776000;26905811111;27405811111;10240;10228
4715;27153092000;26905755555;27405755555;10240;10228
4716;27153346000;26905755555;27405755555;10240;10228
4677;27156573000;26739444444;27239444444;10240;10228
4679;27156583000;26780744444;27280744444;10240;10228
4655;27156588000;26656155555;27156155555;10240;10228
4717;27156727000;26905755555;27405755555;10240;10228
4718;27156934000;26905811111;27405811111;10240;10228
4688;27157645000;26781144444;27281144444;10240;10228
4719;27161218000;26906133333;27406133333;10240;10228
4720;27161230000;26906133333;27406133333;10240;10228
4721;27161234000;26906133333;27406133333;10240;10228
4722;27161241000;26947422222;27447422222;10240;10228
4723;27161245000;26947422222;27447422222;10240;10228
4724;27161258000;26947422222;27447422222;10240;10228
4725;27161263000;26947422222;27447422222;10240;10228
4726;27161267000;26947422222;27447422222;10240;10228
4727;27161277000;26947422222;27447422222;10240;10228
4720;27161388000;26906133333;27406133333;10240;10228
4721;27161593000;26906133333;27406133333;10240;10228
4723;27161602000;26947422222;27447422222;10240;10228
4724;27161804000;26947422222;27447422222;10240;10228
4725;27162033000;26947422222;27447422222;10240;10228
4726;27162055000;26947422222;27447422222;10240;10228
4727;27162206000;26947422222;27447422222;10240;10228
4729;27198194000;26947488888;27447488888;10240;10228
4665;27198215000;26697788888;27197788888;10240;10228
4702;27198222000;26864088888;27364088888;10240;10228
4703;27198226000;26864088888;27364088888;10240;10228
4728;27198390000;26947422222;27447422222;10240;10228
4729;27198591000;26947488888;27447488888;10240;10228
4697;27198996000;26822777777;27322777777;10240;10228
4698;27199219000;26822777777;27322777777;10240;10228
4699;27199237000;26822777777;27322777777;10240;10228
4731;27202876000;26947744444;27447744444;10240;10228
4732;27202904000;26947744444;27447744444;10240;10228
4733;27202914000;26989088888;27489088888;10240;10228
4734;27202918000;26989088888;27489088888;10240;10228
4735;27202932000;26989088888;27489088888;10240;10228
4730;27203062000;26947744444;27447744444;10240;10228
4731;27203269000;26947744444;27447744444;10240;10228
4732;27203473000;26947744444;27447744444;10240;10228
4733;27203501000;26989088888;27489088888;10240;10228
4734;27203681000;26989088888;27489088888;10240;10228
4736;27235192000;26989088888;27489088888;10240;10228
4737;27235318000;26989088888;27489088888;10240;10228
4735;27235414000;26989088888;27489088888;10240;10228
4738;27235507000;26989088888;27489088888;10240;10228
4740;27235994000;26989133333;27489133333;10240;10228
4737;27236190000;26989088888;27489088888;10240;10228
4738;27236416000;26989088888;27489088888;10240;10228
4739;27236615000;26989088888;27489088888;10240;10228
4740;27239962000;26989133333;27489133333;10240;10228
4668;27240211000;26739077777;27239077777;10240;10228
4741;27244589000;26989422222;27489422222;10240;10228
4742;27244600000;26989422222;27489422222;10240;10228
4743;27244605000;26989422222;27489422222;10240;10228
4745;27244609000;27030755555;27530755555;10240;10228
4746;27244616000;27030755555;27530755555;10240;10228
4741;27244739000;26989422222;27489422222;10240;10228
4742;27244933000;26989422222;27489422222;10240;10228
4744;27244942000;27030755555;27530755555;10240;10228
4745;27245140000;27030755555;27530755555;10240;10228
4746;27245332000;27030755555;27530755555;10240;10228
4747;27272002000;27030755555;27530755555;10240;10228
4748;27272011000;27030755555;27530755555;10240;10228
4749;27273383000;27030755555;27530755555;10240;10228
4750;27273555000;27030755555;27530755555;10240;10228
4711;27273576000;26905755555;27405755555;10240;10228
4712;27273779000;26905755555;27405755555;10240;10228
4747;27273790000;27030755555;27530755555;10240;10228
4751;27276907000;27030800000;27530800000;10240;10228
4748;27277099000;27030755555;27530755555;10240;10228
4749;27277307000;27030755555;27530755555;10240;10228
4750;27277316000;27030755555;27530755555;10240;10228
4751;27277473000;27030800000;27530800000;10240;10228
4673;27281632000;26739077777;27239077777;10240;10228
4719;27282057000;26906133333;27406133333;10240;10228
4722;27282474000;26947422222;27447422222;10240;10228
4752;27286214000;27031133333;27531133333;10240;10228
4753;27286225000;27031133333;27531133333;10240;10228
4754;27286230000;27031133333;27531133333;10240;10228
4756;27286234000;27072422222;27572422222;10240;10228
4757;27286253000;27072422222;27572422222;10240;10228
4758;27286262000;27072422222;27572422222;10240;10228
4759;27286267000;27072422222;27572422222;10240;10228
4760;27286273000;27072422222;27572422222;10240;10228
4752;27286385000;27031133333;27531133333;10240;10228
4753;27286591000;27031133333;27531133333;10240;10228
4754;27286802000;27031133333;27531133333;10240;10228
4755;27286823000;27072422222;27572422222;10240;10228
4756;27287000000;27072422222;27572422222;10240;10228
4759;27287020000;27072422222;27572422222;10240;10228
4761;27318460000;27072422222;27572422222;10240;10228
4762;27318471000;27072488888;27572488888;10240;10228
4760;27318843000;27072422222;27572422222;10240;10228
4761;27319041000;27072422222;27572422222;10240;10228
4762;27319061000;27072488888;27572488888;10240;10228
4728;27323171000;26947422222;27447422222;10240;10228
4730;27323181000;26947744444;27447744444;10240;10228
4696;27323834000;26822500000;27322500000;10240;10228
4765;27327849000;27072777777;27572777777;10240;10228
4766;27327871000;27114088888;27614088888;10240;10228
4767;27327876000;27114088888;27614088888;10240;10228
4768;27327882000;27114088888;27614088888;10240;10228
4769;27327886000;27114088888;27614088888;10240;10228
4763;27328031000;27072777777;27572777777;10240;10228
4764;27328238000;27072777777;27572777777;10240;10228
4765;27328444000;27072777777;27572777777;10240;10228
4766;27328454000;27114088888;27614088888;10240;10228
4767;27328657000;27114088888;27614088888;10240;10228
4768;27328666000;27114088888;27614088888;10240;10228
4769;27328857000;27114088888;27614088888;10240;10228
4770;27355668000;27114088888;27614088888;10240;10228
4771;27355680000;27114088888;27614088888;10240;10228
4772;27355779000;27114088888;27614088888;10240;10228
4770;27355890000;27114088888;27614088888;10240;10228
4773;27356313000;27114144444;27614144444;10240;10228
4771;27356859000;27114088888;27614088888;10240;10228
4772;27357104000;27114088888;27614088888;10240;10228
4739;27364891000;26989088888;27489088888;10240;10228
4774;27369521000;27114477777;27614477777;10240;10228
4775;27369530000;27114477777;27614477777;10240;10228
4776;27369535000;27114477777;27614477777;10240;10228
4777;27369539000;27155755555;27655755555;10240;10228
4779;27369543000;27155755555;27655755555;10240;10228
4775;27369723000;27114477777;27614477777;10240;10228
4776;27369934000;27114477777;27614477777;10240;10228
4777;27369944000;27155755555;27655755555;10240;10228
4778;27370174000;27155755555;27655755555;10240;10228
4779;27370324000;27155755555;27655755555;10240;10228
4744;27392252000;27030755555;27530755555;10240;10228
4780;27392263000;27155755555;27655755555;10240;10228
4781;27392267000;27155755555;27655755555;10240;10228
4782;27393718000;27155755555;27655755555;10240;10228
4783;27393727000;27155755555;27655755555;10240;10228
4784;27393731000;27155800000;27655800000;10240;10228
4780;27393912000;27155755555;27655755555;10240;10228
4781;27394160000;27155755555;27655755555;10240;10228
4782;27394324000;27155755555;27655755555;10240;10228
4783;27394335000;27155755555;27655755555;10240;10228
4784;27397343000;27155800000;27655800000;10240;10228
4785;27411186000;27156122222;27656122222;10240;10228
4786;27411196000;27156122222;27656122222;10240;10228
4787;27411200000;27156122222;27656122222;10240;10228
4788;27411204000;27197422222;27697422222;10240;10228
4789;27411207000;27197422222;27697422222;10240;10228
4790;27411228000;27197422222;27697422222;10240;10228
4791;27411233000;27197422222;27697422222;10240;10228
4792;27411241000;27197422222;27697422222;10240;10228
4793;27411245000;27197422222;27697422222;10240;10228
4794;27411264000;27197422222;27697422222;10240;10228
4785;27411393000;27156122222;27656122222;10240;10228
4786;27411601000;27156122222;27656122222;10240;10228
4787;27411627000;27156122222;27656122222;10240;10228
4788;27411807000;27197422222;27697422222;10240;10228
4789;27412012000;27197422222;27697422222;10240;10228
4790;27412023000;27197422222;27697422222;10240;10228
4791;27412230000;27197422222;27697422222;10240;10228
4792;27412250000;27197422222;27697422222;10240;10228
4793;27412415000;27197422222;27697422222;10240;10228
4795;27438749000;27197500000;27697500000;10240;10228
4794;27438966000;27197422222;27697422222;10240;10228
4795;27439276000;27197500000;27697500000;10240;10228
4757;27439536000;27072422222;27572422222;10240;10228
4758;27439722000;27072422222;27572422222;10240;10228
4763;27448195000;27072777777;27572777777;10240;10228
4764;27448205000;27072777777;27572777777;10240;10228
4796;27452824000;27197777777;27697777777;10240;10228
4797;27452835000;27197777777;27697777777;10240;10228
4798;27452840000;27197777777;27697777777;10240;10228
4799;27452843000;27239088888;27739088888;10240;10228
4800;27452938000;27239088888;27739088888;10240;10228
4801;27452950000;27239088888;27739088888;10240;10228
4802;27452954000;27239088888;27739088888;10240;10228
4803;27452959000;27239088888;27739088888;10240;10228
4804;27452973000;27239088888;27739088888;10240;10228
4796;27453045000;27197777777;27697777777;10240;10228
4797;27453270000;27197777777;27697777777;10240;10228
4798;27453443000;27197777777;27697777777;10240;10228
4799;27453452000;27239088888;27739088888;10240;10228
4800;27453646000;27239088888;27739088888;10240;10228
4801;27453666000;27239088888;27739088888;10240;10228
4802;27453868000;27239088888;27739088888;10240;10228
4803;27453878000;27239088888;27739088888;10240;10228
4805;27475949000;27239088888;27739088888;10240;10228
4806;27475959000;27239155555;27739155555;10240;10228
4804;27476141000;27239088888;27739088888;10240;10228
4805;27476363000;27239088888;27739088888;10240;10228
4806;27476372000;27239155555;27739155555;10240;10228
4736;27490428000;26989088888;27489088888;10240;10228
4743;27490629000;26989422222;27489422222;10240;10228
4773;27490640000;27114144444;27614144444;10240;10228
4774;27490840000;27114477777;27614477777;10240;10228
4807;27494569000;27239455555;27739455555;10240;10228
4808;27494580000;27239455555;27739455555;10240;10228
4809;27494585000;27239455555;27739455555;10240;10228
4810;27494589000;27280755555;27780755555;10240;10228
4811;27494593000;27280755555;27780755555;10240;10228
4812;27494597000;27280755555;27780755555;10240;10228
4813;27494606000;27280755555;27780755555;10240;10228
4807;27494727000;27239455555;27739455555;10240;10228
4808;27494935000;27239455555;27739455555;10240;10228
4809;27494946000;27239455555;27739455555;10240;10228
4810;27495174000;27280755555;27780755555;10240;10228
4811;27495340000;27280755555;27780755555;10240;10228
4812;27495349000;27280755555;27780755555;10240;10228
4813;27495519000;27280755555;27780755555;10240;10228
4814;27512709000;27280755555;27780755555;10240;10228
4815;27512720000;27280755555;27780755555;10240;10228
4816;27514024000;27280755555;27780755555;10240;10228
4817;27514035000;27280811111;27780811111;10240;10228
4814;27514157000;27280755555;27780755555;10240;10228
4815;27514376000;27280755555;27780755555;10240;10228
4816;27514591000;27280755555;27780755555;10240;10228
4817;27514599000;27280811111;27780811111;10240;10228
4755;27531545000;27072422222;27572422222;10240;10228
4818;27536183000;27281133333;27781133333;10240;10228
4819;27536207000;27281133333;27781133333;10240;10228
4820;27536211000;27281133333;27781133333;10240;10228
4821;27536215000;27322444444;27822444444;10240;10228
4822;27536234000;27322444444;27822444444;10240;10228
4823;27536239000;27322444444;27822444444;10240;10228
4826;27536243000;27322444444;27822444444;10240;10228
4827;27536260000;27322444444;27822444444;10240;10228
4828;27536264000;27322522222;27822522222;10240;10228
4818;27536441000;27281133333;27781133333;10240;10228
4819;27536648000;27281133333;27781133333;10240;10228
4820;27536657000;27281133333;27781133333;10240;10228
4821;27536855000;27322444444;27822444444;10240;10228
4823;27536864000;27322444444;27822444444;10240;10228
4824;27537060000;27322444444;27822444444;10240;10228
4827;27537247000;27322444444;27822444444;10240;10228
4828;27537266000;27322522222;27822522222;10240;10228
4829;27577828000;27322844444;27822844444;10240;10228
4830;27577838000;27322844444;27822844444;10240;10228
4834;27577843000;27364088888;27864088888;10240;10228
4835;27577945000;27364088888;27864088888;10240;10228
4836;27577957000;27364088888;27864088888;10240;10228
4837;27577975000;27364088888;27864088888;10240;10228
4838;27577985000;27364088888;27864088888;10240;10228
4839;27577990000;27364166666;27864166666;10240;10228
4829;27577995000;27322844444;27822844444;10240;10228
4830;27578238000;27322844444;27822844444;10240;10228
4831;27578249000;27322844444;27822844444;10240;10228
4832;27578463000;27364088888;27864088888;10240;10228
4833;27578651000;27364088888;27864088888;10240;10228
4834;27578662000;27364088888;27864088888;10240;10228
4835;27578854000;27364088888;27864088888;10240;10228
4840;27619498000;27364488888;27864488888;10240;10228
4841;27619508000;27364488888;27864488888;10240;10228
4842;27619519000;27364488888;27864488888;10240;10228
4843;27619523000;27405755555;27905755555;10240;10228
4844;27619535000;27405755555;27905755555;10240;10228
4845;27619540000;27405755555;27905755555;10240;10228
4846;27619545000;27405755555;27905755555;10240;10228
4847;27619601000;27405755555;27905755555;10240;10228
4850;27619612000;27405833333;27905833333;10240;10228
4840;27619711000;27364488888;27864488888;10240;10228
4841;27619908000;27364488888;27864488888;10240;10228
4842;27620106000;27364488888;27864488888;10240;10228
4843;27620127000;27405755555;27905755555;10240;10228
4844;27620313000;27405755555;27905755555;10240;10228
4845;27620322000;27405755555;27905755555;10240;10228
4846;27620500000;27405755555;27905755555;10240;10228
4848;27620728000;27405755555;27905755555;10240;10228
4849;27620740000;27405755555;27905755555;10240;10228
4850;27620744000;27405833333;27905833333;10240;10228
4778;27634264000;27155755555;27655755555;10240;10228
4822;27657711000;27322444444;27822444444;10240;10228
4851;27661190000;27406177777;27906177777;10240;10228
4852;27661201000;27406177777;27906177777;10240;10228
4853;27661210000;27406177777;27906177777;10240;10228
4854;27661215000;27447411111;27947411111;10240;10228
4856;27661219000;27447411111;27947411111;10240;10228
4857;27661228000;27447411111;27947411111;10240;10228
4858;27661235000;27447411111;27947411111;10240;10228
4859;27661246000;27447411111;27947411111;10240;10228
4860;27661250000;27447411111;27947411111;10240;10228
4861;27661255000;27447500000;27947500000;10240;10228
4851;27661380000;27406177777;27906177777;10240;10228
4852;27661623000;27406177777;27906177777;10240;10228
4853;27661641000;27406177777;27906177777;10240;10228
4854;27661799000;27447411111;27947411111;10240;10228
4855;27662024000;27447411111;27947411111;10240;10228
4856;27662044000;27447411111;27947411111;10240;10228
4860;27662195000;27447411111;27947411111;10240;10228
4861;27662215000;27447500000;27947500000;10240;10228
4824;27698136000;27322444444;27822444444;10240;10228
4825;27698160000;27322444444;27822444444;10240;10228
4831;27698265000;27322844444;27822844444;10240;10228
4832;27698274000;27364088888;27864088888;10240;10228
4833;27698280000;27364088888;27864088888;10240;10228
4825;27698452000;27322444444;27822444444;10240;10228
4826;27698671000;27322444444;27822444444;10240;10228
4862;27702816000;27447777777;27947777777;10240;10228
4863;27702828000;27447777777;27947777777;10240;10228
4864;27702832000;27447777777;27947777777;10240;10228
4865;27702835000;27489088888;27989088888;10240;10228
4866;27702839000;27489088888;27989088888;10240;10228
4867;27702859000;27489088888;27989088888;10240;10228
4868;27702865000;27489088888;27989088888;10240;10228
4869;27702870000;27489088888;27989088888;10240;10228
4870;27702874000;27489088888;27989088888;10240;10228
4862;27703032000;27447777777;27947777777;10240;10228
4865;27703273000;27489088888;27989088888;10240;10228
4866;27703442000;27489088888;27989088888;10240;10228
4867;27703453000;27489088888;27989088888;10240;10228
4869;27703653000;27489088888;27989088888;10240;10228
4871;27703681000;27489088888;27989088888;10240;10228
4872;27703856000;27489177777;27989177777;10240;10228
4836;27740571000;27364088888;27864088888;10240;10228
4837;27740784000;27364088888;27864088888;10240;10228
4838;27740986000;27364088888;27864088888;10240;10228
4839;27741007000;27364166666;27864166666;10240;10228
4874;27744514000;27489488888;27989488888;10240;10228
4875;27744539000;27489488888;27989488888;10240;10228
4876;27744544000;27530755555;28030755555;10240;10228
4877;27744559000;27530755555;28030755555;10240;10228
4878;27744575000;27530755555;28030755555;10240;10228
4879;27744580000;27530755555;28030755555;10240;10228
4880;27744584000;27530755555;28030755555;10240;10228
4881;27744590000;27530755555;28030755555;10240;10228
4873;27744722000;27489488888;27989488888;10240;10228
4874;27744934000;27489488888;27989488888;10240;10228
4875;27744944000;27489488888;27989488888;10240;10228
4876;27745173000;27530755555;28030755555;10240;10228
4877;27745341000;27530755555;28030755555;10240;10228
4878;27745350000;27530755555;28030755555;10240;10228
4879;27745523000;27530755555;28030755555;10240;10228
4880;27745755000;27530755555;28030755555;10240;10228
4881;27745765000;27530755555;28030755555;10240;10228
4882;27754556000;27530755555;28030755555;10240;10228
4883;27777974000;27530833333;28030833333;10240;10228
4848;27781464000;27405755555;27905755555;10240;10228
4849;27781475000;27405755555;27905755555;10240;10228
4855;27781489000;27447411111;27947411111;10240;10228
4884;27786170000;27531177777;28031177777;10240;10228
4885;27786181000;27531177777;28031177777;10240;10228
4886;27786186000;27531177777;28031177777;10240;10228
4887;27786192000;27572422222;28072422222;10240;10228
4888;27786197000;27572422222;28072422222;10240;10228
4889;27786207000;27572422222;28072422222;10240;10228
4890;27786227000;27572422222;28072422222;10240;10228
4891;27786233000;27572422222;28072422222;10240;10228
4884;27786361000;27531177777;28031177777;10240;10228
4885;27786600000;27531177777;28031177777;10240;10228
4886;27786609000;27531177777;28031177777;10240;10228
4887;27786805000;27572422222;28072422222;10240;10228
4888;27787004000;27572422222;28072422222;10240;10228
4889;27787025000;27572422222;28072422222;10240;10228
4890;27787202000;27572422222;28072422222;10240;10228
4891;27787221000;27572422222;28072422222;10240;10228
4892;27818406000;27572422222;28072422222;10240;10228
4893;27818415000;27572422222;28072422222;10240;10228
4894;27818421000;27572488888;28072488888;10240;10228
4892;27818658000;27572422222;28072422222;10240;10228
4893;27823319000;27572422222;28072422222;10240;10228
4894;27823545000;27572488888;28072488888;10240;10228
4857;27823565000;27447411111;27947411111;10240;10228
4858;27823733000;27447411111;27947411111;10240;10228
4863;27823937000;27447777777;27947777777;10240;10228
4868;27824328000;27489088888;27989088888;10240;10228
4895;27827867000;27572766666;28072766666;10240;10228
4896;27827880000;27572766666;28072766666;10240;10228
4897;27827884000;27572766666;28072766666;10240;10228
4898;27827889000;27614088888;28114088888;10240;10228
4899;27827893000;27614088888;28114088888;10240;10228
4900;27827907000;27614088888;28114088888;10240;10228
4901;27827911000;27614088888;28114088888;10240;10228
4902;27827922000;27614088888;28114088888;10240;10228
4903;27827927000;27614088888;28114088888;10240;10228
4896;27828058000;27572766666;28072766666;10240;10228
4897;27828263000;27572766666;28072766666;10240;10228
4898;27828487000;27614088888;28114088888;10240;10228
4900;27828508000;27614088888;28114088888;10240;10228
4901;27828678000;27614088888;28114088888;10240;10228
4902;27828689000;27614088888;28114088888;10240;10228
4903;27828880000;27614088888;28114088888;10240;10228
4904;27860865000;27614088888;28114088888;10240;10228
4905;27860997000;27614166666;28114166666;10240;10228
4904;27861450000;27614088888;28114088888;10240;10228
4872;27864906000;27489177777;27989177777;10240;10228
4873;27864941000;27489488888;27989488888;10240;10228
4905;27864999000;27614166666;28114166666;10240;10228
4870;27865246000;27489088888;27989088888;10240;10228
4847;27865469000;27405755555;27905755555;10240;10228
4906;27869546000;27614466666;28114466666;10240;10228
4907;27869557000;27614466666;28114466666;10240;10228
4909;27869562000;27655755555;28155755555;10240;10228
4910;27869569000;27655755555;28155755555;10240;10228
4911;27869584000;27655755555;28155755555;10240;10228
4912;27869589000;27655755555;28155755555;10240;10228
4913;27869594000;27655755555;28155755555;10240;10228
4914;27869612000;27655755555;28155755555;10240;10228
4906;27869722000;27614466666;28114466666;10240;10228
4907;27869948000;27614466666;28114466666;10240;10228
4908;27869957000;27614466666;28114466666;10240;10228
4909;27870136000;27655755555;28155755555;10240;10228
4910;27870336000;27655755555;28155755555;10240;10228
4911;27870346000;27655755555;28155755555;10240;10228
4912;27870518000;27655755555;28155755555;10240;10228
4913;27870753000;27655755555;28155755555;10240;10228
4915;27874833000;27655755555;28155755555;10240;10228
4916;27898232000;27655822222;28155822222;10240;10228
4914;27902013000;27655755555;28155755555;10240;10228
4915;27902216000;27655755555;28155755555;10240;10228
4916;27906632000;27655822222;28155822222;10240;10228
4882;27907271000;27530755555;28030755555;10240;10228
4883;27907512000;27530833333;28030833333;10240;10228
4917;27911181000;27656166666;28156166666;10240;10228
4918;27911193000;27656166666;28156166666;10240;10228
4919;27911197000;27656166666;28156166666;10240;10228
4920;27911205000;27697422222;28197422222;10240;10228
4921;27911220000;27697422222;28197422222;10240;10228
4922;27911225000;27697422222;28197422222;10240;10228
4923;27911230000;27697422222;28197422222;10240;10228
4924;27911240000;27697422222;28197422222;10240;10228
4917;27911393000;27656166666;28156166666;10240;10228
4918;27911597000;27656166666;28156166666;10240;10228
4919;27911608000;27656166666;28156166666;10240;10228
4920;27911805000;27697422222;28197422222;10240;10228
4922;27912034000;27697422222;28197422222;10240;10228
4923;27912053000;27697422222;28197422222;10240;10228
4925;27938647000;27697422222;28197422222;10240;10228
4926;27938671000;27697422222;28197422222;10240;10228
4927;27938677000;27697477777;28197477777;10240;10228
4924;27938835000;27697422222;28197422222;10240;10228
4925;27939102000;27697422222;28197422222;10240;10228
4926;27943798000;27697422222;28197422222;10240;10228
4927;27944005000;27697477777;28197477777;10240;10228
4859;27948736000;27447411111;27947411111;10240;10228
4864;27948945000;27447777777;27947777777;10240;10228
4895;27948956000;27572766666;28072766666;10240;10228
4899;27949177000;27614088888;28114088888;10240;10228
4928;27952868000;27697777777;28197777777;10240;10228
4929;27952878000;27697777777;28197777777;10240;10228
4930;27952883000;27697777777;28197777777;10240;10228
4931;27952887000;27739088888;28239088888;10240;10228
4932;27952908000;27739088888;28239088888;10240;10228
4933;27952917000;27739088888;28239088888;10240;10228
4934;27952935000;27739088888;28239088888;10240;10228
4935;27952940000;27739088888;28239088888;10240;10228
4936;27952945000;27739088888;28239088888;10240;10228
4937;27952950000;27739088888;28239088888;10240;10228
4928;27953061000;27697777777;28197777777;10240;10228
4929;27953297000;27697777777;28197777777;10240;10228
4930;27953464000;27697777777;28197777777;10240;10228
4931;27953475000;27739088888;28239088888;10240;10228
4932;27953679000;27739088888;28239088888;10240;10228
4933;27953690000;27739088888;28239088888;10240;10228
4934;27953883000;27739088888;28239088888;10240;10228
4936;27953894000;27739088888;28239088888;10240;10228
4937;27954120000;27739088888;28239088888;10240;10228
4938;27981192000;27739188888;28239188888;10240;10228
4938;27981343000;27739188888;28239188888;10240;10228
4871;27989779000;27489088888;27989088888;10240;10228
4908;27989790000;27614466666;28114466666;10240;10228
4939;27994489000;27739488888;28239488888;10240;10228
4940;27994501000;27739488888;28239488888;10240;10228
4941;27994506000;27739488888;28239488888;10240;10228
4942;27994511000;27780755555;28280755555;10240;10228
4943;27994524000;27780755555;28280755555;10240;10228
4944;27994538000;27780755555;28280755555;10240;10228
4945;27994542000;27780755555;28280755555;10240;10228
4946;27994547000;27780755555;28280755555;10240;10228
4947;27994551000;27780755555;28280755555;10240;10228
4948;27994555000;27780755555;28280755555;10240;10228
4949;27994629000;27780833333;28280833333;10240;10228
4939;27994696000;27739488888;28239488888;10240;10228
4940;27994920000;27739488888;28239488888;10240;10228
4941;27994929000;27739488888;28239488888;10240;10228
4942;27995120000;27780755555;28280755555;10240;10228
4943;27995312000;27780755555;28280755555;10240;10228
4944;27995324000;27780755555;28280755555;10240;10228
4945;27995497000;27780755555;28280755555;10240;10228
4946;27995730000;27780755555;28280755555;10240;10228
4947;27995740000;27780755555;28280755555;10240;10228
4948;27995885000;27780755555;28280755555;10240;10228
4949;27995896000;27780833333;28280833333;10240;10228
4950;28036155000;27781155555;28281155555;10240;10228
4951;28036166000;27781155555;28281155555;10240;10228
4952;28036171000;27781155555;28281155555;10240;10228
4953;28036175000;27822411111;28322411111;10240;10228
4954;28036179000;27822411111;28322411111;10240;10228
4955;28036189000;27822411111;28322411111;10240;10228
4957;28036193000;27822411111;28322411111;10240;10228
4959;28036277000;27822411111;28322411111;10240;10228
4950;28036380000;27781155555;28281155555;10240;10228
4951;28036578000;27781155555;28281155555;10240;10228
4952;28036775000;27781155555;28281155555;10240;10228
4954;28036786000;27822411111;28322411111;10240;10228
4956;28036975000;27822411111;28322411111;10240;10228
4957;28037010000;27822411111;28322411111;10240;10228
4959;28037188000;27822411111;28322411111;10240;10228
4960;28058908000;27822500000;28322500000;10240;10228
4960;28059052000;27822500000;28322500000;10240;10228
4961;28077858000;27822800000;28322800000;10240;10228
4962;28077870000;27822800000;28322800000;10240;10228
4963;28077874000;27822800000;28322800000;10240;10228
4964;28077879000;27864088888;28364088888;10240;10228
4965;28077883000;27864088888;28364088888;10240;10228
4966;28077896000;27864088888;28364088888;10240;10228
4967;28077904000;27864088888;28364088888;10240;10228
4968;28077909000;27864088888;28364088888;10240;10228
4969;28077919000;27864088888;28364088888;10240;10228
4970;28077924000;27864088888;28364088888;10240;10228
4971;28077929000;27864166666;28364166666;10240;10228
4961;28078051000;27822800000;28322800000;10240;10228
4962;28078301000;27822800000;28322800000;10240;10228
4963;28078310000;27822800000;28322800000;10240;10228
4964;28078475000;27864088888;28364088888;10240;10228
4965;28078670000;27864088888;28364088888;10240;10228
4966;28078681000;27864088888;28364088888;10240;10228
4967;28078875000;27864088888;28364088888;10240;10228
4968;28078885000;27864088888;28364088888;10240;10228
4969;28079082000;27864088888;28364088888;10240;10228
4970;28079269000;27864088888;28364088888;10240;10228
4971;28079289000;27864166666;28364166666;10240;10228
4935;28115150000;27739088888;28239088888;10240;10228
4972;28119559000;27864488888;28364488888;10240;10228
4973;28119568000;27864488888;28364488888;10240;10228
4974;28119573000;27864488888;28364488888;10240;10228
4975;28119578000;27905744444;28405744444;10240;10228
4976;28119583000;27905744444;28405744444;10240;10228
4977;28119587000;27905744444;28405744444;10240;10228
4978;28119591000;27905744444;28405744444;10240;10228
4982;28119596000;27905833333;28405833333;10240;10228
4972;28119708000;27864488888;28364488888;10240;10228
4973;28119920000;27864488888;28364488888;10240;10228
4974;28119931000;27864488888;28364488888;10240;10228
4975;28120160000;27905744444;28405744444;10240;10228
4976;28120315000;27905744444;28405744444;10240;10228
4977;28120326000;27905744444;28405744444;10240;10228
4978;28120509000;27905744444;28405744444;10240;10228
4979;28120697000;27905744444;28405744444;10240;10228
4980;28120715000;27905744444;28405744444;10240;10228
4981;28120946000;27905744444;28405744444;10240;10228
4982;28120964000;27905833333;28405833333;10240;10228
4953;28157440000;27822411111;28322411111;10240;10228
4955;28157640000;27822411111;28322411111;10240;10228
4983;28161224000;27906166666;28406166666;10240;10228
4984;28161236000;27906166666;28406166666;10240;10228
4985;28161240000;27906166666;28406166666;10240;10228
4986;28161245000;27947411111;28447411111;10240;10228
4987;28161250000;27947411111;28447411111;10240;10228
4988;28161255000;27947411111;28447411111;10240;10228
4989;28161263000;27947411111;28447411111;10240;10228
4990;28161272000;27947411111;28447411111;10240;10228
4991;28161277000;27947411111;28447411111;10240;10228
4992;28161296000;27947411111;28447411111;10240;10228
4993;28161300000;27947500000;28447500000;10240;10228
4983;28161403000;27906166666;28406166666;10240;10228
4984;28161594000;27906166666;28406166666;10240;10228
4985;28161605000;27906166666;28406166666;10240;10228
4986;28161795000;27947411111;28447411111;10240;10228
4987;28162022000;27947411111;28447411111;10240;10228
4988;28162043000;27947411111;28447411111;10240;10228
4989;28162220000;27947411111;28447411111;10240;10228
4991;28162240000;27947411111;28447411111;10240;10228
4993;28162400000;27947500000;28447500000;10240;10228
4956;28179373000;27822411111;28322411111;10240;10228
4958;28198339000;27822411111;28322411111;10240;10228
4958;28198510000;27822411111;28322411111;10240;10228
4921;28198730000;27697422222;28197422222;10240;10228
4994;28202850000;27947788888;28447788888;10240;10228
4995;28202861000;27947788888;28447788888;10240;10228
4996;28202867000;27947788888;28447788888;10240;10228
4997;28202871000;27989088888;28489088888;10240;10228
4998;28202875000;27989088888;28489088888;10240;10228
4999;28202888000;27989088888;28489088888;10240;10228
5000;28202893000;27989088888;28489088888;10240;10228
5001;28202904000;27989088888;28489088888;10240;10228
5003;28202908000;27989088888;28489088888;10240;10228
5004;28202913000;27989166666;28489166666;10240;10228
4994;28203057000;27947788888;28447788888;10240;10228
4995;28203298000;27947788888;28447788888;10240;10228
4996;28203467000;27947788888;28447788888;10240;10228
4997;28203478000;27989088888;28489088888;10240;10228
4998;28203678000;27989088888;28489088888;10240;10228
4999;28203689000;27989088888;28489088888;10240;10228
5001;28203884000;27989088888;28489088888;10240;10228
5002;28203894000;27989088888;28489088888;10240;10228
5003;28204111000;27989088888;28489088888;10240;10228
5004;28204129000;27989166666;28489166666;10240;10228
5005;28244509000;27989488888;28489488888;10240;10228
5006;28244519000;27989488888;28489488888;10240;10228
5007;28244528000;27989488888;28489488888;10240;10228
5008;28244533000;28030755555;28530755555;10240;10228
5009;28244547000;28030755555;28530755555;10240;10228
5010;28244552000;28030755555;28530755555;10240;10228
5012;28244556000;28030755555;28530755555;10240;10228
5013;28244613000;28030755555;28530755555;10240;10228
5015;28244624000;28030833333;28530833333;10240;10228
5005;28244724000;27989488888;28489488888;10240;10228
5006;28244917000;27989488888;28489488888;10240;10228
5007;28245119000;27989488888;28489488888;10240;10228
5008;28245138000;28030755555;28530755555;10240;10228
5009;28245321000;28030755555;28530755555;10240;10228
5010;28245331000;28030755555;28530755555;10240;10228
5011;28245519000;28030755555;28530755555;10240;10228
5012;28245755000;28030755555;28530755555;10240;10228
5013;28245766000;28030755555;28530755555;10240;10228
5014;28245973000;28030755555;28530755555;10240;10228
5015;28245983000;28030833333;28530833333;10240;10228
4979;28281523000;27905744444;28405744444;10240;10228
4980;28281553000;27905744444;28405744444;10240;10228
4981;28281568000;27905744444;28405744444;10240;10228
5016;28286139000;28031166666;28531166666;10240;10228
5017;28286153000;28031166666;28531166666;10240;10228
5018;28286158000;28031166666;28531166666;10240;10228
5019;28286162000;28072422222;28572422222;10240;10228
5020;28286167000;28072422222;28572422222;10240;10228
5021;28286174000;28072422222;28572422222;10240;10228
5022;28286234000;28072422222;28572422222;10240;10228
5023;28286246000;28072422222;28572422222;10240;10228
5024;28286251000;28072422222;28572422222;10240;10228
5025;28286254000;28072422222;28572422222;10240;10228
5026;28286277000;28072500000;28572500000;10240;10228
5016;28286347000;28031166666;28531166666;10240;10228
5017;28286610000;28031166666;28531166666;10240;10228
5018;28286783000;28031166666;28531166666;10240;10228
5021;28286794000;28072422222;28572422222;10240;10228
5022;28287010000;28072422222;28572422222;10240;10228
5023;28287030000;28072422222;28572422222;10240;10228
5024;28287184000;28072422222;28572422222;10240;10228
5025;28287204000;28072422222;28572422222;10240;10228
5026;28287387000;28072500000;28572500000;10240;10228
4990;28323524000;27947411111;28447411111;10240;10228
4992;28323717000;27947411111;28447411111;10240;10228
5000;28324532000;27989088888;28489088888;10240;10228
5028;28327870000;28072800000;28572800000;10240;10228
5029;28327894000;28072800000;28572800000;10240;10228
5030;28327900000;28114088888;28614088888;10240;10228
5031;28327904000;28114088888;28614088888;10240;10228
5032;28327911000;28114088888;28614088888;10240;10228
5033;28327924000;28114088888;28614088888;10240;10228
5034;28327936000;28114088888;28614088888;10240;10228
5035;28327942000;28114088888;28614088888;10240;10228
5036;28327952000;28114088888;28614088888;10240;10228
5037;28327957000;28114166666;28614166666;10240;10228
5027;28328054000;28072800000;28572800000;10240;10228
5028;28328262000;28072800000;28572800000;10240;10228
5029;28328465000;28072800000;28572800000;10240;10228
5031;28328476000;28114088888;28614088888;10240;10228
5033;28328676000;28114088888;28614088888;10240;10228
5034;28328687000;28114088888;28614088888;10240;10228
5035;28328882000;28114088888;28614088888;10240;10228
5036;28328894000;28114088888;28614088888;10240;10228
5037;28329119000;28114166666;28614166666;10240;10228
5002;28364770000;27989088888;28489088888;10240;10228
5011;28364779000;28030755555;28530755555;10240;10228
5038;28369555000;28114488888;28614488888;10240;10228
5039;28369565000;28114488888;28614488888;10240;10228
5040;28369570000;28114488888;28614488888;10240;10228
5041;28369574000;28155755555;28655755555;10240;10228
5042;28369582000;28155755555;28655755555;10240;10228
5043;28369588000;28155755555;28655755555;10240;10228
5045;28369599000;28155755555;28655755555;10240;10228
5046;28369619000;28155755555;28655755555;10240;10228
5047;28369627000;28155755555;28655755555;10240;10228
5048;28369632000;28155833333;28655833333;10240;10228
5038;28369730000;28114488888;28614488888;10240;10228
5039;28369939000;28114488888;28614488888;10240;10228
5040;28369948000;28114488888;28614488888;10240;10228
5042;28370175000;28155755555;28655755555;10240;10228
5044;28370363000;28155755555;28655755555;10240;10228
5045;28370390000;28155755555;28655755555;10240;10228
5046;28370519000;28155755555;28655755555;10240;10228
5047;28370754000;28155755555;28655755555;10240;10228
5048;28370765000;28155833333;28655833333;10240;10228
5014;28406450000;28030755555;28530755555;10240;10228
5019;28407446000;28072422222;28572422222;10240;10228
5049;28411201000;28156166666;28656166666;10240;10228
5050;28411213000;28156166666;28656166666;10240;10228
5051;28411218000;28156166666;28656166666;10240;10228
5052;28411222000;28197422222;28697422222;10240;10228
5053;28411235000;28197422222;28697422222;10240;10228
5054;28411241000;28197422222;28697422222;10240;10228
5055;28411246000;28197422222;28697422222;10240;10228
5056;28411251000;28197422222;28697422222;10240;10228
5057;28411255000;28197422222;28697422222;10240;10228
5058;28411268000;28197422222;28697422222;10240;10228
5059;28411273000;28197500000;28697500000;10240;10228
5049;28411391000;28156166666;28656166666;10240;10228
5050;28411599000;28156166666;28656166666;10240;10228
5051;28411609000;28156166666;28656166666;10240;10228
5052;28411809000;28197422222;28697422222;10240;10228
5053;28412008000;28197422222;28697422222;10240;10228
5055;28412020000;28197422222;28697422222;10240;10228
5058;28412203000;28197422222;28697422222;10240;10228
5059;28412223000;28197500000;28697500000;10240;10228
5032;28449337000;28114088888;28614088888;10240;10228
5060;28452839000;28197777777;28697777777;10240;10228
5061;28452850000;28197777777;28697777777;10240;10228
5062;28452862000;28197777777;28697777777;10240;10228
5063;28452866000;28239088888;28739088888;10240;10228
5064;28452870000;28239088888;28739088888;10240;10228
5065;28452875000;28239088888;28739088888;10240;10228
5066;28452879000;28239088888;28739088888;10240;10228
5067;28452979000;28239088888;28739088888;10240;10228
5068;28453003000;28239088888;28739088888;10240;10228
5070;28453008000;28239166666;28739166666;10240;10228
5060;28453100000;28197777777;28697777777;10240;10228
5061;28453266000;28197777777;28697777777;10240;10228
5062;28453465000;28197777777;28697777777;10240;10228
5063;28453477000;28239088888;28739088888;10240;10228
5064;28453678000;28239088888;28739088888;10240;10228
5065;28453689000;28239088888;28739088888;10240;10228
5066;28453883000;28239088888;28739088888;10240;10228
5067;28453893000;28239088888;28739088888;10240;10228
5068;28454125000;28239088888;28739088888;10240;10228
5069;28454285000;28239088888;28739088888;10240;10228
5070;28454312000;28239166666;28739166666;10240;10228
5027;28489776000;28072800000;28572800000;10240;10228
5044;28489804000;28155755555;28655755555;10240;10228
5041;28490779000;28155755555;28655755555;10240;10228
5043;28491025000;28155755555;28655755555;10240;10228
5071;28494515000;28239477777;28739477777;10240;10228
5072;28494537000;28239477777;28739477777;10240;10228
5073;28494541000;28239477777;28739477777;10240;10228
5074;28494562000;28280755555;28780755555;10240;10228
5075;28494567000;28280755555;28780755555;10240;10228
5076;28494571000;28280755555;28780755555;10240;10228
5077;28494577000;28280755555;28780755555;10240;10228
5078;28494581000;28280755555;28780755555;10240;10228
5079;28494591000;28280755555;28780755555;10240;10228
5081;28494596000;28280833333;28780833333;10240;10228
5071;28494707000;28239477777;28739477777;10240;10228
5072;28494911000;28239477777;28739477777;10240;10228
5073;28494922000;28239477777;28739477777;10240;10228
5074;28495150000;28280755555;28780755555;10240;10228
5076;28495338000;28280755555;28780755555;10240;10228
5078;28495349000;28280755555;28780755555;10240;10228
5079;28495498000;28280755555;28780755555;10240;10228
5080;28495730000;28280755555;28780755555;10240;10228
5081;28495756000;28280833333;28780833333;10240;10228
5020;28532062000;28072422222;28572422222;10240;10228
5082;28536197000;28281166666;28781166666;10240;10228
5083;28536210000;28281166666;28781166666;10240;10228
5084;28536214000;28281166666;28781166666;10240;10228
5085;28536219000;28322422222;28822422222;10240;10228
5086;28536222000;28322422222;28822422222;10240;10228
5087;28536236000;28322422222;28822422222;10240;10228
5088;28536241000;28322422222;28822422222;10240;10228
5089;28536246000;28322422222;28822422222;10240;10228
5091;28536264000;28322422222;28822422222;10240;10228
5092;28536283000;28322500000;28822500000;10240;10228
5082;28536398000;28281166666;28781166666;10240;10228
5083;28536594000;28281166666;28781166666;10240;10228
5085;28536606000;28322422222;28822422222;10240;10228
5086;28536797000;28322422222;28822422222;10240;10228
5087;28537030000;28322422222;28822422222;10240;10228
5088;28537049000;28322422222;28822422222;10240;10228
5089;28537195000;28322422222;28822422222;10240;10228
5090;28537213000;28322422222;28822422222;10240;10228
5094;28577882000;28322800000;28822800000;10240;10228
5095;28577905000;28322800000;28822800000;10240;10228
5096;28577914000;28364088888;28864088888;10240;10228
5097;28577919000;28364088888;28864088888;10240;10228
5098;28577924000;28364088888;28864088888;10240;10228
5099;28577938000;28364088888;28864088888;10240;10228
5100;28577945000;28364088888;28864088888;10240;10228
5101;28577956000;28364088888;28864088888;10240;10228
5102;28577961000;28364088888;28864088888;10240;10228
5103;28577965000;28364166666;28864166666;10240;10228
5093;28578063000;28322800000;28822800000;10240;10228
5094;28578270000;28322800000;28822800000;10240;10228
5095;28578288000;28322800000;28822800000;10240;10228
5096;28578476000;28364088888;28864088888;10240;10228
5097;28578686000;28364088888;28864088888;10240;10228
5098;28578696000;28364088888;28864088888;10240;10228
5099;28578885000;28364088888;28864088888;10240;10228
5100;28578905000;28364088888;28864088888;10240;10228
5101;28579099000;28364088888;28864088888;10240;10228
5102;28579292000;28364088888;28864088888;10240;10228
5103;28579302000;28364166666;28864166666;10240;10228
5069;28614830000;28239088888;28739088888;10240;10228
5075;28615994000;28280755555;28780755555;10240;10228
5077;28616202000;28280755555;28780755555;10240;10228
5104;28619569000;28364477777;28864477777;10240;10228
5105;28619579000;28364477777;28864477777;10240;10228
5106;28619584000;28364477777;28864477777;10240;10228
5107;28619588000;28405755555;28905755555;10240;10228
5108;28619591000;28405755555;28905755555;10240;10228
5109;28619595000;28405755555;28905755555;10240;10228
5110;28619608000;28405755555;28905755555;10240;10228
5111;28619616000;28405755555;28905755555;10240;10228
5112;28619623000;28405755555;28905755555;10240;10228
5113;28619634000;28405755555;28905755555;10240;10228
5114;28619639000;28405833333;28905833333;10240;10228
5104;28619734000;28364477777;28864477777;10240;10228
5105;28619937000;28364477777;28864477777;10240;10228
5106;28619948000;28364477777;28864477777;10240;10228
5107;28620143000;28405755555;28905755555;10240;10228
5111;28620346000;28405755555;28905755555;10240;10228
5112;28620355000;28405755555;28905755555;10240;10228
5113;28620542000;28405755555;28905755555;10240;10228
5114;28620561000;28405833333;28905833333;10240;10228
5054;28657067000;28197422222;28697422222;10240;10228
5084;28657452000;28281166666;28781166666;10240;10228
5115;28661238000;28406166666;28906166666;10240;10228
5116;28661249000;28406166666;28906166666;10240;10228
5117;28661253000;28406166666;28906166666;10240;10228
5118;28661259000;28447422222;28947422222;10240;10228
5119;28661262000;28447422222;28947422222;10240;10228
5120;28661275000;28447422222;28947422222;10240;10228
5121;28661280000;28447422222;28947422222;10240;10228
5122;28661290000;28447422222;28947422222;10240;10228
5123;28661295000;28447422222;28947422222;10240;10228
5124;28661300000;28447422222;28947422222;10240;10228
5125;28661310000;28447500000;28947500000;10240;10228
5117;28661402000;28406166666;28906166666;10240;10228
5119;28661602000;28447422222;28947422222;10240;10228
5120;28661612000;28447422222;28947422222;10240;10228
5121;28661810000;28447422222;28947422222;10240;10228
5122;28662038000;28447422222;28947422222;10240;10228
5123;28662058000;28447422222;28947422222;10240;10228
5124;28662212000;28447422222;28947422222;10240;10228
5080;28698165000;28280755555;28780755555;10240;10228
5090;28698175000;28322422222;28822422222;10240;10228
5093;28698180000;28322800000;28822800000;10240;10228
5030;28698713000;28114088888;28614088888;10240;10228
5056;28698915000;28197422222;28697422222;10240;10228
5057;28699112000;28197422222;28697422222;10240;10228
5091;28699132000;28322422222;28822422222;10240;10228
5092;28699315000;28322500000;28822500000;10240;10228
5126;28702840000;28447766666;28947766666;10240;10228
5127;28702851000;28447766666;28947766666;10240;10228
5130;28702856000;28489088888;28989088888;10240;10228
5131;28702876000;28489088888;28989088888;10240;10228
5132;28702985000;28489088888;28989088888;10240;10228
5133;28703009000;28489088888;28989088888;10240;10228
5134;28703026000;28489088888;28989088888;10240;10228
5135;28703031000;28489088888;28989088888;10240;10228
5136;28703035000;28489177777;28989177777;10240;10228
5126;28703039000;28447766666;28947766666;10240;10228
5127;28703235000;28447766666;28947766666;10240;10228
5128;28703446000;28447766666;28947766666;10240;10228
5129;28703473000;28489088888;28989088888;10240;10228
5130;28703656000;28489088888;28989088888;10240;10228
5131;28703668000;28489088888;28989088888;10240;10228
5132;28703860000;28489088888;28989088888;10240;10228
5133;28703871000;28489088888;28989088888;10240;10228
5134;28704100000;28489088888;28989088888;10240;10228
5135;28704257000;28489088888;28989088888;10240;10228
5136;28735232000;28489177777;28989177777;10240;10228
5108;28741079000;28405755555;28905755555;10240;10228
5109;28741284000;28405755555;28905755555;10240;10228
5110;28741478000;28405755555;28905755555;10240;10228
5137;28744502000;28489466666;28989466666;10240;10228
5138;28744514000;28489466666;28989466666;10240;10228
5139;28744529000;28489466666;28989466666;10240;10228
5142;28744532000;28530755555;29030755555;10240;10228
5143;28744549000;28530755555;29030755555;10240;10228
5144;28744570000;28530755555;29030755555;10240;10228
5145;28744585000;28530755555;29030755555;10240;10228
5137;28744716000;28489466666;28989466666;10240;10228
5138;28744922000;28489466666;28989466666;10240;10228
5139;28745118000;28489466666;28989466666;10240;10228
5140;28745139000;28530755555;29030755555;10240;10228
5141;28745327000;28530755555;29030755555;10240;10228
5142;28745354000;28530755555;29030755555;10240;10228
5143;28745523000;28530755555;29030755555;10240;10228
5144;28745739000;28530755555;29030755555;10240;10228
5145;28745750000;28530755555;29030755555;10240;10228
5146;28745944000;28530755555;29030755555;10240;10228
5147;28777460000;28530833333;29030833333;10240;10228
5115;28782491000;28406166666;28906166666;10240;10228
5116;28782677000;28406166666;28906166666;10240;10228
5118;28782893000;28447422222;28947422222;10240;10228
5150;28786181000;28531166666;29031166666;10240;10228
5151;28786204000;28572422222;29072422222;10240;10228
5152;28786210000;28572422222;29072422222;10240;10228
5153;28786215000;28572422222;29072422222;10240;10228
5154;28786219000;28572422222;29072422222;10240;10228
5155;28786237000;28572422222;29072422222;10240;10228
5156;28786255000;28572422222;29072422222;10240;10228
5157;28786261000;28572422222;29072422222;10240;10228
5158;28786264000;28572500000;29072500000;10240;10228
5148;28786390000;28531166666;29031166666;10240;10228
5149;28786608000;28531166666;29031166666;10240;10228
5150;28786637000;28531166666;29031166666;10240;10228
5151;28786813000;28572422222;29072422222;10240;10228
5152;28787043000;28572422222;29072422222;10240;10228
5153;28787061000;28572422222;29072422222;10240;10228
5154;28787208000;28572422222;29072422222;10240;10228
5155;28787228000;28572422222;29072422222;10240;10228
5156;28787418000;28572422222;29072422222;10240;10228
5157;28787626000;28572422222;29072422222;10240;10228
5158;28818555000;28572500000;29072500000;10240;10228
5128;28823165000;28447766666;28947766666;10240;10228
5129;28823175000;28489088888;28989088888;10240;10228
5125;28823848000;28447500000;28947500000;10240;10228
5159;28827871000;28572788888;29072788888;10240;10228
5160;28827883000;28572788888;29072788888;10240;10228
5161;28827888000;28572788888;29072788888;10240;10228
5162;28827893000;28614088888;29114088888;10240;10228
5163;28827897000;28614088888;29114088888;10240;10228
5164;28827905000;28614088888;29114088888;10240;10228
5165;28827915000;28614088888;29114088888;10240;10228
5169;28827919000;28614166666;29114166666;10240;10228
5159;28828068000;28572788888;29072788888;10240;10228
5160;28828301000;28572788888;29072788888;10240;10228
5161;28828472000;28572788888;29072788888;10240;10228
5162;28828499000;28614088888;29114088888;10240;10228
5163;28828686000;28614088888;29114088888;10240;10228
5164;28828695000;28614088888;29114088888;10240;10228
5165;28828892000;28614088888;29114088888;10240;10228
5166;28828901000;28614088888;29114088888;10240;10228
5167;28829096000;28614088888;29114088888;10240;10228
5168;28829288000;28614088888;29114088888;10240;10228
5169;28829315000;28614166666;29114166666;10240;10228
5140;28864842000;28530755555;29030755555;10240;10228
5172;28869564000;28614488888;29114488888;10240;10228
5173;28869589000;28655744444;29155744444;10240;10228
5174;28869596000;28655744444;29155744444;10240;10228
5175;28869601000;28655744444;29155744444;10240;10228
5177;28869604000;28655744444;29155744444;10240;10228
5178;28869618000;28655744444;29155744444;10240;10228
5179;28869623000;28655744444;29155744444;10240;10228
5180;28869627000;28655833333;29155833333;10240;10228
5170;28869723000;28614488888;29114488888;10240;10228
5171;28869939000;28614488888;29114488888;10240;10228
5172;28869963000;28614488888;29114488888;10240;10228
5173;28870143000;28655744444;29155744444;10240;10228
5174;28870338000;28655744444;29155744444;10240;10228
5175;28870359000;28655744444;29155744444;10240;10228
5176;28870524000;28655744444;29155744444;10240;10228
5177;28870754000;28655744444;29155744444;10240;10228
5178;28870765000;28655744444;29155744444;10240;10228
5179;28870979000;28655744444;29155744444;10240;10228
5180;28870999000;28655833333;29155833333;10240;10228
5146;28906672000;28530755555;29030755555;10240;10228
5148;28906684000;28531166666;29031166666;10240;10228
5149;28906690000;28531166666;29031166666;10240;10228
5181;28911361000;28656177777;29156177777;10240;10228
5182;28911433000;28656177777;29156177777;10240;10228
5183;28911443000;28656177777;29156177777;10240;10228
5184;28911447000;28697422222;29197422222;10240;10228
5185;28911451000;28697422222;29197422222;10240;10228
5186;28911457000;28697422222;29197422222;10240;10228
5187;28911462000;28697422222;29197422222;10240;10228
5188;28911466000;28697422222;29197422222;10240;10228
5189;28911470000;28697422222;29197422222;10240;10228
5181;28911474000;28656177777;29156177777;10240;10228
5182;28911609000;28656177777;29156177777;10240;10228
5183;28911621000;28656177777;29156177777;10240;10228
5184;28911811000;28697422222;29197422222;10240;10228
5185;28912039000;28697422222;29197422222;10240;10228
5186;28912059000;28697422222;29197422222;10240;10228
5187;28912235000;28697422222;29197422222;10240;10228
5188;28912256000;28697422222;29197422222;10240;10228
5189;28912418000;28697422222;29197422222;10240;10228
5190;28912633000;28697422222;29197422222;10240;10228
5193;28953047000;28697811111;29197811111;10240;10228
5192;28953081000;28697811111;29197811111;10240;10228
5193;28953091000;28697811111;29197811111;10240;10228
5194;28953098000;28697811111;29197811111;10240;10228
5195;28953111000;28739088888;29239088888;10240;10228
5196;28953116000;28739088888;29239088888;10240;10228
5197;28953119000;28739088888;29239088888;10240;10228
5198;28953124000;28739088888;29239088888;10240;10228
5199;28953128000;28739088888;29239088888;10240;10228
5200;28953132000;28739088888;29239088888;10240;10228
5194;28953267000;28697811111;29197811111;10240;10228
5195;28953469000;28739088888;29239088888;10240;10228
5196;28953490000;28739088888;29239088888;10240;10228
5197;28953681000;28739088888;29239088888;10240;10228
5198;28953692000;28739088888;29239088888;10240;10228
5199;28953880000;28739088888;29239088888;10240;10228
5200;28953900000;28739088888;29239088888;10240;10228
5201;28954084000;28739088888;29239088888;10240;10228
5202;28954104000;28739166666;29239166666;10240;10228
5166;28990169000;28614088888;29114088888;10240;10228
5167;28990180000;28614088888;29114088888;10240;10228
5168;28990184000;28614088888;29114088888;10240;10228
5141;28990188000;28530755555;29030755555;10240;10228
5176;28990192000;28655744444;29155744444;10240;10228
5203;28994728000;28739477777;29239477777;10240;10228
5204;28994740000;28739477777;29239477777;10240;10228
5206;28994747000;28780755555;29280755555;10240;10228
5207;28994753000;28780755555;29280755555;10240;10228
5208;28994757000;28780755555;29280755555;10240;10228
5209;28994766000;28780755555;29280755555;10240;10228
5210;28994771000;28780755555;29280755555;10240;10228
5212;28994781000;28780755555;29280755555;10240;10228
5213;28994787000;28780833333;29280833333;10240;10228
5205;28994794000;28739477777;29239477777;10240;10228
5206;28994938000;28780755555;29280755555;10240;10228
5207;28994949000;28780755555;29280755555;10240;10228
5208;28995176000;28780755555;29280755555;10240;10228
5209;28995342000;28780755555;29280755555;10240;10228
5210;28995354000;28780755555;29280755555;10240;10228
5211;28995540000;28780755555;29280755555;10240;10228
5212;28995760000;28780755555;29280755555;10240;10228
5213;28995769000;28780833333;29280833333;10240;10228
5147;29031826000;28530833333;29030833333;10240;10228
5214;29036382000;28781155555;29281155555;10240;10228
5215;29036394000;28781155555;29281155555;10240;10228
5216;29036398000;28781155555;29281155555;10240;10228
5217;29036403000;28822422222;29322422222;10240;10228
5218;29036407000;28822422222;29322422222;10240;10228
5219;29036412000;28822422222;29322422222;10240;10228
5220;29036425000;28822422222;29322422222;10240;10228
5221;29036430000;28822422222;29322422222;10240;10228
5222;29036434000;28822422222;29322422222;10240;10228
5223;29036438000;28822422222;29322422222;10240;10228
5215;29036603000;28781155555;29281155555;10240;10228
5216;29036612000;28781155555;29281155555;10240;10228
5217;29036776000;28822422222;29322422222;10240;10228
5218;29037005000;28822422222;29322422222;10240;10228
5219;29037026000;28822422222;29322422222;10240;10228
5220;29037203000;28822422222;29322422222;10240;10228
5221;29037222000;28822422222;29322422222;10240;10228
5222;29037414000;28822422222;29322422222;10240;10228
5223;29037627000;28822422222;29322422222;10240;10228
5224;29037637000;28822500000;29322500000;10240;10228
5190;29073584000;28697422222;29197422222;10240;10228
5191;29073595000;28697511111;29197511111;10240;10228
5191;29073837000;28697511111;29197511111;10240;10228
5192;29074048000;28697811111;29197811111;10240;10228
5225;29078098000;28822800000;29322800000;10240;10228
5226;29078110000;28822800000;29322800000;10240;10228
5227;29078118000;28822800000;29322800000;10240;10228
5228;29078123000;28864088888;29364088888;10240;10228
5229;29078127000;28864088888;29364088888;10240;10228
5230;29078132000;28864088888;29364088888;10240;10228
5231;29078139000;28864088888;29364088888;10240;10228
5232;29078143000;28864088888;29364088888;10240;10228
5233;29078148000;28864088888;29364088888;10240;10228
5225;29078152000;28822800000;29322800000;10240;10228
5234;29078164000;28864088888;29364088888;10240;10228
5226;29078261000;28822800000;29322800000;10240;10228
5227;29078474000;28822800000;29322800000;10240;10228
5228;29078491000;28864088888;29364088888;10240;10228
5229;29078686000;28864088888;29364088888;10240;10228
5230;29078695000;28864088888;29364088888;10240;10228
5231;29078888000;28864088888;29364088888;10240;10228
5232;29078897000;28864088888;29364088888;10240;10228
5233;29079125000;28864088888;29364088888;10240;10228
5234;29079287000;28864088888;29364088888;10240;10228
5235;29110813000;28864177777;29364177777;10240;10228
5235;29110851000;28864177777;29364177777;10240;10228
5203;29115519000;28739477777;29239477777;10240;10228
5204;29115746000;28739477777;29239477777;10240;10228
5236;29119750000;28864477777;29364477777;10240;10228
5237;29119765000;28864477777;29364477777;10240;10228
5238;29119770000;28864477777;29364477777;10240;10228
5239;29119775000;28905755555;29405755555;10240;10228
5240;29119779000;28905755555;29405755555;10240;10228
5241;29119784000;28905755555;29405755555;10240;10228
5242;29119787000;28905755555;29405755555;10240;10228
5243;29119792000;28905755555;29405755555;10240;10228
5244;29119800000;28905755555;29405755555;10240;10228
5236;29119809000;28864477777;29364477777;10240;10228
5245;29119815000;28905755555;29405755555;10240;10228
5246;29119822000;28905833333;29405833333;10240;10228
5237;29119944000;28864477777;29364477777;10240;10228
5238;29119953000;28864477777;29364477777;10240;10228
5239;29120178000;28905755555;29405755555;10240;10228
5240;29120345000;28905755555;29405755555;10240;10228
5241;29120356000;28905755555;29405755555;10240;10228
5242;29120537000;28905755555;29405755555;10240;10228
5243;29120758000;28905755555;29405755555;10240;10228
5244;29120769000;28905755555;29405755555;10240;10228
5245;29120982000;28905755555;29405755555;10240;10228
5246;29121001000;28905833333;29405833333;10240;10228
5170;29156904000;28614488888;29114488888;10240;10228
5171;29156918000;28614488888;29114488888;10240;10228
5201;29156923000;28739088888;29239088888;10240;10228
5202;29156929000;28739166666;29239166666;10240;10228
5205;29156933000;28739477777;29239477777;10240;10228
5211;29156938000;28780755555;29280755555;10240;10228
5214;29156942000;28781155555;29281155555;10240;10228
5247;29161425000;28906177777;29406177777;10240;10228
5248;29161447000;28906177777;29406177777;10240;10228
5249;29161452000;28906177777;29406177777;10240;10228
5250;29161456000;28947422222;29447422222;10240;10228
5251;29161461000;28947422222;29447422222;10240;10228
5252;29161475000;28947422222;29447422222;10240;10228
5253;29161479000;28947422222;29447422222;10240;10228
5255;29161512000;28947422222;29447422222;10240;10228
5256;29161518000;28947422222;29447422222;10240;10228
5257;29161533000;28947500000;29447500000;10240;10228
5247;29161547000;28906177777;29406177777;10240;10228
5248;29161649000;28906177777;29406177777;10240;10228
5249;29161811000;28906177777;29406177777;10240;10228
5250;29161833000;28947422222;29447422222;10240;10228
5251;29162034000;28947422222;29447422222;10240;10228
5253;29162054000;28947422222;29447422222;10240;10228
5254;29162205000;28947422222;29447422222;10240;10228
5255;29162240000;28947422222;29447422222;10240;10228
5256;29162417000;28947422222;29447422222;10240;10228
5257;29162428000;28947500000;29447500000;10240;10228
5224;29198585000;28822500000;29322500000;10240;10228
5258;29203068000;28947800000;29447800000;10240;10228
5259;29203080000;28947800000;29447800000;10240;10228
5260;29203084000;28947800000;29447800000;10240;10228
5261;29203088000;28989088888;29489088888;10240;10228
5262;29203092000;28989088888;29489088888;10240;10228
5263;29203097000;28989088888;29489088888;10240;10228
5264;29203101000;28989088888;29489088888;10240;10228
5265;29203105000;28989088888;29489088888;10240;10228
5266;29203109000;28989088888;29489088888;10240;10228
5267;29203118000;28989088888;29489088888;10240;10228
5258;29203124000;28947800000;29447800000;10240;10228
5259;29203256000;28947800000;29447800000;10240;10228
5260;29203268000;28947800000;29447800000;10240;10228
5261;29203473000;28989088888;29489088888;10240;10228
5264;29203678000;28989088888;29489088888;10240;10228
5267;29203688000;28989088888;29489088888;10240;10228
5268;29203878000;28989177777;29489177777;10240;10228
5269;29244748000;28989488888;29489488888;10240;10228
5270;29244759000;28989488888;29489488888;10240;10228
5271;29244763000;28989488888;29489488888;10240;10228
5272;29244769000;29030755555;29530755555;10240;10228
5273;29244772000;29030755555;29530755555;10240;10228
5276;29244777000;29030755555;29530755555;10240;10228
5278;29244783000;29030755555;29530755555;10240;10228
5279;29244798000;29030844444;29530844444;10240;10228
5269;29244802000;28989488888;29489488888;10240;10228
5270;29244923000;28989488888;29489488888;10240;10228
5271;29245161000;28989488888;29489488888;10240;10228
5272;29245179000;29030755555;29530755555;10240;10228
5273;29245336000;29030755555;29530755555;10240;10228
5275;29245345000;29030755555;29530755555;10240;10228
5276;29245516000;29030755555;29530755555;10240;10228
5277;29245752000;29030755555;29530755555;10240;10228
5278;29245762000;29030755555;29530755555;10240;10228
5279;29245766000;29030844444;29530844444;10240;10228
5254;29281890000;28947422222;29447422222;10240;10228
5280;29286422000;29031177777;29531177777;10240;10228
5281;29286431000;29031177777;29531177777;10240;10228
5282;29286437000;29031177777;29531177777;10240;10228
5283;29286441000;29072422222;29572422222;10240;10228
5284;29286449000;29072422222;29572422222;10240;10228
5285;29286454000;29072422222;29572422222;10240;10228
5287;29286463000;29072422222;29572422222;10240;10228
5288;29286501000;29072422222;29572422222;10240;10228
5289;29286507000;29072422222;29572422222;10240;10228
5280;29286511000;29031177777;29531177777;10240;10228
5290;29286516000;29072500000;29572500000;10240;10228
5281;29286623000;29031177777;29531177777;10240;10228
5282;29286634000;29031177777;29531177777;10240;10228
5283;29286814000;29072422222;29572422222;10240;10228
5285;29287064000;29072422222;29572422222;10240;10228
5286;29287075000;29072422222;29572422222;10240;10228
5287;29287208000;29072422222;29572422222;10240;10228
5288;29287228000;29072422222;29572422222;10240;10228
5289;29287418000;29072422222;29572422222;10240;10228
5290;29287428000;29072500000;29572500000;10240;10228
5262;29324405000;28989088888;29489088888;10240;10228
5263;29324615000;28989088888;29489088888;10240;10228
5291;29328071000;29072788888;29572788888;10240;10228
5291;29328082000;29072788888;29572788888;10240;10228
5292;29328086000;29072788888;29572788888;10240;10228
5293;29328091000;29072788888;29572788888;10240;10228
5294;29328096000;29114088888;29614088888;10240;10228
5295;29328108000;29114088888;29614088888;10240;10228
5296;29328113000;29114088888;29614088888;10240;10228
5297;29328117000;29114088888;29614088888;10240;10228
5298;29328121000;29114088888;29614088888;10240;10228
5299;29328125000;29114088888;29614088888;10240;10228
5300;29328130000;29114088888;29614088888;10240;10228
5301;29328134000;29114166666;29614166666;10240;10228
5295;29328257000;29114088888;29614088888;10240;10228
5296;29328461000;29114088888;29614088888;10240;10228
5297;29328472000;29114088888;29614088888;10240;10228
5298;29328673000;29114088888;29614088888;10240;10228
5299;29328683000;29114088888;29614088888;10240;10228
5300;29328882000;29114088888;29614088888;10240;10228
5301;29328891000;29114166666;29614166666;10240;10228
5265;29365256000;28989088888;29489088888;10240;10228
5266;29365451000;28989088888;29489088888;10240;10228
5274;29366200000;29030755555;29530755555;10240;10228
5305;29369724000;29155755555;29655755555;10240;10228
5306;29369750000;29155755555;29655755555;10240;10228
5307;29369757000;29155755555;29655755555;10240;10228
5308;29369766000;29155755555;29655755555;10240;10228
5309;29369780000;29155755555;29655755555;10240;10228
5310;29369784000;29155755555;29655755555;10240;10228
5311;29369788000;29155755555;29655755555;10240;10228
5312;29369792000;29155833333;29655833333;10240;10228
5302;29369797000;29114500000;29614500000;10240;10228
5303;29369926000;29114500000;29614500000;10240;10228
5304;29370131000;29114500000;29614500000;10240;10228
5306;29370167000;29155755555;29655755555;10240;10228
5307;29370332000;29155755555;29655755555;10240;10228
5308;29370341000;29155755555;29655755555;10240;10228
5309;29370538000;29155755555;29655755555;10240;10228
5310;29370764000;29155755555;29655755555;10240;10228
5311;29370775000;29155755555;29655755555;10240;10228
5312;29370779000;29155833333;29655833333;10240;10228
5274;29406907000;29030755555;29530755555;10240;10228
5275;29406917000;29030755555;29530755555;10240;10228
5277;29406921000;29030755555;29530755555;10240;10228
5286;29406926000;29072422222;29572422222;10240;10228
5252;29407058000;28947422222;29447422222;10240;10228
5284;29407650000;29072422222;29572422222;10240;10228
5313;29411379000;29156144444;29656144444;10240;10228
5313;29411392000;29156144444;29656144444;10240;10228
5314;29411397000;29156144444;29656144444;10240;10228
5315;29411402000;29156144444;29656144444;10240;10228
5316;29411407000;29197422222;29697422222;10240;10228
5317;29411412000;29197422222;29697422222;10240;10228
5318;29411416000;29197422222;29697422222;10240;10228
5319;29411425000;29197422222;29697422222;10240;10228
5320;29411433000;29197422222;29697422222;10240;10228
5321;29411444000;29197422222;29697422222;10240;10228
5322;29411449000;29197422222;29697422222;10240;10228
5323;29411453000;29197500000;29697500000;10240;10228
5314;29411579000;29156144444;29656144444;10240;10228
5315;29411589000;29156144444;29656144444;10240;10228
5316;29411786000;29197422222;29697422222;10240;10228
5317;29412012000;29197422222;29697422222;10240;10228
5318;29412032000;29197422222;29697422222;10240;10228
5319;29412191000;29197422222;29697422222;10240;10228
5320;29412212000;29197422222;29697422222;10240;10228
5321;29412391000;29197422222;29697422222;10240;10228
5322;29412594000;29197422222;29697422222;10240;10228
5323;29412604000;29197500000;29697500000;10240;10228
5292;29448978000;29072788888;29572788888;10240;10228
5293;29449221000;29072788888;29572788888;10240;10228
5294;29449229000;29114088888;29614088888;10240;10228
5325;29453078000;29197788888;29697788888;10240;10228
5324;29453105000;29197788888;29697788888;10240;10228
5326;29453127000;29197788888;29697788888;10240;10228
5327;29453132000;29239077777;29739077777;10240;10228
5328;29453149000;29239077777;29739077777;10240;10228
5329;29453154000;29239077777;29739077777;10240;10228
5330;29453170000;29239077777;29739077777;10240;10228
5331;29453178000;29239077777;29739077777;10240;10228
5332;29453182000;29239077777;29739077777;10240;10228
5333;29453189000;29239077777;29739077777;10240;10228
5334;29453212000;29239166666;29739166666;10240;10228
5325;29453236000;29197788888;29697788888;10240;10228
5326;29453470000;29197788888;29697788888;10240;10228
5327;29453500000;29239077777;29739077777;10240;10228
5328;29453679000;29239077777;29739077777;10240;10228
5329;29453690000;29239077777;29739077777;10240;10228
5330;29453884000;29239077777;29739077777;10240;10228
5331;29453895000;29239077777;29739077777;10240;10228
5332;29454122000;29239077777;29739077777;10240;10228
5333;29454289000;29239077777;29739077777;10240;10228
5334;29454300000;29239166666;29739166666;10240;10228
5302;29490216000;29114500000;29614500000;10240;10228
5303;29490229000;29114500000;29614500000;10240;10228
5304;29490244000;29114500000;29614500000;10240;10228
5335;29494746000;29239477777;29739477777;10240;10228
5336;29494756000;29239477777;29739477777;10240;10228
5337;29494760000;29239477777;29739477777;10240;10228
5338;29494767000;29280755555;29780755555;10240;10228
5339;29494772000;29280755555;29780755555;10240;10228
5340;29494776000;29280755555;29780755555;10240;10228
5341;29494780000;29280755555;29780755555;10240;10228
5342;29494785000;29280755555;29780755555;10240;10228
5335;29494789000;29239477777;29739477777;10240;10228
5338;29494944000;29280755555;29780755555;10240;10228
5340;29494955000;29280755555;29780755555;10240;10228
5341;29495183000;29280755555;29780755555;10240;10228
5342;29495327000;29280755555;29780755555;10240;10228
5343;29495338000;29280755555;29780755555;10240;10228
5344;29495544000;29280755555;29780755555;10240;10228
5345;29527353000;29280844444;29780844444;10240;10228
5345;29527362000;29280844444;29780844444;10240;10228
5268;29531894000;28989177777;29489177777;10240;10228
5346;29536242000;29281166666;29781166666;10240;10228
5347;29536256000;29281166666;29781166666;10240;10228
5348;29536260000;29281166666;29781166666;10240;10228
5350;29536264000;29322422222;29822422222;10240;10228
5351;29536270000;29322422222;29822422222;10240;10228
5352;29536285000;29322422222;29822422222;10240;10228
5353;29536290000;29322422222;29822422222;10240;10228
5354;29536294000;29322422222;29822422222;10240;10228
5356;29536302000;29322500000;29822500000;10240;10228
5346;29536406000;29281166666;29781166666;10240;10228
5347;29536600000;29281166666;29781166666;10240;10228
5348;29536813000;29281166666;29781166666;10240;10228
5349;29536825000;29322422222;29822422222;10240;10228
5350;29537016000;29322422222;29822422222;10240;10228
5351;29537036000;29322422222;29822422222;10240;10228
5352;29537209000;29322422222;29822422222;10240;10228
5353;29537229000;29322422222;29822422222;10240;10228
5355;29537421000;29322422222;29822422222;10240;10228
5356;29537447000;29322500000;29822500000;10240;10228
5357;29578064000;29322800000;29822800000;10240;10228
5359;29578074000;29322800000;29822800000;10240;10228
5360;29578092000;29364088888;29864088888;10240;10228
5361;29578098000;29364088888;29864088888;10240;10228
5362;29578108000;29364088888;29864088888;10240;10228
5363;29578114000;29364088888;29864088888;10240;10228
5364;29578128000;29364088888;29864088888;10240;10228
5366;29578132000;29364088888;29864088888;10240;10228
5367;29578136000;29364177777;29864177777;10240;10228
5358;29578268000;29322800000;29822800000;10240;10228
5359;29578303000;29322800000;29822800000;10240;10228
5360;29578448000;29364088888;29864088888;10240;10228
5361;29578661000;29364088888;29864088888;10240;10228
5362;29578673000;29364088888;29864088888;10240;10228
5363;29578886000;29364088888;29864088888;10240;10228
5364;29578906000;29364088888;29864088888;10240;10228
5365;29579071000;29364088888;29864088888;10240;10228
5366;29579263000;29364088888;29864088888;10240;10228
5367;29579272000;29364177777;29864177777;10240;10228
5305;29615465000;29155755555;29655755555;10240;10228
5336;29615675000;29239477777;29739477777;10240;10228
5337;29615874000;29239477777;29739477777;10240;10228
5339;29615883000;29280755555;29780755555;10240;10228
5368;29619739000;29364477777;29864477777;10240;10228
5368;29619749000;29364477777;29864477777;10240;10228
5369;29619754000;29364477777;29864477777;10240;10228
5370;29619758000;29364477777;29864477777;10240;10228
5373;29619771000;29405744444;29905744444;10240;10228
5374;29619789000;29405744444;29905744444;10240;10228
5375;29619793000;29405744444;29905744444;10240;10228
5376;29619808000;29405744444;29905744444;10240;10228
5377;29619812000;29405744444;29905744444;10240;10228
5378;29619826000;29405833333;29905833333;10240;10228
5369;29619929000;29364477777;29864477777;10240;10228
5370;29619941000;29364477777;29864477777;10240;10228
5371;29620168000;29405744444;29905744444;10240;10228
5373;29620324000;29405744444;29905744444;10240;10228
5374;29620335000;29405744444;29905744444;10240;10228
5375;29620514000;29405744444;29905744444;10240;10228
5378;29620536000;29405833333;29905833333;10240;10228
5324;29647806000;29197788888;29697788888;10240;10228
5343;29656758000;29280755555;29780755555;10240;10228
5344;29656786000;29280755555;29780755555;10240;10228
5349;29656792000;29322422222;29822422222;10240;10228
5379;29661240000;29406166666;29906166666;10240;10228
5380;29661252000;29406166666;29906166666;10240;10228
5381;29661256000;29406166666;29906166666;10240;10228
5382;29661261000;29447422222;29947422222;10240;10228
5383;29661265000;29447422222;29947422222;10240;10228
5384;29661269000;29447422222;29947422222;10240;10228
5385;29661278000;29447422222;29947422222;10240;10228
5386;29661286000;29447422222;29947422222;10240;10228
5389;29661291000;29447500000;29947500000;10240;10228
5379;29661397000;29406166666;29906166666;10240;10228
5380;29661601000;29406166666;29906166666;10240;10228
5381;29661813000;29406166666;29906166666;10240;10228
5382;29661824000;29447422222;29947422222;10240;10228
5384;29662038000;29447422222;29947422222;10240;10228
5385;29662059000;29447422222;29947422222;10240;10228
5386;29662206000;29447422222;29947422222;10240;10228
5388;29662226000;29447422222;29947422222;10240;10228
5389;29662417000;29447500000;29947500000;10240;10228
5354;29698490000;29322422222;29822422222;10240;10228
5355;29698507000;29322422222;29822422222;10240;10228
5357;29698547000;29322800000;29822800000;10240;10228
5358;29698577000;29322800000;29822800000;10240;10228
5390;29703069000;29447766666;29947766666;10240;10228
5391;29703081000;29447766666;29947766666;10240;10228
5392;29703085000;29447766666;29947766666;10240;10228
5393;29703090000;29489088888;29989088888;10240;10228
5394;29703094000;29489088888;29989088888;10240;10228
5395;29703099000;29489088888;29989088888;10240;10228
5396;29703102000;29489088888;29989088888;10240;10228
5397;29703108000;29489088888;29989088888;10240;10228
5391;29703278000;29447766666;29947766666;10240;10228
5392;29703447000;29447766666;29947766666;10240;10228
5393;29703457000;29489088888;29989088888;10240;10228
5394;29703672000;29489088888;29989088888;10240;10228
5396;29703683000;29489088888;29989088888;10240;10228
5397;29703867000;29489088888;29989088888;10240;10228
5398;29703878000;29489088888;29989088888;10240;10228
5399;29704103000;29489088888;29989088888;10240;10228
5400;29735880000;29489166666;29989166666;10240;10228
5400;29735908000;29489166666;29989166666;10240;10228
5365;29740406000;29364088888;29864088888;10240;10228
5372;29741027000;29405744444;29905744444;10240;10228
5401;29744575000;29489466666;29989466666;10240;10228
5402;29744586000;29489466666;29989466666;10240;10228
5403;29744590000;29489466666;29989466666;10240;10228
5405;29744594000;29530744444;30030744444;10240;10228
5406;29744599000;29530744444;30030744444;10240;10228
5407;29744604000;29530744444;30030744444;10240;10228
5408;29744609000;29530744444;30030744444;10240;10228
5409;29744628000;29530744444;30030744444;10240;10228
5410;29744632000;29530744444;30030744444;10240;10228
5401;29744744000;29489466666;29989466666;10240;10228
5402;29744934000;29489466666;29989466666;10240;10228
5403;29744945000;29489466666;29989466666;10240;10228
5404;29745169000;29530744444;30030744444;10240;10228
5405;29745331000;29530744444;30030744444;10240;10228
5406;29745342000;29530744444;30030744444;10240;10228
5407;29745514000;29530744444;30030744444;10240;10228
5408;29745751000;29530744444;30030744444;10240;10228
5409;29745760000;29530744444;30030744444;10240;10228
5410;29745990000;29530744444;30030744444;10240;10228
5411;29777190000;29530833333;30030833333;10240;10228
5411;29777210000;29530833333;30030833333;10240;10228
5371;29781752000;29405744444;29905744444;10240;10228
5372;29781763000;29405744444;29905744444;10240;10228
5376;29782073000;29405744444;29905744444;10240;10228
5377;29782311000;29405744444;29905744444;10240;10228
5383;29782688000;29447422222;29947422222;10240;10228
5412;29786243000;29531155555;30031155555;10240;10228
5413;29786254000;29531155555;30031155555;10240;10228
5414;29786259000;29531155555;30031155555;10240;10228
5415;29786264000;29572422222;30072422222;10240;10228
5416;29786268000;29572422222;30072422222;10240;10228
5417;29786273000;29572422222;30072422222;10240;10228
5418;29786279000;29572422222;30072422222;10240;10228
5419;29786291000;29572422222;30072422222;10240;10228
5420;29786296000;29572422222;30072422222;10240;10228
5421;29786306000;29572422222;30072422222;10240;10228
5412;29786398000;29531155555;30031155555;10240;10228
5413;29786600000;29531155555;30031155555;10240;10228
5414;29786813000;29531155555;30031155555;10240;10228
5416;29786824000;29572422222;30072422222;10240;10228
5417;29787040000;29572422222;30072422222;10240;10228
5418;29787060000;29572422222;30072422222;10240;10228
5419;29787237000;29572422222;30072422222;10240;10228
5420;29787256000;29572422222;30072422222;10240;10228
5421;29787421000;29572422222;30072422222;10240;10228
5422;29818749000;29572500000;30072500000;10240;10228
5422;29818942000;29572500000;30072500000;10240;10228
5387;29823382000;29447422222;29947422222;10240;10228
5388;29823409000;29447422222;29947422222;10240;10228
5390;29823425000;29447766666;29947766666;10240;10228
5387;29823543000;29447422222;29947422222;10240;10228
5395;29824327000;29489088888;29989088888;10240;10228
5423;29827863000;29572777777;30072777777;10240;10228
5424;29827875000;29572777777;30072777777;10240;10228
5425;29827884000;29572777777;30072777777;10240;10228
5426;29827890000;29614088888;30114088888;10240;10228
5427;29827894000;29614088888;30114088888;10240;10228
5429;29827899000;29614088888;30114088888;10240;10228
5431;29827903000;29614088888;30114088888;10240;10228
5432;29827923000;29614088888;30114088888;10240;10228
5423;29828036000;29572777777;30072777777;10240;10228
5424;29828276000;29572777777;30072777777;10240;10228
5426;29828469000;29614088888;30114088888;10240;10228
5427;29828500000;29614088888;30114088888;10240;10228
5428;29828656000;29614088888;30114088888;10240;10228
5429;29828666000;29614088888;30114088888;10240;10228
5430;29828860000;29614088888;30114088888;10240;10228
5431;29828871000;29614088888;30114088888;10240;10228
5433;29856094000;29614166666;30114166666;10240;10228
5432;29856605000;29614088888;30114088888;10240;10228
5433;29861434000;29614166666;30114166666;10240;10228
5398;29864905000;29489088888;29989088888;10240;10228
5399;29864932000;29489088888;29989088888;10240;10228
5435;29869536000;29614466666;30114466666;10240;10228
5436;29869548000;29614466666;30114466666;10240;10228
5437;29869552000;29655755555;30155755555;10240;10228
5438;29869562000;29655755555;30155755555;10240;10228
5439;29869572000;29655755555;30155755555;10240;10228
5440;29869576000;29655755555;30155755555;10240;10228
5441;29869587000;29655755555;30155755555;10240;10228
5434;29869737000;29614466666;30114466666;10240;10228
5435;29869949000;29614466666;30114466666;10240;10228
5436;29869958000;29614466666;30114466666;10240;10228
5437;29870187000;29655755555;30155755555;10240;10228
5438;29870347000;29655755555;30155755555;10240;10228
5440;29870358000;29655755555;30155755555;10240;10228
5441;29870562000;29655755555;30155755555;10240;10228
5442;29870572000;29655755555;30155755555;10240;10228
5443;29902546000;29655755555;30155755555;10240;10228
5444;29902754000;29655833333;30155833333;10240;10228
5415;29907491000;29572422222;30072422222;10240;10228
5445;29911224000;29656166666;30156166666;10240;10228
5446;29911237000;29656166666;30156166666;10240;10228
5447;29911241000;29656166666;30156166666;10240;10228
5448;29911246000;29697422222;30197422222;10240;10228
5449;29911252000;29697422222;30197422222;10240;10228
5450;29911266000;29697422222;30197422222;10240;10228
5451;29911271000;29697422222;30197422222;10240;10228
5452;29911275000;29697422222;30197422222;10240;10228
5453;29911281000;29697422222;30197422222;10240;10228
5454;29911294000;29697422222;30197422222;10240;10228
5445;29911372000;29656166666;30156166666;10240;10228
5455;29911526000;29697500000;30197500000;10240;10228
5446;29911616000;29656166666;30156166666;10240;10228
5448;29911627000;29697422222;30197422222;10240;10228
5449;29911812000;29697422222;30197422222;10240;10228
5450;29912041000;29697422222;30197422222;10240;10228
5451;29912062000;29697422222;30197422222;10240;10228
5452;29912235000;29697422222;30197422222;10240;10228
5453;29912246000;29697422222;30197422222;10240;10228
5454;29912419000;29697422222;30197422222;10240;10228
5455;29912430000;29697500000;30197500000;10240;10228
5425;29949146000;29572777777;30072777777;10240;10228
5456;29952912000;29697800000;30197800000;10240;10228
5457;29952922000;29697800000;30197800000;10240;10228
5458;29952926000;29697800000;30197800000;10240;10228
5459;29952930000;29739088888;30239088888;10240;10228
5460;29952937000;29739088888;30239088888;10240;10228
5461;29952942000;29739088888;30239088888;10240;10228
5462;29952950000;29739088888;30239088888;10240;10228
5463;29952958000;29739088888;30239088888;10240;10228
5464;29952963000;29739088888;30239088888;10240;10228
5456;29953063000;29697800000;30197800000;10240;10228
5465;29953191000;29739088888;30239088888;10240;10228
5466;29953211000;29739166666;30239166666;10240;10228
5457;29953338000;29697800000;30197800000;10240;10228
5458;29953348000;29697800000;30197800000;10240;10228
5459;29953472000;29739088888;30239088888;10240;10228
5460;29953688000;29739088888;30239088888;10240;10228
5461;29953698000;29739088888;30239088888;10240;10228
5462;29953889000;29739088888;30239088888;10240;10228
5463;29953900000;29739088888;30239088888;10240;10228
5464;29954128000;29739088888;30239088888;10240;10228
5465;29954293000;29739088888;30239088888;10240;10228
5466;29954302000;29739166666;30239166666;10240;10228
5430;29976547000;29614088888;30114088888;10240;10228
5404;29990061000;29530744444;30030744444;10240;10228
5467;29994573000;29739466666;30239466666;10240;10228
5468;29994582000;29739466666;30239466666;10240;10228
5469;29994587000;29739466666;30239466666;10240;10228
5470;29994591000;29780755555;30280755555;10240;10228
5471;29994596000;29780755555;30280755555;10240;10228
5472;29994605000;29780755555;30280755555;10240;10228
5473;29994609000;29780755555;30280755555;10240;10228
5474;29994618000;29780755555;30280755555;10240;10228
5475;29994624000;29780755555;30280755555;10240;10228
5467;29994732000;29739466666;30239466666;10240;10228
5476;29994859000;29780755555;30280755555;10240;10228
5477;29994891000;29780833333;30280833333;10240;10228
5468;29994950000;29739466666;30239466666;10240;10228
5469;29994971000;29739466666;30239466666;10240;10228
5470;29995146000;29780755555;30280755555;10240;10228
5471;29995345000;29780755555;30280755555;10240;10228
5472;29995354000;29780755555;30280755555;10240;10228
5473;29995556000;29780755555;30280755555;10240;10228
5474;29995759000;29780755555;30280755555;10240;10228
5475;29995769000;29780755555;30280755555;10240;10228
5476;29995985000;29780755555;30280755555;10240;10228
5477;29996003000;29780833333;30280833333;10240;10228
5439;30022977000;29655755555;30155755555;10240;10228
5434;30031680000;29614466666;30114466666;10240;10228
5447;30032456000;29656166666;30156166666;10240;10228
5478;30036193000;29781144444;30281144444;10240;10228
5479;30036205000;29781144444;30281144444;10240;10228
5480;30036210000;29781144444;30281144444;10240;10228
5481;30036219000;29822422222;30322422222;10240;10228
5482;30036223000;29822422222;30322422222;10240;10228
5483;30036233000;29822422222;30322422222;10240;10228
5484;30036238000;29822422222;30322422222;10240;10228
5485;30036247000;29822422222;30322422222;10240;10228
5486;30036252000;29822422222;30322422222;10240;10228
5487;30036257000;29822422222;30322422222;10240;10228
5488;30036268000;29822500000;30322500000;10240;10228
5480;30036398000;29781144444;30281144444;10240;10228
5481;30036610000;29822422222;30322422222;10240;10228
5482;30036619000;29822422222;30322422222;10240;10228
5483;30036816000;29822422222;30322422222;10240;10228
5484;30037042000;29822422222;30322422222;10240;10228
5485;30037062000;29822422222;30322422222;10240;10228
5486;30037173000;29822422222;30322422222;10240;10228
5487;30037182000;29822422222;30322422222;10240;10228
5488;30037376000;29822500000;30322500000;10240;10228
5442;30073318000;29655755555;30155755555;10240;10228
5443;30073329000;29655755555;30155755555;10240;10228
5444;30073333000;29655833333;30155833333;10240;10228
5428;30073465000;29614088888;30114088888;10240;10228
5489;30077850000;29822811111;30322811111;10240;10228
5491;30077861000;29822811111;30322811111;10240;10228
5492;30077879000;29864088888;30364088888;10240;10228
5493;30077890000;29864088888;30364088888;10240;10228
5494;30077895000;29864088888;30364088888;10240;10228
5495;30077901000;29864088888;30364088888;10240;10228
5496;30077914000;29864088888;30364088888;10240;10228
5497;30077921000;29864088888;30364088888;10240;10228
5498;30077932000;29864088888;30364088888;10240;10228
5499;30077936000;29864166666;30364166666;10240;10228
5489;30078060000;29822811111;30322811111;10240;10228
5491;30078297000;29822811111;30322811111;10240;10228
5492;30078469000;29864088888;30364088888;10240;10228
5493;30078479000;29864088888;30364088888;10240;10228
5494;30078684000;29864088888;30364088888;10240;10228
5495;30078693000;29864088888;30364088888;10240;10228
5496;30078878000;29864088888;30364088888;10240;10228
5497;30078896000;29864088888;30364088888;10240;10228
5498;30079106000;29864088888;30364088888;10240;10228
5499;30079125000;29864166666;30364166666;10240;10228
5478;30157067000;29781144444;30281144444;10240;10228
5479;30157271000;29781144444;30281144444;10240;10228
5490;30198118000;29822811111;30322811111;10240;10228
5490;30198945000;29822811111;30322811111;10240;10228
