seqnum;now;rtptime;deadline
33;5993499000;5767088888;5967088888
34;5993503000;5767088888;5967088888
35;5993505000;5767088888;5967088888
36;5993506000;5767088888;5967088888
37;5993508000;5767088888;5967088888
38;5993509000;5767088888;5967088888
40;5993526000;5767088888;5967088888
66;6119018000;5892033333;6092033333
67;6119022000;5892033333;6092033333
68;6119023000;5892033333;6092033333
69;6119024000;5892033333;6092033333
70;6119025000;5892033333;6092033333
71;6119026000;5892033333;6092033333
72;6119027000;5892033333;6092033333
73;6119027000;5892033333;6092033333
74;6119032000;5892033333;6092033333
75;6119033000;5892033333;6092033333
76;6119186000;5892033333;6092033333
77;6119191000;5933744444;6133744444
78;6119193000;5933744444;6133744444
79;6119193000;5933744444;6133744444
80;6119195000;5933744444;6133744444
81;6119196000;5933744444;6133744444
100;6243378000;6017055555;6217055555
109;6243527000;6017055555;6217055555
110;6243533000;6058666666;6258666666
111;6243534000;6058666666;6258666666
114;6284885000;6058666666;6258666666
115;6284887000;6058666666;6258666666
116;6284889000;6058666666;6258666666
117;6284889000;6058666666;6258666666
118;6284890000;6058666666;6258666666
119;6284891000;6058666666;6258666666
120;6285007000;6058666666;6258666666
121;6285013000;6100388888;6300388888
122;6285014000;6100388888;6300388888
123;6285015000;6100388888;6300388888
124;6285016000;6100388888;6300388888
125;6285017000;6100388888;6300388888
126;6285018000;6100388888;6300388888
127;6285019000;6100388888;6300388888
128;6285020000;6100388888;6300388888
129;6285021000;6100388888;6300388888
130;6285022000;6100388888;6300388888
137;6368437000;6142166666;6342166666
142;6368575000;6142166666;6342166666
143;6368581000;6183700000;6383700000
144;6368583000;6183700000;6383700000
145;6368584000;6183700000;6383700000
146;6368584000;6183700000;6383700000
147;6368585000;6183700000;6383700000
148;6368587000;6183700000;6383700000
149;6368588000;6183700000;6383700000
152;6369126000;6183700000;6383700000
153;6409994000;6183700000;6383700000
154;6410000000;6225400000;6425400000
155;6410001000;6225400000;6425400000
156;6410003000;6225400000;6425400000
159;6426111000;6225400000;6425400000
164;6451618000;6225400000;6425400000
165;6451633000;6267166666;6467166666
166;6451634000;6267166666;6467166666
167;6451635000;6267166666;6467166666
168;6451636000;6267166666;6467166666
169;6451637000;6267166666;6467166666
170;6451638000;6267166666;6467166666
171;6451639000;6267166666;6467166666
172;6451640000;6267166666;6467166666
173;6451641000;6267166666;6467166666
174;6451642000;6267166666;6467166666
175;6493444000;6267166666;6467166666
176;6493451000;6308744444;6508744444
177;6493452000;6308744444;6508744444
178;6493453000;6308744444;6508744444
179;6493454000;6308744444;6508744444
180;6493455000;6308744444;6508744444
183;6493952000;6308744444;6508744444
184;6493963000;6308744444;6508744444
185;6493964000;6308744444;6508744444
186;6535024000;6308744444;6508744444
187;6535030000;6350377777;6550377777
188;6535031000;6350377777;6550377777
189;6535032000;6350377777;6550377777
190;6535033000;6350377777;6550377777
191;6535034000;6350377777;6550377777
194;6535878000;6350377777;6550377777
195;6535880000;6350377777;6550377777
196;6535881000;6350377777;6550377777
197;6576545000;6350377777;6550377777
198;6576551000;6392155555;6592155555
199;6576552000;6392155555;6592155555
200;6576563000;6392155555;6592155555
201;6576564000;6392155555;6592155555
202;6576565000;6392155555;6592155555
203;6576566000;6392155555;6592155555
204;6576567000;6392155555;6592155555
205;6576567000;6392155555;6592155555
206;6576568000;6392155555;6592155555
207;6576569000;6392155555;6592155555
208;6618435000;6392155555;6592155555
209;6618441000;6433777777;6633777777
210;6618442000;6433777777;6633777777
213;6618962000;6433777777;6633777777
214;6618965000;6433777777;6633777777
215;6618966000;6433777777;6633777777
216;6618968000;6433777777;6633777777
217;6618970000;6433777777;6633777777
218;6618972000;6433777777;6633777777
219;6660059000;6433777777;6633777777
220;6660064000;6475455555;6675455555
221;6660066000;6475455555;6675455555
222;6660077000;6475455555;6675455555
223;6660078000;6475455555;6675455555
224;6660079000;6475455555;6675455555
225;6660079000;6475455555;6675455555
226;6660080000;6475455555;6675455555
227;6660081000;6475455555;6675455555
228;6660082000;6475455555;6675455555
229;6660083000;6475455555;6675455555
230;6701756000;6475455555;6675455555
232;6702343000;6517144444;6717144444
233;6702348000;6517144444;6717144444
234;6702352000;6517144444;6717144444
236;6702354000;6517144444;6717144444
237;6702355000;6517144444;6717144444
238;6702356000;6517144444;6717144444
239;6702357000;6517144444;6717144444
240;6702358000;6517144444;6717144444
241;6743415000;6517144444;6717144444
242;6743421000;6558766666;6758766666
245;6744013000;6558766666;6758766666
247;6744016000;6558766666;6758766666
248;6744017000;6558766666;6758766666
249;6744018000;6558766666;6758766666
250;6744018000;6558766666;6758766666
251;6744020000;6558766666;6758766666
252;6785047000;6558766666;6758766666
255;6785745000;6600500000;6800500000
257;6785749000;6600500000;6800500000
260;6785773000;6600500000;6800500000
261;6785774000;6600500000;6800500000
262;6785775000;6600500000;6800500000
263;6826777000;6600500000;6800500000
264;6826783000;6642133333;6842133333
268;6827334000;6642133333;6842133333
270;6827336000;6642133333;6842133333
271;6827337000;6642133333;6842133333
274;6868431000;6642133333;6842133333
275;6868437000;6683755555;6883755555
276;6868438000;6683755555;6883755555
277;6868439000;6683755555;6883755555
278;6868440000;6683755555;6883755555
279;6868441000;6683755555;6883755555
280;6868442000;6683755555;6883755555
281;6868443000;6683755555;6883755555
284;6869007000;6683755555;6883755555
286;6951992000;6725500000;6925500000
297;6993440000;6767111111;6967111111
308;7035040000;6808755555;7008755555
318;7035150000;6808755555;7008755555
319;7035155000;6850477777;7050477777
320;7035156000;6850477777;7050477777
321;7035157000;6850477777;7050477777
322;7035158000;6850477777;7050477777
323;7035159000;6850477777;7050477777
324;7035160000;6850477777;7050477777
325;7035161000;6850477777;7050477777
326;7035162000;6850477777;7050477777
327;7035163000;6850477777;7050477777
328;7035164000;6850477777;7050477777
329;7076760000;6850477777;7050477777
330;7076766000;6892144444;7092144444
331;7076767000;6892144444;7092144444
332;7076768000;6892144444;7092144444
333;7076769000;6892144444;7092144444
334;7076770000;6892144444;7092144444
335;7076770000;6892144444;7092144444
336;7076771000;6892144444;7092144444
337;7076772000;6892144444;7092144444
340;7118426000;6892144444;7092144444
341;7118432000;6933800000;7133800000
342;7118433000;6933800000;7133800000
345;7119008000;6933800000;7133800000
347;7119011000;6933800000;7133800000
348;7119012000;6933800000;7133800000
349;7119013000;6933800000;7133800000
350;7119014000;6933800000;7133800000
351;7160112000;6933800000;7133800000
352;7160118000;6975500000;7175500000
353;7160119000;6975500000;7175500000
354;7160120000;6975500000;7175500000
355;7160121000;6975500000;7175500000
356;7160122000;6975500000;7175500000
357;7160123000;6975500000;7175500000
358;7160124000;6975500000;7175500000
359;7160125000;6975500000;7175500000
360;7160126000;6975500000;7175500000
361;7160127000;6975500000;7175500000
364;7243417000;7017133333;7217133333
373;7243539000;7017133333;7217133333
374;7243545000;7058733333;7258733333
375;7243547000;7058733333;7258733333
376;7243548000;7058733333;7258733333
377;7243549000;7058733333;7258733333
378;7243550000;7058733333;7258733333
379;7243560000;7058733333;7258733333
380;7243561000;7058733333;7258733333
381;7243562000;7058733333;7258733333
382;7243562000;7058733333;7258733333
383;7243563000;7058733333;7258733333
384;7285018000;7058733333;7258733333
385;7285023000;7100477777;7300477777
386;7285025000;7100477777;7300477777
387;7285026000;7100477777;7300477777
390;7285716000;7100477777;7300477777
392;7285718000;7100477777;7300477777
393;7285720000;7100477777;7300477777
394;7285720000;7100477777;7300477777
395;7326750000;7100477777;7300477777
396;7326756000;7142133333;7342133333
397;7326757000;7142133333;7342133333
398;7326758000;7142133333;7342133333
399;7326767000;7142133333;7342133333
400;7326768000;7142133333;7342133333
401;7326769000;7142133333;7342133333
402;7326770000;7142133333;7342133333
403;7326771000;7142133333;7342133333
404;7326772000;7142133333;7342133333
405;7326773000;7142133333;7342133333
409;7410072000;7183766666;7383766666
417;7410225000;7183766666;7383766666
418;7410233000;7225477777;7425477777
419;7410235000;7225477777;7425477777
420;7410236000;7225477777;7425477777
421;7410237000;7225477777;7425477777
426;7410698000;7225477777;7425477777
429;7498543000;7267144444;7467144444
448;7535108000;7308777777;7508777777
449;7535125000;7308777777;7508777777
450;7535243000;7308777777;7508777777
451;7535248000;7350488888;7550488888
452;7535250000;7350488888;7550488888
453;7535251000;7350488888;7550488888
454;7535253000;7350488888;7550488888
455;7535254000;7350488888;7550488888
456;7535255000;7350488888;7550488888
457;7535257000;7350488888;7550488888
458;7535258000;7350488888;7550488888
459;7535259000;7350488888;7550488888
460;7535261000;7350488888;7550488888
461;7576839000;7350488888;7550488888
462;7576865000;7392122222;7592122222
463;7576867000;7392122222;7592122222
464;7576868000;7392122222;7592122222
465;7576870000;7392122222;7592122222
466;7576871000;7392122222;7592122222
467;7576873000;7392122222;7592122222
468;7576875000;7392122222;7592122222
469;7576876000;7392122222;7592122222
470;7576877000;7392122222;7592122222
471;7576878000;7392122222;7592122222
472;7618408000;7392122222;7592122222
473;7618415000;7433766666;7633766666
474;7618416000;7433766666;7633766666
475;7618417000;7433766666;7633766666
476;7618419000;7433766666;7633766666
477;7618420000;7433766666;7633766666
478;7618421000;7433766666;7633766666
479;7618423000;7433766666;7633766666
480;7618424000;7433766666;7633766666
481;7618425000;7433766666;7633766666
482;7618427000;7433766666;7633766666
483;7660051000;7433766666;7633766666
484;7660057000;7475488888;7675488888
485;7660058000;7475488888;7675488888
488;7660677000;7475488888;7675488888
490;7660680000;7475488888;7675488888
491;7660681000;7475488888;7675488888
492;7660682000;7475488888;7675488888
493;7660683000;7475488888;7675488888
494;7701786000;7475488888;7675488888
499;7702367000;7517144444;7717144444
500;7702370000;7517144444;7717144444
501;7702371000;7517144444;7717144444
502;7702372000;7517144444;7717144444
503;7702374000;7517144444;7717144444
504;7702375000;7517144444;7717144444
505;7743440000;7517144444;7717144444
506;7743446000;7558777777;7758777777
507;7743447000;7558777777;7758777777
508;7743448000;7558777777;7758777777
509;7743449000;7558777777;7758777777
510;7743450000;7558777777;7758777777
511;7743451000;7558777777;7758777777
512;7743451000;7558777777;7758777777
513;7743452000;7558777777;7758777777
514;7743453000;7558777777;7758777777
518;7826736000;7600488888;7800488888
527;7826819000;7600488888;7800488888
531;7827360000;7642144444;7842144444
535;7827444000;7642144444;7842144444
536;7827447000;7642144444;7842144444
537;7827449000;7642144444;7842144444
538;7868477000;7642144444;7842144444
539;7868483000;7683766666;7883766666
542;7869011000;7683766666;7883766666
544;7869013000;7683766666;7883766666
545;7869014000;7683766666;7883766666
546;7869015000;7683766666;7883766666
547;7869016000;7683766666;7883766666
548;7869017000;7683766666;7883766666
549;7910063000;7683766666;7883766666
550;7910068000;7725488888;7925488888
551;7910069000;7725488888;7925488888
552;7910070000;7725488888;7925488888
553;7910071000;7725488888;7925488888
554;7910072000;7725488888;7925488888
555;7910073000;7725488888;7925488888
556;7910074000;7725488888;7925488888
557;7910075000;7725488888;7925488888
558;7910076000;7725488888;7925488888
559;7910077000;7725488888;7925488888
560;7951789000;7725488888;7925488888
561;7951795000;7767144444;7967144444
562;7951796000;7767144444;7967144444
563;7951797000;7767144444;7967144444
564;7951798000;7767144444;7967144444
565;7951799000;7767144444;7967144444
566;7951800000;7767144444;7967144444
567;7951801000;7767144444;7967144444
568;7951802000;7767144444;7967144444
569;7951802000;7767144444;7967144444
570;7951812000;7767144444;7967144444
571;7993430000;7767144444;7967144444
572;7993435000;7808766666;8008766666
573;7993436000;7808766666;8008766666
574;7993437000;7808766666;8008766666
575;7993438000;7808766666;8008766666
576;7993439000;7808766666;8008766666
577;7993440000;7808766666;8008766666
578;7993441000;7808766666;8008766666
579;7993442000;7808766666;8008766666
580;7993443000;7808766666;8008766666
581;7993444000;7808766666;8008766666
584;8076779000;7850477777;8050477777
594;8118501000;7892144444;8092144444
604;8118647000;7892144444;8092144444
605;8118653000;7933777777;8133777777
606;8118655000;7933777777;8133777777
607;8118656000;7933777777;8133777777
608;8118658000;7933777777;8133777777
609;8118659000;7933777777;8133777777
610;8118660000;7933777777;8133777777
611;8118662000;7933777777;8133777777
612;8118663000;7933777777;8133777777
613;8118665000;7933777777;8133777777
614;8118666000;7933777777;8133777777
615;8160061000;7933777777;8133777777
616;8160067000;7975466666;8175466666
617;8160068000;7975466666;8175466666
618;8160069000;7975466666;8175466666
619;8160071000;7975466666;8175466666
620;8160072000;7975466666;8175466666
621;8160073000;7975466666;8175466666
622;8160075000;7975466666;8175466666
623;8160076000;7975466666;8175466666
624;8160077000;7975466666;8175466666
627;8243661000;8017144444;8217144444
638;8285031000;8058744444;8258744444
649;8326764000;8100477777;8300477777
657;8326767000;8100477777;8300477777
658;8326768000;8100477777;8300477777
659;8326875000;8100477777;8300477777
660;8326881000;8142188888;8342188888
661;8326882000;8142188888;8342188888
662;8326883000;8142188888;8342188888
663;8326884000;8142188888;8342188888
664;8326885000;8142188888;8342188888
665;8326886000;8142188888;8342188888
666;8326887000;8142188888;8342188888
667;8326888000;8142188888;8342188888
668;8326889000;8142188888;8342188888
669;8326890000;8142188888;8342188888
670;8368488000;8142188888;8342188888
671;8368494000;8183777777;8383777777
672;8368495000;8183777777;8383777777
673;8368496000;8183777777;8383777777
674;8368497000;8183777777;8383777777
679;8369010000;8183777777;8383777777
681;8410061000;8183777777;8383777777
682;8410066000;8225511111;8425511111
685;8410692000;8225511111;8425511111
687;8410694000;8225511111;8425511111
688;8410696000;8225511111;8425511111
691;8410892000;8225511111;8425511111
692;8451805000;8225511111;8425511111
693;8451810000;8267155555;8467155555
694;8451812000;8267155555;8467155555
695;8451812000;8267155555;8467155555
696;8451814000;8267155555;8467155555
697;8451814000;8267155555;8467155555
698;8451815000;8267155555;8467155555
699;8451816000;8267155555;8467155555
700;8451817000;8267155555;8467155555
701;8451818000;8267155555;8467155555
702;8451819000;8267155555;8467155555
703;8493453000;8267155555;8467155555
704;8493458000;8308777777;8508777777
705;8493460000;8308777777;8508777777
706;8493461000;8308777777;8508777777
707;8493461000;8308777777;8508777777
708;8493463000;8308777777;8508777777
709;8493463000;8308777777;8508777777
710;8493464000;8308777777;8508777777
711;8493465000;8308777777;8508777777
712;8493466000;8308777777;8508777777
713;8493467000;8308777777;8508777777
714;8535060000;8308777777;8508777777
715;8535066000;8350477777;8550477777
716;8535067000;8350477777;8550477777
719;8535721000;8350477777;8550477777
721;8535723000;8350477777;8550477777
722;8535724000;8350477777;8550477777
723;8535726000;8350477777;8550477777
724;8535726000;8350477777;8550477777
725;8576759000;8350477777;8550477777
726;8576765000;8392133333;8592133333
727;8576766000;8392133333;8592133333
728;8576767000;8392133333;8592133333
729;8576768000;8392133333;8592133333
730;8576769000;8392133333;8592133333
731;8576770000;8392133333;8592133333
732;8576771000;8392133333;8592133333
733;8576772000;8392133333;8592133333
734;8576773000;8392133333;8592133333
735;8576774000;8392133333;8592133333
736;8618419000;8392133333;8592133333
740;8619011000;8433788888;8633788888
742;8619013000;8433788888;8633788888
743;8619014000;8433788888;8633788888
744;8619015000;8433788888;8633788888
745;8619017000;8433788888;8633788888
746;8619018000;8433788888;8633788888
747;8660086000;8433788888;8633788888
748;8660092000;8475511111;8675511111
749;8660093000;8475511111;8675511111
750;8660094000;8475511111;8675511111
755;8660822000;8475511111;8675511111
756;8660824000;8475511111;8675511111
757;8660825000;8475511111;8675511111
758;8701777000;8475511111;8675511111
759;8701783000;8517177777;8717177777
760;8701784000;8517177777;8717177777
761;8701785000;8517177777;8717177777
762;8701786000;8517177777;8717177777
763;8701787000;8517177777;8717177777
764;8701788000;8517177777;8717177777
765;8701789000;8517177777;8717177777
766;8701789000;8517177777;8717177777
767;8701790000;8517177777;8717177777
768;8701791000;8517177777;8717177777
769;8743461000;8517177777;8717177777
770;8743467000;8558788888;8758788888
771;8743468000;8558788888;8758788888
777;8743999000;8558788888;8758788888
779;8744002000;8558788888;8758788888
780;8785101000;8558788888;8758788888
781;8785107000;8600511111;8800511111
782;8785108000;8600511111;8800511111
783;8785109000;8600511111;8800511111
784;8785110000;8600511111;8800511111
785;8785111000;8600511111;8800511111
786;8785112000;8600511111;8800511111
787;8785113000;8600511111;8800511111
788;8785114000;8600511111;8800511111
789;8785115000;8600511111;8800511111
790;8785116000;8600511111;8800511111
791;8826784000;8600511111;8800511111
792;8826790000;8642144444;8842144444
793;8826791000;8642144444;8842144444
794;8826792000;8642144444;8842144444
795;8826793000;8642144444;8842144444
796;8826794000;8642144444;8842144444
797;8826795000;8642144444;8842144444
798;8826795000;8642144444;8842144444
799;8826796000;8642144444;8842144444
800;8826797000;8642144444;8842144444
801;8826798000;8642144444;8842144444
802;8868398000;8642144444;8842144444
803;8868404000;8683777777;8883777777
804;8868405000;8683777777;8883777777
805;8868406000;8683777777;8883777777
806;8868407000;8683777777;8883777777
807;8868408000;8683777777;8883777777
808;8868409000;8683777777;8883777777
809;8868410000;8683777777;8883777777
810;8868411000;8683777777;8883777777
811;8868412000;8683777777;8883777777
812;8868413000;8683777777;8883777777
813;8910095000;8683777777;8883777777
814;8910100000;8725511111;8925511111
815;8910102000;8725511111;8925511111
816;8910103000;8725511111;8925511111
817;8910103000;8725511111;8925511111
818;8910104000;8725511111;8925511111
819;8910105000;8725511111;8925511111
820;8910106000;8725511111;8925511111
821;8910107000;8725511111;8925511111
822;8910108000;8725511111;8925511111
823;8910109000;8725511111;8925511111
827;8993457000;8767155555;8967155555
835;8993539000;8767155555;8967155555
836;8993543000;8808777777;9008777777
839;8994019000;8808777777;9008777777
841;8994022000;8808777777;9008777777
842;8994023000;8808777777;9008777777
843;8994024000;8808777777;9008777777
844;8994025000;8808777777;9008777777
845;8994025000;8808777777;9008777777
846;9035050000;8808777777;9008777777
847;9035056000;8850500000;9050500000
848;9035057000;8850500000;9050500000
849;9035058000;8850500000;9050500000
850;9035059000;8850500000;9050500000
851;9035060000;8850500000;9050500000
854;9035817000;8850500000;9050500000
856;9035819000;8850500000;9050500000
857;9076809000;8850500000;9050500000
864;9077338000;8892155555;9092155555
865;9077340000;8892155555;9092155555
866;9077341000;8892155555;9092155555
867;9077342000;8892155555;9092155555
868;9118478000;8892155555;9092155555
869;9118484000;8933800000;9133800000
870;9118485000;8933800000;9133800000
873;9119009000;8933800000;9133800000
877;9119207000;8933800000;9133800000
878;9119209000;8933800000;9133800000
879;9160073000;8933800000;9133800000
880;9160079000;8975500000;9175500000
881;9160080000;8975500000;9175500000
882;9160081000;8975500000;9175500000
883;9160082000;8975500000;9175500000
886;9160823000;8975500000;9175500000
888;9160826000;8975500000;9175500000
889;9160827000;8975500000;9175500000
890;9201774000;8975500000;9175500000
891;9201780000;9017144444;9217144444
892;9201781000;9017144444;9217144444
893;9201782000;9017144444;9217144444
894;9201783000;9017144444;9217144444
895;9201784000;9017144444;9217144444
896;9201785000;9017144444;9217144444
897;9201786000;9017144444;9217144444
898;9201795000;9017144444;9217144444
899;9201796000;9017144444;9217144444
902;9285251000;9058755555;9258755555
912;9285360000;9058755555;9258755555
913;9285366000;9100522222;9300522222
914;9285367000;9100522222;9300522222
915;9285368000;9100522222;9300522222
916;9285369000;9100522222;9300522222
917;9285370000;9100522222;9300522222
918;9285371000;9100522222;9300522222
919;9285372000;9100522222;9300522222
920;9285373000;9100522222;9300522222
921;9285374000;9100522222;9300522222
922;9285375000;9100522222;9300522222
923;9326842000;9100522222;9300522222
927;9327332000;9142144444;9342144444
928;9327334000;9142144444;9342144444
929;9327335000;9142144444;9342144444
930;9327336000;9142144444;9342144444
931;9327337000;9142144444;9342144444
932;9327338000;9142144444;9342144444
933;9327349000;9142144444;9342144444
934;9368426000;9142144444;9342144444
935;9368432000;9183777777;9383777777
936;9368433000;9183777777;9383777777
937;9368434000;9183777777;9383777777
938;9368435000;9183777777;9383777777
939;9368436000;9183777777;9383777777
940;9368437000;9183777777;9383777777
941;9368438000;9183777777;9383777777
942;9368439000;9183777777;9383777777
943;9368440000;9183777777;9383777777
944;9368440000;9183777777;9383777777
945;9410028000;9183777777;9383777777
947;9410694000;9225511111;9425511111
950;9410696000;9225511111;9425511111
951;9410697000;9225511111;9425511111
952;9410698000;9225511111;9425511111
953;9410699000;9225511111;9425511111
954;9410700000;9225511111;9425511111
955;9410701000;9225511111;9425511111
956;9451806000;9225511111;9425511111
957;9451812000;9267155555;9467155555
958;9451813000;9267155555;9467155555
959;9451814000;9267155555;9467155555
960;9451815000;9267155555;9467155555
961;9451816000;9267155555;9467155555
962;9451817000;9267155555;9467155555
963;9451818000;9267155555;9467155555
964;9451818000;9267155555;9467155555
965;9451819000;9267155555;9467155555
966;9451820000;9267155555;9467155555
967;9493458000;9267155555;9467155555
969;9494009000;9308788888;9508788888
972;9494011000;9308788888;9508788888
973;9494012000;9308788888;9508788888
974;9494013000;9308788888;9508788888
975;9494014000;9308788888;9508788888
976;9494015000;9308788888;9508788888
977;9494016000;9308788888;9508788888
978;9535134000;9308788888;9508788888
979;9535150000;9350511111;9550511111
980;9535152000;9350511111;9550511111
981;9535152000;9350511111;9550511111
982;9535153000;9350511111;9550511111
983;9535154000;9350511111;9550511111
984;9535165000;9350511111;9550511111
985;9535166000;9350511111;9550511111
986;9535167000;9350511111;9550511111
987;9535168000;9350511111;9550511111
988;9535169000;9350511111;9550511111
989;9576796000;9350511111;9550511111
992;9577337000;9392144444;9592144444
993;9577340000;9392144444;9592144444
994;9577340000;9392144444;9592144444
995;9577341000;9392144444;9592144444
996;9577342000;9392144444;9592144444
997;9577343000;9392144444;9592144444
998;9577344000;9392144444;9592144444
999;9577355000;9392144444;9592144444
1002;9660071000;9433777777;9633777777
1010;9660075000;9433777777;9633777777
1011;9660181000;9433777777;9633777777
1012;9660187000;9475511111;9675511111
1013;9660188000;9475511111;9675511111
1014;9660189000;9475511111;9675511111
1015;9660190000;9475511111;9675511111
1016;9660191000;9475511111;9675511111
1017;9660192000;9475511111;9675511111
1018;9660193000;9475511111;9675511111
1019;9660194000;9475511111;9675511111
1020;9660195000;9475511111;9675511111
1021;9660196000;9475511111;9675511111
1022;9701795000;9475511111;9675511111
1026;9702338000;9517166666;9717166666
1027;9702340000;9517166666;9717166666
1028;9702341000;9517166666;9717166666
1029;9702342000;9517166666;9717166666
1030;9702343000;9517166666;9717166666
1033;9743489000;9517166666;9717166666
1034;9743495000;9558777777;9758777777
1035;9743496000;9558777777;9758777777
1036;9743497000;9558777777;9758777777
1037;9743498000;9558777777;9758777777
1038;9743499000;9558777777;9758777777
1039;9743499000;9558777777;9758777777
1040;9743500000;9558777777;9758777777
1041;9743501000;9558777777;9758777777
1042;9743502000;9558777777;9758777777
1043;9743503000;9558777777;9758777777
1044;9785078000;9558777777;9758777777
1046;9785710000;9600500000;9800500000
1048;9785712000;9600500000;9800500000
1049;9785713000;9600500000;9800500000
1050;9785714000;9600500000;9800500000
1051;9785715000;9600500000;9800500000
1052;9785716000;9600500000;9800500000
1053;9785717000;9600500000;9800500000
1056;9868643000;9642133333;9842133333
1067;9910086000;9683788888;9883788888
1078;9951852000;9725533333;9925533333
1089;9993381000;9767133333;9967133333
1100;10035052000;9808766666;10008766666
1111;10076780000;9850488888;10050488888
1121;10076888000;9850488888;10050488888
1122;10076894000;9892144444;10092144444
1123;10076895000;9892144444;10092144444
1124;10076896000;9892144444;10092144444
1125;10076897000;9892144444;10092144444
1126;10076898000;9892144444;10092144444
1127;10076899000;9892144444;10092144444
1128;10076900000;9892144444;10092144444
1129;10076901000;9892144444;10092144444
1130;10076902000;9892144444;10092144444
1131;10076902000;9892144444;10092144444
1132;10118428000;9892144444;10092144444
1133;10118434000;9933777777;10133777777
1134;10118435000;9933777777;10133777777
1135;10118436000;9933777777;10133777777
1136;10118437000;9933777777;10133777777
1137;10118438000;9933777777;10133777777
1138;10118439000;9933777777;10133777777
1139;10118440000;9933777777;10133777777
1142;10119006000;9933777777;10133777777
1144;10201983000;9975488888;10175488888
1154;10202099000;9975488888;10175488888
1155;10202105000;10017144444;10217144444
1156;10202121000;10017144444;10217144444
1157;10202122000;10017144444;10217144444
1158;10202123000;10017144444;10217144444
1159;10202124000;10017144444;10217144444
1160;10202125000;10017144444;10217144444
1161;10202126000;10017144444;10217144444
1162;10202127000;10017144444;10217144444
1163;10202128000;10017144444;10217144444
1164;10202129000;10017144444;10217144444
1165;10243426000;10017144444;10217144444
1166;10243432000;10058744444;10258744444
1167;10243433000;10058744444;10258744444
1171;10244039000;10058744444;10258744444
1172;10244041000;10058744444;10258744444
1173;10244042000;10058744444;10258744444
1174;10244043000;10058744444;10258744444
1175;10244044000;10058744444;10258744444
1176;10285041000;10058744444;10258744444
1177;10285047000;10100477777;10300477777
1178;10285048000;10100477777;10300477777
1179;10285049000;10100477777;10300477777
1180;10285050000;10100477777;10300477777
1181;10285051000;10100477777;10300477777
1182;10285052000;10100477777;10300477777
1183;10285053000;10100477777;10300477777
1184;10285054000;10100477777;10300477777
1185;10285055000;10100477777;10300477777
1186;10285056000;10100477777;10300477777
1187;10326741000;10100477777;10300477777
1190;10327339000;10142133333;10342133333
1191;10327340000;10142133333;10342133333
1192;10327341000;10142133333;10342133333
1193;10327342000;10142133333;10342133333
1194;10327343000;10142133333;10342133333
1195;10327345000;10142133333;10342133333
1196;10327345000;10142133333;10342133333
1197;10327356000;10142133333;10342133333
1198;10368440000;10142133333;10342133333
1199;10368446000;10183766666;10383766666
1200;10368447000;10183766666;10383766666
1201;10368448000;10183766666;10383766666
1202;10368449000;10183766666;10383766666
1206;10369038000;10183766666;10383766666
1207;10369040000;10183766666;10383766666
1208;10369042000;10183766666;10383766666
1209;10410063000;10183766666;10383766666
1210;10410069000;10225500000;10425500000
1211;10410070000;10225500000;10425500000
1212;10410071000;10225500000;10425500000
1213;10410072000;10225500000;10425500000
1214;10410073000;10225500000;10425500000
1215;10410074000;10225500000;10425500000
1216;10410075000;10225500000;10425500000
1217;10410076000;10225500000;10425500000
1218;10410077000;10225500000;10425500000
1219;10410078000;10225500000;10425500000
1220;10451784000;10225500000;10425500000
1227;10452784000;10267144444;10467144444
1228;10452786000;10267144444;10467144444
1229;10452797000;10267144444;10467144444
1230;10452798000;10267144444;10467144444
1231;10493424000;10267144444;10467144444
1232;10493430000;10308777777;10508777777
1233;10493431000;10308777777;10508777777
1234;10493443000;10308777777;10508777777
1235;10493444000;10308777777;10508777777
1236;10493445000;10308777777;10508777777
1237;10493446000;10308777777;10508777777
1238;10493447000;10308777777;10508777777
1239;10493447000;10308777777;10508777777
1240;10493448000;10308777777;10508777777
1241;10493449000;10308777777;10508777777
1242;10535060000;10308777777;10508777777
1245;10535719000;10350477777;10550477777
1246;10535721000;10350477777;10550477777
1247;10535722000;10350477777;10550477777
1250;10535917000;10350477777;10550477777
1251;10535929000;10350477777;10550477777
1252;10535930000;10350477777;10550477777
1253;10576775000;10350477777;10550477777
1254;10576790000;10392133333;10592133333
1255;10576791000;10392133333;10592133333
1256;10576792000;10392133333;10592133333
1257;10576793000;10392133333;10592133333
1258;10576794000;10392133333;10592133333
1259;10576795000;10392133333;10592133333
1260;10576796000;10392133333;10592133333
1261;10576797000;10392133333;10592133333
1262;10576810000;10392133333;10592133333
1263;10576811000;10392133333;10592133333
1264;10618418000;10392133333;10592133333
1267;10619030000;10433766666;10633766666
1268;10619041000;10433766666;10633766666
1269;10619042000;10433766666;10633766666
1270;10619043000;10433766666;10633766666
1271;10619044000;10433766666;10633766666
1272;10619045000;10433766666;10633766666
1273;10619046000;10433766666;10633766666
1274;10619047000;10433766666;10633766666
1275;10660066000;10433766666;10633766666
1276;10660072000;10475500000;10675500000
1277;10660073000;10475500000;10675500000
1278;10660074000;10475500000;10675500000
1279;10660075000;10475500000;10675500000
1280;10660076000;10475500000;10675500000
1281;10660077000;10475500000;10675500000
1282;10660078000;10475500000;10675500000
1283;10660078000;10475500000;10675500000
1284;10660079000;10475500000;10675500000
1285;10660080000;10475500000;10675500000
1286;10701785000;10475500000;10675500000
1287;10701791000;10517155555;10717155555
1288;10701792000;10517155555;10717155555
1289;10701793000;10517155555;10717155555
1290;10701794000;10517155555;10717155555
1291;10701795000;10517155555;10717155555
1292;10701796000;10517155555;10717155555
1295;10702508000;10517155555;10717155555
1297;10743402000;10517155555;10717155555
1298;10743408000;10558777777;10758777777
1299;10743409000;10558777777;10758777777
1300;10743410000;10558777777;10758777777
1301;10743411000;10558777777;10758777777
1302;10743412000;10558777777;10758777777
1303;10743413000;10558777777;10758777777
1304;10743414000;10558777777;10758777777
1305;10743415000;10558777777;10758777777
1306;10743416000;10558777777;10758777777
1307;10743417000;10558777777;10758777777
1308;10785029000;10558777777;10758777777
1311;10785722000;10600511111;10800511111
1312;10785724000;10600511111;10800511111
1313;10785725000;10600511111;10800511111
1314;10785726000;10600511111;10800511111
1315;10785727000;10600511111;10800511111
1316;10785737000;10600511111;10800511111
1317;10785738000;10600511111;10800511111
1318;10785739000;10600511111;10800511111
1319;10826805000;10600511111;10800511111
1320;10826811000;10642155555;10842155555
1325;10827479000;10642155555;10842155555
1326;10827482000;10642155555;10842155555
1327;10827483000;10642155555;10842155555
1328;10827484000;10642155555;10842155555
1329;10827485000;10642155555;10842155555
1330;10868397000;10642155555;10842155555
1331;10868402000;10683777777;10883777777
1332;10868404000;10683777777;10883777777
1333;10868405000;10683777777;10883777777
1334;10868406000;10683777777;10883777777
1335;10868407000;10683777777;10883777777
1336;10868408000;10683777777;10883777777
1337;10868409000;10683777777;10883777777
1338;10868410000;10683777777;10883777777
1339;10868411000;10683777777;10883777777
1340;10868412000;10683777777;10883777777
1341;10910074000;10683777777;10883777777
1344;10910719000;10725500000;10925500000
1345;10910722000;10725500000;10925500000
1346;10910723000;10725500000;10925500000
1347;10910724000;10725500000;10925500000
1348;10910725000;10725500000;10925500000
1351;10910916000;10725500000;10925500000
1352;10951795000;10725500000;10925500000
1353;10951808000;10767133333;10967133333
1354;10951809000;10767133333;10967133333
1355;10951810000;10767133333;10967133333
1356;10951811000;10767133333;10967133333
1357;10951812000;10767133333;10967133333
1358;10951813000;10767133333;10967133333
1359;10951814000;10767133333;10967133333
1360;10951815000;10767133333;10967133333
1361;10951816000;10767133333;10967133333
1362;10951816000;10767133333;10967133333
1363;10993394000;10767133333;10967133333
1365;10994032000;10808755555;11008755555
1367;10994034000;10808755555;11008755555
1368;10994035000;10808755555;11008755555
1369;10994036000;10808755555;11008755555
1370;10994037000;10808755555;11008755555
1371;10994038000;10808755555;11008755555
1372;10994039000;10808755555;11008755555
1373;10994040000;10808755555;11008755555
1374;11035048000;10808755555;11008755555
1375;11035054000;10850511111;11050511111
1376;11035055000;10850511111;11050511111
1381;11035726000;10850511111;11050511111
1382;11035728000;10850511111;11050511111
1383;11035729000;10850511111;11050511111
1384;11035730000;10850511111;11050511111
1385;11076804000;10850511111;11050511111
1386;11076810000;10892155555;11092155555
1387;11076811000;10892155555;11092155555
1388;11076812000;10892155555;11092155555
1389;11076813000;10892155555;11092155555
1390;11076814000;10892155555;11092155555
1391;11076815000;10892155555;11092155555
1392;11076816000;10892155555;11092155555
1393;11076817000;10892155555;11092155555
1394;11076818000;10892155555;11092155555
1395;11076818000;10892155555;11092155555
1396;11118452000;10892155555;11092155555
1401;11119063000;10933800000;11133800000
1402;11119065000;10933800000;11133800000
1403;11119066000;10933800000;11133800000
1404;11119067000;10933800000;11133800000
1405;11119068000;10933800000;11133800000
1406;11119069000;10933800000;11133800000
1407;11160093000;10933800000;11133800000
1408;11160098000;10975488888;11175488888
1409;11160099000;10975488888;11175488888
1410;11160100000;10975488888;11175488888
1411;11160101000;10975488888;11175488888
1412;11160102000;10975488888;11175488888
1413;11160103000;10975488888;11175488888
1414;11160104000;10975488888;11175488888
1415;11160105000;10975488888;11175488888
1416;11160106000;10975488888;11175488888
1417;11160107000;10975488888;11175488888
1418;11201644000;10975488888;11175488888
1420;11202656000;11017144444;11217144444
1422;11202658000;11017144444;11217144444
1423;11202660000;11017144444;11217144444
1424;11202661000;11017144444;11217144444
1425;11202662000;11017144444;11217144444
1426;11202663000;11017144444;11217144444
1427;11202664000;11017144444;11217144444
1428;11202665000;11017144444;11217144444
1429;11243436000;11017144444;11217144444
1430;11243441000;11058744444;11258744444
1431;11243443000;11058744444;11258744444
1432;11243443000;11058744444;11258744444
1433;11243445000;11058744444;11258744444
1434;11243445000;11058744444;11258744444
1435;11243446000;11058744444;11258744444
1436;11243447000;11058744444;11258744444
1437;11243448000;11058744444;11258744444
1442;11326757000;11100477777;11300477777
1452;11368397000;11142122222;11342122222
1463;11410035000;11183788888;11383788888
1474;11451772000;11225477777;11425477777
1485;11493421000;11267122222;11467122222
1495;11493536000;11267122222;11467122222
1496;11493542000;11308755555;11508755555
1497;11493543000;11308755555;11508755555
1498;11493544000;11308755555;11508755555
1499;11493545000;11308755555;11508755555
1500;11493546000;11308755555;11508755555
1501;11493547000;11308755555;11508755555
1502;11493548000;11308755555;11508755555
1503;11493549000;11308755555;11508755555
1504;11493550000;11308755555;11508755555
1505;11493551000;11308755555;11508755555
1506;11535003000;11308755555;11508755555
1509;11535708000;11350488888;11550488888
1511;11535710000;11350488888;11550488888
1512;11535711000;11350488888;11550488888
1513;11535712000;11350488888;11550488888
1514;11535713000;11350488888;11550488888
1515;11535714000;11350488888;11550488888
1516;11535715000;11350488888;11550488888
1517;11576767000;11350488888;11550488888
1518;11576773000;11392100000;11592100000
1519;11576774000;11392100000;11592100000
1520;11576782000;11392100000;11592100000
1521;11576783000;11392100000;11592100000
1522;11576784000;11392100000;11592100000
1523;11576784000;11392100000;11592100000
1524;11576785000;11392100000;11592100000
1525;11576786000;11392100000;11592100000
1526;11576787000;11392100000;11592100000
1527;11576788000;11392100000;11592100000
1528;11618397000;11392100000;11592100000
1530;11618958000;11433744444;11633744444
1531;11618960000;11433744444;11633744444
1532;11618961000;11433744444;11633744444
1533;11618962000;11433744444;11633744444
1534;11618963000;11433744444;11633744444
1535;11618964000;11433744444;11633744444
1536;11618965000;11433744444;11633744444
1537;11618975000;11433744444;11633744444
1538;11618976000;11433744444;11633744444
1539;11659915000;11433744444;11633744444
1540;11659920000;11475477777;11675477777
1541;11659921000;11475477777;11675477777
1542;11659922000;11475477777;11675477777
1543;11659924000;11475477777;11675477777
1544;11659924000;11475477777;11675477777
1545;11659925000;11475477777;11675477777
1546;11659926000;11475477777;11675477777
1547;11659927000;11475477777;11675477777
1548;11659928000;11475477777;11675477777
1549;11659929000;11475477777;11675477777
1550;11701714000;11475477777;11675477777
1551;11701720000;11517122222;11717122222
1552;11701721000;11517122222;11717122222
1553;11701722000;11517122222;11717122222
1554;11701722000;11517122222;11717122222
1555;11701724000;11517122222;11717122222
1556;11701724000;11517122222;11717122222
1557;11701725000;11517122222;11717122222
1558;11701726000;11517122222;11717122222
1559;11701727000;11517122222;11717122222
1560;11701728000;11517122222;11717122222
1561;11743356000;11517122222;11717122222
1562;11743362000;11558744444;11758744444
1563;11743363000;11558744444;11758744444
1564;11743364000;11558744444;11758744444
1565;11743365000;11558744444;11758744444
1566;11743366000;11558744444;11758744444
1567;11743367000;11558744444;11758744444
1568;11743368000;11558744444;11758744444
1569;11743369000;11558744444;11758744444
1570;11743370000;11558744444;11758744444
1571;11743371000;11558744444;11758744444
1572;11784949000;11558744444;11758744444
1573;11784955000;11600522222;11800522222
1576;11785685000;11600522222;11800522222
1578;11785687000;11600522222;11800522222
1579;11785688000;11600522222;11800522222
1580;11785689000;11600522222;11800522222
1581;11785690000;11600522222;11800522222
1582;11785691000;11600522222;11800522222
1583;11826756000;11600522222;11800522222
1586;11827332000;11642133333;11842133333
1589;11827337000;11642133333;11842133333
1590;11827338000;11642133333;11842133333
1591;11827339000;11642133333;11842133333
1592;11827340000;11642133333;11842133333
1593;11827341000;11642133333;11842133333
1594;11868388000;11642133333;11842133333
1595;11868394000;11683766666;11883766666
1596;11868395000;11683766666;11883766666
1597;11868396000;11683766666;11883766666
1598;11868397000;11683766666;11883766666
1599;11868398000;11683766666;11883766666
1600;11868399000;11683766666;11883766666
1601;11868400000;11683766666;11883766666
1602;11868401000;11683766666;11883766666
1603;11868402000;11683766666;11883766666
1604;11868403000;11683766666;11883766666
1605;11909993000;11683766666;11883766666
1606;11909999000;11725500000;11925500000
1607;11910000000;11725500000;11925500000
1608;11910001000;11725500000;11925500000
1609;11910002000;11725500000;11925500000
1610;11910003000;11725500000;11925500000
1611;11910004000;11725500000;11925500000
1612;11910005000;11725500000;11925500000
1613;11910006000;11725500000;11925500000
1614;11910007000;11725500000;11925500000
1615;11910008000;11725500000;11925500000
1616;11951734000;11725500000;11925500000
1617;11951740000;11767155555;11967155555
1618;11951741000;11767155555;11967155555
1619;11951742000;11767155555;11967155555
1620;11951743000;11767155555;11967155555
1621;11951744000;11767155555;11967155555
1622;11951745000;11767155555;11967155555
1623;11951746000;11767155555;11967155555
1624;11951746000;11767155555;11967155555
1625;11951747000;11767155555;11967155555
1626;11951748000;11767155555;11967155555
1627;11993381000;11767155555;11967155555
1628;11993396000;11808755555;12008755555
1629;11993397000;11808755555;12008755555
1630;11993398000;11808755555;12008755555
1631;11993399000;11808755555;12008755555
1632;11993400000;11808755555;12008755555
1633;11993401000;11808755555;12008755555
1634;11993402000;11808755555;12008755555
1635;11993403000;11808755555;12008755555
1636;11993404000;11808755555;12008755555
1637;11993405000;11808755555;12008755555
1638;12034981000;11808755555;12008755555
1639;12034988000;11850477777;12050477777
1640;12034989000;11850477777;12050477777
1641;12034990000;11850477777;12050477777
1642;12034991000;11850477777;12050477777
1643;12034992000;11850477777;12050477777
1644;12034993000;11850477777;12050477777
1645;12034994000;11850477777;12050477777
1648;12035679000;11850477777;12050477777
1649;12076578000;11850477777;12050477777
1650;12076585000;11892133333;12092133333
1651;12076586000;11892133333;12092133333
1652;12076587000;11892133333;12092133333
1653;12076588000;11892133333;12092133333
1654;12076589000;11892133333;12092133333
1655;12076590000;11892133333;12092133333
1656;12076591000;11892133333;12092133333
1657;12076592000;11892133333;12092133333
1658;12076593000;11892133333;12092133333
1659;12076594000;11892133333;12092133333
1663;12159980000;11933777777;12133777777
1672;12201756000;11975488888;12175488888
1683;12243358000;12017122222;12217122222
1694;12285003000;12058766666;12258766666
1705;12326708000;12100477777;12300477777
1716;12368406000;12142177777;12342177777
1726;12368472000;12142177777;12342177777
1727;12368476000;12183766666;12383766666
1728;12368487000;12183766666;12383766666
1729;12368488000;12183766666;12383766666
1730;12368489000;12183766666;12383766666
1731;12368490000;12183766666;12383766666
1732;12368491000;12183766666;12383766666
1733;12368492000;12183766666;12383766666
1734;12368492000;12183766666;12383766666
1735;12368493000;12183766666;12383766666
1736;12368495000;12183766666;12383766666
1737;12409971000;12183766666;12383766666
1740;12410647000;12225500000;12425500000
1742;12410649000;12225500000;12425500000
1743;12410650000;12225500000;12425500000
1744;12410651000;12225500000;12425500000
1745;12410652000;12225500000;12425500000
1746;12410653000;12225500000;12425500000
1747;12410654000;12225500000;12425500000
1748;12451731000;12225500000;12425500000
1752;12452359000;12267166666;12467166666
1753;12452362000;12267166666;12467166666
1754;12452363000;12267166666;12467166666
1755;12452364000;12267166666;12467166666
1756;12452365000;12267166666;12467166666
1757;12452366000;12267166666;12467166666
1758;12452367000;12267166666;12467166666
1759;12493459000;12267166666;12467166666
1760;12493465000;12308766666;12508766666
1761;12493466000;12308766666;12508766666
1762;12493467000;12308766666;12508766666
1763;12493468000;12308766666;12508766666
1764;12493469000;12308766666;12508766666
1765;12493470000;12308766666;12508766666
1766;12493471000;12308766666;12508766666
1767;12493472000;12308766666;12508766666
1768;12493473000;12308766666;12508766666
1769;12493474000;12308766666;12508766666
1770;12535062000;12308766666;12508766666
1771;12535067000;12350466666;12550466666
1772;12535068000;12350466666;12550466666
1773;12535069000;12350466666;12550466666
1774;12535070000;12350466666;12550466666
1775;12535071000;12350466666;12550466666
1776;12535072000;12350466666;12550466666
1777;12535073000;12350466666;12550466666
1778;12535074000;12350466666;12550466666
1779;12535075000;12350466666;12550466666
1780;12535076000;12350466666;12550466666
1781;12576660000;12350466666;12550466666
1782;12576666000;12392144444;12592144444
1783;12576667000;12392144444;12592144444
1784;12576668000;12392144444;12592144444
1785;12576669000;12392144444;12592144444
1786;12576670000;12392144444;12592144444
1787;12576671000;12392144444;12592144444
1788;12576671000;12392144444;12592144444
1789;12576672000;12392144444;12592144444
1790;12576673000;12392144444;12592144444
1791;12576674000;12392144444;12592144444
1792;12618420000;12392144444;12592144444
1793;12618426000;12433766666;12633766666
1794;12618427000;12433766666;12633766666
1795;12618428000;12433766666;12633766666
1796;12618437000;12433766666;12633766666
1800;12618997000;12433766666;12633766666
1801;12618999000;12433766666;12633766666
1802;12619000000;12433766666;12633766666
1803;12660037000;12433766666;12633766666
1804;12660043000;12475544444;12675544444
1805;12660044000;12475544444;12675544444
1806;12660045000;12475544444;12675544444
1807;12660046000;12475544444;12675544444
1808;12660047000;12475544444;12675544444
1809;12660048000;12475544444;12675544444
1810;12660049000;12475544444;12675544444
1813;12660806000;12475544444;12675544444
1814;12701810000;12475544444;12675544444
1815;12701816000;12517133333;12717133333
1818;12702380000;12517133333;12717133333
1820;12702383000;12517133333;12717133333
1821;12702384000;12517133333;12717133333
1822;12702385000;12517133333;12717133333
1823;12702386000;12517133333;12717133333
1824;12702392000;12517133333;12717133333
1826;12785281000;12558777777;12758777777
1837;12826819000;12600522222;12800522222
1847;12826943000;12600522222;12800522222
1848;12826949000;12642122222;12842122222
1849;12826950000;12642122222;12842122222
1850;12826951000;12642122222;12842122222
1851;12826952000;12642122222;12842122222
1852;12826953000;12642122222;12842122222
1853;12826954000;12642122222;12842122222
1854;12826955000;12642122222;12842122222
1855;12826956000;12642122222;12842122222
1856;12826957000;12642122222;12842122222
1857;12826958000;12642122222;12842122222
1858;12868368000;12642122222;12842122222
1859;12868375000;12683777777;12883777777
1862;12869108000;12683777777;12883777777
1863;12869110000;12683777777;12883777777
1864;12869121000;12683777777;12883777777
1865;12869122000;12683777777;12883777777
1866;12869123000;12683777777;12883777777
1867;12869124000;12683777777;12883777777
1868;12869125000;12683777777;12883777777
1869;12910011000;12683777777;12883777777
1870;12910017000;12725488888;12925488888
1871;12910018000;12725488888;12925488888
1872;12910019000;12725488888;12925488888
1873;12910020000;12725488888;12925488888
1874;12910021000;12725488888;12925488888
1875;12910022000;12725488888;12925488888
1876;12910023000;12725488888;12925488888
1877;12910024000;12725488888;12925488888
1878;12910025000;12725488888;12925488888
1879;12910026000;12725488888;12925488888
1880;12951785000;12725488888;12925488888
1883;12952367000;12767122222;12967122222
1884;12952369000;12767122222;12967122222
1887;12952562000;12767122222;12967122222
1888;12952564000;12767122222;12967122222
1889;12952565000;12767122222;12967122222
1890;12952566000;12767122222;12967122222
1891;12993414000;12767122222;12967122222
1892;12993420000;12808733333;13008733333
1893;12993421000;12808733333;13008733333
1894;12993422000;12808733333;13008733333
1895;12993423000;12808733333;13008733333
1896;12993424000;12808733333;13008733333
1897;12993425000;12808733333;13008733333
1898;12993426000;12808733333;13008733333
1899;12993426000;12808733333;13008733333
1900;12993427000;12808733333;13008733333
1901;12993428000;12808733333;13008733333
1902;13035029000;12808733333;13008733333
1904;13035787000;12850455555;13050455555
1905;13035799000;12850455555;13050455555
1906;13035800000;12850455555;13050455555
1907;13035800000;12850455555;13050455555
1908;13035801000;12850455555;13050455555
1909;13035802000;12850455555;13050455555
1912;13036024000;12850455555;13050455555
1914;13118422000;12892133333;13092133333
1925;13160064000;12933766666;13133766666
1936;13201750000;12975466666;13175466666
1947;13243373000;13017088888;13217088888
1958;13285006000;13058733333;13258733333
1967;13285010000;13058733333;13258733333
1968;13285105000;13058733333;13258733333
1969;13285109000;13100466666;13300466666
1970;13285110000;13100466666;13300466666
1971;13285111000;13100466666;13300466666
1972;13285121000;13100466666;13300466666
1973;13285122000;13100466666;13300466666
1974;13285123000;13100466666;13300466666
1975;13285124000;13100466666;13300466666
1976;13285125000;13100466666;13300466666
1977;13285126000;13100466666;13300466666
1978;13285127000;13100466666;13300466666
1979;13326741000;13100466666;13300466666
1980;13326747000;13142100000;13342100000
1981;13326749000;13142100000;13342100000
1982;13326757000;13142100000;13342100000
1983;13326758000;13142100000;13342100000
1984;13326759000;13142100000;13342100000
1985;13326760000;13142100000;13342100000
1986;13326761000;13142100000;13342100000
1989;13327465000;13142100000;13342100000
1995;13410074000;13183766666;13383766666
2002;13451774000;13225466666;13425466666
2013;13493418000;13267155555;13467155555
2024;13535091000;13308800000;13508800000
2035;13576762000;13350477777;13550477777
2046;13618351000;13392066666;13592066666
2056;13618425000;13392066666;13592066666
2057;13618428000;13433766666;13633766666
2058;13618429000;13433766666;13633766666
2059;13618430000;13433766666;13633766666
2060;13618431000;13433766666;13633766666
2061;13618432000;13433766666;13633766666
2062;13618433000;13433766666;13633766666
2063;13618434000;13433766666;13633766666
2064;13618435000;13433766666;13633766666
2065;13618436000;13433766666;13633766666
2066;13618437000;13433766666;13633766666
2067;13660064000;13433766666;13633766666
2068;13660070000;13475500000;13675500000
2069;13660071000;13475500000;13675500000
2070;13660072000;13475500000;13675500000
2074;13660663000;13475500000;13675500000
2075;13660666000;13475500000;13675500000
2076;13660667000;13475500000;13675500000
2077;13660668000;13475500000;13675500000
2078;13701779000;13475500000;13675500000
2079;13701795000;13517133333;13717133333
2080;13701796000;13517133333;13717133333
2081;13701797000;13517133333;13717133333
2082;13701798000;13517133333;13717133333
2083;13701799000;13517133333;13717133333
2084;13701799000;13517133333;13717133333
2085;13701800000;13517133333;13717133333
2086;13701801000;13517133333;13717133333
2087;13701802000;13517133333;13717133333
2088;13701803000;13517133333;13717133333
2089;13743414000;13517133333;13717133333
2091;13744114000;13558722222;13758722222
2092;13744125000;13558722222;13758722222
2093;13744126000;13558722222;13758722222
2094;13744127000;13558722222;13758722222
2095;13744128000;13558722222;13758722222
2096;13744129000;13558722222;13758722222
2097;13744130000;13558722222;13758722222
2098;13744131000;13558722222;13758722222
2099;13744132000;13558722222;13758722222
2100;13785013000;13558722222;13758722222
2101;13785019000;13600466666;13800466666
2102;13785020000;13600466666;13800466666
2103;13785021000;13600466666;13800466666
2104;13785022000;13600466666;13800466666
2105;13785023000;13600466666;13800466666
2106;13785024000;13600466666;13800466666
2107;13785025000;13600466666;13800466666
2108;13785026000;13600466666;13800466666
2109;13785026000;13600466666;13800466666
2110;13785027000;13600466666;13800466666
2111;13826743000;13600466666;13800466666
2112;13826750000;13642133333;13842133333
2113;13826751000;13642133333;13842133333
2117;13827320000;13642133333;13842133333
2118;13827323000;13642133333;13842133333
2119;13827323000;13642133333;13842133333
2120;13827325000;13642133333;13842133333
2121;13827326000;13642133333;13842133333
2122;13868405000;13642133333;13842133333
2123;13868411000;13683766666;13883766666
2124;13868412000;13683766666;13883766666
2125;13868413000;13683766666;13883766666
2126;13868414000;13683766666;13883766666
2129;13869118000;13683766666;13883766666
2130;13869120000;13683766666;13883766666
2131;13869121000;13683766666;13883766666
2132;13869122000;13683766666;13883766666
2133;13910058000;13683766666;13883766666
2134;13910073000;13725522222;13925522222
2135;13910074000;13725522222;13925522222
2136;13910075000;13725522222;13925522222
2137;13910076000;13725522222;13925522222
2138;13910077000;13725522222;13925522222
2139;13910078000;13725522222;13925522222
2140;13910079000;13725522222;13925522222
2141;13910079000;13725522222;13925522222
2142;13910080000;13725522222;13925522222
2143;13910081000;13725522222;13925522222
2144;13951653000;13725522222;13925522222
2145;13951659000;13767144444;13967144444
2146;13951660000;13767144444;13967144444
2147;13951661000;13767144444;13967144444
2148;13951662000;13767144444;13967144444
2149;13951663000;13767144444;13967144444
2150;13951664000;13767144444;13967144444
2151;13951665000;13767144444;13967144444
2152;13951666000;13767144444;13967144444
2153;13951674000;13767144444;13967144444
2154;13951675000;13767144444;13967144444
2155;13993426000;13767144444;13967144444
2156;13993441000;13808788888;14008788888
2157;13993442000;13808788888;14008788888
2158;13993443000;13808788888;14008788888
2159;13993444000;13808788888;14008788888
2160;13993445000;13808788888;14008788888
2161;13993446000;13808788888;14008788888
2165;13994169000;13808788888;14008788888
2168;14076825000;13850500000;14050500000
2175;14076828000;13850500000;14050500000
2176;14076829000;13850500000;14050500000
2177;14076927000;13850500000;14050500000
2178;14076942000;13892155555;14092155555
2184;14077419000;13892155555;14092155555
2185;14077421000;13892155555;14092155555
2186;14077426000;13892155555;14092155555
2188;14118423000;13892155555;14092155555
2189;14118429000;13933844444;14133844444
2192;14119110000;13933844444;14133844444
2193;14119122000;13933844444;14133844444
2194;14119123000;13933844444;14133844444
2198;14119332000;13933844444;14133844444
2199;14160148000;13933844444;14133844444
2200;14160154000;13975488888;14175488888
2201;14160155000;13975488888;14175488888
2202;14160156000;13975488888;14175488888
2203;14160157000;13975488888;14175488888
2204;14160158000;13975488888;14175488888
2205;14160159000;13975488888;14175488888
2206;14160160000;13975488888;14175488888
2207;14160161000;13975488888;14175488888
2208;14160162000;13975488888;14175488888
2209;14160162000;13975488888;14175488888
2210;14201785000;13975488888;14175488888
2211;14201791000;14017166666;14217166666
2212;14201792000;14017166666;14217166666
2217;14202385000;14017166666;14217166666
2218;14202387000;14017166666;14217166666
2219;14202388000;14017166666;14217166666
2222;14285243000;14058744444;14258744444
2231;14285247000;14058744444;14258744444
2232;14285353000;14058744444;14258744444
2233;14285358000;14100500000;14300500000
2234;14285360000;14100500000;14300500000
2235;14285360000;14100500000;14300500000
2236;14285361000;14100500000;14300500000
2237;14285362000;14100500000;14300500000
2238;14285363000;14100500000;14300500000
2239;14285364000;14100500000;14300500000
2244;14368667000;14142200000;14342200000
2253;14368671000;14142200000;14342200000
2254;14368792000;14142200000;14342200000
2255;14368798000;14183766666;14383766666
2256;14368799000;14183766666;14383766666
2257;14368800000;14183766666;14383766666
2258;14368810000;14183766666;14383766666
2259;14368811000;14183766666;14383766666
2260;14368812000;14183766666;14383766666
2261;14368813000;14183766666;14383766666
2262;14368814000;14183766666;14383766666
2263;14368815000;14183766666;14383766666
2264;14368815000;14183766666;14383766666
2265;14410032000;14183766666;14383766666
2266;14410038000;14225522222;14425522222
2267;14410039000;14225522222;14425522222
2268;14410040000;14225522222;14425522222
2271;14411063000;14225522222;14425522222
2273;14411066000;14225522222;14425522222
2274;14411067000;14225522222;14425522222
2275;14411068000;14225522222;14425522222
2276;14451661000;14225522222;14425522222
2277;14451666000;14267177777;14467177777
2278;14451667000;14267177777;14467177777
2279;14451668000;14267177777;14467177777
2280;14451669000;14267177777;14467177777
2281;14451670000;14267177777;14467177777
2282;14451671000;14267177777;14467177777
2283;14451672000;14267177777;14467177777
2284;14451673000;14267177777;14467177777
2285;14451674000;14267177777;14467177777
2286;14451675000;14267177777;14467177777
2287;14493474000;14267177777;14467177777
2288;14493479000;14308777777;14508777777
2289;14493480000;14308777777;14508777777
2290;14493481000;14308777777;14508777777
2291;14493482000;14308777777;14508777777
2292;14493483000;14308777777;14508777777
2293;14493484000;14308777777;14508777777
2294;14493485000;14308777777;14508777777
2295;14493486000;14308777777;14508777777
2296;14493487000;14308777777;14508777777
2297;14493488000;14308777777;14508777777
2298;14535067000;14308777777;14508777777
2301;14535853000;14350533333;14550533333
2302;14535865000;14350533333;14550533333
2303;14535865000;14350533333;14550533333
2304;14535866000;14350533333;14550533333
2305;14535867000;14350533333;14550533333
2306;14535876000;14350533333;14550533333
2307;14535877000;14350533333;14550533333
2308;14535878000;14350533333;14550533333
2309;14576826000;14350533333;14550533333
2310;14576832000;14392122222;14592122222
2311;14576833000;14392122222;14592122222
2312;14576834000;14392122222;14592122222
2313;14576835000;14392122222;14592122222
2314;14576836000;14392122222;14592122222
2315;14576837000;14392122222;14592122222
2316;14576837000;14392122222;14592122222
2317;14576838000;14392122222;14592122222
2318;14576839000;14392122222;14592122222
2319;14576840000;14392122222;14592122222
2320;14618418000;14392122222;14592122222
2324;14619037000;14433788888;14633788888
2325;14619039000;14433788888;14633788888
2326;14619040000;14433788888;14633788888
2327;14619041000;14433788888;14633788888
2328;14619042000;14433788888;14633788888
2329;14619043000;14433788888;14633788888
2330;14619044000;14433788888;14633788888
2331;14660081000;14433788888;14633788888
2332;14660087000;14475544444;14675544444
2333;14660088000;14475544444;14675544444
2334;14660089000;14475544444;14675544444
2335;14660090000;14475544444;14675544444
2336;14660091000;14475544444;14675544444
2337;14660092000;14475544444;14675544444
2338;14660093000;14475544444;14675544444
2339;14660094000;14475544444;14675544444
2340;14660095000;14475544444;14675544444
2341;14660096000;14475544444;14675544444
2342;14701841000;14475544444;14675544444
2344;14702481000;14517144444;14717144444
2345;14702484000;14517144444;14717144444
2346;14702485000;14517144444;14717144444
2347;14702486000;14517144444;14717144444
2348;14702487000;14517144444;14717144444
2349;14702488000;14517144444;14717144444
2350;14702489000;14517144444;14717144444
2351;14702490000;14517144444;14717144444
2354;14785075000;14558800000;14758800000
2364;14785184000;14558800000;14758800000
2365;14785190000;14600522222;14800522222
2366;14785192000;14600522222;14800522222
2367;14785192000;14600522222;14800522222
2368;14785193000;14600522222;14800522222
2369;14785194000;14600522222;14800522222
2370;14785195000;14600522222;14800522222
2371;14785196000;14600522222;14800522222
2372;14785197000;14600522222;14800522222
2373;14785198000;14600522222;14800522222
2374;14785199000;14600522222;14800522222
2375;14826819000;14600522222;14800522222
2376;14826825000;14642166666;14842166666
2377;14826826000;14642166666;14842166666
2378;14826827000;14642166666;14842166666
2379;14826828000;14642166666;14842166666
2380;14826829000;14642166666;14842166666
2381;14826830000;14642166666;14842166666
2382;14826831000;14642166666;14842166666
2386;14868460000;14642166666;14842166666
2387;14868465000;14683788888;14883788888
2392;14869008000;14683788888;14883788888
2395;14869010000;14683788888;14883788888
2396;14869011000;14683788888;14883788888
2397;14910095000;14683788888;14883788888
2398;14910101000;14725500000;14925500000
2401;14910828000;14725500000;14925500000
2402;14910839000;14725500000;14925500000
2403;14910840000;14725500000;14925500000
2404;14910841000;14725500000;14925500000
2405;14910842000;14725500000;14925500000
2406;14910843000;14725500000;14925500000
2407;14910844000;14725500000;14925500000
2410;14993463000;14767155555;14967155555
2420;15035048000;14808755555;15008755555
2429;15035052000;14808755555;15008755555
2430;15035159000;14808755555;15008755555
2431;15035165000;14850511111;15050511111
2432;15035166000;14850511111;15050511111
2433;15035167000;14850511111;15050511111
2434;15035168000;14850511111;15050511111
2435;15035169000;14850511111;15050511111
2436;15035169000;14850511111;15050511111
2437;15035171000;14850511111;15050511111
2438;15035171000;14850511111;15050511111
2439;15035172000;14850511111;15050511111
2440;15035173000;14850511111;15050511111
2441;15076807000;14850511111;15050511111
2442;15076812000;14892166666;15092166666
2443;15076814000;14892166666;15092166666
2444;15076815000;14892166666;15092166666
2445;15076816000;14892166666;15092166666
2451;15077569000;14892166666;15092166666
2452;15118459000;14892166666;15092166666
2453;15118465000;14933800000;15133800000
2454;15118466000;14933800000;15133800000
2455;15118474000;14933800000;15133800000
2456;15118475000;14933800000;15133800000
2461;15119086000;14933800000;15133800000
2463;15160097000;14933800000;15133800000
2464;15160111000;14975500000;15175500000
2465;15160113000;14975500000;15175500000
2466;15160114000;14975500000;15175500000
2467;15160115000;14975500000;15175500000
2468;15160115000;14975500000;15175500000
2469;15160116000;14975500000;15175500000
2470;15160117000;14975500000;15175500000
2471;15160118000;14975500000;15175500000
2472;15160119000;14975500000;15175500000
2473;15160120000;14975500000;15175500000
2474;15201791000;14975500000;15175500000
2475;15201797000;15017144444;15217144444
2476;15201798000;15017144444;15217144444
2477;15201799000;15017144444;15217144444
2478;15201800000;15017144444;15217144444
2479;15201801000;15017144444;15217144444
2480;15201802000;15017144444;15217144444
2481;15201803000;15017144444;15217144444
2482;15201803000;15017144444;15217144444
2483;15201804000;15017144444;15217144444
2484;15201805000;15017144444;15217144444
2485;15243440000;15017144444;15217144444
2486;15243445000;15058766666;15258766666
2487;15243446000;15058766666;15258766666
2488;15243447000;15058766666;15258766666
2489;15243448000;15058766666;15258766666
2490;15243449000;15058766666;15258766666
2491;15243450000;15058766666;15258766666
2492;15243451000;15058766666;15258766666
2493;15243452000;15058766666;15258766666
2494;15243453000;15058766666;15258766666
2495;15243454000;15058766666;15258766666
2496;15285040000;15058766666;15258766666
2497;15285046000;15100466666;15300466666
2501;15285711000;15100466666;15300466666
2502;15285713000;15100466666;15300466666
2503;15285715000;15100466666;15300466666
2504;15285716000;15100466666;15300466666
2505;15285717000;15100466666;15300466666
2506;15285727000;15100466666;15300466666
2507;15326660000;15100466666;15300466666
2508;15326665000;15142155555;15342155555
2509;15326666000;15142155555;15342155555
2510;15326668000;15142155555;15342155555
2511;15326668000;15142155555;15342155555
2512;15326669000;15142155555;15342155555
2513;15326670000;15142155555;15342155555
2514;15326671000;15142155555;15342155555
2515;15326672000;15142155555;15342155555
2516;15326673000;15142155555;15342155555
2517;15326674000;15142155555;15342155555
2518;15368438000;15142155555;15342155555
2520;15369152000;15183766666;15383766666
2521;15369164000;15183766666;15383766666
2522;15369165000;15183766666;15383766666
2523;15369166000;15183766666;15383766666
2524;15369167000;15183766666;15383766666
2525;15369168000;15183766666;15383766666
2526;15369169000;15183766666;15383766666
2527;15369170000;15183766666;15383766666
2528;15369171000;15183766666;15383766666
2529;15410054000;15183766666;15383766666
2530;15410060000;15225488888;15425488888
2531;15410061000;15225488888;15425488888
2532;15410062000;15225488888;15425488888
2533;15410063000;15225488888;15425488888
2534;15410064000;15225488888;15425488888
2535;15410065000;15225488888;15425488888
2536;15410065000;15225488888;15425488888
2537;15410066000;15225488888;15425488888
2544;15493461000;15267166666;15467166666
2551;15493632000;15267166666;15467166666
2552;15493638000;15308800000;15508800000
2553;15493639000;15308800000;15508800000
2554;15493640000;15308800000;15508800000
2555;15493641000;15308800000;15508800000
2556;15493642000;15308800000;15508800000
2557;15493642000;15308800000;15508800000
2558;15493643000;15308800000;15508800000
2559;15493644000;15308800000;15508800000
2560;15493645000;15308800000;15508800000
2561;15493646000;15308800000;15508800000
2562;15535090000;15308800000;15508800000
2563;15535096000;15350500000;15550500000
2564;15535097000;15350500000;15550500000
2565;15535098000;15350500000;15550500000
2566;15535099000;15350500000;15550500000
2569;15535786000;15350500000;15550500000
2570;15535797000;15350500000;15550500000
2573;15576654000;15350500000;15550500000
2574;15576660000;15392144444;15592144444
2575;15576661000;15392144444;15592144444
2576;15576662000;15392144444;15592144444
2577;15576663000;15392144444;15592144444
2581;15577356000;15392144444;15592144444
2584;15618401000;15392144444;15592144444
2585;15618414000;15433755555;15633755555
2586;15618416000;15433755555;15633755555
2587;15618416000;15433755555;15633755555
2590;15619148000;15433755555;15633755555
2592;15619150000;15433755555;15633755555
2593;15619152000;15433755555;15633755555
2594;15619152000;15433755555;15633755555
2595;15659991000;15433755555;15633755555
2596;15659997000;15475488888;15675488888
2597;15659998000;15475488888;15675488888
2598;15659999000;15475488888;15675488888
2599;15660000000;15475488888;15675488888
2602;15660802000;15475488888;15675488888
2603;15660814000;15475488888;15675488888
2604;15660815000;15475488888;15675488888
2605;15660815000;15475488888;15675488888
2606;15701747000;15475488888;15675488888
2607;15701753000;15517133333;15717133333
2611;15702359000;15517133333;15717133333
2612;15702361000;15517133333;15717133333
2613;15702362000;15517133333;15717133333
2614;15702363000;15517133333;15717133333
2617;15743390000;15517133333;15717133333
2620;15744126000;15558777777;15758777777
2622;15744129000;15558777777;15758777777
2623;15744130000;15558777777;15758777777
2624;15744131000;15558777777;15758777777
2625;15744132000;15558777777;15758777777
2626;15744133000;15558777777;15758777777
2627;15744134000;15558777777;15758777777
2628;15785034000;15558777777;15758777777
2629;15785040000;15600488888;15800488888
2630;15785041000;15600488888;15800488888
2631;15785042000;15600488888;15800488888
2634;15785694000;15600488888;15800488888
2636;15785697000;15600488888;15800488888
2637;15785698000;15600488888;15800488888
2638;15785699000;15600488888;15800488888
2639;15826744000;15600488888;15800488888
2640;15826751000;15642122222;15842122222
2641;15826752000;15642122222;15842122222
2642;15826753000;15642122222;15842122222
2643;15826754000;15642122222;15842122222
2644;15826755000;15642122222;15842122222
2645;15826756000;15642122222;15842122222
2646;15826757000;15642122222;15842122222
2647;15826758000;15642122222;15842122222
2648;15826759000;15642122222;15842122222
2649;15826760000;15642122222;15842122222
2650;15868370000;15642122222;15842122222
2651;15868376000;15683766666;15883766666
2652;15868377000;15683766666;15883766666
2653;15868378000;15683766666;15883766666
2656;15868979000;15683766666;15883766666
2658;15868981000;15683766666;15883766666
2659;15868982000;15683766666;15883766666
2660;15868983000;15683766666;15883766666
2661;15909999000;15683766666;15883766666
2662;15910005000;15725488888;15925488888
2663;15910006000;15725488888;15925488888
2664;15910007000;15725488888;15925488888
2665;15910008000;15725488888;15925488888
2666;15910009000;15725488888;15925488888
2667;15910010000;15725488888;15925488888
2668;15910011000;15725488888;15925488888
2669;15910012000;15725488888;15925488888
2670;15910013000;15725488888;15925488888
2671;15910014000;15725488888;15925488888
2672;15951723000;15725488888;15925488888
2674;15952475000;15767133333;15967133333
2675;15952477000;15767133333;15967133333
2676;15952478000;15767133333;15967133333
2677;15952479000;15767133333;15967133333
2678;15952480000;15767133333;15967133333
2679;15952481000;15767133333;15967133333
2680;15952482000;15767133333;15967133333
2681;15952483000;15767133333;15967133333
2682;15952484000;15767133333;15967133333
2683;15993363000;15767133333;15967133333
2684;15993369000;15808733333;16008733333
2685;15993370000;15808733333;16008733333
2686;15993371000;15808733333;16008733333
2687;15993372000;15808733333;16008733333
2688;15993373000;15808733333;16008733333
2689;15993374000;15808733333;16008733333
2690;15993375000;15808733333;16008733333
2691;15993376000;15808733333;16008733333
2695;16076931000;15850488888;16050488888
2707;16118392000;15892133333;16092133333
2717;16160012000;15933777777;16133777777
2728;16201739000;15975511111;16175511111
2739;16243362000;16017133333;16217133333
2750;16284972000;16058744444;16258744444
2761;16326713000;16100477777;16300477777
2770;16326717000;16100477777;16300477777
2771;16326778000;16100477777;16300477777
2772;16326791000;16142133333;16342133333
2773;16326793000;16142133333;16342133333
2774;16326794000;16142133333;16342133333
2775;16326794000;16142133333;16342133333
2776;16326802000;16142133333;16342133333
2777;16326803000;16142133333;16342133333
2778;16326804000;16142133333;16342133333
2779;16326805000;16142133333;16342133333
2780;16326806000;16142133333;16342133333
2781;16326807000;16142133333;16342133333
2782;16368368000;16142133333;16342133333
2783;16368374000;16183788888;16383788888
2784;16368375000;16183788888;16383788888
2788;16369012000;16183788888;16383788888
2790;16369014000;16183788888;16383788888
2791;16369015000;16183788888;16383788888
2792;16369016000;16183788888;16383788888
2793;16410020000;16183788888;16383788888
2796;16410696000;16225466666;16425466666
2798;16410698000;16225466666;16425466666
2799;16410699000;16225466666;16425466666
2800;16410700000;16225466666;16425466666
2801;16410701000;16225466666;16425466666
2802;16410702000;16225466666;16425466666
2803;16410703000;16225466666;16425466666
2804;16451708000;16225466666;16425466666
2805;16451714000;16267122222;16467122222
2806;16451715000;16267122222;16467122222
2807;16451716000;16267122222;16467122222
2808;16451717000;16267122222;16467122222
2809;16451718000;16267122222;16467122222
2810;16451719000;16267122222;16467122222
2811;16451720000;16267122222;16467122222
2814;16452332000;16267122222;16467122222
2816;16535218000;16308777777;16508777777
2827;16576697000;16350466666;16550466666
2837;16576761000;16350466666;16550466666
2838;16576775000;16392111111;16592111111
2839;16576776000;16392111111;16592111111
2840;16576777000;16392111111;16592111111
2841;16576778000;16392111111;16592111111
2842;16576779000;16392111111;16592111111
2843;16576779000;16392111111;16592111111
2844;16576780000;16392111111;16592111111
2845;16576781000;16392111111;16592111111
2846;16576782000;16392111111;16592111111
2847;16576783000;16392111111;16592111111
2848;16618345000;16392111111;16592111111
2849;16618351000;16433766666;16633766666
2850;16618352000;16433766666;16633766666
2851;16618353000;16433766666;16633766666
2852;16618354000;16433766666;16633766666
2853;16618355000;16433766666;16633766666
2854;16618355000;16433766666;16633766666
2855;16618356000;16433766666;16633766666
2858;16619143000;16433766666;16633766666
2859;16660018000;16433766666;16633766666
2860;16660024000;16475500000;16675500000
2861;16660025000;16475500000;16675500000
2862;16660026000;16475500000;16675500000
2863;16660027000;16475500000;16675500000
2864;16660028000;16475500000;16675500000
2865;16660029000;16475500000;16675500000
2866;16660030000;16475500000;16675500000
2867;16660030000;16475500000;16675500000
2868;16660031000;16475500000;16675500000
2869;16660032000;16475500000;16675500000
2870;16701736000;16475500000;16675500000
2872;16702463000;16517155555;16717155555
2874;16702465000;16517155555;16717155555
2875;16702467000;16517155555;16717155555
2876;16702467000;16517155555;16717155555
2877;16702468000;16517155555;16717155555
2878;16702469000;16517155555;16717155555
2879;16702470000;16517155555;16717155555
2880;16702471000;16517155555;16717155555
2881;16743386000;16517155555;16717155555
2882;16743392000;16558766666;16758766666
2883;16743393000;16558766666;16758766666
2884;16743394000;16558766666;16758766666
2888;16744146000;16558766666;16758766666
2889;16744157000;16558766666;16758766666
2890;16744158000;16558766666;16758766666
2891;16744159000;16558766666;16758766666
2895;16826767000;16600522222;16800522222
2903;16826831000;16600522222;16800522222
2904;16826835000;16642122222;16842122222
2905;16826845000;16642122222;16842122222
2906;16826846000;16642122222;16842122222
2909;16827361000;16642122222;16842122222
2911;16827364000;16642122222;16842122222
2912;16827365000;16642122222;16842122222
2913;16827366000;16642122222;16842122222
2914;16868401000;16642122222;16842122222
2915;16868406000;16683755555;16883755555
2918;16868979000;16683755555;16883755555
2920;16868982000;16683755555;16883755555
2921;16868983000;16683755555;16883755555
2922;16868984000;16683755555;16883755555
2923;16868985000;16683755555;16883755555
2924;16868986000;16683755555;16883755555
2925;16910014000;16683755555;16883755555
2926;16910020000;16725466666;16925466666
2927;16910022000;16725466666;16925466666
2928;16910030000;16725466666;16925466666
2929;16910031000;16725466666;16925466666
2930;16910032000;16725466666;16925466666
2931;16910032000;16725466666;16925466666
2932;16910033000;16725466666;16925466666
2935;16911023000;16725466666;16925466666
2936;16951721000;16725466666;16925466666
2937;16951727000;16767100000;16967100000
2938;16951728000;16767100000;16967100000
2939;16951729000;16767100000;16967100000
2940;16951730000;16767100000;16967100000
2941;16951731000;16767100000;16967100000
2942;16951732000;16767100000;16967100000
2943;16951733000;16767100000;16967100000
2944;16951734000;16767100000;16967100000
2945;16951735000;16767100000;16967100000
2946;16951736000;16767100000;16967100000
2947;16993335000;16767100000;16967100000
2948;16993341000;16808722222;17008722222
2949;16993342000;16808722222;17008722222
2950;16993343000;16808722222;17008722222
2951;16993344000;16808722222;17008722222
2952;16993345000;16808722222;17008722222
2953;16993346000;16808722222;17008722222
2954;16993347000;16808722222;17008722222
2955;16993348000;16808722222;17008722222
2956;16993349000;16808722222;17008722222
2957;16993350000;16808722222;17008722222
2958;17034955000;16808722222;17008722222
2959;17034961000;16850477777;17050477777
2960;17034962000;16850477777;17050477777
2961;17034963000;16850477777;17050477777
2962;17034964000;16850477777;17050477777
2963;17034965000;16850477777;17050477777
2964;17034966000;16850477777;17050477777
2965;17034967000;16850477777;17050477777
2966;17034968000;16850477777;17050477777
2967;17034969000;16850477777;17050477777
2968;17034970000;16850477777;17050477777
2969;17076739000;16850477777;17050477777
2970;17076745000;16892066666;17092066666
2971;17076746000;16892066666;17092066666
2972;17076747000;16892066666;17092066666
2973;17076748000;16892066666;17092066666
2974;17076749000;16892066666;17092066666
2975;17076749000;16892066666;17092066666
2976;17076750000;16892066666;17092066666
2977;17076751000;16892066666;17092066666
2978;17076752000;16892066666;17092066666
2979;17076753000;16892066666;17092066666
2980;17118293000;16892066666;17092066666
2981;17118300000;16933866666;17133866666
2982;17118301000;16933866666;17133866666
2983;17118302000;16933866666;17133866666
2984;17118303000;16933866666;17133866666
2985;17118304000;16933866666;17133866666
2986;17118305000;16933866666;17133866666
2987;17118306000;16933866666;17133866666
2988;17118307000;16933866666;17133866666
2989;17118308000;16933866666;17133866666
2990;17118309000;16933866666;17133866666
2991;17160114000;16933866666;17133866666
2992;17160120000;16975455555;17175455555
2993;17160121000;16975455555;17175455555
2996;17160801000;16975455555;17175455555
2997;17160803000;16975455555;17175455555
2998;17160813000;16975455555;17175455555
2999;17160814000;16975455555;17175455555
3000;17160815000;16975455555;17175455555
3001;17160816000;16975455555;17175455555
3002;17201685000;16975455555;17175455555
3003;17201691000;17017122222;17217122222
3004;17201692000;17017122222;17217122222
3005;17201693000;17017122222;17217122222
3006;17201694000;17017122222;17217122222
3007;17201695000;17017122222;17217122222
3008;17201696000;17017122222;17217122222
3009;17201697000;17017122222;17217122222
3010;17201698000;17017122222;17217122222
3011;17201699000;17017122222;17217122222
3012;17201700000;17017122222;17217122222
3013;17243356000;17017122222;17217122222
3015;17244036000;17058722222;17258722222
3017;17244038000;17058722222;17258722222
3018;17244039000;17058722222;17258722222
3019;17244040000;17058722222;17258722222
3020;17244041000;17058722222;17258722222
3021;17244042000;17058722222;17258722222
3022;17244043000;17058722222;17258722222
3023;17244044000;17058722222;17258722222
3024;17284954000;17058722222;17258722222
3025;17284959000;17100444444;17300444444
3028;17285821000;17100444444;17300444444
3032;17286055000;17100444444;17300444444
3033;17286057000;17100444444;17300444444
3034;17286058000;17100444444;17300444444
3035;17326672000;17100444444;17300444444
3036;17326678000;17142122222;17342122222
3037;17326679000;17142122222;17342122222
3038;17326680000;17142122222;17342122222
3043;17327334000;17142122222;17342122222
3044;17327336000;17142122222;17342122222
3045;17327337000;17142122222;17342122222
3046;17368418000;17142122222;17342122222
3047;17368424000;17183755555;17383755555
3048;17368425000;17183755555;17383755555
3049;17368426000;17183755555;17383755555
3050;17368427000;17183755555;17383755555
3051;17368428000;17183755555;17383755555
3052;17368429000;17183755555;17383755555
3053;17368430000;17183755555;17383755555
3054;17368431000;17183755555;17383755555
3055;17368432000;17183755555;17383755555
3056;17368433000;17183755555;17383755555
3057;17410057000;17183755555;17383755555
3058;17410062000;17225500000;17425500000
3059;17410064000;17225500000;17425500000
3060;17410064000;17225500000;17425500000
3061;17410065000;17225500000;17425500000
3062;17410066000;17225500000;17425500000
3063;17410067000;17225500000;17425500000
3064;17410068000;17225500000;17425500000
3065;17410069000;17225500000;17425500000
3066;17410070000;17225500000;17425500000
3067;17410071000;17225500000;17425500000
3068;17451785000;17225500000;17425500000
3069;17451791000;17267100000;17467100000
3070;17451792000;17267100000;17467100000
3071;17451793000;17267100000;17467100000
3072;17451794000;17267100000;17467100000
3073;17451795000;17267100000;17467100000
3074;17451796000;17267100000;17467100000
3075;17451797000;17267100000;17467100000
3076;17451798000;17267100000;17467100000
3077;17451799000;17267100000;17467100000
3078;17451800000;17267100000;17467100000
3079;17493388000;17267100000;17467100000
3080;17493404000;17308766666;17508766666
3084;17494038000;17308766666;17508766666
3085;17494041000;17308766666;17508766666
3086;17494042000;17308766666;17508766666
3087;17494043000;17308766666;17508766666
3088;17494044000;17308766666;17508766666
3089;17494045000;17308766666;17508766666
3093;17576707000;17350466666;17550466666
3102;17618410000;17392111111;17592111111
3113;17660069000;17433777777;17633777777
3124;17701730000;17475488888;17675488888
3135;17743398000;17517100000;17717100000
3145;17743507000;17517100000;17717100000
3146;17743530000;17558744444;17758744444
3147;17743531000;17558744444;17758744444
3148;17743532000;17558744444;17758744444
3149;17743533000;17558744444;17758744444
3150;17743534000;17558744444;17758744444
3151;17743535000;17558744444;17758744444
3152;17743536000;17558744444;17758744444
3153;17743537000;17558744444;17758744444
3154;17743538000;17558744444;17758744444
3155;17743539000;17558744444;17758744444
3156;17785039000;17558744444;17758744444
3157;17785045000;17600477777;17800477777
3158;17785046000;17600477777;17800477777
3159;17785047000;17600477777;17800477777
3160;17785048000;17600477777;17800477777
3161;17785049000;17600477777;17800477777
3164;17785665000;17600477777;17800477777
3166;17785668000;17600477777;17800477777
3167;17826660000;17600477777;17800477777
3168;17826666000;17642155555;17842155555
3169;17826667000;17642155555;17842155555
3173;17827358000;17642155555;17842155555
3174;17827360000;17642155555;17842155555
3175;17827361000;17642155555;17842155555
3176;17827362000;17642155555;17842155555
3177;17827363000;17642155555;17842155555
3178;17868464000;17642155555;17842155555
3179;17868478000;17683733333;17883733333
3180;17868480000;17683733333;17883733333
3181;17868481000;17683733333;17883733333
3182;17868482000;17683733333;17883733333
3183;17868482000;17683733333;17883733333
3184;17868483000;17683733333;17883733333
3185;17868484000;17683733333;17883733333
3186;17868485000;17683733333;17883733333
3187;17868486000;17683733333;17883733333
3188;17868487000;17683733333;17883733333
3189;17910016000;17683733333;17883733333
3190;17910031000;17725466666;17925466666
3191;17910032000;17725466666;17925466666
3192;17910033000;17725466666;17925466666
3193;17910034000;17725466666;17925466666
3194;17910035000;17725466666;17925466666
3195;17910036000;17725466666;17925466666
3196;17910037000;17725466666;17925466666
3197;17910037000;17725466666;17925466666
3198;17910038000;17725466666;17925466666
3199;17910039000;17725466666;17925466666
3200;17951747000;17725466666;17925466666
3201;17951753000;17767133333;17967133333
3202;17951761000;17767133333;17967133333
3206;17952356000;17767133333;17967133333
3207;17952358000;17767133333;17967133333
3208;17952360000;17767133333;17967133333
3209;17952361000;17767133333;17967133333
3210;17952362000;17767133333;17967133333
3211;17993426000;17767133333;17967133333
3212;17993432000;17808733333;18008733333
3213;17993433000;17808733333;18008733333
3214;17993434000;17808733333;18008733333
3215;17993435000;17808733333;18008733333
3218;17994161000;17808733333;18008733333
3219;17994172000;17808733333;18008733333
3220;17994173000;17808733333;18008733333
3221;17994174000;17808733333;18008733333
3222;18035044000;17808733333;18008733333
3223;18035050000;17850477777;18050477777
3224;18035051000;17850477777;18050477777
3225;18035052000;17850477777;18050477777
3226;18035053000;17850477777;18050477777
3227;18035053000;17850477777;18050477777
3228;18035054000;17850477777;18050477777
3229;18035055000;17850477777;18050477777
3230;18035056000;17850477777;18050477777
3231;18035057000;17850477777;18050477777
3232;18035058000;17850477777;18050477777
3233;18076658000;17850477777;18050477777
3234;18076664000;17892133333;18092133333
3235;18076665000;17892133333;18092133333
3236;18076666000;17892133333;18092133333
3237;18076666000;17892133333;18092133333
3238;18076667000;17892133333;18092133333
3239;18076668000;17892133333;18092133333
3240;18076669000;17892133333;18092133333
3241;18076670000;17892133333;18092133333
3244;18118313000;17892133333;18092133333
3245;18118319000;17933777777;18133777777
3246;18118321000;17933777777;18133777777
3247;18118322000;17933777777;18133777777
3248;18118323000;17933777777;18133777777
3249;18118324000;17933777777;18133777777
3250;18118325000;17933777777;18133777777
3251;18118326000;17933777777;18133777777
3252;18118326000;17933777777;18133777777
3253;18118327000;17933777777;18133777777
3254;18118328000;17933777777;18133777777
3257;18201702000;17975477777;18175477777
3267;18243382000;18017133333;18217133333
3277;18243447000;18017133333;18217133333
3280;18244193000;18058733333;18258733333
3281;18244195000;18058733333;18258733333
3282;18244196000;18058733333;18258733333
3283;18244197000;18058733333;18258733333
3284;18244198000;18058733333;18258733333
3285;18244199000;18058733333;18258733333
3286;18244199000;18058733333;18258733333
3287;18244200000;18058733333;18258733333
3288;18284978000;18058733333;18258733333
3289;18284984000;18100477777;18300477777
3290;18284985000;18100477777;18300477777
3291;18284986000;18100477777;18300477777
3292;18284987000;18100477777;18300477777
3293;18284988000;18100477777;18300477777
3294;18284989000;18100477777;18300477777
3295;18284990000;18100477777;18300477777
3296;18284991000;18100477777;18300477777
3297;18284992000;18100477777;18300477777
3298;18284993000;18100477777;18300477777
3299;18326701000;18100477777;18300477777
3301;18327442000;18142133333;18342133333
3302;18327445000;18142133333;18342133333
3305;18327708000;18142133333;18342133333
3307;18327710000;18142133333;18342133333
3308;18327711000;18142133333;18342133333
3309;18327712000;18142133333;18342133333
3310;18368376000;18142133333;18342133333
3311;18368382000;18183777777;18383777777
3312;18368383000;18183777777;18383777777
3315;18369124000;18183777777;18383777777
3316;18369135000;18183777777;18383777777
3317;18369136000;18183777777;18383777777
3318;18369137000;18183777777;18383777777
3319;18369138000;18183777777;18383777777
3320;18369139000;18183777777;18383777777
3321;18410032000;18183777777;18383777777
3322;18410038000;18225488888;18425488888
3323;18410039000;18225488888;18425488888
3327;18410703000;18225488888;18425488888
3328;18410705000;18225488888;18425488888
3329;18410706000;18225488888;18425488888
3330;18410716000;18225488888;18425488888
3331;18410717000;18225488888;18425488888
3332;18451746000;18225488888;18425488888
3333;18451753000;18267177777;18467177777
3334;18451754000;18267177777;18467177777
3335;18451755000;18267177777;18467177777
3336;18451755000;18267177777;18467177777
3337;18451756000;18267177777;18467177777
3338;18451757000;18267177777;18467177777
3339;18451758000;18267177777;18467177777
3340;18451766000;18267177777;18467177777
3341;18451767000;18267177777;18467177777
3342;18451768000;18267177777;18467177777
3343;18493411000;18267177777;18467177777
3344;18493417000;18308777777;18508777777
3345;18493418000;18308777777;18508777777
3346;18493419000;18308777777;18508777777
3347;18493420000;18308777777;18508777777
3348;18493421000;18308777777;18508777777
3349;18493422000;18308777777;18508777777
3350;18493423000;18308777777;18508777777
3351;18493423000;18308777777;18508777777
3352;18493424000;18308777777;18508777777
3353;18493425000;18308777777;18508777777
3354;18535011000;18308777777;18508777777
3355;18535017000;18350477777;18550477777
3356;18535018000;18350477777;18550477777
3357;18535019000;18350477777;18550477777
3358;18535020000;18350477777;18550477777
3359;18535021000;18350477777;18550477777
3360;18535022000;18350477777;18550477777
3361;18535023000;18350477777;18550477777
3362;18535024000;18350477777;18550477777
3363;18535025000;18350477777;18550477777
3364;18535026000;18350477777;18550477777
3365;18576714000;18350477777;18550477777
3370;18577360000;18392122222;18592122222
3371;18577362000;18392122222;18592122222
3374;18577499000;18392122222;18592122222
3375;18577500000;18392122222;18592122222
3376;18618352000;18392122222;18592122222
3379;18619013000;18433766666;18633766666
3382;18619016000;18433766666;18633766666
3383;18619017000;18433766666;18633766666
3384;18619018000;18433766666;18633766666
3385;18619019000;18433766666;18633766666
3386;18619020000;18433766666;18633766666
3387;18660010000;18433766666;18633766666
3388;18660016000;18475500000;18675500000
3389;18660017000;18475500000;18675500000
3390;18660018000;18475500000;18675500000
3391;18660019000;18475500000;18675500000
3392;18660020000;18475500000;18675500000
3393;18660021000;18475500000;18675500000
3394;18660022000;18475500000;18675500000
3395;18660023000;18475500000;18675500000
3396;18660024000;18475500000;18675500000
3397;18660024000;18475500000;18675500000
3398;18701735000;18475500000;18675500000
3399;18701741000;18517144444;18717144444
3400;18701742000;18517144444;18717144444
3401;18701743000;18517144444;18717144444
3402;18701744000;18517144444;18717144444
3403;18701745000;18517144444;18717144444
3404;18701746000;18517144444;18717144444
3405;18701747000;18517144444;18717144444
3406;18701747000;18517144444;18717144444
3407;18701748000;18517144444;18717144444
3408;18701749000;18517144444;18717144444
3409;18743378000;18517144444;18717144444
3410;18743384000;18558755555;18758755555
3411;18743385000;18558755555;18758755555
3412;18743386000;18558755555;18758755555
3413;18743387000;18558755555;18758755555
3414;18743388000;18558755555;18758755555
3417;18744051000;18558755555;18758755555
3418;18744068000;18558755555;18758755555
3419;18744069000;18558755555;18758755555
3420;18784987000;18558755555;18758755555
3421;18784992000;18600500000;18800500000
3422;18784994000;18600500000;18800500000
3423;18784995000;18600500000;18800500000
3424;18784996000;18600500000;18800500000
3425;18784996000;18600500000;18800500000
3426;18784997000;18600500000;18800500000
3427;18784998000;18600500000;18800500000
3428;18784999000;18600500000;18800500000
3429;18785000000;18600500000;18800500000
3430;18785001000;18600500000;18800500000
3431;18826733000;18600500000;18800500000
3433;18827490000;18642111111;18842111111
3434;18827501000;18642111111;18842111111
3435;18827502000;18642111111;18842111111
3436;18827503000;18642111111;18842111111
3437;18827504000;18642111111;18842111111
3438;18827505000;18642111111;18842111111
3439;18827506000;18642111111;18842111111
3440;18827507000;18642111111;18842111111
3441;18827508000;18642111111;18842111111
3442;18868340000;18642111111;18842111111
3443;18868346000;18683766666;18883766666
3444;18868347000;18683766666;18883766666
3445;18868348000;18683766666;18883766666
3448;18869027000;18683766666;18883766666
3450;18869029000;18683766666;18883766666
3451;18869030000;18683766666;18883766666
3452;18869031000;18683766666;18883766666
3453;18909999000;18683766666;18883766666
3454;18910005000;18725500000;18925500000
3455;18910006000;18725500000;18925500000
3456;18910015000;18725500000;18925500000
3457;18910016000;18725500000;18925500000
3458;18910017000;18725500000;18925500000
3459;18910018000;18725500000;18925500000
3460;18910019000;18725500000;18925500000
3461;18910020000;18725500000;18925500000
3462;18910021000;18725500000;18925500000
3463;18910022000;18725500000;18925500000
3464;18951765000;18725500000;18925500000
3469;18952426000;18767133333;18967133333
3470;18952428000;18767133333;18967133333
3471;18952429000;18767133333;18967133333
3472;18952430000;18767133333;18967133333
3473;18952441000;18767133333;18967133333
3474;18952442000;18767133333;18967133333
3475;18993364000;18767133333;18967133333
3476;18993370000;18808766666;19008766666
3477;18993371000;18808766666;19008766666
3478;18993372000;18808766666;19008766666
3479;18993373000;18808766666;19008766666
3480;18993374000;18808766666;19008766666
3481;18993375000;18808766666;19008766666
3482;18993376000;18808766666;19008766666
3483;18993377000;18808766666;19008766666
3484;18993378000;18808766666;19008766666
3485;18993379000;18808766666;19008766666
3486;19035000000;18808766666;19008766666
3488;19035658000;18850500000;19050500000
3490;19035660000;18850500000;19050500000
3491;19035661000;18850500000;19050500000
3492;19035662000;18850500000;19050500000
3493;19035664000;18850500000;19050500000
3494;19035665000;18850500000;19050500000
3495;19035665000;18850500000;19050500000
3496;19035666000;18850500000;19050500000
3497;19076731000;18850500000;19050500000
3498;19076737000;18892111111;19092111111
3499;19076738000;18892111111;19092111111
3500;19076739000;18892111111;19092111111
3501;19076740000;18892111111;19092111111
3502;19076741000;18892111111;19092111111
3503;19076742000;18892111111;19092111111
3507;19077470000;18892111111;19092111111
3510;19160016000;18933755555;19133755555
3522;19201728000;18975466666;19175466666
3531;19243349000;19017100000;19217100000
3542;19284993000;19058755555;19258755555
3553;19326724000;19100488888;19300488888
3564;19368375000;19142144444;19342144444
3575;19409981000;19183744444;19383744444
3585;19410044000;19183744444;19383744444
3586;19410048000;19225466666;19425466666
3587;19410059000;19225466666;19425466666
3588;19410060000;19225466666;19425466666
3589;19410061000;19225466666;19425466666
3590;19410062000;19225466666;19425466666
3591;19410063000;19225466666;19425466666
3592;19410064000;19225466666;19425466666
3593;19410064000;19225466666;19425466666
3594;19410065000;19225466666;19425466666
3595;19410066000;19225466666;19425466666
3596;19451701000;19225466666;19425466666
3597;19451707000;19267155555;19467155555
3598;19451708000;19267155555;19467155555
3599;19451709000;19267155555;19467155555
3600;19451709000;19267155555;19467155555
3601;19451710000;19267155555;19467155555
3602;19451711000;19267155555;19467155555
3603;19451712000;19267155555;19467155555
3604;19451713000;19267155555;19467155555
3605;19451714000;19267155555;19467155555
3606;19451715000;19267155555;19467155555
3609;19535046000;19308788888;19508788888
3617;19535050000;19308788888;19508788888
3618;19535111000;19308788888;19508788888
3619;19535115000;19350488888;19550488888
3620;19535125000;19350488888;19550488888
3621;19535126000;19350488888;19550488888
3622;19535127000;19350488888;19550488888
3623;19535128000;19350488888;19550488888
3624;19535129000;19350488888;19550488888
3625;19535130000;19350488888;19550488888
3626;19535131000;19350488888;19550488888
3627;19535132000;19350488888;19550488888
3628;19535133000;19350488888;19550488888
3629;19576724000;19350488888;19550488888
3632;19577362000;19392100000;19592100000
3633;19577364000;19392100000;19592100000
3634;19577365000;19392100000;19592100000
3637;19577498000;19392100000;19592100000
3638;19577499000;19392100000;19592100000
3639;19577501000;19392100000;19592100000
3642;19660039000;19433777777;19633777777
3652;19701786000;19475522222;19675522222
3662;19701850000;19475522222;19675522222
3663;19701854000;19517155555;19717155555
3664;19701864000;19517155555;19717155555
3665;19701866000;19517155555;19717155555
3666;19701867000;19517155555;19717155555
3667;19701867000;19517155555;19717155555
3668;19701875000;19517155555;19717155555
3669;19701876000;19517155555;19717155555
3670;19701877000;19517155555;19717155555
3671;19701878000;19517155555;19717155555
3672;19701879000;19517155555;19717155555
3673;19743416000;19517155555;19717155555
3674;19743421000;19558733333;19758733333
3675;19743423000;19558733333;19758733333
3676;19743423000;19558733333;19758733333
3679;19743979000;19558733333;19758733333
3681;19743981000;19558733333;19758733333
3682;19743982000;19558733333;19758733333
3685;19826918000;19600477777;19800477777
3696;19868371000;19642133333;19842133333
3708;19909989000;19683755555;19883755555
3718;19951745000;19725488888;19925488888
3729;19993360000;19767122222;19967122222
3739;19993423000;19767122222;19967122222
3740;19993427000;19808755555;20008755555
3741;19993437000;19808755555;20008755555
3742;19993438000;19808755555;20008755555
3743;19993439000;19808755555;20008755555
3744;19993440000;19808755555;20008755555
3745;19993441000;19808755555;20008755555
3746;19993442000;19808755555;20008755555
3747;19993443000;19808755555;20008755555
3748;19993444000;19808755555;20008755555
3749;19993445000;19808755555;20008755555
3750;20034979000;19808755555;20008755555
3751;20034985000;19850477777;20050477777
3752;20034986000;19850477777;20050477777
3753;20034987000;19850477777;20050477777
3754;20034988000;19850477777;20050477777
3755;20034989000;19850477777;20050477777
3756;20034990000;19850477777;20050477777
3757;20034991000;19850477777;20050477777
3758;20034992000;19850477777;20050477777
3761;20076708000;19850477777;20050477777
3762;20076713000;19892122222;20092122222
3763;20076715000;19892122222;20092122222
3764;20076716000;19892122222;20092122222
3765;20076716000;19892122222;20092122222
3766;20076717000;19892122222;20092122222
3767;20076718000;19892122222;20092122222
3768;20076719000;19892122222;20092122222
3769;20076720000;19892122222;20092122222
3770;20076721000;19892122222;20092122222
3771;20076722000;19892122222;20092122222
3772;20118358000;19892122222;20092122222
3775;20119032000;19933777777;20133777777
3776;20119035000;19933777777;20133777777
3777;20119036000;19933777777;20133777777
3778;20119037000;19933777777;20133777777
3779;20119038000;19933777777;20133777777
3780;20119048000;19933777777;20133777777
3781;20119049000;19933777777;20133777777
3782;20119049000;19933777777;20133777777
3783;20160008000;19933777777;20133777777
3784;20160014000;19975455555;20175455555
3785;20160015000;19975455555;20175455555
3786;20160016000;19975455555;20175455555
3787;20160017000;19975455555;20175455555
3788;20160018000;19975455555;20175455555
3789;20160019000;19975455555;20175455555
3790;20160020000;19975455555;20175455555
3791;20160021000;19975455555;20175455555
3792;20160022000;19975455555;20175455555
3793;20160023000;19975455555;20175455555
3794;20201671000;19975455555;20175455555
3795;20201677000;20017088888;20217088888
3796;20201678000;20017088888;20217088888
3797;20201679000;20017088888;20217088888
3798;20201680000;20017088888;20217088888
3799;20201681000;20017088888;20217088888
3800;20201682000;20017088888;20217088888
3801;20201683000;20017088888;20217088888
3802;20201684000;20017088888;20217088888
3803;20201685000;20017088888;20217088888
3804;20201686000;20017088888;20217088888
3805;20243313000;20017088888;20217088888
3806;20243319000;20058744444;20258744444
3807;20243320000;20058744444;20258744444
3808;20243321000;20058744444;20258744444
3809;20243322000;20058744444;20258744444
3810;20243323000;20058744444;20258744444
3811;20243324000;20058744444;20258744444
3812;20243325000;20058744444;20258744444
3813;20243326000;20058744444;20258744444
3814;20243327000;20058744444;20258744444
3815;20243328000;20058744444;20258744444
3816;20284978000;20058744444;20258744444
3817;20284984000;20100488888;20300488888
3818;20284985000;20100488888;20300488888
3819;20284986000;20100488888;20300488888
3820;20284987000;20100488888;20300488888
3821;20284988000;20100488888;20300488888
3822;20284989000;20100488888;20300488888
3823;20284990000;20100488888;20300488888
3824;20284991000;20100488888;20300488888
3825;20284992000;20100488888;20300488888
3826;20285000000;20100488888;20300488888
3827;20326722000;20100488888;20300488888
3828;20326728000;20142155555;20342155555
3829;20326729000;20142155555;20342155555
3830;20326730000;20142155555;20342155555
3831;20326731000;20142155555;20342155555
3832;20326732000;20142155555;20342155555
3833;20326732000;20142155555;20342155555
3834;20326733000;20142155555;20342155555
3835;20326734000;20142155555;20342155555
3836;20326735000;20142155555;20342155555
3837;20326736000;20142155555;20342155555
3838;20368391000;20142155555;20342155555
3839;20368396000;20183733333;20383733333
3840;20368397000;20183733333;20383733333
3841;20368398000;20183733333;20383733333
3842;20368410000;20183733333;20383733333
3843;20368411000;20183733333;20383733333
3844;20368412000;20183733333;20383733333
3845;20368413000;20183733333;20383733333
3848;20369184000;20183733333;20383733333
3849;20409963000;20183733333;20383733333
3850;20409969000;20225455555;20425455555
3851;20409970000;20225455555;20425455555
3852;20409971000;20225455555;20425455555
3853;20409972000;20225455555;20425455555
3854;20409973000;20225455555;20425455555
3855;20409974000;20225455555;20425455555
3856;20409975000;20225455555;20425455555
3857;20409976000;20225455555;20425455555
3858;20409977000;20225455555;20425455555
3859;20409978000;20225455555;20425455555
3860;20451691000;20225455555;20425455555
3862;20452476000;20267100000;20467100000
3865;20452479000;20267100000;20467100000
3866;20452480000;20267100000;20467100000
3867;20452481000;20267100000;20467100000
3868;20452482000;20267100000;20467100000
3869;20452483000;20267100000;20467100000
3870;20452484000;20267100000;20467100000
3871;20493298000;20267100000;20467100000
3872;20493303000;20308800000;20508800000
3873;20493304000;20308800000;20508800000
3874;20493305000;20308800000;20508800000
3875;20493306000;20308800000;20508800000
3876;20493307000;20308800000;20508800000
3877;20493308000;20308800000;20508800000
3878;20493309000;20308800000;20508800000
3879;20493309000;20308800000;20508800000
3880;20493311000;20308800000;20508800000
3881;20493311000;20308800000;20508800000
3882;20535033000;20308800000;20508800000
3888;20535890000;20350466666;20550466666
3889;20535893000;20350466666;20550466666
3890;20535894000;20350466666;20550466666
3891;20535895000;20350466666;20550466666
3892;20535896000;20350466666;20550466666
3893;20576696000;20350466666;20550466666
3900;20577741000;20392122222;20592122222
3901;20577743000;20392122222;20592122222
3902;20577744000;20392122222;20592122222
3903;20577745000;20392122222;20592122222
3904;20618378000;20392122222;20592122222
3905;20618384000;20433766666;20633766666
3906;20618385000;20433766666;20633766666
3907;20618386000;20433766666;20633766666
3908;20618387000;20433766666;20633766666
3909;20618388000;20433766666;20633766666
3910;20618389000;20433766666;20633766666
3911;20618390000;20433766666;20633766666
3912;20618391000;20433766666;20633766666
3913;20618392000;20433766666;20633766666
3914;20618393000;20433766666;20633766666
3915;20660001000;20433766666;20633766666
3916;20660006000;20475500000;20675500000
3917;20660007000;20475500000;20675500000
3918;20660008000;20475500000;20675500000
3919;20660009000;20475500000;20675500000
3920;20660010000;20475500000;20675500000
3921;20660011000;20475500000;20675500000
3922;20660012000;20475500000;20675500000
3923;20660013000;20475500000;20675500000
3924;20660014000;20475500000;20675500000
3925;20660015000;20475500000;20675500000
3926;20701734000;20475500000;20675500000
3927;20701740000;20517144444;20717144444
3928;20701741000;20517144444;20717144444
3929;20701742000;20517144444;20717144444
3930;20701743000;20517144444;20717144444
3931;20701744000;20517144444;20717144444
3932;20701745000;20517144444;20717144444
3933;20701746000;20517144444;20717144444
3934;20701747000;20517144444;20717144444
3935;20701747000;20517144444;20717144444
3936;20701748000;20517144444;20717144444
3937;20743370000;20517144444;20717144444
3938;20743376000;20558744444;20758744444
3939;20743378000;20558744444;20758744444
3943;20744151000;20558744444;20758744444
3944;20744169000;20558744444;20758744444
3945;20744170000;20558744444;20758744444
3946;20744171000;20558744444;20758744444
3947;20744172000;20558744444;20758744444
3948;20784974000;20558744444;20758744444
3949;20784980000;20600500000;20800500000
3950;20784981000;20600500000;20800500000
3951;20784982000;20600500000;20800500000
3952;20784983000;20600500000;20800500000
3953;20784984000;20600500000;20800500000
3954;20784985000;20600500000;20800500000
3955;20784986000;20600500000;20800500000
3956;20784987000;20600500000;20800500000
3957;20784988000;20600500000;20800500000
3958;20784989000;20600500000;20800500000
3959;20826733000;20600500000;20800500000
3962;20827358000;20642111111;20842111111
3963;20827360000;20642111111;20842111111
3964;20827361000;20642111111;20842111111
3967;20827495000;20642111111;20842111111
3968;20827497000;20642111111;20842111111
3969;20827498000;20642111111;20842111111
3970;20868343000;20642111111;20842111111
3971;20868348000;20683766666;20883766666
3972;20868349000;20683766666;20883766666
3973;20868350000;20683766666;20883766666
3976;20869010000;20683766666;20883766666
3978;20869012000;20683766666;20883766666
3979;20869013000;20683766666;20883766666
3980;20869014000;20683766666;20883766666
3981;20910026000;20683766666;20883766666
3982;20910031000;20725500000;20925500000
3983;20910033000;20725500000;20925500000
3984;20910034000;20725500000;20925500000
3985;20910034000;20725500000;20925500000
3986;20910035000;20725500000;20925500000
3995;20993384000;20767122222;20967122222
4004;21035015000;20808766666;21008766666
4015;21076725000;20850488888;21050488888
4024;21076729000;20850488888;21050488888
4025;21076790000;20850488888;21050488888
4026;21076794000;20892100000;21092100000
4027;21076805000;20892100000;21092100000
4028;21076806000;20892100000;21092100000
4029;21076807000;20892100000;21092100000
4030;21076808000;20892100000;21092100000
4031;21076808000;20892100000;21092100000
4032;21076809000;20892100000;21092100000
4033;21076810000;20892100000;21092100000
4034;21076811000;20892100000;21092100000
4035;21076812000;20892100000;21092100000
4036;21118333000;20892100000;21092100000
4037;21118339000;20933788888;21133788888
4038;21118340000;20933788888;21133788888
4039;21118341000;20933788888;21133788888
4040;21118342000;20933788888;21133788888
4041;21118343000;20933788888;21133788888
4047;21160018000;20933788888;21133788888
4048;21160024000;20975455555;21175455555
4049;21160025000;20975455555;21175455555
4050;21160026000;20975455555;21175455555
4051;21160027000;20975455555;21175455555
4052;21160028000;20975455555;21175455555
4053;21160029000;20975455555;21175455555
4054;21160030000;20975455555;21175455555
4055;21160031000;20975455555;21175455555
4056;21160032000;20975455555;21175455555
4057;21160033000;20975455555;21175455555
4058;21201690000;20975455555;21175455555
4060;21202488000;21017088888;21217088888
4061;21202499000;21017088888;21217088888
4062;21202500000;21017088888;21217088888
4063;21202501000;21017088888;21217088888
4064;21202502000;21017088888;21217088888
4065;21202503000;21017088888;21217088888
4066;21202504000;21017088888;21217088888
4067;21202505000;21017088888;21217088888
4068;21202506000;21017088888;21217088888
4069;21243318000;21017088888;21217088888
4070;21243324000;21058722222;21258722222
4071;21243325000;21058722222;21258722222
4072;21243326000;21058722222;21258722222
4073;21243327000;21058722222;21258722222
4076;21244147000;21058722222;21258722222
4077;21244150000;21058722222;21258722222
4078;21244162000;21058722222;21258722222
4079;21244163000;21058722222;21258722222
4080;21284955000;21058722222;21258722222
4081;21284960000;21100455555;21300455555
4082;21284961000;21100455555;21300455555
4083;21284962000;21100455555;21300455555
4084;21284963000;21100455555;21300455555
4085;21284964000;21100455555;21300455555
4086;21284965000;21100455555;21300455555
4087;21284966000;21100455555;21300455555
4088;21284967000;21100455555;21300455555
4091;21326700000;21100455555;21300455555
4092;21326706000;21142144444;21342144444
4093;21326707000;21142144444;21342144444
4094;21326708000;21142144444;21342144444
4095;21326716000;21142144444;21342144444
4096;21326717000;21142144444;21342144444
4097;21326718000;21142144444;21342144444
4098;21326719000;21142144444;21342144444
4099;21326720000;21142144444;21342144444
4100;21326721000;21142144444;21342144444
4101;21326721000;21142144444;21342144444
4102;21368378000;21142144444;21342144444
4103;21368384000;21183744444;21383744444
4104;21368385000;21183744444;21383744444
4105;21368386000;21183744444;21383744444
4106;21368387000;21183744444;21383744444
4107;21368388000;21183744444;21383744444
4108;21368389000;21183744444;21383744444
4109;21368390000;21183744444;21383744444
4110;21368391000;21183744444;21383744444
4111;21368392000;21183744444;21383744444
4112;21368393000;21183744444;21383744444
4113;21409981000;21183744444;21383744444
4114;21409986000;21225500000;21425500000
4115;21409987000;21225500000;21425500000
4116;21409988000;21225500000;21425500000
4117;21409989000;21225500000;21425500000
4118;21409990000;21225500000;21425500000
4121;21410864000;21225500000;21425500000
4122;21410868000;21225500000;21425500000
4123;21410869000;21225500000;21425500000
4124;21451730000;21225500000;21425500000
4125;21451736000;21267144444;21467144444
4126;21451737000;21267144444;21467144444
4127;21451738000;21267144444;21467144444
4128;21451738000;21267144444;21467144444
4129;21451739000;21267144444;21467144444
4130;21451740000;21267144444;21467144444
4131;21451741000;21267144444;21467144444
4132;21451742000;21267144444;21467144444
4133;21451743000;21267144444;21467144444
4134;21451744000;21267144444;21467144444
4135;21493379000;21267144444;21467144444
4137;21494185000;21308777777;21508777777
4138;21494199000;21308777777;21508777777
4139;21494200000;21308777777;21508777777
4140;21494201000;21308777777;21508777777
4141;21494202000;21308777777;21508777777
4142;21494203000;21308777777;21508777777
4143;21494204000;21308777777;21508777777
4144;21494205000;21308777777;21508777777
4145;21494206000;21308777777;21508777777
4146;21535006000;21308777777;21508777777
4149;21535695000;21350477777;21550477777
4156;21535900000;21350477777;21550477777
4157;21576708000;21350477777;21550477777
4158;21576714000;21392088888;21592088888
4159;21576715000;21392088888;21592088888
4160;21576716000;21392088888;21592088888
4161;21576717000;21392088888;21592088888
4162;21576718000;21392088888;21592088888
4163;21576719000;21392088888;21592088888
4164;21576720000;21392088888;21592088888
4165;21576721000;21392088888;21592088888
4166;21576722000;21392088888;21592088888
4167;21576723000;21392088888;21592088888
4168;21618322000;21392088888;21592088888
4170;21619182000;21433766666;21633766666
4171;21619196000;21433766666;21633766666
4172;21619197000;21433766666;21633766666
4176;21619370000;21433766666;21633766666
4177;21619372000;21433766666;21633766666
4178;21619373000;21433766666;21633766666
4179;21659997000;21433766666;21633766666
4180;21660003000;21475500000;21675500000
4181;21660004000;21475500000;21675500000
4182;21660005000;21475500000;21675500000
4183;21660006000;21475500000;21675500000
4184;21660007000;21475500000;21675500000
4185;21660008000;21475500000;21675500000
4186;21660009000;21475500000;21675500000
4187;21660010000;21475500000;21675500000
4188;21660011000;21475500000;21675500000
4189;21660012000;21475500000;21675500000
4190;21701734000;21475500000;21675500000
4192;21702491000;21517166666;21717166666
4193;21702503000;21517166666;21717166666
4194;21702504000;21517166666;21717166666
4195;21702505000;21517166666;21717166666
4196;21702506000;21517166666;21717166666
4202;21785173000;21558733333;21758733333
4212;21785237000;21558733333;21758733333
4213;21785251000;21600500000;21800500000
4214;21785252000;21600500000;21800500000
4215;21785253000;21600500000;21800500000
4216;21785253000;21600500000;21800500000
4217;21785254000;21600500000;21800500000
4218;21785255000;21600500000;21800500000
4219;21785256000;21600500000;21800500000
4220;21785257000;21600500000;21800500000
4221;21785258000;21600500000;21800500000
4222;21785259000;21600500000;21800500000
4223;21826731000;21600500000;21800500000
4224;21826737000;21642144444;21842144444
4225;21826745000;21642144444;21842144444
4226;21826746000;21642144444;21842144444
4227;21826747000;21642144444;21842144444
4228;21826748000;21642144444;21842144444
4229;21826749000;21642144444;21842144444
4230;21826750000;21642144444;21842144444
4231;21826750000;21642144444;21842144444
4232;21826751000;21642144444;21842144444
4233;21826752000;21642144444;21842144444
4234;21868351000;21642144444;21842144444
4235;21868356000;21683777777;21883777777
4236;21868358000;21683777777;21883777777
4237;21868359000;21683777777;21883777777
4238;21868360000;21683777777;21883777777
4239;21868360000;21683777777;21883777777
4240;21868361000;21683777777;21883777777
4241;21868362000;21683777777;21883777777
4242;21868363000;21683777777;21883777777
4243;21868364000;21683777777;21883777777
4246;21951965000;21725522222;21925522222
4255;21951968000;21725522222;21925522222
4256;21952049000;21725522222;21925522222
4257;21952062000;21767144444;21967144444
4258;21952064000;21767144444;21967144444
4259;21952065000;21767144444;21967144444
4260;21952066000;21767144444;21967144444
4261;21952067000;21767144444;21967144444
4262;21952068000;21767144444;21967144444
4263;21952069000;21767144444;21967144444
4264;21952069000;21767144444;21967144444
4265;21952081000;21767144444;21967144444
4266;21952082000;21767144444;21967144444
4267;21993349000;21767144444;21967144444
4268;21993355000;21808766666;22008766666
4269;21993356000;21808766666;22008766666
4270;21993357000;21808766666;22008766666
4271;21993358000;21808766666;22008766666
4272;21993359000;21808766666;22008766666
4273;21993360000;21808766666;22008766666
4278;22035042000;21808766666;22008766666
4282;22035756000;21850477777;22050477777
4283;22035758000;21850477777;22050477777
4284;22035759000;21850477777;22050477777
4287;22035950000;21850477777;22050477777
4288;22035952000;21850477777;22050477777
4289;22076736000;21850477777;22050477777
4290;22076742000;21892122222;22092122222
4291;22076743000;21892122222;22092122222
4292;22076744000;21892122222;22092122222
4293;22076745000;21892122222;22092122222
4294;22076746000;21892122222;22092122222
4295;22076747000;21892122222;22092122222
4296;22076748000;21892122222;22092122222
4297;22076749000;21892122222;22092122222
4298;22076750000;21892122222;22092122222
4299;22076751000;21892122222;22092122222
4300;22118355000;21892122222;22092122222
4301;22118361000;21933777777;22133777777
4302;22118362000;21933777777;22133777777
4303;22118363000;21933777777;22133777777
4304;22118364000;21933777777;22133777777
4305;22118365000;21933777777;22133777777
4306;22118366000;21933777777;22133777777
4307;22118367000;21933777777;22133777777
4308;22118368000;21933777777;22133777777
4309;22118369000;21933777777;22133777777
4310;22118370000;21933777777;22133777777
4311;22160013000;21933777777;22133777777
4312;22160019000;21975500000;22175500000
4313;22160020000;21975500000;22175500000
4314;22160021000;21975500000;22175500000
4315;22160022000;21975500000;22175500000
4316;22160023000;21975500000;22175500000
4317;22160024000;21975500000;22175500000
4322;22201730000;21975500000;22175500000
4323;22201735000;22017100000;22217100000
4324;22201737000;22017100000;22217100000
4325;22201737000;22017100000;22217100000
4326;22201739000;22017100000;22217100000
4327;22201740000;22017100000;22217100000
4328;22201741000;22017100000;22217100000
4329;22201742000;22017100000;22217100000
4330;22201742000;22017100000;22217100000
4331;22201743000;22017100000;22217100000
4332;22201744000;22017100000;22217100000
4333;22243333000;22017100000;22217100000
4335;22244003000;22058733333;22258733333
4337;22244005000;22058733333;22258733333
4338;22244006000;22058733333;22258733333
4339;22244007000;22058733333;22258733333
4340;22244008000;22058733333;22258733333
4341;22244009000;22058733333;22258733333
4342;22244010000;22058733333;22258733333
4345;22326928000;22100488888;22300488888
4356;22368402000;22142166666;22342166666
4367;22410012000;22183777777;22383777777
4377;22410076000;22183777777;22383777777
4378;22410089000;22225500000;22425500000
4379;22410091000;22225500000;22425500000
4380;22410091000;22225500000;22425500000
4381;22410099000;22225500000;22425500000
4382;22410100000;22225500000;22425500000
4383;22410101000;22225500000;22425500000
4384;22410102000;22225500000;22425500000
4385;22410103000;22225500000;22425500000
4386;22410104000;22225500000;22425500000
4387;22410105000;22225500000;22425500000
4388;22451732000;22225500000;22425500000
4389;22451738000;22267133333;22467133333
4390;22451740000;22267133333;22467133333
4391;22451740000;22267133333;22467133333
4392;22451741000;22267133333;22467133333
4393;22451742000;22267133333;22467133333
4394;22451743000;22267133333;22467133333
4395;22451744000;22267133333;22467133333
4398;22452343000;22267133333;22467133333
4399;22493357000;22267133333;22467133333
4400;22493363000;22308766666;22508766666
4401;22493364000;22308766666;22508766666
4402;22493365000;22308766666;22508766666
4403;22493366000;22308766666;22508766666
4404;22493367000;22308766666;22508766666
4405;22493368000;22308766666;22508766666
4406;22493369000;22308766666;22508766666
4407;22493370000;22308766666;22508766666
4408;22493371000;22308766666;22508766666
4409;22493372000;22308766666;22508766666
4410;22534998000;22308766666;22508766666
4412;22535860000;22350488888;22550488888
4413;22535874000;22350488888;22550488888
4414;22535875000;22350488888;22550488888
4415;22535876000;22350488888;22550488888
4418;22536090000;22350488888;22550488888
4420;22536092000;22350488888;22550488888
4421;22576707000;22350488888;22550488888
4422;22576713000;22392144444;22592144444
4423;22576714000;22392144444;22592144444
4424;22576715000;22392144444;22592144444
4425;22576716000;22392144444;22592144444
4426;22576717000;22392144444;22592144444
4427;22576718000;22392144444;22592144444
4428;22576719000;22392144444;22592144444
4429;22576720000;22392144444;22592144444
4430;22576721000;22392144444;22592144444
4431;22576722000;22392144444;22592144444
4432;22618377000;22392144444;22592144444
4434;22619010000;22433755555;22633755555
4436;22619013000;22433755555;22633755555
4437;22619014000;22433755555;22633755555
4438;22619015000;22433755555;22633755555
4439;22619016000;22433755555;22633755555
4440;22619017000;22433755555;22633755555
4441;22619018000;22433755555;22633755555
4442;22619019000;22433755555;22633755555
4443;22659983000;22433755555;22633755555
4444;22659989000;22475511111;22675511111
4445;22659990000;22475511111;22675511111
4446;22659991000;22475511111;22675511111
4447;22659992000;22475511111;22675511111
4448;22659993000;22475511111;22675511111
4449;22659994000;22475511111;22675511111
4450;22659995000;22475511111;22675511111
4451;22659996000;22475511111;22675511111
4456;22743364000;22517133333;22717133333
4466;22785025000;22558777777;22758777777
4477;22826746000;22600511111;22800511111
4488;22868305000;22642066666;22842066666
4499;22909993000;22683755555;22883755555
4510;22951715000;22725477777;22925477777
4521;22993294000;22767055555;22967055555
4532;23034958000;22808722222;23008722222
4540;23034962000;22808722222;23008722222
4541;23034963000;22808722222;23008722222
4542;23035024000;22808722222;23008722222
4543;23035028000;22850444444;23050444444
4544;23035039000;22850444444;23050444444
4545;23035040000;22850444444;23050444444
4546;23035040000;22850444444;23050444444
4547;23035041000;22850444444;23050444444
4548;23035042000;22850444444;23050444444
4549;23035043000;22850444444;23050444444
4550;23035044000;22850444444;23050444444
4551;23035045000;22850444444;23050444444
4552;23035046000;22850444444;23050444444
4553;23076679000;22850444444;23050444444
4558;23077461000;22892077777;23092077777
4559;23077464000;22892077777;23092077777
4560;23077465000;22892077777;23092077777
4561;23077466000;22892077777;23092077777
4562;23077467000;22892077777;23092077777
4563;23077468000;22892077777;23092077777
4564;23118309000;22892077777;23092077777
4565;23118315000;22933766666;23133766666
4566;23118316000;22933766666;23133766666
4567;23118317000;22933766666;23133766666
4568;23118318000;22933766666;23133766666
4569;23118319000;22933766666;23133766666
4570;23118319000;22933766666;23133766666
4571;23118321000;22933766666;23133766666
4572;23118321000;22933766666;23133766666
4573;23118329000;22933766666;23133766666
4574;23118330000;22933766666;23133766666
4575;23160003000;22933766666;23133766666
4577;23160804000;22975466666;23175466666
4580;23161041000;22975466666;23175466666
4582;23161043000;22975466666;23175466666
4583;23161044000;22975466666;23175466666
4584;23161045000;22975466666;23175466666
4585;23161046000;22975466666;23175466666
4586;23201697000;22975466666;23175466666
4587;23201703000;23017122222;23217122222
4588;23201704000;23017122222;23217122222
4589;23201705000;23017122222;23217122222
4590;23201706000;23017122222;23217122222
4591;23201707000;23017122222;23217122222
4592;23201708000;23017122222;23217122222
4593;23201709000;23017122222;23217122222
4594;23201710000;23017122222;23217122222
4595;23201711000;23017122222;23217122222
4596;23201712000;23017122222;23217122222
4597;23243356000;23017122222;23217122222
4599;23244013000;23058766666;23258766666
4601;23244015000;23058766666;23258766666
4602;23244016000;23058766666;23258766666
4603;23244017000;23058766666;23258766666
4604;23244018000;23058766666;23258766666
4605;23244019000;23058766666;23258766666
4606;23244020000;23058766666;23258766666
4607;23244021000;23058766666;23258766666
4608;23284998000;23058766666;23258766666
4609;23285003000;23100466666;23300466666
4613;23285832000;23100466666;23300466666
4614;23285834000;23100466666;23300466666
4615;23285845000;23100466666;23300466666
4616;23285846000;23100466666;23300466666
4617;23285847000;23100466666;23300466666
4618;23285847000;23100466666;23300466666
4619;23326695000;23100466666;23300466666
4620;23326701000;23142122222;23342122222
4621;23326702000;23142122222;23342122222
4622;23326703000;23142122222;23342122222
4623;23326704000;23142122222;23342122222
4624;23326705000;23142122222;23342122222
4625;23326706000;23142122222;23342122222
4626;23326707000;23142122222;23342122222
4627;23326707000;23142122222;23342122222
4628;23326708000;23142122222;23342122222
4629;23326709000;23142122222;23342122222
4630;23368357000;23142122222;23342122222
4633;23369040000;23183755555;23383755555
4634;23369042000;23183755555;23383755555
4635;23369043000;23183755555;23383755555
4636;23369054000;23183755555;23383755555
4637;23369054000;23183755555;23383755555
4638;23369055000;23183755555;23383755555
4639;23369056000;23183755555;23383755555
4640;23369057000;23183755555;23383755555
4641;23409986000;23183755555;23383755555
4642;23409992000;23225488888;23425488888
4643;23409993000;23225488888;23425488888
4644;23409994000;23225488888;23425488888
4645;23409995000;23225488888;23425488888
4646;23409996000;23225488888;23425488888
4647;23409997000;23225488888;23425488888
4648;23409998000;23225488888;23425488888
4649;23409999000;23225488888;23425488888
4650;23409999000;23225488888;23425488888
4651;23410000000;23225488888;23425488888
4652;23451696000;23225488888;23425488888
4653;23451702000;23267100000;23467100000
4654;23451704000;23267100000;23467100000
4655;23451705000;23267100000;23467100000
4656;23451706000;23267100000;23467100000
4659;23452247000;23267100000;23467100000
4660;23452249000;23267100000;23467100000
4661;23452250000;23267100000;23467100000
4662;23452251000;23267100000;23467100000
4663;23493344000;23267100000;23467100000
4664;23493350000;23308766666;23508766666
4665;23493351000;23308766666;23508766666
4666;23493352000;23308766666;23508766666
4667;23493353000;23308766666;23508766666
4668;23493354000;23308766666;23508766666
4669;23493355000;23308766666;23508766666
4670;23493356000;23308766666;23508766666
4671;23493357000;23308766666;23508766666
4672;23493358000;23308766666;23508766666
4675;23576924000;23350466666;23550466666
4685;23576979000;23350466666;23550466666
4686;23576983000;23392055555;23592055555
4687;23576984000;23392055555;23592055555
4688;23576985000;23392055555;23592055555
4689;23576986000;23392055555;23592055555
4690;23576987000;23392055555;23592055555
4691;23576988000;23392055555;23592055555
4692;23576989000;23392055555;23592055555
4695;23577466000;23392055555;23592055555
4696;23618285000;23392055555;23592055555
4697;23618291000;23433733333;23633733333
4698;23618292000;23433733333;23633733333
4699;23618300000;23433733333;23633733333
4700;23618301000;23433733333;23633733333
4701;23618302000;23433733333;23633733333
4702;23618303000;23433733333;23633733333
4703;23618304000;23433733333;23633733333
4704;23618305000;23433733333;23633733333
4705;23618306000;23433733333;23633733333
4708;23701898000;23475455555;23675455555
4718;23701961000;23475455555;23675455555
4719;23701965000;23517133333;23717133333
4720;23701976000;23517133333;23717133333
4721;23701977000;23517133333;23717133333
4722;23701978000;23517133333;23717133333
4723;23701979000;23517133333;23717133333
4727;23702468000;23517133333;23717133333
4728;23702471000;23517133333;23717133333
4729;23743356000;23517133333;23717133333
4730;23743362000;23558744444;23758744444
4731;23743363000;23558744444;23758744444
4732;23743364000;23558744444;23758744444
4733;23743365000;23558744444;23758744444
4734;23743366000;23558744444;23758744444
4735;23743367000;23558744444;23758744444
4738;23743941000;23558744444;23758744444
4740;23784989000;23558744444;23758744444
4741;23784995000;23600488888;23800488888
4742;23784996000;23600488888;23800488888
4743;23784997000;23600488888;23800488888
4744;23784998000;23600488888;23800488888
4745;23784998000;23600488888;23800488888
4746;23784999000;23600488888;23800488888
4747;23785000000;23600488888;23800488888
4748;23785001000;23600488888;23800488888
4749;23785002000;23600488888;23800488888
4750;23785003000;23600488888;23800488888
4751;23826721000;23600488888;23800488888
4752;23826727000;23642122222;23842122222
4753;23826728000;23642122222;23842122222
4754;23826729000;23642122222;23842122222
4755;23826730000;23642122222;23842122222
4756;23826731000;23642122222;23842122222
4757;23826731000;23642122222;23842122222
4758;23826732000;23642122222;23842122222
4759;23826733000;23642122222;23842122222
4760;23826734000;23642122222;23842122222
4761;23826735000;23642122222;23842122222
4762;23868356000;23642122222;23842122222
4763;23868361000;23683755555;23883755555
4764;23868363000;23683755555;23883755555
4765;23868364000;23683755555;23883755555
4766;23868364000;23683755555;23883755555
4767;23868365000;23683755555;23883755555
4768;23868366000;23683755555;23883755555
4769;23868367000;23683755555;23883755555
4770;23868368000;23683755555;23883755555
4771;23868369000;23683755555;23883755555
4772;23868370000;23683755555;23883755555
4773;23909991000;23683755555;23883755555
4774;23909997000;23725511111;23925511111
4775;23909998000;23725511111;23925511111
4776;23909999000;23725511111;23925511111
4777;23910000000;23725511111;23925511111
4778;23910001000;23725511111;23925511111
4779;23910001000;23725511111;23925511111
4780;23910002000;23725511111;23925511111
4781;23910003000;23725511111;23925511111
4782;23910004000;23725511111;23925511111
4785;23993647000;23767177777;23967177777
4796;24034982000;23808744444;24008744444
4807;24076728000;23850488888;24050488888
4818;24118353000;23892122222;24092122222
4829;24160025000;23933777777;24133777777
4840;24201738000;23975500000;24175500000
4850;24201802000;23975500000;24175500000
4851;24201815000;24017155555;24217155555
4852;24201816000;24017155555;24217155555
4853;24201817000;24017155555;24217155555
4854;24201818000;24017155555;24217155555
4855;24201819000;24017155555;24217155555
4856;24201820000;24017155555;24217155555
4857;24201821000;24017155555;24217155555
4858;24201822000;24017155555;24217155555
4859;24201823000;24017155555;24217155555
4860;24201823000;24017155555;24217155555
4861;24243390000;24017155555;24217155555
4862;24243396000;24058766666;24258766666
4863;24243397000;24058766666;24258766666
4864;24243398000;24058766666;24258766666
4867;24244115000;24058766666;24258766666
4868;24244127000;24058766666;24258766666
4869;24244128000;24058766666;24258766666
4870;24244129000;24058766666;24258766666
4871;24244129000;24058766666;24258766666
4872;24284998000;24058766666;24258766666
4873;24285004000;24100477777;24300477777
4874;24285005000;24100477777;24300477777
4875;24285006000;24100477777;24300477777
4876;24285007000;24100477777;24300477777
4877;24285008000;24100477777;24300477777
4878;24285009000;24100477777;24300477777
4881;24285652000;24100477777;24300477777
4883;24326709000;24100477777;24300477777
4884;24326715000;24142155555;24342155555
4885;24326716000;24142155555;24342155555
4886;24326717000;24142155555;24342155555
4887;24326718000;24142155555;24342155555
4888;24326719000;24142155555;24342155555
4889;24326720000;24142155555;24342155555
4890;24326721000;24142155555;24342155555
4896;24410049000;24183788888;24383788888
4906;24451715000;24225477777;24425477777
4917;24493406000;24267166666;24467166666
4929;24535010000;24308777777;24508777777
4938;24535074000;24308777777;24508777777
4939;24535078000;24350477777;24550477777
4940;24535089000;24350477777;24550477777
4941;24535089000;24350477777;24550477777
4942;24535090000;24350477777;24550477777
4943;24535091000;24350477777;24550477777
4944;24535092000;24350477777;24550477777
4945;24535093000;24350477777;24550477777
4946;24535094000;24350477777;24550477777
4947;24535095000;24350477777;24550477777
4948;24535096000;24350477777;24550477777
4949;24576712000;24350477777;24550477777
4952;24577363000;24392122222;24592122222
4953;24577365000;24392122222;24592122222
4954;24577366000;24392122222;24592122222
4955;24577367000;24392122222;24592122222
4956;24577368000;24392122222;24592122222
4957;24577369000;24392122222;24592122222
4960;24618330000;24392122222;24592122222
4961;24618336000;24433788888;24633788888
4962;24618338000;24433788888;24633788888
4963;24618338000;24433788888;24633788888
4964;24618339000;24433788888;24633788888
4965;24618340000;24433788888;24633788888
4968;24619088000;24433788888;24633788888
4969;24619090000;24433788888;24633788888
4970;24619091000;24433788888;24633788888
4971;24660046000;24433788888;24633788888
4972;24660052000;24475522222;24675522222
4973;24660053000;24475522222;24675522222
4974;24660054000;24475522222;24675522222
4975;24660055000;24475522222;24675522222
4976;24660056000;24475522222;24675522222
4977;24660057000;24475522222;24675522222
4978;24660058000;24475522222;24675522222
4979;24660058000;24475522222;24675522222
4980;24660059000;24475522222;24675522222
4981;24660060000;24475522222;24675522222
4982;24701758000;24475522222;24675522222
4983;24701763000;24517155555;24717155555
4984;24701764000;24517155555;24717155555
4985;24701765000;24517155555;24717155555
4986;24701766000;24517155555;24717155555
4987;24701767000;24517155555;24717155555
4988;24701768000;24517155555;24717155555
4989;24701769000;24517155555;24717155555
4990;24701770000;24517155555;24717155555
4994;24785186000;24558744444;24758744444
5003;24785189000;24558744444;24758744444
5004;24785250000;24558744444;24758744444
5005;24785263000;24600511111;24800511111
5006;24785265000;24600511111;24800511111
5007;24785265000;24600511111;24800511111
5008;24785266000;24600511111;24800511111
5009;24785267000;24600511111;24800511111
5010;24785268000;24600511111;24800511111
5011;24785269000;24600511111;24800511111
5012;24785270000;24600511111;24800511111
5013;24785271000;24600511111;24800511111
5014;24785272000;24600511111;24800511111
5015;24826742000;24600511111;24800511111
5016;24826748000;24642144444;24842144444
5017;24826749000;24642144444;24842144444
5018;24826750000;24642144444;24842144444
5019;24826751000;24642144444;24842144444
5020;24826752000;24642144444;24842144444
5021;24826753000;24642144444;24842144444
5022;24826754000;24642144444;24842144444
5023;24826755000;24642144444;24842144444
5024;24826756000;24642144444;24842144444
5028;24910053000;24683777777;24883777777
5038;24951663000;24725500000;24925500000
5048;24951786000;24725500000;24925500000
5049;24951792000;24767133333;24967133333
5050;24951793000;24767133333;24967133333
5051;24951794000;24767133333;24967133333
5052;24951795000;24767133333;24967133333
5053;24951796000;24767133333;24967133333
5054;24951797000;24767133333;24967133333
5055;24951798000;24767133333;24967133333
5056;24951799000;24767133333;24967133333
5057;24951800000;24767133333;24967133333
5058;24951800000;24767133333;24967133333
5059;24993455000;24767133333;24967133333
5060;24993461000;24808766666;25008766666
5061;24993462000;24808766666;25008766666
5062;24993463000;24808766666;25008766666
5063;24993473000;24808766666;25008766666
5064;24993474000;24808766666;25008766666
5065;24993475000;24808766666;25008766666
5066;24993476000;24808766666;25008766666
5069;24994128000;24808766666;25008766666
5070;25035046000;24808766666;25008766666
5071;25035051000;24850500000;25050500000
5072;25035052000;24850500000;25050500000
5073;25035053000;24850500000;25050500000
5074;25035054000;24850500000;25050500000
5075;25035055000;24850500000;25050500000
5076;25035056000;24850500000;25050500000
5081;25076781000;24850500000;25050500000
5082;25076787000;24892111111;25092111111
5083;25076788000;24892111111;25092111111
5084;25076789000;24892111111;25092111111
5085;25076790000;24892111111;25092111111
5086;25076791000;24892111111;25092111111
5087;25076792000;24892111111;25092111111
5088;25076793000;24892111111;25092111111
5089;25076794000;24892111111;25092111111
5090;25076794000;24892111111;25092111111
5091;25076795000;24892111111;25092111111
5092;25118407000;24892111111;25092111111
5093;25118413000;24933788888;25133788888
5094;25118414000;24933788888;25133788888
5095;25118415000;24933788888;25133788888
5096;25118416000;24933788888;25133788888
5097;25118417000;24933788888;25133788888
5098;25118418000;24933788888;25133788888
5099;25118419000;24933788888;25133788888
5100;25118420000;24933788888;25133788888
5101;25118421000;24933788888;25133788888
5104;25202008000;24975511111;25175511111
5115;25243429000;25017144444;25217144444
5124;25243433000;25017144444;25217144444
5125;25243542000;25017144444;25217144444
5126;25243548000;25058755555;25258755555
5127;25243559000;25058755555;25258755555
5128;25243560000;25058755555;25258755555
5129;25243561000;25058755555;25258755555
5130;25243562000;25058755555;25258755555
5131;25243563000;25058755555;25258755555
5132;25243563000;25058755555;25258755555
5133;25243564000;25058755555;25258755555
5134;25243565000;25058755555;25258755555
5135;25243566000;25058755555;25258755555
5140;25326785000;25100488888;25300488888
5148;25368415000;25142144444;25342144444
5158;25368532000;25142144444;25342144444
5159;25368547000;25183777777;25383777777
5160;25368549000;25183777777;25383777777
5161;25368550000;25183777777;25383777777
5162;25368551000;25183777777;25383777777
5163;25368552000;25183777777;25383777777
5164;25368553000;25183777777;25383777777
5165;25368554000;25183777777;25383777777
5166;25368555000;25183777777;25383777777
5167;25368556000;25183777777;25383777777
5168;25368557000;25183777777;25383777777
5169;25410061000;25183777777;25383777777
5170;25410067000;25225500000;25425500000
5171;25410068000;25225500000;25425500000
5172;25410069000;25225500000;25425500000
5173;25410070000;25225500000;25425500000
5174;25410071000;25225500000;25425500000
5175;25410072000;25225500000;25425500000
5176;25410072000;25225500000;25425500000
5177;25410073000;25225500000;25425500000
5178;25410074000;25225500000;25425500000
5184;25493443000;25267155555;25467155555
5192;25535050000;25308755555;25508755555
5203;25576785000;25350500000;25550500000
5213;25576894000;25350500000;25550500000
5214;25576899000;25392144444;25592144444
5215;25576900000;25392144444;25592144444
5216;25576902000;25392144444;25592144444
5217;25576902000;25392144444;25592144444
5218;25576903000;25392144444;25592144444
5219;25576904000;25392144444;25592144444
5220;25576905000;25392144444;25592144444
5221;25576906000;25392144444;25592144444
5222;25576907000;25392144444;25592144444
5223;25576908000;25392144444;25592144444
5224;25618420000;25392144444;25592144444
5227;25619150000;25433755555;25633755555
5228;25619152000;25433755555;25633755555
5229;25619153000;25433755555;25633755555
5230;25619154000;25433755555;25633755555
5231;25619155000;25433755555;25633755555
5232;25619156000;25433755555;25633755555
5233;25619157000;25433755555;25633755555
5234;25619158000;25433755555;25633755555
5235;25660051000;25433755555;25633755555
5236;25660057000;25475511111;25675511111
5237;25660058000;25475511111;25675511111
5241;25660712000;25475511111;25675511111
5242;25660715000;25475511111;25675511111
5247;25743627000;25517122222;25717122222
5255;25743630000;25517122222;25717122222
5256;25743639000;25517122222;25717122222
5257;25743766000;25517122222;25717122222
5258;25743772000;25558766666;25758766666
5259;25743778000;25558766666;25758766666
5260;25743780000;25558766666;25758766666
5261;25743781000;25558766666;25758766666
5264;25743950000;25558766666;25758766666
5265;25743952000;25558766666;25758766666
5266;25743953000;25558766666;25758766666
5267;25743954000;25558766666;25758766666
5268;25785055000;25558766666;25758766666
5269;25785061000;25600511111;25800511111
5270;25785062000;25600511111;25800511111
5271;25785063000;25600511111;25800511111
5272;25785064000;25600511111;25800511111
5273;25785065000;25600511111;25800511111
5274;25785066000;25600511111;25800511111
5275;25785067000;25600511111;25800511111
5276;25785068000;25600511111;25800511111
5277;25785068000;25600511111;25800511111
5278;25785069000;25600511111;25800511111
5279;25826783000;25600511111;25800511111
5281;25827474000;25642144444;25842144444
5282;25827476000;25642144444;25842144444
5283;25827477000;25642144444;25842144444
5284;25827478000;25642144444;25842144444
5285;25827479000;25642144444;25842144444
5286;25827480000;25642144444;25842144444
5287;25827481000;25642144444;25842144444
5288;25827482000;25642144444;25842144444
5289;25827483000;25642144444;25842144444
5290;25868436000;25642144444;25842144444
5291;25868442000;25683744444;25883744444
5292;25868443000;25683744444;25883744444
5293;25868443000;25683744444;25883744444
5294;25868444000;25683744444;25883744444
5295;25868445000;25683744444;25883744444
5296;25868446000;25683744444;25883744444
5297;25868447000;25683744444;25883744444
5298;25868448000;25683744444;25883744444
5299;25868449000;25683744444;25883744444
5300;25868450000;25683744444;25883744444
5301;25910043000;25683744444;25883744444
5302;25910049000;25725477777;25925477777
5303;25910050000;25725477777;25925477777
5304;25910051000;25725477777;25925477777
5305;25910052000;25725477777;25925477777
5306;25910052000;25725477777;25925477777
5307;25910054000;25725477777;25925477777
5308;25910054000;25725477777;25925477777
5313;25993637000;25767133333;25967133333
5322;25993640000;25767133333;25967133333
5323;25993719000;25767133333;25967133333
5324;25993724000;25808766666;26008766666
5325;25993726000;25808766666;26008766666
5326;25993727000;25808766666;26008766666
5327;25993728000;25808766666;26008766666
5328;25993729000;25808766666;26008766666
5329;25993730000;25808766666;26008766666
5330;25993731000;25808766666;26008766666
5331;25993732000;25808766666;26008766666
5332;25993732000;25808766666;26008766666
5335;26076655000;25850477777;26050477777
5348;26118381000;25892111111;26092111111
5357;26160062000;25933788888;26133788888
5368;26201784000;25975500000;26175500000
5378;26201893000;25975500000;26175500000
5379;26201898000;26017166666;26217166666
5380;26201899000;26017166666;26217166666
5381;26201900000;26017166666;26217166666
5382;26201901000;26017166666;26217166666
5383;26201902000;26017166666;26217166666
5384;26201903000;26017166666;26217166666
5385;26201904000;26017166666;26217166666
5386;26201905000;26017166666;26217166666
5387;26201906000;26017166666;26217166666
5388;26201907000;26017166666;26217166666
5389;26243464000;26017166666;26217166666
5390;26243470000;26058755555;26258755555
5391;26243471000;26058755555;26258755555
5392;26243472000;26058755555;26258755555
5393;26243473000;26058755555;26258755555
5394;26243474000;26058755555;26258755555
5395;26243475000;26058755555;26258755555
5396;26243476000;26058755555;26258755555
5397;26243477000;26058755555;26258755555
5398;26243478000;26058755555;26258755555
5399;26243478000;26058755555;26258755555
5402;26326769000;26100488888;26300488888
5410;26326773000;26100488888;26300488888
5411;26326880000;26100488888;26300488888
5412;26326886000;26142144444;26342144444
5413;26326887000;26142144444;26342144444
5414;26326888000;26142144444;26342144444
5415;26326889000;26142144444;26342144444
5416;26326890000;26142144444;26342144444
5417;26326891000;26142144444;26342144444
5418;26326891000;26142144444;26342144444
5423;26410280000;26183788888;26383788888
5434;26451785000;26225511111;26425511111
5445;26493427000;26267122222;26467122222
5454;26493431000;26267122222;26467122222
5455;26493494000;26267122222;26467122222
5456;26493497000;26308788888;26508788888
5457;26493498000;26308788888;26508788888
5458;26493499000;26308788888;26508788888
5459;26493500000;26308788888;26508788888
5460;26493500000;26308788888;26508788888
5461;26493502000;26308788888;26508788888
5462;26493502000;26308788888;26508788888
5463;26493503000;26308788888;26508788888
5464;26493504000;26308788888;26508788888
5465;26493505000;26308788888;26508788888
5470;26576769000;26350488888;26550488888
5478;26618395000;26392100000;26592100000
5479;26618399000;26392100000;26592100000
5480;26618400000;26392100000;26592100000
5481;26618400000;26392100000;26592100000
5482;26618401000;26392100000;26592100000
5483;26618402000;26392100000;26592100000
5484;26618403000;26392100000;26592100000
5485;26618404000;26392100000;26592100000
5486;26618405000;26392100000;26592100000
5487;26618406000;26392100000;26592100000
5488;26618469000;26392100000;26592100000
5489;26618472000;26433766666;26633766666
5490;26618473000;26433766666;26633766666
5491;26618474000;26433766666;26633766666
5492;26618475000;26433766666;26633766666
5493;26618476000;26433766666;26633766666
5494;26618477000;26433766666;26633766666
5495;26618478000;26433766666;26633766666
5496;26618479000;26433766666;26633766666
5497;26618480000;26433766666;26633766666
5498;26618481000;26433766666;26633766666
5499;26660050000;26433766666;26633766666
