seqnum;now;rtptime;deadline
88;8277596000;8059188888;8259188888
89;8277602000;8059188888;8259188888
91;8277604000;8059188888;8259188888
92;8277606000;8059188888;8259188888
94;8277608000;8059188888;8259188888
95;8277609000;8059188888;8259188888
96;8277611000;8059188888;8259188888
97;8277613000;8059188888;8259188888
98;8278338000;8059188888;8259188888
99;8278343000;8100844444;8300844444
100;8278344000;8100844444;8300844444
101;8278346000;8100844444;8300844444
102;8278347000;8100844444;8300844444
105;8319058000;8100844444;8300844444
106;8319061000;8100844444;8300844444
107;8319062000;8100844444;8300844444
108;8319063000;8100844444;8300844444
109;8319190000;8100844444;8300844444
110;8319195000;8142611111;8342611111
111;8319197000;8142611111;8342611111
112;8319198000;8142611111;8342611111
113;8319199000;8142611111;8342611111
114;8319200000;8142611111;8342611111
115;8319201000;8142611111;8342611111
116;8319202000;8142611111;8342611111
118;8360828000;8142611111;8342611111
119;8360832000;8142611111;8342611111
120;8360951000;8142611111;8342611111
121;8360956000;8184277777;8384277777
122;8360958000;8184277777;8384277777
123;8360959000;8184277777;8384277777
124;8360959000;8184277777;8384277777
125;8360960000;8184277777;8384277777
127;8402531000;8184277777;8384277777
131;8402692000;8184277777;8384277777
132;8402699000;8225900000;8425900000
133;8402700000;8225900000;8425900000
134;8402701000;8225900000;8425900000
135;8402703000;8225900000;8425900000
136;8402704000;8225900000;8425900000
137;8402706000;8225900000;8425900000
138;8402707000;8225900000;8425900000
139;8402708000;8225900000;8425900000
140;8402709000;8225900000;8425900000
141;8402710000;8225900000;8425900000
142;8444176000;8225900000;8425900000
143;8444181000;8267555555;8467555555
145;8485903000;8267555555;8467555555
146;8485905000;8267555555;8467555555
149;8485906000;8267555555;8467555555
150;8485907000;8267555555;8467555555
151;8485908000;8267555555;8467555555
152;8485909000;8267555555;8467555555
154;8527628000;8309300000;8509300000
155;8527631000;8309300000;8509300000
156;8527632000;8309300000;8509300000
157;8527633000;8309300000;8509300000
158;8527634000;8309300000;8509300000
159;8527635000;8309300000;8509300000
160;8527636000;8309300000;8509300000
161;8527637000;8309300000;8509300000
163;8527638000;8309300000;8509300000
164;8527652000;8309300000;8509300000
165;8527653000;8350911111;8550911111
166;8527654000;8350911111;8550911111
167;8527655000;8350911111;8550911111
168;8527656000;8350911111;8550911111
169;8527657000;8350911111;8550911111
172;8569126000;8350911111;8550911111
173;8569140000;8350911111;8550911111
174;8569141000;8350911111;8550911111
175;8569246000;8350911111;8550911111
176;8569262000;8392588888;8592588888
179;8610806000;8392588888;8592588888
181;8610809000;8392588888;8592588888
182;8610822000;8392588888;8592588888
183;8610823000;8392588888;8592588888
184;8610823000;8392588888;8592588888
185;8610824000;8392588888;8592588888
186;8610933000;8392588888;8592588888
187;8610939000;8434266666;8634266666
188;8610940000;8434266666;8634266666
189;8610941000;8434266666;8634266666
190;8610942000;8434266666;8634266666
191;8610943000;8434266666;8634266666
192;8610944000;8434266666;8634266666
193;8610945000;8434266666;8634266666
194;8610946000;8434266666;8634266666
195;8610947000;8434266666;8634266666
196;8610948000;8434266666;8634266666
197;8652504000;8434266666;8634266666
200;8694274000;8475888888;8675888888
201;8694276000;8475888888;8675888888
202;8694277000;8475888888;8675888888
203;8694278000;8475888888;8675888888
204;8694279000;8475888888;8675888888
205;8694280000;8475888888;8675888888
206;8694281000;8475888888;8675888888
207;8694282000;8475888888;8675888888
208;8694388000;8475888888;8675888888
209;8694394000;8517577777;8717577777
210;8694395000;8517577777;8717577777
211;8694396000;8517577777;8717577777
213;8735800000;8517577777;8717577777
214;8735803000;8517577777;8717577777
215;8735815000;8517577777;8717577777
216;8735815000;8517577777;8717577777
217;8735816000;8517577777;8717577777
218;8735817000;8517577777;8717577777
219;8735925000;8517577777;8717577777
220;8735931000;8559300000;8759300000
221;8735942000;8559300000;8759300000
222;8735943000;8559300000;8759300000
223;8735944000;8559300000;8759300000
224;8735945000;8559300000;8759300000
225;8735946000;8559300000;8759300000
226;8735947000;8559300000;8759300000
227;8735948000;8559300000;8759300000
228;8735949000;8559300000;8759300000
229;8735949000;8559300000;8759300000
230;8777576000;8559300000;8759300000
231;8777582000;8600911111;8800911111
232;8777583000;8600911111;8800911111
233;8777584000;8600911111;8800911111
234;8777585000;8600911111;8800911111
235;8777586000;8600911111;8800911111
236;8777587000;8600911111;8800911111
237;8777588000;8600911111;8800911111
238;8777589000;8600911111;8800911111
239;8777590000;8600911111;8800911111
240;8777590000;8600911111;8800911111
241;8819182000;8600911111;8800911111
242;8819188000;8642577777;8842577777
243;8819189000;8642577777;8842577777
245;8860972000;8642577777;8842577777
246;8860976000;8642577777;8842577777
247;8860977000;8642577777;8842577777
248;8860988000;8642577777;8842577777
249;8860989000;8642577777;8842577777
250;8860990000;8642577777;8842577777
251;8860991000;8642577777;8842577777
252;8861099000;8642577777;8842577777
253;8861105000;8684277777;8884277777
254;8861106000;8684277777;8884277777
255;8861107000;8684277777;8884277777
256;8861108000;8684277777;8884277777
257;8861109000;8684277777;8884277777
258;8861110000;8684277777;8884277777
259;8861111000;8684277777;8884277777
260;8861111000;8684277777;8884277777
261;8861112000;8684277777;8884277777
262;8861113000;8684277777;8884277777
263;8902524000;8684277777;8884277777
264;8902530000;8725911111;8925911111
265;8902531000;8725911111;8925911111
266;8902541000;8725911111;8925911111
267;8902542000;8725911111;8925911111
268;8902543000;8725911111;8925911111
269;8902544000;8725911111;8925911111
270;8902545000;8725911111;8925911111
272;8944295000;8725911111;8925911111
273;8944298000;8725911111;8925911111
274;8944417000;8725911111;8925911111
276;8985775000;8767544444;8967544444
277;8985777000;8767544444;8967544444
278;8985778000;8767544444;8967544444
279;8985779000;8767544444;8967544444
280;8985780000;8767544444;8967544444
281;8985781000;8767544444;8967544444
282;8985782000;8767544444;8967544444
283;8985783000;8767544444;8967544444
284;8985784000;8767544444;8967544444
285;8985901000;8767544444;8967544444
286;8985907000;8809277777;9009277777
287;8985908000;8809277777;9009277777
288;8985909000;8809277777;9009277777
289;8985910000;8809277777;9009277777
290;8985911000;8809277777;9009277777
291;8985912000;8809277777;9009277777
293;9027481000;8809277777;9009277777
294;9027483000;8809277777;9009277777
295;9027484000;8809277777;9009277777
296;9027588000;8809277777;9009277777
297;9027594000;8850877777;9050877777
299;9069028000;8850877777;9050877777
300;9069031000;8850877777;9050877777
301;9069032000;8850877777;9050877777
302;9069043000;8850877777;9050877777
303;9069044000;8850877777;9050877777
304;9069045000;8850877777;9050877777
305;9069045000;8850877777;9050877777
306;9069046000;8850877777;9050877777
307;9069156000;8850877777;9050877777
309;9110782000;8892566666;9092566666
310;9110784000;8892566666;9092566666
311;9110786000;8892566666;9092566666
312;9110786000;8892566666;9092566666
313;9110787000;8892566666;9092566666
314;9110788000;8892566666;9092566666
316;9110789000;8892566666;9092566666
317;9110790000;8892566666;9092566666
318;9110898000;8892566666;9092566666
319;9110904000;8934355555;9134355555
320;9110905000;8934355555;9134355555
321;9110916000;8934355555;9134355555
322;9110917000;8934355555;9134355555
323;9110918000;8934355555;9134355555
324;9110919000;8934355555;9134355555
325;9110920000;8934355555;9134355555
326;9110920000;8934355555;9134355555
328;9152560000;8934355555;9134355555
329;9152676000;8934355555;9134355555
330;9152691000;8975911111;9175911111
331;9152692000;8975911111;9175911111
332;9152693000;8975911111;9175911111
334;9194122000;8975911111;9175911111
335;9194125000;8975911111;9175911111
336;9194126000;8975911111;9175911111
337;9194127000;8975911111;9175911111
338;9194128000;8975911111;9175911111
339;9194128000;8975911111;9175911111
340;9194236000;8975911111;9175911111
341;9194242000;9017566666;9217566666
342;9194243000;9017566666;9217566666
343;9194244000;9017566666;9217566666
344;9194245000;9017566666;9217566666
345;9194246000;9017566666;9217566666
346;9194247000;9017566666;9217566666
347;9194248000;9017566666;9217566666
349;9235786000;9017566666;9217566666
350;9235789000;9017566666;9217566666
351;9235909000;9017566666;9217566666
352;9235914000;9059277777;9259277777
353;9235916000;9059277777;9259277777
354;9235916000;9059277777;9259277777
355;9235917000;9059277777;9259277777
356;9235918000;9059277777;9259277777
357;9235919000;9059277777;9259277777
358;9235920000;9059277777;9259277777
359;9235921000;9059277777;9259277777
360;9235922000;9059277777;9259277777
361;9235923000;9059277777;9259277777
363;9319348000;9100888888;9300888888
365;9319350000;9100888888;9300888888
366;9319351000;9100888888;9300888888
367;9319362000;9100888888;9300888888
368;9319363000;9100888888;9300888888
369;9319364000;9100888888;9300888888
372;9319365000;9100888888;9300888888
373;9319373000;9100888888;9300888888
374;9319374000;9142566666;9342566666
376;9360804000;9142566666;9342566666
377;9360806000;9142566666;9342566666
378;9360807000;9142566666;9342566666
380;9360808000;9142566666;9342566666
381;9360809000;9142566666;9342566666
382;9360810000;9142566666;9342566666
383;9360811000;9142566666;9342566666
384;9360929000;9142566666;9342566666
385;9360934000;9184266666;9384266666
386;9360936000;9184266666;9384266666
387;9360937000;9184266666;9384266666
388;9360938000;9184266666;9384266666
389;9360939000;9184266666;9384266666
390;9360940000;9184266666;9384266666
391;9360940000;9184266666;9384266666
392;9360941000;9184266666;9384266666
393;9360942000;9184266666;9384266666
394;9360943000;9184266666;9384266666
395;9402530000;9184266666;9384266666
396;9402536000;9225900000;9425900000
397;9402546000;9225900000;9425900000
398;9402547000;9225900000;9425900000
399;9402548000;9225900000;9425900000
400;9402549000;9225900000;9425900000
401;9402550000;9225900000;9425900000
402;9402551000;9225900000;9425900000
403;9402552000;9225900000;9425900000
404;9402552000;9225900000;9425900000
405;9402553000;9225900000;9425900000
406;9444174000;9225900000;9425900000
407;9444180000;9267544444;9467544444
408;9444181000;9267544444;9467544444
409;9444182000;9267544444;9467544444
410;9444183000;9267544444;9467544444
411;9444184000;9267544444;9467544444
412;9444185000;9267544444;9467544444
413;9444186000;9267544444;9467544444
415;9485894000;9267544444;9467544444
416;9485896000;9267544444;9467544444
417;9485979000;9267544444;9467544444
418;9485982000;9309277777;9509277777
419;9485984000;9309277777;9509277777
420;9485985000;9309277777;9509277777
421;9485995000;9309277777;9509277777
422;9485996000;9309277777;9509277777
423;9485997000;9309277777;9509277777
424;9485997000;9309277777;9509277777
425;9485998000;9309277777;9509277777
426;9485999000;9309277777;9509277777
427;9486000000;9309277777;9509277777
428;9527527000;9309277777;9509277777
429;9527541000;9350944444;9550944444
430;9527543000;9350944444;9550944444
432;9569337000;9350944444;9550944444
433;9569340000;9350944444;9550944444
434;9569351000;9350944444;9550944444
435;9569352000;9350944444;9550944444
436;9569354000;9350944444;9550944444
437;9569356000;9350944444;9550944444
438;9569357000;9350944444;9550944444
439;9569487000;9350944444;9550944444
440;9569491000;9392588888;9592588888
441;9569492000;9392588888;9592588888
442;9569493000;9392588888;9592588888
443;9569495000;9392588888;9592588888
444;9569506000;9392588888;9592588888
445;9569507000;9392588888;9592588888
446;9569508000;9392588888;9592588888
447;9569510000;9392588888;9592588888
448;9569524000;9392588888;9592588888
449;9569525000;9392588888;9592588888
450;9614246000;9392588888;9592588888
451;9614273000;9434266666;9634266666
452;9614275000;9434266666;9634266666
453;9614276000;9434266666;9634266666
454;9614278000;9434266666;9634266666
455;9614280000;9434266666;9634266666
456;9614281000;9434266666;9634266666
457;9614282000;9434266666;9634266666
458;9614283000;9434266666;9634266666
459;9614285000;9434266666;9634266666
462;9694494000;9475877777;9675877777
463;9694500000;9475877777;9675877777
464;9694501000;9475877777;9675877777
465;9694503000;9475877777;9675877777
466;9694504000;9475877777;9675877777
467;9694505000;9475877777;9675877777
468;9694506000;9475877777;9675877777
469;9694508000;9475877777;9675877777
470;9694551000;9475877777;9675877777
471;9694552000;9475877777;9675877777
472;9694568000;9475877777;9675877777
473;9694570000;9517544444;9717544444
474;9694584000;9517544444;9717544444
475;9694585000;9517544444;9717544444
476;9694586000;9517544444;9717544444
478;9735754000;9517544444;9717544444
479;9735757000;9517544444;9717544444
480;9735758000;9517544444;9717544444
481;9735760000;9517544444;9717544444
482;9735762000;9517544444;9717544444
483;9735897000;9517544444;9717544444
484;9735901000;9559288888;9759288888
485;9735903000;9559288888;9759288888
486;9735914000;9559288888;9759288888
488;9777545000;9559288888;9759288888
489;9777549000;9559288888;9759288888
490;9777551000;9559288888;9759288888
491;9777553000;9559288888;9759288888
492;9777554000;9559288888;9759288888
493;9777556000;9559288888;9759288888
494;9777773000;9559288888;9759288888
495;9777779000;9600900000;9800900000
496;9777781000;9600900000;9800900000
497;9777782000;9600900000;9800900000
498;9777784000;9600900000;9800900000
499;9777785000;9600900000;9800900000
501;9819119000;9600900000;9800900000
502;9819133000;9600900000;9800900000
503;9819135000;9600900000;9800900000
504;9819136000;9600900000;9800900000
505;9819261000;9600900000;9800900000
506;9819266000;9642566666;9842566666
507;9819268000;9642566666;9842566666
508;9819269000;9642566666;9842566666
509;9819270000;9642566666;9842566666
510;9819271000;9642566666;9842566666
511;9819272000;9642566666;9842566666
512;9819273000;9642566666;9842566666
513;9819274000;9642566666;9842566666
514;9819275000;9642566666;9842566666
515;9819286000;9642566666;9842566666
516;9860860000;9642566666;9842566666
517;9860875000;9684288888;9884288888
518;9860876000;9684288888;9884288888
519;9860877000;9684288888;9884288888
520;9860878000;9684288888;9884288888
521;9860879000;9684288888;9884288888
522;9860880000;9684288888;9884288888
523;9860881000;9684288888;9884288888
525;9902669000;9684288888;9884288888
526;9902671000;9684288888;9884288888
527;9902780000;9684288888;9884288888
528;9902786000;9725911111;9925911111
529;9902787000;9725911111;9925911111
530;9902788000;9725911111;9925911111
532;9944086000;9725911111;9925911111
533;9944087000;9725911111;9925911111
534;9944089000;9725911111;9925911111
535;9944089000;9725911111;9925911111
536;9944090000;9725911111;9925911111
538;9944174000;9725911111;9925911111
540;9985792000;9767555555;9967555555
541;9985805000;9767555555;9967555555
542;9985807000;9767555555;9967555555
543;9985807000;9767555555;9967555555
544;9985808000;9767555555;9967555555
545;9985809000;9767555555;9967555555
546;9985810000;9767555555;9967555555
547;9985811000;9767555555;9967555555
550;10027625000;9809288888;10009288888
551;10027628000;9809288888;10009288888
552;10027629000;9809288888;10009288888
553;10027630000;9809288888;10009288888
554;10027631000;9809288888;10009288888
556;10027632000;9809288888;10009288888
558;10027633000;9809288888;10009288888
559;10027634000;9809288888;10009288888
560;10027646000;9809288888;10009288888
561;10027648000;9850888888;10050888888
562;10027659000;9850888888;10050888888
563;10027660000;9850888888;10050888888
564;10027661000;9850888888;10050888888
565;10027662000;9850888888;10050888888
566;10027663000;9850888888;10050888888
567;10027664000;9850888888;10050888888
568;10027665000;9850888888;10050888888
569;10027665000;9850888888;10050888888
570;10027666000;9850888888;10050888888
571;10069163000;9850888888;10050888888
572;10069169000;9892577777;10092577777
573;10069170000;9892577777;10092577777
574;10069171000;9892577777;10092577777
575;10069172000;9892577777;10092577777
576;10069173000;9892577777;10092577777
577;10069174000;9892577777;10092577777
578;10069174000;9892577777;10092577777
579;10069175000;9892577777;10092577777
580;10069176000;9892577777;10092577777
581;10069177000;9892577777;10092577777
582;10110843000;9892577777;10092577777
583;10110849000;9934288888;10134288888
584;10110850000;9934288888;10134288888
585;10110851000;9934288888;10134288888
586;10110852000;9934288888;10134288888
587;10110853000;9934288888;10134288888
588;10110854000;9934288888;10134288888
589;10110855000;9934288888;10134288888
590;10110856000;9934288888;10134288888
591;10110857000;9934288888;10134288888
592;10110858000;9934288888;10134288888
593;10152578000;9934288888;10134288888
594;10152584000;9975900000;10175900000
595;10152596000;9975900000;10175900000
596;10152597000;9975900000;10175900000
597;10152598000;9975900000;10175900000
598;10152599000;9975900000;10175900000
599;10152600000;9975900000;10175900000
600;10152600000;9975900000;10175900000
601;10152601000;9975900000;10175900000
602;10152602000;9975900000;10175900000
603;10152603000;9975900000;10175900000
604;10194174000;9975900000;10175900000
605;10194180000;10017566666;10217566666
609;10235974000;10017566666;10217566666
610;10235976000;10017566666;10217566666
611;10235977000;10017566666;10217566666
612;10235978000;10017566666;10217566666
613;10235979000;10017566666;10217566666
614;10235980000;10017566666;10217566666
615;10236098000;10017566666;10217566666
616;10236104000;10059288888;10259288888
617;10236105000;10059288888;10259288888
618;10236106000;10059288888;10259288888
619;10236107000;10059288888;10259288888
620;10236108000;10059288888;10259288888
621;10236109000;10059288888;10259288888
622;10236110000;10059288888;10259288888
623;10236110000;10059288888;10259288888
624;10236111000;10059288888;10259288888
625;10236112000;10059288888;10259288888
626;10277595000;10059288888;10259288888
627;10277601000;10100900000;10300900000
628;10277612000;10100900000;10300900000
629;10277613000;10100900000;10300900000
630;10277614000;10100900000;10300900000
631;10277615000;10100900000;10300900000
632;10277616000;10100900000;10300900000
633;10277617000;10100900000;10300900000
634;10277618000;10100900000;10300900000
635;10277619000;10100900000;10300900000
636;10277620000;10100900000;10300900000
637;10319174000;10100900000;10300900000
638;10319179000;10142600000;10342600000
639;10319181000;10142600000;10342600000
640;10319192000;10142600000;10342600000
641;10319193000;10142600000;10342600000
642;10319194000;10142600000;10342600000
643;10319195000;10142600000;10342600000
644;10319195000;10142600000;10342600000
645;10319196000;10142600000;10342600000
646;10319197000;10142600000;10342600000
647;10319198000;10142600000;10342600000
648;10360894000;10142600000;10342600000
649;10360900000;10184288888;10384288888
650;10360901000;10184288888;10384288888
651;10360902000;10184288888;10384288888
652;10360903000;10184288888;10384288888
653;10360904000;10184288888;10384288888
654;10360905000;10184288888;10384288888
655;10360906000;10184288888;10384288888
656;10360906000;10184288888;10384288888
657;10360907000;10184288888;10384288888
659;10402832000;10184288888;10384288888
660;10402837000;10225911111;10425911111
661;10402839000;10225911111;10425911111
662;10402840000;10225911111;10425911111
663;10402841000;10225911111;10425911111
664;10402842000;10225911111;10425911111
665;10402842000;10225911111;10425911111
666;10402843000;10225911111;10425911111
667;10402844000;10225911111;10425911111
668;10402845000;10225911111;10425911111
669;10402846000;10225911111;10425911111
670;10444193000;10225911111;10425911111
671;10444198000;10267555555;10467555555
672;10444199000;10267555555;10467555555
673;10444200000;10267555555;10467555555
675;10485931000;10267555555;10467555555
676;10485942000;10267555555;10467555555
680;10485943000;10267555555;10467555555
681;10486052000;10267555555;10467555555
682;10486058000;10309288888;10509288888
683;10486059000;10309288888;10509288888
684;10486060000;10309288888;10509288888
685;10486061000;10309288888;10509288888
686;10486062000;10309288888;10509288888
687;10486063000;10309288888;10509288888
688;10486064000;10309288888;10509288888
689;10486065000;10309288888;10509288888
690;10486065000;10309288888;10509288888
692;10527621000;10309288888;10509288888
693;10527627000;10350911111;10550911111
694;10527635000;10350911111;10550911111
695;10527636000;10350911111;10550911111
696;10527637000;10350911111;10550911111
697;10527638000;10350911111;10550911111
699;10569130000;10350911111;10550911111
700;10569133000;10350911111;10550911111
701;10569144000;10350911111;10550911111
702;10569145000;10350911111;10550911111
703;10569270000;10350911111;10550911111
704;10569276000;10392600000;10592600000
705;10569277000;10392600000;10592600000
706;10569278000;10392600000;10592600000
707;10569279000;10392600000;10592600000
708;10569280000;10392600000;10592600000
709;10569281000;10392600000;10592600000
710;10569282000;10392600000;10592600000
711;10569283000;10392600000;10592600000
712;10569284000;10392600000;10592600000
713;10569285000;10392600000;10592600000
714;10610873000;10392600000;10592600000
715;10610879000;10434266666;10634266666
716;10610880000;10434266666;10634266666
717;10610881000;10434266666;10634266666
718;10610882000;10434266666;10634266666
719;10610883000;10434266666;10634266666
721;10652653000;10434266666;10634266666
722;10652656000;10434266666;10634266666
723;10652668000;10434266666;10634266666
724;10652668000;10434266666;10634266666
725;10652777000;10434266666;10634266666
726;10652783000;10475888888;10675888888
727;10652784000;10475888888;10675888888
728;10652785000;10475888888;10675888888
729;10652786000;10475888888;10675888888
730;10652787000;10475888888;10675888888
731;10652788000;10475888888;10675888888
732;10652789000;10475888888;10675888888
733;10652790000;10475888888;10675888888
734;10652790000;10475888888;10675888888
735;10652791000;10475888888;10675888888
736;10694189000;10475888888;10675888888
737;10694195000;10517555555;10717555555
738;10694197000;10517555555;10717555555
739;10694198000;10517555555;10717555555
740;10694199000;10517555555;10717555555
741;10694199000;10517555555;10717555555
742;10694200000;10517555555;10717555555
743;10694201000;10517555555;10717555555
744;10694202000;10517555555;10717555555
745;10694203000;10517555555;10717555555
746;10694204000;10517555555;10717555555
747;10735829000;10517555555;10717555555
748;10735835000;10559311111;10759311111
749;10735836000;10559311111;10759311111
750;10735837000;10559311111;10759311111
751;10735838000;10559311111;10759311111
752;10735839000;10559311111;10759311111
753;10735840000;10559311111;10759311111
754;10735841000;10559311111;10759311111
755;10735842000;10559311111;10759311111
756;10735843000;10559311111;10759311111
757;10735844000;10559311111;10759311111
758;10777611000;10559311111;10759311111
759;10777616000;10600911111;10800911111
760;10777627000;10600911111;10800911111
761;10777629000;10600911111;10800911111
762;10777630000;10600911111;10800911111
763;10777630000;10600911111;10800911111
764;10777631000;10600911111;10800911111
765;10777632000;10600911111;10800911111
766;10777633000;10600911111;10800911111
767;10777634000;10600911111;10800911111
768;10777635000;10600911111;10800911111
769;10819205000;10600911111;10800911111
770;10819211000;10642577777;10842577777
772;10860969000;10642577777;10842577777
773;10860973000;10642577777;10842577777
774;10860985000;10642577777;10842577777
775;10860985000;10642577777;10842577777
776;10860986000;10642577777;10842577777
777;10860987000;10642577777;10842577777
778;10860988000;10642577777;10842577777
779;10860989000;10642577777;10842577777
780;10861113000;10642577777;10842577777
781;10861119000;10684377777;10884377777
782;10861120000;10684377777;10884377777
783;10861121000;10684377777;10884377777
784;10861122000;10684377777;10884377777
785;10861123000;10684377777;10884377777
786;10861124000;10684377777;10884377777
787;10861125000;10684377777;10884377777
788;10861126000;10684377777;10884377777
789;10861126000;10684377777;10884377777
790;10861127000;10684377777;10884377777
791;10902677000;10684377777;10884377777
792;10902683000;10725911111;10925911111
793;10902684000;10725911111;10925911111
794;10902685000;10725911111;10925911111
795;10902686000;10725911111;10925911111
796;10902687000;10725911111;10925911111
797;10902688000;10725911111;10925911111
798;10902689000;10725911111;10925911111
799;10902690000;10725911111;10925911111
800;10902697000;10725911111;10925911111
801;10902698000;10725911111;10925911111
802;10944184000;10725911111;10925911111
803;10944190000;10767555555;10967555555
804;10944191000;10767555555;10967555555
805;10944192000;10767555555;10967555555
806;10944193000;10767555555;10967555555
807;10944194000;10767555555;10967555555
808;10944195000;10767555555;10967555555
809;10944195000;10767555555;10967555555
810;10944196000;10767555555;10967555555
811;10944197000;10767555555;10967555555
812;10944198000;10767555555;10967555555
813;10985830000;10767555555;10967555555
814;10985836000;10809311111;11009311111
815;10985837000;10809311111;11009311111
816;10985838000;10809311111;11009311111
817;10985839000;10809311111;11009311111
818;10985840000;10809311111;11009311111
819;10985841000;10809311111;11009311111
820;10985842000;10809311111;11009311111
821;10985843000;10809311111;11009311111
822;10985844000;10809311111;11009311111
823;10985845000;10809311111;11009311111
824;11027596000;10809311111;11009311111
825;11027601000;10850900000;11050900000
826;11027603000;10850900000;11050900000
827;11027603000;10850900000;11050900000
828;11027605000;10850900000;11050900000
829;11027606000;10850900000;11050900000
830;11027606000;10850900000;11050900000
831;11027607000;10850900000;11050900000
832;11027608000;10850900000;11050900000
833;11027609000;10850900000;11050900000
834;11027610000;10850900000;11050900000
835;11069139000;10850900000;11050900000
836;11069145000;10892588888;11092588888
837;11069146000;10892588888;11092588888
838;11069156000;10892588888;11092588888
839;11069157000;10892588888;11092588888
840;11069158000;10892588888;11092588888
841;11069159000;10892588888;11092588888
842;11069160000;10892588888;11092588888
843;11069161000;10892588888;11092588888
844;11069162000;10892588888;11092588888
845;11069163000;10892588888;11092588888
846;11110922000;10892588888;11092588888
849;11152710000;10934300000;11134300000
850;11152712000;10934300000;11134300000
851;11152714000;10934300000;11134300000
852;11152715000;10934300000;11134300000
853;11152717000;10934300000;11134300000
854;11152718000;10934300000;11134300000
855;11152720000;10934300000;11134300000
856;11152721000;10934300000;11134300000
857;11152837000;10934300000;11134300000
858;11152842000;10975911111;11175911111
859;11152844000;10975911111;11175911111
860;11152845000;10975911111;11175911111
861;11152846000;10975911111;11175911111
862;11152847000;10975911111;11175911111
863;11152848000;10975911111;11175911111
864;11152849000;10975911111;11175911111
865;11152849000;10975911111;11175911111
866;11152850000;10975911111;11175911111
869;11236092000;11017577777;11217577777
870;11236095000;11017577777;11217577777
871;11236096000;11017577777;11217577777
873;11236097000;11017577777;11217577777
875;11236098000;11017577777;11217577777
876;11236099000;11017577777;11217577777
877;11236100000;11017577777;11217577777
878;11236101000;11017577777;11217577777
879;11236113000;11017577777;11217577777
880;11236115000;11059288888;11259288888
881;11236126000;11059288888;11259288888
882;11236127000;11059288888;11259288888
883;11236128000;11059288888;11259288888
884;11236129000;11059288888;11259288888
885;11236130000;11059288888;11259288888
886;11236131000;11059288888;11259288888
887;11236132000;11059288888;11259288888
888;11236133000;11059288888;11259288888
889;11236134000;11059288888;11259288888
890;11277580000;11059288888;11259288888
891;11277585000;11100900000;11300900000
892;11277596000;11100900000;11300900000
893;11277597000;11100900000;11300900000
894;11277599000;11100900000;11300900000
895;11277599000;11100900000;11300900000
896;11277600000;11100900000;11300900000
897;11277601000;11100900000;11300900000
898;11277602000;11100900000;11300900000
899;11277603000;11100900000;11300900000
900;11277604000;11100900000;11300900000
901;11319174000;11100900000;11300900000
903;11360969000;11142566666;11342566666
904;11360983000;11142566666;11342566666
905;11360984000;11142566666;11342566666
906;11360985000;11142566666;11342566666
907;11360986000;11142566666;11342566666
908;11360986000;11142566666;11342566666
909;11360996000;11142566666;11342566666
910;11360997000;11142566666;11342566666
911;11360998000;11142566666;11342566666
912;11361106000;11142566666;11342566666
913;11361112000;11184288888;11384288888
914;11361113000;11184288888;11384288888
915;11361124000;11184288888;11384288888
916;11361125000;11184288888;11384288888
917;11361126000;11184288888;11384288888
918;11361127000;11184288888;11384288888
919;11361128000;11184288888;11384288888
920;11361129000;11184288888;11384288888
921;11361130000;11184288888;11384288888
922;11361131000;11184288888;11384288888
923;11402583000;11184288888;11384288888
924;11402597000;11225911111;11425911111
926;11444302000;11225911111;11425911111
927;11444305000;11225911111;11425911111
928;11444307000;11225911111;11425911111
929;11444308000;11225911111;11425911111
930;11444309000;11225911111;11425911111
931;11444310000;11225911111;11425911111
932;11444311000;11225911111;11425911111
933;11444320000;11225911111;11425911111
934;11444429000;11225911111;11425911111
935;11444435000;11267555555;11467555555
936;11444436000;11267555555;11467555555
937;11444437000;11267555555;11467555555
938;11444438000;11267555555;11467555555
939;11444439000;11267555555;11467555555
940;11444440000;11267555555;11467555555
941;11444441000;11267555555;11467555555
942;11444441000;11267555555;11467555555
943;11444442000;11267555555;11467555555
944;11444443000;11267555555;11467555555
945;11485842000;11267555555;11467555555
946;11485847000;11309300000;11509300000
947;11485848000;11309300000;11509300000
952;11527689000;11309300000;11509300000
953;11527702000;11309300000;11509300000
954;11527704000;11309300000;11509300000
955;11527704000;11309300000;11509300000
956;11527814000;11309300000;11509300000
957;11527819000;11350955555;11550955555
958;11527820000;11350955555;11550955555
959;11527821000;11350955555;11550955555
960;11527822000;11350955555;11550955555
961;11527823000;11350955555;11550955555
962;11527824000;11350955555;11550955555
963;11527825000;11350955555;11550955555
964;11527826000;11350955555;11550955555
965;11527827000;11350955555;11550955555
966;11527828000;11350955555;11550955555
967;11569229000;11350955555;11550955555
969;11610999000;11392611111;11592611111
970;11611001000;11392611111;11592611111
971;11611002000;11392611111;11592611111
972;11611003000;11392611111;11592611111
973;11611004000;11392611111;11592611111
974;11611005000;11392611111;11592611111
975;11611006000;11392611111;11592611111
976;11611007000;11392611111;11592611111
977;11611008000;11392611111;11592611111
978;11611116000;11392611111;11592611111
979;11611122000;11434277777;11634277777
980;11611123000;11434277777;11634277777
982;11652484000;11434277777;11634277777
983;11652486000;11434277777;11634277777
984;11652487000;11434277777;11634277777
985;11652488000;11434277777;11634277777
986;11652489000;11434277777;11634277777
987;11652490000;11434277777;11634277777
988;11652491000;11434277777;11634277777
989;11652618000;11434277777;11634277777
990;11652623000;11475900000;11675900000
991;11652625000;11475900000;11675900000
992;11652626000;11475900000;11675900000
995;11694127000;11475900000;11675900000
996;11694129000;11475900000;11675900000
997;11694130000;11475900000;11675900000
998;11694131000;11475900000;11675900000
999;11694132000;11475900000;11675900000
1000;11694251000;11475900000;11675900000
1001;11694256000;11517566666;11717566666
1002;11694258000;11517566666;11717566666
1003;11694259000;11517566666;11717566666
1004;11694259000;11517566666;11717566666
1005;11694260000;11517566666;11717566666
1006;11694261000;11517566666;11717566666
1007;11694262000;11517566666;11717566666
1008;11694263000;11517566666;11717566666
1009;11694264000;11517566666;11717566666
1010;11694265000;11517566666;11717566666
1011;11735843000;11517566666;11717566666
1012;11735849000;11559322222;11759322222
1014;11777698000;11559322222;11759322222
1015;11777700000;11559322222;11759322222
1016;11777701000;11559322222;11759322222
1018;11777702000;11559322222;11759322222
1019;11777703000;11559322222;11759322222
1020;11777704000;11559322222;11759322222
1021;11777705000;11559322222;11759322222
1022;11777830000;11559322222;11759322222
1023;11777835000;11600922222;11800922222
1024;11777837000;11600922222;11800922222
1026;11819125000;11600922222;11800922222
1028;11819127000;11600922222;11800922222
1029;11819128000;11600922222;11800922222
1030;11819129000;11600922222;11800922222
1031;11819130000;11600922222;11800922222
1032;11819131000;11600922222;11800922222
1033;11819252000;11600922222;11800922222
1034;11819258000;11642588888;11842588888
1035;11819269000;11642588888;11842588888
1036;11819270000;11642588888;11842588888
1037;11819271000;11642588888;11842588888
1038;11819272000;11642588888;11842588888
1039;11819273000;11642588888;11842588888
1040;11819274000;11642588888;11842588888
1041;11819275000;11642588888;11842588888
1042;11819276000;11642588888;11842588888
1043;11819277000;11642588888;11842588888
1044;11860887000;11642588888;11842588888
1045;11860893000;11684300000;11884300000
1046;11860894000;11684300000;11884300000
1047;11860895000;11684300000;11884300000
1048;11860896000;11684300000;11884300000
1049;11860897000;11684300000;11884300000
1050;11860898000;11684300000;11884300000
1051;11860899000;11684300000;11884300000
1052;11860900000;11684300000;11884300000
1053;11860900000;11684300000;11884300000
1054;11860901000;11684300000;11884300000
1055;11902586000;11684300000;11884300000
1056;11902592000;11725900000;11925900000
1057;11902593000;11725900000;11925900000
1059;11944304000;11725900000;11925900000
1060;11944306000;11725900000;11925900000
1061;11944307000;11725900000;11925900000
1062;11944308000;11725900000;11925900000
1063;11944309000;11725900000;11925900000
1064;11944310000;11725900000;11925900000
1065;11944311000;11725900000;11925900000
1066;11944430000;11725900000;11925900000
1067;11944435000;11767555555;11967555555
1068;11944436000;11767555555;11967555555
1069;11944437000;11767555555;11967555555
1070;11944438000;11767555555;11967555555
1071;11944439000;11767555555;11967555555
1072;11944440000;11767555555;11967555555
1073;11944441000;11767555555;11967555555
1074;11944442000;11767555555;11967555555
1076;11985747000;11767555555;11967555555
1077;11985879000;11767555555;11967555555
1078;11985885000;11809288888;12009288888
1079;11985886000;11809288888;12009288888
1081;12027500000;11809288888;12009288888
1082;12027502000;11809288888;12009288888
1083;12027503000;11809288888;12009288888
1084;12027504000;11809288888;12009288888
1085;12027505000;11809288888;12009288888
1087;12027506000;11809288888;12009288888
1088;12027637000;11809288888;12009288888
1089;12027643000;11850888888;12050888888
1090;12027644000;11850888888;12050888888
1091;12027655000;11850888888;12050888888
1092;12027656000;11850888888;12050888888
1093;12027657000;11850888888;12050888888
1094;12027658000;11850888888;12050888888
1095;12027659000;11850888888;12050888888
1096;12027659000;11850888888;12050888888
1097;12027660000;11850888888;12050888888
1098;12027661000;11850888888;12050888888
1099;12069163000;11850888888;12050888888
1100;12069169000;11892566666;12092566666
1101;12069170000;11892566666;12092566666
1102;12069171000;11892566666;12092566666
1103;12069171000;11892566666;12092566666
1105;12110939000;11892566666;12092566666
1106;12110941000;11892566666;12092566666
1107;12110942000;11892566666;12092566666
1108;12110943000;11892566666;12092566666
1109;12110944000;11892566666;12092566666
1110;12111029000;11892566666;12092566666
1111;12111035000;11934277777;12134277777
1112;12111036000;11934277777;12134277777
1113;12111037000;11934277777;12134277777
1114;12111038000;11934277777;12134277777
1115;12111039000;11934277777;12134277777
1118;12152493000;11934277777;12134277777
1119;12152496000;11934277777;12134277777
1120;12152508000;11934277777;12134277777
1121;12152666000;11934277777;12134277777
1122;12152671000;11975900000;12175900000
1123;12152673000;11975900000;12175900000
1124;12152674000;11975900000;12175900000
1125;12152675000;11975900000;12175900000
1126;12152676000;11975900000;12175900000
1127;12152676000;11975900000;12175900000
1128;12152677000;11975900000;12175900000
1129;12152678000;11975900000;12175900000
1130;12152679000;11975900000;12175900000
1131;12152687000;11975900000;12175900000
1132;12194174000;11975900000;12175900000
1133;12194180000;12017555555;12217555555
1134;12194181000;12017555555;12217555555
1135;12194182000;12017555555;12217555555
1136;12194183000;12017555555;12217555555
1137;12194184000;12017555555;12217555555
1138;12194185000;12017555555;12217555555
1140;12235929000;12017555555;12217555555
1141;12235931000;12017555555;12217555555
1142;12235932000;12017555555;12217555555
1143;12236058000;12017555555;12217555555
1144;12236063000;12059277777;12259277777
1145;12236065000;12059277777;12259277777
1146;12236065000;12059277777;12259277777
1147;12236066000;12059277777;12259277777
1148;12236067000;12059277777;12259277777
1151;12277480000;12059277777;12259277777
1153;12277483000;12059277777;12259277777
1154;12277608000;12059277777;12259277777
1155;12277614000;12100888888;12300888888
1156;12277615000;12100888888;12300888888
1157;12277616000;12100888888;12300888888
1158;12277617000;12100888888;12300888888
1159;12277618000;12100888888;12300888888
1160;12277619000;12100888888;12300888888
1161;12277620000;12100888888;12300888888
1164;12319092000;12100888888;12300888888
1165;12319212000;12100888888;12300888888
1166;12319218000;12142555555;12342555555
1168;12360773000;12142555555;12342555555
1169;12360776000;12142555555;12342555555
1170;12360778000;12142555555;12342555555
1171;12360788000;12142555555;12342555555
1172;12360789000;12142555555;12342555555
1173;12360790000;12142555555;12342555555
1174;12360791000;12142555555;12342555555
1175;12360792000;12142555555;12342555555
1176;12360900000;12142555555;12342555555
1177;12360906000;12184266666;12384266666
1178;12360907000;12184266666;12384266666
1179;12360918000;12184266666;12384266666
1180;12360919000;12184266666;12384266666
1181;12360920000;12184266666;12384266666
1182;12360921000;12184266666;12384266666
1183;12360922000;12184266666;12384266666
1184;12360923000;12184266666;12384266666
1185;12360924000;12184266666;12384266666
1186;12360925000;12184266666;12384266666
1189;12444459000;12225900000;12425900000
1190;12444462000;12225900000;12425900000
1192;12444463000;12225900000;12425900000
1193;12444464000;12225900000;12425900000
1194;12444465000;12225900000;12425900000
1195;12444466000;12225900000;12425900000
1196;12444467000;12225900000;12425900000
1197;12444468000;12225900000;12425900000
1198;12444478000;12225900000;12425900000
1199;12444479000;12267544444;12467544444
1200;12444491000;12267544444;12467544444
1201;12444492000;12267544444;12467544444
1202;12444493000;12267544444;12467544444
1203;12444493000;12267544444;12467544444
1204;12444494000;12267544444;12467544444
1205;12444495000;12267544444;12467544444
1206;12444496000;12267544444;12467544444
1207;12444497000;12267544444;12467544444
1208;12444498000;12267544444;12467544444
1209;12485840000;12267544444;12467544444
1211;12527683000;12309288888;12509288888
1212;12527685000;12309288888;12509288888
1213;12527686000;12309288888;12509288888
1214;12527687000;12309288888;12509288888
1215;12527688000;12309288888;12509288888
1216;12527689000;12309288888;12509288888
1218;12527699000;12309288888;12509288888
1219;12527700000;12309288888;12509288888
1220;12527808000;12309288888;12509288888
1221;12527814000;12350900000;12550900000
1222;12527815000;12350900000;12550900000
1223;12527816000;12350900000;12550900000
1224;12527817000;12350900000;12550900000
1225;12527818000;12350900000;12550900000
1226;12527818000;12350900000;12550900000
1227;12527819000;12350900000;12550900000
1228;12527820000;12350900000;12550900000
1229;12527821000;12350900000;12550900000
1230;12527822000;12350900000;12550900000
1231;12569182000;12350900000;12550900000
1232;12569188000;12392588888;12592588888
1233;12569189000;12392588888;12592588888
1234;12569190000;12392588888;12592588888
1235;12569191000;12392588888;12592588888
1236;12569192000;12392588888;12592588888
1237;12569193000;12392588888;12592588888
1240;12610973000;12392588888;12592588888
1241;12610976000;12392588888;12592588888
1242;12611096000;12392588888;12592588888
1243;12611102000;12434266666;12634266666
1244;12611103000;12434266666;12634266666
1245;12611111000;12434266666;12634266666
1246;12611112000;12434266666;12634266666
1247;12611113000;12434266666;12634266666
1248;12611114000;12434266666;12634266666
1249;12611115000;12434266666;12634266666
1250;12611116000;12434266666;12634266666
1251;12611117000;12434266666;12634266666
1252;12611118000;12434266666;12634266666
1253;12652537000;12434266666;12634266666
1254;12652552000;12475888888;12675888888
1256;12694276000;12475888888;12675888888
1257;12694279000;12475888888;12675888888
1258;12694280000;12475888888;12675888888
1259;12694281000;12475888888;12675888888
1260;12694282000;12475888888;12675888888
1261;12694283000;12475888888;12675888888
1262;12694284000;12475888888;12675888888
1263;12694284000;12475888888;12675888888
1264;12694403000;12475888888;12675888888
1265;12694409000;12517544444;12717544444
1269;12735763000;12517544444;12717544444
1270;12735765000;12517544444;12717544444
1271;12735766000;12517544444;12717544444
1272;12735767000;12517544444;12717544444
1273;12735768000;12517544444;12717544444
1274;12735769000;12517544444;12717544444
1275;12735887000;12517544444;12717544444
1276;12735893000;12559300000;12759300000
1277;12735894000;12559300000;12759300000
1278;12735895000;12559300000;12759300000
1279;12735896000;12559300000;12759300000
1280;12735897000;12559300000;12759300000
1281;12735898000;12559300000;12759300000
1282;12735898000;12559300000;12759300000
1283;12735899000;12559300000;12759300000
1284;12735900000;12559300000;12759300000
1285;12735901000;12559300000;12759300000
1286;12777600000;12559300000;12759300000
1287;12777616000;12600911111;12800911111
1288;12777617000;12600911111;12800911111
1289;12777618000;12600911111;12800911111
1290;12777619000;12600911111;12800911111
1291;12777620000;12600911111;12800911111
1292;12777621000;12600911111;12800911111
1293;12777622000;12600911111;12800911111
1294;12777623000;12600911111;12800911111
1295;12777624000;12600911111;12800911111
1296;12777625000;12600911111;12800911111
1297;12819185000;12600911111;12800911111
1298;12819191000;12642566666;12842566666
1299;12819192000;12642566666;12842566666
1300;12819193000;12642566666;12842566666
1301;12819194000;12642566666;12842566666
1302;12819195000;12642566666;12842566666
1303;12819196000;12642566666;12842566666
1304;12819197000;12642566666;12842566666
1305;12819198000;12642566666;12842566666
1306;12819198000;12642566666;12842566666
1307;12819199000;12642566666;12842566666
1308;12860842000;12642566666;12842566666
1309;12860847000;12684377777;12884377777
1310;12860849000;12684377777;12884377777
1311;12860850000;12684377777;12884377777
1312;12860851000;12684377777;12884377777
1313;12860852000;12684377777;12884377777
1314;12860852000;12684377777;12884377777
1315;12860853000;12684377777;12884377777
1316;12860854000;12684377777;12884377777
1317;12860855000;12684377777;12884377777
1318;12860856000;12684377777;12884377777
1319;12902661000;12684377777;12884377777
1320;12902677000;12725911111;12925911111
1321;12902678000;12725911111;12925911111
1322;12902679000;12725911111;12925911111
1323;12902680000;12725911111;12925911111
1324;12902681000;12725911111;12925911111
1326;12944296000;12725911111;12925911111
1327;12944299000;12725911111;12925911111
1328;12944310000;12725911111;12925911111
1329;12944311000;12725911111;12925911111
1330;12944421000;12725911111;12925911111
1331;12944426000;12767544444;12967544444
1332;12944427000;12767544444;12967544444
1333;12944428000;12767544444;12967544444
1334;12944429000;12767544444;12967544444
1335;12944430000;12767544444;12967544444
1336;12944431000;12767544444;12967544444
1337;12944432000;12767544444;12967544444
1338;12944433000;12767544444;12967544444
1339;12944434000;12767544444;12967544444
1340;12944435000;12767544444;12967544444
1341;12985792000;12767544444;12967544444
1342;12985798000;12809288888;13009288888
1343;12985799000;12809288888;13009288888
1344;12985800000;12809288888;13009288888
1345;12985801000;12809288888;13009288888
1346;12985802000;12809288888;13009288888
1347;12985803000;12809288888;13009288888
1348;12985804000;12809288888;13009288888
1349;12985805000;12809288888;13009288888
1350;12985814000;12809288888;13009288888
1352;13027779000;12809288888;13009288888
1353;13027785000;12850911111;13050911111
1354;13027786000;12850911111;13050911111
1355;13027787000;12850911111;13050911111
1356;13027788000;12850911111;13050911111
1357;13027789000;12850911111;13050911111
1358;13027790000;12850911111;13050911111
1359;13027791000;12850911111;13050911111
1360;13027792000;12850911111;13050911111
1361;13027793000;12850911111;13050911111
1362;13027794000;12850911111;13050911111
1363;13069189000;12850911111;13050911111
1364;13069194000;12892577777;13092577777
1365;13069195000;12892577777;13092577777
1366;13069196000;12892577777;13092577777
1367;13069197000;12892577777;13092577777
1368;13069198000;12892577777;13092577777
1369;13069199000;12892577777;13092577777
1370;13069200000;12892577777;13092577777
1372;13110975000;12892577777;13092577777
1373;13110978000;12892577777;13092577777
1374;13111073000;12892577777;13092577777
1375;13111079000;12934288888;13134288888
1376;13111080000;12934288888;13134288888
1377;13111081000;12934288888;13134288888
1378;13111082000;12934288888;13134288888
1379;13111083000;12934288888;13134288888
1380;13111084000;12934288888;13134288888
1381;13111085000;12934288888;13134288888
1382;13111086000;12934288888;13134288888
1383;13111087000;12934288888;13134288888
1384;13111088000;12934288888;13134288888
1385;13152579000;12934288888;13134288888
1386;13152585000;12975922222;13175922222
1387;13152586000;12975922222;13175922222
1388;13152587000;12975922222;13175922222
1389;13152588000;12975922222;13175922222
1390;13152589000;12975922222;13175922222
1391;13152590000;12975922222;13175922222
1392;13152591000;12975922222;13175922222
1393;13152602000;12975922222;13175922222
1394;13152603000;12975922222;13175922222
1395;13152604000;12975922222;13175922222
1396;13194179000;12975922222;13175922222
1397;13194186000;13017566666;13217566666
1398;13194188000;13017566666;13217566666
1399;13194189000;13017566666;13217566666
1401;13235952000;13017566666;13217566666
1402;13235956000;13017566666;13217566666
1403;13235967000;13017566666;13217566666
1404;13235968000;13017566666;13217566666
1405;13235969000;13017566666;13217566666
1406;13235970000;13017566666;13217566666
1407;13236079000;13017566666;13217566666
1408;13236084000;13059311111;13259311111
1409;13236086000;13059311111;13259311111
1410;13236086000;13059311111;13259311111
1411;13236088000;13059311111;13259311111
1412;13236088000;13059311111;13259311111
1413;13236089000;13059311111;13259311111
1414;13236090000;13059311111;13259311111
1415;13236091000;13059311111;13259311111
1416;13236092000;13059311111;13259311111
1417;13236093000;13059311111;13259311111
1418;13277609000;13059311111;13259311111
1419;13277614000;13100900000;13300900000
1420;13277624000;13100900000;13300900000
1421;13277625000;13100900000;13300900000
1422;13277626000;13100900000;13300900000
1423;13277627000;13100900000;13300900000
1424;13277628000;13100900000;13300900000
1425;13277629000;13100900000;13300900000
1426;13277630000;13100900000;13300900000
1427;13277631000;13100900000;13300900000
1428;13277632000;13100900000;13300900000
1429;13319174000;13100900000;13300900000
1430;13319180000;13142555555;13342555555
1431;13319181000;13142555555;13342555555
1432;13319182000;13142555555;13342555555
1433;13319183000;13142555555;13342555555
1434;13319184000;13142555555;13342555555
1435;13319185000;13142555555;13342555555
1436;13319186000;13142555555;13342555555
1437;13319187000;13142555555;13342555555
1440;13361099000;13142555555;13342555555
1441;13361105000;13184277777;13384277777
1442;13361106000;13184277777;13384277777
1443;13361107000;13184277777;13384277777
1444;13361108000;13184277777;13384277777
1445;13361109000;13184277777;13384277777
1446;13361110000;13184277777;13384277777
1447;13361111000;13184277777;13384277777
1448;13361111000;13184277777;13384277777
1449;13361112000;13184277777;13384277777
1450;13361113000;13184277777;13384277777
1452;13444457000;13225911111;13425911111
1453;13444460000;13225911111;13425911111
1454;13444461000;13225911111;13425911111
1455;13444462000;13225911111;13425911111
1456;13444473000;13225911111;13425911111
1458;13444474000;13225911111;13425911111
1459;13444475000;13225911111;13425911111
1460;13444476000;13225911111;13425911111
1461;13444477000;13225911111;13425911111
1462;13444501000;13225911111;13425911111
1464;13485813000;13267566666;13467566666
1465;13485826000;13267566666;13467566666
1466;13485827000;13267566666;13467566666
1467;13485828000;13267566666;13467566666
1468;13485829000;13267566666;13467566666
1469;13485830000;13267566666;13467566666
1470;13485831000;13267566666;13467566666
1471;13485832000;13267566666;13467566666
1472;13485833000;13267566666;13467566666
1473;13485941000;13267566666;13467566666
1474;13485947000;13309288888;13509288888
1475;13485948000;13309288888;13509288888
1476;13485949000;13309288888;13509288888
1477;13485950000;13309288888;13509288888
1478;13485951000;13309288888;13509288888
1479;13485952000;13309288888;13509288888
1480;13485953000;13309288888;13509288888
1481;13485953000;13309288888;13509288888
1482;13485954000;13309288888;13509288888
1483;13485955000;13309288888;13509288888
1484;13527579000;13309288888;13509288888
1486;13569308000;13350911111;13550911111
1487;13569310000;13350911111;13550911111
1488;13569311000;13350911111;13550911111
1489;13569313000;13350911111;13550911111
1490;13569314000;13350911111;13550911111
1491;13569315000;13350911111;13550911111
1492;13569315000;13350911111;13550911111
1493;13569316000;13350911111;13550911111
1494;13569317000;13350911111;13550911111
1495;13569412000;13350911111;13550911111
1496;13569418000;13392600000;13592600000
1497;13569420000;13392600000;13592600000
1498;13569421000;13392600000;13592600000
1499;13569422000;13392600000;13592600000
1501;13610814000;13392600000;13592600000
1502;13610827000;13392600000;13592600000
1503;13610828000;13392600000;13592600000
1504;13610829000;13392600000;13592600000
1505;13610830000;13392600000;13592600000
1506;13610954000;13392600000;13592600000
1507;13610960000;13434288888;13634288888
1509;13652495000;13434288888;13634288888
1510;13652497000;13434288888;13634288888
1511;13652498000;13434288888;13634288888
1512;13652499000;13434288888;13634288888
1513;13652500000;13434288888;13634288888
1514;13652501000;13434288888;13634288888
1515;13652502000;13434288888;13634288888
1516;13652503000;13434288888;13634288888
1517;13652609000;13434288888;13634288888
1518;13652614000;13475911111;13675911111
1519;13652616000;13475911111;13675911111
1520;13652617000;13475911111;13675911111
1521;13652618000;13475911111;13675911111
1522;13652619000;13475911111;13675911111
1524;13694126000;13475911111;13675911111
1525;13694129000;13475911111;13675911111
1526;13694141000;13475911111;13675911111
1527;13694142000;13475911111;13675911111
1528;13694250000;13475911111;13675911111
1529;13694256000;13517555555;13717555555
1530;13694257000;13517555555;13717555555
1531;13694268000;13517555555;13717555555
1532;13694269000;13517555555;13717555555
1533;13694269000;13517555555;13717555555
1534;13694270000;13517555555;13717555555
1535;13694271000;13517555555;13717555555
1536;13694272000;13517555555;13717555555
1537;13694273000;13517555555;13717555555
1538;13694274000;13517555555;13717555555
1539;13735824000;13517555555;13717555555
1540;13735839000;13559300000;13759300000
1541;13735840000;13559300000;13759300000
1543;13777674000;13559300000;13759300000
1544;13777676000;13559300000;13759300000
1545;13777677000;13559300000;13759300000
1547;13777678000;13559300000;13759300000
1549;13777679000;13559300000;13759300000
1550;13777797000;13559300000;13759300000
1551;13777803000;13600911111;13800911111
1553;13819125000;13600911111;13800911111
1554;13819128000;13600911111;13800911111
1555;13819139000;13600911111;13800911111
1556;13819141000;13600911111;13800911111
1557;13819142000;13600911111;13800911111
1558;13819142000;13600911111;13800911111
1559;13819143000;13600911111;13800911111
1560;13819144000;13600911111;13800911111
1561;13819254000;13600911111;13800911111
1562;13819267000;13642577777;13842577777
1563;13819268000;13642577777;13842577777
1564;13819269000;13642577777;13842577777
1565;13819278000;13642577777;13842577777
1566;13819279000;13642577777;13842577777
1567;13819280000;13642577777;13842577777
1568;13819281000;13642577777;13842577777
1569;13819281000;13642577777;13842577777
1570;13819282000;13642577777;13842577777
1571;13819283000;13642577777;13842577777
1572;13860871000;13642577777;13842577777
1573;13860877000;13684311111;13884311111
1574;13860878000;13684311111;13884311111
1575;13860879000;13684311111;13884311111
1576;13860880000;13684311111;13884311111
1577;13860881000;13684311111;13884311111
1578;13860882000;13684311111;13884311111
1579;13860882000;13684311111;13884311111
1580;13860883000;13684311111;13884311111
1581;13860884000;13684311111;13884311111
1582;13860885000;13684311111;13884311111
1583;13902611000;13684311111;13884311111
1584;13902618000;13725922222;13925922222
1585;13902620000;13725922222;13925922222
1586;13902622000;13725922222;13925922222
1587;13902624000;13725922222;13925922222
1588;13902625000;13725922222;13925922222
1589;13902626000;13725922222;13925922222
1590;13902627000;13725922222;13925922222
1591;13902628000;13725922222;13925922222
1592;13902629000;13725922222;13925922222
1593;13902630000;13725922222;13925922222
1594;13944213000;13725922222;13925922222
1595;13944219000;13767566666;13967566666
1596;13944230000;13767566666;13967566666
1597;13944231000;13767566666;13967566666
1599;13985950000;13767566666;13967566666
1600;13985952000;13767566666;13967566666
1601;13985953000;13767566666;13967566666
1602;13985954000;13767566666;13967566666
1603;13985954000;13767566666;13967566666
1604;13985955000;13767566666;13967566666
1605;13986089000;13767566666;13967566666
1606;13986095000;13809300000;14009300000
1608;14027492000;13809300000;14009300000
1609;14027503000;13809300000;14009300000
1610;14027504000;13809300000;14009300000
1611;14027505000;13809300000;14009300000
1612;14027506000;13809300000;14009300000
1614;14027507000;13809300000;14009300000
1615;14027508000;13809300000;14009300000
1616;14027636000;13809300000;14009300000
1618;14069117000;13850900000;14050900000
1619;14069129000;13850900000;14050900000
1620;14069130000;13850900000;14050900000
1621;14069131000;13850900000;14050900000
1622;14069132000;13850900000;14050900000
1623;14069133000;13850900000;14050900000
1624;14069134000;13850900000;14050900000
1625;14069135000;13850900000;14050900000
1626;14069136000;13850900000;14050900000
1627;14069276000;13850900000;14050900000
1628;14069282000;13892588888;14092588888
1629;14069283000;13892588888;14092588888
1630;14069284000;13892588888;14092588888
1631;14069285000;13892588888;14092588888
1633;14110840000;13892588888;14092588888
1634;14110845000;13892588888;14092588888
1635;14110846000;13892588888;14092588888
1636;14110848000;13892588888;14092588888
1637;14110849000;13892588888;14092588888
1638;14111474000;13892588888;14092588888
1639;14111487000;13934300000;14134300000
1640;14111488000;13934300000;14134300000
1641;14111490000;13934300000;14134300000
1642;14111491000;13934300000;14134300000
1643;14111492000;13934300000;14134300000
1644;14111504000;13934300000;14134300000
1645;14111505000;13934300000;14134300000
1646;14111507000;13934300000;14134300000
1647;14111508000;13934300000;14134300000
1648;14111509000;13934300000;14134300000
1649;14152599000;13934300000;14134300000
1650;14152604000;13975922222;14175922222
1651;14152606000;13975922222;14175922222
1652;14152607000;13975922222;14175922222
1653;14152608000;13975922222;14175922222
1654;14152609000;13975922222;14175922222
1655;14152610000;13975922222;14175922222
1657;14194296000;13975922222;14175922222
1658;14194307000;13975922222;14175922222
1659;14194308000;13975922222;14175922222
1660;14194427000;13975922222;14175922222
1662;14235793000;14017588888;14217588888
1663;14235795000;14017588888;14217588888
1664;14235796000;14017588888;14217588888
1665;14235797000;14017588888;14217588888
1667;14235799000;14017588888;14217588888
1668;14235799000;14017588888;14217588888
1669;14235800000;14017588888;14217588888
1670;14235801000;14017588888;14217588888
1671;14235886000;14017588888;14217588888
1672;14235902000;14059288888;14259288888
1673;14235913000;14059288888;14259288888
1674;14235914000;14059288888;14259288888
1675;14235915000;14059288888;14259288888
1676;14235916000;14059288888;14259288888
1677;14235917000;14059288888;14259288888
1678;14235918000;14059288888;14259288888
1679;14235919000;14059288888;14259288888
1680;14235920000;14059288888;14259288888
1681;14235921000;14059288888;14259288888
1682;14277578000;14059288888;14259288888
1683;14277584000;14101100000;14301100000
1684;14277585000;14101100000;14301100000
1685;14277586000;14101100000;14301100000
1686;14277587000;14101100000;14301100000
1687;14277588000;14101100000;14301100000
1688;14277589000;14101100000;14301100000
1689;14277590000;14101100000;14301100000
1690;14277591000;14101100000;14301100000
1691;14277592000;14101100000;14301100000
1692;14277593000;14101100000;14301100000
1693;14319381000;14101100000;14301100000
1694;14319387000;14142588888;14342588888
1695;14319389000;14142588888;14342588888
1696;14319390000;14142588888;14342588888
1697;14319391000;14142588888;14342588888
1698;14319392000;14142588888;14342588888
1700;14360978000;14142588888;14342588888
1701;14360982000;14142588888;14342588888
1703;14360983000;14142588888;14342588888
1704;14361103000;14142588888;14342588888
1705;14361118000;14184311111;14384311111
1706;14361119000;14184311111;14384311111
1707;14361120000;14184311111;14384311111
1708;14361121000;14184311111;14384311111
1709;14361122000;14184311111;14384311111
1710;14361123000;14184311111;14384311111
1711;14361124000;14184311111;14384311111
1712;14361135000;14184311111;14384311111
1713;14361135000;14184311111;14384311111
1714;14361136000;14184311111;14384311111
1716;14444433000;14225922222;14425922222
1717;14444436000;14225922222;14425922222
1718;14444437000;14225922222;14425922222
1719;14444438000;14225922222;14425922222
1720;14444439000;14225922222;14425922222
1721;14444440000;14225922222;14425922222
1722;14444441000;14225922222;14425922222
1723;14444442000;14225922222;14425922222
1724;14444443000;14225922222;14425922222
1725;14444443000;14225922222;14425922222
1726;14444456000;14225922222;14425922222
1727;14444457000;14267566666;14467566666
1728;14444469000;14267566666;14467566666
1729;14444470000;14267566666;14467566666
1730;14444471000;14267566666;14467566666
1731;14444472000;14267566666;14467566666
1732;14444472000;14267566666;14467566666
1733;14444473000;14267566666;14467566666
1734;14444474000;14267566666;14467566666
1735;14444475000;14267566666;14467566666
1736;14444476000;14267566666;14467566666
1737;14485845000;14267566666;14467566666
1738;14485851000;14309300000;14509300000
1739;14485852000;14309300000;14509300000
1740;14485853000;14309300000;14509300000
1741;14485854000;14309300000;14509300000
1742;14485855000;14309300000;14509300000
1743;14485856000;14309300000;14509300000
1744;14485857000;14309300000;14509300000
1745;14485858000;14309300000;14509300000
1746;14485859000;14309300000;14509300000
1747;14485860000;14309300000;14509300000
1748;14527554000;14309300000;14509300000
1749;14527560000;14350922222;14550922222
1750;14527561000;14350922222;14550922222
1751;14527562000;14350922222;14550922222
1752;14527563000;14350922222;14550922222
1753;14527564000;14350922222;14550922222
1754;14527565000;14350922222;14550922222
1755;14527566000;14350922222;14550922222
1756;14527567000;14350922222;14550922222
1757;14527568000;14350922222;14550922222
1758;14527569000;14350922222;14550922222
1759;14569197000;14350922222;14550922222
1760;14569203000;14392600000;14592600000
1761;14569204000;14392600000;14592600000
1762;14569205000;14392600000;14592600000
1763;14569206000;14392600000;14592600000
1764;14569207000;14392600000;14592600000
1765;14569208000;14392600000;14592600000
1766;14569208000;14392600000;14592600000
1767;14569209000;14392600000;14592600000
1768;14569210000;14392600000;14592600000
1769;14569211000;14392600000;14592600000
1770;14610839000;14392600000;14592600000
1771;14610845000;14434288888;14634288888
1772;14610846000;14434288888;14634288888
1773;14610847000;14434288888;14634288888
1774;14610848000;14434288888;14634288888
1775;14610849000;14434288888;14634288888
1776;14610858000;14434288888;14634288888
1777;14610859000;14434288888;14634288888
1778;14610860000;14434288888;14634288888
1779;14610861000;14434288888;14634288888
1780;14610862000;14434288888;14634288888
1781;14652579000;14434288888;14634288888
1782;14652585000;14475900000;14675900000
1783;14652586000;14475900000;14675900000
1784;14652587000;14475900000;14675900000
1785;14652588000;14475900000;14675900000
1786;14652589000;14475900000;14675900000
1787;14652590000;14475900000;14675900000
1788;14652591000;14475900000;14675900000
1789;14652592000;14475900000;14675900000
1790;14652603000;14475900000;14675900000
1791;14652604000;14475900000;14675900000
1792;14694168000;14475900000;14675900000
1793;14694175000;14517566666;14717566666
1794;14694176000;14517566666;14717566666
1795;14694177000;14517566666;14717566666
1797;14735967000;14517566666;14717566666
1798;14735970000;14517566666;14717566666
1799;14735971000;14517566666;14717566666
1800;14735971000;14517566666;14717566666
1801;14735972000;14517566666;14717566666
1802;14735973000;14517566666;14717566666
1803;14736092000;14517566666;14717566666
1804;14736098000;14559311111;14759311111
1805;14736099000;14559311111;14759311111
1806;14736100000;14559311111;14759311111
1807;14736101000;14559311111;14759311111
1808;14736102000;14559311111;14759311111
1809;14736103000;14559311111;14759311111
1810;14736104000;14559311111;14759311111
1811;14736105000;14559311111;14759311111
1812;14736106000;14559311111;14759311111
1813;14736106000;14559311111;14759311111
1814;14777584000;14559311111;14759311111
1815;14777590000;14600922222;14800922222
1816;14777591000;14600922222;14800922222
1817;14777592000;14600922222;14800922222
1818;14777593000;14600922222;14800922222
1820;14819012000;14600922222;14800922222
1821;14819015000;14600922222;14800922222
1822;14819026000;14600922222;14800922222
1823;14819027000;14600922222;14800922222
1826;14860883000;14642588888;14842588888
1827;14860886000;14642588888;14842588888
1828;14860887000;14642588888;14842588888
1829;14860888000;14642588888;14842588888
1830;14860889000;14642588888;14842588888
1831;14860890000;14642588888;14842588888
1832;14860891000;14642588888;14842588888
1833;14860892000;14642588888;14842588888
1834;14860893000;14642588888;14842588888
1835;14860894000;14642588888;14842588888
1836;14860904000;14642588888;14842588888
1837;14860906000;14684388888;14884388888
1838;14860907000;14684388888;14884388888
1839;14860908000;14684388888;14884388888
1840;14860909000;14684388888;14884388888
1841;14860910000;14684388888;14884388888
1842;14860911000;14684388888;14884388888
1843;14860912000;14684388888;14884388888
1844;14860913000;14684388888;14884388888
1845;14860914000;14684388888;14884388888
1846;14860914000;14684388888;14884388888
1847;14902679000;14684388888;14884388888
1848;14902685000;14725888888;14925888888
1850;14944269000;14725888888;14925888888
1851;14944271000;14725888888;14925888888
1852;14944272000;14725888888;14925888888
1853;14944273000;14725888888;14925888888
1854;14944274000;14725888888;14925888888
1858;14944360000;14725888888;14925888888
1859;14944366000;14767533333;14967533333
1860;14944367000;14767533333;14967533333
1861;14944368000;14767533333;14967533333
1862;14944369000;14767533333;14967533333
1863;14944371000;14767533333;14967533333
1864;14944372000;14767533333;14967533333
1865;14944373000;14767533333;14967533333
1866;14944373000;14767533333;14967533333
1867;14944374000;14767533333;14967533333
1868;14944375000;14767533333;14967533333
1869;14985822000;14767533333;14967533333
1870;14985828000;14809288888;15009288888
1871;14985829000;14809288888;15009288888
1872;14985830000;14809288888;15009288888
1873;14985831000;14809288888;15009288888
1874;14985832000;14809288888;15009288888
1875;14985833000;14809288888;15009288888
1876;14985834000;14809288888;15009288888
1877;14985835000;14809288888;15009288888
1878;14985836000;14809288888;15009288888
1879;14985836000;14809288888;15009288888
1880;15027586000;14809288888;15009288888
1881;15027592000;14850877777;15050877777
1882;15027593000;14850877777;15050877777
1883;15027594000;14850877777;15050877777
1884;15027602000;14850877777;15050877777
1885;15027603000;14850877777;15050877777
1886;15027604000;14850877777;15050877777
1887;15027605000;14850877777;15050877777
1888;15027606000;14850877777;15050877777
1889;15027606000;14850877777;15050877777
1890;15027607000;14850877777;15050877777
1891;15069117000;14850877777;15050877777
1892;15069123000;14892566666;15092566666
1893;15069125000;14892566666;15092566666
1894;15069126000;14892566666;15092566666
1895;15069127000;14892566666;15092566666
1896;15069128000;14892566666;15092566666
1897;15069129000;14892566666;15092566666
1898;15069130000;14892566666;15092566666
1899;15069131000;14892566666;15092566666
1900;15069131000;14892566666;15092566666
1901;15069132000;14892566666;15092566666
1902;15110844000;14892566666;15092566666
1903;15110850000;14934277777;15134277777
1904;15110851000;14934277777;15134277777
1905;15110853000;14934277777;15134277777
1906;15110854000;14934277777;15134277777
1908;15152678000;14934277777;15134277777
1909;15152680000;14934277777;15134277777
1910;15152681000;14934277777;15134277777
1911;15152682000;14934277777;15134277777
1912;15152683000;14934277777;15134277777
1913;15152801000;14934277777;15134277777
1914;15152807000;14975933333;15175933333
1915;15152808000;14975933333;15175933333
1916;15152809000;14975933333;15175933333
1918;15194151000;14975933333;15175933333
1919;15194164000;14975933333;15175933333
1920;15194165000;14975933333;15175933333
1921;15194166000;14975933333;15175933333
1922;15194167000;14975933333;15175933333
1924;15194288000;14975933333;15175933333
1925;15194294000;15017555555;15217555555
1926;15194296000;15017555555;15217555555
1928;15235755000;15017555555;15217555555
1929;15235757000;15017555555;15217555555
1930;15235758000;15017555555;15217555555
1931;15235759000;15017555555;15217555555
1932;15235760000;15017555555;15217555555
1933;15235761000;15017555555;15217555555
1934;15235762000;15017555555;15217555555
1935;15235910000;15017555555;15217555555
1936;15235916000;15059266666;15259266666
1937;15235917000;15059266666;15259266666
1938;15235918000;15059266666;15259266666
1939;15235919000;15059266666;15259266666
1940;15235920000;15059266666;15259266666
1941;15235921000;15059266666;15259266666
1942;15235922000;15059266666;15259266666
1944;15277447000;15059266666;15259266666
1945;15277449000;15059266666;15259266666
1946;15277581000;15059266666;15259266666
1947;15277587000;15100888888;15300888888
1951;15319107000;15100888888;15300888888
1952;15319110000;15100888888;15300888888
1953;15319122000;15100888888;15300888888
1954;15319123000;15100888888;15300888888
1955;15319124000;15100888888;15300888888
1956;15319125000;15100888888;15300888888
1957;15319234000;15100888888;15300888888
1958;15319239000;15142544444;15342544444
1959;15319241000;15142544444;15342544444
1960;15319241000;15142544444;15342544444
1961;15319243000;15142544444;15342544444
1962;15319244000;15142544444;15342544444
1963;15319254000;15142544444;15342544444
1964;15319255000;15142544444;15342544444
1965;15319256000;15142544444;15342544444
1966;15319257000;15142544444;15342544444
1967;15319258000;15142544444;15342544444
1968;15360854000;15142544444;15342544444
1969;15360860000;15184288888;15384288888
1970;15360861000;15184288888;15384288888
1971;15360862000;15184288888;15384288888
1972;15360863000;15184288888;15384288888
1974;15402648000;15184288888;15384288888
1975;15402651000;15184288888;15384288888
1976;15402652000;15184288888;15384288888
1977;15402653000;15184288888;15384288888
1978;15402653000;15184288888;15384288888
1979;15402771000;15184288888;15384288888
1980;15402777000;15225888888;15425888888
1981;15402778000;15225888888;15425888888
1982;15402779000;15225888888;15425888888
1983;15402780000;15225888888;15425888888
1984;15402780000;15225888888;15425888888
1985;15402781000;15225888888;15425888888
1986;15402782000;15225888888;15425888888
1987;15402783000;15225888888;15425888888
1988;15402784000;15225888888;15425888888
1989;15402785000;15225888888;15425888888
1990;15444197000;15225888888;15425888888
1991;15444212000;15267544444;15467544444
1992;15444213000;15267544444;15467544444
1993;15444221000;15267544444;15467544444
1994;15444222000;15267544444;15467544444
1995;15444223000;15267544444;15467544444
1996;15444224000;15267544444;15467544444
1997;15444225000;15267544444;15467544444
1998;15444226000;15267544444;15467544444
1999;15444227000;15267544444;15467544444
2000;15444228000;15267544444;15467544444
2001;15485838000;15267544444;15467544444
2002;15485844000;15309277777;15509277777
2004;15527629000;15309277777;15509277777
2005;15527632000;15309277777;15509277777
2006;15527633000;15309277777;15509277777
2007;15527634000;15309277777;15509277777
2008;15527635000;15309277777;15509277777
2009;15527636000;15309277777;15509277777
2010;15527637000;15309277777;15509277777
2011;15527638000;15309277777;15509277777
2012;15527750000;15309277777;15509277777
2013;15527756000;15350922222;15550922222
2014;15527757000;15350922222;15550922222
2015;15527758000;15350922222;15550922222
2016;15527759000;15350922222;15550922222
2017;15527760000;15350922222;15550922222
2018;15527761000;15350922222;15550922222
2019;15527762000;15350922222;15550922222
2020;15527763000;15350922222;15550922222
2021;15527764000;15350922222;15550922222
2022;15527765000;15350922222;15550922222
2023;15569200000;15350922222;15550922222
2024;15569215000;15392611111;15592611111
2025;15569216000;15392611111;15592611111
2026;15569217000;15392611111;15592611111
2027;15569218000;15392611111;15592611111
2028;15569219000;15392611111;15592611111
2029;15569220000;15392611111;15592611111
2030;15569221000;15392611111;15592611111
2031;15569221000;15392611111;15592611111
2032;15569222000;15392611111;15592611111
2033;15569223000;15392611111;15592611111
2034;15610895000;15392611111;15592611111
2035;15610900000;15434255555;15634255555
2036;15610902000;15434255555;15634255555
2037;15610903000;15434255555;15634255555
2038;15610904000;15434255555;15634255555
2039;15610904000;15434255555;15634255555
2040;15610905000;15434255555;15634255555
2041;15610906000;15434255555;15634255555
2042;15610907000;15434255555;15634255555
2044;15652634000;15434255555;15634255555
2045;15652752000;15434255555;15634255555
2046;15652758000;15475877777;15675877777
2047;15652759000;15475877777;15675877777
2048;15652760000;15475877777;15675877777
2049;15652761000;15475877777;15675877777
2050;15652762000;15475877777;15675877777
2051;15652763000;15475877777;15675877777
2052;15652764000;15475877777;15675877777
2053;15652765000;15475877777;15675877777
2054;15652766000;15475877777;15675877777
2055;15652766000;15475877777;15675877777
2056;15694152000;15475877777;15675877777
2057;15694157000;15517544444;15717544444
2058;15694158000;15517544444;15717544444
2059;15694159000;15517544444;15717544444
2060;15694161000;15517544444;15717544444
2062;15735937000;15517544444;15717544444
2063;15735940000;15517544444;15717544444
2064;15735951000;15517544444;15717544444
2065;15735952000;15517544444;15717544444
2066;15735953000;15517544444;15717544444
2067;15736063000;15517544444;15717544444
2068;15736068000;15559288888;15759288888
2069;15736069000;15559288888;15759288888
2070;15736070000;15559288888;15759288888
2071;15736071000;15559288888;15759288888
2072;15736072000;15559288888;15759288888
2073;15736073000;15559288888;15759288888
2074;15736074000;15559288888;15759288888
2075;15736075000;15559288888;15759288888
2076;15736076000;15559288888;15759288888
2077;15736077000;15559288888;15759288888
2078;15777595000;15559288888;15759288888
2079;15777601000;15600900000;15800900000
2080;15777602000;15600900000;15800900000
2082;15819312000;15600900000;15800900000
2083;15819315000;15600900000;15800900000
2084;15819317000;15600900000;15800900000
2085;15819328000;15600900000;15800900000
2087;15819329000;15600900000;15800900000
2088;15819330000;15600900000;15800900000
2089;15819439000;15600900000;15800900000
2090;15819445000;15642566666;15842566666
2091;15819446000;15642566666;15842566666
2092;15819447000;15642566666;15842566666
2093;15819458000;15642566666;15842566666
2094;15819459000;15642566666;15842566666
2095;15819460000;15642566666;15842566666
2096;15819461000;15642566666;15842566666
2097;15819462000;15642566666;15842566666
2098;15819470000;15642566666;15842566666
2099;15819471000;15642566666;15842566666
2100;15860839000;15642566666;15842566666
2101;15860845000;15684288888;15884288888
2102;15860846000;15684288888;15884288888
2103;15860847000;15684288888;15884288888
2104;15860848000;15684288888;15884288888
2106;15902679000;15684288888;15884288888
2107;15902681000;15684288888;15884288888
2108;15902682000;15684288888;15884288888
2109;15902683000;15684288888;15884288888
2110;15902684000;15684288888;15884288888
2111;15902792000;15684288888;15884288888
2112;15902799000;15725922222;15925922222
2113;15902800000;15725922222;15925922222
2114;15902801000;15725922222;15925922222
2116;15944137000;15725922222;15925922222
2117;15944139000;15725922222;15925922222
2119;15944140000;15725922222;15925922222
2120;15944141000;15725922222;15925922222
2121;15944142000;15725922222;15925922222
2123;15985925000;15767566666;15967566666
2124;15985929000;15767566666;15967566666
2125;15985930000;15767566666;15967566666
2127;15985931000;15767566666;15967566666
2128;15985932000;15767566666;15967566666
2129;15985933000;15767566666;15967566666
2130;15985934000;15767566666;15967566666
2131;15985934000;15767566666;15967566666
2132;15985935000;15767566666;15967566666
2133;15985945000;15767566666;15967566666
2134;15985947000;15809333333;16009333333
2135;15985958000;15809333333;16009333333
2136;15985959000;15809333333;16009333333
2137;15985960000;15809333333;16009333333
2138;15985961000;15809333333;16009333333
2139;15985962000;15809333333;16009333333
2140;15985963000;15809333333;16009333333
2141;15985964000;15809333333;16009333333
2142;15985964000;15809333333;16009333333
2143;15985965000;15809333333;16009333333
2144;16027634000;15809333333;16009333333
2145;16027640000;15850911111;16050911111
2147;16069305000;15850911111;16050911111
2148;16069308000;15850911111;16050911111
2149;16069309000;15850911111;16050911111
2150;16069310000;15850911111;16050911111
2151;16069311000;15850911111;16050911111
2152;16069311000;15850911111;16050911111
2153;16069313000;15850911111;16050911111
2154;16069313000;15850911111;16050911111
2155;16069427000;15850911111;16050911111
2156;16069433000;15892588888;16092588888
2160;16110801000;15892588888;16092588888
2161;16110804000;15892588888;16092588888
2162;16110816000;15892588888;16092588888
2163;16110817000;15892588888;16092588888
2164;16110818000;15892588888;16092588888
2165;16110819000;15892588888;16092588888
2166;16110975000;15892588888;16092588888
2167;16110980000;15934300000;16134300000
2168;16110982000;15934300000;16134300000
2169;16110983000;15934300000;16134300000
2170;16110983000;15934300000;16134300000
2171;16110984000;15934300000;16134300000
2172;16110985000;15934300000;16134300000
2173;16110986000;15934300000;16134300000
2174;16110987000;15934300000;16134300000
2175;16110988000;15934300000;16134300000
2176;16110989000;15934300000;16134300000
2177;16152593000;15934300000;16134300000
2180;16194339000;15975922222;16175922222
2181;16194352000;15975922222;16175922222
2182;16194353000;15975922222;16175922222
2183;16194354000;15975922222;16175922222
2184;16194355000;15975922222;16175922222
2185;16194356000;15975922222;16175922222
2188;16194465000;15975922222;16175922222
2189;16194480000;16017588888;16217588888
2190;16194482000;16017588888;16217588888
2191;16194483000;16017588888;16217588888
2192;16194484000;16017588888;16217588888
2193;16194485000;16017588888;16217588888
2194;16194486000;16017588888;16217588888
2195;16194487000;16017588888;16217588888
2196;16194488000;16017588888;16217588888
2197;16194489000;16017588888;16217588888
2198;16194490000;16017588888;16217588888
2199;16235899000;16017588888;16217588888
2200;16235905000;16059300000;16259300000
2201;16235906000;16059300000;16259300000
2202;16235907000;16059300000;16259300000
2203;16235908000;16059300000;16259300000
2204;16235909000;16059300000;16259300000
2205;16235910000;16059300000;16259300000
2206;16235911000;16059300000;16259300000
2207;16235912000;16059300000;16259300000
2208;16235913000;16059300000;16259300000
2210;16277837000;16059300000;16259300000
2211;16277843000;16100922222;16300922222
2212;16277862000;16100922222;16300922222
2213;16277863000;16100922222;16300922222
2214;16277864000;16100922222;16300922222
2215;16277865000;16100922222;16300922222
2216;16277866000;16100922222;16300922222
2217;16277867000;16100922222;16300922222
2218;16277868000;16100922222;16300922222
2219;16277869000;16100922222;16300922222
2220;16277870000;16100922222;16300922222
2221;16319215000;16100922222;16300922222
2222;16319221000;16142577777;16342577777
2223;16319222000;16142577777;16342577777
2224;16319223000;16142577777;16342577777
2225;16319224000;16142577777;16342577777
2226;16319225000;16142577777;16342577777
2227;16319226000;16142577777;16342577777
2228;16319227000;16142577777;16342577777
2229;16319228000;16142577777;16342577777
2230;16319229000;16142577777;16342577777
2231;16319230000;16142577777;16342577777
2232;16360851000;16142577777;16342577777
2233;16360857000;16184311111;16384311111
2234;16360858000;16184311111;16384311111
2235;16360859000;16184311111;16384311111
2236;16360860000;16184311111;16384311111
2237;16360861000;16184311111;16384311111
2238;16360862000;16184311111;16384311111
2239;16360863000;16184311111;16384311111
2240;16360864000;16184311111;16384311111
2241;16360864000;16184311111;16384311111
2242;16360865000;16184311111;16384311111
2243;16402612000;16184311111;16384311111
2244;16402619000;16225922222;16425922222
2245;16402620000;16225922222;16425922222
2246;16402621000;16225922222;16425922222
2247;16402622000;16225922222;16425922222
2248;16402623000;16225922222;16425922222
2249;16402624000;16225922222;16425922222
2250;16402625000;16225922222;16425922222
2251;16402626000;16225922222;16425922222
2252;16402627000;16225922222;16425922222
2253;16402628000;16225922222;16425922222
2254;16444197000;16225922222;16425922222
2255;16444203000;16267577777;16467577777
2256;16444204000;16267577777;16467577777
2257;16444205000;16267577777;16467577777
2258;16444206000;16267577777;16467577777
2259;16444207000;16267577777;16467577777
2262;16485990000;16267577777;16467577777
2263;16485992000;16267577777;16467577777
2264;16485993000;16267577777;16467577777
2265;16486113000;16267577777;16467577777
2266;16486119000;16309311111;16509311111
2267;16486120000;16309311111;16509311111
2268;16486121000;16309311111;16509311111
2269;16486122000;16309311111;16509311111
2270;16486123000;16309311111;16509311111
2271;16486124000;16309311111;16509311111
2272;16486125000;16309311111;16509311111
2273;16486126000;16309311111;16509311111
2274;16486127000;16309311111;16509311111
2275;16486128000;16309311111;16509311111
2276;16527602000;16309311111;16509311111
2277;16527609000;16350933333;16550933333
2278;16527610000;16350933333;16550933333
2279;16527611000;16350933333;16550933333
2280;16527612000;16350933333;16550933333
2282;16569342000;16350933333;16550933333
2283;16569345000;16350933333;16550933333
2284;16569346000;16350933333;16550933333
2285;16569347000;16350933333;16550933333
2286;16569348000;16350933333;16550933333
2287;16569461000;16350933333;16550933333
2288;16569467000;16392611111;16592611111
2289;16569468000;16392611111;16592611111
2290;16569470000;16392611111;16592611111
2291;16569471000;16392611111;16592611111
2293;16610829000;16392611111;16592611111
2294;16610832000;16392611111;16592611111
2295;16610843000;16392611111;16592611111
2296;16610844000;16392611111;16592611111
2297;16610845000;16392611111;16592611111
2298;16610954000;16392611111;16592611111
2299;16610960000;16434288888;16634288888
2300;16610961000;16434288888;16634288888
2301;16610962000;16434288888;16634288888
2302;16610963000;16434288888;16634288888
2303;16610964000;16434288888;16634288888
2304;16610965000;16434288888;16634288888
2305;16610966000;16434288888;16634288888
2306;16610966000;16434288888;16634288888
2307;16610967000;16434288888;16634288888
2308;16610968000;16434288888;16634288888
2309;16652596000;16434288888;16634288888
2311;16694324000;16475911111;16675911111
2312;16694327000;16475911111;16675911111
2313;16694328000;16475911111;16675911111
2314;16694329000;16475911111;16675911111
2315;16694330000;16475911111;16675911111
2316;16694331000;16475911111;16675911111
2317;16694349000;16475911111;16675911111
2318;16694350000;16475911111;16675911111
2319;16694351000;16475911111;16675911111
2320;16694460000;16475911111;16675911111
2321;16694467000;16517566666;16717566666
2322;16694477000;16517566666;16717566666
2323;16694478000;16517566666;16717566666
2324;16694479000;16517566666;16717566666
2325;16694480000;16517566666;16717566666
2326;16694481000;16517566666;16717566666
2327;16694482000;16517566666;16717566666
2328;16694483000;16517566666;16717566666
2330;16735781000;16517566666;16717566666
2331;16735906000;16517566666;16717566666
2332;16735912000;16559322222;16759322222
2333;16735913000;16559322222;16759322222
2334;16735914000;16559322222;16759322222
2336;16777535000;16559322222;16759322222
2337;16777537000;16559322222;16759322222
2339;16777538000;16559322222;16759322222
2340;16777539000;16559322222;16759322222
2341;16777550000;16559322222;16759322222
2342;16777671000;16559322222;16759322222
2343;16777677000;16600933333;16800933333
2344;16777679000;16600933333;16800933333
2345;16777680000;16600933333;16800933333
2346;16777680000;16600933333;16800933333
2347;16777681000;16600933333;16800933333
2348;16777682000;16600933333;16800933333
2349;16777683000;16600933333;16800933333
2350;16777684000;16600933333;16800933333
2351;16777685000;16600933333;16800933333
2352;16777686000;16600933333;16800933333
2353;16819213000;16600933333;16800933333
2354;16819218000;16642600000;16842600000
2355;16819220000;16642600000;16842600000
2356;16819221000;16642600000;16842600000
2357;16819222000;16642600000;16842600000
2358;16819223000;16642600000;16842600000
2359;16819223000;16642600000;16842600000
2360;16819224000;16642600000;16842600000
2361;16819225000;16642600000;16842600000
2363;16860990000;16642600000;16842600000
2364;16861111000;16642600000;16842600000
2365;16861117000;16684400000;16884400000
2366;16861118000;16684400000;16884400000
2367;16861119000;16684400000;16884400000
2368;16861120000;16684400000;16884400000
2369;16861121000;16684400000;16884400000
2370;16861122000;16684400000;16884400000
2371;16861123000;16684400000;16884400000
2372;16861123000;16684400000;16884400000
2373;16861124000;16684400000;16884400000
2374;16861125000;16684400000;16884400000
2375;16902688000;16684400000;16884400000
2376;16902694000;16725911111;16925911111
2377;16902695000;16725911111;16925911111
2378;16902696000;16725911111;16925911111
2380;16944321000;16725911111;16925911111
2381;16944324000;16725911111;16925911111
2383;16944325000;16725911111;16925911111
2384;16944326000;16725911111;16925911111
2385;16944327000;16725911111;16925911111
2386;16944446000;16725911111;16925911111
2387;16944452000;16767555555;16967555555
2388;16944453000;16767555555;16967555555
2389;16944454000;16767555555;16967555555
2390;16944455000;16767555555;16967555555
2391;16944456000;16767555555;16967555555
2392;16944457000;16767555555;16967555555
2393;16944458000;16767555555;16967555555
2394;16944459000;16767555555;16967555555
2395;16944460000;16767555555;16967555555
2398;17027807000;16809300000;17009300000
2399;17027811000;16809300000;17009300000
2400;17027812000;16809300000;17009300000
2401;17027813000;16809300000;17009300000
2402;17027814000;16809300000;17009300000
2403;17027815000;16809300000;17009300000
2404;17027816000;16809300000;17009300000
2405;17027816000;16809300000;17009300000
2409;17069241000;16850900000;17050900000
2410;17069244000;16850900000;17050900000
2411;17069246000;16850900000;17050900000
2412;17069247000;16850900000;17050900000
2413;17069248000;16850900000;17050900000
2414;17069248000;16850900000;17050900000
2415;17069249000;16850900000;17050900000
2416;17069250000;16850900000;17050900000
2417;17069251000;16850900000;17050900000
2419;17069261000;16850900000;17050900000
2420;17069263000;16892588888;17092588888
2421;17069273000;16892588888;17092588888
2422;17069274000;16892588888;17092588888
2423;17069275000;16892588888;17092588888
2424;17069276000;16892588888;17092588888
2425;17069277000;16892588888;17092588888
2426;17069278000;16892588888;17092588888
2427;17069279000;16892588888;17092588888
2428;17069280000;16892588888;17092588888
2429;17069288000;16892588888;17092588888
2430;17110865000;16892588888;17092588888
2431;17110870000;16934288888;17134288888
2435;17152685000;16934288888;17134288888
2436;17152688000;16934288888;17134288888
2437;17152700000;16934288888;17134288888
2438;17152701000;16934288888;17134288888
2439;17152702000;16934288888;17134288888
2440;17152703000;16934288888;17134288888
2441;17152811000;16934288888;17134288888
2442;17152817000;16975911111;17175911111
2443;17152818000;16975911111;17175911111
2444;17152819000;16975911111;17175911111
2445;17152820000;16975911111;17175911111
2446;17152821000;16975911111;17175911111
2447;17152822000;16975911111;17175911111
2448;17152823000;16975911111;17175911111
2449;17152823000;16975911111;17175911111
2450;17152824000;16975911111;17175911111
2451;17152825000;16975911111;17175911111
2452;17194220000;16975911111;17175911111
2453;17194226000;17017577777;17217577777
2454;17194227000;17017577777;17217577777
2455;17194228000;17017577777;17217577777
2456;17194229000;17017577777;17217577777
2457;17194230000;17017577777;17217577777
2458;17194230000;17017577777;17217577777
2459;17194231000;17017577777;17217577777
2460;17194232000;17017577777;17217577777
2461;17194233000;17017577777;17217577777
2462;17194234000;17017577777;17217577777
2463;17235855000;17017577777;17217577777
2464;17235860000;17059288888;17259288888
2465;17235861000;17059288888;17259288888
2466;17235862000;17059288888;17259288888
2467;17235863000;17059288888;17259288888
2468;17235864000;17059288888;17259288888
2470;17277678000;17059288888;17259288888
2472;17277680000;17059288888;17259288888
2473;17277681000;17059288888;17259288888
2475;17319250000;17100911111;17300911111
2476;17319254000;17100911111;17300911111
2477;17319255000;17100911111;17300911111
2479;17319256000;17100911111;17300911111
2480;17319257000;17100911111;17300911111
2481;17319258000;17100911111;17300911111
2482;17319259000;17100911111;17300911111
2483;17319259000;17100911111;17300911111
2484;17319260000;17100911111;17300911111
2485;17319270000;17100911111;17300911111
2486;17319271000;17142566666;17342566666
2487;17319283000;17142566666;17342566666
2488;17319284000;17142566666;17342566666
2489;17319285000;17142566666;17342566666
2490;17319286000;17142566666;17342566666
2491;17319287000;17142566666;17342566666
2492;17319288000;17142566666;17342566666
2493;17319288000;17142566666;17342566666
2494;17319289000;17142566666;17342566666
2495;17319290000;17142566666;17342566666
2496;17360857000;17142566666;17342566666
2498;17402691000;17184288888;17384288888
2499;17402704000;17184288888;17384288888
2500;17402705000;17184288888;17384288888
2501;17402706000;17184288888;17384288888
2502;17402707000;17184288888;17384288888
2503;17402708000;17184288888;17384288888
2504;17402709000;17184288888;17384288888
2505;17402710000;17184288888;17384288888
2506;17402711000;17184288888;17384288888
2507;17402818000;17184288888;17384288888
2508;17402824000;17225911111;17425911111
2509;17402825000;17225911111;17425911111
2510;17402826000;17225911111;17425911111
2511;17402827000;17225911111;17425911111
2512;17402828000;17225911111;17425911111
2513;17402829000;17225911111;17425911111
2514;17402830000;17225911111;17425911111
2515;17402831000;17225911111;17425911111
2516;17402832000;17225911111;17425911111
2517;17402833000;17225911111;17425911111
2518;17444191000;17225911111;17425911111
2519;17444197000;17267555555;17467555555
2520;17444198000;17267555555;17467555555
2521;17444199000;17267555555;17467555555
2522;17444200000;17267555555;17467555555
2523;17444201000;17267555555;17467555555
2525;17485944000;17267555555;17467555555
2526;17485946000;17267555555;17467555555
2527;17485947000;17267555555;17467555555
2528;17485948000;17267555555;17467555555
2529;17486057000;17267555555;17467555555
2530;17486063000;17309322222;17509322222
2531;17486064000;17309322222;17509322222
2532;17486065000;17309322222;17509322222
2533;17486066000;17309322222;17509322222
2534;17486067000;17309322222;17509322222
2536;17527529000;17309322222;17509322222
2537;17527532000;17309322222;17509322222
2538;17527533000;17309322222;17509322222
2539;17527550000;17309322222;17509322222
2541;17569294000;17350933333;17550933333
2542;17569298000;17350933333;17550933333
2544;17569299000;17350933333;17550933333
2545;17569300000;17350933333;17550933333
2546;17569301000;17350933333;17550933333
2547;17569302000;17350933333;17550933333
2548;17569302000;17350933333;17550933333
2549;17569303000;17350933333;17550933333
2550;17569304000;17350933333;17550933333
2551;17569314000;17350933333;17550933333
2552;17569315000;17392611111;17592611111
2553;17569326000;17392611111;17592611111
2554;17569327000;17392611111;17592611111
2555;17569328000;17392611111;17592611111
2557;17610847000;17392611111;17592611111
2558;17610850000;17392611111;17592611111
2559;17610860000;17392611111;17592611111
2560;17610862000;17392611111;17592611111
2562;17610971000;17392611111;17592611111
2563;17610976000;17434277777;17634277777
2564;17610978000;17434277777;17634277777
2565;17610979000;17434277777;17634277777
2566;17610979000;17434277777;17634277777
2567;17610980000;17434277777;17634277777
2568;17610981000;17434277777;17634277777
2569;17610982000;17434277777;17634277777
2570;17610983000;17434277777;17634277777
2571;17610984000;17434277777;17634277777
2572;17610985000;17434277777;17634277777
2573;17652538000;17434277777;17634277777
2574;17652553000;17475900000;17675900000
2576;17694282000;17475900000;17675900000
2577;17694293000;17475900000;17675900000
2579;17694295000;17475900000;17675900000
2580;17694295000;17475900000;17675900000
2581;17694296000;17475900000;17675900000
2582;17694297000;17475900000;17675900000
2583;17694298000;17475900000;17675900000
2584;17694444000;17475900000;17675900000
2587;17735798000;17517588888;17717588888
2588;17735800000;17517588888;17717588888
2590;17735801000;17517588888;17717588888
2591;17735802000;17517588888;17717588888
2595;17735915000;17517588888;17717588888
2596;17735921000;17559311111;17759311111
2597;17735922000;17559311111;17759311111
2598;17735923000;17559311111;17759311111
2599;17735924000;17559311111;17759311111
2600;17735925000;17559311111;17759311111
2601;17735926000;17559311111;17759311111
2602;17735927000;17559311111;17759311111
2603;17735928000;17559311111;17759311111
2604;17735929000;17559311111;17759311111
2605;17735930000;17559311111;17759311111
2606;17777595000;17559311111;17759311111
2607;17777611000;17600922222;17800922222
2608;17777612000;17600922222;17800922222
2609;17777613000;17600922222;17800922222
2610;17777614000;17600922222;17800922222
2611;17777615000;17600922222;17800922222
2612;17777616000;17600922222;17800922222
2613;17777617000;17600922222;17800922222
2615;17819332000;17600922222;17800922222
2616;17819335000;17600922222;17800922222
2617;17819455000;17600922222;17800922222
2618;17819460000;17642588888;17842588888
2619;17819461000;17642588888;17842588888
2620;17819462000;17642588888;17842588888
2621;17819463000;17642588888;17842588888
2622;17819464000;17642588888;17842588888
2623;17819465000;17642588888;17842588888
2624;17819466000;17642588888;17842588888
2625;17819467000;17642588888;17842588888
2626;17819468000;17642588888;17842588888
2627;17819469000;17642588888;17842588888
2628;17860881000;17642588888;17842588888
2629;17860887000;17684300000;17884300000
2630;17860888000;17684300000;17884300000
2631;17860889000;17684300000;17884300000
2632;17860890000;17684300000;17884300000
2633;17860891000;17684300000;17884300000
2634;17860892000;17684300000;17884300000
2635;17860893000;17684300000;17884300000
2636;17860894000;17684300000;17884300000
2637;17860895000;17684300000;17884300000
2638;17860896000;17684300000;17884300000
2639;17902600000;17684300000;17884300000
2640;17902606000;17725911111;17925911111
2641;17902607000;17725911111;17925911111
2642;17902608000;17725911111;17925911111
2643;17902609000;17725911111;17925911111
2644;17902610000;17725911111;17925911111
2645;17902611000;17725911111;17925911111
2646;17902612000;17725911111;17925911111
2647;17902613000;17725911111;17925911111
2648;17902614000;17725911111;17925911111
2649;17902614000;17725911111;17925911111
2650;17944201000;17725911111;17925911111
2651;17944213000;17767544444;17967544444
2654;17985939000;17767544444;17967544444
2655;17985942000;17767544444;17967544444
2656;17985955000;17767544444;17967544444
2657;17985956000;17767544444;17967544444
2658;17985957000;17767544444;17967544444
2659;17985958000;17767544444;17967544444
2660;17985959000;17767544444;17967544444
2661;17986081000;17767544444;17967544444
2662;17986087000;17809277777;18009277777
2663;17986088000;17809277777;18009277777
2664;17986089000;17809277777;18009277777
2666;18027497000;17809277777;18009277777
2667;18027500000;17809277777;18009277777
2668;18027519000;17809277777;18009277777
2669;18027531000;17809277777;18009277777
2670;18027531000;17809277777;18009277777
2671;18027532000;17809277777;18009277777
2672;18027677000;17809277777;18009277777
2673;18027683000;17850877777;18050877777
2674;18027684000;17850877777;18050877777
2675;18027685000;17850877777;18050877777
2676;18027686000;17850877777;18050877777
2677;18027696000;17850877777;18050877777
2678;18027697000;17850877777;18050877777
2679;18027698000;17850877777;18050877777
2680;18027699000;17850877777;18050877777
2681;18027700000;17850877777;18050877777
2682;18027701000;17850877777;18050877777
2683;18069166000;17850877777;18050877777
2684;18069172000;17892566666;18092566666
2686;18110946000;17892566666;18092566666
2687;18110948000;17892566666;18092566666
2688;18110949000;17892566666;18092566666
2689;18110950000;17892566666;18092566666
2690;18110951000;17892566666;18092566666
2691;18110952000;17892566666;18092566666
2692;18110953000;17892566666;18092566666
2693;18110954000;17892566666;18092566666
2694;18111067000;17892566666;18092566666
2695;18111073000;17934300000;18134300000
2696;18111074000;17934300000;18134300000
2697;18111075000;17934300000;18134300000
2698;18111076000;17934300000;18134300000
2699;18111077000;17934300000;18134300000
2700;18111078000;17934300000;18134300000
2701;18111079000;17934300000;18134300000
2702;18111080000;17934300000;18134300000
2703;18111081000;17934300000;18134300000
2704;18111082000;17934300000;18134300000
2705;18152586000;17934300000;18134300000
2706;18152592000;17975888888;18175888888
2707;18152593000;17975888888;18175888888
2708;18152594000;17975888888;18175888888
2709;18152595000;17975888888;18175888888
2710;18152596000;17975888888;18175888888
2711;18152597000;17975888888;18175888888
2712;18152598000;17975888888;18175888888
2713;18152599000;17975888888;18175888888
2714;18152600000;17975888888;18175888888
2715;18152601000;17975888888;18175888888
2716;18194174000;17975888888;18175888888
2717;18194180000;18017555555;18217555555
2718;18194181000;18017555555;18217555555
2719;18194182000;18017555555;18217555555
2720;18194183000;18017555555;18217555555
2721;18194184000;18017555555;18217555555
2722;18194185000;18017555555;18217555555
2723;18194185000;18017555555;18217555555
2724;18194186000;18017555555;18217555555
2725;18194187000;18017555555;18217555555
2726;18194188000;18017555555;18217555555
2727;18235831000;18017555555;18217555555
2728;18235837000;18059277777;18259277777
2729;18235838000;18059277777;18259277777
2730;18235839000;18059277777;18259277777
2731;18235840000;18059277777;18259277777
2732;18235841000;18059277777;18259277777
2733;18235842000;18059277777;18259277777
2734;18235842000;18059277777;18259277777
2735;18235843000;18059277777;18259277777
2736;18235844000;18059277777;18259277777
2737;18235845000;18059277777;18259277777
2738;18277576000;18059277777;18259277777
2739;18277582000;18100888888;18300888888
2740;18277584000;18100888888;18300888888
2741;18277585000;18100888888;18300888888
2742;18277586000;18100888888;18300888888
2743;18277587000;18100888888;18300888888
2744;18277587000;18100888888;18300888888
2745;18277589000;18100888888;18300888888
2746;18277589000;18100888888;18300888888
2747;18277590000;18100888888;18300888888
2748;18277591000;18100888888;18300888888
2749;18319191000;18100888888;18300888888
2750;18319197000;18142555555;18342555555
2751;18319198000;18142555555;18342555555
2752;18319199000;18142555555;18342555555
2753;18319200000;18142555555;18342555555
2754;18319201000;18142555555;18342555555
2756;18360949000;18142555555;18342555555
2757;18360952000;18142555555;18342555555
2758;18360964000;18142555555;18342555555
2759;18360965000;18142555555;18342555555
2760;18361073000;18142555555;18342555555
2761;18361079000;18184266666;18384266666
2762;18361080000;18184266666;18384266666
2763;18361081000;18184266666;18384266666
2764;18361082000;18184266666;18384266666
2765;18361083000;18184266666;18384266666
2766;18361084000;18184266666;18384266666
2767;18361085000;18184266666;18384266666
2768;18361086000;18184266666;18384266666
2769;18361087000;18184266666;18384266666
2770;18361088000;18184266666;18384266666
2771;18402549000;18184266666;18384266666
2772;18402564000;18225888888;18425888888
2773;18402565000;18225888888;18425888888
2774;18402566000;18225888888;18425888888
2775;18402567000;18225888888;18425888888
2776;18402568000;18225888888;18425888888
2777;18402569000;18225888888;18425888888
2778;18402570000;18225888888;18425888888
2779;18402571000;18225888888;18425888888
2780;18402572000;18225888888;18425888888
2781;18402572000;18225888888;18425888888
2782;18444181000;18225888888;18425888888
2783;18444187000;18267544444;18467544444
2784;18444188000;18267544444;18467544444
2785;18444189000;18267544444;18467544444
2786;18444190000;18267544444;18467544444
2787;18444191000;18267544444;18467544444
2788;18444192000;18267544444;18467544444
2789;18444193000;18267544444;18467544444
2790;18444194000;18267544444;18467544444
2791;18444195000;18267544444;18467544444
2792;18444196000;18267544444;18467544444
2793;18485830000;18267544444;18467544444
2794;18485836000;18309277777;18509277777
2795;18485838000;18309277777;18509277777
2796;18485839000;18309277777;18509277777
2797;18485840000;18309277777;18509277777
2798;18485841000;18309277777;18509277777
2799;18485841000;18309277777;18509277777
2800;18485843000;18309277777;18509277777
2805;18569412000;18350900000;18550900000
2806;18569415000;18350900000;18550900000
2807;18569416000;18350900000;18550900000
2808;18569417000;18350900000;18550900000
2809;18569418000;18350900000;18550900000
2810;18569419000;18350900000;18550900000
2811;18569420000;18350900000;18550900000
2812;18569421000;18350900000;18550900000
2813;18569422000;18350900000;18550900000
2814;18569423000;18350900000;18550900000
2815;18569432000;18350900000;18550900000
2816;18569434000;18392588888;18592588888
2817;18569444000;18392588888;18592588888
2818;18569445000;18392588888;18592588888
2819;18569446000;18392588888;18592588888
2820;18569447000;18392588888;18592588888
2821;18569448000;18392588888;18592588888
2822;18569449000;18392588888;18592588888
2823;18569450000;18392588888;18592588888
2824;18569451000;18392588888;18592588888
2825;18569452000;18392588888;18592588888
2827;18652777000;18434266666;18634266666
2828;18652781000;18434266666;18634266666
2829;18652782000;18434266666;18634266666
2830;18652783000;18434266666;18634266666
2831;18652784000;18434266666;18634266666
2832;18652785000;18434266666;18634266666
2833;18652785000;18434266666;18634266666
2834;18652786000;18434266666;18634266666
2835;18652787000;18434266666;18634266666
2836;18652788000;18434266666;18634266666
2837;18652797000;18434266666;18634266666
2840;18694083000;18475877777;18675877777
2841;18694085000;18475877777;18675877777
2842;18694086000;18475877777;18675877777
2843;18694087000;18475877777;18675877777
2844;18694088000;18475877777;18675877777
2845;18694089000;18475877777;18675877777
2846;18694090000;18475877777;18675877777
2847;18694091000;18475877777;18675877777
2848;18694203000;18475877777;18675877777
2849;18694209000;18517544444;18717544444
2850;18694211000;18517544444;18717544444
2851;18694211000;18517544444;18717544444
2852;18694213000;18517544444;18717544444
2853;18694213000;18517544444;18717544444
2854;18694214000;18517544444;18717544444
2855;18694215000;18517544444;18717544444
2856;18694216000;18517544444;18717544444
2857;18694217000;18517544444;18717544444
2858;18694218000;18517544444;18717544444
2859;18735839000;18517544444;18717544444
2860;18735844000;18559300000;18759300000
2861;18735846000;18559300000;18759300000
2862;18735847000;18559300000;18759300000
2863;18735858000;18559300000;18759300000
2864;18735859000;18559300000;18759300000
2865;18735860000;18559300000;18759300000
2866;18735861000;18559300000;18759300000
2867;18735862000;18559300000;18759300000
2868;18735863000;18559300000;18759300000
2869;18735864000;18559300000;18759300000
2870;18777596000;18559300000;18759300000
2871;18777603000;18600900000;18800900000
2872;18777604000;18600900000;18800900000
2873;18777605000;18600900000;18800900000
2874;18777606000;18600900000;18800900000
2875;18777607000;18600900000;18800900000
2876;18777608000;18600900000;18800900000
2880;18819294000;18600900000;18800900000
2881;18819413000;18600900000;18800900000
2882;18819419000;18642566666;18842566666
2883;18819420000;18642566666;18842566666
2884;18819421000;18642566666;18842566666
2885;18819422000;18642566666;18842566666
2886;18819423000;18642566666;18842566666
2887;18819424000;18642566666;18842566666
2888;18819425000;18642566666;18842566666
2889;18819426000;18642566666;18842566666
2890;18819427000;18642566666;18842566666
2891;18819428000;18642566666;18842566666
2892;18860871000;18642566666;18842566666
2893;18860877000;18684366666;18884366666
2894;18860878000;18684366666;18884366666
2895;18860879000;18684366666;18884366666
2896;18860880000;18684366666;18884366666
2897;18860881000;18684366666;18884366666
2898;18860882000;18684366666;18884366666
2900;18902754000;18684366666;18884366666
2901;18902768000;18684366666;18884366666
2902;18902769000;18684366666;18884366666
2903;18902889000;18684366666;18884366666
2904;18902895000;18725877777;18925877777
2905;18902897000;18725877777;18925877777
2906;18902898000;18725877777;18925877777
2907;18902899000;18725877777;18925877777
2908;18902900000;18725877777;18925877777
2909;18902901000;18725877777;18925877777
2910;18902902000;18725877777;18925877777
2911;18902903000;18725877777;18925877777
2912;18902904000;18725877777;18925877777
2914;18944230000;18725877777;18925877777
2915;18944236000;18767533333;18967533333
2916;18944237000;18767533333;18967533333
2917;18944238000;18767533333;18967533333
2918;18944239000;18767533333;18967533333
2919;18944240000;18767533333;18967533333
2920;18944241000;18767533333;18967533333
2921;18944242000;18767533333;18967533333
2922;18944243000;18767533333;18967533333
2923;18944244000;18767533333;18967533333
2926;19027825000;18809266666;19009266666
2927;19027828000;18809266666;19009266666
2928;19027829000;18809266666;19009266666
2929;19027830000;18809266666;19009266666
2930;19027831000;18809266666;19009266666
2933;19027832000;18809266666;19009266666
2934;19027833000;18809266666;19009266666
2935;19027834000;18809266666;19009266666
2936;19027844000;18809266666;19009266666
2937;19027845000;18850866666;19050866666
2938;19027857000;18850866666;19050866666
2939;19027858000;18850866666;19050866666
2940;19027859000;18850866666;19050866666
2942;19069085000;18850866666;19050866666
2943;19069088000;18850866666;19050866666
2944;19069100000;18850866666;19050866666
2945;19069101000;18850866666;19050866666
2946;19069101000;18850866666;19050866666
2947;19069210000;18850866666;19050866666
2948;19069215000;18892555555;19092555555
2949;19069217000;18892555555;19092555555
2950;19069218000;18892555555;19092555555
2951;19069219000;18892555555;19092555555
2952;19069220000;18892555555;19092555555
2953;19069221000;18892555555;19092555555
2954;19069222000;18892555555;19092555555
2955;19069223000;18892555555;19092555555
2956;19069223000;18892555555;19092555555
2957;19069224000;18892555555;19092555555
2958;19110824000;18892555555;19092555555
2959;19110830000;18934266666;19134266666
2960;19110831000;18934266666;19134266666
2961;19110833000;18934266666;19134266666
2962;19110834000;18934266666;19134266666
2963;19110835000;18934266666;19134266666
2964;19110836000;18934266666;19134266666
2965;19110837000;18934266666;19134266666
2966;19110838000;18934266666;19134266666
2967;19110839000;18934266666;19134266666
2968;19110840000;18934266666;19134266666
2969;19152543000;18934266666;19134266666
2970;19152550000;18975888888;19175888888
2971;19152551000;18975888888;19175888888
2972;19152552000;18975888888;19175888888
2973;19152571000;18975888888;19175888888
2974;19152572000;18975888888;19175888888
2978;19194293000;18975888888;19175888888
2979;19194296000;18975888888;19175888888
2980;19194436000;18975888888;19175888888
2981;19194442000;19017544444;19217544444
2982;19194443000;19017544444;19217544444
2983;19194444000;19017544444;19217544444
2984;19194445000;19017544444;19217544444
2985;19194446000;19017544444;19217544444
2986;19194447000;19017544444;19217544444
2987;19194448000;19017544444;19217544444
2989;19235781000;19017544444;19217544444
2990;19235783000;19017544444;19217544444
2991;19235901000;19017544444;19217544444
2992;19235906000;19059255555;19259255555
2993;19235908000;19059255555;19259255555
2994;19235908000;19059255555;19259255555
2995;19235910000;19059255555;19259255555
2996;19235910000;19059255555;19259255555
2997;19235911000;19059255555;19259255555
2998;19235912000;19059255555;19259255555
2999;19235913000;19059255555;19259255555
3000;19235914000;19059255555;19259255555
3001;19235915000;19059255555;19259255555
3002;19277533000;19059255555;19259255555
3004;19319282000;19100877777;19300877777
3006;19319285000;19100877777;19300877777
3007;19319286000;19100877777;19300877777
3008;19319287000;19100877777;19300877777
3010;19319288000;19100877777;19300877777
3011;19319289000;19100877777;19300877777
3012;19319290000;19100877777;19300877777
3013;19319402000;19100877777;19300877777
3014;19319408000;19142544444;19342544444
3015;19319409000;19142544444;19342544444
3016;19319411000;19142544444;19342544444
3018;19360772000;19142544444;19342544444
3019;19360774000;19142544444;19342544444
3020;19360775000;19142544444;19342544444
3021;19360776000;19142544444;19342544444
3023;19360777000;19142544444;19342544444
3024;19360895000;19142544444;19342544444
3025;19360901000;19184255555;19384255555
3026;19360902000;19184255555;19384255555
3027;19360903000;19184255555;19384255555
3028;19360904000;19184255555;19384255555
3029;19360905000;19184255555;19384255555
3030;19360906000;19184255555;19384255555
3031;19360906000;19184255555;19384255555
3032;19360907000;19184255555;19384255555
3033;19360908000;19184255555;19384255555
3034;19360909000;19184255555;19384255555
3035;19402550000;19184255555;19384255555
3036;19402566000;19225877777;19425877777
3037;19402567000;19225877777;19425877777
3038;19402568000;19225877777;19425877777
3039;19402569000;19225877777;19425877777
3040;19402570000;19225877777;19425877777
3041;19402571000;19225877777;19425877777
3043;19444285000;19225877777;19425877777
3044;19444287000;19225877777;19425877777
3045;19444289000;19225877777;19425877777
3046;19444429000;19225877777;19425877777
3047;19444435000;19267533333;19467533333
3048;19444436000;19267533333;19467533333
3049;19444437000;19267533333;19467533333
3050;19444438000;19267533333;19467533333
3051;19444439000;19267533333;19467533333
3052;19444440000;19267533333;19467533333
3053;19444441000;19267533333;19467533333
3054;19444442000;19267533333;19467533333
3056;19485770000;19267533333;19467533333
3057;19485902000;19267533333;19467533333
3058;19485908000;19309266666;19509266666
3059;19485909000;19309266666;19509266666
3060;19485910000;19309266666;19509266666
3061;19485911000;19309266666;19509266666
3062;19485912000;19309266666;19509266666
3063;19485913000;19309266666;19509266666
3064;19485914000;19309266666;19509266666
3065;19485915000;19309266666;19509266666
3066;19485915000;19309266666;19509266666
3067;19485916000;19309266666;19509266666
3068;19527545000;19309266666;19509266666
3069;19527560000;19350888888;19550888888
3070;19527561000;19350888888;19550888888
3071;19527562000;19350888888;19550888888
3072;19527563000;19350888888;19550888888
3074;19569262000;19350888888;19550888888
3075;19569273000;19350888888;19550888888
3076;19569274000;19350888888;19550888888
3077;19569275000;19350888888;19550888888
3078;19569276000;19350888888;19550888888
3079;19569395000;19350888888;19550888888
3080;19569400000;19392566666;19592566666
3081;19569402000;19392566666;19592566666
3082;19569403000;19392566666;19592566666
3083;19569403000;19392566666;19592566666
3084;19569404000;19392566666;19592566666
3087;19610804000;19392566666;19592566666
3088;19610807000;19392566666;19592566666
3089;19610818000;19392566666;19592566666
3090;19610926000;19392566666;19592566666
3091;19610932000;19434244444;19634244444
3092;19610933000;19434244444;19634244444
3093;19610934000;19434244444;19634244444
3094;19610935000;19434244444;19634244444
3096;19652462000;19434244444;19634244444
3097;19652464000;19434244444;19634244444
3100;19652465000;19434244444;19634244444
3101;19652605000;19434244444;19634244444
3102;19652610000;19475866666;19675866666
3103;19652611000;19475866666;19675866666
3105;19694083000;19475866666;19675866666
3106;19694086000;19475866666;19675866666
3107;19694098000;19475866666;19675866666
3108;19694099000;19475866666;19675866666
3109;19694100000;19475866666;19675866666
3110;19694101000;19475866666;19675866666
3111;19694102000;19475866666;19675866666
3112;19694231000;19475866666;19675866666
3113;19694237000;19517533333;19717533333
3114;19694238000;19517533333;19717533333
3115;19694239000;19517533333;19717533333
3116;19694240000;19517533333;19717533333
3117;19694241000;19517533333;19717533333
3118;19694242000;19517533333;19717533333
3119;19694243000;19517533333;19717533333
3120;19694244000;19517533333;19717533333
3121;19694244000;19517533333;19717533333
3122;19694245000;19517533333;19717533333
3123;19735801000;19517533333;19717533333
3124;19735807000;19559266666;19759266666
3125;19735808000;19559266666;19759266666
3126;19735809000;19559266666;19759266666
3127;19735810000;19559266666;19759266666
3128;19735811000;19559266666;19759266666
3129;19735812000;19559266666;19759266666
3130;19735813000;19559266666;19759266666
3131;19735814000;19559266666;19759266666
3132;19735815000;19559266666;19759266666
3133;19735816000;19559266666;19759266666
3134;19777543000;19559266666;19759266666
3135;19777559000;19600888888;19800888888
3136;19777560000;19600888888;19800888888
3137;19777562000;19600888888;19800888888
3138;19777563000;19600888888;19800888888
3139;19777563000;19600888888;19800888888
3140;19777564000;19600888888;19800888888
3141;19777565000;19600888888;19800888888
3142;19777566000;19600888888;19800888888
3143;19777567000;19600888888;19800888888
3144;19777568000;19600888888;19800888888
3145;19819165000;19600888888;19800888888
3146;19819171000;19642555555;19842555555
3147;19819172000;19642555555;19842555555
3148;19819173000;19642555555;19842555555
3149;19819174000;19642555555;19842555555
3150;19819175000;19642555555;19842555555
3151;19819176000;19642555555;19842555555
3152;19819177000;19642555555;19842555555
3153;19819178000;19642555555;19842555555
3154;19819179000;19642555555;19842555555
3155;19819180000;19642555555;19842555555
3156;19860850000;19642555555;19842555555
3157;19860856000;19684266666;19884266666
3159;19902678000;19684266666;19884266666
3160;19902680000;19684266666;19884266666
3161;19902681000;19684266666;19884266666
3162;19902682000;19684266666;19884266666
3165;19902683000;19684266666;19884266666
3166;19902684000;19684266666;19884266666
3167;19902802000;19684266666;19884266666
3168;19902808000;19725888888;19925888888
3169;19902809000;19725888888;19925888888
3170;19902810000;19725888888;19925888888
3171;19902811000;19725888888;19925888888
3172;19902812000;19725888888;19925888888
3173;19902813000;19725888888;19925888888
3174;19902814000;19725888888;19925888888
3175;19902815000;19725888888;19925888888
3176;19902816000;19725888888;19925888888
3177;19902817000;19725888888;19925888888
3178;19944198000;19725888888;19925888888
3179;19944204000;19767544444;19967544444
3180;19944205000;19767544444;19967544444
3181;19944206000;19767544444;19967544444
3182;19944207000;19767544444;19967544444
3183;19944208000;19767544444;19967544444
3184;19944209000;19767544444;19967544444
3185;19944210000;19767544444;19967544444
3186;19944211000;19767544444;19967544444
3188;19985929000;19767544444;19967544444
3190;20027665000;19809288888;20009288888
3191;20027677000;19809288888;20009288888
3192;20027678000;19809288888;20009288888
3193;20027679000;19809288888;20009288888
3194;20027680000;19809288888;20009288888
3197;20027681000;19809288888;20009288888
3198;20027689000;19809288888;20009288888
3199;20027690000;19809288888;20009288888
3200;20027700000;19809288888;20009288888
3201;20027701000;19850866666;20050866666
3202;20027713000;19850866666;20050866666
3203;20027714000;19850866666;20050866666
3204;20027715000;19850866666;20050866666
3205;20027716000;19850866666;20050866666
3206;20027716000;19850866666;20050866666
3207;20027717000;19850866666;20050866666
3208;20027718000;19850866666;20050866666
3209;20027719000;19850866666;20050866666
3210;20027720000;19850866666;20050866666
3211;20069157000;19850866666;20050866666
3212;20069163000;19892566666;20092566666
3213;20069164000;19892566666;20092566666
3214;20069165000;19892566666;20092566666
3215;20069166000;19892566666;20092566666
3216;20069167000;19892566666;20092566666
3217;20069168000;19892566666;20092566666
3218;20069169000;19892566666;20092566666
3219;20069170000;19892566666;20092566666
3220;20069171000;19892566666;20092566666
3221;20069172000;19892566666;20092566666
3222;20110838000;19892566666;20092566666
3223;20110843000;19934266666;20134266666
3224;20110844000;19934266666;20134266666
3225;20110855000;19934266666;20134266666
3226;20110857000;19934266666;20134266666
3227;20110858000;19934266666;20134266666
3228;20110858000;19934266666;20134266666
3229;20110859000;19934266666;20134266666
3230;20110860000;19934266666;20134266666
3231;20110861000;19934266666;20134266666
3232;20110862000;19934266666;20134266666
3233;20152542000;19934266666;20134266666
3234;20152558000;19975888888;20175888888
3236;20194278000;19975888888;20175888888
3237;20194282000;19975888888;20175888888
3238;20194293000;19975888888;20175888888
3240;20194295000;19975888888;20175888888
3241;20194295000;19975888888;20175888888
3242;20194296000;19975888888;20175888888
3243;20194297000;19975888888;20175888888
3244;20194406000;19975888888;20175888888
3245;20194412000;20017555555;20217555555
3246;20194413000;20017555555;20217555555
3247;20194414000;20017555555;20217555555
3248;20194415000;20017555555;20217555555
3249;20194416000;20017555555;20217555555
3250;20194417000;20017555555;20217555555
3251;20194418000;20017555555;20217555555
3252;20194419000;20017555555;20217555555
3256;20277797000;20059277777;20259277777
3257;20277800000;20059277777;20259277777
3258;20277801000;20059277777;20259277777
3259;20277802000;20059277777;20259277777
3260;20277803000;20059277777;20259277777
3261;20277804000;20059277777;20259277777
3262;20277805000;20059277777;20259277777
3263;20277806000;20059277777;20259277777
3264;20277807000;20059277777;20259277777
3265;20277808000;20059277777;20259277777
3266;20277817000;20059277777;20259277777
3267;20277819000;20100888888;20300888888
3268;20277830000;20100888888;20300888888
3269;20277831000;20100888888;20300888888
3270;20277832000;20100888888;20300888888
3271;20277833000;20100888888;20300888888
3272;20277834000;20100888888;20300888888
3273;20277835000;20100888888;20300888888
3274;20277836000;20100888888;20300888888
3275;20277837000;20100888888;20300888888
3276;20277838000;20100888888;20300888888
3277;20319182000;20100888888;20300888888
3278;20319188000;20142555555;20342555555
3279;20319190000;20142555555;20342555555
3280;20319191000;20142555555;20342555555
3281;20319191000;20142555555;20342555555
3282;20319192000;20142555555;20342555555
3283;20319193000;20142555555;20342555555
3284;20319194000;20142555555;20342555555
3285;20319195000;20142555555;20342555555
3286;20319196000;20142555555;20342555555
3287;20319197000;20142555555;20342555555
3288;20360830000;20142555555;20342555555
3289;20360835000;20184277777;20384277777
3290;20360836000;20184277777;20384277777
3291;20360838000;20184277777;20384277777
3292;20360839000;20184277777;20384277777
3293;20360839000;20184277777;20384277777
3294;20360840000;20184277777;20384277777
3296;20402664000;20184277777;20384277777
3297;20402678000;20184277777;20384277777
3298;20402679000;20184277777;20384277777
3299;20402788000;20184277777;20384277777
3301;20444134000;20225900000;20425900000
3302;20444137000;20225900000;20425900000
3303;20444138000;20225900000;20425900000
3306;20444139000;20225900000;20425900000
3307;20444148000;20225900000;20425900000
3309;20444149000;20225900000;20425900000
3310;20444261000;20225900000;20425900000
3312;20485790000;20267555555;20467555555
3313;20485792000;20267555555;20467555555
3314;20485793000;20267555555;20467555555
3317;20485795000;20267555555;20467555555
3318;20485796000;20267555555;20467555555
3319;20485797000;20267555555;20467555555
3320;20485797000;20267555555;20467555555
3322;20527666000;20309288888;20509288888
3323;20527670000;20309288888;20509288888
3324;20527671000;20309288888;20509288888
3325;20527672000;20309288888;20509288888
3326;20527673000;20309288888;20509288888
3327;20527674000;20309288888;20509288888
3328;20527675000;20309288888;20509288888
3329;20527676000;20309288888;20509288888
3330;20527677000;20309288888;20509288888
3331;20527677000;20309288888;20509288888
3332;20527696000;20309288888;20509288888
3333;20527698000;20350900000;20550900000
3335;20569117000;20350900000;20550900000
3336;20569120000;20350900000;20550900000
3337;20569132000;20350900000;20550900000
3338;20569132000;20350900000;20550900000
3339;20569133000;20350900000;20550900000
3340;20569134000;20350900000;20550900000
3341;20569135000;20350900000;20550900000
3342;20569136000;20350900000;20550900000
3343;20569246000;20350900000;20550900000
3344;20569252000;20392588888;20592588888
3345;20569253000;20392588888;20592588888
3346;20569254000;20392588888;20592588888
3347;20569255000;20392588888;20592588888
3348;20569256000;20392588888;20592588888
3349;20569257000;20392588888;20592588888
3350;20569257000;20392588888;20592588888
3351;20569258000;20392588888;20592588888
3352;20569259000;20392588888;20592588888
3353;20569260000;20392588888;20592588888
3354;20610884000;20392588888;20592588888
3355;20610890000;20434266666;20634266666
3356;20610891000;20434266666;20634266666
3358;20652650000;20434266666;20634266666
3359;20652652000;20434266666;20634266666
3360;20652653000;20434266666;20634266666
3361;20652654000;20434266666;20634266666
3363;20652656000;20434266666;20634266666
3364;20652657000;20434266666;20634266666
3365;20652770000;20434266666;20634266666
3366;20652776000;20475888888;20675888888
3367;20652777000;20475888888;20675888888
3368;20652778000;20475888888;20675888888
3369;20652779000;20475888888;20675888888
3370;20652780000;20475888888;20675888888
3371;20652781000;20475888888;20675888888
3372;20652782000;20475888888;20675888888
3373;20652783000;20475888888;20675888888
3374;20652784000;20475888888;20675888888
3375;20652785000;20475888888;20675888888
3376;20694206000;20475888888;20675888888
3377;20694212000;20517544444;20717544444
3378;20694213000;20517544444;20717544444
3379;20694214000;20517544444;20717544444
3380;20694215000;20517544444;20717544444
3381;20694216000;20517544444;20717544444
3382;20694216000;20517544444;20717544444
3383;20694217000;20517544444;20717544444
3384;20694218000;20517544444;20717544444
3385;20694219000;20517544444;20717544444
3388;20777801000;20559288888;20759288888
3389;20777805000;20559288888;20759288888
3390;20777805000;20559288888;20759288888
3391;20777806000;20559288888;20759288888
3392;20777807000;20559288888;20759288888
3393;20777808000;20559288888;20759288888
3394;20777809000;20559288888;20759288888
3395;20777810000;20559288888;20759288888
3396;20777811000;20559288888;20759288888
3397;20777812000;20559288888;20759288888
3398;20777821000;20559288888;20759288888
3399;20777823000;20600900000;20800900000
3400;20777834000;20600900000;20800900000
3402;20819133000;20600900000;20800900000
3403;20819135000;20600900000;20800900000
3404;20819136000;20600900000;20800900000
3405;20819137000;20600900000;20800900000
3407;20819138000;20600900000;20800900000
3408;20819139000;20600900000;20800900000
3409;20819258000;20600900000;20800900000
3410;20819264000;20642566666;20842566666
3411;20819265000;20642566666;20842566666
3412;20819266000;20642566666;20842566666
3413;20819267000;20642566666;20842566666
3414;20819268000;20642566666;20842566666
3415;20819269000;20642566666;20842566666
3416;20819270000;20642566666;20842566666
3417;20819270000;20642566666;20842566666
3418;20819271000;20642566666;20842566666
3419;20819279000;20642566666;20842566666
3420;20860856000;20642566666;20842566666
3421;20860862000;20684366666;20884366666
3422;20860863000;20684366666;20884366666
3423;20860864000;20684366666;20884366666
3424;20860865000;20684366666;20884366666
3425;20860866000;20684366666;20884366666
3426;20860867000;20684366666;20884366666
3427;20860868000;20684366666;20884366666
3428;20860869000;20684366666;20884366666
3429;20860870000;20684366666;20884366666
3430;20860870000;20684366666;20884366666
3431;20902662000;20684366666;20884366666
3432;20902668000;20725900000;20925900000
3433;20902669000;20725900000;20925900000
3434;20902670000;20725900000;20925900000
3435;20902671000;20725900000;20925900000
3436;20902672000;20725900000;20925900000
3437;20902673000;20725900000;20925900000
3438;20902674000;20725900000;20925900000
3440;20944309000;20725900000;20925900000
3441;20944311000;20725900000;20925900000
3442;20944430000;20725900000;20925900000
3443;20944436000;20767555555;20967555555
3444;20944437000;20767555555;20967555555
3445;20944438000;20767555555;20967555555
3446;20944439000;20767555555;20967555555
3447;20944440000;20767555555;20967555555
3448;20944441000;20767555555;20967555555
3449;20944442000;20767555555;20967555555
3450;20944443000;20767555555;20967555555
3451;20944444000;20767555555;20967555555
3452;20944445000;20767555555;20967555555
3453;20985834000;20767555555;20967555555
3454;20985840000;20809288888;21009288888
3455;20985841000;20809288888;21009288888
3456;20985842000;20809288888;21009288888
3459;21027682000;20809288888;21009288888
3460;21027686000;20809288888;21009288888
3461;21027697000;20809288888;21009288888
3463;21027699000;20809288888;21009288888
3464;21027807000;20809288888;21009288888
3465;21027813000;20850888888;21050888888
3466;21027814000;20850888888;21050888888
3467;21027825000;20850888888;21050888888
3468;21027826000;20850888888;21050888888
3469;21027827000;20850888888;21050888888
3470;21027828000;20850888888;21050888888
3471;21027829000;20850888888;21050888888
3472;21027830000;20850888888;21050888888
3473;21027831000;20850888888;21050888888
3474;21027832000;20850888888;21050888888
3475;21069172000;20850888888;21050888888
3476;21069177000;20892577777;21092577777
3477;21069179000;20892577777;21092577777
3478;21069180000;20892577777;21092577777
3479;21069181000;20892577777;21092577777
3480;21069182000;20892577777;21092577777
3481;21069182000;20892577777;21092577777
3482;21069183000;20892577777;21092577777
3483;21069184000;20892577777;21092577777
3484;21069185000;20892577777;21092577777
3485;21069186000;20892577777;21092577777
3486;21110871000;20892577777;21092577777
3487;21110877000;20934288888;21134288888
3488;21110878000;20934288888;21134288888
3489;21110879000;20934288888;21134288888
3490;21110880000;20934288888;21134288888
3491;21110881000;20934288888;21134288888
3492;21110882000;20934288888;21134288888
3493;21110883000;20934288888;21134288888
3495;21152680000;20934288888;21134288888
3496;21152683000;20934288888;21134288888
3497;21152802000;20934288888;21134288888
3498;21152808000;20975911111;21175911111
3499;21152809000;20975911111;21175911111
3500;21152810000;20975911111;21175911111
3501;21152811000;20975911111;21175911111
3503;21194127000;20975911111;21175911111
3504;21194130000;20975911111;21175911111
3505;21194142000;20975911111;21175911111
3506;21194143000;20975911111;21175911111
3507;21194144000;20975911111;21175911111
3508;21194254000;20975911111;21175911111
3509;21194260000;21017566666;21217566666
3510;21194270000;21017566666;21217566666
3512;21235779000;21017566666;21217566666
3513;21235793000;21017566666;21217566666
3514;21235794000;21017566666;21217566666
3515;21235794000;21017566666;21217566666
3516;21235795000;21017566666;21217566666
3517;21235796000;21017566666;21217566666
3518;21235797000;21017566666;21217566666
3519;21235905000;21017566666;21217566666
3520;21235911000;21059277777;21259277777
3521;21235912000;21059277777;21259277777
3522;21235913000;21059277777;21259277777
3523;21235914000;21059277777;21259277777
3524;21235915000;21059277777;21259277777
3525;21235916000;21059277777;21259277777
3526;21235924000;21059277777;21259277777
3527;21235925000;21059277777;21259277777
3528;21235926000;21059277777;21259277777
3529;21235927000;21059277777;21259277777
3531;21319451000;21100900000;21300900000
3532;21319455000;21100900000;21300900000
3533;21319455000;21100900000;21300900000
3534;21319456000;21100900000;21300900000
3535;21319457000;21100900000;21300900000
3536;21319458000;21100900000;21300900000
3537;21319459000;21100900000;21300900000
3538;21319460000;21100900000;21300900000
3539;21319461000;21100900000;21300900000
3540;21319462000;21100900000;21300900000
3541;21319471000;21100900000;21300900000
3543;21360763000;21142555555;21342555555
3545;21360765000;21142555555;21342555555
3546;21360766000;21142555555;21342555555
3547;21360767000;21142555555;21342555555
3548;21360768000;21142555555;21342555555
3549;21360769000;21142555555;21342555555
3550;21360770000;21142555555;21342555555
3553;21402583000;21184266666;21384266666
3554;21402587000;21184266666;21384266666
3555;21402588000;21184266666;21384266666
3556;21402589000;21184266666;21384266666
3557;21402590000;21184266666;21384266666
3562;21402591000;21184266666;21384266666
3563;21402602000;21184266666;21384266666
3565;21444118000;21225900000;21425900000
3566;21444120000;21225900000;21425900000
3567;21444121000;21225900000;21425900000
3568;21444122000;21225900000;21425900000
3569;21444123000;21225900000;21425900000
3570;21444124000;21225900000;21425900000
3572;21444125000;21225900000;21425900000
3573;21444126000;21225900000;21425900000
3574;21444236000;21225900000;21425900000
3575;21444241000;21267555555;21467555555
3576;21444243000;21267555555;21467555555
3577;21444244000;21267555555;21467555555
3578;21444245000;21267555555;21467555555
3579;21444246000;21267555555;21467555555
3581;21485762000;21267555555;21467555555
3582;21485765000;21267555555;21467555555
3583;21485766000;21267555555;21467555555
3584;21485767000;21267555555;21467555555
3585;21485885000;21267555555;21467555555
3586;21485890000;21309288888;21509288888
3587;21485892000;21309288888;21509288888
3588;21485892000;21309288888;21509288888
3589;21485893000;21309288888;21509288888
3590;21485894000;21309288888;21509288888
3591;21485895000;21309288888;21509288888
3592;21485896000;21309288888;21509288888
3593;21485897000;21309288888;21509288888
3594;21485898000;21309288888;21509288888
3596;21527640000;21309288888;21509288888
3597;21527646000;21350911111;21550911111
3598;21527647000;21350911111;21550911111
3599;21527648000;21350911111;21550911111
3600;21527649000;21350911111;21550911111
3601;21527650000;21350911111;21550911111
3602;21527651000;21350911111;21550911111
3603;21527653000;21350911111;21550911111
3604;21527653000;21350911111;21550911111
3605;21527654000;21350911111;21550911111
3606;21527655000;21350911111;21550911111
3607;21569194000;21350911111;21550911111
3608;21569200000;21392600000;21592600000
3609;21569201000;21392600000;21592600000
3610;21569202000;21392600000;21592600000
3611;21569203000;21392600000;21592600000
3612;21569204000;21392600000;21592600000
3613;21569205000;21392600000;21592600000
3614;21569206000;21392600000;21592600000
3615;21569207000;21392600000;21592600000
3616;21569208000;21392600000;21592600000
3617;21569209000;21392600000;21592600000
3618;21610888000;21392600000;21592600000
3619;21610894000;21434266666;21634266666
3620;21610895000;21434266666;21634266666
3621;21610896000;21434266666;21634266666
3622;21610897000;21434266666;21634266666
3623;21610898000;21434266666;21634266666
3624;21610899000;21434266666;21634266666
3625;21610900000;21434266666;21634266666
3626;21610900000;21434266666;21634266666
3627;21610901000;21434266666;21634266666
3628;21610902000;21434266666;21634266666
3629;21652545000;21434266666;21634266666
3630;21652559000;21475888888;21675888888
3631;21652561000;21475888888;21675888888
3632;21652562000;21475888888;21675888888
3633;21652563000;21475888888;21675888888
3635;21694274000;21475888888;21675888888
3636;21694276000;21475888888;21675888888
3637;21694277000;21475888888;21675888888
3638;21694278000;21475888888;21675888888
3639;21694279000;21475888888;21675888888
3642;21735909000;21517555555;21717555555
3643;21735912000;21517555555;21717555555
3644;21735914000;21517555555;21717555555
3645;21735924000;21517555555;21717555555
3646;21735925000;21517555555;21717555555
3647;21735926000;21517555555;21717555555
3648;21735927000;21517555555;21717555555
3649;21735928000;21517555555;21717555555
3650;21735929000;21517555555;21717555555
3651;21735938000;21517555555;21717555555
3652;21735940000;21559288888;21759288888
3653;21735950000;21559288888;21759288888
3654;21735951000;21559288888;21759288888
3655;21735952000;21559288888;21759288888
3656;21735953000;21559288888;21759288888
3657;21735954000;21559288888;21759288888
3658;21735955000;21559288888;21759288888
3659;21735956000;21559288888;21759288888
3660;21735957000;21559288888;21759288888
3661;21735958000;21559288888;21759288888
3663;21819438000;21600911111;21800911111
3664;21819442000;21600911111;21800911111
3665;21819443000;21600911111;21800911111
3666;21819444000;21600911111;21800911111
3667;21819445000;21600911111;21800911111
3668;21819445000;21600911111;21800911111
3669;21819446000;21600911111;21800911111
3670;21819447000;21600911111;21800911111
3671;21819448000;21600911111;21800911111
3672;21819449000;21600911111;21800911111
3673;21819458000;21600911111;21800911111
3674;21819460000;21642577777;21842577777
3675;21819471000;21642577777;21842577777
3677;21860801000;21642577777;21842577777
3678;21860803000;21642577777;21842577777
3679;21860804000;21642577777;21842577777
3680;21860805000;21642577777;21842577777
3681;21860806000;21642577777;21842577777
3682;21860807000;21642577777;21842577777
3683;21860808000;21642577777;21842577777
3684;21860925000;21642577777;21842577777
3685;21860931000;21684288888;21884288888
3686;21860932000;21684288888;21884288888
3687;21860933000;21684288888;21884288888
3688;21860934000;21684288888;21884288888
3689;21860935000;21684288888;21884288888
3690;21860936000;21684288888;21884288888
3691;21860937000;21684288888;21884288888
3692;21860938000;21684288888;21884288888
3693;21860938000;21684288888;21884288888
3694;21860939000;21684288888;21884288888
3695;21902579000;21684288888;21884288888
3696;21902585000;21725888888;21925888888
3697;21902586000;21725888888;21925888888
3698;21902597000;21725888888;21925888888
3699;21902598000;21725888888;21925888888
3700;21902599000;21725888888;21925888888
3701;21902600000;21725888888;21925888888
3702;21902601000;21725888888;21925888888
3703;21902602000;21725888888;21925888888
3704;21902603000;21725888888;21925888888
3705;21902604000;21725888888;21925888888
3706;21944164000;21725888888;21925888888
3707;21944169000;21767533333;21967533333
3710;21985909000;21767533333;21967533333
3711;21985920000;21767533333;21967533333
3712;21985921000;21767533333;21967533333
3713;21985922000;21767533333;21967533333
3714;21985923000;21767533333;21967533333
3715;21985924000;21767533333;21967533333
3716;21985925000;21767533333;21967533333
3717;21986033000;21767533333;21967533333
3718;21986039000;21809266666;22009266666
3719;21986040000;21809266666;22009266666
3720;21986041000;21809266666;22009266666
3721;21986042000;21809266666;22009266666
3722;21986043000;21809266666;22009266666
3723;21986044000;21809266666;22009266666
3724;21986045000;21809266666;22009266666
3725;21986046000;21809266666;22009266666
3728;22027649000;21809266666;22009266666
3729;22027655000;21850877777;22050877777
3730;22027656000;21850877777;22050877777
3731;22027657000;21850877777;22050877777
3732;22027658000;21850877777;22050877777
3733;22027659000;21850877777;22050877777
3734;22027660000;21850877777;22050877777
3735;22027661000;21850877777;22050877777
3736;22027662000;21850877777;22050877777
3737;22027663000;21850877777;22050877777
3738;22027664000;21850877777;22050877777
3739;22069151000;21850877777;22050877777
3740;22069157000;21892555555;22092555555
3741;22069158000;21892555555;22092555555
3742;22069159000;21892555555;22092555555
3743;22069160000;21892555555;22092555555
3744;22069161000;21892555555;22092555555
3745;22069162000;21892555555;22092555555
3746;22069163000;21892555555;22092555555
3747;22069170000;21892555555;22092555555
3748;22069171000;21892555555;22092555555
3749;22069172000;21892555555;22092555555
3750;22110797000;21892555555;22092555555
3751;22110803000;21934266666;22134266666
3752;22110804000;21934266666;22134266666
3753;22110805000;21934266666;22134266666
3754;22110806000;21934266666;22134266666
3755;22110807000;21934266666;22134266666
3756;22110808000;21934266666;22134266666
3757;22110809000;21934266666;22134266666
3758;22110810000;21934266666;22134266666
3759;22110811000;21934266666;22134266666
3760;22110812000;21934266666;22134266666
3761;22152544000;21934266666;22134266666
3764;22194280000;21975888888;22175888888
3765;22194282000;21975888888;22175888888
3766;22194283000;21975888888;22175888888
3767;22194284000;21975888888;22175888888
3768;22194285000;21975888888;22175888888
3769;22194286000;21975888888;22175888888
3770;22194287000;21975888888;22175888888
3771;22194288000;21975888888;22175888888
3772;22194406000;21975888888;22175888888
3773;22194411000;22017555555;22217555555
3774;22194413000;22017555555;22217555555
3775;22194413000;22017555555;22217555555
3778;22235786000;22017555555;22217555555
3779;22235788000;22017555555;22217555555
3780;22235789000;22017555555;22217555555
3781;22235790000;22017555555;22217555555
3782;22235791000;22017555555;22217555555
3783;22235960000;22017555555;22217555555
3784;22235966000;22059266666;22259266666
3785;22235967000;22059266666;22259266666
3787;22277482000;22059266666;22259266666
3788;22277485000;22059266666;22259266666
3789;22277497000;22059266666;22259266666
3790;22277498000;22059266666;22259266666
3792;22277499000;22059266666;22259266666
3794;22277629000;22059266666;22259266666
3795;22277635000;22100888888;22300888888
3796;22277636000;22100888888;22300888888
3797;22277637000;22100888888;22300888888
3798;22277638000;22100888888;22300888888
3799;22277639000;22100888888;22300888888
3800;22277640000;22100888888;22300888888
3801;22277641000;22100888888;22300888888
3802;22277642000;22100888888;22300888888
3803;22277642000;22100888888;22300888888
3804;22277643000;22100888888;22300888888
3805;22319168000;22100888888;22300888888
3806;22319174000;22142544444;22342544444
3807;22319175000;22142544444;22342544444
3808;22319176000;22142544444;22342544444
3809;22319177000;22142544444;22342544444
3810;22319177000;22142544444;22342544444
3811;22319178000;22142544444;22342544444
3812;22319179000;22142544444;22342544444
3813;22319180000;22142544444;22342544444
3814;22319181000;22142544444;22342544444
3815;22319182000;22142544444;22342544444
3816;22360846000;22142544444;22342544444
3817;22360852000;22184266666;22384266666
3818;22360853000;22184266666;22384266666
3819;22360854000;22184266666;22384266666
3820;22360855000;22184266666;22384266666
3821;22360856000;22184266666;22384266666
3822;22360857000;22184266666;22384266666
3823;22360858000;22184266666;22384266666
3824;22360859000;22184266666;22384266666
3826;22402672000;22184266666;22384266666
3827;22402813000;22184266666;22384266666
3828;22402818000;22225888888;22425888888
3830;22444102000;22225888888;22425888888
3832;22444106000;22225888888;22425888888
3833;22444118000;22225888888;22425888888
3834;22444119000;22225888888;22425888888
3835;22444120000;22225888888;22425888888
3836;22444121000;22225888888;22425888888
3838;22444230000;22225888888;22425888888
3839;22444236000;22267533333;22467533333
3840;22444237000;22267533333;22467533333
3841;22444238000;22267533333;22467533333
3842;22444239000;22267533333;22467533333
3844;22485748000;22267533333;22467533333
3845;22485751000;22267533333;22467533333
3846;22485762000;22267533333;22467533333
3847;22485763000;22267533333;22467533333
3848;22485764000;22267533333;22467533333
3849;22485873000;22267533333;22467533333
3850;22485879000;22309277777;22509277777
3851;22485880000;22309277777;22509277777
3852;22485881000;22309277777;22509277777
3853;22485882000;22309277777;22509277777
3854;22485883000;22309277777;22509277777
3855;22485884000;22309277777;22509277777
3856;22485885000;22309277777;22509277777
3858;22527489000;22309277777;22509277777
3859;22527492000;22309277777;22509277777
3860;22527622000;22309277777;22509277777
3861;22527629000;22350900000;22550900000
3862;22527630000;22350900000;22550900000
3863;22527631000;22350900000;22550900000
3864;22527632000;22350900000;22550900000
3865;22527633000;22350900000;22550900000
3866;22527634000;22350900000;22550900000
3867;22527635000;22350900000;22550900000
3868;22527636000;22350900000;22550900000
3869;22527637000;22350900000;22550900000
3870;22527638000;22350900000;22550900000
3871;22569198000;22350900000;22550900000
3873;22610967000;22392577777;22592577777
3874;22610969000;22392577777;22592577777
3875;22610970000;22392577777;22592577777
3876;22610971000;22392577777;22592577777
3877;22610972000;22392577777;22592577777
3879;22610973000;22392577777;22592577777
3880;22610974000;22392577777;22592577777
3881;22610985000;22392577777;22592577777
3882;22611093000;22392577777;22592577777
3883;22611099000;22434255555;22634255555
3884;22611100000;22434255555;22634255555
3885;22611101000;22434255555;22634255555
3886;22611102000;22434255555;22634255555
3887;22611103000;22434255555;22634255555
3888;22611104000;22434255555;22634255555
3889;22611105000;22434255555;22634255555
3890;22611105000;22434255555;22634255555
3891;22611106000;22434255555;22634255555
3892;22611107000;22434255555;22634255555
3893;22652541000;22434255555;22634255555
3894;22652557000;22475877777;22675877777
3895;22652558000;22475877777;22675877777
3896;22652559000;22475877777;22675877777
3897;22652560000;22475877777;22675877777
3900;22694263000;22475877777;22675877777
3901;22694266000;22475877777;22675877777
3902;22694279000;22475877777;22675877777
3903;22694280000;22475877777;22675877777
3904;22694403000;22475877777;22675877777
3906;22735748000;22517544444;22717544444
3907;22735750000;22517544444;22717544444
3908;22735751000;22517544444;22717544444
3909;22735752000;22517544444;22717544444
3910;22735753000;22517544444;22717544444
3911;22735754000;22517544444;22717544444
3912;22735755000;22517544444;22717544444
3913;22735756000;22517544444;22717544444
3914;22735757000;22517544444;22717544444
3915;22735841000;22517544444;22717544444
3916;22735847000;22559311111;22759311111
3920;22777529000;22559311111;22759311111
3921;22777531000;22559311111;22759311111
3922;22777542000;22559311111;22759311111
3925;22777543000;22559311111;22759311111
3926;22777715000;22559311111;22759311111
3928;22819117000;22600900000;22800900000
3929;22819130000;22600900000;22800900000
3930;22819131000;22600900000;22800900000
3931;22819132000;22600900000;22800900000
3932;22819133000;22600900000;22800900000
3935;22819134000;22600900000;22800900000
3936;22819135000;22600900000;22800900000
3937;22819255000;22600900000;22800900000
3938;22819261000;22642555555;22842555555
3939;22819263000;22642555555;22842555555
3940;22819263000;22642555555;22842555555
3941;22819264000;22642555555;22842555555
3942;22819275000;22642555555;22842555555
3943;22819276000;22642555555;22842555555
3944;22819277000;22642555555;22842555555
3945;22819278000;22642555555;22842555555
3946;22819278000;22642555555;22842555555
3947;22819279000;22642555555;22842555555
3948;22860854000;22642555555;22842555555
3949;22860860000;22684355555;22884355555
3950;22860861000;22684355555;22884355555
3951;22860862000;22684355555;22884355555
3952;22860863000;22684355555;22884355555
3953;22860864000;22684355555;22884355555
3954;22860865000;22684355555;22884355555
3955;22860866000;22684355555;22884355555
3956;22860867000;22684355555;22884355555
3957;22860867000;22684355555;22884355555
3958;22860868000;22684355555;22884355555
3959;22902634000;22684355555;22884355555
3960;22902639000;22725888888;22925888888
3961;22902641000;22725888888;22925888888
3963;22944301000;22725888888;22925888888
3964;22944303000;22725888888;22925888888
3965;22944304000;22725888888;22925888888
3966;22944305000;22725888888;22925888888
3967;22944306000;22725888888;22925888888
3968;22944307000;22725888888;22925888888
3970;22944426000;22725888888;22925888888
3971;22944432000;22767544444;22967544444
3972;22944433000;22767544444;22967544444
3974;22985764000;22767544444;22967544444
3975;22985767000;22767544444;22967544444
3976;22985775000;22767544444;22967544444
3977;22985777000;22767544444;22967544444
3978;22985778000;22767544444;22967544444
3979;22985779000;22767544444;22967544444
3980;22985780000;22767544444;22967544444
3981;22985874000;22767544444;22967544444
3982;22985880000;22809288888;23009288888
3983;22985881000;22809288888;23009288888
3984;22985882000;22809288888;23009288888
3985;22985883000;22809288888;23009288888
3986;22985884000;22809288888;23009288888
3987;22985885000;22809288888;23009288888
3988;22985886000;22809288888;23009288888
3989;22985887000;22809288888;23009288888
3990;22985888000;22809288888;23009288888
3991;22985889000;22809288888;23009288888
3992;23027578000;22809288888;23009288888
3993;23027584000;22850877777;23050877777
3994;23027585000;22850877777;23050877777
3995;23027586000;22850877777;23050877777
3996;23027587000;22850877777;23050877777
3997;23027588000;22850877777;23050877777
3998;23027589000;22850877777;23050877777
3999;23027590000;22850877777;23050877777
4000;23027591000;22850877777;23050877777
4001;23027592000;22850877777;23050877777
4002;23027592000;22850877777;23050877777
4003;23069186000;22850877777;23050877777
4004;23069192000;22892566666;23092566666
4005;23069193000;22892566666;23092566666
4006;23069194000;22892566666;23092566666
4007;23069195000;22892566666;23092566666
4008;23069196000;22892566666;23092566666
4009;23069197000;22892566666;23092566666
4010;23069198000;22892566666;23092566666
4011;23069199000;22892566666;23092566666
4012;23069200000;22892566666;23092566666
4013;23069201000;22892566666;23092566666
4014;23110851000;22892566666;23092566666
4015;23110857000;22934266666;23134266666
4016;23110858000;22934266666;23134266666
4017;23110859000;22934266666;23134266666
4018;23110860000;22934266666;23134266666
4019;23110861000;22934266666;23134266666
4020;23110862000;22934266666;23134266666
4021;23110863000;22934266666;23134266666
4022;23110864000;22934266666;23134266666
4023;23110865000;22934266666;23134266666
4024;23110865000;22934266666;23134266666
4025;23152555000;22934266666;23134266666
4026;23152561000;22975888888;23175888888
4027;23152562000;22975888888;23175888888
4028;23152563000;22975888888;23175888888
4029;23152564000;22975888888;23175888888
4030;23152565000;22975888888;23175888888
4031;23152566000;22975888888;23175888888
4032;23152567000;22975888888;23175888888
4034;23194276000;22975888888;23175888888
4035;23194279000;22975888888;23175888888
4036;23194405000;22975888888;23175888888
4037;23194411000;23017566666;23217566666
4038;23194412000;23017566666;23217566666
4039;23194413000;23017566666;23217566666
4040;23194414000;23017566666;23217566666
4041;23194415000;23017566666;23217566666
4042;23194416000;23017566666;23217566666
4043;23194417000;23017566666;23217566666
4044;23194418000;23017566666;23217566666
4045;23194419000;23017566666;23217566666
4046;23194420000;23017566666;23217566666
4047;23235840000;23017566666;23217566666
4048;23235846000;23059277777;23259277777
4049;23235847000;23059277777;23259277777
4050;23235848000;23059277777;23259277777
4051;23235849000;23059277777;23259277777
4052;23235850000;23059277777;23259277777
4053;23235851000;23059277777;23259277777
4054;23235852000;23059277777;23259277777
4055;23235853000;23059277777;23259277777
4056;23235854000;23059277777;23259277777
4057;23235855000;23059277777;23259277777
4059;23319067000;23100888888;23300888888
4060;23319070000;23100888888;23300888888
4061;23319071000;23100888888;23300888888
4062;23319073000;23100888888;23300888888
4063;23319074000;23100888888;23300888888
4064;23319074000;23100888888;23300888888
4065;23319075000;23100888888;23300888888
4066;23319076000;23100888888;23300888888
4067;23319077000;23100888888;23300888888
4068;23319078000;23100888888;23300888888
4069;23319087000;23100888888;23300888888
4070;23319089000;23142555555;23342555555
4071;23319100000;23142555555;23342555555
4072;23319101000;23142555555;23342555555
4073;23319102000;23142555555;23342555555
4074;23319103000;23142555555;23342555555
4075;23319104000;23142555555;23342555555
4076;23319105000;23142555555;23342555555
4077;23319106000;23142555555;23342555555
4078;23319113000;23142555555;23342555555
4079;23319114000;23142555555;23342555555
4080;23360831000;23142555555;23342555555
4081;23360837000;23184266666;23384266666
4082;23360838000;23184266666;23384266666
4085;23402648000;23184266666;23384266666
4086;23402650000;23184266666;23384266666
4087;23402651000;23184266666;23384266666
4088;23402652000;23184266666;23384266666
4089;23402653000;23184266666;23384266666
4090;23402654000;23184266666;23384266666
4091;23402789000;23184266666;23384266666
4092;23402795000;23225900000;23425900000
4093;23402796000;23225900000;23425900000
4094;23402797000;23225900000;23425900000
4096;23444118000;23225900000;23425900000
4097;23444121000;23225900000;23425900000
4098;23444133000;23225900000;23425900000
4099;23444134000;23225900000;23425900000
4100;23444135000;23225900000;23425900000
4101;23444136000;23225900000;23425900000
4102;23444260000;23225900000;23425900000
4103;23444266000;23267544444;23467544444
4104;23444267000;23267544444;23467544444
4105;23444268000;23267544444;23467544444
4106;23444269000;23267544444;23467544444
4107;23444270000;23267544444;23467544444
4108;23444271000;23267544444;23467544444
4109;23444272000;23267544444;23467544444
4110;23444273000;23267544444;23467544444
4111;23444274000;23267544444;23467544444
4112;23444275000;23267544444;23467544444
4113;23485851000;23267544444;23467544444
4114;23485857000;23309277777;23509277777
4115;23485858000;23309277777;23509277777
4116;23485859000;23309277777;23509277777
4117;23485860000;23309277777;23509277777
4118;23485861000;23309277777;23509277777
4119;23485862000;23309277777;23509277777
4120;23485863000;23309277777;23509277777
4122;23527669000;23309277777;23509277777
4123;23527673000;23309277777;23509277777
4124;23527792000;23309277777;23509277777
4125;23527797000;23350911111;23550911111
4126;23527798000;23350911111;23550911111
4127;23527799000;23350911111;23550911111
4128;23527800000;23350911111;23550911111
4129;23527801000;23350911111;23550911111
4130;23527802000;23350911111;23550911111
4131;23527803000;23350911111;23550911111
4132;23527804000;23350911111;23550911111
4133;23527805000;23350911111;23550911111
4134;23527806000;23350911111;23550911111
4135;23569201000;23350911111;23550911111
4136;23569207000;23392600000;23592600000
4137;23569208000;23392600000;23592600000
4138;23569209000;23392600000;23592600000
4139;23569210000;23392600000;23592600000
4140;23569211000;23392600000;23592600000
4141;23569212000;23392600000;23592600000
4142;23569213000;23392600000;23592600000
4143;23569214000;23392600000;23592600000
4144;23569215000;23392600000;23592600000
4145;23569216000;23392600000;23592600000
4146;23610873000;23392600000;23592600000
4147;23610879000;23434266666;23634266666
4148;23610880000;23434266666;23634266666
4149;23610881000;23434266666;23634266666
4150;23610882000;23434266666;23634266666
4151;23610883000;23434266666;23634266666
4152;23610884000;23434266666;23634266666
4153;23610885000;23434266666;23634266666
4154;23610886000;23434266666;23634266666
4155;23610887000;23434266666;23634266666
4158;23694416000;23475877777;23675877777
4159;23694419000;23475877777;23675877777
4160;23694420000;23475877777;23675877777
4161;23694421000;23475877777;23675877777
4162;23694422000;23475877777;23675877777
4163;23694423000;23475877777;23675877777
4164;23694424000;23475877777;23675877777
4165;23694425000;23475877777;23675877777
4166;23694426000;23475877777;23675877777
4167;23694426000;23475877777;23675877777
4168;23694436000;23475877777;23675877777
4169;23694437000;23517544444;23717544444
4170;23694448000;23517544444;23717544444
4171;23694449000;23517544444;23717544444
4172;23694450000;23517544444;23717544444
4173;23694451000;23517544444;23717544444
4174;23694452000;23517544444;23717544444
4175;23694453000;23517544444;23717544444
4176;23694454000;23517544444;23717544444
4177;23694455000;23517544444;23717544444
4178;23694456000;23517544444;23717544444
4179;23735857000;23517544444;23717544444
4180;23735863000;23559288888;23759288888
4181;23735864000;23559288888;23759288888
4182;23735865000;23559288888;23759288888
4183;23735866000;23559288888;23759288888
4184;23735886000;23559288888;23759288888
4185;23735887000;23559288888;23759288888
4188;23777636000;23559288888;23759288888
4189;23777638000;23559288888;23759288888
4190;23777756000;23559288888;23759288888
4191;23777762000;23600900000;23800900000
4192;23777763000;23600900000;23800900000
4193;23777764000;23600900000;23800900000
4194;23777764000;23600900000;23800900000
4195;23777765000;23600900000;23800900000
4196;23777766000;23600900000;23800900000
4197;23777767000;23600900000;23800900000
4198;23777768000;23600900000;23800900000
4200;23819118000;23600900000;23800900000
4201;23819240000;23600900000;23800900000
4202;23819245000;23642566666;23842566666
4203;23819246000;23642566666;23842566666
4204;23819247000;23642566666;23842566666
4205;23819248000;23642566666;23842566666
4206;23819249000;23642566666;23842566666
4207;23819250000;23642566666;23842566666
4208;23819251000;23642566666;23842566666
4209;23819252000;23642566666;23842566666
4210;23819253000;23642566666;23842566666
4211;23819254000;23642566666;23842566666
4212;23860785000;23642566666;23842566666
4213;23860791000;23684288888;23884288888
4214;23860793000;23684288888;23884288888
4215;23860803000;23684288888;23884288888
4216;23860804000;23684288888;23884288888
4217;23860805000;23684288888;23884288888
4218;23860806000;23684288888;23884288888
4219;23860807000;23684288888;23884288888
4220;23860807000;23684288888;23884288888
4221;23860808000;23684288888;23884288888
4222;23860809000;23684288888;23884288888
4223;23902493000;23684288888;23884288888
4224;23902496000;23725900000;23925900000
4226;23944245000;23725900000;23925900000
4227;23944246000;23725900000;23925900000
4228;23944247000;23725900000;23925900000
4229;23944248000;23725900000;23925900000
4230;23944249000;23725900000;23925900000
4231;23944250000;23725900000;23925900000
4232;23944251000;23725900000;23925900000
4233;23944251000;23725900000;23925900000
4234;23944374000;23725900000;23925900000
4235;23944380000;23767555555;23967555555
4237;23985750000;23767555555;23967555555
4238;23985752000;23767555555;23967555555
4239;23985753000;23767555555;23967555555
4240;23985754000;23767555555;23967555555
4241;23985755000;23767555555;23967555555
4242;23985756000;23767555555;23967555555
4243;23985757000;23767555555;23967555555
4244;23985758000;23767555555;23967555555
4245;23985876000;23767555555;23967555555
4246;23985881000;23809288888;24009288888
4247;23985883000;23809288888;24009288888
4248;23985884000;23809288888;24009288888
4249;23985885000;23809288888;24009288888
4250;23985886000;23809288888;24009288888
4251;23985887000;23809288888;24009288888
4252;23985888000;23809288888;24009288888
4253;23985888000;23809288888;24009288888
4257;24069402000;23850900000;24050900000
4258;24069405000;23850900000;24050900000
4259;24069406000;23850900000;24050900000
4260;24069407000;23850900000;24050900000
4261;24069408000;23850900000;24050900000
4262;24069409000;23850900000;24050900000
4263;24069410000;23850900000;24050900000
4264;24069411000;23850900000;24050900000
4265;24069412000;23850900000;24050900000
4266;24069412000;23850900000;24050900000
4267;24069422000;23850900000;24050900000
4269;24110802000;23892577777;24092577777
4270;24110806000;23892577777;24092577777
4271;24110807000;23892577777;24092577777
4272;24110808000;23892577777;24092577777
4273;24110808000;23892577777;24092577777
4274;24110809000;23892577777;24092577777
4275;24110810000;23892577777;24092577777
4276;24110811000;23892577777;24092577777
4277;24110812000;23892577777;24092577777
4278;24110920000;23892577777;24092577777
4279;24110926000;23934288888;24134288888
4280;24110927000;23934288888;24134288888
4281;24110928000;23934288888;24134288888
4282;24110929000;23934288888;24134288888
4283;24110930000;23934288888;24134288888
4284;24110930000;23934288888;24134288888
4285;24110931000;23934288888;24134288888
4286;24110932000;23934288888;24134288888
4288;24152468000;23934288888;24134288888
4289;24152597000;23934288888;24134288888
4290;24152602000;23975911111;24175911111
4291;24152604000;23975911111;24175911111
4292;24152604000;23975911111;24175911111
4293;24152605000;23975911111;24175911111
4294;24152613000;23975911111;24175911111
4295;24152614000;23975911111;24175911111
4296;24152615000;23975911111;24175911111
4297;24152616000;23975911111;24175911111
4298;24152617000;23975911111;24175911111
4299;24152618000;23975911111;24175911111
4300;24194190000;23975911111;24175911111
4301;24194196000;24017566666;24217566666
4302;24194197000;24017566666;24217566666
4303;24194198000;24017566666;24217566666
4304;24194199000;24017566666;24217566666
4305;24194200000;24017566666;24217566666
4306;24194201000;24017566666;24217566666
4307;24194202000;24017566666;24217566666
4308;24194203000;24017566666;24217566666
4310;24235934000;24017566666;24217566666
4312;24277691000;24059288888;24259288888
4314;24277695000;24059288888;24259288888
4315;24277696000;24059288888;24259288888
4316;24277697000;24059288888;24259288888
4317;24277698000;24059288888;24259288888
4318;24277699000;24059288888;24259288888
4319;24277700000;24059288888;24259288888
4320;24277701000;24059288888;24259288888
4321;24277702000;24059288888;24259288888
4322;24277711000;24059288888;24259288888
4323;24277713000;24100900000;24300900000
4324;24277724000;24100900000;24300900000
4325;24277725000;24100900000;24300900000
4326;24277726000;24100900000;24300900000
4327;24277727000;24100900000;24300900000
4328;24277728000;24100900000;24300900000
4329;24277729000;24100900000;24300900000
4330;24277729000;24100900000;24300900000
4331;24277730000;24100900000;24300900000
4332;24277731000;24100900000;24300900000
4333;24319174000;24100900000;24300900000
4334;24319180000;24142555555;24342555555
4335;24319181000;24142555555;24342555555
4336;24319192000;24142555555;24342555555
4337;24319193000;24142555555;24342555555
4338;24319194000;24142555555;24342555555
4339;24319195000;24142555555;24342555555
4340;24319196000;24142555555;24342555555
4341;24319196000;24142555555;24342555555
4342;24319197000;24142555555;24342555555
4343;24319198000;24142555555;24342555555
4344;24360831000;24142555555;24342555555
4346;24402675000;24184277777;24384277777
4347;24402688000;24184277777;24384277777
4348;24402689000;24184277777;24384277777
4349;24402690000;24184277777;24384277777
4350;24402691000;24184277777;24384277777
4351;24402692000;24184277777;24384277777
4352;24402693000;24184277777;24384277777
4353;24402694000;24184277777;24384277777
4354;24402695000;24184277777;24384277777
4355;24402803000;24184277777;24384277777
4356;24402809000;24225900000;24425900000
4357;24402810000;24225900000;24425900000
4358;24402811000;24225900000;24425900000
4359;24402812000;24225900000;24425900000
4360;24402813000;24225900000;24425900000
4361;24402814000;24225900000;24425900000
4362;24402815000;24225900000;24425900000
4363;24402816000;24225900000;24425900000
4364;24402817000;24225900000;24425900000
4365;24402818000;24225900000;24425900000
4366;24444191000;24225900000;24425900000
4367;24444196000;24267544444;24467544444
4368;24444197000;24267544444;24467544444
4369;24444198000;24267544444;24467544444
4370;24444199000;24267544444;24467544444
4371;24444201000;24267544444;24467544444
4372;24444201000;24267544444;24467544444
4373;24444202000;24267544444;24467544444
4374;24444203000;24267544444;24467544444
4375;24444204000;24267544444;24467544444
4376;24444205000;24267544444;24467544444
4377;24485869000;24267544444;24467544444
4378;24485875000;24309288888;24509288888
4379;24485876000;24309288888;24509288888
4380;24485877000;24309288888;24509288888
4381;24485878000;24309288888;24509288888
4382;24485879000;24309288888;24509288888
4383;24485880000;24309288888;24509288888
4384;24485881000;24309288888;24509288888
4385;24485882000;24309288888;24509288888
4386;24485882000;24309288888;24509288888
4387;24485884000;24309288888;24509288888
4388;24527578000;24309288888;24509288888
4389;24527584000;24350911111;24550911111
4390;24527585000;24350911111;24550911111
4391;24527586000;24350911111;24550911111
4392;24527587000;24350911111;24550911111
4393;24527588000;24350911111;24550911111
4394;24527589000;24350911111;24550911111
4395;24527590000;24350911111;24550911111
4396;24527591000;24350911111;24550911111
4397;24527592000;24350911111;24550911111
4398;24527610000;24350911111;24550911111
4399;24569185000;24350911111;24550911111
4400;24569191000;24392600000;24592600000
4401;24569192000;24392600000;24592600000
4403;24610973000;24392600000;24592600000
4404;24610975000;24392600000;24592600000
4405;24610976000;24392600000;24592600000
4406;24610977000;24392600000;24592600000
4407;24610978000;24392600000;24592600000
4408;24610979000;24392600000;24592600000
4409;24610980000;24392600000;24592600000
4410;24611098000;24392600000;24592600000
4411;24611104000;24434266666;24634266666
4412;24611106000;24434266666;24634266666
4413;24611106000;24434266666;24634266666
4414;24611108000;24434266666;24634266666
4415;24611109000;24434266666;24634266666
4416;24611109000;24434266666;24634266666
4417;24611110000;24434266666;24634266666
4418;24611111000;24434266666;24634266666
4420;24652445000;24434266666;24634266666
4421;24652581000;24434266666;24634266666
4422;24652587000;24475888888;24675888888
4423;24652588000;24475888888;24675888888
4424;24652589000;24475888888;24675888888
4425;24652590000;24475888888;24675888888
4426;24652591000;24475888888;24675888888
4427;24652592000;24475888888;24675888888
4428;24652593000;24475888888;24675888888
4429;24652594000;24475888888;24675888888
4430;24652595000;24475888888;24675888888
4431;24652596000;24475888888;24675888888
4432;24694142000;24475888888;24675888888
4433;24694148000;24517555555;24717555555
4434;24694150000;24517555555;24717555555
4436;24735950000;24517555555;24717555555
4438;24735954000;24517555555;24717555555
4439;24735965000;24517555555;24717555555
4440;24735966000;24517555555;24717555555
4441;24735967000;24517555555;24717555555
4442;24735968000;24517555555;24717555555
4443;24736076000;24517555555;24717555555
4444;24736082000;24559322222;24759322222
4445;24736083000;24559322222;24759322222
4446;24736084000;24559322222;24759322222
4447;24736085000;24559322222;24759322222
4448;24736086000;24559322222;24759322222
4449;24736087000;24559322222;24759322222
4450;24736088000;24559322222;24759322222
4451;24736089000;24559322222;24759322222
4452;24736090000;24559322222;24759322222
4453;24736091000;24559322222;24759322222
4454;24777611000;24559322222;24759322222
4455;24777617000;24600911111;24800911111
4456;24777618000;24600911111;24800911111
4457;24777619000;24600911111;24800911111
4458;24777620000;24600911111;24800911111
4459;24777621000;24600911111;24800911111
4460;24777622000;24600911111;24800911111
4461;24777623000;24600911111;24800911111
4462;24777624000;24600911111;24800911111
4463;24777625000;24600911111;24800911111
4464;24777626000;24600911111;24800911111
4465;24819201000;24600911111;24800911111
4466;24819206000;24642577777;24842577777
4467;24819207000;24642577777;24842577777
4468;24819208000;24642577777;24842577777
4469;24819209000;24642577777;24842577777
4470;24819210000;24642577777;24842577777
4471;24819211000;24642577777;24842577777
4472;24819212000;24642577777;24842577777
4473;24819213000;24642577777;24842577777
4474;24819214000;24642577777;24842577777
4475;24819215000;24642577777;24842577777
4477;24902914000;24684400000;24884400000
4478;24902918000;24684400000;24884400000
4479;24902919000;24684400000;24884400000
4480;24902930000;24684400000;24884400000
4481;24902930000;24684400000;24884400000
4482;24902931000;24684400000;24884400000
4483;24902932000;24684400000;24884400000
4484;24902933000;24684400000;24884400000
4485;24902934000;24684400000;24884400000
4486;24902935000;24684400000;24884400000
4487;24902944000;24684400000;24884400000
4488;24902946000;24725888888;24925888888
4489;24902956000;24725888888;24925888888
4490;24902957000;24725888888;24925888888
4492;24944103000;24725888888;24925888888
4493;24944105000;24725888888;24925888888
4494;24944106000;24725888888;24925888888
4495;24944107000;24725888888;24925888888
4496;24944108000;24725888888;24925888888
4497;24944109000;24725888888;24925888888
4498;24944218000;24725888888;24925888888
4500;24985755000;24767533333;24967533333
4501;24985768000;24767533333;24967533333
4502;24985769000;24767533333;24967533333
4503;24985770000;24767533333;24967533333
4504;24985771000;24767533333;24967533333
4505;24985779000;24767533333;24967533333
4506;24985780000;24767533333;24967533333
4507;24985781000;24767533333;24967533333
4509;24985888000;24767533333;24967533333
4510;24985894000;24809266666;25009266666
4511;24985896000;24809266666;25009266666
4512;24985897000;24809266666;25009266666
4513;24985898000;24809266666;25009266666
4514;24985898000;24809266666;25009266666
4515;24985899000;24809266666;25009266666
4516;24985900000;24809266666;25009266666
4517;24985901000;24809266666;25009266666
4518;24985902000;24809266666;25009266666
4519;24985903000;24809266666;25009266666
4520;25027544000;24809266666;25009266666
4521;25027561000;24850866666;25050866666
4522;25027563000;24850866666;25050866666
4523;25027564000;24850866666;25050866666
4524;25027565000;24850866666;25050866666
4525;25027566000;24850866666;25050866666
4526;25027567000;24850866666;25050866666
4527;25027568000;24850866666;25050866666
4530;25069243000;24850866666;25050866666
4531;25069331000;24850866666;25050866666
4532;25069337000;24892555555;25092555555
4533;25069338000;24892555555;25092555555
4534;25069339000;24892555555;25092555555
4535;25069340000;24892555555;25092555555
4536;25069341000;24892555555;25092555555
4538;25110741000;24892555555;25092555555
4539;25110743000;24892555555;25092555555
4540;25110744000;24892555555;25092555555
4541;25110745000;24892555555;25092555555
4542;25110864000;24892555555;25092555555
4543;25110869000;24934266666;25134266666
4544;25110871000;24934266666;25134266666
4545;25110872000;24934266666;25134266666
4546;25110872000;24934266666;25134266666
4548;25152446000;24934266666;25134266666
4549;25152448000;24934266666;25134266666
4550;25152449000;24934266666;25134266666
4551;25152450000;24934266666;25134266666
4552;25152451000;24934266666;25134266666
4553;25152607000;24934266666;25134266666
4554;25152613000;24975888888;25175888888
4555;25152614000;24975888888;25175888888
4556;25152615000;24975888888;25175888888
4557;25152616000;24975888888;25175888888
4558;25152617000;24975888888;25175888888
4559;25152618000;24975888888;25175888888
4560;25152619000;24975888888;25175888888
4561;25152620000;24975888888;25175888888
4562;25152621000;24975888888;25175888888
4563;25152622000;24975888888;25175888888
4564;25194163000;24975888888;25175888888
4565;25194169000;25017544444;25217544444
4566;25194170000;25017544444;25217544444
4567;25194171000;25017544444;25217544444
4568;25194172000;25017544444;25217544444
4569;25194173000;25017544444;25217544444
4570;25194174000;25017544444;25217544444
4571;25194175000;25017544444;25217544444
4572;25194176000;25017544444;25217544444
4573;25194177000;25017544444;25217544444
4574;25194178000;25017544444;25217544444
4575;25235808000;25017544444;25217544444
4576;25235814000;25059266666;25259266666
4577;25235816000;25059266666;25259266666
4578;25235817000;25059266666;25259266666
4579;25235818000;25059266666;25259266666
4580;25235819000;25059266666;25259266666
4581;25235820000;25059266666;25259266666
4582;25235821000;25059266666;25259266666
4583;25235822000;25059266666;25259266666
4584;25235823000;25059266666;25259266666
4585;25235824000;25059266666;25259266666
4586;25277544000;25059266666;25259266666
4587;25277550000;25100877777;25300877777
4588;25277560000;25100877777;25300877777
4589;25277561000;25100877777;25300877777
4591;25319249000;25100877777;25300877777
4592;25319253000;25100877777;25300877777
4593;25319255000;25100877777;25300877777
4595;25319256000;25100877777;25300877777
4596;25319257000;25100877777;25300877777
4597;25319353000;25100877777;25300877777
4598;25319358000;25142544444;25342544444
4599;25319360000;25142544444;25342544444
4600;25319361000;25142544444;25342544444
4601;25319362000;25142544444;25342544444
4602;25319363000;25142544444;25342544444
4603;25319364000;25142544444;25342544444
4604;25319365000;25142544444;25342544444
4605;25319366000;25142544444;25342544444
4606;25319366000;25142544444;25342544444
4607;25319367000;25142544444;25342544444
4608;25360840000;25142544444;25342544444
4609;25360845000;25184255555;25384255555
4611;25402637000;25184255555;25384255555
4612;25402639000;25184255555;25384255555
4613;25402647000;25184255555;25384255555
4614;25402648000;25184255555;25384255555
4615;25402649000;25184255555;25384255555
4616;25402650000;25184255555;25384255555
4617;25402651000;25184255555;25384255555
4618;25402652000;25184255555;25384255555
4619;25402770000;25184255555;25384255555
4620;25402776000;25225877777;25425877777
4621;25402777000;25225877777;25425877777
4622;25402778000;25225877777;25425877777
4623;25402779000;25225877777;25425877777
4624;25402780000;25225877777;25425877777
4625;25402781000;25225877777;25425877777
4626;25402781000;25225877777;25425877777
4627;25402782000;25225877777;25425877777
4628;25402783000;25225877777;25425877777
4629;25402784000;25225877777;25425877777
4630;25444195000;25225877777;25425877777
4632;25485931000;25267533333;25467533333
4633;25485945000;25267533333;25467533333
4634;25485945000;25267533333;25467533333
4636;25485946000;25267533333;25467533333
4638;25485947000;25267533333;25467533333
4639;25485948000;25267533333;25467533333
4640;25485949000;25267533333;25467533333
4641;25486082000;25267533333;25467533333
4642;25486088000;25309266666;25509266666
4643;25486089000;25309266666;25509266666
4644;25486090000;25309266666;25509266666
4645;25486091000;25309266666;25509266666
4646;25486091000;25309266666;25509266666
4647;25486092000;25309266666;25509266666
4648;25486093000;25309266666;25509266666
4649;25486094000;25309266666;25509266666
4650;25486095000;25309266666;25509266666
4651;25486096000;25309266666;25509266666
4652;25527542000;25309266666;25509266666
4653;25527561000;25350900000;25550900000
4654;25527562000;25350900000;25550900000
4655;25527563000;25350900000;25550900000
4656;25527564000;25350900000;25550900000
4657;25527565000;25350900000;25550900000
4658;25527566000;25350900000;25550900000
4659;25527567000;25350900000;25550900000
4660;25527577000;25350900000;25550900000
4661;25527578000;25350900000;25550900000
4662;25527579000;25350900000;25550900000
4663;25569192000;25350900000;25550900000
4664;25569197000;25392577777;25592577777
4665;25569199000;25392577777;25592577777
4666;25569200000;25392577777;25592577777
4667;25569200000;25392577777;25592577777
4668;25569201000;25392577777;25592577777
4669;25569202000;25392577777;25592577777
4670;25569203000;25392577777;25592577777
4671;25569204000;25392577777;25592577777
4673;25610963000;25392577777;25592577777
4674;25611085000;25392577777;25592577777
4675;25611091000;25434244444;25634244444
4676;25611092000;25434244444;25634244444
4677;25611093000;25434244444;25634244444
4679;25652431000;25434244444;25634244444
4683;25652433000;25434244444;25634244444
4684;25652434000;25434244444;25634244444
4685;25652539000;25434244444;25634244444
4686;25652554000;25475866666;25675866666
4687;25652555000;25475866666;25675866666
4689;25694089000;25475866666;25675866666
4690;25694102000;25475866666;25675866666
4691;25694103000;25475866666;25675866666
4692;25694104000;25475866666;25675866666
4693;25694105000;25475866666;25675866666
4694;25694106000;25475866666;25675866666
4696;25694215000;25475866666;25675866666
4697;25694220000;25517533333;25717533333
4698;25694222000;25517533333;25717533333
4699;25694223000;25517533333;25717533333
4700;25694223000;25517533333;25717533333
4701;25694224000;25517533333;25717533333
4702;25694225000;25517533333;25717533333
4703;25694226000;25517533333;25717533333
4704;25694227000;25517533333;25717533333
4707;25735857000;25517533333;25717533333
4708;25735862000;25559277777;25759277777
4709;25735864000;25559277777;25759277777
4710;25735865000;25559277777;25759277777
4711;25735866000;25559277777;25759277777
4712;25735867000;25559277777;25759277777
4713;25735868000;25559277777;25759277777
4714;25735868000;25559277777;25759277777
4716;25777494000;25559277777;25759277777
4717;25777507000;25559277777;25759277777
4718;25777653000;25559277777;25759277777
4719;25777659000;25600888888;25800888888
4720;25777661000;25600888888;25800888888
4721;25777670000;25600888888;25800888888
4722;25777671000;25600888888;25800888888
4723;25777672000;25600888888;25800888888
4724;25777673000;25600888888;25800888888
4725;25777674000;25600888888;25800888888
4726;25777682000;25600888888;25800888888
4727;25777683000;25600888888;25800888888
4728;25777684000;25600888888;25800888888
4729;25819164000;25600888888;25800888888
4730;25819169000;25642555555;25842555555
4732;25860953000;25642555555;25842555555
4733;25860955000;25642555555;25842555555
4734;25860956000;25642555555;25842555555
4735;25860957000;25642555555;25842555555
4736;25860958000;25642555555;25842555555
4737;25860969000;25642555555;25842555555
4738;25860970000;25642555555;25842555555
4739;25860970000;25642555555;25842555555
4740;25861079000;25642555555;25842555555
4742;25902458000;25684277777;25884277777
4743;25902460000;25684277777;25884277777
4744;25902461000;25684277777;25884277777
4745;25902462000;25684277777;25884277777
4746;25902463000;25684277777;25884277777
4747;25902464000;25684277777;25884277777
4748;25902465000;25684277777;25884277777
4749;25902466000;25684277777;25884277777
4750;25902467000;25684277777;25884277777
4751;25902596000;25684277777;25884277777
4752;25902612000;25725911111;25925911111
4753;25902613000;25725911111;25925911111
4757;25944127000;25725911111;25925911111
4758;25944129000;25725911111;25925911111
4759;25944130000;25725911111;25925911111
4760;25944131000;25725911111;25925911111
4761;25944132000;25725911111;25925911111
4762;25944258000;25725911111;25925911111
4763;25944274000;25767566666;25967566666
4764;25944275000;25767566666;25967566666
4767;25985786000;25767566666;25967566666
4768;25985789000;25767566666;25967566666
4769;25985790000;25767566666;25967566666
4770;25985801000;25767566666;25967566666
4771;25985802000;25767566666;25967566666
4772;25985803000;25767566666;25967566666
4773;25985911000;25767566666;25967566666
4774;25985917000;25809300000;26009300000
4775;25985918000;25809300000;26009300000
4776;25985919000;25809300000;26009300000
4777;25985920000;25809300000;26009300000
4778;25985921000;25809300000;26009300000
4779;25985922000;25809300000;26009300000
4780;25985923000;25809300000;26009300000
4781;25985924000;25809300000;26009300000
4782;25985925000;25809300000;26009300000
4783;25985925000;25809300000;26009300000
4784;26027586000;25809300000;26009300000
4785;26027592000;25850900000;26050900000
4788;26069294000;25850900000;26050900000
4789;26069296000;25850900000;26050900000
4790;26069297000;25850900000;26050900000
4791;26069298000;25850900000;26050900000
4792;26069300000;25850900000;26050900000
4794;26069301000;25850900000;26050900000
4795;26069440000;25850900000;26050900000
4796;26069445000;25892588888;26092588888
4797;26069446000;25892588888;26092588888
4798;26069447000;25892588888;26092588888
4799;26069448000;25892588888;26092588888
4800;26069449000;25892588888;26092588888
4801;26069450000;25892588888;26092588888
4802;26069451000;25892588888;26092588888
4803;26069452000;25892588888;26092588888
4804;26069453000;25892588888;26092588888
4805;26069454000;25892588888;26092588888
4806;26110872000;25892588888;26092588888
4807;26110878000;25934288888;26134288888
4809;26152640000;25934288888;26134288888
4810;26152651000;25934288888;26134288888
4811;26152652000;25934288888;26134288888
4812;26152653000;25934288888;26134288888
4813;26152654000;25934288888;26134288888
4814;26152655000;25934288888;26134288888
4815;26152656000;25934288888;26134288888
4816;26152657000;25934288888;26134288888
4817;26152765000;25934288888;26134288888
4818;26152771000;25975911111;26175911111
4819;26152772000;25975911111;26175911111
4820;26152773000;25975911111;26175911111
4821;26152774000;25975911111;26175911111
4823;26194129000;25975911111;26175911111
4824;26194132000;25975911111;26175911111
4825;26194143000;25975911111;26175911111
4827;26194144000;25975911111;26175911111
4828;26194254000;25975911111;26175911111
4829;26194260000;26017566666;26217566666
4830;26194261000;26017566666;26217566666
4831;26194262000;26017566666;26217566666
4832;26194263000;26017566666;26217566666
4833;26194264000;26017566666;26217566666
4834;26194265000;26017566666;26217566666
4835;26194266000;26017566666;26217566666
4836;26194267000;26017566666;26217566666
4837;26194268000;26017566666;26217566666
4838;26194269000;26017566666;26217566666
4839;26235807000;26017566666;26217566666
4840;26235813000;26059288888;26259288888
4841;26235814000;26059288888;26259288888
4842;26235815000;26059288888;26259288888
4843;26235816000;26059288888;26259288888
4844;26235817000;26059288888;26259288888
4845;26235818000;26059288888;26259288888
4846;26235819000;26059288888;26259288888
4847;26235820000;26059288888;26259288888
4848;26235821000;26059288888;26259288888
4849;26235822000;26059288888;26259288888
4850;26277580000;26059288888;26259288888
4851;26277586000;26100900000;26300900000
4853;26319241000;26100900000;26300900000
4854;26319243000;26100900000;26300900000
4855;26319244000;26100900000;26300900000
4856;26319245000;26100900000;26300900000
4858;26319256000;26100900000;26300900000
4859;26319257000;26100900000;26300900000
4860;26319258000;26100900000;26300900000
4861;26319339000;26100900000;26300900000
4862;26319343000;26142566666;26342566666
4863;26319344000;26142566666;26342566666
4865;26360759000;26142566666;26342566666
4866;26360772000;26142566666;26342566666
4867;26360773000;26142566666;26342566666
4868;26360774000;26142566666;26342566666
4869;26360775000;26142566666;26342566666
4870;26360776000;26142566666;26342566666
4871;26360777000;26142566666;26342566666
4872;26360886000;26142566666;26342566666
4874;26402481000;26184300000;26384300000
4875;26402483000;26184300000;26384300000
4876;26402484000;26184300000;26384300000
4877;26402485000;26184300000;26384300000
4878;26402486000;26184300000;26384300000
4879;26402487000;26184300000;26384300000
4880;26402488000;26184300000;26384300000
4881;26402489000;26184300000;26384300000
4882;26402490000;26184300000;26384300000
4883;26402616000;26184300000;26384300000
4884;26402621000;26225911111;26425911111
4885;26402623000;26225911111;26425911111
4886;26402624000;26225911111;26425911111
4887;26402625000;26225911111;26425911111
4888;26402626000;26225911111;26425911111
4889;26402627000;26225911111;26425911111
4891;26444131000;26225911111;26425911111
4892;26444144000;26225911111;26425911111
4893;26444146000;26225911111;26425911111
4894;26444256000;26225911111;26425911111
4895;26444271000;26267555555;26467555555
4896;26444273000;26267555555;26467555555
4897;26444274000;26267555555;26467555555
4900;26485773000;26267555555;26467555555
4901;26485776000;26267555555;26467555555
4902;26485788000;26267555555;26467555555
4903;26485789000;26267555555;26467555555
4904;26485790000;26267555555;26467555555
4905;26485899000;26267555555;26467555555
4906;26485905000;26309300000;26509300000
4907;26485906000;26309300000;26509300000
4908;26485907000;26309300000;26509300000
4909;26485908000;26309300000;26509300000
4910;26485909000;26309300000;26509300000
4911;26485910000;26309300000;26509300000
4912;26485911000;26309300000;26509300000
4913;26485912000;26309300000;26509300000
4914;26485912000;26309300000;26509300000
4915;26485913000;26309300000;26509300000
4916;26527587000;26309300000;26509300000
4917;26527593000;26350922222;26550922222
4918;26527594000;26350922222;26550922222
4919;26527595000;26350922222;26550922222
4920;26527596000;26350922222;26550922222
4921;26527597000;26350922222;26550922222
4922;26527597000;26350922222;26550922222
4923;26527599000;26350922222;26550922222
4925;26569305000;26350922222;26550922222
4926;26569308000;26350922222;26550922222
4927;26569428000;26350922222;26550922222
4928;26569434000;26392600000;26592600000
4929;26569435000;26392600000;26592600000
4930;26569436000;26392600000;26592600000
4931;26569437000;26392600000;26592600000
4932;26569438000;26392600000;26592600000
4933;26569439000;26392600000;26592600000
4934;26569440000;26392600000;26592600000
4935;26569441000;26392600000;26592600000
4936;26569442000;26392600000;26592600000
4937;26569443000;26392600000;26592600000
4938;26610873000;26392600000;26592600000
4939;26610879000;26434277777;26634277777
4940;26610880000;26434277777;26634277777
4941;26610881000;26434277777;26634277777
4942;26610882000;26434277777;26634277777
4943;26610883000;26434277777;26634277777
4944;26610884000;26434277777;26634277777
4945;26610884000;26434277777;26634277777
4947;26652636000;26434277777;26634277777
4948;26652638000;26434277777;26634277777
4949;26652756000;26434277777;26634277777
4950;26652762000;26475911111;26675911111
4951;26652763000;26475911111;26675911111
4952;26652764000;26475911111;26675911111
4953;26652765000;26475911111;26675911111
4954;26652766000;26475911111;26675911111
4955;26652767000;26475911111;26675911111
4956;26652768000;26475911111;26675911111
4957;26652769000;26475911111;26675911111
4958;26652770000;26475911111;26675911111
4959;26652770000;26475911111;26675911111
4960;26694185000;26475911111;26675911111
4962;26735950000;26517566666;26717566666
4963;26735953000;26517566666;26717566666
4964;26735954000;26517566666;26717566666
4966;26735955000;26517566666;26717566666
4967;26735956000;26517566666;26717566666
4968;26735957000;26517566666;26717566666
4969;26735958000;26517566666;26717566666
4970;26735959000;26517566666;26717566666
4971;26736043000;26517566666;26717566666
4972;26736049000;26559300000;26759300000
4973;26736050000;26559300000;26759300000
4976;26777477000;26559300000;26759300000
4977;26777480000;26559300000;26759300000
4978;26777480000;26559300000;26759300000
4979;26777481000;26559300000;26759300000
4980;26777482000;26559300000;26759300000
4981;26777483000;26559300000;26759300000
4982;26777626000;26559300000;26759300000
4983;26777633000;26600922222;26800922222
4984;26777634000;26600922222;26800922222
4985;26777635000;26600922222;26800922222
4986;26777636000;26600922222;26800922222
4987;26777637000;26600922222;26800922222
4988;26777638000;26600922222;26800922222
4989;26777639000;26600922222;26800922222
4990;26777640000;26600922222;26800922222
4991;26777641000;26600922222;26800922222
4992;26777642000;26600922222;26800922222
4993;26819205000;26600922222;26800922222
4994;26819211000;26642588888;26842588888
4995;26819212000;26642588888;26842588888
4996;26819213000;26642588888;26842588888
4997;26819214000;26642588888;26842588888
4998;26819215000;26642588888;26842588888
4999;26819216000;26642588888;26842588888
5000;26819217000;26642588888;26842588888
5001;26819218000;26642588888;26842588888
5002;26819218000;26642588888;26842588888
5003;26819219000;26642588888;26842588888
5004;26860883000;26642588888;26842588888
5005;26860889000;26684388888;26884388888
5006;26860890000;26684388888;26884388888
5007;26860891000;26684388888;26884388888
5008;26860892000;26684388888;26884388888
5009;26860893000;26684388888;26884388888
5010;26860893000;26684388888;26884388888
5012;26902766000;26684388888;26884388888
5013;26902769000;26684388888;26884388888
5014;26902770000;26684388888;26884388888
5015;26902855000;26684388888;26884388888
5016;26902861000;26725911111;26925911111
5017;26902862000;26725911111;26925911111
5018;26902863000;26725911111;26925911111
5019;26902864000;26725911111;26925911111
5020;26902866000;26725911111;26925911111
5021;26902866000;26725911111;26925911111
5022;26902867000;26725911111;26925911111
5023;26902868000;26725911111;26925911111
5024;26902869000;26725911111;26925911111
5025;26902870000;26725911111;26925911111
5026;26944184000;26725911111;26925911111
5027;26944190000;26767577777;26967577777
5028;26944191000;26767577777;26967577777
5029;26944192000;26767577777;26967577777
5030;26944193000;26767577777;26967577777
5031;26944194000;26767577777;26967577777
5032;26944195000;26767577777;26967577777
5033;26944196000;26767577777;26967577777
5034;26944197000;26767577777;26967577777
5035;26944197000;26767577777;26967577777
5036;26944198000;26767577777;26967577777
5037;26985829000;26767577777;26967577777
5038;26985836000;26809288888;27009288888
5039;26985837000;26809288888;27009288888
5040;26985838000;26809288888;27009288888
5041;26985839000;26809288888;27009288888
5042;26985840000;26809288888;27009288888
5043;26985841000;26809288888;27009288888
5044;26985842000;26809288888;27009288888
5045;26985843000;26809288888;27009288888
5046;26985844000;26809288888;27009288888
5047;26985845000;26809288888;27009288888
5050;27069351000;26850888888;27050888888
5051;27069354000;26850888888;27050888888
5052;27069356000;26850888888;27050888888
5053;27069357000;26850888888;27050888888
5054;27069366000;26850888888;27050888888
5056;27069367000;26850888888;27050888888
5057;27069368000;26850888888;27050888888
5058;27069369000;26850888888;27050888888
5059;27069380000;26850888888;27050888888
5062;27110788000;26892566666;27092566666
5063;27110801000;26892566666;27092566666
5064;27110802000;26892566666;27092566666
5065;27110803000;26892566666;27092566666
5066;27110803000;26892566666;27092566666
5068;27110805000;26892566666;27092566666
5069;27110805000;26892566666;27092566666
5070;27110913000;26892566666;27092566666
5071;27110919000;26934288888;27134288888
5072;27110920000;26934288888;27134288888
5073;27110921000;26934288888;27134288888
5074;27110922000;26934288888;27134288888
5075;27110923000;26934288888;27134288888
5076;27110934000;26934288888;27134288888
5077;27110935000;26934288888;27134288888
5078;27110936000;26934288888;27134288888
5079;27110937000;26934288888;27134288888
5080;27110938000;26934288888;27134288888
5082;27194438000;26975911111;27175911111
5083;27194441000;26975911111;27175911111
5084;27194442000;26975911111;27175911111
5085;27194443000;26975911111;27175911111
5086;27194444000;26975911111;27175911111
5088;27194445000;26975911111;27175911111
5089;27194446000;26975911111;27175911111
5090;27194447000;26975911111;27175911111
5091;27194448000;26975911111;27175911111
5092;27194458000;26975911111;27175911111
5093;27194460000;27017577777;27217577777
5094;27194470000;27017577777;27217577777
5095;27194471000;27017577777;27217577777
5096;27194472000;27017577777;27217577777
5097;27194473000;27017577777;27217577777
5098;27194474000;27017577777;27217577777
5099;27194475000;27017577777;27217577777
5100;27194475000;27017577777;27217577777
5101;27194476000;27017577777;27217577777
5102;27194477000;27017577777;27217577777
5103;27235852000;27017577777;27217577777
5104;27235857000;27059288888;27259288888
5105;27235858000;27059288888;27259288888
5106;27235860000;27059288888;27259288888
5107;27235860000;27059288888;27259288888
5108;27235861000;27059288888;27259288888
5109;27235862000;27059288888;27259288888
5110;27235863000;27059288888;27259288888
5111;27235864000;27059288888;27259288888
5112;27235865000;27059288888;27259288888
5113;27235866000;27059288888;27259288888
5114;27277578000;27059288888;27259288888
5115;27277584000;27100900000;27300900000
5116;27277585000;27100900000;27300900000
5118;27319280000;27100900000;27300900000
5119;27319282000;27100900000;27300900000
5120;27319283000;27100900000;27300900000
5121;27319284000;27100900000;27300900000
5123;27319285000;27100900000;27300900000
5124;27319286000;27100900000;27300900000
5125;27319372000;27100900000;27300900000
5126;27319378000;27142555555;27342555555
5127;27319379000;27142555555;27342555555
5128;27319380000;27142555555;27342555555
5129;27319381000;27142555555;27342555555
5130;27319382000;27142555555;27342555555
5131;27319383000;27142555555;27342555555
5132;27319384000;27142555555;27342555555
5133;27319385000;27142555555;27342555555
5134;27319386000;27142555555;27342555555
5135;27319387000;27142555555;27342555555
5136;27360879000;27142555555;27342555555
5137;27360885000;27184277777;27384277777
5138;27360886000;27184277777;27384277777
5139;27360887000;27184277777;27384277777
5140;27360888000;27184277777;27384277777
5141;27360889000;27184277777;27384277777
5142;27360890000;27184277777;27384277777
5143;27360891000;27184277777;27384277777
5144;27360892000;27184277777;27384277777
5145;27360893000;27184277777;27384277777
5146;27360894000;27184277777;27384277777
5148;27444428000;27225911111;27425911111
5149;27444431000;27225911111;27425911111
5150;27444432000;27225911111;27425911111
5151;27444434000;27225911111;27425911111
5152;27444434000;27225911111;27425911111
5153;27444435000;27225911111;27425911111
5154;27444436000;27225911111;27425911111
5155;27444437000;27225911111;27425911111
5156;27444438000;27225911111;27425911111
5157;27444439000;27225911111;27425911111
5158;27444448000;27225911111;27425911111
5159;27444450000;27267555555;27467555555
5160;27444461000;27267555555;27467555555
5161;27444462000;27267555555;27467555555
5162;27444463000;27267555555;27467555555
5163;27444471000;27267555555;27467555555
5164;27444472000;27267555555;27467555555
5165;27444473000;27267555555;27467555555
5166;27444474000;27267555555;27467555555
5167;27444475000;27267555555;27467555555
5168;27444476000;27267555555;27467555555
5169;27485862000;27267555555;27467555555
5170;27485868000;27309288888;27509288888
5171;27485869000;27309288888;27509288888
5172;27485870000;27309288888;27509288888
5173;27485871000;27309288888;27509288888
5174;27485872000;27309288888;27509288888
5175;27485873000;27309288888;27509288888
5176;27485874000;27309288888;27509288888
5177;27485875000;27309288888;27509288888
5178;27485876000;27309288888;27509288888
5179;27485877000;27309288888;27509288888
5180;27527586000;27309288888;27509288888
5181;27527601000;27350911111;27550911111
5182;27527602000;27350911111;27550911111
5184;27569297000;27350911111;27550911111
5185;27569299000;27350911111;27550911111
5186;27569300000;27350911111;27550911111
5187;27569301000;27350911111;27550911111
5188;27569302000;27350911111;27550911111
5189;27569303000;27350911111;27550911111
5190;27569304000;27350911111;27550911111
5191;27569440000;27350911111;27550911111
5192;27569446000;27392600000;27592600000
5193;27569447000;27392600000;27592600000
5194;27569448000;27392600000;27592600000
5195;27569449000;27392600000;27592600000
5196;27569450000;27392600000;27592600000
5197;27569451000;27392600000;27592600000
5198;27569452000;27392600000;27592600000
5199;27569453000;27392600000;27592600000
5200;27569454000;27392600000;27592600000
5201;27569454000;27392600000;27592600000
5202;27610873000;27392600000;27592600000
5203;27610879000;27434266666;27634266666
5204;27610880000;27434266666;27634266666
5205;27610881000;27434266666;27634266666
5206;27610882000;27434266666;27634266666
5207;27610883000;27434266666;27634266666
5208;27610884000;27434266666;27634266666
5209;27610885000;27434266666;27634266666
5211;27652638000;27434266666;27634266666
5212;27652640000;27434266666;27634266666
5213;27652726000;27434266666;27634266666
5214;27652732000;27475900000;27675900000
5215;27652733000;27475900000;27675900000
5216;27652734000;27475900000;27675900000
5217;27652735000;27475900000;27675900000
5218;27652736000;27475900000;27675900000
5219;27652737000;27475900000;27675900000
5220;27652738000;27475900000;27675900000
5221;27652739000;27475900000;27675900000
5222;27652740000;27475900000;27675900000
5223;27652740000;27475900000;27675900000
5224;27694176000;27475900000;27675900000
5225;27694182000;27517555555;27717555555
5226;27694183000;27517555555;27717555555
5227;27694184000;27517555555;27717555555
5228;27694185000;27517555555;27717555555
5229;27694186000;27517555555;27717555555
5230;27694187000;27517555555;27717555555
5231;27694188000;27517555555;27717555555
5232;27694188000;27517555555;27717555555
5233;27694189000;27517555555;27717555555
5234;27694190000;27517555555;27717555555
5236;27777846000;27559300000;27759300000
5237;27777850000;27559300000;27759300000
5238;27777851000;27559300000;27759300000
5239;27777852000;27559300000;27759300000
5240;27777853000;27559300000;27759300000
5241;27777854000;27559300000;27759300000
5242;27777855000;27559300000;27759300000
5243;27777856000;27559300000;27759300000
5244;27777857000;27559300000;27759300000
5245;27777858000;27559300000;27759300000
5246;27777867000;27559300000;27759300000
5247;27777869000;27600911111;27800911111
5248;27777870000;27600911111;27800911111
5249;27777871000;27600911111;27800911111
5250;27777872000;27600911111;27800911111
5251;27777873000;27600911111;27800911111
5252;27777874000;27600911111;27800911111
5253;27777875000;27600911111;27800911111
5254;27777876000;27600911111;27800911111
5255;27777876000;27600911111;27800911111
5256;27777877000;27600911111;27800911111
5257;27819184000;27600911111;27800911111
5258;27819189000;27642577777;27842577777
5259;27819190000;27642577777;27842577777
5260;27819191000;27642577777;27842577777
5261;27819192000;27642577777;27842577777
5262;27819193000;27642577777;27842577777
5263;27819194000;27642577777;27842577777
5264;27819195000;27642577777;27842577777
5265;27819196000;27642577777;27842577777
5266;27819205000;27642577777;27842577777
5267;27819206000;27642577777;27842577777
5268;27860874000;27642577777;27842577777
5269;27860880000;27684300000;27884300000
5270;27860881000;27684300000;27884300000
5271;27860882000;27684300000;27884300000
5272;27860883000;27684300000;27884300000
5273;27860883000;27684300000;27884300000
5274;27860884000;27684300000;27884300000
5275;27860885000;27684300000;27884300000
5276;27860886000;27684300000;27884300000
5277;27860887000;27684300000;27884300000
5278;27860888000;27684300000;27884300000
5279;27902633000;27684300000;27884300000
5280;27902640000;27725900000;27925900000
5281;27902641000;27725900000;27925900000
5282;27902642000;27725900000;27925900000
5283;27902643000;27725900000;27925900000
5284;27902644000;27725900000;27925900000
5285;27902645000;27725900000;27925900000
5286;27902646000;27725900000;27925900000
5287;27902647000;27725900000;27925900000
5288;27902648000;27725900000;27925900000
5289;27902649000;27725900000;27925900000
5290;27944163000;27725900000;27925900000
5291;27944169000;27767555555;27967555555
5292;27944171000;27767555555;27967555555
5293;27944172000;27767555555;27967555555
5294;27944173000;27767555555;27967555555
5295;27944174000;27767555555;27967555555
5296;27944174000;27767555555;27967555555
5297;27944176000;27767555555;27967555555
5299;27985935000;27767555555;27967555555
5300;27985946000;27767555555;27967555555
5301;27986055000;27767555555;27967555555
5302;27986060000;27809288888;28009288888
5303;27986062000;27809288888;28009288888
5304;27986063000;27809288888;28009288888
5305;27986064000;27809288888;28009288888
5306;27986065000;27809288888;28009288888
5309;28027494000;27809288888;28009288888
5310;28027496000;27809288888;28009288888
5311;28027497000;27809288888;28009288888
5312;28027632000;27809288888;28009288888
5313;28027638000;27850888888;28050888888
5314;28027639000;27850888888;28050888888
5315;28027640000;27850888888;28050888888
5316;28027641000;27850888888;28050888888
5317;28027642000;27850888888;28050888888
5318;28027643000;27850888888;28050888888
5319;28027644000;27850888888;28050888888
5323;28069213000;27850888888;28050888888
5324;28069219000;27892577777;28092577777
5325;28069220000;27892577777;28092577777
5326;28069221000;27892577777;28092577777
5327;28069222000;27892577777;28092577777
5329;28110782000;27892577777;28092577777
5330;28110784000;27892577777;28092577777
5331;28110785000;27892577777;28092577777
5332;28110786000;27892577777;28092577777
5333;28110787000;27892577777;28092577777
5334;28110906000;27892577777;28092577777
5335;28110912000;27934288888;28134288888
5336;28110913000;27934288888;28134288888
5337;28110914000;27934288888;28134288888
5338;28110915000;27934288888;28134288888
5340;28152468000;27934288888;28134288888
5341;28152470000;27934288888;28134288888
5342;28152471000;27934288888;28134288888
5343;28152472000;27934288888;28134288888
5344;28152473000;27934288888;28134288888
5345;28152616000;27934288888;28134288888
5346;28152622000;27975900000;28175900000
5348;28194119000;27975900000;28175900000
5349;28194122000;27975900000;28175900000
5350;28194134000;27975900000;28175900000
5351;28194135000;27975900000;28175900000
5352;28194136000;27975900000;28175900000
5353;28194137000;27975900000;28175900000
5354;28194137000;27975900000;28175900000
5355;28194138000;27975900000;28175900000
5356;28194263000;27975900000;28175900000
5357;28194269000;28017566666;28217566666
5358;28194270000;28017566666;28217566666
5359;28194271000;28017566666;28217566666
5360;28194272000;28017566666;28217566666
5361;28194273000;28017566666;28217566666
5362;28194274000;28017566666;28217566666
5363;28194275000;28017566666;28217566666
5364;28194276000;28017566666;28217566666
5365;28194277000;28017566666;28217566666
5366;28194278000;28017566666;28217566666
5367;28235841000;28017566666;28217566666
5368;28235846000;28059266666;28259266666
5369;28235847000;28059266666;28259266666
5370;28235848000;28059266666;28259266666
5371;28235849000;28059266666;28259266666
5372;28235850000;28059266666;28259266666
5374;28277646000;28059266666;28259266666
5375;28277648000;28059266666;28259266666
5376;28277657000;28059266666;28259266666
5377;28277658000;28059266666;28259266666
5378;28277776000;28059266666;28259266666
5379;28277782000;28100900000;28300900000
5380;28277783000;28100900000;28300900000
5381;28277784000;28100900000;28300900000
5382;28277785000;28100900000;28300900000
5383;28277786000;28100900000;28300900000
5384;28277786000;28100900000;28300900000
5385;28277787000;28100900000;28300900000
5386;28277788000;28100900000;28300900000
5387;28277789000;28100900000;28300900000
5388;28277790000;28100900000;28300900000
5389;28319161000;28100900000;28300900000
5390;28319167000;28142555555;28342555555
5391;28319169000;28142555555;28342555555
5392;28319170000;28142555555;28342555555
5394;28360949000;28142555555;28342555555
5395;28360952000;28142555555;28342555555
5396;28360964000;28142555555;28342555555
5398;28360965000;28142555555;28342555555
5399;28360966000;28142555555;28342555555
5400;28361075000;28142555555;28342555555
5401;28361081000;28184288888;28384288888
5402;28361082000;28184288888;28384288888
5403;28361083000;28184288888;28384288888
5404;28361083000;28184288888;28384288888
5405;28361084000;28184288888;28384288888
5406;28361085000;28184288888;28384288888
5407;28361086000;28184288888;28384288888
5408;28361087000;28184288888;28384288888
5409;28361088000;28184288888;28384288888
5410;28361089000;28184288888;28384288888
5411;28402579000;28184288888;28384288888
5412;28402585000;28225911111;28425911111
5413;28402586000;28225911111;28425911111
5414;28402587000;28225911111;28425911111
5415;28402588000;28225911111;28425911111
5416;28402588000;28225911111;28425911111
5417;28402589000;28225911111;28425911111
5418;28402590000;28225911111;28425911111
5419;28402591000;28225911111;28425911111
5420;28402592000;28225911111;28425911111
5421;28402593000;28225911111;28425911111
5422;28444185000;28225911111;28425911111
5423;28444191000;28267555555;28467555555
5424;28444192000;28267555555;28467555555
5425;28444193000;28267555555;28467555555
5426;28444194000;28267555555;28467555555
5427;28444195000;28267555555;28467555555
5428;28444196000;28267555555;28467555555
5429;28444197000;28267555555;28467555555
5430;28444198000;28267555555;28467555555
5431;28444199000;28267555555;28467555555
5434;28527805000;28309288888;28509288888
5435;28527809000;28309288888;28509288888
5436;28527810000;28309288888;28509288888
5437;28527811000;28309288888;28509288888
5438;28527812000;28309288888;28509288888
5439;28527813000;28309288888;28509288888
5440;28527814000;28309288888;28509288888
5441;28527814000;28309288888;28509288888
5442;28527815000;28309288888;28509288888
5443;28527816000;28309288888;28509288888
5444;28527826000;28309288888;28509288888
5445;28527838000;28350911111;28550911111
5446;28527839000;28350911111;28550911111
5449;28569154000;28350911111;28550911111
5450;28569156000;28350911111;28550911111
5451;28569157000;28350911111;28550911111
5452;28569159000;28350911111;28550911111
5453;28569160000;28350911111;28550911111
5454;28569161000;28350911111;28550911111
5455;28569264000;28350911111;28550911111
5456;28569270000;28392600000;28592600000
5457;28569272000;28392600000;28592600000
5460;28610821000;28392600000;28592600000
5461;28610824000;28392600000;28592600000
5462;28610836000;28392600000;28592600000
5463;28610837000;28392600000;28592600000
5464;28610838000;28392600000;28592600000
5465;28610839000;28392600000;28592600000
5466;28610964000;28392600000;28592600000
5467;28610969000;28434266666;28634266666
5468;28610970000;28434266666;28634266666
5469;28610971000;28434266666;28634266666
5470;28610972000;28434266666;28634266666
5471;28610973000;28434266666;28634266666
5472;28610975000;28434266666;28634266666
5473;28610975000;28434266666;28634266666
5474;28610976000;28434266666;28634266666
5475;28610977000;28434266666;28634266666
5476;28610978000;28434266666;28634266666
5477;28652538000;28434266666;28634266666
5479;28694260000;28475900000;28675900000
5480;28694263000;28475900000;28675900000
5481;28694264000;28475900000;28675900000
5482;28694264000;28475900000;28675900000
5483;28694265000;28475900000;28675900000
5484;28694266000;28475900000;28675900000
5485;28694284000;28475900000;28675900000
5486;28694285000;28475900000;28675900000
5488;28694394000;28475900000;28675900000
5489;28694400000;28517555555;28717555555
5490;28694401000;28517555555;28717555555
5491;28694402000;28517555555;28717555555
5492;28694403000;28517555555;28717555555
5493;28694404000;28517555555;28717555555
5494;28694405000;28517555555;28717555555
5495;28694406000;28517555555;28717555555
5496;28694406000;28517555555;28717555555
5497;28694407000;28517555555;28717555555
5498;28694408000;28517555555;28717555555
5499;28735851000;28517555555;28717555555
