seqnum;now;rtptime;deadline;packet_len;payload_len
0;6685260000;6593500000;7093500000;1398;1386
1;6685282000;6593500000;7093500000;1400;1388
2;6685344000;6593500000;7093500000;1398;1386
3;6685350000;6624822222;7124822222;1400;1388
4;6685354000;6624822222;7124822222;1400;1388
5;6685358000;6624822222;7124822222;1398;1386
6;6685362000;6624822222;7124822222;1400;1388
7;6685366000;6624822222;7124822222;1398;1386
8;6685370000;6624822222;7124822222;1400;1388
9;6685373000;6624822222;7124822222;1400;1388
10;6685377000;6624833333;7124833333;982;970
11;6726818000;6625155555;7125155555;1398;1386
12;6726850000;6625155555;7125155555;1400;1388
13;6726854000;6625155555;7125155555;1398;1386
14;6726858000;6666466666;7166466666;1400;1388
15;6726863000;6666466666;7166466666;1400;1388
16;6726873000;6666466666;7166466666;1398;1386
17;6726891000;6666466666;7166466666;1400;1388
18;6726904000;6666466666;7166466666;1398;1386
19;6726909000;6666466666;7166466666;1400;1388
20;6726913000;6666466666;7166466666;1400;1388
21;6726917000;6666477777;7166477777;982;970
22;6768510000;6666855555;7166855555;1398;1386
23;6768531000;6666855555;7166855555;1400;1388
24;6768543000;6666855555;7166855555;1398;1386
25;6768547000;6708166666;7208166666;1400;1388
26;6768551000;6708166666;7208166666;1400;1388
27;6768558000;6708166666;7208166666;1398;1386
28;6768562000;6708166666;7208166666;1400;1388
29;6768565000;6708166666;7208166666;1398;1386
30;6768569000;6708166666;7208166666;1400;1388
31;6768573000;6708166666;7208166666;1400;1388
32;6768576000;6708177777;7208177777;982;970
33;6810124000;6708555555;7208555555;1398;1386
34;6810149000;6708555555;7208555555;1400;1388
35;6810155000;6708555555;7208555555;1398;1386
36;6810159000;6749800000;7249800000;1400;1388
37;6810176000;6749800000;7249800000;1400;1388
38;6810180000;6749800000;7249800000;1398;1386
41;6810184000;6749800000;7249800000;1400;1388
42;6810196000;6749800000;7249800000;1400;1388
43;6810203000;6749811111;7249811111;982;970
44;6851792000;6750155555;7250155555;1398;1386
45;6851812000;6750155555;7250155555;1400;1388
46;6851824000;6750155555;7250155555;1398;1386
48;6851827000;6791433333;7291433333;1400;1388
49;6851832000;6791433333;7291433333;1398;1386
50;6851838000;6791433333;7291433333;1400;1388
51;6851842000;6791433333;7291433333;1398;1386
54;6851846000;6791444444;7291444444;982;970
56;6893464000;6791755555;7291755555;1400;1388
57;6893481000;6791755555;7291755555;1398;1386
58;6893486000;6833133333;7333133333;1400;1388
59;6893491000;6833133333;7333133333;1400;1388
60;6893494000;6833133333;7333133333;1398;1386
61;6893498000;6833133333;7333133333;1400;1388
62;6893502000;6833133333;7333133333;1398;1386
63;6893505000;6833133333;7333133333;1400;1388
65;6893510000;6833155555;7333155555;982;970
66;6935188000;6833455555;7333455555;1398;1386
67;6935204000;6833455555;7333455555;1400;1388
68;6935208000;6833455555;7333455555;1398;1386
69;6935212000;6874800000;7374800000;1400;1388
70;6935215000;6874800000;7374800000;1400;1388
71;6935218000;6874800000;7374800000;1398;1386
72;6935222000;6874800000;7374800000;1400;1388
73;6935225000;6874800000;7374800000;1398;1386
74;6935229000;6874800000;7374800000;1400;1388
75;6935232000;6874800000;7374800000;1400;1388
76;6935236000;6874811111;7374811111;982;970
77;6976743000;6875133333;7375133333;1398;1386
78;6976756000;6875133333;7375133333;1400;1388
79;6976760000;6875133333;7375133333;1398;1386
80;6976763000;6916433333;7416433333;1400;1388
81;6976766000;6916433333;7416433333;1400;1388
82;6976770000;6916433333;7416433333;1398;1386
83;6976773000;6916433333;7416433333;1400;1388
88;7018440000;6916755555;7416755555;1398;1386
89;7018462000;6916755555;7416755555;1400;1388
90;7018467000;6916755555;7416755555;1398;1386
91;7018470000;6958133333;7458133333;1400;1388
92;7018474000;6958133333;7458133333;1400;1388
93;7018477000;6958133333;7458133333;1398;1386
94;7018481000;6958133333;7458133333;1400;1388
95;7018494000;6958133333;7458133333;1398;1386
96;7018497000;6958133333;7458133333;1400;1388
97;7018501000;6958133333;7458133333;1400;1388
98;7018504000;6958155555;7458155555;982;970
99;7060094000;6958466666;7458466666;1398;1386
101;7060129000;6958466666;7458466666;1398;1386
102;7060136000;6999800000;7499800000;1400;1388
103;7060151000;6999800000;7499800000;1400;1388
104;7060155000;6999800000;7499800000;1398;1386
105;7060159000;6999800000;7499800000;1400;1388
106;7060163000;6999800000;7499800000;1398;1386
107;7060167000;6999800000;7499800000;1400;1388
108;7060170000;6999800000;7499800000;1400;1388
109;7060183000;6999811111;7499811111;982;970
111;7101817000;7000122222;7500122222;1400;1388
112;7101845000;7000122222;7500122222;1398;1386
114;7101856000;7041466666;7541466666;1400;1388
115;7101860000;7041466666;7541466666;1398;1386
116;7101864000;7041466666;7541466666;1400;1388
117;7101877000;7041466666;7541466666;1398;1386
118;7101881000;7041466666;7541466666;1400;1388
119;7101884000;7041466666;7541466666;1400;1388
120;7101887000;7041477777;7541477777;982;970
121;7143434000;7041766666;7541766666;1398;1386
122;7143444000;7041766666;7541766666;1400;1388
123;7143447000;7041766666;7541766666;1398;1386
124;7143451000;7083144444;7583144444;1400;1388
127;7143454000;7083144444;7583144444;1400;1388
128;7143458000;7083144444;7583144444;1398;1386
129;7143462000;7083144444;7583144444;1400;1388
130;7143465000;7083144444;7583144444;1400;1388
131;7143468000;7083166666;7583166666;982;970
132;7185085000;7083466666;7583466666;1398;1386
133;7185094000;7083466666;7583466666;1400;1388
134;7185098000;7083466666;7583466666;1398;1386
135;7185101000;7124800000;7624800000;1400;1388
136;7185105000;7124800000;7624800000;1400;1388
137;7185108000;7124800000;7624800000;1398;1386
138;7185112000;7124800000;7624800000;1400;1388
139;7185115000;7124800000;7624800000;1398;1386
140;7185118000;7124800000;7624800000;1400;1388
141;7185121000;7124800000;7624800000;1400;1388
142;7185124000;7124811111;7624811111;982;970
143;7226761000;7125088888;7625088888;1398;1386
144;7226770000;7125088888;7625088888;1400;1388
145;7226773000;7125088888;7625088888;1398;1386
146;7226777000;7166433333;7666433333;1400;1388
147;7226780000;7166433333;7666433333;1400;1388
148;7226783000;7166433333;7666433333;1398;1386
149;7226786000;7166433333;7666433333;1400;1388
150;7226789000;7166433333;7666433333;1398;1386
151;7226793000;7166433333;7666433333;1400;1388
152;7226796000;7166433333;7666433333;1400;1388
153;7226799000;7166444444;7666444444;982;970
154;7268436000;7166755555;7666755555;1398;1386
155;7268445000;7166755555;7666755555;1400;1388
156;7268449000;7166755555;7666755555;1398;1386
157;7268452000;7208133333;7708133333;1400;1388
158;7268456000;7208133333;7708133333;1400;1388
160;7268459000;7208133333;7708133333;1400;1388
161;7268464000;7208133333;7708133333;1398;1386
162;7268478000;7208133333;7708133333;1400;1388
163;7268482000;7208133333;7708133333;1400;1388
164;7268491000;7208155555;7708155555;982;970
165;7310105000;7208444444;7708444444;1398;1386
166;7310114000;7208444444;7708444444;1400;1388
167;7310118000;7208444444;7708444444;1398;1386
168;7310122000;7249800000;7749800000;1400;1388
169;7310126000;7249800000;7749800000;1400;1388
170;7310129000;7249800000;7749800000;1398;1386
171;7310133000;7249800000;7749800000;1400;1388
173;7310137000;7249800000;7749800000;1400;1388
174;7310141000;7249800000;7749800000;1400;1388
175;7310144000;7249811111;7749811111;982;970
176;7351766000;7250111111;7750111111;1398;1386
177;7351775000;7250111111;7750111111;1400;1388
178;7351778000;7250111111;7750111111;1398;1386
179;7351782000;7291466666;7791466666;1400;1388
180;7351785000;7291466666;7791466666;1400;1388
182;7351788000;7291466666;7791466666;1400;1388
184;7351792000;7291466666;7791466666;1400;1388
185;7351795000;7291466666;7791466666;1400;1388
186;7351798000;7291477777;7791477777;982;970
187;7393438000;7291766666;7791766666;1398;1386
188;7393447000;7291766666;7791766666;1400;1388
189;7393451000;7291766666;7791766666;1398;1386
190;7393454000;7333133333;7833133333;1400;1388
191;7393458000;7333133333;7833133333;1400;1388
192;7393461000;7333133333;7833133333;1398;1386
193;7393464000;7333133333;7833133333;1400;1388
194;7393467000;7333133333;7833133333;1398;1386
195;7393471000;7333133333;7833133333;1400;1388
196;7393474000;7333133333;7833133333;1400;1388
197;7393487000;7333155555;7833155555;982;970
198;7435081000;7333422222;7833422222;1398;1386
199;7435090000;7333422222;7833422222;1400;1388
200;7435094000;7333422222;7833422222;1398;1386
202;7435098000;7374800000;7874800000;1400;1388
203;7435104000;7374800000;7874800000;1398;1386
204;7435118000;7374800000;7874800000;1400;1388
205;7435121000;7374800000;7874800000;1398;1386
206;7435130000;7374800000;7874800000;1400;1388
207;7435134000;7374800000;7874800000;1400;1388
208;7435137000;7374811111;7874811111;982;970
209;7476792000;7375066666;7875066666;1398;1386
210;7476801000;7375066666;7875066666;1400;1388
211;7476805000;7375066666;7875066666;1398;1386
212;7476808000;7416466666;7916466666;1400;1388
213;7476812000;7416466666;7916466666;1400;1388
214;7476815000;7416466666;7916466666;1398;1386
215;7476818000;7416466666;7916466666;1400;1388
216;7476821000;7416466666;7916466666;1398;1386
217;7476824000;7416466666;7916466666;1400;1388
218;7476827000;7416466666;7916466666;1400;1388
219;7476830000;7416477777;7916477777;982;970
220;7518414000;7416788888;7916788888;1398;1386
221;7518423000;7416788888;7916788888;1400;1388
222;7518427000;7416788888;7916788888;1398;1386
224;7518431000;7458133333;7958133333;1400;1388
225;7518436000;7458133333;7958133333;1398;1386
226;7518451000;7458133333;7958133333;1400;1388
227;7518455000;7458133333;7958133333;1398;1386
228;7518459000;7458133333;7958133333;1400;1388
229;7518462000;7458133333;7958133333;1400;1388
230;7518466000;7458155555;7958155555;982;970
231;7560111000;7458444444;7958444444;1398;1386
232;7560120000;7458444444;7958444444;1400;1388
233;7560124000;7458444444;7958444444;1398;1386
234;7560127000;7499800000;7999800000;1400;1388
235;7560131000;7499800000;7999800000;1400;1388
238;7560134000;7499800000;7999800000;1398;1386
239;7560137000;7499800000;7999800000;1400;1388
240;7560141000;7499800000;7999800000;1400;1388
241;7560144000;7499811111;7999811111;982;970
242;7601768000;7500100000;8000100000;1398;1386
243;7601777000;7500100000;8000100000;1400;1388
244;7601780000;7500100000;8000100000;1398;1386
245;7601783000;7541466666;8041466666;1400;1388
246;7601787000;7541466666;8041466666;1400;1388
247;7601790000;7541466666;8041466666;1398;1386
248;7601793000;7541466666;8041466666;1400;1388
249;7601796000;7541466666;8041466666;1398;1386
250;7601799000;7541466666;8041466666;1400;1388
251;7601802000;7541466666;8041466666;1400;1388
252;7601805000;7541477777;8041477777;982;970
253;7643453000;7541788888;8041788888;1398;1386
254;7643462000;7541788888;8041788888;1400;1388
255;7643465000;7541788888;8041788888;1398;1386
256;7643468000;7583133333;8083133333;1400;1388
257;7643471000;7583133333;8083133333;1400;1388
258;7643475000;7583133333;8083133333;1398;1386
259;7643477000;7583133333;8083133333;1400;1388
260;7643480000;7583133333;8083133333;1398;1386
261;7643483000;7583133333;8083133333;1400;1388
262;7643486000;7583133333;8083133333;1400;1388
263;7643489000;7583155555;8083155555;982;970
265;7685104000;7583433333;8083433333;1400;1388
266;7685142000;7583433333;8083433333;1398;1386
268;7685148000;7624811111;8124811111;1400;1388
269;7685163000;7624811111;8124811111;1398;1386
270;7685167000;7624811111;8124811111;1400;1388
271;7685179000;7624811111;8124811111;1398;1386
272;7685183000;7624811111;8124811111;1400;1388
273;7685186000;7624811111;8124811111;1400;1388
274;7685198000;7624822222;8124822222;982;970
276;7726810000;7625077777;8125077777;1400;1388
279;7726819000;7666477777;8166477777;1400;1388
281;7726823000;7666477777;8166477777;1400;1388
284;7726826000;7666477777;8166477777;1400;1388
285;7726829000;7666488888;8166488888;982;970
286;7768456000;7666788888;8166788888;1398;1386
288;7768464000;7666788888;8166788888;1398;1386
289;7768469000;7708144444;8208144444;1400;1388
290;7768472000;7708144444;8208144444;1400;1388
291;7768476000;7708144444;8208144444;1398;1386
292;7768479000;7708144444;8208144444;1400;1388
293;7768482000;7708144444;8208144444;1398;1386
294;7768485000;7708144444;8208144444;1400;1388
295;7768487000;7708144444;8208144444;1400;1388
296;7768490000;7708166666;8208166666;982;970
297;7810114000;7708433333;8208433333;1398;1386
298;7810124000;7708433333;8208433333;1400;1388
299;7810128000;7708433333;8208433333;1398;1386
300;7810131000;7749800000;8249800000;1400;1388
301;7810134000;7749800000;8249800000;1400;1388
302;7810137000;7749800000;8249800000;1398;1386
303;7810140000;7749800000;8249800000;1400;1388
304;7810144000;7749800000;8249800000;1398;1386
305;7810147000;7749800000;8249800000;1400;1388
306;7810150000;7749800000;8249800000;1400;1388
308;7851740000;7750088888;8250088888;1398;1386
309;7851762000;7750088888;8250088888;1400;1388
310;7851766000;7750088888;8250088888;1398;1386
311;7851769000;7791433333;8291433333;1400;1388
312;7851773000;7791433333;8291433333;1400;1388
313;7851776000;7791433333;8291433333;1398;1386
314;7851779000;7791433333;8291433333;1400;1388
315;7851792000;7791433333;8291433333;1398;1386
316;7851795000;7791433333;8291433333;1400;1388
317;7851798000;7791433333;8291433333;1400;1388
318;7851801000;7791444444;8291444444;982;970
319;7893437000;7791733333;8291733333;1398;1386
320;7893447000;7791733333;8291733333;1400;1388
323;7893450000;7833133333;8333133333;1400;1388
324;7893456000;7833133333;8333133333;1398;1386
325;7893470000;7833133333;8333133333;1400;1388
327;7893473000;7833133333;8333133333;1400;1388
328;7893477000;7833133333;8333133333;1400;1388
329;7893481000;7833144444;8333144444;982;970
330;7935105000;7833422222;8333422222;1398;1386
331;7935114000;7833422222;8333422222;1400;1388
332;7935118000;7833422222;8333422222;1398;1386
333;7935121000;7874800000;8374800000;1400;1388
334;7935125000;7874800000;8374800000;1400;1388
335;7935128000;7874800000;8374800000;1398;1386
336;7935131000;7874800000;8374800000;1400;1388
337;7935134000;7874800000;8374800000;1398;1386
338;7935137000;7874800000;8374800000;1400;1388
339;7935140000;7874800000;8374800000;1400;1388
340;7935143000;7874811111;8374811111;982;970
341;7976747000;7875077777;8375077777;1398;1386
342;7976756000;7875077777;8375077777;1400;1388
344;7976759000;7916466666;8416466666;1400;1388
345;7976766000;7916466666;8416466666;1400;1388
346;7976780000;7916466666;8416466666;1398;1386
347;7976783000;7916466666;8416466666;1400;1388
348;7976787000;7916466666;8416466666;1398;1386
349;7976790000;7916466666;8416466666;1400;1388
351;7976793000;7916477777;8416477777;982;970
352;8018439000;7916788888;8416788888;1398;1386
353;8018448000;7916788888;8416788888;1400;1388
354;8018452000;7916788888;8416788888;1398;1386
355;8018455000;7958133333;8458133333;1400;1388
356;8018458000;7958133333;8458133333;1400;1388
357;8018462000;7958133333;8458133333;1398;1386
358;8018465000;7958133333;8458133333;1400;1388
359;8018468000;7958133333;8458133333;1398;1386
360;8018471000;7958133333;8458133333;1400;1388
361;8018474000;7958133333;8458133333;1400;1388
362;8018477000;7958155555;8458155555;982;970
363;8060121000;7958422222;8458422222;1398;1386
364;8060130000;7958422222;8458422222;1400;1388
365;8060133000;7958422222;8458422222;1398;1386
366;8060136000;7999800000;8499800000;1400;1388
367;8060139000;7999800000;8499800000;1400;1388
368;8060142000;7999800000;8499800000;1398;1386
369;8060145000;7999800000;8499800000;1400;1388
370;8060148000;7999800000;8499800000;1398;1386
371;8060151000;7999800000;8499800000;1400;1388
372;8060154000;7999800000;8499800000;1400;1388
373;8060157000;7999811111;8499811111;982;970
374;8101775000;8000111111;8500111111;1398;1386
376;8101783000;8000111111;8500111111;1398;1386
377;8101789000;8041466666;8541466666;1400;1388
378;8101803000;8041466666;8541466666;1400;1388
379;8101806000;8041466666;8541466666;1398;1386
380;8101815000;8041466666;8541466666;1400;1388
381;8101819000;8041466666;8541466666;1398;1386
382;8101822000;8041466666;8541466666;1400;1388
383;8101834000;8041466666;8541466666;1400;1388
384;8101837000;8041477777;8541477777;982;970
385;8143450000;8041766666;8541766666;1398;1386
386;8143458000;8041766666;8541766666;1400;1388
387;8143462000;8041766666;8541766666;1398;1386
388;8143465000;8083133333;8583133333;1400;1388
389;8143469000;8083133333;8583133333;1400;1388
390;8143472000;8083133333;8583133333;1398;1386
391;8143475000;8083133333;8583133333;1400;1388
392;8143489000;8083133333;8583133333;1398;1386
393;8143492000;8083133333;8583133333;1400;1388
394;8143495000;8083133333;8583133333;1400;1388
395;8143498000;8083155555;8583155555;982;970
396;8185100000;8083433333;8583433333;1398;1386
397;8185109000;8083433333;8583433333;1400;1388
398;8185113000;8083433333;8583433333;1398;1386
399;8185116000;8124800000;8624800000;1400;1388
405;8185119000;8124800000;8624800000;1400;1388
406;8185125000;8124811111;8624811111;982;970
407;8226743000;8125066666;8625066666;1398;1386
408;8226752000;8125066666;8625066666;1400;1388
409;8226756000;8125066666;8625066666;1398;1386
410;8226759000;8166466666;8666466666;1400;1388
411;8226762000;8166466666;8666466666;1400;1388
412;8226765000;8166466666;8666466666;1398;1386
413;8226769000;8166466666;8666466666;1400;1388
414;8226772000;8166466666;8666466666;1398;1386
415;8226775000;8166466666;8666466666;1400;1388
416;8226778000;8166466666;8666466666;1400;1388
417;8226781000;8166477777;8666477777;982;970
418;8268473000;8166777777;8666777777;1398;1386
419;8268492000;8166777777;8666777777;1400;1388
420;8268497000;8166777777;8666777777;1398;1386
423;8268501000;8208133333;8708133333;1398;1386
424;8268510000;8208133333;8708133333;1400;1388
425;8268524000;8208133333;8708133333;1398;1386
426;8268528000;8208133333;8708133333;1400;1388
427;8268540000;8208133333;8708133333;1400;1388
428;8268544000;8208155555;8708155555;982;970
429;8310157000;8208444444;8708444444;1398;1386
430;8310177000;8208444444;8708444444;1400;1388
432;8310182000;8249800000;8749800000;1400;1388
433;8310187000;8249800000;8749800000;1400;1388
434;8310191000;8249800000;8749800000;1398;1386
435;8310194000;8249800000;8749800000;1400;1388
436;8310198000;8249800000;8749800000;1398;1386
437;8310201000;8249800000;8749800000;1400;1388
438;8310205000;8249800000;8749800000;1400;1388
439;8310208000;8249811111;8749811111;982;970
440;8351826000;8250111111;8750111111;1398;1386
441;8351845000;8250111111;8750111111;1400;1388
442;8351849000;8250111111;8750111111;1398;1386
443;8351852000;8291466666;8791466666;1400;1388
444;8351856000;8291466666;8791466666;1400;1388
445;8351860000;8291466666;8791466666;1398;1386
446;8351863000;8291466666;8791466666;1400;1388
447;8351866000;8291466666;8791466666;1398;1386
448;8351869000;8291466666;8791466666;1400;1388
449;8351873000;8291466666;8791466666;1400;1388
450;8351876000;8291477777;8791477777;982;970
451;8393464000;8291766666;8791766666;1398;1386
452;8393485000;8291766666;8791766666;1400;1388
453;8393489000;8291766666;8791766666;1398;1386
454;8393493000;8333133333;8833133333;1400;1388
455;8393497000;8333133333;8833133333;1400;1388
456;8393500000;8333133333;8833133333;1398;1386
457;8393505000;8333133333;8833133333;1400;1388
458;8393508000;8333133333;8833133333;1398;1386
459;8393511000;8333133333;8833133333;1400;1388
460;8393515000;8333133333;8833133333;1400;1388
462;8435154000;8333411111;8833411111;1398;1386
463;8435187000;8333411111;8833411111;1400;1388
464;8435198000;8333411111;8833411111;1398;1386
465;8435202000;8374800000;8874800000;1400;1388
466;8435205000;8374800000;8874800000;1400;1388
467;8435218000;8374800000;8874800000;1398;1386
468;8435221000;8374800000;8874800000;1400;1388
469;8435224000;8374800000;8874800000;1398;1386
470;8435227000;8374800000;8874800000;1400;1388
471;8435231000;8374800000;8874800000;1400;1388
472;8435234000;8374811111;8874811111;982;970
473;8476799000;8375066666;8875066666;1398;1386
474;8476817000;8375066666;8875066666;1400;1388
475;8476821000;8375066666;8875066666;1398;1386
476;8476825000;8416466666;8916466666;1400;1388
478;8476828000;8416466666;8916466666;1398;1386
479;8476836000;8416466666;8916466666;1400;1388
480;8476850000;8416466666;8916466666;1398;1386
481;8476853000;8416466666;8916466666;1400;1388
482;8476867000;8416466666;8916466666;1400;1388
483;8476871000;8416477777;8916477777;982;970
484;8518433000;8416788888;8916788888;1398;1386
485;8518441000;8416788888;8916788888;1400;1388
486;8518445000;8416788888;8916788888;1398;1386
488;8518448000;8458133333;8958133333;1400;1388
489;8518451000;8458133333;8958133333;1398;1386
490;8518486000;8458133333;8958133333;1400;1388
491;8518490000;8458133333;8958133333;1398;1386
492;8518493000;8458133333;8958133333;1400;1388
493;8518505000;8458133333;8958133333;1400;1388
494;8518509000;8458155555;8958155555;982;970
496;8560111000;8458444444;8958444444;1400;1388
497;8560120000;8458444444;8958444444;1398;1386
498;8560124000;8499800000;8999800000;1400;1388
499;8560127000;8499800000;8999800000;1400;1388
500;8560130000;8499800000;8999800000;1398;1386
501;8560133000;8499800000;8999800000;1400;1388
502;8560136000;8499800000;8999800000;1398;1386
503;8560139000;8499800000;8999800000;1400;1388
504;8560142000;8499800000;8999800000;1400;1388
505;8560145000;8499811111;8999811111;982;970
506;8601779000;8500100000;9000100000;1398;1386
507;8601787000;8500100000;9000100000;1400;1388
508;8601791000;8500100000;9000100000;1398;1386
510;8601794000;8541466666;9041466666;1400;1388
511;8601799000;8541466666;9041466666;1398;1386
512;8601813000;8541466666;9041466666;1400;1388
513;8601816000;8541466666;9041466666;1398;1386
514;8601825000;8541466666;9041466666;1400;1388
515;8601828000;8541466666;9041466666;1400;1388
516;8601832000;8541477777;9041477777;982;970
517;8643441000;8541777777;9041777777;1398;1386
518;8643450000;8541777777;9041777777;1400;1388
519;8643453000;8541777777;9041777777;1398;1386
520;8643457000;8583133333;9083133333;1400;1388
521;8643460000;8583133333;9083133333;1400;1388
525;8643463000;8583133333;9083133333;1400;1388
526;8643467000;8583133333;9083133333;1400;1388
527;8643470000;8583155555;9083155555;982;970
528;8685114000;8583444444;9083444444;1398;1386
529;8685132000;8583444444;9083444444;1400;1388
530;8685136000;8583444444;9083444444;1398;1386
531;8685139000;8624800000;9124800000;1400;1388
532;8685142000;8624800000;9124800000;1400;1388
533;8685146000;8624800000;9124800000;1398;1386
535;8685149000;8624800000;9124800000;1398;1386
536;8685152000;8624800000;9124800000;1400;1388
537;8685155000;8624800000;9124800000;1400;1388
538;8685158000;8624811111;9124811111;982;970
539;8726746000;8625077777;9125077777;1398;1386
540;8726755000;8625077777;9125077777;1400;1388
543;8726758000;8666433333;9166433333;1400;1388
544;8726762000;8666433333;9166433333;1398;1386
545;8726765000;8666433333;9166433333;1400;1388
546;8726768000;8666433333;9166433333;1398;1386
547;8726771000;8666433333;9166433333;1400;1388
548;8726774000;8666433333;9166433333;1400;1388
549;8726777000;8666444444;9166444444;982;970
550;8768449000;8666755555;9166755555;1398;1386
551;8768458000;8666755555;9166755555;1400;1388
552;8768461000;8666755555;9166755555;1398;1386
553;8768465000;8708133333;9208133333;1400;1388
554;8768469000;8708133333;9208133333;1400;1388
555;8768472000;8708133333;9208133333;1398;1386
556;8768475000;8708133333;9208133333;1400;1388
557;8768478000;8708133333;9208133333;1398;1386
558;8768481000;8708133333;9208133333;1400;1388
559;8768484000;8708133333;9208133333;1400;1388
560;8768487000;8708155555;9208155555;982;970
561;8810103000;8708422222;9208422222;1398;1386
563;8810112000;8708422222;9208422222;1398;1386
564;8810118000;8749800000;9249800000;1400;1388
565;8810132000;8749800000;9249800000;1400;1388
566;8810136000;8749800000;9249800000;1398;1386
567;8810140000;8749800000;9249800000;1400;1388
568;8810143000;8749800000;9249800000;1398;1386
569;8810147000;8749800000;9249800000;1400;1388
570;8810150000;8749800000;9249800000;1400;1388
571;8810163000;8749811111;9249811111;982;970
572;8851735000;8750100000;9250100000;1398;1386
574;8851744000;8750100000;9250100000;1398;1386
575;8851750000;8791433333;9291433333;1400;1388
576;8851764000;8791433333;9291433333;1400;1388
579;8851767000;8791433333;9291433333;1398;1386
580;8851772000;8791433333;9291433333;1400;1388
581;8851776000;8791433333;9291433333;1400;1388
582;8851779000;8791444444;9291444444;982;970
583;8893416000;8791744444;9291744444;1398;1386
584;8893425000;8791744444;9291744444;1400;1388
585;8893429000;8791744444;9291744444;1398;1386
586;8893432000;8833133333;9333133333;1400;1388
587;8893436000;8833133333;9333133333;1400;1388
588;8893439000;8833133333;9333133333;1398;1386
589;8893442000;8833133333;9333133333;1400;1388
590;8893455000;8833133333;9333133333;1398;1386
591;8893458000;8833133333;9333133333;1400;1388
592;8893462000;8833133333;9333133333;1400;1388
593;8893465000;8833155555;9333155555;982;970
594;8935126000;8833433333;9333433333;1398;1386
595;8935135000;8833433333;9333433333;1400;1388
596;8935138000;8833433333;9333433333;1398;1386
597;8935142000;8874800000;9374800000;1400;1388
598;8935145000;8874800000;9374800000;1400;1388
599;8935149000;8874800000;9374800000;1398;1386
600;8935152000;8874800000;9374800000;1400;1388
601;8935155000;8874800000;9374800000;1398;1386
602;8935158000;8874800000;9374800000;1400;1388
603;8935161000;8874800000;9374800000;1400;1388
604;8935165000;8874811111;9374811111;982;970
605;8976746000;8875100000;9375100000;1398;1386
606;8976755000;8875100000;9375100000;1400;1388
609;8976759000;8916466666;9416466666;1400;1388
610;8976766000;8916466666;9416466666;1398;1386
611;8976770000;8916466666;9416466666;1400;1388
612;8976773000;8916466666;9416466666;1398;1386
613;8976776000;8916466666;9416466666;1400;1388
614;8976780000;8916466666;9416466666;1400;1388
615;8976783000;8916477777;9416477777;982;970
616;9018436000;8916777777;9416777777;1398;1386
617;9018446000;8916777777;9416777777;1400;1388
618;9018450000;8916777777;9416777777;1398;1386
619;9018454000;8958133333;9458133333;1400;1388
620;9018457000;8958133333;9458133333;1400;1388
621;9018461000;8958133333;9458133333;1398;1386
622;9018464000;8958133333;9458133333;1400;1388
623;9018467000;8958133333;9458133333;1398;1386
624;9018471000;8958133333;9458133333;1400;1388
625;9018474000;8958133333;9458133333;1400;1388
626;9018478000;8958144444;9458144444;982;970
627;9060121000;8958433333;9458433333;1398;1386
628;9060129000;8958433333;9458433333;1400;1388
629;9060133000;8958433333;9458433333;1398;1386
630;9060136000;8999800000;9499800000;1400;1388
631;9060139000;8999800000;9499800000;1400;1388
633;9060142000;8999800000;9499800000;1400;1388
634;9060147000;8999800000;9499800000;1398;1386
635;9060161000;8999800000;9499800000;1400;1388
636;9060164000;8999800000;9499800000;1400;1388
637;9060174000;8999811111;9499811111;982;970
638;9101774000;9000122222;9500122222;1398;1386
639;9101783000;9000122222;9500122222;1400;1388
640;9101786000;9000122222;9500122222;1398;1386
641;9101789000;9041466666;9541466666;1400;1388
642;9101792000;9041466666;9541466666;1400;1388
643;9101796000;9041466666;9541466666;1398;1386
644;9101799000;9041466666;9541466666;1400;1388
645;9101802000;9041466666;9541466666;1398;1386
646;9101805000;9041466666;9541466666;1400;1388
647;9101808000;9041466666;9541466666;1400;1388
649;9143448000;9041766666;9541766666;1398;1386
650;9143469000;9041766666;9541766666;1400;1388
651;9143474000;9041766666;9541766666;1398;1386
652;9143477000;9083133333;9583133333;1400;1388
653;9143481000;9083133333;9583133333;1400;1388
654;9143484000;9083133333;9583133333;1398;1386
655;9143488000;9083133333;9583133333;1400;1388
657;9143500000;9083133333;9583133333;1400;1388
658;9143504000;9083133333;9583133333;1400;1388
659;9143507000;9083155555;9583155555;982;970
660;9185104000;9083444444;9583444444;1398;1386
661;9185113000;9083444444;9583444444;1400;1388
662;9185116000;9083444444;9583444444;1398;1386
663;9185120000;9124800000;9624800000;1400;1388
664;9185123000;9124800000;9624800000;1400;1388
665;9185126000;9124800000;9624800000;1398;1386
666;9185130000;9124800000;9624800000;1400;1388
667;9185133000;9124800000;9624800000;1398;1386
668;9185136000;9124800000;9624800000;1400;1388
669;9185139000;9124800000;9624800000;1400;1388
670;9185142000;9124811111;9624811111;982;970
671;9226769000;9125088888;9625088888;1398;1386
672;9226778000;9125088888;9625088888;1400;1388
673;9226782000;9125088888;9625088888;1398;1386
674;9226785000;9166466666;9666466666;1400;1388
675;9226789000;9166466666;9666466666;1400;1388
676;9226792000;9166466666;9666466666;1398;1386
677;9226795000;9166466666;9666466666;1400;1388
678;9226798000;9166466666;9666466666;1398;1386
679;9226801000;9166466666;9666466666;1400;1388
680;9226804000;9166466666;9666466666;1400;1388
681;9226808000;9166477777;9666477777;982;970
682;9268413000;9166788888;9666788888;1398;1386
683;9268422000;9166788888;9666788888;1400;1388
684;9268425000;9166788888;9666788888;1398;1386
685;9268429000;9208133333;9708133333;1400;1388
686;9268432000;9208133333;9708133333;1400;1388
687;9268436000;9208133333;9708133333;1398;1386
688;9268439000;9208133333;9708133333;1400;1388
690;9268441000;9208133333;9708133333;1400;1388
692;9268447000;9208155555;9708155555;982;970
693;9310125000;9208444444;9708444444;1398;1386
694;9310134000;9208444444;9708444444;1400;1388
695;9310138000;9208444444;9708444444;1398;1386
696;9310141000;9249800000;9749800000;1400;1388
697;9310145000;9249800000;9749800000;1400;1388
698;9310148000;9249800000;9749800000;1398;1386
699;9310151000;9249800000;9749800000;1400;1388
701;9310155000;9249800000;9749800000;1400;1388
702;9310158000;9249800000;9749800000;1400;1388
703;9310162000;9249811111;9749811111;982;970
704;9351745000;9250122222;9750122222;1398;1386
705;9351754000;9250122222;9750122222;1400;1388
706;9351758000;9250122222;9750122222;1398;1386
707;9351761000;9291466666;9791466666;1400;1388
708;9351764000;9291466666;9791466666;1400;1388
709;9351768000;9291466666;9791466666;1398;1386
711;9351771000;9291466666;9791466666;1398;1386
713;9351774000;9291466666;9791466666;1400;1388
714;9351778000;9291477777;9791477777;982;970
715;9393436000;9291766666;9791766666;1398;1386
716;9393445000;9291766666;9791766666;1400;1388
717;9393449000;9291766666;9791766666;1398;1386
718;9393452000;9333133333;9833133333;1400;1388
719;9393456000;9333133333;9833133333;1400;1388
720;9393459000;9333133333;9833133333;1398;1386
721;9393463000;9333133333;9833133333;1400;1388
722;9393466000;9333133333;9833133333;1398;1386
723;9393469000;9333133333;9833133333;1400;1388
724;9393472000;9333133333;9833133333;1400;1388
725;9393475000;9333155555;9833155555;982;970
726;9435102000;9333422222;9833422222;1398;1386
728;9435111000;9333422222;9833422222;1398;1386
729;9435118000;9374800000;9874800000;1400;1388
730;9435121000;9374800000;9874800000;1400;1388
731;9435125000;9374800000;9874800000;1398;1386
732;9435128000;9374800000;9874800000;1400;1388
733;9435132000;9374800000;9874800000;1398;1386
734;9435135000;9374800000;9874800000;1400;1388
735;9435138000;9374800000;9874800000;1400;1388
736;9435141000;9374811111;9874811111;982;970
739;9476781000;9375077777;9875077777;1398;1386
740;9476819000;9416433333;9916433333;1400;1388
741;9476831000;9416433333;9916433333;1400;1388
742;9476834000;9416433333;9916433333;1398;1386
743;9476839000;9416433333;9916433333;1400;1388
744;9476855000;9416433333;9916433333;1398;1386
745;9476858000;9416433333;9916433333;1400;1388
746;9476861000;9416433333;9916433333;1400;1388
747;9476865000;9416444444;9916444444;982;970
748;9518470000;9416755555;9916755555;1398;1386
749;9518483000;9416755555;9916755555;1400;1388
750;9518487000;9416755555;9916755555;1398;1386
751;9518490000;9458133333;9958133333;1400;1388
752;9518493000;9458133333;9958133333;1400;1388
753;9518497000;9458133333;9958133333;1398;1386
754;9518500000;9458133333;9958133333;1400;1388
755;9518503000;9458133333;9958133333;1398;1386
756;9518506000;9458133333;9958133333;1400;1388
757;9518510000;9458133333;9958133333;1400;1388
758;9518513000;9458155555;9958155555;982;970
759;9560076000;9458444444;9958444444;1398;1386
760;9560086000;9458444444;9958444444;1400;1388
761;9560089000;9458444444;9958444444;1398;1386
763;9560093000;9499800000;9999800000;1400;1388
764;9560099000;9499800000;9999800000;1398;1386
765;9560113000;9499800000;9999800000;1400;1388
766;9560116000;9499800000;9999800000;1398;1386
767;9560125000;9499800000;9999800000;1400;1388
768;9560129000;9499800000;9999800000;1400;1388
769;9560132000;9499822222;9999822222;982;970
770;9601770000;9500122222;10000122222;1398;1386
771;9601779000;9500122222;10000122222;1400;1388
772;9601783000;9500122222;10000122222;1398;1386
773;9601786000;9541466666;10041466666;1400;1388
774;9601790000;9541466666;10041466666;1400;1388
775;9601793000;9541466666;10041466666;1398;1386
776;9601797000;9541466666;10041466666;1400;1388
777;9601800000;9541466666;10041466666;1398;1386
778;9601813000;9541466666;10041466666;1400;1388
779;9601816000;9541466666;10041466666;1400;1388
780;9601820000;9541477777;10041477777;982;970
781;9643400000;9541788888;10041788888;1398;1386
782;9643408000;9541788888;10041788888;1400;1388
783;9643412000;9541788888;10041788888;1398;1386
784;9643415000;9583100000;10083100000;1400;1388
785;9643418000;9583100000;10083100000;1400;1388
786;9643421000;9583100000;10083100000;1398;1386
787;9643424000;9583100000;10083100000;1400;1388
788;9643427000;9583100000;10083100000;1398;1386
789;9643430000;9583100000;10083100000;1400;1388
790;9643434000;9583100000;10083100000;1400;1388
791;9643437000;9583111111;10083111111;982;970
792;9685124000;9583422222;10083422222;1398;1386
793;9685145000;9583422222;10083422222;1400;1388
794;9685149000;9583422222;10083422222;1398;1386
795;9685152000;9624800000;10124800000;1400;1388
796;9685164000;9624800000;10124800000;1400;1388
797;9685167000;9624800000;10124800000;1398;1386
798;9685170000;9624800000;10124800000;1400;1388
799;9685173000;9624800000;10124800000;1398;1386
800;9685176000;9624800000;10124800000;1400;1388
802;9685179000;9624811111;10124811111;982;970
803;9726779000;9625088888;10125088888;1398;1386
804;9726787000;9625088888;10125088888;1400;1388
805;9726791000;9625088888;10125088888;1398;1386
806;9726794000;9666466666;10166466666;1400;1388
807;9726797000;9666466666;10166466666;1400;1388
808;9726800000;9666466666;10166466666;1398;1386
809;9726803000;9666466666;10166466666;1400;1388
810;9726807000;9666466666;10166466666;1398;1386
811;9726810000;9666466666;10166466666;1400;1388
812;9726813000;9666466666;10166466666;1400;1388
813;9726816000;9666477777;10166477777;982;970
814;9768448000;9666800000;10166800000;1398;1386
815;9768458000;9666800000;10166800000;1400;1388
817;9768462000;9708133333;10208133333;1400;1388
818;9768468000;9708133333;10208133333;1400;1388
819;9768482000;9708133333;10208133333;1398;1386
820;9768485000;9708133333;10208133333;1400;1388
821;9768494000;9708133333;10208133333;1398;1386
822;9768497000;9708133333;10208133333;1400;1388
823;9768501000;9708133333;10208133333;1400;1388
824;9768504000;9708155555;10208155555;982;970
825;9810100000;9708433333;10208433333;1398;1386
826;9810109000;9708433333;10208433333;1400;1388
827;9810112000;9708433333;10208433333;1398;1386
828;9810116000;9749800000;10249800000;1400;1388
829;9810119000;9749800000;10249800000;1400;1388
831;9810122000;9749800000;10249800000;1400;1388
832;9810126000;9749800000;10249800000;1398;1386
833;9810129000;9749800000;10249800000;1400;1388
834;9810132000;9749800000;10249800000;1400;1388
836;9851762000;9750111111;10250111111;1398;1386
837;9851771000;9750111111;10250111111;1400;1388
838;9851775000;9750111111;10250111111;1398;1386
839;9851778000;9791466666;10291466666;1400;1388
840;9851781000;9791466666;10291466666;1400;1388
841;9851784000;9791466666;10291466666;1398;1386
842;9851787000;9791466666;10291466666;1400;1388
843;9851790000;9791466666;10291466666;1398;1386
844;9851793000;9791466666;10291466666;1400;1388
845;9851796000;9791466666;10291466666;1400;1388
846;9851799000;9791477777;10291477777;982;970
847;9893442000;9791788888;10291788888;1398;1386
848;9893451000;9791788888;10291788888;1400;1388
849;9893455000;9791788888;10291788888;1398;1386
850;9893458000;9833133333;10333133333;1400;1388
851;9893461000;9833133333;10333133333;1400;1388
852;9893464000;9833133333;10333133333;1398;1386
853;9893467000;9833133333;10333133333;1400;1388
854;9893470000;9833133333;10333133333;1398;1386
855;9893473000;9833133333;10333133333;1400;1388
856;9893476000;9833133333;10333133333;1400;1388
858;9935116000;9833444444;10333444444;1398;1386
859;9935137000;9833444444;10333444444;1400;1388
860;9935142000;9833444444;10333444444;1398;1386
863;9935145000;9874800000;10374800000;1398;1386
864;9935149000;9874800000;10374800000;1400;1388
865;9935153000;9874800000;10374800000;1398;1386
866;9935156000;9874800000;10374800000;1400;1388
867;9935169000;9874800000;10374800000;1400;1388
868;9935172000;9874811111;10374811111;982;970
869;9976761000;9875100000;10375100000;1398;1386
870;9976769000;9875100000;10375100000;1400;1388
871;9976781000;9875100000;10375100000;1398;1386
872;9976785000;9916466666;10416466666;1400;1388
873;9976788000;9916466666;10416466666;1400;1388
875;9976791000;9916466666;10416466666;1400;1388
876;9976795000;9916466666;10416466666;1398;1386
880;10018442000;9916777777;10416777777;1398;1386
881;10018451000;9916777777;10416777777;1400;1388
882;10018455000;9916777777;10416777777;1398;1386
883;10018458000;9958133333;10458133333;1400;1388
884;10018461000;9958133333;10458133333;1400;1388
885;10018464000;9958133333;10458133333;1398;1386
886;10018467000;9958133333;10458133333;1400;1388
887;10018470000;9958133333;10458133333;1398;1386
888;10018473000;9958133333;10458133333;1400;1388
889;10018476000;9958133333;10458133333;1400;1388
890;10018479000;9958155555;10458155555;982;970
891;10060114000;9958444444;10458444444;1398;1386
894;10060123000;9999800000;10499800000;1400;1388
895;10060129000;9999800000;10499800000;1400;1388
896;10060143000;9999800000;10499800000;1398;1386
897;10060147000;9999800000;10499800000;1400;1388
898;10060150000;9999800000;10499800000;1398;1386
900;10060154000;9999800000;10499800000;1400;1388
901;10060157000;9999811111;10499811111;982;970
902;10101739000;10000133333;10500133333;1398;1386
903;10101748000;10000133333;10500133333;1400;1388
904;10101752000;10000133333;10500133333;1398;1386
905;10101755000;10041433333;10541433333;1400;1388
906;10101758000;10041433333;10541433333;1400;1388
907;10101762000;10041433333;10541433333;1398;1386
908;10101765000;10041433333;10541433333;1400;1388
910;10101769000;10041433333;10541433333;1400;1388
911;10101773000;10041433333;10541433333;1400;1388
912;10101776000;10041444444;10541444444;982;970
913;10143429000;10041755555;10541755555;1398;1386
915;10143437000;10041755555;10541755555;1398;1386
916;10143442000;10083133333;10583133333;1400;1388
917;10143445000;10083133333;10583133333;1400;1388
918;10143448000;10083133333;10583133333;1398;1386
919;10143451000;10083133333;10583133333;1400;1388
920;10143454000;10083133333;10583133333;1398;1386
921;10143457000;10083133333;10583133333;1400;1388
922;10143460000;10083133333;10583133333;1400;1388
923;10143463000;10083144444;10583144444;982;970
924;10185109000;10083444444;10583444444;1398;1386
925;10185118000;10083444444;10583444444;1400;1388
926;10185121000;10083444444;10583444444;1398;1386
927;10185125000;10124800000;10624800000;1400;1388
928;10185128000;10124800000;10624800000;1400;1388
930;10185131000;10124800000;10624800000;1400;1388
931;10185136000;10124800000;10624800000;1398;1386
932;10185149000;10124800000;10624800000;1400;1388
933;10185152000;10124800000;10624800000;1400;1388
934;10185163000;10124811111;10624811111;982;970
935;10226776000;10125088888;10625088888;1398;1386
936;10226785000;10125088888;10625088888;1400;1388
937;10226788000;10125088888;10625088888;1398;1386
938;10226791000;10166466666;10666466666;1400;1388
939;10226795000;10166466666;10666466666;1400;1388
940;10226797000;10166466666;10666466666;1398;1386
941;10226801000;10166466666;10666466666;1400;1388
942;10226803000;10166466666;10666466666;1398;1386
943;10226807000;10166466666;10666466666;1400;1388
944;10226809000;10166466666;10666466666;1400;1388
945;10226813000;10166477777;10666477777;982;970
946;10268449000;10166788888;10666788888;1398;1386
947;10268459000;10166788888;10666788888;1400;1388
948;10268463000;10166788888;10666788888;1398;1386
949;10268466000;10208133333;10708133333;1400;1388
952;10268469000;10208133333;10708133333;1400;1388
953;10268478000;10208133333;10708133333;1398;1386
954;10268482000;10208133333;10708133333;1400;1388
955;10268485000;10208133333;10708133333;1400;1388
956;10268489000;10208144444;10708144444;982;970
957;10310099000;10208455555;10708455555;1398;1386
958;10310108000;10208455555;10708455555;1400;1388
961;10310112000;10249800000;10749800000;1400;1388
962;10310116000;10249800000;10749800000;1398;1386
963;10310119000;10249800000;10749800000;1400;1388
964;10310122000;10249800000;10749800000;1398;1386
965;10310125000;10249800000;10749800000;1400;1388
966;10310128000;10249800000;10749800000;1400;1388
969;10351741000;10250133333;10750133333;1400;1388
970;10351758000;10250133333;10750133333;1398;1386
971;10351762000;10291433333;10791433333;1400;1388
972;10351766000;10291433333;10791433333;1400;1388
973;10351769000;10291433333;10791433333;1398;1386
974;10351772000;10291433333;10791433333;1400;1388
975;10351775000;10291433333;10791433333;1398;1386
976;10351778000;10291433333;10791433333;1400;1388
977;10351782000;10291433333;10791433333;1400;1388
980;10393436000;10291766666;10791766666;1400;1388
981;10393457000;10291766666;10791766666;1398;1386
982;10393462000;10333133333;10833133333;1400;1388
983;10393465000;10333133333;10833133333;1400;1388
984;10393469000;10333133333;10833133333;1398;1386
985;10393472000;10333133333;10833133333;1400;1388
986;10393475000;10333133333;10833133333;1398;1386
987;10393488000;10333133333;10833133333;1400;1388
988;10393492000;10333133333;10833133333;1400;1388
989;10393495000;10333155555;10833155555;982;970
990;10435095000;10333433333;10833433333;1398;1386
991;10435103000;10333433333;10833433333;1400;1388
992;10435107000;10333433333;10833433333;1398;1386
993;10435110000;10374800000;10874800000;1400;1388
994;10435113000;10374800000;10874800000;1400;1388
995;10435116000;10374800000;10874800000;1398;1386
996;10435119000;10374800000;10874800000;1400;1388
997;10435122000;10374800000;10874800000;1398;1386
998;10435125000;10374800000;10874800000;1400;1388
999;10435128000;10374800000;10874800000;1400;1388
1000;10435131000;10374811111;10874811111;982;970
1001;10476784000;10375088888;10875088888;1398;1386
1002;10476796000;10375088888;10875088888;1400;1388
1003;10476799000;10375088888;10875088888;1398;1386
1004;10476803000;10416466666;10916466666;1400;1388
1006;10476807000;10416466666;10916466666;1398;1386
1007;10476812000;10416466666;10916466666;1400;1388
1008;10476826000;10416466666;10916466666;1398;1386
1009;10476829000;10416466666;10916466666;1400;1388
1010;10476842000;10416466666;10916466666;1400;1388
1011;10476846000;10416477777;10916477777;982;970
1012;10518446000;10416800000;10916800000;1398;1386
1013;10518455000;10416800000;10916800000;1400;1388
1014;10518459000;10416800000;10916800000;1398;1386
1015;10518463000;10458133333;10958133333;1400;1388
1016;10518466000;10458133333;10958133333;1400;1388
1017;10518469000;10458133333;10958133333;1398;1386
1018;10518472000;10458133333;10958133333;1400;1388
1019;10518476000;10458133333;10958133333;1398;1386
1021;10518479000;10458133333;10958133333;1400;1388
1022;10518482000;10458155555;10958155555;982;970
1023;10560101000;10458455555;10958455555;1398;1386
1024;10560110000;10458455555;10958455555;1400;1388
1025;10560114000;10458455555;10958455555;1398;1386
1026;10560117000;10499800000;10999800000;1400;1388
1027;10560120000;10499800000;10999800000;1400;1388
1028;10560123000;10499800000;10999800000;1398;1386
1030;10560126000;10499800000;10999800000;1398;1386
1031;10560130000;10499800000;10999800000;1400;1388
1032;10560133000;10499800000;10999800000;1400;1388
1033;10560136000;10499811111;10999811111;982;970
1034;10601771000;10500111111;11000111111;1398;1386
1035;10601779000;10500111111;11000111111;1400;1388
1036;10601783000;10500111111;11000111111;1398;1386
1037;10601787000;10541466666;11041466666;1400;1388
1038;10601790000;10541466666;11041466666;1400;1388
1039;10601793000;10541466666;11041466666;1398;1386
1040;10601797000;10541466666;11041466666;1400;1388
1041;10601800000;10541466666;11041466666;1398;1386
1042;10601804000;10541466666;11041466666;1400;1388
1043;10601807000;10541466666;11041466666;1400;1388
1044;10601810000;10541477777;11041477777;982;970
1045;10643438000;10541800000;11041800000;1398;1386
1046;10643448000;10541800000;11041800000;1400;1388
1047;10643452000;10541800000;11041800000;1398;1386
1048;10643456000;10583133333;11083133333;1400;1388
1049;10643460000;10583133333;11083133333;1400;1388
1050;10643463000;10583133333;11083133333;1398;1386
1051;10643466000;10583133333;11083133333;1400;1388
1052;10643470000;10583133333;11083133333;1398;1386
1053;10643473000;10583133333;11083133333;1400;1388
1054;10643477000;10583133333;11083133333;1400;1388
1056;10685104000;10583433333;11083433333;1398;1386
1057;10685166000;10583433333;11083433333;1400;1388
1058;10685170000;10583433333;11083433333;1398;1386
1059;10685174000;10624800000;11124800000;1400;1388
1060;10685177000;10624800000;11124800000;1400;1388
1062;10685181000;10624800000;11124800000;1400;1388
1063;10685185000;10624800000;11124800000;1398;1386
1064;10685188000;10624800000;11124800000;1400;1388
1065;10685191000;10624800000;11124800000;1400;1388
1066;10685195000;10624811111;11124811111;982;970
1067;10726767000;10625066666;11125066666;1398;1386
1068;10726776000;10625066666;11125066666;1400;1388
1069;10726779000;10625066666;11125066666;1398;1386
1070;10726782000;10666466666;11166466666;1400;1388
1072;10726786000;10666466666;11166466666;1398;1386
1073;10726789000;10666466666;11166466666;1400;1388
1074;10726792000;10666466666;11166466666;1398;1386
1075;10726795000;10666466666;11166466666;1400;1388
1076;10726798000;10666466666;11166466666;1400;1388
1077;10726801000;10666477777;11166477777;982;970
1079;10768446000;10666777777;11166777777;1400;1388
1080;10768455000;10666777777;11166777777;1398;1386
1081;10768458000;10708133333;11208133333;1400;1388
1082;10768462000;10708133333;11208133333;1400;1388
1083;10768465000;10708133333;11208133333;1398;1386
1084;10768468000;10708133333;11208133333;1400;1388
1085;10768471000;10708133333;11208133333;1398;1386
1086;10768474000;10708133333;11208133333;1400;1388
1087;10768477000;10708133333;11208133333;1400;1388
1088;10768480000;10708155555;11208155555;982;970
1089;10810117000;10708433333;11208433333;1398;1386
1090;10810126000;10708433333;11208433333;1400;1388
1091;10810129000;10708433333;11208433333;1398;1386
1092;10810133000;10749800000;11249800000;1400;1388
1093;10810136000;10749800000;11249800000;1400;1388
1095;10810140000;10749800000;11249800000;1400;1388
1096;10810145000;10749800000;11249800000;1398;1386
1097;10810159000;10749800000;11249800000;1400;1388
1098;10810163000;10749800000;11249800000;1400;1388
1099;10810166000;10749811111;11249811111;982;970
1100;10851765000;10750088888;11250088888;1398;1386
1101;10851774000;10750088888;11250088888;1400;1388
1102;10851778000;10750088888;11250088888;1398;1386
1103;10851781000;10791466666;11291466666;1400;1388
1104;10851784000;10791466666;11291466666;1400;1388
1105;10851788000;10791466666;11291466666;1398;1386
1106;10851791000;10791466666;11291466666;1400;1388
1107;10851794000;10791466666;11291466666;1398;1386
1108;10851797000;10791466666;11291466666;1400;1388
1109;10851800000;10791466666;11291466666;1400;1388
1110;10851803000;10791477777;11291477777;982;970
1111;10893437000;10791766666;11291766666;1398;1386
1112;10893446000;10791766666;11291766666;1400;1388
1113;10893451000;10791766666;11291766666;1398;1386
1114;10893454000;10833133333;11333133333;1400;1388
1115;10893458000;10833133333;11333133333;1400;1388
1116;10893462000;10833133333;11333133333;1398;1386
1117;10893465000;10833133333;11333133333;1400;1388
1118;10893468000;10833133333;11333133333;1398;1386
1119;10893472000;10833133333;11333133333;1400;1388
1120;10893475000;10833133333;11333133333;1400;1388
1121;10893479000;10833155555;11333155555;982;970
1122;10935099000;10833433333;11333433333;1398;1386
1123;10935109000;10833433333;11333433333;1400;1388
1124;10935113000;10833433333;11333433333;1398;1386
1125;10935116000;10874800000;11374800000;1400;1388
1126;10935120000;10874800000;11374800000;1400;1388
1127;10935123000;10874800000;11374800000;1398;1386
1128;10935126000;10874800000;11374800000;1400;1388
1133;10976738000;10875077777;11375077777;1398;1386
1134;10976750000;10875077777;11375077777;1400;1388
1135;10976755000;10875077777;11375077777;1398;1386
1136;10976759000;10916433333;11416433333;1400;1388
1137;10976763000;10916433333;11416433333;1400;1388
1139;10976766000;10916433333;11416433333;1400;1388
1141;10976770000;10916433333;11416433333;1400;1388
1142;10976773000;10916433333;11416433333;1400;1388
1143;10976777000;10916444444;11416444444;982;970
1144;11018431000;10916744444;11416744444;1398;1386
1145;11018439000;10916744444;11416744444;1400;1388
1146;11018443000;10916744444;11416744444;1398;1386
1147;11018454000;10958133333;11458133333;1400;1388
1148;11018458000;10958133333;11458133333;1400;1388
1149;11018461000;10958133333;11458133333;1398;1386
1150;11018464000;10958133333;11458133333;1400;1388
1151;11018468000;10958133333;11458133333;1398;1386
1152;11018471000;10958133333;11458133333;1400;1388
1153;11018474000;10958133333;11458133333;1400;1388
1154;11018477000;10958155555;11458155555;982;970
1155;11060109000;10958422222;11458422222;1398;1386
1156;11060117000;10958422222;11458422222;1400;1388
1157;11060121000;10958422222;11458422222;1398;1386
1158;11060124000;10999800000;11499800000;1400;1388
1159;11060127000;10999800000;11499800000;1400;1388
1160;11060130000;10999800000;11499800000;1398;1386
1161;11060133000;10999800000;11499800000;1400;1388
1162;11060136000;10999800000;11499800000;1398;1386
1163;11060139000;10999800000;11499800000;1400;1388
1164;11060142000;10999800000;11499800000;1400;1388
1165;11060145000;10999811111;11499811111;982;970
1166;11101752000;11000111111;11500111111;1398;1386
1167;11101761000;11000111111;11500111111;1400;1388
1168;11101765000;11000111111;11500111111;1398;1386
1169;11101768000;11041433333;11541433333;1400;1388
1170;11101772000;11041433333;11541433333;1400;1388
1171;11101775000;11041433333;11541433333;1398;1386
1172;11101779000;11041433333;11541433333;1400;1388
1173;11101782000;11041433333;11541433333;1398;1386
1174;11101785000;11041433333;11541433333;1400;1388
1175;11101788000;11041433333;11541433333;1400;1388
1176;11101791000;11041444444;11541444444;982;970
1177;11143436000;11041733333;11541733333;1398;1386
1178;11143445000;11041733333;11541733333;1400;1388
1179;11143449000;11041733333;11541733333;1398;1386
1180;11143453000;11083133333;11583133333;1400;1388
1181;11143456000;11083133333;11583133333;1400;1388
1182;11143459000;11083133333;11583133333;1398;1386
1183;11143462000;11083133333;11583133333;1400;1388
1184;11143466000;11083133333;11583133333;1398;1386
1185;11143469000;11083133333;11583133333;1400;1388
1186;11143472000;11083133333;11583133333;1400;1388
1187;11143476000;11083144444;11583144444;982;970
1188;11185101000;11083444444;11583444444;1398;1386
1189;11185111000;11083444444;11583444444;1400;1388
1190;11185115000;11083444444;11583444444;1398;1386
1191;11185119000;11124800000;11624800000;1400;1388
1192;11185122000;11124800000;11624800000;1400;1388
1193;11185126000;11124800000;11624800000;1398;1386
1194;11185129000;11124800000;11624800000;1400;1388
1196;11185133000;11124800000;11624800000;1400;1388
1197;11185139000;11124800000;11624800000;1400;1388
1198;11185143000;11124811111;11624811111;982;970
1200;11226736000;11125066666;11625066666;1400;1388
1201;11226746000;11125066666;11625066666;1398;1386
1202;11226750000;11166433333;11666433333;1400;1388
1203;11226754000;11166433333;11666433333;1400;1388
1204;11226757000;11166433333;11666433333;1398;1386
1207;11226761000;11166433333;11666433333;1400;1388
1208;11226764000;11166433333;11666433333;1400;1388
1209;11226768000;11166444444;11666444444;982;970
1210;11268435000;11166755555;11666755555;1398;1386
1211;11268444000;11166755555;11666755555;1400;1388
1212;11268448000;11166755555;11666755555;1398;1386
1213;11268452000;11208133333;11708133333;1400;1388
1214;11268456000;11208133333;11708133333;1400;1388
1215;11268459000;11208133333;11708133333;1398;1386
1216;11268463000;11208133333;11708133333;1400;1388
1217;11268466000;11208133333;11708133333;1398;1386
1218;11268469000;11208133333;11708133333;1400;1388
1219;11268473000;11208133333;11708133333;1400;1388
1220;11268476000;11208155555;11708155555;982;970
1221;11310103000;11208433333;11708433333;1398;1386
1222;11310112000;11208433333;11708433333;1400;1388
1223;11310115000;11208433333;11708433333;1398;1386
1224;11310118000;11249800000;11749800000;1400;1388
1225;11310122000;11249800000;11749800000;1400;1388
1226;11310125000;11249800000;11749800000;1398;1386
1227;11310129000;11249800000;11749800000;1400;1388
1228;11310132000;11249800000;11749800000;1398;1386
1229;11310135000;11249800000;11749800000;1400;1388
1230;11310138000;11249800000;11749800000;1400;1388
1231;11310142000;11249811111;11749811111;982;970
1232;11351764000;11250111111;11750111111;1398;1386
1233;11351773000;11250111111;11750111111;1400;1388
1234;11351777000;11250111111;11750111111;1398;1386
1237;11351780000;11291466666;11791466666;1398;1386
1238;11351786000;11291466666;11791466666;1400;1388
1239;11351800000;11291466666;11791466666;1398;1386
1240;11351803000;11291466666;11791466666;1400;1388
1241;11351812000;11291466666;11791466666;1400;1388
1243;11393435000;11291755555;11791755555;1398;1386
1244;11393445000;11291755555;11791755555;1400;1388
1245;11393449000;11291755555;11791755555;1398;1386
1246;11393453000;11333133333;11833133333;1400;1388
1247;11393456000;11333133333;11833133333;1400;1388
1248;11393459000;11333133333;11833133333;1398;1386
1249;11393463000;11333133333;11833133333;1400;1388
1250;11393466000;11333133333;11833133333;1398;1386
1251;11393469000;11333133333;11833133333;1400;1388
1252;11393472000;11333133333;11833133333;1400;1388
1253;11393475000;11333144444;11833144444;982;970
1254;11435098000;11333422222;11833422222;1398;1386
1259;11435106000;11374800000;11874800000;1398;1386
1260;11435123000;11374800000;11874800000;1400;1388
1261;11435127000;11374800000;11874800000;1398;1386
1262;11435131000;11374800000;11874800000;1400;1388
1263;11435135000;11374800000;11874800000;1400;1388
1264;11435138000;11374811111;11874811111;982;970
1265;11476736000;11375066666;11875066666;1398;1386
1266;11476745000;11375066666;11875066666;1400;1388
1267;11476749000;11375066666;11875066666;1398;1386
1268;11476753000;11416433333;11916433333;1400;1388
1271;11476756000;11416433333;11916433333;1400;1388
1272;11476760000;11416433333;11916433333;1398;1386
1273;11476763000;11416433333;11916433333;1400;1388
1274;11476766000;11416433333;11916433333;1400;1388
1275;11476769000;11416444444;11916444444;982;970
1276;11518450000;11416755555;11916755555;1398;1386
1278;11518458000;11416755555;11916755555;1398;1386
1279;11518462000;11458133333;11958133333;1400;1388
1280;11518465000;11458133333;11958133333;1400;1388
1281;11518468000;11458133333;11958133333;1398;1386
1282;11518471000;11458133333;11958133333;1400;1388
1283;11518474000;11458133333;11958133333;1398;1386
1284;11518477000;11458133333;11958133333;1400;1388
1285;11518480000;11458133333;11958133333;1400;1388
1286;11518483000;11458144444;11958144444;982;970
1287;11560099000;11458433333;11958433333;1398;1386
1288;11560108000;11458433333;11958433333;1400;1388
1289;11560111000;11458433333;11958433333;1398;1386
1290;11560114000;11499800000;11999800000;1400;1388
1291;11560117000;11499800000;11999800000;1400;1388
1292;11560120000;11499800000;11999800000;1398;1386
1293;11560123000;11499800000;11999800000;1400;1388
1294;11560126000;11499800000;11999800000;1398;1386
1295;11560129000;11499800000;11999800000;1400;1388
1298;11601744000;11500100000;12000100000;1398;1386
1299;11601765000;11500100000;12000100000;1400;1388
1300;11601769000;11500100000;12000100000;1398;1386
1301;11601772000;11541433333;12041433333;1400;1388
1302;11601775000;11541433333;12041433333;1400;1388
1303;11601778000;11541433333;12041433333;1398;1386
1304;11601781000;11541433333;12041433333;1400;1388
1305;11601794000;11541433333;12041433333;1398;1386
1306;11601797000;11541433333;12041433333;1400;1388
1307;11601800000;11541433333;12041433333;1400;1388
1308;11601803000;11541444444;12041444444;982;970
1309;11643444000;11541755555;12041755555;1398;1386
1310;11643452000;11541755555;12041755555;1400;1388
1311;11643456000;11541755555;12041755555;1398;1386
1312;11643459000;11583133333;12083133333;1400;1388
1313;11643462000;11583133333;12083133333;1400;1388
1314;11643465000;11583133333;12083133333;1398;1386
1315;11643468000;11583133333;12083133333;1400;1388
1316;11643471000;11583133333;12083133333;1398;1386
1317;11643474000;11583133333;12083133333;1400;1388
1318;11643477000;11583133333;12083133333;1400;1388
1319;11643480000;11583155555;12083155555;982;970
1320;11685126000;11583444444;12083444444;1398;1386
1322;11685147000;11583444444;12083444444;1398;1386
1323;11685163000;11624800000;12124800000;1400;1388
1324;11685166000;11624800000;12124800000;1400;1388
1325;11685180000;11624800000;12124800000;1398;1386
1326;11685191000;11624800000;12124800000;1400;1388
1327;11685196000;11624800000;12124800000;1398;1386
1328;11685199000;11624800000;12124800000;1400;1388
1330;11685202000;11624811111;12124811111;982;970
1331;11726775000;11625077777;12125077777;1398;1386
1332;11726784000;11625077777;12125077777;1400;1388
1333;11726787000;11625077777;12125077777;1398;1386
1334;11726790000;11666466666;12166466666;1400;1388
1335;11726794000;11666466666;12166466666;1400;1388
1337;11726797000;11666466666;12166466666;1400;1388
1338;11726801000;11666466666;12166466666;1398;1386
1339;11726804000;11666466666;12166466666;1400;1388
1340;11726807000;11666466666;12166466666;1400;1388
1341;11726810000;11666477777;12166477777;982;970
1342;11768445000;11666788888;12166788888;1398;1386
1343;11768453000;11666788888;12166788888;1400;1388
1344;11768457000;11666788888;12166788888;1398;1386
1345;11768460000;11708133333;12208133333;1400;1388
1346;11768463000;11708133333;12208133333;1400;1388
1347;11768467000;11708133333;12208133333;1398;1386
1348;11768470000;11708133333;12208133333;1400;1388
1349;11768473000;11708133333;12208133333;1398;1386
1350;11768476000;11708133333;12208133333;1400;1388
1352;11768479000;11708144444;12208144444;982;970
1353;11810110000;11708422222;12208422222;1398;1386
1354;11810119000;11708422222;12208422222;1400;1388
1355;11810122000;11708422222;12208422222;1398;1386
1356;11810126000;11749800000;12249800000;1400;1388
1357;11810129000;11749800000;12249800000;1400;1388
1358;11810132000;11749800000;12249800000;1398;1386
1359;11810136000;11749800000;12249800000;1400;1388
1360;11810139000;11749800000;12249800000;1398;1386
1361;11810142000;11749800000;12249800000;1400;1388
1362;11810145000;11749800000;12249800000;1400;1388
1364;11851736000;11750100000;12250100000;1398;1386
1365;11851747000;11750100000;12250100000;1400;1388
1366;11851751000;11750100000;12250100000;1398;1386
1367;11851754000;11791433333;12291433333;1400;1388
1368;11851758000;11791433333;12291433333;1400;1388
1369;11851761000;11791433333;12291433333;1398;1386
1370;11851764000;11791433333;12291433333;1400;1388
1371;11851767000;11791433333;12291433333;1398;1386
1372;11851770000;11791433333;12291433333;1400;1388
1373;11851773000;11791433333;12291433333;1400;1388
1374;11851776000;11791444444;12291444444;982;970
1375;11893428000;11791755555;12291755555;1398;1386
1376;11893437000;11791755555;12291755555;1400;1388
1377;11893440000;11791755555;12291755555;1398;1386
1378;11893444000;11833133333;12333133333;1400;1388
1379;11893447000;11833133333;12333133333;1400;1388
1380;11893451000;11833133333;12333133333;1398;1386
1381;11893454000;11833133333;12333133333;1400;1388
1383;11893457000;11833133333;12333133333;1400;1388
1384;11893462000;11833133333;12333133333;1400;1388
1391;11935126000;11874800000;12374800000;1398;1386
1392;11935136000;11874800000;12374800000;1400;1388
1394;11935139000;11874800000;12374800000;1400;1388
1396;11935144000;11874811111;12374811111;982;970
1397;11976766000;11875088888;12375088888;1398;1386
1398;11976774000;11875088888;12375088888;1400;1388
1399;11976778000;11875088888;12375088888;1398;1386
1400;11976781000;11916466666;12416466666;1400;1388
1401;11976784000;11916466666;12416466666;1400;1388
1402;11976787000;11916466666;12416466666;1398;1386
1403;11976790000;11916466666;12416466666;1400;1388
1404;11976794000;11916466666;12416466666;1398;1386
1405;11976797000;11916466666;12416466666;1400;1388
1406;11976799000;11916466666;12416466666;1400;1388
1407;11976802000;11916477777;12416477777;982;970
1408;12018305000;11916800000;12416800000;1398;1386
1409;12018314000;11916800000;12416800000;1400;1388
1410;12018318000;11916800000;12416800000;1398;1386
1412;12018321000;11958133333;12458133333;1400;1388
1413;12018327000;11958133333;12458133333;1398;1386
1414;12018341000;11958133333;12458133333;1400;1388
1415;12018345000;11958133333;12458133333;1398;1386
1416;12018354000;11958133333;12458133333;1400;1388
1417;12018357000;11958133333;12458133333;1400;1388
1418;12018360000;11958155555;12458155555;982;970
1419;12060120000;11958433333;12458433333;1398;1386
1420;12060148000;11958433333;12458433333;1400;1388
1421;12060152000;11958433333;12458433333;1398;1386
1422;12060155000;11999800000;12499800000;1400;1388
1423;12060159000;11999800000;12499800000;1400;1388
1424;12060162000;11999800000;12499800000;1398;1386
1425;12060165000;11999800000;12499800000;1400;1388
1429;12060169000;11999811111;12499811111;982;970
1430;12101775000;12000122222;12500122222;1398;1386
1431;12101783000;12000122222;12500122222;1400;1388
1432;12101787000;12000122222;12500122222;1398;1386
1433;12101790000;12041466666;12541466666;1400;1388
1434;12101793000;12041466666;12541466666;1400;1388
1435;12101796000;12041466666;12541466666;1398;1386
1436;12101799000;12041466666;12541466666;1400;1388
1437;12101802000;12041466666;12541466666;1398;1386
1438;12101805000;12041466666;12541466666;1400;1388
1439;12101808000;12041466666;12541466666;1400;1388
1440;12101811000;12041477777;12541477777;982;970
1441;12143439000;12041766666;12541766666;1398;1386
1445;12143448000;12083133333;12583133333;1400;1388
1446;12143465000;12083133333;12583133333;1398;1386
1447;12143468000;12083133333;12583133333;1400;1388
1448;12143471000;12083133333;12583133333;1398;1386
1449;12143475000;12083133333;12583133333;1400;1388
1450;12143478000;12083133333;12583133333;1400;1388
1451;12143481000;12083144444;12583144444;982;970
1452;12185114000;12083433333;12583433333;1398;1386
1453;12185123000;12083433333;12583433333;1400;1388
1454;12185127000;12083433333;12583433333;1398;1386
1455;12185130000;12124800000;12624800000;1400;1388
1456;12185133000;12124800000;12624800000;1400;1388
1457;12185137000;12124800000;12624800000;1398;1386
1458;12185140000;12124800000;12624800000;1400;1388
1459;12185143000;12124800000;12624800000;1398;1386
1460;12185146000;12124800000;12624800000;1400;1388
1461;12185149000;12124800000;12624800000;1400;1388
1462;12185153000;12124811111;12624811111;982;970
1463;12226735000;12125077777;12625077777;1398;1386
1464;12226743000;12125077777;12625077777;1400;1388
1465;12226747000;12125077777;12625077777;1398;1386
1466;12226750000;12166433333;12666433333;1400;1388
1467;12226754000;12166433333;12666433333;1400;1388
1470;12226757000;12166433333;12666433333;1398;1386
1471;12226763000;12166433333;12666433333;1400;1388
1473;12226776000;12166444444;12666444444;982;970
1474;12268431000;12166755555;12666755555;1398;1386
1475;12268440000;12166755555;12666755555;1400;1388
1476;12268444000;12166755555;12666755555;1398;1386
1477;12268448000;12208133333;12708133333;1400;1388
1478;12268451000;12208133333;12708133333;1400;1388
1479;12268454000;12208133333;12708133333;1398;1386
1480;12268458000;12208133333;12708133333;1400;1388
1481;12268461000;12208133333;12708133333;1398;1386
1485;12310096000;12208444444;12708444444;1398;1386
1487;12310118000;12208444444;12708444444;1398;1386
1488;12310122000;12249800000;12749800000;1400;1388
1489;12310125000;12249800000;12749800000;1400;1388
1490;12310128000;12249800000;12749800000;1398;1386
1491;12310131000;12249800000;12749800000;1400;1388
1492;12310134000;12249800000;12749800000;1398;1386
1493;12310146000;12249800000;12749800000;1400;1388
1494;12310149000;12249800000;12749800000;1400;1388
1495;12310152000;12249811111;12749811111;982;970
1497;12351774000;12250122222;12750122222;1400;1388
1498;12351794000;12250122222;12750122222;1398;1386
1499;12351798000;12291466666;12791466666;1400;1388
1500;12351802000;12291466666;12791466666;1400;1388
1501;12351805000;12291466666;12791466666;1398;1386
1502;12351808000;12291466666;12791466666;1400;1388
1503;12351811000;12291466666;12791466666;1398;1386
1504;12351824000;12291466666;12791466666;1400;1388
1506;12351827000;12291477777;12791477777;982;970
1507;12393442000;12291766666;12791766666;1398;1386
1508;12393450000;12291766666;12791766666;1400;1388
1509;12393454000;12291766666;12791766666;1398;1386
1510;12393457000;12333133333;12833133333;1400;1388
1511;12393460000;12333133333;12833133333;1400;1388
1512;12393463000;12333133333;12833133333;1398;1386
1513;12393466000;12333133333;12833133333;1400;1388
1514;12393469000;12333133333;12833133333;1398;1386
1515;12393472000;12333133333;12833133333;1400;1388
1516;12393483000;12333133333;12833133333;1400;1388
1517;12393486000;12333155555;12833155555;982;970
1518;12435113000;12333422222;12833422222;1398;1386
1519;12435122000;12333422222;12833422222;1400;1388
1520;12435126000;12333422222;12833422222;1398;1386
1521;12435130000;12374800000;12874800000;1400;1388
1522;12435133000;12374800000;12874800000;1400;1388
1523;12435137000;12374800000;12874800000;1398;1386
1524;12435140000;12374800000;12874800000;1400;1388
1525;12435143000;12374800000;12874800000;1398;1386
1526;12435146000;12374800000;12874800000;1400;1388
1527;12435150000;12374800000;12874800000;1400;1388
1528;12435153000;12374811111;12874811111;982;970
1529;12476738000;12375077777;12875077777;1398;1386
1530;12476747000;12375077777;12875077777;1400;1388
1531;12476751000;12375077777;12875077777;1398;1386
1532;12476755000;12416433333;12916433333;1400;1388
1533;12476758000;12416433333;12916433333;1400;1388
1534;12476761000;12416433333;12916433333;1398;1386
1535;12476764000;12416433333;12916433333;1400;1388
1536;12476768000;12416433333;12916433333;1398;1386
1537;12476771000;12416433333;12916433333;1400;1388
1538;12476774000;12416433333;12916433333;1400;1388
1539;12476778000;12416444444;12916444444;982;970
1540;12518431000;12416755555;12916755555;1398;1386
1541;12518439000;12416755555;12916755555;1400;1388
1544;12518443000;12458133333;12958133333;1400;1388
1545;12518449000;12458133333;12958133333;1398;1386
1546;12518458000;12458133333;12958133333;1400;1388
1548;12518462000;12458133333;12958133333;1400;1388
1549;12518465000;12458133333;12958133333;1400;1388
1550;12518468000;12458144444;12958144444;982;970
1551;12560086000;12458444444;12958444444;1398;1386
1552;12560095000;12458444444;12958444444;1400;1388
1553;12560098000;12458444444;12958444444;1398;1386
1555;12560102000;12499800000;12999800000;1400;1388
1556;12560106000;12499800000;12999800000;1398;1386
1557;12560109000;12499800000;12999800000;1400;1388
1558;12560112000;12499800000;12999800000;1398;1386
1559;12560115000;12499800000;12999800000;1400;1388
1560;12560119000;12499800000;12999800000;1400;1388
1561;12560122000;12499811111;12999811111;982;970
1562;12601732000;12500100000;13000100000;1398;1386
1563;12601740000;12500100000;13000100000;1400;1388
1564;12601744000;12500100000;13000100000;1398;1386
1565;12601747000;12541433333;13041433333;1400;1388
1567;12601750000;12541433333;13041433333;1398;1386
1568;12601753000;12541433333;13041433333;1400;1388
1569;12601757000;12541433333;13041433333;1398;1386
1570;12601759000;12541433333;13041433333;1400;1388
1571;12601762000;12541433333;13041433333;1400;1388
1572;12601765000;12541444444;13041444444;982;970
1573;12643440000;12541755555;13041755555;1398;1386
1575;12643448000;12541755555;13041755555;1398;1386
1576;12643452000;12583133333;13083133333;1400;1388
1577;12643456000;12583133333;13083133333;1400;1388
1578;12643459000;12583133333;13083133333;1398;1386
1579;12643462000;12583133333;13083133333;1400;1388
1580;12643465000;12583133333;13083133333;1398;1386
1581;12643468000;12583133333;13083133333;1400;1388
1582;12643471000;12583133333;13083133333;1400;1388
1583;12643474000;12583144444;13083144444;982;970
1584;12685114000;12583444444;13083444444;1398;1386
1586;12685132000;12583444444;13083444444;1398;1386
1587;12685138000;12624800000;13124800000;1400;1388
1588;12685152000;12624800000;13124800000;1400;1388
1589;12685155000;12624800000;13124800000;1398;1386
1590;12685159000;12624800000;13124800000;1400;1388
1591;12685163000;12624800000;13124800000;1398;1386
1592;12685166000;12624800000;13124800000;1400;1388
1593;12685169000;12624800000;13124800000;1400;1388
1594;12685181000;12624811111;13124811111;982;970
1595;12726746000;12625088888;13125088888;1398;1386
1597;12726755000;12625088888;13125088888;1398;1386
1598;12726760000;12666433333;13166433333;1400;1388
1599;12726774000;12666433333;13166433333;1400;1388
1600;12726778000;12666433333;13166433333;1398;1386
1601;12726781000;12666433333;13166433333;1400;1388
1602;12726784000;12666433333;13166433333;1398;1386
1603;12726787000;12666433333;13166433333;1400;1388
1604;12726807000;12666433333;13166433333;1400;1388
1605;12726811000;12666444444;13166444444;982;970
1606;12768446000;12666766666;13166766666;1398;1386
1607;12768455000;12666766666;13166766666;1400;1388
1609;12768458000;12708133333;13208133333;1400;1388
1610;12768464000;12708133333;13208133333;1400;1388
1611;12768477000;12708133333;13208133333;1398;1386
1612;12768481000;12708133333;13208133333;1400;1388
1613;12768490000;12708133333;13208133333;1398;1386
1614;12768493000;12708133333;13208133333;1400;1388
1615;12768497000;12708133333;13208133333;1400;1388
1616;12768510000;12708155555;13208155555;982;970
1617;12810102000;12708455555;13208455555;1398;1386
1618;12810112000;12708455555;13208455555;1400;1388
1620;12810116000;12749800000;13249800000;1400;1388
1621;12810120000;12749800000;13249800000;1400;1388
1622;12810123000;12749800000;13249800000;1398;1386
1623;12810126000;12749800000;13249800000;1400;1388
1624;12810130000;12749800000;13249800000;1398;1386
1625;12810133000;12749800000;13249800000;1400;1388
1626;12810137000;12749800000;13249800000;1400;1388
1627;12810140000;12749811111;13249811111;982;970
1628;12851762000;12750111111;13250111111;1398;1386
1629;12851770000;12750111111;13250111111;1400;1388
1630;12851773000;12750111111;13250111111;1398;1386
1631;12851777000;12791466666;13291466666;1400;1388
1632;12851780000;12791466666;13291466666;1400;1388
1633;12851783000;12791466666;13291466666;1398;1386
1635;12851786000;12791466666;13291466666;1398;1386
1636;12851789000;12791466666;13291466666;1400;1388
1637;12851793000;12791466666;13291466666;1400;1388
1638;12851796000;12791477777;13291477777;982;970
1639;12893440000;12791788888;13291788888;1398;1386
1640;12893449000;12791788888;13291788888;1400;1388
1641;12893452000;12791788888;13291788888;1398;1386
1642;12893455000;12833133333;13333133333;1400;1388
1643;12893459000;12833133333;13333133333;1400;1388
1644;12893462000;12833133333;13333133333;1398;1386
1645;12893465000;12833133333;13333133333;1400;1388
1646;12893468000;12833133333;13333133333;1398;1386
1647;12893471000;12833133333;13333133333;1400;1388
1648;12893474000;12833133333;13333133333;1400;1388
1649;12893477000;12833144444;13333144444;982;970
1650;12935113000;12833455555;13333455555;1398;1386
1651;12935122000;12833455555;13333455555;1400;1388
1652;12935126000;12833455555;13333455555;1398;1386
1653;12935130000;12874800000;13374800000;1400;1388
1654;12935133000;12874800000;13374800000;1400;1388
1655;12935136000;12874800000;13374800000;1398;1386
1656;12935140000;12874800000;13374800000;1400;1388
1657;12935143000;12874800000;13374800000;1398;1386
1658;12935146000;12874800000;13374800000;1400;1388
1659;12935149000;12874800000;13374800000;1400;1388
1660;12935152000;12874811111;13374811111;982;970
1661;12976767000;12875111111;13375111111;1398;1386
1664;12976776000;12916466666;13416466666;1400;1388
1665;12976783000;12916466666;13416466666;1400;1388
1667;12976797000;12916466666;13416466666;1400;1388
1668;12976801000;12916466666;13416466666;1398;1386
1669;12976804000;12916466666;13416466666;1400;1388
1670;12976807000;12916466666;13416466666;1400;1388
1671;12976811000;12916477777;13416477777;982;970
1672;13018437000;12916788888;13416788888;1398;1386
1673;13018446000;12916788888;13416788888;1400;1388
1674;13018450000;12916788888;13416788888;1398;1386
1675;13018454000;12958133333;13458133333;1400;1388
1676;13018457000;12958133333;13458133333;1400;1388
1677;13018461000;12958133333;13458133333;1398;1386
1678;13018464000;12958133333;13458133333;1400;1388
1679;13018467000;12958133333;13458133333;1398;1386
1680;13018471000;12958133333;13458133333;1400;1388
1681;13018474000;12958133333;13458133333;1400;1388
1682;13018477000;12958155555;13458155555;982;970
1683;13060093000;12958444444;13458444444;1398;1386
1684;13060102000;12958444444;13458444444;1400;1388
1685;13060106000;12958444444;13458444444;1398;1386
1686;13060109000;12999800000;13499800000;1400;1388
1687;13060112000;12999800000;13499800000;1400;1388
1688;13060115000;12999800000;13499800000;1398;1386
1691;13060118000;12999800000;13499800000;1400;1388
1692;13060123000;12999800000;13499800000;1400;1388
1693;13060151000;12999811111;13499811111;982;970
1694;13101743000;13000133333;13500133333;1398;1386
1695;13101751000;13000133333;13500133333;1400;1388
1697;13101754000;13041433333;13541433333;1400;1388
1698;13101758000;13041433333;13541433333;1400;1388
1699;13101761000;13041433333;13541433333;1398;1386
1700;13101764000;13041433333;13541433333;1400;1388
1701;13101767000;13041433333;13541433333;1398;1386
1702;13101770000;13041433333;13541433333;1400;1388
1703;13101773000;13041433333;13541433333;1400;1388
1704;13101776000;13041444444;13541444444;982;970
1705;13143445000;13041755555;13541755555;1398;1386
1706;13143454000;13041755555;13541755555;1400;1388
1707;13143458000;13041755555;13541755555;1398;1386
1708;13143461000;13083133333;13583133333;1400;1388
1710;13143465000;13083133333;13583133333;1398;1386
1711;13143469000;13083133333;13583133333;1400;1388
1712;13143472000;13083133333;13583133333;1398;1386
1713;13143476000;13083133333;13583133333;1400;1388
1714;13143479000;13083133333;13583133333;1400;1388
1715;13143482000;13083144444;13583144444;982;970
1716;13185102000;13083444444;13583444444;1398;1386
1717;13185111000;13083444444;13583444444;1400;1388
1718;13185115000;13083444444;13583444444;1398;1386
1719;13185118000;13124800000;13624800000;1400;1388
1720;13185121000;13124800000;13624800000;1400;1388
1721;13185125000;13124800000;13624800000;1398;1386
1722;13185128000;13124800000;13624800000;1400;1388
1723;13185131000;13124800000;13624800000;1398;1386
1724;13185134000;13124800000;13624800000;1400;1388
1725;13185137000;13124800000;13624800000;1400;1388
1727;13226737000;13125100000;13625100000;1398;1386
1728;13226758000;13125100000;13625100000;1400;1388
1729;13226763000;13125100000;13625100000;1398;1386
1730;13226767000;13166433333;13666433333;1400;1388
1731;13226770000;13166433333;13666433333;1400;1388
1733;13226773000;13166433333;13666433333;1400;1388
1734;13226777000;13166433333;13666433333;1398;1386
1736;13226789000;13166433333;13666433333;1400;1388
1737;13226793000;13166444444;13666444444;982;970
1738;13268429000;13166766666;13666766666;1398;1386
1739;13268437000;13166766666;13666766666;1400;1388
1740;13268441000;13166766666;13666766666;1398;1386
1741;13268444000;13208133333;13708133333;1400;1388
1742;13268447000;13208133333;13708133333;1400;1388
1743;13268450000;13208133333;13708133333;1398;1386
1745;13268453000;13208133333;13708133333;1398;1386
1746;13268457000;13208133333;13708133333;1400;1388
1747;13268460000;13208133333;13708133333;1400;1388
1748;13268463000;13208155555;13708155555;982;970
1749;13310111000;13208455555;13708455555;1398;1386
1750;13310121000;13208455555;13708455555;1400;1388
1752;13310124000;13249800000;13749800000;1400;1388
1753;13310128000;13249800000;13749800000;1400;1388
1755;13310131000;13249800000;13749800000;1400;1388
1756;13310135000;13249800000;13749800000;1398;1386
1757;13310138000;13249800000;13749800000;1400;1388
1758;13310141000;13249800000;13749800000;1400;1388
1759;13310144000;13249811111;13749811111;982;970
1760;13351767000;13250133333;13750133333;1398;1386
1761;13351776000;13250133333;13750133333;1400;1388
1762;13351779000;13250133333;13750133333;1398;1386
1763;13351782000;13291466666;13791466666;1400;1388
1764;13351786000;13291466666;13791466666;1400;1388
1765;13351789000;13291466666;13791466666;1398;1386
1766;13351792000;13291466666;13791466666;1400;1388
1767;13351795000;13291466666;13791466666;1398;1386
1768;13351799000;13291466666;13791466666;1400;1388
1769;13351802000;13291466666;13791466666;1400;1388
1772;13393434000;13291777777;13791777777;1400;1388
1773;13393456000;13291777777;13791777777;1398;1386
1774;13393460000;13333133333;13833133333;1400;1388
1775;13393464000;13333133333;13833133333;1400;1388
1776;13393467000;13333133333;13833133333;1398;1386
1777;13393470000;13333133333;13833133333;1400;1388
1778;13393474000;13333133333;13833133333;1398;1386
1779;13393486000;13333133333;13833133333;1400;1388
1780;13393490000;13333133333;13833133333;1400;1388
1781;13393493000;13333155555;13833155555;982;970
1782;13435099000;13333433333;13833433333;1398;1386
1783;13435108000;13333433333;13833433333;1400;1388
1784;13435121000;13333433333;13833433333;1398;1386
1785;13435125000;13374800000;13874800000;1400;1388
1786;13435128000;13374800000;13874800000;1400;1388
1788;13435132000;13374800000;13874800000;1400;1388
1789;13435138000;13374800000;13874800000;1398;1386
1790;13435151000;13374800000;13874800000;1400;1388
1791;13435154000;13374800000;13874800000;1400;1388
1792;13435163000;13374811111;13874811111;982;970
1793;13476730000;13375088888;13875088888;1398;1386
1794;13476738000;13375088888;13875088888;1400;1388
1795;13476742000;13375088888;13875088888;1398;1386
1798;13476745000;13416433333;13916433333;1398;1386
1799;13476749000;13416433333;13916433333;1400;1388
1800;13476752000;13416433333;13916433333;1398;1386
1801;13476755000;13416433333;13916433333;1400;1388
1802;13476758000;13416433333;13916433333;1400;1388
1803;13476761000;13416444444;13916444444;982;970
1804;13518449000;13416766666;13916766666;1398;1386
1805;13518458000;13416766666;13916766666;1400;1388
1806;13518462000;13416766666;13916766666;1398;1386
1807;13518465000;13458133333;13958133333;1400;1388
1808;13518469000;13458133333;13958133333;1400;1388
1809;13518472000;13458133333;13958133333;1398;1386
1810;13518475000;13458133333;13958133333;1400;1388
1811;13518478000;13458133333;13958133333;1398;1386
1812;13518481000;13458133333;13958133333;1400;1388
1813;13518484000;13458133333;13958133333;1400;1388
1814;13518487000;13458155555;13958155555;982;970
1815;13560093000;13458455555;13958455555;1398;1386
1816;13560102000;13458455555;13958455555;1400;1388
1817;13560105000;13458455555;13958455555;1398;1386
1819;13560108000;13499800000;13999800000;1400;1388
1820;13560114000;13499800000;13999800000;1398;1386
1821;13560127000;13499800000;13999800000;1400;1388
1823;13560130000;13499800000;13999800000;1400;1388
1824;13560139000;13499800000;13999800000;1400;1388
1825;13560143000;13499811111;13999811111;982;970
1826;13601776000;13500122222;14000122222;1398;1386
1827;13601785000;13500122222;14000122222;1400;1388
1828;13601788000;13500122222;14000122222;1398;1386
1829;13601791000;13541466666;14041466666;1400;1388
1830;13601794000;13541466666;14041466666;1400;1388
1831;13601797000;13541466666;14041466666;1398;1386
1832;13601800000;13541466666;14041466666;1400;1388
1833;13601804000;13541466666;14041466666;1398;1386
1834;13601807000;13541466666;14041466666;1400;1388
1835;13601810000;13541466666;14041466666;1400;1388
1836;13601813000;13541477777;14041477777;982;970
1837;13643439000;13541800000;14041800000;1398;1386
1838;13643448000;13541800000;14041800000;1400;1388
1839;13643451000;13541800000;14041800000;1398;1386
1841;13643455000;13583133333;14083133333;1400;1388
1842;13643460000;13583133333;14083133333;1398;1386
1843;13643473000;13583133333;14083133333;1400;1388
1844;13643477000;13583133333;14083133333;1398;1386
1845;13643486000;13583133333;14083133333;1400;1388
1846;13643489000;13583133333;14083133333;1400;1388
1847;13643492000;13583144444;14083144444;982;970
1848;13685113000;13583411111;14083411111;1398;1386
1850;13685130000;13583411111;14083411111;1398;1386
1851;13685134000;13624800000;14124800000;1400;1388
1852;13685138000;13624800000;14124800000;1400;1388
1853;13685141000;13624800000;14124800000;1398;1386
1854;13685144000;13624800000;14124800000;1400;1388
1855;13685147000;13624800000;14124800000;1398;1386
1856;13685150000;13624800000;14124800000;1400;1388
1857;13685153000;13624800000;14124800000;1400;1388
1858;13685156000;13624811111;14124811111;982;970
1859;13726745000;13625066666;14125066666;1398;1386
1860;13726754000;13625066666;14125066666;1400;1388
1861;13726757000;13625066666;14125066666;1398;1386
1862;13726760000;13666433333;14166433333;1400;1388
1863;13726763000;13666433333;14166433333;1400;1388
1864;13726766000;13666433333;14166433333;1398;1386
1865;13726769000;13666433333;14166433333;1400;1388
1866;13726772000;13666433333;14166433333;1398;1386
1867;13726775000;13666433333;14166433333;1400;1388
1868;13726778000;13666433333;14166433333;1400;1388
1869;13726781000;13666444444;14166444444;982;970
1870;13768437000;13666744444;14166744444;1398;1386
1871;13768455000;13666744444;14166744444;1400;1388
1872;13768459000;13666744444;14166744444;1398;1386
1873;13768462000;13708133333;14208133333;1400;1388
1874;13768465000;13708133333;14208133333;1400;1388
1875;13768468000;13708133333;14208133333;1398;1386
1876;13768471000;13708133333;14208133333;1400;1388
1877;13768474000;13708133333;14208133333;1398;1386
1879;13768478000;13708133333;14208133333;1400;1388
1880;13768483000;13708155555;14208155555;982;970
1881;13810107000;13708433333;14208433333;1398;1386
1882;13810115000;13708433333;14208433333;1400;1388
1886;13810119000;13749800000;14249800000;1398;1386
1887;13810122000;13749800000;14249800000;1400;1388
1888;13810126000;13749800000;14249800000;1398;1386
1890;13810129000;13749800000;14249800000;1400;1388
1891;13810132000;13749811111;14249811111;982;970
1892;13851779000;13750088888;14250088888;1398;1386
1893;13851787000;13750088888;14250088888;1400;1388
1894;13851791000;13750088888;14250088888;1398;1386
1895;13851794000;13791466666;14291466666;1400;1388
1896;13851797000;13791466666;14291466666;1400;1388
1897;13851800000;13791466666;14291466666;1398;1386
1898;13851803000;13791466666;14291466666;1400;1388
1899;13851806000;13791466666;14291466666;1398;1386
1900;13851810000;13791466666;14291466666;1400;1388
1901;13851813000;13791466666;14291466666;1400;1388
1904;13893426000;13791766666;14291766666;1400;1388
1905;13893447000;13791766666;14291766666;1398;1386
1906;13893451000;13833133333;14333133333;1400;1388
1907;13893455000;13833133333;14333133333;1400;1388
1909;13893458000;13833133333;14333133333;1400;1388
1912;13893461000;13833133333;14333133333;1400;1388
1913;13893465000;13833144444;14333144444;982;970
1915;13935113000;13833422222;14333422222;1400;1388
1916;13935122000;13833422222;14333422222;1398;1386
1917;13935126000;13874800000;14374800000;1400;1388
1920;13935130000;13874800000;14374800000;1400;1388
1922;13935133000;13874800000;14374800000;1400;1388
1923;13935136000;13874800000;14374800000;1400;1388
1924;13935140000;13874811111;14374811111;982;970
1925;13976765000;13875077777;14375077777;1398;1386
1926;13976773000;13875077777;14375077777;1400;1388
1927;13976777000;13875077777;14375077777;1398;1386
1928;13976780000;13916466666;14416466666;1400;1388
1929;13976783000;13916466666;14416466666;1400;1388
1930;13976786000;13916466666;14416466666;1398;1386
1931;13976789000;13916466666;14416466666;1400;1388
1932;13976792000;13916466666;14416466666;1398;1386
1933;13976795000;13916466666;14416466666;1400;1388
1934;13976798000;13916466666;14416466666;1400;1388
1935;13976801000;13916477777;14416477777;982;970
1936;14018440000;13916777777;14416777777;1398;1386
1937;14018448000;13916777777;14416777777;1400;1388
1938;14018452000;13916777777;14416777777;1398;1386
1939;14018455000;13958133333;14458133333;1400;1388
1940;14018458000;13958133333;14458133333;1400;1388
1941;14018461000;13958133333;14458133333;1398;1386
1942;14018464000;13958133333;14458133333;1400;1388
1943;14018467000;13958133333;14458133333;1398;1386
1944;14018471000;13958133333;14458133333;1400;1388
1945;14018474000;13958133333;14458133333;1400;1388
1946;14018477000;13958155555;14458155555;982;970
1947;14060113000;13958422222;14458422222;1398;1386
1948;14060122000;13958422222;14458422222;1400;1388
1949;14060126000;13958422222;14458422222;1398;1386
1950;14060129000;13999800000;14499800000;1400;1388
1951;14060133000;13999800000;14499800000;1400;1388
1952;14060137000;13999800000;14499800000;1398;1386
1955;14060140000;13999800000;14499800000;1400;1388
1956;14060146000;13999800000;14499800000;1400;1388
1957;14060155000;13999811111;14499811111;982;970
1958;14101767000;14000111111;14500111111;1398;1386
1959;14101777000;14000111111;14500111111;1400;1388
1960;14101780000;14000111111;14500111111;1398;1386
1961;14101784000;14041466666;14541466666;1400;1388
1962;14101787000;14041466666;14541466666;1400;1388
1963;14101791000;14041466666;14541466666;1398;1386
1965;14101794000;14041466666;14541466666;1398;1386
1966;14101798000;14041466666;14541466666;1400;1388
1967;14101802000;14041466666;14541466666;1400;1388
1968;14101805000;14041477777;14541477777;982;970
1969;14143436000;14041755555;14541755555;1398;1386
1970;14143445000;14041755555;14541755555;1400;1388
1971;14143449000;14041755555;14541755555;1398;1386
1972;14143453000;14083133333;14583133333;1400;1388
1973;14143456000;14083133333;14583133333;1400;1388
1975;14143460000;14083133333;14583133333;1400;1388
1976;14143464000;14083133333;14583133333;1398;1386
1977;14143467000;14083133333;14583133333;1400;1388
1978;14143471000;14083133333;14583133333;1400;1388
1979;14143474000;14083155555;14583155555;982;970
1980;14185099000;14083422222;14583422222;1398;1386
1982;14185109000;14083422222;14583422222;1398;1386
1984;14185114000;14124800000;14624800000;1400;1388
1985;14185117000;14124800000;14624800000;1398;1386
1988;14185121000;14124800000;14624800000;1400;1388
1989;14185125000;14124800000;14624800000;1400;1388
1990;14185128000;14124811111;14624811111;982;970
1991;14226714000;14125055555;14625055555;1398;1386
1992;14226723000;14125055555;14625055555;1400;1388
1993;14226727000;14125055555;14625055555;1398;1386
1994;14226731000;14166433333;14666433333;1400;1388
1995;14226734000;14166433333;14666433333;1400;1388
1996;14226738000;14166433333;14666433333;1398;1386
1997;14226741000;14166433333;14666433333;1400;1388
1999;14226744000;14166433333;14666433333;1400;1388
2000;14226748000;14166433333;14666433333;1400;1388
2002;14268431000;14166744444;14666744444;1398;1386
2003;14268440000;14166744444;14666744444;1400;1388
2004;14268444000;14166744444;14666744444;1398;1386
2005;14268448000;14208133333;14708133333;1400;1388
2006;14268451000;14208133333;14708133333;1400;1388
2008;14268454000;14208133333;14708133333;1400;1388
2009;14268457000;14208133333;14708133333;1398;1386
2010;14268461000;14208133333;14708133333;1400;1388
2011;14268464000;14208133333;14708133333;1400;1388
2012;14268467000;14208155555;14708155555;982;970
2013;14310117000;14208433333;14708433333;1398;1386
2014;14310126000;14208433333;14708433333;1400;1388
2015;14310129000;14208433333;14708433333;1398;1386
2016;14310132000;14249800000;14749800000;1400;1388
2017;14310135000;14249800000;14749800000;1400;1388
2018;14310138000;14249800000;14749800000;1398;1386
2019;14310141000;14249800000;14749800000;1400;1388
2020;14310144000;14249800000;14749800000;1398;1386
2021;14310147000;14249800000;14749800000;1400;1388
2022;14310150000;14249800000;14749800000;1400;1388
2023;14310153000;14249811111;14749811111;982;970
2025;14351746000;14250111111;14750111111;1400;1388
2026;14351767000;14250111111;14750111111;1398;1386
2027;14351770000;14291433333;14791433333;1400;1388
2028;14351774000;14291433333;14791433333;1400;1388
2029;14351778000;14291433333;14791433333;1398;1386
2031;14351781000;14291433333;14791433333;1398;1386
2032;14351784000;14291433333;14791433333;1400;1388
2033;14351796000;14291433333;14791433333;1400;1388
2034;14351799000;14291455555;14791455555;982;970
2035;14393445000;14291733333;14791733333;1398;1386
2036;14393455000;14291733333;14791733333;1400;1388
2037;14393458000;14291733333;14791733333;1398;1386
2040;14393462000;14333133333;14833133333;1398;1386
2041;14393465000;14333133333;14833133333;1400;1388
2042;14393469000;14333133333;14833133333;1398;1386
2043;14393472000;14333133333;14833133333;1400;1388
2046;14435102000;14333422222;14833422222;1398;1386
2047;14435112000;14333422222;14833422222;1400;1388
2049;14435116000;14374800000;14874800000;1400;1388
2050;14435119000;14374800000;14874800000;1400;1388
2051;14435123000;14374800000;14874800000;1398;1386
2052;14435126000;14374800000;14874800000;1400;1388
2053;14435130000;14374800000;14874800000;1398;1386
2054;14435133000;14374800000;14874800000;1400;1388
2055;14435136000;14374800000;14874800000;1400;1388
2056;14435139000;14374811111;14874811111;982;970
2057;14476767000;14375066666;14875066666;1398;1386
2058;14476776000;14375066666;14875066666;1400;1388
2059;14476780000;14375066666;14875066666;1398;1386
2060;14476783000;14416466666;14916466666;1400;1388
2061;14476787000;14416466666;14916466666;1400;1388
2062;14476790000;14416466666;14916466666;1398;1386
2063;14476793000;14416466666;14916466666;1400;1388
2064;14476805000;14416466666;14916466666;1398;1386
2065;14476808000;14416466666;14916466666;1400;1388
2066;14476811000;14416466666;14916466666;1400;1388
2067;14476814000;14416477777;14916477777;982;970
2068;14518429000;14416777777;14916777777;1398;1386
2069;14518438000;14416777777;14916777777;1400;1388
2070;14518441000;14416777777;14916777777;1398;1386
2071;14518444000;14458133333;14958133333;1400;1388
2072;14518448000;14458133333;14958133333;1400;1388
2073;14518451000;14458133333;14958133333;1398;1386
2074;14518454000;14458133333;14958133333;1400;1388
2075;14518456000;14458133333;14958133333;1398;1386
2076;14518459000;14458133333;14958133333;1400;1388
2077;14518462000;14458133333;14958133333;1400;1388
2078;14518465000;14458155555;14958155555;982;970
2079;14560110000;14458433333;14958433333;1398;1386
2080;14560118000;14458433333;14958433333;1400;1388
2081;14560122000;14458433333;14958433333;1398;1386
2082;14560126000;14499800000;14999800000;1400;1388
2083;14560129000;14499800000;14999800000;1400;1388
2084;14560132000;14499800000;14999800000;1398;1386
2085;14560135000;14499800000;14999800000;1400;1388
2086;14560138000;14499800000;14999800000;1398;1386
2087;14560141000;14499800000;14999800000;1400;1388
2089;14560144000;14499811111;14999811111;982;970
2090;14601743000;14500088888;15000088888;1398;1386
2091;14601752000;14500088888;15000088888;1400;1388
2092;14601755000;14500088888;15000088888;1398;1386
2093;14601758000;14541433333;15041433333;1400;1388
2094;14601761000;14541433333;15041433333;1400;1388
2095;14601764000;14541433333;15041433333;1398;1386
2096;14601767000;14541433333;15041433333;1400;1388
2097;14601770000;14541433333;15041433333;1398;1386
2098;14601773000;14541433333;15041433333;1400;1388
2099;14601776000;14541433333;15041433333;1400;1388
2100;14601779000;14541444444;15041444444;982;970
2101;14643447000;14541744444;15041744444;1398;1386
2102;14643456000;14541744444;15041744444;1400;1388
2103;14643460000;14541744444;15041744444;1398;1386
2104;14643464000;14583133333;15083133333;1400;1388
2105;14643467000;14583133333;15083133333;1400;1388
2106;14643471000;14583133333;15083133333;1398;1386
2107;14643474000;14583133333;15083133333;1400;1388
2108;14643477000;14583133333;15083133333;1398;1386
2109;14643480000;14583133333;15083133333;1400;1388
2110;14643483000;14583133333;15083133333;1400;1388
2111;14643487000;14583144444;15083144444;982;970
2112;14685092000;14583455555;15083455555;1398;1386
2113;14685101000;14583455555;15083455555;1400;1388
2114;14685105000;14583455555;15083455555;1398;1386
2116;14685117000;14624800000;15124800000;1400;1388
2117;14685124000;14624800000;15124800000;1398;1386
2118;14685137000;14624800000;15124800000;1400;1388
2119;14685140000;14624800000;15124800000;1398;1386
2120;14685149000;14624800000;15124800000;1400;1388
2121;14685153000;14624800000;15124800000;1400;1388
2122;14685156000;14624811111;15124811111;982;970
2123;14726730000;14625100000;15125100000;1398;1386
2124;14726738000;14625100000;15125100000;1400;1388
2125;14726742000;14625100000;15125100000;1398;1386
2126;14726745000;14666433333;15166433333;1400;1388
2127;14726748000;14666433333;15166433333;1400;1388
2128;14726751000;14666433333;15166433333;1398;1386
2129;14726754000;14666433333;15166433333;1400;1388
2131;14726757000;14666433333;15166433333;1400;1388
2132;14726760000;14666433333;15166433333;1400;1388
2133;14726764000;14666444444;15166444444;982;970
2134;14768439000;14666766666;15166766666;1398;1386
2135;14768448000;14666766666;15166766666;1400;1388
2136;14768451000;14666766666;15166766666;1398;1386
2139;14768454000;14708133333;15208133333;1398;1386
2140;14768458000;14708133333;15208133333;1400;1388
2141;14768461000;14708133333;15208133333;1398;1386
2142;14768464000;14708133333;15208133333;1400;1388
2143;14768467000;14708133333;15208133333;1400;1388
2144;14768470000;14708144444;15208144444;982;970
2145;14810112000;14708444444;15208444444;1398;1386
2146;14810121000;14708444444;15208444444;1400;1388
2147;14810125000;14708444444;15208444444;1398;1386
2148;14810129000;14749800000;15249800000;1400;1388
2149;14810132000;14749800000;15249800000;1400;1388
2150;14810144000;14749800000;15249800000;1398;1386
2151;14810147000;14749800000;15249800000;1400;1388
2152;14810150000;14749800000;15249800000;1398;1386
2153;14810154000;14749800000;15249800000;1400;1388
2154;14810157000;14749800000;15249800000;1400;1388
2155;14810160000;14749811111;15249811111;982;970
2156;14851730000;14750111111;15250111111;1398;1386
2158;14851738000;14750111111;15250111111;1398;1386
2159;14851744000;14791433333;15291433333;1400;1388
2160;14851758000;14791433333;15291433333;1400;1388
2161;14851761000;14791433333;15291433333;1398;1386
2162;14851770000;14791433333;15291433333;1400;1388
2163;14851773000;14791433333;15291433333;1398;1386
2165;14851776000;14791433333;15291433333;1400;1388
2166;14851779000;14791444444;15291444444;982;970
2168;14893449000;14791766666;15291766666;1400;1388
2169;14893459000;14791766666;15291766666;1398;1386
2170;14893463000;14833133333;15333133333;1400;1388
2171;14893466000;14833133333;15333133333;1400;1388
2172;14893469000;14833133333;15333133333;1398;1386
2173;14893473000;14833133333;15333133333;1400;1388
2174;14893476000;14833133333;15333133333;1398;1386
2175;14893479000;14833133333;15333133333;1400;1388
2176;14893482000;14833133333;15333133333;1400;1388
2177;14893486000;14833144444;15333144444;982;970
2178;14935086000;14833455555;15333455555;1398;1386
2179;14935094000;14833455555;15333455555;1400;1388
2180;14935098000;14833455555;15333455555;1398;1386
2182;14935101000;14874800000;15374800000;1400;1388
2183;14935107000;14874800000;15374800000;1398;1386
2184;14935120000;14874800000;15374800000;1400;1388
2185;14935123000;14874800000;15374800000;1398;1386
2186;14935132000;14874800000;15374800000;1400;1388
2187;14935135000;14874800000;15374800000;1400;1388
2188;14935138000;14874811111;15374811111;982;970
2189;14976785000;14875111111;15375111111;1398;1386
2190;14976794000;14875111111;15375111111;1400;1388
2191;14976798000;14875111111;15375111111;1398;1386
2192;14976801000;14916466666;15416466666;1400;1388
2193;14976804000;14916466666;15416466666;1400;1388
2194;14976808000;14916466666;15416466666;1398;1386
2195;14976811000;14916466666;15416466666;1400;1388
2196;14976814000;14916466666;15416466666;1398;1386
2198;14976817000;14916466666;15416466666;1400;1388
2201;15018432000;14916800000;15416800000;1400;1388
2202;15018442000;14916800000;15416800000;1398;1386
2203;15018446000;14958133333;15458133333;1400;1388
2204;15018449000;14958133333;15458133333;1400;1388
2205;15018453000;14958133333;15458133333;1398;1386
2206;15018456000;14958133333;15458133333;1400;1388
2207;15018459000;14958133333;15458133333;1398;1386
2210;15018462000;14958155555;15458155555;982;970
2211;15060101000;14958455555;15458455555;1398;1386
2212;15060110000;14958455555;15458455555;1400;1388
2213;15060114000;14958455555;15458455555;1398;1386
2214;15060117000;14999800000;15499800000;1400;1388
2215;15060120000;14999800000;15499800000;1400;1388
2216;15060124000;14999800000;15499800000;1398;1386
2217;15060127000;14999800000;15499800000;1400;1388
2218;15060130000;14999800000;15499800000;1398;1386
2219;15060133000;14999800000;15499800000;1400;1388
2220;15060137000;14999800000;15499800000;1400;1388
2221;15060140000;14999811111;15499811111;982;970
2222;15101734000;15000155555;15500155555;1398;1386
2223;15101743000;15000155555;15500155555;1400;1388
2224;15101746000;15000155555;15500155555;1398;1386
2225;15101749000;15041433333;15541433333;1400;1388
2226;15101753000;15041433333;15541433333;1400;1388
2227;15101756000;15041433333;15541433333;1398;1386
2229;15101759000;15041433333;15541433333;1398;1386
2230;15101764000;15041433333;15541433333;1400;1388
2231;15101778000;15041433333;15541433333;1400;1388
2232;15101781000;15041444444;15541444444;982;970
2233;15143440000;15041755555;15541755555;1398;1386
2234;15143448000;15041755555;15541755555;1400;1388
2235;15143451000;15041755555;15541755555;1398;1386
2236;15143455000;15083133333;15583133333;1400;1388
2237;15143458000;15083133333;15583133333;1400;1388
2238;15143461000;15083133333;15583133333;1398;1386
2239;15143464000;15083133333;15583133333;1400;1388
2241;15143466000;15083133333;15583133333;1400;1388
2242;15143478000;15083133333;15583133333;1400;1388
2243;15143481000;15083144444;15583144444;982;970
2244;15185115000;15083455555;15583455555;1398;1386
2245;15185124000;15083455555;15583455555;1400;1388
2246;15185128000;15083455555;15583455555;1398;1386
2247;15185132000;15124800000;15624800000;1400;1388
2248;15185135000;15124800000;15624800000;1400;1388
2249;15185139000;15124800000;15624800000;1398;1386
2250;15185142000;15124800000;15624800000;1400;1388
2251;15185146000;15124800000;15624800000;1398;1386
2252;15185149000;15124800000;15624800000;1400;1388
2253;15185152000;15124800000;15624800000;1400;1388
2254;15185156000;15124811111;15624811111;982;970
2255;15226734000;15125111111;15625111111;1398;1386
2256;15226743000;15125111111;15625111111;1400;1388
2257;15226746000;15125111111;15625111111;1398;1386
2258;15226749000;15166433333;15666433333;1400;1388
2259;15226753000;15166433333;15666433333;1400;1388
2260;15226756000;15166433333;15666433333;1398;1386
2261;15226759000;15166433333;15666433333;1400;1388
2262;15226762000;15166433333;15666433333;1398;1386
2263;15226765000;15166433333;15666433333;1400;1388
2264;15226768000;15166433333;15666433333;1400;1388
2265;15226771000;15166444444;15666444444;982;970
2266;15268433000;15166766666;15666766666;1398;1386
2267;15268442000;15166766666;15666766666;1400;1388
2268;15268446000;15166766666;15666766666;1398;1386
2270;15268449000;15208133333;15708133333;1400;1388
2271;15268455000;15208133333;15708133333;1398;1386
2272;15268463000;15208133333;15708133333;1400;1388
2273;15268467000;15208133333;15708133333;1398;1386
2274;15268470000;15208133333;15708133333;1400;1388
2275;15268473000;15208133333;15708133333;1400;1388
2276;15268476000;15208155555;15708155555;982;970
2277;15310099000;15208466666;15708466666;1398;1386
2279;15310108000;15208466666;15708466666;1398;1386
2281;15310113000;15249800000;15749800000;1400;1388
2282;15310116000;15249800000;15749800000;1398;1386
2283;15310120000;15249800000;15749800000;1400;1388
2286;15310123000;15249800000;15749800000;1400;1388
2287;15310126000;15249811111;15749811111;982;970
2288;15351741000;15250144444;15750144444;1398;1386
2289;15351750000;15250144444;15750144444;1400;1388
2290;15351754000;15250144444;15750144444;1398;1386
2291;15351757000;15291466666;15791466666;1400;1388
2292;15351760000;15291466666;15791466666;1400;1388
2293;15351764000;15291466666;15791466666;1398;1386
2294;15351767000;15291466666;15791466666;1400;1388
2296;15351770000;15291466666;15791466666;1400;1388
2297;15351774000;15291466666;15791466666;1400;1388
2300;15393452000;15291777777;15791777777;1400;1388
2301;15393461000;15291777777;15791777777;1398;1386
2302;15393465000;15333133333;15833133333;1400;1388
2303;15393468000;15333133333;15833133333;1400;1388
2304;15393471000;15333133333;15833133333;1398;1386
2305;15393474000;15333133333;15833133333;1400;1388
2306;15393477000;15333133333;15833133333;1398;1386
2307;15393480000;15333133333;15833133333;1400;1388
2308;15393483000;15333133333;15833133333;1400;1388
2309;15393487000;15333144444;15833144444;982;970
2310;15435127000;15333444444;15833444444;1398;1386
2311;15435136000;15333444444;15833444444;1400;1388
2312;15435139000;15333444444;15833444444;1398;1386
2313;15435142000;15374800000;15874800000;1400;1388
2314;15435145000;15374800000;15874800000;1400;1388
2315;15435148000;15374800000;15874800000;1398;1386
2316;15435151000;15374800000;15874800000;1400;1388
2317;15435154000;15374800000;15874800000;1398;1386
2318;15435157000;15374800000;15874800000;1400;1388
2319;15435160000;15374800000;15874800000;1400;1388
2320;15435163000;15374811111;15874811111;982;970
2321;15476767000;15375100000;15875100000;1398;1386
2322;15476777000;15375100000;15875100000;1400;1388
2323;15476780000;15375100000;15875100000;1398;1386
2324;15476783000;15416466666;15916466666;1400;1388
2325;15476787000;15416466666;15916466666;1400;1388
2326;15476790000;15416466666;15916466666;1398;1386
2327;15476793000;15416466666;15916466666;1400;1388
2328;15476796000;15416466666;15916466666;1398;1386
2329;15476799000;15416466666;15916466666;1400;1388
2330;15476811000;15416466666;15916466666;1400;1388
2331;15476814000;15416477777;15916477777;982;970
2332;15518432000;15416811111;15916811111;1398;1386
2333;15518441000;15416811111;15916811111;1400;1388
2334;15518445000;15416811111;15916811111;1398;1386
2335;15518448000;15458133333;15958133333;1400;1388
2336;15518452000;15458133333;15958133333;1400;1388
2337;15518455000;15458133333;15958133333;1398;1386
2338;15518458000;15458133333;15958133333;1400;1388
2339;15518461000;15458133333;15958133333;1398;1386
2340;15518465000;15458133333;15958133333;1400;1388
2341;15518468000;15458133333;15958133333;1400;1388
2343;15560102000;15458455555;15958455555;1398;1386
2344;15560113000;15458455555;15958455555;1400;1388
2345;15560117000;15458455555;15958455555;1398;1386
2347;15560120000;15499800000;15999800000;1400;1388
2348;15560124000;15499800000;15999800000;1398;1386
2349;15560127000;15499800000;15999800000;1400;1388
2350;15560130000;15499800000;15999800000;1398;1386
2351;15560133000;15499800000;15999800000;1400;1388
2352;15560136000;15499800000;15999800000;1400;1388
2353;15560139000;15499811111;15999811111;982;970
2354;15601766000;15500133333;16000133333;1398;1386
2355;15601775000;15500133333;16000133333;1400;1388
2356;15601779000;15500133333;16000133333;1398;1386
2357;15601782000;15541466666;16041466666;1400;1388
2358;15601786000;15541466666;16041466666;1400;1388
2359;15601789000;15541466666;16041466666;1398;1386
2361;15601792000;15541466666;16041466666;1398;1386
2362;15601796000;15541466666;16041466666;1400;1388
2363;15601799000;15541466666;16041466666;1400;1388
2364;15601802000;15541477777;16041477777;982;970
2365;15643424000;15541800000;16041800000;1398;1386
2366;15643433000;15541800000;16041800000;1400;1388
2367;15643436000;15541800000;16041800000;1398;1386
2368;15643439000;15583133333;16083133333;1400;1388
2369;15643443000;15583133333;16083133333;1400;1388
2370;15643446000;15583133333;16083133333;1398;1386
2371;15643449000;15583133333;16083133333;1400;1388
2374;15643452000;15583133333;16083133333;1400;1388
2375;15643455000;15583144444;16083144444;982;970
2376;15685113000;15583444444;16083444444;1398;1386
2377;15685131000;15583444444;16083444444;1400;1388
2378;15685135000;15583444444;16083444444;1398;1386
2379;15685138000;15624800000;16124800000;1400;1388
2380;15685141000;15624800000;16124800000;1400;1388
2381;15685144000;15624800000;16124800000;1398;1386
2382;15685148000;15624800000;16124800000;1400;1388
2384;15685151000;15624800000;16124800000;1400;1388
2385;15685154000;15624800000;16124800000;1400;1388
2386;15685157000;15624811111;16124811111;982;970
2387;15726743000;15625077777;16125077777;1398;1386
2388;15726752000;15625077777;16125077777;1400;1388
2390;15726755000;15666433333;16166433333;1400;1388
2391;15726759000;15666433333;16166433333;1400;1388
2392;15726762000;15666433333;16166433333;1398;1386
2393;15726765000;15666433333;16166433333;1400;1388
2394;15726768000;15666433333;16166433333;1398;1386
2395;15726771000;15666433333;16166433333;1400;1388
2396;15726774000;15666433333;16166433333;1400;1388
2397;15726776000;15666444444;16166444444;982;970
2398;15768443000;15666766666;16166766666;1398;1386
2400;15768452000;15666766666;16166766666;1398;1386
2401;15768456000;15708133333;16208133333;1400;1388
2403;15768460000;15708133333;16208133333;1398;1386
2405;15768463000;15708133333;16208133333;1398;1386
2406;15768467000;15708133333;16208133333;1400;1388
2407;15768470000;15708133333;16208133333;1400;1388
2408;15768473000;15708144444;16208144444;982;970
2409;15810100000;15708433333;16208433333;1398;1386
2410;15810109000;15708433333;16208433333;1400;1388
2411;15810113000;15708433333;16208433333;1398;1386
2412;15810116000;15749800000;16249800000;1400;1388
2413;15810120000;15749800000;16249800000;1400;1388
2414;15810123000;15749800000;16249800000;1398;1386
2415;15810126000;15749800000;16249800000;1400;1388
2416;15810129000;15749800000;16249800000;1398;1386
2417;15810133000;15749800000;16249800000;1400;1388
2418;15810136000;15749800000;16249800000;1400;1388
2419;15810139000;15749811111;16249811111;982;970
2420;15851759000;15750111111;16250111111;1398;1386
2423;15851775000;15791466666;16291466666;1400;1388
2424;15851791000;15791466666;16291466666;1400;1388
2425;15851795000;15791466666;16291466666;1398;1386
2426;15851798000;15791466666;16291466666;1400;1388
2427;15851802000;15791466666;16291466666;1398;1386
2428;15851805000;15791466666;16291466666;1400;1388
2429;15851808000;15791466666;16291466666;1400;1388
2431;15893438000;15791788888;16291788888;1398;1386
2432;15893446000;15791788888;16291788888;1400;1388
2433;15893450000;15791788888;16291788888;1398;1386
2434;15893453000;15833133333;16333133333;1400;1388
2435;15893456000;15833133333;16333133333;1400;1388
2436;15893459000;15833133333;16333133333;1398;1386
2437;15893462000;15833133333;16333133333;1400;1388
2438;15893465000;15833133333;16333133333;1398;1386
2441;15893468000;15833144444;16333144444;982;970
2442;15935111000;15833444444;16333444444;1398;1386
2443;15935120000;15833444444;16333444444;1400;1388
2444;15935124000;15833444444;16333444444;1398;1386
2445;15935127000;15874800000;16374800000;1400;1388
2446;15935131000;15874800000;16374800000;1400;1388
2447;15935134000;15874800000;16374800000;1398;1386
2448;15935137000;15874800000;16374800000;1400;1388
2449;15935140000;15874800000;16374800000;1398;1386
2450;15935143000;15874800000;16374800000;1400;1388
2451;15935146000;15874800000;16374800000;1400;1388
2453;15976737000;15875100000;16375100000;1398;1386
2456;15976758000;15916433333;16416433333;1400;1388
2458;15976763000;15916433333;16416433333;1398;1386
2459;15976767000;15916433333;16416433333;1400;1388
2460;15976770000;15916433333;16416433333;1398;1386
2461;15976774000;15916433333;16416433333;1400;1388
2462;15976777000;15916433333;16416433333;1400;1388
2465;16018435000;15916755555;16416755555;1400;1388
2466;16018445000;15916755555;16416755555;1398;1386
2467;16018449000;15958133333;16458133333;1400;1388
2468;16018453000;15958133333;16458133333;1400;1388
2469;16018456000;15958133333;16458133333;1398;1386
2470;16018459000;15958133333;16458133333;1400;1388
2471;16018462000;15958133333;16458133333;1398;1386
2472;16018465000;15958133333;16458133333;1400;1388
2473;16018468000;15958133333;16458133333;1400;1388
2474;16018472000;15958155555;16458155555;982;970
2475;16060094000;15958444444;16458444444;1398;1386
2476;16060102000;15958444444;16458444444;1400;1388
2477;16060106000;15958444444;16458444444;1398;1386
2478;16060109000;15999800000;16499800000;1400;1388
2479;16060112000;15999800000;16499800000;1400;1388
2480;16060115000;15999800000;16499800000;1398;1386
2481;16060118000;15999800000;16499800000;1400;1388
2482;16060121000;15999800000;16499800000;1398;1386
2483;16060124000;15999800000;16499800000;1400;1388
2484;16060127000;15999800000;16499800000;1400;1388
2485;16060130000;15999811111;16499811111;982;970
2486;16101780000;16000133333;16500133333;1398;1386
2487;16101789000;16000133333;16500133333;1400;1388
2488;16101793000;16000133333;16500133333;1398;1386
2489;16101796000;16041466666;16541466666;1400;1388
2490;16101799000;16041466666;16541466666;1400;1388
2491;16101802000;16041466666;16541466666;1398;1386
2492;16101806000;16041466666;16541466666;1400;1388
2493;16101809000;16041466666;16541466666;1398;1386
2494;16101812000;16041466666;16541466666;1400;1388
2495;16101815000;16041466666;16541466666;1400;1388
2496;16101818000;16041477777;16541477777;982;970
2497;16143432000;16041777777;16541777777;1398;1386
2499;16143441000;16041777777;16541777777;1398;1386
2500;16143447000;16083133333;16583133333;1400;1388
2502;16143462000;16083133333;16583133333;1398;1386
2503;16143466000;16083133333;16583133333;1400;1388
2504;16143469000;16083133333;16583133333;1398;1386
2505;16143472000;16083133333;16583133333;1400;1388
2506;16143476000;16083133333;16583133333;1400;1388
2507;16143479000;16083144444;16583144444;982;970
2508;16185097000;16083444444;16583444444;1398;1386
2509;16185106000;16083444444;16583444444;1400;1388
2511;16185110000;16124800000;16624800000;1400;1388
2512;16185114000;16124800000;16624800000;1400;1388
2514;16185117000;16124800000;16624800000;1400;1388
2515;16185122000;16124800000;16624800000;1398;1386
2516;16185134000;16124800000;16624800000;1400;1388
2517;16185138000;16124800000;16624800000;1400;1388
2520;16226735000;16125088888;16625088888;1400;1388
2521;16226745000;16125088888;16625088888;1398;1386
2522;16226749000;16166433333;16666433333;1400;1388
2523;16226753000;16166433333;16666433333;1400;1388
2524;16226756000;16166433333;16666433333;1398;1386
2526;16226759000;16166433333;16666433333;1398;1386
2527;16226763000;16166433333;16666433333;1400;1388
2528;16226766000;16166433333;16666433333;1400;1388
2529;16226769000;16166444444;16666444444;982;970
2531;16268424000;16166766666;16666766666;1400;1388
2532;16268433000;16166766666;16666766666;1398;1386
2533;16268436000;16208133333;16708133333;1400;1388
2537;16268440000;16208133333;16708133333;1398;1386
2538;16268443000;16208133333;16708133333;1400;1388
2539;16268446000;16208133333;16708133333;1400;1388
2540;16268449000;16208144444;16708144444;982;970
2541;16310108000;16208455555;16708455555;1398;1386
2542;16310117000;16208455555;16708455555;1400;1388
2543;16310120000;16208455555;16708455555;1398;1386
2544;16310124000;16249800000;16749800000;1400;1388
2545;16310127000;16249800000;16749800000;1400;1388
2546;16310130000;16249800000;16749800000;1398;1386
2548;16310133000;16249800000;16749800000;1398;1386
2549;16310137000;16249800000;16749800000;1400;1388
2550;16310140000;16249800000;16749800000;1400;1388
2551;16310143000;16249811111;16749811111;982;970
2552;16351742000;16250133333;16750133333;1398;1386
2553;16351750000;16250133333;16750133333;1400;1388
2554;16351754000;16250133333;16750133333;1398;1386
2555;16351757000;16291433333;16791433333;1400;1388
2556;16351760000;16291433333;16791433333;1400;1388
2557;16351762000;16291433333;16791433333;1398;1386
2558;16351765000;16291433333;16791433333;1400;1388
2559;16351768000;16291433333;16791433333;1398;1386
2561;16351771000;16291433333;16791433333;1400;1388
2562;16351775000;16291444444;16791444444;982;970
2563;16393445000;16291800000;16791800000;1398;1386
2564;16393454000;16291800000;16791800000;1400;1388
2566;16393458000;16333133333;16833133333;1400;1388
2567;16393462000;16333133333;16833133333;1400;1388
2568;16393465000;16333133333;16833133333;1398;1386
2569;16393468000;16333133333;16833133333;1400;1388
2570;16393471000;16333133333;16833133333;1398;1386
2571;16393474000;16333133333;16833133333;1400;1388
2572;16393477000;16333133333;16833133333;1400;1388
2573;16393480000;16333155555;16833155555;982;970
2574;16435097000;16333444444;16833444444;1398;1386
2575;16435106000;16333444444;16833444444;1400;1388
2576;16435110000;16333444444;16833444444;1398;1386
2577;16435113000;16374800000;16874800000;1400;1388
2578;16435116000;16374800000;16874800000;1400;1388
2580;16435119000;16374800000;16874800000;1400;1388
2581;16435123000;16374800000;16874800000;1398;1386
2582;16435126000;16374800000;16874800000;1400;1388
2583;16435130000;16374800000;16874800000;1400;1388
2584;16435133000;16374811111;16874811111;982;970
2585;16476762000;16375088888;16875088888;1398;1386
2586;16476771000;16375088888;16875088888;1400;1388
2587;16476774000;16375088888;16875088888;1398;1386
2588;16476778000;16416466666;16916466666;1400;1388
2590;16476781000;16416466666;16916466666;1398;1386
2593;16476785000;16416466666;16916466666;1400;1388
2594;16476788000;16416466666;16916466666;1400;1388
2595;16476791000;16416477777;16916477777;982;970
2596;16518431000;16416800000;16916800000;1398;1386
2597;16518441000;16416800000;16916800000;1400;1388
2598;16518444000;16416800000;16916800000;1398;1386
2599;16518447000;16458133333;16958133333;1400;1388
2600;16518450000;16458133333;16958133333;1400;1388
2601;16518454000;16458133333;16958133333;1398;1386
2602;16518457000;16458133333;16958133333;1400;1388
2603;16518460000;16458133333;16958133333;1398;1386
2604;16518463000;16458133333;16958133333;1400;1388
2605;16518466000;16458133333;16958133333;1400;1388
2606;16518469000;16458155555;16958155555;982;970
2607;16560103000;16458455555;16958455555;1398;1386
2609;16560112000;16458455555;16958455555;1398;1386
2610;16560118000;16499800000;16999800000;1400;1388
2611;16560131000;16499800000;16999800000;1400;1388
2612;16560144000;16499800000;16999800000;1398;1386
2615;16560147000;16499800000;16999800000;1400;1388
2616;16560150000;16499800000;16999800000;1400;1388
2618;16601773000;16500111111;17000111111;1398;1386
2619;16601781000;16500111111;17000111111;1400;1388
2620;16601785000;16500111111;17000111111;1398;1386
2621;16601788000;16541466666;17041466666;1400;1388
2622;16601791000;16541466666;17041466666;1400;1388
2623;16601794000;16541466666;17041466666;1398;1386
2625;16601798000;16541466666;17041466666;1398;1386
2626;16601801000;16541466666;17041466666;1400;1388
2627;16601804000;16541466666;17041466666;1400;1388
2629;16643444000;16541788888;17041788888;1398;1386
2630;16643453000;16541788888;17041788888;1400;1388
2631;16643457000;16541788888;17041788888;1398;1386
2632;16643460000;16583133333;17083133333;1400;1388
2633;16643463000;16583133333;17083133333;1400;1388
2635;16643466000;16583133333;17083133333;1400;1388
2636;16643470000;16583133333;17083133333;1398;1386
2637;16643473000;16583133333;17083133333;1400;1388
2638;16643476000;16583133333;17083133333;1400;1388
2639;16643479000;16583144444;17083144444;982;970
2640;16685110000;16583422222;17083422222;1398;1386
2641;16685127000;16583422222;17083422222;1400;1388
2642;16685131000;16583422222;17083422222;1398;1386
2644;16685134000;16624800000;17124800000;1400;1388
2645;16685139000;16624800000;17124800000;1398;1386
2646;16685142000;16624800000;17124800000;1400;1388
2647;16685145000;16624800000;17124800000;1398;1386
2648;16685148000;16624800000;17124800000;1400;1388
2649;16685151000;16624800000;17124800000;1400;1388
2650;16685153000;16624811111;17124811111;982;970
2651;16726733000;16625066666;17125066666;1398;1386
2652;16726741000;16625066666;17125066666;1400;1388
2654;16726745000;16666433333;17166433333;1400;1388
2655;16726748000;16666433333;17166433333;1400;1388
2656;16726751000;16666433333;17166433333;1398;1386
2657;16726754000;16666433333;17166433333;1400;1388
2658;16726758000;16666433333;17166433333;1398;1386
2659;16726761000;16666433333;17166433333;1400;1388
2660;16726764000;16666433333;17166433333;1400;1388
2661;16726767000;16666444444;17166444444;982;970
2662;16768441000;16666744444;17166744444;1398;1386
2663;16768450000;16666744444;17166744444;1400;1388
2664;16768454000;16666744444;17166744444;1398;1386
2665;16768457000;16708133333;17208133333;1400;1388
2666;16768460000;16708133333;17208133333;1400;1388
2667;16768463000;16708133333;17208133333;1398;1386
2668;16768466000;16708133333;17208133333;1400;1388
2669;16768469000;16708133333;17208133333;1398;1386
2670;16768472000;16708133333;17208133333;1400;1388
2673;16810108000;16708422222;17208422222;1398;1386
2674;16810129000;16708422222;17208422222;1400;1388
2675;16810133000;16708422222;17208422222;1398;1386
2676;16810136000;16749800000;17249800000;1400;1388
2677;16810140000;16749800000;17249800000;1400;1388
2678;16810143000;16749800000;17249800000;1398;1386
2679;16810146000;16749800000;17249800000;1400;1388
2680;16810158000;16749800000;17249800000;1398;1386
2681;16810161000;16749800000;17249800000;1400;1388
2682;16810165000;16749800000;17249800000;1400;1388
2683;16810168000;16749811111;17249811111;982;970
2684;16851774000;16750088888;17250088888;1398;1386
2685;16851783000;16750088888;17250088888;1400;1388
2686;16851786000;16750088888;17250088888;1398;1386
2687;16851789000;16791466666;17291466666;1400;1388
2688;16851793000;16791466666;17291466666;1400;1388
2689;16851796000;16791466666;17291466666;1398;1386
2690;16851799000;16791466666;17291466666;1400;1388
2691;16851802000;16791466666;17291466666;1398;1386
2692;16851805000;16791466666;17291466666;1400;1388
2693;16851808000;16791466666;17291466666;1400;1388
2694;16851811000;16791477777;17291477777;982;970
2695;16893440000;16791766666;17291766666;1398;1386
2696;16893448000;16791766666;17291766666;1400;1388
2697;16893452000;16791766666;17291766666;1398;1386
2699;16893455000;16833133333;17333133333;1400;1388
2700;16893460000;16833133333;17333133333;1398;1386
2701;16893474000;16833133333;17333133333;1400;1388
2703;16893477000;16833133333;17333133333;1400;1388
2704;16893486000;16833133333;17333133333;1400;1388
2705;16893509000;16833155555;17333155555;982;970
2706;16935112000;16833422222;17333422222;1398;1386
2707;16935121000;16833422222;17333422222;1400;1388
2708;16935125000;16833422222;17333422222;1398;1386
2709;16935128000;16874800000;17374800000;1400;1388
2710;16935132000;16874800000;17374800000;1400;1388
2712;16935135000;16874800000;17374800000;1400;1388
2714;16935138000;16874800000;17374800000;1400;1388
2715;16935142000;16874800000;17374800000;1400;1388
2716;16935145000;16874811111;17374811111;982;970
2717;16976765000;16875077777;17375077777;1398;1386
2718;16976774000;16875077777;17375077777;1400;1388
2719;16976778000;16875077777;17375077777;1398;1386
2721;16976782000;16916466666;17416466666;1400;1388
2723;16976786000;16916466666;17416466666;1400;1388
2724;16976789000;16916466666;17416466666;1398;1386
2725;16976792000;16916466666;17416466666;1400;1388
2726;16976796000;16916466666;17416466666;1400;1388
2727;16976799000;16916477777;17416477777;982;970
2728;17018428000;16916766666;17416766666;1398;1386
2729;17018436000;16916766666;17416766666;1400;1388
2730;17018440000;16916766666;17416766666;1398;1386
2731;17018443000;16958133333;17458133333;1400;1388
2732;17018446000;16958133333;17458133333;1400;1388
2733;17018449000;16958133333;17458133333;1398;1386
2734;17018452000;16958133333;17458133333;1400;1388
2735;17018455000;16958133333;17458133333;1398;1386
2738;17018458000;16958144444;17458144444;982;970
2739;17060107000;16958422222;17458422222;1398;1386
2742;17060117000;16999800000;17499800000;1400;1388
2743;17060121000;16999800000;17499800000;1400;1388
2744;17060125000;16999800000;17499800000;1398;1386
2746;17060128000;16999800000;17499800000;1398;1386
2747;17060132000;16999800000;17499800000;1400;1388
2748;17060135000;16999800000;17499800000;1400;1388
2749;17060138000;16999811111;17499811111;982;970
2750;17101735000;17000111111;17500111111;1398;1386
2751;17101744000;17000111111;17500111111;1400;1388
2752;17101748000;17000111111;17500111111;1398;1386
2753;17101751000;17041433333;17541433333;1400;1388
2754;17101755000;17041433333;17541433333;1400;1388
2755;17101758000;17041433333;17541433333;1398;1386
2756;17101761000;17041433333;17541433333;1400;1388
2759;17101764000;17041433333;17541433333;1400;1388
2760;17101768000;17041444444;17541444444;982;970
2761;17143432000;17041733333;17541733333;1398;1386
2762;17143441000;17041733333;17541733333;1400;1388
2764;17143445000;17083133333;17583133333;1400;1388
2765;17143448000;17083133333;17583133333;1400;1388
2766;17143452000;17083133333;17583133333;1398;1386
2767;17143455000;17083133333;17583133333;1400;1388
2768;17143457000;17083133333;17583133333;1398;1386
2769;17143460000;17083133333;17583133333;1400;1388
2770;17143463000;17083133333;17583133333;1400;1388
2771;17143466000;17083144444;17583144444;982;970
2772;17185111000;17083422222;17583422222;1398;1386
2774;17185120000;17083422222;17583422222;1398;1386
2775;17185124000;17124800000;17624800000;1400;1388
2776;17185128000;17124800000;17624800000;1400;1388
2777;17185132000;17124800000;17624800000;1398;1386
2778;17185135000;17124800000;17624800000;1400;1388
2779;17185138000;17124800000;17624800000;1398;1386
2780;17185141000;17124800000;17624800000;1400;1388
2782;17185144000;17124811111;17624811111;982;970
2783;17226764000;17125066666;17625066666;1398;1386
2786;17226774000;17166466666;17666466666;1400;1388
2787;17226778000;17166466666;17666466666;1400;1388
2788;17226781000;17166466666;17666466666;1398;1386
2789;17226784000;17166466666;17666466666;1400;1388
2790;17226788000;17166466666;17666466666;1398;1386
2791;17226791000;17166466666;17666466666;1400;1388
2792;17226794000;17166466666;17666466666;1400;1388
2793;17226797000;17166477777;17666477777;982;970
2795;17268428000;17166777777;17666777777;1400;1388
2796;17268437000;17166777777;17666777777;1398;1386
2797;17268441000;17208133333;17708133333;1400;1388
2798;17268444000;17208133333;17708133333;1400;1388
2800;17268447000;17208133333;17708133333;1400;1388
2801;17268451000;17208133333;17708133333;1398;1386
2802;17268454000;17208133333;17708133333;1400;1388
2803;17268477000;17208133333;17708133333;1400;1388
2804;17268481000;17208144444;17708144444;982;970
2805;17310111000;17208433333;17708433333;1398;1386
2806;17310119000;17208433333;17708433333;1400;1388
2807;17310123000;17208433333;17708433333;1398;1386
2808;17310126000;17249800000;17749800000;1400;1388
2809;17310129000;17249800000;17749800000;1400;1388
2810;17310132000;17249800000;17749800000;1398;1386
2811;17310135000;17249800000;17749800000;1400;1388
2812;17310138000;17249800000;17749800000;1398;1386
2813;17310141000;17249800000;17749800000;1400;1388
2814;17310144000;17249800000;17749800000;1400;1388
2815;17310147000;17249811111;17749811111;982;970
2819;17351791000;17291466666;17791466666;1400;1388
2820;17351812000;17291466666;17791466666;1400;1388
2821;17351817000;17291466666;17791466666;1398;1386
2822;17351820000;17291466666;17791466666;1400;1388
2823;17351823000;17291466666;17791466666;1398;1386
2824;17351827000;17291466666;17791466666;1400;1388
2825;17351830000;17291466666;17791466666;1400;1388
2826;17351842000;17291477777;17791477777;982;970
2827;17393426000;17291755555;17791755555;1398;1386
2828;17393434000;17291755555;17791755555;1400;1388
2829;17393438000;17291755555;17791755555;1398;1386
2830;17393441000;17333133333;17833133333;1400;1388
2831;17393444000;17333133333;17833133333;1400;1388
2832;17393447000;17333133333;17833133333;1398;1386
2833;17393450000;17333133333;17833133333;1400;1388
2834;17393453000;17333133333;17833133333;1398;1386
2835;17393456000;17333133333;17833133333;1400;1388
2836;17393459000;17333133333;17833133333;1400;1388
2837;17393462000;17333144444;17833144444;982;970
2839;17435116000;17333411111;17833411111;1400;1388
2840;17435137000;17333411111;17833411111;1398;1386
2841;17435142000;17374800000;17874800000;1400;1388
2842;17435146000;17374800000;17874800000;1400;1388
2843;17435149000;17374800000;17874800000;1398;1386
2844;17435153000;17374800000;17874800000;1400;1388
2845;17435156000;17374800000;17874800000;1398;1386
2846;17435168000;17374800000;17874800000;1400;1388
2847;17435172000;17374800000;17874800000;1400;1388
2848;17435175000;17374811111;17874811111;982;970
2849;17476729000;17375066666;17875066666;1398;1386
2850;17476737000;17375066666;17875066666;1400;1388
2851;17476740000;17375066666;17875066666;1398;1386
2852;17476744000;17416433333;17916433333;1400;1388
2853;17476747000;17416433333;17916433333;1400;1388
2854;17476750000;17416433333;17916433333;1398;1386
2855;17476753000;17416433333;17916433333;1400;1388
2856;17476756000;17416433333;17916433333;1398;1386
2857;17476759000;17416433333;17916433333;1400;1388
2858;17476762000;17416433333;17916433333;1400;1388
2859;17476766000;17416444444;17916444444;982;970
2860;17518445000;17416755555;17916755555;1398;1386
2861;17518454000;17416755555;17916755555;1400;1388
2862;17518457000;17416755555;17916755555;1398;1386
2863;17518461000;17458133333;17958133333;1400;1388
2864;17518464000;17458133333;17958133333;1400;1388
2865;17518467000;17458133333;17958133333;1398;1386
2868;17518470000;17458133333;17958133333;1400;1388
2869;17518476000;17458133333;17958133333;1400;1388
2870;17518490000;17458155555;17958155555;982;970
2871;17560098000;17458433333;17958433333;1398;1386
2872;17560107000;17458433333;17958433333;1400;1388
2874;17560110000;17499800000;17999800000;1400;1388
2875;17560114000;17499800000;17999800000;1400;1388
2876;17560117000;17499800000;17999800000;1398;1386
2877;17560120000;17499800000;17999800000;1400;1388
2878;17560123000;17499800000;17999800000;1398;1386
2879;17560127000;17499800000;17999800000;1400;1388
2880;17560130000;17499800000;17999800000;1400;1388
2881;17560133000;17499811111;17999811111;982;970
2883;17601767000;17500100000;18000100000;1400;1388
2884;17601777000;17500100000;18000100000;1398;1386
2885;17601781000;17541466666;18041466666;1400;1388
2886;17601785000;17541466666;18041466666;1400;1388
2887;17601788000;17541466666;18041466666;1398;1386
2888;17601792000;17541466666;18041466666;1400;1388
2889;17601795000;17541466666;18041466666;1398;1386
2891;17601798000;17541466666;18041466666;1400;1388
2892;17601802000;17541477777;18041477777;982;970
2893;17643429000;17541777777;18041777777;1398;1386
2894;17643437000;17541777777;18041777777;1400;1388
2895;17643440000;17541777777;18041777777;1398;1386
2896;17643443000;17583133333;18083133333;1400;1388
2897;17643446000;17583133333;18083133333;1400;1388
2898;17643450000;17583133333;18083133333;1398;1386
2899;17643453000;17583133333;18083133333;1400;1388
2900;17643456000;17583133333;18083133333;1398;1386
2901;17643459000;17583133333;18083133333;1400;1388
2902;17643462000;17583133333;18083133333;1400;1388
2903;17643464000;17583155555;18083155555;982;970
2904;17685114000;17583411111;18083411111;1398;1386
2905;17685133000;17583411111;18083411111;1400;1388
2907;17685136000;17624800000;18124800000;1400;1388
2908;17685142000;17624800000;18124800000;1400;1388
2909;17685156000;17624800000;18124800000;1398;1386
2910;17685159000;17624800000;18124800000;1400;1388
2911;17685168000;17624800000;18124800000;1398;1386
2912;17685171000;17624800000;18124800000;1400;1388
2913;17685174000;17624800000;18124800000;1400;1388
2914;17685177000;17624811111;18124811111;982;970
2915;17726745000;17625055555;18125055555;1398;1386
2916;17726754000;17625055555;18125055555;1400;1388
2917;17726757000;17625055555;18125055555;1398;1386
2918;17726761000;17666433333;18166433333;1400;1388
2919;17726764000;17666433333;18166433333;1400;1388
2920;17726767000;17666433333;18166433333;1398;1386
2921;17726770000;17666433333;18166433333;1400;1388
2922;17726773000;17666433333;18166433333;1398;1386
2923;17726776000;17666433333;18166433333;1400;1388
2924;17726779000;17666433333;18166433333;1400;1388
2926;17768441000;17666733333;18166733333;1398;1386
2927;17768462000;17666733333;18166733333;1400;1388
2928;17768466000;17666733333;18166733333;1398;1386
2929;17768469000;17708133333;18208133333;1400;1388
2930;17768472000;17708133333;18208133333;1400;1388
2931;17768476000;17708133333;18208133333;1398;1386
2932;17768479000;17708133333;18208133333;1400;1388
2933;17768491000;17708133333;18208133333;1398;1386
2935;17768494000;17708133333;18208133333;1400;1388
2936;17768497000;17708155555;18208155555;982;970
2937;17810104000;17708400000;18208400000;1398;1386
2938;17810112000;17708400000;18208400000;1400;1388
2939;17810116000;17708400000;18208400000;1398;1386
2942;17810119000;17749800000;18249800000;1398;1386
2943;17810123000;17749800000;18249800000;1400;1388
2944;17810126000;17749800000;18249800000;1398;1386
2946;17810129000;17749800000;18249800000;1400;1388
2947;17810132000;17749811111;18249811111;982;970
2950;17851772000;17750066666;18250066666;1398;1386
2951;17851781000;17791466666;18291466666;1400;1388
2952;17851784000;17791466666;18291466666;1400;1388
2953;17851788000;17791466666;18291466666;1398;1386
2954;17851791000;17791466666;18291466666;1400;1388
2955;17851794000;17791466666;18291466666;1398;1386
2958;17851797000;17791477777;18291477777;982;970
2959;17893440000;17791755555;18291755555;1398;1386
2960;17893449000;17791755555;18291755555;1400;1388
2961;17893452000;17791755555;18291755555;1398;1386
2962;17893455000;17833133333;18333133333;1400;1388
2963;17893459000;17833133333;18333133333;1400;1388
2964;17893462000;17833133333;18333133333;1398;1386
2965;17893465000;17833133333;18333133333;1400;1388
2966;17893468000;17833133333;18333133333;1398;1386
2967;17893471000;17833133333;18333133333;1400;1388
2968;17893474000;17833133333;18333133333;1400;1388
2969;17893477000;17833144444;18333144444;982;970
2970;17935100000;17833411111;18333411111;1398;1386
2971;17935108000;17833411111;18333411111;1400;1388
2972;17935112000;17833411111;18333411111;1398;1386
2973;17935115000;17874800000;18374800000;1400;1388
2974;17935118000;17874800000;18374800000;1400;1388
2975;17935121000;17874800000;18374800000;1398;1386
2976;17935124000;17874800000;18374800000;1400;1388
2977;17935127000;17874800000;18374800000;1398;1386
2978;17935130000;17874800000;18374800000;1400;1388
2979;17935133000;17874800000;18374800000;1400;1388
2980;17935136000;17874811111;18374811111;982;970
2981;17976754000;17875066666;18375066666;1398;1386
2982;17976762000;17875066666;18375066666;1400;1388
2983;17976774000;17875066666;18375066666;1398;1386
2984;17976777000;17916433333;18416433333;1400;1388
2985;17976781000;17916433333;18416433333;1400;1388
2986;17976784000;17916433333;18416433333;1398;1386
2988;17976787000;17916433333;18416433333;1398;1386
2989;17976792000;17916433333;18416433333;1400;1388
2990;17976806000;17916433333;18416433333;1400;1388
2991;17976809000;17916444444;18416444444;982;970
2993;18018446000;17916744444;18416744444;1400;1388
2994;18018456000;17916744444;18416744444;1398;1386
2995;18018460000;17958133333;18458133333;1400;1388
2996;18018464000;17958133333;18458133333;1400;1388
2997;18018468000;17958133333;18458133333;1398;1386
2998;18018471000;17958133333;18458133333;1400;1388
3000;18018474000;17958133333;18458133333;1400;1388
3001;18018478000;17958133333;18458133333;1400;1388
3002;18018481000;17958155555;18458155555;982;970
3003;18060099000;17958411111;18458411111;1398;1386
3004;18060109000;17958411111;18458411111;1400;1388
3005;18060113000;17958411111;18458411111;1398;1386
3006;18060116000;17999800000;18499800000;1400;1388
3007;18060119000;17999800000;18499800000;1400;1388
3008;18060123000;17999800000;18499800000;1398;1386
3009;18060126000;17999800000;18499800000;1400;1388
3010;18060130000;17999800000;18499800000;1398;1386
3011;18060133000;17999800000;18499800000;1400;1388
3013;18060136000;17999811111;18499811111;982;970
3015;18101765000;18000100000;18500100000;1400;1388
3016;18101774000;18000100000;18500100000;1398;1386
3017;18101778000;18041466666;18541466666;1400;1388
3018;18101782000;18041466666;18541466666;1400;1388
3019;18101785000;18041466666;18541466666;1398;1386
3020;18101788000;18041466666;18541466666;1400;1388
3021;18101791000;18041466666;18541466666;1398;1386
3022;18101794000;18041466666;18541466666;1400;1388
3023;18101797000;18041466666;18541466666;1400;1388
3024;18101800000;18041477777;18541477777;982;970
3026;18143434000;18041744444;18541744444;1400;1388
3027;18143456000;18041744444;18541744444;1398;1386
3028;18143461000;18083133333;18583133333;1400;1388
3029;18143465000;18083133333;18583133333;1400;1388
3030;18143469000;18083133333;18583133333;1398;1386
3031;18143473000;18083133333;18583133333;1400;1388
3032;18143476000;18083133333;18583133333;1398;1386
3033;18143489000;18083133333;18583133333;1400;1388
3034;18143493000;18083133333;18583133333;1400;1388
3035;18143496000;18083144444;18583144444;982;970
3036;18185097000;18083411111;18583411111;1398;1386
3037;18185106000;18083411111;18583411111;1400;1388
3039;18185109000;18124800000;18624800000;1400;1388
3040;18185115000;18124800000;18624800000;1400;1388
3041;18185128000;18124800000;18624800000;1398;1386
3043;18185132000;18124800000;18624800000;1398;1386
3044;18185141000;18124800000;18624800000;1400;1388
3045;18185144000;18124800000;18624800000;1400;1388
3046;18185147000;18124811111;18624811111;982;970
3047;18226765000;18125055555;18625055555;1398;1386
3048;18226773000;18125055555;18625055555;1400;1388
3049;18226777000;18125055555;18625055555;1398;1386
3050;18226780000;18166466666;18666466666;1400;1388
3051;18226784000;18166466666;18666466666;1400;1388
3052;18226787000;18166466666;18666466666;1398;1386
3053;18226790000;18166466666;18666466666;1400;1388
3054;18226793000;18166466666;18666466666;1398;1386
3055;18226796000;18166466666;18666466666;1400;1388
3056;18226799000;18166466666;18666466666;1400;1388
3057;18226802000;18166477777;18666477777;982;970
3058;18268431000;18166766666;18666766666;1398;1386
3059;18268440000;18166766666;18666766666;1400;1388
3060;18268444000;18166766666;18666766666;1398;1386
3061;18268448000;18208133333;18708133333;1400;1388
3063;18268451000;18208133333;18708133333;1398;1386
3064;18268456000;18208133333;18708133333;1400;1388
3065;18268470000;18208133333;18708133333;1398;1386
3066;18268474000;18208133333;18708133333;1400;1388
3067;18268483000;18208133333;18708133333;1400;1388
3068;18268486000;18208155555;18708155555;982;970
3069;18310094000;18208422222;18708422222;1398;1386
3070;18310103000;18208422222;18708422222;1400;1388
3071;18310107000;18208422222;18708422222;1398;1386
3072;18310110000;18249800000;18749800000;1400;1388
3073;18310122000;18249800000;18749800000;1400;1388
3074;18310125000;18249800000;18749800000;1398;1386
3075;18310128000;18249800000;18749800000;1400;1388
3076;18310131000;18249800000;18749800000;1398;1386
3077;18310134000;18249800000;18749800000;1400;1388
3078;18310137000;18249800000;18749800000;1400;1388
3079;18310140000;18249811111;18749811111;982;970
3080;18351773000;18250088888;18750088888;1398;1386
3081;18351781000;18250088888;18750088888;1400;1388
3082;18351785000;18250088888;18750088888;1398;1386
3083;18351788000;18291466666;18791466666;1400;1388
3084;18351791000;18291466666;18791466666;1400;1388
3085;18351794000;18291466666;18791466666;1398;1386
3086;18351797000;18291466666;18791466666;1400;1388
3087;18351800000;18291466666;18791466666;1398;1386
3088;18351803000;18291466666;18791466666;1400;1388
3089;18351806000;18291466666;18791466666;1400;1388
3090;18351809000;18291477777;18791477777;982;970
3091;18393447000;18291744444;18791744444;1398;1386
3092;18393457000;18291744444;18791744444;1400;1388
3093;18393461000;18291744444;18791744444;1398;1386
3094;18393464000;18333133333;18833133333;1400;1388
3095;18393468000;18333133333;18833133333;1400;1388
3096;18393471000;18333133333;18833133333;1398;1386
3097;18393474000;18333133333;18833133333;1400;1388
3098;18393477000;18333133333;18833133333;1398;1386
3100;18393481000;18333133333;18833133333;1400;1388
3101;18393486000;18333144444;18833144444;982;970
3102;18435101000;18333400000;18833400000;1398;1386
3103;18435110000;18333400000;18833400000;1400;1388
3104;18435114000;18333400000;18833400000;1398;1386
3105;18435118000;18374800000;18874800000;1400;1388
3106;18435121000;18374800000;18874800000;1400;1388
3107;18435125000;18374800000;18874800000;1398;1386
3108;18435128000;18374800000;18874800000;1400;1388
3109;18435131000;18374800000;18874800000;1398;1386
3110;18435134000;18374800000;18874800000;1400;1388
3111;18435138000;18374800000;18874800000;1400;1388
3113;18476733000;18375055555;18875055555;1398;1386
3114;18476754000;18375055555;18875055555;1400;1388
3116;18476759000;18416433333;18916433333;1400;1388
3117;18476762000;18416433333;18916433333;1400;1388
3118;18476766000;18416433333;18916433333;1398;1386
3121;18476769000;18416433333;18916433333;1400;1388
3122;18476773000;18416433333;18916433333;1400;1388
3123;18476785000;18416444444;18916444444;982;970
3124;18518432000;18416733333;18916733333;1398;1386
3125;18518441000;18416733333;18916733333;1400;1388
3126;18518445000;18416733333;18916733333;1398;1386
3127;18518448000;18458133333;18958133333;1400;1388
3128;18518451000;18458133333;18958133333;1400;1388
3129;18518455000;18458133333;18958133333;1398;1386
3130;18518458000;18458133333;18958133333;1400;1388
3131;18518461000;18458133333;18958133333;1398;1386
3132;18518464000;18458133333;18958133333;1400;1388
3133;18518467000;18458133333;18958133333;1400;1388
3134;18518470000;18458155555;18958155555;982;970
3135;18560091000;18458422222;18958422222;1398;1386
3136;18560099000;18458422222;18958422222;1400;1388
3137;18560103000;18458422222;18958422222;1398;1386
3138;18560106000;18499800000;18999800000;1400;1388
3139;18560110000;18499800000;18999800000;1400;1388
3141;18560112000;18499800000;18999800000;1400;1388
3142;18560118000;18499800000;18999800000;1398;1386
3143;18560131000;18499800000;18999800000;1400;1388
3145;18560134000;18499811111;18999811111;982;970
3147;18601774000;18500077777;19000077777;1400;1388
3148;18601783000;18500077777;19000077777;1398;1386
3149;18601786000;18541466666;19041466666;1400;1388
3150;18601789000;18541466666;19041466666;1400;1388
3151;18601792000;18541466666;19041466666;1398;1386
3152;18601795000;18541466666;19041466666;1400;1388
3153;18601798000;18541466666;19041466666;1398;1386
3154;18601801000;18541466666;19041466666;1400;1388
3155;18601804000;18541466666;19041466666;1400;1388
3157;18643443000;18541766666;19041766666;1398;1386
3158;18643465000;18541766666;19041766666;1400;1388
3162;18643469000;18583133333;19083133333;1398;1386
3163;18643473000;18583133333;19083133333;1400;1388
3164;18643476000;18583133333;19083133333;1398;1386
3165;18643479000;18583133333;19083133333;1400;1388
3166;18643501000;18583133333;19083133333;1400;1388
3167;18643504000;18583144444;19083144444;982;970
3169;18685104000;18583422222;19083422222;1400;1388
3170;18685126000;18583422222;19083422222;1398;1386
3171;18685130000;18624800000;19124800000;1400;1388
3172;18685142000;18624800000;19124800000;1400;1388
3173;18685146000;18624800000;19124800000;1398;1386
3174;18685149000;18624800000;19124800000;1400;1388
3175;18685152000;18624800000;19124800000;1398;1386
3176;18685155000;18624800000;19124800000;1400;1388
3177;18685158000;18624800000;19124800000;1400;1388
3178;18685161000;18624811111;19124811111;982;970
3179;18726730000;18625066666;19125066666;1398;1386
3180;18726739000;18625066666;19125066666;1400;1388
3181;18726742000;18625066666;19125066666;1398;1386
3182;18726745000;18666433333;19166433333;1400;1388
3183;18726749000;18666433333;19166433333;1400;1388
3184;18726752000;18666433333;19166433333;1398;1386
3185;18726755000;18666433333;19166433333;1400;1388
3186;18726758000;18666433333;19166433333;1398;1386
3187;18726761000;18666433333;19166433333;1400;1388
3189;18726764000;18666444444;19166444444;982;970
3190;18768439000;18666744444;19166744444;1398;1386
3192;18768447000;18666744444;19166744444;1398;1386
3193;18768451000;18708133333;19208133333;1400;1388
3194;18768454000;18708133333;19208133333;1400;1388
3195;18768457000;18708133333;19208133333;1398;1386
3196;18768460000;18708133333;19208133333;1400;1388
3197;18768463000;18708133333;19208133333;1398;1386
3198;18768466000;18708133333;19208133333;1400;1388
3199;18768469000;18708133333;19208133333;1400;1388
3200;18768472000;18708155555;19208155555;982;970
3201;18810111000;18708422222;19208422222;1398;1386
3202;18810120000;18708422222;19208422222;1400;1388
3204;18810123000;18749800000;19249800000;1400;1388
3205;18810129000;18749800000;19249800000;1400;1388
3206;18810143000;18749800000;19249800000;1398;1386
3207;18810147000;18749800000;19249800000;1400;1388
3208;18810150000;18749800000;19249800000;1398;1386
3209;18810153000;18749800000;19249800000;1400;1388
3210;18810156000;18749800000;19249800000;1400;1388
3211;18810160000;18749811111;19249811111;982;970
3212;18851767000;18750088888;19250088888;1398;1386
3213;18851776000;18750088888;19250088888;1400;1388
3214;18851780000;18750088888;19250088888;1398;1386
3215;18851783000;18791466666;19291466666;1400;1388
3216;18851786000;18791466666;19291466666;1400;1388
3217;18851790000;18791466666;19291466666;1398;1386
3218;18851793000;18791466666;19291466666;1400;1388
3219;18851796000;18791466666;19291466666;1398;1386
3220;18851800000;18791466666;19291466666;1400;1388
3221;18851803000;18791466666;19291466666;1400;1388
3222;18851807000;18791477777;19291477777;982;970
3223;18893424000;18791755555;19291755555;1398;1386
3224;18893432000;18791755555;19291755555;1400;1388
3225;18893436000;18791755555;19291755555;1398;1386
3226;18893439000;18833133333;19333133333;1400;1388
3227;18893442000;18833133333;19333133333;1400;1388
3228;18893445000;18833133333;19333133333;1398;1386
3229;18893448000;18833133333;19333133333;1400;1388
3230;18893451000;18833133333;19333133333;1398;1386
3231;18893454000;18833133333;19333133333;1400;1388
3232;18893457000;18833133333;19333133333;1400;1388
3233;18893460000;18833144444;19333144444;982;970
3234;18935099000;18833422222;19333422222;1398;1386
3235;18935108000;18833422222;19333422222;1400;1388
3236;18935111000;18833422222;19333422222;1398;1386
3238;18935114000;18874800000;19374800000;1400;1388
3240;18935120000;18874800000;19374800000;1400;1388
3241;18935133000;18874800000;19374800000;1398;1386
3242;18935137000;18874800000;19374800000;1400;1388
3243;18935145000;18874800000;19374800000;1400;1388
3244;18935148000;18874811111;19374811111;982;970
3245;18976754000;18875077777;19375077777;1398;1386
3246;18976763000;18875077777;19375077777;1400;1388
3247;18976767000;18875077777;19375077777;1398;1386
3248;18976770000;18916433333;19416433333;1400;1388
3249;18976773000;18916433333;19416433333;1400;1388
3250;18976777000;18916433333;19416433333;1398;1386
3251;18976780000;18916433333;19416433333;1400;1388
3252;18976791000;18916433333;19416433333;1398;1386
3253;18976795000;18916433333;19416433333;1400;1388
3254;18976798000;18916433333;19416433333;1400;1388
3255;18976801000;18916444444;19416444444;982;970
3256;19018433000;18916744444;19416744444;1398;1386
3257;19018441000;18916744444;19416744444;1400;1388
3258;19018445000;18916744444;19416744444;1398;1386
3259;19018449000;18958133333;19458133333;1400;1388
3260;19018452000;18958133333;19458133333;1400;1388
3261;19018455000;18958133333;19458133333;1398;1386
3262;19018458000;18958133333;19458133333;1400;1388
3263;19018461000;18958133333;19458133333;1398;1386
3264;19018465000;18958133333;19458133333;1400;1388
3265;19018467000;18958133333;19458133333;1400;1388
3266;19018471000;18958144444;19458144444;982;970
3267;19060094000;18958422222;19458422222;1398;1386
3268;19060103000;18958422222;19458422222;1400;1388
3269;19060106000;18958422222;19458422222;1398;1386
3270;19060109000;18999800000;19499800000;1400;1388
3271;19060113000;18999800000;19499800000;1400;1388
3272;19060116000;18999800000;19499800000;1398;1386
3273;19060119000;18999800000;19499800000;1400;1388
3274;19060122000;18999800000;19499800000;1398;1386
3275;19060126000;18999800000;19499800000;1400;1388
3276;19060128000;18999800000;19499800000;1400;1388
3277;19060131000;18999811111;19499811111;982;970
3278;19101741000;19000111111;19500111111;1398;1386
3279;19101749000;19000111111;19500111111;1400;1388
3280;19101753000;19000111111;19500111111;1398;1386
3281;19101756000;19041433333;19541433333;1400;1388
3282;19101759000;19041433333;19541433333;1400;1388
3283;19101762000;19041433333;19541433333;1398;1386
3285;19101765000;19041433333;19541433333;1398;1386
3286;19101770000;19041433333;19541433333;1400;1388
3288;19101784000;19041444444;19541444444;982;970
3289;19143449000;19041733333;19541733333;1398;1386
3290;19143459000;19041733333;19541733333;1400;1388
3291;19143463000;19041733333;19541733333;1398;1386
3292;19143466000;19083133333;19583133333;1400;1388
3293;19143470000;19083133333;19583133333;1400;1388
3294;19143474000;19083133333;19583133333;1398;1386
3295;19143477000;19083133333;19583133333;1400;1388
3296;19143481000;19083133333;19583133333;1398;1386
3298;19143484000;19083133333;19583133333;1400;1388
3299;19143488000;19083144444;19583144444;982;970
3300;19185109000;19083422222;19583422222;1398;1386
3301;19185118000;19083422222;19583422222;1400;1388
3302;19185121000;19083422222;19583422222;1398;1386
3303;19185125000;19124811111;19624811111;1400;1388
3304;19185128000;19124811111;19624811111;1400;1388
3306;19185131000;19124811111;19624811111;1400;1388
3307;19185135000;19124811111;19624811111;1398;1386
3309;19185138000;19124811111;19624811111;1400;1388
3310;19185141000;19124822222;19624822222;982;970
3311;19226736000;19125088888;19625088888;1398;1386
3312;19226745000;19125088888;19625088888;1400;1388
3314;19226748000;19166433333;19666433333;1400;1388
3315;19226752000;19166433333;19666433333;1400;1388
3316;19226756000;19166433333;19666433333;1398;1386
3317;19226759000;19166433333;19666433333;1400;1388
3318;19226762000;19166433333;19666433333;1398;1386
3319;19226765000;19166433333;19666433333;1400;1388
3320;19226768000;19166433333;19666433333;1400;1388
3321;19226771000;19166444444;19666444444;982;970
3323;19268433000;19166744444;19666744444;1400;1388
3324;19268442000;19166744444;19666744444;1398;1386
3325;19268446000;19208133333;19708133333;1400;1388
3326;19268449000;19208133333;19708133333;1400;1388
3327;19268453000;19208133333;19708133333;1398;1386
3328;19268456000;19208133333;19708133333;1400;1388
3329;19268459000;19208133333;19708133333;1398;1386
3330;19268462000;19208133333;19708133333;1400;1388
3331;19268466000;19208133333;19708133333;1400;1388
3332;19268469000;19208155555;19708155555;982;970
3333;19310099000;19208433333;19708433333;1398;1386
3334;19310108000;19208433333;19708433333;1400;1388
3335;19310112000;19208433333;19708433333;1398;1386
3336;19310115000;19249800000;19749800000;1400;1388
3337;19310118000;19249800000;19749800000;1400;1388
3338;19310121000;19249800000;19749800000;1398;1386
3339;19310124000;19249800000;19749800000;1400;1388
3340;19310136000;19249800000;19749800000;1398;1386
3342;19310140000;19249800000;19749800000;1400;1388
3343;19310145000;19249811111;19749811111;982;970
3344;19351730000;19250111111;19750111111;1398;1386
3345;19351739000;19250111111;19750111111;1400;1388
3347;19351742000;19291433333;19791433333;1400;1388
3348;19351746000;19291433333;19791433333;1400;1388
3349;19351750000;19291433333;19791433333;1398;1386
3350;19351753000;19291433333;19791433333;1400;1388
3351;19351756000;19291433333;19791433333;1398;1386
3352;19351759000;19291433333;19791433333;1400;1388
3353;19351762000;19291433333;19791433333;1400;1388
3354;19351765000;19291444444;19791444444;982;970
3355;19393438000;19291722222;19791722222;1398;1386
3356;19393447000;19291722222;19791722222;1400;1388
3357;19393450000;19291722222;19791722222;1398;1386
3358;19393453000;19333133333;19833133333;1400;1388
3359;19393457000;19333133333;19833133333;1400;1388
3360;19393460000;19333133333;19833133333;1398;1386
3361;19393463000;19333133333;19833133333;1400;1388
3362;19393466000;19333133333;19833133333;1398;1386
3363;19393469000;19333133333;19833133333;1400;1388
3364;19393472000;19333133333;19833133333;1400;1388
3365;19393475000;19333144444;19833144444;982;970
3366;19435112000;19333411111;19833411111;1398;1386
3368;19435121000;19333411111;19833411111;1398;1386
3369;19435127000;19374800000;19874800000;1400;1388
3370;19435141000;19374800000;19874800000;1400;1388
3371;19435145000;19374800000;19874800000;1398;1386
3373;19435148000;19374800000;19874800000;1398;1386
3374;19435152000;19374800000;19874800000;1400;1388
3375;19435155000;19374800000;19874800000;1400;1388
3376;19435158000;19374811111;19874811111;982;970
3377;19476762000;19375066666;19875066666;1398;1386
3378;19476771000;19375066666;19875066666;1400;1388
3379;19476775000;19375066666;19875066666;1398;1386
3380;19476779000;19416466666;19916466666;1400;1388
3381;19476782000;19416466666;19916466666;1400;1388
3382;19476785000;19416466666;19916466666;1398;1386
3383;19476788000;19416466666;19916466666;1400;1388
3384;19476791000;19416466666;19916466666;1398;1386
3385;19476794000;19416466666;19916466666;1400;1388
3386;19476798000;19416466666;19916466666;1400;1388
3387;19476801000;19416477777;19916477777;982;970
3388;19518428000;19416777777;19916777777;1398;1386
3389;19518436000;19416777777;19916777777;1400;1388
3390;19518440000;19416777777;19916777777;1398;1386
3391;19518443000;19458133333;19958133333;1400;1388
3392;19518446000;19458133333;19958133333;1400;1388
3393;19518449000;19458133333;19958133333;1398;1386
3394;19518452000;19458133333;19958133333;1400;1388
3395;19518455000;19458133333;19958133333;1398;1386
3396;19518458000;19458133333;19958133333;1400;1388
3397;19518461000;19458133333;19958133333;1400;1388
3398;19518464000;19458144444;19958144444;982;970
3399;19560097000;19458433333;19958433333;1398;1386
3400;19560106000;19458433333;19958433333;1400;1388
3401;19560110000;19458433333;19958433333;1398;1386
3402;19560113000;19499800000;19999800000;1400;1388
3403;19560116000;19499800000;19999800000;1400;1388
3405;19560119000;19499800000;19999800000;1400;1388
3406;19560125000;19499800000;19999800000;1398;1386
3407;19560139000;19499800000;19999800000;1400;1388
3408;19560142000;19499800000;19999800000;1400;1388
3409;19560151000;19499811111;19999811111;982;970
3410;19601738000;19500088888;20000088888;1398;1386
3411;19601748000;19500088888;20000088888;1400;1388
3412;19601752000;19500088888;20000088888;1398;1386
3413;19601755000;19541433333;20041433333;1400;1388
3414;19601759000;19541433333;20041433333;1400;1388
3415;19601762000;19541433333;20041433333;1398;1386
3416;19601765000;19541433333;20041433333;1400;1388
3417;19601768000;19541433333;20041433333;1398;1386
3418;19601771000;19541433333;20041433333;1400;1388
3419;19601775000;19541433333;20041433333;1400;1388
3420;19601778000;19541444444;20041444444;982;970
3422;19643434000;19541744444;20041744444;1400;1388
3423;19643456000;19541744444;20041744444;1398;1386
3425;19643461000;19583133333;20083133333;1400;1388
3426;19643472000;19583133333;20083133333;1398;1386
3427;19643476000;19583133333;20083133333;1400;1388
3428;19643498000;19583133333;20083133333;1398;1386
3429;19643502000;19583133333;20083133333;1400;1388
3430;19643505000;19583133333;20083133333;1400;1388
3431;19643508000;19583144444;20083144444;982;970
3434;19685093000;19583433333;20083433333;1398;1386
3435;19685103000;19624800000;20124800000;1400;1388
3436;19685116000;19624800000;20124800000;1400;1388
3438;19685120000;19624800000;20124800000;1400;1388
3439;19685123000;19624800000;20124800000;1398;1386
3441;19685126000;19624800000;20124800000;1400;1388
3443;19726785000;19625077777;20125077777;1398;1386
3447;19726794000;19666466666;20166466666;1400;1388
3448;19726798000;19666466666;20166466666;1398;1386
3449;19726801000;19666466666;20166466666;1400;1388
3450;19726805000;19666466666;20166466666;1398;1386
3451;19726808000;19666466666;20166466666;1400;1388
3452;19726811000;19666466666;20166466666;1400;1388
3453;19726814000;19666477777;20166477777;982;970
3454;19768437000;19666777777;20166777777;1398;1386
3455;19768446000;19666777777;20166777777;1400;1388
3456;19768450000;19666777777;20166777777;1398;1386
3458;19768453000;19708133333;20208133333;1400;1388
3459;19768457000;19708133333;20208133333;1398;1386
3461;19768460000;19708133333;20208133333;1398;1386
3464;19768463000;19708155555;20208155555;982;970
3465;19810113000;19708422222;20208422222;1398;1386
3466;19810123000;19708422222;20208422222;1400;1388
3467;19810126000;19708422222;20208422222;1398;1386
3468;19810130000;19749800000;20249800000;1400;1388
3469;19810133000;19749800000;20249800000;1400;1388
3471;19810136000;19749800000;20249800000;1400;1388
3472;19810140000;19749800000;20249800000;1398;1386
3473;19810144000;19749800000;20249800000;1400;1388
3474;19810147000;19749800000;20249800000;1400;1388
3475;19810150000;19749811111;20249811111;982;970
3476;19851731000;19750100000;20250100000;1398;1386
3477;19851740000;19750100000;20250100000;1400;1388
3478;19851744000;19750100000;20250100000;1398;1386
3479;19851748000;19791433333;20291433333;1400;1388
3480;19851751000;19791433333;20291433333;1400;1388
3481;19851754000;19791433333;20291433333;1398;1386
3484;19851757000;19791433333;20291433333;1400;1388
3486;19851761000;19791444444;20291444444;982;970
3487;19893427000;19791744444;20291744444;1398;1386
3489;19893436000;19791744444;20291744444;1398;1386
3492;19893440000;19833133333;20333133333;1398;1386
3493;19893443000;19833133333;20333133333;1400;1388
3494;19893446000;19833133333;20333133333;1398;1386
3495;19893450000;19833133333;20333133333;1400;1388
3496;19893453000;19833133333;20333133333;1400;1388
3497;19893456000;19833144444;20333144444;982;970
3498;19935097000;19833433333;20333433333;1398;1386
3499;19935106000;19833433333;20333433333;1400;1388
3501;19935109000;19874800000;20374800000;1400;1388
3504;19935113000;19874800000;20374800000;1400;1388
3505;19935116000;19874800000;20374800000;1398;1386
3506;19935120000;19874800000;20374800000;1400;1388
3507;19935123000;19874800000;20374800000;1400;1388
3508;19935126000;19874811111;20374811111;982;970
3509;19976756000;19875088888;20375088888;1398;1386
3510;19976765000;19875088888;20375088888;1400;1388
3511;19976769000;19875088888;20375088888;1398;1386
3512;19976772000;19916433333;20416433333;1400;1388
3513;19976775000;19916433333;20416433333;1400;1388
3515;19976779000;19916433333;20416433333;1400;1388
3516;19976782000;19916433333;20416433333;1398;1386
3517;19976786000;19916433333;20416433333;1400;1388
3518;19976789000;19916433333;20416433333;1400;1388
3519;19976792000;19916444444;20416444444;982;970
3520;20018430000;19916755555;20416755555;1398;1386
3521;20018439000;19916755555;20416755555;1400;1388
3522;20018442000;19916755555;20416755555;1398;1386
3523;20018446000;19958133333;20458133333;1400;1388
3524;20018449000;19958133333;20458133333;1400;1388
3525;20018452000;19958133333;20458133333;1398;1386
3526;20018455000;19958133333;20458133333;1400;1388
3527;20018458000;19958133333;20458133333;1398;1386
3528;20018461000;19958133333;20458133333;1400;1388
3529;20018465000;19958133333;20458133333;1400;1388
3530;20018468000;19958155555;20458155555;982;970
3531;20060094000;19958422222;20458422222;1398;1386
3532;20060103000;19958422222;20458422222;1400;1388
3533;20060107000;19958422222;20458422222;1398;1386
3534;20060110000;19999800000;20499800000;1400;1388
3536;20060113000;19999800000;20499800000;1398;1386
3537;20060119000;19999800000;20499800000;1400;1388
3538;20060132000;19999800000;20499800000;1398;1386
3540;20060135000;19999800000;20499800000;1400;1388
3541;20060145000;19999811111;20499811111;982;970
3542;20101775000;20000122222;20500122222;1398;1386
3543;20101785000;20000122222;20500122222;1400;1388
3544;20101788000;20000122222;20500122222;1398;1386
3545;20101792000;20041466666;20541466666;1400;1388
3551;20101795000;20041466666;20541466666;1400;1388
3552;20101799000;20041477777;20541477777;982;970
3553;20143432000;20041766666;20541766666;1398;1386
3554;20143441000;20041766666;20541766666;1400;1388
3555;20143445000;20041766666;20541766666;1398;1386
3556;20143448000;20083133333;20583133333;1400;1388
3557;20143452000;20083133333;20583133333;1400;1388
3558;20143456000;20083133333;20583133333;1398;1386
3559;20143459000;20083133333;20583133333;1400;1388
3560;20143462000;20083133333;20583133333;1398;1386
3561;20143465000;20083133333;20583133333;1400;1388
3563;20143468000;20083144444;20583144444;982;970
3564;20185101000;20083433333;20583433333;1398;1386
3565;20185111000;20083433333;20583433333;1400;1388
3566;20185115000;20083433333;20583433333;1398;1386
3567;20185118000;20124800000;20624800000;1400;1388
3568;20185122000;20124800000;20624800000;1400;1388
3569;20185125000;20124800000;20624800000;1398;1386
3570;20185128000;20124800000;20624800000;1400;1388
3571;20185132000;20124800000;20624800000;1398;1386
3572;20185135000;20124800000;20624800000;1400;1388
3573;20185138000;20124800000;20624800000;1400;1388
3574;20185141000;20124811111;20624811111;982;970
3575;20226738000;20125077777;20625077777;1398;1386
3576;20226747000;20125077777;20625077777;1400;1388
3577;20226751000;20125077777;20625077777;1398;1386
3578;20226755000;20166433333;20666433333;1400;1388
3579;20226758000;20166433333;20666433333;1400;1388
3580;20226762000;20166433333;20666433333;1398;1386
3581;20226765000;20166433333;20666433333;1400;1388
3582;20226768000;20166433333;20666433333;1398;1386
3583;20226772000;20166433333;20666433333;1400;1388
3584;20226775000;20166433333;20666433333;1400;1388
3585;20226778000;20166444444;20666444444;982;970
3586;20268431000;20166755555;20666755555;1398;1386
3588;20268441000;20166755555;20666755555;1398;1386
3590;20268447000;20208133333;20708133333;1400;1388
3591;20268462000;20208133333;20708133333;1398;1386
3594;20268466000;20208133333;20708133333;1400;1388
3595;20268470000;20208133333;20708133333;1400;1388
3597;20310101000;20208444444;20708444444;1398;1386
3599;20310111000;20208444444;20708444444;1398;1386
3600;20310115000;20249800000;20749800000;1400;1388
3601;20310119000;20249800000;20749800000;1400;1388
3602;20310122000;20249800000;20749800000;1398;1386
3603;20310126000;20249800000;20749800000;1400;1388
3604;20310129000;20249800000;20749800000;1398;1386
3605;20310133000;20249800000;20749800000;1400;1388
3606;20310136000;20249800000;20749800000;1400;1388
3607;20310139000;20249811111;20749811111;982;970
3608;20351763000;20250122222;20750122222;1398;1386
3609;20351772000;20250122222;20750122222;1400;1388
3610;20351776000;20250122222;20750122222;1398;1386
3611;20351779000;20291466666;20791466666;1400;1388
3612;20351783000;20291466666;20791466666;1400;1388
3613;20351786000;20291466666;20791466666;1398;1386
3616;20351789000;20291466666;20791466666;1400;1388
3617;20351795000;20291466666;20791466666;1400;1388
3618;20351809000;20291477777;20791477777;982;970
3619;20393432000;20291755555;20791755555;1398;1386
3620;20393441000;20291755555;20791755555;1400;1388
3621;20393445000;20291755555;20791755555;1398;1386
3622;20393448000;20333133333;20833133333;1400;1388
3623;20393452000;20333133333;20833133333;1400;1388
3625;20393455000;20333133333;20833133333;1400;1388
3626;20393459000;20333133333;20833133333;1398;1386
3627;20393462000;20333133333;20833133333;1400;1388
3628;20393465000;20333133333;20833133333;1400;1388
3629;20393477000;20333155555;20833155555;982;970
3630;20435099000;20333422222;20833422222;1398;1386
3631;20435108000;20333422222;20833422222;1400;1388
3632;20435112000;20333422222;20833422222;1398;1386
3633;20435115000;20374800000;20874800000;1400;1388
3634;20435119000;20374800000;20874800000;1400;1388
3635;20435122000;20374800000;20874800000;1398;1386
3637;20435125000;20374800000;20874800000;1398;1386
3638;20435129000;20374800000;20874800000;1400;1388
3639;20435132000;20374800000;20874800000;1400;1388
3641;20476766000;20375077777;20875077777;1398;1386
3642;20476776000;20375077777;20875077777;1400;1388
3643;20476780000;20375077777;20875077777;1398;1386
3645;20476783000;20416466666;20916466666;1400;1388
3646;20476787000;20416466666;20916466666;1398;1386
3647;20476791000;20416466666;20916466666;1400;1388
3648;20476794000;20416466666;20916466666;1398;1386
3649;20476798000;20416466666;20916466666;1400;1388
3650;20476801000;20416466666;20916466666;1400;1388
3651;20476804000;20416477777;20916477777;982;970
3652;20518432000;20416788888;20916788888;1398;1386
3653;20518441000;20416788888;20916788888;1400;1388
3654;20518445000;20416788888;20916788888;1398;1386
3655;20518448000;20458133333;20958133333;1400;1388
3656;20518452000;20458133333;20958133333;1400;1388
3657;20518455000;20458133333;20958133333;1398;1386
3658;20518458000;20458133333;20958133333;1400;1388
3659;20518461000;20458133333;20958133333;1398;1386
3660;20518465000;20458133333;20958133333;1400;1388
3661;20518468000;20458133333;20958133333;1400;1388
3663;20560093000;20458444444;20958444444;1398;1386
3664;20560114000;20458444444;20958444444;1400;1388
3665;20560118000;20458444444;20958444444;1398;1386
3666;20560121000;20499800000;20999800000;1400;1388
3667;20560125000;20499800000;20999800000;1400;1388
3668;20560128000;20499800000;20999800000;1398;1386
3669;20560131000;20499800000;20999800000;1400;1388
3670;20560143000;20499800000;20999800000;1398;1386
3672;20560147000;20499800000;20999800000;1400;1388
3673;20560150000;20499811111;20999811111;982;970
3674;20601776000;20500100000;21000100000;1398;1386
3675;20601784000;20500100000;21000100000;1400;1388
3676;20601787000;20500100000;21000100000;1398;1386
3677;20601791000;20541466666;21041466666;1400;1388
3678;20601794000;20541466666;21041466666;1400;1388
3679;20601797000;20541466666;21041466666;1398;1386
3680;20601799000;20541466666;21041466666;1400;1388
3681;20601802000;20541466666;21041466666;1398;1386
3682;20601805000;20541466666;21041466666;1400;1388
3683;20601808000;20541466666;21041466666;1400;1388
3685;20643445000;20541788888;21041788888;1398;1386
3686;20643466000;20541788888;21041788888;1400;1388
3687;20643471000;20541788888;21041788888;1398;1386
3688;20643474000;20583133333;21083133333;1400;1388
3689;20643478000;20583133333;21083133333;1400;1388
3690;20643481000;20583133333;21083133333;1398;1386
3692;20643484000;20583133333;21083133333;1398;1386
3693;20643497000;20583133333;21083133333;1400;1388
3694;20643501000;20583133333;21083133333;1400;1388
3695;20643504000;20583144444;21083144444;982;970
3696;20685094000;20583422222;21083422222;1398;1386
3697;20685103000;20583422222;21083422222;1400;1388
3699;20685107000;20624800000;21124800000;1400;1388
3700;20685121000;20624800000;21124800000;1400;1388
3701;20685124000;20624800000;21124800000;1398;1386
3702;20685127000;20624800000;21124800000;1400;1388
3703;20685131000;20624800000;21124800000;1398;1386
3704;20685134000;20624800000;21124800000;1400;1388
3705;20685137000;20624800000;21124800000;1400;1388
3706;20685140000;20624811111;21124811111;982;970
3708;20726731000;20625055555;21125055555;1400;1388
3709;20726740000;20625055555;21125055555;1398;1386
3710;20726744000;20666433333;21166433333;1400;1388
3711;20726747000;20666433333;21166433333;1400;1388
3712;20726750000;20666433333;21166433333;1398;1386
3713;20726753000;20666433333;21166433333;1400;1388
3714;20726756000;20666433333;21166433333;1398;1386
3715;20726759000;20666433333;21166433333;1400;1388
3716;20726762000;20666433333;21166433333;1400;1388
3717;20726765000;20666444444;21166444444;982;970
3718;20768439000;20666733333;21166733333;1398;1386
3719;20768448000;20666733333;21166733333;1400;1388
3720;20768451000;20666733333;21166733333;1398;1386
3721;20768454000;20708133333;21208133333;1400;1388
3722;20768457000;20708133333;21208133333;1400;1388
3723;20768460000;20708133333;21208133333;1398;1386
3724;20768463000;20708133333;21208133333;1400;1388
3725;20768466000;20708133333;21208133333;1398;1386
3727;20768469000;20708133333;21208133333;1400;1388
3728;20768475000;20708144444;21208144444;982;970
3729;20810108000;20708411111;21208411111;1398;1386
3730;20810116000;20708411111;21208411111;1400;1388
3731;20810120000;20708411111;21208411111;1398;1386
3732;20810123000;20749800000;21249800000;1400;1388
3733;20810126000;20749800000;21249800000;1400;1388
3734;20810129000;20749800000;21249800000;1398;1386
3735;20810132000;20749800000;21249800000;1400;1388
3736;20810135000;20749800000;21249800000;1398;1386
3737;20810138000;20749800000;21249800000;1400;1388
3738;20810141000;20749800000;21249800000;1400;1388
3739;20810144000;20749811111;21249811111;982;970
3740;20851771000;20750077777;21250077777;1398;1386
3741;20851779000;20750077777;21250077777;1400;1388
3742;20851783000;20750077777;21250077777;1398;1386
3743;20851786000;20791466666;21291466666;1400;1388
3744;20851789000;20791466666;21291466666;1400;1388
3746;20851792000;20791466666;21291466666;1400;1388
3747;20851797000;20791466666;21291466666;1398;1386
3748;20851811000;20791466666;21291466666;1400;1388
3750;20851814000;20791477777;21291477777;982;970
3751;20893447000;20791766666;21291766666;1398;1386
3752;20893456000;20791766666;21291766666;1400;1388
3753;20893459000;20791766666;21291766666;1398;1386
3754;20893462000;20833133333;21333133333;1400;1388
3755;20893466000;20833133333;21333133333;1400;1388
3756;20893469000;20833133333;21333133333;1398;1386
3757;20893472000;20833133333;21333133333;1400;1388
3758;20893475000;20833133333;21333133333;1398;1386
3759;20893478000;20833133333;21333133333;1400;1388
3760;20893481000;20833133333;21333133333;1400;1388
3763;20935100000;20833422222;21333422222;1400;1388
3764;20935122000;20833422222;21333422222;1398;1386
3765;20935126000;20874800000;21374800000;1400;1388
3766;20935129000;20874800000;21374800000;1400;1388
3767;20935133000;20874800000;21374800000;1398;1386
3768;20935136000;20874800000;21374800000;1400;1388
3769;20935140000;20874800000;21374800000;1398;1386
3770;20935152000;20874800000;21374800000;1400;1388
3771;20935155000;20874800000;21374800000;1400;1388
3772;20935158000;20874811111;21374811111;982;970
3773;20976766000;20875077777;21375077777;1398;1386
3774;20976775000;20875077777;21375077777;1400;1388
3775;20976778000;20875077777;21375077777;1398;1386
3776;20976782000;20916466666;21416466666;1400;1388
3777;20976785000;20916466666;21416466666;1400;1388
3778;20976788000;20916466666;21416466666;1398;1386
3779;20976791000;20916466666;21416466666;1400;1388
3780;20976794000;20916466666;21416466666;1398;1386
3781;20976797000;20916466666;21416466666;1400;1388
3782;20976801000;20916466666;21416466666;1400;1388
3783;20976804000;20916477777;21416477777;982;970
3784;21018427000;20916766666;21416766666;1398;1386
3785;21018436000;20916766666;21416766666;1400;1388
3786;21018439000;20916766666;21416766666;1398;1386
3787;21018442000;20958133333;21458133333;1400;1388
3788;21018445000;20958133333;21458133333;1400;1388
3789;21018448000;20958133333;21458133333;1398;1386
3790;21018451000;20958133333;21458133333;1400;1388
3798;21060125000;20999800000;21499800000;1400;1388
3800;21060147000;20999800000;21499800000;1398;1386
3802;21060153000;20999800000;21499800000;1398;1386
3803;21060157000;20999800000;21499800000;1400;1388
3804;21060160000;20999800000;21499800000;1400;1388
3805;21060164000;20999811111;21499811111;982;970
3806;21101766000;21000100000;21500100000;1398;1386
3807;21101775000;21000100000;21500100000;1400;1388
3808;21101779000;21000100000;21500100000;1398;1386
3809;21101782000;21041466666;21541466666;1400;1388
3810;21101786000;21041466666;21541466666;1400;1388
3811;21101789000;21041466666;21541466666;1398;1386
3812;21101793000;21041466666;21541466666;1400;1388
3813;21101804000;21041466666;21541466666;1398;1386
3814;21101808000;21041466666;21541466666;1400;1388
3815;21101811000;21041466666;21541466666;1400;1388
3816;21101814000;21041477777;21541477777;982;970
3818;21143434000;21041755555;21541755555;1400;1388
3819;21143456000;21041755555;21541755555;1398;1386
3820;21143460000;21083133333;21583133333;1400;1388
3821;21143464000;21083133333;21583133333;1400;1388
3822;21143467000;21083133333;21583133333;1398;1386
3823;21143470000;21083133333;21583133333;1400;1388
3824;21143474000;21083133333;21583133333;1398;1386
3826;21143486000;21083133333;21583133333;1400;1388
3827;21143490000;21083144444;21583144444;982;970
3828;21185099000;21083422222;21583422222;1398;1386
3829;21185108000;21083422222;21583422222;1400;1388
3830;21185112000;21083422222;21583422222;1398;1386
3831;21185115000;21124800000;21624800000;1400;1388
3832;21185119000;21124800000;21624800000;1400;1388
3833;21185122000;21124800000;21624800000;1398;1386
3834;21185125000;21124800000;21624800000;1400;1388
3835;21185128000;21124800000;21624800000;1398;1386
3836;21185131000;21124800000;21624800000;1400;1388
3837;21185134000;21124800000;21624800000;1400;1388
3838;21185137000;21124811111;21624811111;982;970
3839;21226765000;21125066666;21625066666;1398;1386
3840;21226773000;21125066666;21625066666;1400;1388
3841;21226777000;21125066666;21625066666;1398;1386
3842;21226780000;21166466666;21666466666;1400;1388
3843;21226783000;21166466666;21666466666;1400;1388
3844;21226786000;21166466666;21666466666;1398;1386
3845;21226789000;21166466666;21666466666;1400;1388
3846;21226792000;21166466666;21666466666;1398;1386
3847;21226795000;21166466666;21666466666;1400;1388
3848;21226798000;21166466666;21666466666;1400;1388
3849;21226801000;21166477777;21666477777;982;970
3850;21268441000;21166766666;21666766666;1398;1386
3851;21268450000;21166766666;21666766666;1400;1388
3852;21268453000;21166766666;21666766666;1398;1386
3853;21268457000;21208133333;21708133333;1400;1388
3854;21268460000;21208133333;21708133333;1400;1388
3855;21268463000;21208133333;21708133333;1398;1386
3856;21268466000;21208133333;21708133333;1400;1388
3857;21268469000;21208133333;21708133333;1398;1386
3858;21268472000;21208133333;21708133333;1400;1388
3860;21268475000;21208155555;21708155555;982;970
3861;21310102000;21208433333;21708433333;1398;1386
3862;21310111000;21208433333;21708433333;1400;1388
3863;21310115000;21208433333;21708433333;1398;1386
3865;21310119000;21249800000;21749800000;1400;1388
3866;21310123000;21249800000;21749800000;1398;1386
3867;21310127000;21249800000;21749800000;1400;1388
3868;21310130000;21249800000;21749800000;1398;1386
3869;21310133000;21249800000;21749800000;1400;1388
3870;21310137000;21249800000;21749800000;1400;1388
3871;21310140000;21249811111;21749811111;982;970
3872;21351765000;21250100000;21750100000;1398;1386
3873;21351774000;21250100000;21750100000;1400;1388
3874;21351777000;21250100000;21750100000;1398;1386
3875;21351781000;21291466666;21791466666;1400;1388
3876;21351784000;21291466666;21791466666;1400;1388
3877;21351787000;21291466666;21791466666;1398;1386
3879;21351791000;21291466666;21791466666;1398;1386
3881;21351794000;21291466666;21791466666;1400;1388
3882;21351797000;21291477777;21791477777;982;970
3883;21393431000;21291744444;21791744444;1398;1386
3884;21393440000;21291744444;21791744444;1400;1388
3885;21393444000;21291744444;21791744444;1398;1386
3887;21393447000;21333133333;21833133333;1400;1388
3888;21393451000;21333133333;21833133333;1398;1386
3889;21393454000;21333133333;21833133333;1400;1388
3890;21393457000;21333133333;21833133333;1398;1386
3891;21393461000;21333133333;21833133333;1400;1388
3892;21393464000;21333133333;21833133333;1400;1388
3893;21393467000;21333144444;21833144444;982;970
3894;21435100000;21333411111;21833411111;1398;1386
3895;21435109000;21333411111;21833411111;1400;1388
3896;21435113000;21333411111;21833411111;1398;1386
3897;21435116000;21374800000;21874800000;1400;1388
3898;21435119000;21374800000;21874800000;1400;1388
3899;21435122000;21374800000;21874800000;1398;1386
3900;21435125000;21374800000;21874800000;1400;1388
3902;21435137000;21374800000;21874800000;1400;1388
3904;21435141000;21374811111;21874811111;982;970
3906;21476736000;21375066666;21875066666;1400;1388
3907;21476745000;21375066666;21875066666;1398;1386
3908;21476749000;21416433333;21916433333;1400;1388
3909;21476753000;21416433333;21916433333;1400;1388
3910;21476756000;21416433333;21916433333;1398;1386
3911;21476759000;21416433333;21916433333;1400;1388
3912;21476762000;21416433333;21916433333;1398;1386
3913;21476765000;21416433333;21916433333;1400;1388
3914;21476768000;21416433333;21916433333;1400;1388
3915;21476771000;21416444444;21916444444;982;970
3916;21518430000;21416744444;21916744444;1398;1386
3917;21518439000;21416744444;21916744444;1400;1388
3918;21518443000;21416744444;21916744444;1398;1386
3919;21518446000;21458133333;21958133333;1400;1388
3920;21518449000;21458133333;21958133333;1400;1388
3921;21518452000;21458133333;21958133333;1398;1386
3922;21518455000;21458133333;21958133333;1400;1388
3923;21518459000;21458133333;21958133333;1398;1386
3925;21518462000;21458133333;21958133333;1400;1388
3926;21518467000;21458144444;21958144444;982;970
3927;21560077000;21458422222;21958422222;1398;1386
3928;21560085000;21458422222;21958422222;1400;1388
3929;21560088000;21458422222;21958422222;1398;1386
3930;21560092000;21499777777;21999777777;1400;1388
3931;21560095000;21499777777;21999777777;1400;1388
3934;21560098000;21499777777;21999777777;1398;1386
3935;21560102000;21499777777;21999777777;1400;1388
3936;21560105000;21499777777;21999777777;1400;1388
3937;21560108000;21499800000;21999800000;982;970
3938;21601747000;21500300000;22000300000;1398;1386
3939;21601757000;21500300000;22000300000;1400;1388
3940;21601761000;21500300000;22000300000;1398;1386
3941;21601764000;21541433333;22041433333;1400;1388
3942;21601768000;21541433333;22041433333;1400;1388
3943;21601772000;21541433333;22041433333;1398;1386
3944;21601776000;21541433333;22041433333;1400;1388
3945;21601779000;21541433333;22041433333;1398;1386
3946;21601782000;21541433333;22041433333;1400;1388
3947;21601786000;21541433333;22041433333;1400;1388
3948;21601789000;21541444444;22041444444;982;970
3949;21643436000;21541744444;22041744444;1398;1386
3950;21643445000;21541744444;22041744444;1400;1388
3951;21643449000;21541744444;22041744444;1398;1386
3952;21643453000;21583133333;22083133333;1400;1388
3953;21643456000;21583133333;22083133333;1400;1388
3954;21643460000;21583133333;22083133333;1398;1386
3955;21643463000;21583133333;22083133333;1400;1388
3956;21643466000;21583133333;22083133333;1398;1386
3957;21643469000;21583133333;22083133333;1400;1388
3958;21643473000;21583133333;22083133333;1400;1388
3959;21643476000;21583144444;22083144444;982;970
3960;21685091000;21583433333;22083433333;1398;1386
3962;21685100000;21583433333;22083433333;1398;1386
3963;21685115000;21624800000;22124800000;1400;1388
3964;21685119000;21624800000;22124800000;1400;1388
3965;21685132000;21624800000;22124800000;1398;1386
3967;21685136000;21624800000;22124800000;1398;1386
3968;21685140000;21624800000;22124800000;1400;1388
3969;21685143000;21624800000;22124800000;1400;1388
3970;21685146000;21624811111;22124811111;982;970
3971;21726758000;21625066666;22125066666;1398;1386
3972;21726767000;21625066666;22125066666;1400;1388
3973;21726771000;21625066666;22125066666;1398;1386
3974;21726774000;21666433333;22166433333;1400;1388
3975;21726777000;21666433333;22166433333;1400;1388
3977;21726780000;21666433333;22166433333;1400;1388
3978;21726784000;21666433333;22166433333;1398;1386
3979;21726787000;21666433333;22166433333;1400;1388
3980;21726790000;21666433333;22166433333;1400;1388
3981;21726794000;21666444444;22166444444;982;970
3982;21768447000;21666744444;22166744444;1398;1386
3983;21768457000;21666744444;22166744444;1400;1388
3984;21768460000;21666744444;22166744444;1398;1386
3985;21768464000;21708133333;22208133333;1400;1388
3986;21768467000;21708133333;22208133333;1400;1388
3987;21768470000;21708133333;22208133333;1398;1386
3988;21768473000;21708133333;22208133333;1400;1388
3989;21768477000;21708133333;22208133333;1398;1386
3990;21768489000;21708133333;22208133333;1400;1388
3991;21768492000;21708133333;22208133333;1400;1388
3992;21768495000;21708144444;22208144444;982;970
3993;21810099000;21708411111;22208411111;1398;1386
3994;21810108000;21708411111;22208411111;1400;1388
3995;21810111000;21708411111;22208411111;1398;1386
3996;21810114000;21749800000;22249800000;1400;1388
3997;21810118000;21749800000;22249800000;1400;1388
3998;21810121000;21749800000;22249800000;1398;1386
3999;21810124000;21749800000;22249800000;1400;1388
4000;21810127000;21749800000;22249800000;1398;1386
4002;21810131000;21749800000;22249800000;1400;1388
4003;21810136000;21749811111;22249811111;982;970
4004;21851734000;21750088888;22250088888;1398;1386
4005;21851743000;21750088888;22250088888;1400;1388
4006;21851746000;21750088888;22250088888;1398;1386
4007;21851749000;21791433333;22291433333;1400;1388
4009;21851753000;21791433333;22291433333;1398;1386
4010;21851756000;21791433333;22291433333;1400;1388
4011;21851759000;21791433333;22291433333;1398;1386
4012;21851762000;21791433333;22291433333;1400;1388
4014;21851765000;21791444444;22291444444;982;970
4015;21893433000;21791733333;22291733333;1398;1386
4016;21893443000;21791733333;22291733333;1400;1388
4018;21893447000;21833133333;22333133333;1400;1388
4019;21893451000;21833133333;22333133333;1400;1388
4020;21893454000;21833133333;22333133333;1398;1386
4021;21893457000;21833133333;22333133333;1400;1388
4022;21893460000;21833133333;22333133333;1398;1386
4023;21893464000;21833133333;22333133333;1400;1388
4024;21893467000;21833133333;22333133333;1400;1388
4025;21893470000;21833144444;22333144444;982;970
4027;21935098000;21833422222;22333422222;1400;1388
4029;21935107000;21874800000;22374800000;1400;1388
4030;21935111000;21874800000;22374800000;1400;1388
4033;21935115000;21874800000;22374800000;1398;1386
4034;21935118000;21874800000;22374800000;1400;1388
4035;21935122000;21874800000;22374800000;1400;1388
4036;21935125000;21874811111;22374811111;982;970
4037;21976737000;21875077777;22375077777;1398;1386
4038;21976745000;21875077777;22375077777;1400;1388
4039;21976750000;21875077777;22375077777;1398;1386
4040;21976753000;21916433333;22416433333;1400;1388
4041;21976757000;21916433333;22416433333;1400;1388
4042;21976760000;21916433333;22416433333;1398;1386
4043;21976763000;21916433333;22416433333;1400;1388
4044;21976766000;21916433333;22416433333;1398;1386
4045;21976769000;21916433333;22416433333;1400;1388
4046;21976772000;21916433333;22416433333;1400;1388
4047;21976775000;21916444444;22416444444;982;970
4048;22018432000;21916744444;22416744444;1398;1386
4049;22018441000;21916744444;22416744444;1400;1388
4050;22018445000;21916744444;22416744444;1398;1386
4051;22018448000;21958133333;22458133333;1400;1388
4052;22018452000;21958133333;22458133333;1400;1388
4053;22018455000;21958133333;22458133333;1398;1386
4054;22018458000;21958133333;22458133333;1400;1388
4055;22018461000;21958133333;22458133333;1398;1386
4056;22018465000;21958133333;22458133333;1400;1388
4057;22018468000;21958133333;22458133333;1400;1388
4060;22060100000;21958422222;22458422222;1400;1388
4063;22060121000;21999800000;22499800000;1400;1388
4064;22060126000;21999800000;22499800000;1398;1386
4065;22060130000;21999800000;22499800000;1400;1388
4066;22060134000;21999800000;22499800000;1398;1386
4067;22060137000;21999800000;22499800000;1400;1388
4068;22060141000;21999800000;22499800000;1400;1388
4070;22101763000;22000111111;22500111111;1398;1386
4071;22101771000;22000111111;22500111111;1400;1388
4072;22101775000;22000111111;22500111111;1398;1386
4073;22101778000;22041466666;22541466666;1400;1388
4074;22101781000;22041466666;22541466666;1400;1388
4075;22101784000;22041466666;22541466666;1398;1386
4076;22101787000;22041466666;22541466666;1400;1388
4077;22101791000;22041466666;22541466666;1398;1386
4078;22101794000;22041466666;22541466666;1400;1388
4080;22101797000;22041477777;22541477777;982;970
4081;22143442000;22041766666;22541766666;1398;1386
4082;22143450000;22041766666;22541766666;1400;1388
4083;22143454000;22041766666;22541766666;1398;1386
4084;22143457000;22083133333;22583133333;1400;1388
4085;22143468000;22083133333;22583133333;1400;1388
4086;22143472000;22083133333;22583133333;1398;1386
4087;22143475000;22083133333;22583133333;1400;1388
4088;22143478000;22083133333;22583133333;1398;1386
4089;22143481000;22083133333;22583133333;1400;1388
4090;22143484000;22083133333;22583133333;1400;1388
4091;22143487000;22083155555;22583155555;982;970
4092;22185112000;22083422222;22583422222;1398;1386
4093;22185121000;22083422222;22583422222;1400;1388
4094;22185125000;22083422222;22583422222;1398;1386
4095;22185128000;22124800000;22624800000;1400;1388
4096;22185132000;22124800000;22624800000;1400;1388
4097;22185135000;22124800000;22624800000;1398;1386
4098;22185138000;22124800000;22624800000;1400;1388
4099;22185141000;22124800000;22624800000;1398;1386
4100;22185144000;22124800000;22624800000;1400;1388
4101;22185147000;22124800000;22624800000;1400;1388
4102;22185150000;22124811111;22624811111;982;970
4103;22226765000;22125066666;22625066666;1398;1386
4104;22226773000;22125066666;22625066666;1400;1388
4105;22226777000;22125066666;22625066666;1398;1386
4106;22226780000;22166466666;22666466666;1400;1388
4107;22226784000;22166466666;22666466666;1400;1388
4108;22226787000;22166466666;22666466666;1398;1386
4109;22226790000;22166466666;22666466666;1400;1388
4110;22226794000;22166466666;22666466666;1398;1386
4111;22226797000;22166466666;22666466666;1400;1388
4112;22226800000;22166466666;22666466666;1400;1388
4113;22226803000;22166477777;22666477777;982;970
4114;22268433000;22166777777;22666777777;1398;1386
4115;22268442000;22166777777;22666777777;1400;1388
4116;22268446000;22166777777;22666777777;1398;1386
4117;22268449000;22208133333;22708133333;1400;1388
4118;22268453000;22208133333;22708133333;1400;1388
4119;22268456000;22208133333;22708133333;1398;1386
4120;22268460000;22208133333;22708133333;1400;1388
4121;22268463000;22208133333;22708133333;1398;1386
4122;22268466000;22208133333;22708133333;1400;1388
4125;22310101000;22208433333;22708433333;1398;1386
4126;22310124000;22208433333;22708433333;1400;1388
4127;22310128000;22208433333;22708433333;1398;1386
4128;22310132000;22249800000;22749800000;1400;1388
4129;22310136000;22249800000;22749800000;1400;1388
4130;22310140000;22249800000;22749800000;1398;1386
4131;22310143000;22249800000;22749800000;1400;1388
4132;22310157000;22249800000;22749800000;1398;1386
4133;22310160000;22249800000;22749800000;1400;1388
4134;22310163000;22249800000;22749800000;1400;1388
4135;22310166000;22249811111;22749811111;982;970
4136;22351772000;22250111111;22750111111;1398;1386
4137;22351780000;22250111111;22750111111;1400;1388
4138;22351784000;22250111111;22750111111;1398;1386
4139;22351787000;22291466666;22791466666;1400;1388
4140;22351790000;22291466666;22791466666;1400;1388
4141;22351794000;22291466666;22791466666;1398;1386
4143;22351797000;22291466666;22791466666;1398;1386
4144;22351802000;22291466666;22791466666;1400;1388
4145;22351815000;22291466666;22791466666;1400;1388
4146;22351819000;22291477777;22791477777;982;970
4147;22393472000;22291755555;22791755555;1398;1386
4148;22393480000;22291755555;22791755555;1400;1388
4149;22393483000;22291755555;22791755555;1398;1386
4150;22393487000;22333166666;22833166666;1400;1388
4151;22393490000;22333166666;22833166666;1400;1388
4152;22393494000;22333166666;22833166666;1398;1386
4153;22393497000;22333166666;22833166666;1400;1388
4154;22393500000;22333166666;22833166666;1398;1386
4155;22393503000;22333166666;22833166666;1400;1388
4156;22393506000;22333166666;22833166666;1400;1388
4157;22393509000;22333177777;22833177777;982;970
4158;22435132000;22333477777;22833477777;1398;1386
4159;22435141000;22333477777;22833477777;1400;1388
4160;22435145000;22333477777;22833477777;1398;1386
4161;22435148000;22374811111;22874811111;1400;1388
4163;22435151000;22374811111;22874811111;1398;1386
4164;22435157000;22374811111;22874811111;1400;1388
4165;22435170000;22374811111;22874811111;1398;1386
4166;22435174000;22374811111;22874811111;1400;1388
4168;22435183000;22374822222;22874822222;982;970
4169;22476787000;22375088888;22875088888;1398;1386
4170;22476816000;22375088888;22875088888;1400;1388
4172;22476820000;22416477777;22916477777;1400;1388
4173;22476824000;22416477777;22916477777;1400;1388
4174;22476827000;22416477777;22916477777;1398;1386
4176;22476831000;22416477777;22916477777;1398;1386
4177;22476835000;22416477777;22916477777;1400;1388
4178;22476838000;22416477777;22916477777;1400;1388
4179;22476842000;22416488888;22916488888;982;970
4180;22518454000;22416800000;22916800000;1398;1386
4181;22518463000;22416800000;22916800000;1400;1388
4182;22518467000;22416800000;22916800000;1398;1386
4183;22518470000;22458144444;22958144444;1400;1388
4184;22518473000;22458144444;22958144444;1400;1388
4185;22518477000;22458144444;22958144444;1398;1386
4186;22518480000;22458144444;22958144444;1400;1388
4187;22518483000;22458144444;22958144444;1398;1386
4188;22518486000;22458144444;22958144444;1400;1388
4189;22518490000;22458144444;22958144444;1400;1388
4190;22518493000;22458166666;22958166666;982;970
4191;22560111000;22458455555;22958455555;1398;1386
4192;22560119000;22458455555;22958455555;1400;1388
4193;22560123000;22458455555;22958455555;1398;1386
4194;22560126000;22499811111;22999811111;1400;1388
4196;22560129000;22499811111;22999811111;1398;1386
4199;22560134000;22499811111;22999811111;1400;1388
4200;22560148000;22499811111;22999811111;1400;1388
4201;22560152000;22499822222;22999822222;982;970
4202;22601794000;22500111111;23000111111;1398;1386
4203;22601803000;22500111111;23000111111;1400;1388
4204;22601806000;22500111111;23000111111;1398;1386
4207;22601809000;22541477777;23041477777;1398;1386
4208;22601813000;22541477777;23041477777;1400;1388
4209;22601816000;22541477777;23041477777;1398;1386
4210;22601819000;22541477777;23041477777;1400;1388
4211;22601822000;22541477777;23041477777;1400;1388
4212;22601825000;22541488888;23041488888;982;970
4213;22643468000;22541800000;23041800000;1398;1386
4214;22643477000;22541800000;23041800000;1400;1388
4215;22643481000;22541800000;23041800000;1398;1386
4216;22643484000;22583144444;23083144444;1400;1388
4217;22643487000;22583144444;23083144444;1400;1388
4218;22643490000;22583144444;23083144444;1398;1386
4219;22643494000;22583144444;23083144444;1400;1388
4220;22643497000;22583144444;23083144444;1398;1386
4221;22643500000;22583144444;23083144444;1400;1388
4222;22643503000;22583144444;23083144444;1400;1388
4224;22685124000;22583455555;23083455555;1398;1386
4225;22685161000;22583455555;23083455555;1400;1388
4226;22685165000;22583455555;23083455555;1398;1386
4227;22685168000;22624811111;23124811111;1400;1388
4228;22685172000;22624811111;23124811111;1400;1388
4229;22685175000;22624811111;23124811111;1398;1386
4230;22685187000;22624811111;23124811111;1400;1388
4231;22685190000;22624811111;23124811111;1398;1386
4232;22685193000;22624811111;23124811111;1400;1388
4233;22685196000;22624811111;23124811111;1400;1388
4235;22726803000;22625100000;23125100000;1398;1386
4236;22726824000;22625100000;23125100000;1400;1388
4237;22726828000;22625100000;23125100000;1398;1386
4238;22726831000;22666477777;23166477777;1400;1388
4239;22726835000;22666477777;23166477777;1400;1388
4240;22726838000;22666477777;23166477777;1398;1386
4241;22726841000;22666477777;23166477777;1400;1388
4242;22726853000;22666477777;23166477777;1398;1386
4243;22726856000;22666477777;23166477777;1400;1388
4244;22726859000;22666477777;23166477777;1400;1388
4245;22726862000;22666488888;23166488888;982;970
4246;22768468000;22666800000;23166800000;1398;1386
4247;22768476000;22666800000;23166800000;1400;1388
4248;22768480000;22666800000;23166800000;1398;1386
4249;22768483000;22708155555;23208155555;1400;1388
4250;22768486000;22708155555;23208155555;1400;1388
4251;22768489000;22708155555;23208155555;1398;1386
4252;22768492000;22708155555;23208155555;1400;1388
4253;22768495000;22708155555;23208155555;1398;1386
4254;22768498000;22708155555;23208155555;1400;1388
4255;22768501000;22708155555;23208155555;1400;1388
4256;22768503000;22708166666;23208166666;982;970
4257;22810128000;22708455555;23208455555;1398;1386
4259;22810136000;22708455555;23208455555;1398;1386
4260;22810142000;22749811111;23249811111;1400;1388
4261;22810170000;22749811111;23249811111;1400;1388
4262;22810174000;22749811111;23249811111;1398;1386
4263;22810177000;22749811111;23249811111;1400;1388
4265;22810189000;22749811111;23249811111;1400;1388
4267;22810193000;22749822222;23249822222;982;970
4268;22851801000;22750122222;23250122222;1398;1386
4269;22851810000;22750122222;23250122222;1400;1388
4270;22851814000;22750122222;23250122222;1398;1386
4271;22851817000;22791477777;23291477777;1400;1388
4272;22851820000;22791477777;23291477777;1400;1388
4273;22851824000;22791477777;23291477777;1398;1386
4275;22851827000;22791477777;23291477777;1398;1386
4276;22851830000;22791477777;23291477777;1400;1388
4277;22851834000;22791477777;23291477777;1400;1388
4278;22851837000;22791488888;23291488888;982;970
4279;22893453000;22791800000;23291800000;1398;1386
4281;22893463000;22791800000;23291800000;1398;1386
4283;22893467000;22833144444;23333144444;1400;1388
4284;22893471000;22833144444;23333144444;1398;1386
4285;22893474000;22833144444;23333144444;1400;1388
4286;22893478000;22833144444;23333144444;1398;1386
4287;22893482000;22833144444;23333144444;1400;1388
4288;22893485000;22833144444;23333144444;1400;1388
4289;22893488000;22833155555;23333155555;982;970
4290;22935106000;22833455555;23333455555;1398;1386
4291;22935115000;22833455555;23333455555;1400;1388
4292;22935119000;22833455555;23333455555;1398;1386
4293;22935122000;22874811111;23374811111;1400;1388
4294;22935126000;22874811111;23374811111;1400;1388
4295;22935129000;22874811111;23374811111;1398;1386
4296;22935133000;22874811111;23374811111;1400;1388
4297;22935136000;22874811111;23374811111;1398;1386
4298;22935139000;22874811111;23374811111;1400;1388
4299;22935143000;22874811111;23374811111;1400;1388
4300;22935146000;22874822222;23374822222;982;970
4301;22976800000;22875111111;23375111111;1398;1386
4302;22976809000;22875111111;23375111111;1400;1388
4304;22976813000;22916477777;23416477777;1400;1388
4305;22976819000;22916477777;23416477777;1400;1388
4306;22976833000;22916477777;23416477777;1398;1386
4307;22976836000;22916477777;23416477777;1400;1388
4308;22976840000;22916477777;23416477777;1398;1386
4309;22976844000;22916477777;23416477777;1400;1388
4312;23018449000;22916800000;23416800000;1398;1386
4313;23018458000;22916800000;23416800000;1400;1388
4314;23018462000;22916800000;23416800000;1398;1386
4315;23018465000;22958144444;23458144444;1400;1388
4316;23018468000;22958144444;23458144444;1400;1388
4317;23018471000;22958144444;23458144444;1398;1386
4318;23018474000;22958144444;23458144444;1400;1388
4319;23018477000;22958144444;23458144444;1398;1386
4320;23018480000;22958144444;23458144444;1400;1388
4321;23018483000;22958144444;23458144444;1400;1388
4322;23018486000;22958155555;23458155555;982;970
4323;23060127000;22958455555;23458455555;1398;1386
4324;23060136000;22958455555;23458455555;1400;1388
4325;23060139000;22958455555;23458455555;1398;1386
4326;23060142000;22999811111;23499811111;1400;1388
4327;23060145000;22999811111;23499811111;1400;1388
4330;23060148000;22999811111;23499811111;1398;1386
4331;23060154000;22999811111;23499811111;1400;1388
4332;23060167000;22999811111;23499811111;1400;1388
4333;23060170000;22999822222;23499822222;982;970
4334;23101801000;23000155555;23500155555;1398;1386
4335;23101810000;23000155555;23500155555;1400;1388
4336;23101814000;23000155555;23500155555;1398;1386
4337;23101818000;23041477777;23541477777;1400;1388
4339;23101821000;23041477777;23541477777;1398;1386
4340;23101825000;23041477777;23541477777;1400;1388
4341;23101828000;23041477777;23541477777;1398;1386
4342;23101831000;23041477777;23541477777;1400;1388
4343;23101835000;23041477777;23541477777;1400;1388
4344;23101838000;23041488888;23541488888;982;970
4345;23143447000;23041788888;23541788888;1398;1386
4346;23143455000;23041788888;23541788888;1400;1388
4347;23143459000;23041788888;23541788888;1398;1386
4348;23143462000;23083144444;23583144444;1400;1388
4349;23143465000;23083144444;23583144444;1400;1388
4350;23143468000;23083144444;23583144444;1398;1386
4351;23143471000;23083144444;23583144444;1400;1388
4352;23143482000;23083144444;23583144444;1398;1386
4353;23143485000;23083144444;23583144444;1400;1388
4354;23143488000;23083144444;23583144444;1400;1388
4355;23143491000;23083155555;23583155555;982;970
4356;23185134000;23083455555;23583455555;1398;1386
4357;23185143000;23083455555;23583455555;1400;1388
4358;23185147000;23083455555;23583455555;1398;1386
4359;23185151000;23124811111;23624811111;1400;1388
4360;23185155000;23124811111;23624811111;1400;1388
4362;23185158000;23124811111;23624811111;1400;1388
4363;23185164000;23124811111;23624811111;1398;1386
4364;23185178000;23124811111;23624811111;1400;1388
4365;23185181000;23124811111;23624811111;1400;1388
4366;23185194000;23124822222;23624822222;982;970
4367;23226785000;23125100000;23625100000;1398;1386
4369;23226794000;23125100000;23625100000;1398;1386
4370;23226798000;23166477777;23666477777;1400;1388
4371;23226801000;23166477777;23666477777;1400;1388
4374;23226805000;23166477777;23666477777;1398;1386
4375;23226808000;23166477777;23666477777;1400;1388
4376;23226811000;23166477777;23666477777;1400;1388
4377;23226814000;23166488888;23666488888;982;970
4378;23268452000;23166811111;23666811111;1398;1386
4379;23268460000;23166811111;23666811111;1400;1388
4381;23268464000;23208144444;23708144444;1400;1388
4382;23268468000;23208144444;23708144444;1400;1388
4383;23268472000;23208144444;23708144444;1398;1386
4384;23268475000;23208144444;23708144444;1400;1388
4385;23268478000;23208144444;23708144444;1398;1386
4388;23268481000;23208166666;23708166666;982;970
4389;23310120000;23208466666;23708466666;1398;1386
4390;23310130000;23208466666;23708466666;1400;1388
4391;23310135000;23208466666;23708466666;1398;1386
4392;23310138000;23249811111;23749811111;1400;1388
4393;23310141000;23249811111;23749811111;1400;1388
4394;23310145000;23249811111;23749811111;1398;1386
4395;23310148000;23249811111;23749811111;1400;1388
4396;23310151000;23249811111;23749811111;1398;1386
4397;23310154000;23249811111;23749811111;1400;1388
4399;23310157000;23249822222;23749822222;982;970
4401;23351787000;23250144444;23750144444;1400;1388
4402;23351796000;23250144444;23750144444;1398;1386
4403;23351800000;23291477777;23791477777;1400;1388
4404;23351804000;23291477777;23791477777;1400;1388
4405;23351807000;23291477777;23791477777;1398;1386
4406;23351810000;23291477777;23791477777;1400;1388
4407;23351813000;23291477777;23791477777;1398;1386
4408;23351816000;23291477777;23791477777;1400;1388
4409;23351819000;23291477777;23791477777;1400;1388
4410;23351822000;23291488888;23791488888;982;970
4411;23393451000;23291777777;23791777777;1398;1386
4412;23393460000;23291777777;23791777777;1400;1388
4413;23393464000;23291777777;23791777777;1398;1386
4414;23393467000;23333144444;23833144444;1400;1388
4415;23393470000;23333144444;23833144444;1400;1388
4416;23393473000;23333144444;23833144444;1398;1386
4417;23393476000;23333144444;23833144444;1400;1388
4418;23393479000;23333144444;23833144444;1398;1386
4420;23393482000;23333144444;23833144444;1400;1388
4423;23435114000;23333444444;23833444444;1400;1388
4424;23435123000;23333444444;23833444444;1398;1386
4425;23435127000;23374811111;23874811111;1400;1388
4428;23435130000;23374811111;23874811111;1400;1388
4430;23435133000;23374811111;23874811111;1400;1388
4431;23435137000;23374811111;23874811111;1400;1388
4432;23435140000;23374822222;23874822222;982;970
4433;23476800000;23375100000;23875100000;1398;1386
4434;23476809000;23375100000;23875100000;1400;1388
4435;23476813000;23375100000;23875100000;1398;1386
4436;23476816000;23416477777;23916477777;1400;1388
4438;23476819000;23416477777;23916477777;1398;1386
4439;23476823000;23416477777;23916477777;1400;1388
4440;23476826000;23416477777;23916477777;1398;1386
4441;23476829000;23416477777;23916477777;1400;1388
4442;23476833000;23416477777;23916477777;1400;1388
4443;23476836000;23416488888;23916488888;982;970
4444;23518440000;23416811111;23916811111;1398;1386
4445;23518449000;23416811111;23916811111;1400;1388
4446;23518452000;23416811111;23916811111;1398;1386
4447;23518455000;23458144444;23958144444;1400;1388
4448;23518458000;23458144444;23958144444;1400;1388
4449;23518469000;23458144444;23958144444;1398;1386
4450;23518473000;23458144444;23958144444;1400;1388
4451;23518476000;23458144444;23958144444;1398;1386
4452;23518479000;23458144444;23958144444;1400;1388
4453;23518482000;23458144444;23958144444;1400;1388
4454;23518485000;23458166666;23958166666;982;970
4455;23560119000;23458466666;23958466666;1398;1386
4456;23560127000;23458466666;23958466666;1400;1388
4457;23560131000;23458466666;23958466666;1398;1386
4458;23560134000;23499811111;23999811111;1400;1388
4459;23560137000;23499811111;23999811111;1400;1388
4460;23560140000;23499811111;23999811111;1398;1386
4461;23560143000;23499811111;23999811111;1400;1388
4462;23560146000;23499811111;23999811111;1398;1386
4464;23560149000;23499811111;23999811111;1400;1388
4465;23560154000;23499822222;23999822222;982;970
4466;23601779000;23500122222;24000122222;1398;1386
4467;23601789000;23500122222;24000122222;1400;1388
4468;23601793000;23500122222;24000122222;1398;1386
4469;23601797000;23541466666;24041466666;1400;1388
4470;23601800000;23541466666;24041466666;1400;1388
4471;23601803000;23541466666;24041466666;1398;1386
4473;23601807000;23541466666;24041466666;1398;1386
4474;23601811000;23541466666;24041466666;1400;1388
4475;23601814000;23541466666;24041466666;1400;1388
4476;23601818000;23541477777;24041477777;982;970
4477;23643434000;23541800000;24041800000;1398;1386
4478;23643444000;23541800000;24041800000;1400;1388
4479;23643448000;23541800000;24041800000;1398;1386
4480;23643452000;23583133333;24083133333;1400;1388
4481;23643455000;23583133333;24083133333;1400;1388
4482;23643459000;23583133333;24083133333;1398;1386
4483;23643462000;23583133333;24083133333;1400;1388
4485;23643465000;23583133333;24083133333;1400;1388
4486;23643469000;23583133333;24083133333;1400;1388
4487;23643473000;23583144444;24083144444;982;970
4488;23685092000;23583411111;24083411111;1398;1386
4489;23685102000;23583411111;24083411111;1400;1388
4490;23685106000;23583411111;24083411111;1398;1386
4491;23685119000;23624800000;24124800000;1400;1388
4493;23685122000;23624800000;24124800000;1398;1386
4494;23685126000;23624800000;24124800000;1400;1388
4495;23685129000;23624800000;24124800000;1398;1386
4496;23685132000;23624800000;24124800000;1400;1388
4497;23685135000;23624800000;24124800000;1400;1388
4498;23685138000;23624811111;24124811111;982;970
4499;23726759000;23625055555;24125055555;1398;1386
4500;23726768000;23625055555;24125055555;1400;1388
4501;23726771000;23625055555;24125055555;1398;1386
4502;23726774000;23666433333;24166433333;1400;1388
4503;23726777000;23666433333;24166433333;1400;1388
4504;23726780000;23666433333;24166433333;1398;1386
4505;23726783000;23666433333;24166433333;1400;1388
4506;23726786000;23666433333;24166433333;1398;1386
4507;23726789000;23666433333;24166433333;1400;1388
4508;23726792000;23666433333;24166433333;1400;1388
4510;23768445000;23666733333;24166733333;1398;1386
4511;23768467000;23666733333;24166733333;1400;1388
4512;23768471000;23666733333;24166733333;1398;1386
4513;23768475000;23708133333;24208133333;1400;1388
4514;23768478000;23708133333;24208133333;1400;1388
4515;23768482000;23708133333;24208133333;1398;1386
4516;23768485000;23708133333;24208133333;1400;1388
4517;23768498000;23708133333;24208133333;1398;1386
4518;23768501000;23708133333;24208133333;1400;1388
4520;23768504000;23708155555;24208155555;982;970
4521;23810095000;23708400000;24208400000;1398;1386
4522;23810104000;23708400000;24208400000;1400;1388
4523;23810107000;23708400000;24208400000;1398;1386
4524;23810110000;23749800000;24249800000;1400;1388
4525;23810114000;23749800000;24249800000;1400;1388
4530;23810117000;23749800000;24249800000;1400;1388
4531;23810120000;23749811111;24249811111;982;970
4532;23851737000;23750077777;24250077777;1398;1386
4533;23851746000;23750077777;24250077777;1400;1388
4534;23851750000;23750077777;24250077777;1398;1386
4535;23851754000;23791433333;24291433333;1400;1388
4536;23851757000;23791433333;24291433333;1400;1388
4537;23851760000;23791433333;24291433333;1398;1386
4538;23851763000;23791433333;24291433333;1400;1388
4539;23851767000;23791433333;24291433333;1398;1386
4540;23851779000;23791433333;24291433333;1400;1388
4541;23851782000;23791433333;24291433333;1400;1388
4542;23851785000;23791444444;24291444444;982;970
4543;23893433000;23791733333;24291733333;1398;1386
4544;23893442000;23791733333;24291733333;1400;1388
4545;23893446000;23791733333;24291733333;1398;1386
4546;23893449000;23833133333;24333133333;1400;1388
4549;23893452000;23833133333;24333133333;1400;1388
4550;23893458000;23833133333;24333133333;1398;1386
4551;23893472000;23833133333;24333133333;1400;1388
4552;23893475000;23833133333;24333133333;1400;1388
4553;23893484000;23833144444;24333144444;982;970
4554;23935100000;23833411111;24333411111;1398;1386
4555;23935109000;23833411111;24333411111;1400;1388
4556;23935113000;23833411111;24333411111;1398;1386
4557;23935117000;23874800000;24374800000;1400;1388
4558;23935121000;23874800000;24374800000;1400;1388
4559;23935124000;23874800000;24374800000;1398;1386
4560;23935128000;23874800000;24374800000;1400;1388
4561;23935131000;23874800000;24374800000;1398;1386
4562;23935135000;23874800000;24374800000;1400;1388
4563;23935138000;23874800000;24374800000;1400;1388
4564;23935141000;23874811111;24374811111;982;970
4565;23976768000;23875066666;24375066666;1398;1386
4567;23976778000;23875066666;24375066666;1398;1386
4568;23976784000;23916466666;24416466666;1400;1388
4569;23976798000;23916466666;24416466666;1400;1388
4570;23976802000;23916466666;24416466666;1398;1386
4571;23976812000;23916466666;24416466666;1400;1388
4572;23976816000;23916466666;24416466666;1398;1386
4573;23976819000;23916466666;24416466666;1400;1388
4574;23976823000;23916466666;24416466666;1400;1388
4575;23976836000;23916477777;24416477777;982;970
4576;24018433000;23916766666;24416766666;1398;1386
4577;24018442000;23916766666;24416766666;1400;1388
4578;24018446000;23916766666;24416766666;1398;1386
4579;24018450000;23958133333;24458133333;1400;1388
4580;24018453000;23958133333;24458133333;1400;1388
4583;24018456000;23958133333;24458133333;1398;1386
4584;24018462000;23958133333;24458133333;1400;1388
4585;24018476000;23958133333;24458133333;1400;1388
4586;24018480000;23958155555;24458155555;982;970
4587;24060098000;23958411111;24458411111;1398;1386
4588;24060107000;23958411111;24458411111;1400;1388
4589;24060111000;23958411111;24458411111;1398;1386
4591;24060114000;23999800000;24499800000;1400;1388
4592;24060118000;23999800000;24499800000;1398;1386
4593;24060121000;23999800000;24499800000;1400;1388
4594;24060124000;23999800000;24499800000;1398;1386
4595;24060128000;23999800000;24499800000;1400;1388
4596;24060131000;23999800000;24499800000;1400;1388
4597;24060134000;23999811111;24499811111;982;970
4598;24101760000;24000100000;24500100000;1398;1386
4599;24101769000;24000100000;24500100000;1400;1388
4602;24101772000;24041466666;24541466666;1400;1388
4603;24101776000;24041466666;24541466666;1398;1386
4605;24101779000;24041466666;24541466666;1398;1386
4607;24101782000;24041466666;24541466666;1400;1388
4608;24101785000;24041477777;24541477777;982;970
4609;24143440000;24041744444;24541744444;1398;1386
4610;24143449000;24041744444;24541744444;1400;1388
4611;24143453000;24041744444;24541744444;1398;1386
4612;24143456000;24083133333;24583133333;1400;1388
4613;24143459000;24083133333;24583133333;1400;1388
4614;24143462000;24083133333;24583133333;1398;1386
4615;24143465000;24083133333;24583133333;1400;1388
4616;24143468000;24083133333;24583133333;1398;1386
4617;24143471000;24083133333;24583133333;1400;1388
4618;24143475000;24083133333;24583133333;1400;1388
4619;24143478000;24083144444;24583144444;982;970
4620;24185112000;24083411111;24583411111;1398;1386
4621;24185121000;24083411111;24583411111;1400;1388
4622;24185124000;24083411111;24583411111;1398;1386
4623;24185128000;24124800000;24624800000;1400;1388
4624;24185131000;24124800000;24624800000;1400;1388
4626;24185134000;24124800000;24624800000;1400;1388
4627;24185140000;24124800000;24624800000;1398;1386
4628;24185153000;24124800000;24624800000;1400;1388
4629;24185156000;24124800000;24624800000;1400;1388
4630;24185165000;24124811111;24624811111;982;970
4631;24226734000;24125055555;24625055555;1398;1386
4632;24226743000;24125055555;24625055555;1400;1388
4633;24226747000;24125055555;24625055555;1398;1386
4634;24226750000;24166433333;24666433333;1400;1388
4635;24226753000;24166433333;24666433333;1400;1388
4636;24226757000;24166433333;24666433333;1398;1386
4637;24226760000;24166433333;24666433333;1400;1388
4638;24226763000;24166433333;24666433333;1398;1386
4639;24226766000;24166433333;24666433333;1400;1388
4641;24226769000;24166444444;24666444444;982;970
4642;24268427000;24166733333;24666733333;1398;1386
4643;24268435000;24166733333;24666733333;1400;1388
4644;24268439000;24166733333;24666733333;1398;1386
4646;24268442000;24208133333;24708133333;1400;1388
4647;24268446000;24208133333;24708133333;1398;1386
4648;24268449000;24208133333;24708133333;1400;1388
4649;24268452000;24208133333;24708133333;1398;1386
4650;24268455000;24208133333;24708133333;1400;1388
4651;24268458000;24208133333;24708133333;1400;1388
4652;24268461000;24208155555;24708155555;982;970
4653;24310114000;24208422222;24708422222;1398;1386
4654;24310123000;24208422222;24708422222;1400;1388
4655;24310127000;24208422222;24708422222;1398;1386
4656;24310130000;24249800000;24749800000;1400;1388
4657;24310133000;24249800000;24749800000;1400;1388
4658;24310136000;24249800000;24749800000;1398;1386
4659;24310139000;24249800000;24749800000;1400;1388
4660;24310143000;24249800000;24749800000;1398;1386
4661;24310146000;24249800000;24749800000;1400;1388
4662;24310149000;24249800000;24749800000;1400;1388
4663;24310152000;24249811111;24749811111;982;970
4664;24351736000;24250100000;24750100000;1398;1386
4665;24351744000;24250100000;24750100000;1400;1388
4666;24351748000;24250100000;24750100000;1398;1386
4667;24351751000;24291433333;24791433333;1400;1388
4668;24351755000;24291433333;24791433333;1400;1388
4669;24351758000;24291433333;24791433333;1398;1386
4670;24351761000;24291433333;24791433333;1400;1388
4671;24351765000;24291433333;24791433333;1398;1386
4672;24351768000;24291433333;24791433333;1400;1388
4674;24351771000;24291444444;24791444444;982;970
4675;24393426000;24291711111;24791711111;1398;1386
4676;24393435000;24291711111;24791711111;1400;1388
4677;24393438000;24291711111;24791711111;1398;1386
4678;24393441000;24333133333;24833133333;1400;1388
4679;24393444000;24333133333;24833133333;1400;1388
4681;24393447000;24333133333;24833133333;1400;1388
4682;24393451000;24333133333;24833133333;1398;1386
4683;24393454000;24333133333;24833133333;1400;1388
4684;24393457000;24333133333;24833133333;1400;1388
4685;24393460000;24333144444;24833144444;982;970
4686;24435105000;24333400000;24833400000;1398;1386
4687;24435114000;24333400000;24833400000;1400;1388
4688;24435117000;24333400000;24833400000;1398;1386
4689;24435120000;24374800000;24874800000;1400;1388
4690;24435124000;24374800000;24874800000;1400;1388
4692;24435127000;24374800000;24874800000;1400;1388
4693;24435130000;24374800000;24874800000;1398;1386
4695;24435133000;24374800000;24874800000;1400;1388
4696;24435136000;24374811111;24874811111;982;970
4697;24476747000;24375055555;24875055555;1398;1386
4698;24476755000;24375055555;24875055555;1400;1388
4699;24476759000;24375055555;24875055555;1398;1386
4700;24476762000;24416433333;24916433333;1400;1388
4702;24476766000;24416433333;24916433333;1398;1386
4703;24476769000;24416433333;24916433333;1400;1388
4704;24476772000;24416433333;24916433333;1398;1386
4705;24476776000;24416433333;24916433333;1400;1388
4706;24476779000;24416433333;24916433333;1400;1388
4707;24476782000;24416444444;24916444444;982;970
4708;24518430000;24416733333;24916733333;1398;1386
4709;24518439000;24416733333;24916733333;1400;1388
4710;24518443000;24416733333;24916733333;1398;1386
4711;24518446000;24458133333;24958133333;1400;1388
4712;24518449000;24458133333;24958133333;1400;1388
4713;24518452000;24458133333;24958133333;1398;1386
4714;24518455000;24458133333;24958133333;1400;1388
4715;24518458000;24458133333;24958133333;1398;1386
4716;24518460000;24458133333;24958133333;1400;1388
4717;24518463000;24458133333;24958133333;1400;1388
4719;24560092000;24458422222;24958422222;1398;1386
4720;24560120000;24458422222;24958422222;1400;1388
4721;24560125000;24458422222;24958422222;1398;1386
4722;24560128000;24499800000;24999800000;1400;1388
4723;24560131000;24499800000;24999800000;1400;1388
4724;24560135000;24499800000;24999800000;1398;1386
4725;24560138000;24499800000;24999800000;1400;1388
4728;24560150000;24499800000;24999800000;1400;1388
4729;24560153000;24499811111;24999811111;982;970
4730;24601774000;24500077777;25000077777;1398;1386
4731;24601782000;24500077777;25000077777;1400;1388
4732;24601786000;24500077777;25000077777;1398;1386
4734;24601789000;24541466666;25041466666;1400;1388
4735;24601793000;24541466666;25041466666;1398;1386
4736;24601796000;24541466666;25041466666;1400;1388
4737;24601799000;24541466666;25041466666;1398;1386
4738;24601802000;24541466666;25041466666;1400;1388
4739;24601805000;24541466666;25041466666;1400;1388
4740;24601808000;24541477777;25041477777;982;970
4741;24643441000;24541755555;25041755555;1398;1386
4742;24643449000;24541755555;25041755555;1400;1388
4743;24643453000;24541755555;25041755555;1398;1386
4744;24643456000;24583133333;25083133333;1400;1388
4745;24643459000;24583133333;25083133333;1400;1388
4746;24643462000;24583133333;25083133333;1398;1386
4747;24643465000;24583133333;25083133333;1400;1388
4748;24643468000;24583133333;25083133333;1398;1386
4750;24643471000;24583133333;25083133333;1400;1388
4751;24643475000;24583144444;25083144444;982;970
4752;24685114000;24583444444;25083444444;1398;1386
4753;24685131000;24583444444;25083444444;1400;1388
4754;24685135000;24583444444;25083444444;1398;1386
4755;24685138000;24624800000;25124800000;1400;1388
4756;24685141000;24624800000;25124800000;1400;1388
4757;24685144000;24624800000;25124800000;1398;1386
4758;24685147000;24624800000;25124800000;1400;1388
4759;24685150000;24624800000;25124800000;1398;1386
4760;24685154000;24624800000;25124800000;1400;1388
4761;24685157000;24624800000;25124800000;1400;1388
4762;24685160000;24624811111;25124811111;982;970
4763;24726742000;24625077777;25125077777;1398;1386
4766;24726751000;24666433333;25166433333;1400;1388
4767;24726756000;24666433333;25166433333;1400;1388
4768;24726770000;24666433333;25166433333;1398;1386
4769;24726773000;24666433333;25166433333;1400;1388
4770;24726782000;24666433333;25166433333;1398;1386
4771;24726785000;24666433333;25166433333;1400;1388
4772;24726788000;24666433333;25166433333;1400;1388
4773;24726791000;24666444444;25166444444;982;970
4774;24768444000;24666766666;25166766666;1398;1386
4775;24768453000;24666766666;25166766666;1400;1388
4776;24768457000;24666766666;25166766666;1398;1386
4777;24768460000;24708133333;25208133333;1400;1388
4778;24768463000;24708133333;25208133333;1400;1388
4779;24768466000;24708133333;25208133333;1398;1386
4783;24768469000;24708133333;25208133333;1400;1388
4784;24768473000;24708155555;25208155555;982;970
4785;24810103000;24708433333;25208433333;1398;1386
4787;24810112000;24708433333;25208433333;1398;1386
4788;24810116000;24749800000;25249800000;1400;1388
4789;24810120000;24749800000;25249800000;1400;1388
4790;24810124000;24749800000;25249800000;1398;1386
4791;24810127000;24749800000;25249800000;1400;1388
4792;24810130000;24749800000;25249800000;1398;1386
4793;24810133000;24749800000;25249800000;1400;1388
4794;24810136000;24749800000;25249800000;1400;1388
4795;24810139000;24749811111;25249811111;982;970
4796;24851760000;24750111111;25250111111;1398;1386
4798;24851769000;24750111111;25250111111;1398;1386
4799;24851775000;24791466666;25291466666;1400;1388
4800;24851788000;24791466666;25291466666;1400;1388
4801;24851791000;24791466666;25291466666;1398;1386
4802;24851800000;24791466666;25291466666;1400;1388
4803;24851803000;24791466666;25291466666;1398;1386
4804;24851806000;24791466666;25291466666;1400;1388
4805;24851809000;24791466666;25291466666;1400;1388
4806;24851821000;24791477777;25291477777;982;970
4807;24893439000;24791788888;25291788888;1398;1386
4808;24893448000;24791788888;25291788888;1400;1388
4809;24893451000;24791788888;25291788888;1398;1386
4811;24893454000;24833133333;25333133333;1400;1388
4812;24893460000;24833133333;25333133333;1398;1386
4813;24893487000;24833133333;25333133333;1400;1388
4814;24893491000;24833133333;25333133333;1398;1386
4815;24893494000;24833133333;25333133333;1400;1388
4816;24893506000;24833133333;25333133333;1400;1388
4817;24893509000;24833144444;25333144444;982;970
4818;24935112000;24833444444;25333444444;1398;1386
4820;24935121000;24833444444;25333444444;1398;1386
4821;24935125000;24874800000;25374800000;1400;1388
4822;24935128000;24874800000;25374800000;1400;1388
4823;24935132000;24874800000;25374800000;1398;1386
4824;24935135000;24874800000;25374800000;1400;1388
4825;24935138000;24874800000;25374800000;1398;1386
4826;24935141000;24874800000;25374800000;1400;1388
4827;24935145000;24874800000;25374800000;1400;1388
4828;24935148000;24874811111;25374811111;982;970
4829;24976733000;24875100000;25375100000;1398;1386
4830;24976742000;24875100000;25375100000;1400;1388
4831;24976746000;24875100000;25375100000;1398;1386
4832;24976749000;24916433333;25416433333;1400;1388
4833;24976752000;24916433333;25416433333;1400;1388
4834;24976755000;24916433333;25416433333;1398;1386
4835;24976758000;24916433333;25416433333;1400;1388
4836;24976762000;24916433333;25416433333;1398;1386
4837;24976765000;24916433333;25416433333;1400;1388
4838;24976768000;24916433333;25416433333;1400;1388
4840;25018430000;24916755555;25416755555;1398;1386
4841;25018450000;24916755555;25416755555;1400;1388
4842;25018454000;24916755555;25416755555;1398;1386
4843;25018458000;24958133333;25458133333;1400;1388
4844;25018461000;24958133333;25458133333;1400;1388
4845;25018465000;24958133333;25458133333;1398;1386
4846;25018468000;24958133333;25458133333;1400;1388
4847;25018480000;24958133333;25458133333;1398;1386
4848;25018483000;24958133333;25458133333;1400;1388
4849;25018486000;24958133333;25458133333;1400;1388
4850;25018489000;24958144444;25458144444;982;970
4851;25060115000;24958433333;25458433333;1398;1386
4852;25060124000;24958433333;25458433333;1400;1388
4853;25060128000;24958433333;25458433333;1398;1386
4854;25060131000;24999800000;25499800000;1400;1388
4855;25060135000;24999800000;25499800000;1400;1388
4856;25060138000;24999800000;25499800000;1398;1386
4857;25060142000;24999800000;25499800000;1400;1388
4858;25060145000;24999800000;25499800000;1398;1386
4859;25060148000;24999800000;25499800000;1400;1388
4860;25060151000;24999800000;25499800000;1400;1388
4861;25060155000;24999811111;25499811111;982;970
4865;25101759000;25041444444;25541444444;1400;1388
4868;25101781000;25041444444;25541444444;1400;1388
4869;25101786000;25041444444;25541444444;1398;1386
4871;25101789000;25041444444;25541444444;1400;1388
4872;25101793000;25041455555;25541455555;982;970
4874;25143431000;25041755555;25541755555;1400;1388
4875;25143441000;25041755555;25541755555;1398;1386
4876;25143444000;25083133333;25583133333;1400;1388
4877;25143448000;25083133333;25583133333;1400;1388
4878;25143451000;25083133333;25583133333;1398;1386
4880;25143454000;25083133333;25583133333;1398;1386
4881;25143457000;25083133333;25583133333;1400;1388
4882;25143460000;25083133333;25583133333;1400;1388
4883;25143464000;25083144444;25583144444;982;970
4884;25185100000;25083444444;25583444444;1398;1386
4886;25185109000;25083444444;25583444444;1398;1386
4887;25185113000;25124800000;25624800000;1400;1388
4888;25185117000;25124800000;25624800000;1400;1388
4889;25185120000;25124800000;25624800000;1398;1386
4890;25185123000;25124800000;25624800000;1400;1388
4891;25185126000;25124800000;25624800000;1398;1386
4892;25185129000;25124800000;25624800000;1400;1388
4893;25185133000;25124800000;25624800000;1400;1388
4894;25185136000;25124811111;25624811111;982;970
4895;25226765000;25125088888;25625088888;1398;1386
4897;25226774000;25125088888;25625088888;1398;1386
4898;25226780000;25166466666;25666466666;1400;1388
4899;25226794000;25166466666;25666466666;1400;1388
4900;25226798000;25166466666;25666466666;1398;1386
4902;25226801000;25166466666;25666466666;1398;1386
4904;25226805000;25166466666;25666466666;1400;1388
4905;25226808000;25166477777;25666477777;982;970
4906;25268430000;25166788888;25666788888;1398;1386
4907;25268446000;25166788888;25666788888;1400;1388
4908;25268450000;25166788888;25666788888;1398;1386
4909;25268453000;25208133333;25708133333;1400;1388
4910;25268457000;25208133333;25708133333;1400;1388
4911;25268460000;25208133333;25708133333;1398;1386
4912;25268463000;25208133333;25708133333;1400;1388
4913;25268466000;25208133333;25708133333;1398;1386
4914;25268469000;25208133333;25708133333;1400;1388
4915;25268472000;25208133333;25708133333;1400;1388
4916;25268475000;25208155555;25708155555;982;970
4917;25310109000;25208455555;25708455555;1398;1386
4918;25310118000;25208455555;25708455555;1400;1388
4919;25310122000;25208455555;25708455555;1398;1386
4920;25310125000;25249800000;25749800000;1400;1388
4922;25310128000;25249800000;25749800000;1398;1386
4923;25310133000;25249800000;25749800000;1400;1388
4924;25310147000;25249800000;25749800000;1398;1386
4925;25310151000;25249800000;25749800000;1400;1388
4927;25310160000;25249811111;25749811111;982;970
4928;25351769000;25250122222;25750122222;1398;1386
4929;25351777000;25250122222;25750122222;1400;1388
4930;25351781000;25250122222;25750122222;1398;1386
4931;25351785000;25291466666;25791466666;1400;1388
4932;25351788000;25291466666;25791466666;1400;1388
4934;25351792000;25291466666;25791466666;1400;1388
4935;25351795000;25291466666;25791466666;1398;1386
4936;25351799000;25291466666;25791466666;1400;1388
4937;25351802000;25291466666;25791466666;1400;1388
4938;25351805000;25291477777;25791477777;982;970
4939;25393434000;25291777777;25791777777;1398;1386
4940;25393443000;25291777777;25791777777;1400;1388
4941;25393446000;25291777777;25791777777;1398;1386
4942;25393450000;25333133333;25833133333;1400;1388
4943;25393453000;25333133333;25833133333;1400;1388
4944;25393457000;25333133333;25833133333;1398;1386
4945;25393460000;25333133333;25833133333;1400;1388
4946;25393463000;25333133333;25833133333;1398;1386
4947;25393466000;25333133333;25833133333;1400;1388
4948;25393469000;25333133333;25833133333;1400;1388
4949;25393472000;25333144444;25833144444;982;970
4950;25435098000;25333433333;25833433333;1398;1386
4954;25435107000;25374800000;25874800000;1400;1388
4955;25435113000;25374800000;25874800000;1398;1386
4956;25435127000;25374800000;25874800000;1400;1388
4957;25435131000;25374800000;25874800000;1398;1386
4958;25435134000;25374800000;25874800000;1400;1388
4959;25435137000;25374800000;25874800000;1400;1388
4960;25435141000;25374811111;25874811111;982;970
4961;25476766000;25375088888;25875088888;1398;1386
4962;25476776000;25375088888;25875088888;1400;1388
4963;25476780000;25375088888;25875088888;1398;1386
4964;25476784000;25416466666;25916466666;1400;1388
4965;25476787000;25416466666;25916466666;1400;1388
4966;25476791000;25416466666;25916466666;1398;1386
4967;25476794000;25416466666;25916466666;1400;1388
4968;25476797000;25416466666;25916466666;1398;1386
4969;25476801000;25416466666;25916466666;1400;1388
4973;25518431000;25416788888;25916788888;1400;1388
4974;25518452000;25416788888;25916788888;1398;1386
4975;25518456000;25458133333;25958133333;1400;1388
4977;25518460000;25458133333;25958133333;1398;1386
4978;25518464000;25458133333;25958133333;1400;1388
4979;25518468000;25458133333;25958133333;1398;1386
4980;25518471000;25458133333;25958133333;1400;1388
4982;25518483000;25458155555;25958155555;982;970
4983;25560098000;25458444444;25958444444;1398;1386
4984;25560107000;25458444444;25958444444;1400;1388
4985;25560110000;25458444444;25958444444;1398;1386
4986;25560114000;25499800000;25999800000;1400;1388
4988;25560117000;25499800000;25999800000;1398;1386
4990;25560121000;25499800000;25999800000;1398;1386
4991;25560124000;25499800000;25999800000;1400;1388
4992;25560128000;25499800000;25999800000;1400;1388
4994;25601731000;25500111111;26000111111;1398;1386
4995;25601740000;25500111111;26000111111;1400;1388
4996;25601743000;25500111111;26000111111;1398;1386
4997;25601747000;25541433333;26041433333;1400;1388
4998;25601750000;25541433333;26041433333;1400;1388
4999;25601753000;25541433333;26041433333;1398;1386
5000;25601756000;25541433333;26041433333;1400;1388
5001;25601759000;25541433333;26041433333;1398;1386
5002;25601770000;25541433333;26041433333;1400;1388
5003;25601774000;25541433333;26041433333;1400;1388
5004;25601777000;25541444444;26041444444;982;970
5006;25643441000;25541766666;26041766666;1400;1388
5007;25643462000;25541766666;26041766666;1398;1386
5008;25643466000;25583133333;26083133333;1400;1388
5009;25643470000;25583133333;26083133333;1400;1388
5011;25643473000;25583133333;26083133333;1400;1388
5012;25643476000;25583133333;26083133333;1398;1386
5013;25643479000;25583133333;26083133333;1400;1388
5014;25643491000;25583133333;26083133333;1400;1388
5016;25685113000;25583433333;26083433333;1398;1386
5017;25685131000;25583433333;26083433333;1400;1388
5018;25685135000;25583433333;26083433333;1398;1386
5019;25685138000;25624800000;26124800000;1400;1388
5020;25685142000;25624800000;26124800000;1400;1388
5021;25685145000;25624800000;26124800000;1398;1386
5022;25685147000;25624800000;26124800000;1400;1388
5023;25685151000;25624800000;26124800000;1398;1386
5024;25685154000;25624800000;26124800000;1400;1388
5025;25685157000;25624800000;26124800000;1400;1388
5026;25685160000;25624811111;26124811111;982;970
5027;25726775000;25625077777;26125077777;1398;1386
5028;25726784000;25625077777;26125077777;1400;1388
5031;25726787000;25666466666;26166466666;1400;1388
5032;25726803000;25666466666;26166466666;1398;1386
5033;25726807000;25666466666;26166466666;1400;1388
5034;25726810000;25666466666;26166466666;1398;1386
5035;25726819000;25666466666;26166466666;1400;1388
5036;25726822000;25666466666;26166466666;1400;1388
5037;25726825000;25666477777;26166477777;982;970
5038;25768438000;25666788888;26166788888;1398;1386
5042;25768446000;25708133333;26208133333;1400;1388
5043;25768450000;25708133333;26208133333;1398;1386
5045;25768454000;25708133333;26208133333;1398;1386
5046;25768457000;25708133333;26208133333;1400;1388
5047;25768460000;25708133333;26208133333;1400;1388
5048;25768464000;25708144444;26208144444;982;970
5049;25810128000;25708422222;26208422222;1398;1386
5050;25810136000;25708422222;26208422222;1400;1388
5051;25810140000;25708422222;26208422222;1398;1386
5052;25810143000;25749800000;26249800000;1400;1388
5053;25810146000;25749800000;26249800000;1400;1388
5054;25810150000;25749800000;26249800000;1398;1386
5055;25810153000;25749800000;26249800000;1400;1388
5057;25810156000;25749800000;26249800000;1400;1388
5059;25810159000;25749811111;26249811111;982;970
5061;25851765000;25750100000;26250100000;1400;1388
5062;25851774000;25750100000;26250100000;1398;1386
5063;25851777000;25791466666;26291466666;1400;1388
5064;25851781000;25791466666;26291466666;1400;1388
5065;25851784000;25791466666;26291466666;1398;1386
5066;25851787000;25791466666;26291466666;1400;1388
5067;25851790000;25791466666;26291466666;1398;1386
5068;25851793000;25791466666;26291466666;1400;1388
5069;25851796000;25791466666;26291466666;1400;1388
5070;25851799000;25791477777;26291477777;982;970
5071;25893439000;25791777777;26291777777;1398;1386
5072;25893448000;25791777777;26291777777;1400;1388
5073;25893451000;25791777777;26291777777;1398;1386
5075;25893454000;25833133333;26333133333;1400;1388
5076;25893460000;25833133333;26333133333;1398;1386
5077;25893473000;25833133333;26333133333;1400;1388
5078;25893476000;25833133333;26333133333;1398;1386
5079;25893487000;25833133333;26333133333;1400;1388
5080;25893490000;25833133333;26333133333;1400;1388
5081;25893494000;25833144444;26333144444;982;970
5084;25935092000;25833433333;26333433333;1398;1386
5085;25935101000;25874800000;26374800000;1400;1388
5086;25935105000;25874800000;26374800000;1400;1388
5087;25935108000;25874800000;26374800000;1398;1386
5088;25935112000;25874800000;26374800000;1400;1388
5089;25935115000;25874800000;26374800000;1398;1386
5090;25935119000;25874800000;26374800000;1400;1388
5091;25935122000;25874800000;26374800000;1400;1388
5092;25935125000;25874811111;26374811111;982;970
5093;25976751000;25875088888;26375088888;1398;1386
5094;25976760000;25875088888;26375088888;1400;1388
5097;25976764000;25916433333;26416433333;1400;1388
5098;25976780000;25916433333;26416433333;1398;1386
5099;25976792000;25916433333;26416433333;1400;1388
5100;25976796000;25916433333;26416433333;1398;1386
5103;25976799000;25916444444;26416444444;982;970
5104;26018437000;25916755555;26416755555;1398;1386
5107;26018446000;25958133333;26458133333;1400;1388
5108;26018450000;25958133333;26458133333;1400;1388
5109;26018453000;25958133333;26458133333;1398;1386
5110;26018456000;25958133333;26458133333;1400;1388
5111;26018459000;25958133333;26458133333;1398;1386
5115;26060109000;25958422222;26458422222;1398;1386
5116;26060118000;25958422222;26458422222;1400;1388
5117;26060122000;25958422222;26458422222;1398;1386
5118;26060125000;25999800000;26499800000;1400;1388
5119;26060128000;25999800000;26499800000;1400;1388
5120;26060131000;25999800000;26499800000;1398;1386
5121;26060134000;25999800000;26499800000;1400;1388
5122;26060137000;25999800000;26499800000;1398;1386
5123;26060140000;25999800000;26499800000;1400;1388
5124;26060143000;25999800000;26499800000;1400;1388
5125;26060146000;25999811111;26499811111;982;970
5126;26101780000;26000122222;26500122222;1398;1386
5127;26101789000;26000122222;26500122222;1400;1388
5128;26101793000;26000122222;26500122222;1398;1386
5129;26101796000;26041466666;26541466666;1400;1388
5130;26101799000;26041466666;26541466666;1400;1388
5131;26101802000;26041466666;26541466666;1398;1386
5132;26101806000;26041466666;26541466666;1400;1388
5133;26101809000;26041466666;26541466666;1398;1386
5134;26101812000;26041466666;26541466666;1400;1388
5135;26101815000;26041466666;26541466666;1400;1388
5136;26101818000;26041477777;26541477777;982;970
5137;26143429000;26041766666;26541766666;1398;1386
5138;26143438000;26041766666;26541766666;1400;1388
5140;26143442000;26083133333;26583133333;1400;1388
5141;26143447000;26083133333;26583133333;1400;1388
5142;26143461000;26083133333;26583133333;1398;1386
5144;26143464000;26083133333;26583133333;1398;1386
5145;26143477000;26083133333;26583133333;1400;1388
5146;26143480000;26083133333;26583133333;1400;1388
5147;26143483000;26083144444;26583144444;982;970
5148;26185093000;26083433333;26583433333;1398;1386
5149;26185102000;26083433333;26583433333;1400;1388
5150;26185105000;26083433333;26583433333;1398;1386
5151;26185108000;26124800000;26624800000;1400;1388
5152;26185112000;26124800000;26624800000;1400;1388
5153;26185114000;26124800000;26624800000;1398;1386
5154;26185118000;26124800000;26624800000;1400;1388
5156;26185120000;26124800000;26624800000;1400;1388
5157;26185124000;26124800000;26624800000;1400;1388
5159;26226743000;26125077777;26625077777;1398;1386
5160;26226752000;26125077777;26625077777;1400;1388
5161;26226755000;26125077777;26625077777;1398;1386
5162;26226758000;26166433333;26666433333;1400;1388
5163;26226761000;26166433333;26666433333;1400;1388
5164;26226764000;26166433333;26666433333;1398;1386
5165;26226767000;26166433333;26666433333;1400;1388
5166;26226770000;26166433333;26666433333;1398;1386
5169;26226773000;26166444444;26666444444;982;970
5170;26268440000;26166755555;26666755555;1398;1386
5171;26268449000;26166755555;26666755555;1400;1388
5172;26268453000;26166755555;26666755555;1398;1386
5173;26268456000;26208133333;26708133333;1400;1388
5174;26268459000;26208133333;26708133333;1400;1388
5175;26268462000;26208133333;26708133333;1398;1386
5177;26268465000;26208133333;26708133333;1398;1386
5178;26268468000;26208133333;26708133333;1400;1388
5179;26268471000;26208133333;26708133333;1400;1388
5180;26268474000;26208155555;26708155555;982;970
5181;26310108000;26208444444;26708444444;1398;1386
5182;26310116000;26208444444;26708444444;1400;1388
5183;26310120000;26208444444;26708444444;1398;1386
5184;26310123000;26249800000;26749800000;1400;1388
5185;26310126000;26249800000;26749800000;1400;1388
5186;26310129000;26249800000;26749800000;1398;1386
5187;26310132000;26249800000;26749800000;1400;1388
5188;26310135000;26249800000;26749800000;1398;1386
5189;26310138000;26249800000;26749800000;1400;1388
5190;26310141000;26249800000;26749800000;1400;1388
5191;26310144000;26249811111;26749811111;982;970
5192;26351773000;26250122222;26750122222;1398;1386
5193;26351781000;26250122222;26750122222;1400;1388
5194;26351793000;26250122222;26750122222;1398;1386
5195;26351797000;26291466666;26791466666;1400;1388
5196;26351800000;26291466666;26791466666;1400;1388
5197;26351803000;26291466666;26791466666;1398;1386
5198;26351806000;26291466666;26791466666;1400;1388
5199;26351809000;26291466666;26791466666;1398;1386
5200;26351812000;26291466666;26791466666;1400;1388
5201;26351816000;26291466666;26791466666;1400;1388
5202;26351819000;26291477777;26791477777;982;970
5203;26393423000;26291766666;26791766666;1398;1386
5204;26393432000;26291766666;26791766666;1400;1388
5205;26393436000;26291766666;26791766666;1398;1386
5206;26393439000;26333133333;26833133333;1400;1388
5207;26393443000;26333133333;26833133333;1400;1388
5209;26393446000;26333133333;26833133333;1400;1388
5210;26393451000;26333133333;26833133333;1398;1386
5211;26393465000;26333133333;26833133333;1400;1388
5212;26393468000;26333133333;26833133333;1400;1388
5213;26393478000;26333155555;26833155555;982;970
5214;26435121000;26333422222;26833422222;1398;1386
5215;26435130000;26333422222;26833422222;1400;1388
5216;26435134000;26333422222;26833422222;1398;1386
5217;26435137000;26374800000;26874800000;1400;1388
5218;26435140000;26374800000;26874800000;1400;1388
5219;26435143000;26374800000;26874800000;1398;1386
5220;26435147000;26374800000;26874800000;1400;1388
5221;26435150000;26374800000;26874800000;1398;1386
5222;26435153000;26374800000;26874800000;1400;1388
5223;26435156000;26374800000;26874800000;1400;1388
5224;26435159000;26374811111;26874811111;982;970
5225;26476767000;26375077777;26875077777;1398;1386
5226;26476776000;26375077777;26875077777;1400;1388
5227;26476780000;26375077777;26875077777;1398;1386
5228;26476783000;26416466666;26916466666;1400;1388
5229;26476786000;26416466666;26916466666;1400;1388
5230;26476790000;26416466666;26916466666;1398;1386
5231;26476793000;26416466666;26916466666;1400;1388
5232;26476796000;26416466666;26916466666;1398;1386
5233;26476799000;26416466666;26916466666;1400;1388
5234;26476802000;26416466666;26916466666;1400;1388
5235;26476805000;26416477777;26916477777;982;970
5236;26518432000;26416788888;26916788888;1398;1386
5237;26518441000;26416788888;26916788888;1400;1388
5238;26518445000;26416788888;26916788888;1398;1386
5239;26518448000;26458133333;26958133333;1400;1388
5242;26518451000;26458133333;26958133333;1400;1388
5243;26518457000;26458133333;26958133333;1398;1386
5245;26518471000;26458133333;26958133333;1400;1388
5246;26518475000;26458144444;26958144444;982;970
5247;26560101000;26458433333;26958433333;1398;1386
5248;26560110000;26458433333;26958433333;1400;1388
5249;26560114000;26458433333;26958433333;1398;1386
5250;26560117000;26499800000;26999800000;1400;1388
5251;26560121000;26499800000;26999800000;1400;1388
5252;26560124000;26499800000;26999800000;1398;1386
5253;26560128000;26499800000;26999800000;1400;1388
5254;26560131000;26499800000;26999800000;1398;1386
5255;26560134000;26499800000;26999800000;1400;1388
5256;26560137000;26499800000;26999800000;1400;1388
5257;26560140000;26499811111;26999811111;982;970
5258;26601738000;26500100000;27000100000;1398;1386
5259;26601747000;26500100000;27000100000;1400;1388
5260;26601751000;26500100000;27000100000;1398;1386
5261;26601754000;26541433333;27041433333;1400;1388
5262;26601757000;26541433333;27041433333;1400;1388
5263;26601761000;26541433333;27041433333;1398;1386
5264;26601764000;26541433333;27041433333;1400;1388
5265;26601767000;26541433333;27041433333;1398;1386
5266;26601770000;26541433333;27041433333;1400;1388
5267;26601773000;26541433333;27041433333;1400;1388
5269;26643411000;26541755555;27041755555;1398;1386
5270;26643423000;26541755555;27041755555;1400;1388
5271;26643427000;26541755555;27041755555;1398;1386
5273;26643431000;26583133333;27083133333;1400;1388
5274;26643434000;26583133333;27083133333;1398;1386
5275;26643447000;26583133333;27083133333;1400;1388
5276;26643450000;26583133333;27083133333;1398;1386
5277;26643454000;26583133333;27083133333;1400;1388
5278;26643457000;26583133333;27083133333;1400;1388
5279;26643460000;26583144444;27083144444;982;970
5280;26685125000;26583433333;27083433333;1398;1386
5282;26685179000;26583433333;27083433333;1398;1386
5283;26685184000;26624800000;27124800000;1400;1388
5284;26685187000;26624800000;27124800000;1400;1388
5286;26685190000;26624800000;27124800000;1400;1388
5287;26685193000;26624800000;27124800000;1398;1386
5288;26685196000;26624800000;27124800000;1400;1388
5289;26685199000;26624800000;27124800000;1400;1388
5290;26685202000;26624811111;27124811111;982;970
5291;26726751000;26625077777;27125077777;1398;1386
5292;26726760000;26625077777;27125077777;1400;1388
5293;26726763000;26625077777;27125077777;1398;1386
5295;26726766000;26666433333;27166433333;1400;1388
5296;26726770000;26666433333;27166433333;1398;1386
5297;26726774000;26666433333;27166433333;1400;1388
5298;26726777000;26666433333;27166433333;1398;1386
5299;26726780000;26666433333;27166433333;1400;1388
5300;26726783000;26666433333;27166433333;1400;1388
5301;26726786000;26666444444;27166444444;982;970
5302;26768441000;26666755555;27166755555;1398;1386
5303;26768449000;26666755555;27166755555;1400;1388
5305;26768452000;26708133333;27208133333;1400;1388
5306;26768456000;26708133333;27208133333;1400;1388
5307;26768459000;26708133333;27208133333;1398;1386
5308;26768462000;26708133333;27208133333;1400;1388
5309;26768465000;26708133333;27208133333;1398;1386
5310;26768468000;26708133333;27208133333;1400;1388
5311;26768471000;26708133333;27208133333;1400;1388
5314;26810112000;26708422222;27208422222;1400;1388
5315;26810121000;26708422222;27208422222;1398;1386
5316;26810125000;26749800000;27249800000;1400;1388
5317;26810128000;26749800000;27249800000;1400;1388
5318;26810131000;26749800000;27249800000;1398;1386
5319;26810135000;26749800000;27249800000;1400;1388
5320;26810138000;26749800000;27249800000;1398;1386
5321;26810141000;26749800000;27249800000;1400;1388
5322;26810144000;26749800000;27249800000;1400;1388
5323;26810147000;26749811111;27249811111;982;970
5324;26851758000;26750100000;27250100000;1398;1386
5325;26851767000;26750100000;27250100000;1400;1388
5326;26851770000;26750100000;27250100000;1398;1386
5327;26851773000;26791466666;27291466666;1400;1388
5328;26851777000;26791466666;27291466666;1400;1388
5329;26851780000;26791466666;27291466666;1398;1386
5330;26851783000;26791466666;27291466666;1400;1388
5332;26851785000;26791466666;27291466666;1400;1388
5333;26851791000;26791466666;27291466666;1400;1388
5334;26851804000;26791477777;27291477777;982;970
5335;26893445000;26791777777;27291777777;1398;1386
5336;26893454000;26791777777;27291777777;1400;1388
5337;26893458000;26791777777;27291777777;1398;1386
5339;26893461000;26833133333;27333133333;1400;1388
5341;26893465000;26833133333;27333133333;1400;1388
5342;26893469000;26833133333;27333133333;1398;1386
5343;26893472000;26833133333;27333133333;1400;1388
5344;26893475000;26833133333;27333133333;1400;1388
5345;26893478000;26833144444;27333144444;982;970
5346;26935100000;26833433333;27333433333;1398;1386
5347;26935109000;26833433333;27333433333;1400;1388
5348;26935113000;26833433333;27333433333;1398;1386
5349;26935116000;26874800000;27374800000;1400;1388
5351;26935119000;26874800000;27374800000;1398;1386
5352;26935123000;26874800000;27374800000;1400;1388
5353;26935126000;26874800000;27374800000;1398;1386
5354;26935129000;26874800000;27374800000;1400;1388
5355;26935132000;26874800000;27374800000;1400;1388
5356;26935135000;26874811111;27374811111;982;970
5357;26976731000;26875088888;27375088888;1398;1386
5358;26976739000;26875088888;27375088888;1400;1388
5359;26976743000;26875088888;27375088888;1398;1386
5360;26976746000;26916433333;27416433333;1400;1388
5361;26976750000;26916433333;27416433333;1400;1388
5362;26976753000;26916433333;27416433333;1398;1386
5363;26976756000;26916433333;27416433333;1400;1388
5364;26976759000;26916433333;27416433333;1398;1386
5367;26976762000;26916444444;27416444444;982;970
5368;27018438000;26916744444;27416744444;1398;1386
5370;27018447000;26916744444;27416744444;1398;1386
5371;27018451000;26958133333;27458133333;1400;1388
5372;27018454000;26958133333;27458133333;1400;1388
5373;27018457000;26958133333;27458133333;1398;1386
5374;27018469000;26958133333;27458133333;1400;1388
5375;27018472000;26958133333;27458133333;1398;1386
5376;27018475000;26958133333;27458133333;1400;1388
5377;27018478000;26958133333;27458133333;1400;1388
5378;27018481000;26958144444;27458144444;982;970
5380;27060111000;26958433333;27458433333;1400;1388
5382;27060121000;26999800000;27499800000;1400;1388
5385;27060125000;26999800000;27499800000;1400;1388
5386;27060129000;26999800000;27499800000;1398;1386
5387;27060132000;26999800000;27499800000;1400;1388
5388;27060135000;26999800000;27499800000;1400;1388
5389;27060147000;26999811111;27499811111;982;970
5392;27101766000;27000122222;27500122222;1398;1386
5393;27101776000;27041466666;27541466666;1400;1388
5394;27101780000;27041466666;27541466666;1400;1388
5395;27101784000;27041466666;27541466666;1398;1386
5396;27101787000;27041466666;27541466666;1400;1388
5397;27101790000;27041466666;27541466666;1398;1386
5398;27101793000;27041466666;27541466666;1400;1388
5399;27101797000;27041466666;27541466666;1400;1388
5400;27101800000;27041477777;27541477777;982;970
5401;27143429000;27041766666;27541766666;1398;1386
5402;27143437000;27041766666;27541766666;1400;1388
5403;27143441000;27041766666;27541766666;1398;1386
5404;27143444000;27083133333;27583133333;1400;1388
5405;27143447000;27083133333;27583133333;1400;1388
5406;27143450000;27083133333;27583133333;1398;1386
5407;27143453000;27083133333;27583133333;1400;1388
5408;27143456000;27083133333;27583133333;1398;1386
5409;27143459000;27083133333;27583133333;1400;1388
5410;27143462000;27083133333;27583133333;1400;1388
5412;27185110000;27083433333;27583433333;1398;1386
5413;27185131000;27083433333;27583433333;1400;1388
5414;27185134000;27083433333;27583433333;1398;1386
5415;27185138000;27124800000;27624800000;1400;1388
5416;27185142000;27124800000;27624800000;1400;1388
5417;27185145000;27124800000;27624800000;1398;1386
5418;27185148000;27124800000;27624800000;1400;1388
5419;27185160000;27124800000;27624800000;1398;1386
5420;27185163000;27124800000;27624800000;1400;1388
5421;27185166000;27124800000;27624800000;1400;1388
5422;27185169000;27124811111;27624811111;982;970
5423;27226775000;27125077777;27625077777;1398;1386
5424;27226783000;27125077777;27625077777;1400;1388
5425;27226786000;27125077777;27625077777;1398;1386
5426;27226790000;27166466666;27666466666;1400;1388
5427;27226793000;27166466666;27666466666;1400;1388
5428;27226796000;27166466666;27666466666;1398;1386
5429;27226799000;27166466666;27666466666;1400;1388
5430;27226801000;27166466666;27666466666;1398;1386
5431;27226804000;27166466666;27666466666;1400;1388
5432;27226807000;27166466666;27666466666;1400;1388
5433;27226810000;27166477777;27666477777;982;970
5434;27268441000;27166788888;27666788888;1398;1386
5435;27268450000;27166788888;27666788888;1400;1388
5436;27268453000;27166788888;27666788888;1398;1386
5437;27268457000;27208133333;27708133333;1400;1388
5438;27268460000;27208133333;27708133333;1400;1388
5439;27268463000;27208133333;27708133333;1398;1386
5440;27268466000;27208133333;27708133333;1400;1388
5441;27268469000;27208133333;27708133333;1398;1386
5442;27268472000;27208133333;27708133333;1400;1388
5443;27268475000;27208133333;27708133333;1400;1388
5444;27268478000;27208155555;27708155555;982;970
5445;27310109000;27208444444;27708444444;1398;1386
5446;27310117000;27208444444;27708444444;1400;1388
5447;27310121000;27208444444;27708444444;1398;1386
5448;27310124000;27249800000;27749800000;1400;1388
5449;27310127000;27249800000;27749800000;1400;1388
5450;27310130000;27249800000;27749800000;1398;1386
5451;27310133000;27249800000;27749800000;1400;1388
5452;27310136000;27249800000;27749800000;1398;1386
5453;27310139000;27249800000;27749800000;1400;1388
5454;27310143000;27249800000;27749800000;1400;1388
5455;27310146000;27249811111;27749811111;982;970
5456;27351749000;27250122222;27750122222;1398;1386
5457;27351758000;27250122222;27750122222;1400;1388
5458;27351761000;27250122222;27750122222;1398;1386
5459;27351765000;27291433333;27791433333;1400;1388
5460;27351768000;27291433333;27791433333;1400;1388
5461;27351771000;27291433333;27791433333;1398;1386
5462;27351783000;27291433333;27791433333;1400;1388
5463;27351787000;27291433333;27791433333;1398;1386
5464;27351790000;27291433333;27791433333;1400;1388
5465;27351793000;27291433333;27791433333;1400;1388
5466;27351796000;27291444444;27791444444;982;970
5467;27393413000;27291733333;27791733333;1398;1386
5468;27393422000;27291733333;27791733333;1400;1388
5469;27393426000;27291733333;27791733333;1398;1386
5470;27393429000;27333133333;27833133333;1400;1388
5471;27393433000;27333133333;27833133333;1400;1388
5472;27393436000;27333133333;27833133333;1398;1386
5473;27393439000;27333133333;27833133333;1400;1388
5474;27393442000;27333133333;27833133333;1398;1386
5475;27393446000;27333133333;27833133333;1400;1388
5476;27393449000;27333133333;27833133333;1400;1388
5477;27393452000;27333144444;27833144444;982;970
5478;27435102000;27333422222;27833422222;1398;1386
5479;27435111000;27333422222;27833422222;1400;1388
5480;27435115000;27333422222;27833422222;1398;1386
5481;27435118000;27374800000;27874800000;1400;1388
5482;27435121000;27374800000;27874800000;1400;1388
5483;27435124000;27374800000;27874800000;1398;1386
5484;27435127000;27374800000;27874800000;1400;1388
5485;27435131000;27374800000;27874800000;1398;1386
5486;27435134000;27374800000;27874800000;1400;1388
5487;27435137000;27374800000;27874800000;1400;1388
5488;27435140000;27374811111;27874811111;982;970
5489;27476734000;27375077777;27875077777;1398;1386
5490;27476743000;27375077777;27875077777;1400;1388
5492;27476747000;27416433333;27916433333;1400;1388
5493;27476753000;27416433333;27916433333;1400;1388
5494;27476766000;27416433333;27916433333;1398;1386
5496;27476770000;27416433333;27916433333;1398;1386
5497;27476779000;27416433333;27916433333;1400;1388
5498;27476782000;27416433333;27916433333;1400;1388
5499;27476786000;27416444444;27916444444;982;970
