seqnum;now;rtptime;deadline;packet_len;payload_len
0;10660426000;9670600000;10170600000;10240;10228
1;10660521000;9670600000;10170600000;10240;10228
2;10660549000;9670600000;10170600000;10240;10228
3;10660565000;9701822222;10201822222;10240;10228
4;10660571000;9701822222;10201822222;10240;10228
5;10660575000;9701822222;10201822222;10240;10228
6;10660581000;9701822222;10201822222;10240;10228
7;10660584000;9701822222;10201822222;10240;10228
8;10660591000;9701822222;10201822222;10240;10228
9;10660604000;9701822222;10201822222;10240;10228
10;10660611000;9701844444;10201844444;10240;10228
11;10660615000;9702200000;10202200000;10240;10228
12;10660627000;9702200000;10202200000;10240;10228
13;10660632000;9702200000;10202200000;10240;10228
14;10660636000;9743477777;10243477777;10240;10228
15;10660645000;9743477777;10243477777;10240;10228
16;10660652000;9743477777;10243477777;10240;10228
17;10660664000;9743477777;10243477777;10240;10228
18;10660671000;9743477777;10243477777;10240;10228
19;10660676000;9743477777;10243477777;10240;10228
20;10660680000;9743477777;10243477777;10240;10228
21;10660689000;9743500000;10243500000;10240;10228
22;10660694000;9743888888;10243888888;10240;10228
0;10660713000;9670600000;10170600000;10240;10228
23;10660735000;9743888888;10243888888;10240;10228
24;10660742000;9743888888;10243888888;10240;10228
25;10660772000;9785155555;10285155555;10240;10228
26;10660781000;9785155555;10285155555;10240;10228
27;10660799000;9785155555;10285155555;10240;10228
1;10660819000;9670600000;10170600000;10240;10228
2;10660995000;9670600000;10170600000;10240;10228
3;10661013000;9701822222;10201822222;10240;10228
4;10661178000;9701822222;10201822222;10240;10228
5;10661524000;9701822222;10201822222;10240;10228
6;10661528000;9701822222;10201822222;10240;10228
7;10661549000;9701822222;10201822222;10240;10228
8;10661635000;9701822222;10201822222;10240;10228
9;10661844000;9701822222;10201822222;10240;10228
10;10661852000;9701844444;10201844444;10240;10228
11;10662004000;9702200000;10202200000;10240;10228
12;10662009000;9702200000;10202200000;10240;10228
13;10662232000;9702200000;10202200000;10240;10228
14;10662253000;9743477777;10243477777;10240;10228
15;10662446000;9743477777;10243477777;10240;10228
16;10662708000;9743477777;10243477777;10240;10228
17;10662718000;9743477777;10243477777;10240;10228
18;10662723000;9743477777;10243477777;10240;10228
19;10662835000;9743477777;10243477777;10240;10228
20;10663072000;9743477777;10243477777;10240;10228
21;10663085000;9743500000;10243500000;10240;10228
22;10663271000;9743888888;10243888888;10240;10228
23;10663297000;9743888888;10243888888;10240;10228
24;10663477000;9743888888;10243888888;10240;10228
25;10663678000;9785155555;10285155555;10240;10228
26;10663705000;9785155555;10285155555;10240;10228
27;10663883000;9785155555;10285155555;10240;10228
28;11060970000;9785155555;10285155555;10240;10228
29;11060992000;9785155555;10285155555;10240;10228
30;11061014000;9785155555;10285155555;10240;10228
31;11061023000;9785155555;10285155555;10240;10228
32;11061029000;9785166666;10285166666;10240;10228
33;11061040000;9785500000;10285500000;10240;10228
34;11061052000;9785500000;10285500000;10240;10228
35;11061056000;9785500000;10285500000;10240;10228
36;11061070000;9826811111;10326811111;10240;10228
37;11061152000;9826811111;10326811111;10240;10228
38;11061161000;9826811111;10326811111;10240;10228
39;11061166000;9826811111;10326811111;10240;10228
40;11061170000;9826811111;10326811111;10240;10228
41;11061174000;9826811111;10326811111;10240;10228
42;11061188000;9826811111;10326811111;10240;10228
43;11061192000;9826833333;10326833333;10240;10228
44;11061198000;9827177777;10327177777;10240;10228
45;11061208000;9827177777;10327177777;10240;10228
46;11061215000;9827177777;10327177777;10240;10228
47;11061234000;9868477777;10368477777;10240;10228
28;11061240000;9785155555;10285155555;10240;10228
48;11061245000;9868477777;10368477777;10240;10228
49;11061257000;9868477777;10368477777;10240;10228
50;11061261000;9868477777;10368477777;10240;10228
51;11061265000;9868477777;10368477777;10240;10228
52;11061275000;9868477777;10368477777;10240;10228
53;11061310000;9868477777;10368477777;10240;10228
54;11061314000;9868500000;10368500000;10240;10228
55;11061318000;9868822222;10368822222;10240;10228
56;11061324000;9868822222;10368822222;10240;10228
57;11061339000;9868822222;10368822222;10240;10228
29;11061343000;9785155555;10285155555;10240;10228
30;11061536000;9785155555;10285155555;10240;10228
31;11061552000;9785155555;10285155555;10240;10228
32;11061730000;9785166666;10285166666;10240;10228
33;11061741000;9785500000;10285500000;10240;10228
34;11061935000;9785500000;10285500000;10240;10228
35;11061952000;9785500000;10285500000;10240;10228
36;11062191000;9826811111;10326811111;10240;10228
37;11062211000;9826811111;10326811111;10240;10228
38;11062393000;9826811111;10326811111;10240;10228
39;11062592000;9826811111;10326811111;10240;10228
40;11062613000;9826811111;10326811111;10240;10228
41;11062793000;9826811111;10326811111;10240;10228
42;11062804000;9826811111;10326811111;10240;10228
43;11062966000;9826833333;10326833333;10240;10228
44;11062978000;9827177777;10327177777;10240;10228
45;11063206000;9827177777;10327177777;10240;10228
46;11063218000;9827177777;10327177777;10240;10228
47;11063384000;9868477777;10368477777;10240;10228
48;11063616000;9868477777;10368477777;10240;10228
49;11063636000;9868477777;10368477777;10240;10228
50;11063821000;9868477777;10368477777;10240;10228
51;11063834000;9868477777;10368477777;10240;10228
52;11063990000;9868477777;10368477777;10240;10228
53;11064232000;9868477777;10368477777;10240;10228
54;11064250000;9868500000;10368500000;10240;10228
55;11090384000;9868822222;10368822222;10240;10228
56;11090592000;9868822222;10368822222;10240;10228
58;11461275000;9910155555;10410155555;10240;10228
59;11461287000;9910155555;10410155555;10240;10228
60;11461292000;9910155555;10410155555;10240;10228
61;11461296000;9910155555;10410155555;10240;10228
62;11461312000;9910155555;10410155555;10240;10228
63;11461317000;9910155555;10410155555;10240;10228
64;11461335000;9910155555;10410155555;10240;10228
65;11461340000;9910177777;10410177777;10240;10228
66;11461344000;9910466666;10410466666;10240;10228
67;11461356000;9910466666;10410466666;10240;10228
68;11461418000;9910466666;10410466666;10240;10228
69;11461440000;9951811111;10451811111;10240;10228
70;11461445000;9951811111;10451811111;10240;10228
71;11461451000;9951811111;10451811111;10240;10228
72;11461464000;9951811111;10451811111;10240;10228
73;11461469000;9951811111;10451811111;10240;10228
57;11461473000;9868822222;10368822222;10240;10228
74;11461496000;9951811111;10451811111;10240;10228
75;11461502000;9951811111;10451811111;10240;10228
76;11461564000;9951833333;10451833333;10240;10228
77;11461576000;9952188888;10452188888;10240;10228
78;11461580000;9952188888;10452188888;10240;10228
79;11461585000;9952188888;10452188888;10240;10228
80;11461589000;9993477777;10493477777;10240;10228
81;11461593000;9993477777;10493477777;10240;10228
82;11461599000;9993477777;10493477777;10240;10228
83;11461608000;9993477777;10493477777;10240;10228
84;11461614000;9993477777;10493477777;10240;10228
85;11461647000;9993477777;10493477777;10240;10228
86;11461656000;9993477777;10493477777;10240;10228
87;11461670000;9993500000;10493500000;10240;10228
58;11461684000;9910155555;10410155555;10240;10228
88;11461693000;9993844444;10493844444;10240;10228
89;11461702000;9993844444;10493844444;10240;10228
90;11461708000;9993844444;10493844444;10240;10228
59;11461871000;9910155555;10410155555;10240;10228
60;11461885000;9910155555;10410155555;10240;10228
61;11462072000;9910155555;10410155555;10240;10228
62;11462081000;9910155555;10410155555;10240;10228
63;11462275000;9910155555;10410155555;10240;10228
64;11462293000;9910155555;10410155555;10240;10228
65;11462502000;9910177777;10410177777;10240;10228
66;11462514000;9910466666;10410466666;10240;10228
67;11462709000;9910466666;10410466666;10240;10228
68;11462904000;9910466666;10410466666;10240;10228
69;11462915000;9951811111;10451811111;10240;10228
70;11463138000;9951811111;10451811111;10240;10228
71;11463147000;9951811111;10451811111;10240;10228
72;11463324000;9951811111;10451811111;10240;10228
73;11463519000;9951811111;10451811111;10240;10228
74;11463540000;9951811111;10451811111;10240;10228
75;11463723000;9951811111;10451811111;10240;10228
76;11463745000;9951833333;10451833333;10240;10228
77;11463928000;9952188888;10452188888;10240;10228
78;11463939000;9952188888;10452188888;10240;10228
79;11464160000;9952188888;10452188888;10240;10228
80;11464170000;9993477777;10493477777;10240;10228
81;11464364000;9993477777;10493477777;10240;10228
82;11464561000;9993477777;10493477777;10240;10228
83;11464582000;9993477777;10493477777;10240;10228
84;11464758000;9993477777;10493477777;10240;10228
85;11464769000;9993477777;10493477777;10240;10228
91;11861666000;10035155555;10535155555;10240;10228
92;11861716000;10035155555;10535155555;10240;10228
93;11861721000;10035155555;10535155555;10240;10228
94;11861728000;10035155555;10535155555;10240;10228
95;11861733000;10035155555;10535155555;10240;10228
96;11861737000;10035155555;10535155555;10240;10228
97;11861742000;10035155555;10535155555;10240;10228
98;11861747000;10035166666;10535166666;10240;10228
86;11861752000;9993477777;10493477777;10240;10228
87;11861970000;9993500000;10493500000;10240;10228
88;11861984000;9993844444;10493844444;10240;10228
89;11862187000;9993844444;10493844444;10240;10228
90;11862216000;9993844444;10493844444;10240;10228
99;11862340000;10035466666;10535466666;10240;10228
100;11862369000;10035466666;10535466666;10240;10228
101;11862375000;10035466666;10535466666;10240;10228
102;11862380000;10076822222;10576822222;10240;10228
103;11862404000;10076822222;10576822222;10240;10228
104;11862408000;10076822222;10576822222;10240;10228
105;11862414000;10076822222;10576822222;10240;10228
106;11862418000;10076822222;10576822222;10240;10228
107;11862423000;10076822222;10576822222;10240;10228
108;11862431000;10076822222;10576822222;10240;10228
109;11862436000;10076844444;10576844444;10240;10228
110;11862441000;10077100000;10577100000;10240;10228
111;11862446000;10077100000;10577100000;10240;10228
112;11862466000;10077100000;10577100000;10240;10228
113;11862472000;10118477777;10618477777;10240;10228
114;11862478000;10118477777;10618477777;10240;10228
115;11862483000;10118477777;10618477777;10240;10228
116;11862488000;10118477777;10618477777;10240;10228
117;11862498000;10118477777;10618477777;10240;10228
118;11862503000;10118477777;10618477777;10240;10228
119;11862511000;10118477777;10618477777;10240;10228
91;11862547000;10035155555;10535155555;10240;10228
120;11862568000;10118500000;10618500000;10240;10228
121;11862575000;10118811111;10618811111;10240;10228
122;11862579000;10118811111;10618811111;10240;10228
123;11862583000;10118811111;10618811111;10240;10228
124;11862594000;10160155555;10660155555;10240;10228
125;11862600000;10160155555;10660155555;10240;10228
92;11862605000;10035155555;10535155555;10240;10228
93;11862615000;10035155555;10535155555;10240;10228
94;11862753000;10035155555;10535155555;10240;10228
95;11862765000;10035155555;10535155555;10240;10228
96;11862956000;10035155555;10535155555;10240;10228
97;11863163000;10035155555;10535155555;10240;10228
98;11863172000;10035166666;10535166666;10240;10228
99;11863401000;10035466666;10535466666;10240;10228
100;11863414000;10035466666;10535466666;10240;10228
101;11863605000;10035466666;10535466666;10240;10228
102;11863633000;10076822222;10576822222;10240;10228
103;11863825000;10076822222;10576822222;10240;10228
104;11863984000;10076822222;10576822222;10240;10228
105;11863991000;10076822222;10576822222;10240;10228
106;11864230000;10076822222;10576822222;10240;10228
107;11864257000;10076822222;10576822222;10240;10228
108;11864423000;10076822222;10576822222;10240;10228
109;11864451000;10076844444;10576844444;10240;10228
110;11864628000;10077100000;10577100000;10240;10228
111;11864657000;10077100000;10577100000;10240;10228
112;11864833000;10077100000;10577100000;10240;10228
113;11865041000;10118477777;10618477777;10240;10228
114;11865085000;10118477777;10618477777;10240;10228
115;11865257000;10118477777;10618477777;10240;10228
116;11865282000;10118477777;10618477777;10240;10228
117;11865462000;10118477777;10618477777;10240;10228
118;11865508000;10118477777;10618477777;10240;10228
126;12262146000;10160155555;10660155555;10240;10228
119;12262180000;10118477777;10618477777;10240;10228
127;12262188000;10160155555;10660155555;10240;10228
128;12262194000;10160155555;10660155555;10240;10228
129;12262198000;10160155555;10660155555;10240;10228
130;12262210000;10160155555;10660155555;10240;10228
131;12262215000;10160177777;10660177777;10240;10228
132;12262221000;10160477777;10660477777;10240;10228
133;12262225000;10160477777;10660477777;10240;10228
120;12262345000;10118500000;10618500000;10240;10228
121;12262355000;10118811111;10618811111;10240;10228
122;12262524000;10118811111;10618811111;10240;10228
123;12262717000;10118811111;10618811111;10240;10228
124;12262728000;10160155555;10660155555;10240;10228
134;12262733000;10160477777;10660477777;10240;10228
135;12262738000;10201811111;10701811111;10240;10228
136;12262742000;10201811111;10701811111;10240;10228
137;12262747000;10201811111;10701811111;10240;10228
138;12262752000;10201811111;10701811111;10240;10228
139;12262755000;10201811111;10701811111;10240;10228
140;12262760000;10201811111;10701811111;10240;10228
141;12262764000;10201811111;10701811111;10240;10228
142;12262775000;10201833333;10701833333;10240;10228
143;12262780000;10202122222;10702122222;10240;10228
144;12262792000;10202122222;10702122222;10240;10228
145;12262796000;10202122222;10702122222;10240;10228
146;12262802000;10243477777;10743477777;10240;10228
147;12262810000;10243477777;10743477777;10240;10228
148;12262817000;10243477777;10743477777;10240;10228
125;12262922000;10160155555;10660155555;10240;10228
126;12262933000;10160155555;10660155555;10240;10228
149;12263009000;10243477777;10743477777;10240;10228
150;12263022000;10243477777;10743477777;10240;10228
151;12263028000;10243477777;10743477777;10240;10228
152;12263033000;10243477777;10743477777;10240;10228
153;12263038000;10243500000;10743500000;10240;10228
154;12263050000;10243822222;10743822222;10240;10228
155;12263057000;10243822222;10743822222;10240;10228
156;12263061000;10243822222;10743822222;10240;10228
157;12263079000;10285155555;10785155555;10240;10228
158;12263098000;10285155555;10785155555;10240;10228
159;12263107000;10285155555;10785155555;10240;10228
160;12263112000;10285155555;10785155555;10240;10228
127;12263132000;10160155555;10660155555;10240;10228
128;12263138000;10160155555;10660155555;10240;10228
129;12263335000;10160155555;10660155555;10240;10228
130;12263515000;10160155555;10660155555;10240;10228
131;12263524000;10160177777;10660177777;10240;10228
132;12263718000;10160477777;10660477777;10240;10228
133;12263726000;10160477777;10660477777;10240;10228
134;12263948000;10160477777;10660477777;10240;10228
135;12263958000;10201811111;10701811111;10240;10228
136;12264178000;10201811111;10701811111;10240;10228
137;12264199000;10201811111;10701811111;10240;10228
138;12264331000;10201811111;10701811111;10240;10228
139;12264581000;10201811111;10701811111;10240;10228
140;12264600000;10201811111;10701811111;10240;10228
141;12264786000;10201811111;10701811111;10240;10228
142;12264795000;10201833333;10701833333;10240;10228
143;12264955000;10202122222;10702122222;10240;10228
144;12265194000;10202122222;10702122222;10240;10228
145;12265205000;10202122222;10702122222;10240;10228
146;12265362000;10243477777;10743477777;10240;10228
147;12265384000;10243477777;10743477777;10240;10228
148;12265595000;10243477777;10743477777;10240;10228
149;12265615000;10243477777;10743477777;10240;10228
150;12265806000;10243477777;10743477777;10240;10228
151;12265817000;10243477777;10743477777;10240;10228
152;12265977000;10243477777;10743477777;10240;10228
153;12266226000;10243500000;10743500000;10240;10228
161;12662638000;10285155555;10785155555;10240;10228
154;12662675000;10243822222;10743822222;10240;10228
162;12662681000;10285155555;10785155555;10240;10228
163;12662685000;10285155555;10785155555;10240;10228
164;12662690000;10285177777;10785177777;10240;10228
165;12662696000;10285477777;10785477777;10240;10228
166;12662702000;10285477777;10785477777;10240;10228
167;12662747000;10285477777;10785477777;10240;10228
168;12662751000;10326800000;10826800000;10240;10228
169;12662755000;10326800000;10826800000;10240;10228
155;12662778000;10243822222;10743822222;10240;10228
156;12663000000;10243822222;10743822222;10240;10228
157;12663008000;10285155555;10785155555;10240;10228
170;12663215000;10326800000;10826800000;10240;10228
171;12663225000;10326800000;10826800000;10240;10228
172;12663230000;10326800000;10826800000;10240;10228
173;12663233000;10326800000;10826800000;10240;10228
174;12663244000;10326800000;10826800000;10240;10228
175;12663248000;10326833333;10826833333;10240;10228
176;12663252000;10327322222;10827322222;10240;10228
177;12663257000;10327322222;10827322222;10240;10228
178;12663260000;10327322222;10827322222;10240;10228
179;12663264000;10368500000;10868500000;10240;10228
180;12663283000;10368500000;10868500000;10240;10228
181;12663291000;10368500000;10868500000;10240;10228
182;12663299000;10368500000;10868500000;10240;10228
183;12663307000;10368500000;10868500000;10240;10228
184;12663312000;10368500000;10868500000;10240;10228
158;12663324000;10285155555;10785155555;10240;10228
159;12663329000;10285155555;10785155555;10240;10228
185;12663334000;10368500000;10868500000;10240;10228
186;12663352000;10368522222;10868522222;10240;10228
187;12663385000;10368855555;10868855555;10240;10228
188;12663391000;10368855555;10868855555;10240;10228
189;12663399000;10368855555;10868855555;10240;10228
190;12663407000;10410166666;10910166666;10240;10228
191;12663418000;10410166666;10910166666;10240;10228
192;12663426000;10410166666;10910166666;10240;10228
193;12663431000;10410166666;10910166666;10240;10228
194;12663444000;10410166666;10910166666;10240;10228
195;12663448000;10410166666;10910166666;10240;10228
196;12663459000;10410166666;10910166666;10240;10228
197;12663466000;10410177777;10910177777;10240;10228
160;12663471000;10285155555;10785155555;10240;10228
198;12663478000;10410466666;10910466666;10240;10228
161;12663486000;10285155555;10785155555;10240;10228
162;12663575000;10285155555;10785155555;10240;10228
163;12663777000;10285155555;10785155555;10240;10228
164;12663787000;10285177777;10785177777;10240;10228
165;12663965000;10285477777;10785477777;10240;10228
166;12663976000;10285477777;10785477777;10240;10228
167;12664243000;10285477777;10785477777;10240;10228
168;12664265000;10326800000;10826800000;10240;10228
169;12664431000;10326800000;10826800000;10240;10228
170;12664452000;10326800000;10826800000;10240;10228
171;12664647000;10326800000;10826800000;10240;10228
172;12664845000;10326800000;10826800000;10240;10228
173;12664855000;10326800000;10826800000;10240;10228
174;12665013000;10326800000;10826800000;10240;10228
175;12665024000;10326833333;10826833333;10240;10228
176;12665253000;10327322222;10827322222;10240;10228
177;12665274000;10327322222;10827322222;10240;10228
178;12665461000;10327322222;10827322222;10240;10228
179;12665664000;10368500000;10868500000;10240;10228
180;12665684000;10368500000;10868500000;10240;10228
181;12665862000;10368500000;10868500000;10240;10228
182;12665871000;10368500000;10868500000;10240;10228
183;12666038000;10368500000;10868500000;10240;10228
184;12666276000;10368500000;10868500000;10240;10228
185;12666297000;10368500000;10868500000;10240;10228
186;12666301000;10368522222;10868522222;10240;10228
187;12666489000;10368855555;10868855555;10240;10228
188;12666694000;10368855555;10868855555;10240;10228
199;13063111000;10410466666;10910466666;10240;10228
200;13063134000;10410466666;10910466666;10240;10228
201;13063140000;10451811111;10951811111;10240;10228
202;13063150000;10451811111;10951811111;10240;10228
189;13063157000;10368855555;10868855555;10240;10228
203;13063163000;10451811111;10951811111;10240;10228
204;13063168000;10451811111;10951811111;10240;10228
205;13063172000;10451811111;10951811111;10240;10228
206;13063186000;10451811111;10951811111;10240;10228
190;13063324000;10410166666;10910166666;10240;10228
191;13063344000;10410166666;10910166666;10240;10228
192;13063524000;10410166666;10910166666;10240;10228
207;13063701000;10451811111;10951811111;10240;10228
208;13063719000;10451833333;10951833333;10240;10228
209;13063724000;10452133333;10952133333;10240;10228
210;13063728000;10452133333;10952133333;10240;10228
211;13063733000;10452133333;10952133333;10240;10228
212;13063738000;10493477777;10993477777;10240;10228
213;13063743000;10493477777;10993477777;10240;10228
214;13063747000;10493477777;10993477777;10240;10228
215;13063751000;10493477777;10993477777;10240;10228
216;13063755000;10493477777;10993477777;10240;10228
217;13063761000;10493477777;10993477777;10240;10228
218;13063769000;10493477777;10993477777;10240;10228
219;13063775000;10493500000;10993500000;10240;10228
220;13063783000;10493822222;10993822222;10240;10228
221;13063788000;10493822222;10993822222;10240;10228
222;13063798000;10493822222;10993822222;10240;10228
193;13063803000;10410166666;10910166666;10240;10228
194;13063814000;10410166666;10910166666;10240;10228
223;13063941000;10535155555;11035155555;10240;10228
224;13063954000;10535155555;11035155555;10240;10228
225;13063959000;10535155555;11035155555;10240;10228
226;13063964000;10535155555;11035155555;10240;10228
227;13063969000;10535155555;11035155555;10240;10228
228;13063974000;10535155555;11035155555;10240;10228
229;13063979000;10535155555;11035155555;10240;10228
230;13063983000;10535177777;11035177777;10240;10228
195;13063987000;10410166666;10910166666;10240;10228
231;13063996000;10535477777;11035477777;10240;10228
196;13064008000;10410166666;10910166666;10240;10228
232;13064012000;10535477777;11035477777;10240;10228
233;13064024000;10535477777;11035477777;10240;10228
234;13064029000;10576811111;11076811111;10240;10228
235;13064036000;10576811111;11076811111;10240;10228
236;13064111000;10576811111;11076811111;10240;10228
198;13064137000;10410466666;10910466666;10240;10228
199;13064340000;10410466666;10910466666;10240;10228
200;13064497000;10410466666;10910466666;10240;10228
201;13064506000;10451811111;10951811111;10240;10228
202;13064710000;10451811111;10951811111;10240;10228
203;13064722000;10451811111;10951811111;10240;10228
204;13064949000;10451811111;10951811111;10240;10228
205;13064961000;10451811111;10951811111;10240;10228
206;13065165000;10451811111;10951811111;10240;10228
207;13065355000;10451811111;10951811111;10240;10228
208;13065374000;10451833333;10951833333;10240;10228
209;13065564000;10452133333;10952133333;10240;10228
210;13065583000;10452133333;10952133333;10240;10228
211;13065769000;10452133333;10952133333;10240;10228
212;13065779000;10493477777;10993477777;10240;10228
213;13065937000;10493477777;10993477777;10240;10228
214;13066177000;10493477777;10993477777;10240;10228
215;13066197000;10493477777;10993477777;10240;10228
216;13066374000;10493477777;10993477777;10240;10228
217;13066395000;10493477777;10993477777;10240;10228
218;13066590000;10493477777;10993477777;10240;10228
219;13066601000;10493500000;10993500000;10240;10228
220;13066792000;10493822222;10993822222;10240;10228
221;13066802000;10493822222;10993822222;10240;10228
222;13066962000;10493822222;10993822222;10240;10228
223;13067202000;10535155555;11035155555;10240;10228
224;13067223000;10535155555;11035155555;10240;10228
225;13067399000;10535155555;11035155555;10240;10228
226;13067421000;10535155555;11035155555;10240;10228
238;13463633000;10576811111;11076811111;10240;10228
239;13463659000;10576811111;11076811111;10240;10228
240;13463683000;10576811111;11076811111;10240;10228
241;13463689000;10576833333;11076833333;10240;10228
242;13463705000;10577111111;11077111111;10240;10228
227;13463709000;10535155555;11035155555;10240;10228
243;13463724000;10577111111;11077111111;10240;10228
244;13463728000;10577111111;11077111111;10240;10228
245;13463733000;10618477777;11118477777;10240;10228
246;13463736000;10618477777;11118477777;10240;10228
247;13463741000;10618477777;11118477777;10240;10228
228;13463839000;10535155555;11035155555;10240;10228
229;13463850000;10535155555;11035155555;10240;10228
230;13464040000;10535177777;11035177777;10240;10228
248;13464126000;10618477777;11118477777;10240;10228
249;13464137000;10618477777;11118477777;10240;10228
250;13464146000;10618477777;11118477777;10240;10228
251;13464160000;10618477777;11118477777;10240;10228
252;13464164000;10618500000;11118500000;10240;10228
253;13464181000;10618822222;11118822222;10240;10228
254;13464186000;10618822222;11118822222;10240;10228
255;13464190000;10618822222;11118822222;10240;10228
256;13464194000;10660166666;11160166666;10240;10228
257;13464199000;10660166666;11160166666;10240;10228
258;13464214000;10660166666;11160166666;10240;10228
259;13464233000;10660166666;11160166666;10240;10228
260;13464239000;10660166666;11160166666;10240;10228
261;13464247000;10660166666;11160166666;10240;10228
262;13464256000;10660166666;11160166666;10240;10228
263;13464261000;10660188888;11160188888;10240;10228
231;13464335000;10535477777;11035477777;10240;10228
232;13464348000;10535477777;11035477777;10240;10228
264;13464353000;10660522222;11160522222;10240;10228
265;13464357000;10660522222;11160522222;10240;10228
266;13464367000;10660522222;11160522222;10240;10228
267;13464371000;10701800000;11201800000;10240;10228
268;13464385000;10701800000;11201800000;10240;10228
269;13464390000;10701800000;11201800000;10240;10228
270;13464394000;10701800000;11201800000;10240;10228
271;13464399000;10701800000;11201800000;10240;10228
272;13464420000;10701800000;11201800000;10240;10228
273;13464426000;10701800000;11201800000;10240;10228
274;13464431000;10701822222;11201822222;10240;10228
275;13464442000;10702111111;11202111111;10240;10228
233;13464446000;10535477777;11035477777;10240;10228
234;13464457000;10576811111;11076811111;10240;10228
276;13464556000;10702111111;11202111111;10240;10228
277;13464568000;10702111111;11202111111;10240;10228
278;13464573000;10743477777;11243477777;10240;10228
279;13464578000;10743477777;11243477777;10240;10228
236;13464672000;10576811111;11076811111;10240;10228
237;13464813000;10576811111;11076811111;10240;10228
238;13465025000;10576811111;11076811111;10240;10228
239;13465036000;10576811111;11076811111;10240;10228
240;13465254000;10576811111;11076811111;10240;10228
241;13465265000;10576833333;11076833333;10240;10228
242;13465429000;10577111111;11077111111;10240;10228
243;13465457000;10577111111;11077111111;10240;10228
244;13465667000;10577111111;11077111111;10240;10228
245;13465861000;10618477777;11118477777;10240;10228
246;13465891000;10618477777;11118477777;10240;10228
247;13466055000;10618477777;11118477777;10240;10228
248;13466090000;10618477777;11118477777;10240;10228
249;13466291000;10618477777;11118477777;10240;10228
250;13466327000;10618477777;11118477777;10240;10228
251;13466474000;10618477777;11118477777;10240;10228
252;13466511000;10618500000;11118500000;10240;10228
253;13466688000;10618822222;11118822222;10240;10228
254;13466884000;10618822222;11118822222;10240;10228
255;13466924000;10618822222;11118822222;10240;10228
256;13467109000;10660166666;11160166666;10240;10228
257;13467142000;10660166666;11160166666;10240;10228
258;13467304000;10660166666;11160166666;10240;10228
259;13467492000;10660166666;11160166666;10240;10228
260;13467498000;10660166666;11160166666;10240;10228
261;13467695000;10660166666;11160166666;10240;10228
262;13467700000;10660166666;11160166666;10240;10228
263;13467897000;10660188888;11160188888;10240;10228
264;13467904000;10660522222;11160522222;10240;10228
280;13863918000;10743477777;11243477777;10240;10228
281;13863942000;10743477777;11243477777;10240;10228
282;13863947000;10743477777;11243477777;10240;10228
283;13863953000;10743477777;11243477777;10240;10228
284;13863964000;10743477777;11243477777;10240;10228
285;13863970000;10743500000;11243500000;10240;10228
286;13863989000;10743844444;11243844444;10240;10228
287;13863997000;10743844444;11243844444;10240;10228
288;13864001000;10743844444;11243844444;10240;10228
289;13864006000;10785133333;11285133333;10240;10228
290;13864020000;10785133333;11285133333;10240;10228
291;13864025000;10785133333;11285133333;10240;10228
265;13864145000;10660522222;11160522222;10240;10228
266;13864361000;10660522222;11160522222;10240;10228
267;13864372000;10701800000;11201800000;10240;10228
292;13864377000;10785133333;11285133333;10240;10228
293;13864387000;10785133333;11285133333;10240;10228
294;13864410000;10785133333;11285133333;10240;10228
295;13864491000;10785133333;11285133333;10240;10228
296;13864501000;10785166666;11285166666;10240;10228
297;13864517000;10785444444;11285444444;10240;10228
298;13864526000;10785444444;11285444444;10240;10228
299;13864537000;10785444444;11285444444;10240;10228
268;13864542000;10701800000;11201800000;10240;10228
300;13864561000;10826800000;11326800000;10240;10228
301;13864570000;10826800000;11326800000;10240;10228
302;13864574000;10826800000;11326800000;10240;10228
303;13864585000;10826800000;11326800000;10240;10228
304;13864640000;10826800000;11326800000;10240;10228
305;13864653000;10826800000;11326800000;10240;10228
306;13864662000;10826800000;11326800000;10240;10228
307;13864674000;10826822222;11326822222;10240;10228
269;13864729000;10701800000;11201800000;10240;10228
270;13864740000;10701800000;11201800000;10240;10228
308;13864758000;10827100000;11327100000;10240;10228
309;13864779000;10827100000;11327100000;10240;10228
310;13864783000;10827100000;11327100000;10240;10228
311;13864792000;10868488888;11368488888;10240;10228
312;13864799000;10868488888;11368488888;10240;10228
313;13864807000;10868488888;11368488888;10240;10228
314;13864816000;10868488888;11368488888;10240;10228
315;13864824000;10868488888;11368488888;10240;10228
316;13864837000;10868488888;11368488888;10240;10228
317;13864870000;10868488888;11368488888;10240;10228
318;13864881000;10868500000;11368500000;10240;10228
319;13864918000;10868788888;11368788888;10240;10228
320;13864929000;10868788888;11368788888;10240;10228
321;13864937000;10868788888;11368788888;10240;10228
322;13864969000;10910155555;11410155555;10240;10228
323;13864978000;10910155555;11410155555;10240;10228
324;13864986000;10910155555;11410155555;10240;10228
325;13864992000;10910155555;11410155555;10240;10228
279;13865738000;10743477777;11243477777;10240;10228
280;13865935000;10743477777;11243477777;10240;10228
281;13866149000;10743477777;11243477777;10240;10228
282;13866219000;10743477777;11243477777;10240;10228
283;13866360000;10743477777;11243477777;10240;10228
284;13866367000;10743477777;11243477777;10240;10228
285;13866563000;10743500000;11243500000;10240;10228
286;13866570000;10743844444;11243844444;10240;10228
287;13866767000;10743844444;11243844444;10240;10228
288;13866775000;10743844444;11243844444;10240;10228
289;13866957000;10785133333;11285133333;10240;10228
290;13867178000;10785133333;11285133333;10240;10228
291;13867184000;10785133333;11285133333;10240;10228
292;13867382000;10785133333;11285133333;10240;10228
293;13867389000;10785133333;11285133333;10240;10228
294;13867588000;10785133333;11285133333;10240;10228
295;13867794000;10785133333;11285133333;10240;10228
296;13867799000;10785166666;11285166666;10240;10228
297;13867982000;10785444444;11285444444;10240;10228
298;13867988000;10785444444;11285444444;10240;10228
299;13868223000;10785444444;11285444444;10240;10228
300;13868229000;10826800000;11326800000;10240;10228
301;13868419000;10826800000;11326800000;10240;10228
302;13868424000;10826800000;11326800000;10240;10228
303;13868630000;10826800000;11326800000;10240;10228
304;13868635000;10826800000;11326800000;10240;10228
305;13868834000;10826800000;11326800000;10240;10228
306;13869006000;10826800000;11326800000;10240;10228
307;13869011000;10826822222;11326822222;10240;10228
326;14264192000;10910155555;11410155555;10240;10228
327;14264213000;10910155555;11410155555;10240;10228
328;14264219000;10910155555;11410155555;10240;10228
329;14264223000;10910177777;11410177777;10240;10228
330;14264236000;10910444444;11410444444;10240;10228
331;14264241000;10910444444;11410444444;10240;10228
332;14264271000;10910444444;11410444444;10240;10228
333;14264276000;10951811111;11451811111;10240;10228
334;14264280000;10951811111;11451811111;10240;10228
335;14264290000;10951811111;11451811111;10240;10228
336;14264297000;10951811111;11451811111;10240;10228
337;14264308000;10951811111;11451811111;10240;10228
338;14264401000;10951811111;11451811111;10240;10228
308;14264413000;10827100000;11327100000;10240;10228
339;14264568000;10951811111;11451811111;10240;10228
340;14264580000;10951833333;11451833333;10240;10228
341;14264590000;10952133333;11452133333;10240;10228
309;14264595000;10827100000;11327100000;10240;10228
342;14264670000;10952133333;11452133333;10240;10228
343;14264683000;10952133333;11452133333;10240;10228
344;14264755000;10993477777;11493477777;10240;10228
345;14264767000;10993477777;11493477777;10240;10228
346;14264772000;10993477777;11493477777;10240;10228
347;14264791000;10993477777;11493477777;10240;10228
348;14264800000;10993477777;11493477777;10240;10228
310;14264804000;10827100000;11327100000;10240;10228
349;14264823000;10993477777;11493477777;10240;10228
311;14264828000;10868488888;11368488888;10240;10228
350;14264833000;10993477777;11493477777;10240;10228
351;14264838000;10993500000;11493500000;10240;10228
352;14264850000;10993822222;11493822222;10240;10228
353;14264907000;10993822222;11493822222;10240;10228
354;14264918000;10993822222;11493822222;10240;10228
355;14264927000;11035155555;11535155555;10240;10228
356;14264935000;11035155555;11535155555;10240;10228
357;14264945000;11035155555;11535155555;10240;10228
312;14265017000;10868488888;11368488888;10240;10228
358;14265031000;11035155555;11535155555;10240;10228
359;14265036000;11035155555;11535155555;10240;10228
313;14265041000;10868488888;11368488888;10240;10228
360;14265055000;11035155555;11535155555;10240;10228
361;14265060000;11035155555;11535155555;10240;10228
362;14265064000;11035166666;11535166666;10240;10228
363;14265077000;11035455555;11535455555;10240;10228
364;14265083000;11035455555;11535455555;10240;10228
365;14265093000;11035455555;11535455555;10240;10228
366;14265131000;11076822222;11576822222;10240;10228
367;14265141000;11076822222;11576822222;10240;10228
368;14265184000;11076822222;11576822222;10240;10228
369;14265202000;11076822222;11576822222;10240;10228
370;14265214000;11076822222;11576822222;10240;10228
371;14265218000;11076822222;11576822222;10240;10228
372;14265246000;11076822222;11576822222;10240;10228
373;14265253000;11076844444;11576844444;10240;10228
374;14265262000;11077088888;11577088888;10240;10228
375;14265292000;11077088888;11577088888;10240;10228
376;14265342000;11077088888;11577088888;10240;10228
325;14266423000;10910155555;11410155555;10240;10228
326;14266617000;10910155555;11410155555;10240;10228
327;14266627000;10910155555;11410155555;10240;10228
328;14266822000;10910155555;11410155555;10240;10228
329;14266834000;10910177777;11410177777;10240;10228
330;14267036000;10910444444;11410444444;10240;10228
331;14267258000;10910444444;11410444444;10240;10228
332;14267278000;10910444444;11410444444;10240;10228
333;14267452000;10951811111;11451811111;10240;10228
334;14267458000;10951811111;11451811111;10240;10228
335;14267656000;10951811111;11451811111;10240;10228
336;14267662000;10951811111;11451811111;10240;10228
337;14267863000;10951811111;11451811111;10240;10228
338;14268051000;10951811111;11451811111;10240;10228
339;14268057000;10951811111;11451811111;10240;10228
340;14268288000;10951833333;11451833333;10240;10228
341;14268294000;10952133333;11452133333;10240;10228
342;14268496000;10952133333;11452133333;10240;10228
343;14268513000;10952133333;11452133333;10240;10228
344;14268698000;10993477777;11493477777;10240;10228
345;14268703000;10993477777;11493477777;10240;10228
346;14268868000;10993477777;11493477777;10240;10228
347;14269097000;10993477777;11493477777;10240;10228
348;14269103000;10993477777;11493477777;10240;10228
349;14269314000;10993477777;11493477777;10240;10228
350;14269321000;10993477777;11493477777;10240;10228
351;14269520000;10993500000;11493500000;10240;10228
352;14269526000;10993822222;11493822222;10240;10228
353;14269721000;10993822222;11493822222;10240;10228
377;14664490000;11118477777;11618477777;10240;10228
378;14664502000;11118477777;11618477777;10240;10228
379;14664519000;11118477777;11618477777;10240;10228
380;14664525000;11118477777;11618477777;10240;10228
381;14664535000;11118477777;11618477777;10240;10228
382;14664541000;11118477777;11618477777;10240;10228
383;14664545000;11118477777;11618477777;10240;10228
384;14664570000;11118500000;11618500000;10240;10228
385;14664575000;11118800000;11618800000;10240;10228
386;14664598000;11118800000;11618800000;10240;10228
387;14664603000;11118800000;11618800000;10240;10228
388;14664636000;11160155555;11660155555;10240;10228
389;14664642000;11160155555;11660155555;10240;10228
354;14664704000;10993822222;11493822222;10240;10228
390;14664841000;11160155555;11660155555;10240;10228
391;14664864000;11160155555;11660155555;10240;10228
392;14664870000;11160155555;11660155555;10240;10228
393;14664876000;11160155555;11660155555;10240;10228
394;14664883000;11160155555;11660155555;10240;10228
395;14664888000;11160177777;11660177777;10240;10228
355;14664894000;11035155555;11535155555;10240;10228
396;14664924000;11160477777;11660477777;10240;10228
397;14664931000;11160477777;11660477777;10240;10228
398;14664996000;11160477777;11660477777;10240;10228
399;14665007000;11201811111;11701811111;10240;10228
400;14665013000;11201811111;11701811111;10240;10228
401;14665022000;11201811111;11701811111;10240;10228
402;14665035000;11201811111;11701811111;10240;10228
403;14665040000;11201811111;11701811111;10240;10228
404;14665068000;11201811111;11701811111;10240;10228
356;14665092000;11035155555;11535155555;10240;10228
357;14665110000;11035155555;11535155555;10240;10228
405;14665124000;11201811111;11701811111;10240;10228
406;14665131000;11201833333;11701833333;10240;10228
407;14665138000;11202111111;11702111111;10240;10228
408;14665145000;11202111111;11702111111;10240;10228
409;14665153000;11202111111;11702111111;10240;10228
410;14665161000;11243488888;11743488888;10240;10228
411;14665179000;11243488888;11743488888;10240;10228
412;14665187000;11243488888;11743488888;10240;10228
413;14665235000;11243488888;11743488888;10240;10228
414;14665242000;11243488888;11743488888;10240;10228
415;14665315000;11243488888;11743488888;10240;10228
416;14665325000;11243488888;11743488888;10240;10228
417;14665362000;11243500000;11743500000;10240;10228
418;14665370000;11243822222;11743822222;10240;10228
419;14665409000;11243822222;11743822222;10240;10228
420;14665417000;11243822222;11743822222;10240;10228
421;14665469000;11285155555;11785155555;10240;10228
422;14665478000;11285155555;11785155555;10240;10228
423;14665496000;11285155555;11785155555;10240;10228
424;14665523000;11285155555;11785155555;10240;10228
425;14665532000;11285155555;11785155555;10240;10228
426;14665541000;11285155555;11785155555;10240;10228
427;14665558000;11285155555;11785155555;10240;10228
428;14665570000;11285177777;11785177777;10240;10228
429;14665615000;11285455555;11785455555;10240;10228
430;14665625000;11285455555;11785455555;10240;10228
431;14665632000;11285455555;11785455555;10240;10228
376;14667331000;11077088888;11577088888;10240;10228
377;14667341000;11118477777;11618477777;10240;10228
378;14667532000;11118477777;11618477777;10240;10228
379;14667738000;11118477777;11618477777;10240;10228
380;14667755000;11118477777;11618477777;10240;10228
381;14667941000;11118477777;11618477777;10240;10228
382;14667947000;11118477777;11618477777;10240;10228
383;14668173000;11118477777;11618477777;10240;10228
384;14668178000;11118500000;11618500000;10240;10228
385;14668381000;11118800000;11618800000;10240;10228
386;14668386000;11118800000;11618800000;10240;10228
387;14668591000;11118800000;11618800000;10240;10228
388;14668797000;11160155555;11660155555;10240;10228
389;14668803000;11160155555;11660155555;10240;10228
390;14668965000;11160155555;11660155555;10240;10228
391;14668971000;11160155555;11660155555;10240;10228
392;14669205000;11160155555;11660155555;10240;10228
393;14669210000;11160155555;11660155555;10240;10228
394;14669402000;11160155555;11660155555;10240;10228
395;14669613000;11160177777;11660177777;10240;10228
396;14669620000;11160477777;11660477777;10240;10228
397;14669822000;11160477777;11660477777;10240;10228
398;14669828000;11160477777;11660477777;10240;10228
399;14669987000;11201811111;11701811111;10240;10228
400;14670229000;11201811111;11701811111;10240;10228
432;15064791000;11326811111;11826811111;10240;10228
433;15064805000;11326811111;11826811111;10240;10228
434;15064831000;11326811111;11826811111;10240;10228
435;15064836000;11326811111;11826811111;10240;10228
436;15064840000;11326811111;11826811111;10240;10228
437;15064845000;11326811111;11826811111;10240;10228
438;15064853000;11326811111;11826811111;10240;10228
439;15064858000;11326833333;11826833333;10240;10228
440;15064865000;11327111111;11827111111;10240;10228
441;15064886000;11327111111;11827111111;10240;10228
442;15064970000;11327111111;11827111111;10240;10228
443;15064982000;11368477777;11868477777;10240;10228
444;15064988000;11368477777;11868477777;10240;10228
445;15064993000;11368477777;11868477777;10240;10228
446;15064998000;11368477777;11868477777;10240;10228
401;15065002000;11201811111;11701811111;10240;10228
447;15065012000;11368477777;11868477777;10240;10228
448;15065034000;11368477777;11868477777;10240;10228
449;15065169000;11368477777;11868477777;10240;10228
450;15065195000;11368500000;11868500000;10240;10228
451;15065204000;11368788888;11868788888;10240;10228
452;15065210000;11368788888;11868788888;10240;10228
453;15065214000;11368788888;11868788888;10240;10228
454;15065220000;11410155555;11910155555;10240;10228
402;15065225000;11201811111;11701811111;10240;10228
455;15065239000;11410155555;11910155555;10240;10228
456;15065248000;11410155555;11910155555;10240;10228
457;15065254000;11410155555;11910155555;10240;10228
458;15065265000;11410155555;11910155555;10240;10228
459;15065270000;11410155555;11910155555;10240;10228
460;15065344000;11410155555;11910155555;10240;10228
461;15065366000;11410177777;11910177777;10240;10228
462;15065373000;11410444444;11910444444;10240;10228
463;15065378000;11410444444;11910444444;10240;10228
464;15065383000;11410444444;11910444444;10240;10228
465;15065452000;11451811111;11951811111;10240;10228
466;15065463000;11451811111;11951811111;10240;10228
467;15065469000;11451811111;11951811111;10240;10228
468;15065474000;11451811111;11951811111;10240;10228
469;15065477000;11451811111;11951811111;10240;10228
470;15065516000;11451811111;11951811111;10240;10228
471;15065524000;11451811111;11951811111;10240;10228
472;15065530000;11451833333;11951833333;10240;10228
473;15065581000;11452111111;11952111111;10240;10228
474;15065590000;11452111111;11952111111;10240;10228
475;15065608000;11452111111;11952111111;10240;10228
476;15065632000;11493466666;11993466666;10240;10228
477;15065641000;11493466666;11993466666;10240;10228
478;15065677000;11493466666;11993466666;10240;10228
479;15065729000;11493466666;11993466666;10240;10228
480;15065737000;11493466666;11993466666;10240;10228
481;15065746000;11493466666;11993466666;10240;10228
482;15065785000;11493466666;11993466666;10240;10228
483;15065794000;11493488888;11993488888;10240;10228
484;15065811000;11493811111;11993811111;10240;10228
485;15065837000;11493811111;11993811111;10240;10228
486;15065845000;11493811111;11993811111;10240;10228
487;15065878000;11535155555;12035155555;10240;10228
488;15065888000;11535155555;12035155555;10240;10228
489;15065927000;11535155555;12035155555;10240;10228
431;15068459000;11285455555;11785455555;10240;10228
432;15068655000;11326811111;11826811111;10240;10228
433;15068845000;11326811111;11826811111;10240;10228
434;15068854000;11326811111;11826811111;10240;10228
435;15069108000;11326811111;11826811111;10240;10228
436;15069127000;11326811111;11826811111;10240;10228
437;15069312000;11326811111;11826811111;10240;10228
438;15069331000;11326811111;11826811111;10240;10228
439;15069513000;11326833333;11826833333;10240;10228
440;15069534000;11327111111;11827111111;10240;10228
441;15069716000;11327111111;11827111111;10240;10228
442;15069723000;11327111111;11827111111;10240;10228
443;15069916000;11368477777;11868477777;10240;10228
444;15070102000;11368477777;11868477777;10240;10228
445;15070108000;11368477777;11868477777;10240;10228
446;15070328000;11368477777;11868477777;10240;10228
447;15070333000;11368477777;11868477777;10240;10228
448;15070532000;11368477777;11868477777;10240;10228
449;15070739000;11368477777;11868477777;10240;10228
450;15070745000;11368500000;11868500000;10240;10228
451;15070941000;11368788888;11868788888;10240;10228
452;15070954000;11368788888;11868788888;10240;10228
490;15465066000;11535155555;12035155555;10240;10228
491;15465082000;11535155555;12035155555;10240;10228
492;15465091000;11535155555;12035155555;10240;10228
493;15465098000;11535155555;12035155555;10240;10228
494;15465106000;11535177777;12035177777;10240;10228
495;15465123000;11535488888;12035488888;10240;10228
496;15465130000;11535488888;12035488888;10240;10228
497;15465135000;11535488888;12035488888;10240;10228
498;15465242000;11576800000;12076800000;10240;10228
499;15465258000;11576800000;12076800000;10240;10228
500;15465266000;11576800000;12076800000;10240;10228
501;15465275000;11576800000;12076800000;10240;10228
502;15465292000;11576800000;12076800000;10240;10228
453;15465314000;11368788888;11868788888;10240;10228
503;15465323000;11576800000;12076800000;10240;10228
504;15465330000;11576800000;12076800000;10240;10228
505;15465336000;11576822222;12076822222;10240;10228
506;15465342000;11577111111;12077111111;10240;10228
507;15465452000;11577111111;12077111111;10240;10228
508;15465475000;11577111111;12077111111;10240;10228
509;15465480000;11618466666;12118466666;10240;10228
510;15465487000;11618466666;12118466666;10240;10228
511;15465491000;11618466666;12118466666;10240;10228
454;15465497000;11410155555;11910155555;10240;10228
512;15465502000;11618466666;12118466666;10240;10228
513;15465515000;11618466666;12118466666;10240;10228
514;15465609000;11618466666;12118466666;10240;10228
515;15465620000;11618466666;12118466666;10240;10228
516;15465625000;11618488888;12118488888;10240;10228
517;15465629000;11618811111;12118811111;10240;10228
518;15465662000;11618811111;12118811111;10240;10228
519;15465678000;11618811111;12118811111;10240;10228
520;15465682000;11660133333;12160133333;10240;10228
521;15465686000;11660133333;12160133333;10240;10228
522;15465706000;11660133333;12160133333;10240;10228
523;15465725000;11660133333;12160133333;10240;10228
524;15465775000;11660133333;12160133333;10240;10228
525;15465785000;11660133333;12160133333;10240;10228
526;15465793000;11660133333;12160133333;10240;10228
527;15465800000;11660166666;12160166666;10240;10228
1056;15466138000;13660533333;14160533333;10240;10228
1057;15466217000;13660533333;14160533333;10240;10228
1058;15466229000;13660533333;14160533333;10240;10228
1059;15466241000;13701822222;14201822222;10240;10228
1060;15466259000;13701822222;14201822222;10240;10228
1061;15466317000;13701822222;14201822222;10240;10228
1062;15466328000;13701822222;14201822222;10240;10228
1063;15466335000;13701822222;14201822222;10240;10228
1064;15466345000;13701822222;14201822222;10240;10228
1065;15466352000;13701822222;14201822222;10240;10228
1066;15466361000;13701833333;14201833333;10240;10228
1067;15466398000;13702111111;14202111111;10240;10228
1068;15466407000;13702111111;14202111111;10240;10228
1069;15466413000;13702111111;14202111111;10240;10228
1070;15466439000;13743477777;14243477777;10240;10228
1071;15466445000;13743477777;14243477777;10240;10228
1072;15466494000;13743477777;14243477777;10240;10228
1073;15466502000;13743477777;14243477777;10240;10228
1074;15466510000;13743477777;14243477777;10240;10228
1075;15466547000;13743477777;14243477777;10240;10228
1076;15466557000;13743477777;14243477777;10240;10228
1077;15466563000;13743500000;14243500000;10240;10228
1078;15466588000;13743800000;14243800000;10240;10228
1079;15466595000;13743800000;14243800000;10240;10228
489;15469554000;11535155555;12035155555;10240;10228
490;15469564000;11535155555;12035155555;10240;10228
491;15469756000;11535155555;12035155555;10240;10228
492;15469948000;11535155555;12035155555;10240;10228
493;15469953000;11535155555;12035155555;10240;10228
494;15470211000;11535177777;12035177777;10240;10228
495;15470230000;11535488888;12035488888;10240;10228
496;15470409000;11535488888;12035488888;10240;10228
497;15470448000;11535488888;12035488888;10240;10228
498;15470622000;11576800000;12076800000;10240;10228
499;15470662000;11576800000;12076800000;10240;10228
500;15470824000;11576800000;12076800000;10240;10228
501;15470973000;11576800000;12076800000;10240;10228
502;15471005000;11576800000;12076800000;10240;10228
503;15471194000;11576800000;12076800000;10240;10228
504;15471218000;11576800000;12076800000;10240;10228
505;15471396000;11576822222;12076822222;10240;10228
506;15471423000;11577111111;12077111111;10240;10228
1080;15865361000;13743800000;14243800000;10240;10228
1081;15865375000;13785155555;14285155555;10240;10228
1082;15865387000;13785155555;14285155555;10240;10228
1083;15865395000;13785155555;14285155555;10240;10228
1084;15865403000;13785155555;14285155555;10240;10228
1085;15865410000;13785155555;14285155555;10240;10228
1086;15865426000;13785155555;14285155555;10240;10228
1087;15865499000;13785155555;14285155555;10240;10228
1088;15865535000;13785177777;14285177777;10240;10228
1089;15865554000;13785444444;14285444444;10240;10228
507;15865584000;11577111111;12077111111;10240;10228
1090;15865607000;13785444444;14285444444;10240;10228
1091;15865616000;13785444444;14285444444;10240;10228
1092;15865633000;13826811111;14326811111;10240;10228
1093;15865644000;13826811111;14326811111;10240;10228
1094;15865663000;13826811111;14326811111;10240;10228
1095;15865670000;13826811111;14326811111;10240;10228
1096;15865678000;13826811111;14326811111;10240;10228
508;15865757000;11577111111;12077111111;10240;10228
1097;15865932000;13826811111;14326811111;10240;10228
1098;15865947000;13826811111;14326811111;10240;10228
1099;15865960000;13826833333;14326833333;10240;10228
1100;15865967000;13827100000;14327100000;10240;10228
1101;15865973000;13827100000;14327100000;10240;10228
1102;15865982000;13827100000;14327100000;10240;10228
1103;15865987000;13868477777;14368477777;10240;10228
1104;15865993000;13868477777;14368477777;10240;10228
1105;15866001000;13868477777;14368477777;10240;10228
1106;15866013000;13868477777;14368477777;10240;10228
1107;15866019000;13868477777;14368477777;10240;10228
1108;15866025000;13868477777;14368477777;10240;10228
1109;15866151000;13868477777;14368477777;10240;10228
1110;15866175000;13868488888;14368488888;10240;10228
1111;15866184000;13868788888;14368788888;10240;10228
1112;15866193000;13868788888;14368788888;10240;10228
1113;15866201000;13868788888;14368788888;10240;10228
1114;15866209000;13910144444;14410144444;10240;10228
1115;15866218000;13910144444;14410144444;10240;10228
1116;15866225000;13910144444;14410144444;10240;10228
1117;15866234000;13910144444;14410144444;10240;10228
1118;15866240000;13910144444;14410144444;10240;10228
1119;15866250000;13910144444;14410144444;10240;10228
1120;15866257000;13910144444;14410144444;10240;10228
1121;15866519000;13910166666;14410166666;10240;10228
1122;15866528000;13910455555;14410455555;10240;10228
1123;15866546000;13910455555;14410455555;10240;10228
1124;15866555000;13910455555;14410455555;10240;10228
1125;15866572000;13951811111;14451811111;10240;10228
1126;15866581000;13951811111;14451811111;10240;10228
1127;15866589000;13951811111;14451811111;10240;10228
1128;15866598000;13951811111;14451811111;10240;10228
1129;15866783000;13951811111;14451811111;10240;10228
1130;15866805000;13951811111;14451811111;10240;10228
1131;15866810000;13951811111;14451811111;10240;10228
1132;15866819000;13951822222;14451822222;10240;10228
1133;15866827000;13952122222;14452122222;10240;10228
1134;15866835000;13952122222;14452122222;10240;10228
1135;15866843000;13952122222;14452122222;10240;10228
1136;15866851000;13993466666;14493466666;10240;10228
1137;15866860000;13993466666;14493466666;10240;10228
1138;15866868000;13993466666;14493466666;10240;10228
1139;15866877000;13993466666;14493466666;10240;10228
1140;15866884000;13993466666;14493466666;10240;10228
1141;15867037000;13993466666;14493466666;10240;10228
1142;15867051000;13993466666;14493466666;10240;10228
1143;15867069000;13993488888;14493488888;10240;10228
1144;15867076000;13993811111;14493811111;10240;10228
1145;15867085000;13993811111;14493811111;10240;10228
1146;15867093000;13993811111;14493811111;10240;10228
1079;15870660000;13743800000;14243800000;10240;10228
1080;15870857000;13743800000;14243800000;10240;10228
1081;15870875000;13785155555;14285155555;10240;10228
1082;15871059000;13785155555;14285155555;10240;10228
1083;15871301000;13785155555;14285155555;10240;10228
1084;15871308000;13785155555;14285155555;10240;10228
1085;15871498000;13785155555;14285155555;10240;10228
1086;15871505000;13785155555;14285155555;10240;10228
1087;15871704000;13785155555;14285155555;10240;10228
1088;15871710000;13785177777;14285177777;10240;10228
1089;15871915000;13785444444;14285444444;10240;10228
1090;15871922000;13785444444;14285444444;10240;10228
1091;15872159000;13785444444;14285444444;10240;10228
1147;16265844000;14035133333;14535133333;10240;10228
1148;16265855000;14035133333;14535133333;10240;10228
1149;16265864000;14035133333;14535133333;10240;10228
1150;16265871000;14035133333;14535133333;10240;10228
1151;16265878000;14035133333;14535133333;10240;10228
1092;16265885000;13826811111;14326811111;10240;10228
1152;16265892000;14035133333;14535133333;10240;10228
1153;16265910000;14035133333;14535133333;10240;10228
1154;16265915000;14035166666;14535166666;10240;10228
1155;16265920000;14035444444;14535444444;10240;10228
1156;16265924000;14035444444;14535444444;10240;10228
1157;16265929000;14035444444;14535444444;10240;10228
1158;16265933000;14076822222;14576822222;10240;10228
1093;16266022000;13826811111;14326811111;10240;10228
1159;16266089000;14076822222;14576822222;10240;10228
1160;16266114000;14076822222;14576822222;10240;10228
1161;16266123000;14076822222;14576822222;10240;10228
1162;16266130000;14076822222;14576822222;10240;10228
1163;16266136000;14076822222;14576822222;10240;10228
1164;16266140000;14076822222;14576822222;10240;10228
1165;16266144000;14076833333;14576833333;10240;10228
1166;16266148000;14077088888;14577088888;10240;10228
1167;16266362000;14077088888;14577088888;10240;10228
1168;16266371000;14077088888;14577088888;10240;10228
1169;16266376000;14118477777;14618477777;10240;10228
1170;16266380000;14118477777;14618477777;10240;10228
1171;16266394000;14118477777;14618477777;10240;10228
1172;16266403000;14118477777;14618477777;10240;10228
1173;16266424000;14118477777;14618477777;10240;10228
1174;16266430000;14118477777;14618477777;10240;10228
1175;16266440000;14118477777;14618477777;10240;10228
1176;16266445000;14118500000;14618500000;10240;10228
1177;16266456000;14118788888;14618788888;10240;10228
1178;16266462000;14118788888;14618788888;10240;10228
1179;16266644000;14118788888;14618788888;10240;10228
1180;16266656000;14160155555;14660155555;10240;10228
1181;16266661000;14160155555;14660155555;10240;10228
1182;16266666000;14160155555;14660155555;10240;10228
1183;16266671000;14160155555;14660155555;10240;10228
1184;16266675000;14160155555;14660155555;10240;10228
1185;16266679000;14160155555;14660155555;10240;10228
1186;16266683000;14160155555;14660155555;10240;10228
1187;16266694000;14160177777;14660177777;10240;10228
1188;16266699000;14160455555;14660455555;10240;10228
1189;16266709000;14160455555;14660455555;10240;10228
1190;16266717000;14160455555;14660455555;10240;10228
1191;16266857000;14201811111;14701811111;10240;10228
1192;16266868000;14201811111;14701811111;10240;10228
1193;16266878000;14201811111;14701811111;10240;10228
1194;16266886000;14201811111;14701811111;10240;10228
1195;16266895000;14201811111;14701811111;10240;10228
1196;16266903000;14201811111;14701811111;10240;10228
1197;16266912000;14201811111;14701811111;10240;10228
1198;16266920000;14201833333;14701833333;10240;10228
1199;16266928000;14202100000;14702100000;10240;10228
1200;16266938000;14202100000;14702100000;10240;10228
1201;16267154000;14202100000;14702100000;10240;10228
1202;16267170000;14243477777;14743477777;10240;10228
1203;16267179000;14243477777;14743477777;10240;10228
1204;16267188000;14243477777;14743477777;10240;10228
1205;16267196000;14243477777;14743477777;10240;10228
1206;16267217000;14243477777;14743477777;10240;10228
1207;16267224000;14243477777;14743477777;10240;10228
1208;16267244000;14243477777;14743477777;10240;10228
1209;16267251000;14243500000;14743500000;10240;10228
1210;16267399000;14243800000;14743800000;10240;10228
1211;16267420000;14243800000;14743800000;10240;10228
1212;16267429000;14243800000;14743800000;10240;10228
1213;16267453000;14285133333;14785133333;10240;10228
1214;16267457000;14285133333;14785133333;10240;10228
1215;16267462000;14285133333;14785133333;10240;10228
1216;16267471000;14285133333;14785133333;10240;10228
1217;16267480000;14285133333;14785133333;10240;10228
1218;16267487000;14285133333;14785133333;10240;10228
1219;16267702000;14285133333;14785133333;10240;10228
1146;16272151000;13993811111;14493811111;10240;10228
1147;16272388000;14035133333;14535133333;10240;10228
1148;16272406000;14035133333;14535133333;10240;10228
1149;16272598000;14035133333;14535133333;10240;10228
1150;16272609000;14035133333;14535133333;10240;10228
1151;16272757000;14035133333;14535133333;10240;10228
1152;16272769000;14035133333;14535133333;10240;10228
1220;16666198000;14285166666;14785166666;10240;10228
1221;16666217000;14285466666;14785466666;10240;10228
1222;16666226000;14285466666;14785466666;10240;10228
1223;16666234000;14285466666;14785466666;10240;10228
1224;16666251000;14326800000;14826800000;10240;10228
1225;16666258000;14326800000;14826800000;10240;10228
1226;16666262000;14326800000;14826800000;10240;10228
1227;16666285000;14326800000;14826800000;10240;10228
1228;16666376000;14326800000;14826800000;10240;10228
1229;16666401000;14326800000;14826800000;10240;10228
1230;16666422000;14326800000;14826800000;10240;10228
1231;16666429000;14326822222;14826822222;10240;10228
1232;16666445000;14327122222;14827122222;10240;10228
1233;16666462000;14327122222;14827122222;10240;10228
1234;16666473000;14327122222;14827122222;10240;10228
1235;16666480000;14368477777;14868477777;10240;10228
1236;16666491000;14368477777;14868477777;10240;10228
1237;16666495000;14368477777;14868477777;10240;10228
1238;16666623000;14368477777;14868477777;10240;10228
1239;16666633000;14368477777;14868477777;10240;10228
1240;16666638000;14368477777;14868477777;10240;10228
1241;16666642000;14368477777;14868477777;10240;10228
1242;16666646000;14368488888;14868488888;10240;10228
1243;16666651000;14368788888;14868788888;10240;10228
1244;16666661000;14368788888;14868788888;10240;10228
1245;16666681000;14368788888;14868788888;10240;10228
1246;16666686000;14410133333;14910133333;10240;10228
1247;16666691000;14410133333;14910133333;10240;10228
1248;16666795000;14410133333;14910133333;10240;10228
1249;16666816000;14410133333;14910133333;10240;10228
1250;16666820000;14410133333;14910133333;10240;10228
1251;16666826000;14410133333;14910133333;10240;10228
1252;16666846000;14410133333;14910133333;10240;10228
1253;16666852000;14410166666;14910166666;10240;10228
1254;16666916000;14410444444;14910444444;10240;10228
1255;16666927000;14410444444;14910444444;10240;10228
1256;16666932000;14410444444;14910444444;10240;10228
1257;16666956000;14451800000;14951800000;10240;10228
1258;16666966000;14451800000;14951800000;10240;10228
1259;16666987000;14451800000;14951800000;10240;10228
1260;16667008000;14451800000;14951800000;10240;10228
1261;16667015000;14451800000;14951800000;10240;10228
1262;16667051000;14451800000;14951800000;10240;10228
1263;16667062000;14451800000;14951800000;10240;10228
1264;16667093000;14451822222;14951822222;10240;10228
1265;16667101000;14452100000;14952100000;10240;10228
1266;16667154000;14452100000;14952100000;10240;10228
1267;16667163000;14452100000;14952100000;10240;10228
1268;16667199000;14493488888;14993488888;10240;10228
1269;16667208000;14493488888;14993488888;10240;10228
1270;16667216000;14493488888;14993488888;10240;10228
1271;16667243000;14493488888;14993488888;10240;10228
1272;16667293000;14493488888;14993488888;10240;10228
1273;16667303000;14493488888;14993488888;10240;10228
1274;16667343000;14493488888;14993488888;10240;10228
1275;16667362000;14493500000;14993500000;10240;10228
1276;16667410000;14493811111;14993811111;10240;10228
1278;16667422000;14493811111;14993811111;10240;10228
1279;16667460000;14535155555;15035155555;10240;10228
1280;16667470000;14535155555;15035155555;10240;10228
1281;16667478000;14535155555;15035155555;10240;10228
1282;16667487000;14535155555;15035155555;10240;10228
1283;16667502000;14535155555;15035155555;10240;10228
1284;16667519000;14535155555;15035155555;10240;10228
1285;16667525000;14535155555;15035155555;10240;10228
1286;16667529000;14535177777;15035177777;10240;10228
1287;16667559000;14535455555;15035455555;10240;10228
1288;16667610000;14535455555;15035455555;10240;10228
1289;16667620000;14535455555;15035455555;10240;10228
1290;16667650000;14576811111;15076811111;10240;10228
1291;16667660000;14576811111;15076811111;10240;10228
1292;16667667000;14576811111;15076811111;10240;10228
1293;16667700000;14576811111;15076811111;10240;10228
1294;16667709000;14576811111;15076811111;10240;10228
1295;16667717000;14576811111;15076811111;10240;10228
1296;16667726000;14576811111;15076811111;10240;10228
1297;16667748000;14576833333;15076833333;10240;10228
1298;16667767000;14577100000;15077100000;10240;10228
1299;16667877000;14577100000;15077100000;10240;10228
1300;17066521000;14577100000;15077100000;10240;10228
1301;17066535000;14618477777;15118477777;10240;10228
1302;17066547000;14618477777;15118477777;10240;10228
1303;17066555000;14618477777;15118477777;10240;10228
1304;17066562000;14618477777;15118477777;10240;10228
1305;17066667000;14618477777;15118477777;10240;10228
1306;17066677000;14618477777;15118477777;10240;10228
1307;17066682000;14618477777;15118477777;10240;10228
1308;17066690000;14618500000;15118500000;10240;10228
1309;17066703000;14618800000;15118800000;10240;10228
1310;17066708000;14618800000;15118800000;10240;10228
1311;17066798000;14618800000;15118800000;10240;10228
1312;17066808000;14660155555;15160155555;10240;10228
1313;17066814000;14660155555;15160155555;10240;10228
1314;17066818000;14660155555;15160155555;10240;10228
1315;17066840000;14660155555;15160155555;10240;10228
1316;17066845000;14660155555;15160155555;10240;10228
1317;17066849000;14660155555;15160155555;10240;10228
1318;17066912000;14660155555;15160155555;10240;10228
1319;17066923000;14660177777;15160177777;10240;10228
1320;17066928000;14660455555;15160455555;10240;10228
1321;17066932000;14660455555;15160455555;10240;10228
1322;17066947000;14660455555;15160455555;10240;10228
1323;17067034000;14701800000;15201800000;10240;10228
1324;17067058000;14701800000;15201800000;10240;10228
1325;17067065000;14701800000;15201800000;10240;10228
1326;17067070000;14701800000;15201800000;10240;10228
1327;17067098000;14701800000;15201800000;10240;10228
1328;17067105000;14701800000;15201800000;10240;10228
1329;17067123000;14701800000;15201800000;10240;10228
1330;17067128000;14701822222;15201822222;10240;10228
1331;17067157000;14702111111;15202111111;10240;10228
1332;17067163000;14702111111;15202111111;10240;10228
1333;17067199000;14702111111;15202111111;10240;10228
1334;17067208000;14743477777;15243477777;10240;10228
1335;17067241000;14743477777;15243477777;10240;10228
1336;17067291000;14743477777;15243477777;10240;10228
1337;17067343000;14743477777;15243477777;10240;10228
1338;17067361000;14743477777;15243477777;10240;10228
1339;17067371000;14743477777;15243477777;10240;10228
1340;17067389000;14743477777;15243477777;10240;10228
1341;17067415000;14743500000;15243500000;10240;10228
1342;17067423000;14743800000;15243800000;10240;10228
1343;17067450000;14743800000;15243800000;10240;10228
1344;17067457000;14743800000;15243800000;10240;10228
1345;17067465000;14785155555;15285155555;10240;10228
1346;17067501000;14785155555;15285155555;10240;10228
1347;17067510000;14785155555;15285155555;10240;10228
1348;17067519000;14785155555;15285155555;10240;10228
1349;17067560000;14785155555;15285155555;10240;10228
1350;17067571000;14785155555;15285155555;10240;10228
1351;17067606000;14785155555;15285155555;10240;10228
1352;17067614000;14785177777;15285177777;10240;10228
1353;17067622000;14785444444;15285444444;10240;10228
1354;17067651000;14785444444;15285444444;10240;10228
1355;17067660000;14785444444;15285444444;10240;10228
1356;17067701000;14826811111;15326811111;10240;10228
1357;17067710000;14826811111;15326811111;10240;10228
1358;17067719000;14826811111;15326811111;10240;10228
1359;17067750000;14826811111;15326811111;10240;10228
1360;17067769000;14826811111;15326811111;10240;10228
1361;17067818000;14826811111;15326811111;10240;10228
1362;17067826000;14826811111;15326811111;10240;10228
1363;17067865000;14826833333;15326833333;10240;10228
1364;17067873000;14827100000;15327100000;10240;10228
1365;17067914000;14827100000;15327100000;10240;10228
1366;17067922000;14827100000;15327100000;10240;10228
1367;17067975000;14868544444;15368544444;10240;10228
1368;17067983000;14868544444;15368544444;10240;10228
1369;17067992000;14868544444;15368544444;10240;10228
1370;17068001000;14868544444;15368544444;10240;10228
1371;17068021000;14868544444;15368544444;10240;10228
1372;17068076000;14868544444;15368544444;10240;10228
1373;17068085000;14868544444;15368544444;10240;10228
1374;17068092000;14868566666;15368566666;10240;10228
1375;17068101000;14868900000;15368900000;10240;10228
1376;17068115000;14868900000;15368900000;10240;10228
1377;17068122000;14868900000;15368900000;10240;10228
1378;17068131000;14910155555;15410155555;10240;10228
1379;17068270000;14910155555;15410155555;10240;10228
1380;17466807000;14910155555;15410155555;10240;10228
1381;17466822000;14910155555;15410155555;10240;10228
1382;17466833000;14910155555;15410155555;10240;10228
1383;17466840000;14910155555;15410155555;10240;10228
1384;17466849000;14910155555;15410155555;10240;10228
1385;17466860000;14910177777;15410177777;10240;10228
1386;17466869000;14910455555;15410455555;10240;10228
1387;17466942000;14910455555;15410455555;10240;10228
1388;17466950000;14910455555;15410455555;10240;10228
1389;17466955000;14951811111;15451811111;10240;10228
1390;17466959000;14951811111;15451811111;10240;10228
1391;17467056000;14951811111;15451811111;10240;10228
1392;17467068000;14951811111;15451811111;10240;10228
1393;17467074000;14951811111;15451811111;10240;10228
1394;17467079000;14951811111;15451811111;10240;10228
1395;17467097000;14951811111;15451811111;10240;10228
1396;17467101000;14951833333;15451833333;10240;10228
1397;17467112000;14952122222;15452122222;10240;10228
1398;17467175000;14952122222;15452122222;10240;10228
1399;17467186000;14952122222;15452122222;10240;10228
1400;17467201000;14993477777;15493477777;10240;10228
1401;17467210000;14993477777;15493477777;10240;10228
1402;17467222000;14993477777;15493477777;10240;10228
1403;17467289000;14993477777;15493477777;10240;10228
1404;17467321000;14993477777;15493477777;10240;10228
1405;17467326000;14993477777;15493477777;10240;10228
1406;17467336000;14993477777;15493477777;10240;10228
1407;17467366000;14993500000;15493500000;10240;10228
1408;17467375000;14993822222;15493822222;10240;10228
1409;17467419000;14993822222;15493822222;10240;10228
1410;17467469000;14993822222;15493822222;10240;10228
1411;17467478000;15035155555;15535155555;10240;10228
1412;17467486000;15035155555;15535155555;10240;10228
1413;17467519000;15035155555;15535155555;10240;10228
1414;17467527000;15035155555;15535155555;10240;10228
1415;17467571000;15035155555;15535155555;10240;10228
1416;17467578000;15035155555;15535155555;10240;10228
1417;17467587000;15035155555;15535155555;10240;10228
1418;17467625000;15035177777;15535177777;10240;10228
1419;17467676000;15035455555;15535455555;10240;10228
1420;17467684000;15035455555;15535455555;10240;10228
1421;17467726000;15035455555;15535455555;10240;10228
1422;17467735000;15076811111;15576811111;10240;10228
1423;17467743000;15076811111;15576811111;10240;10228
1424;17467776000;15076811111;15576811111;10240;10228
1425;17467785000;15076811111;15576811111;10240;10228
1426;17467793000;15076811111;15576811111;10240;10228
1427;17467829000;15076811111;15576811111;10240;10228
1428;17467880000;15076811111;15576811111;10240;10228
1429;17467887000;15076833333;15576833333;10240;10228
1430;17467930000;15077088888;15577088888;10240;10228
1431;17467938000;15077088888;15577088888;10240;10228
1432;17467947000;15077088888;15577088888;10240;10228
1433;17467980000;15118477777;15618477777;10240;10228
1434;17467989000;15118477777;15618477777;10240;10228
1435;17467997000;15118477777;15618477777;10240;10228
1436;17468081000;15118477777;15618477777;10240;10228
1437;17468094000;15118477777;15618477777;10240;10228
1438;17468102000;15118477777;15618477777;10240;10228
1439;17468115000;15118477777;15618477777;10240;10228
1440;17468148000;15118500000;15618500000;10240;10228
1441;17468159000;15118822222;15618822222;10240;10228
1442;17468198000;15118822222;15618822222;10240;10228
1443;17468208000;15118822222;15618822222;10240;10228
1444;17468269000;15160155555;15660155555;10240;10228
1445;17468309000;15160155555;15660155555;10240;10228
1446;17468318000;15160155555;15660155555;10240;10228
1447;17468326000;15160155555;15660155555;10240;10228
1448;17468334000;15160155555;15660155555;10240;10228
1449;17468347000;15160155555;15660155555;10240;10228
1450;17468357000;15160155555;15660155555;10240;10228
1451;17468364000;15160177777;15660177777;10240;10228
1452;17468405000;15160488888;15660488888;10240;10228
1453;17468414000;15160488888;15660488888;10240;10228
1454;17468466000;15160488888;15660488888;10240;10228
1455;17468476000;15201811111;15701811111;10240;10228
1456;17468513000;15201811111;15701811111;10240;10228
1457;17468521000;15201811111;15701811111;10240;10228
1458;17468530000;15201811111;15701811111;10240;10228
1459;17468646000;15201811111;15701811111;10240;10228
1460;17867063000;15201811111;15701811111;10240;10228
1461;17867086000;15201811111;15701811111;10240;10228
1462;17867096000;15201833333;15701833333;10240;10228
1463;17867106000;15202133333;15702133333;10240;10228
1464;17867113000;15202133333;15702133333;10240;10228
1465;17867121000;15202133333;15702133333;10240;10228
1466;17867129000;15243477777;15743477777;10240;10228
1467;17867135000;15243477777;15743477777;10240;10228
1468;17867231000;15243477777;15743477777;10240;10228
1469;17867255000;15243477777;15743477777;10240;10228
1470;17867260000;15243477777;15743477777;10240;10228
1471;17867278000;15243477777;15743477777;10240;10228
1472;17867362000;15243477777;15743477777;10240;10228
1473;17867383000;15243500000;15743500000;10240;10228
1892;17867590000;16827177777;17327177777;10240;10228
1893;17867707000;16827177777;17327177777;10240;10228
1894;17867716000;16827177777;17327177777;10240;10228
1895;17867738000;16868488888;17368488888;10240;10228
1896;17867754000;16868488888;17368488888;10240;10228
1897;17867769000;16868488888;17368488888;10240;10228
1898;17867782000;16868488888;17368488888;10240;10228
1899;17867788000;16868488888;17368488888;10240;10228
1900;17867809000;16868488888;17368488888;10240;10228
1901;17867815000;16868488888;17368488888;10240;10228
1902;17867821000;16868500000;17368500000;10240;10228
1903;17867828000;16868833333;17368833333;10240;10228
1904;17867833000;16868833333;17368833333;10240;10228
1905;17867908000;16868833333;17368833333;10240;10228
1906;17867921000;16910155555;17410155555;10240;10228
1907;17867928000;16910155555;17410155555;10240;10228
1908;17867935000;16910155555;17410155555;10240;10228
1909;17867942000;16910155555;17410155555;10240;10228
1910;17867953000;16910155555;17410155555;10240;10228
1911;17867964000;16910155555;17410155555;10240;10228
1912;17867971000;16910155555;17410155555;10240;10228
1913;17867981000;16910177777;17410177777;10240;10228
1914;17868041000;16910455555;17410455555;10240;10228
1915;17868063000;16910455555;17410455555;10240;10228
1916;17868079000;16910455555;17410455555;10240;10228
1917;17868084000;16951811111;17451811111;10240;10228
1918;17868091000;16951811111;17451811111;10240;10228
1919;17868107000;16951811111;17451811111;10240;10228
1920;17868117000;16951811111;17451811111;10240;10228
1921;17868123000;16951811111;17451811111;10240;10228
1922;17868158000;16951811111;17451811111;10240;10228
1923;17868164000;16951811111;17451811111;10240;10228
1924;17868173000;16951833333;17451833333;10240;10228
1925;17868179000;16952111111;17452111111;10240;10228
1926;17868206000;16952111111;17452111111;10240;10228
1927;17868211000;16952111111;17452111111;10240;10228
1928;17868266000;16993477777;17493477777;10240;10228
1929;17868276000;16993477777;17493477777;10240;10228
1930;17868282000;16993477777;17493477777;10240;10228
1931;17868321000;16993477777;17493477777;10240;10228
1932;17868328000;16993477777;17493477777;10240;10228
1933;17868338000;16993477777;17493477777;10240;10228
1934;17868353000;16993477777;17493477777;10240;10228
1935;17868359000;16993500000;17493500000;10240;10228
1936;17868407000;16993811111;17493811111;10240;10228
1937;17868417000;16993811111;17493811111;10240;10228
1938;17868422000;16993811111;17493811111;10240;10228
1939;17868432000;17035155555;17535155555;10240;10228
1940;17868438000;17035155555;17535155555;10240;10228
1941;17868456000;17035155555;17535155555;10240;10228
1942;17868474000;17035155555;17535155555;10240;10228
1943;17868510000;17035155555;17535155555;10240;10228
1944;17868519000;17035155555;17535155555;10240;10228
1945;17868525000;17035155555;17535155555;10240;10228
1946;17868557000;17035177777;17535177777;10240;10228
1947;17868566000;17035444444;17535444444;10240;10228
1948;17868573000;17035444444;17535444444;10240;10228
1949;17868608000;17035444444;17535444444;10240;10228
1950;17868618000;17076800000;17576800000;10240;10228
1951;17868624000;17076800000;17576800000;10240;10228
1952;17868634000;17076800000;17576800000;10240;10228
1953;17868723000;17076800000;17576800000;10240;10228
1954;17868736000;17076800000;17576800000;10240;10228
1955;17868746000;17076800000;17576800000;10240;10228
1956;17868755000;17076800000;17576800000;10240;10228
1957;17868885000;17076822222;17576822222;10240;10228
1958;18267340000;17077077777;17577077777;10240;10228
1959;18267356000;17077077777;17577077777;10240;10228
1960;18267365000;17077077777;17577077777;10240;10228
1961;18267381000;17118466666;17618466666;10240;10228
1962;18267458000;17118466666;17618466666;10240;10228
1963;18267469000;17118466666;17618466666;10240;10228
1964;18267475000;17118466666;17618466666;10240;10228
1965;18267489000;17118466666;17618466666;10240;10228
1966;18267551000;17118466666;17618466666;10240;10228
1967;18267571000;17118466666;17618466666;10240;10228
1968;18267576000;17118488888;17618488888;10240;10228
1969;18267586000;17118777777;17618777777;10240;10228
1970;18267716000;17118777777;17618777777;10240;10228
1971;18267794000;17118777777;17618777777;10240;10228
1972;18267806000;17160144444;17660144444;10240;10228
1973;18267961000;17160144444;17660144444;10240;10228
1974;18267982000;17160144444;17660144444;10240;10228
1975;18267987000;17160144444;17660144444;10240;10228
1976;18267997000;17160144444;17660144444;10240;10228
1977;18268015000;17160144444;17660144444;10240;10228
1978;18268026000;17160144444;17660144444;10240;10228
1979;18268085000;17160166666;17660166666;10240;10228
1980;18268101000;17160444444;17660444444;10240;10228
1981;18268108000;17160444444;17660444444;10240;10228
1982;18268113000;17160444444;17660444444;10240;10228
1983;18268186000;17201800000;17701800000;10240;10228
1985;18268201000;17201800000;17701800000;10240;10228
1986;18268222000;17201800000;17701800000;10240;10228
1987;18268266000;17201800000;17701800000;10240;10228
1988;18268275000;17201800000;17701800000;10240;10228
1989;18268307000;17201800000;17701800000;10240;10228
1990;18268356000;17201822222;17701822222;10240;10228
1991;18268365000;17202100000;17702100000;10240;10228
1992;18268408000;17202100000;17702100000;10240;10228
1993;18268458000;17202100000;17702100000;10240;10228
1994;18268467000;17243466666;17743466666;10240;10228
1995;18268480000;17243466666;17743466666;10240;10228
1996;18268506000;17243466666;17743466666;10240;10228
1997;18268558000;17243466666;17743466666;10240;10228
1998;18268566000;17243466666;17743466666;10240;10228
1999;18268575000;17243466666;17743466666;10240;10228
2000;18268609000;17243466666;17743466666;10240;10228
2001;18268619000;17243488888;17743488888;10240;10228
2002;18268636000;17243788888;17743788888;10240;10228
2003;18268662000;17243788888;17743788888;10240;10228
2004;18268719000;17243788888;17743788888;10240;10228
2005;18268770000;17285166666;17785166666;10240;10228
2006;18268779000;17285166666;17785166666;10240;10228
2007;18268821000;17285166666;17785166666;10240;10228
2008;18268838000;17285166666;17785166666;10240;10228
2009;18268847000;17285166666;17785166666;10240;10228
2010;18268871000;17285166666;17785166666;10240;10228
2011;18268922000;17285166666;17785166666;10240;10228
2012;18268974000;17285177777;17785177777;10240;10228
2013;18268982000;17285455555;17785455555;10240;10228
2014;18268991000;17285455555;17785455555;10240;10228
2015;18269042000;17285455555;17785455555;10240;10228
2016;18269062000;17326811111;17826811111;10240;10228
2017;18269088000;17326811111;17826811111;10240;10228
2018;18269099000;17326811111;17826811111;10240;10228
2019;18269137000;17326811111;17826811111;10240;10228
2020;18269146000;17326811111;17826811111;10240;10228
2021;18269186000;17326811111;17826811111;10240;10228
2022;18269195000;17326811111;17826811111;10240;10228
2023;18269237000;17326833333;17826833333;10240;10228
2024;18269247000;17327111111;17827111111;10240;10228
2025;18269287000;17327111111;17827111111;10240;10228
2026;18269295000;17327111111;17827111111;10240;10228
2027;18269338000;17368477777;17868477777;10240;10228
2028;18269346000;17368477777;17868477777;10240;10228
2029;18269388000;17368477777;17868477777;10240;10228
2030;18269396000;17368477777;17868477777;10240;10228
2031;18269405000;17368477777;17868477777;10240;10228
2032;18269441000;17368477777;17868477777;10240;10228
2033;18269450000;17368477777;17868477777;10240;10228
2034;18269486000;17368500000;17868500000;10240;10228
2035;18269495000;17368766666;17868766666;10240;10228
2036;18269504000;17368766666;17868766666;10240;10228
2037;18269535000;17368766666;17868766666;10240;10228
2038;18667606000;17410155555;17910155555;10240;10228
2039;18667622000;17410155555;17910155555;10240;10228
2040;18667630000;17410155555;17910155555;10240;10228
2041;18667638000;17410155555;17910155555;10240;10228
2042;18667703000;17410155555;17910155555;10240;10228
2043;18667711000;17410155555;17910155555;10240;10228
2044;18667721000;17410155555;17910155555;10240;10228
2045;18667727000;17410166666;17910166666;10240;10228
2046;18667796000;17410433333;17910433333;10240;10228
2047;18667807000;17410433333;17910433333;10240;10228
2048;18667812000;17410433333;17910433333;10240;10228
2049;18667824000;17451811111;17951811111;10240;10228
2050;18667918000;17451811111;17951811111;10240;10228
2051;18668012000;17451811111;17951811111;10240;10228
2052;18668019000;17451811111;17951811111;10240;10228
2053;18668109000;17451811111;17951811111;10240;10228
2054;18668172000;17451811111;17951811111;10240;10228
2055;18668185000;17451811111;17951811111;10240;10228
2056;18668222000;17451833333;17951833333;10240;10228
2057;18668229000;17452100000;17952100000;10240;10228
2058;18668316000;17452100000;17952100000;10240;10228
2059;18668327000;17452100000;17952100000;10240;10228
2060;18668365000;17493466666;17993466666;10240;10228
2061;18668374000;17493466666;17993466666;10240;10228
2062;18668412000;17493466666;17993466666;10240;10228
2063;18668420000;17493466666;17993466666;10240;10228
2064;18668429000;17493466666;17993466666;10240;10228
2065;18668480000;17493466666;17993466666;10240;10228
2066;18668500000;17493466666;17993466666;10240;10228
2067;18668524000;17493488888;17993488888;10240;10228
2068;18668571000;17493788888;17993788888;10240;10228
2069;18668579000;17493788888;17993788888;10240;10228
2070;18668587000;17493788888;17993788888;10240;10228
2071;18668619000;17535144444;18035144444;10240;10228
2072;18668680000;17535144444;18035144444;10240;10228
2073;18668689000;17535144444;18035144444;10240;10228
2074;18668707000;17535144444;18035144444;10240;10228
2075;18668735000;17535144444;18035144444;10240;10228
2076;18668743000;17535144444;18035144444;10240;10228
2077;18668755000;17535144444;18035144444;10240;10228
2078;18668778000;17535166666;18035166666;10240;10228
2079;18668787000;17535466666;18035466666;10240;10228
2080;18668829000;17535466666;18035466666;10240;10228
2081;18668839000;17535466666;18035466666;10240;10228
2082;18668846000;17576811111;18076811111;10240;10228
2083;18668888000;17576811111;18076811111;10240;10228
2084;18668936000;17576811111;18076811111;10240;10228
2085;18668945000;17576811111;18076811111;10240;10228
2086;18668985000;17576811111;18076811111;10240;10228
2087;18668994000;17576811111;18076811111;10240;10228
2088;18669037000;17576811111;18076811111;10240;10228
2089;18669068000;17576822222;18076822222;10240;10228
2090;18669097000;17577100000;18077100000;10240;10228
2091;18669136000;17577100000;18077100000;10240;10228
2092;18669146000;17577100000;18077100000;10240;10228
2093;18669153000;17618466666;18118466666;10240;10228
2094;18669207000;17618466666;18118466666;10240;10228
2095;18669215000;17618466666;18118466666;10240;10228
2096;18669290000;17618466666;18118466666;10240;10228
2097;18669299000;17618466666;18118466666;10240;10228
2098;18669308000;17618466666;18118466666;10240;10228
2099;18669344000;17618466666;18118466666;10240;10228
2100;18669350000;17618488888;18118488888;10240;10228
2101;18669388000;17618800000;18118800000;10240;10228
2102;18669396000;17618800000;18118800000;10240;10228
2103;18669437000;17618800000;18118800000;10240;10228
2104;18669446000;17660133333;18160133333;10240;10228
2105;18669498000;17660133333;18160133333;10240;10228
2106;18669507000;17660133333;18160133333;10240;10228
2107;18669526000;17660133333;18160133333;10240;10228
2108;18669552000;17660133333;18160133333;10240;10228
2109;18669560000;17660133333;18160133333;10240;10228
2110;18669568000;17660133333;18160133333;10240;10228
2111;18669613000;17660155555;18160155555;10240;10228
2211;18669682000;18035555555;18535555555;10240;10228
2212;18669737000;18035555555;18535555555;10240;10228
2213;18669743000;18035555555;18535555555;10240;10228
2214;18669765000;18076822222;18576822222;10240;10228
2215;18669774000;18076822222;18576822222;10240;10228
2216;18669873000;18076822222;18576822222;10240;10228
2217;19067938000;18076822222;18576822222;10240;10228
2218;19067948000;18076822222;18576822222;10240;10228
2219;19067953000;18076822222;18576822222;10240;10228
2220;19067958000;18076822222;18576822222;10240;10228
2221;19067979000;18076844444;18576844444;10240;10228
2222;19067986000;18077111111;18577111111;10240;10228
2223;19068066000;18077111111;18577111111;10240;10228
2224;19068078000;18077111111;18577111111;10240;10228
2225;19068095000;18118477777;18618477777;10240;10228
2226;19068101000;18118477777;18618477777;10240;10228
2227;19068110000;18118477777;18618477777;10240;10228
2228;19068119000;18118477777;18618477777;10240;10228
2229;19068197000;18118477777;18618477777;10240;10228
2230;19068208000;18118477777;18618477777;10240;10228
2231;19068293000;18118477777;18618477777;10240;10228
2232;19068383000;18118500000;18618500000;10240;10228
2233;19068393000;18118800000;18618800000;10240;10228
2234;19068398000;18118800000;18618800000;10240;10228
2235;19068408000;18118800000;18618800000;10240;10228
2236;19068571000;18160155555;18660155555;10240;10228
2237;19068639000;18160155555;18660155555;10240;10228
2238;19068650000;18160155555;18660155555;10240;10228
2239;19068659000;18160155555;18660155555;10240;10228
2240;19068749000;18160155555;18660155555;10240;10228
2241;19068800000;18160155555;18660155555;10240;10228
2242;19068809000;18160155555;18660155555;10240;10228
2243;19068925000;18160166666;18660166666;10240;10228
2244;19068960000;18160477777;18660477777;10240;10228
2245;19069001000;18160477777;18660477777;10240;10228
2246;19069068000;18160477777;18660477777;10240;10228
2247;19069081000;18201811111;18701811111;10240;10228
2248;19069086000;18201811111;18701811111;10240;10228
2249;19069090000;18201811111;18701811111;10240;10228
2250;19069095000;18201811111;18701811111;10240;10228
2251;19069158000;18201811111;18701811111;10240;10228
2252;19069170000;18201811111;18701811111;10240;10228
2253;19069185000;18201811111;18701811111;10240;10228
2254;19069193000;18201833333;18701833333;10240;10228
2255;19069201000;18202122222;18702122222;10240;10228
2256;19069238000;18202122222;18702122222;10240;10228
2257;19069244000;18202122222;18702122222;10240;10228
2258;19069283000;18243477777;18743477777;10240;10228
2259;19069334000;18243477777;18743477777;10240;10228
2260;19069343000;18243477777;18743477777;10240;10228
2261;19069352000;18243477777;18743477777;10240;10228
2262;19069383000;18243477777;18743477777;10240;10228
2263;19069393000;18243477777;18743477777;10240;10228
2264;19069434000;18243477777;18743477777;10240;10228
2265;19069443000;18243500000;18743500000;10240;10228
2266;19069456000;18243822222;18743822222;10240;10228
2267;19069484000;18243822222;18743822222;10240;10228
2268;19069493000;18243822222;18743822222;10240;10228
2269;19069535000;18285133333;18785133333;10240;10228
2270;19069543000;18285133333;18785133333;10240;10228
2271;19069552000;18285133333;18785133333;10240;10228
2272;19069583000;18285133333;18785133333;10240;10228
2273;19069592000;18285133333;18785133333;10240;10228
2274;19069634000;18285133333;18785133333;10240;10228
2275;19069644000;18285133333;18785133333;10240;10228
2276;19069651000;18285166666;18785166666;10240;10228
2277;19069683000;18285477777;18785477777;10240;10228
2278;19069693000;18285477777;18785477777;10240;10228
2279;19069734000;18285477777;18785477777;10240;10228
2280;19069744000;18326800000;18826800000;10240;10228
2281;19069784000;18326800000;18826800000;10240;10228
2282;19069794000;18326800000;18826800000;10240;10228
2283;19069802000;18326800000;18826800000;10240;10228
2284;19069810000;18326800000;18826800000;10240;10228
2285;19069846000;18326800000;18826800000;10240;10228
2286;19069855000;18326800000;18826800000;10240;10228
2287;19069863000;18326822222;18826822222;10240;10228
2288;19069905000;18327133333;18827133333;10240;10228
2289;19069915000;18327133333;18827133333;10240;10228
2290;19069957000;18327133333;18827133333;10240;10228
2291;19069967000;18368466666;18868466666;10240;10228
2292;19070005000;18368466666;18868466666;10240;10228
2293;19070059000;18368466666;18868466666;10240;10228
2294;19070068000;18368466666;18868466666;10240;10228
2295;19070077000;18368466666;18868466666;10240;10228
2296;19070168000;18368466666;18868466666;10240;10228
2297;19468204000;18368466666;18868466666;10240;10228
2298;19468220000;18368488888;18868488888;10240;10228
2299;19468230000;18368800000;18868800000;10240;10228
2300;19468265000;18368800000;18868800000;10240;10228
2301;19468272000;18368800000;18868800000;10240;10228
2302;19468341000;18410133333;18910133333;10240;10228
2303;19468351000;18410133333;18910133333;10240;10228
2304;19468356000;18410133333;18910133333;10240;10228
2305;19468366000;18410133333;18910133333;10240;10228
2306;19468450000;18410133333;18910133333;10240;10228
2307;19468460000;18410133333;18910133333;10240;10228
2308;19468466000;18410133333;18910133333;10240;10228
2309;19468475000;18410166666;18910166666;10240;10228
2310;19468483000;18410455555;18910455555;10240;10228
2311;19468550000;18410455555;18910455555;10240;10228
2312;19468618000;18410455555;18910455555;10240;10228
2313;19468629000;18451800000;18951800000;10240;10228
2314;19468738000;18451800000;18951800000;10240;10228
2315;19468845000;18451800000;18951800000;10240;10228
2316;19468856000;18451800000;18951800000;10240;10228
2317;19468862000;18451800000;18951800000;10240;10228
2318;19468928000;18451800000;18951800000;10240;10228
2319;19468938000;18451800000;18951800000;10240;10228
2320;19468975000;18451822222;18951822222;10240;10228
2530;19485295000;19243888888;19743888888;10240;10228
2531;19485351000;19243888888;19743888888;10240;10228
2532;19485367000;19243888888;19743888888;10240;10228
2533;19485372000;19285200000;19785200000;10240;10228
2534;19485398000;19285200000;19785200000;10240;10228
2296;19514094000;18368466666;18868466666;10240;10228
2297;19514288000;18368466666;18868466666;10240;10228
2298;19514299000;18368488888;18868488888;10240;10228
2299;19514493000;18368800000;18868800000;10240;10228
2300;19514525000;18368800000;18868800000;10240;10228
2301;19514698000;18368800000;18868800000;10240;10228
2302;19514728000;18410133333;18910133333;10240;10228
2303;19514901000;18410133333;18910133333;10240;10228
2304;19515110000;18410133333;18910133333;10240;10228
2305;19515139000;18410133333;18910133333;10240;10228
2306;19515312000;18410133333;18910133333;10240;10228
2307;19515341000;18410133333;18910133333;10240;10228
2308;19515510000;18410133333;18910133333;10240;10228
2309;19515518000;18410166666;18910166666;10240;10228
2310;19515712000;18410455555;18910455555;10240;10228
2311;19515920000;18410455555;18910455555;10240;10228
2312;19515926000;18410455555;18910455555;10240;10228
2313;19516125000;18451800000;18951800000;10240;10228
2314;19516132000;18451800000;18951800000;10240;10228
2315;19516328000;18451800000;18951800000;10240;10228
2316;19516334000;18451800000;18951800000;10240;10228
2317;19516534000;18451800000;18951800000;10240;10228
2318;19516744000;18451800000;18951800000;10240;10228
2319;19516751000;18451800000;18951800000;10240;10228
2320;19516941000;18451822222;18951822222;10240;10228
2530;19516948000;19243888888;19743888888;10240;10228
2531;19517150000;19243888888;19743888888;10240;10228
2532;19517157000;19243888888;19743888888;10240;10228
2533;19517352000;19285200000;19785200000;10240;10228
2535;19868517000;19285200000;19785200000;10240;10228
2536;19868533000;19285200000;19785200000;10240;10228
2537;19868539000;19285200000;19785200000;10240;10228
2538;19868545000;19285200000;19785200000;10240;10228
2539;19868550000;19285200000;19785200000;10240;10228
2540;19868556000;19285233333;19785233333;10240;10228
2541;19868561000;19285544444;19785544444;10240;10228
2542;19868566000;19285544444;19785544444;10240;10228
2543;19868625000;19285544444;19785544444;10240;10228
2544;19868637000;19326822222;19826822222;10240;10228
2545;19868647000;19326822222;19826822222;10240;10228
2546;19868659000;19326822222;19826822222;10240;10228
2547;19868681000;19326822222;19826822222;10240;10228
2548;19868692000;19326822222;19826822222;10240;10228
2549;19868701000;19326822222;19826822222;10240;10228
2550;19868718000;19326822222;19826822222;10240;10228
2551;19868723000;19326833333;19826833333;10240;10228
2552;19868728000;19327133333;19827133333;10240;10228
2553;19868733000;19327133333;19827133333;10240;10228
2554;19868737000;19327133333;19827133333;10240;10228
2555;19868743000;19368488888;19868488888;10240;10228
2534;19868749000;19285200000;19785200000;10240;10228
2556;19868772000;19368488888;19868488888;10240;10228
2557;19868780000;19368488888;19868488888;10240;10228
2558;19868796000;19368488888;19868488888;10240;10228
2559;19868811000;19368488888;19868488888;10240;10228
2560;19868816000;19368488888;19868488888;10240;10228
2561;19868821000;19368488888;19868488888;10240;10228
2562;19868826000;19368500000;19868500000;10240;10228
2563;19868831000;19368800000;19868800000;10240;10228
2564;19868840000;19368800000;19868800000;10240;10228
2565;19868846000;19368800000;19868800000;10240;10228
2566;19868856000;19410166666;19910166666;10240;10228
2567;19868862000;19410166666;19910166666;10240;10228
2569;19868949000;19410166666;19910166666;10240;10228
2570;19868979000;19410166666;19910166666;10240;10228
2571;19868991000;19410166666;19910166666;10240;10228
2572;19868998000;19410166666;19910166666;10240;10228
2573;19869014000;19410188888;19910188888;10240;10228
2574;19869020000;19410477777;19910477777;10240;10228
2535;19869025000;19285200000;19785200000;10240;10228
2536;19869054000;19285200000;19785200000;10240;10228
2575;19869108000;19410477777;19910477777;10240;10228
2576;19869116000;19410477777;19910477777;10240;10228
2577;19869130000;19451811111;19951811111;10240;10228
2578;19869137000;19451811111;19951811111;10240;10228
2579;19869141000;19451811111;19951811111;10240;10228
2580;19869146000;19451811111;19951811111;10240;10228
2581;19869151000;19451811111;19951811111;10240;10228
2537;19869156000;19285200000;19785200000;10240;10228
2582;19869175000;19451811111;19951811111;10240;10228
2583;19869181000;19451811111;19951811111;10240;10228
2584;19869188000;19451833333;19951833333;10240;10228
2585;19869213000;19452122222;19952122222;10240;10228
2538;19869320000;19285200000;19785200000;10240;10228
2539;19869350000;19285200000;19785200000;10240;10228
2540;19869514000;19285233333;19785233333;10240;10228
2541;19869535000;19285544444;19785544444;10240;10228
2542;19869743000;19285544444;19785544444;10240;10228
2543;19869782000;19285544444;19785544444;10240;10228
2544;19869924000;19326822222;19826822222;10240;10228
2545;19870137000;19326822222;19826822222;10240;10228
2546;19870160000;19326822222;19826822222;10240;10228
2547;19870367000;19326822222;19826822222;10240;10228
2548;19870406000;19326822222;19826822222;10240;10228
2549;19870539000;19326822222;19826822222;10240;10228
2550;19870745000;19326822222;19826822222;10240;10228
2551;19870767000;19326833333;19826833333;10240;10228
2552;19870948000;19327133333;19827133333;10240;10228
2586;19885546000;19452122222;19952122222;10240;10228
2587;19885559000;19452122222;19952122222;10240;10228
2588;19885565000;19493477777;19993477777;10240;10228
2589;19885570000;19493477777;19993477777;10240;10228
2590;19885575000;19493477777;19993477777;10240;10228
2591;19885688000;19493477777;19993477777;10240;10228
2592;19885703000;19493477777;19993477777;10240;10228
2553;19885724000;19327133333;19827133333;10240;10228
2554;19885949000;19327133333;19827133333;10240;10228
2555;19885978000;19368488888;19868488888;10240;10228
2593;20268804000;19493477777;19993477777;10240;10228
2594;20268818000;19493477777;19993477777;10240;10228
2595;20268830000;19493500000;19993500000;10240;10228
2596;20268850000;19493855555;19993855555;10240;10228
2597;20268864000;19493855555;19993855555;10240;10228
2598;20268873000;19493855555;19993855555;10240;10228
2599;20268881000;19535144444;20035144444;10240;10228
2600;20268889000;19535144444;20035144444;10240;10228
2601;20268897000;19535144444;20035144444;10240;10228
2602;20268914000;19535144444;20035144444;10240;10228
2603;20268931000;19535144444;20035144444;10240;10228
2604;20268938000;19535144444;20035144444;10240;10228
2605;20268945000;19535144444;20035144444;10240;10228
2606;20268963000;19535166666;20035166666;10240;10228
2607;20268977000;19535477777;20035477777;10240;10228
2608;20268982000;19535477777;20035477777;10240;10228
2609;20268996000;19535477777;20035477777;10240;10228
2610;20269003000;19576800000;20076800000;10240;10228
2611;20269016000;19576800000;20076800000;10240;10228
2612;20269035000;19576800000;20076800000;10240;10228
2613;20269056000;19576800000;20076800000;10240;10228
2556;20269064000;19368488888;19868488888;10240;10228
2614;20269073000;19576800000;20076800000;10240;10228
2615;20269077000;19576800000;20076800000;10240;10228
2616;20269090000;19576800000;20076800000;10240;10228
2617;20269094000;19576822222;20076822222;10240;10228
2618;20269101000;19577111111;20077111111;10240;10228
2619;20269119000;19577111111;20077111111;10240;10228
2620;20269125000;19577111111;20077111111;10240;10228
2621;20269128000;19618477777;20118477777;10240;10228
2622;20269139000;19618477777;20118477777;10240;10228
2623;20269144000;19618477777;20118477777;10240;10228
2624;20269172000;19618477777;20118477777;10240;10228
2625;20269185000;19618477777;20118477777;10240;10228
2626;20269189000;19618477777;20118477777;10240;10228
2627;20269212000;19618477777;20118477777;10240;10228
2628;20269220000;19618488888;20118488888;10240;10228
2629;20269238000;19618811111;20118811111;10240;10228
2630;20269243000;19618811111;20118811111;10240;10228
2631;20269253000;19618811111;20118811111;10240;10228
2632;20269275000;19660144444;20160144444;10240;10228
2633;20269285000;19660144444;20160144444;10240;10228
2634;20269293000;19660144444;20160144444;10240;10228
2635;20269381000;19660144444;20160144444;10240;10228
2636;20269391000;19660144444;20160144444;10240;10228
2637;20269408000;19660144444;20160144444;10240;10228
2638;20269434000;19660144444;20160144444;10240;10228
2639;20269441000;19660166666;20160166666;10240;10228
2640;20269485000;19660444444;20160444444;10240;10228
2641;20269490000;19660444444;20160444444;10240;10228
2642;20269501000;19660444444;20160444444;10240;10228
2643;20269532000;19701822222;20201822222;10240;10228
2644;20269542000;19701822222;20201822222;10240;10228
2645;20269585000;19701822222;20201822222;10240;10228
2646;20269596000;19701822222;20201822222;10240;10228
2647;20269612000;19701822222;20201822222;10240;10228
2648;20269638000;19701822222;20201822222;10240;10228
2649;20269646000;19701822222;20201822222;10240;10228
2650;20269653000;19701833333;20201833333;10240;10228
2651;20269663000;19702155555;20202155555;10240;10228
2652;20269681000;19702155555;20202155555;10240;10228
2585;20272454000;19452122222;19952122222;10240;10228
2586;20272464000;19452122222;19952122222;10240;10228
2587;20272667000;19452122222;19952122222;10240;10228
2588;20272882000;19493477777;19993477777;10240;10228
2589;20272910000;19493477777;19993477777;10240;10228
2590;20273113000;19493477777;19993477777;10240;10228
2591;20273134000;19493477777;19993477777;10240;10228
2592;20273322000;19493477777;19993477777;10240;10228
2593;20273338000;19493477777;19993477777;10240;10228
2594;20273523000;19493477777;19993477777;10240;10228
2595;20273538000;19493500000;19993500000;10240;10228
2596;20273737000;19493855555;19993855555;10240;10228
2653;20285826000;19702155555;20202155555;10240;10228
2654;20285837000;19743477777;20243477777;10240;10228
2655;20285848000;19743477777;20243477777;10240;10228
2656;20285868000;19743477777;20243477777;10240;10228
2657;20285875000;19743477777;20243477777;10240;10228
2658;20285880000;19743477777;20243477777;10240;10228
2659;20285884000;19743477777;20243477777;10240;10228
2660;20285889000;19743477777;20243477777;10240;10228
2597;20286001000;19493855555;19993855555;10240;10228
2598;20286256000;19493855555;19993855555;10240;10228
2599;20286268000;19535144444;20035144444;10240;10228
2600;20286423000;19535144444;20035144444;10240;10228
2601;20286633000;19535144444;20035144444;10240;10228
2602;20286652000;19535144444;20035144444;10240;10228
2661;20669123000;19743500000;20243500000;10240;10228
2662;20669136000;19743788888;20243788888;10240;10228
2663;20669146000;19743788888;20243788888;10240;10228
2664;20669152000;19743788888;20243788888;10240;10228
2665;20669160000;19785155555;20285155555;10240;10228
2666;20669179000;19785155555;20285155555;10240;10228
2667;20669185000;19785155555;20285155555;10240;10228
2668;20669189000;19785155555;20285155555;10240;10228
2669;20669194000;19785155555;20285155555;10240;10228
2670;20669198000;19785155555;20285155555;10240;10228
2671;20669213000;19785155555;20285155555;10240;10228
2672;20669224000;19785177777;20285177777;10240;10228
2673;20669379000;19785444444;20285444444;10240;10228
2674;20669400000;19785444444;20285444444;10240;10228
2675;20669405000;19785444444;20285444444;10240;10228
2676;20669420000;19826811111;20326811111;10240;10228
2677;20669424000;19826811111;20326811111;10240;10228
2678;20669439000;19826811111;20326811111;10240;10228
2679;20669443000;19826811111;20326811111;10240;10228
2680;20669447000;19826811111;20326811111;10240;10228
2681;20669468000;19826811111;20326811111;10240;10228
2682;20669538000;19826811111;20326811111;10240;10228
2683;20669548000;19826833333;20326833333;10240;10228
2684;20669553000;19827088888;20327088888;10240;10228
2685;20669557000;19827088888;20327088888;10240;10228
2686;20669561000;19827088888;20327088888;10240;10228
2687;20669675000;19868488888;20368488888;10240;10228
2688;20669685000;19868488888;20368488888;10240;10228
2689;20669702000;19868488888;20368488888;10240;10228
2690;20669706000;19868488888;20368488888;10240;10228
2691;20669710000;19868488888;20368488888;10240;10228
2692;20669737000;19868488888;20368488888;10240;10228
2693;20669757000;19868488888;20368488888;10240;10228
2694;20669762000;19868500000;20368500000;10240;10228
2695;20669769000;19868833333;20368833333;10240;10228
2696;20669779000;19868833333;20368833333;10240;10228
2697;20669809000;19868833333;20368833333;10240;10228
2698;20669818000;19910133333;20410133333;10240;10228
2699;20669858000;19910133333;20410133333;10240;10228
2700;20669912000;19910133333;20410133333;10240;10228
2701;20669922000;19910133333;20410133333;10240;10228
2702;20669932000;19910133333;20410133333;10240;10228
2703;20669961000;19910133333;20410133333;10240;10228
2704;20669972000;19910133333;20410133333;10240;10228
2705;20669979000;19910166666;20410166666;10240;10228
2706;20669988000;19910444444;20410444444;10240;10228
2707;20670009000;19910444444;20410444444;10240;10228
2708;20670019000;19910444444;20410444444;10240;10228
2709;20670072000;19951811111;20451811111;10240;10228
2710;20670092000;19951811111;20451811111;10240;10228
2711;20670122000;19951811111;20451811111;10240;10228
2712;20670130000;19951811111;20451811111;10240;10228
2713;20670137000;19951811111;20451811111;10240;10228
2714;20670173000;19951811111;20451811111;10240;10228
2715;20670188000;19951811111;20451811111;10240;10228
2716;20670191000;19951833333;20451833333;10240;10228
2717;20670228000;19952122222;20452122222;10240;10228
2718;20670288000;19952122222;20452122222;10240;10228
2719;20670298000;19952122222;20452122222;10240;10228
2720;20670334000;19993455555;20493455555;10240;10228
2721;20670342000;19993455555;20493455555;10240;10228
2722;20670351000;19993455555;20493455555;10240;10228
2723;20670376000;19993455555;20493455555;10240;10228
2652;20674803000;19702155555;20202155555;10240;10228
2653;20674812000;19702155555;20202155555;10240;10228
2654;20674990000;19743477777;20243477777;10240;10228
2655;20675254000;19743477777;20243477777;10240;10228
2656;20675274000;19743477777;20243477777;10240;10228
2657;20675452000;19743477777;20243477777;10240;10228
2658;20675472000;19743477777;20243477777;10240;10228
2659;20675666000;19743477777;20243477777;10240;10228
2660;20675686000;19743477777;20243477777;10240;10228
2724;20686119000;19993455555;20493455555;10240;10228
2725;20686131000;19993455555;20493455555;10240;10228
2726;20686138000;19993455555;20493455555;10240;10228
2727;20686142000;19993477777;20493477777;10240;10228
2728;20686147000;19993788888;20493788888;10240;10228
2729;20686160000;19993788888;20493788888;10240;10228
2730;20686166000;19993788888;20493788888;10240;10228
2661;20686294000;19743500000;20243500000;10240;10228
2731;20686305000;20035133333;20535133333;10240;10228
2732;20686319000;20035133333;20535133333;10240;10228
2662;20686454000;19743788888;20243788888;10240;10228
2663;20686651000;19743788888;20243788888;10240;10228
2664;20686672000;19743788888;20243788888;10240;10228
2665;20686862000;19785155555;20285155555;10240;10228
2666;20686873000;19785155555;20285155555;10240;10228
2733;21069442000;20035133333;20535133333;10240;10228
2734;21069456000;20035133333;20535133333;10240;10228
2735;21069465000;20035133333;20535133333;10240;10228
2736;21069471000;20035133333;20535133333;10240;10228
2737;21069479000;20035133333;20535133333;10240;10228
2738;21069498000;20035166666;20535166666;10240;10228
2667;21069663000;19785155555;20285155555;10240;10228
2739;21069674000;20035444444;20535444444;10240;10228
2740;21069686000;20035444444;20535444444;10240;10228
2741;21069702000;20035444444;20535444444;10240;10228
2742;21069714000;20076822222;20576822222;10240;10228
2743;21069723000;20076822222;20576822222;10240;10228
2744;21069765000;20076822222;20576822222;10240;10228
2745;21069774000;20076822222;20576822222;10240;10228
2746;21069791000;20076822222;20576822222;10240;10228
2747;21069813000;20076822222;20576822222;10240;10228
2748;21069818000;20076822222;20576822222;10240;10228
2749;21069895000;20076833333;20576833333;10240;10228
2750;21069904000;20077088888;20577088888;10240;10228
2751;21069909000;20077088888;20577088888;10240;10228
2752;21069913000;20077088888;20577088888;10240;10228
2753;21069917000;20118477777;20618477777;10240;10228
2754;21069980000;20118477777;20618477777;10240;10228
2755;21069991000;20118477777;20618477777;10240;10228
2756;21069996000;20118477777;20618477777;10240;10228
2757;21070010000;20118477777;20618477777;10240;10228
2758;21070020000;20118477777;20618477777;10240;10228
2759;21070110000;20118477777;20618477777;10240;10228
2760;21070121000;20118500000;20618500000;10240;10228
2761;21070126000;20118788888;20618788888;10240;10228
2762;21070130000;20118788888;20618788888;10240;10228
2763;21070191000;20118788888;20618788888;10240;10228
2764;21070212000;20160155555;20660155555;10240;10228
2765;21070217000;20160155555;20660155555;10240;10228
2766;21070223000;20160155555;20660155555;10240;10228
2767;21070228000;20160155555;20660155555;10240;10228
2768;21070301000;20160155555;20660155555;10240;10228
2769;21070312000;20160155555;20660155555;10240;10228
2770;21070316000;20160155555;20660155555;10240;10228
2771;21070320000;20160166666;20660166666;10240;10228
2772;21070383000;20160444444;20660444444;10240;10228
2773;21070395000;20160444444;20660444444;10240;10228
2774;21070400000;20160444444;20660444444;10240;10228
2775;21070423000;20201800000;20701800000;10240;10228
2776;21070437000;20201800000;20701800000;10240;10228
2777;21070469000;20201800000;20701800000;10240;10228
2778;21070515000;20201800000;20701800000;10240;10228
2779;21070524000;20201800000;20701800000;10240;10228
2780;21070564000;20201800000;20701800000;10240;10228
2781;21070573000;20201800000;20701800000;10240;10228
2782;21070624000;20201811111;20701811111;10240;10228
2783;21070634000;20202077777;20702077777;10240;10228
2784;21070653000;20202077777;20702077777;10240;10228
2785;21070678000;20202077777;20702077777;10240;10228
2786;21070687000;20243477777;20743477777;10240;10228
2787;21070695000;20243477777;20743477777;10240;10228
2788;21070718000;20243477777;20743477777;10240;10228
2789;21070726000;20243477777;20743477777;10240;10228
2790;21070772000;20243477777;20743477777;10240;10228
2791;21070780000;20243477777;20743477777;10240;10228
2792;21070788000;20243477777;20743477777;10240;10228
2793;21070831000;20243500000;20743500000;10240;10228
2794;21070840000;20243800000;20743800000;10240;10228
2795;21070850000;20243800000;20743800000;10240;10228
2796;21070881000;20243800000;20743800000;10240;10228
2797;21070891000;20285144444;20785144444;10240;10228
2798;21070899000;20285144444;20785144444;10240;10228
2799;21070934000;20285144444;20785144444;10240;10228
2800;21070943000;20285144444;20785144444;10240;10228
2801;21070952000;20285144444;20785144444;10240;10228
2802;21071008000;20285144444;20785144444;10240;10228
2803;21086360000;20285144444;20785144444;10240;10228
2804;21086380000;20285177777;20785177777;10240;10228
2805;21086394000;20285466666;20785466666;10240;10228
2806;21086402000;20285466666;20785466666;10240;10228
2807;21086411000;20285466666;20785466666;10240;10228
2808;21086438000;20326811111;20826811111;10240;10228
2809;21086448000;20326811111;20826811111;10240;10228
2810;21086505000;20326811111;20826811111;10240;10228
2811;21086514000;20326811111;20826811111;10240;10228
2812;21469725000;20326811111;20826811111;10240;10228
2813;21469739000;20326811111;20826811111;10240;10228
2814;21469751000;20326811111;20826811111;10240;10228
2815;21469759000;20326822222;20826822222;10240;10228
2816;21469768000;20327133333;20827133333;10240;10228
2817;21469978000;20327133333;20827133333;10240;10228
2818;21469990000;20327133333;20827133333;10240;10228
2819;21469995000;20368477777;20868477777;10240;10228
2820;21469999000;20368477777;20868477777;10240;10228
2821;21470012000;20368477777;20868477777;10240;10228
2822;21470136000;20368477777;20868477777;10240;10228
2823;21470149000;20368477777;20868477777;10240;10228
2824;21470168000;20368477777;20868477777;10240;10228
2825;21470174000;20368477777;20868477777;10240;10228
2826;21470190000;20368500000;20868500000;10240;10228
2827;21470196000;20368811111;20868811111;10240;10228
2828;21470282000;20368811111;20868811111;10240;10228
2829;21470293000;20368811111;20868811111;10240;10228
2833;21470405000;20410133333;20910133333;10240;10228
2834;21470431000;20410133333;20910133333;10240;10228
2835;21470437000;20410133333;20910133333;10240;10228
2836;21470456000;20410133333;20910133333;10240;10228
2837;21470466000;20410166666;20910166666;10240;10228
2838;21470473000;20410433333;20910433333;10240;10228
2839;21470492000;20410433333;20910433333;10240;10228
2840;21470497000;20410433333;20910433333;10240;10228
2841;21470630000;20451800000;20951800000;10240;10228
2842;21470640000;20451800000;20951800000;10240;10228
2843;21470647000;20451800000;20951800000;10240;10228
2844;21470651000;20451800000;20951800000;10240;10228
2845;21470656000;20451800000;20951800000;10240;10228
2846;21470665000;20451800000;20951800000;10240;10228
2847;21470677000;20451800000;20951800000;10240;10228
2848;21470682000;20451822222;20951822222;10240;10228
2849;21470756000;20452100000;20952100000;10240;10228
2850;21470778000;20452100000;20952100000;10240;10228
2851;21470783000;20452100000;20952100000;10240;10228
2852;21470787000;20493488888;20993488888;10240;10228
2853;21470792000;20493488888;20993488888;10240;10228
2854;21470801000;20493488888;20993488888;10240;10228
2855;21470859000;20493488888;20993488888;10240;10228
2856;21470878000;20493488888;20993488888;10240;10228
2857;21470883000;20493488888;20993488888;10240;10228
2858;21470958000;20493488888;20993488888;10240;10228
2859;21470969000;20493500000;20993500000;10240;10228
2860;21471031000;20493800000;20993800000;10240;10228
2861;21471060000;20493800000;20993800000;10240;10228
2862;21471066000;20493800000;20993800000;10240;10228
2863;21471073000;20535155555;21035155555;10240;10228
2864;21471086000;20535155555;21035155555;10240;10228
2865;21471091000;20535155555;21035155555;10240;10228
2866;21471105000;20535155555;21035155555;10240;10228
2867;21471143000;20535155555;21035155555;10240;10228
2868;21471152000;20535155555;21035155555;10240;10228
2869;21471188000;20535155555;21035155555;10240;10228
2870;21471194000;20535177777;21035177777;10240;10228
2871;21471233000;20535455555;21035455555;10240;10228
2872;21471241000;20535455555;21035455555;10240;10228
2873;21471282000;20535455555;21035455555;10240;10228
2874;21471290000;20576811111;21076811111;10240;10228
2875;21471332000;20576811111;21076811111;10240;10228
2876;21471351000;20576811111;21076811111;10240;10228
2877;21471384000;20576811111;21076811111;10240;10228
2878;21471394000;20576811111;21076811111;10240;10228
2879;21471400000;20576811111;21076811111;10240;10228
2880;21471432000;20576811111;21076811111;10240;10228
2881;21471439000;20576833333;21076833333;10240;10228
2882;21486623000;20577088888;21077088888;10240;10228
2883;21486641000;20577088888;21077088888;10240;10228
2884;21486651000;20577088888;21077088888;10240;10228
2885;21486664000;20618477777;21118477777;10240;10228
2886;21486672000;20618477777;21118477777;10240;10228
2887;21486731000;20618477777;21118477777;10240;10228
2888;21486741000;20618477777;21118477777;10240;10228
2889;21486750000;20618477777;21118477777;10240;10228
2890;21486758000;20618477777;21118477777;10240;10228
2891;21486885000;20618477777;21118477777;10240;10228
2892;21870006000;20618500000;21118500000;10240;10228
2893;21870023000;20618800000;21118800000;10240;10228
2894;21870048000;20618800000;21118800000;10240;10228
2895;21870236000;20618800000;21118800000;10240;10228
2896;21870250000;20660155555;21160155555;10240;10228
2897;21870256000;20660155555;21160155555;10240;10228
2898;21870261000;20660155555;21160155555;10240;10228
2899;21870280000;20660155555;21160155555;10240;10228
2900;21870400000;20660155555;21160155555;10240;10228
2901;21870420000;20660155555;21160155555;10240;10228
2902;21870426000;20660155555;21160155555;10240;10228
2903;21870431000;20660166666;21160166666;10240;10228
2904;21870436000;20660433333;21160433333;10240;10228
2905;21870495000;20660433333;21160433333;10240;10228
2906;21870516000;20660433333;21160433333;10240;10228
2907;21870520000;20701811111;21201811111;10240;10228
2908;21870708000;20701811111;21201811111;10240;10228
2909;21870719000;20701811111;21201811111;10240;10228
2910;21870724000;20701811111;21201811111;10240;10228
2911;21870738000;20701811111;21201811111;10240;10228
2912;21870742000;20701811111;21201811111;10240;10228
2913;21870746000;20701811111;21201811111;10240;10228
2914;21870750000;20701822222;21201822222;10240;10228
2915;21870755000;20702111111;21202111111;10240;10228
2916;21870871000;20702111111;21202111111;10240;10228
2917;21870882000;20702111111;21202111111;10240;10228
2918;21870886000;20743466666;21243466666;10240;10228
2919;21870896000;20743466666;21243466666;10240;10228
2920;21870905000;20743466666;21243466666;10240;10228
2921;21870911000;20743466666;21243466666;10240;10228
2922;21870981000;20743466666;21243466666;10240;10228
2923;21870995000;20743466666;21243466666;10240;10228
2924;21871000000;20743466666;21243466666;10240;10228
2925;21871004000;20743488888;21243488888;10240;10228
2926;21871071000;20743777777;21243777777;10240;10228
2927;21871092000;20743777777;21243777777;10240;10228
2928;21871098000;20743777777;21243777777;10240;10228
2929;21871118000;20785144444;21285144444;10240;10228
2930;21871190000;20785144444;21285144444;10240;10228
2931;21871200000;20785144444;21285144444;10240;10228
2932;21871205000;20785144444;21285144444;10240;10228
2933;21871219000;20785144444;21285144444;10240;10228
2934;21871233000;20785144444;21285144444;10240;10228
2935;21871237000;20785144444;21285144444;10240;10228
2936;21871241000;20785166666;21285166666;10240;10228
2937;21871263000;20785422222;21285422222;10240;10228
2938;21871272000;20785422222;21285422222;10240;10228
2939;21871329000;20785422222;21285422222;10240;10228
2940;21871338000;20826800000;21326800000;10240;10228
2941;21871351000;20826800000;21326800000;10240;10228
2942;21871389000;20826800000;21326800000;10240;10228
2943;21871399000;20826800000;21326800000;10240;10228
2944;21871433000;20826800000;21326800000;10240;10228
2945;21871444000;20826800000;21326800000;10240;10228
2946;21871478000;20826800000;21326800000;10240;10228
2947;21871487000;20826822222;21326822222;10240;10228
2948;21871528000;20827077777;21327077777;10240;10228
2949;21871537000;20827077777;21327077777;10240;10228
2950;21871578000;20827077777;21327077777;10240;10228
2951;21871597000;20868477777;21368477777;10240;10228
2952;21871632000;20868477777;21368477777;10240;10228
2953;21871641000;20868477777;21368477777;10240;10228
2954;21871684000;20868477777;21368477777;10240;10228
2955;21871692000;20868477777;21368477777;10240;10228
2956;21871701000;20868477777;21368477777;10240;10228
2957;21871732000;20868477777;21368477777;10240;10228
2958;21871741000;20868500000;21368500000;10240;10228
2959;21871935000;20868777777;21368777777;10240;10228
2960;21871945000;20868777777;21368777777;10240;10228
2961;21886913000;20868777777;21368777777;10240;10228
2962;21886928000;20910166666;21410166666;10240;10228
2963;21886941000;20910166666;21410166666;10240;10228
2964;21886950000;20910166666;21410166666;10240;10228
2965;21886964000;20910166666;21410166666;10240;10228
2966;21886995000;20910166666;21410166666;10240;10228
2967;21887005000;20910166666;21410166666;10240;10228
2968;21887012000;20910166666;21410166666;10240;10228
2969;21887019000;20910177777;21410177777;10240;10228
2970;21887075000;20910444444;21410444444;10240;10228
2971;22270250000;20910444444;21410444444;10240;10228
2972;22270263000;20910444444;21410444444;10240;10228
2973;22270274000;20951811111;21451811111;10240;10228
2974;22270404000;20951811111;21451811111;10240;10228
2975;22270414000;20951811111;21451811111;10240;10228
2976;22270505000;20951811111;21451811111;10240;10228
2977;22270515000;20951811111;21451811111;10240;10228
2978;22270530000;20951811111;21451811111;10240;10228
2979;22270625000;20951811111;21451811111;10240;10228
2980;22270701000;20951833333;21451833333;10240;10228
2981;22270713000;20952100000;21452100000;10240;10228
2982;22270719000;20952100000;21452100000;10240;10228
2983;22270739000;20952100000;21452100000;10240;10228
2984;22270746000;20993477777;21493477777;10240;10228
2985;22270910000;20993477777;21493477777;10240;10228
2986;22270921000;20993477777;21493477777;10240;10228
2987;22270941000;20993477777;21493477777;10240;10228
2988;22270947000;20993477777;21493477777;10240;10228
2989;22270957000;20993477777;21493477777;10240;10228
2990;22271028000;20993477777;21493477777;10240;10228
2991;22271038000;20993500000;21493500000;10240;10228
2992;22271108000;20993800000;21493800000;10240;10228
2993;22271130000;20993800000;21493800000;10240;10228
2994;22271134000;20993800000;21493800000;10240;10228
2995;22271146000;21035155555;21535155555;10240;10228
2996;22271154000;21035155555;21535155555;10240;10228
2997;22271163000;21035155555;21535155555;10240;10228
2998;22271170000;21035155555;21535155555;10240;10228
2999;22271195000;21035155555;21535155555;10240;10228
3000;22271204000;21035155555;21535155555;10240;10228
3001;22271248000;21035155555;21535155555;10240;10228
3002;22271270000;21035177777;21535177777;10240;10228
3003;22271296000;21035433333;21535433333;10240;10228
3004;22271305000;21035433333;21535433333;10240;10228
3005;22271343000;21035433333;21535433333;10240;10228
3006;22271395000;21076800000;21576800000;10240;10228
3007;22271403000;21076800000;21576800000;10240;10228
3008;22271449000;21076800000;21576800000;10240;10228
3009;22271467000;21076800000;21576800000;10240;10228
3010;22271481000;21076800000;21576800000;10240;10228
3011;22271507000;21076800000;21576800000;10240;10228
3012;22271516000;21076800000;21576800000;10240;10228
3013;22271521000;21076822222;21576822222;10240;10228
3014;22271552000;21077066666;21577066666;10240;10228
3015;22271560000;21077066666;21577066666;10240;10228
3016;22271568000;21077066666;21577066666;10240;10228
3017;22271610000;21118466666;21618466666;10240;10228
3018;22271618000;21118466666;21618466666;10240;10228
3019;22271677000;21118466666;21618466666;10240;10228
3020;22271689000;21118466666;21618466666;10240;10228
3021;22271699000;21118466666;21618466666;10240;10228
3022;22271722000;21118466666;21618466666;10240;10228
3023;22271732000;21118466666;21618466666;10240;10228
3024;22271762000;21118488888;21618488888;10240;10228
3025;22271771000;21118766666;21618766666;10240;10228
3026;22271779000;21118766666;21618766666;10240;10228
3027;22271787000;21118766666;21618766666;10240;10228
3028;22271811000;21160144444;21660144444;10240;10228
3029;22271820000;21160144444;21660144444;10240;10228
3030;22271881000;21160144444;21660144444;10240;10228
3031;22271890000;21160144444;21660144444;10240;10228
3032;22271900000;21160144444;21660144444;10240;10228
3033;22271908000;21160144444;21660144444;10240;10228
3034;22271918000;21160144444;21660144444;10240;10228
3035;22271923000;21160166666;21660166666;10240;10228
3036;22271965000;21160433333;21660433333;10240;10228
3037;22271973000;21160433333;21660433333;10240;10228
3038;22272073000;21160433333;21660433333;10240;10228
3039;22272137000;21201800000;21701800000;10240;10228
3040;22272302000;21201800000;21701800000;10240;10228
3041;22287164000;21201800000;21701800000;10240;10228
3042;22287169000;21201800000;21701800000;10240;10228
3043;22287174000;21201800000;21701800000;10240;10228
3044;22287184000;21201800000;21701800000;10240;10228
3045;22287268000;21201800000;21701800000;10240;10228
3046;22287277000;21201822222;21701822222;10240;10228
3047;22287285000;21202088888;21702088888;10240;10228
3048;22287289000;21202088888;21702088888;10240;10228
3049;22287293000;21202088888;21702088888;10240;10228
3050;22670506000;21243466666;21743466666;10240;10228
3051;22670526000;21243466666;21743466666;10240;10228
3052;22670547000;21243466666;21743466666;10240;10228
3053;22670553000;21243466666;21743466666;10240;10228
3054;22670564000;21243466666;21743466666;10240;10228
3055;22670646000;21243466666;21743466666;10240;10228
3056;22670661000;21243466666;21743466666;10240;10228
3057;22670768000;21243488888;21743488888;10240;10228
3058;22670879000;21243788888;21743788888;10240;10228
3059;22670885000;21243788888;21743788888;10240;10228
3060;22670897000;21243788888;21743788888;10240;10228
3061;22670910000;21285155555;21785155555;10240;10228
3062;22670918000;21285155555;21785155555;10240;10228
3063;22670972000;21285155555;21785155555;10240;10228
3064;22671050000;21285155555;21785155555;10240;10228
3065;22671123000;21285155555;21785155555;10240;10228
3066;22671130000;21285155555;21785155555;10240;10228
3067;22671138000;21285155555;21785155555;10240;10228
3068;22671146000;21285177777;21785177777;10240;10228
3069;22671179000;21285444444;21785444444;10240;10228
3070;22671246000;21285444444;21785444444;10240;10228
3071;22671303000;21285444444;21785444444;10240;10228
3072;22671316000;21326811111;21826811111;10240;10228
3073;22671325000;21326811111;21826811111;10240;10228
3074;22671350000;21326811111;21826811111;10240;10228
3075;22671423000;21326811111;21826811111;10240;10228
3076;22671433000;21326811111;21826811111;10240;10228
3077;22671460000;21326811111;21826811111;10240;10228
3078;22671502000;21326811111;21826811111;10240;10228
3079;22671510000;21326833333;21826833333;10240;10228
3080;22671518000;21327100000;21827100000;10240;10228
3081;22671551000;21327100000;21827100000;10240;10228
3082;22671562000;21327100000;21827100000;10240;10228
3083;22671577000;21368477777;21868477777;10240;10228
3084;22671605000;21368477777;21868477777;10240;10228
3085;22671614000;21368477777;21868477777;10240;10228
3086;22671625000;21368477777;21868477777;10240;10228
3087;22671662000;21368477777;21868477777;10240;10228
3088;22671687000;21368477777;21868477777;10240;10228
3089;22671713000;21368477777;21868477777;10240;10228
3090;22671735000;21368500000;21868500000;10240;10228
3091;22671764000;21368766666;21868766666;10240;10228
3092;22671783000;21368766666;21868766666;10240;10228
3093;22671792000;21368766666;21868766666;10240;10228
3094;22671818000;21410155555;21910155555;10240;10228
3095;22671840000;21410155555;21910155555;10240;10228
3096;22671858000;21410155555;21910155555;10240;10228
3097;22671872000;21410155555;21910155555;10240;10228
3098;22671880000;21410155555;21910155555;10240;10228
3099;22671917000;21410155555;21910155555;10240;10228
3100;22671925000;21410155555;21910155555;10240;10228
3101;22671934000;21410177777;21910177777;10240;10228
3102;22671963000;21410422222;21910422222;10240;10228
3103;22671972000;21410422222;21910422222;10240;10228
3104;22671991000;21410422222;21910422222;10240;10228
3105;22672011000;21451811111;21951811111;10240;10228
3106;22672023000;21451811111;21951811111;10240;10228
3107;22672073000;21451811111;21951811111;10240;10228
3108;22672083000;21451811111;21951811111;10240;10228
3109;22672113000;21451811111;21951811111;10240;10228
3110;22672122000;21451811111;21951811111;10240;10228
3111;22672130000;21451811111;21951811111;10240;10228
3112;22672167000;21451833333;21951833333;10240;10228
3113;22672240000;21452088888;21952088888;10240;10228
3114;22672252000;21452088888;21952088888;10240;10228
3115;22672260000;21452088888;21952088888;10240;10228
3116;22672270000;21493466666;21993466666;10240;10228
3117;22672278000;21493466666;21993466666;10240;10228
3118;22672287000;21493466666;21993466666;10240;10228
3119;22672467000;21493466666;21993466666;10240;10228
3120;22672475000;21493466666;21993466666;10240;10228
3121;22687402000;21493466666;21993466666;10240;10228
3122;22687416000;21493466666;21993466666;10240;10228
3123;22687421000;21493488888;21993488888;10240;10228
3124;22687429000;21493788888;21993788888;10240;10228
3125;22687555000;21493788888;21993788888;10240;10228
3126;22687576000;21493788888;21993788888;10240;10228
3127;23070793000;21535133333;22035133333;10240;10228
3128;23070810000;21535133333;22035133333;10240;10228
3129;23070818000;21535133333;22035133333;10240;10228
3130;23070824000;21535133333;22035133333;10240;10228
3131;23070836000;21535133333;22035133333;10240;10228
3132;23070842000;21535133333;22035133333;10240;10228
3133;23070860000;21535133333;22035133333;10240;10228
3134;23070866000;21535166666;22035166666;10240;10228
3135;23070872000;21535444444;22035444444;10240;10228
3136;23070995000;21535444444;22035444444;10240;10228
3137;23071106000;21535444444;22035444444;10240;10228
3138;23071117000;21576811111;22076811111;10240;10228
3139;23071121000;21576811111;22076811111;10240;10228
3140;23071126000;21576811111;22076811111;10240;10228
3141;23071130000;21576811111;22076811111;10240;10228
3142;23071134000;21576811111;22076811111;10240;10228
3143;23071225000;21576811111;22076811111;10240;10228
3144;23071329000;21576811111;22076811111;10240;10228
3145;23071340000;21576833333;22076833333;10240;10228
3146;23071400000;21577088888;22077088888;10240;10228
3147;23071412000;21577088888;22077088888;10240;10228
3148;23071417000;21577088888;22077088888;10240;10228
3149;23071423000;21618466666;22118466666;10240;10228
3150;23071552000;21618466666;22118466666;10240;10228
3151;23071563000;21618466666;22118466666;10240;10228
3152;23071568000;21618466666;22118466666;10240;10228
3153;23071574000;21618466666;22118466666;10240;10228
3154;23071579000;21618466666;22118466666;10240;10228
3155;23071672000;21618466666;22118466666;10240;10228
3156;23071683000;21618488888;22118488888;10240;10228
3157;23071688000;21618788888;22118788888;10240;10228
3158;23071694000;21618788888;22118788888;10240;10228
3159;23071702000;21618788888;22118788888;10240;10228
3160;23071762000;21660133333;22160133333;10240;10228
3161;23071771000;21660133333;22160133333;10240;10228
3162;23071777000;21660133333;22160133333;10240;10228
3163;23071781000;21660133333;22160133333;10240;10228
3164;23071826000;21660133333;22160133333;10240;10228
3165;23071834000;21660133333;22160133333;10240;10228
3166;23071848000;21660133333;22160133333;10240;10228
3167;23071908000;21660155555;22160155555;10240;10228
3377;23071978000;22452177777;22952177777;10240;10228
3378;23072081000;22452177777;22952177777;10240;10228
3379;23072093000;22452177777;22952177777;10240;10228
3380;23072099000;22493488888;22993488888;10240;10228
3381;23072114000;22493488888;22993488888;10240;10228
3382;23072119000;22493488888;22993488888;10240;10228
3383;23072131000;22493488888;22993488888;10240;10228
3384;23072140000;22493488888;22993488888;10240;10228
3385;23072147000;22493488888;22993488888;10240;10228
3386;23072168000;22493488888;22993488888;10240;10228
3387;23072175000;22493511111;22993511111;10240;10228
3388;23072217000;22493811111;22993811111;10240;10228
3389;23072226000;22493811111;22993811111;10240;10228
3390;23072235000;22493811111;22993811111;10240;10228
3391;23072267000;22535155555;23035155555;10240;10228
3392;23072276000;22535155555;23035155555;10240;10228
3393;23072285000;22535155555;23035155555;10240;10228
3394;23072316000;22535155555;23035155555;10240;10228
3395;23072369000;22535155555;23035155555;10240;10228
3396;23072376000;22535155555;23035155555;10240;10228
3397;23072385000;22535155555;23035155555;10240;10228
3398;23072391000;22535177777;23035177777;10240;10228
3399;23072428000;22535455555;23035455555;10240;10228
3400;23072479000;22535455555;23035455555;10240;10228
3401;23072488000;22535455555;23035455555;10240;10228
3402;23072496000;22576811111;23076811111;10240;10228
3403;23072504000;22576811111;23076811111;10240;10228
3404;23072529000;22576811111;23076811111;10240;10228
3405;23072538000;22576811111;23076811111;10240;10228
3406;23072550000;22576811111;23076811111;10240;10228
3407;23072556000;22576811111;23076811111;10240;10228
3408;23072623000;22576811111;23076811111;10240;10228
3409;23087665000;22576833333;23076833333;10240;10228
3410;23087691000;22577088888;23077088888;10240;10228
3411;23087700000;22577088888;23077088888;10240;10228
3412;23087709000;22577088888;23077088888;10240;10228
3413;23087714000;22618477777;23118477777;10240;10228
3414;23087995000;22618477777;23118477777;10240;10228
3415;23471132000;22618477777;23118477777;10240;10228
3416;23471144000;22618477777;23118477777;10240;10228
3417;23471155000;22618477777;23118477777;10240;10228
3418;23471160000;22618477777;23118477777;10240;10228
3419;23471184000;22618477777;23118477777;10240;10228
3420;23471191000;22618500000;23118500000;10240;10228
3421;23471197000;22618800000;23118800000;10240;10228
3422;23471203000;22618800000;23118800000;10240;10228
3423;23471208000;22618800000;23118800000;10240;10228
3424;23471269000;22660155555;23160155555;10240;10228
3425;23471282000;22660155555;23160155555;10240;10228
3426;23471391000;22660155555;23160155555;10240;10228
3427;23471404000;22660155555;23160155555;10240;10228
3428;23471410000;22660155555;23160155555;10240;10228
3429;23471415000;22660155555;23160155555;10240;10228
3430;23471421000;22660155555;23160155555;10240;10228
3431;23471508000;22660166666;23160166666;10240;10228
3432;23471521000;22660455555;23160455555;10240;10228
3433;23471537000;22660455555;23160455555;10240;10228
3434;23471668000;22660455555;23160455555;10240;10228
3435;23471684000;22701800000;23201800000;10240;10228
3436;23471693000;22701800000;23201800000;10240;10228
3437;23471699000;22701800000;23201800000;10240;10228
3438;23471706000;22701800000;23201800000;10240;10228
3439;23471717000;22701800000;23201800000;10240;10228
3440;23471825000;22701800000;23201800000;10240;10228
3441;23471837000;22701800000;23201800000;10240;10228
3442;23471845000;22701822222;23201822222;10240;10228
3443;23471926000;22702111111;23202111111;10240;10228
3444;23471994000;22702111111;23202111111;10240;10228
3445;23472018000;22702111111;23202111111;10240;10228
3446;23472024000;22743477777;23243477777;10240;10228
3447;23472032000;22743477777;23243477777;10240;10228
3448;23472111000;22743477777;23243477777;10240;10228
3449;23472131000;22743477777;23243477777;10240;10228
3450;23472139000;22743477777;23243477777;10240;10228
3451;23472145000;22743477777;23243477777;10240;10228
3452;23472159000;22743477777;23243477777;10240;10228
3453;23472164000;22743500000;23243500000;10240;10228
3454;23472169000;22743811111;23243811111;10240;10228
3455;23472218000;22743811111;23243811111;10240;10228
3456;23472229000;22743811111;23243811111;10240;10228
3457;23472261000;22785144444;23285144444;10240;10228
3458;23472308000;22785144444;23285144444;10240;10228
3459;23472317000;22785144444;23285144444;10240;10228
3460;23472326000;22785144444;23285144444;10240;10228
3461;23472356000;22785144444;23285144444;10240;10228
3462;23472367000;22785144444;23285144444;10240;10228
3463;23472418000;22785144444;23285144444;10240;10228
3464;23472428000;22785166666;23285166666;10240;10228
3465;23472436000;22785455555;23285455555;10240;10228
3466;23472475000;22785455555;23285455555;10240;10228
3467;23472483000;22785455555;23285455555;10240;10228
3468;23472492000;22826800000;23326800000;10240;10228
3469;23472512000;22826800000;23326800000;10240;10228
3470;23472521000;22826800000;23326800000;10240;10228
3471;23472562000;22826800000;23326800000;10240;10228
3472;23472571000;22826800000;23326800000;10240;10228
3473;23472581000;22826800000;23326800000;10240;10228
3474;23472621000;22826800000;23326800000;10240;10228
3475;23472631000;22826822222;23326822222;10240;10228
3476;23472669000;22827100000;23327100000;10240;10228
3477;23472679000;22827100000;23327100000;10240;10228
3478;23472686000;22827100000;23327100000;10240;10228
3479;23472695000;22868466666;23368466666;10240;10228
3480;23472725000;22868466666;23368466666;10240;10228
3481;23472735000;22868466666;23368466666;10240;10228
3482;23472744000;22868466666;23368466666;10240;10228
3483;23472774000;22868466666;23368466666;10240;10228
3484;23472784000;22868466666;23368466666;10240;10228
3485;23472835000;22868466666;23368466666;10240;10228
3486;23472843000;22868488888;23368488888;10240;10228
3586;23487931000;23243877777;23743877777;10240;10228
3587;23487953000;23243877777;23743877777;10240;10228
3588;23487963000;23243877777;23743877777;10240;10228
3589;23487971000;23285166666;23785166666;10240;10228
3590;23487981000;23285166666;23785166666;10240;10228
3591;23488021000;23285166666;23785166666;10240;10228
3592;23488030000;23285166666;23785166666;10240;10228
3593;23488434000;23285166666;23785166666;10240;10228
3594;23871447000;23285166666;23785166666;10240;10228
3595;23871462000;23285166666;23785166666;10240;10228
3596;23871473000;23285177777;23785177777;10240;10228
3696;23901959000;23660522222;24160522222;10240;10228
3697;23901999000;23660522222;24160522222;10240;10228
3698;23902005000;23660522222;24160522222;10240;10228
3699;23902019000;23701855555;24201855555;10240;10228
3700;23902024000;23701855555;24201855555;10240;10228
3701;23902030000;23701855555;24201855555;10240;10228
3702;23902034000;23701855555;24201855555;10240;10228
3703;23902039000;23701855555;24201855555;10240;10228
3704;23902051000;23701855555;24201855555;10240;10228
3705;23902068000;23701855555;24201855555;10240;10228
3706;23902073000;23701944444;24201944444;10240;10228
3593;23921173000;23285166666;23785166666;10240;10228
3594;23921184000;23285166666;23785166666;10240;10228
3595;23921369000;23285166666;23785166666;10240;10228
3596;23921389000;23285177777;23785177777;10240;10228
3696;23921583000;23660522222;24160522222;10240;10228
3697;23921769000;23660522222;24160522222;10240;10228
3698;23921781000;23660522222;24160522222;10240;10228
3699;23921956000;23701855555;24201855555;10240;10228
3700;23921965000;23701855555;24201855555;10240;10228
3701;23922187000;23701855555;24201855555;10240;10228
3702;23922392000;23701855555;24201855555;10240;10228
3703;23922413000;23701855555;24201855555;10240;10228
3704;23922593000;23701855555;24201855555;10240;10228
3705;23922612000;23701855555;24201855555;10240;10228
3706;23922803000;23701944444;24201944444;10240;10228
3707;23943647000;23702255555;24202255555;10240;10228
3708;23943660000;23702255555;24202255555;10240;10228
3709;23943665000;23702255555;24202255555;10240;10228
3710;23943670000;23743522222;24243522222;10240;10228
3711;23943674000;23743522222;24243522222;10240;10228
3712;23943697000;23743522222;24243522222;10240;10228
3713;23943709000;23743522222;24243522222;10240;10228
3714;23943717000;23743522222;24243522222;10240;10228
3715;23943734000;23743522222;24243522222;10240;10228
3716;23943833000;23743522222;24243522222;10240;10228
3717;23943844000;23743611111;24243611111;10240;10228
3707;23943850000;23702255555;24202255555;10240;10228
3708;23944083000;23702255555;24202255555;10240;10228
3709;23944103000;23702255555;24202255555;10240;10228
3710;23944263000;23743522222;24243522222;10240;10228
3711;23944458000;23743522222;24243522222;10240;10228
3712;23944470000;23743522222;24243522222;10240;10228
3713;23944663000;23743522222;24243522222;10240;10228
3714;23944683000;23743522222;24243522222;10240;10228
3715;23944866000;23743522222;24243522222;10240;10228
3716;23945036000;23743522222;24243522222;10240;10228
3717;23945065000;23743611111;24243611111;10240;10228
3718;23985344000;23743911111;24243911111;10240;10228
3719;23985356000;23743911111;24243911111;10240;10228
3720;23985361000;23743911111;24243911111;10240;10228
3721;23985366000;23785188888;24285188888;10240;10228
3718;23985519000;23743911111;24243911111;10240;10228
3719;23985715000;23743911111;24243911111;10240;10228
3720;23985721000;23743911111;24243911111;10240;10228
3722;24271739000;23785188888;24285188888;10240;10228
3723;24271751000;23785188888;24285188888;10240;10228
3724;24271758000;23785188888;24285188888;10240;10228
3725;24271762000;23785188888;24285188888;10240;10228
3726;24271767000;23785188888;24285188888;10240;10228
3727;24271776000;23785188888;24285188888;10240;10228
3728;24271782000;23785222222;24285222222;10240;10228
3729;24271789000;23785477777;24285477777;10240;10228
3730;24271808000;23785477777;24285477777;10240;10228
3731;24271816000;23785477777;24285477777;10240;10228
3732;24271820000;23826811111;24326811111;10240;10228
3733;24271827000;23826811111;24326811111;10240;10228
3734;24271923000;23826811111;24326811111;10240;10228
3735;24271944000;23826811111;24326811111;10240;10228
3736;24271949000;23826811111;24326811111;10240;10228
3737;24271954000;23826811111;24326811111;10240;10228
3738;24271958000;23826811111;24326811111;10240;10228
3739;24271963000;23826833333;24326833333;10240;10228
3740;24271968000;23827088888;24327088888;10240;10228
3741;24271973000;23827088888;24327088888;10240;10228
3721;24271977000;23785188888;24285188888;10240;10228
3722;24272202000;23785188888;24285188888;10240;10228
3723;24272215000;23785188888;24285188888;10240;10228
3742;24272220000;23827088888;24327088888;10240;10228
3743;24272226000;23868477777;24368477777;10240;10228
3744;24272231000;23868477777;24368477777;10240;10228
3745;24272236000;23868477777;24368477777;10240;10228
3746;24272241000;23868477777;24368477777;10240;10228
3747;24302430000;23868477777;24368477777;10240;10228
3748;24302443000;23868477777;24368477777;10240;10228
3749;24302448000;23868477777;24368477777;10240;10228
3750;24302452000;23868500000;24368500000;10240;10228
3751;24302468000;23868788888;24368788888;10240;10228
3752;24302472000;23868788888;24368788888;10240;10228
3753;24302480000;23868788888;24368788888;10240;10228
3754;24302488000;23910144444;24410144444;10240;10228
3755;24302497000;23910144444;24410144444;10240;10228
3756;24302502000;23910144444;24410144444;10240;10228
3757;24302513000;23910144444;24410144444;10240;10228
3758;24302518000;23910144444;24410144444;10240;10228
3759;24302522000;23910144444;24410144444;10240;10228
3760;24302532000;23910144444;24410144444;10240;10228
3761;24302537000;23910166666;24410166666;10240;10228
3724;24302541000;23785188888;24285188888;10240;10228
3725;24302710000;23785188888;24285188888;10240;10228
3726;24302719000;23785188888;24285188888;10240;10228
3727;24302901000;23785188888;24285188888;10240;10228
3728;24302914000;23785222222;24285222222;10240;10228
3729;24303079000;23785477777;24285477777;10240;10228
3730;24303319000;23785477777;24285477777;10240;10228
3762;24344141000;23910466666;24410466666;10240;10228
3763;24344158000;23910466666;24410466666;10240;10228
3764;24344166000;23910466666;24410466666;10240;10228
3765;24344199000;23951811111;24451811111;10240;10228
3766;24344205000;23951811111;24451811111;10240;10228
3767;24344215000;23951811111;24451811111;10240;10228
3768;24344221000;23951811111;24451811111;10240;10228
3769;24344228000;23951811111;24451811111;10240;10228
3770;24344236000;23951811111;24451811111;10240;10228
3771;24344244000;23951811111;24451811111;10240;10228
3772;24344274000;23951833333;24451833333;10240;10228
3773;24344281000;23952155555;24452155555;10240;10228
3774;24344299000;23952155555;24452155555;10240;10228
3731;24344304000;23785477777;24285477777;10240;10228
3732;24344393000;23826811111;24326811111;10240;10228
3733;24344402000;23826811111;24326811111;10240;10228
3775;24344416000;23952155555;24452155555;10240;10228
3734;24344605000;23826811111;24326811111;10240;10228
3735;24344796000;23826811111;24326811111;10240;10228
3736;24344805000;23826811111;24326811111;10240;10228
3737;24344974000;23826811111;24326811111;10240;10228
3776;24385861000;23993477777;24493477777;10240;10228
3777;24385877000;23993477777;24493477777;10240;10228
3778;24385885000;23993477777;24493477777;10240;10228
3779;24385892000;23993477777;24493477777;10240;10228
3780;24385909000;23993477777;24493477777;10240;10228
3738;24385925000;23826811111;24326811111;10240;10228
3739;24386025000;23826833333;24326833333;10240;10228
3740;24386040000;23827088888;24327088888;10240;10228
3781;24672041000;23993477777;24493477777;10240;10228
3782;24672098000;23993477777;24493477777;10240;10228
3783;24672109000;23993500000;24493500000;10240;10228
3784;24672118000;23993833333;24493833333;10240;10228
3785;24672131000;23993833333;24493833333;10240;10228
3786;24672139000;23993833333;24493833333;10240;10228
3787;24672143000;24035144444;24535144444;10240;10228
3788;24672151000;24035144444;24535144444;10240;10228
3789;24672162000;24035144444;24535144444;10240;10228
3790;24672178000;24035144444;24535144444;10240;10228
3791;24672191000;24035144444;24535144444;10240;10228
3792;24672196000;24035144444;24535144444;10240;10228
3793;24672215000;24035144444;24535144444;10240;10228
3794;24672221000;24035166666;24535166666;10240;10228
3795;24672230000;24035466666;24535466666;10240;10228
3796;24672242000;24035466666;24535466666;10240;10228
3797;24672246000;24035466666;24535466666;10240;10228
3741;24672255000;23827088888;24327088888;10240;10228
3798;24672263000;24076833333;24576833333;10240;10228
3799;24672271000;24076833333;24576833333;10240;10228
3800;24672299000;24076833333;24576833333;10240;10228
3801;24672309000;24076833333;24576833333;10240;10228
3802;24672318000;24076833333;24576833333;10240;10228
3803;24672386000;24076833333;24576833333;10240;10228
3804;24672397000;24076833333;24576833333;10240;10228
3805;24672413000;24076877777;24576877777;10240;10228
3806;24672441000;24077133333;24577133333;10240;10228
3807;24672449000;24077133333;24577133333;10240;10228
3808;24672458000;24077133333;24577133333;10240;10228
3746;24672815000;23868477777;24368477777;10240;10228
3747;24673010000;23868477777;24368477777;10240;10228
3748;24673020000;23868477777;24368477777;10240;10228
3749;24673222000;23868477777;24368477777;10240;10228
3750;24673237000;23868500000;24368500000;10240;10228
3751;24673426000;23868788888;24368788888;10240;10228
3752;24673625000;23868788888;24368788888;10240;10228
3753;24673634000;23868788888;24368788888;10240;10228
3754;24673829000;23910144444;24410144444;10240;10228
3755;24673836000;23910144444;24410144444;10240;10228
3756;24674017000;23910144444;24410144444;10240;10228
3757;24674247000;23910144444;24410144444;10240;10228
3758;24674261000;23910144444;24410144444;10240;10228
3759;24674443000;23910144444;24410144444;10240;10228
3760;24674454000;23910144444;24410144444;10240;10228
3761;24674646000;23910166666;24410166666;10240;10228
3809;24702719000;24118477777;24618477777;10240;10228
3810;24702730000;24118477777;24618477777;10240;10228
3811;24702735000;24118477777;24618477777;10240;10228
3812;24702740000;24118477777;24618477777;10240;10228
3813;24702744000;24118477777;24618477777;10240;10228
3814;24702767000;24118477777;24618477777;10240;10228
3815;24702772000;24118477777;24618477777;10240;10228
3816;24702784000;24118500000;24618500000;10240;10228
3817;24702788000;24118800000;24618800000;10240;10228
3818;24702924000;24118800000;24618800000;10240;10228
3819;24702935000;24118800000;24618800000;10240;10228
3820;24702940000;24160155555;24660155555;10240;10228
3821;24702945000;24160155555;24660155555;10240;10228
3822;24702949000;24160155555;24660155555;10240;10228
3823;24702953000;24160155555;24660155555;10240;10228
3824;24702957000;24160155555;24660155555;10240;10228
3762;24702961000;23910466666;24410466666;10240;10228
3763;24703130000;23910466666;24410466666;10240;10228
3825;24703165000;24160155555;24660155555;10240;10228
3826;24703172000;24160155555;24660155555;10240;10228
3764;24703324000;23910466666;24410466666;10240;10228
3765;24703330000;23951811111;24451811111;10240;10228
3766;24703529000;23951811111;24451811111;10240;10228
3767;24703536000;23951811111;24451811111;10240;10228
3768;24703725000;23951811111;24451811111;10240;10228
3769;24703730000;23951811111;24451811111;10240;10228
3770;24703928000;23951811111;24451811111;10240;10228
3771;24704145000;23951811111;24451811111;10240;10228
3772;24704156000;23951833333;24451833333;10240;10228
3773;24704349000;23952155555;24452155555;10240;10228
3774;24704357000;23952155555;24452155555;10240;10228
3827;24744647000;24160166666;24660166666;10240;10228
3828;24744657000;24160444444;24660444444;10240;10228
3829;24744662000;24160444444;24660444444;10240;10228
3830;24744666000;24160444444;24660444444;10240;10228
3831;24744671000;24201811111;24701811111;10240;10228
3832;24744675000;24201811111;24701811111;10240;10228
3833;24744679000;24201811111;24701811111;10240;10228
3834;24744683000;24201811111;24701811111;10240;10228
3835;24744696000;24201811111;24701811111;10240;10228
3836;24744704000;24201811111;24701811111;10240;10228
3837;24744709000;24201811111;24701811111;10240;10228
3838;24744721000;24201833333;24701833333;10240;10228
3839;24744727000;24202100000;24702100000;10240;10228
3840;24744736000;24202100000;24702100000;10240;10228
3841;24744741000;24202100000;24702100000;10240;10228
3842;24744771000;24243477777;24743477777;10240;10228
3775;24744776000;23952155555;24452155555;10240;10228
3776;24744846000;23993477777;24493477777;10240;10228
3843;24744946000;24243477777;24743477777;10240;10228
3777;24745034000;23993477777;24493477777;10240;10228
3778;24745053000;23993477777;24493477777;10240;10228
3779;24745254000;23993477777;24493477777;10240;10228
3780;24745265000;23993477777;24493477777;10240;10228
3781;24745411000;23993477777;24493477777;10240;10228
3782;24745432000;23993477777;24493477777;10240;10228
3783;24745653000;23993500000;24493500000;10240;10228
3784;24745664000;23993833333;24493833333;10240;10228
3785;24745811000;23993833333;24493833333;10240;10228
3844;24786407000;24243477777;24743477777;10240;10228
3845;24786417000;24243477777;24743477777;10240;10228
3846;24786422000;24243477777;24743477777;10240;10228
3847;24786426000;24243477777;24743477777;10240;10228
3848;24786430000;24243477777;24743477777;10240;10228
3849;24786433000;24243500000;24743500000;10240;10228
3786;24786437000;23993833333;24493833333;10240;10228
3787;24786587000;24035144444;24535144444;10240;10228
3788;24786596000;24035144444;24535144444;10240;10228
3789;24786792000;24035144444;24535144444;10240;10228
3850;25072358000;24243788888;24743788888;10240;10228
3851;25072375000;24243788888;24743788888;10240;10228
3852;25072384000;24243788888;24743788888;10240;10228
3853;25072394000;24285133333;24785133333;10240;10228
3854;25072402000;24285133333;24785133333;10240;10228
3855;25072410000;24285133333;24785133333;10240;10228
3856;25072416000;24285133333;24785133333;10240;10228
3857;25072494000;24285133333;24785133333;10240;10228
3858;25072509000;24285133333;24785133333;10240;10228
3859;25072514000;24285133333;24785133333;10240;10228
3860;25072518000;24285177777;24785177777;10240;10228
3861;25072532000;24285466666;24785466666;10240;10228
3862;25072596000;24285466666;24785466666;10240;10228
3863;25072605000;24285466666;24785466666;10240;10228
3864;25072610000;24326811111;24826811111;10240;10228
3865;25072627000;24326811111;24826811111;10240;10228
3866;25072633000;24326811111;24826811111;10240;10228
3867;25072636000;24326811111;24826811111;10240;10228
3868;25072713000;24326811111;24826811111;10240;10228
3869;25072724000;24326811111;24826811111;10240;10228
3870;25072728000;24326811111;24826811111;10240;10228
3871;25072742000;24326822222;24826822222;10240;10228
3872;25072746000;24327122222;24827122222;10240;10228
3873;25072808000;24327122222;24827122222;10240;10228
3874;25072817000;24327122222;24827122222;10240;10228
3875;25072823000;24368466666;24868466666;10240;10228
3876;25072827000;24368466666;24868466666;10240;10228
3877;25072909000;24368466666;24868466666;10240;10228
3878;25072919000;24368466666;24868466666;10240;10228
3879;25072924000;24368466666;24868466666;10240;10228
3808;25074791000;24077133333;24577133333;10240;10228
3809;25074802000;24118477777;24618477777;10240;10228
3810;25074978000;24118477777;24618477777;10240;10228
3811;25074988000;24118477777;24618477777;10240;10228
3812;25075215000;24118477777;24618477777;10240;10228
3813;25075234000;24118477777;24618477777;10240;10228
3814;25075377000;24118477777;24618477777;10240;10228
3815;25075623000;24118477777;24618477777;10240;10228
3816;25075643000;24118500000;24618500000;10240;10228
3880;25103009000;24368466666;24868466666;10240;10228
3881;25103021000;24368466666;24868466666;10240;10228
3882;25103026000;24368488888;24868488888;10240;10228
3883;25103032000;24368766666;24868766666;10240;10228
3884;25103040000;24368766666;24868766666;10240;10228
3885;25103068000;24368766666;24868766666;10240;10228
3886;25103080000;24410133333;24910133333;10240;10228
3887;25103100000;24410133333;24910133333;10240;10228
3888;25103106000;24410133333;24910133333;10240;10228
3889;25103115000;24410133333;24910133333;10240;10228
3890;25103121000;24410133333;24910133333;10240;10228
3891;25103134000;24410133333;24910133333;10240;10228
3892;25103248000;24410133333;24910133333;10240;10228
3893;25103258000;24410166666;24910166666;10240;10228
3894;25103266000;24410433333;24910433333;10240;10228
3895;25103270000;24410433333;24910433333;10240;10228
3896;25103275000;24410433333;24910433333;10240;10228
3897;25103279000;24451800000;24951800000;10240;10228
3898;25103285000;24451800000;24951800000;10240;10228
3899;25103473000;24451800000;24951800000;10240;10228
3900;25103484000;24451800000;24951800000;10240;10228
3901;25103489000;24451800000;24951800000;10240;10228
3826;25104500000;24160155555;24660155555;10240;10228
3827;25104510000;24160166666;24660166666;10240;10228
3828;25104710000;24160444444;24660444444;10240;10228
3829;25104720000;24160444444;24660444444;10240;10228
3902;25144880000;24451800000;24951800000;10240;10228
3903;25144893000;24451800000;24951800000;10240;10228
3904;25144897000;24451822222;24951822222;10240;10228
3905;25144991000;24452100000;24952100000;10240;10228
3906;25145001000;24452100000;24952100000;10240;10228
3907;25145006000;24452100000;24952100000;10240;10228
3908;25145014000;24493488888;24993488888;10240;10228
3909;25145036000;24493488888;24993488888;10240;10228
3910;25145041000;24493488888;24993488888;10240;10228
3911;25145067000;24493488888;24993488888;10240;10228
3912;25145096000;24493488888;24993488888;10240;10228
3913;25145203000;24493488888;24993488888;10240;10228
3914;25145214000;24493488888;24993488888;10240;10228
3915;25145219000;24493500000;24993500000;10240;10228
3916;25145225000;24493833333;24993833333;10240;10228
3917;25145245000;24493833333;24993833333;10240;10228
3918;25145258000;24493833333;24993833333;10240;10228
3919;25145273000;24535155555;25035155555;10240;10228
3920;25145357000;24535155555;25035155555;10240;10228
3843;25146737000;24243477777;24743477777;10240;10228
3844;25146747000;24243477777;24743477777;10240;10228
3921;25186681000;24535155555;25035155555;10240;10228
3922;25186693000;24535155555;25035155555;10240;10228
3923;25186699000;24535155555;25035155555;10240;10228
3924;25186806000;24535155555;25035155555;10240;10228
3925;25186818000;24535155555;25035155555;10240;10228
3926;25186822000;24535177777;25035177777;10240;10228
3927;25186854000;24535455555;25035455555;10240;10228
3928;25186952000;24535455555;25035455555;10240;10228
3929;25472653000;24535455555;25035455555;10240;10228
3930;25472666000;24576811111;25076811111;10240;10228
3931;25472678000;24576811111;25076811111;10240;10228
3932;25472693000;24576811111;25076811111;10240;10228
3933;25472700000;24576811111;25076811111;10240;10228
3934;25472760000;24576811111;25076811111;10240;10228
3935;25472770000;24576811111;25076811111;10240;10228
3936;25472776000;24576811111;25076811111;10240;10228
3937;25472780000;24576833333;25076833333;10240;10228
3938;25472785000;24577088888;25077088888;10240;10228
3939;25472789000;24577088888;25077088888;10240;10228
3940;25472798000;24577088888;25077088888;10240;10228
3941;25472857000;24618477777;25118477777;10240;10228
3942;25472882000;24618477777;25118477777;10240;10228
3943;25472904000;24618477777;25118477777;10240;10228
3944;25472961000;24618477777;25118477777;10240;10228
3945;25472971000;24618477777;25118477777;10240;10228
3946;25472977000;24618477777;25118477777;10240;10228
3947;25472981000;24618477777;25118477777;10240;10228
3948;25472987000;24618500000;25118500000;10240;10228
3949;25473069000;24618788888;25118788888;10240;10228
3950;25473090000;24618788888;25118788888;10240;10228
3951;25473104000;24618788888;25118788888;10240;10228
3952;25473108000;24660155555;25160155555;10240;10228
3953;25473120000;24660155555;25160155555;10240;10228
3954;25473128000;24660155555;25160155555;10240;10228
3955;25473151000;24660155555;25160155555;10240;10228
3956;25473163000;24660155555;25160155555;10240;10228
3957;25473172000;24660155555;25160155555;10240;10228
3958;25473181000;24660155555;25160155555;10240;10228
3959;25503258000;24660166666;25160166666;10240;10228
3960;25503275000;24660444444;25160444444;10240;10228
3961;25503294000;24660444444;25160444444;10240;10228
3962;25503366000;24660444444;25160444444;10240;10228
3963;25503381000;24701800000;25201800000;10240;10228
3964;25503395000;24701800000;25201800000;10240;10228
3965;25503403000;24701800000;25201800000;10240;10228
3966;25503412000;24701800000;25201800000;10240;10228
3967;25503469000;24701800000;25201800000;10240;10228
3968;25503480000;24701800000;25201800000;10240;10228
3969;25503491000;24701800000;25201800000;10240;10228
3970;25503499000;24701822222;25201822222;10240;10228
3971;25503585000;24702100000;25202100000;10240;10228
3972;25503598000;24702100000;25202100000;10240;10228
3973;25503613000;24702100000;25202100000;10240;10228
3974;25503621000;24743477777;25243477777;10240;10228
3975;25503631000;24743477777;25243477777;10240;10228
3976;25503642000;24743477777;25243477777;10240;10228
3977;25503662000;24743477777;25243477777;10240;10228
3978;25503666000;24743477777;25243477777;10240;10228
3979;25503735000;24743477777;25243477777;10240;10228
3980;25503903000;24743477777;25243477777;10240;10228
3981;25545156000;24743500000;25243500000;10240;10228
3982;25545166000;24743788888;25243788888;10240;10228
3983;25545172000;24743788888;25243788888;10240;10228
3984;25545253000;24743788888;25243788888;10240;10228
3985;25545265000;24785144444;25285144444;10240;10228
3986;25545271000;24785144444;25285144444;10240;10228
3987;25545275000;24785144444;25285144444;10240;10228
3988;25545279000;24785144444;25285144444;10240;10228
3989;25545450000;24785144444;25285144444;10240;10228
3990;25545465000;24785144444;25285144444;10240;10228
3991;25545470000;24785144444;25285144444;10240;10228
3992;25545474000;24785166666;25285166666;10240;10228
3993;25545479000;24785444444;25285444444;10240;10228
3994;25545489000;24785444444;25285444444;10240;10228
3995;25545508000;24785444444;25285444444;10240;10228
3996;25545513000;24826800000;25326800000;10240;10228
3997;25545645000;24826800000;25326800000;10240;10228
3998;25545665000;24826800000;25326800000;10240;10228
3999;25545797000;24826800000;25326800000;10240;10228
4000;25586994000;24826800000;25326800000;10240;10228
4001;25587006000;24826800000;25326800000;10240;10228
4002;25587010000;24826800000;25326800000;10240;10228
4003;25587016000;24826822222;25326822222;10240;10228
4004;25587020000;24827088888;25327088888;10240;10228
4005;25587221000;24827088888;25327088888;10240;10228
4006;25587231000;24827088888;25327088888;10240;10228
4007;25587236000;24868466666;25368466666;10240;10228
4008;25872901000;24868466666;25368466666;10240;10228
4009;25872915000;24868466666;25368466666;10240;10228
4010;25872924000;24868466666;25368466666;10240;10228
4011;25872941000;24868466666;25368466666;10240;10228
4012;25872951000;24868466666;25368466666;10240;10228
4013;25872959000;24868466666;25368466666;10240;10228
4014;25872989000;24868488888;25368488888;10240;10228
4015;25873039000;24868788888;25368788888;10240;10228
4016;25873063000;24868788888;25368788888;10240;10228
4017;25873069000;24868788888;25368788888;10240;10228
4018;25873091000;24910166666;25410166666;10240;10228
4019;25873104000;24910166666;25410166666;10240;10228
4020;25873110000;24910166666;25410166666;10240;10228
4021;25873147000;24910166666;25410166666;10240;10228
4022;25873155000;24910166666;25410166666;10240;10228
4023;25873163000;24910166666;25410166666;10240;10228
4024;25873217000;24910166666;25410166666;10240;10228
4025;25873225000;24910188888;25410188888;10240;10228
4026;25873387000;24910477777;25410477777;10240;10228
4027;25873396000;24910477777;25410477777;10240;10228
4028;25873414000;24910477777;25410477777;10240;10228
4029;25873468000;24951822222;25451822222;10240;10228
4030;25873476000;24951822222;25451822222;10240;10228
4031;25873485000;24951822222;25451822222;10240;10228
4032;25873511000;24951822222;25451822222;10240;10228
4033;25873520000;24951822222;25451822222;10240;10228
4034;25873560000;24951822222;25451822222;10240;10228
4035;25873622000;24951822222;25451822222;10240;10228
4036;25873630000;24951833333;25451833333;10240;10228
4037;25873639000;24952122222;25452122222;10240;10228
4038;25903552000;24952122222;25452122222;10240;10228
4039;25903571000;24952122222;25452122222;10240;10228
4040;25903582000;24993477777;25493477777;10240;10228
4041;25903595000;24993477777;25493477777;10240;10228
4042;25903604000;24993477777;25493477777;10240;10228
4043;25903662000;24993477777;25493477777;10240;10228
4044;25903678000;24993477777;25493477777;10240;10228
4045;25903683000;24993477777;25493477777;10240;10228
4046;25903693000;24993477777;25493477777;10240;10228
4047;25903701000;24993500000;25493500000;10240;10228
4048;25903709000;24993811111;25493811111;10240;10228
4049;25903733000;24993811111;25493811111;10240;10228
4050;25903827000;24993811111;25493811111;10240;10228
4051;25903863000;25035155555;25535155555;10240;10228
4052;25903871000;25035155555;25535155555;10240;10228
4053;25903912000;25035155555;25535155555;10240;10228
4054;25903921000;25035155555;25535155555;10240;10228
4055;25903964000;25035155555;25535155555;10240;10228
4056;25903973000;25035155555;25535155555;10240;10228
4057;25903981000;25035155555;25535155555;10240;10228
4058;25904011000;25035177777;25535177777;10240;10228
4059;25904019000;25035444444;25535444444;10240;10228
4060;25904185000;25035444444;25535444444;10240;10228
4061;25945383000;25035444444;25535444444;10240;10228
4062;25945391000;25076800000;25576800000;10240;10228
4063;25945395000;25076800000;25576800000;10240;10228
4064;25945415000;25076800000;25576800000;10240;10228
4065;25945490000;25076800000;25576800000;10240;10228
4066;25945507000;25076800000;25576800000;10240;10228
4067;25945653000;25076800000;25576800000;10240;10228
4068;25945712000;25076800000;25576800000;10240;10228
4069;25945720000;25076822222;25576822222;10240;10228
4070;25945732000;25077077777;25577077777;10240;10228
4071;25945742000;25077077777;25577077777;10240;10228
4072;25945747000;25077077777;25577077777;10240;10228
4073;25945805000;25118466666;25618466666;10240;10228
4074;25945817000;25118466666;25618466666;10240;10228
4075;25945842000;25118466666;25618466666;10240;10228
4076;25945860000;25118466666;25618466666;10240;10228
4077;25945953000;25118466666;25618466666;10240;10228
4078;25946041000;25118466666;25618466666;10240;10228
4079;25946069000;25118466666;25618466666;10240;10228
4080;25987217000;25118488888;25618488888;10240;10228
4081;25987235000;25118788888;25618788888;10240;10228
4082;25987247000;25118788888;25618788888;10240;10228
4083;25987322000;25118788888;25618788888;10240;10228
4084;25987395000;25160144444;25660144444;10240;10228
4085;25987426000;25160144444;25660144444;10240;10228
4086;25987467000;25160144444;25660144444;10240;10228
4087;25987684000;25160144444;25660144444;10240;10228
4088;26273186000;25160144444;25660144444;10240;10228
4089;26273202000;25160144444;25660144444;10240;10228
4090;26273213000;25160144444;25660144444;10240;10228
4091;26273221000;25160166666;25660166666;10240;10228
4092;26273239000;25160455555;25660455555;10240;10228
4093;26273284000;25160455555;25660455555;10240;10228
4094;26273303000;25160455555;25660455555;10240;10228
4095;26273318000;25201800000;25701800000;10240;10228
4096;26273324000;25201800000;25701800000;10240;10228
4097;26273394000;25201800000;25701800000;10240;10228
4098;26273415000;25201800000;25701800000;10240;10228
4099;26273425000;25201800000;25701800000;10240;10228
4100;26273432000;25201800000;25701800000;10240;10228
4101;26273442000;25201800000;25701800000;10240;10228
4102;26273448000;25201822222;25701822222;10240;10228
4103;26273476000;25202100000;25702100000;10240;10228
4104;26273491000;25202100000;25702100000;10240;10228
4105;26273519000;25202100000;25702100000;10240;10228
4106;26273567000;25243466666;25743466666;10240;10228
4107;26273619000;25243466666;25743466666;10240;10228
4108;26273628000;25243466666;25743466666;10240;10228
4109;26273670000;25243466666;25743466666;10240;10228
4110;26273678000;25243466666;25743466666;10240;10228
4111;26273687000;25243466666;25743466666;10240;10228
4112;26273695000;25243466666;25743466666;10240;10228
4113;26273716000;25243488888;25743488888;10240;10228
4114;26273779000;25243788888;25743788888;10240;10228
4115;26273788000;25243788888;25743788888;10240;10228
4116;26273797000;25243788888;25743788888;10240;10228
4117;26273876000;25285155555;25785155555;10240;10228
4118;26303818000;25285155555;25785155555;10240;10228
4119;26303828000;25285155555;25785155555;10240;10228
4120;26303838000;25285155555;25785155555;10240;10228
4121;26303854000;25285155555;25785155555;10240;10228
4122;26303920000;25285155555;25785155555;10240;10228
4123;26303930000;25285155555;25785155555;10240;10228
4124;26303938000;25285177777;25785177777;10240;10228
4125;26303952000;25285455555;25785455555;10240;10228
4126;26303961000;25285455555;25785455555;10240;10228
4127;26303970000;25285455555;25785455555;10240;10228
4128;26304002000;25326811111;25826811111;10240;10228
4129;26304012000;25326811111;25826811111;10240;10228
4130;26304019000;25326811111;25826811111;10240;10228
4131;26304122000;25326811111;25826811111;10240;10228
4132;26304132000;25326811111;25826811111;10240;10228
4133;26304143000;25326811111;25826811111;10240;10228
4134;26304156000;25326811111;25826811111;10240;10228
4135;26304176000;25326833333;25826833333;10240;10228
4136;26304208000;25327111111;25827111111;10240;10228
4137;26304227000;25327111111;25827111111;10240;10228
4138;26304236000;25327111111;25827111111;10240;10228
4139;26304244000;25368488888;25868488888;10240;10228
4140;26345589000;25368488888;25868488888;10240;10228
4143;26345611000;25368488888;25868488888;10240;10228
4144;26345640000;25368488888;25868488888;10240;10228
4145;26345674000;25368488888;25868488888;10240;10228
4146;26345879000;25368500000;25868500000;10240;10228
4147;26345889000;25368777777;25868777777;10240;10228
4148;26345894000;25368777777;25868777777;10240;10228
4149;26345908000;25368777777;25868777777;10240;10228
4150;26345914000;25410155555;25910155555;10240;10228
4151;26345965000;25410155555;25910155555;10240;10228
4152;26345974000;25410155555;25910155555;10240;10228
4153;26345982000;25410155555;25910155555;10240;10228
4154;26346098000;25410155555;25910155555;10240;10228
4155;26346151000;25410155555;25910155555;10240;10228
4156;26346166000;25410155555;25910155555;10240;10228
4157;26346184000;25410177777;25910177777;10240;10228
4158;26346281000;25410444444;25910444444;10240;10228
4159;26346338000;25410444444;25910444444;10240;10228
4160;26387459000;25410444444;25910444444;10240;10228
4161;26387472000;25451811111;25951811111;10240;10228
4162;26387480000;25451811111;25951811111;10240;10228
4163;26387641000;25451811111;25951811111;10240;10228
4164;26387700000;25451811111;25951811111;10240;10228
4165;26387710000;25451811111;25951811111;10240;10228
4166;26387722000;25451811111;25951811111;10240;10228
4167;26387897000;25451811111;25951811111;10240;10228
4168;26673451000;25451833333;25951833333;10240;10228
4169;26673481000;25452100000;25952100000;10240;10228
4170;26673490000;25452100000;25952100000;10240;10228
4171;26673495000;25452100000;25952100000;10240;10228
4172;26673550000;25493466666;25993466666;10240;10228
4173;26673556000;25493466666;25993466666;10240;10228
4174;26673604000;25493466666;25993466666;10240;10228
4175;26673612000;25493466666;25993466666;10240;10228
4176;26673617000;25493466666;25993466666;10240;10228
4177;26673632000;25493466666;25993466666;10240;10228
4178;26673637000;25493466666;25993466666;10240;10228
4179;26673641000;25493488888;25993488888;10240;10228
4180;26673707000;25493800000;25993800000;10240;10228
4181;26673715000;25493800000;25993800000;10240;10228
4182;26673742000;25493800000;25993800000;10240;10228
4183;26673749000;25535122222;26035122222;10240;10228
4184;26673761000;25535122222;26035122222;10240;10228
4185;26673770000;25535122222;26035122222;10240;10228
4186;26673792000;25535122222;26035122222;10240;10228
4187;26673802000;25535122222;26035122222;10240;10228
4188;26673842000;25535122222;26035122222;10240;10228
4189;26673855000;25535122222;26035122222;10240;10228
4190;26673862000;25535133333;26035133333;10240;10228
4191;26673902000;25535433333;26035433333;10240;10228
4192;26673911000;25535433333;26035433333;10240;10228
4193;26673945000;25535433333;26035433333;10240;10228
4194;26673955000;25576800000;26076800000;10240;10228
4195;26673962000;25576800000;26076800000;10240;10228
4196;26674029000;25576800000;26076800000;10240;10228
4197;26704094000;25576800000;26076800000;10240;10228
4198;26704120000;25576800000;26076800000;10240;10228
4199;26704128000;25576800000;26076800000;10240;10228
4200;26704137000;25576800000;26076800000;10240;10228
4201;26704209000;25576822222;26076822222;10240;10228
4202;26704225000;25577088888;26077088888;10240;10228
4203;26704234000;25577088888;26077088888;10240;10228
4204;26704243000;25577088888;26077088888;10240;10228
4205;26704251000;25618466666;26118466666;10240;10228
4206;26704319000;25618466666;26118466666;10240;10228
4207;26704341000;25618466666;26118466666;10240;10228
4208;26704350000;25618466666;26118466666;10240;10228
4209;26704360000;25618466666;26118466666;10240;10228
4210;26704367000;25618466666;26118466666;10240;10228
4211;26704432000;25618466666;26118466666;10240;10228
4212;26704440000;25618488888;26118488888;10240;10228
4213;26704451000;25618800000;26118800000;10240;10228
4214;26704458000;25618800000;26118800000;10240;10228
4215;26704466000;25618800000;26118800000;10240;10228
4216;26704522000;25660133333;26160133333;10240;10228
4217;26704533000;25660133333;26160133333;10240;10228
4218;26704542000;25660133333;26160133333;10240;10228
4219;26704565000;25660133333;26160133333;10240;10228
4220;26745814000;25660133333;26160133333;10240;10228
4221;26745821000;25660133333;26160133333;10240;10228
4222;26745833000;25660133333;26160133333;10240;10228
4223;26745838000;25660155555;26160155555;10240;10228
4323;26746037000;26035533333;26535533333;10240;10228
4324;26746106000;26035533333;26535533333;10240;10228
4325;26746113000;26035533333;26535533333;10240;10228
4326;26746233000;26076822222;26576822222;10240;10228
4327;26746246000;26076822222;26576822222;10240;10228
4328;26746252000;26076822222;26576822222;10240;10228
4329;26746266000;26076822222;26576822222;10240;10228
4330;26746275000;26076822222;26576822222;10240;10228
4331;26746283000;26076822222;26576822222;10240;10228
4332;26746397000;26076822222;26576822222;10240;10228
4333;26746407000;26076833333;26576833333;10240;10228
4334;26746413000;26077088888;26577088888;10240;10228
4335;26746418000;26077088888;26577088888;10240;10228
4336;26746529000;26077088888;26577088888;10240;10228
4337;26746556000;26118488888;26618488888;10240;10228
4338;26787709000;26118488888;26618488888;10240;10228
4339;26787720000;26118488888;26618488888;10240;10228
4340;26787741000;26118488888;26618488888;10240;10228
4341;26787882000;26118488888;26618488888;10240;10228
4342;26787893000;26118488888;26618488888;10240;10228
4343;26787901000;26118488888;26618488888;10240;10228
4344;26787905000;26118500000;26618500000;10240;10228
4345;26788071000;26118788888;26618788888;10240;10228
4346;27073714000;26118788888;26618788888;10240;10228
4347;27073726000;26118788888;26618788888;10240;10228
4348;27073747000;26160155555;26660155555;10240;10228
4349;27073755000;26160155555;26660155555;10240;10228
4350;27073760000;26160155555;26660155555;10240;10228
4351;27073765000;26160155555;26660155555;10240;10228
4352;27073823000;26160155555;26660155555;10240;10228
4353;27073834000;26160155555;26660155555;10240;10228
4354;27073843000;26160155555;26660155555;10240;10228
4355;27073853000;26160166666;26660166666;10240;10228
4356;27073918000;26160455555;26660455555;10240;10228
4357;27073928000;26160455555;26660455555;10240;10228
4358;27073951000;26160455555;26660455555;10240;10228
4359;27073956000;26201811111;26701811111;10240;10228
4360;27073961000;26201811111;26701811111;10240;10228
4361;27074040000;26201811111;26701811111;10240;10228
4362;27074081000;26201811111;26701811111;10240;10228
4363;27074086000;26201811111;26701811111;10240;10228
4364;27074091000;26201811111;26701811111;10240;10228
4365;27074121000;26201811111;26701811111;10240;10228
4366;27074127000;26201833333;26701833333;10240;10228
4367;27074132000;26202111111;26702111111;10240;10228
4368;27074176000;26202111111;26702111111;10240;10228
4369;27074185000;26202111111;26702111111;10240;10228
4370;27074193000;26243477777;26743477777;10240;10228
4371;27074212000;26243477777;26743477777;10240;10228
4372;27074224000;26243477777;26743477777;10240;10228
4373;27074275000;26243477777;26743477777;10240;10228
4374;27074283000;26243477777;26743477777;10240;10228
4375;27074373000;26243477777;26743477777;10240;10228
4376;27104375000;26243477777;26743477777;10240;10228
4377;27104388000;26243500000;26743500000;10240;10228
4378;27104397000;26243800000;26743800000;10240;10228
4379;27104406000;26243800000;26743800000;10240;10228
4380;27104438000;26243800000;26743800000;10240;10228
4381;27104448000;26285144444;26785144444;10240;10228
4382;27104457000;26285144444;26785144444;10240;10228
4383;27104512000;26285144444;26785144444;10240;10228
4384;27104523000;26285144444;26785144444;10240;10228
4385;27104533000;26285144444;26785144444;10240;10228
4387;27104543000;26285144444;26785144444;10240;10228
4388;27104604000;26285166666;26785166666;10240;10228
4389;27104614000;26285466666;26785466666;10240;10228
4390;27104627000;26285466666;26785466666;10240;10228
4391;27104638000;26285466666;26785466666;10240;10228
4392;27104646000;26326811111;26826811111;10240;10228
4393;27104704000;26326811111;26826811111;10240;10228
4394;27104714000;26326811111;26826811111;10240;10228
4395;27104723000;26326811111;26826811111;10240;10228
4396;27104735000;26326811111;26826811111;10240;10228
4397;27104743000;26326811111;26826811111;10240;10228
4398;27146062000;26326811111;26826811111;10240;10228
4399;27146122000;26326833333;26826833333;10240;10228
4400;27146143000;26327155555;26827155555;10240;10228
4401;27146148000;26327155555;26827155555;10240;10228
4402;27146245000;26327155555;26827155555;10240;10228
4403;27146255000;26368500000;26868500000;10240;10228
4404;27146473000;26368500000;26868500000;10240;10228
4405;27146485000;26368500000;26868500000;10240;10228
4406;27146490000;26368500000;26868500000;10240;10228
4407;27146588000;26368500000;26868500000;10240;10228
4408;27146599000;26368500000;26868500000;10240;10228
4409;27146605000;26368500000;26868500000;10240;10228
4410;27146608000;26368522222;26868522222;10240;10228
4411;27146724000;26368833333;26868833333;10240;10228
4412;27146735000;26368833333;26868833333;10240;10228
4413;27146740000;26368833333;26868833333;10240;10228
4414;27146747000;26410144444;26910144444;10240;10228
4415;27146752000;26410144444;26910144444;10240;10228
4416;27188005000;26410144444;26910144444;10240;10228
4417;27188017000;26410144444;26910144444;10240;10228
4418;27188021000;26410144444;26910144444;10240;10228
4419;27188092000;26410144444;26910144444;10240;10228
4420;27188105000;26410144444;26910144444;10240;10228
4421;27188121000;26410166666;26910166666;10240;10228
4422;27188155000;26410466666;26910466666;10240;10228
4423;27188311000;26410466666;26910466666;10240;10228
4424;27188337000;26410466666;26910466666;10240;10228
4425;27474036000;26451811111;26951811111;10240;10228
4426;27474071000;26451811111;26951811111;10240;10228
4427;27474080000;26451811111;26951811111;10240;10228
4428;27474097000;26451811111;26951811111;10240;10228
4429;27474104000;26451811111;26951811111;10240;10228
4430;27474116000;26451811111;26951811111;10240;10228
4431;27474121000;26451811111;26951811111;10240;10228
4432;27474128000;26451822222;26951822222;10240;10228
4433;27474240000;26452133333;26952133333;10240;10228
4434;27474251000;26452133333;26952133333;10240;10228
4435;27474266000;26452133333;26952133333;10240;10228
4436;27474271000;26493500000;26993500000;10240;10228
4437;27474280000;26493500000;26993500000;10240;10228
4438;27474338000;26493500000;26993500000;10240;10228
4439;27474360000;26493500000;26993500000;10240;10228
4440;27474366000;26493500000;26993500000;10240;10228
4441;27474441000;26493500000;26993500000;10240;10228
4442;27474451000;26493500000;26993500000;10240;10228
4443;27474455000;26493511111;26993511111;10240;10228
4444;27474523000;26493833333;26993833333;10240;10228
4445;27474534000;26493833333;26993833333;10240;10228
4446;27474540000;26493833333;26993833333;10240;10228
4447;27474544000;26535166666;27035166666;10240;10228
4448;27474630000;26535166666;27035166666;10240;10228
4449;27474640000;26535166666;27035166666;10240;10228
4450;27474647000;26535166666;27035166666;10240;10228
4451;27474660000;26535166666;27035166666;10240;10228
4452;27474665000;26535166666;27035166666;10240;10228
4453;27474669000;26535166666;27035166666;10240;10228
4454;27474691000;26535188888;27035188888;10240;10228
4642;27504663000;27243866666;27743866666;10240;10228
4643;27504714000;27243866666;27743866666;10240;10228
4644;27504739000;27243866666;27743866666;10240;10228
4645;27504747000;27285155555;27785155555;10240;10228
4646;27504754000;27285155555;27785155555;10240;10228
4647;27504778000;27285155555;27785155555;10240;10228
4648;27504787000;27285155555;27785155555;10240;10228
4649;27504794000;27285155555;27785155555;10240;10228
4650;27504822000;27285155555;27785155555;10240;10228
4651;27504832000;27285155555;27785155555;10240;10228
4652;27504888000;27285177777;27785177777;10240;10228
4653;27546332000;27285444444;27785444444;10240;10228
4654;27546358000;27285444444;27785444444;10240;10228
4655;27546367000;27285444444;27785444444;10240;10228
4656;27546373000;27326822222;27826822222;10240;10228
4657;27546381000;27326822222;27826822222;10240;10228
4658;27546386000;27326822222;27826822222;10240;10228
4659;27546479000;27326822222;27826822222;10240;10228
4660;27546489000;27326822222;27826822222;10240;10228
4661;27546496000;27326822222;27826822222;10240;10228
4662;27546500000;27326822222;27826822222;10240;10228
4663;27546505000;27326844444;27826844444;10240;10228
4664;27588330000;27327111111;27827111111;10240;10228
4665;27588343000;27327111111;27827111111;10240;10228
4666;27588348000;27327111111;27827111111;10240;10228
4667;27588354000;27368500000;27868500000;10240;10228
4668;27588359000;27368500000;27868500000;10240;10228
4669;27588370000;27368500000;27868500000;10240;10228
4670;27588378000;27368500000;27868500000;10240;10228
4671;27588387000;27368500000;27868500000;10240;10228
4672;27588395000;27368500000;27868500000;10240;10228
4673;27588400000;27368500000;27868500000;10240;10228
4674;27588419000;27368511111;27868511111;10240;10228
4424;27596354000;26410466666;26910466666;10240;10228
4425;27596519000;26451811111;26951811111;10240;10228
4426;27596538000;26451811111;26951811111;10240;10228
4427;27596743000;26451811111;26951811111;10240;10228
4428;27596932000;26451811111;26951811111;10240;10228
4429;27596952000;26451811111;26951811111;10240;10228
4430;27597130000;26451811111;26951811111;10240;10228
4431;27597140000;26451811111;26951811111;10240;10228
4432;27597339000;26451822222;26951822222;10240;10228
4433;27597360000;26452133333;26952133333;10240;10228
4434;27597572000;26452133333;26952133333;10240;10228
4435;27597752000;26452133333;26952133333;10240;10228
4436;27597764000;26493500000;26993500000;10240;10228
4437;27597912000;26493500000;26993500000;10240;10228
4438;27597924000;26493500000;26993500000;10240;10228
4439;27598158000;26493500000;26993500000;10240;10228
4440;27598179000;26493500000;26993500000;10240;10228
4675;27874413000;27368788888;27868788888;10240;10228
4676;27874425000;27368788888;27868788888;10240;10228
4677;27874431000;27368788888;27868788888;10240;10228
4678;27874435000;27410166666;27910166666;10240;10228
4679;27874441000;27410166666;27910166666;10240;10228
4680;27874450000;27410166666;27910166666;10240;10228
4681;27874585000;27410166666;27910166666;10240;10228
4682;27874595000;27410166666;27910166666;10240;10228
4683;27874601000;27410166666;27910166666;10240;10228
4684;27874607000;27410166666;27910166666;10240;10228
4441;27874612000;26493500000;26993500000;10240;10228
4685;27874622000;27410188888;27910188888;10240;10228
4686;27874628000;27410444444;27910444444;10240;10228
4687;27874638000;27410444444;27910444444;10240;10228
4688;27874644000;27410444444;27910444444;10240;10228
4689;27874720000;27451822222;27951822222;10240;10228
4690;27874741000;27451822222;27951822222;10240;10228
4691;27874748000;27451822222;27951822222;10240;10228
4692;27874752000;27451822222;27951822222;10240;10228
4693;27874759000;27451822222;27951822222;10240;10228
4442;27874775000;26493500000;26993500000;10240;10228
4443;27874780000;26493511111;26993511111;10240;10228
4694;27874789000;27451822222;27951822222;10240;10228
4695;27874801000;27451822222;27951822222;10240;10228
4696;27874806000;27451844444;27951844444;10240;10228
4697;27874898000;27452111111;27952111111;10240;10228
4698;27874909000;27452111111;27952111111;10240;10228
4699;27874915000;27452111111;27952111111;10240;10228
4700;27874919000;27493466666;27993466666;10240;10228
4701;27874924000;27493466666;27993466666;10240;10228
4704;27875023000;27493466666;27993466666;10240;10228
4705;27875036000;27493466666;27993466666;10240;10228
4706;27875042000;27493466666;27993466666;10240;10228
4707;27875055000;27493488888;27993488888;10240;10228
4708;27875072000;27493788888;27993788888;10240;10228
4709;27875077000;27493788888;27993788888;10240;10228
4710;27875082000;27493788888;27993788888;10240;10228
4711;27875111000;27535166666;28035166666;10240;10228
4454;27876228000;26535188888;27035188888;10240;10228
4642;27876238000;27243866666;27743866666;10240;10228
4643;27876423000;27243866666;27743866666;10240;10228
4644;27876444000;27243866666;27743866666;10240;10228
4645;27876637000;27285155555;27785155555;10240;10228
4646;27876850000;27285155555;27785155555;10240;10228
4647;27876880000;27285155555;27785155555;10240;10228
4648;27877022000;27285155555;27785155555;10240;10228
4649;27877071000;27285155555;27785155555;10240;10228
4650;27877236000;27285155555;27785155555;10240;10228
4712;27904994000;27535166666;28035166666;10240;10228
4713;27905010000;27535166666;28035166666;10240;10228
4714;27905018000;27535166666;28035166666;10240;10228
4715;27905023000;27535166666;28035166666;10240;10228
4716;27905050000;27535166666;28035166666;10240;10228
4717;27905068000;27535166666;28035166666;10240;10228
4718;27905072000;27535188888;28035188888;10240;10228
4719;27905093000;27535466666;28035466666;10240;10228
4720;27905101000;27535466666;28035466666;10240;10228
4721;27905106000;27535466666;28035466666;10240;10228
4722;27905214000;27576811111;28076811111;10240;10228
4723;27905227000;27576811111;28076811111;10240;10228
4724;27905248000;27576811111;28076811111;10240;10228
4725;27905253000;27576811111;28076811111;10240;10228
4652;27905457000;27285177777;27785177777;10240;10228
4653;27905486000;27285444444;27785444444;10240;10228
4654;27905661000;27285444444;27785444444;10240;10228
4655;27905705000;27285444444;27785444444;10240;10228
4656;27905869000;27326822222;27826822222;10240;10228
4657;27906077000;27326822222;27826822222;10240;10228
4658;27906108000;27326822222;27826822222;10240;10228
4726;27946656000;27576811111;28076811111;10240;10228
4727;27946667000;27576811111;28076811111;10240;10228
4728;27946674000;27576811111;28076811111;10240;10228
4729;27946678000;27576833333;28076833333;10240;10228
4730;27946684000;27577088888;28077088888;10240;10228
4731;27946693000;27577088888;28077088888;10240;10228
4732;27946701000;27577088888;28077088888;10240;10228
4733;27946710000;27618466666;28118466666;10240;10228
4734;27946722000;27618466666;28118466666;10240;10228
4735;27946827000;27618466666;28118466666;10240;10228
4736;27946849000;27618466666;28118466666;10240;10228
4737;27946854000;27618466666;28118466666;10240;10228
4738;27946858000;27618466666;28118466666;10240;10228
4739;27946863000;27618466666;28118466666;10240;10228
4663;27947272000;27326844444;27826844444;10240;10228
4664;27947450000;27327111111;27827111111;10240;10228
4665;27947651000;27327111111;27827111111;10240;10228
4666;27947691000;27327111111;27827111111;10240;10228
4740;27988605000;27618488888;28118488888;10240;10228
4741;27988618000;27618788888;28118788888;10240;10228
4742;27988624000;27618788888;28118788888;10240;10228
4743;27988633000;27618788888;28118788888;10240;10228
4744;27988638000;27660133333;28160133333;10240;10228
4745;27988652000;27660133333;28160133333;10240;10228
4746;27988658000;27660133333;28160133333;10240;10228
4747;27988663000;27660133333;28160133333;10240;10228
4748;27988683000;27660133333;28160133333;10240;10228
4749;27988689000;27660133333;28160133333;10240;10228
4750;27988818000;27660133333;28160133333;10240;10228
4751;27988829000;27660155555;28160155555;10240;10228
4752;27988845000;27660455555;28160455555;10240;10228
4674;27989652000;27368511111;27868511111;10240;10228
4675;27989834000;27368788888;27868788888;10240;10228
4753;28274706000;27660455555;28160455555;10240;10228
4754;28274723000;27660455555;28160455555;10240;10228
4755;28274731000;27701822222;28201822222;10240;10228
4756;28274738000;27701822222;28201822222;10240;10228
4757;28274745000;27701822222;28201822222;10240;10228
4758;28274762000;27701822222;28201822222;10240;10228
4759;28274767000;27701822222;28201822222;10240;10228
4760;28274842000;27701822222;28201822222;10240;10228
4761;28274877000;27701822222;28201822222;10240;10228
4762;28274887000;27701833333;28201833333;10240;10228
4763;28274897000;27702122222;28202122222;10240;10228
4764;28274905000;27702122222;28202122222;10240;10228
4765;28274913000;27702122222;28202122222;10240;10228
4766;28274954000;27743488888;28243488888;10240;10228
4767;28274961000;27743488888;28243488888;10240;10228
4768;28274966000;27743488888;28243488888;10240;10228
4769;28274994000;27743488888;28243488888;10240;10228
4770;28275012000;27743488888;28243488888;10240;10228
4771;28275020000;27743488888;28243488888;10240;10228
4772;28275063000;27743488888;28243488888;10240;10228
4773;28275069000;27743500000;28243500000;10240;10228
4774;28275138000;27743811111;28243811111;10240;10228
4775;28275143000;27743811111;28243811111;10240;10228
4776;28275149000;27743811111;28243811111;10240;10228
4777;28275163000;27785155555;28285155555;10240;10228
4778;28275175000;27785155555;28285155555;10240;10228
4779;28275188000;27785155555;28285155555;10240;10228
4780;28275195000;27785155555;28285155555;10240;10228
4781;28275236000;27785155555;28285155555;10240;10228
4782;28275314000;27785155555;28285155555;10240;10228
4783;28275326000;27785155555;28285155555;10240;10228
4784;28275334000;27785177777;28285177777;10240;10228
4785;28275389000;27785455555;28285455555;10240;10228
4786;28275399000;27785455555;28285455555;10240;10228
4787;28275446000;27785455555;28285455555;10240;10228
4788;28275454000;27826822222;28326822222;10240;10228
4789;28275463000;27826822222;28326822222;10240;10228
4790;28305247000;27826822222;28326822222;10240;10228
4791;28305264000;27826822222;28326822222;10240;10228
4792;28305273000;27826822222;28326822222;10240;10228
4793;28305355000;27826822222;28326822222;10240;10228
4794;28305397000;27826822222;28326822222;10240;10228
4795;28305406000;27826833333;28326833333;10240;10228
4796;28305420000;27827111111;28327111111;10240;10228
4797;28305446000;27827111111;28327111111;10240;10228
4798;28305456000;27827111111;28327111111;10240;10228
4799;28305463000;27868477777;28368477777;10240;10228
4800;28305478000;27868477777;28368477777;10240;10228
4801;28305486000;27868477777;28368477777;10240;10228
4802;28305495000;27868477777;28368477777;10240;10228
4803;28305502000;27868477777;28368477777;10240;10228
4804;28305570000;27868477777;28368477777;10240;10228
4805;28346923000;27868477777;28368477777;10240;10228
4806;28346944000;27868500000;28368500000;10240;10228
4807;28346964000;27868800000;28368800000;10240;10228
4808;28346969000;27868800000;28368800000;10240;10228
4809;28346973000;27868800000;28368800000;10240;10228
4810;28346977000;27910133333;28410133333;10240;10228
4811;28346996000;27910133333;28410133333;10240;10228
4812;28347001000;27910133333;28410133333;10240;10228
4813;28347079000;27910133333;28410133333;10240;10228
4814;28347173000;27910133333;28410133333;10240;10228
4815;28347185000;27910133333;28410133333;10240;10228
4816;28347190000;27910133333;28410133333;10240;10228
4817;28347204000;27910166666;28410166666;10240;10228
4818;28347331000;27910466666;28410466666;10240;10228
4819;28388868000;27910466666;28410466666;10240;10228
4820;28388880000;27910466666;28410466666;10240;10228
4821;28388889000;27951800000;28451800000;10240;10228
4822;28388897000;27951800000;28451800000;10240;10228
4823;28388915000;27951800000;28451800000;10240;10228
4824;28388922000;27951800000;28451800000;10240;10228
4825;28388986000;27951800000;28451800000;10240;10228
4826;28388998000;27951800000;28451800000;10240;10228
4827;28389023000;27951800000;28451800000;10240;10228
4828;28389029000;27951822222;28451822222;10240;10228
4829;28389169000;27952122222;28452122222;10240;10228
4830;28389182000;27952122222;28452122222;10240;10228
4831;28389328000;27952122222;28452122222;10240;10228
4832;28674977000;27993466666;28493466666;10240;10228
4833;28674990000;27993466666;28493466666;10240;10228
4834;28675004000;27993466666;28493466666;10240;10228
4835;28675024000;27993466666;28493466666;10240;10228
4836;28675028000;27993466666;28493466666;10240;10228
4837;28675033000;27993466666;28493466666;10240;10228
4838;28675046000;27993466666;28493466666;10240;10228
4839;28675132000;27993488888;28493488888;10240;10228
4840;28675150000;27993822222;28493822222;10240;10228
4841;28675167000;27993822222;28493822222;10240;10228
4842;28675246000;27993822222;28493822222;10240;10228
4843;28675257000;28035144444;28535144444;10240;10228
4844;28675262000;28035144444;28535144444;10240;10228
4845;28675266000;28035144444;28535144444;10240;10228
4846;28675270000;28035144444;28535144444;10240;10228
4847;28675283000;28035144444;28535144444;10240;10228
4848;28675434000;28035144444;28535144444;10240;10228
4849;28675444000;28035144444;28535144444;10240;10228
4850;28675448000;28035166666;28535166666;10240;10228
4851;28675469000;28035455555;28535455555;10240;10228
4852;28675523000;28035455555;28535455555;10240;10228
4853;28675556000;28035455555;28535455555;10240;10228
4854;28675590000;28076822222;28576822222;10240;10228
4855;28675598000;28076822222;28576822222;10240;10228
4856;28675609000;28076822222;28576822222;10240;10228
4857;28675631000;28076822222;28576822222;10240;10228
4858;28675659000;28076822222;28576822222;10240;10228
4859;28675670000;28076822222;28576822222;10240;10228
4860;28675679000;28076822222;28576822222;10240;10228
4861;28675687000;28076833333;28576833333;10240;10228
4862;28675701000;28077144444;28577144444;10240;10228
4863;28675711000;28077144444;28577144444;10240;10228
4864;28675719000;28077144444;28577144444;10240;10228
4865;28675801000;28118477777;28618477777;10240;10228
4866;28675812000;28118477777;28618477777;10240;10228
4867;28675822000;28118477777;28618477777;10240;10228
4868;28675830000;28118477777;28618477777;10240;10228
4869;28675839000;28118477777;28618477777;10240;10228
4870;28705479000;28118477777;28618477777;10240;10228
4871;28705493000;28118477777;28618477777;10240;10228
4872;28705498000;28118500000;28618500000;10240;10228
4873;28705669000;28118800000;28618800000;10240;10228
4874;28705688000;28118800000;28618800000;10240;10228
4875;28705693000;28118800000;28618800000;10240;10228
4876;28705697000;28160155555;28660155555;10240;10228
4877;28705786000;28160155555;28660155555;10240;10228
4878;28705797000;28160155555;28660155555;10240;10228
4879;28705802000;28160155555;28660155555;10240;10228
4880;28705807000;28160155555;28660155555;10240;10228
4881;28705810000;28160155555;28660155555;10240;10228
4882;28705816000;28160155555;28660155555;10240;10228
4883;28705826000;28160166666;28660166666;10240;10228
4884;28705832000;28160455555;28660455555;10240;10228
4885;28747233000;28160455555;28660455555;10240;10228
4886;28747245000;28160455555;28660455555;10240;10228
4887;28747250000;28201811111;28701811111;10240;10228
4888;28747271000;28201811111;28701811111;10240;10228
4889;28747277000;28201811111;28701811111;10240;10228
4890;28747379000;28201811111;28701811111;10240;10228
4891;28747391000;28201811111;28701811111;10240;10228
4892;28747402000;28201811111;28701811111;10240;10228
4893;28747408000;28201811111;28701811111;10240;10228
4895;28747435000;28202111111;28702111111;10240;10228
4896;28747456000;28202111111;28702111111;10240;10228
4897;28747579000;28202111111;28702111111;10240;10228
4898;28747699000;28243477777;28743477777;10240;10228
4899;28789125000;28243477777;28743477777;10240;10228
4900;28789136000;28243477777;28743477777;10240;10228
4901;28789141000;28243477777;28743477777;10240;10228
4902;28789146000;28243477777;28743477777;10240;10228
4903;28789152000;28243477777;28743477777;10240;10228
4904;28789156000;28243477777;28743477777;10240;10228
4905;28789255000;28243500000;28743500000;10240;10228
4906;28789265000;28243811111;28743811111;10240;10228
4907;28789467000;28243811111;28743811111;10240;10228
4908;28789476000;28243811111;28743811111;10240;10228
4909;28789481000;28285144444;28785144444;10240;10228
4910;28789597000;28285144444;28785144444;10240;10228
4911;28789608000;28285144444;28785144444;10240;10228
4912;29075276000;28285144444;28785144444;10240;10228
4913;29075290000;28285144444;28785144444;10240;10228
4914;29075297000;28285144444;28785144444;10240;10228
4915;29075369000;28285144444;28785144444;10240;10228
4916;29075382000;28285166666;28785166666;10240;10228
4917;29075388000;28285488888;28785488888;10240;10228
4918;29075404000;28285488888;28785488888;10240;10228
4919;29075466000;28285488888;28785488888;10240;10228
4920;29075477000;28326811111;28826811111;10240;10228
4921;29075484000;28326811111;28826811111;10240;10228
4922;29075488000;28326811111;28826811111;10240;10228
4923;29075492000;28326811111;28826811111;10240;10228
4924;29075500000;28326811111;28826811111;10240;10228
4925;29075606000;28326811111;28826811111;10240;10228
4926;29075622000;28326811111;28826811111;10240;10228
4927;29075636000;28326822222;28826822222;10240;10228
4928;29075641000;28327133333;28827133333;10240;10228
4929;29075701000;28327133333;28827133333;10240;10228
4930;29075710000;28327133333;28827133333;10240;10228
4931;29075715000;28368477777;28868477777;10240;10228
4932;29075719000;28368477777;28868477777;10240;10228
4933;29075797000;28368477777;28868477777;10240;10228
4934;29075808000;28368477777;28868477777;10240;10228
4935;29075813000;28368477777;28868477777;10240;10228
4936;29075827000;28368477777;28868477777;10240;10228
4937;29075831000;28368477777;28868477777;10240;10228
4938;29075861000;28368488888;28868488888;10240;10228
4939;29075870000;28368800000;28868800000;10240;10228
4940;29075879000;28368800000;28868800000;10240;10228
4941;29075911000;28368800000;28868800000;10240;10228
4942;29075921000;28410133333;28910133333;10240;10228
4943;29075962000;28410133333;28910133333;10240;10228
4944;29075987000;28410133333;28910133333;10240;10228
4945;29076000000;28410133333;28910133333;10240;10228
4946;29076023000;28410133333;28910133333;10240;10228
4947;29076037000;28410133333;28910133333;10240;10228
4948;29076065000;28410133333;28910133333;10240;10228
4949;29076282000;28410166666;28910166666;10240;10228
4950;29105708000;28410455555;28910455555;10240;10228
4951;29105728000;28410455555;28910455555;10240;10228
4952;29105834000;28410455555;28910455555;10240;10228
4953;29105853000;28451800000;28951800000;10240;10228
4954;29105859000;28451800000;28951800000;10240;10228
4955;29105977000;28451800000;28951800000;10240;10228
4956;29106041000;28451800000;28951800000;10240;10228
4957;29106072000;28451800000;28951800000;10240;10228
4958;29106076000;28451800000;28951800000;10240;10228
4959;29106081000;28451800000;28951800000;10240;10228
4960;29106095000;28451822222;28951822222;10240;10228
4961;29106180000;28452122222;28952122222;10240;10228
4962;29106192000;28452122222;28952122222;10240;10228
4963;29147481000;28452122222;28952122222;10240;10228
4964;29147493000;28493488888;28993488888;10240;10228
4965;29147498000;28493488888;28993488888;10240;10228
4966;29147523000;28493488888;28993488888;10240;10228
4967;29147529000;28493488888;28993488888;10240;10228
4968;29147681000;28493488888;28993488888;10240;10228
4969;29147692000;28493488888;28993488888;10240;10228
4970;29147707000;28493488888;28993488888;10240;10228
4971;29147711000;28493500000;28993500000;10240;10228
4972;29147716000;28493811111;28993811111;10240;10228
4973;29147719000;28493811111;28993811111;10240;10228
4974;29147725000;28493811111;28993811111;10240;10228
4975;29147730000;28535155555;29035155555;10240;10228
4976;29147751000;28535155555;29035155555;10240;10228
4977;29147916000;28535155555;29035155555;10240;10228
4978;29147925000;28535155555;29035155555;10240;10228
4979;29189375000;28535155555;29035155555;10240;10228
4980;29189384000;28535155555;29035155555;10240;10228
4981;29189389000;28535155555;29035155555;10240;10228
4982;29189393000;28535177777;29035177777;10240;10228
4983;29189407000;28535466666;29035466666;10240;10228
4984;29189497000;28535466666;29035466666;10240;10228
4985;29189519000;28535466666;29035466666;10240;10228
4986;29189690000;28576811111;29076811111;10240;10228
4987;29189702000;28576811111;29076811111;10240;10228
4988;29189723000;28576811111;29076811111;10240;10228
4989;29189852000;28576811111;29076811111;10240;10228
4990;29189864000;28576811111;29076811111;10240;10228
4991;29190122000;28576811111;29076811111;10240;10228
4992;29475557000;28576811111;29076811111;10240;10228
4993;29475569000;28576833333;29076833333;10240;10228
4994;29475575000;28577111111;29077111111;10240;10228
4995;29475579000;28577111111;29077111111;10240;10228
4996;29475651000;28577111111;29077111111;10240;10228
4997;29475660000;28618477777;29118477777;10240;10228
4998;29475666000;28618477777;29118477777;10240;10228
4999;29475675000;28618477777;29118477777;10240;10228
5000;29475748000;28618477777;29118477777;10240;10228
5001;29475759000;28618477777;29118477777;10240;10228
5002;29475764000;28618477777;29118477777;10240;10228
5003;29475782000;28618477777;29118477777;10240;10228
5004;29475786000;28618500000;29118500000;10240;10228
5005;29475796000;28618811111;29118811111;10240;10228
5006;29475863000;28618811111;29118811111;10240;10228
5007;29475931000;28618811111;29118811111;10240;10228
5008;29475951000;28660155555;29160155555;10240;10228
5009;29475957000;28660155555;29160155555;10240;10228
5010;29475966000;28660155555;29160155555;10240;10228
5011;29475980000;28660155555;29160155555;10240;10228
5012;29475999000;28660155555;29160155555;10240;10228
5013;29476005000;28660155555;29160155555;10240;10228
5014;29476023000;28660155555;29160155555;10240;10228
5015;29476042000;28660166666;29160166666;10240;10228
5016;29476072000;28660455555;29160455555;10240;10228
5017;29476081000;28660455555;29160455555;10240;10228
5018;29476110000;28660455555;29160455555;10240;10228
5019;29476118000;28701800000;29201800000;10240;10228
5020;29476162000;28701800000;29201800000;10240;10228
5021;29476171000;28701800000;29201800000;10240;10228
5022;29476207000;28701800000;29201800000;10240;10228
5023;29476214000;28701800000;29201800000;10240;10228
5024;29476282000;28701800000;29201800000;10240;10228
5025;29476291000;28701800000;29201800000;10240;10228
5026;29476304000;28701822222;29201822222;10240;10228
5027;29476333000;28702111111;29202111111;10240;10228
5028;29476458000;28702111111;29202111111;10240;10228
5029;29476508000;28702111111;29202111111;10240;10228
5030;29505977000;28743466666;29243466666;10240;10228
5031;29505994000;28743466666;29243466666;10240;10228
5032;29506005000;28743466666;29243466666;10240;10228
5033;29506010000;28743466666;29243466666;10240;10228
5034;29506224000;28743466666;29243466666;10240;10228
5035;29506235000;28743466666;29243466666;10240;10228
5036;29506240000;28743466666;29243466666;10240;10228
5037;29506253000;28743488888;29243488888;10240;10228
5038;29506263000;28743800000;29243800000;10240;10228
5039;29506379000;28743800000;29243800000;10240;10228
5040;29506414000;28743800000;29243800000;10240;10228
5041;29506471000;28785144444;29285144444;10240;10228
5042;29506652000;28785144444;29285144444;10240;10228
5043;29547743000;28785144444;29285144444;10240;10228
5044;29547756000;28785144444;29285144444;10240;10228
5045;29547760000;28785144444;29285144444;10240;10228
5046;29547764000;28785144444;29285144444;10240;10228
5047;29547875000;28785144444;29285144444;10240;10228
5048;29547887000;28785166666;29285166666;10240;10228
5049;29547896000;28785455555;29285455555;10240;10228
5050;29547960000;28785455555;29285455555;10240;10228
5051;29547972000;28785455555;29285455555;10240;10228
5052;29547976000;28826800000;29326800000;10240;10228
5053;29547981000;28826800000;29326800000;10240;10228
5054;29547990000;28826800000;29326800000;10240;10228
5055;29547996000;28826800000;29326800000;10240;10228
5056;29548177000;28826800000;29326800000;10240;10228
5057;29548205000;28826800000;29326800000;10240;10228
5058;29548307000;28826800000;29326800000;10240;10228
5059;29589612000;28826822222;29326822222;10240;10228
5060;29589631000;28827111111;29327111111;10240;10228
5061;29589721000;28827111111;29327111111;10240;10228
5062;29589730000;28827111111;29327111111;10240;10228
5063;29589745000;28868466666;29368466666;10240;10228
5064;29589864000;28868466666;29368466666;10240;10228
5065;29589892000;28868466666;29368466666;10240;10228
5066;29589899000;28868466666;29368466666;10240;10228
5067;29589910000;28868466666;29368466666;10240;10228
5068;29590029000;28868466666;29368466666;10240;10228
5069;29590142000;28868466666;29368466666;10240;10228
5070;29590305000;28868488888;29368488888;10240;10228
5071;29590560000;28868800000;29368800000;10240;10228
5072;29875875000;28868800000;29368800000;10240;10228
5073;29875887000;28868800000;29368800000;10240;10228
5074;29875895000;28910177777;29410177777;10240;10228
5075;29875901000;28910177777;29410177777;10240;10228
5076;29875911000;28910177777;29410177777;10240;10228
5077;29875916000;28910177777;29410177777;10240;10228
5078;29875944000;28910177777;29410177777;10240;10228
5079;29875949000;28910177777;29410177777;10240;10228
5080;29876011000;28910177777;29410177777;10240;10228
5081;29876022000;28910200000;29410200000;10240;10228
5082;29876067000;28910477777;29410477777;10240;10228
5083;29876074000;28910477777;29410477777;10240;10228
5084;29876146000;28910477777;29410477777;10240;10228
5085;29876158000;28951811111;29451811111;10240;10228
5086;29876164000;28951811111;29451811111;10240;10228
5087;29876169000;28951811111;29451811111;10240;10228
5088;29876172000;28951811111;29451811111;10240;10228
5089;29876285000;28951811111;29451811111;10240;10228
5090;29876297000;28951811111;29451811111;10240;10228
5091;29876301000;28951811111;29451811111;10240;10228
5092;29876304000;28951833333;29451833333;10240;10228
5093;29876418000;28952122222;29452122222;10240;10228
5094;29876431000;28952122222;29452122222;10240;10228
5095;29876435000;28952122222;29452122222;10240;10228
5096;29876451000;28993477777;29493477777;10240;10228
5097;29876456000;28993477777;29493477777;10240;10228
5098;29876463000;28993477777;29493477777;10240;10228
5099;29876471000;28993477777;29493477777;10240;10228
5100;29876483000;28993477777;29493477777;10240;10228
5101;29876488000;28993477777;29493477777;10240;10228
5102;29876547000;28993477777;29493477777;10240;10228
5103;29876558000;28993500000;29493500000;10240;10228
5104;29876570000;28993811111;29493811111;10240;10228
5105;29876575000;28993811111;29493811111;10240;10228
5106;29876580000;28993811111;29493811111;10240;10228
5107;29876661000;29035155555;29535155555;10240;10228
5108;29876688000;29035155555;29535155555;10240;10228
5109;29876839000;29035155555;29535155555;10240;10228
5110;29906232000;29035155555;29535155555;10240;10228
5111;29906245000;29035155555;29535155555;10240;10228
5112;29906250000;29035155555;29535155555;10240;10228
5113;29906454000;29035155555;29535155555;10240;10228
5114;29906464000;29035177777;29535177777;10240;10228
5115;29906470000;29035455555;29535455555;10240;10228
5116;29906475000;29035455555;29535455555;10240;10228
5117;29906559000;29035455555;29535455555;10240;10228
5118;29906638000;29076800000;29576800000;10240;10228
5119;29906658000;29076800000;29576800000;10240;10228
5120;29906664000;29076800000;29576800000;10240;10228
5121;29906880000;29076800000;29576800000;10240;10228
5122;29906900000;29076800000;29576800000;10240;10228
5123;29947992000;29076800000;29576800000;10240;10228
5124;29948114000;29076800000;29576800000;10240;10228
5125;29948124000;29076822222;29576822222;10240;10228
5126;29948130000;29077077777;29577077777;10240;10228
5127;29948139000;29077077777;29577077777;10240;10228
5128;29948159000;29077077777;29577077777;10240;10228
5129;29948165000;29118466666;29618466666;10240;10228
5130;29948273000;29118466666;29618466666;10240;10228
5131;29948285000;29118466666;29618466666;10240;10228
5132;29948290000;29118466666;29618466666;10240;10228
5133;29948309000;29118466666;29618466666;10240;10228
5134;29948430000;29118466666;29618466666;10240;10228
5135;29948441000;29118466666;29618466666;10240;10228
5136;29948456000;29118488888;29618488888;10240;10228
5137;29948588000;29118788888;29618788888;10240;10228
5138;29948716000;29118788888;29618788888;10240;10228
5139;29989887000;29118788888;29618788888;10240;10228
5140;29989906000;29160133333;29660133333;10240;10228
5141;29989976000;29160133333;29660133333;10240;10228
5142;29990050000;29160133333;29660133333;10240;10228
5143;29990181000;29160133333;29660133333;10240;10228
5144;29990193000;29160133333;29660133333;10240;10228
5145;29990198000;29160133333;29660133333;10240;10228
5146;29990204000;29160133333;29660133333;10240;10228
5147;29990212000;29160155555;29660155555;10240;10228
5148;29990330000;29160444444;29660444444;10240;10228
5149;29990582000;29160444444;29660444444;10240;10228
5150;29990594000;29160444444;29660444444;10240;10228
5151;29990772000;29201800000;29701800000;10240;10228
5152;30276131000;29201800000;29701800000;10240;10228
5153;30276155000;29201800000;29701800000;10240;10228
5154;30276164000;29201800000;29701800000;10240;10228
5155;30276172000;29201800000;29701800000;10240;10228
5156;30276184000;29201800000;29701800000;10240;10228
5157;30276287000;29201800000;29701800000;10240;10228
5158;30276308000;29201822222;29701822222;10240;10228
5159;30276314000;29202111111;29702111111;10240;10228
5160;30276318000;29202111111;29702111111;10240;10228
5161;30276323000;29202111111;29702111111;10240;10228
5162;30276404000;29243466666;29743466666;10240;10228
5163;30276417000;29243466666;29743466666;10240;10228
5164;30276422000;29243466666;29743466666;10240;10228
5165;30276427000;29243466666;29743466666;10240;10228
5166;30276491000;29243466666;29743466666;10240;10228
5167;30276501000;29243466666;29743466666;10240;10228
5168;30276532000;29243466666;29743466666;10240;10228
5169;30276538000;29243488888;29743488888;10240;10228
5170;30276618000;29243800000;29743800000;10240;10228
5171;30276628000;29243800000;29743800000;10240;10228
5172;30276634000;29243800000;29743800000;10240;10228
5173;30276638000;29285166666;29785166666;10240;10228
5174;30276719000;29285166666;29785166666;10240;10228
5175;30276739000;29285166666;29785166666;10240;10228
5176;30276745000;29285166666;29785166666;10240;10228
5177;30276749000;29285166666;29785166666;10240;10228
5178;30276753000;29285166666;29785166666;10240;10228
5179;30276819000;29285166666;29785166666;10240;10228
5180;30276830000;29285200000;29785200000;10240;10228
5181;30276844000;29285488888;29785488888;10240;10228
5182;30276849000;29285488888;29785488888;10240;10228
5183;30276917000;29285488888;29785488888;10240;10228
5184;30276936000;29326811111;29826811111;10240;10228
5185;30276986000;29326811111;29826811111;10240;10228
5186;30277063000;29326811111;29826811111;10240;10228
5187;30277105000;29326811111;29826811111;10240;10228
5188;30277157000;29326811111;29826811111;10240;10228
5189;30277263000;29326811111;29826811111;10240;10228
5190;30306487000;29326811111;29826811111;10240;10228
5191;30306644000;29326833333;29826833333;10240;10228
5192;30306730000;29327122222;29827122222;10240;10228
5193;30306742000;29327122222;29827122222;10240;10228
5194;30306747000;29327122222;29827122222;10240;10228
5195;30306751000;29368477777;29868477777;10240;10228
5196;30306861000;29368477777;29868477777;10240;10228
5197;30306871000;29368477777;29868477777;10240;10228
5198;30307106000;29368477777;29868477777;10240;10228
5199;30307127000;29368477777;29868477777;10240;10228
5200;30307158000;29368477777;29868477777;10240;10228
5201;30348252000;29368477777;29868477777;10240;10228
5202;30348264000;29368500000;29868500000;10240;10228
5379;30348269000;30035566666;30535566666;10240;10228
5380;30348419000;30035566666;30535566666;10240;10228
5381;30348441000;30035566666;30535566666;10240;10228
5382;30348447000;30076944444;30576944444;10240;10228
5383;30348456000;30076944444;30576944444;10240;10228
5384;30348515000;30076944444;30576944444;10240;10228
5385;30348528000;30076944444;30576944444;10240;10228
5386;30348534000;30076944444;30576944444;10240;10228
5387;30348539000;30076944444;30576944444;10240;10228
5388;30348544000;30076944444;30576944444;10240;10228
5389;30348549000;30077277777;30577277777;10240;10228
5390;30348690000;30077544444;30577544444;10240;10228
5391;30348843000;30077544444;30577544444;10240;10228
5392;30348854000;30077544444;30577544444;10240;10228
5393;30348859000;30118466666;30618466666;10240;10228
5394;30349214000;30118466666;30618466666;10240;10228
5395;30390152000;30118466666;30618466666;10240;10228
5396;30390257000;30118466666;30618466666;10240;10228
5397;30390437000;30118466666;30618466666;10240;10228
5398;30390449000;30118466666;30618466666;10240;10228
5399;30390564000;30118466666;30618466666;10240;10228
5400;30390576000;30118477777;30618477777;10240;10228
5401;30390582000;30118755555;30618755555;10240;10228
5402;30390589000;30118755555;30618755555;10240;10228
5403;30390593000;30118755555;30618755555;10240;10228
5404;30390860000;30160155555;30660155555;10240;10228
5405;30390870000;30160155555;30660155555;10240;10228
5406;30390940000;30160155555;30660155555;10240;10228
5407;30676384000;30160155555;30660155555;10240;10228
5408;30676395000;30160155555;30660155555;10240;10228
5409;30676406000;30160155555;30660155555;10240;10228
5410;30676414000;30160155555;30660155555;10240;10228
5411;30676421000;30160166666;30660166666;10240;10228
5412;30676521000;30160455555;30660455555;10240;10228
5413;30676534000;30160455555;30660455555;10240;10228
5414;30676636000;30160455555;30660455555;10240;10228
5415;30676648000;30201822222;30701822222;10240;10228
5416;30676654000;30201822222;30701822222;10240;10228
5418;30676660000;30201822222;30701822222;10240;10228
5419;30676666000;30201822222;30701822222;10240;10228
5420;30676670000;30201822222;30701822222;10240;10228
5421;30676675000;30201822222;30701822222;10240;10228
5422;30676755000;30201833333;30701833333;10240;10228
5423;30676777000;30202111111;30702111111;10240;10228
5424;30676783000;30202111111;30702111111;10240;10228
5425;30676850000;30202111111;30702111111;10240;10228
5426;30676861000;30243477777;30743477777;10240;10228
5427;30676869000;30243477777;30743477777;10240;10228
5428;30676875000;30243477777;30743477777;10240;10228
5429;30676966000;30243477777;30743477777;10240;10228
5430;30676981000;30243477777;30743477777;10240;10228
5431;30677002000;30243477777;30743477777;10240;10228
5432;30677022000;30243477777;30743477777;10240;10228
5433;30677028000;30243500000;30743500000;10240;10228
5434;30677095000;30243811111;30743811111;10240;10228
5435;30677110000;30243811111;30743811111;10240;10228
5436;30677127000;30243811111;30743811111;10240;10228
5437;30677139000;30285133333;30785133333;10240;10228
5438;30677147000;30285133333;30785133333;10240;10228
5439;30677161000;30285133333;30785133333;10240;10228
5440;30677181000;30285133333;30785133333;10240;10228
5441;30677227000;30285133333;30785133333;10240;10228
5442;30677282000;30285133333;30785133333;10240;10228
5443;30677340000;30285133333;30785133333;10240;10228
5444;30677384000;30285166666;30785166666;10240;10228
5445;30677619000;30285466666;30785466666;10240;10228
5446;30706760000;30285466666;30785466666;10240;10228
5447;30706896000;30285466666;30785466666;10240;10228
5448;30706914000;30326811111;30826811111;10240;10228
5449;30706976000;30326811111;30826811111;10240;10228
5450;30707042000;30326811111;30826811111;10240;10228
5451;30707071000;30326811111;30826811111;10240;10228
5452;30707144000;30326811111;30826811111;10240;10228
5453;30707312000;30326811111;30826811111;10240;10228
5454;30707339000;30326811111;30826811111;10240;10228
5455;30707385000;30326822222;30826822222;10240;10228
5456;30707530000;30327155555;30827155555;10240;10228
5457;30748571000;30327155555;30827155555;10240;10228
5458;30748582000;30327155555;30827155555;10240;10228
5459;30748588000;30368466666;30868466666;10240;10228
5460;30748592000;30368466666;30868466666;10240;10228
5461;30748698000;30368466666;30868466666;10240;10228
5462;30748713000;30368466666;30868466666;10240;10228
5463;30748718000;30368466666;30868466666;10240;10228
5464;30748812000;30368466666;30868466666;10240;10228
5465;30748822000;30368466666;30868466666;10240;10228
5466;30748828000;30368488888;30868488888;10240;10228
5467;30748833000;30368788888;30868788888;10240;10228
5468;30748855000;30368788888;30868788888;10240;10228
5469;30748923000;30368788888;30868788888;10240;10228
5470;30749071000;30410133333;30910133333;10240;10228
5471;30749093000;30410133333;30910133333;10240;10228
5472;30749186000;30410133333;30910133333;10240;10228
5473;30749445000;30410133333;30910133333;10240;10228
5474;30790373000;30410133333;30910133333;10240;10228
5475;30790527000;30410133333;30910133333;10240;10228
5476;30790689000;30410133333;30910133333;10240;10228
5477;30790701000;30410166666;30910166666;10240;10228
5478;30790799000;30410444444;30910444444;10240;10228
5479;30790812000;30410444444;30910444444;10240;10228
5480;30790915000;30410444444;30910444444;10240;10228
5481;30790927000;30451800000;30951800000;10240;10228
5482;30791053000;30451800000;30951800000;10240;10228
5483;30791164000;30451800000;30951800000;10240;10228
5484;30791177000;30451800000;30951800000;10240;10228
5485;30791191000;30451800000;30951800000;10240;10228
5486;30791197000;30451800000;30951800000;10240;10228
5487;31076662000;30451800000;30951800000;10240;10228
5488;31076685000;30451822222;30951822222;10240;10228
5456;31124851000;30327155555;30827155555;10240;10228
5457;31125014000;30327155555;30827155555;10240;10228
5458;31125023000;30327155555;30827155555;10240;10228
5459;31125255000;30368466666;30868466666;10240;10228
5460;31125273000;30368466666;30868466666;10240;10228
5461;31125461000;30368466666;30868466666;10240;10228
5462;31125661000;30368466666;30868466666;10240;10228
5463;31125681000;30368466666;30868466666;10240;10228
5464;31125869000;30368466666;30868466666;10240;10228
5465;31125881000;30368466666;30868466666;10240;10228
5466;31126035000;30368488888;30868488888;10240;10228
5467;31126276000;30368788888;30868788888;10240;10228
5468;31126297000;30368788888;30868788888;10240;10228
5469;31126474000;30368788888;30868788888;10240;10228
5470;31126494000;30410133333;30910133333;10240;10228
5471;31126679000;30410133333;30910133333;10240;10228
5472;31126699000;30410133333;30910133333;10240;10228
5473;31126890000;30410133333;30910133333;10240;10228
5474;31126901000;30410133333;30910133333;10240;10228
5475;31127067000;30410133333;30910133333;10240;10228
5476;31127298000;30410133333;30910133333;10240;10228
5477;31127318000;30410166666;30910166666;10240;10228
5478;31127498000;30410444444;30910444444;10240;10228
5479;31127525000;30410444444;30910444444;10240;10228
5480;31127707000;30410444444;30910444444;10240;10228
5481;31127727000;30451800000;30951800000;10240;10228
5482;31127918000;30451800000;30951800000;10240;10228
5483;31127939000;30451800000;30951800000;10240;10228
5484;31128180000;30451800000;30951800000;10240;10228
5485;31149137000;30451800000;30951800000;10240;10228
5486;31149318000;30451800000;30951800000;10240;10228
5487;31149330000;30451800000;30951800000;10240;10228
5488;31149496000;30451822222;30951822222;10240;10228
