seqnum;now;rtptime;deadline
1;4585858000;4366833333;4566833333
3;4659872000;4398200000;4598200000
13;4660027000;4398566666;4598566666
14;4701238000;4439877777;4639877777
22;4701354000;4440311111;4640311111
23;4701357000;4440311111;4640311111
24;4701359000;4440311111;4640311111
25;4743199000;4481544444;4681544444
35;4743336000;4481944444;4681944444
36;4783067000;4523177777;4723177777
45;4783193000;4523577777;4723577777
46;4783196000;4523577777;4723577777
47;4823093000;4564888888;4764888888
57;4823203000;4565266666;4765266666
58;4862315000;4606533333;4806533333
67;4862425000;4606900000;4806900000
68;4862429000;4606900000;4806900000
69;4888102000;4648177777;4848177777
78;4896380000;4648555555;4848555555
79;4896383000;4648555555;4848555555
80;4934500000;4689888888;4889888888
88;4934611000;4690255555;4890255555
89;4934614000;4690255555;4890255555
90;4934615000;4690255555;4890255555
91;4965910000;4731511111;4931511111
100;4966016000;4731855555;4931855555
101;4966019000;4731855555;4931855555
102;5001997000;4773211111;4973211111
103;5002015000;4773211111;4973211111
104;5002016000;4773211111;4973211111
105;5002027000;4773211111;4973211111
106;5002028000;4773211111;4973211111
107;5002030000;4773211111;4973211111
108;5002031000;4773211111;4973211111
109;5002318000;4773255555;4973255555
112;5002334000;4773511111;4973511111
113;5033986000;4814888888;5014888888
114;5033990000;4814888888;5014888888
115;5033991000;4814888888;5014888888
116;5033992000;4814888888;5014888888
117;5033993000;4814888888;5014888888
118;5033994000;4814888888;5014888888
119;5033995000;4814888888;5014888888
120;5034190000;4814955555;5014955555
121;5034205000;4815255555;5015255555
122;5034207000;4815255555;5015255555
123;5034208000;4815255555;5015255555
124;5070254000;4856511111;5056511111
125;5070257000;4856511111;5056511111
126;5070258000;4856511111;5056511111
127;5070260000;4856511111;5056511111
128;5070261000;4856511111;5056511111
129;5070262000;4856511111;5056511111
130;5070263000;4856511111;5056511111
131;5070460000;4856566666;5056566666
132;5070482000;4856844444;5056844444
133;5070483000;4856844444;5056844444
134;5070485000;4856844444;5056844444
135;5104207000;4898177777;5098177777
136;5104210000;4898177777;5098177777
137;5104211000;4898177777;5098177777
138;5104213000;4898177777;5098177777
139;5104213000;4898177777;5098177777
140;5104215000;4898177777;5098177777
141;5104216000;4898177777;5098177777
142;5104413000;4898222222;5098222222
143;5104428000;4898522222;5098522222
144;5104429000;4898522222;5098522222
145;5104430000;4898522222;5098522222
146;5141493000;4939888888;5139888888
147;5141506000;4939888888;5139888888
148;5141507000;4939888888;5139888888
149;5141508000;4939888888;5139888888
150;5141509000;4939888888;5139888888
151;5141510000;4939888888;5139888888
152;5141511000;4939888888;5139888888
153;5141724000;4939966666;5139966666
154;5141739000;4940300000;5140300000
155;5141740000;4940300000;5140300000
156;5141741000;4940300000;5140300000
157;5174740000;4981511111;5181511111
158;5174743000;4981511111;5181511111
159;5174744000;4981511111;5181511111
160;5174745000;4981511111;5181511111
161;5174746000;4981511111;5181511111
162;5174747000;4981511111;5181511111
163;5174749000;4981511111;5181511111
164;5178306000;4981566666;5181566666
165;5178321000;4981866666;5181866666
166;5178322000;4981866666;5181866666
167;5178324000;4981866666;5181866666
168;5218165000;5023200000;5223200000
169;5218168000;5023200000;5223200000
170;5218170000;5023200000;5223200000
171;5218171000;5023200000;5223200000
173;5218172000;5023200000;5223200000
174;5218173000;5023200000;5223200000
175;5218385000;5023255555;5223255555
176;5218400000;5023555555;5223555555
177;5218402000;5023555555;5223555555
178;5218403000;5023555555;5223555555
179;5257683000;5064888888;5264888888
180;5257686000;5064888888;5264888888
181;5257687000;5064888888;5264888888
182;5257688000;5064888888;5264888888
183;5257690000;5064888888;5264888888
184;5257691000;5064888888;5264888888
185;5257692000;5064888888;5264888888
186;5257828000;5064955555;5264955555
187;5257830000;5065244444;5265244444
188;5257831000;5065244444;5265244444
189;5257859000;5065244444;5265244444
190;5298413000;5106544444;5306544444
191;5298417000;5106544444;5306544444
192;5298418000;5106544444;5306544444
193;5298419000;5106544444;5306544444
194;5298420000;5106544444;5306544444
195;5298421000;5106544444;5306544444
196;5298423000;5106544444;5306544444
197;5298657000;5106588888;5306588888
198;5298663000;5106855555;5306855555
199;5298664000;5106855555;5306855555
200;5298665000;5106855555;5306855555
201;5339218000;5148211111;5348211111
202;5339222000;5148211111;5348211111
203;5339223000;5148211111;5348211111
204;5339224000;5148211111;5348211111
205;5339225000;5148211111;5348211111
206;5339226000;5148211111;5348211111
207;5339227000;5148211111;5348211111
208;5339362000;5148266666;5348266666
209;5339364000;5148588888;5348588888
210;5339365000;5148588888;5348588888
211;5339366000;5148588888;5348588888
212;5380716000;5189888888;5389888888
213;5380719000;5189888888;5389888888
214;5380720000;5189888888;5389888888
215;5380721000;5189888888;5389888888
216;5380722000;5189888888;5389888888
217;5380723000;5189888888;5389888888
218;5380724000;5189888888;5389888888
219;5380859000;5189955555;5389955555
220;5380861000;5190277777;5390277777
221;5380862000;5190277777;5390277777
222;5380863000;5190277777;5390277777
223;5422236000;5231511111;5431511111
224;5422239000;5231511111;5431511111
225;5422240000;5231511111;5431511111
226;5422241000;5231511111;5431511111
227;5422242000;5231511111;5431511111
228;5422243000;5231511111;5431511111
229;5422244000;5231511111;5431511111
230;5422424000;5231555555;5431555555
231;5422430000;5231855555;5431855555
232;5422431000;5231855555;5431855555
233;5422432000;5231855555;5431855555
234;5464054000;5273177777;5473177777
235;5464057000;5273177777;5473177777
236;5464058000;5273177777;5473177777
237;5464059000;5273177777;5473177777
238;5464060000;5273177777;5473177777
239;5464061000;5273177777;5473177777
240;5464062000;5273177777;5473177777
241;5464259000;5273222222;5473222222
242;5464265000;5273500000;5473500000
243;5464267000;5273500000;5473500000
244;5464268000;5273500000;5473500000
245;5505600000;5314888888;5514888888
246;5505603000;5314888888;5514888888
247;5505604000;5314888888;5514888888
248;5505615000;5314888888;5514888888
249;5505617000;5314888888;5514888888
250;5505618000;5314888888;5514888888
251;5505619000;5314888888;5514888888
252;5505818000;5314955555;5514955555
253;5505822000;5315277777;5515277777
254;5505823000;5315277777;5515277777
255;5505825000;5315277777;5515277777
256;5547214000;5356544444;5556544444
257;5547217000;5356544444;5556544444
258;5547218000;5356544444;5556544444
259;5547219000;5356544444;5556544444
260;5547220000;5356544444;5556544444
261;5547221000;5356544444;5556544444
262;5547222000;5356544444;5556544444
263;5547392000;5356588888;5556588888
264;5547395000;5356900000;5556900000
265;5547396000;5356900000;5556900000
266;5547397000;5356900000;5556900000
267;5589061000;5398211111;5598211111
268;5589064000;5398211111;5598211111
269;5589065000;5398211111;5598211111
270;5589066000;5398211111;5598211111
271;5589067000;5398211111;5598211111
272;5589068000;5398211111;5598211111
273;5589069000;5398211111;5598211111
274;5589265000;5398255555;5598255555
275;5589280000;5398522222;5598522222
276;5589282000;5398522222;5598522222
277;5589283000;5398522222;5598522222
278;5630759000;5439888888;5639888888
279;5630762000;5439888888;5639888888
280;5630763000;5439888888;5639888888
281;5630764000;5439888888;5639888888
282;5630765000;5439888888;5639888888
283;5630766000;5439888888;5639888888
284;5630767000;5439888888;5639888888
285;5630935000;5439955555;5639955555
286;5630940000;5440266666;5640266666
287;5630941000;5440266666;5640266666
288;5630942000;5440266666;5640266666
289;5672335000;5481544444;5681544444
290;5672337000;5481544444;5681544444
291;5672338000;5481544444;5681544444
292;5672339000;5481544444;5681544444
293;5672340000;5481544444;5681544444
294;5672341000;5481544444;5681544444
295;5672342000;5481544444;5681544444
296;5672511000;5481588888;5681588888
297;5672514000;5481911111;5681911111
298;5672515000;5481911111;5681911111
299;5672515000;5481911111;5681911111
300;5713980000;5523211111;5723211111
301;5713982000;5523211111;5723211111
302;5713983000;5523211111;5723211111
303;5713984000;5523211111;5723211111
304;5713985000;5523211111;5723211111
305;5713986000;5523211111;5723211111
306;5713987000;5523211111;5723211111
307;5714125000;5523255555;5723255555
308;5714127000;5523522222;5723522222
309;5714129000;5523522222;5723522222
310;5714130000;5523522222;5723522222
311;5755655000;5564900000;5764900000
312;5755657000;5564900000;5764900000
313;5755658000;5564900000;5764900000
315;5756313000;5564900000;5764900000
316;5756314000;5564900000;5764900000
317;5756315000;5564900000;5764900000
318;5756556000;5564966666;5764966666
319;5756559000;5565288888;5765288888
320;5756569000;5565288888;5765288888
321;5756570000;5565288888;5765288888
322;5797249000;5606544444;5806544444
323;5797253000;5606544444;5806544444
324;5797254000;5606544444;5806544444
325;5797255000;5606544444;5806544444
326;5797256000;5606544444;5806544444
327;5797256000;5606544444;5806544444
328;5797257000;5606544444;5806544444
329;5797427000;5606588888;5806588888
330;5797430000;5606900000;5806900000
331;5797431000;5606900000;5806900000
332;5797432000;5606900000;5806900000
333;5838903000;5648200000;5848200000
334;5838907000;5648200000;5848200000
335;5838908000;5648200000;5848200000
336;5838909000;5648200000;5848200000
337;5838910000;5648200000;5848200000
338;5838911000;5648200000;5848200000
339;5838912000;5648200000;5848200000
340;5839121000;5648255555;5848255555
341;5839124000;5648544444;5848544444
342;5839125000;5648544444;5848544444
343;5839126000;5648544444;5848544444
344;5880561000;5689888888;5889888888
345;5880563000;5689888888;5889888888
346;5880573000;5689888888;5889888888
347;5880574000;5689888888;5889888888
348;5880575000;5689888888;5889888888
349;5880576000;5689888888;5889888888
350;5880577000;5689888888;5889888888
351;5880743000;5689955555;5889955555
352;5880746000;5690255555;5890255555
353;5880746000;5690255555;5890255555
354;5880747000;5690255555;5890255555
355;5922214000;5731533333;5931533333
356;5922217000;5731533333;5931533333
357;5922218000;5731533333;5931533333
358;5922219000;5731533333;5931533333
359;5922220000;5731533333;5931533333
360;5922221000;5731533333;5931533333
361;5922222000;5731533333;5931533333
362;5922390000;5731588888;5931588888
363;5922393000;5731855555;5931855555
364;5922394000;5731855555;5931855555
365;5922395000;5731855555;5931855555
366;5963832000;5773200000;5973200000
367;5963835000;5773200000;5973200000
368;5963836000;5773200000;5973200000
369;5963837000;5773200000;5973200000
370;5963839000;5773200000;5973200000
371;5963840000;5773200000;5973200000
372;5963841000;5773200000;5973200000
373;5963989000;5773255555;5973255555
374;5963992000;5773500000;5973500000
375;5963993000;5773500000;5973500000
376;5963994000;5773500000;5973500000
377;6005603000;5814888888;6014888888
378;6005608000;5814888888;6014888888
379;6005609000;5814888888;6014888888
380;6005611000;5814888888;6014888888
381;6005621000;5814888888;6014888888
382;6005623000;5814888888;6014888888
383;6005624000;5814888888;6014888888
384;6005826000;5814955555;6014955555
385;6005841000;5815244444;6015244444
386;6005843000;5815244444;6015244444
387;6005844000;5815244444;6015244444
388;6047417000;5856544444;6056544444
389;6047422000;5856544444;6056544444
390;6047423000;5856544444;6056544444
391;6047425000;5856544444;6056544444
392;6047426000;5856544444;6056544444
393;6047427000;5856544444;6056544444
394;6047429000;5856544444;6056544444
395;6047665000;5856588888;6056588888
396;6047680000;5856900000;6056900000
397;6047682000;5856900000;6056900000
398;6047683000;5856900000;6056900000
399;6088943000;5898177777;6098177777
400;6088949000;5898177777;6098177777
401;6088950000;5898177777;6098177777
402;6088961000;5898177777;6098177777
403;6088963000;5898177777;6098177777
404;6088964000;5898177777;6098177777
405;6088965000;5898177777;6098177777
406;6089164000;5898222222;6098222222
407;6089182000;5898500000;6098500000
408;6089183000;5898500000;6098500000
409;6089184000;5898500000;6098500000
410;6130552000;5939900000;6139900000
411;6130566000;5939900000;6139900000
412;6130582000;5939900000;6139900000
413;6130584000;5939900000;6139900000
414;6130585000;5939900000;6139900000
415;6130586000;5939900000;6139900000
416;6130587000;5939900000;6139900000
417;6130760000;5939977777;6139977777
418;6130762000;5940288888;6140288888
419;6130764000;5940288888;6140288888
420;6130765000;5940288888;6140288888
421;6172109000;5981511111;6181511111
422;6172120000;5981511111;6181511111
423;6172121000;5981511111;6181511111
424;6172123000;5981511111;6181511111
425;6172124000;5981511111;6181511111
426;6172126000;5981511111;6181511111
427;6172127000;5981511111;6181511111
428;6172335000;5981555555;6181555555
429;6172338000;5981855555;6181855555
430;6172351000;5981855555;6181855555
431;6172353000;5981855555;6181855555
432;6213910000;6023177777;6223177777
433;6213912000;6023177777;6223177777
434;6213914000;6023177777;6223177777
435;6213915000;6023177777;6223177777
436;6213916000;6023177777;6223177777
437;6213926000;6023177777;6223177777
438;6213928000;6023177777;6223177777
439;6214093000;6023222222;6223222222
440;6214095000;6023511111;6223511111
441;6214097000;6023511111;6223511111
442;6214098000;6023511111;6223511111
443;6255521000;6064888888;6264888888
444;6255525000;6064888888;6264888888
445;6255535000;6064888888;6264888888
446;6255536000;6064888888;6264888888
447;6255537000;6064888888;6264888888
448;6255538000;6064888888;6264888888
449;6255540000;6064888888;6264888888
450;6255749000;6064955555;6264955555
451;6255752000;6065244444;6265244444
452;6255754000;6065244444;6265244444
453;6255755000;6065244444;6265244444
454;6297254000;6106511111;6306511111
455;6297257000;6106511111;6306511111
456;6297258000;6106511111;6306511111
457;6297260000;6106511111;6306511111
458;6297261000;6106511111;6306511111
459;6297262000;6106511111;6306511111
460;6297263000;6106511111;6306511111
461;6297430000;6106555555;6306555555
462;6297433000;6106822222;6306822222
463;6297434000;6106822222;6306822222
464;6297435000;6106822222;6306822222
465;6338889000;6148177777;6348177777
466;6338892000;6148177777;6348177777
467;6338893000;6148177777;6348177777
468;6338894000;6148177777;6348177777
469;6338895000;6148177777;6348177777
470;6338896000;6148177777;6348177777
472;6339324000;6148222222;6348222222
473;6339328000;6148500000;6348500000
474;6339329000;6148500000;6348500000
475;6339330000;6148500000;6348500000
476;6380657000;6189888888;6389888888
477;6380661000;6189888888;6389888888
478;6380662000;6189888888;6389888888
479;6380664000;6189888888;6389888888
480;6380665000;6189888888;6389888888
481;6380666000;6189888888;6389888888
482;6380667000;6189888888;6389888888
483;6380869000;6189955555;6389955555
484;6380885000;6190266666;6390266666
485;6380887000;6190266666;6390266666
486;6380888000;6190266666;6390266666
487;6422242000;6231511111;6431511111
488;6422245000;6231511111;6431511111
489;6422246000;6231511111;6431511111
490;6422248000;6231511111;6431511111
491;6422249000;6231511111;6431511111
492;6422250000;6231511111;6431511111
493;6422251000;6231511111;6431511111
494;6422464000;6231555555;6431555555
495;6422483000;6231855555;6431855555
496;6422484000;6231855555;6431855555
497;6422486000;6231855555;6431855555
498;6463721000;6273177777;6473177777
499;6463724000;6273177777;6473177777
500;6463725000;6273177777;6473177777
501;6463727000;6273177777;6473177777
502;6463728000;6273177777;6473177777
503;6463729000;6273177777;6473177777
504;6463730000;6273177777;6473177777
505;6463928000;6273233333;6473233333
506;6463943000;6273511111;6473511111
507;6463944000;6273511111;6473511111
508;6463946000;6273511111;6473511111
509;6505581000;6314844444;6514844444
510;6505584000;6314844444;6514844444
511;6505585000;6314844444;6514844444
512;6505587000;6314844444;6514844444
513;6505588000;6314844444;6514844444
514;6505589000;6314844444;6514844444
515;6505590000;6314844444;6514844444
516;6505805000;6314922222;6514922222
517;6505821000;6315244444;6515244444
518;6505822000;6315244444;6515244444
519;6505823000;6315244444;6515244444
520;6547256000;6356544444;6556544444
521;6547260000;6356544444;6556544444
522;6547261000;6356544444;6556544444
524;6547408000;6356544444;6556544444
525;6547420000;6356544444;6556544444
526;6547421000;6356544444;6556544444
527;6547639000;6356600000;6556600000
528;6547655000;6356955555;6556955555
529;6547656000;6356955555;6556955555
530;6547657000;6356955555;6556955555
531;6588930000;6398211111;6598211111
532;6588933000;6398211111;6598211111
533;6588934000;6398211111;6598211111
534;6588935000;6398211111;6598211111
535;6588936000;6398211111;6598211111
536;6588937000;6398211111;6598211111
537;6588938000;6398211111;6598211111
538;6589135000;6398255555;6598255555
539;6589151000;6398544444;6598544444
540;6589152000;6398544444;6598544444
541;6589153000;6398544444;6598544444
542;6630403000;6439844444;6639844444
543;6630406000;6439844444;6639844444
544;6630407000;6439844444;6639844444
545;6630408000;6439844444;6639844444
546;6630409000;6439844444;6639844444
547;6630410000;6439844444;6639844444
548;6630411000;6439844444;6639844444
549;6630616000;6439922222;6639922222
550;6630620000;6440244444;6640244444
551;6630621000;6440244444;6640244444
552;6630622000;6440244444;6640244444
553;6672063000;6481511111;6681511111
554;6672066000;6481511111;6681511111
555;6672067000;6481511111;6681511111
556;6672068000;6481511111;6681511111
557;6672069000;6481511111;6681511111
558;6672070000;6481511111;6681511111
559;6672071000;6481511111;6681511111
560;6672240000;6481555555;6681555555
561;6672245000;6481833333;6681833333
562;6672246000;6481833333;6681833333
563;6672247000;6481833333;6681833333
564;6713724000;6523200000;6723200000
565;6713728000;6523200000;6723200000
566;6713729000;6523200000;6723200000
567;6713730000;6523200000;6723200000
568;6713730000;6523200000;6723200000
569;6713731000;6523200000;6723200000
570;6713732000;6523200000;6723200000
571;6713938000;6523255555;6723255555
572;6713941000;6523533333;6723533333
573;6713942000;6523533333;6723533333
574;6713943000;6523533333;6723533333
575;6755598000;6564900000;6764900000
576;6755610000;6564900000;6764900000
577;6755611000;6564900000;6764900000
578;6755612000;6564900000;6764900000
579;6755613000;6564900000;6764900000
580;6755613000;6564900000;6764900000
581;6755614000;6564900000;6764900000
582;6755746000;6564955555;6764955555
583;6755748000;6565266666;6765266666
584;6755749000;6565266666;6765266666
585;6755750000;6565266666;6765266666
586;6797031000;6606511111;6806511111
587;6797034000;6606511111;6806511111
588;6797036000;6606511111;6806511111
589;6797036000;6606511111;6806511111
590;6797037000;6606511111;6806511111
591;6797038000;6606511111;6806511111
592;6797039000;6606511111;6806511111
593;6797249000;6606566666;6806566666
594;6797253000;6606855555;6806855555
595;6797254000;6606855555;6806855555
596;6797254000;6606855555;6806855555
597;6838859000;6648200000;6848200000
598;6838861000;6648200000;6848200000
599;6838862000;6648200000;6848200000
600;6838872000;6648200000;6848200000
601;6838873000;6648200000;6848200000
602;6838874000;6648200000;6848200000
603;6838875000;6648200000;6848200000
604;6839005000;6648255555;6848255555
605;6839007000;6648544444;6848544444
606;6839008000;6648544444;6848544444
607;6839009000;6648544444;6848544444
608;6880391000;6689844444;6889844444
609;6880395000;6689844444;6889844444
610;6880396000;6689844444;6889844444
611;6880397000;6689844444;6889844444
612;6880398000;6689844444;6889844444
613;6880399000;6689844444;6889844444
614;6880400000;6689844444;6889844444
615;6880646000;6689933333;6889933333
616;6880649000;6690244444;6890244444
617;6880650000;6690244444;6890244444
618;6880651000;6690244444;6890244444
619;6922080000;6731533333;6931533333
620;6922083000;6731533333;6931533333
621;6922084000;6731533333;6931533333
622;6922085000;6731533333;6931533333
623;6922086000;6731533333;6931533333
624;6922087000;6731533333;6931533333
625;6922088000;6731533333;6931533333
626;6922256000;6731666666;6931666666
627;6922258000;6732055555;6932055555
628;6922259000;6732055555;6932055555
629;6922260000;6732055555;6932055555
630;6963736000;6773211111;6973211111
631;6963739000;6773211111;6973211111
632;6963740000;6773211111;6973211111
633;6963741000;6773211111;6973211111
634;6963742000;6773211111;6973211111
635;6963751000;6773211111;6973211111
636;6963752000;6773211111;6973211111
637;6963964000;6773255555;6973255555
638;6963967000;6773533333;6973533333
639;6963968000;6773533333;6973533333
640;6963969000;6773533333;6973533333
641;7005660000;6814888888;7014888888
642;7005664000;6814888888;7014888888
643;7005665000;6814888888;7014888888
644;7005666000;6814888888;7014888888
645;7005666000;6814888888;7014888888
646;7005667000;6814888888;7014888888
647;7005668000;6814888888;7014888888
648;7005866000;6814955555;7014955555
649;7005881000;6815255555;7015255555
650;7005882000;6815255555;7015255555
651;7005883000;6815255555;7015255555
652;7047117000;6856533333;7056533333
653;7047120000;6856533333;7056533333
654;7047121000;6856533333;7056533333
655;7047122000;6856533333;7056533333
656;7047123000;6856533333;7056533333
657;7047124000;6856533333;7056533333
658;7047125000;6856533333;7056533333
659;7047338000;6856588888;7056588888
660;7047353000;6856922222;7056922222
661;7047354000;6856922222;7056922222
662;7047355000;6856922222;7056922222
663;7088918000;6898200000;7098200000
664;7088922000;6898200000;7098200000
665;7088923000;6898200000;7098200000
666;7088924000;6898200000;7098200000
667;7088925000;6898200000;7098200000
668;7088926000;6898200000;7098200000
669;7088926000;6898200000;7098200000
670;7089096000;6898255555;7098255555
671;7089100000;6898544444;7098544444
672;7089101000;6898544444;7098544444
673;7089102000;6898544444;7098544444
674;7130402000;6939844444;7139844444
675;7130406000;6939844444;7139844444
676;7130407000;6939844444;7139844444
677;7130408000;6939844444;7139844444
678;7130409000;6939844444;7139844444
679;7130410000;6939844444;7139844444
680;7130411000;6939844444;7139844444
681;7130646000;6939944444;7139944444
682;7130661000;6940266666;7140266666
683;7130662000;6940266666;7140266666
684;7130663000;6940266666;7140266666
685;7172025000;6981511111;7181511111
686;7172028000;6981511111;7181511111
687;7172029000;6981511111;7181511111
688;7172030000;6981511111;7181511111
689;7172031000;6981511111;7181511111
690;7172032000;6981511111;7181511111
691;7172033000;6981511111;7181511111
692;7172190000;6981555555;7181555555
693;7172196000;6981855555;7181855555
694;7172197000;6981855555;7181855555
695;7172198000;6981855555;7181855555
696;7213902000;7023177777;7223177777
697;7213906000;7023177777;7223177777
698;7213908000;7023177777;7223177777
699;7213909000;7023177777;7223177777
700;7213920000;7023177777;7223177777
701;7213921000;7023177777;7223177777
702;7213923000;7023177777;7223177777
703;7214077000;7023222222;7223222222
704;7214081000;7023533333;7223533333
705;7214083000;7023533333;7223533333
706;7214084000;7023533333;7223533333
707;7255461000;7064900000;7264900000
708;7255465000;7064900000;7264900000
709;7255467000;7064900000;7264900000
710;7255468000;7064900000;7264900000
711;7255469000;7064900000;7264900000
712;7255503000;7064900000;7264900000
713;7255505000;7064900000;7264900000
714;7255744000;7064955555;7264955555
715;7255759000;7065255555;7265255555
716;7255761000;7065255555;7265255555
717;7255762000;7065255555;7265255555
718;7297230000;7106544444;7306544444
719;7297233000;7106544444;7306544444
720;7297235000;7106544444;7306544444
721;7297236000;7106544444;7306544444
722;7297238000;7106544444;7306544444
723;7297239000;7106544444;7306544444
724;7297240000;7106544444;7306544444
725;7297362000;7106588888;7306588888
726;7297366000;7106888888;7306888888
727;7297368000;7106888888;7306888888
728;7297369000;7106888888;7306888888
729;7338747000;7148188888;7348188888
730;7338751000;7148188888;7348188888
731;7338752000;7148188888;7348188888
732;7338753000;7148188888;7348188888
733;7338755000;7148188888;7348188888
734;7338756000;7148188888;7348188888
735;7338757000;7148188888;7348188888
736;7338955000;7148233333;7348233333
737;7338971000;7148522222;7348522222
738;7338972000;7148522222;7348522222
739;7338973000;7148522222;7348522222
740;7380458000;7189900000;7389900000
741;7380461000;7189900000;7389900000
742;7380462000;7189900000;7389900000
743;7380463000;7189900000;7389900000
744;7380464000;7189900000;7389900000
745;7380465000;7189900000;7389900000
746;7380493000;7189900000;7389900000
747;7380729000;7189955555;7389955555
748;7380735000;7190288888;7390288888
749;7380736000;7190288888;7390288888
750;7380737000;7190288888;7390288888
751;7422261000;7231533333;7431533333
752;7422264000;7231533333;7431533333
753;7422265000;7231533333;7431533333
754;7422266000;7231533333;7431533333
755;7422267000;7231533333;7431533333
756;7422268000;7231533333;7431533333
757;7422269000;7231533333;7431533333
758;7422467000;7231588888;7431588888
759;7422489000;7231922222;7431922222
760;7422501000;7231922222;7431922222
761;7422502000;7231922222;7431922222
762;7463755000;7273211111;7473211111
763;7463758000;7273211111;7473211111
764;7463769000;7273211111;7473211111
765;7463770000;7273211111;7473211111
766;7463771000;7273211111;7473211111
767;7463772000;7273211111;7473211111
768;7463773000;7273211111;7473211111
769;7464002000;7273266666;7473266666
770;7464017000;7273544444;7473544444
771;7464018000;7273544444;7473544444
772;7464019000;7273544444;7473544444
773;7505676000;7314900000;7514900000
774;7505680000;7314900000;7514900000
775;7505681000;7314900000;7514900000
776;7505682000;7314900000;7514900000
777;7505683000;7314900000;7514900000
778;7505683000;7314900000;7514900000
779;7505684000;7314900000;7514900000
780;7505882000;7314955555;7514955555
781;7505898000;7315277777;7515277777
782;7505899000;7315277777;7515277777
783;7505900000;7315277777;7515277777
784;7547204000;7356544444;7556544444
785;7547206000;7356544444;7556544444
786;7547207000;7356544444;7556544444
788;7547386000;7356544444;7556544444
789;7547387000;7356544444;7556544444
790;7547388000;7356544444;7556544444
791;7547629000;7356588888;7556588888
792;7547644000;7356922222;7556922222
793;7547646000;7356922222;7556922222
794;7547646000;7356922222;7556922222
795;7588761000;7398200000;7598200000
796;7588765000;7398200000;7598200000
797;7588766000;7398200000;7598200000
798;7588768000;7398200000;7598200000
799;7588769000;7398200000;7598200000
800;7588770000;7398200000;7598200000
801;7588772000;7398200000;7598200000
802;7588981000;7398255555;7598255555
803;7588996000;7398555555;7598555555
804;7588998000;7398555555;7598555555
805;7588999000;7398555555;7598555555
806;7630567000;7439844444;7639844444
807;7630571000;7439844444;7639844444
808;7630572000;7439844444;7639844444
809;7630573000;7439844444;7639844444
810;7630574000;7439844444;7639844444
811;7630576000;7439844444;7639844444
812;7630577000;7439844444;7639844444
813;7630744000;7439944444;7639944444
814;7630747000;7440277777;7640277777
815;7630748000;7440277777;7640277777
817;7672510000;7481533333;7681533333
818;7672523000;7481533333;7681533333
819;7672524000;7481533333;7681533333
820;7672525000;7481533333;7681533333
821;7672526000;7481533333;7681533333
822;7672527000;7481533333;7681533333
823;7672528000;7481533333;7681533333
824;7672661000;7481588888;7681588888
825;7672676000;7481888888;7681888888
826;7672677000;7481888888;7681888888
827;7672678000;7481888888;7681888888
828;7713735000;7523177777;7723177777
829;7713739000;7523177777;7723177777
830;7713740000;7523177777;7723177777
831;7713741000;7523177777;7723177777
832;7713742000;7523177777;7723177777
833;7713743000;7523177777;7723177777
834;7713744000;7523177777;7723177777
835;7713942000;7523233333;7723233333
836;7713957000;7523522222;7723522222
837;7713959000;7523522222;7723522222
838;7713959000;7523522222;7723522222
839;7755605000;7564855555;7764855555
840;7755609000;7564855555;7764855555
841;7755610000;7564855555;7764855555
842;7755611000;7564855555;7764855555
843;7755612000;7564855555;7764855555
844;7755613000;7564855555;7764855555
845;7755613000;7564855555;7764855555
846;7755783000;7564922222;7764922222
847;7755787000;7565255555;7765255555
848;7755788000;7565255555;7765255555
849;7755789000;7565255555;7765255555
850;7797101000;7606544444;7806544444
851;7797105000;7606544444;7806544444
852;7797106000;7606544444;7806544444
853;7797107000;7606544444;7806544444
854;7797108000;7606544444;7806544444
855;7797109000;7606544444;7806544444
856;7797110000;7606544444;7806544444
857;7797307000;7606588888;7806588888
858;7797321000;7606922222;7806922222
859;7797323000;7606922222;7806922222
860;7797324000;7606922222;7806922222
861;7838893000;7648177777;7848177777
862;7838896000;7648177777;7848177777
863;7838897000;7648177777;7848177777
864;7838898000;7648177777;7848177777
865;7838899000;7648177777;7848177777
866;7838900000;7648177777;7848177777
867;7838901000;7648177777;7848177777
868;7839099000;7648233333;7848233333
869;7839105000;7648544444;7848544444
870;7839106000;7648544444;7848544444
871;7839107000;7648544444;7848544444
872;7880445000;7689900000;7889900000
873;7880448000;7689900000;7889900000
874;7880449000;7689900000;7889900000
875;7880450000;7689900000;7889900000
876;7880451000;7689900000;7889900000
877;7880452000;7689900000;7889900000
878;7880453000;7689900000;7889900000
879;7880684000;7689955555;7889955555
880;7880688000;7690277777;7890277777
881;7880688000;7690277777;7890277777
882;7880689000;7690277777;7890277777
883;7922217000;7731511111;7931511111
884;7922220000;7731511111;7931511111
885;7922221000;7731511111;7931511111
886;7922222000;7731511111;7931511111
887;7922223000;7731511111;7931511111
888;7922224000;7731511111;7931511111
889;7922225000;7731511111;7931511111
890;7922393000;7731566666;7931566666
891;7922395000;7731855555;7931855555
892;7922396000;7731855555;7931855555
893;7922397000;7731855555;7931855555
894;7963700000;7773177777;7973177777
895;7963704000;7773177777;7973177777
896;7963705000;7773177777;7973177777
897;7963706000;7773177777;7973177777
898;7963707000;7773177777;7973177777
899;7963708000;7773177777;7973177777
900;7963709000;7773177777;7973177777
901;7963919000;7773233333;7973233333
902;7963922000;7773500000;7973500000
903;7963923000;7773500000;7973500000
904;7963924000;7773500000;7973500000
905;8005451000;7814900000;8014900000
906;8005454000;7814900000;8014900000
907;8005455000;7814900000;8014900000
908;8005456000;7814900000;8014900000
909;8005457000;7814900000;8014900000
910;8005458000;7814900000;8014900000
911;8005459000;7814900000;8014900000
912;8005675000;7814955555;8014955555
913;8005681000;7815266666;8015266666
914;8005682000;7815266666;8015266666
915;8005683000;7815266666;8015266666
916;8046994000;7856511111;8056511111
917;8046998000;7856511111;8056511111
918;8047008000;7856511111;8056511111
919;8047009000;7856511111;8056511111
920;8047010000;7856511111;8056511111
921;8047011000;7856511111;8056511111
922;8047012000;7856511111;8056511111
923;8047145000;7856566666;8056566666
924;8047147000;7856922222;8056922222
925;8047148000;7856922222;8056922222
926;8047150000;7856922222;8056922222
927;8088750000;7898211111;8098211111
928;8088754000;7898211111;8098211111
929;8088755000;7898211111;8098211111
930;8088756000;7898211111;8098211111
931;8088757000;7898211111;8098211111
932;8088758000;7898211111;8098211111
933;8088759000;7898211111;8098211111
934;8088956000;7898255555;8098255555
935;8088971000;7898555555;8098555555
936;8088972000;7898555555;8098555555
937;8088973000;7898555555;8098555555
938;8130656000;7939900000;8139900000
939;8130660000;7939900000;8139900000
940;8130661000;7939900000;8139900000
941;8130661000;7939900000;8139900000
942;8130662000;7939900000;8139900000
943;8130663000;7939900000;8139900000
944;8130664000;7939900000;8139900000
945;8130874000;7939977777;8139977777
946;8130876000;7940322222;8140322222
947;8130877000;7940322222;8140322222
948;8130878000;7940322222;8140322222
949;8172113000;7981544444;8181544444
950;8172116000;7981544444;8181544444
951;8172117000;7981544444;8181544444
952;8172118000;7981544444;8181544444
953;8172119000;7981544444;8181544444
954;8172120000;7981544444;8181544444
955;8172121000;7981544444;8181544444
956;8172288000;7981588888;8181588888
957;8172291000;7981944444;8181944444
958;8172292000;7981944444;8181944444
959;8172293000;7981944444;8181944444
960;8213893000;8023177777;8223177777
961;8213896000;8023177777;8223177777
962;8213897000;8023177777;8223177777
963;8213898000;8023177777;8223177777
964;8213899000;8023177777;8223177777
965;8213900000;8023177777;8223177777
966;8213901000;8023177777;8223177777
967;8214111000;8023233333;8223233333
968;8214114000;8023533333;8223533333
969;8214122000;8023533333;8223533333
970;8214123000;8023533333;8223533333
971;8255595000;8064888888;8264888888
972;8255607000;8064888888;8264888888
973;8255608000;8064888888;8264888888
974;8255609000;8064888888;8264888888
975;8255610000;8064888888;8264888888
976;8255611000;8064888888;8264888888
977;8255612000;8064888888;8264888888
978;8255825000;8064944444;8264944444
979;8255828000;8065244444;8265244444
980;8255829000;8065244444;8265244444
981;8255830000;8065244444;8265244444
982;8297166000;8106511111;8306511111
983;8297168000;8106511111;8306511111
984;8297169000;8106511111;8306511111
985;8297170000;8106511111;8306511111
987;8297580000;8106511111;8306511111
988;8297581000;8106511111;8306511111
989;8297799000;8106566666;8306566666
990;8297801000;8106855555;8306855555
991;8297802000;8106855555;8306855555
992;8297803000;8106855555;8306855555
993;8338698000;8148177777;8348177777
994;8338701000;8148177777;8348177777
995;8338702000;8148177777;8348177777
996;8338712000;8148177777;8348177777
997;8338713000;8148177777;8348177777
998;8338714000;8148177777;8348177777
999;8338715000;8148177777;8348177777
1000;8338861000;8148233333;8348233333
1001;8338872000;8148522222;8348522222
1002;8338873000;8148522222;8348522222
1003;8338874000;8148522222;8348522222
1004;8381284000;8189900000;8389900000
1005;8381288000;8189900000;8389900000
1006;8381289000;8189900000;8389900000
1007;8381291000;8189900000;8389900000
1008;8381303000;8189900000;8389900000
1009;8381304000;8189900000;8389900000
1010;8381305000;8189900000;8389900000
1011;8381569000;8189977777;8389977777
1012;8381575000;8190311111;8390311111
1013;8381577000;8190311111;8390311111
1014;8381578000;8190311111;8390311111
1015;8422268000;8231544444;8431544444
1016;8422271000;8231544444;8431544444
1017;8422272000;8231544444;8431544444
1018;8422273000;8231544444;8431544444
1019;8422274000;8231544444;8431544444
1020;8422276000;8231544444;8431544444
1021;8422277000;8231544444;8431544444
1022;8422492000;8231588888;8431588888
1023;8422508000;8231933333;8431933333
1024;8422510000;8231933333;8431933333
1025;8422511000;8231933333;8431933333
1026;8463887000;8273177777;8473177777
1027;8463891000;8273177777;8473177777
1028;8463892000;8273177777;8473177777
1029;8463893000;8273177777;8473177777
1030;8463894000;8273177777;8473177777
1031;8463896000;8273177777;8473177777
1032;8463897000;8273177777;8473177777
1033;8464076000;8273233333;8473233333
1034;8464093000;8273511111;8473511111
1035;8464094000;8273511111;8473511111
1036;8464095000;8273511111;8473511111
1037;8505445000;8314888888;8514888888
1038;8505449000;8314888888;8514888888
1039;8505450000;8314888888;8514888888
1040;8505451000;8314888888;8514888888
1041;8505452000;8314888888;8514888888
1042;8505453000;8314888888;8514888888
1043;8505455000;8314888888;8514888888
1044;8505671000;8314955555;8514955555
1045;8505677000;8315288888;8515288888
1046;8505678000;8315288888;8515288888
1047;8505679000;8315288888;8515288888
1048;8547219000;8356511111;8556511111
1049;8547222000;8356511111;8556511111
1050;8547223000;8356511111;8556511111
1051;8547225000;8356511111;8556511111
1052;8547226000;8356511111;8556511111
1053;8547227000;8356511111;8556511111
1054;8547228000;8356511111;8556511111
1055;8547426000;8356566666;8556566666
1056;8547432000;8356866666;8556866666
1057;8547433000;8356866666;8556866666
1058;8547434000;8356866666;8556866666
1059;8588647000;8398177777;8598177777
1060;8588660000;8398177777;8598177777
1061;8588661000;8398177777;8598177777
1062;8588662000;8398177777;8598177777
1063;8588662000;8398177777;8598177777
1064;8588663000;8398177777;8598177777
1065;8588664000;8398177777;8598177777
1066;8588874000;8398222222;8598222222
1067;8588880000;8398500000;8598500000
1068;8588881000;8398500000;8598500000
1069;8588882000;8398500000;8598500000
1070;8630393000;8439844444;8639844444
1071;8630396000;8439844444;8639844444
1072;8630397000;8439844444;8639844444
1073;8630398000;8439844444;8639844444
1074;8630399000;8439844444;8639844444
1075;8630400000;8439844444;8639844444
1076;8630401000;8439844444;8639844444
1077;8630641000;8439922222;8639922222
1078;8630647000;8440244444;8640244444
1079;8630657000;8440244444;8640244444
1080;8630658000;8440244444;8640244444
1081;8672231000;8481511111;8681511111
1082;8672234000;8481511111;8681511111
1083;8672235000;8481511111;8681511111
1084;8672236000;8481511111;8681511111
1085;8672237000;8481511111;8681511111
1086;8672238000;8481511111;8681511111
1087;8672239000;8481511111;8681511111
1088;8672436000;8481555555;8681555555
1089;8672443000;8481833333;8681833333
1090;8672444000;8481833333;8681833333
1091;8672445000;8481833333;8681833333
1092;8713715000;8523211111;8723211111
1093;8713718000;8523211111;8723211111
1094;8713719000;8523211111;8723211111
1095;8713720000;8523211111;8723211111
1096;8713721000;8523211111;8723211111
1097;8713722000;8523211111;8723211111
1098;8713723000;8523211111;8723211111
1099;8713892000;8523255555;8723255555
1100;8713896000;8523533333;8723533333
1101;8713897000;8523533333;8723533333
1102;8713898000;8523533333;8723533333
1103;8755597000;8564844444;8764844444
1104;8755600000;8564844444;8764844444
1105;8755601000;8564844444;8764844444
1106;8755602000;8564844444;8764844444
1107;8755603000;8564844444;8764844444
1108;8755604000;8564844444;8764844444
1109;8755605000;8564844444;8764844444
1110;8755802000;8564944444;8764944444
1111;8755808000;8565255555;8765255555
1112;8755810000;8565255555;8765255555
1113;8755811000;8565255555;8765255555
1114;8797285000;8606544444;8806544444
1115;8797289000;8606544444;8806544444
1116;8797291000;8606544444;8806544444
1117;8797292000;8606544444;8806544444
1118;8797293000;8606544444;8806544444
1119;8797294000;8606544444;8806544444
1120;8797296000;8606544444;8806544444
1122;8797887000;8606900000;8806900000
1123;8797891000;8606900000;8806900000
1124;8797892000;8606900000;8806900000
1125;8838909000;8648200000;8848200000
1126;8838913000;8648200000;8848200000
1127;8838914000;8648200000;8848200000
1128;8838915000;8648200000;8848200000
1129;8838916000;8648200000;8848200000
1130;8838917000;8648200000;8848200000
1131;8838918000;8648200000;8848200000
1132;8839116000;8648266666;8848266666
1133;8839132000;8648555555;8848555555
1134;8839133000;8648555555;8848555555
1135;8839134000;8648555555;8848555555
1136;8880655000;8689911111;8889911111
1137;8880659000;8689911111;8889911111
1138;8880660000;8689911111;8889911111
1139;8880661000;8689911111;8889911111
1140;8880662000;8689911111;8889911111
1141;8880663000;8689911111;8889911111
1142;8880664000;8689911111;8889911111
1143;8880861000;8689977777;8889977777
1144;8880877000;8690288888;8890288888
1145;8880878000;8690288888;8890288888
1146;8880880000;8690288888;8890288888
1147;8922077000;8731511111;8931511111
1148;8922081000;8731511111;8931511111
1149;8922082000;8731511111;8931511111
1150;8922083000;8731511111;8931511111
1151;8922085000;8731511111;8931511111
1152;8922086000;8731511111;8931511111
1153;8922087000;8731511111;8931511111
1154;8922297000;8731555555;8931555555
1155;8922300000;8731844444;8931844444
1156;8922301000;8731844444;8931844444
1157;8922302000;8731844444;8931844444
1158;8963917000;8773211111;8973211111
1159;8963920000;8773211111;8973211111
1160;8963921000;8773211111;8973211111
1161;8963922000;8773211111;8973211111
1162;8963923000;8773211111;8973211111
1163;8963924000;8773211111;8973211111
1164;8963925000;8773211111;8973211111
1165;8964123000;8773266666;8973266666
1166;8964129000;8773533333;8973533333
1167;8964130000;8773533333;8973533333
1168;8964131000;8773533333;8973533333
1169;9005439000;8814888888;9014888888
1170;9005442000;8814888888;9014888888
1171;9005443000;8814888888;9014888888
1172;9005444000;8814888888;9014888888
1173;9005445000;8814888888;9014888888
1174;9005446000;8814888888;9014888888
1175;9005447000;8814888888;9014888888
1176;9005676000;8814955555;9014955555
1177;9005682000;8815255555;9015255555
1178;9005683000;8815255555;9015255555
1179;9005684000;8815255555;9015255555
1180;9047229000;8856533333;9056533333
1181;9047232000;8856533333;9056533333
1182;9047233000;8856533333;9056533333
1183;9047234000;8856533333;9056533333
1184;9047235000;8856533333;9056533333
1185;9047236000;8856533333;9056533333
1186;9047237000;8856533333;9056533333
1187;9047463000;8856588888;9056588888
1188;9047469000;8856900000;9056900000
1189;9047488000;8856900000;9056900000
1190;9047489000;8856900000;9056900000
1191;9088759000;8898211111;9098211111
1192;9088763000;8898211111;9098211111
1193;9088763000;8898211111;9098211111
1194;9088764000;8898211111;9098211111
1195;9088765000;8898211111;9098211111
1196;9088766000;8898211111;9098211111
1197;9088767000;8898211111;9098211111
1198;9088972000;8898266666;9098266666
1199;9088987000;8898544444;9098544444
1200;9088988000;8898544444;9098544444
1201;9088989000;8898544444;9098544444
1202;9130401000;8939844444;9139844444
1203;9130404000;8939844444;9139844444
1204;9130405000;8939844444;9139844444
1205;9130406000;8939844444;9139844444
1206;9130407000;8939844444;9139844444
1207;9130408000;8939844444;9139844444
1208;9130409000;8939844444;9139844444
1209;9130642000;8939922222;9139922222
1210;9130657000;8940244444;9140244444
1211;9130658000;8940244444;9140244444
1212;9130659000;8940244444;9140244444
1213;9172227000;8981511111;9181511111
1214;9172231000;8981511111;9181511111
1215;9172232000;8981511111;9181511111
1216;9172233000;8981511111;9181511111
1217;9172234000;8981511111;9181511111
1218;9172235000;8981511111;9181511111
1219;9172236000;8981511111;9181511111
1220;9172433000;8981555555;9181555555
1221;9172448000;8981855555;9181855555
1222;9172450000;8981855555;9181855555
1223;9172450000;8981855555;9181855555
1224;9213756000;9023200000;9223200000
1225;9213759000;9023200000;9223200000
1226;9213760000;9023200000;9223200000
1227;9213761000;9023200000;9223200000
1228;9213762000;9023200000;9223200000
1229;9213763000;9023200000;9223200000
1230;9213764000;9023200000;9223200000
1231;9213962000;9023255555;9223255555
1232;9213968000;9023544444;9223544444
1233;9213969000;9023544444;9223544444
1234;9213970000;9023544444;9223544444
1235;9255602000;9064844444;9264844444
1236;9255606000;9064844444;9264844444
1237;9255607000;9064844444;9264844444
1238;9255608000;9064844444;9264844444
1239;9255608000;9064844444;9264844444
1240;9255610000;9064844444;9264844444
1241;9255610000;9064844444;9264844444
1242;9255808000;9064933333;9264933333
1243;9255814000;9065222222;9265222222
1244;9255815000;9065222222;9265222222
1245;9255816000;9065222222;9265222222
1246;9297083000;9106533333;9306533333
1247;9297087000;9106533333;9306533333
1248;9297088000;9106533333;9306533333
1249;9297089000;9106533333;9306533333
1250;9297089000;9106533333;9306533333
1251;9297090000;9106533333;9306533333
1252;9297091000;9106533333;9306533333
1253;9297260000;9106588888;9306588888
1254;9297264000;9106877777;9306877777
1255;9297265000;9106877777;9306877777
1256;9297266000;9106877777;9306877777
1257;9338715000;9148188888;9348188888
1258;9338719000;9148188888;9348188888
1259;9338720000;9148188888;9348188888
1260;9338720000;9148188888;9348188888
1261;9338721000;9148188888;9348188888
1262;9338722000;9148188888;9348188888
1263;9338723000;9148188888;9348188888
1264;9338921000;9148244444;9348244444
1265;9338927000;9148533333;9348533333
1266;9338928000;9148533333;9348533333
1267;9338929000;9148533333;9348533333
1268;9380573000;9189888888;9389888888
1269;9380577000;9189888888;9389888888
1270;9380578000;9189888888;9389888888
1271;9380579000;9189888888;9389888888
1272;9380580000;9189888888;9389888888
1273;9380581000;9189888888;9389888888
1274;9380581000;9189888888;9389888888
1275;9380779000;9189955555;9389955555
1276;9380785000;9190277777;9390277777
1277;9380786000;9190277777;9390277777
1278;9380787000;9190277777;9390277777
1279;9422215000;9231511111;9431511111
1280;9422218000;9231511111;9431511111
1281;9422219000;9231511111;9431511111
1282;9422220000;9231511111;9431511111
1283;9422221000;9231511111;9431511111
1284;9422222000;9231511111;9431511111
1285;9422223000;9231511111;9431511111
1286;9422420000;9231555555;9431555555
1287;9422427000;9231855555;9431855555
1288;9422428000;9231855555;9431855555
1289;9422429000;9231855555;9431855555
1290;9463932000;9273211111;9473211111
1291;9463935000;9273211111;9473211111
1292;9463936000;9273211111;9473211111
1293;9463937000;9273211111;9473211111
1294;9463938000;9273211111;9473211111
1295;9463946000;9273211111;9473211111
1296;9463947000;9273211111;9473211111
1297;9464167000;9273255555;9473255555
1298;9464181000;9273533333;9473533333
1299;9464182000;9273533333;9473533333
1300;9464184000;9273533333;9473533333
1301;9505543000;9314888888;9514888888
1302;9505555000;9314888888;9514888888
1303;9505556000;9314888888;9514888888
1304;9505558000;9314888888;9514888888
1305;9505559000;9314888888;9514888888
1306;9505561000;9314888888;9514888888
1307;9505562000;9314888888;9514888888
1308;9505707000;9314955555;9514955555
1309;9505710000;9315277777;9515277777
1310;9505712000;9315277777;9515277777
1312;9547929000;9356511111;9556511111
1314;9547932000;9356511111;9556511111
1315;9547933000;9356511111;9556511111
1316;9547934000;9356511111;9556511111
1317;9547935000;9356511111;9556511111
1318;9547936000;9356511111;9556511111
1319;9548059000;9356555555;9556555555
1320;9548074000;9356855555;9556855555
1321;9548075000;9356855555;9556855555
1322;9548076000;9356855555;9556855555
1323;9588963000;9398211111;9598211111
1324;9588967000;9398211111;9598211111
1325;9588968000;9398211111;9598211111
1326;9588970000;9398211111;9598211111
1327;9588971000;9398211111;9598211111
1328;9588972000;9398211111;9598211111
1329;9588973000;9398211111;9598211111
1330;9589182000;9398255555;9598255555
1331;9589198000;9398544444;9598544444
1332;9589200000;9398544444;9598544444
1333;9589201000;9398544444;9598544444
1334;9630558000;9439844444;9639844444
1335;9630561000;9439844444;9639844444
1336;9630562000;9439844444;9639844444
1337;9630564000;9439844444;9639844444
1338;9630565000;9439844444;9639844444
1339;9630566000;9439844444;9639844444
1340;9630567000;9439844444;9639844444
1341;9630761000;9439922222;9639922222
1342;9630779000;9440244444;9640244444
1343;9630780000;9440244444;9640244444
1344;9630782000;9440244444;9640244444
1345;9672107000;9481533333;9681533333
1346;9672111000;9481533333;9681533333
1347;9672112000;9481533333;9681533333
1348;9672113000;9481533333;9681533333
1349;9672114000;9481533333;9681533333
1350;9672116000;9481533333;9681533333
1351;9672117000;9481533333;9681533333
1352;9672315000;9481588888;9681588888
1353;9672322000;9481888888;9681888888
1354;9672323000;9481888888;9681888888
1355;9672324000;9481888888;9681888888
1356;9713708000;9523177777;9723177777
1357;9713712000;9523177777;9723177777
1358;9713713000;9523177777;9723177777
1359;9713714000;9523177777;9723177777
1360;9713715000;9523177777;9723177777
1361;9713716000;9523177777;9723177777
1362;9713717000;9523177777;9723177777
1363;9713915000;9523233333;9723233333
1364;9713921000;9523511111;9723511111
1365;9713922000;9523511111;9723511111
1366;9713923000;9523511111;9723511111
1367;9755625000;9564900000;9764900000
1368;9755628000;9564900000;9764900000
1369;9755629000;9564900000;9764900000
1370;9755630000;9564900000;9764900000
1371;9755631000;9564900000;9764900000
1372;9755632000;9564900000;9764900000
1373;9755633000;9564900000;9764900000
1374;9755831000;9564955555;9764955555
1375;9755837000;9565277777;9765277777
1376;9755838000;9565277777;9765277777
1377;9755839000;9565277777;9765277777
1378;9797257000;9606544444;9806544444
1379;9797261000;9606544444;9806544444
1380;9797262000;9606544444;9806544444
1381;9797263000;9606544444;9806544444
1382;9797264000;9606544444;9806544444
1383;9797265000;9606544444;9806544444
1384;9797265000;9606544444;9806544444
1385;9797462000;9606588888;9806588888
1386;9797469000;9606922222;9806922222
1387;9797488000;9606922222;9806922222
1388;9797489000;9606922222;9806922222
1389;9838701000;9648177777;9848177777
1390;9838705000;9648177777;9848177777
1391;9838706000;9648177777;9848177777
1392;9838707000;9648177777;9848177777
1393;9838708000;9648177777;9848177777
1394;9838709000;9648177777;9848177777
1395;9838719000;9648177777;9848177777
1396;9838916000;9648222222;9848222222
1397;9838922000;9648533333;9848533333
1398;9838924000;9648533333;9848533333
1399;9838925000;9648533333;9848533333
1400;9880455000;9689900000;9889900000
1401;9880459000;9689900000;9889900000
1402;9880460000;9689900000;9889900000
1403;9880461000;9689900000;9889900000
1404;9880462000;9689900000;9889900000
1405;9880489000;9689900000;9889900000
1406;9880490000;9689900000;9889900000
1407;9880730000;9689955555;9889955555
1408;9880745000;9690277777;9890277777
1409;9880746000;9690277777;9890277777
1410;9880748000;9690277777;9890277777
1411;9922072000;9731511111;9931511111
1412;9922075000;9731511111;9931511111
1413;9922076000;9731511111;9931511111
1414;9922077000;9731511111;9931511111
1415;9922078000;9731511111;9931511111
1416;9922079000;9731511111;9931511111
1417;9922080000;9731511111;9931511111
1418;9922260000;9731555555;9931555555
1419;9922276000;9731855555;9931855555
1420;9922277000;9731855555;9931855555
1421;9922278000;9731855555;9931855555
1422;9963934000;9773211111;9973211111
1423;9963937000;9773211111;9973211111
1424;9963938000;9773211111;9973211111
1425;9963939000;9773211111;9973211111
1426;9963940000;9773211111;9973211111
1427;9963941000;9773211111;9973211111
1428;9963942000;9773211111;9973211111
1429;9964139000;9773266666;9973266666
1430;9964154000;9773522222;9973522222
1431;9964155000;9773522222;9973522222
1432;9964156000;9773522222;9973522222
1433;10005611000;9814844444;10014844444
1434;10005616000;9814844444;10014844444
1435;10005617000;9814844444;10014844444
1436;10005618000;9814844444;10014844444
1437;10005620000;9814844444;10014844444
1438;10005621000;9814844444;10014844444
1439;10005622000;9814844444;10014844444
1440;10005833000;9814922222;10014922222
1441;10005849000;9815233333;10015233333
1442;10005850000;9815233333;10015233333
1443;10005851000;9815233333;10015233333
1444;10047250000;9856533333;10056533333
1445;10047254000;9856533333;10056533333
1446;10047255000;9856533333;10056533333
1447;10047257000;9856533333;10056533333
1448;10047258000;9856533333;10056533333
1449;10047259000;9856533333;10056533333
1450;10047260000;9856533333;10056533333
1451;10047457000;9856588888;10056588888
1452;10047494000;9856911111;10056911111
1453;10047495000;9856911111;10056911111
1454;10047497000;9856911111;10056911111
1455;10088958000;9898177777;10098177777
1456;10088962000;9898177777;10098177777
1457;10088964000;9898177777;10098177777
1458;10088965000;9898177777;10098177777
1459;10088967000;9898177777;10098177777
1460;10088968000;9898177777;10098177777
1461;10088980000;9898177777;10098177777
1462;10089206000;9898233333;10098233333
1463;10089223000;9898511111;10098511111
1464;10089225000;9898511111;10098511111
1465;10089226000;9898511111;10098511111
1466;10130613000;9939844444;10139844444
1467;10130617000;9939844444;10139844444
1468;10130618000;9939844444;10139844444
1469;10130620000;9939844444;10139844444
1470;10130621000;9939844444;10139844444
1471;10130623000;9939844444;10139844444
1472;10130633000;9939844444;10139844444
1473;10130834000;9939955555;10139955555
1474;10130849000;9940300000;10140300000
1475;10130851000;9940300000;10140300000
1476;10130853000;9940300000;10140300000
1477;10172260000;9981511111;10181511111
1478;10172264000;9981511111;10181511111
1479;10172265000;9981511111;10181511111
1480;10172266000;9981511111;10181511111
1481;10172268000;9981511111;10181511111
1482;10172269000;9981511111;10181511111
1483;10172270000;9981511111;10181511111
1484;10172468000;9981566666;10181566666
1485;10172493000;9981900000;10181900000
1486;10172494000;9981900000;10181900000
1487;10172495000;9981900000;10181900000
1488;10213947000;10023211111;10223211111
1489;10213951000;10023211111;10223211111
1490;10213952000;10023211111;10223211111
1491;10213953000;10023211111;10223211111
1492;10213954000;10023211111;10223211111
1494;10214174000;10023211111;10223211111
1495;10214355000;10023266666;10223266666
1496;10214359000;10023566666;10223566666
1497;10214360000;10023566666;10223566666
1498;10214361000;10023566666;10223566666
1499;10255438000;10064888888;10264888888
1500;10255442000;10064888888;10264888888
1501;10255443000;10064888888;10264888888
1502;10255444000;10064888888;10264888888
1503;10255445000;10064888888;10264888888
1504;10255447000;10064888888;10264888888
1505;10255450000;10064888888;10264888888
1506;10255690000;10064955555;10264955555
1507;10255706000;10065255555;10265255555
1508;10255707000;10065255555;10265255555
1509;10255716000;10065255555;10265255555
1510;10297059000;10106522222;10306522222
1511;10297063000;10106522222;10306522222
1512;10297073000;10106522222;10306522222
1513;10297074000;10106522222;10306522222
1514;10297075000;10106522222;10306522222
1515;10297076000;10106522222;10306522222
1516;10297077000;10106522222;10306522222
1517;10297210000;10106577777;10306577777
1518;10297212000;10106922222;10306922222
1519;10297214000;10106922222;10306922222
1520;10297214000;10106922222;10306922222
1521;10338772000;10148177777;10348177777
1522;10338776000;10148177777;10348177777
1523;10338777000;10148177777;10348177777
1524;10338778000;10148177777;10348177777
1525;10338779000;10148177777;10348177777
1526;10338780000;10148177777;10348177777
1527;10338781000;10148177777;10348177777
1528;10338949000;10148233333;10348233333
1529;10338953000;10148544444;10348544444
1530;10338954000;10148544444;10348544444
1531;10338955000;10148544444;10348544444
1532;10380425000;10189900000;10389900000
1533;10380428000;10189900000;10389900000
1534;10380429000;10189900000;10389900000
1535;10380430000;10189900000;10389900000
1536;10380431000;10189900000;10389900000
1537;10380432000;10189900000;10389900000
1538;10380433000;10189900000;10389900000
1539;10380609000;10189955555;10389955555
1540;10380613000;10190288888;10390288888
1541;10380615000;10190288888;10390288888
1542;10380615000;10190288888;10390288888
1543;10422291000;10231522222;10431522222
1544;10422294000;10231522222;10431522222
1545;10422295000;10231522222;10431522222
1546;10422296000;10231522222;10431522222
1547;10422297000;10231522222;10431522222
1548;10422298000;10231522222;10431522222
1549;10422299000;10231522222;10431522222
1550;10422468000;10231566666;10431566666
1551;10422482000;10231888888;10431888888
1552;10422483000;10231888888;10431888888
1553;10422484000;10231888888;10431888888
1554;10463782000;10273177777;10473177777
1555;10463786000;10273177777;10473177777
1556;10463787000;10273177777;10473177777
1557;10463788000;10273177777;10473177777
1558;10463789000;10273177777;10473177777
1559;10463790000;10273177777;10473177777
1560;10463790000;10273177777;10473177777
1561;10463959000;10273222222;10473222222
1562;10463964000;10273500000;10473500000
1563;10463965000;10273500000;10473500000
1564;10463966000;10273500000;10473500000
1565;10505599000;10314900000;10514900000
1566;10505602000;10314900000;10514900000
1567;10505603000;10314900000;10514900000
1568;10505604000;10314900000;10514900000
1569;10505605000;10314900000;10514900000
1570;10505606000;10314900000;10514900000
1571;10505607000;10314900000;10514900000
1572;10505747000;10314955555;10514955555
1573;10505750000;10315277777;10515277777
1574;10505751000;10315277777;10515277777
1575;10505752000;10315277777;10515277777
1576;10547156000;10356544444;10556544444
1577;10547160000;10356544444;10556544444
1578;10547161000;10356544444;10556544444
1579;10547162000;10356544444;10556544444
1580;10547163000;10356544444;10556544444
1581;10547164000;10356544444;10556544444
1582;10547164000;10356544444;10556544444
1583;10547361000;10356600000;10556600000
1584;10547368000;10356955555;10556955555
1585;10547369000;10356955555;10556955555
1586;10547370000;10356955555;10556955555
1587;10588781000;10398200000;10598200000
1588;10588785000;10398200000;10598200000
1589;10588786000;10398200000;10598200000
1590;10588787000;10398200000;10598200000
1591;10588788000;10398200000;10598200000
1592;10588789000;10398200000;10598200000
1593;10588790000;10398200000;10598200000
1594;10588958000;10398255555;10598255555
1595;10588962000;10398555555;10598555555
1596;10588963000;10398555555;10598555555
1597;10588964000;10398555555;10598555555
1598;10630453000;10439855555;10639855555
1599;10630456000;10439855555;10639855555
1600;10630457000;10439855555;10639855555
1601;10630458000;10439855555;10639855555
1602;10630459000;10439855555;10639855555
1603;10630460000;10439855555;10639855555
1604;10630461000;10439855555;10639855555
1605;10630711000;10439933333;10639933333
1606;10630717000;10440288888;10640288888
1607;10630718000;10440288888;10640288888
1608;10630719000;10440288888;10640288888
1609;10672310000;10481544444;10681544444
1610;10672314000;10481544444;10681544444
1611;10672314000;10481544444;10681544444
1612;10672315000;10481544444;10681544444
1613;10672316000;10481544444;10681544444
1614;10672317000;10481544444;10681544444
1615;10672318000;10481544444;10681544444
1616;10672548000;10481588888;10681588888
1617;10672554000;10481900000;10681900000
1618;10672555000;10481900000;10681900000
1619;10672556000;10481900000;10681900000
1620;10713768000;10523177777;10723177777
1621;10713772000;10523177777;10723177777
1622;10713772000;10523177777;10723177777
1623;10713773000;10523177777;10723177777
1624;10713774000;10523177777;10723177777
1625;10713775000;10523177777;10723177777
1626;10713776000;10523177777;10723177777
1627;10713974000;10523233333;10723233333
1628;10713980000;10523522222;10723522222
1629;10713981000;10523522222;10723522222
1630;10713982000;10523522222;10723522222
1631;10755420000;10564844444;10764844444
1632;10755423000;10564844444;10764844444
1633;10755434000;10564844444;10764844444
1634;10755435000;10564844444;10764844444
1635;10755435000;10564844444;10764844444
1636;10755436000;10564844444;10764844444
1637;10755437000;10564844444;10764844444
1638;10755641000;10564933333;10764933333
1639;10755647000;10565255555;10765255555
1640;10755648000;10565255555;10765255555
1641;10755649000;10565255555;10765255555
1642;10797321000;10606511111;10806511111
1643;10797325000;10606511111;10806511111
1644;10797326000;10606511111;10806511111
1645;10797328000;10606511111;10806511111
1646;10797329000;10606511111;10806511111
1647;10797330000;10606511111;10806511111
1648;10797331000;10606511111;10806511111
1649;10797563000;10606555555;10806555555
1650;10797580000;10606866666;10806866666
1651;10797581000;10606866666;10806866666
1652;10797582000;10606866666;10806866666
1653;10838807000;10648177777;10848177777
1654;10838811000;10648177777;10848177777
1655;10838812000;10648177777;10848177777
1656;10838813000;10648177777;10848177777
1657;10838814000;10648177777;10848177777
1658;10838815000;10648177777;10848177777
1659;10838816000;10648177777;10848177777
1660;10839014000;10648222222;10848222222
1661;10839029000;10648544444;10848544444
1662;10839030000;10648544444;10848544444
1663;10839031000;10648544444;10848544444
1664;10880677000;10689888888;10889888888
1665;10880680000;10689888888;10889888888
1666;10880682000;10689888888;10889888888
1667;10880683000;10689888888;10889888888
1668;10880684000;10689888888;10889888888
1669;10880685000;10689888888;10889888888
1670;10880686000;10689888888;10889888888
1671;10880901000;10689955555;10889955555
1672;10880907000;10690277777;10890277777
1673;10880908000;10690277777;10890277777
1674;10880909000;10690277777;10890277777
1675;10922258000;10731544444;10931544444
1676;10922261000;10731544444;10931544444
1677;10922271000;10731544444;10931544444
1678;10922272000;10731544444;10931544444
1679;10922273000;10731544444;10931544444
1680;10922274000;10731544444;10931544444
1681;10922275000;10731544444;10931544444
1682;10922488000;10731588888;10931588888
1683;10922494000;10731922222;10931922222
1684;10922495000;10731922222;10931922222
1685;10922496000;10731922222;10931922222
1686;10963981000;10773177777;10973177777
1687;10963985000;10773177777;10973177777
1688;10963986000;10773177777;10973177777
1689;10963987000;10773177777;10973177777
1690;10963988000;10773177777;10973177777
1691;10963989000;10773177777;10973177777
1692;10963990000;10773177777;10973177777
1693;10964187000;10773233333;10973233333
1694;10964193000;10773500000;10973500000
1695;10964194000;10773500000;10973500000
1697;11006331000;10814844444;11014844444
1698;11006335000;10814844444;11014844444
1699;11006336000;10814844444;11014844444
1700;11006337000;10814844444;11014844444
1701;11006338000;10814844444;11014844444
1702;11006339000;10814844444;11014844444
1703;11006340000;10814844444;11014844444
1704;11006462000;10814955555;11014955555
1705;11006485000;10815266666;11015266666
1706;11006487000;10815266666;11015266666
1707;11006488000;10815266666;11015266666
1708;11047402000;10856555555;11056555555
1709;11047405000;10856555555;11056555555
1710;11047417000;10856555555;11056555555
1711;11047418000;10856555555;11056555555
1712;11047420000;10856555555;11056555555
1713;11047420000;10856555555;11056555555
1714;11047421000;10856555555;11056555555
1715;11047666000;10856611111;11056611111
1717;11047681000;10856944444;11056944444
1718;11047683000;10856944444;11056944444
1719;11088840000;10898200000;11098200000
1720;11088843000;10898200000;11098200000
1721;11088844000;10898200000;11098200000
1722;11088845000;10898200000;11098200000
1723;11088846000;10898200000;11098200000
1724;11088847000;10898200000;11098200000
1725;11088848000;10898200000;11098200000
1726;11089045000;10898255555;11098255555
1727;11089061000;10898555555;11098555555
1728;11089062000;10898555555;11098555555
1729;11089063000;10898555555;11098555555
1730;11130561000;10939888888;11139888888
1731;11130565000;10939888888;11139888888
1732;11130565000;10939888888;11139888888
1733;11130566000;10939888888;11139888888
1734;11130567000;10939888888;11139888888
1735;11130568000;10939888888;11139888888
1736;11130569000;10939888888;11139888888
1737;11130767000;10939955555;11139955555
1738;11130782000;10940288888;11140288888
1739;11130783000;10940288888;11140288888
1740;11130784000;10940288888;11140288888
1741;11172311000;10981511111;11181511111
1742;11172314000;10981511111;11181511111
1743;11172316000;10981511111;11181511111
1744;11172317000;10981511111;11181511111
1745;11172317000;10981511111;11181511111
1746;11172318000;10981511111;11181511111
1747;11172319000;10981511111;11181511111
1748;11172548000;10981566666;11181566666
1749;11172554000;10981888888;11181888888
1750;11172555000;10981888888;11181888888
1751;11172556000;10981888888;11181888888
1752;11213965000;11023277777;11223277777
1753;11213970000;11023277777;11223277777
1754;11213971000;11023277777;11223277777
1755;11213973000;11023277777;11223277777
1756;11213974000;11023277777;11223277777
1757;11213975000;11023277777;11223277777
1758;11213976000;11023277777;11223277777
1759;11214186000;11023333333;11223333333
1760;11214201000;11023644444;11223644444
1761;11214202000;11023644444;11223644444
1762;11214203000;11023644444;11223644444
1763;11255589000;11064911111;11264911111
1764;11255593000;11064911111;11264911111
1765;11255594000;11064911111;11264911111
1766;11255595000;11064911111;11264911111
1767;11255596000;11064911111;11264911111
1768;11255598000;11064911111;11264911111
1769;11255599000;11064911111;11264911111
1770;11255813000;11064988888;11264988888
1771;11255828000;11065300000;11265300000
1772;11255830000;11065300000;11265300000
1773;11255831000;11065300000;11265300000
1774;11297193000;11106544444;11306544444
1775;11297196000;11106544444;11306544444
1776;11297198000;11106544444;11306544444
1777;11297200000;11106544444;11306544444
1778;11297200000;11106544444;11306544444
1779;11297202000;11106544444;11306544444
1780;11297203000;11106544444;11306544444
1781;11297400000;11106600000;11306600000
1782;11297406000;11106922222;11306922222
1783;11297408000;11106922222;11306922222
1784;11297409000;11106922222;11306922222
1785;11338859000;11148222222;11348222222
1786;11338862000;11148222222;11348222222
1787;11338864000;11148222222;11348222222
1788;11338865000;11148222222;11348222222
1789;11338866000;11148222222;11348222222
1790;11338867000;11148222222;11348222222
1791;11338868000;11148222222;11348222222
1792;11339065000;11148277777;11348277777
1793;11339071000;11148600000;11348600000
1794;11339072000;11148600000;11348600000
1795;11339073000;11148600000;11348600000
1796;11380631000;11189855555;11389855555
1797;11380635000;11189855555;11389855555
1798;11380636000;11189855555;11389855555
1799;11380637000;11189855555;11389855555
1800;11380638000;11189855555;11389855555
1801;11380639000;11189855555;11389855555
1802;11380639000;11189855555;11389855555
1803;11380837000;11189955555;11389955555
1804;11380843000;11190288888;11390288888
1805;11380844000;11190288888;11390288888
1806;11380845000;11190288888;11390288888
1807;11422206000;11231544444;11431544444
1808;11422209000;11231544444;11431544444
1809;11422210000;11231544444;11431544444
1810;11422211000;11231544444;11431544444
1811;11422220000;11231544444;11431544444
1812;11422221000;11231544444;11431544444
1813;11422222000;11231544444;11431544444
1814;11422419000;11231600000;11431600000
1815;11422435000;11231966666;11431966666
1816;11422436000;11231966666;11431966666
1817;11422437000;11231966666;11431966666
1818;11463923000;11273277777;11473277777
1819;11463927000;11273277777;11473277777
1820;11463928000;11273277777;11473277777
1821;11463929000;11273277777;11473277777
1822;11463930000;11273277777;11473277777
1823;11463931000;11273277777;11473277777
1824;11463932000;11273277777;11473277777
1825;11464129000;11273322222;11473322222
1826;11464135000;11273633333;11473633333
1827;11464137000;11273633333;11473633333
1828;11464137000;11273633333;11473633333
1829;11505589000;11314911111;11514911111
1830;11505592000;11314911111;11514911111
1831;11505593000;11314911111;11514911111
1832;11505594000;11314911111;11514911111
1833;11505596000;11314911111;11514911111
1834;11505597000;11314911111;11514911111
1835;11505598000;11314911111;11514911111
1836;11505794000;11314977777;11514977777
1837;11505810000;11315311111;11515311111
1838;11505811000;11315311111;11515311111
1839;11505812000;11315311111;11515311111
1840;11547373000;11356544444;11556544444
1841;11547376000;11356544444;11556544444
1842;11547377000;11356544444;11556544444
1843;11547378000;11356544444;11556544444
1844;11547379000;11356544444;11556544444
1845;11547380000;11356544444;11556544444
1846;11547381000;11356544444;11556544444
1847;11547586000;11356600000;11556600000
1848;11547601000;11356900000;11556900000
1849;11547602000;11356900000;11556900000
1850;11547603000;11356900000;11556900000
1851;11589003000;11398177777;11598177777
1852;11589007000;11398177777;11598177777
1853;11589008000;11398177777;11598177777
1854;11589009000;11398177777;11598177777
1855;11589010000;11398177777;11598177777
1856;11589011000;11398177777;11598177777
1857;11589013000;11398177777;11598177777
1858;11589217000;11398233333;11598233333
1859;11589232000;11398500000;11598500000
1860;11589233000;11398500000;11598500000
1861;11589235000;11398500000;11598500000
1862;11630713000;11439900000;11639900000
1863;11630717000;11439900000;11639900000
1864;11630718000;11439900000;11639900000
1865;11630719000;11439900000;11639900000
1866;11630720000;11439900000;11639900000
1867;11630721000;11439900000;11639900000
1868;11630722000;11439900000;11639900000
1869;11630920000;11439955555;11639955555
1870;11630935000;11440255555;11640255555
1871;11630936000;11440255555;11640255555
1872;11630937000;11440255555;11640255555
1873;11672358000;11481544444;11681544444
1874;11672361000;11481544444;11681544444
1875;11672363000;11481544444;11681544444
1876;11672364000;11481544444;11681544444
1877;11672364000;11481544444;11681544444
1878;11672365000;11481544444;11681544444
1879;11672366000;11481544444;11681544444
1880;11672561000;11481600000;11681600000
1881;11672567000;11481911111;11681911111
1882;11672569000;11481911111;11681911111
1883;11672569000;11481911111;11681911111
1884;11714080000;11523266666;11723266666
1885;11714083000;11523266666;11723266666
1886;11714084000;11523266666;11723266666
1888;11714518000;11523266666;11723266666
1889;11714533000;11523266666;11723266666
1890;11714534000;11523266666;11723266666
1891;11714742000;11523322222;11723322222
1892;11714757000;11523588888;11723588888
1893;11714759000;11523588888;11723588888
1894;11714760000;11523588888;11723588888
1895;11755503000;11564866666;11764866666
1896;11755506000;11564866666;11764866666
1897;11755516000;11564866666;11764866666
1898;11755517000;11564866666;11764866666
1899;11755518000;11564866666;11764866666
1900;11755519000;11564866666;11764866666
1901;11755520000;11564866666;11764866666
1902;11755732000;11564966666;11764966666
1903;11755747000;11565288888;11765288888
1904;11755748000;11565288888;11765288888
1905;11755749000;11565288888;11765288888
1906;11797292000;11606611111;11806611111
1907;11797295000;11606611111;11806611111
1908;11797296000;11606611111;11806611111
1909;11797297000;11606611111;11806611111
1910;11797298000;11606611111;11806611111
1911;11797299000;11606611111;11806611111
1912;11797308000;11606611111;11806611111
1913;11797486000;11606666666;11806666666
1914;11797491000;11606977777;11806977777
1915;11797492000;11606977777;11806977777
1916;11797493000;11606977777;11806977777
1917;11839049000;11648211111;11848211111
1918;11839052000;11648211111;11848211111
1919;11839053000;11648211111;11848211111
1920;11839054000;11648211111;11848211111
1921;11839055000;11648211111;11848211111
1922;11839056000;11648211111;11848211111
1923;11839057000;11648211111;11848211111
1924;11839254000;11648266666;11848266666
1925;11839260000;11648555555;11848555555
1926;11839262000;11648555555;11848555555
1927;11839262000;11648555555;11848555555
1928;11880511000;11689855555;11889855555
1929;11880515000;11689855555;11889855555
1930;11880516000;11689855555;11889855555
1931;11880517000;11689855555;11889855555
1932;11880518000;11689855555;11889855555
1933;11880528000;11689855555;11889855555
1934;11880529000;11689855555;11889855555
1935;11880711000;11689955555;11889955555
1936;11880715000;11690277777;11890277777
1937;11880716000;11690277777;11890277777
1938;11880717000;11690277777;11890277777
1939;11922348000;11731555555;11931555555
1940;11922352000;11731555555;11931555555
1941;11922353000;11731555555;11931555555
1942;11922354000;11731555555;11931555555
1943;11922355000;11731555555;11931555555
1944;11922356000;11731555555;11931555555
1945;11922357000;11731555555;11931555555
1946;11922504000;11731600000;11931600000
1947;11922508000;11731900000;11931900000
1948;11922509000;11731900000;11931900000
1949;11922510000;11731900000;11931900000
1950;11963798000;11773177777;11973177777
1951;11963801000;11773177777;11973177777
1952;11963802000;11773177777;11973177777
1953;11963803000;11773177777;11973177777
1954;11963804000;11773177777;11973177777
1955;11963805000;11773177777;11973177777
1956;11963806000;11773177777;11973177777
1957;11964003000;11773233333;11973233333
1958;11964009000;11773477777;11973477777
1959;11964010000;11773477777;11973477777
1960;11964011000;11773477777;11973477777
1961;12005757000;11814900000;12014900000
1962;12005762000;11814900000;12014900000
1963;12005763000;11814900000;12014900000
1964;12005764000;11814900000;12014900000
1965;12005766000;11814900000;12014900000
1966;12005767000;11814900000;12014900000
1967;12005768000;11814900000;12014900000
1968;12005978000;11814955555;12014955555
1969;12005993000;11815255555;12015255555
1970;12005994000;11815255555;12015255555
1971;12005995000;11815255555;12015255555
1972;12047354000;11856533333;12056533333
1973;12047357000;11856533333;12056533333
1975;12047525000;11856533333;12056533333
1976;12047527000;11856533333;12056533333
1977;12047528000;11856533333;12056533333
1978;12047530000;11856533333;12056533333
1979;12047739000;11856588888;12056588888
1980;12047755000;11856855555;12056855555
1981;12047756000;11856855555;12056855555
1982;12047757000;11856855555;12056855555
1983;12088884000;11898211111;12098211111
1984;12088887000;11898211111;12098211111
1985;12088889000;11898211111;12098211111
1986;12088890000;11898211111;12098211111
1987;12088891000;11898211111;12098211111
1988;12088892000;11898211111;12098211111
1989;12088893000;11898211111;12098211111
1990;12089091000;11898266666;12098266666
1991;12089106000;11898533333;12098533333
1992;12089108000;11898533333;12098533333
1993;12089109000;11898533333;12098533333
1994;12130617000;11939888888;12139888888
1995;12130620000;11939888888;12139888888
1996;12130622000;11939888888;12139888888
1997;12130623000;11939888888;12139888888
1998;12130624000;11939888888;12139888888
1999;12130625000;11939888888;12139888888
2000;12130626000;11939888888;12139888888
2001;12130838000;11939977777;12139977777
2002;12130854000;11940288888;12140288888
2003;12130855000;11940288888;12140288888
2004;12130856000;11940288888;12140288888
2005;12172222000;11981544444;12181544444
2006;12172225000;11981544444;12181544444
2007;12172226000;11981544444;12181544444
2008;12172227000;11981544444;12181544444
2009;12172228000;11981544444;12181544444
2010;12172229000;11981544444;12181544444
2011;12172230000;11981544444;12181544444
2012;12172427000;11981600000;12181600000
2013;12172450000;11981922222;12181922222
2014;12172451000;11981922222;12181922222
2015;12172452000;11981922222;12181922222
2016;12213899000;12023233333;12223233333
2017;12213902000;12023233333;12223233333
2018;12213903000;12023233333;12223233333
2019;12213904000;12023233333;12223233333
2020;12213905000;12023233333;12223233333
2021;12213906000;12023233333;12223233333
2022;12213907000;12023233333;12223233333
2023;12214104000;12023277777;12223277777
2024;12214110000;12023566666;12223566666
2025;12214111000;12023566666;12223566666
2026;12214112000;12023566666;12223566666
2027;12255604000;12064900000;12264900000
2028;12255617000;12064900000;12264900000
2029;12255618000;12064900000;12264900000
2030;12255619000;12064900000;12264900000
2031;12255620000;12064900000;12264900000
2032;12255621000;12064900000;12264900000
2033;12255622000;12064900000;12264900000
2034;12255846000;12064955555;12264955555
2035;12255861000;12065233333;12265233333
2036;12255862000;12065233333;12265233333
2037;12255863000;12065233333;12265233333
2038;12297217000;12106544444;12306544444
2039;12297221000;12106544444;12306544444
2040;12297222000;12106544444;12306544444
2041;12297223000;12106544444;12306544444
2042;12297224000;12106544444;12306544444
2043;12297225000;12106544444;12306544444
2044;12297225000;12106544444;12306544444
2045;12297423000;12106600000;12306600000
2046;12297438000;12106866666;12306866666
2047;12297439000;12106866666;12306866666
2048;12297440000;12106866666;12306866666
2049;12339014000;12148188888;12348188888
2050;12339017000;12148188888;12348188888
2051;12339018000;12148188888;12348188888
2052;12339019000;12148188888;12348188888
2053;12339020000;12148188888;12348188888
2054;12339021000;12148188888;12348188888
2055;12339022000;12148188888;12348188888
2056;12339220000;12148244444;12348244444
2057;12339235000;12148511111;12348511111
2058;12339236000;12148511111;12348511111
2059;12339237000;12148511111;12348511111
2060;12380526000;12189844444;12389844444
2061;12380530000;12189844444;12389844444
2062;12380531000;12189844444;12389844444
2063;12380532000;12189844444;12389844444
2064;12380533000;12189844444;12389844444
2065;12380534000;12189844444;12389844444
2066;12380535000;12189844444;12389844444
2067;12380756000;12189933333;12389933333
2068;12380762000;12190244444;12390244444
2069;12380764000;12190244444;12390244444
2070;12380765000;12190244444;12390244444
2071;12422125000;12231511111;12431511111
2072;12422139000;12231511111;12431511111
2073;12422140000;12231511111;12431511111
2074;12422141000;12231511111;12431511111
2075;12422142000;12231511111;12431511111
2076;12422144000;12231511111;12431511111
2077;12422145000;12231511111;12431511111
2078;12422291000;12231566666;12431566666
2079;12422293000;12231855555;12431855555
2080;12422294000;12231855555;12431855555
2081;12422296000;12231855555;12431855555
2082;12464024000;12273211111;12473211111
2083;12464028000;12273211111;12473211111
2084;12464029000;12273211111;12473211111
2085;12464030000;12273211111;12473211111
2086;12464031000;12273211111;12473211111
2087;12464033000;12273211111;12473211111
2088;12464034000;12273211111;12473211111
2089;12464225000;12273266666;12473266666
2090;12464229000;12273533333;12473533333
2091;12464230000;12273533333;12473533333
2092;12464231000;12273533333;12473533333
2093;12505507000;12314844444;12514844444
2094;12505521000;12314844444;12514844444
2095;12505522000;12314844444;12514844444
2096;12505523000;12314844444;12514844444
2097;12505524000;12314844444;12514844444
2098;12505525000;12314844444;12514844444
2099;12505527000;12314844444;12514844444
2100;12505705000;12314933333;12514933333
2101;12505710000;12315244444;12515244444
2102;12505711000;12315244444;12515244444
2103;12505712000;12315244444;12515244444
2104;12547424000;12356622222;12556622222
2105;12547428000;12356622222;12556622222
2106;12547429000;12356622222;12556622222
2107;12547431000;12356622222;12556622222
2108;12547432000;12356622222;12556622222
2109;12547433000;12356622222;12556622222
2110;12547434000;12356622222;12556622222
2111;12547663000;12356677777;12556677777
2112;12547669000;12357055555;12557055555
2113;12547679000;12357055555;12557055555
2114;12547680000;12357055555;12557055555
2115;12589060000;12398411111;12598411111
2116;12589063000;12398411111;12598411111
2117;12589064000;12398411111;12598411111
2118;12589065000;12398411111;12598411111
2119;12589066000;12398411111;12598411111
2120;12589067000;12398411111;12598411111
2121;12589068000;12398411111;12598411111
2122;12589266000;12398466666;12598466666
2123;12589272000;12398766666;12598766666
2124;12589273000;12398766666;12598766666
2125;12589274000;12398766666;12598766666
2126;12630822000;12440044444;12640044444
2127;12630826000;12440044444;12640044444
2128;12630827000;12440044444;12640044444
2129;12630828000;12440044444;12640044444
2130;12630829000;12440044444;12640044444
2131;12630830000;12440044444;12640044444
2132;12630831000;12440044444;12640044444
2133;12631028000;12440088888;12640088888
2134;12631043000;12440422222;12640422222
2135;12631044000;12440422222;12640422222
2136;12631045000;12440422222;12640422222
2137;12672153000;12481522222;12681522222
2138;12672156000;12481522222;12681522222
2139;12672157000;12481522222;12681522222
2140;12672158000;12481522222;12681522222
2141;12672159000;12481522222;12681522222
2142;12672160000;12481522222;12681522222
2143;12672161000;12481522222;12681522222
2144;12672330000;12481644444;12681644444
2145;12672334000;12481977777;12681977777
2146;12672335000;12481977777;12681977777
2147;12672336000;12481977777;12681977777
2148;12714023000;12523233333;12723233333
2149;12714026000;12523233333;12723233333
2150;12714027000;12523233333;12723233333
2151;12714028000;12523233333;12723233333
2152;12714029000;12523233333;12723233333
2153;12714030000;12523233333;12723233333
2154;12714031000;12523233333;12723233333
2155;12714200000;12523277777;12723277777
2156;12714204000;12523600000;12723600000
2157;12714205000;12523600000;12723600000
2158;12714206000;12523600000;12723600000
2159;12755680000;12564900000;12764900000
2160;12755683000;12564900000;12764900000
2161;12755684000;12564900000;12764900000
2162;12755685000;12564900000;12764900000
2163;12755686000;12564900000;12764900000
2164;12755687000;12564900000;12764900000
2166;12756078000;12564955555;12764955555
2167;12756082000;12565288888;12765288888
2168;12756083000;12565288888;12765288888
2169;12756084000;12565288888;12765288888
2170;12797187000;12606544444;12806544444
2171;12797200000;12606544444;12806544444
2172;12797202000;12606544444;12806544444
2173;12797203000;12606544444;12806544444
2174;12797204000;12606544444;12806544444
2175;12797205000;12606544444;12806544444
2176;12797206000;12606544444;12806544444
2177;12797390000;12606600000;12806600000
2178;12797395000;12606944444;12806944444
2179;12797396000;12606944444;12806944444
2180;12797397000;12606944444;12806944444
2181;12838956000;12648177777;12848177777
2182;12838960000;12648177777;12848177777
2183;12838961000;12648177777;12848177777
2184;12838962000;12648177777;12848177777
2185;12838963000;12648177777;12848177777
2186;12838964000;12648177777;12848177777
2187;12838964000;12648177777;12848177777
2188;12839161000;12648233333;12848233333
2189;12839177000;12648555555;12848555555
2190;12839178000;12648555555;12848555555
2191;12839179000;12648555555;12848555555
2192;12880506000;12689855555;12889855555
2193;12880509000;12689855555;12889855555
2194;12880510000;12689855555;12889855555
2195;12880511000;12689855555;12889855555
2196;12880512000;12689855555;12889855555
2197;12880513000;12689855555;12889855555
2198;12880514000;12689855555;12889855555
2199;12880711000;12689922222;12889922222
2200;12880727000;12690255555;12890255555
2201;12880728000;12690255555;12890255555
2202;12880729000;12690255555;12890255555
2203;12922164000;12731544444;12931544444
2204;12922167000;12731544444;12931544444
2205;12922168000;12731544444;12931544444
2206;12922169000;12731544444;12931544444
2207;12922170000;12731544444;12931544444
2208;12922171000;12731544444;12931544444
2209;12922172000;12731544444;12931544444
2210;12922368000;12731600000;12931600000
2211;12922383000;12731933333;12931933333
2212;12922384000;12731933333;12931933333
2213;12922385000;12731933333;12931933333
2214;12963985000;12773200000;12973200000
2215;12963988000;12773200000;12973200000
2216;12963989000;12773200000;12973200000
2217;12963990000;12773200000;12973200000
2218;12963991000;12773200000;12973200000
2219;12963992000;12773200000;12973200000
2220;12963993000;12773200000;12973200000
2221;12964189000;12773266666;12973266666
2222;12964195000;12773566666;12973566666
2223;12964196000;12773566666;12973566666
2224;12964197000;12773566666;12973566666
2225;13005642000;12814900000;13014900000
2226;13005646000;12814900000;13014900000
2227;13005647000;12814900000;13014900000
2228;13005648000;12814900000;13014900000
2229;13005648000;12814900000;13014900000
2230;13005649000;12814900000;13014900000
2231;13005650000;12814900000;13014900000
2232;13005863000;12814955555;13014955555
2233;13005869000;12815277777;13015277777
2234;13005870000;12815277777;13015277777
2235;13005871000;12815277777;13015277777
2236;13047272000;12856511111;13056511111
2238;13047649000;12856511111;13056511111
2239;13047660000;12856511111;13056511111
2240;13047661000;12856511111;13056511111
2241;13047662000;12856511111;13056511111
2242;13047663000;12856511111;13056511111
2243;13047772000;12856566666;13056566666
2244;13047777000;12856911111;13056911111
2245;13047779000;12856911111;13056911111
2246;13047780000;12856911111;13056911111
2247;13088833000;12898211111;13098211111
2248;13088836000;12898211111;13098211111
2249;13088837000;12898211111;13098211111
2250;13088838000;12898211111;13098211111
2251;13088839000;12898211111;13098211111
2252;13088840000;12898211111;13098211111
2253;13088841000;12898211111;13098211111
2254;13088974000;12898266666;13098266666
2255;13088977000;12898577777;13098577777
2256;13088978000;12898577777;13098577777
2257;13088979000;12898577777;13098577777
2258;13130724000;12939944444;13139944444
2259;13130728000;12939944444;13139944444
2260;13130728000;12939944444;13139944444
2261;13130729000;12939944444;13139944444
2262;13130730000;12939944444;13139944444
2263;13130731000;12939944444;13139944444
2264;13130732000;12939944444;13139944444
2265;13130929000;12940000000;13140000000
2266;13130944000;12940333333;13140333333
2267;13130946000;12940333333;13140333333
2268;13130946000;12940333333;13140333333
2269;13172190000;12981566666;13181566666
2270;13172193000;12981566666;13181566666
2271;13172194000;12981566666;13181566666
2272;13172195000;12981566666;13181566666
2273;13172196000;12981566666;13181566666
2274;13172197000;12981566666;13181566666
2275;13172198000;12981566666;13181566666
2276;13172395000;12981611111;13181611111
2277;13172401000;12981966666;13181966666
2278;13172402000;12981966666;13181966666
2279;13172403000;12981966666;13181966666
2280;13213995000;13023211111;13223211111
2281;13213999000;13023211111;13223211111
2282;13214001000;13023211111;13223211111
2283;13214002000;13023211111;13223211111
2284;13214003000;13023211111;13223211111
2285;13214004000;13023211111;13223211111
2286;13214005000;13023211111;13223211111
2287;13214230000;13023266666;13223266666
2288;13214245000;13023577777;13223577777
2289;13214246000;13023577777;13223577777
2290;13214247000;13023577777;13223577777
2291;13255565000;13064911111;13264911111
2292;13255568000;13064911111;13264911111
2293;13255570000;13064911111;13264911111
2294;13255571000;13064911111;13264911111
2295;13255572000;13064911111;13264911111
2296;13255573000;13064911111;13264911111
2297;13255574000;13064911111;13264911111
2298;13255771000;13064977777;13264977777
2299;13255787000;13065300000;13265300000
2300;13255788000;13065300000;13265300000
2301;13255789000;13065300000;13265300000
2302;13297156000;13106544444;13306544444
2303;13297160000;13106544444;13306544444
2304;13297161000;13106544444;13306544444
2305;13297162000;13106544444;13306544444
2306;13297163000;13106544444;13306544444
2307;13297164000;13106544444;13306544444
2308;13297165000;13106544444;13306544444
2309;13297333000;13106600000;13306600000
2310;13297336000;13106922222;13306922222
2311;13297337000;13106922222;13306922222
2312;13297338000;13106922222;13306922222
2313;13338740000;13148177777;13348177777
2314;13338744000;13148177777;13348177777
2315;13338752000;13148177777;13348177777
2316;13338754000;13148177777;13348177777
2317;13338755000;13148177777;13348177777
2318;13338756000;13148177777;13348177777
2319;13338757000;13148177777;13348177777
2320;13338954000;13148233333;13348233333
2321;13338960000;13148544444;13348544444
2322;13338962000;13148544444;13348544444
2323;13338963000;13148544444;13348544444
2324;13380691000;13189922222;13389922222
2325;13380694000;13189922222;13389922222
2326;13380696000;13189922222;13389922222
2327;13380696000;13189922222;13389922222
2328;13380697000;13189922222;13389922222
2329;13380698000;13189922222;13389922222
2330;13380699000;13189922222;13389922222
2331;13380896000;13189966666;13389966666
2332;13380912000;13190311111;13390311111
2333;13380913000;13190311111;13390311111
2334;13380914000;13190311111;13390311111
2335;13422121000;13231511111;13431511111
2336;13422125000;13231511111;13431511111
2337;13422125000;13231511111;13431511111
2338;13422126000;13231511111;13431511111
2339;13422127000;13231511111;13431511111
2340;13422128000;13231511111;13431511111
2341;13422129000;13231511111;13431511111
2342;13422327000;13231566666;13431566666
2343;13422343000;13231922222;13431922222
2344;13422344000;13231922222;13431922222
2345;13422345000;13231922222;13431922222
2346;13463976000;13273211111;13473211111
2347;13463980000;13273211111;13473211111
2348;13463980000;13273211111;13473211111
2349;13463981000;13273211111;13473211111
2350;13463982000;13273211111;13473211111
2351;13463983000;13273211111;13473211111
2352;13463984000;13273211111;13473211111
2353;13464182000;13273266666;13473266666
2354;13464197000;13273555555;13473555555
2355;13464198000;13273555555;13473555555
2356;13464199000;13273555555;13473555555
2357;13505645000;13314855555;13514855555
2358;13505649000;13314855555;13514855555
2359;13505650000;13314855555;13514855555
2360;13505651000;13314855555;13514855555
2361;13505652000;13314855555;13514855555
2362;13505653000;13314855555;13514855555
2363;13505654000;13314855555;13514855555
2364;13505821000;13314966666;13514966666
2365;13505823000;13315300000;13515300000
2366;13505824000;13315300000;13515300000
2367;13505825000;13315300000;13515300000
2368;13547111000;13356544444;13556544444
2369;13547114000;13356544444;13556544444
2370;13547115000;13356544444;13556544444
2371;13547116000;13356544444;13556544444
2372;13547117000;13356544444;13556544444
2373;13547118000;13356544444;13556544444
2374;13547119000;13356544444;13556544444
2375;13547317000;13356600000;13556600000
2376;13547323000;13356933333;13556933333
2377;13547324000;13356933333;13556933333
2378;13547325000;13356933333;13556933333
2379;13590254000;13398222222;13598222222
2380;13590260000;13398222222;13598222222
2381;13590261000;13398222222;13598222222
2382;13590263000;13398222222;13598222222
2383;13590275000;13398222222;13598222222
2384;13590277000;13398222222;13598222222
2385;13590278000;13398222222;13598222222
2386;13590427000;13398288888;13598288888
2387;13590432000;13398577777;13598577777
2388;13590433000;13398577777;13598577777
2389;13590435000;13398577777;13598577777
2390;13630591000;13439844444;13639844444
2391;13630595000;13439844444;13639844444
2392;13630596000;13439844444;13639844444
2393;13630598000;13439844444;13639844444
2394;13630599000;13439844444;13639844444
2395;13630600000;13439844444;13639844444
2396;13630602000;13439844444;13639844444
2397;13630800000;13439933333;13639933333
2398;13630815000;13440255555;13640255555
2399;13630817000;13440255555;13640255555
2400;13630818000;13440255555;13640255555
2401;13672253000;13481511111;13681511111
2402;13672257000;13481511111;13681511111
2403;13672258000;13481511111;13681511111
2404;13672259000;13481511111;13681511111
2405;13672260000;13481511111;13681511111
2406;13672262000;13481511111;13681511111
2407;13672263000;13481511111;13681511111
2408;13672461000;13481566666;13681566666
2409;13672468000;13481855555;13681855555
2410;13672469000;13481855555;13681855555
2411;13672489000;13481855555;13681855555
2412;13713777000;13523177777;13723177777
2413;13713781000;13523177777;13723177777
2414;13713782000;13523177777;13723177777
2415;13713793000;13523177777;13723177777
2416;13713794000;13523177777;13723177777
2417;13713795000;13523177777;13723177777
2418;13713796000;13523177777;13723177777
2419;13714010000;13523233333;13723233333
2420;13714013000;13523522222;13723522222
2421;13714014000;13523522222;13723522222
2422;13714015000;13523522222;13723522222
2423;13755531000;13564922222;13764922222
2424;13755534000;13564922222;13764922222
2425;13755535000;13564922222;13764922222
2426;13755537000;13564922222;13764922222
2427;13755538000;13564922222;13764922222
2428;13755539000;13564922222;13764922222
2429;13755540000;13564922222;13764922222
2430;13755737000;13564966666;13764966666
2431;13755744000;13565300000;13765300000
2432;13755745000;13565300000;13765300000
2433;13755746000;13565300000;13765300000
2434;13797239000;13606511111;13806511111
2435;13797242000;13606511111;13806511111
2436;13797243000;13606511111;13806511111
2437;13797244000;13606511111;13806511111
2438;13797245000;13606511111;13806511111
2439;13797246000;13606511111;13806511111
2440;13797247000;13606511111;13806511111
2441;13797444000;13606566666;13806566666
2442;13797450000;13606922222;13806922222
2443;13797452000;13606922222;13806922222
2444;13797453000;13606922222;13806922222
2445;13838941000;13648211111;13848211111
2446;13838944000;13648211111;13848211111
2447;13838945000;13648211111;13848211111
2448;13838946000;13648211111;13848211111
2449;13838947000;13648211111;13848211111
2450;13838948000;13648211111;13848211111
2451;13838949000;13648211111;13848211111
2452;13839146000;13648266666;13848266666
2453;13839152000;13648577777;13848577777
2454;13839153000;13648577777;13848577777
2455;13839154000;13648577777;13848577777
2457;13880543000;13689911111;13889911111
2458;13880546000;13689911111;13889911111
2459;13880547000;13689911111;13889911111
2460;13880548000;13689911111;13889911111
2461;13880549000;13689911111;13889911111
2462;13880550000;13689911111;13889911111
2463;13880777000;13689977777;13889977777
2464;13880783000;13690300000;13890300000
2465;13880784000;13690300000;13890300000
2466;13880785000;13690300000;13890300000
2467;13922271000;13731544444;13931544444
2468;13922274000;13731544444;13931544444
2469;13922275000;13731544444;13931544444
2470;13922276000;13731544444;13931544444
2471;13922277000;13731544444;13931544444
2472;13922278000;13731544444;13931544444
2473;13922279000;13731544444;13931544444
2474;13922488000;13731600000;13931600000
2475;13922493000;13731933333;13931933333
2476;13922494000;13731933333;13931933333
2477;13922495000;13731933333;13931933333
2478;13963914000;13773388888;13973388888
2479;13963917000;13773388888;13973388888
2480;13963918000;13773388888;13973388888
2481;13963919000;13773388888;13973388888
2482;13963920000;13773388888;13973388888
2483;13963921000;13773388888;13973388888
2484;13963922000;13773388888;13973388888
2485;13964118000;13773444444;13973444444
2486;13964125000;13773711111;13973711111
2487;13964126000;13773711111;13973711111
2488;13964127000;13773711111;13973711111
2489;14005559000;13814988888;14014988888
2490;14005562000;13814988888;14014988888
2491;14005563000;13814988888;14014988888
2492;14005564000;13814988888;14014988888
2493;14005565000;13814988888;14014988888
2494;14005566000;13814988888;14014988888
2495;14005567000;13814988888;14014988888
2496;14005764000;13815044444;14015044444
2497;14005770000;13815377777;14015377777
2498;14005772000;13815377777;14015377777
2499;14005772000;13815377777;14015377777
2500;14047267000;13856544444;14056544444
2501;14047271000;13856544444;14056544444
2502;14047272000;13856544444;14056544444
2503;14047272000;13856544444;14056544444
2504;14047274000;13856544444;14056544444
2505;14047274000;13856544444;14056544444
2506;14047275000;13856544444;14056544444
2507;14047480000;13856600000;14056600000
2508;14047486000;13856933333;14056933333
2509;14047487000;13856933333;14056933333
2510;14047489000;13856933333;14056933333
2511;14088811000;13898211111;14098211111
2512;14088815000;13898211111;14098211111
2513;14088816000;13898211111;14098211111
2514;14088816000;13898211111;14098211111
2515;14088824000;13898211111;14098211111
2516;14088826000;13898211111;14098211111
2517;14088827000;13898211111;14098211111
2518;14089024000;13898266666;14098266666
2519;14089039000;13898555555;14098555555
2520;14089040000;13898555555;14098555555
2521;14089041000;13898555555;14098555555
2522;14130563000;13939988888;14139988888
2523;14130566000;13939988888;14139988888
2524;14130567000;13939988888;14139988888
2525;14130568000;13939988888;14139988888
2526;14130569000;13939988888;14139988888
2527;14130570000;13939988888;14139988888
2528;14130571000;13939988888;14139988888
2529;14130777000;13940044444;14140044444
2530;14130782000;13940366666;14140366666
2531;14130783000;13940366666;14140366666
2532;14130784000;13940366666;14140366666
2533;14172089000;13981555555;14181555555
2534;14172093000;13981555555;14181555555
2535;14172094000;13981555555;14181555555
2536;14172104000;13981555555;14181555555
2537;14172105000;13981555555;14181555555
2538;14172106000;13981555555;14181555555
2539;14172107000;13981555555;14181555555
2540;14172294000;13981600000;14181600000
2541;14172309000;13981955555;14181955555
2542;14172310000;13981955555;14181955555
2543;14172311000;13981955555;14181955555
2544;14213828000;14023255555;14223255555
2545;14213831000;14023255555;14223255555
2546;14213832000;14023255555;14223255555
2547;14213833000;14023255555;14223255555
2548;14213834000;14023255555;14223255555
2549;14213835000;14023255555;14223255555
2550;14213836000;14023255555;14223255555
2551;14214033000;14023300000;14223300000
2552;14214039000;14023633333;14223633333
2553;14214040000;14023633333;14223633333
2554;14214041000;14023633333;14223633333
2555;14255454000;14064888888;14264888888
2556;14255458000;14064888888;14264888888
2557;14255459000;14064888888;14264888888
2558;14255460000;14064888888;14264888888
2559;14255461000;14064888888;14264888888
2560;14255461000;14064888888;14264888888
2561;14255462000;14064888888;14264888888
2562;14255667000;14064955555;14264955555
2563;14255673000;14065255555;14265255555
2564;14255674000;14065255555;14265255555
2565;14255675000;14065255555;14265255555
2566;14297333000;14106611111;14306611111
2567;14297336000;14106611111;14306611111
2568;14297337000;14106611111;14306611111
2569;14297338000;14106611111;14306611111
2570;14297339000;14106611111;14306611111
2571;14297340000;14106611111;14306611111
2572;14297341000;14106611111;14306611111
2573;14297541000;14106655555;14306655555
2574;14297547000;14106977777;14306977777
2575;14297548000;14106977777;14306977777
2576;14297549000;14106977777;14306977777
2577;14338775000;14148233333;14348233333
2578;14338779000;14148233333;14348233333
2579;14338780000;14148233333;14348233333
2580;14338781000;14148233333;14348233333
2581;14338782000;14148233333;14348233333
2582;14338783000;14148233333;14348233333
2583;14338784000;14148233333;14348233333
2584;14338995000;14148288888;14348288888
2585;14339001000;14148588888;14348588888
2586;14339002000;14148588888;14348588888
2587;14339003000;14148588888;14348588888
2588;14380569000;14189844444;14389844444
2589;14380572000;14189844444;14389844444
2590;14380573000;14189844444;14389844444
2591;14380574000;14189844444;14389844444
2592;14380575000;14189844444;14389844444
2593;14380576000;14189844444;14389844444
2594;14380577000;14189844444;14389844444
2595;14380767000;14189933333;14389933333
2596;14380773000;14190266666;14390266666
2597;14380774000;14190266666;14390266666
2598;14380775000;14190266666;14390266666
2599;14422285000;14231511111;14431511111
2600;14422290000;14231511111;14431511111
2601;14422292000;14231511111;14431511111
2602;14422293000;14231511111;14431511111
2603;14422294000;14231511111;14431511111
2604;14422296000;14231511111;14431511111
2605;14422297000;14231511111;14431511111
2606;14422564000;14231566666;14431566666
2607;14422581000;14231900000;14431900000
2608;14422582000;14231900000;14431900000
2609;14422583000;14231900000;14431900000
2610;14463779000;14273211111;14473211111
2611;14463782000;14273211111;14473211111
2612;14463783000;14273211111;14473211111
2613;14463784000;14273211111;14473211111
2614;14463786000;14273211111;14473211111
2615;14463800000;14273211111;14473211111
2616;14463802000;14273211111;14473211111
2617;14463999000;14273266666;14473266666
2618;14464014000;14273544444;14473544444
2619;14464015000;14273544444;14473544444
2620;14464016000;14273544444;14473544444
2621;14505525000;14314911111;14514911111
2622;14505528000;14314911111;14514911111
2623;14505529000;14314911111;14514911111
2624;14505531000;14314911111;14514911111
2625;14505532000;14314911111;14514911111
2626;14505533000;14314911111;14514911111
2627;14505534000;14314911111;14514911111
2628;14505761000;14314966666;14514966666
2629;14505776000;14315288888;14515288888
2630;14505778000;14315288888;14515288888
2631;14505779000;14315288888;14515288888
2632;14547338000;14356600000;14556600000
2633;14547342000;14356600000;14556600000
2634;14547343000;14356600000;14556600000
2635;14547345000;14356600000;14556600000
2636;14547346000;14356600000;14556600000
2637;14547347000;14356600000;14556600000
2638;14547348000;14356600000;14556600000
2639;14547544000;14356655555;14556655555
2640;14547559000;14356966666;14556966666
2641;14547560000;14356966666;14556966666
2642;14547561000;14356966666;14556966666
2643;14588825000;14398244444;14598244444
2644;14588828000;14398244444;14598244444
2645;14588829000;14398244444;14598244444
2646;14588830000;14398244444;14598244444
2647;14588831000;14398244444;14598244444
2648;14588832000;14398244444;14598244444
2649;14588833000;14398244444;14598244444
2650;14589029000;14398300000;14598300000
2651;14589035000;14398577777;14598577777
2652;14589036000;14398577777;14598577777
2653;14589037000;14398577777;14598577777
2654;14630591000;14439855555;14639855555
2655;14630594000;14439855555;14639855555
2656;14630595000;14439855555;14639855555
2657;14630596000;14439855555;14639855555
2658;14630597000;14439855555;14639855555
2659;14630598000;14439855555;14639855555
2660;14630599000;14439855555;14639855555
2661;14630795000;14439944444;14639944444
2662;14630810000;14440244444;14640244444
2663;14630811000;14440244444;14640244444
2664;14630812000;14440244444;14640244444
2665;14672232000;14481511111;14681511111
2666;14672236000;14481511111;14681511111
2667;14672237000;14481511111;14681511111
2668;14672238000;14481511111;14681511111
2669;14672239000;14481511111;14681511111
2670;14672240000;14481511111;14681511111
2671;14672240000;14481511111;14681511111
2672;14672437000;14481566666;14681566666
2673;14672443000;14481833333;14681833333
2674;14672444000;14481833333;14681833333
2675;14672445000;14481833333;14681833333
2676;14713751000;14523255555;14723255555
2677;14713754000;14523255555;14723255555
2678;14713755000;14523255555;14723255555
2679;14713756000;14523255555;14723255555
2680;14713757000;14523255555;14723255555
2681;14713758000;14523255555;14723255555
2682;14713759000;14523255555;14723255555
2683;14713877000;14523300000;14723300000
2684;14713882000;14523577777;14723577777
2685;14713883000;14523577777;14723577777
2686;14713884000;14523577777;14723577777
2687;14755546000;14564844444;14764844444
2688;14755549000;14564844444;14764844444
2689;14755550000;14564844444;14764844444
2690;14755551000;14564844444;14764844444
2691;14755552000;14564844444;14764844444
2692;14755553000;14564844444;14764844444
2693;14755554000;14564844444;14764844444
2694;14755673000;14564955555;14764955555
2695;14755678000;14565255555;14765255555
2696;14755679000;14565255555;14765255555
2697;14755680000;14565255555;14765255555
2698;14797074000;14606544444;14806544444
2699;14797087000;14606544444;14806544444
2700;14797089000;14606544444;14806544444
2701;14797090000;14606544444;14806544444
2702;14797091000;14606544444;14806544444
2703;14797092000;14606544444;14806544444
2704;14797093000;14606544444;14806544444
2705;14797214000;14606600000;14806600000
2706;14797219000;14606900000;14806900000
2707;14797221000;14606900000;14806900000
2708;14797222000;14606900000;14806900000
2709;14838756000;14648211111;14848211111
2710;14838759000;14648211111;14848211111
2711;14838761000;14648211111;14848211111
2712;14838762000;14648211111;14848211111
2713;14838763000;14648211111;14848211111
2714;14838764000;14648211111;14848211111
2715;14838773000;14648211111;14848211111
2716;14838970000;14648255555;14848255555
2717;14838985000;14648555555;14848555555
2718;14838986000;14648555555;14848555555
2719;14838987000;14648555555;14848555555
2720;14880746000;14690011111;14890011111
2721;14880749000;14690011111;14890011111
2722;14880750000;14690011111;14890011111
2723;14880752000;14690011111;14890011111
2724;14880753000;14690011111;14890011111
2725;14880753000;14690011111;14890011111
2726;14880755000;14690011111;14890011111
2727;14880951000;14690066666;14890066666
2728;14880957000;14690366666;14890366666
2729;14880958000;14690366666;14890366666
2730;14880959000;14690366666;14890366666
2731;14922232000;14731677777;14931677777
2732;14922235000;14731677777;14931677777
2733;14922236000;14731677777;14931677777
2734;14922237000;14731677777;14931677777
2735;14922238000;14731677777;14931677777
2736;14922239000;14731677777;14931677777
2737;14922240000;14731677777;14931677777
2738;14922437000;14731722222;14931722222
2739;14922443000;14732033333;14932033333
2740;14922444000;14732033333;14932033333
2741;14922445000;14732033333;14932033333
2742;14963919000;14773211111;14973211111
2743;14963922000;14773211111;14973211111
2744;14963923000;14773211111;14973211111
2745;14963924000;14773211111;14973211111
2746;14963925000;14773211111;14973211111
2747;14963926000;14773211111;14973211111
2748;14963927000;14773211111;14973211111
2749;14964124000;14773266666;14973266666
2750;14964130000;14773533333;14973533333
2751;14964131000;14773533333;14973533333
2752;14964132000;14773533333;14973533333
2753;15005669000;14814955555;15014955555
2754;15005672000;14814955555;15014955555
2755;15005673000;14814955555;15014955555
2756;15005674000;14814955555;15014955555
2757;15005675000;14814955555;15014955555
2758;15005676000;14814955555;15014955555
2759;15005677000;14814955555;15014955555
2760;15005873000;14815000000;15015000000
2761;15005888000;14815300000;15015300000
2762;15005889000;14815300000;15015300000
2763;15005890000;14815300000;15015300000
2764;15047193000;14856611111;15056611111
2765;15047196000;14856611111;15056611111
2766;15047197000;14856611111;15056611111
2767;15047198000;14856611111;15056611111
2768;15047199000;14856611111;15056611111
2769;15047200000;14856611111;15056611111
2770;15047201000;14856611111;15056611111
2771;15047413000;14856666666;15056666666
2772;15047427000;14856977777;15056977777
2773;15047429000;14856977777;15056977777
2774;15047430000;14856977777;15056977777
2775;15088870000;14898300000;15098300000
2776;15088873000;14898300000;15098300000
2777;15088874000;14898300000;15098300000
2778;15088875000;14898300000;15098300000
2779;15088876000;14898300000;15098300000
2780;15088877000;14898300000;15098300000
2781;15088878000;14898300000;15098300000
2782;15089090000;14898355555;15098355555
2783;15089105000;14898633333;15098633333
2784;15089106000;14898633333;15098633333
2785;15089107000;14898633333;15098633333
2786;15130630000;14939888888;15139888888
2787;15130633000;14939888888;15139888888
2788;15130634000;14939888888;15139888888
2789;15130635000;14939888888;15139888888
2790;15130636000;14939888888;15139888888
2791;15130637000;14939888888;15139888888
2792;15130638000;14939888888;15139888888
2793;15130834000;14939955555;15139955555
2794;15130849000;14940266666;15140266666
2795;15130850000;14940266666;15140266666
2796;15130851000;14940266666;15140266666
2797;15172237000;14981511111;15181511111
2798;15172241000;14981511111;15181511111
2799;15172242000;14981511111;15181511111
2800;15172242000;14981511111;15181511111
2801;15172244000;14981511111;15181511111
2802;15172244000;14981511111;15181511111
2803;15172245000;14981511111;15181511111
2804;15172441000;14981566666;15181566666
2805;15172447000;14981855555;15181855555
2806;15172448000;14981855555;15181855555
2807;15172449000;14981855555;15181855555
2808;15213804000;15023277777;15223277777
2809;15213807000;15023277777;15223277777
2810;15213808000;15023277777;15223277777
2811;15213810000;15023277777;15223277777
2812;15213810000;15023277777;15223277777
2813;15213811000;15023277777;15223277777
2814;15213812000;15023277777;15223277777
2815;15214015000;15023322222;15223322222
2816;15214022000;15023611111;15223611111
2817;15214023000;15023611111;15223611111
2818;15214024000;15023611111;15223611111
2819;15255702000;15064988888;15264988888
2820;15255705000;15064988888;15264988888
2821;15255706000;15064988888;15264988888
2822;15255707000;15064988888;15264988888
2823;15255708000;15064988888;15264988888
2824;15255709000;15064988888;15264988888
2825;15255710000;15064988888;15264988888
2826;15255923000;15065044444;15265044444
2827;15255929000;15065333333;15265333333
2828;15255930000;15065333333;15265333333
2829;15255931000;15065333333;15265333333
2830;15297396000;15106677777;15306677777
2831;15297400000;15106677777;15306677777
2832;15297401000;15106677777;15306677777
2833;15297402000;15106677777;15306677777
2834;15297403000;15106677777;15306677777
2835;15297404000;15106677777;15306677777
2836;15297404000;15106677777;15306677777
2837;15297603000;15106722222;15306722222
2838;15297618000;15107022222;15307022222
2839;15297619000;15107022222;15307022222
2840;15297620000;15107022222;15307022222
2841;15338929000;15148211111;15348211111
2842;15338933000;15148211111;15348211111
2843;15338934000;15148211111;15348211111
2844;15338935000;15148211111;15348211111
2846;15339298000;15148211111;15348211111
2848;15339545000;15148266666;15348266666
2849;15339559000;15148555555;15348555555
2850;15339561000;15148555555;15348555555
2851;15339562000;15148555555;15348555555
2852;15380650000;15189888888;15389888888
2853;15380654000;15189888888;15389888888
2854;15380655000;15189888888;15389888888
2855;15380656000;15189888888;15389888888
2856;15380657000;15189888888;15389888888
2857;15380658000;15189888888;15389888888
2858;15380659000;15189888888;15389888888
2859;15380909000;15189966666;15389966666
2860;15380924000;15190300000;15390300000
2861;15380925000;15190300000;15390300000
2862;15380926000;15190300000;15390300000
2863;15422272000;15231544444;15431544444
2864;15422275000;15231544444;15431544444
2865;15422276000;15231544444;15431544444
2866;15422277000;15231544444;15431544444
2867;15422278000;15231544444;15431544444
2868;15422279000;15231544444;15431544444
2869;15422280000;15231544444;15431544444
2870;15422450000;15231600000;15431600000
2871;15422452000;15231911111;15431911111
2873;15422762000;15231911111;15431911111
2874;15463762000;15273211111;15473211111
2875;15463765000;15273211111;15473211111
2876;15463766000;15273211111;15473211111
2877;15463767000;15273211111;15473211111
2878;15463768000;15273211111;15473211111
2879;15463769000;15273211111;15473211111
2880;15463770000;15273211111;15473211111
2881;15463966000;15273255555;15473255555
2882;15463972000;15273522222;15473522222
2883;15463973000;15273522222;15473522222
2884;15463974000;15273522222;15473522222
2885;15505495000;15314933333;15514933333
2886;15505498000;15314933333;15514933333
2887;15505499000;15314933333;15514933333
2888;15505500000;15314933333;15514933333
2889;15505512000;15314933333;15514933333
2890;15505513000;15314933333;15514933333
2891;15505514000;15314933333;15514933333
2892;15505720000;15315000000;15515000000
2893;15505735000;15315311111;15515311111
2894;15505736000;15315311111;15515311111
2895;15505737000;15315311111;15515311111
2896;15547095000;15356544444;15556544444
2897;15547098000;15356544444;15556544444
2898;15547099000;15356544444;15556544444
2899;15547100000;15356544444;15556544444
2900;15547101000;15356544444;15556544444
2901;15547102000;15356544444;15556544444
2902;15547103000;15356544444;15556544444
2903;15547271000;15356588888;15556588888
2904;15547275000;15356866666;15556866666
2905;15547276000;15356866666;15556866666
2906;15547277000;15356866666;15556866666
2907;15588748000;15398200000;15598200000
2908;15588751000;15398200000;15598200000
2909;15588753000;15398200000;15598200000
2910;15588754000;15398200000;15598200000
2911;15588754000;15398200000;15598200000
2912;15588755000;15398200000;15598200000
2913;15588756000;15398200000;15598200000
2914;15588934000;15398255555;15598255555
2915;15588941000;15398522222;15598522222
2916;15588942000;15398522222;15598522222
2917;15588943000;15398522222;15598522222
2918;15630623000;15439911111;15639911111
2919;15630626000;15439911111;15639911111
2920;15630627000;15439911111;15639911111
2921;15630629000;15439911111;15639911111
2922;15630630000;15439911111;15639911111
2923;15630631000;15439911111;15639911111
2924;15630632000;15439911111;15639911111
2925;15630830000;15439977777;15639977777
2926;15630836000;15440277777;15640277777
2927;15630837000;15440277777;15640277777
2928;15630838000;15440277777;15640277777
2929;15672326000;15481611111;15681611111
2930;15672331000;15481611111;15681611111
2931;15672332000;15481611111;15681611111
2932;15672334000;15481611111;15681611111
2933;15672335000;15481611111;15681611111
2934;15672337000;15481611111;15681611111
2935;15672338000;15481611111;15681611111
2936;15672586000;15481655555;15681655555
2937;15672602000;15481944444;15681944444
2938;15672603000;15481944444;15681944444
2939;15672605000;15481944444;15681944444
2940;15714171000;15523455555;15723455555
2941;15714175000;15523455555;15723455555
2942;15714176000;15523455555;15723455555
2943;15714178000;15523455555;15723455555
2944;15714179000;15523455555;15723455555
2945;15714180000;15523455555;15723455555
2946;15714181000;15523455555;15723455555
2947;15714378000;15523511111;15723511111
2948;15714384000;15523766666;15723766666
2949;15714385000;15523766666;15723766666
2950;15714387000;15523766666;15723766666
2951;15755620000;15565044444;15765044444
2952;15755624000;15565044444;15765044444
2953;15755625000;15565044444;15765044444
2954;15755626000;15565044444;15765044444
2955;15755628000;15565044444;15765044444
2956;15755629000;15565044444;15765044444
2957;15755630000;15565044444;15765044444
2958;15755827000;15565088888;15765088888
2959;15755833000;15565388888;15765388888
2960;15755835000;15565388888;15765388888
2961;15755836000;15565388888;15765388888
2962;15797119000;15606555555;15806555555
2963;15797123000;15606555555;15806555555
2964;15797124000;15606555555;15806555555
2965;15797125000;15606555555;15806555555
2966;15797126000;15606555555;15806555555
2967;15797127000;15606555555;15806555555
2968;15797128000;15606555555;15806555555
2969;15797571000;15606888888;15806888888
2970;15797577000;15607177777;15807177777
2971;15797578000;15607177777;15807177777
2972;15797579000;15607177777;15807177777
2973;15838911000;15648188888;15848188888
2974;15838914000;15648188888;15848188888
2975;15838916000;15648188888;15848188888
2976;15838917000;15648188888;15848188888
2977;15838918000;15648188888;15848188888
2978;15838918000;15648188888;15848188888
2979;15838919000;15648188888;15848188888
2980;15839116000;15648233333;15848233333
2981;15839132000;15648511111;15848511111
2982;15839133000;15648511111;15848511111
2983;15839134000;15648511111;15848511111
2984;15880467000;15689933333;15889933333
2985;15880479000;15689933333;15889933333
2986;15880481000;15689933333;15889933333
2987;15880482000;15689933333;15889933333
2988;15880483000;15689933333;15889933333
2989;15880484000;15689933333;15889933333
2990;15880485000;15689933333;15889933333
2991;15880697000;15689988888;15889988888
2992;15880704000;15690277777;15890277777
2993;15880705000;15690277777;15890277777
2994;15880706000;15690277777;15890277777
2995;15922029000;15731511111;15931511111
2996;15922032000;15731511111;15931511111
2997;15922033000;15731511111;15931511111
2998;15922034000;15731511111;15931511111
2999;15922035000;15731511111;15931511111
3000;15922036000;15731511111;15931511111
3001;15922037000;15731511111;15931511111
3002;15922234000;15731566666;15931566666
3003;15922240000;15731833333;15931833333
3004;15922241000;15731833333;15931833333
3005;15922242000;15731833333;15931833333
3006;15964165000;15773466666;15973466666
3007;15964168000;15773466666;15973466666
3008;15964169000;15773466666;15973466666
3009;15964170000;15773466666;15973466666
3010;15964171000;15773466666;15973466666
3011;15964172000;15773466666;15973466666
3012;15964173000;15773466666;15973466666
3013;15964368000;15773522222;15973522222
3014;15964374000;15773755555;15973755555
3015;15964376000;15773755555;15973755555
3016;15964376000;15773755555;15973755555
3017;16005706000;15814911111;16014911111
3018;16005720000;15814911111;16014911111
3019;16005721000;15814911111;16014911111
3020;16005722000;15814911111;16014911111
3021;16005724000;15814911111;16014911111
3022;16005725000;15814911111;16014911111
3023;16005726000;15814911111;16014911111
3024;16005935000;15814966666;16014966666
3025;16005950000;15815244444;16015244444
3026;16005952000;15815244444;16015244444
3027;16005953000;15815244444;16015244444
3028;16047072000;15856511111;16056511111
3029;16047076000;15856511111;16056511111
3030;16047077000;15856511111;16056511111
3031;16047078000;15856511111;16056511111
3032;16047079000;15856511111;16056511111
3033;16047080000;15856511111;16056511111
3034;16047081000;15856511111;16056511111
3035;16047278000;15856566666;16056566666
3036;16047293000;15856833333;16056833333
3037;16047294000;15856833333;16056833333
3038;16047296000;15856833333;16056833333
3039;16088919000;15898211111;16098211111
3040;16088923000;15898211111;16098211111
3041;16088924000;15898211111;16098211111
3042;16088925000;15898211111;16098211111
3043;16088926000;15898211111;16098211111
3044;16088927000;15898211111;16098211111
3045;16088929000;15898211111;16098211111
3046;16089126000;15898266666;16098266666
3047;16089142000;15898522222;16098522222
3048;16089143000;15898522222;16098522222
3049;16089144000;15898522222;16098522222
3050;16130458000;15939900000;16139900000
3051;16130463000;15939900000;16139900000
3052;16130464000;15939900000;16139900000
3053;16130465000;15939900000;16139900000
3054;16130466000;15939900000;16139900000
3055;16130468000;15939900000;16139900000
3056;16130469000;15939900000;16139900000
3057;16130658000;15939955555;16139955555
3058;16130673000;15940255555;16140255555
3059;16130675000;15940255555;16140255555
3060;16130676000;15940255555;16140255555
3061;16172068000;15981522222;16181522222
3062;16172071000;15981522222;16181522222
3063;16172072000;15981522222;16181522222
3064;16172073000;15981522222;16181522222
3065;16172074000;15981522222;16181522222
3066;16172075000;15981522222;16181522222
3067;16172076000;15981522222;16181522222
3068;16172246000;15981566666;16181566666
3069;16172248000;15981866666;16181866666
3070;16172249000;15981866666;16181866666
3071;16172250000;15981866666;16181866666
3072;16213805000;16023288888;16223288888
3073;16213808000;16023288888;16223288888
3074;16213809000;16023288888;16223288888
3075;16213810000;16023288888;16223288888
3076;16213811000;16023288888;16223288888
3077;16213812000;16023288888;16223288888
3078;16213813000;16023288888;16223288888
3079;16213981000;16023344444;16223344444
3080;16213985000;16023622222;16223622222
3081;16213986000;16023622222;16223622222
3082;16213987000;16023622222;16223622222
3083;16255530000;16064977777;16264977777
3084;16255533000;16064977777;16264977777
3085;16255534000;16064977777;16264977777
3086;16255536000;16064977777;16264977777
3087;16255536000;16064977777;16264977777
3088;16255537000;16064977777;16264977777
3089;16255548000;16064977777;16264977777
3090;16255743000;16065033333;16265033333
3091;16255749000;16065311111;16265311111
3092;16255751000;16065311111;16265311111
3093;16255751000;16065311111;16265311111
3094;16297516000;16106788888;16306788888
3095;16297520000;16106788888;16306788888
3096;16297521000;16106788888;16306788888
3097;16297531000;16106788888;16306788888
3098;16297532000;16106788888;16306788888
3099;16297533000;16106788888;16306788888
3100;16297534000;16106788888;16306788888
3101;16297756000;16106844444;16306844444
3102;16297771000;16107133333;16307133333
3103;16297772000;16107133333;16307133333
3104;16297773000;16107133333;16307133333
3105;16339040000;16148477777;16348477777
3106;16339044000;16148477777;16348477777
3107;16339045000;16148477777;16348477777
3108;16339046000;16148477777;16348477777
3109;16339047000;16148477777;16348477777
3110;16339048000;16148477777;16348477777
3111;16339049000;16148477777;16348477777
3112;16339252000;16148533333;16348533333
3113;16339268000;16148811111;16348811111
3114;16339269000;16148811111;16348811111
3115;16339270000;16148811111;16348811111
3116;16380846000;16190300000;16390300000
3117;16380849000;16190300000;16390300000
3118;16380859000;16190300000;16390300000
3119;16380860000;16190300000;16390300000
3120;16380861000;16190300000;16390300000
3121;16380862000;16190300000;16390300000
3122;16380862000;16190300000;16390300000
3123;16381059000;16190355555;16390355555
3124;16381074000;16190666666;16390666666
3125;16381075000;16190666666;16390666666
3126;16381076000;16190666666;16390666666
3127;16422612000;16231888888;16431888888
3128;16422616000;16231888888;16431888888
3129;16422616000;16231888888;16431888888
3130;16422617000;16231888888;16431888888
3131;16422618000;16231888888;16431888888
3132;16422619000;16231888888;16431888888
3133;16422620000;16231888888;16431888888
3134;16422816000;16231944444;16431944444
3135;16422822000;16232222222;16432222222
3136;16422823000;16232222222;16432222222
3137;16422825000;16232222222;16432222222
3138;16464119000;16273411111;16473411111
3139;16464122000;16273411111;16473411111
3140;16464123000;16273411111;16473411111
3141;16464124000;16273411111;16473411111
3142;16464125000;16273411111;16473411111
3143;16464126000;16273411111;16473411111
3144;16464127000;16273411111;16473411111
3145;16464322000;16273466666;16473466666
3146;16464328000;16273722222;16473722222
3147;16464330000;16273722222;16473722222
3148;16464330000;16273722222;16473722222
3149;16505607000;16314855555;16514855555
3150;16505610000;16314855555;16514855555
3151;16505611000;16314855555;16514855555
3152;16505612000;16314855555;16514855555
3153;16505613000;16314855555;16514855555
3154;16505614000;16314855555;16514855555
3155;16505615000;16314855555;16514855555
3156;16505827000;16315000000;16515000000
3157;16505833000;16315300000;16515300000
3158;16505834000;16315300000;16515300000
3159;16505835000;16315300000;16515300000
3160;16547357000;16356633333;16556633333
3161;16547360000;16356633333;16556633333
3162;16547361000;16356633333;16556633333
3163;16547362000;16356633333;16556633333
3164;16547363000;16356633333;16556633333
3165;16547364000;16356633333;16556633333
3166;16547365000;16356633333;16556633333
3167;16547639000;16356688888;16556688888
3168;16547645000;16357022222;16557022222
3169;16547646000;16357022222;16557022222
3170;16547647000;16357022222;16557022222
3172;16589762000;16398355555;16598355555
3173;16589766000;16398355555;16598355555
3174;16589767000;16398355555;16598355555
3175;16589768000;16398355555;16598355555
3176;16589769000;16398355555;16598355555
3177;16589770000;16398355555;16598355555
3178;16589891000;16398411111;16598411111
3179;16589906000;16398677777;16598677777
3180;16589907000;16398677777;16598677777
3181;16589908000;16398677777;16598677777
3182;16630890000;16440155555;16640155555
3183;16630894000;16440155555;16640155555
3184;16630894000;16440155555;16640155555
3185;16630895000;16440155555;16640155555
3186;16630897000;16440155555;16640155555
3187;16630897000;16440155555;16640155555
3188;16630898000;16440155555;16640155555
3189;16631094000;16440211111;16640211111
3190;16631109000;16440522222;16640522222
3191;16631110000;16440522222;16640522222
3192;16631112000;16440522222;16640522222
3193;16672376000;16481777777;16681777777
3194;16672379000;16481777777;16681777777
3195;16672380000;16481777777;16681777777
3196;16672381000;16481777777;16681777777
3197;16672382000;16481777777;16681777777
3198;16672383000;16481777777;16681777777
3199;16672384000;16481777777;16681777777
3200;16672624000;16481922222;16681922222
3201;16672639000;16482200000;16682200000
3202;16672641000;16482200000;16682200000
3203;16672642000;16482200000;16682200000
3204;16714199000;16523611111;16723611111
3205;16714202000;16523611111;16723611111
3206;16714203000;16523611111;16723611111
3207;16714204000;16523611111;16723611111
3208;16714205000;16523611111;16723611111
3209;16714206000;16523611111;16723611111
3210;16714207000;16523611111;16723611111
3211;16714421000;16523666666;16723666666
3212;16714427000;16523988888;16723988888
3213;16714428000;16523988888;16723988888
3214;16714429000;16523988888;16723988888
3215;16755837000;16565277777;16765277777
3216;16755841000;16565277777;16765277777
3217;16755842000;16565277777;16765277777
3218;16755843000;16565277777;16765277777
3219;16755851000;16565277777;16765277777
3220;16755852000;16565277777;16765277777
3221;16755853000;16565277777;16765277777
3222;16756139000;16565466666;16765466666
3223;16756155000;16565766666;16765766666
3224;16756156000;16565766666;16765766666
3225;16756157000;16565766666;16765766666
3226;16798137000;16606522222;16806522222
3227;16798141000;16606522222;16806522222
3228;16798143000;16606522222;16806522222
3229;16798144000;16606522222;16806522222
3230;16798145000;16606522222;16806522222
3231;16798146000;16606522222;16806522222
3232;16798147000;16606522222;16806522222
3233;16798374000;16606566666;16806566666
3234;16798380000;16606944444;16806944444
3235;16798381000;16606944444;16806944444
3236;16798383000;16606944444;16806944444
3237;16838936000;16648177777;16848177777
3238;16838940000;16648177777;16848177777
3239;16838941000;16648177777;16848177777
3240;16838942000;16648177777;16848177777
3241;16838943000;16648177777;16848177777
3242;16838944000;16648177777;16848177777
3243;16838945000;16648177777;16848177777
3244;16839142000;16648233333;16848233333
3245;16839157000;16648522222;16848522222
3246;16839159000;16648522222;16848522222
3247;16839160000;16648522222;16848522222
3248;16880571000;16689988888;16889988888
3249;16880574000;16689988888;16889988888
3250;16880575000;16689988888;16889988888
3251;16880577000;16689988888;16889988888
3252;16880578000;16689988888;16889988888
3253;16880579000;16689988888;16889988888
3254;16880580000;16689988888;16889988888
3255;16880793000;16690044444;16890044444
3256;16880808000;16690377777;16890377777
3257;16880810000;16690377777;16890377777
3258;16880811000;16690377777;16890377777
3259;16922370000;16731788888;16931788888
3260;16922374000;16731788888;16931788888
3261;16922375000;16731788888;16931788888
3262;16922376000;16731788888;16931788888
3263;16922377000;16731788888;16931788888
3264;16922379000;16731788888;16931788888
3265;16922380000;16731788888;16931788888
3266;16922624000;16731844444;16931844444
3267;16922630000;16732155555;16932155555
3268;16922631000;16732155555;16932155555
3269;16922632000;16732155555;16932155555
3270;16963909000;16773333333;16973333333
3271;16963912000;16773333333;16973333333
3272;16963913000;16773333333;16973333333
3273;16963914000;16773333333;16973333333
3274;16963915000;16773333333;16973333333
3275;16963916000;16773333333;16973333333
3276;16963917000;16773333333;16973333333
3277;16964114000;16773522222;16973522222
3278;16964120000;16773777777;16973777777
3279;16964121000;16773777777;16973777777
3280;16964122000;16773777777;16973777777
3281;17005449000;16814900000;17014900000
3282;17005453000;16814900000;17014900000
3283;17005454000;16814900000;17014900000
3284;17005454000;16814900000;17014900000
3285;17005455000;16814900000;17014900000
3286;17005456000;16814900000;17014900000
3287;17005457000;16814900000;17014900000
3288;17005640000;16814955555;17014955555
3289;17005644000;16815277777;17015277777
3290;17005645000;16815277777;17015277777
3291;17005646000;16815277777;17015277777
3292;17047344000;16856644444;17056644444
3293;17047347000;16856644444;17056644444
3294;17047348000;16856644444;17056644444
3295;17047349000;16856644444;17056644444
3296;17047350000;16856644444;17056644444
3297;17047351000;16856644444;17056644444
3298;17047352000;16856644444;17056644444
3299;17047559000;16856700000;17056700000
3300;17047565000;16857022222;17057022222
3301;17047566000;16857022222;17057022222
3302;17047567000;16857022222;17057022222
3303;17088785000;16898211111;17098211111
3304;17088788000;16898211111;17098211111
3305;17088789000;16898211111;17098211111
3306;17088790000;16898211111;17098211111
3307;17088791000;16898211111;17098211111
3308;17088792000;16898211111;17098211111
3309;17088793000;16898211111;17098211111
3310;17088989000;16898266666;17098266666
3311;17089004000;16898544444;17098544444
3312;17089006000;16898544444;17098544444
3313;17089007000;16898544444;17098544444
3314;17130593000;16939988888;17139988888
3315;17130596000;16939988888;17139988888
3316;17130597000;16939988888;17139988888
3317;17130598000;16939988888;17139988888
3318;17130599000;16939988888;17139988888
3319;17130608000;16939988888;17139988888
3320;17130609000;16939988888;17139988888
3321;17130829000;16940044444;17140044444
3322;17130834000;16940355555;17140355555
3323;17130835000;16940355555;17140355555
3324;17130836000;16940355555;17140355555
3325;17172302000;16981722222;17181722222
3326;17172306000;16981722222;17181722222
3327;17172307000;16981722222;17181722222
3328;17172308000;16981722222;17181722222
3329;17172309000;16981722222;17181722222
3330;17172310000;16981722222;17181722222
3331;17172311000;16981722222;17181722222
3332;17172444000;16981777777;17181777777
3333;17172446000;16982122222;17182122222
3334;17172447000;16982122222;17182122222
3335;17172448000;16982122222;17182122222
3336;17214251000;17023500000;17223500000
3337;17214255000;17023500000;17223500000
3338;17214256000;17023500000;17223500000
3339;17214257000;17023500000;17223500000
3340;17214259000;17023500000;17223500000
3341;17214260000;17023500000;17223500000
3342;17214261000;17023500000;17223500000
3343;17214497000;17023566666;17223566666
3344;17214504000;17023900000;17223900000
3345;17214505000;17023900000;17223900000
3346;17214506000;17023900000;17223900000
3347;17255583000;17065022222;17265022222
3348;17255587000;17065022222;17265022222
3349;17255588000;17065022222;17265022222
3350;17255589000;17065022222;17265022222
3351;17255590000;17065022222;17265022222
3352;17255592000;17065022222;17265022222
3353;17255593000;17065022222;17265022222
3354;17255789000;17065066666;17265066666
3355;17255804000;17065355555;17265355555
3356;17255805000;17065355555;17265355555
3357;17255806000;17065355555;17265355555
3358;17297253000;17106688888;17306688888
3359;17297256000;17106688888;17306688888
3360;17297257000;17106688888;17306688888
3361;17297259000;17106688888;17306688888
3362;17297260000;17106688888;17306688888
3363;17297261000;17106688888;17306688888
3364;17297262000;17106688888;17306688888
3365;17297430000;17106744444;17306744444
3366;17297435000;17107055555;17307055555
3367;17297436000;17107055555;17307055555
3368;17297437000;17107055555;17307055555
3369;17339495000;17148766666;17348766666
3370;17339508000;17148766666;17348766666
3371;17339509000;17148766666;17348766666
3372;17339511000;17148766666;17348766666
3373;17339512000;17148766666;17348766666
3374;17339513000;17148766666;17348766666
3375;17339514000;17148766666;17348766666
3376;17339720000;17148822222;17348822222
3377;17339726000;17149255555;17349255555
3378;17339727000;17149255555;17349255555
3379;17339728000;17149255555;17349255555
3380;17380886000;17190322222;17390322222
3381;17380889000;17190322222;17390322222
3382;17380890000;17190322222;17390322222
3383;17380891000;17190322222;17390322222
3384;17380892000;17190322222;17390322222
3385;17380893000;17190322222;17390322222
3386;17380894000;17190322222;17390322222
3387;17381105000;17190522222;17390522222
3388;17381111000;17190900000;17390900000
3389;17381112000;17190900000;17390900000
3390;17381113000;17190900000;17390900000
3391;17422512000;17231777777;17431777777
3392;17422515000;17231777777;17431777777
3393;17422516000;17231777777;17431777777
3394;17422526000;17231777777;17431777777
3395;17422527000;17231777777;17431777777
3396;17422528000;17231777777;17431777777
3397;17422529000;17231777777;17431777777
3398;17422760000;17231822222;17431822222
3399;17422766000;17232155555;17432155555
3400;17422768000;17232155555;17432155555
3401;17422769000;17232155555;17432155555
3402;17464228000;17273522222;17473522222
3403;17464231000;17273522222;17473522222
3404;17464232000;17273522222;17473522222
3405;17464233000;17273522222;17473522222
3406;17464234000;17273522222;17473522222
3407;17464235000;17273522222;17473522222
3408;17464236000;17273522222;17473522222
3409;17464432000;17273577777;17473577777
3411;17464698000;17273844444;17473844444
3412;17464699000;17273844444;17473844444
3413;17505662000;17315155555;17515155555
3414;17505665000;17315155555;17515155555
3415;17505666000;17315155555;17515155555
3416;17505667000;17315155555;17515155555
3417;17505668000;17315155555;17515155555
3418;17505669000;17315155555;17515155555
3419;17505670000;17315155555;17515155555
3420;17505874000;17315211111;17515211111
3421;17505880000;17315522222;17515522222
3422;17505881000;17315522222;17515522222
3423;17505882000;17315522222;17515522222
3424;17547215000;17356666666;17556666666
3425;17547218000;17356666666;17556666666
3426;17547219000;17356666666;17556666666
3427;17547221000;17356666666;17556666666
3428;17547221000;17356666666;17556666666
3429;17547222000;17356666666;17556666666
3430;17547223000;17356666666;17556666666
3431;17547629000;17356966666;17556966666
3432;17547635000;17357255555;17557255555
3433;17547636000;17357255555;17557255555
3434;17547637000;17357255555;17557255555
3435;17589168000;17398477777;17598477777
3436;17589171000;17398477777;17598477777
3437;17589172000;17398477777;17598477777
3438;17589173000;17398477777;17598477777
3439;17589174000;17398477777;17598477777
3440;17589175000;17398477777;17598477777
3441;17589176000;17398477777;17598477777
3442;17589380000;17398533333;17598533333
3443;17589387000;17398811111;17598811111
3444;17589388000;17398811111;17598811111
3445;17589389000;17398811111;17598811111
3446;17630518000;17439955555;17639955555
3447;17630533000;17439955555;17639955555
3448;17630534000;17439955555;17639955555
3449;17630535000;17439955555;17639955555
3450;17630536000;17439955555;17639955555
3451;17630538000;17439955555;17639955555
3452;17630539000;17439955555;17639955555
3453;17630744000;17440000000;17640000000
3454;17630750000;17440344444;17640344444
3455;17630751000;17440344444;17640344444
3456;17630752000;17440344444;17640344444
3457;17672103000;17481600000;17681600000
3458;17672106000;17481600000;17681600000
3459;17672107000;17481600000;17681600000
3460;17672108000;17481600000;17681600000
3461;17672109000;17481600000;17681600000
3462;17672110000;17481600000;17681600000
3463;17672111000;17481600000;17681600000
3464;17672323000;17481644444;17681644444
3465;17672329000;17481977777;17681977777
3466;17672330000;17481977777;17681977777
3467;17672331000;17481977777;17681977777
3468;17713734000;17523211111;17723211111
3469;17713738000;17523211111;17723211111
3470;17713739000;17523211111;17723211111
3471;17713739000;17523211111;17723211111
3472;17713740000;17523211111;17723211111
3473;17713741000;17523211111;17723211111
3474;17713742000;17523211111;17723211111
3475;17713938000;17523266666;17723266666
3476;17713944000;17523533333;17723533333
3477;17713945000;17523533333;17723533333
3478;17713946000;17523533333;17723533333
3479;17755781000;17565100000;17765100000
3480;17755784000;17565100000;17765100000
3481;17755786000;17565100000;17765100000
3482;17755786000;17565100000;17765100000
3483;17755787000;17565100000;17765100000
3484;17755789000;17565100000;17765100000
3485;17755790000;17565100000;17765100000
3486;17755971000;17565155555;17765155555
3487;17755978000;17565488888;17765488888
3488;17755979000;17565488888;17765488888
3489;17755980000;17565488888;17765488888
3490;17797451000;17606966666;17806966666
3491;17797455000;17606966666;17806966666
3492;17797456000;17606966666;17806966666
3493;17797458000;17606966666;17806966666
3494;17797459000;17606966666;17806966666
3495;17797460000;17606966666;17806966666
3496;17797461000;17606966666;17806966666
3497;17797659000;17607022222;17807022222
3498;17797664000;17607311111;17807311111
3499;17797665000;17607311111;17807311111
3500;17797667000;17607311111;17807311111
3501;17839228000;17648688888;17848688888
3502;17839231000;17648688888;17848688888
3503;17839232000;17648688888;17848688888
3504;17839233000;17648688888;17848688888
3505;17839235000;17648688888;17848688888
3506;17839236000;17648688888;17848688888
3507;17839237000;17648688888;17848688888
3508;17839447000;17648844444;17848844444
3509;17839450000;17649166666;17849166666
3510;17839451000;17649166666;17849166666
3511;17839452000;17649166666;17849166666
3512;17881043000;17690355555;17890355555
3513;17881047000;17690355555;17890355555
3514;17881048000;17690355555;17890355555
3515;17881049000;17690355555;17890355555
3516;17881050000;17690355555;17890355555
3517;17881051000;17690355555;17890355555
3518;17881052000;17690355555;17890355555
3519;17881624000;17690977777;17890977777
3520;17881639000;17691300000;17891300000
3521;17881640000;17691300000;17891300000
3522;17881641000;17691300000;17891300000
3523;17922322000;17731622222;17931622222
3524;17922326000;17731622222;17931622222
3525;17922327000;17731622222;17931622222
3526;17922328000;17731622222;17931622222
3527;17922329000;17731622222;17931622222
3528;17922330000;17731622222;17931622222
3529;17922331000;17731622222;17931622222
3530;17922682000;17732044444;17932044444
3531;17922697000;17732333333;17932333333
3532;17922698000;17732333333;17932333333
3533;17922699000;17732333333;17932333333
3534;17964386000;17773666666;17973666666
3535;17964390000;17773666666;17973666666
3536;17964391000;17773666666;17973666666
3537;17964392000;17773666666;17973666666
3538;17964392000;17773666666;17973666666
3539;17964393000;17773666666;17973666666
3540;17964394000;17773666666;17973666666
3541;17964628000;17773711111;17973711111
3542;17964643000;17774000000;17974000000
3543;17964644000;17774000000;17974000000
3545;18006499000;17815066666;18015066666
3546;18006512000;17815066666;18015066666
3547;18006514000;17815066666;18015066666
3548;18006515000;17815066666;18015066666
3549;18006517000;17815066666;18015066666
3550;18006527000;17815066666;18015066666
3551;18006529000;17815066666;18015066666
3552;18006662000;17815300000;18015300000
3553;18006677000;17815600000;18015600000
3554;18006679000;17815600000;18015600000
3555;18006680000;17815600000;18015600000
3556;18047561000;17856811111;18056811111
3557;18047565000;17856811111;18056811111
3558;18047566000;17856811111;18056811111
3559;18047567000;17856811111;18056811111
3560;18047568000;17856811111;18056811111
3561;18047569000;17856811111;18056811111
3562;18047571000;17856811111;18056811111
3563;18047790000;17856855555;18056855555
3564;18047795000;17857188888;18057188888
3565;18047796000;17857188888;18057188888
3566;18047798000;17857188888;18057188888
3567;18088853000;17898344444;18098344444
3568;18088857000;17898344444;18098344444
3569;18088858000;17898344444;18098344444
3570;18088868000;17898344444;18098344444
3571;18088869000;17898344444;18098344444
3572;18088871000;17898344444;18098344444
3573;18088872000;17898344444;18098344444
3574;18089069000;17898400000;18098400000
3575;18089075000;17898677777;18098677777
3576;18089076000;17898677777;18098677777
3577;18089077000;17898677777;18098677777
3578;18130716000;17940177777;18140177777
3579;18130720000;17940177777;18140177777
3580;18130721000;17940177777;18140177777
3581;18130722000;17940177777;18140177777
3582;18130723000;17940177777;18140177777
3583;18130724000;17940177777;18140177777
3584;18130726000;17940177777;18140177777
3585;18130929000;17940355555;18140355555
3586;18130945000;17940688888;18140688888
3587;18130946000;17940688888;18140688888
3588;18130947000;17940688888;18140688888
3589;18172260000;17981766666;18181766666
3590;18172264000;17981766666;18181766666
3591;18172265000;17981766666;18181766666
3592;18172275000;17981766666;18181766666
3593;18172276000;17981766666;18181766666
3594;18172277000;17981766666;18181766666
3595;18172278000;17981766666;18181766666
3596;18172409000;17981822222;18181822222
3597;18172412000;17982155555;18182155555
3598;18172413000;17982155555;18182155555
3599;18172414000;17982155555;18182155555
3600;18213703000;18023188888;18223188888
3601;18213707000;18023188888;18223188888
3602;18213708000;18023188888;18223188888
3603;18213709000;18023188888;18223188888
3604;18213710000;18023188888;18223188888
3605;18213711000;18023188888;18223188888
3606;18213711000;18023188888;18223188888
3607;18213923000;18023255555;18223255555
3608;18213929000;18023644444;18223644444
3609;18213930000;18023644444;18223644444
3610;18213931000;18023644444;18223644444
3611;18255591000;18064844444;18264844444
3612;18255594000;18064844444;18264844444
3613;18255595000;18064844444;18264844444
3614;18255596000;18064844444;18264844444
3615;18255597000;18064844444;18264844444
3616;18255598000;18064844444;18264844444
3617;18255599000;18064844444;18264844444
3618;18255796000;18064922222;18264922222
3619;18255802000;18065222222;18265222222
3620;18255811000;18065222222;18265222222
3621;18255812000;18065222222;18265222222
3622;18297225000;18106688888;18306688888
3623;18297228000;18106688888;18306688888
3624;18297229000;18106688888;18306688888
3625;18297230000;18106688888;18306688888
3626;18297231000;18106688888;18306688888
3627;18297232000;18106688888;18306688888
3628;18297233000;18106688888;18306688888
3629;18297429000;18106733333;18306733333
3630;18297435000;18107044444;18307044444
3631;18297436000;18107044444;18307044444
3632;18297437000;18107044444;18307044444
3633;18338993000;18148300000;18348300000
3634;18338997000;18148300000;18348300000
3635;18338998000;18148300000;18348300000
3636;18338999000;18148300000;18348300000
3637;18338999000;18148300000;18348300000
3638;18339001000;18148300000;18348300000
3639;18339001000;18148300000;18348300000
3640;18339228000;18148355555;18348355555
3641;18339234000;18148644444;18348644444
3642;18339235000;18148644444;18348644444
3643;18339236000;18148644444;18348644444
3644;18380577000;18190066666;18390066666
3645;18380581000;18190066666;18390066666
3646;18380582000;18190066666;18390066666
3647;18380583000;18190066666;18390066666
3648;18380584000;18190066666;18390066666
3649;18380585000;18190066666;18390066666
3650;18380586000;18190066666;18390066666
3651;18380789000;18190111111;18390111111
3652;18380795000;18190433333;18390433333
3653;18380796000;18190433333;18390433333
3654;18380797000;18190433333;18390433333
3655;18422266000;18231755555;18431755555
3656;18422280000;18231755555;18431755555
3657;18422281000;18231755555;18431755555
3658;18422282000;18231755555;18431755555
3659;18422283000;18231755555;18431755555
3660;18422285000;18231755555;18431755555
3661;18422286000;18231755555;18431755555
3662;18422429000;18231811111;18431811111
3663;18422432000;18232122222;18432122222
3664;18422433000;18232122222;18432122222
3665;18422434000;18232122222;18432122222
3666;18464295000;18273600000;18473600000
3667;18464299000;18273600000;18473600000
3668;18464301000;18273600000;18473600000
3669;18464302000;18273600000;18473600000
3670;18464303000;18273600000;18473600000
3671;18464304000;18273600000;18473600000
3672;18464305000;18273600000;18473600000
3673;18464518000;18273655555;18473655555
3674;18464534000;18273955555;18473955555
3675;18464535000;18273955555;18473955555
3676;18464537000;18273955555;18473955555
3677;18505962000;18315411111;18515411111
3678;18505966000;18315411111;18515411111
3679;18505967000;18315411111;18515411111
3680;18505968000;18315411111;18515411111
3681;18505969000;18315411111;18515411111
3682;18505970000;18315411111;18515411111
3683;18505972000;18315411111;18515411111
3684;18506181000;18315466666;18515466666
3685;18506184000;18315777777;18515777777
3686;18506186000;18315777777;18515777777
3687;18506187000;18315777777;18515777777
3688;18547184000;18356633333;18556633333
3689;18547187000;18356633333;18556633333
3690;18547188000;18356633333;18556633333
3691;18547189000;18356633333;18556633333
3692;18547191000;18356633333;18556633333
3693;18547192000;18356633333;18556633333
3694;18547193000;18356633333;18556633333
3695;18547712000;18357088888;18557088888
3696;18547727000;18357377777;18557377777
3697;18547728000;18357377777;18557377777
3698;18547729000;18357377777;18557377777
3699;18589266000;18398555555;18598555555
3700;18589269000;18398555555;18598555555
3701;18589270000;18398555555;18598555555
3702;18589271000;18398555555;18598555555
3703;18589272000;18398555555;18598555555
3704;18589274000;18398555555;18598555555
3705;18589274000;18398555555;18598555555
3706;18589481000;18398722222;18598722222
3707;18589496000;18399022222;18599022222
3708;18589497000;18399022222;18599022222
3709;18589498000;18399022222;18599022222
3710;18630749000;18440200000;18640200000
3711;18630753000;18440200000;18640200000
3712;18630754000;18440200000;18640200000
3713;18630755000;18440200000;18640200000
3714;18630756000;18440200000;18640200000
3715;18630756000;18440200000;18640200000
3716;18630757000;18440200000;18640200000
3717;18630954000;18440255555;18640255555
3718;18630969000;18440555555;18640555555
3719;18630970000;18440555555;18640555555
3720;18630980000;18440555555;18640555555
3721;18672306000;18481600000;18681600000
3722;18672310000;18481600000;18681600000
3723;18672311000;18481600000;18681600000
3724;18672312000;18481600000;18681600000
3725;18672313000;18481600000;18681600000
3726;18672314000;18481600000;18681600000
3727;18672315000;18481600000;18681600000
3728;18672477000;18481655555;18681655555
3729;18672491000;18481988888;18681988888
3730;18672492000;18481988888;18681988888
3731;18672493000;18481988888;18681988888
3732;18713948000;18523433333;18723433333
3733;18713952000;18523433333;18723433333
3734;18713953000;18523433333;18723433333
3735;18713954000;18523433333;18723433333
3736;18713955000;18523433333;18723433333
3737;18713956000;18523433333;18723433333
3738;18713957000;18523433333;18723433333
3739;18714120000;18523477777;18723477777
3740;18714123000;18523744444;18723744444
3741;18714124000;18523744444;18723744444
3742;18714125000;18523744444;18723744444
3743;18755511000;18564944444;18764944444
3744;18755524000;18564944444;18764944444
3745;18755525000;18564944444;18764944444
3746;18755526000;18564944444;18764944444
3747;18755527000;18564944444;18764944444
3748;18755527000;18564944444;18764944444
3749;18755528000;18564944444;18764944444
3750;18755695000;18565000000;18765000000
3751;18755698000;18565300000;18765300000
3752;18755699000;18565300000;18765300000
3753;18755700000;18565300000;18765300000
3754;18797158000;18606700000;18806700000
3755;18797160000;18606700000;18806700000
3756;18797161000;18606700000;18806700000
3757;18797162000;18606700000;18806700000
3758;18797163000;18606700000;18806700000
3759;18797164000;18606700000;18806700000
3760;18797165000;18606700000;18806700000
3761;18797302000;18606755555;18806755555
3762;18797304000;18607088888;18807088888
3763;18797305000;18607088888;18807088888
3764;18797306000;18607088888;18807088888
3765;18838902000;18648200000;18848200000
3766;18838905000;18648200000;18848200000
3767;18838906000;18648200000;18848200000
3768;18838907000;18648200000;18848200000
3769;18838908000;18648200000;18848200000
3770;18838909000;18648200000;18848200000
3771;18838910000;18648200000;18848200000
3772;18839121000;18648255555;18848255555
3773;18839124000;18648533333;18848533333
3774;18839125000;18648533333;18848533333
3775;18839126000;18648533333;18848533333
3776;18880625000;18689966666;18889966666
3777;18880629000;18689966666;18889966666
3778;18880630000;18689966666;18889966666
3779;18880631000;18689966666;18889966666
3780;18880632000;18689966666;18889966666
3781;18880633000;18689966666;18889966666
3782;18880634000;18689966666;18889966666
3783;18880765000;18690011111;18890011111
3784;18880768000;18690311111;18890311111
3785;18880769000;18690311111;18890311111
3786;18880770000;18690311111;18890311111
3787;18922280000;18731744444;18931744444
3788;18922284000;18731744444;18931744444
3789;18922285000;18731744444;18931744444
3790;18922285000;18731744444;18931744444
3791;18922286000;18731744444;18931744444
3792;18922287000;18731744444;18931744444
3793;18922288000;18731744444;18931744444
3794;18922520000;18731811111;18931811111
3795;18922533000;18732200000;18932200000
3796;18922533000;18732200000;18932200000
3797;18922534000;18732200000;18932200000
3798;18964010000;18773488888;18973488888
3799;18964014000;18773488888;18973488888
3800;18964015000;18773488888;18973488888
3801;18964016000;18773488888;18973488888
3802;18964017000;18773488888;18973488888
3803;18964018000;18773488888;18973488888
3804;18964019000;18773488888;18973488888
3805;18964228000;18773533333;18973533333
3806;18964231000;18773800000;18973800000
3807;18964232000;18773800000;18973800000
3808;18964233000;18773800000;18973800000
3809;19005672000;18815100000;19015100000
3810;19005675000;18815100000;19015100000
3811;19005676000;18815100000;19015100000
3812;19005677000;18815100000;19015100000
3813;19005678000;18815100000;19015100000
3814;19005679000;18815100000;19015100000
3815;19005680000;18815100000;19015100000
3816;19005876000;18815288888;19015288888
3817;19005891000;18815688888;19015688888
3818;19005893000;18815688888;19015688888
3819;19005894000;18815688888;19015688888
3820;19047255000;18856711111;19056711111
3821;19047258000;18856711111;19056711111
3822;19047259000;18856711111;19056711111
3823;19047260000;18856711111;19056711111
3824;19047261000;18856711111;19056711111
3825;19047262000;18856711111;19056711111
3826;19047263000;18856711111;19056711111
3827;19047433000;18856911111;19056911111
3828;19047436000;18857200000;19057200000
3829;19047437000;18857200000;19057200000
3830;19047438000;18857200000;19057200000
3831;19088902000;18898200000;19098200000
3832;19088905000;18898200000;19098200000
3833;19088906000;18898200000;19098200000
3834;19088907000;18898200000;19098200000
3835;19088908000;18898200000;19098200000
3836;19088909000;18898200000;19098200000
3837;19088910000;18898200000;19098200000
3838;19089122000;18898255555;19098255555
3839;19089137000;18898533333;19098533333
3840;19089138000;18898533333;19098533333
3841;19089139000;18898533333;19098533333
3842;19130885000;18940200000;19140200000
3843;19130888000;18940200000;19140200000
3844;19130889000;18940200000;19140200000
3845;19130890000;18940200000;19140200000
3846;19130891000;18940200000;19140200000
3847;19130892000;18940200000;19140200000
3848;19130893000;18940200000;19140200000
3849;19131097000;18940255555;19140255555
3850;19131112000;18940566666;19140566666
3851;19131113000;18940566666;19140566666
3852;19131114000;18940566666;19140566666
3853;19172368000;18981822222;19181822222
3854;19172372000;18981822222;19181822222
3855;19172372000;18981822222;19181822222
3856;19172373000;18981822222;19181822222
3857;19172374000;18981822222;19181822222
3858;19172375000;18981822222;19181822222
3859;19172376000;18981822222;19181822222
3860;19172604000;18981911111;19181911111
3861;19172610000;18982222222;19182222222
3862;19172611000;18982222222;19182222222
3863;19172612000;18982222222;19182222222
3864;19213899000;19023344444;19223344444
3865;19213903000;19023344444;19223344444
3866;19213905000;19023344444;19223344444
3867;19213906000;19023344444;19223344444
3868;19213907000;19023344444;19223344444
3869;19213908000;19023344444;19223344444
3870;19213910000;19023344444;19223344444
3871;19214132000;19023511111;19223511111
3872;19214148000;19023800000;19223800000
3873;19214149000;19023800000;19223800000
3874;19214150000;19023800000;19223800000
3875;19255916000;19065388888;19265388888
3876;19255920000;19065388888;19265388888
3877;19255921000;19065388888;19265388888
3878;19255922000;19065388888;19265388888
3879;19255923000;19065388888;19265388888
3880;19255924000;19065388888;19265388888
3881;19255925000;19065388888;19265388888
3882;19256122000;19065444444;19265444444
3883;19256128000;19065722222;19265722222
3884;19256130000;19065722222;19265722222
3885;19256131000;19065722222;19265722222
3886;19297140000;19106611111;19306611111
3887;19297143000;19106611111;19306611111
3888;19297144000;19106611111;19306611111
3889;19297145000;19106611111;19306611111
3890;19297147000;19106611111;19306611111
3891;19297148000;19106611111;19306611111
3892;19297149000;19106611111;19306611111
3893;19297718000;19107066666;19307066666
3894;19297733000;19107366666;19307366666
3895;19297734000;19107366666;19307366666
3896;19297735000;19107366666;19307366666
3897;19338779000;19148266666;19348266666
3898;19338783000;19148266666;19348266666
3899;19338784000;19148266666;19348266666
3900;19338785000;19148266666;19348266666
3901;19338786000;19148266666;19348266666
3902;19338787000;19148266666;19348266666
3903;19338788000;19148266666;19348266666
3904;19338956000;19148311111;19348311111
3905;19338960000;19148588888;19348588888
3906;19338961000;19148588888;19348588888
3907;19338962000;19148588888;19348588888
3908;19380872000;19190200000;19390200000
3909;19380876000;19190200000;19390200000
3910;19380877000;19190200000;19390200000
3911;19380877000;19190200000;19390200000
3912;19380878000;19190200000;19390200000
3913;19380879000;19190200000;19390200000
3914;19380880000;19190200000;19390200000
3915;19381048000;19190244444;19390244444
3916;19381052000;19190555555;19390555555
3917;19381053000;19190555555;19390555555
3918;19381054000;19190555555;19390555555
3919;19422087000;19231544444;19431544444
3920;19422098000;19231544444;19431544444
3921;19422099000;19231544444;19431544444
3922;19422100000;19231544444;19431544444
3923;19422101000;19231544444;19431544444
3924;19422102000;19231544444;19431544444
3925;19422103000;19231544444;19431544444
3926;19422300000;19231600000;19431600000
3927;19422315000;19231900000;19431900000
3928;19422316000;19231900000;19431900000
3929;19422317000;19231900000;19431900000
3930;19464045000;19273344444;19473344444
3931;19464048000;19273344444;19473344444
3932;19464049000;19273344444;19473344444
3933;19464050000;19273344444;19473344444
3934;19464051000;19273344444;19473344444
3935;19464052000;19273344444;19473344444
3936;19464053000;19273344444;19473344444
3937;19464233000;19273400000;19473400000
3938;19464239000;19273655555;19473655555
3939;19464240000;19273655555;19473655555
3940;19464241000;19273655555;19473655555
3941;19505686000;19315000000;19515000000
3942;19505689000;19315000000;19515000000
3943;19505690000;19315000000;19515000000
3944;19505691000;19315000000;19515000000
3945;19505692000;19315000000;19515000000
3946;19505693000;19315000000;19515000000
3947;19505694000;19315000000;19515000000
3948;19505890000;19315044444;19515044444
3949;19505905000;19315355555;19515355555
3950;19505906000;19315355555;19515355555
3951;19505907000;19315355555;19515355555
3952;19547280000;19356766666;19556766666
3953;19547284000;19356766666;19556766666
3954;19547285000;19356766666;19556766666
3955;19547286000;19356766666;19556766666
3956;19547287000;19356766666;19556766666
3957;19547288000;19356766666;19556766666
3958;19547289000;19356766666;19556766666
3959;19547463000;19356822222;19556822222
3960;19547467000;19357133333;19557133333
3961;19547468000;19357133333;19557133333
3962;19547478000;19357133333;19557133333
3963;19589111000;19398577777;19598577777
3964;19589114000;19398577777;19598577777
3965;19589115000;19398577777;19598577777
3966;19589116000;19398577777;19598577777
3967;19589117000;19398577777;19598577777
3968;19589118000;19398577777;19598577777
3969;19589119000;19398577777;19598577777
3970;19589315000;19398633333;19598633333
3971;19589330000;19398933333;19598933333
3972;19589331000;19398933333;19598933333
3973;19589332000;19398933333;19598933333
3974;19631096000;19440377777;19640377777
3975;19631100000;19440377777;19640377777
3976;19631101000;19440377777;19640377777
3977;19631102000;19440377777;19640377777
3978;19631103000;19440377777;19640377777
3979;19631105000;19440377777;19640377777
3980;19631106000;19440377777;19640377777
3981;19631313000;19440566666;19640566666
3982;19631329000;19440922222;19640922222
3983;19631330000;19440922222;19640922222
3984;19631331000;19440922222;19640922222
3985;19672598000;19482000000;19682000000
3986;19672602000;19482000000;19682000000
3987;19672603000;19482000000;19682000000
3988;19672604000;19482000000;19682000000
3989;19672606000;19482000000;19682000000
3990;19672607000;19482000000;19682000000
3991;19672608000;19482000000;19682000000
3992;19672975000;19482377777;19682377777
3993;19672978000;19482655555;19682655555
3994;19672992000;19482655555;19682655555
3995;19672993000;19482655555;19682655555
3996;19714175000;19523655555;19723655555
3997;19714178000;19523655555;19723655555
3998;19714179000;19523655555;19723655555
3999;19714180000;19523655555;19723655555
4000;19714181000;19523655555;19723655555
4001;19714182000;19523655555;19723655555
4002;19714183000;19523655555;19723655555
4003;19714734000;19524133333;19724133333
4004;19714737000;19524422222;19724422222
4005;19714738000;19524422222;19724422222
4006;19714740000;19524422222;19724422222
4007;19755608000;19564955555;19764955555
4008;19755610000;19564955555;19764955555
4009;19755611000;19564955555;19764955555
4010;19755621000;19564955555;19764955555
4011;19755622000;19564955555;19764955555
4012;19755623000;19564955555;19764955555
4013;19755624000;19564955555;19764955555
4014;19756291000;19565677777;19765677777
4015;19756293000;19566033333;19766033333
4016;19756294000;19566033333;19766033333
4017;19756295000;19566033333;19766033333
4018;19797210000;19606700000;19806700000
4019;19797213000;19606700000;19806700000
4020;19797227000;19606700000;19806700000
4021;19797228000;19606700000;19806700000
4022;19797229000;19606700000;19806700000
4023;19797230000;19606700000;19806700000
4024;19797231000;19606700000;19806700000
4025;19797625000;19607022222;19807022222
4026;19797640000;19607300000;19807300000
4027;19797641000;19607300000;19807300000
4028;19797643000;19607300000;19807300000
4029;19839084000;19648555555;19848555555
4030;19839087000;19648555555;19848555555
4031;19839088000;19648555555;19848555555
4032;19839089000;19648555555;19848555555
4033;19839090000;19648555555;19848555555
4034;19839091000;19648555555;19848555555
4035;19839092000;19648555555;19848555555
4036;19839301000;19648600000;19848600000
4037;19839304000;19648922222;19848922222
4038;19839305000;19648922222;19848922222
4039;19839306000;19648922222;19848922222
4040;19880667000;19690122222;19890122222
4041;19880671000;19690122222;19890122222
4042;19880672000;19690122222;19890122222
4043;19880673000;19690122222;19890122222
4044;19880674000;19690122222;19890122222
4045;19880675000;19690122222;19890122222
4046;19880676000;19690122222;19890122222
4047;19880885000;19690288888;19890288888
4048;19880888000;19690600000;19890600000
4049;19880889000;19690600000;19890600000
4050;19880890000;19690600000;19890600000
4051;19922363000;19731722222;19931722222
4052;19922367000;19731722222;19931722222
4053;19922368000;19731722222;19931722222
4054;19922369000;19731722222;19931722222
4055;19922370000;19731722222;19931722222
4056;19922371000;19731722222;19931722222
4057;19922372000;19731722222;19931722222
4058;19922575000;19731777777;19931777777
4059;19922578000;19732088888;19932088888
4060;19922579000;19732088888;19932088888
4061;19922580000;19732088888;19932088888
4062;19963980000;19773466666;19973466666
4063;19963984000;19773466666;19973466666
4064;19963985000;19773466666;19973466666
4065;19963986000;19773466666;19973466666
4066;19963987000;19773466666;19973466666
4067;19963988000;19773466666;19973466666
4068;19963989000;19773466666;19973466666
4069;19964198000;19773544444;19973544444
4070;19964201000;19773911111;19973911111
4071;19964202000;19773911111;19973911111
4072;19964203000;19773911111;19973911111
4073;20005609000;19815077777;20015077777
4074;20005613000;19815077777;20015077777
4075;20005614000;19815077777;20015077777
4076;20005615000;19815077777;20015077777
4077;20005616000;19815077777;20015077777
4078;20005617000;19815077777;20015077777
4079;20005618000;19815077777;20015077777
4080;20005890000;19815311111;20015311111
4081;20005906000;19815700000;20015700000
4082;20005907000;19815700000;20015700000
4083;20005908000;19815700000;20015700000
4084;20047260000;19856733333;20056733333
4085;20047263000;19856733333;20056733333
4086;20047264000;19856733333;20056733333
4087;20047265000;19856733333;20056733333
4088;20047266000;19856733333;20056733333
4089;20047267000;19856733333;20056733333
4090;20047268000;19856733333;20056733333
4091;20047633000;19857022222;20057022222
4092;20047648000;19857300000;20057300000
4093;20047649000;19857300000;20057300000
4094;20047650000;19857300000;20057300000
4095;20088867000;19898355555;20098355555
4096;20088871000;19898355555;20098355555
4097;20088872000;19898355555;20098355555
4098;20088873000;19898355555;20098355555
4099;20088873000;19898355555;20098355555
4100;20088875000;19898355555;20098355555
4101;20088876000;19898355555;20098355555
4102;20089072000;19898522222;20098522222
4103;20089087000;19898800000;20098800000
4104;20089088000;19898800000;20098800000
4105;20089089000;19898800000;20098800000
4106;20131001000;19940455555;20140455555
4107;20131004000;19940455555;20140455555
4108;20131005000;19940455555;20140455555
4109;20131006000;19940455555;20140455555
4110;20131007000;19940455555;20140455555
4111;20131007000;19940455555;20140455555
4112;20131008000;19940455555;20140455555
4113;20131221000;19940511111;20140511111
4114;20131236000;19940822222;20140822222
4115;20131237000;19940822222;20140822222
4116;20131238000;19940822222;20140822222
4117;20172309000;19981800000;20181800000
4118;20172313000;19981800000;20181800000
4119;20172314000;19981800000;20181800000
4120;20172322000;19981800000;20181800000
4121;20172323000;19981800000;20181800000
4122;20172324000;19981800000;20181800000
4123;20172325000;19981800000;20181800000
4124;20172521000;19982000000;20182000000
4125;20172525000;19982333333;20182333333
4126;20172526000;19982333333;20182333333
4127;20172527000;19982333333;20182333333
4128;20214086000;20023566666;20223566666
4129;20214089000;20023566666;20223566666
4130;20214091000;20023566666;20223566666
4131;20214091000;20023566666;20223566666
4132;20214092000;20023566666;20223566666
4133;20214093000;20023566666;20223566666
4134;20214094000;20023566666;20223566666
4135;20214505000;20023888888;20223888888
4136;20214512000;20024200000;20224200000
4137;20214513000;20024200000;20224200000
4138;20214514000;20024200000;20224200000
4139;20255814000;20065333333;20265333333
4140;20255817000;20065333333;20265333333
4141;20255818000;20065333333;20265333333
4142;20255819000;20065333333;20265333333
4143;20255820000;20065333333;20265333333
4144;20255821000;20065333333;20265333333
4145;20255822000;20065333333;20265333333
4146;20256220000;20065600000;20265600000
4147;20256226000;20065933333;20265933333
4148;20256228000;20065933333;20265933333
4149;20256228000;20065933333;20265933333
4150;20297394000;20106722222;20306722222
4151;20297397000;20106722222;20306722222
4152;20297398000;20106722222;20306722222
4153;20297399000;20106722222;20306722222
4154;20297400000;20106722222;20306722222
4155;20297401000;20106722222;20306722222
4156;20297402000;20106722222;20306722222
4157;20297667000;20107111111;20307111111
4158;20297671000;20107511111;20307511111
4159;20297672000;20107511111;20307511111
4160;20297673000;20107511111;20307511111
4161;20339194000;20148522222;20348522222
4162;20339198000;20148522222;20348522222
4163;20339198000;20148522222;20348522222
4164;20339199000;20148522222;20348522222
4165;20339200000;20148522222;20348522222
4166;20339201000;20148522222;20348522222
4167;20339202000;20148522222;20348522222
4169;20340016000;20149066666;20349066666
4170;20340019000;20149066666;20349066666
4171;20340020000;20149066666;20349066666
4172;20380931000;20190277777;20390277777
4173;20380935000;20190277777;20390277777
4174;20380936000;20190277777;20390277777
4175;20380936000;20190277777;20390277777
4176;20380937000;20190277777;20390277777
4177;20380938000;20190277777;20390277777
4178;20380939000;20190277777;20390277777
4179;20381327000;20190333333;20390333333
4180;20381344000;20190655555;20390655555
4181;20381345000;20190655555;20390655555
4182;20381346000;20190655555;20390655555
4183;20422432000;20231900000;20431900000
4184;20422436000;20231900000;20431900000
4185;20422437000;20231900000;20431900000
4186;20422438000;20231900000;20431900000
4187;20422440000;20231900000;20431900000
4188;20422441000;20231900000;20431900000
4189;20422442000;20231900000;20431900000
4190;20422625000;20231955555;20431955555
4191;20422630000;20232244444;20432244444
4192;20422631000;20232244444;20432244444
4193;20422632000;20232244444;20432244444
4194;20464210000;20273688888;20473688888
4195;20464213000;20273688888;20473688888
4196;20464214000;20273688888;20473688888
4197;20464216000;20273688888;20473688888
4198;20464217000;20273688888;20473688888
4199;20464218000;20273688888;20473688888
4200;20464219000;20273688888;20473688888
4201;20464543000;20273933333;20473933333
4202;20464559000;20274211111;20474211111
4203;20464560000;20274211111;20474211111
4204;20464561000;20274211111;20474211111
4205;20505709000;20315211111;20515211111
4206;20505713000;20315211111;20515211111
4207;20505714000;20315211111;20515211111
4208;20505715000;20315211111;20515211111
4209;20505716000;20315211111;20515211111
4210;20505717000;20315211111;20515211111
4211;20505719000;20315211111;20515211111
4212;20506416000;20315822222;20515822222
4213;20506432000;20316155555;20516155555
4214;20506433000;20316155555;20516155555
4215;20506434000;20316155555;20516155555
4216;20547221000;20356700000;20556700000
4217;20547224000;20356700000;20556700000
4218;20547225000;20356700000;20556700000
4219;20547227000;20356700000;20556700000
4220;20547227000;20356700000;20556700000
4221;20547237000;20356700000;20556700000
4222;20547238000;20356700000;20556700000
4223;20547448000;20356755555;20556755555
4224;20547451000;20357188888;20557188888
4225;20547452000;20357188888;20557188888
4226;20547453000;20357188888;20557188888
4227;20588964000;20398311111;20598311111
4228;20588966000;20398311111;20598311111
4229;20588967000;20398311111;20598311111
4230;20588968000;20398311111;20598311111
4231;20588969000;20398311111;20598311111
4232;20588979000;20398311111;20598311111
4233;20588980000;20398311111;20598311111
4234;20589146000;20398355555;20598355555
4235;20589148000;20398644444;20598644444
4236;20589149000;20398644444;20598644444
4237;20589150000;20398644444;20598644444
4238;20630532000;20439900000;20639900000
4239;20630534000;20439900000;20639900000
4240;20630535000;20439900000;20639900000
4241;20630536000;20439900000;20639900000
4242;20630537000;20439900000;20639900000
4243;20630538000;20439900000;20639900000
4244;20630539000;20439900000;20639900000
4245;20630678000;20439966666;20639966666
4246;20630680000;20440311111;20640311111
4247;20630681000;20440311111;20640311111
4248;20630682000;20440311111;20640311111
4249;20672413000;20481833333;20681833333
4250;20672415000;20481833333;20681833333
4251;20672416000;20481833333;20681833333
4252;20672417000;20481833333;20681833333
4253;20672417000;20481833333;20681833333
4254;20672418000;20481833333;20681833333
4256;20673157000;20481911111;20681911111
4257;20673159000;20482200000;20682200000
4258;20673161000;20482200000;20682200000
4259;20673161000;20482200000;20682200000
4260;20714371000;20523733333;20723733333
4317;21876856000;20731511111;20931511111
4533;21877413000;21523466666;21723466666
4536;21890593000;21565833333;21765833333
4541;21890597000;21565833333;21765833333
4542;21890693000;21565844444;21765844444
4543;21890708000;21566155555;21766155555
4544;21890709000;21566155555;21766155555
4545;21890710000;21566155555;21766155555
4546;21890720000;21607333333;21807333333
4547;21890732000;21607333333;21807333333
4548;21890733000;21607333333;21807333333
4549;21890734000;21607333333;21807333333
4550;21890735000;21607333333;21807333333
4551;21890735000;21607333333;21807333333
4552;21890736000;21607333333;21807333333
4553;21890816000;21608600000;21808600000
4554;21890833000;21609255555;21809255555
4555;21890834000;21609255555;21809255555
4556;21890835000;21609255555;21809255555
4557;21890855000;21648222222;21848222222
4558;21890856000;21648222222;21848222222
4559;21890868000;21648222222;21848222222
4560;21890869000;21648222222;21848222222
4561;21890870000;21648222222;21848222222
4562;21890871000;21648222222;21848222222
4563;21890872000;21648222222;21848222222
4564;21890960000;21648233333;21848233333
4565;21890976000;21648577777;21848577777
4566;21890977000;21648577777;21848577777
4567;21890978000;21648577777;21848577777
4568;21891047000;21689888888;21889888888
4569;21891049000;21689888888;21889888888
4570;21891050000;21689888888;21889888888
4571;21891051000;21689888888;21889888888
4572;21891052000;21689888888;21889888888
4573;21891053000;21689888888;21889888888
4574;21891054000;21689888888;21889888888
4575;21897153000;21689966666;21889966666
4576;21897155000;21690344444;21890344444
4577;21897157000;21690344444;21890344444
4578;21897157000;21690344444;21890344444
4579;21926725000;21731544444;21931544444
4580;21926729000;21731544444;21931544444
4581;21926730000;21731544444;21931544444
4582;21926731000;21731544444;21931544444
4583;21926732000;21731544444;21931544444
4584;21926733000;21731544444;21931544444
4585;21926734000;21731544444;21931544444
4586;21926917000;21731600000;21931600000
4587;21926933000;21731888888;21931888888
4588;21926934000;21731888888;21931888888
4589;21926935000;21731888888;21931888888
4590;21964818000;21773211111;21973211111
4592;22002250000;21773211111;21973211111
4594;22002252000;21773211111;21973211111
4595;22002253000;21773211111;21973211111
4596;22002254000;21773211111;21973211111
4597;22004424000;21773266666;21973266666
4601;22004432000;21814844444;22014844444
4602;22004433000;21814844444;22014844444
4603;22004434000;21814844444;22014844444
4604;22004448000;21814844444;22014844444
4605;22004449000;21814844444;22014844444
4606;22004450000;21814844444;22014844444
4607;22004451000;21814844444;22014844444
4608;22005813000;21814933333;22014933333
4609;22005828000;21815211111;22015211111
4610;22005829000;21815211111;22015211111
4611;22005830000;21815211111;22015211111
4612;22047426000;21856511111;22056511111
4615;22085598000;21856511111;22056511111
4616;22085600000;21856511111;22056511111
4617;22085601000;21856511111;22056511111
4618;22085605000;21856511111;22056511111
4620;22085729000;21856844444;22056844444
4622;22085733000;21856844444;22056844444
4623;22088919000;21898177777;22098177777
4624;22088923000;21898177777;22098177777
4625;22088924000;21898177777;22098177777
4626;22088925000;21898177777;22098177777
4627;22088926000;21898177777;22098177777
4628;22088928000;21898177777;22098177777
4629;22088929000;21898177777;22098177777
4630;22089153000;21898233333;22098233333
4631;22089168000;21898500000;22098500000
4632;22089169000;21898500000;22098500000
4633;22089170000;21898500000;22098500000
4634;22130752000;21939844444;22139844444
4636;22168787000;21939844444;22139844444
4637;22168789000;21939844444;22139844444
4638;22168799000;21939844444;22139844444
4639;22168800000;21939844444;22139844444
4641;22169041000;21939933333;22139933333
4644;22169046000;21940222222;22140222222
4645;22172284000;21981555555;22181555555
4646;22172288000;21981555555;22181555555
4647;22172289000;21981555555;22181555555
4648;22172290000;21981555555;22181555555
4649;22172291000;21981555555;22181555555
4650;22172293000;21981555555;22181555555
4651;22172294000;21981555555;22181555555
4652;22172425000;21981600000;22181600000
4653;22172428000;21981933333;22181933333
4654;22172429000;21981933333;22181933333
4655;22172430000;21981933333;22181933333
4656;22214059000;22023177777;22223177777
4657;22214063000;22023177777;22223177777
4658;22214064000;22023177777;22223177777
4659;22214064000;22023177777;22223177777
4660;22214065000;22023177777;22223177777
4661;22214066000;22023177777;22223177777
4662;22214067000;22023177777;22223177777
4663;22214262000;22023233333;22223233333
4664;22214278000;22023511111;22223511111
4665;22214279000;22023511111;22223511111
4666;22214280000;22023511111;22223511111
4667;22255733000;22064900000;22264900000
4668;22255736000;22064900000;22264900000
4670;22255947000;22064900000;22264900000
4671;22255958000;22064900000;22264900000
4672;22255959000;22064900000;22264900000
4673;22255960000;22064900000;22264900000
4674;22256129000;22064966666;22264966666
4675;22256133000;22065255555;22265255555
4676;22256134000;22065255555;22265255555
4677;22256135000;22065255555;22265255555
4678;22297266000;22106544444;22306544444
4679;22297268000;22106544444;22306544444
4680;22297269000;22106544444;22306544444
4681;22297270000;22106544444;22306544444
4682;22297271000;22106544444;22306544444
4683;22297272000;22106544444;22306544444
4684;22297273000;22106544444;22306544444
4685;22297412000;22106600000;22306600000
4686;22297414000;22106855555;22306855555
4687;22297415000;22106855555;22306855555
4688;22297416000;22106855555;22306855555
4689;22338902000;22148177777;22348177777
4690;22338904000;22148177777;22348177777
4691;22338905000;22148177777;22348177777
4692;22338906000;22148177777;22348177777
4694;22339073000;22148177777;22348177777
4695;22339074000;22148177777;22348177777
4696;22339294000;22148233333;22348233333
4697;22339300000;22148488888;22348488888
4698;22339310000;22148488888;22348488888
4699;22339311000;22148488888;22348488888
4700;22380560000;22189900000;22389900000
4701;22380563000;22189900000;22389900000
4702;22380564000;22189900000;22389900000
4703;22380565000;22189900000;22389900000
4704;22380566000;22189900000;22389900000
4705;22380567000;22189900000;22389900000
4706;22380568000;22189900000;22389900000
4707;22380763000;22189966666;22389966666
4708;22380770000;22190266666;22390266666
4709;22380771000;22190266666;22390266666
4710;22380772000;22190266666;22390266666
4711;22422319000;22231544444;22431544444
4712;22422322000;22231544444;22431544444
4713;22422323000;22231544444;22431544444
4714;22422331000;22231544444;22431544444
4715;22422332000;22231544444;22431544444
4716;22422333000;22231544444;22431544444
4717;22422334000;22231544444;22431544444
4718;22422562000;22231600000;22431600000
4719;22422568000;22231911111;22431911111
4720;22422569000;22231911111;22431911111
4721;22422570000;22231911111;22431911111
4722;22464010000;22273211111;22473211111
4723;22464013000;22273211111;22473211111
4724;22464014000;22273211111;22473211111
4725;22464015000;22273211111;22473211111
4726;22464016000;22273211111;22473211111
4727;22464017000;22273211111;22473211111
4728;22464018000;22273211111;22473211111
4729;22464240000;22273266666;22473266666
4730;22464257000;22273544444;22473544444
4731;22464258000;22273544444;22473544444
4732;22464259000;22273544444;22473544444
4733;22505574000;22314900000;22514900000
4734;22505578000;22314900000;22514900000
4735;22505579000;22314900000;22514900000
4736;22505580000;22314900000;22514900000
4737;22505581000;22314900000;22514900000
4738;22505582000;22314900000;22514900000
4739;22505582000;22314900000;22514900000
4740;22505780000;22314966666;22514966666
4741;22505795000;22315255555;22515255555
4742;22505797000;22315255555;22515255555
4743;22505797000;22315255555;22515255555
4744;22547434000;22356633333;22556633333
4745;22547438000;22356633333;22556633333
4746;22547439000;22356633333;22556633333
4747;22547440000;22356633333;22556633333
4748;22547441000;22356633333;22556633333
4749;22547442000;22356633333;22556633333
4750;22547443000;22356633333;22556633333
4751;22547665000;22356700000;22556700000
4752;22547671000;22357044444;22557044444
4753;22547673000;22357044444;22557044444
4754;22547674000;22357044444;22557044444
4755;22588929000;22398222222;22598222222
4756;22588931000;22398222222;22598222222
4757;22588932000;22398222222;22598222222
4758;22588933000;22398222222;22598222222
4759;22588934000;22398222222;22598222222
4760;22588935000;22398222222;22598222222
4761;22588936000;22398222222;22598222222
4762;22589152000;22398277777;22598277777
4763;22589158000;22398577777;22598577777
4764;22589159000;22398577777;22598577777
4765;22589160000;22398577777;22598577777
4766;22630638000;22439855555;22639855555
4767;22630641000;22439855555;22639855555
4768;22630642000;22439855555;22639855555
4769;22630643000;22439855555;22639855555
4770;22630644000;22439855555;22639855555
4771;22630645000;22439855555;22639855555
4772;22630646000;22439855555;22639855555
4773;22630813000;22439944444;22639944444
4774;22630818000;22440255555;22640255555
4775;22630819000;22440255555;22640255555
4777;22673008000;22481522222;22681522222
4778;22673011000;22481522222;22681522222
4779;22673012000;22481522222;22681522222
4781;22673013000;22481522222;22681522222
4782;22673014000;22481522222;22681522222
4783;22673015000;22481522222;22681522222
4784;22673081000;22481577777;22681577777
4785;22673083000;22481911111;22681911111
4786;22673084000;22481911111;22681911111
4787;22673085000;22481911111;22681911111
4788;22714004000;22523222222;22723222222
4789;22714007000;22523222222;22723222222
4790;22714008000;22523222222;22723222222
4791;22714009000;22523222222;22723222222
4792;22714010000;22523222222;22723222222
4793;22714011000;22523222222;22723222222
4794;22714012000;22523222222;22723222222
4795;22714209000;22523277777;22723277777
4796;22714224000;22523566666;22723566666
4797;22714225000;22523566666;22723566666
4798;22714227000;22523566666;22723566666
4799;22755686000;22564900000;22764900000
4800;22755689000;22564900000;22764900000
4801;22755690000;22564900000;22764900000
4802;22755691000;22564900000;22764900000
4803;22755692000;22564900000;22764900000
4804;22755693000;22564900000;22764900000
4805;22755694000;22564900000;22764900000
4806;22755895000;22564977777;22764977777
4807;22755910000;22565300000;22765300000
4808;22755911000;22565300000;22765300000
4809;22755912000;22565300000;22765300000
4810;22797273000;22606544444;22806544444
4811;22797275000;22606544444;22806544444
4812;22797276000;22606544444;22806544444
4813;22797277000;22606544444;22806544444
4814;22797278000;22606544444;22806544444
4815;22797296000;22606544444;22806544444
4816;22797297000;22606544444;22806544444
4817;22797431000;22606611111;22806611111
4818;22797433000;22606944444;22806944444
4819;22797434000;22606944444;22806944444
4820;22797435000;22606944444;22806944444
4821;22838929000;22648188888;22848188888
4822;22838932000;22648188888;22848188888
4823;22838933000;22648188888;22848188888
4824;22838934000;22648188888;22848188888
4825;22838935000;22648188888;22848188888
4826;22838937000;22648188888;22848188888
4827;22838938000;22648188888;22848188888
4828;22839041000;22648244444;22848244444
4830;22839688000;22648555555;22848555555
4831;22839690000;22648555555;22848555555
4832;22880511000;22689866666;22889866666
4833;22880524000;22689866666;22889866666
4834;22880526000;22689866666;22889866666
4835;22880527000;22689866666;22889866666
4836;22880528000;22689866666;22889866666
4837;22880529000;22689866666;22889866666
4838;22880530000;22689866666;22889866666
4839;22880752000;22689955555;22889955555
4840;22880755000;22690266666;22890266666
4841;22880756000;22690266666;22890266666
4842;22880757000;22690266666;22890266666
4843;22922314000;22731522222;22931522222
4844;22922318000;22731522222;22931522222
4845;22922319000;22731522222;22931522222
4846;22922321000;22731522222;22931522222
4847;22922322000;22731522222;22931522222
4848;22922323000;22731522222;22931522222
4849;22922324000;22731522222;22931522222
4850;22922500000;22731588888;22931588888
4851;22922502000;22731900000;22931900000
4852;22922504000;22731900000;22931900000
4853;22922505000;22731900000;22931900000
4854;22963918000;22773188888;22973188888
4855;22963920000;22773188888;22973188888
4856;22963931000;22773188888;22973188888
4857;22963932000;22773188888;22973188888
4858;22963933000;22773188888;22973188888
4859;22963934000;22773188888;22973188888
4860;22963935000;22773188888;22973188888
4861;22964103000;22773244444;22973244444
4862;22964105000;22773522222;22973522222
4863;22964106000;22773522222;22973522222
4864;22964107000;22773522222;22973522222
4865;23005509000;22814855555;23014855555
4866;23005512000;22814855555;23014855555
4867;23005513000;22814855555;23014855555
4868;23005514000;22814855555;23014855555
4869;23005515000;22814855555;23014855555
4870;23005516000;22814855555;23014855555
4871;23005517000;22814855555;23014855555
4872;23005700000;22814944444;23014944444
4873;23005704000;22815255555;23015255555
4874;23005705000;22815255555;23015255555
4875;23005706000;22815255555;23015255555
4876;23047273000;22856544444;23056544444
4877;23047276000;22856544444;23056544444
4878;23047277000;22856544444;23056544444
4879;23047278000;22856544444;23056544444
4880;23047279000;22856544444;23056544444
4881;23047280000;22856544444;23056544444
4882;23047281000;22856544444;23056544444
4883;23047426000;22856611111;23056611111
4884;23047428000;22856933333;23056933333
4885;23047429000;22856933333;23056933333
4886;23047430000;22856933333;23056933333
4887;23088912000;22898188888;23098188888
4888;23088914000;22898188888;23098188888
4889;23088916000;22898188888;23098188888
4890;23088916000;22898188888;23098188888
4891;23088917000;22898188888;23098188888
4892;23088918000;22898188888;23098188888
4893;23088919000;22898188888;23098188888
4894;23089058000;22898255555;23098255555
4895;23089060000;22898544444;23098544444
4896;23089061000;22898544444;23098544444
4897;23089062000;22898544444;23098544444
4898;23130592000;22939855555;23139855555
4899;23130604000;22939855555;23139855555
4900;23130605000;22939855555;23139855555
4901;23130606000;22939855555;23139855555
4902;23130607000;22939855555;23139855555
4903;23130608000;22939855555;23139855555
4904;23130608000;22939855555;23139855555
4905;23130816000;22939955555;23139955555
4906;23130818000;22940266666;23140266666
4907;23130819000;22940266666;23140266666
4908;23130820000;22940266666;23140266666
4909;23172347000;22981555555;23181555555
4910;23172350000;22981555555;23181555555
4911;23172351000;22981555555;23181555555
4912;23172352000;22981555555;23181555555
4913;23172353000;22981555555;23181555555
4914;23172354000;22981555555;23181555555
4916;23173219000;22981622222;23181622222
4917;23173240000;22981966666;23181966666
4918;23173241000;22981966666;23181966666
4919;23173242000;22981966666;23181966666
4920;23213862000;23023222222;23223222222
4921;23213866000;23023222222;23223222222
4922;23213867000;23023222222;23223222222
4923;23213868000;23023222222;23223222222
4924;23213869000;23023222222;23223222222
4925;23213870000;23023222222;23223222222
4926;23213872000;23023222222;23223222222
4927;23214066000;23023288888;23223288888
4928;23214081000;23023588888;23223588888
4929;23214082000;23023588888;23223588888
4930;23214084000;23023588888;23223588888
4931;23255709000;23064911111;23264911111
4932;23255713000;23064911111;23264911111
4933;23255714000;23064911111;23264911111
4934;23255715000;23064911111;23264911111
4935;23255716000;23064911111;23264911111
4936;23255717000;23064911111;23264911111
4937;23255718000;23064911111;23264911111
4938;23255851000;23064988888;23264988888
4939;23255854000;23065300000;23265300000
4940;23255855000;23065300000;23265300000
4941;23255856000;23065300000;23265300000
4942;23297144000;23106555555;23306555555
4943;23297147000;23106555555;23306555555
4944;23297157000;23106555555;23306555555
4945;23297159000;23106555555;23306555555
4946;23297160000;23106555555;23306555555
4947;23297161000;23106555555;23306555555
4948;23297162000;23106555555;23306555555
4949;23297294000;23106622222;23306622222
4950;23297297000;23106944444;23306944444
4951;23297298000;23106944444;23306944444
4952;23297299000;23106944444;23306944444
4953;23339000000;23148222222;23348222222
4954;23339003000;23148222222;23348222222
4955;23339005000;23148222222;23348222222
4956;23339006000;23148222222;23348222222
4957;23339007000;23148222222;23348222222
4958;23339008000;23148222222;23348222222
4959;23339009000;23148222222;23348222222
4960;23339205000;23148288888;23348288888
4961;23339211000;23148588888;23348588888
4962;23339212000;23148588888;23348588888
4963;23339213000;23148588888;23348588888
4964;23380558000;23189933333;23389933333
4965;23380562000;23189933333;23389933333
4966;23380563000;23189933333;23389933333
4967;23380564000;23189933333;23389933333
4968;23380565000;23189933333;23389933333
4969;23380567000;23189933333;23389933333
4970;23380568000;23189933333;23389933333
4971;23380780000;23190000000;23390000000
4972;23380786000;23190333333;23390333333
4973;23380787000;23190333333;23390333333
4974;23380788000;23190333333;23390333333
4975;23422344000;23231555555;23431555555
4976;23422347000;23231555555;23431555555
4977;23422348000;23231555555;23431555555
4978;23422349000;23231555555;23431555555
4979;23422350000;23231555555;23431555555
4980;23422351000;23231555555;23431555555
4981;23422352000;23231555555;23431555555
4982;23422604000;23231622222;23431622222
4983;23422610000;23231955555;23431955555
4984;23422611000;23231955555;23431955555
4985;23422612000;23231955555;23431955555
4986;23463786000;23273188888;23473188888
4987;23463789000;23273188888;23473188888
4988;23463790000;23273188888;23473188888
4989;23463791000;23273188888;23473188888
4990;23463792000;23273188888;23473188888
4991;23463793000;23273188888;23473188888
4992;23463794000;23273188888;23473188888
4993;23463962000;23273255555;23473255555
4994;23463966000;23273544444;23473544444
4995;23463967000;23273544444;23473544444
4996;23463968000;23273544444;23473544444
4997;23505694000;23314922222;23514922222
4998;23505697000;23314922222;23514922222
4999;23505698000;23314922222;23514922222
5000;23505699000;23314922222;23514922222
5001;23505700000;23314922222;23514922222
5002;23505701000;23314922222;23514922222
5003;23505702000;23314922222;23514922222
5004;23505870000;23314988888;23514988888
5005;23505874000;23315311111;23515311111
5006;23505875000;23315311111;23515311111
5007;23505876000;23315311111;23515311111
5008;23547307000;23356522222;23556522222
5009;23547311000;23356522222;23556522222
5010;23547312000;23356522222;23556522222
5011;23547313000;23356522222;23556522222
5012;23547314000;23356522222;23556522222
5013;23547315000;23356522222;23556522222
5014;23547316000;23356522222;23556522222
5015;23547546000;23356600000;23556600000
5016;23547561000;23356911111;23556911111
5017;23547570000;23356911111;23556911111
5018;23547571000;23356911111;23556911111
5019;23588950000;23398222222;23598222222
5020;23588952000;23398222222;23598222222
5021;23588953000;23398222222;23598222222
5022;23588954000;23398222222;23598222222
5023;23588955000;23398222222;23598222222
5024;23588956000;23398222222;23598222222
5025;23588957000;23398222222;23598222222
5026;23589096000;23398300000;23598300000
5027;23589098000;23398588888;23598588888
5029;23589719000;23398588888;23598588888
5030;23630585000;23439855555;23639855555
5031;23630589000;23439855555;23639855555
5032;23630590000;23439855555;23639855555
5033;23630591000;23439855555;23639855555
5034;23630592000;23439855555;23639855555
5035;23630593000;23439855555;23639855555
5036;23630594000;23439855555;23639855555
5038;23631152000;23440277777;23640277777
5039;23631155000;23440277777;23640277777
5040;23631156000;23440277777;23640277777
5041;23672352000;23481555555;23681555555
5042;23672355000;23481555555;23681555555
5043;23672356000;23481555555;23681555555
5044;23672357000;23481555555;23681555555
5045;23672358000;23481555555;23681555555
5046;23672359000;23481555555;23681555555
5047;23672360000;23481555555;23681555555
5048;23672582000;23481633333;23681633333
5049;23672585000;23481944444;23681944444
5050;23672586000;23481944444;23681944444
5051;23672587000;23481944444;23681944444
5052;23713836000;23523200000;23723200000
5053;23713839000;23523200000;23723200000
5054;23713841000;23523200000;23723200000
5055;23713842000;23523200000;23723200000
5056;23713843000;23523200000;23723200000
5057;23713843000;23523200000;23723200000
5058;23713844000;23523200000;23723200000
5059;23714012000;23523266666;23723266666
5060;23714015000;23523544444;23723544444
5061;23714016000;23523544444;23723544444
5062;23714017000;23523544444;23723544444
5063;23755578000;23564933333;23764933333
5064;23755581000;23564933333;23764933333
5065;23755582000;23564933333;23764933333
5066;23755583000;23564933333;23764933333
5067;23755584000;23564933333;23764933333
5068;23755585000;23564933333;23764933333
5069;23755586000;23564933333;23764933333
5070;23755719000;23565011111;23765011111
5071;23755722000;23565333333;23765333333
5072;23755723000;23565333333;23765333333
5073;23755724000;23565333333;23765333333
5074;23797250000;23606522222;23806522222
5075;23797252000;23606522222;23806522222
5076;23797253000;23606522222;23806522222
5077;23797254000;23606522222;23806522222
5078;23797264000;23606522222;23806522222
5079;23797265000;23606522222;23806522222
5080;23797266000;23606522222;23806522222
5081;23797402000;23606600000;23806600000
5082;23797404000;23606944444;23806944444
5083;23797405000;23606944444;23806944444
5084;23797406000;23606944444;23806944444
5085;23838815000;23648222222;23848222222
5086;23838818000;23648222222;23848222222
5087;23838819000;23648222222;23848222222
5088;23838820000;23648222222;23848222222
5089;23838821000;23648222222;23848222222
5090;23838822000;23648222222;23848222222
5091;23838823000;23648222222;23848222222
5092;23839032000;23648300000;23848300000
5093;23839034000;23648600000;23848600000
5094;23839036000;23648600000;23848600000
5095;23839037000;23648600000;23848600000
5096;23880496000;23689888888;23889888888
5097;23880500000;23689888888;23889888888
5098;23880501000;23689888888;23889888888
5099;23880502000;23689888888;23889888888
5100;23880503000;23689888888;23889888888
5101;23880513000;23689888888;23889888888
5102;23880514000;23689888888;23889888888
5103;23880724000;23689988888;23889988888
5104;23880727000;23690300000;23890300000
5105;23880728000;23690300000;23890300000
5106;23880729000;23690300000;23890300000
5107;23922174000;23731588888;23931588888
5108;23922178000;23731588888;23931588888
5109;23922179000;23731588888;23931588888
5110;23922180000;23731588888;23931588888
5111;23922181000;23731588888;23931588888
5112;23922182000;23731588888;23931588888
5113;23922183000;23731588888;23931588888
5114;23922392000;23731666666;23931666666
5115;23922394000;23731988888;23931988888
5116;23922395000;23731988888;23931988888
5117;23922396000;23731988888;23931988888
5118;23963784000;23773188888;23973188888
5119;23963795000;23773188888;23973188888
5120;23963797000;23773188888;23973188888
5121;23963797000;23773188888;23973188888
5122;23963798000;23773188888;23973188888
5123;23963799000;23773188888;23973188888
5124;23963800000;23773188888;23973188888
5125;23963959000;23773277777;23973277777
5126;23963962000;23773533333;23973533333
5127;23963963000;23773533333;23973533333
5128;23963964000;23773533333;23973533333
5129;24005466000;23814866666;24014866666
5130;24005476000;23814866666;24014866666
5131;24005478000;23814866666;24014866666
5132;24005479000;23814866666;24014866666
5133;24005480000;23814866666;24014866666
5134;24005481000;23814866666;24014866666
5135;24005482000;23814866666;24014866666
5136;24005646000;23814966666;24014966666
5137;24005652000;23815277777;24015277777
5138;24005654000;23815277777;24015277777
5139;24005654000;23815277777;24015277777
5140;24047187000;23856555555;24056555555
5141;24047191000;23856555555;24056555555
5142;24047192000;23856555555;24056555555
5143;24047193000;23856555555;24056555555
5144;24047194000;23856555555;24056555555
5145;24047196000;23856555555;24056555555
5146;24047197000;23856555555;24056555555
5147;24047366000;23856633333;24056633333
5148;24047370000;23856955555;24056955555
5149;24047371000;23856955555;24056955555
5150;24047373000;23856955555;24056955555
5151;24088986000;23898200000;24098200000
5152;24088999000;23898200000;24098200000
5153;24089000000;23898200000;24098200000
5154;24089001000;23898200000;24098200000
5155;24089002000;23898200000;24098200000
5156;24089004000;23898200000;24098200000
5157;24089005000;23898200000;24098200000
5158;24089225000;23898277777;24098277777
5159;24089241000;23898566666;24098566666
5160;24089242000;23898566666;24098566666
5161;24089243000;23898566666;24098566666
5162;24130679000;23939888888;24139888888
5163;24130682000;23939888888;24139888888
5164;24130684000;23939888888;24139888888
5165;24130685000;23939888888;24139888888
5166;24130686000;23939888888;24139888888
5167;24130687000;23939888888;24139888888
5168;24130688000;23939888888;24139888888
5169;24130885000;23939988888;24139988888
5170;24130900000;23940300000;24140300000
5171;24130901000;23940300000;24140300000
5172;24130902000;23940300000;24140300000
5173;24172172000;23981533333;24181533333
5174;24172176000;23981533333;24181533333
5175;24172177000;23981533333;24181533333
5176;24172178000;23981533333;24181533333
5177;24172179000;23981533333;24181533333
5178;24172180000;23981533333;24181533333
5179;24172181000;23981533333;24181533333
5180;24172351000;23981611111;24181611111
5181;24172354000;23981966666;24181966666
5182;24172355000;23981966666;24181966666
5183;24172355000;23981966666;24181966666
5184;24214028000;24023233333;24223233333
5185;24214031000;24023233333;24223233333
5186;24214032000;24023233333;24223233333
5187;24214033000;24023233333;24223233333
5188;24214034000;24023233333;24223233333
5189;24214035000;24023233333;24223233333
5190;24214036000;24023233333;24223233333
5191;24214233000;24023311111;24223311111
5192;24214239000;24023611111;24223611111
5193;24214240000;24023611111;24223611111
5194;24214241000;24023611111;24223611111
5195;24255687000;24064922222;24264922222
5196;24255691000;24064922222;24264922222
5197;24255692000;24064922222;24264922222
5199;24255896000;24064922222;24264922222
5200;24255900000;24064922222;24264922222
5201;24255911000;24064922222;24264922222
5202;24256081000;24065011111;24265011111
5203;24256085000;24065311111;24265311111
5204;24256086000;24065311111;24265311111
5205;24256087000;24065311111;24265311111
5206;24297186000;24106533333;24306533333
5207;24297189000;24106533333;24306533333
5208;24297190000;24106533333;24306533333
5209;24297191000;24106533333;24306533333
5210;24297192000;24106533333;24306533333
5211;24297193000;24106533333;24306533333
5212;24297194000;24106533333;24306533333
5213;24297390000;24106622222;24306622222
5214;24297405000;24106933333;24306933333
5215;24297407000;24106933333;24306933333
5216;24297407000;24106933333;24306933333
5217;24338858000;24148222222;24348222222
5218;24338862000;24148222222;24348222222
5219;24338863000;24148222222;24348222222
5220;24338872000;24148222222;24348222222
5221;24338872000;24148222222;24348222222
5222;24338873000;24148222222;24348222222
5223;24338874000;24148222222;24348222222
5224;24339072000;24148311111;24348311111
5225;24339087000;24148600000;24348600000
5226;24339088000;24148600000;24348600000
5227;24339089000;24148600000;24348600000
5228;24380691000;24189877777;24389877777
5229;24380695000;24189877777;24389877777
5230;24380695000;24189877777;24389877777
5231;24380696000;24189877777;24389877777
5232;24380697000;24189877777;24389877777
5233;24380698000;24189877777;24389877777
5234;24380699000;24189877777;24389877777
5235;24380867000;24189977777;24389977777
5236;24380871000;24190300000;24390300000
5237;24380873000;24190300000;24390300000
5238;24380874000;24190300000;24390300000
5239;24422176000;24231533333;24431533333
5240;24422180000;24231533333;24431533333
5241;24422181000;24231533333;24431533333
5242;24422182000;24231533333;24431533333
5243;24422183000;24231533333;24431533333
5244;24422184000;24231533333;24431533333
5245;24422186000;24231533333;24431533333
5246;24422311000;24231622222;24431622222
5247;24422314000;24231955555;24431955555
5248;24422315000;24231955555;24431955555
5249;24422317000;24231955555;24431955555
5250;24463858000;24273233333;24473233333
5251;24463862000;24273233333;24473233333
5252;24463863000;24273233333;24473233333
5253;24463864000;24273233333;24473233333
5254;24463865000;24273233333;24473233333
5255;24463866000;24273233333;24473233333
5256;24463868000;24273233333;24473233333
5257;24464080000;24273322222;24473322222
5258;24464095000;24273600000;24473600000
5259;24464096000;24273600000;24473600000
5260;24464097000;24273600000;24473600000
5261;24505675000;24314877777;24514877777
5262;24505678000;24314877777;24514877777
5263;24505679000;24314877777;24514877777
5264;24505681000;24314877777;24514877777
5265;24505682000;24314877777;24514877777
5266;24505683000;24314877777;24514877777
5267;24505684000;24314877777;24514877777
5268;24505881000;24314988888;24514988888
5269;24505887000;24315300000;24515300000
5270;24505889000;24315300000;24515300000
5271;24505890000;24315300000;24515300000
5272;24547330000;24356566666;24556566666
5273;24547334000;24356566666;24556566666
5274;24547335000;24356566666;24556566666
5275;24547336000;24356566666;24556566666
5276;24547337000;24356566666;24556566666
5277;24547338000;24356566666;24556566666
5278;24547339000;24356566666;24556566666
5279;24547474000;24356655555;24556655555
5280;24547487000;24356977777;24556977777
5281;24547488000;24356977777;24556977777
5282;24547489000;24356977777;24556977777
5283;24588992000;24398200000;24598200000
5284;24588996000;24398200000;24598200000
5285;24588997000;24398200000;24598200000
5286;24588997000;24398200000;24598200000
5287;24588998000;24398200000;24598200000
5288;24588999000;24398200000;24598200000
5289;24589000000;24398200000;24598200000
5290;24589209000;24398300000;24598300000
5291;24589212000;24398588888;24598588888
5292;24589213000;24398588888;24598588888
5293;24589213000;24398588888;24598588888
5294;24630566000;24439933333;24639933333
5295;24630570000;24439933333;24639933333
5296;24630571000;24439933333;24639933333
5297;24630572000;24439933333;24639933333
5298;24630573000;24439933333;24639933333
5299;24630574000;24439933333;24639933333
5300;24630575000;24439933333;24639933333
5301;24630742000;24440022222;24640022222
5302;24630744000;24440344444;24640344444
5303;24630745000;24440344444;24640344444
5304;24630746000;24440344444;24640344444
5305;24672254000;24481533333;24681533333
5306;24672256000;24481533333;24681533333
5307;24672257000;24481533333;24681533333
5308;24672258000;24481533333;24681533333
5309;24672258000;24481533333;24681533333
5310;24672259000;24481533333;24681533333
5311;24672260000;24481533333;24681533333
5312;24672398000;24481622222;24681622222
5313;24672400000;24481944444;24681944444
5314;24672401000;24481944444;24681944444
5315;24672402000;24481944444;24681944444
5316;24713812000;24523200000;24723200000
5317;24713815000;24523200000;24723200000
5318;24713816000;24523200000;24723200000
5319;24713817000;24523200000;24723200000
5320;24713827000;24523200000;24723200000
5321;24713828000;24523200000;24723200000
5322;24713829000;24523200000;24723200000
5323;24714040000;24523300000;24723300000
5324;24714043000;24523577777;24723577777
5325;24714045000;24523577777;24723577777
5326;24714045000;24523577777;24723577777
5327;24755589000;24564933333;24764933333
5328;24755593000;24564933333;24764933333
5329;24755594000;24564933333;24764933333
5330;24755595000;24564933333;24764933333
5331;24755596000;24564933333;24764933333
5332;24755597000;24564933333;24764933333
5333;24755597000;24564933333;24764933333
5334;24755806000;24565022222;24765022222
5335;24755820000;24565333333;24765333333
5336;24755821000;24565333333;24765333333
5337;24755822000;24565333333;24765333333
5338;24797140000;24606533333;24806533333
5339;24797144000;24606533333;24806533333
5340;24797145000;24606533333;24806533333
5341;24797145000;24606533333;24806533333
5342;24797146000;24606533333;24806533333
5343;24797147000;24606533333;24806533333
5344;24797148000;24606533333;24806533333
5345;24797362000;24606633333;24806633333
5346;24797365000;24606977777;24806977777
5347;24797366000;24606977777;24806977777
5348;24797367000;24606977777;24806977777
5349;24838793000;24648200000;24848200000
5350;24838796000;24648200000;24848200000
5351;24838797000;24648200000;24848200000
5352;24838798000;24648200000;24848200000
5353;24838799000;24648200000;24848200000
5354;24838800000;24648200000;24848200000
5355;24838801000;24648200000;24848200000
5356;24838973000;24648300000;24848300000
5357;24838975000;24648600000;24848600000
5358;24838976000;24648600000;24848600000
5359;24838977000;24648600000;24848600000
5360;24880549000;24689900000;24889900000
5361;24880553000;24689900000;24889900000
5362;24880554000;24689900000;24889900000
5363;24880555000;24689900000;24889900000
5364;24880555000;24689900000;24889900000
5365;24880556000;24689900000;24889900000
5366;24880557000;24689900000;24889900000
5367;24880725000;24690022222;24890022222
5368;24880729000;24690333333;24890333333
5369;24880730000;24690333333;24890333333
5370;24880731000;24690333333;24890333333
5371;24922338000;24731566666;24931566666
5372;24922342000;24731566666;24931566666
5373;24922343000;24731566666;24931566666
5374;24922344000;24731566666;24931566666
5375;24922345000;24731566666;24931566666
5376;24922345000;24731566666;24931566666
5377;24922346000;24731566666;24931566666
5378;24922490000;24731666666;24931666666
5379;24922495000;24731988888;24931988888
5380;24922496000;24731988888;24931988888
5381;24922497000;24731988888;24931988888
5382;24963861000;24773211111;24973211111
5383;24963865000;24773211111;24973211111
5384;24963866000;24773211111;24973211111
5385;24963867000;24773211111;24973211111
5386;24963868000;24773211111;24973211111
5387;24963868000;24773211111;24973211111
5388;24963869000;24773211111;24973211111
5389;24964066000;24773322222;24973322222
5390;24964072000;24773600000;24973600000
5391;24964074000;24773600000;24973600000
5392;24964075000;24773600000;24973600000
5393;25005538000;24814888888;25014888888
5394;25005541000;24814888888;25014888888
5395;25005543000;24814888888;25014888888
5396;25005544000;24814888888;25014888888
5397;25005545000;24814888888;25014888888
5398;25005546000;24814888888;25014888888
5399;25005547000;24814888888;25014888888
5400;25005715000;24815000000;25015000000
5401;25005719000;24815311111;25015311111
5402;25005720000;24815311111;25015311111
5403;25005721000;24815311111;25015311111
5404;25047321000;24856544444;25056544444
5405;25047324000;24856544444;25056544444
5406;25047325000;24856544444;25056544444
5407;25047326000;24856544444;25056544444
5408;25047327000;24856544444;25056544444
5409;25047328000;24856544444;25056544444
5410;25047329000;24856544444;25056544444
5411;25047505000;24856644444;25056644444
5412;25047509000;24856966666;25056966666
5413;25047510000;24856966666;25056966666
5414;25047511000;24856966666;25056966666
5415;25088899000;24898233333;25098233333
5416;25088902000;24898233333;25098233333
5417;25088903000;24898233333;25098233333
5418;25088904000;24898233333;25098233333
5419;25088905000;24898233333;25098233333
5420;25088914000;24898233333;25098233333
5421;25088915000;24898233333;25098233333
5422;25089111000;24898333333;25098333333
5423;25089127000;24898633333;25098633333
5424;25089128000;24898633333;25098633333
5425;25089129000;24898633333;25098633333
5426;25130579000;24939888888;25139888888
5427;25130583000;24939888888;25139888888
5428;25130584000;24939888888;25139888888
5429;25130585000;24939888888;25139888888
5430;25130585000;24939888888;25139888888
5431;25130586000;24939888888;25139888888
5432;25130587000;24939888888;25139888888
5433;25130799000;24940000000;25140000000
5434;25130814000;24940322222;25140322222
5435;25130815000;24940322222;25140322222
5436;25130816000;24940322222;25140322222
5437;25172397000;24981588888;25181588888
5438;25172400000;24981588888;25181588888
5439;25172401000;24981588888;25181588888
5440;25172402000;24981588888;25181588888
5441;25172403000;24981588888;25181588888
5442;25172404000;24981588888;25181588888
5443;25172405000;24981588888;25181588888
5444;25172595000;24981688888;25181688888
5445;25172599000;24982055555;25182055555
5446;25172600000;24982055555;25182055555
5447;25172601000;24982055555;25182055555
5448;25214860000;25023233333;25223233333
5449;25214875000;25023233333;25223233333
5450;25214876000;25023233333;25223233333
5451;25214877000;25023233333;25223233333
5452;25214879000;25023233333;25223233333
5453;25214880000;25023233333;25223233333
5454;25214881000;25023233333;25223233333
5455;25215111000;25023344444;25223344444
5456;25215117000;25023644444;25223644444
5457;25215119000;25023644444;25223644444
5458;25215120000;25023644444;25223644444
5459;25255614000;25064933333;25264933333
5460;25255618000;25064933333;25264933333
5461;25255619000;25064933333;25264933333
5462;25255620000;25064933333;25264933333
5463;25255621000;25064933333;25264933333
5464;25255623000;25064933333;25264933333
5465;25255624000;25064933333;25264933333
5466;25255820000;25065033333;25265033333
5467;25255835000;25065355555;25265355555
5468;25255836000;25065355555;25265355555
5469;25255838000;25065355555;25265355555
5470;25297374000;25106566666;25306566666
5471;25297377000;25106566666;25306566666
5472;25297378000;25106566666;25306566666
5473;25297380000;25106566666;25306566666
5474;25297381000;25106566666;25306566666
5475;25297382000;25106566666;25306566666
5476;25297383000;25106566666;25306566666
5477;25297590000;25106677777;25306677777
5478;25297606000;25107000000;25307000000
5479;25297607000;25107000000;25307000000
5480;25297608000;25107000000;25307000000
5481;25339059000;25148233333;25348233333
5482;25339062000;25148233333;25348233333
5483;25339063000;25148233333;25348233333
5484;25339064000;25148233333;25348233333
5485;25339065000;25148233333;25348233333
5486;25339066000;25148233333;25348233333
5487;25339067000;25148233333;25348233333
5488;25339265000;25148344444;25348344444
5489;25339271000;25148644444;25348644444
5490;25339272000;25148644444;25348644444
5491;25339274000;25148644444;25348644444
5492;25380718000;25189900000;25389900000
5493;25380721000;25189900000;25389900000
5494;25380723000;25189900000;25389900000
5495;25380724000;25189900000;25389900000
5496;25380725000;25189900000;25389900000
5497;25380726000;25189900000;25389900000
5498;25380727000;25189900000;25389900000
5499;25380924000;25190033333;25390033333
