seqnum;now;rtptime;deadline;packet_len;payload_len
0;7051388000;6660322222;6860322222;10240;10228
1;7051461000;6660322222;6860322222;10240;10228
2;7051625000;6660322222;6860322222;10240;10228
3;7051631000;6660322222;6860322222;10240;10228
4;7212488000;6660322222;6860322222;10240;10228
5;7212542000;6660322222;6860322222;10240;10228
6;7212679000;6660322222;6860322222;10240;10228
7;7212700000;6660322222;6860322222;10240;10228
8;7212934000;6660322222;6860322222;10240;10228
9;7212957000;6660322222;6860322222;10240;10228
10;7213179000;6660322222;6860322222;10240;10228
11;7213210000;6691844444;6891844444;10240;10228
12;7373377000;6691844444;6891844444;10240;10228
13;7373403000;6691844444;6891844444;10240;10228
14;7373620000;6691844444;6891844444;10240;10228
15;7373640000;6691844444;6891844444;10240;10228
17;7373832000;6691844444;6891844444;10240;10228
18;7373851000;6691844444;6891844444;10240;10228
19;7374077000;6691844444;6891844444;10240;10228
20;7374094000;6691844444;6891844444;10240;10228
21;7374325000;6691844444;6891844444;10240;10228
22;7374341000;6733544444;6933544444;10240;10228
23;7374548000;6733544444;6933544444;10240;10228
24;7374564000;6733544444;6933544444;10240;10228
25;7374834000;6733544444;6933544444;10240;10228
26;7381649000;6733544444;6933544444;10240;10228
27;7381667000;6733544444;6933544444;10240;10228
28;7534366000;6733544444;6933544444;10240;10228
29;7534390000;6733544444;6933544444;10240;10228
30;7534586000;6733544444;6933544444;10240;10228
31;7534611000;6733544444;6933544444;10240;10228
32;7534835000;6733544444;6933544444;10240;10228
33;7534861000;6775144444;6975144444;10240;10228
34;7535079000;6775144444;6975144444;10240;10228
35;7535095000;6775144444;6975144444;10240;10228
36;7535331000;6775144444;6975144444;10240;10228
37;7535347000;6775144444;6975144444;10240;10228
38;7535588000;6775144444;6975144444;10240;10228
39;7535603000;6775144444;6975144444;10240;10228
40;7535838000;6775144444;6975144444;10240;10228
41;7535862000;6775144444;6975144444;10240;10228
42;7536082000;6775144444;6975144444;10240;10228
43;7536098000;6775144444;6975144444;10240;10228
44;7536108000;6816811111;7016811111;10240;10228
45;7536331000;6816811111;7016811111;10240;10228
46;7542715000;6816811111;7016811111;10240;10228
47;7542730000;6816811111;7016811111;10240;10228
48;7695424000;6816811111;7016811111;10240;10228
49;7695449000;6816811111;7016811111;10240;10228
53;7695832000;6816811111;7016811111;10240;10228
54;7696056000;6816811111;7016811111;10240;10228
55;7696082000;6858455555;7058455555;10240;10228
56;7696297000;6858455555;7058455555;10240;10228
57;7696303000;6858455555;7058455555;10240;10228
58;7696544000;6858455555;7058455555;10240;10228
59;7696549000;6858455555;7058455555;10240;10228
60;7696806000;6858455555;7058455555;10240;10228
61;7696831000;6858455555;7058455555;10240;10228
62;7697047000;6858455555;7058455555;10240;10228
64;7697067000;6858455555;7058455555;10240;10228
65;7697297000;6858455555;7058455555;10240;10228
66;7697319000;6900111111;7100111111;10240;10228
67;7697540000;6900111111;7100111111;10240;10228
68;7697556000;6900111111;7100111111;10240;10228
69;7697810000;6900111111;7100111111;10240;10228
70;7697826000;6900111111;7100111111;10240;10228
71;7697833000;6900111111;7100111111;10240;10228
72;7698049000;6900111111;7100111111;10240;10228
73;7698055000;6900111111;7100111111;10240;10228
74;7698299000;6900111111;7100111111;10240;10228
75;7698320000;6900111111;7100111111;10240;10228
76;7703572000;6900111111;7100111111;10240;10228
77;7703823000;6941900000;7141900000;10240;10228
78;7703848000;6941900000;7141900000;10240;10228
80;7856432000;6941900000;7141900000;10240;10228
81;7856454000;6941900000;7141900000;10240;10228
82;7856674000;6941900000;7141900000;10240;10228
83;7856695000;6941900000;7141900000;10240;10228
84;7856935000;6941900000;7141900000;10240;10228
86;7856955000;6941900000;7141900000;10240;10228
87;7857165000;6941900000;7141900000;10240;10228
88;7857186000;6983466666;7183466666;10240;10228
89;7857421000;6983466666;7183466666;10240;10228
90;7857445000;6983466666;7183466666;10240;10228
91;7857674000;6983466666;7183466666;10240;10228
92;7857724000;6983466666;7183466666;10240;10228
93;7857925000;6983466666;7183466666;10240;10228
94;7857947000;6983466666;7183466666;10240;10228
95;7858130000;6983466666;7183466666;10240;10228
96;7858152000;6983466666;7183466666;10240;10228
97;7858381000;6983466666;7183466666;10240;10228
98;7858403000;6983466666;7183466666;10240;10228
99;7858408000;7025111111;7225111111;10240;10228
100;7858639000;7025111111;7225111111;10240;10228
101;7858668000;7025111111;7225111111;10240;10228
102;7858926000;7025111111;7225111111;10240;10228
103;7858950000;7025111111;7225111111;10240;10228
104;7859175000;7025111111;7225111111;10240;10228
105;7859207000;7025111111;7225111111;10240;10228
106;7859425000;7025111111;7225111111;10240;10228
107;7859448000;7025111111;7225111111;10240;10228
108;7859632000;7025111111;7225111111;10240;10228
109;7859648000;7025111111;7225111111;10240;10228
110;7864591000;7066733333;7266733333;10240;10228
111;7864614000;7066733333;7266733333;10240;10228
112;7864859000;7066733333;7266733333;10240;10228
113;8017466000;7066733333;7266733333;10240;10228
116;8017488000;7066733333;7266733333;10240;10228
117;8017730000;7066733333;7266733333;10240;10228
118;8017753000;7066733333;7266733333;10240;10228
119;8017935000;7066733333;7266733333;10240;10228
120;8018033000;7066733333;7266733333;10240;10228
121;8018222000;7108444444;7308444444;10240;10228
122;8018244000;7108444444;7308444444;10240;10228
123;8018472000;7108444444;7308444444;10240;10228
124;8018495000;7108444444;7308444444;10240;10228
125;8018712000;7108444444;7308444444;10240;10228
126;8018738000;7108444444;7308444444;10240;10228
127;8018964000;7108444444;7308444444;10240;10228
128;8018987000;7108444444;7308444444;10240;10228
129;8019253000;7108444444;7308444444;10240;10228
130;8019278000;7108444444;7308444444;10240;10228
131;8019283000;7108444444;7308444444;10240;10228
132;8019430000;7150100000;7350100000;10240;10228
133;8019453000;7150100000;7350100000;10240;10228
134;8019726000;7150100000;7350100000;10240;10228
135;8019752000;7150100000;7350100000;10240;10228
136;8019975000;7150100000;7350100000;10240;10228
137;8020007000;7150100000;7350100000;10240;10228
138;8020226000;7150100000;7350100000;10240;10228
139;8020248000;7150100000;7350100000;10240;10228
141;8020432000;7150100000;7350100000;10240;10228
142;8020449000;7150100000;7350100000;10240;10228
143;8020724000;7191766666;7391766666;10240;10228
144;8020747000;7191766666;7391766666;10240;10228
145;8020761000;7191766666;7391766666;10240;10228
146;8025591000;7191766666;7391766666;10240;10228
147;8025868000;7191766666;7391766666;10240;10228
148;8025879000;7191766666;7391766666;10240;10228
149;8178435000;7191766666;7391766666;10240;10228
150;8178456000;7191766666;7391766666;10240;10228
151;8178681000;7191766666;7391766666;10240;10228
152;8178702000;7191766666;7391766666;10240;10228
153;8178934000;7191766666;7391766666;10240;10228
154;8178956000;7233455555;7433455555;10240;10228
155;8179179000;7233455555;7433455555;10240;10228
156;8179200000;7233455555;7433455555;10240;10228
157;8179429000;7233455555;7433455555;10240;10228
158;8179454000;7233455555;7433455555;10240;10228
159;8179681000;7233455555;7433455555;10240;10228
160;8179705000;7233455555;7433455555;10240;10228
161;8179724000;7233455555;7433455555;10240;10228
162;8179921000;7233455555;7433455555;10240;10228
163;8179943000;7233455555;7433455555;10240;10228
164;8180138000;7233455555;7433455555;10240;10228
165;8180147000;7275122222;7475122222;10240;10228
166;8180387000;7275122222;7475122222;10240;10228
167;8180397000;7275122222;7475122222;10240;10228
168;8180646000;7275122222;7475122222;10240;10228
171;8180740000;7275122222;7475122222;10240;10228
172;8180932000;7275122222;7475122222;10240;10228
173;8180954000;7275122222;7475122222;10240;10228
174;8181183000;7275122222;7475122222;10240;10228
175;8181215000;7275122222;7475122222;10240;10228
178;8181722000;7316833333;7516833333;10240;10228
179;8181746000;7316833333;7516833333;10240;10228
180;8181964000;7316833333;7516833333;10240;10228
181;8181996000;7316833333;7516833333;10240;10228
182;8182211000;7316833333;7516833333;10240;10228
183;8182251000;7316833333;7516833333;10240;10228
184;8186591000;7316833333;7516833333;10240;10228
185;8186861000;7316833333;7516833333;10240;10228
186;8186884000;7316833333;7516833333;10240;10228
187;8339490000;7358455555;7558455555;10240;10228
188;8339521000;7358455555;7558455555;10240;10228
189;8340000000;7358455555;7558455555;10240;10228
190;8340023000;7358455555;7558455555;10240;10228
191;8340242000;7358455555;7558455555;10240;10228
192;8340274000;7358455555;7558455555;10240;10228
193;8340494000;7358455555;7558455555;10240;10228
194;8340524000;7358455555;7558455555;10240;10228
195;8340745000;7358455555;7558455555;10240;10228
196;8340772000;7358455555;7558455555;10240;10228
197;8340787000;7358455555;7558455555;10240;10228
198;8340995000;7400088888;7600088888;10240;10228
199;8341016000;7400088888;7600088888;10240;10228
200;8341243000;7400088888;7600088888;10240;10228
201;8341276000;7400088888;7600088888;10240;10228
202;8341489000;7400088888;7600088888;10240;10228
203;8341519000;7400088888;7600088888;10240;10228
204;8341712000;7400088888;7600088888;10240;10228
205;8341729000;7400088888;7600088888;10240;10228
206;8341954000;7400088888;7600088888;10240;10228
207;8341963000;7400088888;7600088888;10240;10228
208;8342202000;7400088888;7600088888;10240;10228
209;8342231000;7441766666;7641766666;10240;10228
210;8342499000;7441766666;7641766666;10240;10228
211;8342529000;7441766666;7641766666;10240;10228
212;8342551000;7441766666;7641766666;10240;10228
213;8342755000;7441766666;7641766666;10240;10228
214;8342778000;7441766666;7641766666;10240;10228
215;8343001000;7441766666;7641766666;10240;10228
216;8343027000;7441766666;7641766666;10240;10228
217;8343243000;7441766666;7641766666;10240;10228
218;8343267000;7441766666;7641766666;10240;10228
219;8343462000;7441766666;7641766666;10240;10228
220;8343485000;7483466666;7683466666;10240;10228
221;8343707000;7483466666;7683466666;10240;10228
222;8343717000;7483466666;7683466666;10240;10228
223;8343957000;7483466666;7683466666;10240;10228
224;8343968000;7483466666;7683466666;10240;10228
225;8347560000;7483466666;7683466666;10240;10228
226;8347885000;7483466666;7683466666;10240;10228
227;8347908000;7483466666;7683466666;10240;10228
228;8500626000;7483466666;7683466666;10240;10228
229;8500674000;7483466666;7683466666;10240;10228
230;8500906000;7483466666;7683466666;10240;10228
231;8501160000;7525111111;7725111111;10240;10228
232;8501181000;7525111111;7725111111;10240;10228
233;8501401000;7525111111;7725111111;10240;10228
234;8501423000;7525111111;7725111111;10240;10228
235;8501650000;7525111111;7725111111;10240;10228
236;8501675000;7525111111;7725111111;10240;10228
237;8501906000;7525111111;7725111111;10240;10228
238;8501929000;7525111111;7725111111;10240;10228
239;8502145000;7525111111;7725111111;10240;10228
240;8502177000;7525111111;7725111111;10240;10228
241;8502358000;7525111111;7725111111;10240;10228
242;8502375000;7566755555;7766755555;10240;10228
243;8502618000;7566755555;7766755555;10240;10228
244;8502635000;7566755555;7766755555;10240;10228
245;8502869000;7566755555;7766755555;10240;10228
246;8502898000;7566755555;7766755555;10240;10228
247;8503155000;7566755555;7766755555;10240;10228
249;8503178000;7566755555;7766755555;10240;10228
250;8503195000;7566755555;7766755555;10240;10228
251;8503385000;7566755555;7766755555;10240;10228
252;8503398000;7566755555;7766755555;10240;10228
253;8503655000;7608466666;7808466666;10240;10228
254;8503682000;7608466666;7808466666;10240;10228
255;8503986000;7608466666;7808466666;10240;10228
256;8504018000;7608466666;7808466666;10240;10228
257;8504237000;7608466666;7808466666;10240;10228
258;8504269000;7608466666;7808466666;10240;10228
259;8504479000;7608466666;7808466666;10240;10228
260;8504503000;7608466666;7808466666;10240;10228
261;8504747000;7608466666;7808466666;10240;10228
262;8504769000;7608466666;7808466666;10240;10228
263;8504987000;7608466666;7808466666;10240;10228
264;8505019000;7650088888;7850088888;10240;10228
265;8505195000;7650088888;7850088888;10240;10228
266;8505215000;7650088888;7850088888;10240;10228
267;8505445000;7650088888;7850088888;10240;10228
268;8505451000;7650088888;7850088888;10240;10228
269;8505722000;7650088888;7850088888;10240;10228
270;8505743000;7650088888;7850088888;10240;10228
271;8505974000;7650088888;7850088888;10240;10228
272;8505995000;7650088888;7850088888;10240;10228
273;8506002000;7650088888;7850088888;10240;10228
274;8506195000;7650088888;7850088888;10240;10228
275;8506213000;7691744444;7891744444;10240;10228
276;8508589000;7691744444;7891744444;10240;10228
277;8508611000;7691744444;7891744444;10240;10228
278;8508854000;7691744444;7891744444;10240;10228
279;8508875000;7691744444;7891744444;10240;10228
280;8509091000;7691744444;7891744444;10240;10228
281;8509121000;7691744444;7891744444;10240;10228
282;8661728000;7691744444;7891744444;10240;10228
283;8661761000;7691744444;7891744444;10240;10228
284;8661938000;7691744444;7891744444;10240;10228
285;8661960000;7691744444;7891744444;10240;10228
286;8662186000;7733455555;7933455555;10240;10228
287;8662209000;7733455555;7933455555;10240;10228
288;8662428000;7733455555;7933455555;10240;10228
289;8662451000;7733455555;7933455555;10240;10228
290;8662680000;7733455555;7933455555;10240;10228
291;8662703000;7733455555;7933455555;10240;10228
292;8662937000;7733455555;7933455555;10240;10228
293;8662961000;7733455555;7933455555;10240;10228
294;8663141000;7733455555;7933455555;10240;10228
295;8663151000;7733455555;7933455555;10240;10228
296;8663158000;7733455555;7933455555;10240;10228
297;8663390000;7775088888;7975088888;10240;10228
298;8663396000;7775088888;7975088888;10240;10228
299;8663645000;7775088888;7975088888;10240;10228
300;8663740000;7775088888;7975088888;10240;10228
301;8663932000;7775088888;7975088888;10240;10228
302;8663953000;7775088888;7975088888;10240;10228
303;8664185000;7775088888;7975088888;10240;10228
304;8664218000;7775088888;7975088888;10240;10228
305;8664434000;7775088888;7975088888;10240;10228
306;8664457000;7775088888;7975088888;10240;10228
307;8664468000;7775088888;7975088888;10240;10228
308;8664689000;7816733333;8016733333;10240;10228
309;8664710000;7816733333;8016733333;10240;10228
310;8664937000;7816733333;8016733333;10240;10228
311;8664967000;7816733333;8016733333;10240;10228
312;8665166000;7816733333;8016733333;10240;10228
313;8665189000;7816733333;8016733333;10240;10228
314;8665391000;7816733333;8016733333;10240;10228
316;8665409000;7816733333;8016733333;10240;10228
317;8665649000;7816733333;8016733333;10240;10228
318;8665673000;7816733333;8016733333;10240;10228
320;8665895000;7858433333;8058433333;10240;10228
321;8665916000;7858433333;8058433333;10240;10228
322;8666179000;7858433333;8058433333;10240;10228
323;8666200000;7858433333;8058433333;10240;10228
324;8666204000;7858433333;8058433333;10240;10228
325;8666429000;7858433333;8058433333;10240;10228
326;8666445000;7858433333;8058433333;10240;10228
327;8666690000;7858433333;8058433333;10240;10228
328;8666705000;7858433333;8058433333;10240;10228
329;8666929000;7858433333;8058433333;10240;10228
330;8666947000;7900100000;8100100000;10240;10228
331;8667181000;7900100000;8100100000;10240;10228
332;8667198000;7900100000;8100100000;10240;10228
333;8667396000;7900100000;8100100000;10240;10228
334;8667403000;7900100000;8100100000;10240;10228
335;8667674000;7900100000;8100100000;10240;10228
336;8667692000;7900100000;8100100000;10240;10228
337;8667931000;7900100000;8100100000;10240;10228
338;8667949000;7900100000;8100100000;10240;10228
339;8668180000;7900100000;8100100000;10240;10228
340;8668196000;7900100000;8100100000;10240;10228
341;8668200000;7941755555;8141755555;10240;10228
342;8668395000;7941755555;8141755555;10240;10228
343;8668412000;7941755555;8141755555;10240;10228
344;8668676000;7941755555;8141755555;10240;10228
345;8668697000;7941755555;8141755555;10240;10228
346;8668934000;7941755555;8141755555;10240;10228
347;8668952000;7941755555;8141755555;10240;10228
348;8669574000;7941755555;8141755555;10240;10228
349;8669841000;7941755555;8141755555;10240;10228
350;8669857000;7941755555;8141755555;10240;10228
351;8669862000;7941755555;8141755555;10240;10228
352;8670077000;7983433333;8183433333;10240;10228
353;8670374000;7983433333;8183433333;10240;10228
354;8822584000;7983433333;8183433333;10240;10228
355;8822606000;7983433333;8183433333;10240;10228
356;8822931000;7983433333;8183433333;10240;10228
357;8822942000;7983433333;8183433333;10240;10228
358;8823191000;7983433333;8183433333;10240;10228
359;8823430000;7983433333;8183433333;10240;10228
360;8823453000;7983433333;8183433333;10240;10228
361;8823464000;7983433333;8183433333;10240;10228
362;8823685000;7983433333;8183433333;10240;10228
363;8823705000;8025088888;8225088888;10240;10228
364;8823936000;8025088888;8225088888;10240;10228
365;8823967000;8025088888;8225088888;10240;10228
366;8824183000;8025088888;8225088888;10240;10228
368;8824217000;8025088888;8225088888;10240;10228
369;8824416000;8025088888;8225088888;10240;10228
370;8824430000;8025088888;8225088888;10240;10228
371;8824649000;8025088888;8225088888;10240;10228
372;8824675000;8025088888;8225088888;10240;10228
373;8824890000;8025088888;8225088888;10240;10228
374;8824911000;8066722222;8266722222;10240;10228
375;8825152000;8066722222;8266722222;10240;10228
376;8825182000;8066722222;8266722222;10240;10228
377;8825447000;8066722222;8266722222;10240;10228
378;8825470000;8066722222;8266722222;10240;10228
379;8825698000;8066722222;8266722222;10240;10228
380;8825720000;8066722222;8266722222;10240;10228
381;8825946000;8066722222;8266722222;10240;10228
382;8825967000;8066722222;8266722222;10240;10228
383;8826199000;8066722222;8266722222;10240;10228
384;8826221000;8066722222;8266722222;10240;10228
385;8826390000;8108455555;8308455555;10240;10228
386;8826395000;8108455555;8308455555;10240;10228
387;8826665000;8108455555;8308455555;10240;10228
388;8826694000;8108455555;8308455555;10240;10228
389;8826906000;8108455555;8308455555;10240;10228
390;8826925000;8108455555;8308455555;10240;10228
391;8827204000;8108455555;8308455555;10240;10228
392;8827225000;8108455555;8308455555;10240;10228
393;8827230000;8108455555;8308455555;10240;10228
394;8827432000;8108455555;8308455555;10240;10228
395;8827445000;8108455555;8308455555;10240;10228
396;8827707000;8150111111;8350111111;10240;10228
397;8827737000;8150111111;8350111111;10240;10228
398;8827955000;8150111111;8350111111;10240;10228
399;8827984000;8150111111;8350111111;10240;10228
400;8828203000;8150111111;8350111111;10240;10228
401;8828232000;8150111111;8350111111;10240;10228
402;8828453000;8150111111;8350111111;10240;10228
403;8828474000;8150111111;8350111111;10240;10228
404;8828690000;8150111111;8350111111;10240;10228
405;8828706000;8150111111;8350111111;10240;10228
406;8828711000;8150111111;8350111111;10240;10228
407;8828937000;8191755555;8391755555;10240;10228
408;8828954000;8191755555;8391755555;10240;10228
409;8829198000;8191755555;8391755555;10240;10228
410;8829204000;8191755555;8391755555;10240;10228
411;8829410000;8191755555;8391755555;10240;10228
412;8829415000;8191755555;8391755555;10240;10228
413;8829700000;8191755555;8391755555;10240;10228
414;8829705000;8191755555;8391755555;10240;10228
415;8829949000;8191755555;8391755555;10240;10228
416;8829966000;8191755555;8391755555;10240;10228
417;8829972000;8191755555;8391755555;10240;10228
418;8830195000;8233455555;8433455555;10240;10228
419;8830213000;8233455555;8433455555;10240;10228
420;8830409000;8233455555;8433455555;10240;10228
421;8830697000;8233455555;8433455555;10240;10228
424;8830951000;8233455555;8433455555;10240;10228
425;8830968000;8233455555;8433455555;10240;10228
426;8831309000;8233455555;8433455555;10240;10228
427;8983681000;8233455555;8433455555;10240;10228
428;8983704000;8233455555;8433455555;10240;10228
429;8983934000;8275133333;8475133333;10240;10228
430;8983957000;8275133333;8475133333;10240;10228
431;8984187000;8275133333;8475133333;10240;10228
432;8984210000;8275133333;8475133333;10240;10228
433;8984421000;8275133333;8475133333;10240;10228
434;8984444000;8275133333;8475133333;10240;10228
437;8984694000;8275133333;8475133333;10240;10228
438;8984718000;8275133333;8475133333;10240;10228
439;8985077000;8275133333;8475133333;10240;10228
440;8985298000;8316777777;8516777777;10240;10228
441;8985319000;8316777777;8516777777;10240;10228
443;8985540000;8316777777;8516777777;10240;10228
444;8985558000;8316777777;8516777777;10240;10228
445;8985840000;8316777777;8516777777;10240;10228
446;8985857000;8316777777;8516777777;10240;10228
447;8986077000;8316777777;8516777777;10240;10228
448;8986096000;8316777777;8516777777;10240;10228
449;8986315000;8316777777;8516777777;10240;10228
450;8986322000;8316777777;8516777777;10240;10228
451;8986577000;8358422222;8558422222;10240;10228
452;8986595000;8358422222;8558422222;10240;10228
453;8986833000;8358422222;8558422222;10240;10228
454;8986838000;8358422222;8558422222;10240;10228
455;8987086000;8358422222;8558422222;10240;10228
456;8987092000;8358422222;8558422222;10240;10228
457;8987336000;8358422222;8558422222;10240;10228
458;8987341000;8358422222;8558422222;10240;10228
459;8987579000;8358422222;8558422222;10240;10228
460;8987585000;8358422222;8558422222;10240;10228
461;8987836000;8358422222;8558422222;10240;10228
462;8987854000;8400088888;8600088888;10240;10228
464;8987858000;8400088888;8600088888;10240;10228
465;8988084000;8400088888;8600088888;10240;10228
466;8988307000;8400088888;8600088888;10240;10228
467;8988326000;8400088888;8600088888;10240;10228
468;8988580000;8400088888;8600088888;10240;10228
469;8988673000;8400088888;8600088888;10240;10228
470;8988852000;8400088888;8600088888;10240;10228
471;8988875000;8400088888;8600088888;10240;10228
472;8988880000;8400088888;8600088888;10240;10228
473;8989095000;8441744444;8641744444;10240;10228
474;8989101000;8441744444;8641744444;10240;10228
475;8989343000;8441744444;8641744444;10240;10228
476;8989361000;8441744444;8641744444;10240;10228
477;8989623000;8441744444;8641744444;10240;10228
478;8989645000;8441744444;8641744444;10240;10228
479;8989848000;8441744444;8641744444;10240;10228
480;8989870000;8441744444;8641744444;10240;10228
481;8990098000;8441744444;8641744444;10240;10228
482;8990130000;8441744444;8641744444;10240;10228
483;8990354000;8441744444;8641744444;10240;10228
484;8990377000;8483444444;8683444444;10240;10228
485;8990605000;8483444444;8683444444;10240;10228
486;8990630000;8483444444;8683444444;10240;10228
487;8990857000;8483444444;8683444444;10240;10228
488;8990879000;8483444444;8683444444;10240;10228
489;8990884000;8483444444;8683444444;10240;10228
490;8991062000;8483444444;8683444444;10240;10228
491;8991314000;8483444444;8683444444;10240;10228
492;8991333000;8483444444;8683444444;10240;10228
493;8991340000;8483444444;8683444444;10240;10228
494;8991580000;8483444444;8683444444;10240;10228
495;8991610000;8525155555;8725155555;10240;10228
496;8991858000;8525155555;8725155555;10240;10228
497;8991880000;8525155555;8725155555;10240;10228
498;8992089000;8525155555;8725155555;10240;10228
499;8992112000;8525155555;8725155555;10240;10228
500;8992358000;8525155555;8725155555;10240;10228
501;8992381000;8525155555;8725155555;10240;10228
502;9144664000;8525155555;8725155555;10240;10228
503;9144705000;8525155555;8725155555;10240;10228
504;9144924000;8525155555;8725155555;10240;10228
505;9144944000;8525155555;8725155555;10240;10228
506;9145190000;8566744444;8766744444;10240;10228
507;9145221000;8566744444;8766744444;10240;10228
508;9145440000;8566744444;8766744444;10240;10228
509;9145716000;8566744444;8766744444;10240;10228
510;9145739000;8566744444;8766744444;10240;10228
511;9145964000;8566744444;8766744444;10240;10228
513;9145988000;8566744444;8766744444;10240;10228
514;9146191000;8566744444;8766744444;10240;10228
515;9146213000;8566744444;8766744444;10240;10228
516;9146439000;8566744444;8766744444;10240;10228
517;9146452000;8608444444;8808444444;10240;10228
518;9146672000;8608444444;8808444444;10240;10228
520;9146690000;8608444444;8808444444;10240;10228
521;9146905000;8608444444;8808444444;10240;10228
522;9146927000;8608444444;8808444444;10240;10228
523;9147211000;8608444444;8808444444;10240;10228
524;9147242000;8608444444;8808444444;10240;10228
525;9147462000;8608444444;8808444444;10240;10228
527;9147483000;8608444444;8808444444;10240;10228
528;9147723000;8650100000;8850100000;10240;10228
529;9147962000;8650100000;8850100000;10240;10228
530;9148008000;8650100000;8850100000;10240;10228
531;9148012000;8650100000;8850100000;10240;10228
532;9148212000;8650100000;8850100000;10240;10228
533;9148246000;8650100000;8850100000;10240;10228
534;9148444000;8650100000;8850100000;10240;10228
535;9148458000;8650100000;8850100000;10240;10228
536;9148669000;8650100000;8850100000;10240;10228
537;9148922000;8650100000;8850100000;10240;10228
538;9148927000;8650100000;8850100000;10240;10228
539;9148938000;8691755555;8891755555;10240;10228
540;9149169000;8691755555;8891755555;10240;10228
541;9149190000;8691755555;8891755555;10240;10228
542;9149592000;8691755555;8891755555;10240;10228
543;9149865000;8691755555;8891755555;10240;10228
544;9149887000;8691755555;8891755555;10240;10228
545;9149892000;8691755555;8891755555;10240;10228
546;9150109000;8691755555;8891755555;10240;10228
547;9150140000;8691755555;8891755555;10240;10228
548;9150378000;8691755555;8891755555;10240;10228
549;9150400000;8691755555;8891755555;10240;10228
550;9150621000;8733466666;8933466666;10240;10228
551;9150628000;8733466666;8933466666;10240;10228
552;9150863000;8733466666;8933466666;10240;10228
553;9150868000;8733466666;8933466666;10240;10228
554;9151108000;8733466666;8933466666;10240;10228
555;9151128000;8733466666;8933466666;10240;10228
556;9151131000;8733466666;8933466666;10240;10228
557;9151337000;8733466666;8933466666;10240;10228
558;9151598000;8733466666;8933466666;10240;10228
559;9151606000;8733466666;8933466666;10240;10228
560;9151615000;8733466666;8933466666;10240;10228
561;9151860000;8775100000;8975100000;10240;10228
562;9151864000;8775100000;8975100000;10240;10228
563;9152111000;8775100000;8975100000;10240;10228
564;9152116000;8775100000;8975100000;10240;10228
565;9152364000;8775100000;8975100000;10240;10228
566;9152368000;8775100000;8975100000;10240;10228
567;9152612000;8775100000;8975100000;10240;10228
568;9152620000;8775100000;8975100000;10240;10228
569;9152862000;8775100000;8975100000;10240;10228
570;9152867000;8775100000;8975100000;10240;10228
572;9153113000;8816755555;9016755555;10240;10228
573;9153131000;8816755555;9016755555;10240;10228
574;9153138000;8816755555;9016755555;10240;10228
575;9153362000;8816755555;9016755555;10240;10228
576;9153367000;8816755555;9016755555;10240;10228
577;9153614000;8816755555;9016755555;10240;10228
578;9153625000;8816755555;9016755555;10240;10228
579;9305558000;8816755555;9016755555;10240;10228
580;9305581000;8816755555;9016755555;10240;10228
581;9305909000;8816755555;9016755555;10240;10228
582;9305933000;8816755555;9016755555;10240;10228
583;9306181000;8858444444;9058444444;10240;10228
584;9306204000;8858444444;9058444444;10240;10228
585;9306424000;8858444444;9058444444;10240;10228
586;9306720000;8858444444;9058444444;10240;10228
587;9306741000;8858444444;9058444444;10240;10228
588;9306963000;8858444444;9058444444;10240;10228
589;9306985000;8858444444;9058444444;10240;10228
590;9307205000;8858444444;9058444444;10240;10228
591;9307227000;8858444444;9058444444;10240;10228
592;9307456000;8858444444;9058444444;10240;10228
593;9307478000;8858444444;9058444444;10240;10228
594;9307714000;8900100000;9100100000;10240;10228
595;9307738000;8900100000;9100100000;10240;10228
596;9307915000;8900100000;9100100000;10240;10228
597;9307935000;8900100000;9100100000;10240;10228
598;9308164000;8900100000;9100100000;10240;10228
599;9308186000;8900100000;9100100000;10240;10228
600;9308414000;8900100000;9100100000;10240;10228
601;9308435000;8900100000;9100100000;10240;10228
602;9308708000;8900100000;9100100000;10240;10228
605;9308730000;8941766666;9141766666;10240;10228
606;9308751000;8941766666;9141766666;10240;10228
607;9308951000;8941766666;9141766666;10240;10228
608;9308957000;8941766666;9141766666;10240;10228
609;9309202000;8941766666;9141766666;10240;10228
610;9309208000;8941766666;9141766666;10240;10228
612;9309422000;8941766666;9141766666;10240;10228
613;9309724000;8941766666;9141766666;10240;10228
614;9309733000;8941766666;9141766666;10240;10228
615;9309738000;8941766666;9141766666;10240;10228
616;9309955000;8983477777;9183477777;10240;10228
617;9309975000;8983477777;9183477777;10240;10228
618;9310211000;8983477777;9183477777;10240;10228
619;9310231000;8983477777;9183477777;10240;10228
620;9310466000;8983477777;9183477777;10240;10228
621;9310475000;8983477777;9183477777;10240;10228
622;9310845000;8983477777;9183477777;10240;10228
623;9310850000;8983477777;9183477777;10240;10228
624;9311070000;8983477777;9183477777;10240;10228
625;9311075000;8983477777;9183477777;10240;10228
626;9311314000;8983477777;9183477777;10240;10228
627;9311319000;9025100000;9225100000;10240;10228
630;9311619000;9025100000;9225100000;10240;10228
631;9311638000;9025100000;9225100000;10240;10228
632;9312071000;9025100000;9225100000;10240;10228
633;9312088000;9025100000;9225100000;10240;10228
634;9312321000;9025100000;9225100000;10240;10228
635;9312596000;9025100000;9225100000;10240;10228
636;9312837000;9025100000;9225100000;10240;10228
637;9312847000;9025100000;9225100000;10240;10228
638;9312863000;9066866666;9266866666;10240;10228
639;9313083000;9066866666;9266866666;10240;10228
640;9313090000;9066866666;9266866666;10240;10228
641;9313331000;9066866666;9266866666;10240;10228
642;9313336000;9066866666;9266866666;10240;10228
643;9313560000;9066866666;9266866666;10240;10228
644;9313579000;9066866666;9266866666;10240;10228
645;9313840000;9066866666;9266866666;10240;10228
646;9313860000;9066866666;9266866666;10240;10228
647;9314083000;9066866666;9266866666;10240;10228
648;9314092000;9066866666;9266866666;10240;10228
649;9314096000;9108444444;9308444444;10240;10228
650;9314328000;9108444444;9308444444;10240;10228
651;9314334000;9108444444;9308444444;10240;10228
652;9314593000;9108444444;9308444444;10240;10228
653;9314617000;9108444444;9308444444;10240;10228
654;9314855000;9108444444;9308444444;10240;10228
655;9314864000;9108444444;9308444444;10240;10228
656;9315084000;9108444444;9308444444;10240;10228
657;9315089000;9108444444;9308444444;10240;10228
658;9466530000;9108444444;9308444444;10240;10228
659;9466540000;9108444444;9308444444;10240;10228
660;9466859000;9150144444;9350144444;10240;10228
661;9467138000;9150144444;9350144444;10240;10228
662;9467147000;9150144444;9350144444;10240;10228
663;9467384000;9150144444;9350144444;10240;10228
664;9467393000;9150144444;9350144444;10240;10228
665;9467717000;9150144444;9350144444;10240;10228
667;9467969000;9150144444;9350144444;10240;10228
668;9467993000;9150144444;9350144444;10240;10228
669;9468210000;9150144444;9350144444;10240;10228
670;9468221000;9150144444;9350144444;10240;10228
671;9468463000;9191755555;9391755555;10240;10228
672;9468679000;9191755555;9391755555;10240;10228
673;9468693000;9191755555;9391755555;10240;10228
674;9468961000;9191755555;9391755555;10240;10228
675;9468985000;9191755555;9391755555;10240;10228
676;9469208000;9191755555;9391755555;10240;10228
677;9469229000;9191755555;9391755555;10240;10228
678;9469465000;9191755555;9391755555;10240;10228
679;9469477000;9191755555;9391755555;10240;10228
680;9469672000;9191755555;9391755555;10240;10228
681;9469683000;9191755555;9391755555;10240;10228
682;9469967000;9233500000;9433500000;10240;10228
683;9469988000;9233500000;9433500000;10240;10228
684;9470210000;9233500000;9433500000;10240;10228
685;9470216000;9233500000;9433500000;10240;10228
686;9470220000;9233500000;9433500000;10240;10228
687;9470421000;9233500000;9433500000;10240;10228
688;9470713000;9233500000;9433500000;10240;10228
689;9470718000;9233500000;9433500000;10240;10228
690;9470727000;9233500000;9433500000;10240;10228
691;9470959000;9233500000;9433500000;10240;10228
692;9470964000;9233500000;9433500000;10240;10228
693;9471223000;9275111111;9475111111;10240;10228
694;9471235000;9275111111;9475111111;10240;10228
695;9471425000;9275111111;9475111111;10240;10228
696;9471431000;9275111111;9475111111;10240;10228
697;9471712000;9275111111;9475111111;10240;10228
698;9471721000;9275111111;9475111111;10240;10228
699;9471939000;9275111111;9475111111;10240;10228
700;9471978000;9275111111;9475111111;10240;10228
701;9472226000;9275111111;9475111111;10240;10228
702;9472236000;9275111111;9475111111;10240;10228
703;9472241000;9275111111;9475111111;10240;10228
705;9472435000;9316922222;9516922222;10240;10228
706;9472725000;9316922222;9516922222;10240;10228
708;9472744000;9316922222;9516922222;10240;10228
709;9472976000;9316922222;9516922222;10240;10228
710;9472986000;9316922222;9516922222;10240;10228
711;9473000000;9316922222;9516922222;10240;10228
712;9473223000;9316922222;9516922222;10240;10228
713;9473234000;9316922222;9516922222;10240;10228
714;9473438000;9316922222;9516922222;10240;10228
715;9480469000;9358444444;9558444444;10240;10228
716;9480484000;9358444444;9558444444;10240;10228
717;9480696000;9358444444;9558444444;10240;10228
718;9480778000;9358444444;9558444444;10240;10228
719;9480983000;9358444444;9558444444;10240;10228
721;9481004000;9358444444;9558444444;10240;10228
722;9481190000;9358444444;9558444444;10240;10228
723;9481236000;9358444444;9558444444;10240;10228
724;9481484000;9358444444;9558444444;10240;10228
725;9481495000;9358444444;9558444444;10240;10228
726;9522181000;9400177777;9600177777;10240;10228
727;9522192000;9400177777;9600177777;10240;10228
728;9522424000;9400177777;9600177777;10240;10228
729;9522433000;9400177777;9600177777;10240;10228
730;9522675000;9400177777;9600177777;10240;10228
731;9522684000;9400177777;9600177777;10240;10228
732;9522926000;9400177777;9600177777;10240;10228
733;9522945000;9400177777;9600177777;10240;10228
734;9523177000;9400177777;9600177777;10240;10228
735;9523195000;9400177777;9600177777;10240;10228
736;9523377000;9400177777;9600177777;10240;10228
737;9627425000;9441822222;9641822222;10240;10228
739;9627861000;9441822222;9641822222;10240;10228
740;9628114000;9441822222;9641822222;10240;10228
741;9628124000;9441822222;9641822222;10240;10228
742;9628372000;9441822222;9641822222;10240;10228
743;9628684000;9441822222;9641822222;10240;10228
745;9628984000;9441822222;9641822222;10240;10228
746;9629003000;9441822222;9641822222;10240;10228
747;9629226000;9441822222;9641822222;10240;10228
749;9629245000;9483455555;9683455555;10240;10228
750;9629484000;9483455555;9683455555;10240;10228
751;9629731000;9483455555;9683455555;10240;10228
752;9629752000;9483455555;9683455555;10240;10228
753;9629932000;9483455555;9683455555;10240;10228
754;9629945000;9483455555;9683455555;10240;10228
755;9630235000;9483455555;9683455555;10240;10228
756;9630477000;9483455555;9683455555;10240;10228
757;9630488000;9483455555;9683455555;10240;10228
758;9630736000;9483455555;9683455555;10240;10228
759;9647115000;9525111111;9725111111;10240;10228
760;9647135000;9525111111;9725111111;10240;10228
761;9647379000;9525111111;9725111111;10240;10228
762;9647398000;9525111111;9725111111;10240;10228
763;9647638000;9525111111;9725111111;10240;10228
764;9647647000;9525111111;9725111111;10240;10228
765;9647889000;9525111111;9725111111;10240;10228
766;9647899000;9525111111;9725111111;10240;10228
767;9648084000;9525111111;9725111111;10240;10228
768;9648093000;9525111111;9725111111;10240;10228
769;9648376000;9525111111;9725111111;10240;10228
770;9688846000;9566811111;9766811111;10240;10228
771;9688866000;9566811111;9766811111;10240;10228
772;9689084000;9566811111;9766811111;10240;10228
773;9689089000;9566811111;9766811111;10240;10228
774;9689326000;9566811111;9766811111;10240;10228
775;9689330000;9566811111;9766811111;10240;10228
776;9689610000;9566811111;9766811111;10240;10228
777;9689637000;9566811111;9766811111;10240;10228
778;9689843000;9566811111;9766811111;10240;10228
779;9689852000;9566811111;9766811111;10240;10228
780;9690075000;9566811111;9766811111;10240;10228
781;9730480000;9608544444;9808544444;10240;10228
782;9730491000;9608544444;9808544444;10240;10228
783;9730765000;9608544444;9808544444;10240;10228
784;9730774000;9608544444;9808544444;10240;10228
785;9731012000;9608544444;9808544444;10240;10228
786;9731031000;9608544444;9808544444;10240;10228
787;9731263000;9608544444;9808544444;10240;10228
789;9731281000;9608544444;9808544444;10240;10228
790;9731519000;9608544444;9808544444;10240;10228
794;9772166000;9650188888;9850188888;10240;10228
795;9772189000;9650188888;9850188888;10240;10228
796;9772412000;9650188888;9850188888;10240;10228
797;9772421000;9650188888;9850188888;10240;10228
798;9772665000;9650188888;9850188888;10240;10228
799;9772674000;9650188888;9850188888;10240;10228
800;9772916000;9650188888;9850188888;10240;10228
801;9772925000;9650188888;9850188888;10240;10228
802;9773168000;9650188888;9850188888;10240;10228
803;9813844000;9691822222;9891822222;10240;10228
804;9813854000;9691822222;9891822222;10240;10228
806;9814090000;9691822222;9891822222;10240;10228
807;9814110000;9691822222;9891822222;10240;10228
808;9814336000;9691822222;9891822222;10240;10228
809;9814345000;9691822222;9891822222;10240;10228
810;9814564000;9691822222;9891822222;10240;10228
811;9814582000;9691822222;9891822222;10240;10228
812;9814844000;9691822222;9891822222;10240;10228
813;9814863000;9691822222;9891822222;10240;10228
814;9855537000;9733555555;9933555555;10240;10228
815;9855547000;9733555555;9933555555;10240;10228
816;9855782000;9733555555;9933555555;10240;10228
817;9855792000;9733555555;9933555555;10240;10228
818;9856039000;9733555555;9933555555;10240;10228
819;9856062000;9733555555;9933555555;10240;10228
820;9856238000;9733555555;9933555555;10240;10228
821;9856249000;9733555555;9933555555;10240;10228
824;9856546000;9733555555;9933555555;10240;10228
825;9897176000;9775177777;9975177777;10240;10228
826;9897185000;9775177777;9975177777;10240;10228
827;9897419000;9775177777;9975177777;10240;10228
828;9897428000;9775177777;9975177777;10240;10228
829;9897670000;9775177777;9975177777;10240;10228
830;9897680000;9775177777;9975177777;10240;10228
831;9897917000;9775177777;9975177777;10240;10228
832;9897937000;9775177777;9975177777;10240;10228
833;9898169000;9775177777;9975177777;10240;10228
834;9898189000;9775177777;9975177777;10240;10228
835;9898416000;9775177777;9975177777;10240;10228
836;9938842000;9816822222;10016822222;10240;10228
837;9938851000;9816822222;10016822222;10240;10228
838;9939084000;9816822222;10016822222;10240;10228
839;9939102000;9816822222;10016822222;10240;10228
840;9939287000;9816822222;10016822222;10240;10228
841;9939294000;9816822222;10016822222;10240;10228
842;9939551000;9816822222;10016822222;10240;10228
843;9939570000;9816822222;10016822222;10240;10228
844;9939840000;9816822222;10016822222;10240;10228
845;9939860000;9816822222;10016822222;10240;10228
846;9940091000;9816822222;10016822222;10240;10228
847;9980532000;9858533333;10058533333;10240;10228
848;9980555000;9858533333;10058533333;10240;10228
849;9980777000;9858533333;10058533333;10240;10228
850;9980787000;9858533333;10058533333;10240;10228
851;9981036000;9858533333;10058533333;10240;10228
852;9981055000;9858533333;10058533333;10240;10228
853;9981277000;9858533333;10058533333;10240;10228
854;9981295000;9858533333;10058533333;10240;10228
855;9981537000;9858533333;10058533333;10240;10228
856;9981556000;9858533333;10058533333;10240;10228
857;9981737000;9858533333;10058533333;10240;10228
858;10022165000;9900188888;10100188888;10240;10228
859;10022185000;9900188888;10100188888;10240;10228
860;10022412000;9900188888;10100188888;10240;10228
861;10022421000;9900188888;10100188888;10240;10228
862;10022662000;9900188888;10100188888;10240;10228
863;10022681000;9900188888;10100188888;10240;10228
864;10022912000;9900188888;10100188888;10240;10228
865;10022931000;9900188888;10100188888;10240;10228
866;10023171000;9900188888;10100188888;10240;10228
867;10023180000;9900188888;10100188888;10240;10228
868;10023411000;9900188888;10100188888;10240;10228
869;10063841000;9941833333;10141833333;10240;10228
870;10063860000;9941833333;10141833333;10240;10228
871;10064089000;9941833333;10141833333;10240;10228
872;10064110000;9941833333;10141833333;10240;10228
873;10064290000;9941833333;10141833333;10240;10228
874;10064295000;9941833333;10141833333;10240;10228
875;10064553000;9941833333;10141833333;10240;10228
876;10064558000;9941833333;10141833333;10240;10228
877;10064847000;9941833333;10141833333;10240;10228
878;10064867000;9941833333;10141833333;10240;10228
879;10065096000;9941833333;10141833333;10240;10228
880;10105505000;9983533333;10183533333;10240;10228
881;10105535000;9983533333;10183533333;10240;10228
882;10105754000;9983533333;10183533333;10240;10228
883;10105781000;9983533333;10183533333;10240;10228
884;10106000000;9983533333;10183533333;10240;10228
885;10106020000;9983533333;10183533333;10240;10228
886;10106255000;9983533333;10183533333;10240;10228
887;10106264000;9983533333;10183533333;10240;10228
888;10106503000;9983533333;10183533333;10240;10228
889;10106520000;9983533333;10183533333;10240;10228
890;10106758000;9983533333;10183533333;10240;10228
891;10147168000;10025188888;10225188888;10240;10228
892;10147189000;10025188888;10225188888;10240;10228
893;10147412000;10025188888;10225188888;10240;10228
894;10147423000;10025188888;10225188888;10240;10228
895;10147626000;10025188888;10225188888;10240;10228
896;10147630000;10025188888;10225188888;10240;10228
897;10147875000;10025188888;10225188888;10240;10228
898;10147880000;10025188888;10225188888;10240;10228
899;10148175000;10025188888;10225188888;10240;10228
900;10148184000;10025188888;10225188888;10240;10228
901;10148414000;10025188888;10225188888;10240;10228
902;10188824000;10066800000;10266800000;10240;10228
903;10188847000;10066800000;10266800000;10240;10228
904;10189073000;10066800000;10266800000;10240;10228
905;10189093000;10066800000;10266800000;10240;10228
906;10189315000;10066800000;10266800000;10240;10228
907;10189336000;10066800000;10266800000;10240;10228
908;10189588000;10066800000;10266800000;10240;10228
909;10189597000;10066800000;10266800000;10240;10228
910;10189824000;10066800000;10266800000;10240;10228
911;10189845000;10066800000;10266800000;10240;10228
912;10190057000;10066800000;10266800000;10240;10228
913;10230506000;10108500000;10308500000;10240;10228
915;10230524000;10108500000;10308500000;10240;10228
916;10230756000;10108500000;10308500000;10240;10228
917;10230766000;10108500000;10308500000;10240;10228
918;10230996000;10108500000;10308500000;10240;10228
919;10231016000;10108500000;10308500000;10240;10228
920;10231240000;10108500000;10308500000;10240;10228
921;10231261000;10108500000;10308500000;10240;10228
922;10231496000;10108500000;10308500000;10240;10228
923;10231507000;10108500000;10308500000;10240;10228
924;10272172000;10150188888;10350188888;10240;10228
925;10272194000;10150188888;10350188888;10240;10228
926;10272410000;10150188888;10350188888;10240;10228
927;10272422000;10150188888;10350188888;10240;10228
928;10272664000;10150188888;10350188888;10240;10228
929;10272685000;10150188888;10350188888;10240;10228
931;10272879000;10150188888;10350188888;10240;10228
932;10272894000;10150188888;10350188888;10240;10228
933;10273120000;10150188888;10350188888;10240;10228
934;10273130000;10150188888;10350188888;10240;10228
935;10313823000;10191822222;10391822222;10240;10228
936;10313841000;10191822222;10391822222;10240;10228
937;10314073000;10191822222;10391822222;10240;10228
938;10314083000;10191822222;10391822222;10240;10228
939;10314325000;10191822222;10391822222;10240;10228
941;10314335000;10191822222;10391822222;10240;10228
942;10314590000;10191822222;10391822222;10240;10228
943;10314608000;10191822222;10391822222;10240;10228
944;10314823000;10191822222;10391822222;10240;10228
945;10314842000;10191822222;10391822222;10240;10228
946;10355519000;10233533333;10433533333;10240;10228
947;10355531000;10233533333;10433533333;10240;10228
948;10355761000;10233533333;10433533333;10240;10228
949;10355772000;10233533333;10433533333;10240;10228
950;10356009000;10233533333;10433533333;10240;10228
951;10356031000;10233533333;10433533333;10240;10228
952;10356210000;10233533333;10433533333;10240;10228
953;10356219000;10233533333;10433533333;10240;10228
954;10356459000;10233533333;10433533333;10240;10228
955;10356470000;10233533333;10433533333;10240;10228
956;10356755000;10233533333;10433533333;10240;10228
957;10397164000;10275200000;10475200000;10240;10228
958;10397183000;10275200000;10475200000;10240;10228
959;10397405000;10275200000;10475200000;10240;10228
960;10397415000;10275200000;10475200000;10240;10228
961;10397656000;10275200000;10475200000;10240;10228
962;10397668000;10275200000;10475200000;10240;10228
963;10397907000;10275200000;10475200000;10240;10228
964;10397928000;10275200000;10475200000;10240;10228
965;10398149000;10275200000;10475200000;10240;10228
966;10398170000;10275200000;10475200000;10240;10228
967;10398404000;10275200000;10475200000;10240;10228
968;10438842000;10316833333;10516833333;10240;10228
969;10438860000;10316833333;10516833333;10240;10228
970;10439091000;10316833333;10516833333;10240;10228
971;10439110000;10316833333;10516833333;10240;10228
972;10439288000;10316833333;10516833333;10240;10228
973;10439297000;10316833333;10516833333;10240;10228
974;10439551000;10316833333;10516833333;10240;10228
975;10439572000;10316833333;10516833333;10240;10228
976;10439839000;10316833333;10516833333;10240;10228
977;10439860000;10316833333;10516833333;10240;10228
978;10440091000;10316833333;10516833333;10240;10228
979;10480497000;10358522222;10558522222;10240;10228
980;10480507000;10358522222;10558522222;10240;10228
981;10480778000;10358522222;10558522222;10240;10228
982;10480797000;10358522222;10558522222;10240;10228
983;10481035000;10358522222;10558522222;10240;10228
984;10481056000;10358522222;10558522222;10240;10228
985;10481277000;10358522222;10558522222;10240;10228
986;10481297000;10358522222;10558522222;10240;10228
987;10481528000;10358522222;10558522222;10240;10228
988;10481549000;10358522222;10558522222;10240;10228
989;10481785000;10358522222;10558522222;10240;10228
990;10522166000;10400177777;10600177777;10240;10228
991;10522186000;10400177777;10600177777;10240;10228
992;10522410000;10400177777;10600177777;10240;10228
993;10522419000;10400177777;10600177777;10240;10228
994;10522663000;10400177777;10600177777;10240;10228
995;10522681000;10400177777;10600177777;10240;10228
996;10522908000;10400177777;10600177777;10240;10228
997;10522928000;10400177777;10600177777;10240;10228
998;10523158000;10400177777;10600177777;10240;10228
999;10523178000;10400177777;10600177777;10240;10228
1000;10523406000;10400177777;10600177777;10240;10228
1001;10563872000;10441822222;10641822222;10240;10228
1002;10563890000;10441822222;10641822222;10240;10228
1003;10564122000;10441822222;10641822222;10240;10228
1004;10564141000;10441822222;10641822222;10240;10228
1005;10564319000;10441822222;10641822222;10240;10228
1006;10564324000;10441822222;10641822222;10240;10228
1007;10564590000;10441822222;10641822222;10240;10228
1008;10564595000;10441822222;10641822222;10240;10228
1009;10564870000;10441822222;10641822222;10240;10228
1010;10564890000;10441822222;10641822222;10240;10228
1011;10565122000;10441822222;10641822222;10240;10228
1012;10605489000;10483544444;10683544444;10240;10228
1013;10605500000;10483544444;10683544444;10240;10228
1015;10605779000;10483544444;10683544444;10240;10228
1016;10605797000;10483544444;10683544444;10240;10228
1017;10606031000;10483544444;10683544444;10240;10228
1018;10606050000;10483544444;10683544444;10240;10228
1019;10606272000;10483544444;10683544444;10240;10228
1020;10606291000;10483544444;10683544444;10240;10228
1021;10606539000;10483544444;10683544444;10240;10228
1022;10606549000;10483544444;10683544444;10240;10228
1023;10647166000;10525200000;10725200000;10240;10228
1024;10647186000;10525200000;10725200000;10240;10228
1025;10647409000;10525200000;10725200000;10240;10228
1026;10647419000;10525200000;10725200000;10240;10228
1027;10647658000;10525200000;10725200000;10240;10228
1028;10647680000;10525200000;10725200000;10240;10228
1029;10647872000;10525200000;10725200000;10240;10228
1030;10647888000;10525200000;10725200000;10240;10228
1031;10648114000;10525200000;10725200000;10240;10228
1032;10648159000;10525200000;10725200000;10240;10228
1033;10648407000;10525200000;10725200000;10240;10228
1034;10688799000;10566822222;10766822222;10240;10228
1035;10688817000;10566822222;10766822222;10240;10228
1036;10689075000;10566822222;10766822222;10240;10228
1037;10689095000;10566822222;10766822222;10240;10228
1038;10689325000;10566822222;10766822222;10240;10228
1039;10689345000;10566822222;10766822222;10240;10228
1040;10689646000;10566822222;10766822222;10240;10228
1041;10689652000;10566822222;10766822222;10240;10228
1042;10689826000;10566822222;10766822222;10240;10228
1043;10689833000;10566822222;10766822222;10240;10228
1044;10689846000;10566822222;10766822222;10240;10228
1045;10730491000;10608522222;10808522222;10240;10228
1046;10730501000;10608522222;10808522222;10240;10228
1047;10730773000;10608522222;10808522222;10240;10228
1048;10730782000;10608522222;10808522222;10240;10228
1049;10731018000;10608522222;10808522222;10240;10228
1050;10731038000;10608522222;10808522222;10240;10228
1051;10731268000;10608522222;10808522222;10240;10228
1052;10731291000;10608522222;10808522222;10240;10228
1053;10731526000;10608522222;10808522222;10240;10228
1054;10731547000;10608522222;10808522222;10240;10228
1055;10731551000;10608522222;10808522222;10240;10228
1056;10772162000;10650188888;10850188888;10240;10228
1057;10772181000;10650188888;10850188888;10240;10228
1059;10772405000;10650188888;10850188888;10240;10228
1060;10772414000;10650188888;10850188888;10240;10228
1061;10772658000;10650188888;10850188888;10240;10228
1062;10772668000;10650188888;10850188888;10240;10228
1063;10772903000;10650188888;10850188888;10240;10228
1064;10772914000;10650188888;10850188888;10240;10228
1065;10773158000;10650188888;10850188888;10240;10228
1066;10773178000;10650188888;10850188888;10240;10228
1067;10813851000;10691811111;10891811111;10240;10228
1068;10813871000;10691811111;10891811111;10240;10228
1069;10814101000;10691811111;10891811111;10240;10228
1070;10814121000;10691811111;10891811111;10240;10228
1071;10814344000;10691811111;10891811111;10240;10228
1072;10814356000;10691811111;10891811111;10240;10228
1073;10814557000;10691811111;10891811111;10240;10228
1074;10814577000;10691811111;10891811111;10240;10228
1075;10814852000;10691811111;10891811111;10240;10228
1078;10855520000;10733533333;10933533333;10240;10228
1081;10855534000;10733533333;10933533333;10240;10228
1082;10855728000;10733533333;10933533333;10240;10228
1083;10856013000;10733533333;10933533333;10240;10228
1084;10856022000;10733533333;10933533333;10240;10228
1085;10856027000;10733533333;10933533333;10240;10228
1086;10856250000;10733533333;10933533333;10240;10228
1087;10856271000;10733533333;10933533333;10240;10228
1088;10856504000;10733533333;10933533333;10240;10228
1089;10897168000;10775144444;10975144444;10240;10228
1090;10897187000;10775144444;10975144444;10240;10228
1091;10897408000;10775144444;10975144444;10240;10228
1092;10897417000;10775144444;10975144444;10240;10228
1093;10897656000;10775144444;10975144444;10240;10228
1094;10897667000;10775144444;10975144444;10240;10228
1095;10897908000;10775144444;10975144444;10240;10228
1096;10897928000;10775144444;10975144444;10240;10228
1097;10898113000;10775144444;10975144444;10240;10228
1099;10898122000;10775144444;10975144444;10240;10228
1100;10938826000;10816800000;11016800000;10240;10228
1101;10938848000;10816800000;11016800000;10240;10228
1102;10939075000;10816800000;11016800000;10240;10228
1103;10939097000;10816800000;11016800000;10240;10228
1104;10939319000;10816800000;11016800000;10240;10228
1105;10939339000;10816800000;11016800000;10240;10228
1106;10939595000;10816800000;11016800000;10240;10228
1107;10939615000;10816800000;11016800000;10240;10228
1108;10939784000;10816800000;11016800000;10240;10228
1109;10939802000;10816800000;11016800000;10240;10228
1110;10940079000;10816800000;11016800000;10240;10228
1111;10980496000;10858511111;11058511111;10240;10228
1112;10980507000;10858511111;11058511111;10240;10228
1113;10980780000;10858511111;11058511111;10240;10228
1114;10980791000;10858511111;11058511111;10240;10228
1115;10981037000;10858511111;11058511111;10240;10228
1116;10981058000;10858511111;11058511111;10240;10228
1117;10981281000;10858511111;11058511111;10240;10228
1119;10981302000;10858511111;11058511111;10240;10228
1120;10981532000;10858511111;11058511111;10240;10228
1121;10981552000;10858511111;11058511111;10240;10228
1122;11022171000;10900177777;11100177777;10240;10228
1123;11022191000;10900177777;11100177777;10240;10228
1124;11022416000;10900177777;11100177777;10240;10228
1125;11022427000;10900177777;11100177777;10240;10228
1126;11022690000;10900177777;11100177777;10240;10228
1127;11022700000;10900177777;11100177777;10240;10228
1128;11022881000;10900177777;11100177777;10240;10228
1129;11022899000;10900177777;11100177777;10240;10228
1131;11023177000;10900177777;11100177777;10240;10228
1132;11023187000;10900177777;11100177777;10240;10228
1133;11063844000;10941833333;11141833333;10240;10228
1134;11063855000;10941833333;11141833333;10240;10228
1135;11064091000;10941833333;11141833333;10240;10228
1136;11064112000;10941833333;11141833333;10240;10228
1138;11064334000;10941833333;11141833333;10240;10228
1139;11064355000;10941833333;11141833333;10240;10228
1142;11064619000;10941833333;11141833333;10240;10228
1143;11064640000;10941833333;11141833333;10240;10228
1144;11105533000;10983522222;11183522222;10240;10228
1145;11105555000;10983522222;11183522222;10240;10228
1146;11105765000;10983522222;11183522222;10240;10228
1147;11105776000;10983522222;11183522222;10240;10228
1148;11106010000;10983522222;11183522222;10240;10228
1149;11106030000;10983522222;11183522222;10240;10228
1150;11106253000;10983522222;11183522222;10240;10228
1151;11106273000;10983522222;11183522222;10240;10228
1152;11106465000;10983522222;11183522222;10240;10228
1153;11106476000;10983522222;11183522222;10240;10228
1154;11106766000;10983522222;11183522222;10240;10228
1155;11147162000;11025155555;11225155555;10240;10228
1156;11147184000;11025155555;11225155555;10240;10228
1157;11147404000;11025155555;11225155555;10240;10228
1158;11147416000;11025155555;11225155555;10240;10228
1159;11147655000;11025155555;11225155555;10240;10228
1160;11147666000;11025155555;11225155555;10240;10228
1161;11147906000;11025155555;11225155555;10240;10228
1162;11147927000;11025155555;11225155555;10240;10228
1163;11148156000;11025155555;11225155555;10240;10228
1164;11148176000;11025155555;11225155555;10240;10228
1165;11148405000;11025155555;11225155555;10240;10228
1166;11188821000;11066800000;11266800000;10240;10228
1167;11188842000;11066800000;11266800000;10240;10228
1168;11189071000;11066800000;11266800000;10240;10228
1169;11189087000;11066800000;11266800000;10240;10228
1170;11189313000;11066800000;11266800000;10240;10228
1171;11189346000;11066800000;11266800000;10240;10228
1172;11189607000;11066800000;11266800000;10240;10228
1173;11189625000;11066800000;11266800000;10240;10228
1174;11189865000;11066800000;11266800000;10240;10228
1175;11189886000;11066800000;11266800000;10240;10228
1176;11190099000;11066800000;11266800000;10240;10228
1177;11230502000;11108522222;11308522222;10240;10228
1178;11230536000;11108522222;11308522222;10240;10228
1179;11230782000;11108522222;11308522222;10240;10228
1180;11230802000;11108522222;11308522222;10240;10228
1181;11231039000;11108522222;11308522222;10240;10228
1182;11231060000;11108522222;11308522222;10240;10228
1183;11231276000;11108522222;11308522222;10240;10228
1184;11231297000;11108522222;11308522222;10240;10228
1185;11231534000;11108522222;11308522222;10240;10228
1186;11231554000;11108522222;11308522222;10240;10228
1187;11231559000;11108522222;11308522222;10240;10228
1188;11272157000;11150177777;11350177777;10240;10228
1189;11272177000;11150177777;11350177777;10240;10228
1190;11272402000;11150177777;11350177777;10240;10228
1191;11272414000;11150177777;11350177777;10240;10228
1192;11272652000;11150177777;11350177777;10240;10228
1193;11272672000;11150177777;11350177777;10240;10228
1194;11272866000;11150177777;11350177777;10240;10228
1195;11272872000;11150177777;11350177777;10240;10228
1196;11273107000;11150177777;11350177777;10240;10228
1197;11273112000;11150177777;11350177777;10240;10228
1198;11273402000;11150177777;11350177777;10240;10228
1199;11313869000;11191811111;11391811111;10240;10228
1200;11313887000;11191811111;11391811111;10240;10228
1201;11314117000;11191811111;11391811111;10240;10228
1202;11314137000;11191811111;11391811111;10240;10228
1204;11314361000;11191811111;11391811111;10240;10228
1205;11314373000;11191811111;11391811111;10240;10228
1207;11314641000;11191811111;11391811111;10240;10228
1208;11314662000;11191811111;11391811111;10240;10228
1209;11314867000;11191811111;11391811111;10240;10228
1211;11355494000;11233522222;11433522222;10240;10228
1212;11355534000;11233522222;11433522222;10240;10228
1213;11355781000;11233522222;11433522222;10240;10228
1214;11355791000;11233522222;11433522222;10240;10228
1215;11356038000;11233522222;11433522222;10240;10228
1216;11356048000;11233522222;11433522222;10240;10228
1217;11356233000;11233522222;11433522222;10240;10228
1218;11356243000;11233522222;11433522222;10240;10228
1219;11356529000;11233522222;11433522222;10240;10228
1220;11356548000;11233522222;11433522222;10240;10228
1221;11397165000;11275200000;11475200000;10240;10228
1222;11397187000;11275200000;11475200000;10240;10228
1223;11397438000;11275200000;11475200000;10240;10228
1224;11397449000;11275200000;11475200000;10240;10228
1225;11397695000;11275200000;11475200000;10240;10228
1226;11397706000;11275200000;11475200000;10240;10228
1227;11397953000;11275200000;11475200000;10240;10228
1228;11397974000;11275200000;11475200000;10240;10228
1229;11398196000;11275200000;11475200000;10240;10228
1230;11398216000;11275200000;11475200000;10240;10228
1231;11398220000;11275200000;11475200000;10240;10228
1232;11438806000;11316822222;11516822222;10240;10228
1233;11438826000;11316822222;11516822222;10240;10228
1234;11439054000;11316822222;11516822222;10240;10228
1235;11439075000;11316822222;11516822222;10240;10228
1236;11439298000;11316822222;11516822222;10240;10228
1237;11439319000;11316822222;11516822222;10240;10228
1238;11439503000;11316822222;11516822222;10240;10228
1239;11439537000;11316822222;11516822222;10240;10228
1240;11439763000;11316822222;11516822222;10240;10228
1241;11439782000;11316822222;11516822222;10240;10228
1242;11440055000;11316822222;11516822222;10240;10228
1243;11480522000;11358488888;11558488888;10240;10228
1244;11480544000;11358488888;11558488888;10240;10228
1245;11480765000;11358488888;11558488888;10240;10228
1246;11480776000;11358488888;11558488888;10240;10228
1247;11481010000;11358488888;11558488888;10240;10228
1248;11481031000;11358488888;11558488888;10240;10228
1249;11481252000;11358488888;11558488888;10240;10228
1250;11481273000;11358488888;11558488888;10240;10228
1251;11481509000;11358488888;11558488888;10240;10228
1252;11481528000;11358488888;11558488888;10240;10228
1253;11481769000;11358488888;11558488888;10240;10228
1254;11522160000;11400144444;11600144444;10240;10228
1255;11522167000;11400144444;11600144444;10240;10228
1256;11522420000;11400144444;11600144444;10240;10228
1257;11522431000;11400144444;11600144444;10240;10228
1258;11522637000;11400144444;11600144444;10240;10228
1259;11522643000;11400144444;11600144444;10240;10228
1260;11522932000;11400144444;11600144444;10240;10228
1261;11522953000;11400144444;11600144444;10240;10228
1262;11523174000;11400144444;11600144444;10240;10228
1263;11523195000;11400144444;11600144444;10240;10228
1264;11523423000;11400144444;11600144444;10240;10228
1265;11563899000;11441811111;11641811111;10240;10228
1266;11563909000;11441811111;11641811111;10240;10228
1267;11564138000;11441811111;11641811111;10240;10228
1268;11564158000;11441811111;11641811111;10240;10228
1269;11564366000;11441811111;11641811111;10240;10228
1270;11564377000;11441811111;11641811111;10240;10228
1271;11564635000;11441811111;11641811111;10240;10228
1272;11564655000;11441811111;11641811111;10240;10228
1273;11564888000;11441811111;11641811111;10240;10228
1274;11564909000;11441811111;11641811111;10240;10228
1275;11565066000;11441811111;11641811111;10240;10228
1276;11605553000;11483555555;11683555555;10240;10228
1277;11605562000;11483555555;11683555555;10240;10228
1278;11605822000;11483555555;11683555555;10240;10228
1279;11605831000;11483555555;11683555555;10240;10228
1280;11606057000;11483555555;11683555555;10240;10228
1281;11606068000;11483555555;11683555555;10240;10228
1282;11606314000;11483555555;11683555555;10240;10228
1283;11606324000;11483555555;11683555555;10240;10228
1284;11606550000;11483555555;11683555555;10240;10228
1285;11606571000;11483555555;11683555555;10240;10228
1286;11606831000;11483555555;11683555555;10240;10228
1287;11647235000;11525166666;11725166666;10240;10228
1288;11647244000;11525166666;11725166666;10240;10228
1289;11647451000;11525166666;11725166666;10240;10228
1290;11647469000;11525166666;11725166666;10240;10228
1291;11647656000;11525166666;11725166666;10240;10228
1292;11647661000;11525166666;11725166666;10240;10228
1293;11647973000;11525166666;11725166666;10240;10228
1294;11647993000;11525166666;11725166666;10240;10228
1295;11648213000;11525166666;11725166666;10240;10228
1296;11648223000;11525166666;11725166666;10240;10228
1297;11648436000;11525166666;11725166666;10240;10228
1298;11688879000;11566800000;11766800000;10240;10228
1299;11688897000;11566800000;11766800000;10240;10228
1300;11689121000;11566800000;11766800000;10240;10228
1301;11689126000;11566800000;11766800000;10240;10228
1302;11689350000;11566800000;11766800000;10240;10228
1303;11689355000;11566800000;11766800000;10240;10228
1304;11689564000;11566800000;11766800000;10240;10228
1305;11689583000;11566800000;11766800000;10240;10228
1306;11689884000;11566800000;11766800000;10240;10228
1307;11689904000;11566800000;11766800000;10240;10228
1308;11690084000;11566800000;11766800000;10240;10228
1309;11730590000;11608500000;11808500000;10240;10228
1310;11730610000;11608500000;11808500000;10240;10228
1311;11730832000;11608500000;11808500000;10240;10228
1312;11730850000;11608500000;11808500000;10240;10228
1313;11731096000;11608500000;11808500000;10240;10228
1314;11731105000;11608500000;11808500000;10240;10228
1315;11731335000;11608500000;11808500000;10240;10228
1317;11731344000;11608500000;11808500000;10240;10228
1318;11731633000;11608500000;11808500000;10240;10228
1319;11731642000;11608500000;11808500000;10240;10228
1320;11772224000;11650211111;11850211111;10240;10228
1321;11772245000;11650211111;11850211111;10240;10228
1322;11772447000;11650211111;11850211111;10240;10228
1323;11772459000;11650211111;11850211111;10240;10228
1324;11772717000;11650211111;11850211111;10240;10228
1325;11772738000;11650211111;11850211111;10240;10228
1326;11772975000;11650211111;11850211111;10240;10228
1327;11772996000;11650211111;11850211111;10240;10228
1328;11773216000;11650211111;11850211111;10240;10228
1329;11773227000;11650211111;11850211111;10240;10228
1330;11773231000;11650211111;11850211111;10240;10228
1331;11813855000;11691833333;11891833333;10240;10228
1332;11813874000;11691833333;11891833333;10240;10228
1333;11814106000;11691833333;11891833333;10240;10228
1334;11814126000;11691833333;11891833333;10240;10228
1335;11814344000;11691833333;11891833333;10240;10228
1336;11814365000;11691833333;11891833333;10240;10228
1337;11814609000;11691833333;11891833333;10240;10228
1338;11814629000;11691833333;11891833333;10240;10228
1339;11814857000;11691833333;11891833333;10240;10228
1340;11814878000;11691833333;11891833333;10240;10228
1341;11815080000;11691833333;11891833333;10240;10228
1342;11855546000;11733522222;11933522222;10240;10228
1343;11855558000;11733522222;11933522222;10240;10228
1344;11855785000;11733522222;11933522222;10240;10228
1345;11855804000;11733522222;11933522222;10240;10228
1346;11856034000;11733522222;11933522222;10240;10228
1348;11856054000;11733522222;11933522222;10240;10228
1349;11856259000;11733522222;11933522222;10240;10228
1350;11856280000;11733522222;11933522222;10240;10228
1351;11856522000;11733522222;11933522222;10240;10228
1352;11856543000;11733522222;11933522222;10240;10228
1353;11897186000;11775177777;11975177777;10240;10228
1354;11897207000;11775177777;11975177777;10240;10228
1355;11897413000;11775177777;11975177777;10240;10228
1356;11897419000;11775177777;11975177777;10240;10228
1357;11897671000;11775177777;11975177777;10240;10228
1358;11897685000;11775177777;11975177777;10240;10228
1359;11897937000;11775177777;11975177777;10240;10228
1360;11897957000;11775177777;11975177777;10240;10228
1361;11898180000;11775177777;11975177777;10240;10228
1363;11898200000;11775177777;11975177777;10240;10228
1364;11938870000;11816811111;12016811111;10240;10228
1365;11938880000;11816811111;12016811111;10240;10228
1366;11939109000;11816811111;12016811111;10240;10228
1367;11939128000;11816811111;12016811111;10240;10228
1369;11939367000;11816811111;12016811111;10240;10228
1370;11939377000;11816811111;12016811111;10240;10228
1372;11939620000;11816811111;12016811111;10240;10228
1373;11939630000;11816811111;12016811111;10240;10228
1374;11939872000;11816811111;12016811111;10240;10228
1375;11980523000;11858533333;12058533333;10240;10228
1376;11980543000;11858533333;12058533333;10240;10228
1377;11980759000;11858533333;12058533333;10240;10228
1378;11980769000;11858533333;12058533333;10240;10228
1379;11981014000;11858533333;12058533333;10240;10228
1380;11981024000;11858533333;12058533333;10240;10228
1381;11981256000;11858533333;12058533333;10240;10228
1382;11981275000;11858533333;12058533333;10240;10228
1383;11981518000;11858533333;12058533333;10240;10228
1384;11981528000;11858533333;12058533333;10240;10228
1385;11981769000;11858533333;12058533333;10240;10228
1386;12022163000;11900211111;12100211111;10240;10228
1387;12022187000;11900211111;12100211111;10240;10228
1388;12022408000;11900211111;12100211111;10240;10228
1389;12022418000;11900211111;12100211111;10240;10228
1390;12022657000;11900211111;12100211111;10240;10228
1391;12022668000;11900211111;12100211111;10240;10228
1392;12022914000;11900211111;12100211111;10240;10228
1393;12022933000;11900211111;12100211111;10240;10228
1394;12023160000;11900211111;12100211111;10240;10228
1395;12023180000;11900211111;12100211111;10240;10228
1396;12023410000;11900211111;12100211111;10240;10228
1397;12063887000;11941822222;12141822222;10240;10228
1398;12063907000;11941822222;12141822222;10240;10228
1399;12064139000;11941822222;12141822222;10240;10228
1400;12064160000;11941822222;12141822222;10240;10228
1401;12064360000;11941822222;12141822222;10240;10228
1402;12064366000;11941822222;12141822222;10240;10228
1403;12064625000;11941822222;12141822222;10240;10228
1404;12064630000;11941822222;12141822222;10240;10228
1405;12064858000;11941822222;12141822222;10240;10228
1406;12064864000;11941822222;12141822222;10240;10228
1407;12065115000;11941822222;12141822222;10240;10228
1408;12105542000;11983522222;12183522222;10240;10228
1409;12105562000;11983522222;12183522222;10240;10228
1410;12105796000;11983522222;12183522222;10240;10228
1411;12105802000;11983522222;12183522222;10240;10228
1412;12106061000;11983522222;12183522222;10240;10228
1413;12106068000;11983522222;12183522222;10240;10228
1414;12106286000;11983522222;12183522222;10240;10228
1415;12106297000;11983522222;12183522222;10240;10228
1416;12106527000;11983522222;12183522222;10240;10228
1417;12106557000;11983522222;12183522222;10240;10228
1418;12106817000;11983522222;12183522222;10240;10228
1419;12147166000;12025177777;12225177777;10240;10228
1420;12147402000;12025177777;12225177777;10240;10228
1421;12147412000;12025177777;12225177777;10240;10228
1422;12147417000;12025177777;12225177777;10240;10228
1423;12147657000;12025177777;12225177777;10240;10228
1424;12147678000;12025177777;12225177777;10240;10228
1425;12147907000;12025177777;12225177777;10240;10228
1426;12147930000;12025177777;12225177777;10240;10228
1427;12148127000;12025177777;12225177777;10240;10228
1428;12148132000;12025177777;12225177777;10240;10228
1429;12148401000;12025177777;12225177777;10240;10228
1430;12188866000;12066788888;12266788888;10240;10228
1431;12188887000;12066788888;12266788888;10240;10228
1432;12189090000;12066788888;12266788888;10240;10228
1433;12189095000;12066788888;12266788888;10240;10228
1434;12189373000;12066788888;12266788888;10240;10228
1435;12189379000;12066788888;12266788888;10240;10228
1436;12189648000;12066788888;12266788888;10240;10228
1440;12189669000;12066788888;12266788888;10240;10228
1441;12230522000;12108533333;12308533333;10240;10228
1442;12230542000;12108533333;12308533333;10240;10228
1443;12230760000;12108533333;12308533333;10240;10228
1444;12230771000;12108533333;12308533333;10240;10228
1445;12231007000;12108533333;12308533333;10240;10228
1446;12231027000;12108533333;12308533333;10240;10228
1447;12231260000;12108533333;12308533333;10240;10228
1448;12231279000;12108533333;12308533333;10240;10228
1449;12231510000;12108533333;12308533333;10240;10228
1450;12231528000;12108533333;12308533333;10240;10228
1451;12231766000;12108533333;12308533333;10240;10228
1452;12272173000;12150188888;12350188888;10240;10228
1453;12272195000;12150188888;12350188888;10240;10228
1454;12272415000;12150188888;12350188888;10240;10228
1455;12272426000;12150188888;12350188888;10240;10228
1456;12272631000;12150188888;12350188888;10240;10228
1457;12272650000;12150188888;12350188888;10240;10228
1458;12272922000;12150188888;12350188888;10240;10228
1459;12272943000;12150188888;12350188888;10240;10228
1460;12273170000;12150188888;12350188888;10240;10228
1461;12273189000;12150188888;12350188888;10240;10228
1462;12273420000;12150188888;12350188888;10240;10228
1463;12313804000;12191811111;12391811111;10240;10228
1464;12313816000;12191811111;12391811111;10240;10228
1465;12314052000;12191811111;12391811111;10240;10228
1466;12314073000;12191811111;12391811111;10240;10228
1467;12314298000;12191811111;12391811111;10240;10228
1468;12314318000;12191811111;12391811111;10240;10228
1470;12314575000;12191811111;12391811111;10240;10228
1471;12314595000;12191811111;12391811111;10240;10228
1472;12314806000;12191811111;12391811111;10240;10228
1474;12355505000;12233511111;12433511111;10240;10228
1475;12355527000;12233511111;12433511111;10240;10228
1476;12355747000;12233511111;12433511111;10240;10228
1478;12355754000;12233511111;12433511111;10240;10228
1479;12356004000;12233511111;12433511111;10240;10228
1480;12356025000;12233511111;12433511111;10240;10228
1483;12356204000;12233511111;12433511111;10240;10228
1484;12356211000;12233511111;12433511111;10240;10228
1485;12397165000;12275188888;12475188888;10240;10228
1486;12397186000;12275188888;12475188888;10240;10228
1487;12397408000;12275188888;12475188888;10240;10228
1488;12397419000;12275188888;12475188888;10240;10228
1489;12397663000;12275188888;12475188888;10240;10228
1490;12397674000;12275188888;12475188888;10240;10228
1491;12397915000;12275188888;12475188888;10240;10228
1492;12397924000;12275188888;12475188888;10240;10228
1493;12398162000;12275188888;12475188888;10240;10228
1494;12398181000;12275188888;12475188888;10240;10228
1495;12398411000;12275188888;12475188888;10240;10228
1496;12438915000;12316822222;12516822222;10240;10228
1497;12438935000;12316822222;12516822222;10240;10228
1498;12439161000;12316822222;12516822222;10240;10228
1499;12439181000;12316822222;12516822222;10240;10228
1500;12439345000;12316822222;12516822222;10240;10228
1501;12439363000;12316822222;12516822222;10240;10228
1502;12439645000;12316822222;12516822222;10240;10228
1503;12439664000;12316822222;12516822222;10240;10228
1504;12439921000;12316822222;12516822222;10240;10228
1505;12439941000;12316822222;12516822222;10240;10228
1506;12439945000;12316822222;12516822222;10240;10228
1507;12480535000;12358522222;12558522222;10240;10228
1508;12480559000;12358522222;12558522222;10240;10228
1509;12480815000;12358522222;12558522222;10240;10228
1510;12480835000;12358522222;12558522222;10240;10228
1511;12481059000;12358522222;12558522222;10240;10228
1512;12481080000;12358522222;12558522222;10240;10228
1513;12481293000;12358522222;12558522222;10240;10228
1514;12481313000;12358522222;12558522222;10240;10228
1515;12481550000;12358522222;12558522222;10240;10228
1516;12481569000;12358522222;12558522222;10240;10228
1517;12481788000;12358522222;12558522222;10240;10228
1518;12522170000;12400155555;12600155555;10240;10228
1521;12522191000;12400155555;12600155555;10240;10228
1522;12522410000;12400155555;12600155555;10240;10228
1523;12522422000;12400155555;12600155555;10240;10228
1524;12522668000;12400155555;12600155555;10240;10228
1525;12522680000;12400155555;12600155555;10240;10228
1526;12522918000;12400155555;12600155555;10240;10228
1527;12522929000;12400155555;12600155555;10240;10228
1528;12523170000;12400155555;12600155555;10240;10228
1529;12563837000;12441822222;12641822222;10240;10228
1530;12564090000;12441822222;12641822222;10240;10228
1531;12564100000;12441822222;12641822222;10240;10228
1532;12564105000;12441822222;12641822222;10240;10228
1533;12564331000;12441822222;12641822222;10240;10228
1534;12564352000;12441822222;12641822222;10240;10228
1535;12564545000;12441822222;12641822222;10240;10228
1536;12564567000;12441822222;12641822222;10240;10228
1537;12564838000;12441822222;12641822222;10240;10228
1538;12564860000;12441822222;12641822222;10240;10228
1539;12565091000;12441822222;12641822222;10240;10228
1540;12605523000;12483544444;12683544444;10240;10228
1541;12605534000;12483544444;12683544444;10240;10228
1542;12605756000;12483544444;12683544444;10240;10228
1543;12605767000;12483544444;12683544444;10240;10228
1544;12606006000;12483544444;12683544444;10240;10228
1545;12606017000;12483544444;12683544444;10240;10228
1550;12606289000;12483544444;12683544444;10240;10228
1551;12647211000;12525188888;12725188888;10240;10228
1552;12647231000;12525188888;12725188888;10240;10228
1553;12647444000;12525188888;12725188888;10240;10228
1554;12647453000;12525188888;12725188888;10240;10228
1555;12647707000;12525188888;12725188888;10240;10228
1556;12647726000;12525188888;12725188888;10240;10228
1557;12647954000;12525188888;12725188888;10240;10228
1558;12647974000;12525188888;12725188888;10240;10228
1559;12648203000;12525188888;12725188888;10240;10228
1560;12648214000;12525188888;12725188888;10240;10228
1561;12648426000;12525188888;12725188888;10240;10228
1563;12688855000;12566800000;12766800000;10240;10228
1564;12688874000;12566800000;12766800000;10240;10228
1565;12689106000;12566800000;12766800000;10240;10228
1566;12689116000;12566800000;12766800000;10240;10228
1567;12689321000;12566800000;12766800000;10240;10228
1568;12689331000;12566800000;12766800000;10240;10228
1569;12689619000;12566800000;12766800000;10240;10228
1570;12689627000;12566800000;12766800000;10240;10228
1571;12689851000;12566800000;12766800000;10240;10228
1572;12689862000;12566800000;12766800000;10240;10228
1573;12730521000;12608533333;12808533333;10240;10228
1574;12730543000;12608533333;12808533333;10240;10228
1575;12730765000;12608533333;12808533333;10240;10228
1576;12730777000;12608533333;12808533333;10240;10228
1577;12731015000;12608533333;12808533333;10240;10228
1578;12731026000;12608533333;12808533333;10240;10228
1579;12731258000;12608533333;12808533333;10240;10228
1580;12731280000;12608533333;12808533333;10240;10228
1581;12731509000;12608533333;12808533333;10240;10228
1582;12731528000;12608533333;12808533333;10240;10228
1583;12731765000;12608533333;12808533333;10240;10228
1584;12772168000;12650188888;12850188888;10240;10228
1585;12772189000;12650188888;12850188888;10240;10228
1586;12772411000;12650188888;12850188888;10240;10228
1587;12772423000;12650188888;12850188888;10240;10228
1588;12772670000;12650188888;12850188888;10240;10228
1589;12772681000;12650188888;12850188888;10240;10228
1590;12772919000;12650188888;12850188888;10240;10228
1591;12772941000;12650188888;12850188888;10240;10228
1592;12773162000;12650188888;12850188888;10240;10228
1593;12773184000;12650188888;12850188888;10240;10228
1596;12813856000;12691822222;12891822222;10240;10228
1597;12813868000;12691822222;12891822222;10240;10228
1598;12814105000;12691822222;12891822222;10240;10228
1599;12814116000;12691822222;12891822222;10240;10228
1600;12814351000;12691822222;12891822222;10240;10228
1601;12814361000;12691822222;12891822222;10240;10228
1602;12814608000;12691822222;12891822222;10240;10228
1603;12814618000;12691822222;12891822222;10240;10228
1604;12814861000;12691822222;12891822222;10240;10228
1605;12814880000;12691822222;12891822222;10240;10228
1606;12855538000;12733544444;12933544444;10240;10228
1607;12855558000;12733544444;12933544444;10240;10228
1608;12855756000;12733544444;12933544444;10240;10228
1609;12855762000;12733544444;12933544444;10240;10228
1610;12856015000;12733544444;12933544444;10240;10228
1611;12856026000;12733544444;12933544444;10240;10228
1612;12856249000;12733544444;12933544444;10240;10228
1613;12856256000;12733544444;12933544444;10240;10228
1614;12856500000;12733544444;12933544444;10240;10228
1615;12856506000;12733544444;12933544444;10240;10228
1617;12897159000;12775166666;12975166666;10240;10228
1619;12897181000;12775166666;12975166666;10240;10228
1620;12897408000;12775166666;12975166666;10240;10228
1621;12897420000;12775166666;12975166666;10240;10228
1622;12897643000;12775166666;12975166666;10240;10228
1623;12897670000;12775166666;12975166666;10240;10228
1624;12897934000;12775166666;12975166666;10240;10228
1625;12897956000;12775166666;12975166666;10240;10228
1626;12898176000;12775166666;12975166666;10240;10228
1627;12898197000;12775166666;12975166666;10240;10228
1628;12938842000;12816822222;13016822222;10240;10228
1629;12938860000;12816822222;13016822222;10240;10228
1630;12939094000;12816822222;13016822222;10240;10228
1631;12939113000;12816822222;13016822222;10240;10228
1632;12939335000;12816822222;13016822222;10240;10228
1633;12939344000;12816822222;13016822222;10240;10228
1634;12939539000;12816822222;13016822222;10240;10228
1635;12939545000;12816822222;13016822222;10240;10228
1636;12939842000;12816822222;13016822222;10240;10228
1638;12939861000;12816822222;13016822222;10240;10228
1639;12980531000;12858533333;13058533333;10240;10228
1640;12980556000;12858533333;13058533333;10240;10228
1641;12980757000;12858533333;13058533333;10240;10228
1642;12980768000;12858533333;13058533333;10240;10228
1643;12981009000;12858533333;13058533333;10240;10228
1644;12981030000;12858533333;13058533333;10240;10228
1645;12981252000;12858533333;13058533333;10240;10228
1646;12981273000;12858533333;13058533333;10240;10228
1647;12981507000;12858533333;13058533333;10240;10228
1648;12981536000;12858533333;13058533333;10240;10228
1649;12981763000;12858533333;13058533333;10240;10228
1650;13022157000;12900188888;13100188888;10240;10228
1651;13022176000;12900188888;13100188888;10240;10228
1652;13022430000;12900188888;13100188888;10240;10228
1653;13022441000;12900188888;13100188888;10240;10228
1654;13022686000;12900188888;13100188888;10240;10228
1656;13022697000;12900188888;13100188888;10240;10228
1657;13022943000;12900188888;13100188888;10240;10228
1658;13022966000;12900188888;13100188888;10240;10228
1659;13023186000;12900188888;13100188888;10240;10228
1660;13023207000;12900188888;13100188888;10240;10228
1661;13063838000;12941844444;13141844444;10240;10228
1662;13063858000;12941844444;13141844444;10240;10228
1663;13064088000;12941844444;13141844444;10240;10228
1664;13064109000;12941844444;13141844444;10240;10228
1665;13064331000;12941844444;13141844444;10240;10228
1667;13064351000;12941844444;13141844444;10240;10228
1668;13064572000;12941844444;13141844444;10240;10228
1669;13064591000;12941844444;13141844444;10240;10228
1670;13064843000;12941844444;13141844444;10240;10228
1671;13064862000;12941844444;13141844444;10240;10228
1672;13105510000;12983533333;13183533333;10240;10228
1673;13105539000;12983533333;13183533333;10240;10228
1674;13105762000;12983533333;13183533333;10240;10228
1675;13105771000;12983533333;13183533333;10240;10228
1676;13106000000;12983533333;13183533333;10240;10228
1677;13106006000;12983533333;13183533333;10240;10228
1678;13106244000;12983533333;13183533333;10240;10228
1681;13106265000;12983533333;13183533333;10240;10228
1682;13106493000;12983533333;13183533333;10240;10228
1683;13147162000;13025166666;13225166666;10240;10228
1684;13147183000;13025166666;13225166666;10240;10228
1685;13147407000;13025166666;13225166666;10240;10228
1686;13147417000;13025166666;13225166666;10240;10228
1687;13147660000;13025166666;13225166666;10240;10228
1688;13147670000;13025166666;13225166666;10240;10228
1689;13147910000;13025166666;13225166666;10240;10228
1690;13147929000;13025166666;13225166666;10240;10228
1691;13148167000;13025166666;13225166666;10240;10228
1694;13188841000;13066800000;13266800000;10240;10228
1695;13188862000;13066800000;13266800000;10240;10228
1696;13189090000;13066800000;13266800000;10240;10228
1697;13189110000;13066800000;13266800000;10240;10228
1698;13189325000;13066800000;13266800000;10240;10228
1699;13189331000;13066800000;13266800000;10240;10228
1700;13189574000;13066800000;13266800000;10240;10228
1701;13189582000;13066800000;13266800000;10240;10228
1702;13189837000;13066800000;13266800000;10240;10228
1703;13189858000;13066800000;13266800000;10240;10228
1704;13190075000;13066800000;13266800000;10240;10228
1705;13230529000;13108533333;13308533333;10240;10228
1706;13230549000;13108533333;13308533333;10240;10228
1708;13230774000;13108533333;13308533333;10240;10228
1709;13230786000;13108533333;13308533333;10240;10228
1710;13231014000;13108533333;13308533333;10240;10228
1711;13231035000;13108533333;13308533333;10240;10228
1712;13231265000;13108533333;13308533333;10240;10228
1713;13231286000;13108533333;13308533333;10240;10228
1714;13231525000;13108533333;13308533333;10240;10228
1715;13231543000;13108533333;13308533333;10240;10228
1716;13272168000;13150188888;13350188888;10240;10228
1717;13272187000;13150188888;13350188888;10240;10228
1718;13272442000;13150188888;13350188888;10240;10228
1719;13272452000;13150188888;13350188888;10240;10228
1720;13272702000;13150188888;13350188888;10240;10228
1721;13272711000;13150188888;13350188888;10240;10228
1722;13272911000;13150188888;13350188888;10240;10228
1723;13272931000;13150188888;13350188888;10240;10228
1724;13273198000;13150188888;13350188888;10240;10228
1725;13273218000;13150188888;13350188888;10240;10228
1726;13273446000;13150188888;13350188888;10240;10228
1727;13313886000;13191844444;13391844444;10240;10228
1728;13313904000;13191844444;13391844444;10240;10228
1729;13314138000;13191844444;13391844444;10240;10228
1730;13314157000;13191844444;13391844444;10240;10228
1731;13314367000;13191844444;13391844444;10240;10228
1733;13314377000;13191844444;13391844444;10240;10228
1734;13314637000;13191844444;13391844444;10240;10228
1735;13314655000;13191844444;13391844444;10240;10228
1736;13314885000;13191844444;13391844444;10240;10228
1737;13314906000;13191844444;13391844444;10240;10228
1738;13355559000;13233544444;13433544444;10240;10228
1739;13355571000;13233544444;13433544444;10240;10228
1740;13355800000;13233544444;13433544444;10240;10228
1741;13355806000;13233544444;13433544444;10240;10228
1742;13356050000;13233544444;13433544444;10240;10228
1743;13356056000;13233544444;13433544444;10240;10228
1744;13356273000;13233544444;13433544444;10240;10228
1745;13356279000;13233544444;13433544444;10240;10228
1746;13356520000;13233544444;13433544444;10240;10228
1747;13356527000;13233544444;13433544444;10240;10228
1748;13356814000;13233544444;13433544444;10240;10228
1749;13397181000;13275177777;13475177777;10240;10228
1750;13397192000;13275177777;13475177777;10240;10228
1751;13397422000;13275177777;13475177777;10240;10228
1752;13397434000;13275177777;13475177777;10240;10228
1753;13397678000;13275177777;13475177777;10240;10228
1754;13397691000;13275177777;13475177777;10240;10228
1755;13397929000;13275177777;13475177777;10240;10228
1756;13397941000;13275177777;13475177777;10240;10228
1757;13398173000;13275177777;13475177777;10240;10228
1758;13398194000;13275177777;13475177777;10240;10228
1759;13398422000;13275177777;13475177777;10240;10228
1760;13438850000;13316833333;13516833333;10240;10228
1761;13438860000;13316833333;13516833333;10240;10228
1762;13439088000;13316833333;13516833333;10240;10228
1763;13439108000;13316833333;13516833333;10240;10228
1766;13439313000;13316833333;13516833333;10240;10228
1767;13439327000;13316833333;13516833333;10240;10228
1768;13439598000;13316833333;13516833333;10240;10228
1769;13439610000;13316833333;13516833333;10240;10228
1771;13480522000;13358533333;13558533333;10240;10228
1772;13480544000;13358533333;13558533333;10240;10228
1773;13480765000;13358533333;13558533333;10240;10228
1774;13480777000;13358533333;13558533333;10240;10228
1775;13481015000;13358533333;13558533333;10240;10228
1776;13481027000;13358533333;13558533333;10240;10228
1777;13481259000;13358533333;13558533333;10240;10228
1778;13481280000;13358533333;13558533333;10240;10228
1779;13481509000;13358533333;13558533333;10240;10228
1780;13481540000;13358533333;13558533333;10240;10228
1781;13481766000;13358533333;13558533333;10240;10228
1782;13522146000;13400200000;13600200000;10240;10228
1783;13522160000;13400200000;13600200000;10240;10228
1784;13522411000;13400200000;13600200000;10240;10228
1785;13522423000;13400200000;13600200000;10240;10228
1786;13522667000;13400200000;13600200000;10240;10228
1787;13522679000;13400200000;13600200000;10240;10228
1788;13522917000;13400200000;13600200000;10240;10228
1789;13522947000;13400200000;13600200000;10240;10228
1790;13523161000;13400200000;13600200000;10240;10228
1791;13523182000;13400200000;13600200000;10240;10228
1793;13563847000;13441822222;13641822222;10240;10228
1794;13563868000;13441822222;13641822222;10240;10228
1795;13564102000;13441822222;13641822222;10240;10228
1796;13564112000;13441822222;13641822222;10240;10228
1797;13564343000;13441822222;13641822222;10240;10228
1798;13564353000;13441822222;13641822222;10240;10228
1799;13564577000;13441822222;13641822222;10240;10228
1800;13564596000;13441822222;13641822222;10240;10228
1801;13564851000;13441822222;13641822222;10240;10228
1802;13564870000;13441822222;13641822222;10240;10228
1803;13565101000;13441822222;13641822222;10240;10228
1804;13605532000;13483544444;13683544444;10240;10228
1805;13605557000;13483544444;13683544444;10240;10228
1806;13605765000;13483544444;13683544444;10240;10228
1807;13605776000;13483544444;13683544444;10240;10228
1808;13606021000;13483544444;13683544444;10240;10228
1809;13606031000;13483544444;13683544444;10240;10228
1810;13606252000;13483544444;13683544444;10240;10228
1811;13606257000;13483544444;13683544444;10240;10228
1812;13606501000;13483544444;13683544444;10240;10228
1813;13606507000;13483544444;13683544444;10240;10228
1814;13606757000;13483544444;13683544444;10240;10228
1815;13647168000;13525177777;13725177777;10240;10228
1816;13647190000;13525177777;13725177777;10240;10228
1817;13647410000;13525177777;13725177777;10240;10228
1820;13647422000;13525177777;13725177777;10240;10228
1821;13647668000;13525177777;13725177777;10240;10228
1822;13647680000;13525177777;13725177777;10240;10228
1823;13647920000;13525177777;13725177777;10240;10228
1824;13647940000;13525177777;13725177777;10240;10228
1825;13648173000;13525177777;13725177777;10240;10228
1826;13688847000;13566811111;13766811111;10240;10228
1827;13688869000;13566811111;13766811111;10240;10228
1828;13689097000;13566811111;13766811111;10240;10228
1829;13689119000;13566811111;13766811111;10240;10228
1830;13689340000;13566811111;13766811111;10240;10228
1831;13689362000;13566811111;13766811111;10240;10228
1832;13689585000;13566811111;13766811111;10240;10228
1833;13689606000;13566811111;13766811111;10240;10228
1834;13689838000;13566811111;13766811111;10240;10228
1835;13689856000;13566811111;13766811111;10240;10228
1837;13730526000;13608566666;13808566666;10240;10228
1838;13730546000;13608566666;13808566666;10240;10228
1839;13730766000;13608566666;13808566666;10240;10228
1840;13730776000;13608566666;13808566666;10240;10228
1841;13731016000;13608566666;13808566666;10240;10228
1842;13731026000;13608566666;13808566666;10240;10228
1843;13731261000;13608566666;13808566666;10240;10228
1844;13731271000;13608566666;13808566666;10240;10228
1845;13731507000;13608566666;13808566666;10240;10228
1846;13731526000;13608566666;13808566666;10240;10228
1847;13731743000;13608566666;13808566666;10240;10228
1848;13772178000;13650166666;13850166666;10240;10228
1849;13772200000;13650166666;13850166666;10240;10228
1850;13772424000;13650166666;13850166666;10240;10228
1851;13772436000;13650166666;13850166666;10240;10228
1852;13772681000;13650166666;13850166666;10240;10228
1853;13772691000;13650166666;13850166666;10240;10228
1854;13772933000;13650166666;13850166666;10240;10228
1855;13772943000;13650166666;13850166666;10240;10228
1856;13773175000;13650166666;13850166666;10240;10228
1857;13773194000;13650166666;13850166666;10240;10228
1858;13773422000;13650166666;13850166666;10240;10228
1859;13813847000;13691800000;13891800000;10240;10228
1860;13813858000;13691800000;13891800000;10240;10228
1861;13814098000;13691800000;13891800000;10240;10228
1862;13814109000;13691800000;13891800000;10240;10228
1863;13814344000;13691800000;13891800000;10240;10228
1864;13814363000;13691800000;13891800000;10240;10228
1865;13814634000;13691800000;13891800000;10240;10228
1866;13814644000;13691800000;13891800000;10240;10228
1867;13814851000;13691800000;13891800000;10240;10228
1868;13814861000;13691800000;13891800000;10240;10228
1869;13815104000;13691800000;13891800000;10240;10228
1870;13855531000;13733522222;13933522222;10240;10228
1871;13855573000;13733522222;13933522222;10240;10228
1873;13855764000;13733522222;13933522222;10240;10228
1874;13855786000;13733522222;13933522222;10240;10228
1875;13856016000;13733522222;13933522222;10240;10228
1876;13856026000;13733522222;13933522222;10240;10228
1877;13856235000;13733522222;13933522222;10240;10228
1878;13856246000;13733522222;13933522222;10240;10228
1879;13856500000;13733522222;13933522222;10240;10228
1880;13856505000;13733522222;13933522222;10240;10228
1881;13897172000;13775144444;13975144444;10240;10228
1882;13897192000;13775144444;13975144444;10240;10228
1883;13897413000;13775144444;13975144444;10240;10228
1884;13897423000;13775144444;13975144444;10240;10228
1885;13897668000;13775144444;13975144444;10240;10228
1886;13897679000;13775144444;13975144444;10240;10228
1887;13897918000;13775144444;13975144444;10240;10228
1888;13897940000;13775144444;13975144444;10240;10228
1889;13898162000;13775144444;13975144444;10240;10228
1890;13898183000;13775144444;13975144444;10240;10228
1891;13898412000;13775144444;13975144444;10240;10228
1892;13938845000;13816788888;14016788888;10240;10228
1893;13938863000;13816788888;14016788888;10240;10228
1894;13939097000;13816788888;14016788888;10240;10228
1895;13939107000;13816788888;14016788888;10240;10228
1896;13939293000;13816788888;14016788888;10240;10228
1897;13939303000;13816788888;14016788888;10240;10228
1898;13939616000;13816788888;14016788888;10240;10228
1899;13939635000;13816788888;14016788888;10240;10228
1900;13939844000;13816788888;14016788888;10240;10228
1901;13939866000;13816788888;14016788888;10240;10228
1902;13940096000;13816788888;14016788888;10240;10228
1903;13980537000;13858511111;14058511111;10240;10228
1909;13980558000;13858511111;14058511111;10240;10228
1910;13980760000;13858511111;14058511111;10240;10228
1912;13980779000;13858511111;14058511111;10240;10228
1913;13981015000;13858511111;14058511111;10240;10228
1914;14022188000;13900166666;14100166666;10240;10228
1915;14022210000;13900166666;14100166666;10240;10228
1916;14022429000;13900166666;14100166666;10240;10228
1917;14022440000;13900166666;14100166666;10240;10228
1918;14022683000;13900166666;14100166666;10240;10228
1919;14022694000;13900166666;14100166666;10240;10228
1920;14022943000;13900166666;14100166666;10240;10228
1921;14022962000;13900166666;14100166666;10240;10228
1922;14023185000;13900166666;14100166666;10240;10228
1923;14023204000;13900166666;14100166666;10240;10228
1924;14023435000;13900166666;14100166666;10240;10228
1925;14063846000;13941811111;14141811111;10240;10228
1926;14063867000;13941811111;14141811111;10240;10228
1927;14064096000;13941811111;14141811111;10240;10228
1928;14064118000;13941811111;14141811111;10240;10228
1929;14064296000;13941811111;14141811111;10240;10228
1931;14064307000;13941811111;14141811111;10240;10228
1932;14064618000;13941811111;14141811111;10240;10228
1933;14064638000;13941811111;14141811111;10240;10228
1934;14064851000;13941811111;14141811111;10240;10228
1935;14064870000;13941811111;14141811111;10240;10228
1936;14105510000;13983522222;14183522222;10240;10228
1938;14105548000;13983522222;14183522222;10240;10228
1939;14105762000;13983522222;14183522222;10240;10228
1940;14105780000;13983522222;14183522222;10240;10228
1941;14106013000;13983522222;14183522222;10240;10228
1942;14106033000;13983522222;14183522222;10240;10228
1943;14106245000;13983522222;14183522222;10240;10228
1944;14106265000;13983522222;14183522222;10240;10228
1945;14106501000;13983522222;14183522222;10240;10228
1946;14106519000;13983522222;14183522222;10240;10228
1947;14147165000;14025166666;14225166666;10240;10228
1948;14147186000;14025166666;14225166666;10240;10228
1949;14147409000;14025166666;14225166666;10240;10228
1950;14147420000;14025166666;14225166666;10240;10228
1952;14147659000;14025166666;14225166666;10240;10228
1953;14147681000;14025166666;14225166666;10240;10228
1954;14147874000;14025166666;14225166666;10240;10228
1955;14147894000;14025166666;14225166666;10240;10228
1956;14148160000;14025166666;14225166666;10240;10228
1957;14148181000;14025166666;14225166666;10240;10228
1958;14188847000;14066777777;14266777777;10240;10228
1959;14188868000;14066777777;14266777777;10240;10228
1960;14189090000;14066777777;14266777777;10240;10228
1961;14189110000;14066777777;14266777777;10240;10228
1962;14189335000;14066777777;14266777777;10240;10228
1963;14189341000;14066777777;14266777777;10240;10228
1964;14189564000;14066777777;14266777777;10240;10228
1967;14189572000;14066777777;14266777777;10240;10228
1968;14189848000;14066777777;14266777777;10240;10228
1969;14230523000;14108511111;14308511111;10240;10228
1970;14230545000;14108511111;14308511111;10240;10228
1971;14230765000;14108511111;14308511111;10240;10228
1972;14230777000;14108511111;14308511111;10240;10228
1973;14231008000;14108511111;14308511111;10240;10228
1974;14231019000;14108511111;14308511111;10240;10228
1975;14231252000;14108511111;14308511111;10240;10228
1976;14231272000;14108511111;14308511111;10240;10228
1977;14231518000;14108511111;14308511111;10240;10228
1978;14231528000;14108511111;14308511111;10240;10228
1979;14231767000;14108511111;14308511111;10240;10228
1980;14272171000;14150177777;14350177777;10240;10228
1982;14272192000;14150177777;14350177777;10240;10228
1984;14272413000;14150177777;14350177777;10240;10228
1985;14272425000;14150177777;14350177777;10240;10228
1986;14272627000;14150177777;14350177777;10240;10228
1987;14272647000;14150177777;14350177777;10240;10228
1989;14272921000;14150177777;14350177777;10240;10228
1990;14272941000;14150177777;14350177777;10240;10228
1991;14313838000;14191800000;14391800000;10240;10228
1992;14313849000;14191800000;14391800000;10240;10228
1993;14314092000;14191800000;14391800000;10240;10228
1994;14314102000;14191800000;14391800000;10240;10228
1995;14314337000;14191800000;14391800000;10240;10228
1996;14314346000;14191800000;14391800000;10240;10228
1997;14314553000;14191800000;14391800000;10240;10228
1998;14314572000;14191800000;14391800000;10240;10228
1999;14314846000;14191800000;14391800000;10240;10228
2000;14314856000;14191800000;14391800000;10240;10228
2001;14315092000;14191800000;14391800000;10240;10228
2002;14355526000;14233522222;14433522222;10240;10228
2003;14355538000;14233522222;14433522222;10240;10228
2004;14355775000;14233522222;14433522222;10240;10228
2005;14355786000;14233522222;14433522222;10240;10228
2006;14355984000;14233522222;14433522222;10240;10228
2007;14355997000;14233522222;14433522222;10240;10228
2008;14356275000;14233522222;14433522222;10240;10228
2009;14356284000;14233522222;14433522222;10240;10228
2010;14356553000;14233522222;14433522222;10240;10228
2011;14356572000;14233522222;14433522222;10240;10228
2012;14356762000;14233522222;14433522222;10240;10228
2013;14397173000;14275177777;14475177777;10240;10228
2014;14397193000;14275177777;14475177777;10240;10228
2015;14397417000;14275177777;14475177777;10240;10228
2016;14397428000;14275177777;14475177777;10240;10228
2017;14397674000;14275177777;14475177777;10240;10228
2019;14397683000;14275177777;14475177777;10240;10228
2020;14397931000;14275177777;14475177777;10240;10228
2021;14397941000;14275177777;14475177777;10240;10228
2022;14398182000;14275177777;14475177777;10240;10228
2023;14398191000;14275177777;14475177777;10240;10228
2024;14438894000;14316811111;14516811111;10240;10228
2025;14438912000;14316811111;14516811111;10240;10228
2026;14439144000;14316811111;14516811111;10240;10228
2027;14439163000;14316811111;14516811111;10240;10228
2028;14439379000;14316811111;14516811111;10240;10228
2029;14439391000;14316811111;14516811111;10240;10228
2030;14439595000;14316811111;14516811111;10240;10228
2031;14439676000;14316811111;14516811111;10240;10228
2032;14439893000;14316811111;14516811111;10240;10228
2033;14439914000;14316811111;14516811111;10240;10228
2035;14480565000;14358511111;14558511111;10240;10228
2036;14480586000;14358511111;14558511111;10240;10228
2037;14480811000;14358511111;14558511111;10240;10228
2038;14480831000;14358511111;14558511111;10240;10228
2040;14481059000;14358511111;14558511111;10240;10228
2042;14481081000;14358511111;14558511111;10240;10228
2043;14481293000;14358511111;14558511111;10240;10228
2045;14481320000;14358511111;14558511111;10240;10228
2046;14522169000;14400177777;14600177777;10240;10228
2047;14522181000;14400177777;14600177777;10240;10228
2048;14522415000;14400177777;14600177777;10240;10228
2049;14522425000;14400177777;14600177777;10240;10228
2050;14522670000;14400177777;14600177777;10240;10228
2051;14522680000;14400177777;14600177777;10240;10228
2052;14522921000;14400177777;14600177777;10240;10228
2053;14522942000;14400177777;14600177777;10240;10228
2054;14523164000;14400177777;14600177777;10240;10228
2055;14523183000;14400177777;14600177777;10240;10228
2057;14563854000;14441800000;14641800000;10240;10228
2058;14563874000;14441800000;14641800000;10240;10228
2059;14564100000;14441800000;14641800000;10240;10228
2060;14564112000;14441800000;14641800000;10240;10228
2061;14564344000;14441800000;14641800000;10240;10228
2062;14564356000;14441800000;14641800000;10240;10228
2063;14564578000;14441800000;14641800000;10240;10228
2064;14564649000;14441800000;14641800000;10240;10228
2065;14564853000;14441800000;14641800000;10240;10228
2066;14564874000;14441800000;14641800000;10240;10228
2067;14565104000;14441800000;14641800000;10240;10228
2068;14605523000;14483533333;14683533333;10240;10228
2069;14605533000;14483533333;14683533333;10240;10228
2070;14605765000;14483533333;14683533333;10240;10228
2071;14605776000;14483533333;14683533333;10240;10228
2072;14606004000;14483533333;14683533333;10240;10228
2073;14606014000;14483533333;14683533333;10240;10228
2074;14606247000;14483533333;14683533333;10240;10228
2076;14606254000;14483533333;14683533333;10240;10228
2077;14606483000;14483533333;14683533333;10240;10228
2078;14606493000;14483533333;14683533333;10240;10228
2079;14647172000;14525188888;14725188888;10240;10228
2080;14647194000;14525188888;14725188888;10240;10228
2081;14647414000;14525188888;14725188888;10240;10228
2082;14647427000;14525188888;14725188888;10240;10228
2083;14647671000;14525188888;14725188888;10240;10228
2084;14647683000;14525188888;14725188888;10240;10228
2085;14647921000;14525188888;14725188888;10240;10228
2086;14647933000;14525188888;14725188888;10240;10228
2087;14648166000;14525188888;14725188888;10240;10228
2088;14648186000;14525188888;14725188888;10240;10228
2089;14648390000;14525188888;14725188888;10240;10228
2090;14688832000;14566800000;14766800000;10240;10228
2091;14689085000;14566800000;14766800000;10240;10228
2092;14689095000;14566800000;14766800000;10240;10228
2093;14689100000;14566800000;14766800000;10240;10228
2094;14689326000;14566800000;14766800000;10240;10228
2095;14689348000;14566800000;14766800000;10240;10228
2096;14689562000;14566800000;14766800000;10240;10228
2097;14689585000;14566800000;14766800000;10240;10228
2098;14689813000;14566800000;14766800000;10240;10228
2099;14689830000;14566800000;14766800000;10240;10228
2100;14690054000;14566800000;14766800000;10240;10228
2101;14730479000;14608522222;14808522222;10240;10228
2103;14730490000;14608522222;14808522222;10240;10228
2104;14730728000;14608522222;14808522222;10240;10228
2105;14730743000;14608522222;14808522222;10240;10228
2106;14730978000;14608522222;14808522222;10240;10228
2107;14730993000;14608522222;14808522222;10240;10228
2108;14731222000;14608522222;14808522222;10240;10228
2109;14731229000;14608522222;14808522222;10240;10228
2110;14731472000;14608522222;14808522222;10240;10228
2111;14731479000;14608522222;14808522222;10240;10228
2112;14772210000;14650200000;14850200000;10240;10228
2113;14772231000;14650200000;14850200000;10240;10228
2114;14772437000;14650200000;14850200000;10240;10228
2115;14772444000;14650200000;14850200000;10240;10228
2116;14772698000;14650200000;14850200000;10240;10228
2117;14772704000;14650200000;14850200000;10240;10228
2118;14772949000;14650200000;14850200000;10240;10228
2119;14772954000;14650200000;14850200000;10240;10228
2120;14773188000;14650200000;14850200000;10240;10228
2121;14773193000;14650200000;14850200000;10240;10228
2122;14773438000;14650200000;14850200000;10240;10228
2123;14813886000;14691844444;14891844444;10240;10228
2124;14813894000;14691844444;14891844444;10240;10228
2125;14814146000;14691844444;14891844444;10240;10228
2126;14814172000;14691844444;14891844444;10240;10228
2127;14814363000;14691844444;14891844444;10240;10228
2128;14814380000;14691844444;14891844444;10240;10228
2129;14814646000;14691844444;14891844444;10240;10228
2130;14814653000;14691844444;14891844444;10240;10228
2131;14814885000;14691844444;14891844444;10240;10228
2132;14814891000;14691844444;14891844444;10240;10228
2133;14815117000;14691844444;14891844444;10240;10228
2134;14855494000;14733544444;14933544444;10240;10228
2135;14855503000;14733544444;14933544444;10240;10228
2136;14855742000;14733544444;14933544444;10240;10228
2137;14855757000;14733544444;14933544444;10240;10228
2138;14855993000;14733544444;14933544444;10240;10228
2139;14856007000;14733544444;14933544444;10240;10228
2140;14856237000;14733544444;14933544444;10240;10228
2141;14856243000;14733544444;14933544444;10240;10228
2142;14856490000;14733544444;14933544444;10240;10228
2143;14856496000;14733544444;14933544444;10240;10228
2144;14856744000;14733544444;14933544444;10240;10228
2145;14897148000;14775188888;14975188888;10240;10228
2146;14897159000;14775188888;14975188888;10240;10228
2147;14897389000;14775188888;14975188888;10240;10228
2148;14897396000;14775188888;14975188888;10240;10228
2149;14897646000;14775188888;14975188888;10240;10228
2150;14897655000;14775188888;14975188888;10240;10228
2151;14897896000;14775188888;14975188888;10240;10228
2152;14897903000;14775188888;14975188888;10240;10228
2153;14898141000;14775188888;14975188888;10240;10228
2154;14898148000;14775188888;14975188888;10240;10228
2155;14898391000;14775188888;14975188888;10240;10228
2156;14938827000;14816822222;15016822222;10240;10228
2157;14938842000;14816822222;15016822222;10240;10228
2158;14939077000;14816822222;15016822222;10240;10228
2159;14939091000;14816822222;15016822222;10240;10228
2160;14939282000;14816822222;15016822222;10240;10228
2161;14939294000;14816822222;15016822222;10240;10228
2162;14939544000;14816822222;15016822222;10240;10228
2163;14939563000;14816822222;15016822222;10240;10228
2164;14939829000;14816822222;15016822222;10240;10228
2165;14939842000;14816822222;15016822222;10240;10228
2166;14940068000;14816822222;15016822222;10240;10228
2167;14980500000;14858544444;15058544444;10240;10228
2168;14980523000;14858544444;15058544444;10240;10228
2169;14980743000;14858544444;15058544444;10240;10228
2170;14980757000;14858544444;15058544444;10240;10228
2172;14980993000;14858544444;15058544444;10240;10228
2173;14981010000;14858544444;15058544444;10240;10228
2174;14981235000;14858544444;15058544444;10240;10228
2175;14981248000;14858544444;15058544444;10240;10228
2176;14981490000;14858544444;15058544444;10240;10228
2177;14981504000;14858544444;15058544444;10240;10228
2180;15022150000;14900211111;15100211111;10240;10228
2181;15022161000;14900211111;15100211111;10240;10228
2182;15022424000;14900211111;15100211111;10240;10228
2183;15022443000;14900211111;15100211111;10240;10228
2184;15022678000;14900211111;15100211111;10240;10228
2185;15022692000;14900211111;15100211111;10240;10228
2187;15022888000;14900211111;15100211111;10240;10228
2188;15022897000;14900211111;15100211111;10240;10228
2189;15063811000;14941844444;15141844444;10240;10228
2190;15063825000;14941844444;15141844444;10240;10228
2191;15064043000;14941844444;15141844444;10240;10228
2192;15064057000;14941844444;15141844444;10240;10228
2193;15064278000;14941844444;15141844444;10240;10228
2194;15064291000;14941844444;15141844444;10240;10228
2196;15064522000;14941844444;15141844444;10240;10228
2197;15064545000;14941844444;15141844444;10240;10228
2198;15064809000;14941844444;15141844444;10240;10228
2199;15064824000;14941844444;15141844444;10240;10228
2200;15105499000;14983511111;15183511111;10240;10228
2201;15105523000;14983511111;15183511111;10240;10228
2202;15105747000;14983511111;15183511111;10240;10228
2203;15105763000;14983511111;15183511111;10240;10228
2204;15105990000;14983511111;15183511111;10240;10228
2205;15106005000;14983511111;15183511111;10240;10228
2206;15106232000;14983511111;15183511111;10240;10228
2207;15106244000;14983511111;15183511111;10240;10228
2209;15106488000;14983511111;15183511111;10240;10228
2210;15106499000;14983511111;15183511111;10240;10228
2211;15147151000;15025200000;15225200000;10240;10228
2212;15147164000;15025200000;15225200000;10240;10228
2213;15147395000;15025200000;15225200000;10240;10228
2214;15147405000;15025200000;15225200000;10240;10228
2215;15147647000;15025200000;15225200000;10240;10228
2216;15147660000;15025200000;15225200000;10240;10228
2217;15147860000;15025200000;15225200000;10240;10228
2218;15147869000;15025200000;15225200000;10240;10228
2219;15148152000;15025200000;15225200000;10240;10228
2220;15148171000;15025200000;15225200000;10240;10228
2221;15148402000;15025200000;15225200000;10240;10228
2222;15188829000;15066800000;15266800000;10240;10228
2223;15188844000;15066800000;15266800000;10240;10228
2224;15189082000;15066800000;15266800000;10240;10228
2225;15189095000;15066800000;15266800000;10240;10228
2226;15189323000;15066800000;15266800000;10240;10228
2227;15189334000;15066800000;15266800000;10240;10228
2228;15189586000;15066800000;15266800000;10240;10228
2229;15189605000;15066800000;15266800000;10240;10228
2230;15189831000;15066800000;15266800000;10240;10228
2231;15189844000;15066800000;15266800000;10240;10228
2232;15190068000;15066800000;15266800000;10240;10228
2233;15230489000;15108555555;15308555555;10240;10228
2235;15230504000;15108555555;15308555555;10240;10228
2236;15230771000;15108555555;15308555555;10240;10228
2237;15230786000;15108555555;15308555555;10240;10228
2238;15230991000;15108555555;15308555555;10240;10228
2239;15231001000;15108555555;15308555555;10240;10228
2240;15231279000;15108555555;15308555555;10240;10228
2241;15231297000;15108555555;15308555555;10240;10228
2242;15231544000;15108555555;15308555555;10240;10228
2243;15231553000;15108555555;15308555555;10240;10228
2244;15272155000;15150200000;15350200000;10240;10228
2245;15272168000;15150200000;15350200000;10240;10228
2246;15272394000;15150200000;15350200000;10240;10228
2247;15272406000;15150200000;15350200000;10240;10228
2248;15272648000;15150200000;15350200000;10240;10228
2249;15272664000;15150200000;15350200000;10240;10228
2250;15272898000;15150200000;15350200000;10240;10228
2251;15272913000;15150200000;15350200000;10240;10228
2252;15273110000;15150200000;15350200000;10240;10228
2253;15273121000;15150200000;15350200000;10240;10228
2254;15273393000;15150200000;15350200000;10240;10228
2255;15313820000;15191833333;15391833333;10240;10228
2256;15313834000;15191833333;15391833333;10240;10228
2257;15314101000;15191833333;15391833333;10240;10228
2258;15314114000;15191833333;15391833333;10240;10228
2259;15314347000;15191833333;15391833333;10240;10228
2260;15314358000;15191833333;15391833333;10240;10228
2261;15314626000;15191833333;15391833333;10240;10228
2262;15314641000;15191833333;15391833333;10240;10228
2263;15314857000;15191833333;15391833333;10240;10228
2264;15314873000;15191833333;15391833333;10240;10228
2265;15314881000;15191833333;15391833333;10240;10228
2266;15355503000;15233544444;15433544444;10240;10228
2267;15355534000;15233544444;15433544444;10240;10228
2268;15355753000;15233544444;15433544444;10240;10228
2269;15355768000;15233544444;15433544444;10240;10228
2270;15355998000;15233544444;15433544444;10240;10228
2271;15356011000;15233544444;15433544444;10240;10228
2272;15356235000;15233544444;15433544444;10240;10228
2273;15356245000;15233544444;15433544444;10240;10228
2274;15356466000;15233544444;15433544444;10240;10228
2275;15356484000;15233544444;15433544444;10240;10228
2276;15356706000;15233544444;15433544444;10240;10228
2277;15397184000;15275200000;15475200000;10240;10228
2278;15397196000;15275200000;15475200000;10240;10228
2279;15397422000;15275200000;15475200000;10240;10228
2280;15397431000;15275200000;15475200000;10240;10228
2281;15397683000;15275200000;15475200000;10240;10228
2282;15397695000;15275200000;15475200000;10240;10228
2283;15397941000;15275200000;15475200000;10240;10228
2284;15397953000;15275200000;15475200000;10240;10228
2285;15398178000;15275200000;15475200000;10240;10228
2286;15398187000;15275200000;15475200000;10240;10228
2288;15438891000;15316844444;15516844444;10240;10228
2289;15438912000;15316844444;15516844444;10240;10228
2290;15439119000;15316844444;15516844444;10240;10228
2291;15439140000;15316844444;15516844444;10240;10228
2292;15439358000;15316844444;15516844444;10240;10228
2293;15439367000;15316844444;15516844444;10240;10228
2294;15439533000;15316844444;15516844444;10240;10228
2295;15439541000;15316844444;15516844444;10240;10228
2296;15439796000;15316844444;15516844444;10240;10228
2297;15439816000;15316844444;15516844444;10240;10228
2298;15440150000;15316844444;15516844444;10240;10228
2300;15480479000;15358533333;15558533333;10240;10228
2301;15480728000;15358533333;15558533333;10240;10228
2302;15480739000;15358533333;15558533333;10240;10228
2303;15480747000;15358533333;15558533333;10240;10228
2304;15480977000;15358533333;15558533333;10240;10228
2305;15480992000;15358533333;15558533333;10240;10228
2306;15481220000;15358533333;15558533333;10240;10228
2308;15481227000;15358533333;15558533333;10240;10228
2309;15481469000;15358533333;15558533333;10240;10228
2310;15522151000;15400188888;15600188888;10240;10228
2311;15522160000;15400188888;15600188888;10240;10228
2312;15522392000;15400188888;15600188888;10240;10228
2313;15522398000;15400188888;15600188888;10240;10228
2314;15522647000;15400188888;15600188888;10240;10228
2315;15522665000;15400188888;15600188888;10240;10228
2316;15522897000;15400188888;15600188888;10240;10228
2317;15522913000;15400188888;15600188888;10240;10228
2319;15523141000;15400188888;15600188888;10240;10228
2320;15523148000;15400188888;15600188888;10240;10228
2321;15563779000;15441833333;15641833333;10240;10228
2322;15564028000;15441833333;15641833333;10240;10228
2323;15564041000;15441833333;15641833333;10240;10228
2324;15564048000;15441833333;15641833333;10240;10228
2325;15564270000;15441833333;15641833333;10240;10228
2326;15564278000;15441833333;15641833333;10240;10228
2327;15564540000;15441833333;15641833333;10240;10228
2328;15564547000;15441833333;15641833333;10240;10228
2329;15564778000;15441833333;15641833333;10240;10228
2330;15564793000;15441833333;15641833333;10240;10228
2331;15565031000;15441833333;15641833333;10240;10228
2332;15605496000;15483522222;15683522222;10240;10228
2333;15605505000;15483522222;15683522222;10240;10228
2334;15605745000;15483522222;15683522222;10240;10228
2335;15605760000;15483522222;15683522222;10240;10228
2336;15605995000;15483522222;15683522222;10240;10228
2338;15606010000;15483522222;15683522222;10240;10228
2339;15606239000;15483522222;15683522222;10240;10228
2340;15606247000;15483522222;15683522222;10240;10228
2341;15606489000;15483522222;15683522222;10240;10228
2342;15606496000;15483522222;15683522222;10240;10228
2343;15647145000;15525200000;15725200000;10240;10228
2344;15647158000;15525200000;15725200000;10240;10228
2345;15647403000;15525200000;15725200000;10240;10228
2346;15647411000;15525200000;15725200000;10240;10228
2347;15647647000;15525200000;15725200000;10240;10228
2348;15647660000;15525200000;15725200000;10240;10228
2349;15647897000;15525200000;15725200000;10240;10228
2350;15647911000;15525200000;15725200000;10240;10228
2351;15648144000;15525200000;15725200000;10240;10228
2352;15648151000;15525200000;15725200000;10240;10228
2353;15648390000;15525200000;15725200000;10240;10228
2354;15688823000;15566822222;15766822222;10240;10228
2355;15688833000;15566822222;15766822222;10240;10228
2356;15689071000;15566822222;15766822222;10240;10228
2357;15689086000;15566822222;15766822222;10240;10228
2358;15689317000;15566822222;15766822222;10240;10228
2359;15689323000;15566822222;15766822222;10240;10228
2360;15689614000;15566822222;15766822222;10240;10228
2361;15689628000;15566822222;15766822222;10240;10228
2362;15689823000;15566822222;15766822222;10240;10228
2363;15689836000;15566822222;15766822222;10240;10228
2364;15690066000;15566822222;15766822222;10240;10228
2365;15730478000;15608544444;15808544444;10240;10228
2366;15730489000;15608544444;15808544444;10240;10228
2367;15730728000;15608544444;15808544444;10240;10228
2368;15730745000;15608544444;15808544444;10240;10228
2369;15730979000;15608544444;15808544444;10240;10228
2370;15730995000;15608544444;15808544444;10240;10228
2371;15731226000;15608544444;15808544444;10240;10228
2372;15731232000;15608544444;15808544444;10240;10228
2373;15731473000;15608544444;15808544444;10240;10228
2374;15731480000;15608544444;15808544444;10240;10228
2375;15731730000;15608544444;15808544444;10240;10228
2376;15772209000;15650188888;15850188888;10240;10228
2377;15772230000;15650188888;15850188888;10240;10228
2378;15772444000;15650188888;15850188888;10240;10228
2379;15772456000;15650188888;15850188888;10240;10228
2380;15772709000;15650188888;15850188888;10240;10228
2384;15772728000;15650188888;15850188888;10240;10228
2385;15772959000;15650188888;15850188888;10240;10228
2386;15772979000;15650188888;15850188888;10240;10228
2387;15813911000;15691822222;15891822222;10240;10228
2388;15813930000;15691822222;15891822222;10240;10228
2389;15814159000;15691822222;15891822222;10240;10228
2390;15814169000;15691822222;15891822222;10240;10228
2391;15814392000;15691822222;15891822222;10240;10228
2392;15814401000;15691822222;15891822222;10240;10228
2393;15814653000;15691822222;15891822222;10240;10228
2394;15814672000;15691822222;15891822222;10240;10228
2395;15814822000;15691822222;15891822222;10240;10228
2396;15814842000;15691822222;15891822222;10240;10228
2397;15815100000;15691822222;15891822222;10240;10228
2398;15855564000;15733566666;15933566666;10240;10228
2399;15855576000;15733566666;15933566666;10240;10228
2400;15855841000;15733566666;15933566666;10240;10228
2401;15855859000;15733566666;15933566666;10240;10228
2402;15856068000;15733566666;15933566666;10240;10228
2403;15856087000;15733566666;15933566666;10240;10228
2404;15856336000;15733566666;15933566666;10240;10228
2405;15856345000;15733566666;15933566666;10240;10228
2406;15856560000;15733566666;15933566666;10240;10228
2407;15856583000;15733566666;15933566666;10240;10228
2410;15897148000;15775177777;15975177777;10240;10228
2411;15897163000;15775177777;15975177777;10240;10228
2412;15897419000;15775177777;15975177777;10240;10228
2413;15897430000;15775177777;15975177777;10240;10228
2414;15897679000;15775177777;15975177777;10240;10228
2415;15897696000;15775177777;15975177777;10240;10228
2416;15897937000;15775177777;15975177777;10240;10228
2417;15897952000;15775177777;15975177777;10240;10228
2418;15898178000;15775177777;15975177777;10240;10228
2419;15898189000;15775177777;15975177777;10240;10228
2420;15938821000;15816811111;16016811111;10240;10228
2421;15938837000;15816811111;16016811111;10240;10228
2422;15939063000;15816811111;16016811111;10240;10228
2423;15939078000;15816811111;16016811111;10240;10228
2424;15939313000;15816811111;16016811111;10240;10228
2425;15939324000;15816811111;16016811111;10240;10228
2426;15939542000;15816811111;16016811111;10240;10228
2427;15939552000;15816811111;16016811111;10240;10228
2428;15939777000;15816811111;16016811111;10240;10228
2429;15939786000;15816811111;16016811111;10240;10228
2430;15940074000;15816811111;16016811111;10240;10228
2431;15980486000;15858511111;16058511111;10240;10228
2432;15980502000;15858511111;16058511111;10240;10228
2433;15980729000;15858511111;16058511111;10240;10228
2434;15980744000;15858511111;16058511111;10240;10228
2435;15980980000;15858511111;16058511111;10240;10228
2436;15980994000;15858511111;16058511111;10240;10228
2437;15981221000;15858511111;16058511111;10240;10228
2438;15981231000;15858511111;16058511111;10240;10228
2439;15981479000;15858511111;16058511111;10240;10228
2440;15981492000;15858511111;16058511111;10240;10228
2441;15981736000;15858511111;16058511111;10240;10228
2442;16022146000;15900188888;16100188888;10240;10228
2443;16022159000;15900188888;16100188888;10240;10228
2444;16022419000;15900188888;16100188888;10240;10228
2445;16022439000;15900188888;16100188888;10240;10228
2446;16022629000;15900188888;16100188888;10240;10228
2447;16022640000;15900188888;16100188888;10240;10228
2448;16022926000;15900188888;16100188888;10240;10228
2449;16022941000;15900188888;16100188888;10240;10228
2450;16023169000;15900188888;16100188888;10240;10228
2451;16023180000;15900188888;16100188888;10240;10228
2452;16023198000;15900188888;16100188888;10240;10228
2453;16063820000;15941833333;16141833333;10240;10228
2454;16063834000;15941833333;16141833333;10240;10228
2455;16064070000;15941833333;16141833333;10240;10228
2456;16064083000;15941833333;16141833333;10240;10228
2457;16064328000;15941833333;16141833333;10240;10228
2458;16064348000;15941833333;16141833333;10240;10228
2459;16064539000;15941833333;16141833333;10240;10228
2460;16064561000;15941833333;16141833333;10240;10228
2461;16064822000;15941833333;16141833333;10240;10228
2462;16064836000;15941833333;16141833333;10240;10228
2463;16065062000;15941833333;16141833333;10240;10228
2464;16105498000;15983533333;16183533333;10240;10228
2465;16105519000;15983533333;16183533333;10240;10228
2466;16105750000;15983533333;16183533333;10240;10228
2467;16105764000;15983533333;16183533333;10240;10228
2468;16105955000;15983533333;16183533333;10240;10228
2469;16105965000;15983533333;16183533333;10240;10228
2470;16106231000;15983533333;16183533333;10240;10228
2471;16106241000;15983533333;16183533333;10240;10228
2472;16106499000;15983533333;16183533333;10240;10228
2473;16106527000;15983533333;16183533333;10240;10228
2474;16106750000;15983533333;16183533333;10240;10228
2475;16147152000;16025188888;16225188888;10240;10228
2476;16147165000;16025188888;16225188888;10240;10228
2478;16147393000;16025188888;16225188888;10240;10228
2479;16147405000;16025188888;16225188888;10240;10228
2480;16147647000;16025188888;16225188888;10240;10228
2481;16147662000;16025188888;16225188888;10240;10228
2482;16147897000;16025188888;16225188888;10240;10228
2483;16147914000;16025188888;16225188888;10240;10228
2484;16148110000;16025188888;16225188888;10240;10228
2485;16148120000;16025188888;16225188888;10240;10228
2486;16188845000;16066800000;16266800000;10240;10228
2487;16188861000;16066800000;16266800000;10240;10228
2488;16189095000;16066800000;16266800000;10240;10228
2491;16189109000;16066800000;16266800000;10240;10228
2492;16189337000;16066800000;16266800000;10240;10228
2493;16189347000;16066800000;16266800000;10240;10228
2494;16189579000;16066800000;16266800000;10240;10228
2495;16189599000;16066800000;16266800000;10240;10228
2496;16189847000;16066800000;16266800000;10240;10228
2497;16230502000;16108533333;16308533333;10240;10228
2498;16230538000;16108533333;16308533333;10240;10228
2499;16230753000;16108533333;16308533333;10240;10228
2500;16230768000;16108533333;16308533333;10240;10228
2501;16230995000;16108533333;16308533333;10240;10228
2502;16231011000;16108533333;16308533333;10240;10228
2503;16231236000;16108533333;16308533333;10240;10228
2504;16231247000;16108533333;16308533333;10240;10228
2505;16231491000;16108533333;16308533333;10240;10228
2506;16231503000;16108533333;16308533333;10240;10228
2507;16231754000;16108533333;16308533333;10240;10228
2508;16272149000;16150188888;16350188888;10240;10228
2509;16272166000;16150188888;16350188888;10240;10228
2510;16272388000;16150188888;16350188888;10240;10228
2511;16272403000;16150188888;16350188888;10240;10228
2512;16272602000;16150188888;16350188888;10240;10228
2513;16272613000;16150188888;16350188888;10240;10228
2514;16272863000;16150188888;16350188888;10240;10228
2515;16272882000;16150188888;16350188888;10240;10228
2516;16273141000;16150188888;16350188888;10240;10228
2517;16273151000;16150188888;16350188888;10240;10228
2518;16273386000;16150188888;16350188888;10240;10228
2519;16313891000;16191844444;16391844444;10240;10228
2520;16313912000;16191844444;16391844444;10240;10228
2521;16314139000;16191844444;16391844444;10240;10228
2522;16314160000;16191844444;16391844444;10240;10228
2523;16314357000;16191844444;16391844444;10240;10228
2524;16314364000;16191844444;16391844444;10240;10228
2525;16314638000;16191844444;16391844444;10240;10228
2526;16314659000;16191844444;16391844444;10240;10228
2527;16314903000;16191844444;16391844444;10240;10228
2530;16355503000;16233544444;16433544444;10240;10228
2531;16355535000;16233544444;16433544444;10240;10228
2532;16355745000;16233544444;16433544444;10240;10228
2533;16355755000;16233544444;16433544444;10240;10228
2534;16355996000;16233544444;16433544444;10240;10228
2535;16356010000;16233544444;16433544444;10240;10228
2536;16356236000;16233544444;16433544444;10240;10228
2537;16356244000;16233544444;16433544444;10240;10228
2538;16356488000;16233544444;16433544444;10240;10228
2539;16356496000;16233544444;16433544444;10240;10228
2540;16356744000;16233544444;16433544444;10240;10228
2541;16397150000;16275200000;16475200000;10240;10228
2542;16397160000;16275200000;16475200000;10240;10228
2543;16397390000;16275200000;16475200000;10240;10228
2544;16397397000;16275200000;16475200000;10240;10228
2545;16397647000;16275200000;16475200000;10240;10228
2546;16397661000;16275200000;16475200000;10240;10228
2547;16397897000;16275200000;16475200000;10240;10228
2548;16397913000;16275200000;16475200000;10240;10228
2549;16398141000;16275200000;16475200000;10240;10228
2552;16438825000;16316833333;16516833333;10240;10228
2553;16438838000;16316833333;16516833333;10240;10228
2554;16439075000;16316833333;16516833333;10240;10228
2555;16439089000;16316833333;16516833333;10240;10228
2556;16439320000;16316833333;16516833333;10240;10228
2558;16439327000;16316833333;16516833333;10240;10228
2559;16439589000;16316833333;16516833333;10240;10228
2560;16439603000;16316833333;16516833333;10240;10228
2561;16439826000;16316833333;16516833333;10240;10228
2562;16439840000;16316833333;16516833333;10240;10228
2564;16480488000;16358522222;16558522222;10240;10228
2565;16480738000;16358522222;16558522222;10240;10228
2566;16480751000;16358522222;16558522222;10240;10228
2567;16480759000;16358522222;16558522222;10240;10228
2568;16480998000;16358522222;16558522222;10240;10228
2569;16481014000;16358522222;16558522222;10240;10228
2570;16481232000;16358522222;16558522222;10240;10228
2571;16481240000;16358522222;16558522222;10240;10228
2572;16481481000;16358522222;16558522222;10240;10228
2574;16522146000;16400200000;16600200000;10240;10228
2575;16522154000;16400200000;16600200000;10240;10228
2577;16522388000;16400200000;16600200000;10240;10228
2578;16522396000;16400200000;16600200000;10240;10228
2579;16522646000;16400200000;16600200000;10240;10228
2580;16522660000;16400200000;16600200000;10240;10228
2581;16522896000;16400200000;16600200000;10240;10228
2582;16522911000;16400200000;16600200000;10240;10228
2583;16523140000;16400200000;16600200000;10240;10228
2584;16523148000;16400200000;16600200000;10240;10228
2585;16563827000;16441822222;16641822222;10240;10228
2586;16563838000;16441822222;16641822222;10240;10228
2587;16564075000;16441822222;16641822222;10240;10228
2588;16564089000;16441822222;16641822222;10240;10228
2589;16564317000;16441822222;16641822222;10240;10228
2590;16564324000;16441822222;16641822222;10240;10228
2591;16564610000;16441822222;16641822222;10240;10228
2592;16564624000;16441822222;16641822222;10240;10228
2593;16564826000;16441822222;16641822222;10240;10228
2594;16564843000;16441822222;16641822222;10240;10228
2595;16565081000;16441822222;16641822222;10240;10228
2596;16605492000;16483544444;16683544444;10240;10228
2597;16605501000;16483544444;16683544444;10240;10228
2598;16605742000;16483544444;16683544444;10240;10228
2599;16605756000;16483544444;16683544444;10240;10228
2600;16605992000;16483544444;16683544444;10240;10228
2601;16606008000;16483544444;16683544444;10240;10228
2602;16606236000;16483544444;16683544444;10240;10228
2603;16606242000;16483544444;16683544444;10240;10228
2604;16606487000;16483544444;16683544444;10240;10228
2605;16606494000;16483544444;16683544444;10240;10228
2606;16606745000;16483544444;16683544444;10240;10228
2607;16647208000;16525188888;16725188888;10240;10228
2608;16647229000;16525188888;16725188888;10240;10228
2609;16647458000;16525188888;16725188888;10240;10228
2610;16647470000;16525188888;16725188888;10240;10228
2611;16647704000;16525188888;16725188888;10240;10228
2612;16647725000;16525188888;16725188888;10240;10228
2613;16647871000;16525188888;16725188888;10240;10228
2614;16647891000;16525188888;16725188888;10240;10228
2615;16648114000;16525188888;16725188888;10240;10228
2616;16648122000;16525188888;16725188888;10240;10228
2617;16648408000;16525188888;16725188888;10240;10228
2618;16688822000;16566811111;16766811111;10240;10228
2619;16688832000;16566811111;16766811111;10240;10228
2620;16689072000;16566811111;16766811111;10240;10228
2621;16689080000;16566811111;16766811111;10240;10228
2622;16689315000;16566811111;16766811111;10240;10228
2623;16689322000;16566811111;16766811111;10240;10228
2624;16689604000;16566811111;16766811111;10240;10228
2625;16689612000;16566811111;16766811111;10240;10228
2626;16689822000;16566811111;16766811111;10240;10228
2627;16689829000;16566811111;16766811111;10240;10228
2628;16690066000;16566811111;16766811111;10240;10228
2629;16730484000;16608555555;16808555555;10240;10228
2630;16730495000;16608555555;16808555555;10240;10228
2631;16730730000;16608555555;16808555555;10240;10228
2632;16730738000;16608555555;16808555555;10240;10228
2633;16730979000;16608555555;16808555555;10240;10228
2634;16730987000;16608555555;16808555555;10240;10228
2635;16731223000;16608555555;16808555555;10240;10228
2636;16731231000;16608555555;16808555555;10240;10228
2637;16731473000;16608555555;16808555555;10240;10228
2638;16731481000;16608555555;16808555555;10240;10228
2639;16731730000;16608555555;16808555555;10240;10228
2640;16772207000;16650166666;16850166666;10240;10228
2641;16772227000;16650166666;16850166666;10240;10228
2642;16772438000;16650166666;16850166666;10240;10228
2643;16772449000;16650166666;16850166666;10240;10228
2644;16772702000;16650166666;16850166666;10240;10228
2645;16772721000;16650166666;16850166666;10240;10228
2646;16772951000;16650166666;16850166666;10240;10228
2647;16772971000;16650166666;16850166666;10240;10228
2648;16773221000;16650166666;16850166666;10240;10228
2649;16773230000;16650166666;16850166666;10240;10228
2650;16773410000;16650166666;16850166666;10240;10228
2651;16813857000;16691800000;16891800000;10240;10228
2652;16813867000;16691800000;16891800000;10240;10228
2653;16814106000;16691800000;16891800000;10240;10228
2654;16814114000;16691800000;16891800000;10240;10228
2655;16814348000;16691800000;16891800000;10240;10228
2656;16814356000;16691800000;16891800000;10240;10228
2657;16814606000;16691800000;16891800000;10240;10228
2659;16814613000;16691800000;16891800000;10240;10228
2660;16814857000;16691800000;16891800000;10240;10228
2661;16814867000;16691800000;16891800000;10240;10228
2662;16855485000;16733522222;16933522222;10240;10228
2663;16855494000;16733522222;16933522222;10240;10228
2664;16855732000;16733522222;16933522222;10240;10228
2665;16855745000;16733522222;16933522222;10240;10228
2666;16855982000;16733522222;16933522222;10240;10228
2667;16855996000;16733522222;16933522222;10240;10228
2668;16856227000;16733522222;16933522222;10240;10228
2669;16856234000;16733522222;16933522222;10240;10228
2670;16856475000;16733522222;16933522222;10240;10228
2671;16856482000;16733522222;16933522222;10240;10228
2672;16856733000;16733522222;16933522222;10240;10228
2673;16897153000;16775166666;16975166666;10240;10228
2674;16897162000;16775166666;16975166666;10240;10228
2675;16897402000;16775166666;16975166666;10240;10228
2676;16897409000;16775166666;16975166666;10240;10228
2677;16897648000;16775166666;16975166666;10240;10228
2678;16897661000;16775166666;16975166666;10240;10228
2679;16897898000;16775166666;16975166666;10240;10228
2680;16897912000;16775166666;16975166666;10240;10228
2681;16898142000;16775166666;16975166666;10240;10228
2682;16898149000;16775166666;16975166666;10240;10228
2683;16898390000;16775166666;16975166666;10240;10228
2684;16938782000;16816800000;17016800000;10240;10228
2686;16938798000;16816800000;17016800000;10240;10228
2687;16939072000;16816800000;17016800000;10240;10228
2688;16939084000;16816800000;17016800000;10240;10228
2691;16939323000;16816800000;17016800000;10240;10228
2692;16939334000;16816800000;17016800000;10240;10228
2693;16939622000;16816800000;17016800000;10240;10228
2694;16939641000;16816800000;17016800000;10240;10228
2695;16980506000;16858488888;17058488888;10240;10228
2696;16980528000;16858488888;17058488888;10240;10228
2697;16980749000;16858488888;17058488888;10240;10228
2698;16980763000;16858488888;17058488888;10240;10228
2699;16981003000;16858488888;17058488888;10240;10228
2700;16981018000;16858488888;17058488888;10240;10228
2701;16981239000;16858488888;17058488888;10240;10228
2703;16981250000;16858488888;17058488888;10240;10228
2704;16981493000;16858488888;17058488888;10240;10228
2706;17022151000;16900177777;17100177777;10240;10228
2707;17022176000;16900177777;17100177777;10240;10228
2708;17022392000;16900177777;17100177777;10240;10228
2709;17022403000;16900177777;17100177777;10240;10228
2711;17022646000;16900177777;17100177777;10240;10228
2712;17022659000;16900177777;17100177777;10240;10228
2713;17022896000;16900177777;17100177777;10240;10228
2714;17022909000;16900177777;17100177777;10240;10228
2715;17023142000;16900177777;17100177777;10240;10228
2716;17023152000;16900177777;17100177777;10240;10228
2717;17063823000;16941822222;17141822222;10240;10228
2718;17063839000;16941822222;17141822222;10240;10228
2719;17064072000;16941822222;17141822222;10240;10228
2720;17064088000;16941822222;17141822222;10240;10228
2721;17064278000;16941822222;17141822222;10240;10228
2722;17064289000;16941822222;17141822222;10240;10228
2723;17064584000;16941822222;17141822222;10240;10228
2724;17064597000;16941822222;17141822222;10240;10228
2725;17064823000;16941822222;17141822222;10240;10228
2726;17064839000;16941822222;17141822222;10240;10228
2727;17065063000;16941822222;17141822222;10240;10228
2728;17105535000;16983511111;17183511111;10240;10228
2729;17105559000;16983511111;17183511111;10240;10228
2730;17105766000;16983511111;17183511111;10240;10228
2731;17105792000;16983511111;17183511111;10240;10228
2732;17106024000;16983511111;17183511111;10240;10228
2733;17106040000;16983511111;17183511111;10240;10228
2734;17106265000;16983511111;17183511111;10240;10228
2735;17106277000;16983511111;17183511111;10240;10228
2736;17106533000;16983511111;17183511111;10240;10228
2737;17106545000;16983511111;17183511111;10240;10228
2738;17106562000;16983511111;17183511111;10240;10228
2739;17147139000;17025144444;17225144444;10240;10228
2740;17147153000;17025144444;17225144444;10240;10228
2741;17147411000;17025144444;17225144444;10240;10228
2742;17147422000;17025144444;17225144444;10240;10228
2745;17147671000;17025144444;17225144444;10240;10228
2746;17147688000;17025144444;17225144444;10240;10228
2747;17147883000;17025144444;17225144444;10240;10228
2748;17147894000;17025144444;17225144444;10240;10228
2750;17188818000;17066777777;17266777777;10240;10228
2751;17188835000;17066777777;17266777777;10240;10228
2752;17189099000;17066777777;17266777777;10240;10228
2753;17189115000;17066777777;17266777777;10240;10228
2754;17189347000;17066777777;17266777777;10240;10228
2755;17189358000;17066777777;17266777777;10240;10228
2756;17189593000;17066777777;17266777777;10240;10228
2757;17189613000;17066777777;17266777777;10240;10228
2758;17189857000;17066777777;17266777777;10240;10228
2759;17189872000;17066777777;17266777777;10240;10228
2760;17189881000;17066777777;17266777777;10240;10228
2761;17230507000;17108511111;17308511111;10240;10228
2762;17230541000;17108511111;17308511111;10240;10228
2763;17230755000;17108511111;17308511111;10240;10228
2764;17230771000;17108511111;17308511111;10240;10228
2765;17231003000;17108511111;17308511111;10240;10228
2766;17231018000;17108511111;17308511111;10240;10228
2767;17231250000;17108511111;17308511111;10240;10228
2768;17231261000;17108511111;17308511111;10240;10228
2769;17231498000;17108511111;17308511111;10240;10228
2770;17231509000;17108511111;17308511111;10240;10228
2771;17231712000;17108511111;17308511111;10240;10228
2772;17272172000;17150177777;17350177777;10240;10228
2773;17272188000;17150177777;17350177777;10240;10228
2774;17272409000;17150177777;17350177777;10240;10228
2775;17272420000;17150177777;17350177777;10240;10228
2776;17272630000;17150177777;17350177777;10240;10228
2777;17272641000;17150177777;17350177777;10240;10228
2778;17272879000;17150177777;17350177777;10240;10228
2779;17272889000;17150177777;17350177777;10240;10228
2780;17273176000;17150177777;17350177777;10240;10228
2781;17273196000;17150177777;17350177777;10240;10228
2782;17273212000;17150177777;17350177777;10240;10228
2783;17313804000;17191800000;17391800000;10240;10228
2784;17313819000;17191800000;17391800000;10240;10228
2785;17314053000;17191800000;17391800000;10240;10228
2786;17314068000;17191800000;17391800000;10240;10228
2787;17314299000;17191800000;17391800000;10240;10228
2790;17314319000;17191800000;17391800000;10240;10228
2791;17314553000;17191800000;17391800000;10240;10228
2792;17314575000;17191800000;17391800000;10240;10228
2793;17314802000;17191800000;17391800000;10240;10228
2794;17355499000;17233500000;17433500000;10240;10228
2795;17355521000;17233500000;17433500000;10240;10228
2796;17355747000;17233500000;17433500000;10240;10228
2797;17355763000;17233500000;17433500000;10240;10228
2798;17355993000;17233500000;17433500000;10240;10228
2799;17356009000;17233500000;17433500000;10240;10228
2800;17356203000;17233500000;17433500000;10240;10228
2801;17356213000;17233500000;17433500000;10240;10228
2802;17356452000;17233500000;17433500000;10240;10228
2803;17356462000;17233500000;17433500000;10240;10228
2804;17356741000;17233500000;17433500000;10240;10228
2805;17397149000;17275177777;17475177777;10240;10228
2806;17397162000;17275177777;17475177777;10240;10228
2807;17397389000;17275177777;17475177777;10240;10228
2810;17397399000;17275177777;17475177777;10240;10228
2811;17397642000;17275177777;17475177777;10240;10228
2812;17397657000;17275177777;17475177777;10240;10228
2813;17397898000;17275177777;17475177777;10240;10228
2815;17397912000;17275177777;17475177777;10240;10228
2816;17438826000;17316811111;17516811111;10240;10228
2818;17438841000;17316811111;17516811111;10240;10228
2819;17439076000;17316811111;17516811111;10240;10228
2821;17439091000;17316811111;17516811111;10240;10228
2822;17439317000;17316811111;17516811111;10240;10228
2823;17439329000;17316811111;17516811111;10240;10228
2824;17439545000;17316811111;17516811111;10240;10228
2825;17439568000;17316811111;17516811111;10240;10228
2826;17439780000;17316811111;17516811111;10240;10228
2827;17480502000;17358511111;17558511111;10240;10228
2828;17480535000;17358511111;17558511111;10240;10228
2829;17480753000;17358511111;17558511111;10240;10228
2830;17480768000;17358511111;17558511111;10240;10228
2831;17481003000;17358511111;17558511111;10240;10228
2832;17481018000;17358511111;17558511111;10240;10228
2833;17481239000;17358511111;17558511111;10240;10228
2834;17481251000;17358511111;17558511111;10240;10228
2835;17481459000;17358511111;17558511111;10240;10228
2836;17481469000;17358511111;17558511111;10240;10228
2837;17481754000;17358511111;17558511111;10240;10228
2838;17522170000;17400144444;17600144444;10240;10228
2839;17522183000;17400144444;17600144444;10240;10228
2840;17522400000;17400144444;17600144444;10240;10228
2841;17522411000;17400144444;17600144444;10240;10228
2842;17522661000;17400144444;17600144444;10240;10228
2843;17522676000;17400144444;17600144444;10240;10228
2844;17522918000;17400144444;17600144444;10240;10228
2845;17522935000;17400144444;17600144444;10240;10228
2846;17523159000;17400144444;17600144444;10240;10228
2847;17523172000;17400144444;17600144444;10240;10228
2848;17523408000;17400144444;17600144444;10240;10228
2849;17563894000;17441811111;17641811111;10240;10228
2850;17563913000;17441811111;17641811111;10240;10228
2853;17564141000;17441811111;17641811111;10240;10228
2854;17564160000;17441811111;17641811111;10240;10228
2855;17564291000;17441811111;17641811111;10240;10228
2856;17564303000;17441811111;17641811111;10240;10228
2857;17564564000;17441811111;17641811111;10240;10228
2858;17564572000;17441811111;17641811111;10240;10228
2859;17564925000;17441811111;17641811111;10240;10228
2860;17605566000;17483555555;17683555555;10240;10228
2861;17605575000;17483555555;17683555555;10240;10228
2862;17605815000;17483555555;17683555555;10240;10228
2863;17605833000;17483555555;17683555555;10240;10228
2864;17606060000;17483555555;17683555555;10240;10228
2865;17606079000;17483555555;17683555555;10240;10228
2866;17606286000;17483555555;17683555555;10240;10228
2867;17606303000;17483555555;17683555555;10240;10228
2868;17606507000;17483555555;17683555555;10240;10228
2869;17606523000;17483555555;17683555555;10240;10228
2870;17606828000;17483555555;17683555555;10240;10228
2871;17647211000;17525155555;17725155555;10240;10228
2872;17647230000;17525155555;17725155555;10240;10228
2875;17647441000;17525155555;17725155555;10240;10228
2876;17647451000;17525155555;17725155555;10240;10228
2877;17647705000;17525155555;17725155555;10240;10228
2878;17647724000;17525155555;17725155555;10240;10228
2879;17647872000;17525155555;17725155555;10240;10228
2880;17647892000;17525155555;17725155555;10240;10228
2881;17648158000;17525155555;17725155555;10240;10228
2882;17688826000;17566800000;17766800000;10240;10228
2883;17688837000;17566800000;17766800000;10240;10228
2884;17689073000;17566800000;17766800000;10240;10228
2885;17689087000;17566800000;17766800000;10240;10228
2886;17689320000;17566800000;17766800000;10240;10228
2887;17689326000;17566800000;17766800000;10240;10228
2888;17689615000;17566800000;17766800000;10240;10228
2889;17689629000;17566800000;17766800000;10240;10228
2890;17689824000;17566800000;17766800000;10240;10228
2891;17689838000;17566800000;17766800000;10240;10228
2892;17690070000;17566800000;17766800000;10240;10228
2893;17730479000;17608522222;17808522222;10240;10228
2894;17730489000;17608522222;17808522222;10240;10228
2895;17730729000;17608522222;17808522222;10240;10228
2896;17730746000;17608522222;17808522222;10240;10228
2897;17730978000;17608522222;17808522222;10240;10228
2898;17730993000;17608522222;17808522222;10240;10228
2899;17731235000;17608522222;17808522222;10240;10228
2900;17731242000;17608522222;17808522222;10240;10228
2901;17731477000;17608522222;17808522222;10240;10228
2902;17731483000;17608522222;17808522222;10240;10228
2903;17731730000;17608522222;17808522222;10240;10228
2904;17772151000;17650155555;17850155555;10240;10228
2905;17772165000;17650155555;17850155555;10240;10228
2906;17772390000;17650155555;17850155555;10240;10228
2907;17772399000;17650155555;17850155555;10240;10228
2908;17772646000;17650155555;17850155555;10240;10228
2909;17772661000;17650155555;17850155555;10240;10228
2910;17772897000;17650155555;17850155555;10240;10228
2911;17772912000;17650155555;17850155555;10240;10228
2912;17773145000;17650155555;17850155555;10240;10228
2913;17773151000;17650155555;17850155555;10240;10228
2914;17773394000;17650155555;17850155555;10240;10228
2915;17813849000;17691811111;17891811111;10240;10228
2916;17813860000;17691811111;17891811111;10240;10228
2917;17814096000;17691811111;17891811111;10240;10228
2918;17814106000;17691811111;17891811111;10240;10228
2919;17814340000;17691811111;17891811111;10240;10228
2920;17814348000;17691811111;17891811111;10240;10228
2921;17814597000;17691811111;17891811111;10240;10228
2922;17814604000;17691811111;17891811111;10240;10228
2923;17814847000;17691811111;17891811111;10240;10228
2924;17814853000;17691811111;17891811111;10240;10228
2925;17815090000;17691811111;17891811111;10240;10228
2926;17855468000;17733544444;17933544444;10240;10228
2927;17855720000;17733544444;17933544444;10240;10228
2928;17855730000;17733544444;17933544444;10240;10228
2929;17855737000;17733544444;17933544444;10240;10228
2930;17855968000;17733544444;17933544444;10240;10228
2931;17855976000;17733544444;17933544444;10240;10228
2932;17856212000;17733544444;17933544444;10240;10228
2933;17856219000;17733544444;17933544444;10240;10228
2934;17856462000;17733544444;17933544444;10240;10228
2935;17856469000;17733544444;17933544444;10240;10228
2936;17856719000;17733544444;17933544444;10240;10228
2937;17897139000;17775155555;17975155555;10240;10228
2938;17897384000;17775155555;17975155555;10240;10228
2939;17897394000;17775155555;17975155555;10240;10228
2940;17897400000;17775155555;17975155555;10240;10228
2941;17897639000;17775155555;17975155555;10240;10228
2942;17897648000;17775155555;17975155555;10240;10228
2943;17897888000;17775155555;17975155555;10240;10228
2944;17897895000;17775155555;17975155555;10240;10228
2945;17898133000;17775155555;17975155555;10240;10228
2946;17898140000;17775155555;17975155555;10240;10228
2947;17898384000;17775155555;17975155555;10240;10228
2948;17938846000;17816788888;18016788888;10240;10228
2949;17938857000;17816788888;18016788888;10240;10228
2950;17939095000;17816788888;18016788888;10240;10228
2951;17939104000;17816788888;18016788888;10240;10228
2952;17939339000;17816788888;18016788888;10240;10228
2953;17939346000;17816788888;18016788888;10240;10228
2954;17939588000;17816788888;18016788888;10240;10228
2955;17939603000;17816788888;18016788888;10240;10228
2956;17939876000;17816788888;18016788888;10240;10228
2957;17939890000;17816788888;18016788888;10240;10228
2960;17980490000;17858511111;18058511111;10240;10228
2961;17980533000;17858511111;18058511111;10240;10228
2962;17980763000;17858511111;18058511111;10240;10228
2963;17980778000;17858511111;18058511111;10240;10228
2964;17981018000;17858511111;18058511111;10240;10228
2965;17981033000;17858511111;18058511111;10240;10228
2966;17981224000;17858511111;18058511111;10240;10228
2967;17981234000;17858511111;18058511111;10240;10228
2968;17981476000;17858511111;18058511111;10240;10228
2969;17981485000;17858511111;18058511111;10240;10228
2970;18022143000;17900188888;18100188888;10240;10228
2971;18022156000;17900188888;18100188888;10240;10228
2972;18022413000;17900188888;18100188888;10240;10228
2973;18022424000;17900188888;18100188888;10240;10228
2974;18022673000;17900188888;18100188888;10240;10228
2975;18022687000;17900188888;18100188888;10240;10228
2976;18022927000;17900188888;18100188888;10240;10228
2977;18022941000;17900188888;18100188888;10240;10228
2978;18023168000;17900188888;18100188888;10240;10228
2980;18023178000;17900188888;18100188888;10240;10228
2981;18063789000;17941811111;18141811111;10240;10228
2982;18063805000;17941811111;18141811111;10240;10228
2983;18064038000;17941811111;18141811111;10240;10228
2984;18064054000;17941811111;18141811111;10240;10228
2985;18064280000;17941811111;18141811111;10240;10228
2986;18064291000;17941811111;18141811111;10240;10228
2987;18064539000;17941811111;18141811111;10240;10228
2988;18064560000;17941811111;18141811111;10240;10228
2989;18064790000;17941811111;18141811111;10240;10228
2990;18064805000;17941811111;18141811111;10240;10228
2991;18065030000;17941811111;18141811111;10240;10228
2992;18105482000;17983477777;18183477777;10240;10228
2993;18105497000;17983477777;18183477777;10240;10228
2994;18105734000;17983477777;18183477777;10240;10228
2995;18105752000;17983477777;18183477777;10240;10228
2997;18105936000;17983477777;18183477777;10240;10228
2998;18105947000;17983477777;18183477777;10240;10228
2999;18106214000;17983477777;18183477777;10240;10228
3000;18106224000;17983477777;18183477777;10240;10228
3001;18106480000;17983477777;18183477777;10240;10228
3002;18106500000;17983477777;18183477777;10240;10228
3003;18147149000;18025166666;18225166666;10240;10228
3004;18147163000;18025166666;18225166666;10240;10228
3005;18147394000;18025166666;18225166666;10240;10228
3006;18147406000;18025166666;18225166666;10240;10228
3007;18147648000;18025166666;18225166666;10240;10228
3008;18147662000;18025166666;18225166666;10240;10228
3009;18147899000;18025166666;18225166666;10240;10228
3010;18147913000;18025166666;18225166666;10240;10228
3011;18148110000;18025166666;18225166666;10240;10228
3012;18148119000;18025166666;18225166666;10240;10228
3013;18148404000;18025166666;18225166666;10240;10228
3014;18188821000;18066766666;18266766666;10240;10228
3015;18188838000;18066766666;18266766666;10240;10228
3016;18189063000;18066766666;18266766666;10240;10228
3017;18189073000;18066766666;18266766666;10240;10228
3018;18189323000;18066766666;18266766666;10240;10228
3019;18189342000;18066766666;18266766666;10240;10228
3020;18189555000;18066766666;18266766666;10240;10228
3021;18189575000;18066766666;18266766666;10240;10228
3022;18189826000;18066766666;18266766666;10240;10228
3023;18189840000;18066766666;18266766666;10240;10228
3024;18190064000;18066766666;18266766666;10240;10228
3025;18230502000;18108500000;18308500000;10240;10228
3026;18230549000;18108500000;18308500000;10240;10228
3027;18230751000;18108500000;18308500000;10240;10228
3028;18230767000;18108500000;18308500000;10240;10228
3029;18230996000;18108500000;18308500000;10240;10228
3030;18231010000;18108500000;18308500000;10240;10228
3031;18231237000;18108500000;18308500000;10240;10228
3032;18231248000;18108500000;18308500000;10240;10228
3033;18231504000;18108500000;18308500000;10240;10228
3034;18231530000;18108500000;18308500000;10240;10228
3035;18231755000;18108500000;18308500000;10240;10228
3036;18272152000;18150177777;18350177777;10240;10228
3037;18272166000;18150177777;18350177777;10240;10228
3038;18272395000;18150177777;18350177777;10240;10228
3039;18272406000;18150177777;18350177777;10240;10228
3041;18272607000;18150177777;18350177777;10240;10228
3042;18272618000;18150177777;18350177777;10240;10228
3043;18272857000;18150177777;18350177777;10240;10228
3044;18272866000;18150177777;18350177777;10240;10228
3045;18273153000;18150177777;18350177777;10240;10228
3046;18273172000;18150177777;18350177777;10240;10228
3047;18313902000;18191800000;18391800000;10240;10228
3048;18313921000;18191800000;18391800000;10240;10228
3049;18314148000;18191800000;18391800000;10240;10228
3051;18314167000;18191800000;18391800000;10240;10228
3052;18314366000;18191800000;18391800000;10240;10228
3053;18314372000;18191800000;18391800000;10240;10228
3054;18314659000;18191800000;18391800000;10240;10228
3055;18314677000;18191800000;18391800000;10240;10228
3057;18314911000;18191800000;18391800000;10240;10228
3058;18355519000;18233511111;18433511111;10240;10228
3059;18355531000;18233511111;18433511111;10240;10228
3060;18355807000;18233511111;18433511111;10240;10228
3061;18355826000;18233511111;18433511111;10240;10228
3062;18356012000;18233511111;18433511111;10240;10228
3063;18356021000;18233511111;18433511111;10240;10228
3064;18356210000;18233511111;18433511111;10240;10228
3065;18356216000;18233511111;18433511111;10240;10228
3066;18356527000;18233511111;18433511111;10240;10228
3067;18356546000;18233511111;18433511111;10240;10228
3068;18356817000;18233511111;18433511111;10240;10228
3069;18397156000;18275177777;18475177777;10240;10228
3070;18397169000;18275177777;18475177777;10240;10228
3071;18397391000;18275177777;18475177777;10240;10228
3072;18397398000;18275177777;18475177777;10240;10228
3073;18397648000;18275177777;18475177777;10240;10228
3074;18397662000;18275177777;18475177777;10240;10228
3075;18397898000;18275177777;18475177777;10240;10228
3076;18397911000;18275177777;18475177777;10240;10228
3077;18398142000;18275177777;18475177777;10240;10228
3078;18398149000;18275177777;18475177777;10240;10228
3079;18398392000;18275177777;18475177777;10240;10228
3080;18438822000;18316811111;18516811111;10240;10228
3081;18438835000;18316811111;18516811111;10240;10228
3082;18439073000;18316811111;18516811111;10240;10228
3083;18439088000;18316811111;18516811111;10240;10228
3084;18439316000;18316811111;18516811111;10240;10228
3085;18439323000;18316811111;18516811111;10240;10228
3086;18439590000;18316811111;18516811111;10240;10228
3087;18439606000;18316811111;18516811111;10240;10228
3088;18439825000;18316811111;18516811111;10240;10228
3089;18439838000;18316811111;18516811111;10240;10228
3090;18440068000;18316811111;18516811111;10240;10228
3091;18480483000;18358500000;18558500000;10240;10228
3092;18480733000;18358500000;18558500000;10240;10228
3093;18480747000;18358500000;18558500000;10240;10228
3094;18480754000;18358500000;18558500000;10240;10228
3095;18480983000;18358500000;18558500000;10240;10228
3096;18480997000;18358500000;18558500000;10240;10228
3097;18481227000;18358500000;18558500000;10240;10228
3098;18481234000;18358500000;18558500000;10240;10228
3101;18481476000;18358500000;18558500000;10240;10228
3102;18522149000;18400133333;18600133333;10240;10228
3103;18522160000;18400133333;18600133333;10240;10228
3104;18522390000;18400133333;18600133333;10240;10228
3105;18522398000;18400133333;18600133333;10240;10228
3106;18522646000;18400133333;18600133333;10240;10228
3107;18522662000;18400133333;18600133333;10240;10228
3108;18522897000;18400133333;18600133333;10240;10228
3109;18522912000;18400133333;18600133333;10240;10228
3110;18523140000;18400133333;18600133333;10240;10228
3112;18523166000;18400133333;18600133333;10240;10228
3113;18563824000;18441800000;18641800000;10240;10228
3114;18563836000;18441800000;18641800000;10240;10228
3115;18564075000;18441800000;18641800000;10240;10228
3116;18564088000;18441800000;18641800000;10240;10228
3117;18564319000;18441800000;18641800000;10240;10228
3118;18564325000;18441800000;18641800000;10240;10228
3119;18564607000;18441800000;18641800000;10240;10228
3120;18564621000;18441800000;18641800000;10240;10228
3121;18564827000;18441800000;18641800000;10240;10228
3122;18564839000;18441800000;18641800000;10240;10228
3123;18565069000;18441800000;18641800000;10240;10228
3124;18605493000;18483522222;18683522222;10240;10228
3125;18605742000;18483522222;18683522222;10240;10228
3126;18605759000;18483522222;18683522222;10240;10228
3127;18605765000;18483522222;18683522222;10240;10228
3128;18605993000;18483522222;18683522222;10240;10228
3129;18606007000;18483522222;18683522222;10240;10228
3130;18606241000;18483522222;18683522222;10240;10228
3132;18606248000;18483522222;18683522222;10240;10228
3133;18606491000;18483522222;18683522222;10240;10228
3134;18606498000;18483522222;18683522222;10240;10228
3135;18647149000;18525166666;18725166666;10240;10228
3136;18647158000;18525166666;18725166666;10240;10228
3137;18647391000;18525166666;18725166666;10240;10228
3138;18647397000;18525166666;18725166666;10240;10228
3139;18647645000;18525166666;18725166666;10240;10228
3140;18647663000;18525166666;18725166666;10240;10228
3141;18647896000;18525166666;18725166666;10240;10228
3142;18647911000;18525166666;18725166666;10240;10228
3143;18648140000;18525166666;18725166666;10240;10228
3144;18648147000;18525166666;18725166666;10240;10228
3145;18648390000;18525166666;18725166666;10240;10228
3146;18688826000;18566788888;18766788888;10240;10228
3147;18688838000;18566788888;18766788888;10240;10228
3148;18689076000;18566788888;18766788888;10240;10228
3151;18689089000;18566788888;18766788888;10240;10228
3152;18689323000;18566788888;18766788888;10240;10228
3153;18689330000;18566788888;18766788888;10240;10228
3154;18689612000;18566788888;18766788888;10240;10228
3155;18689626000;18566788888;18766788888;10240;10228
3156;18689825000;18566788888;18766788888;10240;10228
3157;18730469000;18608522222;18808522222;10240;10228
3158;18730716000;18608522222;18808522222;10240;10228
3159;18730731000;18608522222;18808522222;10240;10228
3160;18730737000;18608522222;18808522222;10240;10228
3161;18730967000;18608522222;18808522222;10240;10228
3162;18730981000;18608522222;18808522222;10240;10228
3164;18731211000;18608522222;18808522222;10240;10228
3165;18731218000;18608522222;18808522222;10240;10228
3167;18731462000;18608522222;18808522222;10240;10228
3169;18772158000;18650177777;18850177777;10240;10228
3170;18772171000;18650177777;18850177777;10240;10228
3173;18772398000;18650177777;18850177777;10240;10228
3174;18772406000;18650177777;18850177777;10240;10228
3175;18772654000;18650177777;18850177777;10240;10228
3176;18772667000;18650177777;18850177777;10240;10228
3177;18772904000;18650177777;18850177777;10240;10228
3178;18772921000;18650177777;18850177777;10240;10228
3179;18813823000;18691800000;18891800000;10240;10228
3180;18813832000;18691800000;18891800000;10240;10228
3181;18814072000;18691800000;18891800000;10240;10228
3182;18814083000;18691800000;18891800000;10240;10228
3183;18814314000;18691800000;18891800000;10240;10228
3184;18814322000;18691800000;18891800000;10240;10228
3185;18814583000;18691800000;18891800000;10240;10228
3186;18814597000;18691800000;18891800000;10240;10228
3189;18814821000;18691800000;18891800000;10240;10228
3190;18855493000;18733522222;18933522222;10240;10228
3191;18855504000;18733522222;18933522222;10240;10228
3192;18855744000;18733522222;18933522222;10240;10228
3193;18855757000;18733522222;18933522222;10240;10228
3194;18855993000;18733522222;18933522222;10240;10228
3195;18856008000;18733522222;18933522222;10240;10228
3196;18856237000;18733522222;18933522222;10240;10228
3197;18856244000;18733522222;18933522222;10240;10228
3198;18856486000;18733522222;18933522222;10240;10228
3199;18856502000;18733522222;18933522222;10240;10228
3200;18856744000;18733522222;18933522222;10240;10228
3201;18897135000;18775144444;18975144444;10240;10228
3202;18897376000;18775144444;18975144444;10240;10228
3203;18897384000;18775144444;18975144444;10240;10228
3204;18897390000;18775144444;18975144444;10240;10228
3205;18897634000;18775144444;18975144444;10240;10228
3206;18897646000;18775144444;18975144444;10240;10228
3207;18897884000;18775144444;18975144444;10240;10228
3208;18897898000;18775144444;18975144444;10240;10228
3209;18898128000;18775144444;18975144444;10240;10228
3210;18898134000;18775144444;18975144444;10240;10228
3211;18898376000;18775144444;18975144444;10240;10228
3212;18938822000;18816800000;19016800000;10240;10228
3213;18938834000;18816800000;19016800000;10240;10228
3214;18939072000;18816800000;19016800000;10240;10228
3215;18939089000;18816800000;19016800000;10240;10228
3216;18939316000;18816800000;19016800000;10240;10228
3217;18939323000;18816800000;19016800000;10240;10228
3218;18939583000;18816800000;19016800000;10240;10228
3219;18939598000;18816800000;19016800000;10240;10228
3220;18939824000;18816800000;19016800000;10240;10228
3221;18939837000;18816800000;19016800000;10240;10228
3222;18940068000;18816800000;19016800000;10240;10228
3223;18980499000;18858511111;19058511111;10240;10228
3224;18980532000;18858511111;19058511111;10240;10228
3225;18980743000;18858511111;19058511111;10240;10228
3226;18980756000;18858511111;19058511111;10240;10228
3227;18980955000;18858511111;19058511111;10240;10228
3228;18980964000;18858511111;19058511111;10240;10228
3229;18981235000;18858511111;19058511111;10240;10228
3230;18981243000;18858511111;19058511111;10240;10228
3231;18981502000;18858511111;19058511111;10240;10228
3232;18981527000;18858511111;19058511111;10240;10228
3233;18981752000;18858511111;19058511111;10240;10228
3234;19022156000;18900155555;19100155555;10240;10228
3235;19022170000;18900155555;19100155555;10240;10228
3236;19022393000;18900155555;19100155555;10240;10228
3237;19022403000;18900155555;19100155555;10240;10228
3238;19022648000;18900155555;19100155555;10240;10228
3239;19022661000;18900155555;19100155555;10240;10228
3240;19022898000;18900155555;19100155555;10240;10228
3241;19022911000;18900155555;19100155555;10240;10228
3242;19023112000;18900155555;19100155555;10240;10228
3243;19023121000;18900155555;19100155555;10240;10228
3244;19023405000;18900155555;19100155555;10240;10228
3245;19063844000;18941822222;19141822222;10240;10228
3246;19063858000;18941822222;19141822222;10240;10228
3247;19064093000;18941822222;19141822222;10240;10228
3248;19064107000;18941822222;19141822222;10240;10228
3249;19064334000;18941822222;19141822222;10240;10228
3250;19064344000;18941822222;19141822222;10240;10228
3251;19064558000;18941822222;19141822222;10240;10228
3252;19064569000;18941822222;19141822222;10240;10228
3253;19064849000;18941822222;19141822222;10240;10228
3254;19064861000;18941822222;19141822222;10240;10228
3255;19065084000;18941822222;19141822222;10240;10228
3256;19105488000;18983533333;19183533333;10240;10228
3257;19105502000;18983533333;19183533333;10240;10228
3258;19105740000;18983533333;19183533333;10240;10228
3259;19105754000;18983533333;19183533333;10240;10228
3260;19105982000;18983533333;19183533333;10240;10228
3261;19105996000;18983533333;19183533333;10240;10228
3262;19106224000;18983533333;19183533333;10240;10228
3263;19106235000;18983533333;19183533333;10240;10228
3264;19106478000;18983533333;19183533333;10240;10228
3265;19106488000;18983533333;19183533333;10240;10228
3266;19106739000;18983533333;19183533333;10240;10228
3267;19147140000;19025166666;19225166666;10240;10228
3268;19147154000;19025166666;19225166666;10240;10228
3269;19147380000;19025166666;19225166666;10240;10228
3270;19147392000;19025166666;19225166666;10240;10228
3271;19147594000;19025166666;19225166666;10240;10228
3272;19147605000;19025166666;19225166666;10240;10228
3273;19147883000;19025166666;19225166666;10240;10228
3274;19147897000;19025166666;19225166666;10240;10228
3275;19148131000;19025166666;19225166666;10240;10228
3276;19148141000;19025166666;19225166666;10240;10228
3277;19148383000;19025166666;19225166666;10240;10228
3278;19188829000;19066788888;19266788888;10240;10228
3279;19188843000;19066788888;19266788888;10240;10228
3280;19189109000;19066788888;19266788888;10240;10228
3281;19189123000;19066788888;19266788888;10240;10228
3282;19189357000;19066788888;19266788888;10240;10228
3283;19189368000;19066788888;19266788888;10240;10228
3284;19189580000;19066788888;19266788888;10240;10228
3285;19189591000;19066788888;19266788888;10240;10228
3286;19189866000;19066788888;19266788888;10240;10228
3287;19189882000;19066788888;19266788888;10240;10228
3288;19189889000;19066788888;19266788888;10240;10228
3289;19230490000;19108511111;19308511111;10240;10228
3290;19230503000;19108511111;19308511111;10240;10228
3291;19230741000;19108511111;19308511111;10240;10228
3292;19230756000;19108511111;19308511111;10240;10228
3293;19230984000;19108511111;19308511111;10240;10228
3294;19230999000;19108511111;19308511111;10240;10228
3295;19231224000;19108511111;19308511111;10240;10228
3296;19231235000;19108511111;19308511111;10240;10228
3297;19231491000;19108511111;19308511111;10240;10228
3298;19231510000;19108511111;19308511111;10240;10228
3299;19231740000;19108511111;19308511111;10240;10228
3300;19272152000;19150177777;19350177777;10240;10228
3302;19272165000;19150177777;19350177777;10240;10228
3303;19272388000;19150177777;19350177777;10240;10228
3304;19272398000;19150177777;19350177777;10240;10228
3305;19272603000;19150177777;19350177777;10240;10228
3307;19272614000;19150177777;19350177777;10240;10228
3308;19272862000;19150177777;19350177777;10240;10228
3309;19272881000;19150177777;19350177777;10240;10228
3310;19273146000;19150177777;19350177777;10240;10228
3311;19313821000;19191822222;19391822222;10240;10228
3312;19313835000;19191822222;19391822222;10240;10228
3313;19314068000;19191822222;19391822222;10240;10228
3314;19314081000;19191822222;19391822222;10240;10228
3315;19314307000;19191822222;19391822222;10240;10228
3316;19314319000;19191822222;19391822222;10240;10228
3317;19314612000;19191822222;19391822222;10240;10228
3318;19314622000;19191822222;19391822222;10240;10228
3319;19314818000;19191822222;19391822222;10240;10228
3320;19314834000;19191822222;19391822222;10240;10228
3321;19315057000;19191822222;19391822222;10240;10228
3322;19355499000;19233500000;19433500000;10240;10228
3323;19355521000;19233500000;19433500000;10240;10228
3324;19355747000;19233500000;19433500000;10240;10228
3325;19355761000;19233500000;19433500000;10240;10228
3326;19355998000;19233500000;19433500000;10240;10228
3327;19356011000;19233500000;19433500000;10240;10228
3328;19356230000;19233500000;19433500000;10240;10228
3329;19356240000;19233500000;19433500000;10240;10228
3330;19356485000;19233500000;19433500000;10240;10228
3331;19356495000;19233500000;19433500000;10240;10228
3332;19356699000;19233500000;19433500000;10240;10228
3333;19397153000;19275177777;19475177777;10240;10228
3334;19397166000;19275177777;19475177777;10240;10228
3335;19397391000;19275177777;19475177777;10240;10228
3336;19397402000;19275177777;19475177777;10240;10228
3338;19397652000;19275177777;19475177777;10240;10228
3339;19397666000;19275177777;19475177777;10240;10228
3340;19397897000;19275177777;19475177777;10240;10228
3341;19397910000;19275177777;19475177777;10240;10228
3342;19398142000;19275177777;19475177777;10240;10228
3343;19398153000;19275177777;19475177777;10240;10228
3344;19438841000;19316822222;19516822222;10240;10228
3345;19438856000;19316822222;19516822222;10240;10228
3346;19439086000;19316822222;19516822222;10240;10228
3347;19439102000;19316822222;19516822222;10240;10228
3348;19439326000;19316822222;19516822222;10240;10228
3349;19439338000;19316822222;19516822222;10240;10228
3350;19439558000;19316822222;19516822222;10240;10228
3351;19439568000;19316822222;19516822222;10240;10228
3352;19439808000;19316822222;19516822222;10240;10228
3353;19439827000;19316822222;19516822222;10240;10228
3354;19440091000;19316822222;19516822222;10240;10228
3355;19480499000;19358511111;19558511111;10240;10228
3356;19480522000;19358511111;19558511111;10240;10228
3357;19480749000;19358511111;19558511111;10240;10228
3358;19480765000;19358511111;19558511111;10240;10228
3359;19480993000;19358511111;19558511111;10240;10228
3360;19481009000;19358511111;19558511111;10240;10228
3361;19481237000;19358511111;19558511111;10240;10228
3362;19481250000;19358511111;19558511111;10240;10228
3363;19481490000;19358511111;19558511111;10240;10228
3364;19481502000;19358511111;19558511111;10240;10228
3365;19481751000;19358511111;19558511111;10240;10228
3366;19522154000;19400188888;19600188888;10240;10228
3367;19522168000;19400188888;19600188888;10240;10228
3368;19522394000;19400188888;19600188888;10240;10228
3369;19522405000;19400188888;19600188888;10240;10228
3370;19522606000;19400188888;19600188888;10240;10228
3371;19522616000;19400188888;19600188888;10240;10228
3372;19522897000;19400188888;19600188888;10240;10228
3375;19522912000;19400188888;19600188888;10240;10228
3376;19523143000;19400188888;19600188888;10240;10228
3377;19563893000;19441811111;19641811111;10240;10228
3379;19563912000;19441811111;19641811111;10240;10228
3380;19564140000;19441811111;19641811111;10240;10228
3382;19564159000;19441811111;19641811111;10240;10228
3383;19564361000;19441811111;19641811111;10240;10228
3384;19564367000;19441811111;19641811111;10240;10228
3385;19564634000;19441811111;19641811111;10240;10228
3386;19564654000;19441811111;19641811111;10240;10228
3387;19564901000;19441811111;19641811111;10240;10228
3388;19605561000;19483533333;19683533333;10240;10228
3389;19605580000;19483533333;19683533333;10240;10228
3390;19605807000;19483533333;19683533333;10240;10228
3391;19605826000;19483533333;19683533333;10240;10228
3392;19606066000;19483533333;19683533333;10240;10228
3393;19606085000;19483533333;19683533333;10240;10228
3394;19606211000;19483533333;19683533333;10240;10228
3395;19606217000;19483533333;19683533333;10240;10228
3396;19606559000;19483533333;19683533333;10240;10228
3397;19606577000;19483533333;19683533333;10240;10228
3398;19606760000;19483533333;19683533333;10240;10228
3399;19647148000;19525177777;19725177777;10240;10228
3400;19647159000;19525177777;19725177777;10240;10228
3401;19647392000;19525177777;19725177777;10240;10228
3402;19647398000;19525177777;19725177777;10240;10228
3403;19647647000;19525177777;19725177777;10240;10228
3404;19647663000;19525177777;19725177777;10240;10228
3405;19647897000;19525177777;19725177777;10240;10228
3406;19647913000;19525177777;19725177777;10240;10228
3407;19648152000;19525177777;19725177777;10240;10228
3408;19648159000;19525177777;19725177777;10240;10228
3409;19648392000;19525177777;19725177777;10240;10228
3410;19688822000;19566800000;19766800000;10240;10228
3411;19688834000;19566800000;19766800000;10240;10228
3412;19689072000;19566800000;19766800000;10240;10228
3413;19689087000;19566800000;19766800000;10240;10228
3414;19689318000;19566800000;19766800000;10240;10228
3415;19689324000;19566800000;19766800000;10240;10228
3416;19689615000;19566800000;19766800000;10240;10228
3417;19689628000;19566800000;19766800000;10240;10228
3418;19689824000;19566800000;19766800000;10240;10228
3419;19689838000;19566800000;19766800000;10240;10228
3420;19690067000;19566800000;19766800000;10240;10228
3421;19730480000;19608544444;19808544444;10240;10228
3422;19730732000;19608544444;19808544444;10240;10228
3423;19730743000;19608544444;19808544444;10240;10228
3424;19730749000;19608544444;19808544444;10240;10228
3425;19730979000;19608544444;19808544444;10240;10228
3426;19730986000;19608544444;19808544444;10240;10228
3427;19731224000;19608544444;19808544444;10240;10228
3428;19731231000;19608544444;19808544444;10240;10228
3429;19731476000;19608544444;19808544444;10240;10228
3430;19731483000;19608544444;19808544444;10240;10228
3431;19731732000;19608544444;19808544444;10240;10228
3432;19772155000;19650177777;19850177777;10240;10228
3433;19772180000;19650177777;19850177777;10240;10228
3434;19772394000;19650177777;19850177777;10240;10228
3435;19772402000;19650177777;19850177777;10240;10228
3436;19772648000;19650177777;19850177777;10240;10228
3437;19772655000;19650177777;19850177777;10240;10228
3438;19772902000;19650177777;19850177777;10240;10228
3439;19772909000;19650177777;19850177777;10240;10228
3440;19773149000;19650177777;19850177777;10240;10228
3441;19773158000;19650177777;19850177777;10240;10228
3442;19773395000;19650177777;19850177777;10240;10228
3443;19813842000;19691811111;19891811111;10240;10228
3444;19813852000;19691811111;19891811111;10240;10228
3445;19814083000;19691811111;19891811111;10240;10228
3447;19814091000;19691811111;19891811111;10240;10228
3448;19814333000;19691811111;19891811111;10240;10228
3449;19814341000;19691811111;19891811111;10240;10228
3450;19814609000;19691811111;19891811111;10240;10228
3451;19814626000;19691811111;19891811111;10240;10228
3452;19814841000;19691811111;19891811111;10240;10228
3453;19814855000;19691811111;19891811111;10240;10228
3454;19855477000;19733533333;19933533333;10240;10228
3455;19855489000;19733533333;19933533333;10240;10228
3456;19855727000;19733533333;19933533333;10240;10228
3457;19855741000;19733533333;19933533333;10240;10228
3458;19855977000;19733533333;19933533333;10240;10228
3459;19855991000;19733533333;19933533333;10240;10228
3460;19856223000;19733533333;19933533333;10240;10228
3461;19856229000;19733533333;19933533333;10240;10228
3462;19856470000;19733533333;19933533333;10240;10228
3463;19856477000;19733533333;19933533333;10240;10228
3464;19856727000;19733533333;19933533333;10240;10228
3465;19897134000;19775166666;19975166666;10240;10228
3466;19897376000;19775166666;19975166666;10240;10228
3467;19897384000;19775166666;19975166666;10240;10228
3468;19897390000;19775166666;19975166666;10240;10228
3469;19897635000;19775166666;19975166666;10240;10228
3470;19897651000;19775166666;19975166666;10240;10228
3471;19897885000;19775166666;19975166666;10240;10228
3472;19897898000;19775166666;19975166666;10240;10228
3473;19898129000;19775166666;19975166666;10240;10228
3474;19898136000;19775166666;19975166666;10240;10228
3475;19898377000;19775166666;19975166666;10240;10228
3476;19938797000;19816800000;20016800000;10240;10228
3477;19938811000;19816800000;20016800000;10240;10228
3478;19939046000;19816800000;20016800000;10240;10228
3479;19939063000;19816800000;20016800000;10240;10228
3480;19939295000;19816800000;20016800000;10240;10228
3481;19939301000;19816800000;20016800000;10240;10228
3482;19939559000;19816800000;20016800000;10240;10228
3483;19939580000;19816800000;20016800000;10240;10228
3484;19939799000;19816800000;20016800000;10240;10228
3485;19939813000;19816800000;20016800000;10240;10228
3486;19940048000;19816800000;20016800000;10240;10228
3487;19980562000;19858500000;20058500000;10240;10228
3488;19980583000;19858500000;20058500000;10240;10228
3489;19980805000;19858500000;20058500000;10240;10228
3490;19980824000;19858500000;20058500000;10240;10228
3491;19981055000;19858500000;20058500000;10240;10228
3492;19981075000;19858500000;20058500000;10240;10228
3493;19981217000;19858500000;20058500000;10240;10228
3494;19981223000;19858500000;20058500000;10240;10228
3496;19981557000;19858500000;20058500000;10240;10228
3497;19981568000;19858500000;20058500000;10240;10228
3498;20022154000;19900166666;20100166666;10240;10228
3499;20022167000;19900166666;20100166666;10240;10228
3500;20022395000;19900166666;20100166666;10240;10228
3501;20022406000;19900166666;20100166666;10240;10228
3502;20022646000;19900166666;20100166666;10240;10228
3503;20022662000;19900166666;20100166666;10240;10228
3504;20022897000;19900166666;20100166666;10240;10228
3505;20022911000;19900166666;20100166666;10240;10228
3506;20023144000;19900166666;20100166666;10240;10228
3507;20023155000;19900166666;20100166666;10240;10228
3508;20023393000;19900166666;20100166666;10240;10228
3509;20063827000;19941822222;20141822222;10240;10228
3510;20063841000;19941822222;20141822222;10240;10228
3511;20064066000;19941822222;20141822222;10240;10228
3512;20064076000;19941822222;20141822222;10240;10228
3513;20064315000;19941822222;20141822222;10240;10228
3514;20064325000;19941822222;20141822222;10240;10228
3515;20064586000;19941822222;20141822222;10240;10228
3516;20064596000;19941822222;20141822222;10240;10228
3517;20064818000;19941822222;20141822222;10240;10228
3518;20064829000;19941822222;20141822222;10240;10228
3519;20065063000;19941822222;20141822222;10240;10228
3520;20105502000;19983522222;20183522222;10240;10228
3521;20105523000;19983522222;20183522222;10240;10228
3522;20105753000;19983522222;20183522222;10240;10228
3523;20105768000;19983522222;20183522222;10240;10228
3524;20105997000;19983522222;20183522222;10240;10228
3525;20106010000;19983522222;20183522222;10240;10228
3526;20106237000;19983522222;20183522222;10240;10228
3527;20106247000;19983522222;20183522222;10240;10228
3528;20106501000;19983522222;20183522222;10240;10228
3529;20106540000;19983522222;20183522222;10240;10228
3530;20106752000;19983522222;20183522222;10240;10228
3531;20147163000;20025155555;20225155555;10240;10228
3532;20147174000;20025155555;20225155555;10240;10228
3533;20147403000;20025155555;20225155555;10240;10228
3534;20147412000;20025155555;20225155555;10240;10228
3536;20147616000;20025155555;20225155555;10240;10228
3537;20147625000;20025155555;20225155555;10240;10228
3538;20147876000;20025155555;20225155555;10240;10228
3539;20147893000;20025155555;20225155555;10240;10228
3540;20148161000;20025155555;20225155555;10240;10228
3541;20148179000;20025155555;20225155555;10240;10228
3542;20188850000;20066788888;20266788888;10240;10228
3543;20188865000;20066788888;20266788888;10240;10228
3544;20189086000;20066788888;20266788888;10240;10228
3545;20189099000;20066788888;20266788888;10240;10228
3546;20189342000;20066788888;20266788888;10240;10228
3547;20189354000;20066788888;20266788888;10240;10228
3548;20189581000;20066788888;20266788888;10240;10228
3549;20189602000;20066788888;20266788888;10240;10228
3550;20189855000;20066788888;20266788888;10240;10228
3551;20189871000;20066788888;20266788888;10240;10228
3552;20189879000;20066788888;20266788888;10240;10228
3553;20230489000;20108522222;20308522222;10240;10228
3554;20230502000;20108522222;20308522222;10240;10228
3555;20230794000;20108522222;20308522222;10240;10228
3556;20230809000;20108522222;20308522222;10240;10228
3557;20231024000;20108522222;20308522222;10240;10228
3558;20231039000;20108522222;20308522222;10240;10228
3559;20231231000;20108522222;20308522222;10240;10228
3560;20231243000;20108522222;20308522222;10240;10228
3561;20231481000;20108522222;20308522222;10240;10228
3562;20231491000;20108522222;20308522222;10240;10228
3563;20231774000;20108522222;20308522222;10240;10228
3564;20272151000;20150188888;20350188888;10240;10228
3565;20272164000;20150188888;20350188888;10240;10228
3567;20272391000;20150188888;20350188888;10240;10228
3568;20272401000;20150188888;20350188888;10240;10228
3569;20272650000;20150188888;20350188888;10240;10228
3570;20272666000;20150188888;20350188888;10240;10228
3571;20272892000;20150188888;20350188888;10240;10228
3572;20272907000;20150188888;20350188888;10240;10228
3573;20273105000;20150188888;20350188888;10240;10228
3574;20273116000;20150188888;20350188888;10240;10228
3575;20313825000;20191822222;20391822222;10240;10228
3576;20313842000;20191822222;20391822222;10240;10228
3577;20314076000;20191822222;20391822222;10240;10228
3578;20314091000;20191822222;20391822222;10240;10228
3579;20314319000;20191822222;20391822222;10240;10228
3580;20314331000;20191822222;20391822222;10240;10228
3581;20314590000;20191822222;20391822222;10240;10228
3582;20314610000;20191822222;20391822222;10240;10228
3583;20314827000;20191822222;20391822222;10240;10228
3584;20314842000;20191822222;20391822222;10240;10228
3585;20315067000;20191822222;20391822222;10240;10228
3586;20355507000;20233533333;20433533333;10240;10228
3587;20355532000;20233533333;20433533333;10240;10228
3588;20355755000;20233533333;20433533333;10240;10228
3589;20355771000;20233533333;20433533333;10240;10228
3590;20355963000;20233533333;20433533333;10240;10228
3591;20355974000;20233533333;20433533333;10240;10228
3592;20356222000;20233533333;20433533333;10240;10228
3593;20356243000;20233533333;20433533333;10240;10228
3594;20356507000;20233533333;20433533333;10240;10228
3595;20356545000;20233533333;20433533333;10240;10228
3596;20356752000;20233533333;20433533333;10240;10228
3597;20397152000;20275188888;20475188888;10240;10228
3598;20397167000;20275188888;20475188888;10240;10228
3599;20397395000;20275188888;20475188888;10240;10228
3600;20397406000;20275188888;20475188888;10240;10228
3601;20397648000;20275188888;20475188888;10240;10228
3602;20397663000;20275188888;20475188888;10240;10228
3603;20397897000;20275188888;20475188888;10240;10228
3604;20397912000;20275188888;20475188888;10240;10228
3606;20398145000;20275188888;20475188888;10240;10228
3607;20398158000;20275188888;20475188888;10240;10228
3608;20438889000;20316822222;20516822222;10240;10228
3609;20438908000;20316822222;20516822222;10240;10228
3610;20439139000;20316822222;20516822222;10240;10228
3611;20439160000;20316822222;20516822222;10240;10228
3614;20439362000;20316822222;20516822222;10240;10228
3615;20439368000;20316822222;20516822222;10240;10228
3616;20439529000;20316822222;20516822222;10240;10228
3618;20439535000;20316822222;20516822222;10240;10228
3619;20480557000;20358522222;20558522222;10240;10228
3620;20480576000;20358522222;20558522222;10240;10228
3621;20480808000;20358522222;20558522222;10240;10228
3622;20480826000;20358522222;20558522222;10240;10228
3623;20481057000;20358522222;20558522222;10240;10228
3624;20481077000;20358522222;20558522222;10240;10228
3625;20481304000;20358522222;20558522222;10240;10228
3626;20481315000;20358522222;20558522222;10240;10228
3627;20481549000;20358522222;20558522222;10240;10228
3628;20481570000;20358522222;20558522222;10240;10228
3629;20481717000;20358522222;20558522222;10240;10228
3630;20522157000;20400166666;20600166666;10240;10228
3631;20522178000;20400166666;20600166666;10240;10228
3632;20522393000;20400166666;20600166666;10240;10228
3633;20522400000;20400166666;20600166666;10240;10228
3634;20522648000;20400166666;20600166666;10240;10228
3635;20522662000;20400166666;20600166666;10240;10228
3636;20522897000;20400166666;20600166666;10240;10228
3637;20522915000;20400166666;20600166666;10240;10228
3638;20523151000;20400166666;20600166666;10240;10228
3639;20523159000;20400166666;20600166666;10240;10228
3640;20523390000;20400166666;20600166666;10240;10228
3641;20563820000;20441811111;20641811111;10240;10228
3642;20563828000;20441811111;20641811111;10240;10228
3643;20564069000;20441811111;20641811111;10240;10228
3644;20564081000;20441811111;20641811111;10240;10228
3645;20564313000;20441811111;20641811111;10240;10228
3646;20564320000;20441811111;20641811111;10240;10228
3647;20564583000;20441811111;20641811111;10240;10228
3648;20564595000;20441811111;20641811111;10240;10228
3649;20564820000;20441811111;20641811111;10240;10228
3650;20564833000;20441811111;20641811111;10240;10228
3651;20565062000;20441811111;20641811111;10240;10228
3652;20605471000;20483533333;20683533333;10240;10228
3653;20605718000;20483533333;20683533333;10240;10228
3654;20605732000;20483533333;20683533333;10240;10228
3655;20605738000;20483533333;20683533333;10240;10228
3656;20605969000;20483533333;20683533333;10240;10228
3657;20605986000;20483533333;20683533333;10240;10228
3658;20606214000;20483533333;20683533333;10240;10228
3659;20606220000;20483533333;20683533333;10240;10228
3660;20606464000;20483533333;20683533333;10240;10228
3661;20606470000;20483533333;20683533333;10240;10228
3662;20606713000;20483533333;20683533333;10240;10228
3663;20647157000;20525166666;20725166666;10240;10228
3664;20647169000;20525166666;20725166666;10240;10228
3665;20647393000;20525166666;20725166666;10240;10228
3666;20647400000;20525166666;20725166666;10240;10228
3667;20647647000;20525166666;20725166666;10240;10228
3668;20647655000;20525166666;20725166666;10240;10228
3669;20647897000;20525166666;20725166666;10240;10228
3670;20647905000;20525166666;20725166666;10240;10228
3671;20648139000;20525166666;20725166666;10240;10228
3672;20648146000;20525166666;20725166666;10240;10228
3673;20648391000;20525166666;20725166666;10240;10228
3674;20688809000;20566811111;20766811111;10240;10228
3675;20689059000;20566811111;20766811111;10240;10228
3676;20689073000;20566811111;20766811111;10240;10228
3677;20689079000;20566811111;20766811111;10240;10228
3678;20689307000;20566811111;20766811111;10240;10228
3679;20689314000;20566811111;20766811111;10240;10228
3680;20689545000;20566811111;20766811111;10240;10228
3681;20689552000;20566811111;20766811111;10240;10228
3682;20689811000;20566811111;20766811111;10240;10228
3683;20689817000;20566811111;20766811111;10240;10228
3684;20690054000;20566811111;20766811111;10240;10228
3685;20730492000;20608533333;20808533333;10240;10228
3686;20730502000;20608533333;20808533333;10240;10228
3687;20730741000;20608533333;20808533333;10240;10228
3688;20730750000;20608533333;20808533333;10240;10228
3689;20730991000;20608533333;20808533333;10240;10228
3690;20730998000;20608533333;20808533333;10240;10228
3691;20731237000;20608533333;20808533333;10240;10228
3692;20731243000;20608533333;20808533333;10240;10228
3693;20731487000;20608533333;20808533333;10240;10228
3694;20731493000;20608533333;20808533333;10240;10228
3695;20731743000;20608533333;20808533333;10240;10228
3696;20772146000;20650166666;20850166666;10240;10228
3697;20772387000;20650166666;20850166666;10240;10228
3698;20772394000;20650166666;20850166666;10240;10228
3699;20772400000;20650166666;20850166666;10240;10228
3700;20772640000;20650166666;20850166666;10240;10228
3701;20772648000;20650166666;20850166666;10240;10228
3703;20772891000;20650166666;20850166666;10240;10228
3704;20772920000;20650166666;20850166666;10240;10228
3705;20773136000;20650166666;20850166666;10240;10228
3706;20773143000;20650166666;20850166666;10240;10228
3707;20813818000;20691822222;20891822222;10240;10228
3708;20813827000;20691822222;20891822222;10240;10228
3709;20814065000;20691822222;20891822222;10240;10228
3710;20814078000;20691822222;20891822222;10240;10228
3711;20814312000;20691822222;20891822222;10240;10228
3712;20814318000;20691822222;20891822222;10240;10228
3713;20814547000;20691822222;20891822222;10240;10228
3714;20814554000;20691822222;20891822222;10240;10228
3715;20814809000;20691822222;20891822222;10240;10228
3716;20814826000;20691822222;20891822222;10240;10228
3717;20815065000;20691822222;20891822222;10240;10228
3718;20855500000;20733488888;20933488888;10240;10228
3719;20855509000;20733488888;20933488888;10240;10228
3720;20855747000;20733488888;20933488888;10240;10228
3721;20855757000;20733488888;20933488888;10240;10228
3722;20855995000;20733488888;20933488888;10240;10228
3723;20856008000;20733488888;20933488888;10240;10228
3724;20856240000;20733488888;20933488888;10240;10228
3725;20856246000;20733488888;20933488888;10240;10228
3726;20856489000;20733488888;20933488888;10240;10228
3727;20856496000;20733488888;20933488888;10240;10228
3728;20856745000;20733488888;20933488888;10240;10228
3729;20897150000;20775166666;20975166666;10240;10228
3730;20897162000;20775166666;20975166666;10240;10228
3731;20897391000;20775166666;20975166666;10240;10228
3732;20897399000;20775166666;20975166666;10240;10228
3733;20897648000;20775166666;20975166666;10240;10228
3734;20897661000;20775166666;20975166666;10240;10228
3735;20897898000;20775166666;20975166666;10240;10228
3736;20897914000;20775166666;20975166666;10240;10228
3738;20898153000;20775166666;20975166666;10240;10228
3739;20898160000;20775166666;20975166666;10240;10228
3740;20938830000;20816788888;21016788888;10240;10228
3741;20938842000;20816788888;21016788888;10240;10228
3742;20939079000;20816788888;21016788888;10240;10228
3743;20939093000;20816788888;21016788888;10240;10228
3744;20939323000;20816788888;21016788888;10240;10228
3745;20939331000;20816788888;21016788888;10240;10228
3746;20939589000;20816788888;21016788888;10240;10228
3747;20939604000;20816788888;21016788888;10240;10228
3748;20939831000;20816788888;21016788888;10240;10228
3749;20939846000;20816788888;21016788888;10240;10228
3750;20940074000;20816788888;21016788888;10240;10228
3751;20980499000;20858522222;21058522222;10240;10228
3752;20980530000;20858522222;21058522222;10240;10228
3753;20980741000;20858522222;21058522222;10240;10228
3754;20980757000;20858522222;21058522222;10240;10228
3755;20980994000;20858522222;21058522222;10240;10228
3756;20981009000;20858522222;21058522222;10240;10228
3757;20981233000;20858522222;21058522222;10240;10228
3758;20981246000;20858522222;21058522222;10240;10228
3759;20981488000;20858522222;21058522222;10240;10228
3760;20981503000;20858522222;21058522222;10240;10228
3761;20981737000;20858522222;21058522222;10240;10228
3762;21022156000;20900188888;21100188888;10240;10228
3763;21022170000;20900188888;21100188888;10240;10228
3764;21022396000;20900188888;21100188888;10240;10228
3765;21022406000;20900188888;21100188888;10240;10228
3766;21022648000;20900188888;21100188888;10240;10228
3767;21022663000;20900188888;21100188888;10240;10228
3768;21022899000;20900188888;21100188888;10240;10228
3769;21022913000;20900188888;21100188888;10240;10228
3770;21023147000;20900188888;21100188888;10240;10228
3771;21023159000;20900188888;21100188888;10240;10228
3772;21023393000;20900188888;21100188888;10240;10228
3773;21063839000;20941811111;21141811111;10240;10228
3774;21063851000;20941811111;21141811111;10240;10228
3775;21064086000;20941811111;21141811111;10240;10228
3777;21064098000;20941811111;21141811111;10240;10228
3778;21064325000;20941811111;21141811111;10240;10228
3779;21064335000;20941811111;21141811111;10240;10228
3780;21064608000;20941811111;21141811111;10240;10228
3781;21064628000;20941811111;21141811111;10240;10228
3782;21064834000;20941811111;21141811111;10240;10228
3783;21064849000;20941811111;21141811111;10240;10228
3784;21105498000;20983511111;21183511111;10240;10228
3785;21105522000;20983511111;21183511111;10240;10228
3786;21105748000;20983511111;21183511111;10240;10228
3787;21105763000;20983511111;21183511111;10240;10228
3788;21105996000;20983511111;21183511111;10240;10228
3790;21106011000;20983511111;21183511111;10240;10228
3791;21106234000;20983511111;21183511111;10240;10228
3792;21106245000;20983511111;21183511111;10240;10228
3793;21106500000;20983511111;21183511111;10240;10228
3794;21106510000;20983511111;21183511111;10240;10228
3795;21147140000;21025166666;21225166666;10240;10228
3796;21147155000;21025166666;21225166666;10240;10228
3797;21147381000;21025166666;21225166666;10240;10228
3798;21147391000;21025166666;21225166666;10240;10228
3799;21147641000;21025166666;21225166666;10240;10228
3800;21147655000;21025166666;21225166666;10240;10228
3801;21147885000;21025166666;21225166666;10240;10228
3802;21147898000;21025166666;21225166666;10240;10228
3803;21148133000;21025166666;21225166666;10240;10228
3804;21148144000;21025166666;21225166666;10240;10228
3805;21148391000;21025166666;21225166666;10240;10228
3806;21188836000;21066777777;21266777777;10240;10228
3807;21188851000;21066777777;21266777777;10240;10228
3808;21189085000;21066777777;21266777777;10240;10228
3809;21189100000;21066777777;21266777777;10240;10228
3810;21189328000;21066777777;21266777777;10240;10228
3811;21189338000;21066777777;21266777777;10240;10228
3812;21189570000;21066777777;21266777777;10240;10228
3813;21189586000;21066777777;21266777777;10240;10228
3814;21189829000;21066777777;21266777777;10240;10228
3815;21189839000;21066777777;21266777777;10240;10228
3816;21190076000;21066777777;21266777777;10240;10228
3817;21230490000;21108533333;21308533333;10240;10228
3818;21230506000;21108533333;21308533333;10240;10228
3819;21230725000;21108533333;21308533333;10240;10228
3820;21230736000;21108533333;21308533333;10240;10228
3821;21230983000;21108533333;21308533333;10240;10228
3822;21230998000;21108533333;21308533333;10240;10228
3823;21231227000;21108533333;21308533333;10240;10228
3824;21231237000;21108533333;21308533333;10240;10228
3825;21231493000;21108533333;21308533333;10240;10228
3826;21231516000;21108533333;21308533333;10240;10228
3827;21231736000;21108533333;21308533333;10240;10228
3828;21272152000;21150166666;21350166666;10240;10228
3829;21272166000;21150166666;21350166666;10240;10228
3830;21272393000;21150166666;21350166666;10240;10228
3831;21272404000;21150166666;21350166666;10240;10228
3832;21272647000;21150166666;21350166666;10240;10228
3833;21272661000;21150166666;21350166666;10240;10228
3834;21272896000;21150166666;21350166666;10240;10228
3835;21272910000;21150166666;21350166666;10240;10228
3836;21273149000;21150166666;21350166666;10240;10228
3837;21273178000;21150166666;21350166666;10240;10228
3838;21273391000;21150166666;21350166666;10240;10228
3839;21313889000;21191800000;21391800000;10240;10228
3840;21313909000;21191800000;21391800000;10240;10228
3841;21314135000;21191800000;21391800000;10240;10228
3842;21314156000;21191800000;21391800000;10240;10228
3843;21314357000;21191800000;21391800000;10240;10228
3845;21314364000;21191800000;21391800000;10240;10228
3846;21314635000;21191800000;21391800000;10240;10228
3847;21314654000;21191800000;21391800000;10240;10228
3848;21314886000;21191800000;21391800000;10240;10228
3849;21314906000;21191800000;21391800000;10240;10228
3850;21355552000;21233522222;21433522222;10240;10228
3851;21355570000;21233522222;21433522222;10240;10228
3852;21355735000;21233522222;21433522222;10240;10228
3853;21355749000;21233522222;21433522222;10240;10228
3854;21355985000;21233522222;21433522222;10240;10228
3855;21355998000;21233522222;21433522222;10240;10228
3856;21356228000;21233522222;21433522222;10240;10228
3857;21356237000;21233522222;21433522222;10240;10228
3858;21356490000;21233522222;21433522222;10240;10228
3859;21356500000;21233522222;21433522222;10240;10228
3860;21356733000;21233522222;21433522222;10240;10228
3861;21397157000;21275177777;21475177777;10240;10228
3862;21397171000;21275177777;21475177777;10240;10228
3863;21397400000;21275177777;21475177777;10240;10228
3864;21397410000;21275177777;21475177777;10240;10228
3865;21397661000;21275177777;21475177777;10240;10228
3866;21397674000;21275177777;21475177777;10240;10228
3867;21397905000;21275177777;21475177777;10240;10228
3868;21397918000;21275177777;21475177777;10240;10228
3869;21398151000;21275177777;21475177777;10240;10228
3870;21398160000;21275177777;21475177777;10240;10228
3871;21398407000;21275177777;21475177777;10240;10228
3872;21438801000;21316833333;21516833333;10240;10228
3873;21438816000;21316833333;21516833333;10240;10228
3874;21439042000;21316833333;21516833333;10240;10228
3875;21439052000;21316833333;21516833333;10240;10228
3876;21439270000;21316833333;21516833333;10240;10228
3877;21439290000;21316833333;21516833333;10240;10228
3878;21439558000;21316833333;21516833333;10240;10228
3879;21439578000;21316833333;21516833333;10240;10228
3881;21439805000;21316833333;21516833333;10240;10228
3882;21439818000;21316833333;21516833333;10240;10228
3883;21480502000;21358488888;21558488888;10240;10228
3884;21480524000;21358488888;21558488888;10240;10228
3885;21480750000;21358488888;21558488888;10240;10228
3886;21480765000;21358488888;21558488888;10240;10228
3887;21480994000;21358488888;21558488888;10240;10228
3888;21481010000;21358488888;21558488888;10240;10228
3889;21481236000;21358488888;21558488888;10240;10228
3890;21481251000;21358488888;21558488888;10240;10228
3891;21481491000;21358488888;21558488888;10240;10228
3892;21481502000;21358488888;21558488888;10240;10228
3893;21481751000;21358488888;21558488888;10240;10228
3894;21522150000;21400155555;21600155555;10240;10228
3895;21522165000;21400155555;21600155555;10240;10228
3896;21522391000;21400155555;21600155555;10240;10228
3897;21522405000;21400155555;21600155555;10240;10228
3898;21522649000;21400155555;21600155555;10240;10228
3899;21522663000;21400155555;21600155555;10240;10228
3900;21522895000;21400155555;21600155555;10240;10228
3901;21522909000;21400155555;21600155555;10240;10228
3902;21523141000;21400155555;21600155555;10240;10228
3903;21523157000;21400155555;21600155555;10240;10228
3904;21523399000;21400155555;21600155555;10240;10228
3905;21563829000;21441800000;21641800000;10240;10228
3906;21563842000;21441800000;21641800000;10240;10228
3907;21564080000;21441800000;21641800000;10240;10228
3908;21564094000;21441800000;21641800000;10240;10228
3909;21564319000;21441800000;21641800000;10240;10228
3910;21564328000;21441800000;21641800000;10240;10228
3911;21564608000;21441800000;21641800000;10240;10228
3912;21564628000;21441800000;21641800000;10240;10228
3913;21564829000;21441800000;21641800000;10240;10228
3914;21564845000;21441800000;21641800000;10240;10228
3915;21565074000;21441800000;21641800000;10240;10228
3916;21605495000;21483522222;21683522222;10240;10228
3917;21605508000;21483522222;21683522222;10240;10228
3918;21605735000;21483522222;21683522222;10240;10228
3919;21605747000;21483522222;21683522222;10240;10228
3920;21605986000;21483522222;21683522222;10240;10228
3921;21605998000;21483522222;21683522222;10240;10228
3922;21606234000;21483522222;21683522222;10240;10228
3923;21606252000;21483522222;21683522222;10240;10228
3924;21606478000;21483522222;21683522222;10240;10228
3925;21606487000;21483522222;21683522222;10240;10228
3926;21606721000;21483522222;21683522222;10240;10228
3927;21647155000;21525177777;21725177777;10240;10228
3928;21647168000;21525177777;21725177777;10240;10228
3929;21647395000;21525177777;21725177777;10240;10228
3930;21647404000;21525177777;21725177777;10240;10228
3931;21647638000;21525177777;21725177777;10240;10228
3932;21647650000;21525177777;21725177777;10240;10228
3933;21647901000;21525177777;21725177777;10240;10228
3934;21647913000;21525177777;21725177777;10240;10228
3935;21648145000;21525177777;21725177777;10240;10228
3936;21648154000;21525177777;21725177777;10240;10228
3937;21648392000;21525177777;21725177777;10240;10228
3938;21688864000;21566800000;21766800000;10240;10228
3939;21688877000;21566800000;21766800000;10240;10228
3940;21689113000;21566800000;21766800000;10240;10228
3941;21689125000;21566800000;21766800000;10240;10228
3942;21689350000;21566800000;21766800000;10240;10228
3943;21689359000;21566800000;21766800000;10240;10228
3944;21689632000;21566800000;21766800000;10240;10228
3945;21689643000;21566800000;21766800000;10240;10228
3946;21689822000;21566800000;21766800000;10240;10228
3947;21689831000;21566800000;21766800000;10240;10228
3948;21690116000;21566800000;21766800000;10240;10228
3949;21730501000;21608522222;21808522222;10240;10228
3950;21730524000;21608522222;21808522222;10240;10228
3951;21730750000;21608522222;21808522222;10240;10228
3952;21730764000;21608522222;21808522222;10240;10228
3953;21730997000;21608522222;21808522222;10240;10228
3954;21731009000;21608522222;21808522222;10240;10228
3955;21731245000;21608522222;21808522222;10240;10228
3956;21731255000;21608522222;21808522222;10240;10228
3957;21731492000;21608522222;21808522222;10240;10228
3958;21731501000;21608522222;21808522222;10240;10228
3959;21731753000;21608522222;21808522222;10240;10228
3960;21772140000;21650177777;21850177777;10240;10228
3961;21772155000;21650177777;21850177777;10240;10228
3963;21772412000;21650177777;21850177777;10240;10228
3964;21772435000;21650177777;21850177777;10240;10228
3965;21772673000;21650177777;21850177777;10240;10228
3966;21772688000;21650177777;21850177777;10240;10228
3967;21772931000;21650177777;21850177777;10240;10228
3968;21772944000;21650177777;21850177777;10240;10228
3969;21773173000;21650177777;21850177777;10240;10228
3970;21773182000;21650177777;21850177777;10240;10228
3971;21813813000;21691811111;21891811111;10240;10228
3972;21813827000;21691811111;21891811111;10240;10228
3973;21814093000;21691811111;21891811111;10240;10228
3974;21814106000;21691811111;21891811111;10240;10228
3975;21814338000;21691811111;21891811111;10240;10228
3976;21814348000;21691811111;21891811111;10240;10228
3977;21814596000;21691811111;21891811111;10240;10228
3978;21814611000;21691811111;21891811111;10240;10228
3979;21814804000;21691811111;21891811111;10240;10228
3980;21814815000;21691811111;21891811111;10240;10228
3981;21815098000;21691811111;21891811111;10240;10228
3983;21855499000;21733522222;21933522222;10240;10228
3984;21855521000;21733522222;21933522222;10240;10228
3985;21855778000;21733522222;21933522222;10240;10228
3986;21855792000;21733522222;21933522222;10240;10228
3987;21856035000;21733522222;21933522222;10240;10228
3988;21856048000;21733522222;21933522222;10240;10228
3989;21856238000;21733522222;21933522222;10240;10228
3990;21856249000;21733522222;21933522222;10240;10228
3991;21856538000;21733522222;21933522222;10240;10228
3992;21856557000;21733522222;21933522222;10240;10228
3993;21897130000;21775166666;21975166666;10240;10228
3994;21897145000;21775166666;21975166666;10240;10228
3995;21897403000;21775166666;21975166666;10240;10228
3996;21897418000;21775166666;21975166666;10240;10228
3997;21897661000;21775166666;21975166666;10240;10228
3998;21897677000;21775166666;21975166666;10240;10228
3999;21897919000;21775166666;21975166666;10240;10228
4000;21897935000;21775166666;21975166666;10240;10228
4001;21898161000;21775166666;21975166666;10240;10228
4002;21898172000;21775166666;21975166666;10240;10228
4003;21898180000;21775166666;21975166666;10240;10228
4004;21938839000;21816800000;22016800000;10240;10228
4005;21938854000;21816800000;22016800000;10240;10228
4006;21939087000;21816800000;22016800000;10240;10228
4007;21939103000;21816800000;22016800000;10240;10228
4008;21939328000;21816800000;22016800000;10240;10228
4009;21939339000;21816800000;22016800000;10240;10228
4010;21939555000;21816800000;22016800000;10240;10228
4011;21939565000;21816800000;22016800000;10240;10228
4012;21939793000;21816800000;22016800000;10240;10228
4013;21939803000;21816800000;22016800000;10240;10228
4015;21980485000;21858522222;22058522222;10240;10228
4016;21980500000;21858522222;22058522222;10240;10228
4017;21980729000;21858522222;22058522222;10240;10228
4018;21980744000;21858522222;22058522222;10240;10228
4019;21980983000;21858522222;22058522222;10240;10228
4020;21980997000;21858522222;22058522222;10240;10228
4021;21981224000;21858522222;22058522222;10240;10228
4022;21981234000;21858522222;22058522222;10240;10228
4023;21981488000;21858522222;22058522222;10240;10228
4026;22022139000;21900177777;22100177777;10240;10228
4027;22022155000;21900177777;22100177777;10240;10228
4028;22022380000;21900177777;22100177777;10240;10228
4029;22022391000;21900177777;22100177777;10240;10228
4030;22022639000;21900177777;22100177777;10240;10228
4031;22022655000;21900177777;22100177777;10240;10228
4032;22022845000;21900177777;22100177777;10240;10228
4033;22022859000;21900177777;22100177777;10240;10228
4034;22023134000;21900177777;22100177777;10240;10228
4035;22023144000;21900177777;22100177777;10240;10228
4036;22023378000;21900177777;22100177777;10240;10228
4037;22063837000;21941822222;22141822222;10240;10228
4038;22063852000;21941822222;22141822222;10240;10228
4039;22064086000;21941822222;22141822222;10240;10228
4040;22064102000;21941822222;22141822222;10240;10228
4041;22064328000;21941822222;22141822222;10240;10228
4042;22064339000;21941822222;22141822222;10240;10228
4043;22064628000;21941822222;22141822222;10240;10228
4044;22064643000;21941822222;22141822222;10240;10228
4045;22064838000;21941822222;22141822222;10240;10228
4046;22064853000;21941822222;22141822222;10240;10228
4047;22065078000;21941822222;22141822222;10240;10228
4048;22105489000;21983522222;22183522222;10240;10228
4049;22105504000;21983522222;22183522222;10240;10228
4050;22105733000;21983522222;22183522222;10240;10228
4051;22105748000;21983522222;22183522222;10240;10228
4052;22105984000;21983522222;22183522222;10240;10228
4053;22105999000;21983522222;22183522222;10240;10228
4054;22106225000;21983522222;22183522222;10240;10228
4055;22106237000;21983522222;22183522222;10240;10228
4056;22106481000;21983522222;22183522222;10240;10228
4057;22106495000;21983522222;22183522222;10240;10228
4058;22106734000;21983522222;22183522222;10240;10228
4059;22147141000;22025155555;22225155555;10240;10228
4060;22147156000;22025155555;22225155555;10240;10228
4061;22147383000;22025155555;22225155555;10240;10228
4062;22147395000;22025155555;22225155555;10240;10228
4063;22147596000;22025155555;22225155555;10240;10228
4065;22147607000;22025155555;22225155555;10240;10228
4066;22147846000;22025155555;22225155555;10240;10228
4067;22147856000;22025155555;22225155555;10240;10228
4068;22148132000;22025155555;22225155555;10240;10228
4069;22148142000;22025155555;22225155555;10240;10228
4070;22188827000;22066788888;22266788888;10240;10228
4071;22188842000;22066788888;22266788888;10240;10228
4072;22189069000;22066788888;22266788888;10240;10228
4073;22189080000;22066788888;22266788888;10240;10228
4074;22189317000;22066788888;22266788888;10240;10228
4075;22189327000;22066788888;22266788888;10240;10228
4076;22189558000;22066788888;22266788888;10240;10228
4077;22189577000;22066788888;22266788888;10240;10228
4078;22189832000;22066788888;22266788888;10240;10228
4079;22189846000;22066788888;22266788888;10240;10228
4080;22190070000;22066788888;22266788888;10240;10228
4081;22230498000;22108511111;22308511111;10240;10228
4082;22230521000;22108511111;22308511111;10240;10228
4083;22230751000;22108511111;22308511111;10240;10228
4084;22230766000;22108511111;22308511111;10240;10228
4085;22230993000;22108511111;22308511111;10240;10228
4086;22231009000;22108511111;22308511111;10240;10228
4087;22231235000;22108511111;22308511111;10240;10228
4088;22231245000;22108511111;22308511111;10240;10228
4089;22231492000;22108511111;22308511111;10240;10228
4090;22231502000;22108511111;22308511111;10240;10228
4091;22231754000;22108511111;22308511111;10240;10228
4092;22272154000;22150177777;22350177777;10240;10228
4093;22272169000;22150177777;22350177777;10240;10228
4094;22272395000;22150177777;22350177777;10240;10228
4095;22272407000;22150177777;22350177777;10240;10228
4096;22272609000;22150177777;22350177777;10240;10228
4097;22272619000;22150177777;22350177777;10240;10228
4098;22272859000;22150177777;22350177777;10240;10228
4099;22272868000;22150177777;22350177777;10240;10228
4100;22273169000;22150177777;22350177777;10240;10228
4101;22273188000;22150177777;22350177777;10240;10228
4102;22273408000;22150177777;22350177777;10240;10228
4103;22313823000;22191800000;22391800000;10240;10228
4104;22313837000;22191800000;22391800000;10240;10228
4107;22314074000;22191800000;22391800000;10240;10228
4108;22314090000;22191800000;22391800000;10240;10228
4109;22314314000;22191800000;22391800000;10240;10228
4110;22314326000;22191800000;22391800000;10240;10228
4111;22314563000;22191800000;22391800000;10240;10228
4112;22314574000;22191800000;22391800000;10240;10228
4113;22314825000;22191800000;22391800000;10240;10228
4115;22355509000;22233522222;22433522222;10240;10228
4116;22355542000;22233522222;22433522222;10240;10228
4117;22355759000;22233522222;22433522222;10240;10228
4118;22355775000;22233522222;22433522222;10240;10228
4119;22356004000;22233522222;22433522222;10240;10228
4120;22356019000;22233522222;22433522222;10240;10228
4121;22356216000;22233522222;22433522222;10240;10228
4122;22356226000;22233522222;22433522222;10240;10228
4124;22356498000;22233522222;22433522222;10240;10228
4125;22397131000;22275188888;22475188888;10240;10228
4126;22397146000;22275188888;22475188888;10240;10228
4127;22397404000;22275188888;22475188888;10240;10228
4128;22397415000;22275188888;22475188888;10240;10228
4129;22397663000;22275188888;22475188888;10240;10228
4130;22397680000;22275188888;22475188888;10240;10228
4131;22397921000;22275188888;22475188888;10240;10228
4132;22397936000;22275188888;22475188888;10240;10228
4133;22398163000;22275188888;22475188888;10240;10228
4134;22398178000;22275188888;22475188888;10240;10228
4135;22398186000;22275188888;22475188888;10240;10228
4136;22438834000;22316822222;22516822222;10240;10228
4137;22438848000;22316822222;22516822222;10240;10228
4138;22439077000;22316822222;22516822222;10240;10228
4139;22439087000;22316822222;22516822222;10240;10228
4140;22439327000;22316822222;22516822222;10240;10228
4141;22439346000;22316822222;22516822222;10240;10228
4142;22439557000;22316822222;22516822222;10240;10228
4143;22439576000;22316822222;22516822222;10240;10228
4144;22439799000;22316822222;22516822222;10240;10228
4145;22439818000;22316822222;22516822222;10240;10228
4146;22440087000;22316822222;22516822222;10240;10228
4147;22480492000;22358511111;22558511111;10240;10228
4148;22480505000;22358511111;22558511111;10240;10228
4149;22480741000;22358511111;22558511111;10240;10228
4150;22480756000;22358511111;22558511111;10240;10228
4151;22480996000;22358511111;22558511111;10240;10228
4152;22481011000;22358511111;22558511111;10240;10228
4153;22481237000;22358511111;22558511111;10240;10228
4154;22481248000;22358511111;22558511111;10240;10228
4155;22481499000;22358511111;22558511111;10240;10228
4156;22481539000;22358511111;22558511111;10240;10228
4157;22481547000;22358511111;22558511111;10240;10228
4158;22522164000;22400144444;22600144444;10240;10228
4159;22522185000;22400144444;22600144444;10240;10228
4160;22522394000;22400144444;22600144444;10240;10228
4161;22522403000;22400144444;22600144444;10240;10228
4162;22522651000;22400144444;22600144444;10240;10228
4163;22522663000;22400144444;22600144444;10240;10228
4164;22522857000;22400144444;22600144444;10240;10228
4165;22522867000;22400144444;22600144444;10240;10228
4166;22523152000;22400144444;22600144444;10240;10228
4167;22523170000;22400144444;22600144444;10240;10228
4168;22523401000;22400144444;22600144444;10240;10228
4169;22563885000;22441811111;22641811111;10240;10228
4170;22563904000;22441811111;22641811111;10240;10228
4171;22564137000;22441811111;22641811111;10240;10228
4172;22564156000;22441811111;22641811111;10240;10228
4173;22564358000;22441811111;22641811111;10240;10228
4174;22564364000;22441811111;22641811111;10240;10228
4175;22564636000;22441811111;22641811111;10240;10228
4176;22564654000;22441811111;22641811111;10240;10228
4177;22564884000;22441811111;22641811111;10240;10228
4178;22564905000;22441811111;22641811111;10240;10228
4179;22565148000;22441811111;22641811111;10240;10228
4180;22605568000;22483533333;22683533333;10240;10228
4181;22605587000;22483533333;22683533333;10240;10228
4182;22605806000;22483533333;22683533333;10240;10228
4183;22605825000;22483533333;22683533333;10240;10228
4184;22605973000;22483533333;22683533333;10240;10228
4185;22605979000;22483533333;22683533333;10240;10228
4186;22606330000;22483533333;22683533333;10240;10228
4187;22606339000;22483533333;22683533333;10240;10228
4188;22606553000;22483533333;22683533333;10240;10228
4189;22606573000;22483533333;22683533333;10240;10228
4190;22606769000;22483533333;22683533333;10240;10228
4191;22647148000;22525177777;22725177777;10240;10228
4192;22647157000;22525177777;22725177777;10240;10228
4193;22647395000;22525177777;22725177777;10240;10228
4194;22647402000;22525177777;22725177777;10240;10228
4195;22647652000;22525177777;22725177777;10240;10228
4196;22647659000;22525177777;22725177777;10240;10228
4197;22647900000;22525177777;22725177777;10240;10228
4198;22647906000;22525177777;22725177777;10240;10228
4199;22648144000;22525177777;22725177777;10240;10228
4200;22648151000;22525177777;22725177777;10240;10228
4201;22648394000;22525177777;22725177777;10240;10228
4202;22688816000;22566800000;22766800000;10240;10228
4203;22688824000;22566800000;22766800000;10240;10228
4204;22689065000;22566800000;22766800000;10240;10228
4205;22689071000;22566800000;22766800000;10240;10228
4206;22689308000;22566800000;22766800000;10240;10228
4207;22689314000;22566800000;22766800000;10240;10228
4208;22689569000;22566800000;22766800000;10240;10228
4209;22689576000;22566800000;22766800000;10240;10228
4210;22689817000;22566800000;22766800000;10240;10228
4211;22689823000;22566800000;22766800000;10240;10228
4212;22690066000;22566800000;22766800000;10240;10228
4213;22730553000;22608500000;22808500000;10240;10228
4214;22730574000;22608500000;22808500000;10240;10228
4215;22730799000;22608500000;22808500000;10240;10228
4216;22730818000;22608500000;22808500000;10240;10228
4217;22731049000;22608500000;22808500000;10240;10228
4218;22731070000;22608500000;22808500000;10240;10228
4219;22731291000;22608500000;22808500000;10240;10228
4220;22731300000;22608500000;22808500000;10240;10228
4221;22731576000;22608500000;22808500000;10240;10228
4222;22731585000;22608500000;22808500000;10240;10228
4223;22731715000;22608500000;22808500000;10240;10228
4224;22772210000;22650188888;22850188888;10240;10228
4225;22772231000;22650188888;22850188888;10240;10228
4230;22772441000;22650188888;22850188888;10240;10228
4231;22772455000;22650188888;22850188888;10240;10228
4232;22772714000;22650188888;22850188888;10240;10228
4233;22772733000;22650188888;22850188888;10240;10228
4234;22772975000;22650188888;22850188888;10240;10228
4235;22813873000;22691811111;22891811111;10240;10228
4236;22813894000;22691811111;22891811111;10240;10228
4237;22814120000;22691811111;22891811111;10240;10228
4238;22814141000;22691811111;22891811111;10240;10228
4239;22814393000;22691811111;22891811111;10240;10228
4240;22814403000;22691811111;22891811111;10240;10228
4241;22814626000;22691811111;22891811111;10240;10228
4242;22814646000;22691811111;22891811111;10240;10228
4243;22814783000;22691811111;22891811111;10240;10228
4244;22814804000;22691811111;22891811111;10240;10228
4245;22815077000;22691811111;22891811111;10240;10228
4246;22855498000;22733511111;22933511111;10240;10228
4247;22855508000;22733511111;22933511111;10240;10228
4248;22855744000;22733511111;22933511111;10240;10228
4249;22855759000;22733511111;22933511111;10240;10228
4250;22855995000;22733511111;22933511111;10240;10228
4251;22856010000;22733511111;22933511111;10240;10228
4252;22856237000;22733511111;22933511111;10240;10228
4253;22856245000;22733511111;22933511111;10240;10228
4255;22856487000;22733511111;22933511111;10240;10228
4256;22856496000;22733511111;22933511111;10240;10228
4257;22897149000;22775177777;22975177777;10240;10228
4258;22897164000;22775177777;22975177777;10240;10228
4259;22897401000;22775177777;22975177777;10240;10228
4260;22897408000;22775177777;22975177777;10240;10228
4261;22897641000;22775177777;22975177777;10240;10228
4262;22897648000;22775177777;22975177777;10240;10228
4263;22897891000;22775177777;22975177777;10240;10228
4264;22897898000;22775177777;22975177777;10240;10228
4265;22898144000;22775177777;22975177777;10240;10228
4266;22898150000;22775177777;22975177777;10240;10228
4267;22898392000;22775177777;22975177777;10240;10228
4269;22938805000;22816811111;23016811111;10240;10228
4270;22938817000;22816811111;23016811111;10240;10228
4271;22939055000;22816811111;23016811111;10240;10228
4272;22939069000;22816811111;23016811111;10240;10228
4273;22939299000;22816811111;23016811111;10240;10228
4274;22939306000;22816811111;23016811111;10240;10228
4275;22939545000;22816811111;23016811111;10240;10228
4276;22939561000;22816811111;23016811111;10240;10228
4277;22939807000;22816811111;23016811111;10240;10228
4278;22939820000;22816811111;23016811111;10240;10228
4279;22980508000;22858500000;23058500000;10240;10228
4280;22980537000;22858500000;23058500000;10240;10228
4281;22980757000;22858500000;23058500000;10240;10228
4282;22980770000;22858500000;23058500000;10240;10228
4283;22980993000;22858500000;23058500000;10240;10228
4284;22981007000;22858500000;23058500000;10240;10228
4285;22981276000;22858500000;23058500000;10240;10228
4286;22981286000;22858500000;23058500000;10240;10228
4287;22981554000;22858500000;23058500000;10240;10228
4288;22981564000;22858500000;23058500000;10240;10228
4289;22981571000;22858500000;23058500000;10240;10228
4290;23022143000;22900177777;23100177777;10240;10228
4292;23022156000;22900177777;23100177777;10240;10228
4293;23022415000;22900177777;23100177777;10240;10228
4294;23022425000;22900177777;23100177777;10240;10228
4295;23022674000;22900177777;23100177777;10240;10228
4296;23022687000;22900177777;23100177777;10240;10228
4297;23022931000;22900177777;23100177777;10240;10228
4298;23022944000;22900177777;23100177777;10240;10228
4299;23023134000;22900177777;23100177777;10240;10228
4300;23023144000;22900177777;23100177777;10240;10228
4301;23063819000;22941833333;23141833333;10240;10228
4302;23063829000;22941833333;23141833333;10240;10228
4303;23064150000;22941833333;23141833333;10240;10228
4304;23064170000;22941833333;23141833333;10240;10228
4305;23064364000;22941833333;23141833333;10240;10228
4306;23064371000;22941833333;23141833333;10240;10228
4307;23064652000;22941833333;23141833333;10240;10228
4308;23064673000;22941833333;23141833333;10240;10228
4309;23064904000;22941833333;23141833333;10240;10228
4310;23064925000;22941833333;23141833333;10240;10228
4311;23065160000;22941833333;23141833333;10240;10228
4312;23105581000;22983533333;23183533333;10240;10228
4313;23105600000;22983533333;23183533333;10240;10228
4314;23105832000;22983533333;23183533333;10240;10228
4315;23105852000;22983533333;23183533333;10240;10228
4316;23106067000;22983533333;23183533333;10240;10228
4317;23106079000;22983533333;23183533333;10240;10228
4318;23106308000;22983533333;23183533333;10240;10228
4319;23106332000;22983533333;23183533333;10240;10228
4320;23106487000;22983533333;23183533333;10240;10228
4321;23106496000;22983533333;23183533333;10240;10228
4322;23106844000;22983533333;23183533333;10240;10228
4323;23147146000;23025155555;23225155555;10240;10228
4324;23147380000;23025155555;23225155555;10240;10228
4325;23147388000;23025155555;23225155555;10240;10228
4326;23147394000;23025155555;23225155555;10240;10228
4327;23147636000;23025155555;23225155555;10240;10228
4328;23147651000;23025155555;23225155555;10240;10228
4329;23147886000;23025155555;23225155555;10240;10228
4330;23147901000;23025155555;23225155555;10240;10228
4331;23148130000;23025155555;23225155555;10240;10228
4332;23148137000;23025155555;23225155555;10240;10228
4333;23148379000;23025155555;23225155555;10240;10228
4336;23188835000;23066800000;23266800000;10240;10228
4337;23188845000;23066800000;23266800000;10240;10228
4338;23189085000;23066800000;23266800000;10240;10228
4339;23189098000;23066800000;23266800000;10240;10228
4340;23189328000;23066800000;23266800000;10240;10228
4341;23189335000;23066800000;23266800000;10240;10228
4342;23189614000;23066800000;23266800000;10240;10228
4343;23189629000;23066800000;23266800000;10240;10228
4344;23189835000;23066800000;23266800000;10240;10228
4345;23230487000;23108522222;23308522222;10240;10228
4346;23230733000;23108522222;23308522222;10240;10228
4348;23230748000;23108522222;23308522222;10240;10228
4349;23230755000;23108522222;23308522222;10240;10228
4350;23230985000;23108522222;23308522222;10240;10228
4352;23230997000;23108522222;23308522222;10240;10228
4353;23231231000;23108522222;23308522222;10240;10228
4354;23231238000;23108522222;23308522222;10240;10228
4355;23231477000;23108522222;23308522222;10240;10228
4356;23272145000;23150188888;23350188888;10240;10228
4357;23272158000;23150188888;23350188888;10240;10228
4358;23272393000;23150188888;23350188888;10240;10228
4359;23272399000;23150188888;23350188888;10240;10228
4360;23272647000;23150188888;23350188888;10240;10228
4361;23272661000;23150188888;23350188888;10240;10228
4362;23272898000;23150188888;23350188888;10240;10228
4363;23272911000;23150188888;23350188888;10240;10228
4364;23273142000;23150188888;23350188888;10240;10228
4365;23273149000;23150188888;23350188888;10240;10228
4366;23273392000;23150188888;23350188888;10240;10228
4367;23313814000;23191811111;23391811111;10240;10228
4368;23314063000;23191811111;23391811111;10240;10228
4370;23314080000;23191811111;23391811111;10240;10228
4371;23314086000;23191811111;23391811111;10240;10228
4372;23314309000;23191811111;23391811111;10240;10228
4373;23314316000;23191811111;23391811111;10240;10228
4374;23314562000;23191811111;23391811111;10240;10228
4375;23314569000;23191811111;23391811111;10240;10228
4376;23314816000;23191811111;23391811111;10240;10228
4377;23314828000;23191811111;23391811111;10240;10228
4378;23355502000;23233533333;23433533333;10240;10228
4379;23355534000;23233533333;23433533333;10240;10228
4380;23355706000;23233533333;23433533333;10240;10228
4381;23355995000;23233533333;23433533333;10240;10228
4382;23356009000;23233533333;23433533333;10240;10228
4387;23356019000;23233533333;23433533333;10240;10228
4388;23356242000;23233533333;23433533333;10240;10228
4389;23397151000;23275166666;23475166666;10240;10228
4390;23397164000;23275166666;23475166666;10240;10228
4391;23397390000;23275166666;23475166666;10240;10228
4392;23397400000;23275166666;23475166666;10240;10228
4393;23397650000;23275166666;23475166666;10240;10228
4394;23397664000;23275166666;23475166666;10240;10228
4395;23397895000;23275166666;23475166666;10240;10228
4396;23397908000;23275166666;23475166666;10240;10228
4397;23398141000;23275166666;23475166666;10240;10228
4398;23398151000;23275166666;23475166666;10240;10228
4399;23398397000;23275166666;23475166666;10240;10228
4400;23438834000;23316822222;23516822222;10240;10228
4401;23438846000;23316822222;23516822222;10240;10228
4402;23439060000;23316822222;23516822222;10240;10228
4403;23439069000;23316822222;23516822222;10240;10228
4404;23439357000;23316822222;23516822222;10240;10228
4405;23439375000;23316822222;23516822222;10240;10228
4406;23439603000;23316822222;23516822222;10240;10228
4407;23439616000;23316822222;23516822222;10240;10228
4408;23439859000;23316822222;23516822222;10240;10228
4409;23439872000;23316822222;23516822222;10240;10228
4410;23439882000;23316822222;23516822222;10240;10228
4411;23480488000;23358522222;23558522222;10240;10228
4412;23480502000;23358522222;23558522222;10240;10228
4413;23480730000;23358522222;23558522222;10240;10228
4414;23480745000;23358522222;23558522222;10240;10228
4415;23480983000;23358522222;23558522222;10240;10228
4416;23480996000;23358522222;23558522222;10240;10228
4417;23481223000;23358522222;23558522222;10240;10228
4418;23481233000;23358522222;23558522222;10240;10228
4419;23481482000;23358522222;23558522222;10240;10228
4420;23481491000;23358522222;23558522222;10240;10228
4421;23481693000;23358522222;23558522222;10240;10228
4422;23522147000;23400155555;23600155555;10240;10228
4423;23522161000;23400155555;23600155555;10240;10228
4424;23522387000;23400155555;23600155555;10240;10228
4425;23522397000;23400155555;23600155555;10240;10228
4426;23522672000;23400155555;23600155555;10240;10228
4427;23522686000;23400155555;23600155555;10240;10228
4428;23522897000;23400155555;23600155555;10240;10228
4429;23522909000;23400155555;23600155555;10240;10228
4430;23523153000;23400155555;23600155555;10240;10228
4431;23523171000;23400155555;23600155555;10240;10228
4432;23523389000;23400155555;23600155555;10240;10228
4433;23563896000;23441811111;23641811111;10240;10228
4434;23563916000;23441811111;23641811111;10240;10228
4435;23564143000;23441811111;23641811111;10240;10228
4436;23564165000;23441811111;23641811111;10240;10228
4437;23564360000;23441811111;23641811111;10240;10228
4438;23564366000;23441811111;23641811111;10240;10228
4439;23564535000;23441811111;23641811111;10240;10228
4440;23564541000;23441811111;23641811111;10240;10228
4441;23564910000;23441811111;23641811111;10240;10228
4442;23564919000;23441811111;23641811111;10240;10228
4443;23565158000;23441811111;23641811111;10240;10228
4444;23605567000;23483544444;23683544444;10240;10228
4445;23605588000;23483544444;23683544444;10240;10228
4446;23605818000;23483544444;23683544444;10240;10228
4447;23605839000;23483544444;23683544444;10240;10228
4448;23606063000;23483544444;23683544444;10240;10228
4449;23606083000;23483544444;23683544444;10240;10228
4450;23606291000;23483544444;23683544444;10240;10228
4451;23606307000;23483544444;23683544444;10240;10228
4452;23606521000;23483544444;23683544444;10240;10228
4453;23606528000;23483544444;23683544444;10240;10228
4454;23606837000;23483544444;23683544444;10240;10228
4455;23647222000;23525188888;23725188888;10240;10228
4456;23647244000;23525188888;23725188888;10240;10228
4457;23647470000;23525188888;23725188888;10240;10228
4458;23647482000;23525188888;23725188888;10240;10228
4459;23647718000;23525188888;23725188888;10240;10228
4460;23647738000;23525188888;23725188888;10240;10228
4461;23647980000;23525188888;23725188888;10240;10228
4462;23648000000;23525188888;23725188888;10240;10228
4463;23648220000;23525188888;23725188888;10240;10228
4464;23648230000;23525188888;23725188888;10240;10228
4465;23648422000;23525188888;23725188888;10240;10228
4466;23688808000;23566800000;23766800000;10240;10228
4467;23688817000;23566800000;23766800000;10240;10228
4468;23689054000;23566800000;23766800000;10240;10228
4469;23689062000;23566800000;23766800000;10240;10228
4470;23689299000;23566800000;23766800000;10240;10228
4471;23689307000;23566800000;23766800000;10240;10228
4472;23689569000;23566800000;23766800000;10240;10228
4473;23689578000;23566800000;23766800000;10240;10228
4474;23689806000;23566800000;23766800000;10240;10228
4475;23689813000;23566800000;23766800000;10240;10228
4476;23690049000;23566800000;23766800000;10240;10228
4477;23730485000;23608511111;23808511111;10240;10228
4478;23730495000;23608511111;23808511111;10240;10228
4479;23730732000;23608511111;23808511111;10240;10228
4480;23730741000;23608511111;23808511111;10240;10228
4481;23730993000;23608511111;23808511111;10240;10228
4482;23731001000;23608511111;23808511111;10240;10228
4483;23731227000;23608511111;23808511111;10240;10228
4484;23731235000;23608511111;23808511111;10240;10228
4485;23731476000;23608511111;23808511111;10240;10228
4488;23772204000;23650166666;23850166666;10240;10228
4489;23772225000;23650166666;23850166666;10240;10228
4490;23772448000;23650166666;23850166666;10240;10228
4491;23772459000;23650166666;23850166666;10240;10228
4492;23772700000;23650166666;23850166666;10240;10228
4493;23772721000;23650166666;23850166666;10240;10228
4494;23772863000;23650166666;23850166666;10240;10228
4495;23772883000;23650166666;23850166666;10240;10228
4496;23773200000;23650166666;23850166666;10240;10228
4497;23773211000;23650166666;23850166666;10240;10228
4498;23773400000;23650166666;23850166666;10240;10228
4499;23813893000;23691800000;23891800000;10240;10228
4500;23813913000;23691800000;23891800000;10240;10228
4502;23814165000;23691800000;23891800000;10240;10228
4503;23814175000;23691800000;23891800000;10240;10228
4504;23814387000;23691800000;23891800000;10240;10228
4505;23814398000;23691800000;23891800000;10240;10228
4506;23814559000;23691800000;23891800000;10240;10228
4507;23814580000;23691800000;23891800000;10240;10228
4508;23814890000;23691800000;23891800000;10240;10228
4509;23814911000;23691800000;23891800000;10240;10228
4510;23855488000;23733488888;23933488888;10240;10228
4511;23855501000;23733488888;23933488888;10240;10228
4513;23855731000;23733488888;23933488888;10240;10228
4515;23855745000;23733488888;23933488888;10240;10228
4516;23855980000;23733488888;23933488888;10240;10228
4517;23855994000;23733488888;23933488888;10240;10228
4518;23856224000;23733488888;23933488888;10240;10228
4519;23856231000;23733488888;23933488888;10240;10228
4520;23856474000;23733488888;23933488888;10240;10228
4521;23897140000;23775166666;23975166666;10240;10228
4522;23897150000;23775166666;23975166666;10240;10228
4523;23897380000;23775166666;23975166666;10240;10228
4524;23897389000;23775166666;23975166666;10240;10228
4525;23897637000;23775166666;23975166666;10240;10228
4526;23897651000;23775166666;23975166666;10240;10228
4527;23897887000;23775166666;23975166666;10240;10228
4528;23897904000;23775166666;23975166666;10240;10228
4529;23898131000;23775166666;23975166666;10240;10228
4530;23898139000;23775166666;23975166666;10240;10228
4532;23938821000;23816788888;24016788888;10240;10228
4533;23938833000;23816788888;24016788888;10240;10228
4534;23939071000;23816788888;24016788888;10240;10228
4535;23939088000;23816788888;24016788888;10240;10228
4536;23939326000;23816788888;24016788888;10240;10228
4537;23939333000;23816788888;24016788888;10240;10228
4538;23939590000;23816788888;24016788888;10240;10228
4539;23939607000;23816788888;24016788888;10240;10228
4540;23939824000;23816788888;24016788888;10240;10228
4541;23939840000;23816788888;24016788888;10240;10228
4542;23940077000;23816788888;24016788888;10240;10228
4543;23980491000;23858511111;24058511111;10240;10228
4544;23980504000;23858511111;24058511111;10240;10228
4545;23980741000;23858511111;24058511111;10240;10228
4546;23980759000;23858511111;24058511111;10240;10228
4547;23980992000;23858511111;24058511111;10240;10228
4548;23981007000;23858511111;24058511111;10240;10228
4549;23981238000;23858511111;24058511111;10240;10228
4551;23981244000;23858511111;24058511111;10240;10228
4552;23981487000;23858511111;24058511111;10240;10228
4553;23981495000;23858511111;24058511111;10240;10228
4556;24022162000;23900166666;24100166666;10240;10228
4557;24022398000;23900166666;24100166666;10240;10228
4558;24022411000;23900166666;24100166666;10240;10228
4559;24022417000;23900166666;24100166666;10240;10228
4560;24022653000;23900166666;24100166666;10240;10228
4561;24022666000;23900166666;24100166666;10240;10228
4562;24022903000;23900166666;24100166666;10240;10228
4563;24022917000;23900166666;24100166666;10240;10228
4564;24023146000;23900166666;24100166666;10240;10228
4565;24063822000;23941811111;24141811111;10240;10228
4566;24063833000;23941811111;24141811111;10240;10228
4567;24064072000;23941811111;24141811111;10240;10228
4568;24064085000;23941811111;24141811111;10240;10228
4569;24064320000;23941811111;24141811111;10240;10228
4570;24064327000;23941811111;24141811111;10240;10228
4574;24064588000;23941811111;24141811111;10240;10228
4575;24064601000;23941811111;24141811111;10240;10228
4576;24105483000;23983533333;24183533333;10240;10228
4577;24105732000;23983533333;24183533333;10240;10228
4578;24105749000;23983533333;24183533333;10240;10228
4579;24105755000;23983533333;24183533333;10240;10228
4580;24105982000;23983533333;24183533333;10240;10228
4581;24105997000;23983533333;24183533333;10240;10228
4582;24106225000;23983533333;24183533333;10240;10228
4583;24106233000;23983533333;24183533333;10240;10228
4584;24106475000;23983533333;24183533333;10240;10228
4585;24106483000;23983533333;24183533333;10240;10228
4586;24106732000;23983533333;24183533333;10240;10228
4587;24147146000;24025155555;24225155555;10240;10228
4588;24147157000;24025155555;24225155555;10240;10228
4589;24147389000;24025155555;24225155555;10240;10228
4590;24147396000;24025155555;24225155555;10240;10228
4591;24147646000;24025155555;24225155555;10240;10228
4592;24147661000;24025155555;24225155555;10240;10228
4593;24147896000;24025155555;24225155555;10240;10228
4594;24147911000;24025155555;24225155555;10240;10228
4595;24148140000;24025155555;24225155555;10240;10228
4596;24148148000;24025155555;24225155555;10240;10228
4597;24148390000;24025155555;24225155555;10240;10228
4598;24188825000;24066766666;24266766666;10240;10228
4599;24188837000;24066766666;24266766666;10240;10228
4600;24189077000;24066766666;24266766666;10240;10228
4601;24189092000;24066766666;24266766666;10240;10228
4602;24189318000;24066766666;24266766666;10240;10228
4603;24189325000;24066766666;24266766666;10240;10228
4604;24189610000;24066766666;24266766666;10240;10228
4605;24189624000;24066766666;24266766666;10240;10228
4606;24189825000;24066766666;24266766666;10240;10228
4607;24189841000;24066766666;24266766666;10240;10228
4608;24190069000;24066766666;24266766666;10240;10228
4609;24230471000;24108500000;24308500000;10240;10228
4610;24230718000;24108500000;24308500000;10240;10228
4611;24230733000;24108500000;24308500000;10240;10228
4612;24230739000;24108500000;24308500000;10240;10228
4613;24230969000;24108500000;24308500000;10240;10228
4614;24230976000;24108500000;24308500000;10240;10228
4615;24231212000;24108500000;24308500000;10240;10228
4616;24231219000;24108500000;24308500000;10240;10228
4617;24231463000;24108500000;24308500000;10240;10228
4618;24231470000;24108500000;24308500000;10240;10228
4619;24231720000;24108500000;24308500000;10240;10228
4620;24272146000;24150155555;24350155555;10240;10228
4621;24272154000;24150155555;24350155555;10240;10228
4622;24272390000;24150155555;24350155555;10240;10228
4623;24272397000;24150155555;24350155555;10240;10228
4624;24272649000;24150155555;24350155555;10240;10228
4625;24272656000;24150155555;24350155555;10240;10228
4626;24272896000;24150155555;24350155555;10240;10228
4627;24272903000;24150155555;24350155555;10240;10228
4628;24273138000;24150155555;24350155555;10240;10228
4631;24313844000;24191822222;24391822222;10240;10228
4632;24313853000;24191822222;24391822222;10240;10228
4633;24314095000;24191822222;24391822222;10240;10228
4634;24314108000;24191822222;24391822222;10240;10228
4635;24314338000;24191822222;24391822222;10240;10228
4636;24314345000;24191822222;24391822222;10240;10228
4637;24314604000;24191822222;24391822222;10240;10228
4638;24314618000;24191822222;24391822222;10240;10228
4639;24314855000;24191822222;24391822222;10240;10228
4640;24314881000;24191822222;24391822222;10240;10228
4641;24315089000;24191822222;24391822222;10240;10228
4642;24355506000;24233522222;24433522222;10240;10228
4643;24355531000;24233522222;24433522222;10240;10228
4644;24355731000;24233522222;24433522222;10240;10228
4645;24355742000;24233522222;24433522222;10240;10228
4646;24355978000;24233522222;24433522222;10240;10228
4647;24355987000;24233522222;24433522222;10240;10228
4648;24356264000;24233522222;24433522222;10240;10228
4649;24356274000;24233522222;24433522222;10240;10228
4650;24356544000;24233522222;24433522222;10240;10228
4651;24356563000;24233522222;24433522222;10240;10228
4652;24356570000;24233522222;24433522222;10240;10228
4653;24397140000;24275166666;24475166666;10240;10228
4655;24397156000;24275166666;24475166666;10240;10228
4656;24397379000;24275166666;24475166666;10240;10228
4657;24397389000;24275166666;24475166666;10240;10228
4658;24397640000;24275166666;24475166666;10240;10228
4659;24397654000;24275166666;24475166666;10240;10228
4660;24397884000;24275166666;24475166666;10240;10228
4661;24397897000;24275166666;24475166666;10240;10228
4662;24398132000;24275166666;24475166666;10240;10228
4663;24398142000;24275166666;24475166666;10240;10228
4664;24438773000;24316811111;24516811111;10240;10228
4665;24438784000;24316811111;24516811111;10240;10228
4666;24439064000;24316811111;24516811111;10240;10228
4667;24439077000;24316811111;24516811111;10240;10228
4668;24439309000;24316811111;24516811111;10240;10228
4669;24439319000;24316811111;24516811111;10240;10228
4670;24439541000;24316811111;24516811111;10240;10228
4671;24439560000;24316811111;24516811111;10240;10228
4672;24439773000;24316811111;24516811111;10240;10228
4673;24439783000;24316811111;24516811111;10240;10228
4674;24440068000;24316811111;24516811111;10240;10228
4675;24480520000;24358477777;24558477777;10240;10228
4676;24480534000;24358477777;24558477777;10240;10228
4677;24480764000;24358477777;24558477777;10240;10228
4680;24480777000;24358477777;24558477777;10240;10228
4681;24481008000;24358477777;24558477777;10240;10228
4682;24481022000;24358477777;24558477777;10240;10228
4683;24481245000;24358477777;24558477777;10240;10228
4684;24481255000;24358477777;24558477777;10240;10228
4685;24481500000;24358477777;24558477777;10240;10228
4686;24522138000;24400177777;24600177777;10240;10228
4687;24522165000;24400177777;24600177777;10240;10228
4688;24522383000;24400177777;24600177777;10240;10228
4689;24522394000;24400177777;24600177777;10240;10228
4690;24522675000;24400177777;24600177777;10240;10228
4691;24522689000;24400177777;24600177777;10240;10228
4692;24522883000;24400177777;24600177777;10240;10228
4693;24522892000;24400177777;24600177777;10240;10228
4694;24523169000;24400177777;24600177777;10240;10228
4695;24523179000;24400177777;24600177777;10240;10228
4696;24523190000;24400177777;24600177777;10240;10228
4697;24563887000;24441800000;24641800000;10240;10228
4698;24563907000;24441800000;24641800000;10240;10228
4699;24564136000;24441800000;24641800000;10240;10228
4700;24564157000;24441800000;24641800000;10240;10228
4701;24564358000;24441800000;24641800000;10240;10228
4702;24564364000;24441800000;24641800000;10240;10228
4703;24564637000;24441800000;24641800000;10240;10228
4704;24564655000;24441800000;24641800000;10240;10228
4705;24564885000;24441800000;24641800000;10240;10228
4706;24564904000;24441800000;24641800000;10240;10228
4707;24565151000;24441800000;24641800000;10240;10228
4708;24605489000;24483522222;24683522222;10240;10228
4709;24605503000;24483522222;24683522222;10240;10228
4710;24605734000;24483522222;24683522222;10240;10228
4711;24605747000;24483522222;24683522222;10240;10228
4712;24605983000;24483522222;24683522222;10240;10228
4714;24606000000;24483522222;24683522222;10240;10228
4715;24606238000;24483522222;24683522222;10240;10228
4716;24606245000;24483522222;24683522222;10240;10228
4717;24606478000;24483522222;24683522222;10240;10228
4718;24606485000;24483522222;24683522222;10240;10228
4719;24647151000;24525144444;24725144444;10240;10228
4720;24647384000;24525144444;24725144444;10240;10228
4721;24647392000;24525144444;24725144444;10240;10228
4722;24647398000;24525144444;24725144444;10240;10228
4723;24647638000;24525144444;24725144444;10240;10228
4724;24647657000;24525144444;24725144444;10240;10228
4725;24647889000;24525144444;24725144444;10240;10228
4727;24647902000;24525144444;24725144444;10240;10228
4728;24648134000;24525144444;24725144444;10240;10228
4729;24648142000;24525144444;24725144444;10240;10228
4730;24688805000;24566788888;24766788888;10240;10228
4732;24688821000;24566788888;24766788888;10240;10228
4733;24689055000;24566788888;24766788888;10240;10228
4735;24689069000;24566788888;24766788888;10240;10228
4736;24689301000;24566788888;24766788888;10240;10228
4737;24689309000;24566788888;24766788888;10240;10228
4738;24689554000;24566788888;24766788888;10240;10228
4739;24689561000;24566788888;24766788888;10240;10228
4740;24689806000;24566788888;24766788888;10240;10228
4741;24730480000;24608500000;24808500000;10240;10228
4742;24730729000;24608500000;24808500000;10240;10228
4743;24730743000;24608500000;24808500000;10240;10228
4744;24730749000;24608500000;24808500000;10240;10228
4745;24730979000;24608500000;24808500000;10240;10228
4746;24730994000;24608500000;24808500000;10240;10228
4748;24731222000;24608500000;24808500000;10240;10228
4749;24731230000;24608500000;24808500000;10240;10228
4750;24731473000;24608500000;24808500000;10240;10228
4751;24731491000;24608500000;24808500000;10240;10228
4753;24772239000;24650188888;24850188888;10240;10228
4754;24772260000;24650188888;24850188888;10240;10228
4755;24772446000;24650188888;24850188888;10240;10228
4756;24772457000;24650188888;24850188888;10240;10228
4757;24772718000;24650188888;24850188888;10240;10228
4758;24772736000;24650188888;24850188888;10240;10228
4759;24772964000;24650188888;24850188888;10240;10228
4760;24772983000;24650188888;24850188888;10240;10228
4761;24773244000;24650188888;24850188888;10240;10228
4762;24773253000;24650188888;24850188888;10240;10228
4763;24813889000;24691822222;24891822222;10240;10228
4764;24813908000;24691822222;24891822222;10240;10228
4769;24814138000;24691822222;24891822222;10240;10228
4770;24814157000;24691822222;24891822222;10240;10228
4771;24814386000;24691822222;24891822222;10240;10228
4772;24814397000;24691822222;24891822222;10240;10228
4773;24814633000;24691822222;24891822222;10240;10228
4774;24855494000;24733544444;24933544444;10240;10228
4775;24855503000;24733544444;24933544444;10240;10228
4776;24855744000;24733544444;24933544444;10240;10228
4777;24855755000;24733544444;24933544444;10240;10228
4778;24855994000;24733544444;24933544444;10240;10228
4779;24856010000;24733544444;24933544444;10240;10228
4780;24856236000;24733544444;24933544444;10240;10228
4781;24856242000;24733544444;24933544444;10240;10228
4782;24856486000;24733544444;24933544444;10240;10228
4783;24856492000;24733544444;24933544444;10240;10228
4784;24856744000;24733544444;24933544444;10240;10228
4785;24897163000;24775155555;24975155555;10240;10228
4786;24897176000;24775155555;24975155555;10240;10228
4787;24897409000;24775155555;24975155555;10240;10228
4788;24897416000;24775155555;24975155555;10240;10228
4789;24897666000;24775155555;24975155555;10240;10228
4790;24897679000;24775155555;24975155555;10240;10228
4791;24897916000;24775155555;24975155555;10240;10228
4792;24897932000;24775155555;24975155555;10240;10228
4793;24898170000;24775155555;24975155555;10240;10228
4794;24898179000;24775155555;24975155555;10240;10228
4795;24898408000;24775155555;24975155555;10240;10228
4796;24938829000;24816844444;25016844444;10240;10228
4797;24938841000;24816844444;25016844444;10240;10228
4798;24939079000;24816844444;25016844444;10240;10228
4799;24939096000;24816844444;25016844444;10240;10228
4802;24939323000;24816844444;25016844444;10240;10228
4803;24939331000;24816844444;25016844444;10240;10228
4804;24939590000;24816844444;25016844444;10240;10228
4805;24939603000;24816844444;25016844444;10240;10228
4806;24939844000;24816844444;25016844444;10240;10228
4807;24980481000;24858533333;25058533333;10240;10228
4808;24980731000;24858533333;25058533333;10240;10228
4809;24980745000;24858533333;25058533333;10240;10228
4810;24980752000;24858533333;25058533333;10240;10228
4811;24980981000;24858533333;25058533333;10240;10228
4812;24980999000;24858533333;25058533333;10240;10228
4813;24981225000;24858533333;25058533333;10240;10228
4814;24981232000;24858533333;25058533333;10240;10228
4815;24981479000;24858533333;25058533333;10240;10228
4816;24981486000;24858533333;25058533333;10240;10228
4817;24981720000;24858533333;25058533333;10240;10228
4818;25022138000;24900166666;25100166666;10240;10228
4819;25022153000;24900166666;25100166666;10240;10228
4820;25022421000;24900166666;25100166666;10240;10228
4821;25022449000;24900166666;25100166666;10240;10228
4823;25022673000;24900166666;25100166666;10240;10228
4824;25022689000;24900166666;25100166666;10240;10228
4825;25022927000;24900166666;25100166666;10240;10228
4826;25022942000;24900166666;25100166666;10240;10228
4827;25023133000;24900166666;25100166666;10240;10228
4828;25023143000;24900166666;25100166666;10240;10228
4829;25063825000;24941833333;25141833333;10240;10228
4833;25063839000;24941833333;25141833333;10240;10228
4834;25064075000;24941833333;25141833333;10240;10228
4835;25064088000;24941833333;25141833333;10240;10228
4836;25064316000;24941833333;25141833333;10240;10228
4837;25064330000;24941833333;25141833333;10240;10228
4838;25064620000;24941833333;25141833333;10240;10228
4839;25064638000;24941833333;25141833333;10240;10228
4840;25105494000;24983533333;25183533333;10240;10228
4841;25105508000;24983533333;25183533333;10240;10228
4842;25105737000;24983533333;25183533333;10240;10228
4843;25105752000;24983533333;25183533333;10240;10228
4844;25105994000;24983533333;25183533333;10240;10228
4846;25106009000;24983533333;25183533333;10240;10228
4847;25106228000;24983533333;25183533333;10240;10228
4848;25106240000;24983533333;25183533333;10240;10228
4849;25106485000;24983533333;25183533333;10240;10228
4851;25147149000;25025211111;25225211111;10240;10228
4852;25147162000;25025211111;25225211111;10240;10228
4853;25147389000;25025211111;25225211111;10240;10228
4854;25147399000;25025211111;25225211111;10240;10228
4855;25147647000;25025211111;25225211111;10240;10228
4856;25147662000;25025211111;25225211111;10240;10228
4857;25147855000;25025211111;25225211111;10240;10228
4858;25147865000;25025211111;25225211111;10240;10228
4859;25148103000;25025211111;25225211111;10240;10228
4860;25148113000;25025211111;25225211111;10240;10228
4861;25148387000;25025211111;25225211111;10240;10228
4862;25188827000;25066800000;25266800000;10240;10228
4863;25188841000;25066800000;25266800000;10240;10228
4864;25189073000;25066800000;25266800000;10240;10228
4865;25189087000;25066800000;25266800000;10240;10228
4867;25189313000;25066800000;25266800000;10240;10228
4868;25189324000;25066800000;25266800000;10240;10228
4869;25189585000;25066800000;25266800000;10240;10228
4870;25189595000;25066800000;25266800000;10240;10228
4871;25189822000;25066800000;25266800000;10240;10228
4872;25189838000;25066800000;25266800000;10240;10228
4873;25230493000;25108522222;25308522222;10240;10228
4874;25230508000;25108522222;25308522222;10240;10228
4875;25230737000;25108522222;25308522222;10240;10228
4876;25230752000;25108522222;25308522222;10240;10228
4877;25230993000;25108522222;25308522222;10240;10228
4878;25231009000;25108522222;25308522222;10240;10228
4879;25231228000;25108522222;25308522222;10240;10228
4880;25231239000;25108522222;25308522222;10240;10228
4881;25231485000;25108522222;25308522222;10240;10228
4882;25231495000;25108522222;25308522222;10240;10228
4883;25231737000;25108522222;25308522222;10240;10228
4884;25272156000;25150166666;25350166666;10240;10228
4885;25272168000;25150166666;25350166666;10240;10228
4886;25272419000;25150166666;25350166666;10240;10228
4888;25272431000;25150166666;25350166666;10240;10228
4889;25272640000;25150166666;25350166666;10240;10228
4890;25272651000;25150166666;25350166666;10240;10228
4892;25272890000;25150166666;25350166666;10240;10228
4893;25272901000;25150166666;25350166666;10240;10228
4894;25273185000;25150166666;25350166666;10240;10228
4895;25313841000;25191822222;25391822222;10240;10228
4896;25313856000;25191822222;25391822222;10240;10228
4897;25314089000;25191822222;25391822222;10240;10228
4898;25314103000;25191822222;25391822222;10240;10228
4899;25314329000;25191822222;25391822222;10240;10228
4900;25314341000;25191822222;25391822222;10240;10228
4901;25314591000;25191822222;25391822222;10240;10228
4902;25314607000;25191822222;25391822222;10240;10228
4903;25314842000;25191822222;25391822222;10240;10228
4904;25314858000;25191822222;25391822222;10240;10228
4905;25315080000;25191822222;25391822222;10240;10228
4906;25355501000;25233566666;25433566666;10240;10228
4907;25355531000;25233566666;25433566666;10240;10228
4908;25355746000;25233566666;25433566666;10240;10228
4909;25355759000;25233566666;25433566666;10240;10228
4910;25355955000;25233566666;25433566666;10240;10228
4911;25355965000;25233566666;25433566666;10240;10228
4912;25356215000;25233566666;25433566666;10240;10228
4913;25356235000;25233566666;25433566666;10240;10228
4914;25356501000;25233566666;25433566666;10240;10228
4915;25356539000;25233566666;25433566666;10240;10228
4916;25356744000;25233566666;25433566666;10240;10228
4917;25397142000;25275177777;25475177777;10240;10228
4918;25397156000;25275177777;25475177777;10240;10228
4919;25397398000;25275177777;25475177777;10240;10228
4920;25397408000;25275177777;25475177777;10240;10228
4921;25397641000;25275177777;25475177777;10240;10228
4922;25397655000;25275177777;25475177777;10240;10228
4923;25397888000;25275177777;25475177777;10240;10228
4924;25397903000;25275177777;25475177777;10240;10228
4925;25398131000;25275177777;25475177777;10240;10228
4926;25398142000;25275177777;25475177777;10240;10228
4927;25398355000;25275177777;25475177777;10240;10228
4928;25438896000;25316833333;25516833333;10240;10228
4929;25438916000;25316833333;25516833333;10240;10228
4930;25439089000;25316833333;25516833333;10240;10228
4931;25439101000;25316833333;25516833333;10240;10228
4932;25439319000;25316833333;25516833333;10240;10228
4933;25439328000;25316833333;25516833333;10240;10228
4934;25439563000;25316833333;25516833333;10240;10228
4935;25439573000;25316833333;25516833333;10240;10228
4936;25439835000;25316833333;25516833333;10240;10228
4937;25439849000;25316833333;25516833333;10240;10228
4938;25440075000;25316833333;25516833333;10240;10228
4939;25480498000;25358533333;25558533333;10240;10228
4940;25480509000;25358533333;25558533333;10240;10228
4941;25480743000;25358533333;25558533333;10240;10228
4943;25480755000;25358533333;25558533333;10240;10228
4944;25480996000;25358533333;25558533333;10240;10228
4945;25481010000;25358533333;25558533333;10240;10228
4946;25481203000;25358533333;25558533333;10240;10228
4947;25481212000;25358533333;25558533333;10240;10228
4948;25481460000;25358533333;25558533333;10240;10228
4949;25481478000;25358533333;25558533333;10240;10228
4950;25522174000;25400177777;25600177777;10240;10228
4951;25522189000;25400177777;25600177777;10240;10228
4952;25522412000;25400177777;25600177777;10240;10228
4953;25522423000;25400177777;25600177777;10240;10228
4954;25522667000;25400177777;25600177777;10240;10228
4956;25522682000;25400177777;25600177777;10240;10228
4957;25522916000;25400177777;25600177777;10240;10228
4958;25522931000;25400177777;25600177777;10240;10228
4959;25523168000;25400177777;25600177777;10240;10228
4960;25523179000;25400177777;25600177777;10240;10228
4961;25563832000;25441844444;25641844444;10240;10228
4962;25563847000;25441844444;25641844444;10240;10228
4963;25564073000;25441844444;25641844444;10240;10228
4964;25564084000;25441844444;25641844444;10240;10228
4965;25564325000;25441844444;25641844444;10240;10228
4966;25564335000;25441844444;25641844444;10240;10228
4967;25564560000;25441844444;25641844444;10240;10228
4968;25564572000;25441844444;25641844444;10240;10228
4969;25564789000;25441844444;25641844444;10240;10228
4970;25564798000;25441844444;25641844444;10240;10228
4971;25565085000;25441844444;25641844444;10240;10228
4972;25605485000;25483533333;25683533333;10240;10228
4973;25605500000;25483533333;25683533333;10240;10228
4976;25605727000;25483533333;25683533333;10240;10228
4977;25605743000;25483533333;25683533333;10240;10228
4978;25605984000;25483533333;25683533333;10240;10228
4979;25605999000;25483533333;25683533333;10240;10228
4980;25606218000;25483533333;25683533333;10240;10228
4981;25606229000;25483533333;25683533333;10240;10228
4982;25606474000;25483533333;25683533333;10240;10228
4983;25647152000;25525188888;25725188888;10240;10228
4984;25647168000;25525188888;25725188888;10240;10228
4985;25647393000;25525188888;25725188888;10240;10228
4986;25647404000;25525188888;25725188888;10240;10228
4987;25647647000;25525188888;25725188888;10240;10228
4988;25647662000;25525188888;25725188888;10240;10228
4989;25647860000;25525188888;25725188888;10240;10228
4990;25647870000;25525188888;25725188888;10240;10228
4991;25648108000;25525188888;25725188888;10240;10228
4992;25648117000;25525188888;25725188888;10240;10228
4993;25648402000;25525188888;25725188888;10240;10228
4994;25688826000;25566811111;25766811111;10240;10228
4995;25688842000;25566811111;25766811111;10240;10228
4996;25689076000;25566811111;25766811111;10240;10228
4997;25689091000;25566811111;25766811111;10240;10228
4998;25689317000;25566811111;25766811111;10240;10228
4999;25689329000;25566811111;25766811111;10240;10228
5000;25689609000;25566811111;25766811111;10240;10228
5001;25689616000;25566811111;25766811111;10240;10228
5002;25689828000;25566811111;25766811111;10240;10228
5003;25689843000;25566811111;25766811111;10240;10228
5004;25690067000;25566811111;25766811111;10240;10228
5005;25730484000;25608544444;25808544444;10240;10228
5006;25730500000;25608544444;25808544444;10240;10228
5007;25730776000;25608544444;25808544444;10240;10228
5008;25730792000;25608544444;25808544444;10240;10228
5009;25731023000;25608544444;25808544444;10240;10228
5010;25731038000;25608544444;25808544444;10240;10228
5011;25731264000;25608544444;25808544444;10240;10228
5012;25731276000;25608544444;25808544444;10240;10228
5013;25731522000;25608544444;25808544444;10240;10228
5014;25731535000;25608544444;25808544444;10240;10228
5015;25731543000;25608544444;25808544444;10240;10228
5016;25772153000;25650200000;25850200000;10240;10228
5017;25772166000;25650200000;25850200000;10240;10228
5018;25772394000;25650200000;25850200000;10240;10228
5019;25772405000;25650200000;25850200000;10240;10228
5020;25772648000;25650200000;25850200000;10240;10228
5021;25772663000;25650200000;25850200000;10240;10228
5022;25772860000;25650200000;25850200000;10240;10228
5025;25772870000;25650200000;25850200000;10240;10228
5026;25773153000;25650200000;25850200000;10240;10228
5027;25813828000;25691811111;25891811111;10240;10228
5028;25813841000;25691811111;25891811111;10240;10228
5029;25814069000;25691811111;25891811111;10240;10228
5030;25814079000;25691811111;25891811111;10240;10228
5031;25814337000;25691811111;25891811111;10240;10228
5032;25814356000;25691811111;25891811111;10240;10228
5033;25814591000;25691811111;25891811111;10240;10228
5034;25814611000;25691811111;25891811111;10240;10228
5036;25814828000;25691811111;25891811111;10240;10228
5037;25814843000;25691811111;25891811111;10240;10228
5038;25855485000;25733533333;25933533333;10240;10228
5039;25855500000;25733533333;25933533333;10240;10228
5040;25855767000;25733533333;25933533333;10240;10228
5041;25855782000;25733533333;25933533333;10240;10228
5042;25856024000;25733533333;25933533333;10240;10228
5043;25856039000;25733533333;25933533333;10240;10228
5044;25856228000;25733533333;25933533333;10240;10228
5045;25856238000;25733533333;25933533333;10240;10228
5046;25856478000;25733533333;25933533333;10240;10228
5047;25856487000;25733533333;25933533333;10240;10228
5048;25856773000;25733533333;25933533333;10240;10228
5049;25897149000;25775166666;25975166666;10240;10228
5050;25897164000;25775166666;25975166666;10240;10228
5051;25897389000;25775166666;25975166666;10240;10228
5052;25897401000;25775166666;25975166666;10240;10228
5053;25897649000;25775166666;25975166666;10240;10228
5054;25897665000;25775166666;25975166666;10240;10228
5055;25897893000;25775166666;25975166666;10240;10228
5056;25897909000;25775166666;25975166666;10240;10228
5057;25898147000;25775166666;25975166666;10240;10228
5058;25898158000;25775166666;25975166666;10240;10228
5059;25898389000;25775166666;25975166666;10240;10228
5060;25938834000;25816811111;26016811111;10240;10228
5061;25938848000;25816811111;26016811111;10240;10228
5062;25939102000;25816811111;26016811111;10240;10228
5063;25939118000;25816811111;26016811111;10240;10228
5064;25939316000;25816811111;26016811111;10240;10228
5065;25939326000;25816811111;26016811111;10240;10228
5066;25939565000;25816811111;26016811111;10240;10228
5067;25939575000;25816811111;26016811111;10240;10228
5069;25939860000;25816811111;26016811111;10240;10228
5070;25939884000;25816811111;26016811111;10240;10228
5071;25980499000;25858555555;26058555555;10240;10228
5072;25980533000;25858555555;26058555555;10240;10228
5073;25980706000;25858555555;26058555555;10240;10228
5074;25980994000;25858555555;26058555555;10240;10228
5075;25981010000;25858555555;26058555555;10240;10228
5076;25981018000;25858555555;26058555555;10240;10228
5077;25981237000;25858555555;26058555555;10240;10228
5078;25981247000;25858555555;26058555555;10240;10228
5079;25981493000;25858555555;26058555555;10240;10228
5080;25981503000;25858555555;26058555555;10240;10228
5081;25981747000;25858555555;26058555555;10240;10228
5082;26022146000;25900166666;26100166666;10240;10228
5083;26022162000;25900166666;26100166666;10240;10228
5084;26022388000;25900166666;26100166666;10240;10228
5085;26022398000;25900166666;26100166666;10240;10228
5086;26022647000;25900166666;26100166666;10240;10228
5087;26022662000;25900166666;26100166666;10240;10228
5088;26022865000;25900166666;26100166666;10240;10228
5089;26022883000;25900166666;26100166666;10240;10228
5090;26023151000;25900166666;26100166666;10240;10228
5091;26023169000;25900166666;26100166666;10240;10228
5092;26023392000;25900166666;26100166666;10240;10228
5093;26063893000;25941822222;26141822222;10240;10228
5094;26063926000;25941822222;26141822222;10240;10228
5095;26064139000;25941822222;26141822222;10240;10228
5096;26064160000;25941822222;26141822222;10240;10228
5097;26064360000;25941822222;26141822222;10240;10228
5098;26064366000;25941822222;26141822222;10240;10228
5099;26064657000;25941822222;26141822222;10240;10228
5100;26064678000;25941822222;26141822222;10240;10228
5101;26064898000;25941822222;26141822222;10240;10228
5102;26064917000;25941822222;26141822222;10240;10228
5103;26065154000;25941822222;26141822222;10240;10228
5104;26105562000;25983522222;26183522222;10240;10228
5105;26105582000;25983522222;26183522222;10240;10228
5106;26105805000;25983522222;26183522222;10240;10228
5107;26105825000;25983522222;26183522222;10240;10228
5108;26106056000;25983522222;26183522222;10240;10228
5109;26106077000;25983522222;26183522222;10240;10228
5110;26106279000;25983522222;26183522222;10240;10228
5111;26106294000;25983522222;26183522222;10240;10228
5112;26106504000;25983522222;26183522222;10240;10228
5113;26106510000;25983522222;26183522222;10240;10228
5114;26106725000;25983522222;26183522222;10240;10228
5115;26147221000;26025177777;26225177777;10240;10228
5116;26147242000;26025177777;26225177777;10240;10228
5118;26147465000;26025177777;26225177777;10240;10228
5119;26147477000;26025177777;26225177777;10240;10228
5120;26147633000;26025177777;26225177777;10240;10228
5121;26147648000;26025177777;26225177777;10240;10228
5122;26147882000;26025177777;26225177777;10240;10228
5123;26147902000;26025177777;26225177777;10240;10228
5124;26148249000;26025177777;26225177777;10240;10228
5125;26148259000;26025177777;26225177777;10240;10228
5126;26188929000;26066811111;26266811111;10240;10228
5127;26188950000;26066811111;26266811111;10240;10228
5128;26189153000;26066811111;26266811111;10240;10228
5129;26189159000;26066811111;26266811111;10240;10228
5130;26189409000;26066811111;26266811111;10240;10228
5131;26189414000;26066811111;26266811111;10240;10228
5132;26189657000;26066811111;26266811111;10240;10228
5133;26189662000;26066811111;26266811111;10240;10228
5134;26189934000;26066811111;26266811111;10240;10228
5135;26189943000;26066811111;26266811111;10240;10228
5136;26189957000;26066811111;26266811111;10240;10228
5137;26230503000;26108522222;26308522222;10240;10228
5138;26230524000;26108522222;26308522222;10240;10228
5139;26230747000;26108522222;26308522222;10240;10228
5140;26230757000;26108522222;26308522222;10240;10228
5141;26230995000;26108522222;26308522222;10240;10228
5142;26231007000;26108522222;26308522222;10240;10228
5143;26231242000;26108522222;26308522222;10240;10228
5144;26231249000;26108522222;26308522222;10240;10228
5145;26231493000;26108522222;26308522222;10240;10228
5146;26231500000;26108522222;26308522222;10240;10228
5147;26231747000;26108522222;26308522222;10240;10228
5148;26272159000;26150188888;26350188888;10240;10228
5149;26272172000;26150188888;26350188888;10240;10228
5152;26272399000;26150188888;26350188888;10240;10228
5153;26272407000;26150188888;26350188888;10240;10228
5154;26272658000;26150188888;26350188888;10240;10228
5155;26272670000;26150188888;26350188888;10240;10228
5156;26272907000;26150188888;26350188888;10240;10228
5157;26272923000;26150188888;26350188888;10240;10228
5158;26273161000;26150188888;26350188888;10240;10228
5159;26313821000;26191811111;26391811111;10240;10228
5160;26313831000;26191811111;26391811111;10240;10228
5161;26314072000;26191811111;26391811111;10240;10228
5162;26314086000;26191811111;26391811111;10240;10228
5163;26314315000;26191811111;26391811111;10240;10228
5164;26314322000;26191811111;26391811111;10240;10228
5165;26314589000;26191811111;26391811111;10240;10228
5166;26314603000;26191811111;26391811111;10240;10228
5167;26314824000;26191811111;26391811111;10240;10228
5168;26314837000;26191811111;26391811111;10240;10228
5169;26315065000;26191811111;26391811111;10240;10228
5171;26355499000;26233533333;26433533333;10240;10228
5172;26355521000;26233533333;26433533333;10240;10228
5173;26355750000;26233533333;26433533333;10240;10228
5174;26355765000;26233533333;26433533333;10240;10228
5175;26355999000;26233533333;26433533333;10240;10228
5176;26356016000;26233533333;26433533333;10240;10228
5177;26356244000;26233533333;26433533333;10240;10228
5178;26356253000;26233533333;26433533333;10240;10228
5179;26356495000;26233533333;26433533333;10240;10228
5180;26356502000;26233533333;26433533333;10240;10228
5183;26397147000;26275211111;26475211111;10240;10228
5185;26397388000;26275211111;26475211111;10240;10228
5186;26397396000;26275211111;26475211111;10240;10228
5187;26397402000;26275211111;26475211111;10240;10228
5188;26397647000;26275211111;26475211111;10240;10228
5189;26397660000;26275211111;26475211111;10240;10228
5190;26397897000;26275211111;26475211111;10240;10228
5191;26397913000;26275211111;26475211111;10240;10228
5192;26438821000;26316822222;26516822222;10240;10228
5193;26438832000;26316822222;26516822222;10240;10228
5194;26439070000;26316822222;26516822222;10240;10228
5195;26439084000;26316822222;26516822222;10240;10228
5196;26439314000;26316822222;26516822222;10240;10228
5197;26439321000;26316822222;26516822222;10240;10228
5198;26439590000;26316822222;26516822222;10240;10228
5199;26439605000;26316822222;26516822222;10240;10228
5200;26439828000;26316822222;26516822222;10240;10228
5201;26439844000;26316822222;26516822222;10240;10228
5202;26440100000;26316822222;26516822222;10240;10228
5203;26480499000;26358511111;26558511111;10240;10228
5204;26480521000;26358511111;26558511111;10240;10228
5205;26480740000;26358511111;26558511111;10240;10228
5207;26480755000;26358511111;26558511111;10240;10228
5208;26480994000;26358511111;26558511111;10240;10228
5209;26481009000;26358511111;26558511111;10240;10228
5210;26481230000;26358511111;26558511111;10240;10228
5211;26481242000;26358511111;26558511111;10240;10228
5212;26481450000;26358511111;26558511111;10240;10228
5213;26481461000;26358511111;26558511111;10240;10228
5214;26522152000;26400155555;26600155555;10240;10228
5215;26522167000;26400155555;26600155555;10240;10228
5216;26522393000;26400155555;26600155555;10240;10228
5217;26522406000;26400155555;26600155555;10240;10228
5218;26522647000;26400155555;26600155555;10240;10228
5219;26522663000;26400155555;26600155555;10240;10228
5220;26522897000;26400155555;26600155555;10240;10228
5221;26522911000;26400155555;26600155555;10240;10228
5222;26523145000;26400155555;26600155555;10240;10228
5223;26523155000;26400155555;26600155555;10240;10228
5224;26523392000;26400155555;26600155555;10240;10228
5225;26563842000;26441811111;26641811111;10240;10228
5226;26563858000;26441811111;26641811111;10240;10228
5227;26564092000;26441811111;26641811111;10240;10228
5228;26564108000;26441811111;26641811111;10240;10228
5229;26564298000;26441811111;26641811111;10240;10228
5230;26564309000;26441811111;26641811111;10240;10228
5233;26564557000;26441811111;26641811111;10240;10228
5234;26564589000;26441811111;26641811111;10240;10228
5235;26564842000;26441811111;26641811111;10240;10228
5236;26605498000;26483555555;26683555555;10240;10228
5237;26605530000;26483555555;26683555555;10240;10228
5238;26605704000;26483555555;26683555555;10240;10228
5239;26605998000;26483555555;26683555555;10240;10228
5241;26606011000;26483555555;26683555555;10240;10228
5242;26606020000;26483555555;26683555555;10240;10228
5243;26606234000;26483555555;26683555555;10240;10228
5244;26606246000;26483555555;26683555555;10240;10228
5245;26606489000;26483555555;26683555555;10240;10228
5246;26606500000;26483555555;26683555555;10240;10228
5247;26647148000;26525188888;26725188888;10240;10228
5248;26647163000;26525188888;26725188888;10240;10228
5249;26647389000;26525188888;26725188888;10240;10228
5250;26647400000;26525188888;26725188888;10240;10228
5251;26647648000;26525188888;26725188888;10240;10228
5252;26647663000;26525188888;26725188888;10240;10228
5253;26647907000;26525188888;26725188888;10240;10228
5254;26647921000;26525188888;26725188888;10240;10228
5255;26648142000;26525188888;26725188888;10240;10228
5256;26648153000;26525188888;26725188888;10240;10228
5257;26648364000;26525188888;26725188888;10240;10228
5258;26688891000;26566811111;26766811111;10240;10228
5259;26688911000;26566811111;26766811111;10240;10228
5260;26689134000;26566811111;26766811111;10240;10228
5261;26689142000;26566811111;26766811111;10240;10228
5262;26689361000;26566811111;26766811111;10240;10228
5263;26689367000;26566811111;26766811111;10240;10228
5264;26689652000;26566811111;26766811111;10240;10228
5265;26689658000;26566811111;26766811111;10240;10228
5266;26689890000;26566811111;26766811111;10240;10228
5267;26689909000;26566811111;26766811111;10240;10228
5268;26690118000;26566811111;26766811111;10240;10228
5269;26730579000;26608533333;26808533333;10240;10228
5270;26730600000;26608533333;26808533333;10240;10228
5271;26730816000;26608533333;26808533333;10240;10228
5272;26730837000;26608533333;26808533333;10240;10228
5273;26731074000;26608533333;26808533333;10240;10228
5274;26731094000;26608533333;26808533333;10240;10228
5275;26731310000;26608533333;26808533333;10240;10228
5276;26731331000;26608533333;26808533333;10240;10228
5277;26731591000;26608533333;26808533333;10240;10228
5278;26731610000;26608533333;26808533333;10240;10228
5279;26731773000;26608533333;26808533333;10240;10228
5280;26772156000;26650177777;26850177777;10240;10228
5282;26772179000;26650177777;26850177777;10240;10228
5283;26772391000;26650177777;26850177777;10240;10228
5284;26772399000;26650177777;26850177777;10240;10228
5285;26772647000;26650177777;26850177777;10240;10228
5286;26772662000;26650177777;26850177777;10240;10228
5287;26772896000;26650177777;26850177777;10240;10228
5288;26772911000;26650177777;26850177777;10240;10228
5289;26773146000;26650177777;26850177777;10240;10228
5290;26773160000;26650177777;26850177777;10240;10228
5291;26813824000;26691822222;26891822222;10240;10228
5292;26813832000;26691822222;26891822222;10240;10228
5293;26814072000;26691822222;26891822222;10240;10228
5297;26814085000;26691822222;26891822222;10240;10228
5298;26814316000;26691822222;26891822222;10240;10228
5299;26814323000;26691822222;26891822222;10240;10228
5300;26814558000;26691822222;26891822222;10240;10228
5301;26814565000;26691822222;26891822222;10240;10228
5302;26855493000;26733533333;26933533333;10240;10228
5303;26855504000;26733533333;26933533333;10240;10228
5304;26855742000;26733533333;26933533333;10240;10228
5305;26855759000;26733533333;26933533333;10240;10228
5306;26855986000;26733533333;26933533333;10240;10228
5307;26855994000;26733533333;26933533333;10240;10228
5308;26856237000;26733533333;26933533333;10240;10228
5309;26856245000;26733533333;26933533333;10240;10228
5310;26856487000;26733533333;26933533333;10240;10228
5313;26897133000;26775166666;26975166666;10240;10228
5314;26897375000;26775166666;26975166666;10240;10228
5315;26897382000;26775166666;26975166666;10240;10228
5316;26897388000;26775166666;26975166666;10240;10228
5317;26897633000;26775166666;26975166666;10240;10228
5318;26897646000;26775166666;26975166666;10240;10228
5319;26897884000;26775166666;26975166666;10240;10228
5320;26897896000;26775166666;26975166666;10240;10228
5321;26898127000;26775166666;26975166666;10240;10228
5322;26898135000;26775166666;26975166666;10240;10228
5323;26898377000;26775166666;26975166666;10240;10228
5324;26938810000;26816811111;27016811111;10240;10228
5325;26939059000;26816811111;27016811111;10240;10228
5326;26939075000;26816811111;27016811111;10240;10228
5327;26939081000;26816811111;27016811111;10240;10228
5329;26939308000;26816811111;27016811111;10240;10228
5330;26939315000;26816811111;27016811111;10240;10228
5331;26939545000;26816811111;27016811111;10240;10228
5332;26939551000;26816811111;27016811111;10240;10228
5333;26939810000;26816811111;27016811111;10240;10228
5334;26939829000;26816811111;27016811111;10240;10228
5335;26980492000;26858522222;27058522222;10240;10228
5336;26980506000;26858522222;27058522222;10240;10228
5337;26980744000;26858522222;27058522222;10240;10228
5338;26980756000;26858522222;27058522222;10240;10228
5339;26980993000;26858522222;27058522222;10240;10228
5340;26981009000;26858522222;27058522222;10240;10228
5342;26981236000;26858522222;27058522222;10240;10228
5343;26981244000;26858522222;27058522222;10240;10228
5344;26981487000;26858522222;27058522222;10240;10228
5345;26981494000;26858522222;27058522222;10240;10228
5346;27022145000;26900155555;27100155555;10240;10228
5347;27022154000;26900155555;27100155555;10240;10228
5348;27022388000;26900155555;27100155555;10240;10228
5349;27022395000;26900155555;27100155555;10240;10228
5351;27022648000;26900155555;27100155555;10240;10228
5352;27022659000;26900155555;27100155555;10240;10228
5353;27022897000;26900155555;27100155555;10240;10228
5354;27022910000;26900155555;27100155555;10240;10228
5355;27023140000;26900155555;27100155555;10240;10228
5356;27023147000;26900155555;27100155555;10240;10228
5357;27063810000;26941822222;27141822222;10240;10228
5358;27064064000;26941822222;27141822222;10240;10228
5359;27064073000;26941822222;27141822222;10240;10228
5360;27064088000;26941822222;27141822222;10240;10228
5361;27064301000;26941822222;27141822222;10240;10228
5362;27064308000;26941822222;27141822222;10240;10228
5363;27064541000;26941822222;27141822222;10240;10228
5364;27064549000;26941822222;27141822222;10240;10228
5365;27064809000;26941822222;27141822222;10240;10228
5366;27064824000;26941822222;27141822222;10240;10228
5367;27065058000;26941822222;27141822222;10240;10228
5368;27105485000;26983533333;27183533333;10240;10228
5369;27105495000;26983533333;27183533333;10240;10228
5370;27105731000;26983533333;27183533333;10240;10228
5371;27105744000;26983533333;27183533333;10240;10228
5372;27105979000;26983533333;27183533333;10240;10228
5373;27105994000;26983533333;27183533333;10240;10228
5374;27106222000;26983533333;27183533333;10240;10228
5375;27106229000;26983533333;27183533333;10240;10228
5376;27106473000;26983533333;27183533333;10240;10228
5377;27106480000;26983533333;27183533333;10240;10228
5378;27106729000;26983533333;27183533333;10240;10228
5379;27147148000;27025155555;27225155555;10240;10228
5380;27147156000;27025155555;27225155555;10240;10228
5381;27147391000;27025155555;27225155555;10240;10228
5387;27147397000;27025155555;27225155555;10240;10228
5388;27147647000;27025155555;27225155555;10240;10228
5389;27147660000;27025155555;27225155555;10240;10228
5390;27188821000;27066788888;27266788888;10240;10228
5391;27188834000;27066788888;27266788888;10240;10228
5392;27189073000;27066788888;27266788888;10240;10228
5393;27189087000;27066788888;27266788888;10240;10228
5394;27189314000;27066788888;27266788888;10240;10228
5395;27189322000;27066788888;27266788888;10240;10228
5397;27189601000;27066788888;27266788888;10240;10228
5398;27189616000;27066788888;27266788888;10240;10228
5399;27189822000;27066788888;27266788888;10240;10228
5400;27189837000;27066788888;27266788888;10240;10228
5401;27230493000;27108522222;27308522222;10240;10228
5402;27230503000;27108522222;27308522222;10240;10228
5403;27230742000;27108522222;27308522222;10240;10228
5404;27230756000;27108522222;27308522222;10240;10228
5405;27230993000;27108522222;27308522222;10240;10228
5406;27231008000;27108522222;27308522222;10240;10228
5407;27231236000;27108522222;27308522222;10240;10228
5408;27231243000;27108522222;27308522222;10240;10228
5409;27231497000;27108522222;27308522222;10240;10228
5410;27231504000;27108522222;27308522222;10240;10228
5411;27231744000;27108522222;27308522222;10240;10228
5412;27272153000;27150177777;27350177777;10240;10228
5413;27272169000;27150177777;27350177777;10240;10228
5414;27272386000;27150177777;27350177777;10240;10228
5415;27272393000;27150177777;27350177777;10240;10228
5416;27272643000;27150177777;27350177777;10240;10228
5417;27272660000;27150177777;27350177777;10240;10228
5418;27272894000;27150177777;27350177777;10240;10228
5419;27272909000;27150177777;27350177777;10240;10228
5421;27273139000;27150177777;27350177777;10240;10228
5422;27273145000;27150177777;27350177777;10240;10228
5423;27313802000;27191811111;27391811111;10240;10228
5424;27313811000;27191811111;27391811111;10240;10228
5425;27314048000;27191811111;27391811111;10240;10228
5426;27314061000;27191811111;27391811111;10240;10228
5427;27314291000;27191811111;27391811111;10240;10228
5428;27314298000;27191811111;27391811111;10240;10228
5429;27314554000;27191811111;27391811111;10240;10228
5430;27314561000;27191811111;27391811111;10240;10228
5431;27314800000;27191811111;27391811111;10240;10228
5432;27314816000;27191811111;27391811111;10240;10228
5433;27315047000;27191811111;27391811111;10240;10228
5434;27355496000;27233500000;27433500000;10240;10228
5435;27355504000;27233500000;27433500000;10240;10228
5436;27355744000;27233500000;27433500000;10240;10228
5437;27355757000;27233500000;27433500000;10240;10228
5438;27355995000;27233500000;27433500000;10240;10228
5439;27356008000;27233500000;27433500000;10240;10228
5440;27356238000;27233500000;27433500000;10240;10228
5441;27356245000;27233500000;27433500000;10240;10228
5442;27356492000;27233500000;27433500000;10240;10228
5443;27356498000;27233500000;27433500000;10240;10228
5444;27356745000;27233500000;27433500000;10240;10228
5445;27397131000;27275166666;27475166666;10240;10228
5446;27397374000;27275166666;27475166666;10240;10228
5447;27397381000;27275166666;27475166666;10240;10228
5448;27397387000;27275166666;27475166666;10240;10228
5449;27397631000;27275166666;27475166666;10240;10228
5450;27397648000;27275166666;27475166666;10240;10228
5451;27397882000;27275166666;27475166666;10240;10228
5452;27397896000;27275166666;27475166666;10240;10228
5453;27398129000;27275166666;27475166666;10240;10228
5454;27398135000;27275166666;27475166666;10240;10228
5455;27398377000;27275166666;27475166666;10240;10228
5456;27438825000;27316822222;27516822222;10240;10228
5457;27438833000;27316822222;27516822222;10240;10228
5458;27439074000;27316822222;27516822222;10240;10228
5459;27439081000;27316822222;27516822222;10240;10228
5460;27439324000;27316822222;27516822222;10240;10228
5461;27439330000;27316822222;27516822222;10240;10228
5462;27439596000;27316822222;27516822222;10240;10228
5463;27439603000;27316822222;27516822222;10240;10228
5464;27439827000;27316822222;27516822222;10240;10228
5465;27439833000;27316822222;27516822222;10240;10228
5466;27440070000;27316822222;27516822222;10240;10228
5467;27480463000;27358522222;27558522222;10240;10228
5468;27480700000;27358522222;27558522222;10240;10228
5469;27480714000;27358522222;27558522222;10240;10228
5470;27480722000;27358522222;27558522222;10240;10228
5471;27480985000;27358522222;27558522222;10240;10228
5472;27480998000;27358522222;27558522222;10240;10228
5473;27481235000;27358522222;27558522222;10240;10228
5474;27481244000;27358522222;27558522222;10240;10228
5475;27481483000;27358522222;27558522222;10240;10228
5476;27481492000;27358522222;27558522222;10240;10228
5477;27481738000;27358522222;27558522222;10240;10228
5478;27522155000;27400166666;27600166666;10240;10228
5479;27522169000;27400166666;27600166666;10240;10228
5480;27522395000;27400166666;27600166666;10240;10228
5481;27522406000;27400166666;27600166666;10240;10228
5482;27522648000;27400166666;27600166666;10240;10228
5483;27522669000;27400166666;27600166666;10240;10228
5484;27522899000;27400166666;27600166666;10240;10228
5485;27522912000;27400166666;27600166666;10240;10228
5486;27523147000;27400166666;27600166666;10240;10228
5487;27523156000;27400166666;27600166666;10240;10228
5488;27523396000;27400166666;27600166666;10240;10228
5489;27563841000;27441822222;27641822222;10240;10228
5490;27563855000;27441822222;27641822222;10240;10228
5491;27564091000;27441822222;27641822222;10240;10228
5492;27564106000;27441822222;27641822222;10240;10228
5494;27564297000;27441822222;27641822222;10240;10228
5495;27564309000;27441822222;27641822222;10240;10228
5496;27564557000;27441822222;27641822222;10240;10228
5497;27564566000;27441822222;27641822222;10240;10228
5498;27564842000;27441822222;27641822222;10240;10228
5499;27564857000;27441822222;27641822222;10240;10228
