seqnum;now;rtptime;deadline
2;3725891000;3647677777;4147677777
3;3765368000;3678744444;4178744444
4;3765407000;3678744444;4178744444
5;3765410000;3678744444;4178744444
6;3765414000;3678744444;4178744444
7;3765416000;3678744444;4178744444
8;3765431000;3678744444;4178744444
9;3765433000;3678744444;4178744444
10;3765658000;3678788888;4178788888
11;3765674000;3679155555;4179155555
12;3765676000;3679155555;4179155555
13;3765678000;3679155555;4179155555
14;3811315000;3720377777;4220377777
22;3811431000;3720800000;4220800000
23;3811444000;3720800000;4220800000
24;3811446000;3720800000;4220800000
25;3848552000;3762033333;4262033333
26;3848565000;3762033333;4262033333
27;3848567000;3762033333;4262033333
28;3848569000;3762033333;4262033333
29;3848571000;3762033333;4262033333
30;3848574000;3762033333;4262033333
31;3848576000;3762033333;4262033333
32;3848783000;3762077777;4262077777
33;3848789000;3762433333;4262433333
34;3848792000;3762433333;4262433333
35;3848794000;3762433333;4262433333
36;3889947000;3803711111;4303711111
37;3889959000;3803711111;4303711111
38;3889961000;3803711111;4303711111
39;3889963000;3803711111;4303711111
40;3889965000;3803711111;4303711111
41;3889967000;3803711111;4303711111
42;3889969000;3803711111;4303711111
43;3890191000;3803755555;4303755555
44;3890198000;3804088888;4304088888
45;3890200000;3804088888;4304088888
46;3890202000;3804088888;4304088888
47;3931125000;3845400000;4345400000
48;3931135000;3845400000;4345400000
49;3931136000;3845400000;4345400000
50;3931138000;3845400000;4345400000
51;3931139000;3845400000;4345400000
52;3931140000;3845400000;4345400000
53;3931142000;3845400000;4345400000
54;3931373000;3845444444;4345444444
55;3931381000;3845755555;4345755555
56;3931383000;3845755555;4345755555
57;3931384000;3845755555;4345755555
58;3971810000;3887044444;4387044444
59;3971814000;3887044444;4387044444
60;3971815000;3887044444;4387044444
61;3971816000;3887044444;4387044444
62;3971818000;3887044444;4387044444
63;3971819000;3887044444;4387044444
64;3971820000;3887044444;4387044444
65;3971979000;3887088888;4387088888
66;3971985000;3887400000;4387400000
67;3971986000;3887400000;4387400000
68;3971987000;3887400000;4387400000
69;4012247000;3928711111;4428711111
70;4012250000;3928711111;4428711111
71;4012251000;3928711111;4428711111
72;4012253000;3928711111;4428711111
73;4012254000;3928711111;4428711111
74;4012255000;3928711111;4428711111
75;4012256000;3928711111;4428711111
76;4012458000;3928744444;4428744444
77;4012464000;3929088888;4429088888
78;4012466000;3929088888;4429088888
79;4012467000;3929088888;4429088888
80;4052227000;3970400000;4470400000
81;4052244000;3970400000;4470400000
82;4052249000;3970400000;4470400000
83;4052253000;3970400000;4470400000
84;4052258000;3970400000;4470400000
85;4052260000;3970400000;4470400000
86;4052263000;3970400000;4470400000
87;4052473000;3970444444;4470444444
88;4052482000;3970755555;4470755555
89;4052484000;3970755555;4470755555
90;4052496000;3970755555;4470755555
91;4091752000;4012077777;4512077777
92;4091757000;4012077777;4512077777
93;4091758000;4012077777;4512077777
94;4091760000;4012077777;4512077777
95;4091761000;4012077777;4512077777
96;4091763000;4012077777;4512077777
97;4091764000;4012077777;4512077777
98;4091979000;4012133333;4512133333
99;4091996000;4012488888;4512488888
100;4091997000;4012488888;4512488888
101;4091998000;4012488888;4512488888
102;4130942000;4053733333;4553733333
103;4130945000;4053733333;4553733333
104;4130946000;4053733333;4553733333
105;4130948000;4053733333;4553733333
106;4130949000;4053733333;4553733333
107;4130950000;4053733333;4553733333
108;4130952000;4053733333;4553733333
109;4131168000;4053777777;4553777777
110;4131174000;4054033333;4554033333
111;4131175000;4054033333;4554033333
112;4131176000;4054033333;4554033333
113;4169945000;4095400000;4595400000
114;4169949000;4095400000;4595400000
115;4169950000;4095400000;4595400000
116;4169951000;4095400000;4595400000
117;4169952000;4095400000;4595400000
118;4169953000;4095400000;4595400000
119;4169954000;4095400000;4595400000
120;4170164000;4095444444;4595444444
121;4170170000;4095744444;4595744444
122;4170192000;4095744444;4595744444
123;4170193000;4095744444;4595744444
124;4208839000;4137066666;4637066666
125;4208843000;4137066666;4637066666
126;4208844000;4137066666;4637066666
127;4208845000;4137066666;4637066666
128;4208846000;4137066666;4637066666
129;4208847000;4137066666;4637066666
130;4208848000;4137066666;4637066666
131;4209056000;4137111111;4637111111
132;4209063000;4137422222;4637422222
133;4209064000;4137422222;4637422222
134;4209065000;4137422222;4637422222
135;4248495000;4178711111;4678711111
136;4248499000;4178711111;4678711111
137;4248500000;4178711111;4678711111
138;4248501000;4178711111;4678711111
139;4248502000;4178711111;4678711111
140;4248503000;4178711111;4678711111
141;4248504000;4178711111;4678711111
142;4248637000;4178755555;4678755555
143;4248640000;4179033333;4679033333
144;4248642000;4179033333;4679033333
145;4248643000;4179033333;4679033333
146;4285554000;4220411111;4720411111
147;4285558000;4220411111;4720411111
148;4285559000;4220411111;4720411111
149;4285560000;4220411111;4720411111
150;4285561000;4220411111;4720411111
151;4285562000;4220411111;4720411111
152;4285563000;4220411111;4720411111
153;4285781000;4220466666;4720466666
154;4285785000;4220788888;4720788888
155;4285786000;4220788888;4720788888
156;4285787000;4220788888;4720788888
157;4324966000;4262044444;4762044444
158;4324970000;4262044444;4762044444
159;4324971000;4262044444;4762044444
160;4324972000;4262044444;4762044444
161;4324973000;4262044444;4762044444
162;4324974000;4262044444;4762044444
163;4324975000;4262044444;4762044444
164;4325115000;4262088888;4762088888
165;4325119000;4262422222;4762422222
166;4325120000;4262422222;4762422222
167;4325121000;4262422222;4762422222
168;4364758000;4303711111;4803711111
169;4364761000;4303711111;4803711111
170;4364762000;4303711111;4803711111
171;4364763000;4303711111;4803711111
172;4364764000;4303711111;4803711111
173;4364765000;4303711111;4803711111
174;4364766000;4303711111;4803711111
175;4364980000;4303744444;4803744444
176;4364983000;4304044444;4804044444
177;4364984000;4304044444;4804044444
178;4364986000;4304044444;4804044444
179;4404860000;4345400000;4845400000
180;4404863000;4345400000;4845400000
181;4404864000;4345400000;4845400000
182;4404865000;4345400000;4845400000
183;4404866000;4345400000;4845400000
184;4404867000;4345400000;4845400000
185;4404868000;4345400000;4845400000
186;4405099000;4345444444;4845444444
187;4405102000;4345733333;4845733333
188;4405103000;4345733333;4845733333
189;4405104000;4345733333;4845733333
190;4445247000;4387066666;4887066666
191;4445250000;4387066666;4887066666
192;4445251000;4387066666;4887066666
193;4445252000;4387066666;4887066666
194;4445253000;4387066666;4887066666
195;4445254000;4387066666;4887066666
196;4445255000;4387066666;4887066666
197;4445385000;4387111111;4887111111
198;4445388000;4387411111;4887411111
199;4445389000;4387411111;4887411111
200;4445390000;4387411111;4887411111
201;4485985000;4428722222;4928722222
202;4485988000;4428722222;4928722222
203;4485989000;4428722222;4928722222
204;4485991000;4428722222;4928722222
205;4485992000;4428722222;4928722222
206;4485992000;4428722222;4928722222
207;4485993000;4428722222;4928722222
208;4486205000;4428766666;4928766666
209;4486221000;4429055555;4929055555
210;4486222000;4429055555;4929055555
211;4486223000;4429055555;4929055555
212;4526972000;4470400000;4970400000
213;4526975000;4470400000;4970400000
214;4526976000;4470400000;4970400000
215;4526977000;4470400000;4970400000
216;4526978000;4470400000;4970400000
217;4526979000;4470400000;4970400000
218;4526980000;4470400000;4970400000
219;4527205000;4470444444;4970444444
220;4527211000;4470766666;4970766666
221;4527212000;4470766666;4970766666
222;4527213000;4470766666;4970766666
223;4568053000;4512066666;5012066666
224;4568057000;4512066666;5012066666
225;4568058000;4512066666;5012066666
226;4568059000;4512066666;5012066666
227;4568060000;4512066666;5012066666
228;4568061000;4512066666;5012066666
229;4568062000;4512066666;5012066666
230;4568192000;4512111111;5012111111
231;4568195000;4512433333;5012433333
232;4568196000;4512433333;5012433333
233;4568207000;4512433333;5012433333
234;4609506000;4553733333;5053733333
235;4609509000;4553733333;5053733333
236;4609510000;4553733333;5053733333
237;4609511000;4553733333;5053733333
238;4609512000;4553733333;5053733333
239;4609513000;4553733333;5053733333
240;4609514000;4553733333;5053733333
241;4609715000;4553777777;5053777777
242;4609721000;4554055555;5054055555
243;4609722000;4554055555;5054055555
244;4609723000;4554055555;5054055555
245;4651035000;4595400000;5095400000
246;4651039000;4595400000;5095400000
247;4651040000;4595400000;5095400000
248;4651041000;4595400000;5095400000
249;4651050000;4595400000;5095400000
250;4651052000;4595400000;5095400000
251;4651053000;4595400000;5095400000
252;4651172000;4595444444;5095444444
253;4651176000;4595766666;5095766666
254;4651177000;4595766666;5095766666
255;4651178000;4595766666;5095766666
256;4692637000;4637066666;5137066666
257;4692640000;4637066666;5137066666
258;4692641000;4637066666;5137066666
259;4692642000;4637066666;5137066666
260;4692643000;4637066666;5137066666
261;4692644000;4637066666;5137066666
262;4692645000;4637066666;5137066666
263;4692793000;4637133333;5137133333
265;4692797000;4637444444;5137444444
266;4692798000;4637444444;5137444444
267;4734295000;4678711111;5178711111
268;4734299000;4678711111;5178711111
269;4734300000;4678711111;5178711111
270;4734301000;4678711111;5178711111
271;4734302000;4678711111;5178711111
272;4734303000;4678711111;5178711111
273;4734304000;4678711111;5178711111
274;4734517000;4678744444;5178744444
275;4734520000;4679022222;5179022222
276;4734521000;4679022222;5179022222
277;4734522000;4679022222;5179022222
278;4828029000;4720400000;5220400000
284;4828032000;4720400000;5220400000
285;4828182000;4720444444;5220444444
286;4828185000;4720755555;5220755555
287;4828186000;4720755555;5220755555
288;4828188000;4720755555;5220755555
289;4868955000;4762066666;5262066666
299;4869075000;4762411111;5262411111
300;4910096000;4803711111;5303711111
308;4910204000;4804044444;5304044444
309;4910206000;4804044444;5304044444
310;4910208000;4804044444;5304044444
311;4950654000;4845411111;5345411111
319;4950767000;4845766666;5345766666
320;4950770000;4845766666;5345766666
321;4950771000;4845766666;5345766666
322;4990277000;4887033333;5387033333
330;4990390000;4887388888;5387388888
331;4990393000;4887388888;5387388888
332;4990394000;4887388888;5387388888
333;5029681000;4928711111;5428711111
341;5029834000;4929044444;5429044444
342;5029837000;4929044444;5429044444
343;5029839000;4929044444;5429044444
344;5068449000;4970366666;5470366666
352;5068558000;4970711111;5470711111
353;5068560000;4970711111;5470711111
354;5068561000;4970711111;5470711111
355;5106654000;5012033333;5512033333
363;5106762000;5012388888;5512388888
364;5106764000;5012388888;5512388888
365;5106766000;5012388888;5512388888
366;5144397000;5053733333;5553733333
374;5144505000;5054022222;5554022222
375;5144507000;5054022222;5554022222
376;5144509000;5054022222;5554022222
377;5181711000;5095400000;5595400000
378;5181713000;5095400000;5595400000
379;5181714000;5095400000;5595400000
380;5181715000;5095400000;5595400000
381;5181725000;5095400000;5595400000
382;5181727000;5095400000;5595400000
383;5181728000;5095400000;5595400000
384;5181898000;5095444444;5595444444
385;5181901000;5095733333;5595733333
386;5181902000;5095733333;5595733333
387;5181903000;5095733333;5595733333
388;5218884000;5137066666;5637066666
389;5218887000;5137066666;5637066666
390;5218888000;5137066666;5637066666
391;5218889000;5137066666;5637066666
392;5218890000;5137066666;5637066666
393;5218890000;5137066666;5637066666
394;5218891000;5137066666;5637066666
395;5219030000;5137111111;5637111111
396;5219033000;5137422222;5637422222
397;5219034000;5137422222;5637422222
398;5219035000;5137422222;5637422222
399;5255919000;5178711111;5678711111
400;5255931000;5178711111;5678711111
401;5255933000;5178711111;5678711111
402;5255935000;5178711111;5678711111
403;5255937000;5178711111;5678711111
404;5255939000;5178711111;5678711111
405;5255941000;5178711111;5678711111
406;5256143000;5178744444;5678744444
407;5256149000;5179022222;5679022222
408;5256182000;5179022222;5679022222
409;5256184000;5179022222;5679022222
410;5293000000;5220411111;5720411111
411;5293013000;5220411111;5720411111
412;5293016000;5220411111;5720411111
413;5293018000;5220411111;5720411111
414;5293020000;5220411111;5720411111
415;5293022000;5220411111;5720411111
416;5293024000;5220411111;5720411111
417;5293181000;5220455555;5720455555
418;5293189000;5220777777;5720777777
419;5293191000;5220777777;5720777777
420;5293193000;5220777777;5720777777
421;5334551000;5262033333;5762033333
422;5334564000;5262033333;5762033333
423;5334566000;5262033333;5762033333
424;5334570000;5262033333;5762033333
425;5334572000;5262033333;5762033333
426;5334575000;5262033333;5762033333
427;5334577000;5262033333;5762033333
428;5334812000;5262077777;5762077777
429;5334819000;5262400000;5762400000
430;5334821000;5262400000;5762400000
431;5334823000;5262400000;5762400000
432;5368734000;5303711111;5803711111
433;5368745000;5303711111;5803711111
434;5368747000;5303711111;5803711111
435;5368748000;5303711111;5803711111
436;5368751000;5303711111;5803711111
437;5368753000;5303711111;5803711111
438;5368755000;5303711111;5803711111
439;5369071000;5303755555;5803755555
440;5369080000;5304033333;5804033333
441;5369081000;5304033333;5804033333
442;5369083000;5304033333;5804033333
443;5408336000;5345400000;5845400000
444;5408346000;5345400000;5845400000
445;5408348000;5345400000;5845400000
446;5408350000;5345400000;5845400000
447;5408351000;5345400000;5845400000
448;5408353000;5345400000;5845400000
449;5408355000;5345400000;5845400000
450;5408544000;5345444444;5845444444
451;5408549000;5345722222;5845722222
452;5408551000;5345722222;5845722222
453;5408552000;5345722222;5845722222
454;5450932000;5387066666;5887066666
455;5450942000;5387066666;5887066666
456;5450944000;5387066666;5887066666
457;5450945000;5387066666;5887066666
458;5450947000;5387066666;5887066666
459;5450949000;5387066666;5887066666
460;5450952000;5387066666;5887066666
461;5451273000;5387111111;5887111111
462;5451294000;5387411111;5887411111
463;5451296000;5387411111;5887411111
464;5451297000;5387411111;5887411111
465;5486724000;5428711111;5928711111
466;5486729000;5428711111;5928711111
467;5486730000;5428711111;5928711111
468;5486731000;5428711111;5928711111
469;5486732000;5428711111;5928711111
470;5486734000;5428711111;5928711111
471;5486735000;5428711111;5928711111
472;5486944000;5428744444;5928744444
473;5486960000;5429022222;5929022222
474;5486961000;5429022222;5929022222
475;5486962000;5429022222;5929022222
476;5527398000;5470366666;5970366666
477;5527401000;5470366666;5970366666
478;5527403000;5470366666;5970366666
479;5527404000;5470366666;5970366666
480;5527405000;5470366666;5970366666
481;5527406000;5470366666;5970366666
482;5527407000;5470366666;5970366666
483;5527624000;5470411111;5970411111
484;5527640000;5470733333;5970733333
485;5527641000;5470733333;5970733333
486;5527642000;5470733333;5970733333
487;5568319000;5512066666;6012066666
488;5568323000;5512066666;6012066666
489;5568324000;5512066666;6012066666
490;5568325000;5512066666;6012066666
491;5568326000;5512066666;6012066666
492;5568327000;5512066666;6012066666
493;5568328000;5512066666;6012066666
494;5568529000;5512111111;6012111111
495;5568544000;5512433333;6012433333
496;5568546000;5512433333;6012433333
497;5568547000;5512433333;6012433333
498;5609631000;5553700000;6053700000
499;5609635000;5553700000;6053700000
500;5609636000;5553700000;6053700000
501;5609637000;5553700000;6053700000
502;5609638000;5553700000;6053700000
503;5609639000;5553700000;6053700000
504;5609640000;5553700000;6053700000
505;5609856000;5553744444;6053744444
506;5609862000;5554011111;6054011111
507;5609863000;5554011111;6054011111
508;5609865000;5554011111;6054011111
509;5651130000;5595400000;6095400000
510;5651134000;5595400000;6095400000
511;5651135000;5595400000;6095400000
512;5651136000;5595400000;6095400000
513;5651137000;5595400000;6095400000
514;5651138000;5595400000;6095400000
515;5651139000;5595400000;6095400000
516;5651311000;5595444444;6095444444
517;5651313000;5595755555;6095755555
518;5651326000;5595755555;6095755555
519;5651327000;5595755555;6095755555
520;5692680000;5637033333;6137033333
521;5692683000;5637033333;6137033333
522;5692684000;5637033333;6137033333
523;5692685000;5637033333;6137033333
524;5692686000;5637033333;6137033333
525;5692687000;5637033333;6137033333
526;5692688000;5637033333;6137033333
527;5692888000;5637077777;6137077777
528;5692903000;5637400000;6137400000
529;5692904000;5637400000;6137400000
530;5692905000;5637400000;6137400000
531;5734288000;5678700000;6178700000
532;5734291000;5678700000;6178700000
533;5734292000;5678700000;6178700000
534;5734293000;5678700000;6178700000
535;5734294000;5678700000;6178700000
536;5734295000;5678700000;6178700000
537;5734296000;5678700000;6178700000
538;5734496000;5678744444;6178744444
539;5734511000;5679033333;6179033333
540;5734512000;5679033333;6179033333
541;5734513000;5679033333;6179033333
542;5775981000;5720400000;6220400000
543;5775984000;5720400000;6220400000
544;5775985000;5720400000;6220400000
545;5775986000;5720400000;6220400000
546;5775987000;5720400000;6220400000
547;5775988000;5720400000;6220400000
548;5775989000;5720400000;6220400000
549;5776195000;5720444444;6220444444
550;5776211000;5720766666;6220766666
551;5776212000;5720766666;6220766666
552;5776213000;5720766666;6220766666
553;5817526000;5762033333;6262033333
554;5817530000;5762033333;6262033333
555;5817540000;5762033333;6262033333
556;5817541000;5762033333;6262033333
557;5817542000;5762033333;6262033333
558;5817543000;5762033333;6262033333
559;5817544000;5762033333;6262033333
560;5817681000;5762077777;6262077777
561;5817684000;5762388888;6262388888
562;5817686000;5762388888;6262388888
563;5817686000;5762388888;6262388888
564;5859278000;5803711111;6303711111
565;5859282000;5803711111;6303711111
566;5859283000;5803711111;6303711111
567;5859284000;5803711111;6303711111
568;5859285000;5803711111;6303711111
569;5859286000;5803711111;6303711111
570;5859287000;5803711111;6303711111
571;5859458000;5803744444;6303744444
572;5859461000;5804033333;6304033333
573;5859462000;5804033333;6304033333
574;5859463000;5804033333;6304033333
575;5900940000;5845400000;6345400000
576;5900944000;5845400000;6345400000
577;5900945000;5845400000;6345400000
578;5900946000;5845400000;6345400000
579;5900947000;5845400000;6345400000
580;5900948000;5845400000;6345400000
581;5900949000;5845400000;6345400000
582;5901190000;5845444444;6345444444
583;5901206000;5845755555;6345755555
584;5901207000;5845755555;6345755555
585;5901208000;5845755555;6345755555
586;5942553000;5887066666;6387066666
587;5942557000;5887066666;6387066666
588;5942567000;5887066666;6387066666
589;5942568000;5887066666;6387066666
590;5942569000;5887066666;6387066666
591;5942570000;5887066666;6387066666
592;5942571000;5887066666;6387066666
593;5942709000;5887111111;6387111111
594;5942712000;5887433333;6387433333
595;5942713000;5887433333;6387433333
596;5942714000;5887433333;6387433333
597;5984264000;5928711111;6428711111
598;5984267000;5928711111;6428711111
599;5984268000;5928711111;6428711111
600;5984269000;5928711111;6428711111
601;5984270000;5928711111;6428711111
602;5984271000;5928711111;6428711111
603;5984272000;5928711111;6428711111
604;5984472000;5928744444;6428744444
605;5984487000;5929044444;6429044444
606;5984488000;5929044444;6429044444
607;5984489000;5929044444;6429044444
608;6025953000;5970400000;6470400000
609;6025957000;5970400000;6470400000
610;6025958000;5970400000;6470400000
611;6025959000;5970400000;6470400000
612;6025959000;5970400000;6470400000
613;6025960000;5970400000;6470400000
614;6025961000;5970400000;6470400000
615;6026161000;5970444444;6470444444
616;6026176000;5970755555;6470755555
617;6026177000;5970755555;6470755555
618;6026178000;5970755555;6470755555
619;6067533000;6012044444;6512044444
620;6067537000;6012044444;6512044444
621;6067547000;6012044444;6512044444
622;6067548000;6012044444;6512044444
623;6067549000;6012044444;6512044444
624;6067550000;6012044444;6512044444
625;6067551000;6012044444;6512044444
626;6067686000;6012088888;6512088888
627;6067689000;6012400000;6512400000
628;6067691000;6012400000;6512400000
629;6067700000;6012400000;6512400000
630;6109258000;6053733333;6553733333
631;6109262000;6053733333;6553733333
632;6109263000;6053733333;6553733333
633;6109264000;6053733333;6553733333
634;6109265000;6053733333;6553733333
635;6109266000;6053733333;6553733333
636;6109267000;6053733333;6553733333
637;6109421000;6053777777;6553777777
638;6109427000;6054033333;6554033333
639;6109428000;6054033333;6554033333
640;6109429000;6054033333;6554033333
641;6150970000;6095400000;6595400000
642;6150974000;6095400000;6595400000
643;6150975000;6095400000;6595400000
644;6150976000;6095400000;6595400000
645;6150977000;6095400000;6595400000
646;6150978000;6095400000;6595400000
647;6150979000;6095400000;6595400000
648;6151184000;6095444444;6595444444
649;6151199000;6095744444;6595744444
650;6151200000;6095744444;6595744444
651;6151201000;6095744444;6595744444
652;6192537000;6137066666;6637066666
653;6192541000;6137066666;6637066666
654;6192542000;6137066666;6637066666
655;6192543000;6137066666;6637066666
656;6192544000;6137066666;6637066666
657;6192545000;6137066666;6637066666
658;6192546000;6137066666;6637066666
659;6192621000;6137111111;6637111111
660;6192624000;6137433333;6637433333
661;6192625000;6137433333;6637433333
662;6192626000;6137433333;6637433333
663;6234282000;6178711111;6678711111
664;6234286000;6178711111;6678711111
665;6234287000;6178711111;6678711111
666;6234288000;6178711111;6678711111
667;6234289000;6178711111;6678711111
668;6234289000;6178711111;6678711111
669;6234290000;6178711111;6678711111
670;6234490000;6178744444;6678744444
671;6234494000;6179033333;6679033333
672;6234495000;6179033333;6679033333
673;6234496000;6179033333;6679033333
674;6275982000;6220400000;6720400000
675;6275986000;6220400000;6720400000
676;6275987000;6220400000;6720400000
677;6275988000;6220400000;6720400000
678;6275989000;6220400000;6720400000
679;6275990000;6220400000;6720400000
680;6275991000;6220400000;6720400000
681;6276216000;6220444444;6720444444
682;6276232000;6220766666;6720766666
683;6276233000;6220766666;6720766666
684;6276234000;6220766666;6720766666
685;6317555000;6262066666;6762066666
686;6317558000;6262066666;6762066666
687;6317569000;6262066666;6762066666
688;6317570000;6262066666;6762066666
689;6317571000;6262066666;6762066666
690;6317572000;6262066666;6762066666
691;6317573000;6262066666;6762066666
692;6317711000;6262111111;6762111111
693;6317714000;6262444444;6762444444
694;6317716000;6262444444;6762444444
695;6317716000;6262444444;6762444444
696;6359207000;6303711111;6803711111
697;6359210000;6303711111;6803711111
698;6359211000;6303711111;6803711111
699;6359212000;6303711111;6803711111
700;6359213000;6303711111;6803711111
701;6359214000;6303711111;6803711111
702;6359215000;6303711111;6803711111
703;6359359000;6303744444;6803744444
704;6359361000;6304044444;6804044444
705;6359362000;6304044444;6804044444
706;6359363000;6304044444;6804044444
707;6400895000;6345400000;6845400000
708;6400898000;6345400000;6845400000
709;6400899000;6345400000;6845400000
710;6400900000;6345400000;6845400000
711;6400901000;6345400000;6845400000
712;6400902000;6345400000;6845400000
713;6400902000;6345400000;6845400000
714;6401046000;6345444444;6845444444
715;6401048000;6345744444;6845744444
716;6401049000;6345744444;6845744444
717;6401050000;6345744444;6845744444
718;6442550000;6387066666;6887066666
719;6442552000;6387066666;6887066666
720;6442553000;6387066666;6887066666
721;6442554000;6387066666;6887066666
722;6442555000;6387066666;6887066666
723;6442556000;6387066666;6887066666
724;6442567000;6387066666;6887066666
725;6442703000;6387111111;6887111111
726;6442706000;6387422222;6887422222
727;6442707000;6387422222;6887422222
728;6442708000;6387422222;6887422222
729;6485710000;6428711111;6928711111
730;6485718000;6428711111;6928711111
731;6485719000;6428711111;6928711111
732;6485721000;6428711111;6928711111
735;6485723000;6428711111;6928711111
736;6485877000;6428755555;6928755555
737;6485881000;6429055555;6929055555
738;6485882000;6429055555;6929055555
739;6485883000;6429055555;6929055555
740;6525948000;6470400000;6970400000
741;6525952000;6470400000;6970400000
742;6525962000;6470400000;6970400000
743;6525963000;6470400000;6970400000
744;6525965000;6470400000;6970400000
745;6525966000;6470400000;6970400000
746;6525968000;6470400000;6970400000
747;6526184000;6470444444;6970444444
748;6526199000;6470766666;6970766666
749;6526200000;6470766666;6970766666
750;6526201000;6470766666;6970766666
751;6620364000;6512077777;7012077777
759;6620480000;6512444444;7012444444
760;6620483000;6512444444;7012444444
761;6620484000;6512444444;7012444444
762;6661372000;6553700000;7053700000
770;6661476000;6554022222;7054022222
771;6661488000;6554022222;7054022222
772;6661489000;6554022222;7054022222
773;6702349000;6595366666;7095366666
781;6702461000;6595733333;7095733333
782;6702464000;6595733333;7095733333
783;6702465000;6595733333;7095733333
784;6742884000;6637066666;7137066666
792;6742996000;6637444444;7137444444
793;6742999000;6637444444;7137444444
794;6743000000;6637444444;7137444444
795;6782737000;6678711111;7178711111
803;6782817000;6679066666;7179066666
804;6782819000;6679066666;7179066666
805;6782820000;6679066666;7179066666
806;6822192000;6720400000;7220400000
814;6822303000;6720777777;7220777777
815;6822306000;6720777777;7220777777
816;6822308000;6720777777;7220777777
817;6860852000;6762033333;7262033333
826;6860990000;6762400000;7262400000
827;6860992000;6762400000;7262400000
828;6899037000;6803711111;7303711111
836;6899158000;6804033333;7304033333
837;6899160000;6804033333;7304033333
838;6899170000;6804033333;7304033333
839;6936664000;6845400000;7345400000
847;6936801000;6845766666;7345766666
848;6936804000;6845766666;7345766666
849;6936805000;6845766666;7345766666
850;6972854000;6887066666;7387066666
851;6972857000;6887066666;7387066666
852;6972858000;6887066666;7387066666
853;6972869000;6887066666;7387066666
854;6972870000;6887066666;7387066666
855;6972872000;6887066666;7387066666
856;6972873000;6887066666;7387066666
857;6973017000;6887111111;7387111111
858;6973021000;6887466666;7387466666
859;6973023000;6887466666;7387466666
860;6973025000;6887466666;7387466666
861;7009914000;6928711111;7428711111
862;7009917000;6928711111;7428711111
863;7009918000;6928711111;7428711111
864;7009919000;6928711111;7428711111
865;7009920000;6928711111;7428711111
866;7009930000;6928711111;7428711111
867;7009931000;6928711111;7428711111
868;7010073000;6928744444;7428744444
869;7010075000;6929055555;7429055555
870;7010076000;6929055555;7429055555
871;7010077000;6929055555;7429055555
872;7046824000;6970400000;7470400000
873;7046827000;6970400000;7470400000
874;7046840000;6970400000;7470400000
875;7046841000;6970400000;7470400000
876;7046842000;6970400000;7470400000
877;7046843000;6970400000;7470400000
878;7046844000;6970400000;7470400000
879;7047061000;6970444444;7470444444
880;7047064000;6970755555;7470755555
881;7047065000;6970755555;7470755555
882;7047066000;6970755555;7470755555
883;7084065000;7012066666;7512066666
884;7084078000;7012066666;7512066666
885;7084079000;7012066666;7512066666
886;7084080000;7012066666;7512066666
887;7084081000;7012066666;7512066666
888;7084082000;7012066666;7512066666
889;7084083000;7012066666;7512066666
890;7084283000;7012111111;7512111111
891;7084298000;7012433333;7512433333
892;7084300000;7012433333;7512433333
893;7084301000;7012433333;7512433333
894;7121692000;7053733333;7553733333
895;7121695000;7053733333;7553733333
896;7121696000;7053733333;7553733333
897;7121697000;7053733333;7553733333
898;7121708000;7053733333;7553733333
899;7121709000;7053733333;7553733333
900;7121709000;7053733333;7553733333
901;7121847000;7053777777;7553777777
902;7121850000;7054044444;7554044444
903;7121851000;7054044444;7554044444
904;7121852000;7054044444;7554044444
905;7159946000;7095400000;7595400000
906;7159949000;7095400000;7595400000
907;7159950000;7095400000;7595400000
908;7159951000;7095400000;7595400000
909;7159951000;7095400000;7595400000
910;7159953000;7095400000;7595400000
911;7159954000;7095400000;7595400000
912;7160166000;7095444444;7595444444
913;7160169000;7095777777;7595777777
914;7160170000;7095777777;7595777777
915;7160171000;7095777777;7595777777
916;7198845000;7137066666;7637066666
917;7198848000;7137066666;7637066666
918;7198849000;7137066666;7637066666
919;7198850000;7137066666;7637066666
920;7198851000;7137066666;7637066666
921;7198852000;7137066666;7637066666
922;7198853000;7137066666;7637066666
923;7198995000;7137111111;7637111111
924;7198998000;7137444444;7637444444
925;7198999000;7137444444;7637444444
926;7199000000;7137444444;7637444444
927;7238373000;7178711111;7678711111
928;7238376000;7178711111;7678711111
929;7238377000;7178711111;7678711111
930;7238378000;7178711111;7678711111
931;7238379000;7178711111;7678711111
932;7238380000;7178711111;7678711111
933;7238381000;7178711111;7678711111
934;7238523000;7178744444;7678744444
935;7238525000;7179044444;7679044444
936;7238526000;7179044444;7679044444
937;7238527000;7179044444;7679044444
938;7278503000;7220411111;7720411111
939;7278506000;7220411111;7720411111
940;7278507000;7220411111;7720411111
941;7278508000;7220411111;7720411111
942;7278509000;7220411111;7720411111
943;7278510000;7220411111;7720411111
944;7278511000;7220411111;7720411111
945;7278653000;7220444444;7720444444
946;7278656000;7220788888;7720788888
947;7278657000;7220788888;7720788888
948;7278658000;7220788888;7720788888
949;7319061000;7262033333;7762033333
950;7319064000;7262033333;7762033333
951;7319065000;7262033333;7762033333
952;7319066000;7262033333;7762033333
953;7319067000;7262033333;7762033333
954;7319068000;7262033333;7762033333
955;7319078000;7262033333;7762033333
956;7319212000;7262077777;7762077777
957;7319215000;7262422222;7762422222
958;7319216000;7262422222;7762422222
959;7319217000;7262422222;7762422222
960;7360036000;7303711111;7803711111
961;7360038000;7303711111;7803711111
962;7360039000;7303711111;7803711111
963;7360040000;7303711111;7803711111
964;7360041000;7303711111;7803711111
965;7360057000;7303711111;7803711111
966;7360058000;7303711111;7803711111
967;7360192000;7303744444;7803744444
968;7360195000;7304077777;7804077777
969;7360196000;7304077777;7804077777
970;7360197000;7304077777;7804077777
971;7401316000;7345400000;7845400000
972;7401318000;7345400000;7845400000
973;7401320000;7345400000;7845400000
974;7401320000;7345400000;7845400000
975;7401322000;7345400000;7845400000
976;7401323000;7345400000;7845400000
977;7401324000;7345400000;7845400000
978;7401467000;7345444444;7845444444
979;7401469000;7345755555;7845755555
980;7401470000;7345755555;7845755555
981;7401471000;7345755555;7845755555
982;7442749000;7387033333;7887033333
983;7442761000;7387033333;7887033333
984;7442763000;7387033333;7887033333
985;7442764000;7387033333;7887033333
986;7442765000;7387033333;7887033333
987;7442766000;7387033333;7887033333
988;7442767000;7387033333;7887033333
989;7442976000;7387077777;7887077777
990;7442979000;7387400000;7887400000
991;7442980000;7387400000;7887400000
992;7442981000;7387400000;7887400000
993;7484197000;7428711111;7928711111
994;7484201000;7428711111;7928711111
995;7484211000;7428711111;7928711111
996;7484212000;7428711111;7928711111
997;7484213000;7428711111;7928711111
998;7484214000;7428711111;7928711111
999;7484215000;7428711111;7928711111
1000;7484353000;7428744444;7928744444
1001;7484356000;7429044444;7929044444
1002;7484357000;7429044444;7929044444
1003;7484358000;7429044444;7929044444
1004;7525868000;7470400000;7970400000
1005;7525871000;7470400000;7970400000
1006;7525873000;7470400000;7970400000
1007;7525874000;7470400000;7970400000
1008;7525874000;7470400000;7970400000
1009;7525875000;7470400000;7970400000
1010;7525886000;7470400000;7970400000
1011;7526022000;7470444444;7970444444
1012;7526025000;7470777777;7970777777
1013;7526026000;7470777777;7970777777
1014;7526027000;7470777777;7970777777
1015;7567470000;7512033333;8012033333
1016;7567473000;7512033333;8012033333
1017;7567474000;7512033333;8012033333
1018;7567475000;7512033333;8012033333
1019;7567476000;7512033333;8012033333
1020;7567477000;7512033333;8012033333
1021;7567478000;7512033333;8012033333
1022;7567620000;7512100000;8012100000
1023;7567622000;7512444444;8012444444
1024;7567624000;7512444444;8012444444
1025;7567624000;7512444444;8012444444
1026;7609128000;7553700000;8053700000
1027;7609131000;7553700000;8053700000
1028;7609132000;7553700000;8053700000
1029;7609133000;7553700000;8053700000
1030;7609134000;7553700000;8053700000
1031;7609135000;7553700000;8053700000
1032;7609136000;7553700000;8053700000
1033;7609278000;7553744444;8053744444
1034;7609281000;7554033333;8054033333
1035;7609282000;7554033333;8054033333
1036;7609283000;7554033333;8054033333
1037;7650836000;7595411111;8095411111
1038;7650839000;7595411111;8095411111
1039;7650840000;7595411111;8095411111
1040;7650841000;7595411111;8095411111
1041;7650842000;7595411111;8095411111
1042;7650843000;7595411111;8095411111
1043;7650844000;7595411111;8095411111
1044;7650987000;7595455555;8095455555
1045;7650989000;7595788888;8095788888
1046;7650990000;7595788888;8095788888
1047;7650991000;7595788888;8095788888
1048;7692493000;7637066666;8137066666
1049;7692496000;7637066666;8137066666
1050;7692496000;7637066666;8137066666
1051;7692497000;7637066666;8137066666
1052;7692498000;7637066666;8137066666
1053;7692499000;7637066666;8137066666
1054;7692500000;7637066666;8137066666
1055;7692645000;7637111111;8137111111
1056;7692648000;7637433333;8137433333
1057;7692649000;7637433333;8137433333
1058;7692650000;7637433333;8137433333
1059;7734143000;7678711111;8178711111
1060;7734147000;7678711111;8178711111
1061;7734158000;7678711111;8178711111
1062;7734159000;7678711111;8178711111
1063;7734160000;7678711111;8178711111
1064;7734161000;7678711111;8178711111
1065;7734161000;7678711111;8178711111
1066;7734300000;7678744444;8178744444
1067;7734303000;7679022222;8179022222
1068;7734304000;7679022222;8179022222
1069;7734305000;7679022222;8179022222
1070;7775905000;7720366666;8220366666
1071;7775908000;7720366666;8220366666
1072;7775910000;7720366666;8220366666
1073;7775911000;7720366666;8220366666
1074;7775911000;7720366666;8220366666
1075;7775912000;7720366666;8220366666
1076;7775913000;7720366666;8220366666
1077;7776206000;7720411111;8220411111
1078;7776221000;7720722222;8220722222
1079;7776223000;7720722222;8220722222
1080;7776223000;7720722222;8220722222
1081;7817528000;7762033333;8262033333
1082;7817531000;7762033333;8262033333
1083;7817532000;7762033333;8262033333
1084;7817533000;7762033333;8262033333
1085;7817534000;7762033333;8262033333
1086;7817535000;7762033333;8262033333
1087;7817536000;7762033333;8262033333
1088;7817735000;7762077777;8262077777
1089;7817751000;7762388888;8262388888
1090;7817752000;7762388888;8262388888
1091;7817753000;7762388888;8262388888
1092;7859142000;7803711111;8303711111
1093;7859146000;7803711111;8303711111
1094;7859156000;7803711111;8303711111
1095;7859157000;7803711111;8303711111
1096;7859158000;7803711111;8303711111
1097;7859159000;7803711111;8303711111
1098;7859160000;7803711111;8303711111
1099;7859299000;7803744444;8303744444
1100;7859302000;7804022222;8304022222
1101;7859303000;7804022222;8304022222
1102;7861036000;7804022222;8304022222
1103;7900888000;7845400000;8345400000
1104;7900892000;7845400000;8345400000
1105;7900893000;7845400000;8345400000
1106;7900894000;7845400000;8345400000
1107;7900895000;7845400000;8345400000
1108;7900896000;7845400000;8345400000
1109;7900897000;7845400000;8345400000
1110;7901104000;7845444444;8345444444
1111;7901119000;7845744444;8345744444
1112;7901121000;7845744444;8345744444
1113;7901121000;7845744444;8345744444
1114;7994533000;7887033333;8387033333
1122;7994645000;7887400000;8387400000
1123;7994649000;7887400000;8387400000
1124;7994650000;7887400000;8387400000
1125;8035451000;7928711111;8428711111
1134;8035565000;7929044444;8429044444
1135;8035569000;7929044444;8429044444
1136;8076620000;7970411111;8470411111
1144;8076733000;7970777777;8470777777
1145;8076736000;7970777777;8470777777
1146;8076737000;7970777777;8470777777
1147;8117122000;8012077777;8512077777
1155;8117234000;8012444444;8512444444
1156;8117237000;8012444444;8512444444
1157;8117238000;8012444444;8512444444
1158;8156332000;8053744444;8553744444
1166;8156444000;8054055555;8554055555
1167;8156448000;8054055555;8554055555
1168;8156449000;8054055555;8554055555
1169;8194894000;8095422222;8595422222
1177;8194982000;8095766666;8595766666
1178;8194984000;8095766666;8595766666
1179;8194985000;8095766666;8595766666
1180;8233984000;8137088888;8637088888
1188;8234098000;8137466666;8637466666
1189;8234100000;8137466666;8637466666
1190;8234101000;8137466666;8637466666
1191;8269798000;8178711111;8678711111
1198;8272213000;8178755555;8678755555
1199;8272218000;8179044444;8679044444
1200;8272219000;8179044444;8679044444
1201;8272220000;8179044444;8679044444
1202;8308897000;8220377777;8720377777
1203;8308902000;8220377777;8720377777
1204;8308904000;8220377777;8720377777
1205;8308906000;8220377777;8720377777
1206;8308908000;8220377777;8720377777
1207;8308910000;8220377777;8720377777
1208;8308912000;8220377777;8720377777
1209;8309098000;8220422222;8720422222
1213;8309116000;8262044444;8762044444
1214;8309128000;8262044444;8762044444
1215;8309129000;8262044444;8762044444
1216;8309130000;8262044444;8762044444
1217;8309131000;8262044444;8762044444
1218;8309132000;8262044444;8762044444
1219;8309133000;8262044444;8762044444
1220;8346524000;8262088888;8762088888
1221;8346527000;8262422222;8762422222
1222;8346528000;8262422222;8762422222
1223;8346529000;8262422222;8762422222
1224;8382666000;8303711111;8803711111
1225;8382668000;8303711111;8803711111
1226;8382669000;8303711111;8803711111
1227;8382671000;8303711111;8803711111
1228;8382671000;8303711111;8803711111
1229;8382672000;8303711111;8803711111
1230;8382683000;8303711111;8803711111
1231;8382817000;8303755555;8803755555
1232;8382819000;8304055555;8804055555
1233;8382820000;8304055555;8804055555
1234;8382821000;8304055555;8804055555
1235;8413638000;8345422222;8845422222
1236;8413642000;8345422222;8845422222
1237;8413643000;8345422222;8845422222
1238;8413644000;8345422222;8845422222
1239;8413645000;8345422222;8845422222
1240;8413646000;8345422222;8845422222
1241;8413647000;8345422222;8845422222
1242;8420152000;8345466666;8845466666
1243;8420168000;8345766666;8845766666
1244;8420169000;8345766666;8845766666
1245;8420170000;8345766666;8845766666
1246;8457753000;8387088888;8887088888
1247;8457757000;8387088888;8887088888
1248;8457758000;8387088888;8887088888
1249;8457758000;8387088888;8887088888
1250;8457759000;8387088888;8887088888
1251;8457761000;8387088888;8887088888
1252;8457761000;8387088888;8887088888
1253;8457961000;8387133333;8887133333
1254;8457976000;8387411111;8887411111
1255;8457977000;8387411111;8887411111
1256;8457978000;8387411111;8887411111
1257;8494067000;8428711111;8928711111
1258;8494080000;8428711111;8928711111
1259;8494081000;8428711111;8928711111
1260;8494082000;8428711111;8928711111
1261;8494083000;8428711111;8928711111
1262;8494084000;8428711111;8928711111
1263;8494085000;8428711111;8928711111
1264;8494223000;8428755555;8928755555
1265;8494225000;8429044444;8929044444
1266;8494226000;8429044444;8929044444
1267;8494227000;8429044444;8929044444
1268;8533025000;8470411111;8970411111
1269;8533028000;8470411111;8970411111
1270;8533029000;8470411111;8970411111
1271;8533030000;8470411111;8970411111
1272;8533031000;8470411111;8970411111
1273;8533032000;8470411111;8970411111
1274;8533033000;8470411111;8970411111
1275;8533184000;8470455555;8970455555
1276;8533187000;8470766666;8970766666
1277;8533188000;8470766666;8970766666
1278;8533189000;8470766666;8970766666
1279;8572371000;8512033333;9012033333
1280;8572375000;8512033333;9012033333
1281;8572376000;8512033333;9012033333
1282;8572387000;8512033333;9012033333
1283;8572388000;8512033333;9012033333
1284;8572389000;8512033333;9012033333
1285;8572390000;8512033333;9012033333
1286;8572621000;8512077777;9012077777
1287;8572636000;8512400000;9012400000
1288;8572638000;8512400000;9012400000
1289;8572638000;8512400000;9012400000
1290;8611259000;8553766666;9053766666
1291;8611262000;8553766666;9053766666
1292;8611263000;8553766666;9053766666
1293;8611265000;8553766666;9053766666
1294;8611266000;8553766666;9053766666
1295;8611267000;8553766666;9053766666
1296;8611268000;8553766666;9053766666
1297;8612544000;8553811111;9053811111
1298;8612560000;8554077777;9054077777
1299;8612561000;8554077777;9054077777
1300;8612562000;8554077777;9054077777
1301;8652410000;8595400000;9095400000
1302;8652413000;8595400000;9095400000
1303;8652414000;8595400000;9095400000
1304;8652415000;8595400000;9095400000
1305;8652426000;8595400000;9095400000
1306;8652427000;8595400000;9095400000
1307;8652428000;8595400000;9095400000
1308;8652563000;8595444444;9095444444
1309;8652566000;8595766666;9095766666
1310;8652567000;8595766666;9095766666
1311;8652568000;8595766666;9095766666
1312;8744807000;8637077777;9137077777
1320;8744887000;8637433333;9137433333
1321;8744890000;8637433333;9137433333
1322;8744891000;8637433333;9137433333
1323;8785831000;8678711111;9178711111
1331;8785912000;8679033333;9179033333
1332;8785914000;8679033333;9179033333
1333;8785915000;8679033333;9179033333
1334;8826895000;8720400000;9220400000
1342;8827003000;8720766666;9220766666
1343;8827005000;8720766666;9220766666
1344;8827006000;8720766666;9220766666
1345;8867406000;8762066666;9262066666
1353;8867514000;8762466666;9262466666
1354;8867516000;8762466666;9262466666
1355;8867517000;8762466666;9262466666
1356;8907342000;8803711111;9303711111
1364;8907455000;8804044444;9304044444
1365;8907458000;8804044444;9304044444
1366;8907459000;8804044444;9304044444
1367;8946004000;8845400000;9345400000
1375;8946083000;8845755555;9345755555
1376;8946085000;8845755555;9345755555
1377;8946086000;8845755555;9345755555
1378;8984803000;8887066666;9387066666
1386;8984880000;8887433333;9387433333
1387;8984882000;8887433333;9387433333
1388;8984883000;8887433333;9387433333
1389;9023012000;8928711111;9428711111
1397;9023086000;8929044444;9429044444
1398;9023089000;8929044444;9429044444
1399;9023090000;8929044444;9429044444
1400;9060837000;8970400000;9470400000
1408;9060945000;8970777777;9470777777
1409;9060947000;8970777777;9470777777
1410;9060948000;8970777777;9470777777
1411;9098203000;9012066666;9512066666
1412;9098207000;9012066666;9512066666
1413;9098208000;9012066666;9512066666
1414;9098209000;9012066666;9512066666
1415;9098209000;9012066666;9512066666
1416;9098211000;9012066666;9512066666
1417;9098211000;9012066666;9512066666
1418;9098424000;9012111111;9512111111
1419;9098427000;9012433333;9512433333
1420;9098428000;9012433333;9512433333
1421;9098429000;9012433333;9512433333
1422;9135375000;9053733333;9553733333
1423;9135378000;9053733333;9553733333
1424;9135379000;9053733333;9553733333
1425;9135380000;9053733333;9553733333
1426;9135381000;9053733333;9553733333
1427;9135382000;9053733333;9553733333
1428;9135383000;9053733333;9553733333
1429;9135519000;9053777777;9553777777
1430;9135522000;9054033333;9554033333
1431;9135523000;9054033333;9554033333
1432;9135524000;9054033333;9554033333
1433;9172114000;9095400000;9595400000
1434;9172117000;9095400000;9595400000
1435;9172118000;9095400000;9595400000
1436;9172119000;9095400000;9595400000
1437;9172120000;9095400000;9595400000
1438;9172121000;9095400000;9595400000
1439;9172121000;9095400000;9595400000
1440;9172264000;9095444444;9595444444
1441;9172267000;9095755555;9595755555
1442;9172268000;9095755555;9595755555
1443;9172269000;9095755555;9595755555
1444;9209224000;9137066666;9637066666
1445;9209227000;9137066666;9637066666
1446;9209228000;9137066666;9637066666
1447;9209229000;9137066666;9637066666
1448;9209230000;9137066666;9637066666
1449;9209231000;9137066666;9637066666
1450;9209241000;9137066666;9637066666
1451;9209374000;9137111111;9637111111
1452;9209377000;9137422222;9637422222
1453;9209378000;9137422222;9637422222
1454;9209379000;9137422222;9637422222
1455;9246814000;9178711111;9678711111
1456;9246817000;9178711111;9678711111
1457;9246818000;9178711111;9678711111
1458;9246820000;9178711111;9678711111
1459;9246820000;9178711111;9678711111
1460;9246821000;9178711111;9678711111
1461;9246832000;9178711111;9678711111
1462;9246965000;9178744444;9678744444
1463;9246968000;9179055555;9679055555
1464;9246969000;9179055555;9679055555
1465;9246970000;9179055555;9679055555
1466;9285023000;9220377777;9720377777
1467;9285026000;9220377777;9720377777
1468;9285027000;9220377777;9720377777
1469;9285028000;9220377777;9720377777
1470;9285029000;9220377777;9720377777
1471;9285030000;9220377777;9720377777
1472;9285039000;9220377777;9720377777
1473;9285137000;9220411111;9720411111
1474;9285140000;9220733333;9720733333
1475;9285141000;9220733333;9720733333
1476;9285142000;9220733333;9720733333
1477;9323847000;9262066666;9762066666
1478;9323851000;9262066666;9762066666
1479;9323852000;9262066666;9762066666
1480;9323853000;9262066666;9762066666
1481;9323854000;9262066666;9762066666
1482;9323855000;9262066666;9762066666
1483;9323856000;9262066666;9762066666
1484;9324086000;9262111111;9762111111
1485;9324090000;9262444444;9762444444
1486;9324091000;9262444444;9762444444
1487;9324092000;9262444444;9762444444
1488;9363473000;9303711111;9803711111
1489;9363476000;9303711111;9803711111
1490;9363477000;9303711111;9803711111
1491;9363478000;9303711111;9803711111
1492;9363479000;9303711111;9803711111
1493;9363480000;9303711111;9803711111
1494;9363481000;9303711111;9803711111
1495;9363694000;9303744444;9803744444
1496;9363697000;9304044444;9804044444
1497;9363698000;9304044444;9804044444
1498;9363699000;9304044444;9804044444
1499;9403175000;9345366666;9845366666
1500;9403179000;9345366666;9845366666
1501;9403180000;9345366666;9845366666
1502;9403181000;9345366666;9845366666
1503;9403182000;9345366666;9845366666
1504;9403182000;9345366666;9845366666
1505;9403183000;9345366666;9845366666
1506;9403397000;9345411111;9845411111
1507;9403400000;9345711111;9845711111
1508;9403401000;9345711111;9845711111
1509;9403402000;9345711111;9845711111
1510;9443895000;9387100000;9887100000
1511;9443898000;9387100000;9887100000
1512;9443899000;9387100000;9887100000
1513;9443909000;9387100000;9887100000
1514;9443910000;9387100000;9887100000
1515;9443911000;9387100000;9887100000
1516;9443912000;9387100000;9887100000
1517;9444048000;9387166666;9887166666
1518;9444051000;9387455555;9887455555
1519;9444052000;9387455555;9887455555
1520;9444053000;9387455555;9887455555
1521;9484895000;9428711111;9928711111
1522;9484898000;9428711111;9928711111
1523;9484899000;9428711111;9928711111
1524;9484900000;9428711111;9928711111
1525;9484910000;9428711111;9928711111
1526;9484911000;9428711111;9928711111
1527;9484912000;9428711111;9928711111
1528;9485048000;9428755555;9928755555
1529;9485051000;9429044444;9929044444
1530;9485052000;9429044444;9929044444
1531;9485053000;9429044444;9929044444
1532;9526213000;9470400000;9970400000
1533;9526216000;9470400000;9970400000
1534;9526217000;9470400000;9970400000
1535;9526218000;9470400000;9970400000
1536;9526219000;9470400000;9970400000
1537;9526220000;9470400000;9970400000
1538;9526230000;9470400000;9970400000
1539;9526363000;9470444444;9970444444
1540;9526366000;9470766666;9970766666
1541;9526367000;9470766666;9970766666
1542;9526368000;9470766666;9970766666
1543;9567658000;9512033333;10012033333
1544;9567661000;9512033333;10012033333
1545;9567662000;9512033333;10012033333
1546;9567662000;9512033333;10012033333
1547;9567663000;9512033333;10012033333
1548;9567664000;9512033333;10012033333
1549;9567665000;9512033333;10012033333
1550;9567808000;9512077777;10012077777
1551;9567810000;9512411111;10012411111
1552;9567811000;9512411111;10012411111
1553;9567812000;9512411111;10012411111
1554;9609262000;9553733333;10053733333
1555;9609265000;9553733333;10053733333
1556;9609266000;9553733333;10053733333
1557;9609267000;9553733333;10053733333
1558;9609268000;9553733333;10053733333
1559;9609269000;9553733333;10053733333
1560;9609270000;9553733333;10053733333
1561;9609411000;9553777777;10053777777
1562;9609414000;9554055555;10054055555
1563;9609415000;9554055555;10054055555
1564;9609416000;9554055555;10054055555
1565;9650851000;9595377777;10095377777
1566;9650854000;9595377777;10095377777
1567;9650855000;9595377777;10095377777
1568;9650855000;9595377777;10095377777
1569;9650856000;9595377777;10095377777
1570;9650857000;9595377777;10095377777
1571;9650858000;9595377777;10095377777
1572;9651001000;9595422222;10095422222
1573;9651003000;9595744444;10095744444
1574;9651004000;9595744444;10095744444
1575;9651005000;9595744444;10095744444
1576;9692515000;9637066666;10137066666
1577;9692517000;9637066666;10137066666
1578;9692519000;9637066666;10137066666
1579;9692536000;9637066666;10137066666
1580;9692538000;9637066666;10137066666
1581;9692538000;9637066666;10137066666
1582;9692539000;9637066666;10137066666
1583;9692674000;9637111111;10137111111
1584;9692676000;9637444444;10137444444
1585;9692677000;9637444444;10137444444
1586;9692678000;9637444444;10137444444
1587;9734137000;9678711111;10178711111
1588;9734139000;9678711111;10178711111
1589;9734140000;9678711111;10178711111
1590;9734141000;9678711111;10178711111
1591;9734142000;9678711111;10178711111
1592;9734143000;9678711111;10178711111
1593;9734144000;9678711111;10178711111
1594;9734289000;9678744444;10178744444
1595;9734292000;9679044444;10179044444
1596;9734293000;9679044444;10179044444
1597;9734294000;9679044444;10179044444
1598;9775891000;9720400000;10220400000
1599;9775894000;9720400000;10220400000
1600;9775895000;9720400000;10220400000
1601;9775896000;9720400000;10220400000
1602;9775897000;9720400000;10220400000
1603;9775898000;9720400000;10220400000
1604;9775899000;9720400000;10220400000
1605;9776104000;9720444444;10220444444
1606;9776111000;9720777777;10220777777
1607;9776112000;9720777777;10220777777
1608;9776113000;9720777777;10220777777
1609;9817502000;9762066666;10262066666
1610;9817504000;9762066666;10262066666
1611;9817505000;9762066666;10262066666
1612;9817506000;9762066666;10262066666
1613;9817507000;9762066666;10262066666
1614;9817508000;9762066666;10262066666
1615;9817509000;9762066666;10262066666
1616;9817720000;9762111111;10262111111
1617;9817724000;9762433333;10262433333
1618;9817725000;9762433333;10262433333
1619;9817725000;9762433333;10262433333
1620;9859179000;9803700000;10303700000
1621;9859182000;9803700000;10303700000
1622;9859183000;9803700000;10303700000
1623;9859184000;9803700000;10303700000
1624;9859185000;9803700000;10303700000
1625;9859186000;9803700000;10303700000
1626;9859187000;9803700000;10303700000
1627;9859400000;9803744444;10303744444
1628;9859403000;9804033333;10304033333
1629;9859404000;9804033333;10304033333
1630;9859405000;9804033333;10304033333
1631;9900801000;9845400000;10345400000
1632;9900804000;9845400000;10345400000
1633;9900815000;9845400000;10345400000
1634;9900816000;9845400000;10345400000
1635;9900816000;9845400000;10345400000
1636;9900817000;9845400000;10345400000
1638;9901021000;9845444444;10345444444
1639;9901024000;9845766666;10345766666
1640;9901025000;9845766666;10345766666
1641;9901026000;9845766666;10345766666
1642;9942557000;9887066666;10387066666
1643;9942560000;9887066666;10387066666
1644;9942562000;9887066666;10387066666
1645;9942563000;9887066666;10387066666
1646;9942564000;9887066666;10387066666
1647;9942564000;9887066666;10387066666
1648;9942565000;9887066666;10387066666
1649;9942736000;9887111111;10387111111
1650;9942741000;9887444444;10387444444
1651;9942742000;9887444444;10387444444
1652;9942743000;9887444444;10387444444
1653;10036898000;9928711111;10428711111
1661;10037025000;9929066666;10429066666
1662;10037029000;9929066666;10429066666
1663;10037030000;9929066666;10429066666
1664;10077831000;9970400000;10470400000
1672;10077945000;9970766666;10470766666
1673;10077948000;9970766666;10470766666
1674;10077949000;9970766666;10470766666
1675;10118940000;10012077777;10512077777
1683;10119061000;10012455555;10512455555
1684;10119064000;10012455555;10512455555
1685;10119065000;10012455555;10512455555
1686;10158378000;10053733333;10553733333
1694;10158454000;10054055555;10554055555
1695;10158456000;10054055555;10554055555
1696;10158458000;10054055555;10554055555
1697;10198821000;10095366666;10595366666
1705;10198916000;10095733333;10595733333
1706;10198918000;10095733333;10595733333
1707;10198919000;10095733333;10595733333
1708;10238122000;10137066666;10637066666
1716;10238237000;10137444444;10637444444
1717;10238239000;10137444444;10637444444
1718;10238240000;10137444444;10637444444
1719;10277051000;10178711111;10678711111
1727;10277160000;10179044444;10679044444
1728;10277162000;10179044444;10679044444
1729;10277163000;10179044444;10679044444
1730;10315248000;10220400000;10720400000
1737;10315421000;10220444444;10720444444
1738;10315432000;10220777777;10720777777
1739;10315433000;10220777777;10720777777
1740;10315434000;10220777777;10720777777
1741;10351737000;10262066666;10762066666
1749;10351812000;10262455555;10762455555
1750;10351814000;10262455555;10762455555
1751;10351815000;10262455555;10762455555
1752;10389170000;10303711111;10803711111
1753;10389174000;10303711111;10803711111
1754;10389175000;10303711111;10803711111
1755;10389176000;10303711111;10803711111
1756;10389177000;10303711111;10803711111
1757;10389178000;10303711111;10803711111
1758;10389179000;10303711111;10803711111
1759;10389392000;10303744444;10803744444
1760;10389395000;10304055555;10804055555
1761;10389397000;10304055555;10804055555
1762;10389398000;10304055555;10804055555
1763;10426370000;10345400000;10845400000
1764;10426374000;10345400000;10845400000
1765;10426375000;10345400000;10845400000
1766;10426376000;10345400000;10845400000
1767;10426377000;10345400000;10845400000
1768;10426378000;10345400000;10845400000
1769;10426379000;10345400000;10845400000
1770;10426591000;10345444444;10845444444
1771;10426595000;10345755555;10845755555
1772;10426596000;10345755555;10845755555
1773;10426597000;10345755555;10845755555
1774;10462225000;10387066666;10887066666
1775;10462228000;10387066666;10887066666
1776;10462228000;10387066666;10887066666
1777;10462229000;10387066666;10887066666
1778;10462230000;10387066666;10887066666
1779;10462231000;10387066666;10887066666
1780;10462242000;10387066666;10887066666
1781;10462378000;10387111111;10887111111
1782;10462381000;10387433333;10887433333
1783;10462382000;10387433333;10887433333
1784;10462383000;10387433333;10887433333
1785;10499663000;10428711111;10928711111
1786;10499665000;10428711111;10928711111
1787;10499666000;10428711111;10928711111
1788;10499667000;10428711111;10928711111
1789;10499668000;10428711111;10928711111
1790;10499669000;10428711111;10928711111
1791;10499679000;10428711111;10928711111
1792;10499813000;10428744444;10928744444
1793;10499815000;10429044444;10929044444
1794;10499817000;10429044444;10929044444
1795;10499817000;10429044444;10929044444
1796;10537578000;10470400000;10970400000
1797;10537581000;10470400000;10970400000
1798;10537582000;10470400000;10970400000
1799;10537583000;10470400000;10970400000
1800;10537584000;10470400000;10970400000
1801;10537585000;10470400000;10970400000
1802;10537586000;10470400000;10970400000
1803;10537728000;10470444444;10970444444
1804;10537731000;10470777777;10970777777
1805;10537732000;10470777777;10970777777
1806;10537733000;10470777777;10970777777
1807;10576104000;10512066666;11012066666
1808;10576108000;10512066666;11012066666
1809;10576109000;10512066666;11012066666
1810;10576110000;10512066666;11012066666
1811;10576111000;10512066666;11012066666
1812;10576112000;10512066666;11012066666
1813;10576113000;10512066666;11012066666
1814;10576312000;10512111111;11012111111
1815;10576319000;10512455555;11012455555
1816;10576320000;10512455555;11012455555
1817;10576321000;10512455555;11012455555
1818;10615165000;10553733333;11053733333
1819;10615168000;10553733333;11053733333
1820;10615169000;10553733333;11053733333
1821;10615171000;10553733333;11053733333
1822;10615172000;10553733333;11053733333
1823;10615173000;10553733333;11053733333
1824;10615174000;10553733333;11053733333
1825;10615389000;10553777777;11053777777
1826;10615396000;10554066666;11054066666
1827;10615397000;10554066666;11054066666
1828;10615398000;10554066666;11054066666
1829;10654772000;10595400000;11095400000
1830;10654774000;10595400000;11095400000
1831;10654775000;10595400000;11095400000
1832;10654776000;10595400000;11095400000
1833;10654787000;10595400000;11095400000
1834;10654787000;10595400000;11095400000
1835;10654788000;10595400000;11095400000
1836;10654924000;10595444444;11095444444
1837;10654927000;10595777777;11095777777
1838;10654928000;10595777777;11095777777
1839;10654929000;10595777777;11095777777
1840;10695033000;10637066666;11137066666
1841;10695036000;10637066666;11137066666
1842;10695037000;10637066666;11137066666
1843;10695038000;10637066666;11137066666
1844;10695062000;10637066666;11137066666
1845;10695070000;10637066666;11137066666
1846;10695071000;10637066666;11137066666
1847;10695208000;10637111111;11137111111
1848;10695211000;10637411111;11137411111
1849;10695212000;10637411111;11137411111
1850;10695213000;10637411111;11137411111
1851;10735705000;10678711111;11178711111
1852;10735708000;10678711111;11178711111
1853;10735709000;10678711111;11178711111
1854;10735710000;10678711111;11178711111
1855;10735711000;10678711111;11178711111
1856;10735712000;10678711111;11178711111
1857;10735713000;10678711111;11178711111
1858;10735913000;10678744444;11178744444
1859;10735928000;10679022222;11179022222
1860;10735929000;10679022222;11179022222
1861;10735930000;10679022222;11179022222
1862;10776686000;10720400000;11220400000
1863;10776689000;10720400000;11220400000
1864;10776691000;10720400000;11220400000
1865;10776692000;10720400000;11220400000
1866;10776692000;10720400000;11220400000
1867;10776703000;10720400000;11220400000
1868;10776704000;10720400000;11220400000
1869;10776838000;10720444444;11220444444
1870;10776840000;10720755555;11220755555
1871;10776841000;10720755555;11220755555
1872;10776842000;10720755555;11220755555
1873;10817898000;10762033333;11262033333
1874;10817901000;10762033333;11262033333
1875;10817903000;10762033333;11262033333
1876;10817904000;10762033333;11262033333
1877;10817916000;10762033333;11262033333
1878;10817917000;10762033333;11262033333
1879;10817918000;10762033333;11262033333
1880;10818072000;10762077777;11262077777
1881;10818075000;10762377777;11262377777
1883;10818076000;10762377777;11262377777
1884;10859337000;10803711111;11303711111
1885;10859340000;10803711111;11303711111
1886;10859340000;10803711111;11303711111
1887;10859341000;10803711111;11303711111
1888;10859342000;10803711111;11303711111
1889;10859353000;10803711111;11303711111
1890;10859354000;10803711111;11303711111
1891;10859490000;10803755555;11303755555
1892;10859493000;10804022222;11304022222
1893;10859494000;10804022222;11304022222
1894;10859495000;10804022222;11304022222
1895;10953224000;10845400000;11345400000
1902;10953433000;10845444444;11345444444
1903;10953440000;10845744444;11345744444
1904;10953441000;10845744444;11345744444
1905;10953442000;10845744444;11345744444
1906;10994238000;10887066666;11387066666
1915;10994323000;10887422222;11387422222
1916;10994327000;10887422222;11387422222
1917;11035029000;10928711111;11428711111
1925;11035151000;10929033333;11429033333
1926;11035154000;10929033333;11429033333
1927;11035156000;10929033333;11429033333
1928;11075590000;10970400000;11470400000
1936;11075701000;10970744444;11470744444
1937;11075705000;10970744444;11470744444
1938;11075706000;10970744444;11470744444
1939;11115222000;11012033333;11512033333
1946;11115439000;11012077777;11512077777
1947;11115454000;11012388888;11512388888
1948;11115455000;11012388888;11512388888
1949;11115456000;11012388888;11512388888
1950;11154502000;11053733333;11553733333
1959;11154613000;11054022222;11554022222
1960;11154615000;11054022222;11554022222
1961;11193435000;11095400000;11595400000
1969;11193550000;11095733333;11595733333
1970;11193564000;11095733333;11595733333
1971;11193566000;11095733333;11595733333
1972;11231635000;11137066666;11637066666
1980;11231746000;11137422222;11637422222
1981;11231749000;11137422222;11637422222
1982;11231750000;11137422222;11637422222
1983;11268422000;11178711111;11678711111
1991;11268533000;11179022222;11679022222
1992;11268537000;11179022222;11679022222
1993;11268538000;11179022222;11679022222
1994;11305903000;11220411111;11720411111
1995;11305906000;11220411111;11720411111
1996;11305907000;11220411111;11720411111
1997;11305908000;11220411111;11720411111
1998;11305909000;11220411111;11720411111
1999;11305910000;11220411111;11720411111
2000;11305911000;11220411111;11720411111
2001;11306109000;11220455555;11720455555
2002;11306124000;11220766666;11720766666
2003;11306126000;11220766666;11720766666
2004;11306127000;11220766666;11720766666
2005;11343123000;11262066666;11762066666
2006;11343126000;11262066666;11762066666
2007;11343127000;11262066666;11762066666
2008;11343128000;11262066666;11762066666
2009;11343136000;11262066666;11762066666
2010;11343137000;11262066666;11762066666
2011;11343138000;11262066666;11762066666
2012;11343262000;11262111111;11762111111
2013;11343268000;11262433333;11762433333
2014;11343269000;11262433333;11762433333
2015;11343270000;11262433333;11762433333
2016;11380119000;11303711111;11803711111
2017;11380123000;11303711111;11803711111
2018;11380124000;11303711111;11803711111
2019;11380125000;11303711111;11803711111
2020;11380126000;11303711111;11803711111
2021;11380126000;11303711111;11803711111
2022;11380127000;11303711111;11803711111
2023;11380248000;11303744444;11803744444
2024;11380253000;11304033333;11804033333
2025;11380254000;11304033333;11804033333
2026;11380255000;11304033333;11804033333
2027;11417290000;11345366666;11845366666
2028;11417293000;11345366666;11845366666
2029;11417294000;11345366666;11845366666
2030;11417295000;11345366666;11845366666
2031;11417296000;11345366666;11845366666
2032;11417297000;11345366666;11845366666
2033;11417298000;11345366666;11845366666
2034;11417414000;11345411111;11845411111
2035;11417419000;11345700000;11845700000
2036;11417420000;11345700000;11845700000
2037;11417421000;11345700000;11845700000
2038;11454990000;11387066666;11887066666
2039;11455002000;11387066666;11887066666
2040;11455003000;11387066666;11887066666
2041;11455004000;11387066666;11887066666
2042;11455005000;11387066666;11887066666
2043;11455006000;11387066666;11887066666
2044;11455007000;11387066666;11887066666
2045;11455127000;11387111111;11887111111
2046;11455133000;11387411111;11887411111
2047;11455135000;11387411111;11887411111
2048;11455136000;11387411111;11887411111
2049;11493265000;11428711111;11928711111
2050;11493269000;11428711111;11928711111
2051;11493270000;11428711111;11928711111
2052;11493271000;11428711111;11928711111
2053;11493272000;11428711111;11928711111
2054;11493273000;11428711111;11928711111
2055;11493274000;11428711111;11928711111
2056;11493396000;11428744444;11928744444
2057;11493401000;11429022222;11929022222
2058;11493403000;11429022222;11929022222
2059;11493404000;11429022222;11929022222
2060;11532191000;11470400000;11970400000
2061;11532195000;11470400000;11970400000
2062;11532196000;11470400000;11970400000
2063;11532197000;11470400000;11970400000
2064;11532198000;11470400000;11970400000
2065;11532199000;11470400000;11970400000
2066;11532200000;11470400000;11970400000
2067;11532321000;11470444444;11970444444
2068;11532326000;11470755555;11970755555
2069;11532327000;11470755555;11970755555
2070;11532328000;11470755555;11970755555
2071;11571688000;11512033333;12012033333
2072;11571691000;11512033333;12012033333
2073;11571693000;11512033333;12012033333
2074;11571694000;11512033333;12012033333
2075;11571694000;11512033333;12012033333
2076;11571695000;11512033333;12012033333
2077;11571696000;11512033333;12012033333
2078;11571844000;11512077777;12012077777
2079;11571849000;11512400000;12012400000
2080;11571850000;11512400000;12012400000
2081;11571851000;11512400000;12012400000
2082;11611830000;11553733333;12053733333
2083;11611842000;11553733333;12053733333
2084;11611843000;11553733333;12053733333
2085;11611844000;11553733333;12053733333
2086;11611845000;11553733333;12053733333
2087;11611846000;11553733333;12053733333
2088;11611847000;11553733333;12053733333
2089;11611946000;11553777777;12053777777
2090;11611950000;11554044444;12054044444
2091;11611951000;11554044444;12054044444
2092;11611952000;11554044444;12054044444
2093;11652417000;11595400000;12095400000
2094;11652419000;11595400000;12095400000
2095;11652420000;11595400000;12095400000
2096;11652421000;11595400000;12095400000
2097;11652422000;11595400000;12095400000
2098;11652423000;11595400000;12095400000
2099;11652424000;11595400000;12095400000
2100;11652519000;11595444444;12095444444
2101;11652525000;11595755555;12095755555
2102;11652526000;11595755555;12095755555
2103;11652526000;11595755555;12095755555
2104;11693417000;11637066666;12137066666
2105;11693420000;11637066666;12137066666
2106;11693421000;11637066666;12137066666
2107;11693422000;11637066666;12137066666
2108;11693423000;11637066666;12137066666
2109;11693431000;11637066666;12137066666
2110;11693432000;11637066666;12137066666
2111;11693556000;11637111111;12137111111
2112;11693561000;11637444444;12137444444
2113;11693562000;11637444444;12137444444
2114;11693563000;11637444444;12137444444
2115;11734627000;11678700000;12178700000
2116;11734630000;11678700000;12178700000
2117;11734631000;11678700000;12178700000
2118;11734632000;11678700000;12178700000
2119;11734633000;11678700000;12178700000
2120;11734634000;11678700000;12178700000
2121;11734635000;11678700000;12178700000
2122;11734757000;11678744444;12178744444
2123;11734763000;11679044444;12179044444
2124;11734764000;11679044444;12179044444
2125;11734765000;11679044444;12179044444
2126;11776095000;11720400000;12220400000
2127;11776098000;11720400000;12220400000
2128;11776099000;11720400000;12220400000
2129;11776100000;11720400000;12220400000
2130;11776101000;11720400000;12220400000
2131;11776102000;11720400000;12220400000
2132;11776103000;11720400000;12220400000
2133;11776226000;11720444444;12220444444
2134;11776231000;11720777777;12220777777
2135;11776232000;11720777777;12220777777
2136;11776233000;11720777777;12220777777
2137;11817614000;11762066666;12262066666
2138;11817626000;11762066666;12262066666
2139;11817627000;11762066666;12262066666
2140;11817628000;11762066666;12262066666
2141;11817628000;11762066666;12262066666
2142;11817629000;11762066666;12262066666
2143;11817630000;11762066666;12262066666
2144;11817745000;11762111111;12262111111
2145;11817750000;11762444444;12262444444
2146;11817751000;11762444444;12262444444
2147;11817752000;11762444444;12262444444
2148;11859222000;11803711111;12303711111
2149;11859225000;11803711111;12303711111
2150;11859227000;11803711111;12303711111
2151;11859228000;11803711111;12303711111
2152;11859228000;11803711111;12303711111
2153;11859229000;11803711111;12303711111
2154;11859230000;11803711111;12303711111
2155;11859430000;11803744444;12303744444
2156;11859436000;11804044444;12304044444
2157;11859437000;11804044444;12304044444
2158;11859438000;11804044444;12304044444
2159;11900907000;11845400000;12345400000
2160;11900911000;11845400000;12345400000
2161;11900912000;11845400000;12345400000
2162;11900913000;11845400000;12345400000
2163;11900914000;11845400000;12345400000
2164;11900915000;11845400000;12345400000
2165;11900916000;11845400000;12345400000
2166;11901115000;11845444444;12345444444
2167;11901122000;11845777777;12345777777
2168;11901123000;11845777777;12345777777
2169;11901124000;11845777777;12345777777
2170;11942556000;11887066666;12387066666
2171;11942559000;11887066666;12387066666
2172;11942560000;11887066666;12387066666
2173;11942561000;11887066666;12387066666
2174;11942562000;11887066666;12387066666
2175;11942563000;11887066666;12387066666
2176;11942564000;11887066666;12387066666
2177;11942764000;11887111111;12387111111
2178;11942770000;11887455555;12387455555
2179;11942771000;11887455555;12387455555
2180;11942772000;11887455555;12387455555
2181;11984217000;11928711111;12428711111
2182;11984221000;11928711111;12428711111
2183;11984222000;11928711111;12428711111
2184;11984233000;11928711111;12428711111
2185;11984234000;11928711111;12428711111
2186;11984235000;11928711111;12428711111
2187;11984236000;11928711111;12428711111
2188;11984443000;11928744444;12428744444
2189;11984449000;11929066666;12429066666
2190;11984450000;11929066666;12429066666
2191;11984452000;11929066666;12429066666
2192;12025893000;11970400000;12470400000
2193;12025896000;11970400000;12470400000
2194;12025897000;11970400000;12470400000
2195;12025898000;11970400000;12470400000
2196;12025899000;11970400000;12470400000
2197;12025900000;11970400000;12470400000
2198;12025901000;11970400000;12470400000
2199;12026102000;11970444444;12470444444
2200;12026108000;11970777777;12470777777
2201;12026109000;11970777777;12470777777
2202;12026110000;11970777777;12470777777
2203;12067494000;12012077777;12512077777
2204;12067506000;12012077777;12512077777
2205;12067507000;12012077777;12512077777
2206;12067508000;12012077777;12512077777
2207;12067510000;12012077777;12512077777
2208;12067511000;12012077777;12512077777
2209;12067519000;12012077777;12512077777
2210;12067657000;12012122222;12512122222
2211;12067659000;12012466666;12512466666
2212;12067660000;12012466666;12512466666
2213;12067661000;12012466666;12512466666
2214;12109156000;12053733333;12553733333
2215;12109159000;12053733333;12553733333
2216;12109160000;12053733333;12553733333
2217;12109161000;12053733333;12553733333
2218;12109162000;12053733333;12553733333
2219;12109172000;12053733333;12553733333
2220;12109173000;12053733333;12553733333
2221;12109306000;12053777777;12553777777
2222;12109308000;12054055555;12554055555
2223;12109309000;12054055555;12554055555
2224;12109310000;12054055555;12554055555
2225;12150821000;12095400000;12595400000
2226;12150824000;12095400000;12595400000
2227;12150825000;12095400000;12595400000
2228;12150826000;12095400000;12595400000
2229;12150827000;12095400000;12595400000
2230;12150828000;12095400000;12595400000
2231;12150838000;12095400000;12595400000
2232;12150972000;12095444444;12595444444
2233;12150974000;12095766666;12595766666
2234;12150975000;12095766666;12595766666
2235;12150976000;12095766666;12595766666
2236;12192473000;12137066666;12637066666
2237;12192475000;12137066666;12637066666
2238;12192476000;12137066666;12637066666
2239;12192477000;12137066666;12637066666
2240;12192478000;12137066666;12637066666
2241;12192479000;12137066666;12637066666
2242;12192490000;12137066666;12637066666
2243;12192623000;12137111111;12637111111
2244;12192626000;12137455555;12637455555
2245;12192627000;12137455555;12637455555
2246;12192628000;12137455555;12637455555
2247;12234131000;12178711111;12678711111
2248;12234134000;12178711111;12678711111
2249;12234135000;12178711111;12678711111
2250;12234136000;12178711111;12678711111
2251;12234137000;12178711111;12678711111
2252;12234138000;12178711111;12678711111
2253;12234139000;12178711111;12678711111
2254;12234281000;12178755555;12678755555
2255;12234283000;12179055555;12679055555
2256;12234284000;12179055555;12679055555
2257;12234285000;12179055555;12679055555
2258;12275788000;12220366666;12720366666
2259;12275790000;12220366666;12720366666
2260;12275791000;12220366666;12720366666
2261;12275792000;12220366666;12720366666
2262;12275793000;12220366666;12720366666
2263;12275794000;12220366666;12720366666
2264;12275795000;12220366666;12720366666
2265;12275937000;12220411111;12720411111
2266;12275940000;12220744444;12720744444
2267;12275941000;12220744444;12720744444
2268;12275942000;12220744444;12720744444
2269;12317473000;12262066666;12762066666
2270;12317476000;12262066666;12762066666
2271;12317477000;12262066666;12762066666
2272;12317478000;12262066666;12762066666
2273;12317479000;12262066666;12762066666
2274;12317479000;12262066666;12762066666
2275;12317490000;12262066666;12762066666
2276;12317623000;12262111111;12762111111
2277;12317626000;12262466666;12762466666
2278;12317626000;12262466666;12762466666
2279;12317627000;12262466666;12762466666
2280;12359132000;12303711111;12803711111
2281;12359135000;12303711111;12803711111
2282;12359136000;12303711111;12803711111
2283;12359137000;12303711111;12803711111
2284;12359138000;12303711111;12803711111
2285;12359139000;12303711111;12803711111
2286;12359149000;12303711111;12803711111
2287;12359282000;12303744444;12803744444
2288;12359284000;12304066666;12804066666
2289;12359285000;12304066666;12804066666
2290;12359286000;12304066666;12804066666
2291;12400822000;12345400000;12845400000
2292;12400824000;12345400000;12845400000
2293;12400825000;12345400000;12845400000
2294;12400826000;12345400000;12845400000
2295;12400827000;12345400000;12845400000
2296;12400828000;12345400000;12845400000
2297;12400829000;12345400000;12845400000
2298;12400972000;12345444444;12845444444
2299;12400974000;12345766666;12845766666
2300;12400975000;12345766666;12845766666
2301;12400976000;12345766666;12845766666
2302;12442476000;12387066666;12887066666
2303;12442479000;12387066666;12887066666
2304;12442480000;12387066666;12887066666
2305;12442481000;12387066666;12887066666
2306;12442482000;12387066666;12887066666
2307;12442492000;12387066666;12887066666
2308;12442493000;12387066666;12887066666
2309;12442638000;12387111111;12887111111
2310;12442641000;12387433333;12887433333
2311;12442642000;12387433333;12887433333
2312;12442643000;12387433333;12887433333
2313;12484175000;12428711111;12928711111
2314;12484178000;12428711111;12928711111
2315;12484179000;12428711111;12928711111
2316;12484180000;12428711111;12928711111
2317;12484181000;12428711111;12928711111
2318;12484182000;12428711111;12928711111
2319;12484183000;12428711111;12928711111
2320;12484382000;12428755555;12928755555
2321;12484388000;12429066666;12929066666
2322;12484390000;12429066666;12929066666
2323;12484391000;12429066666;12929066666
2324;12525847000;12470400000;12970400000
2325;12525850000;12470400000;12970400000
2326;12525851000;12470400000;12970400000
2327;12525852000;12470400000;12970400000
2328;12525853000;12470400000;12970400000
2329;12525863000;12470400000;12970400000
2330;12525864000;12470400000;12970400000
2331;12525998000;12470444444;12970444444
2332;12526000000;12470788888;12970788888
2333;12526001000;12470788888;12970788888
2334;12526002000;12470788888;12970788888
2335;12567495000;12512033333;13012033333
2336;12567497000;12512033333;13012033333
2337;12567498000;12512033333;13012033333
2338;12567499000;12512033333;13012033333
2339;12567500000;12512033333;13012033333
2340;12567501000;12512033333;13012033333
2341;12567502000;12512033333;13012033333
2342;12567644000;12512077777;13012077777
2343;12567647000;12512422222;13012422222
2344;12567648000;12512422222;13012422222
2345;12567649000;12512422222;13012422222
2346;12609177000;12553733333;13053733333
2347;12609180000;12553733333;13053733333
2348;12609181000;12553733333;13053733333
2349;12609182000;12553733333;13053733333
2350;12609183000;12553733333;13053733333
2351;12609184000;12553733333;13053733333
2352;12609185000;12553733333;13053733333
2353;12609328000;12553777777;13053777777
2354;12609330000;12554077777;13054077777
2355;12609331000;12554077777;13054077777
2356;12609332000;12554077777;13054077777
2357;12650805000;12595400000;13095400000
2358;12650808000;12595400000;13095400000
2359;12650809000;12595400000;13095400000
2360;12650810000;12595400000;13095400000
2361;12650811000;12595400000;13095400000
2362;12650812000;12595400000;13095400000
2363;12650813000;12595400000;13095400000
2364;12650955000;12595444444;13095444444
2365;12650958000;12595777777;13095777777
2366;12650959000;12595777777;13095777777
2367;12650960000;12595777777;13095777777
2368;12692568000;12637066666;13137066666
2369;12692571000;12637066666;13137066666
2370;12692572000;12637066666;13137066666
2371;12692573000;12637066666;13137066666
2372;12692574000;12637066666;13137066666
2373;12692575000;12637066666;13137066666
2374;12692576000;12637066666;13137066666
2375;12692776000;12637111111;13137111111
2376;12692791000;12637444444;13137444444
2377;12692792000;12637444444;13137444444
2378;12692793000;12637444444;13137444444
2379;12734215000;12678711111;13178711111
2380;12734218000;12678711111;13178711111
2381;12734219000;12678711111;13178711111
2382;12734220000;12678711111;13178711111
2383;12734221000;12678711111;13178711111
2384;12734222000;12678711111;13178711111
2385;12734223000;12678711111;13178711111
2386;12734423000;12678755555;13178755555
2387;12734438000;12679044444;13179044444
2388;12734439000;12679044444;13179044444
2389;12734440000;12679044444;13179044444
2390;12775900000;12720400000;13220400000
2391;12775904000;12720400000;13220400000
2392;12775905000;12720400000;13220400000
2393;12775906000;12720400000;13220400000
2394;12775907000;12720400000;13220400000
2395;12775908000;12720400000;13220400000
2396;12775909000;12720400000;13220400000
2397;12776109000;12720444444;13220444444
2398;12776115000;12720777777;13220777777
2399;12776116000;12720777777;13220777777
2400;12776117000;12720777777;13220777777
2401;12817482000;12762066666;13262066666
2402;12817495000;12762066666;13262066666
2403;12817496000;12762066666;13262066666
2404;12817497000;12762066666;13262066666
2409;12817794000;12762433333;13262433333
2410;12817797000;12762433333;13262433333
2411;12817799000;12762433333;13262433333
2412;12859198000;12803733333;13303733333
2413;12859220000;12803733333;13303733333
2414;12859232000;12803733333;13303733333
2415;12859233000;12803733333;13303733333
2416;12859234000;12803733333;13303733333
2417;12859235000;12803733333;13303733333
2418;12859236000;12803733333;13303733333
2419;12859463000;12803777777;13303777777
2420;12859469000;12804066666;13304066666
2421;12859480000;12804066666;13304066666
2422;12859481000;12804066666;13304066666
2423;12953396000;12845400000;13345400000
2431;12953508000;12845766666;13345766666
2432;12953511000;12845766666;13345766666
2433;12953512000;12845766666;13345766666
2434;12994430000;12887066666;13387066666
2442;12994542000;12887444444;13387444444
2443;12994545000;12887444444;13387444444
2444;12994546000;12887444444;13387444444
2445;13035389000;12928711111;13428711111
2453;13035501000;12929055555;13429055555
2454;13035504000;12929055555;13429055555
2455;13035505000;12929055555;13429055555
2456;13075904000;12970400000;13470400000
2464;13076017000;12970766666;13470766666
2465;13076021000;12970766666;13470766666
2466;13076022000;12970766666;13470766666
2467;13115851000;13012033333;13512033333
2475;13115963000;13012411111;13512411111
2476;13115966000;13012411111;13512411111
2477;13115967000;13012411111;13512411111
2478;13155237000;13053733333;13553733333
2486;13155349000;13054044444;13554044444
2487;13155353000;13054044444;13554044444
2488;13155354000;13054044444;13554044444
2489;13193979000;13095400000;13595400000
2497;13194104000;13095755555;13595755555
2498;13194107000;13095755555;13595755555
2499;13194108000;13095755555;13595755555
2500;13232185000;13137066666;13637066666
2508;13232299000;13137444444;13637444444
2509;13232303000;13137444444;13637444444
2510;13232304000;13137444444;13637444444
2511;13269808000;13178711111;13678711111
2519;13269920000;13179044444;13679044444
2520;13269923000;13179044444;13679044444
2521;13269924000;13179044444;13679044444
2522;13307096000;13220377777;13720377777
2523;13307099000;13220377777;13720377777
2524;13307101000;13220377777;13720377777
2525;13307102000;13220377777;13720377777
2526;13307103000;13220377777;13720377777
2527;13307104000;13220377777;13720377777
2528;13307105000;13220377777;13720377777
2529;13307276000;13220422222;13720422222
2530;13307280000;13220755555;13720755555
2531;13307281000;13220755555;13720755555
2532;13307282000;13220755555;13720755555
2533;13344169000;13262033333;13762033333
2534;13344173000;13262033333;13762033333
2535;13344174000;13262033333;13762033333
2536;13344175000;13262033333;13762033333
2537;13344176000;13262033333;13762033333
2538;13344177000;13262033333;13762033333
2539;13344178000;13262033333;13762033333
2540;13344384000;13262077777;13762077777
2541;13344400000;13262422222;13762422222
2542;13344401000;13262422222;13762422222
2543;13344402000;13262422222;13762422222
2544;13380925000;13303711111;13803711111
2545;13380928000;13303711111;13803711111
2546;13380930000;13303711111;13803711111
2547;13380931000;13303711111;13803711111
2548;13380931000;13303711111;13803711111
2549;13380932000;13303711111;13803711111
2550;13380933000;13303711111;13803711111
2551;13381139000;13303755555;13803755555
2552;13381145000;13304066666;13804066666
2553;13381146000;13304066666;13804066666
2554;13381147000;13304066666;13804066666
2555;13417915000;13345400000;13845400000
2556;13417917000;13345400000;13845400000
2557;13417918000;13345400000;13845400000
2558;13417920000;13345400000;13845400000
2559;13417921000;13345400000;13845400000
2560;13417931000;13345400000;13845400000
2561;13417932000;13345400000;13845400000
2562;13418075000;13345444444;13845444444
2563;13418078000;13345755555;13845755555
2564;13418079000;13345755555;13845755555
2565;13418080000;13345755555;13845755555
2566;13455514000;13387033333;13887033333
2567;13455517000;13387033333;13887033333
2568;13455518000;13387033333;13887033333
2569;13455519000;13387033333;13887033333
2570;13455520000;13387033333;13887033333
2571;13455521000;13387033333;13887033333
2572;13455522000;13387033333;13887033333
2573;13455720000;13387077777;13887077777
2574;13455727000;13387400000;13887400000
2575;13455728000;13387400000;13887400000
2576;13455739000;13387400000;13887400000
2577;13493649000;13428711111;13928711111
2578;13493652000;13428711111;13928711111
2579;13493653000;13428711111;13928711111
2580;13493654000;13428711111;13928711111
2581;13493655000;13428711111;13928711111
2582;13493656000;13428711111;13928711111
2583;13493657000;13428711111;13928711111
2584;13493856000;13428755555;13928755555
2585;13493862000;13429044444;13929044444
2586;13493863000;13429044444;13929044444
2587;13493864000;13429044444;13929044444
2588;13532486000;13470400000;13970400000
2589;13532490000;13470400000;13970400000
2590;13532491000;13470400000;13970400000
2591;13532492000;13470400000;13970400000
2592;13532492000;13470400000;13970400000
2593;13532493000;13470400000;13970400000
2594;13532494000;13470400000;13970400000
2595;13532693000;13470444444;13970444444
2596;13532699000;13470777777;13970777777
2597;13532700000;13470777777;13970777777
2598;13532701000;13470777777;13970777777
2599;13571930000;13512033333;14012033333
2600;13571934000;13512033333;14012033333
2601;13571935000;13512033333;14012033333
2602;13571936000;13512033333;14012033333
2603;13571936000;13512033333;14012033333
2604;13571937000;13512033333;14012033333
2605;13571938000;13512033333;14012033333
2606;13572153000;13512077777;14012077777
2607;13572169000;13512444444;14012444444
2608;13572170000;13512444444;14012444444
2609;13572171000;13512444444;14012444444
2610;13611984000;13553733333;14053733333
2611;13611986000;13553733333;14053733333
2612;13611988000;13553733333;14053733333
2613;13611989000;13553733333;14053733333
2614;13611990000;13553733333;14053733333
2615;13611991000;13553733333;14053733333
2616;13611992000;13553733333;14053733333
2617;13612142000;13553777777;14053777777
2618;13612145000;13554066666;14054066666
2619;13612146000;13554066666;14054066666
2620;13612147000;13554066666;14054066666
2621;13652619000;13595400000;14095400000
2622;13652623000;13595400000;14095400000
2623;13652624000;13595400000;14095400000
2624;13652625000;13595400000;14095400000
2625;13652626000;13595400000;14095400000
2626;13652627000;13595400000;14095400000
2627;13652628000;13595400000;14095400000
2628;13652826000;13595444444;14095444444
2629;13652842000;13595777777;14095777777
2630;13652843000;13595777777;14095777777
2631;13652844000;13595777777;14095777777
2632;13693539000;13637044444;14137044444
2633;13693542000;13637044444;14137044444
2634;13693543000;13637044444;14137044444
2635;13693544000;13637044444;14137044444
2636;13693545000;13637044444;14137044444
2637;13693546000;13637044444;14137044444
2638;13693547000;13637044444;14137044444
2639;13693754000;13637088888;14137088888
2640;13693770000;13637400000;14137400000
2641;13693771000;13637400000;14137400000
2642;13693772000;13637400000;14137400000
2643;13734778000;13678711111;14178711111
2644;13734782000;13678711111;14178711111
2645;13734783000;13678711111;14178711111
2646;13734784000;13678711111;14178711111
2647;13734785000;13678711111;14178711111
2648;13734786000;13678711111;14178711111
2649;13734787000;13678711111;14178711111
2650;13734986000;13678755555;14178755555
2651;13734992000;13679022222;14179022222
2652;13735002000;13679022222;14179022222
2653;13735003000;13679022222;14179022222
2654;13776183000;13720366666;14220366666
2655;13776187000;13720366666;14220366666
2656;13776187000;13720366666;14220366666
2657;13776188000;13720366666;14220366666
2658;13776189000;13720366666;14220366666
2659;13776190000;13720366666;14220366666
2660;13776191000;13720366666;14220366666
2661;13776390000;13720411111;14220411111
2662;13776396000;13720744444;14220744444
2663;13776398000;13720744444;14220744444
2664;13776399000;13720744444;14220744444
2665;13817630000;13762033333;14262033333
2666;13817633000;13762033333;14262033333
2667;13817634000;13762033333;14262033333
2668;13817635000;13762033333;14262033333
2669;13817636000;13762033333;14262033333
2670;13817637000;13762033333;14262033333
2671;13817638000;13762033333;14262033333
2673;13817875000;13762377777;14262377777
2674;13817878000;13762377777;14262377777
2675;13817879000;13762377777;14262377777
2676;13859349000;13803711111;14303711111
2677;13859360000;13803711111;14303711111
2678;13859361000;13803711111;14303711111
2679;13859362000;13803711111;14303711111
2680;13859363000;13803711111;14303711111
2681;13859364000;13803711111;14303711111
2682;13859365000;13803711111;14303711111
2683;13859563000;13803744444;14303744444
2684;13859578000;13804011111;14304011111
2685;13859580000;13804011111;14304011111
2686;13859580000;13804011111;14304011111
2687;13953571000;13845400000;14345400000
2695;13953682000;13845744444;14345744444
2696;13953686000;13845744444;14345744444
2697;13953687000;13845744444;14345744444
2698;13994584000;13887033333;14387033333
2706;13994696000;13887400000;14387400000
2707;13994699000;13887400000;14387400000
2708;13994700000;13887400000;14387400000
2709;14035384000;13928722222;14428722222
2717;14035495000;13929055555;14429055555
2718;14035499000;13929055555;14429055555
2719;14035500000;13929055555;14429055555
2720;14075903000;13970400000;14470400000
2728;14076014000;13970744444;14470744444
2729;14076018000;13970744444;14470744444
2730;14076019000;13970744444;14470744444
2731;14115821000;14012066666;14512066666
2739;14115901000;14012422222;14512422222
2740;14115903000;14012422222;14512422222
2741;14115905000;14012422222;14512422222
2742;14155250000;14053733333;14553733333
2750;14155362000;14054033333;14554033333
2751;14155365000;14054033333;14554033333
2752;14155366000;14054033333;14554033333
2753;14193975000;14095400000;14595400000
2761;14194099000;14095733333;14595733333
2762;14194104000;14095733333;14595733333
2763;14194106000;14095733333;14595733333
2764;14232177000;14137066666;14637066666
2772;14232288000;14137444444;14637444444
2773;14232292000;14137444444;14637444444
2774;14232293000;14137444444;14637444444
2775;14269806000;14178711111;14678711111
2783;14269919000;14179022222;14679022222
2784;14269923000;14179022222;14679022222
2785;14269923000;14179022222;14679022222
2786;14307063000;14220366666;14720366666
2787;14307075000;14220366666;14720366666
2788;14307076000;14220366666;14720366666
2789;14307077000;14220366666;14720366666
2790;14307078000;14220366666;14720366666
2791;14307079000;14220366666;14720366666
2792;14307080000;14220366666;14720366666
2793;14307251000;14220411111;14720411111
2794;14307255000;14220722222;14720722222
2795;14307256000;14220722222;14720722222
2796;14307257000;14220722222;14720722222
2797;14344215000;14262066666;14762066666
2798;14344218000;14262066666;14762066666
2799;14344219000;14262066666;14762066666
2800;14344220000;14262066666;14762066666
2801;14344221000;14262066666;14762066666
2802;14344222000;14262066666;14762066666
2803;14344223000;14262066666;14762066666
2804;14344424000;14262111111;14762111111
2805;14344439000;14262433333;14762433333
2806;14344440000;14262433333;14762433333
2807;14344441000;14262433333;14762433333
2808;14380915000;14303711111;14803711111
2809;14380918000;14303711111;14803711111
2810;14380919000;14303711111;14803711111
2811;14380920000;14303711111;14803711111
2812;14380921000;14303711111;14803711111
2813;14380922000;14303711111;14803711111
2814;14380923000;14303711111;14803711111
2815;14381130000;14303744444;14803744444
2816;14381136000;14304033333;14804033333
2817;14381137000;14304033333;14804033333
2818;14381138000;14304033333;14804033333
2819;14417926000;14345422222;14845422222
2820;14417929000;14345422222;14845422222
2821;14417930000;14345422222;14845422222
2822;14417931000;14345422222;14845422222
2823;14417931000;14345422222;14845422222
2824;14417941000;14345422222;14845422222
2825;14417942000;14345422222;14845422222
2826;14418079000;14345466666;14845466666
2827;14418082000;14345755555;14845755555
2828;14418083000;14345755555;14845755555
2829;14418084000;14345755555;14845755555
2830;14455534000;14387066666;14887066666
2831;14455538000;14387066666;14887066666
2832;14455539000;14387066666;14887066666
2833;14455540000;14387066666;14887066666
2834;14455541000;14387066666;14887066666
2835;14455542000;14387066666;14887066666
2836;14455543000;14387066666;14887066666
2837;14455742000;14387111111;14887111111
2838;14455748000;14387411111;14887411111
2839;14455758000;14387411111;14887411111
2840;14455759000;14387411111;14887411111
2841;14493634000;14428711111;14928711111
2842;14493637000;14428711111;14928711111
2843;14493638000;14428711111;14928711111
2844;14493639000;14428711111;14928711111
2845;14493640000;14428711111;14928711111
2846;14493641000;14428711111;14928711111
2847;14493642000;14428711111;14928711111
2848;14493841000;14428755555;14928755555
2849;14493847000;14429044444;14929044444
2850;14493848000;14429044444;14929044444
2851;14493849000;14429044444;14929044444
2852;14532471000;14470400000;14970400000
2853;14532474000;14470400000;14970400000
2854;14532475000;14470400000;14970400000
2855;14532476000;14470400000;14970400000
2856;14532477000;14470400000;14970400000
2857;14532478000;14470400000;14970400000
2858;14532479000;14470400000;14970400000
2859;14532678000;14470444444;14970444444
2860;14532684000;14470766666;14970766666
2861;14532686000;14470766666;14970766666
2862;14532687000;14470766666;14970766666
2863;14571887000;14512066666;15012066666
2864;14571889000;14512066666;15012066666
2865;14571890000;14512066666;15012066666
2866;14571891000;14512066666;15012066666
2867;14571902000;14512066666;15012066666
2868;14571903000;14512066666;15012066666
2869;14571904000;14512066666;15012066666
2870;14572052000;14512111111;15012111111
2871;14572056000;14512433333;15012433333
2872;14572057000;14512433333;15012433333
2873;14572058000;14512433333;15012433333
2874;14611965000;14553755555;15053755555
2875;14611967000;14553755555;15053755555
2876;14611968000;14553755555;15053755555
2877;14611969000;14553755555;15053755555
2878;14611970000;14553755555;15053755555
2879;14611971000;14553755555;15053755555
2880;14611972000;14553755555;15053755555
2881;14612122000;14553800000;15053800000
2882;14612125000;14554066666;15054066666
2883;14612126000;14554066666;15054066666
2884;14612127000;14554066666;15054066666
2885;14652563000;14595400000;15095400000
2886;14652566000;14595400000;15095400000
2887;14652567000;14595400000;15095400000
2888;14652568000;14595400000;15095400000
2889;14652569000;14595400000;15095400000
2890;14652570000;14595400000;15095400000
2891;14652571000;14595400000;15095400000
2892;14652785000;14595444444;15095444444
2893;14652791000;14595755555;15095755555
2894;14652792000;14595755555;15095755555
2895;14652793000;14595755555;15095755555
2896;14693543000;14637066666;15137066666
2897;14693547000;14637066666;15137066666
2898;14693548000;14637066666;15137066666
2899;14693549000;14637066666;15137066666
2900;14693550000;14637066666;15137066666
2901;14693551000;14637066666;15137066666
2902;14693552000;14637066666;15137066666
2903;14693758000;14637111111;15137111111
2904;14693774000;14637411111;15137411111
2905;14693775000;14637411111;15137411111
2906;14693776000;14637411111;15137411111
2907;14734775000;14678711111;15178711111
2908;14734779000;14678711111;15178711111
2909;14734780000;14678711111;15178711111
2910;14734781000;14678711111;15178711111
2911;14734782000;14678711111;15178711111
2912;14734783000;14678711111;15178711111
2913;14734784000;14678711111;15178711111
2914;14734983000;14678744444;15178744444
2915;14734998000;14679011111;15179011111
2916;14735000000;14679011111;15179011111
2917;14735001000;14679011111;15179011111
2918;14776179000;14720400000;15220400000
2919;14776182000;14720400000;15220400000
2920;14776183000;14720400000;15220400000
2921;14776184000;14720400000;15220400000
2922;14776185000;14720400000;15220400000
2923;14776186000;14720400000;15220400000
2924;14776187000;14720400000;15220400000
2926;14776353000;14720733333;15220733333
2927;14778078000;14720733333;15220733333
2928;14778094000;14720733333;15220733333
2929;14817754000;14762044444;15262044444
2930;14817757000;14762044444;15262044444
2931;14817758000;14762044444;15262044444
2932;14817759000;14762044444;15262044444
2933;14817760000;14762044444;15262044444
2934;14817761000;14762044444;15262044444
2935;14817762000;14762044444;15262044444
2936;14817962000;14762100000;15262100000
2937;14817977000;14762388888;15262388888
2938;14817978000;14762388888;15262388888
2939;14817979000;14762388888;15262388888
2940;14911817000;14803711111;15303711111
2948;14911928000;14804022222;15304022222
2949;14911932000;14804022222;15304022222
2950;14911933000;14804022222;15304022222
2951;14952881000;14845400000;15345400000
2959;14952997000;14845744444;15345744444
2960;14953001000;14845744444;15345744444
2961;14953002000;14845744444;15345744444
2962;14993817000;14887033333;15387033333
2970;14993929000;14887388888;15387388888
2971;14993932000;14887388888;15387388888
2972;14993933000;14887388888;15387388888
2973;15034334000;14928711111;15428711111
2981;15034446000;14929022222;15429022222
2982;15034449000;14929022222;15429022222
2983;15034450000;14929022222;15429022222
2984;15074311000;14970400000;15470400000
2992;15074426000;14970733333;15470733333
2993;15074429000;14970733333;15470733333
2994;15074430000;14970733333;15470733333
2995;15113616000;15012066666;15512066666
3003;15113699000;15012411111;15512411111
3004;15113701000;15012411111;15512411111
3005;15113702000;15012411111;15512411111
3006;15152380000;15053700000;15553700000
3014;15152495000;15053988888;15553988888
3015;15152499000;15053988888;15553988888
3016;15152500000;15053988888;15553988888
3017;15190555000;15095400000;15595400000
3024;15190782000;15095444444;15595444444
3025;15190797000;15095722222;15595722222
3026;15190799000;15095722222;15595722222
3027;15190800000;15095722222;15595722222
3028;15228220000;15137066666;15637066666
3036;15228332000;15137411111;15637411111
3037;15228335000;15137411111;15637411111
3038;15228336000;15137411111;15637411111
3039;15265490000;15178711111;15678711111
3040;15265494000;15178711111;15678711111
3041;15265495000;15178711111;15678711111
3042;15265496000;15178711111;15678711111
3043;15265496000;15178711111;15678711111
3044;15265497000;15178711111;15678711111
3045;15265499000;15178711111;15678711111
3046;15265698000;15178755555;15678755555
3047;15265713000;15179011111;15679011111
3048;15265715000;15179011111;15679011111
3049;15265715000;15179011111;15679011111
3050;15301233000;15220400000;15720400000
3051;15301236000;15220400000;15720400000
3052;15301237000;15220400000;15720400000
3053;15301238000;15220400000;15720400000
3054;15301239000;15220400000;15720400000
3055;15301249000;15220400000;15720400000
3056;15301250000;15220400000;15720400000
3057;15301390000;15220444444;15720444444
3058;15301393000;15220733333;15720733333
3059;15301394000;15220733333;15720733333
3060;15301395000;15220733333;15720733333
3061;15337195000;15262033333;15762033333
3062;15337199000;15262033333;15762033333
3063;15337200000;15262033333;15762033333
3064;15337201000;15262033333;15762033333
3065;15337202000;15262033333;15762033333
3066;15337203000;15262033333;15762033333
3067;15337204000;15262033333;15762033333
3068;15337598000;15262077777;15762077777
3069;15337605000;15262388888;15762388888
3070;15337606000;15262388888;15762388888
3071;15337607000;15262388888;15762388888
3072;15374655000;15303711111;15803711111
3073;15374658000;15303711111;15803711111
3074;15374659000;15303711111;15803711111
3075;15374660000;15303711111;15803711111
3076;15374661000;15303711111;15803711111
3077;15374671000;15303711111;15803711111
3078;15374672000;15303711111;15803711111
3079;15374813000;15303755555;15803755555
3080;15374816000;15304022222;15804022222
3081;15374817000;15304022222;15804022222
3082;15374818000;15304022222;15804022222
3083;15412543000;15345400000;15845400000
3084;15412546000;15345400000;15845400000
3085;15412547000;15345400000;15845400000
3086;15412548000;15345400000;15845400000
3087;15412549000;15345400000;15845400000
3088;15412550000;15345400000;15845400000
3089;15412551000;15345400000;15845400000
3090;15412721000;15345444444;15845444444
3091;15412725000;15345722222;15845722222
3092;15412726000;15345722222;15845722222
3093;15412728000;15345722222;15845722222
3094;15451135000;15387066666;15887066666
3095;15451139000;15387066666;15887066666
3096;15451140000;15387066666;15887066666
3097;15451141000;15387066666;15887066666
3098;15451142000;15387066666;15887066666
3099;15451143000;15387066666;15887066666
3100;15451144000;15387066666;15887066666
3101;15451343000;15387111111;15887111111
3102;15451358000;15387400000;15887400000
3103;15451359000;15387400000;15887400000
3104;15451360000;15387400000;15887400000
3105;15489440000;15428711111;15928711111
3106;15489443000;15428711111;15928711111
3107;15489444000;15428711111;15928711111
3108;15489455000;15428711111;15928711111
3109;15489456000;15428711111;15928711111
3110;15489457000;15428711111;15928711111
3111;15489458000;15428711111;15928711111
3112;15489600000;15428755555;15928755555
3113;15489603000;15429011111;15929011111
3114;15489604000;15429011111;15929011111
3115;15489605000;15429011111;15929011111
3116;15529355000;15470366666;15970366666
3117;15529359000;15470366666;15970366666
3118;15529360000;15470366666;15970366666
3119;15529361000;15470366666;15970366666
3120;15529362000;15470366666;15970366666
3121;15529363000;15470366666;15970366666
3122;15529364000;15470366666;15970366666
3123;15529570000;15470411111;15970411111
3124;15529577000;15470711111;15970711111
3125;15529578000;15470711111;15970711111
3126;15529579000;15470711111;15970711111
3127;15569766000;15512033333;16012033333
3128;15569769000;15512033333;16012033333
3129;15569770000;15512033333;16012033333
3130;15569771000;15512033333;16012033333
3131;15569772000;15512033333;16012033333
3132;15569773000;15512033333;16012033333
3133;15569774000;15512033333;16012033333
3134;15569973000;15512077777;16012077777
3135;15569980000;15512388888;16012388888
3136;15569981000;15512388888;16012388888
3137;15569982000;15512388888;16012388888
3138;15610539000;15553733333;16053733333
3139;15610542000;15553733333;16053733333
3140;15610543000;15553733333;16053733333
3141;15610544000;15553733333;16053733333
3142;15610545000;15553733333;16053733333
3143;15610546000;15553733333;16053733333
3144;15610547000;15553733333;16053733333
3145;15610746000;15553777777;16053777777
3146;15610752000;15554033333;16054033333
3147;15610753000;15554033333;16054033333
3148;15610754000;15554033333;16054033333
3149;15651611000;15595400000;16095400000
3150;15651614000;15595400000;16095400000
3151;15651615000;15595400000;16095400000
3152;15651616000;15595400000;16095400000
3153;15651617000;15595400000;16095400000
3154;15651618000;15595400000;16095400000
3155;15651619000;15595400000;16095400000
3156;15651825000;15595444444;16095444444
3157;15651831000;15595744444;16095744444
3158;15651832000;15595744444;16095744444
3159;15651834000;15595744444;16095744444
3160;15692974000;15637066666;16137066666
3161;15692977000;15637066666;16137066666
3162;15692978000;15637066666;16137066666
3163;15692979000;15637066666;16137066666
3164;15692980000;15637066666;16137066666
3165;15692981000;15637066666;16137066666
3166;15692982000;15637066666;16137066666
3167;15693203000;15637111111;16137111111
3168;15693218000;15637433333;16137433333
3169;15693219000;15637433333;16137433333
3170;15693220000;15637433333;16137433333
3171;15734433000;15678711111;16178711111
3172;15734436000;15678711111;16178711111
3173;15734437000;15678711111;16178711111
3174;15734438000;15678711111;16178711111
3175;15734439000;15678711111;16178711111
3176;15734440000;15678711111;16178711111
3177;15734441000;15678711111;16178711111
3178;15734639000;15678755555;16178755555
3179;15734655000;15679022222;16179022222
3180;15734656000;15679022222;16179022222
3181;15734657000;15679022222;16179022222
3182;15775919000;15720366666;16220366666
3183;15775922000;15720366666;16220366666
3184;15775923000;15720366666;16220366666
3185;15775924000;15720366666;16220366666
3186;15775925000;15720366666;16220366666
3187;15775926000;15720366666;16220366666
3188;15775927000;15720366666;16220366666
3189;15776132000;15720411111;16220411111
3190;15776138000;15720722222;16220722222
3191;15776139000;15720722222;16220722222
3192;15776140000;15720722222;16220722222
3193;15817569000;15762066666;16262066666
3194;15817572000;15762066666;16262066666
3195;15817573000;15762066666;16262066666
3196;15817574000;15762066666;16262066666
3197;15817575000;15762066666;16262066666
3198;15817576000;15762066666;16262066666
3199;15817577000;15762066666;16262066666
3200;15817776000;15762111111;16262111111
3201;15817783000;15762411111;16262411111
3202;15817792000;15762411111;16262411111
3203;15817793000;15762411111;16262411111
3204;15859194000;15803711111;16303711111
3205;15859197000;15803711111;16303711111
3206;15859198000;15803711111;16303711111
3207;15859199000;15803711111;16303711111
3208;15859200000;15803711111;16303711111
3209;15859201000;15803711111;16303711111
3210;15859202000;15803711111;16303711111
3211;15859418000;15803744444;16303744444
3212;15859424000;15804011111;16304011111
3213;15859425000;15804011111;16304011111
3214;15859426000;15804011111;16304011111
3215;15900883000;15845400000;16345400000
3216;15900887000;15845400000;16345400000
3217;15900887000;15845400000;16345400000
3218;15900889000;15845400000;16345400000
3219;15900890000;15845400000;16345400000
3220;15900891000;15845400000;16345400000
3221;15900892000;15845400000;16345400000
3222;15901098000;15845444444;16345444444
3223;15901104000;15845744444;16345744444
3224;15901105000;15845744444;16345744444
3225;15901106000;15845744444;16345744444
3226;15942552000;15887066666;16387066666
3227;15942555000;15887066666;16387066666
3228;15942556000;15887066666;16387066666
3229;15942557000;15887066666;16387066666
3230;15942558000;15887066666;16387066666
3231;15942559000;15887066666;16387066666
3232;15942560000;15887066666;16387066666
3233;15942767000;15887111111;16387111111
3234;15942773000;15887422222;16387422222
3235;15942774000;15887422222;16387422222
3236;15942775000;15887422222;16387422222
3237;15984184000;15928711111;16428711111
3238;15984187000;15928711111;16428711111
3239;15984188000;15928711111;16428711111
3240;15984189000;15928711111;16428711111
3241;15984190000;15928711111;16428711111
3242;15984191000;15928711111;16428711111
3243;15984192000;15928711111;16428711111
3244;15984412000;15928744444;16428744444
3245;15984419000;15929033333;16429033333
3246;15984420000;15929033333;16429033333
3247;15984421000;15929033333;16429033333
3248;16025859000;15970400000;16470400000
3249;16025863000;15970400000;16470400000
3250;16025864000;15970400000;16470400000
3251;16025865000;15970400000;16470400000
3252;16025866000;15970400000;16470400000
3253;16025867000;15970400000;16470400000
3254;16025868000;15970400000;16470400000
3255;16026081000;15970444444;16470444444
3256;16026087000;15970744444;16470744444
3257;16026088000;15970744444;16470744444
3258;16028085000;15970744444;16470744444
3259;16067569000;16012077777;16512077777
3260;16067573000;16012077777;16512077777
3261;16067574000;16012077777;16512077777
3262;16067575000;16012077777;16512077777
3263;16067576000;16012077777;16512077777
3264;16067576000;16012077777;16512077777
3265;16067577000;16012077777;16512077777
3266;16067747000;16012122222;16512122222
3267;16067752000;16012444444;16512444444
3268;16067753000;16012444444;16512444444
3269;16067754000;16012444444;16512444444
3270;16161559000;16053733333;16553733333
3278;16161671000;16054033333;16554033333
3279;16161674000;16054033333;16554033333
3280;16161675000;16054033333;16554033333
3281;16202568000;16095400000;16595400000
3289;16202649000;16095744444;16595744444
3290;16202651000;16095744444;16595744444
3291;16202652000;16095744444;16595744444
3292;16243431000;16137066666;16637066666
3301;16243543000;16137422222;16637422222
3302;16243547000;16137422222;16637422222
3303;16284064000;16178711111;16678711111
3311;16284185000;16179022222;16679022222
3312;16284188000;16179022222;16679022222
3313;16284189000;16179022222;16679022222
3314;16322229000;16220400000;16720400000
3322;16322355000;16220755555;16720755555
3323;16322358000;16220755555;16720755555
3324;16322359000;16220755555;16720755555
3325;16362347000;16262066666;16762066666
3333;16362459000;16262433333;16762433333
3334;16362462000;16262433333;16762433333
3335;16362463000;16262433333;16762433333
3336;16401134000;16303711111;16803711111
3344;16401246000;16304033333;16804033333
3345;16401250000;16304033333;16804033333
3346;16401251000;16304033333;16804033333
3347;16439415000;16345400000;16845400000
3354;16439616000;16345444444;16845444444
3355;16439631000;16345733333;16845733333
3356;16439632000;16345733333;16845733333
3357;16439633000;16345733333;16845733333
3358;16477230000;16387066666;16887066666
3365;16477430000;16387111111;16887111111
3366;16477446000;16387411111;16887411111
3367;16477447000;16387411111;16887411111
3368;16477448000;16387411111;16887411111
3369;16514528000;16428711111;16928711111
3370;16514531000;16428711111;16928711111
3371;16514533000;16428711111;16928711111
3372;16514534000;16428711111;16928711111
3373;16514535000;16428711111;16928711111
3374;16514535000;16428711111;16928711111
3375;16514536000;16428711111;16928711111
3376;16514706000;16428744444;16928744444
3377;16514711000;16429033333;16929033333
3378;16514712000;16429033333;16929033333
3379;16514713000;16429033333;16929033333
3380;16551788000;16470400000;16970400000
3381;16551791000;16470400000;16970400000
3382;16551793000;16470400000;16970400000
3383;16551794000;16470400000;16970400000
3384;16551795000;16470400000;16970400000
3385;16551796000;16470400000;16970400000
3386;16551796000;16470400000;16970400000
3387;16551996000;16470444444;16970444444
3388;16552002000;16470755555;16970755555
3389;16552003000;16470755555;16970755555
3390;16552004000;16470755555;16970755555
3391;16586471000;16512033333;17012033333
3392;16586474000;16512033333;17012033333
3393;16586475000;16512033333;17012033333
3394;16586476000;16512033333;17012033333
3395;16586486000;16512033333;17012033333
3396;16586487000;16512033333;17012033333
3397;16586488000;16512033333;17012033333
3398;16586624000;16512077777;17012077777
3399;16586627000;16512400000;17012400000
3400;16586628000;16512400000;17012400000
3401;16586629000;16512400000;17012400000
3402;16624194000;16553733333;17053733333
3403;16624197000;16553733333;17053733333
3404;16624198000;16553733333;17053733333
3405;16624199000;16553733333;17053733333
3406;16624200000;16553733333;17053733333
3407;16624201000;16553733333;17053733333
3408;16624202000;16553733333;17053733333
3409;16624401000;16553777777;17053777777
3410;16624407000;16554044444;17054044444
3411;16624409000;16554044444;17054044444
3412;16624410000;16554044444;17054044444
3413;16662243000;16595400000;17095400000
3414;16662247000;16595400000;17095400000
3415;16662248000;16595400000;17095400000
3416;16662249000;16595400000;17095400000
3417;16662249000;16595400000;17095400000
3418;16662251000;16595400000;17095400000
3419;16662251000;16595400000;17095400000
3420;16662451000;16595444444;17095444444
3421;16662457000;16595755555;17095755555
3422;16662458000;16595755555;17095755555
3423;16662459000;16595755555;17095755555
3424;16700853000;16637066666;17137066666
3425;16700856000;16637066666;17137066666
3426;16700857000;16637066666;17137066666
3427;16700859000;16637066666;17137066666
3428;16700859000;16637066666;17137066666
3429;16700860000;16637066666;17137066666
3430;16700861000;16637066666;17137066666
3431;16701067000;16637111111;17137111111
3432;16701074000;16637433333;17137433333
3433;16701075000;16637433333;17137433333
3434;16701076000;16637433333;17137433333
3435;16740002000;16678711111;17178711111
3436;16740005000;16678711111;17178711111
3437;16740006000;16678711111;17178711111
3438;16740007000;16678711111;17178711111
3439;16740008000;16678711111;17178711111
3440;16740009000;16678711111;17178711111
3441;16740010000;16678711111;17178711111
3442;16740209000;16678744444;17178744444
3443;16740224000;16679033333;17179033333
3444;16740225000;16679033333;17179033333
3445;16740226000;16679033333;17179033333
3446;16779760000;16720400000;17220400000
3447;16779763000;16720400000;17220400000
3448;16779764000;16720400000;17220400000
3449;16779765000;16720400000;17220400000
3450;16779766000;16720400000;17220400000
3451;16779767000;16720400000;17220400000
3452;16779768000;16720400000;17220400000
3453;16779967000;16720444444;17220444444
3454;16779973000;16720766666;17220766666
3455;16779974000;16720766666;17220766666
3456;16779975000;16720766666;17220766666
3457;16819941000;16762066666;17262066666
3458;16819943000;16762066666;17262066666
3459;16819944000;16762066666;17262066666
3460;16819945000;16762066666;17262066666
3461;16819946000;16762066666;17262066666
3462;16819947000;16762066666;17262066666
3463;16819957000;16762066666;17262066666
3464;16820144000;16762111111;17262111111
3465;16820150000;16762422222;17262422222
3466;16820151000;16762422222;17262422222
3467;16820153000;16762422222;17262422222
3468;16860689000;16803711111;17303711111
3469;16860692000;16803711111;17303711111
3470;16860693000;16803711111;17303711111
3471;16860694000;16803711111;17303711111
3472;16860695000;16803711111;17303711111
3473;16860696000;16803711111;17303711111
3474;16860697000;16803711111;17303711111
3475;16860896000;16803755555;17303755555
3476;16860902000;16804033333;17304033333
3477;16860903000;16804033333;17304033333
3478;16860904000;16804033333;17304033333
3479;16901726000;16845377777;17345377777
3480;16901729000;16845377777;17345377777
3481;16901730000;16845377777;17345377777
3482;16901731000;16845377777;17345377777
3483;16901732000;16845377777;17345377777
3484;16901733000;16845377777;17345377777
3485;16901734000;16845377777;17345377777
3486;16901934000;16845411111;17345411111
3487;16901940000;16845733333;17345733333
3488;16901941000;16845733333;17345733333
3489;16901942000;16845733333;17345733333
3490;16943014000;16887077777;17387077777
3491;16943018000;16887077777;17387077777
3492;16943019000;16887077777;17387077777
3493;16943020000;16887077777;17387077777
3494;16943020000;16887077777;17387077777
3495;16943021000;16887077777;17387077777
3496;16943022000;16887077777;17387077777
3497;16943221000;16887111111;17387111111
3498;16943228000;16887433333;17387433333
3499;16943229000;16887433333;17387433333
3500;16943230000;16887433333;17387433333
3501;16984375000;16928711111;17428711111
3502;16984378000;16928711111;17428711111
3503;16984379000;16928711111;17428711111
3504;16984380000;16928711111;17428711111
3505;16984390000;16928711111;17428711111
3506;16984391000;16928711111;17428711111
3507;16984392000;16928711111;17428711111
3508;16984528000;16928755555;17428755555
3509;16984531000;16929044444;17429044444
3510;16984532000;16929044444;17429044444
3511;16984533000;16929044444;17429044444
3512;17026002000;16970400000;17470400000
3513;17026006000;16970400000;17470400000
3514;17026007000;16970400000;17470400000
3515;17026008000;16970400000;17470400000
3516;17026009000;16970400000;17470400000
3517;17026010000;16970400000;17470400000
3518;17026011000;16970400000;17470400000
3519;17026211000;16970444444;17470444444
3520;17026217000;16970755555;17470755555
3521;17026218000;16970755555;17470755555
3522;17026219000;16970755555;17470755555
3523;17067635000;17012033333;17512033333
3524;17067639000;17012033333;17512033333
3525;17067639000;17012033333;17512033333
3526;17067641000;17012033333;17512033333
3527;17067642000;17012033333;17512033333
3528;17067643000;17012033333;17512033333
3529;17067644000;17012033333;17512033333
3530;17067842000;17012077777;17512077777
3531;17067857000;17012400000;17512400000
3532;17067858000;17012400000;17512400000
3533;17067860000;17012400000;17512400000
3534;17109289000;17053733333;17553733333
3535;17109292000;17053733333;17553733333
3536;17109293000;17053733333;17553733333
3537;17109294000;17053733333;17553733333
3538;17109295000;17053733333;17553733333
3539;17109296000;17053733333;17553733333
3540;17109297000;17053733333;17553733333
3541;17109496000;17053777777;17553777777
3542;17109512000;17054033333;17554033333
3543;17109513000;17054033333;17554033333
3544;17109514000;17054033333;17554033333
3545;17150946000;17095400000;17595400000
3546;17150949000;17095400000;17595400000
3547;17150950000;17095400000;17595400000
3548;17150952000;17095400000;17595400000
3549;17150952000;17095400000;17595400000
3550;17150953000;17095400000;17595400000
3551;17150954000;17095400000;17595400000
3552;17151175000;17095444444;17595444444
3553;17151181000;17095744444;17595744444
3554;17151182000;17095744444;17595744444
3555;17151183000;17095744444;17595744444
3556;17192594000;17137066666;17637066666
3557;17192598000;17137066666;17637066666
3558;17192599000;17137066666;17637066666
3559;17192600000;17137066666;17637066666
3560;17192601000;17137066666;17637066666
3561;17192602000;17137066666;17637066666
3562;17192603000;17137066666;17637066666
3563;17192773000;17137111111;17637111111
3564;17192784000;17137433333;17637433333
3565;17192786000;17137433333;17637433333
3566;17192787000;17137433333;17637433333
3567;17234235000;17178711111;17678711111
3568;17234239000;17178711111;17678711111
3569;17234240000;17178711111;17678711111
3570;17234241000;17178711111;17678711111
3571;17234242000;17178711111;17678711111
3572;17234243000;17178711111;17678711111
3573;17234244000;17178711111;17678711111
3574;17234443000;17178744444;17678744444
3575;17234449000;17179033333;17679033333
3576;17234450000;17179033333;17679033333
3577;17234451000;17179033333;17679033333
3578;17275841000;17220377777;17720377777
3579;17275844000;17220377777;17720377777
3580;17275845000;17220377777;17720377777
3581;17275846000;17220377777;17720377777
3582;17275847000;17220377777;17720377777
3583;17275848000;17220377777;17720377777
3584;17275849000;17220377777;17720377777
3585;17276055000;17220422222;17720422222
3586;17276061000;17220766666;17720766666
3587;17276062000;17220766666;17720766666
3588;17276063000;17220766666;17720766666
3589;17317450000;17262033333;17762033333
3590;17317452000;17262033333;17762033333
3591;17317454000;17262033333;17762033333
3592;17317455000;17262033333;17762033333
3593;17317456000;17262033333;17762033333
3594;17317466000;17262033333;17762033333
3595;17317467000;17262033333;17762033333
3596;17317606000;17262077777;17762077777
3597;17317609000;17262411111;17762411111
3598;17317610000;17262411111;17762411111
3599;17317611000;17262411111;17762411111
3600;17359177000;17303711111;17803711111
3601;17359180000;17303711111;17803711111
3602;17359181000;17303711111;17803711111
3603;17359182000;17303711111;17803711111
3604;17359183000;17303711111;17803711111
3605;17359184000;17303711111;17803711111
3606;17359185000;17303711111;17803711111
3607;17359377000;17303744444;17803744444
3608;17359391000;17304044444;17804044444
3609;17359393000;17304044444;17804044444
3610;17359394000;17304044444;17804044444
3611;17400813000;17345400000;17845400000
3612;17400816000;17345400000;17845400000
3613;17400817000;17345400000;17845400000
3614;17400818000;17345400000;17845400000
3615;17400819000;17345400000;17845400000
3616;17400820000;17345400000;17845400000
3617;17400830000;17345400000;17845400000
3618;17400971000;17345444444;17845444444
3619;17400974000;17345744444;17845744444
3620;17400975000;17345744444;17845744444
3621;17400976000;17345744444;17845744444
3622;17442500000;17387033333;17887033333
3623;17442504000;17387033333;17887033333
3624;17442505000;17387033333;17887033333
3625;17442505000;17387033333;17887033333
3626;17442506000;17387033333;17887033333
3627;17442507000;17387033333;17887033333
3628;17442508000;17387033333;17887033333
3629;17442709000;17387077777;17887077777
3630;17442716000;17387388888;17887388888
3631;17442717000;17387388888;17887388888
3632;17444457000;17387388888;17887388888
3633;17484200000;17428711111;17928711111
3634;17484204000;17428711111;17928711111
3635;17484205000;17428711111;17928711111
3636;17484206000;17428711111;17928711111
3637;17484207000;17428711111;17928711111
3638;17484208000;17428711111;17928711111
3639;17484209000;17428711111;17928711111
3640;17484379000;17428744444;17928744444
3641;17484383000;17429055555;17929055555
3642;17484385000;17429055555;17929055555
3643;17484386000;17429055555;17929055555
3644;17577958000;17470400000;17970400000
3652;17578077000;17470766666;17970766666
3653;17578080000;17470766666;17970766666
3654;17578081000;17470766666;17970766666
3655;17618978000;17512033333;18012033333
3663;17619097000;17512411111;18012411111
3664;17619100000;17512411111;18012411111
3665;17619101000;17512411111;18012411111
3666;17659982000;17553733333;18053733333
3674;17660100000;17554055555;18054055555
3675;17660103000;17554055555;18054055555
3676;17660104000;17554055555;18054055555
3677;17700457000;17595366666;18095366666
3685;17700573000;17595733333;18095733333
3686;17700577000;17595733333;18095733333
3687;17700578000;17595733333;18095733333
3688;17740513000;17637088888;18137088888
3696;17740625000;17637433333;18137433333
3697;17740628000;17637433333;18137433333
3698;17740629000;17637433333;18137433333
3699;17779850000;17678711111;18178711111
3707;17779961000;17679011111;18179011111
3708;17779965000;17679011111;18179011111
3709;17779966000;17679011111;18179011111
3710;17818620000;17720400000;18220400000
3718;17818736000;17720744444;18220744444
3719;17818739000;17720744444;18220744444
3720;17818741000;17720744444;18220744444
3721;17856799000;17762033333;18262033333
3729;17856911000;17762377777;18262377777
3730;17856914000;17762377777;18262377777
3731;17856915000;17762377777;18262377777
3732;17894515000;17803711111;18303711111
3740;17894636000;17804011111;18304011111
3741;17894640000;17804011111;18304011111
3742;17894641000;17804011111;18304011111
3743;17931850000;17845400000;18345400000
3744;17931853000;17845400000;18345400000
3745;17931855000;17845400000;18345400000
3746;17931856000;17845400000;18345400000
3747;17931857000;17845400000;18345400000
3748;17931858000;17845400000;18345400000
3749;17931858000;17845400000;18345400000
3750;17932057000;17845444444;18345444444
3751;17932063000;17845744444;18345744444
3752;17932064000;17845744444;18345744444
3753;17932065000;17845744444;18345744444
3754;17968956000;17887066666;18387066666
3755;17968959000;17887066666;18387066666
3756;17968960000;17887066666;18387066666
3757;17968961000;17887066666;18387066666
3758;17968962000;17887066666;18387066666
3759;17968963000;17887066666;18387066666
3760;17968964000;17887066666;18387066666
3761;17969170000;17887111111;18387111111
3762;17969186000;17887422222;18387422222
3763;17969187000;17887422222;18387422222
3764;17969188000;17887422222;18387422222
3765;18005829000;17928711111;18428711111
3766;18005833000;17928711111;18428711111
3767;18005833000;17928711111;18428711111
3768;18005834000;17928711111;18428711111
3769;18005835000;17928711111;18428711111
3770;18005837000;17928711111;18428711111
3771;18005837000;17928711111;18428711111
3772;18006036000;17928744444;18428744444
3773;18006050000;17929033333;18429033333
3774;18006051000;17929033333;18429033333
3775;18006052000;17929033333;18429033333
3776;18042911000;17970400000;18470400000
3777;18042914000;17970400000;18470400000
3778;18042915000;17970400000;18470400000
3779;18042916000;17970400000;18470400000
3780;18042917000;17970400000;18470400000
3781;18042918000;17970400000;18470400000
3782;18042919000;17970400000;18470400000
3783;18043139000;17970444444;18470444444
3784;18043145000;17970744444;18470744444
3785;18043146000;17970744444;18470744444
3786;18043147000;17970744444;18470744444
3787;18080454000;18012077777;18512077777
3788;18080458000;18012077777;18512077777
3789;18080459000;18012077777;18512077777
3790;18080460000;18012077777;18512077777
3791;18080461000;18012077777;18512077777
3792;18080462000;18012077777;18512077777
3793;18080463000;18012077777;18512077777
3794;18080671000;18012111111;18512111111
3795;18080686000;18012433333;18512433333
3796;18080687000;18012433333;18512433333
3797;18080688000;18012433333;18512433333
3798;18118588000;18053744444;18553744444
3799;18118590000;18053744444;18553744444
3800;18118592000;18053744444;18553744444
3801;18118593000;18053744444;18553744444
3802;18118594000;18053744444;18553744444
3803;18118595000;18053744444;18553744444
3804;18118605000;18053744444;18553744444
3805;18118738000;18053777777;18553777777
3806;18118741000;18054033333;18554033333
3807;18118742000;18054033333;18554033333
3808;18118743000;18054033333;18554033333
3809;18157450000;18095400000;18595400000
3810;18157453000;18095400000;18595400000
3811;18157454000;18095400000;18595400000
3812;18157455000;18095400000;18595400000
3813;18157456000;18095400000;18595400000
3814;18157457000;18095400000;18595400000
3815;18157458000;18095400000;18595400000
3816;18157656000;18095444444;18595444444
3817;18157671000;18095733333;18595733333
3818;18157673000;18095733333;18595733333
3819;18157674000;18095733333;18595733333
3820;18196903000;18137066666;18637066666
3821;18196906000;18137066666;18637066666
3822;18196907000;18137066666;18637066666
3823;18196908000;18137066666;18637066666
3824;18196909000;18137066666;18637066666
3825;18196910000;18137066666;18637066666
3826;18196911000;18137066666;18637066666
3827;18197132000;18137111111;18637111111
3828;18197148000;18137411111;18637411111
3829;18197149000;18137411111;18637411111
3830;18197150000;18137411111;18637411111
3831;18236973000;18178711111;18678711111
3832;18236976000;18178711111;18678711111
3833;18236977000;18178711111;18678711111
3834;18236978000;18178711111;18678711111
3835;18236979000;18178711111;18678711111
3836;18236980000;18178711111;18678711111
3837;18236981000;18178711111;18678711111
3838;18237187000;18178744444;18678744444
3839;18237194000;18179011111;18679011111
3840;18237195000;18179011111;18679011111
3841;18237196000;18179011111;18679011111
3842;18277446000;18220366666;18720366666
3843;18277449000;18220366666;18720366666
3844;18277450000;18220366666;18720366666
3845;18277460000;18220366666;18720366666
3846;18277461000;18220366666;18720366666
3847;18277461000;18220366666;18720366666
3848;18277462000;18220366666;18720366666
3849;18277598000;18220411111;18720411111
3850;18277601000;18220711111;18720711111
3851;18277602000;18220711111;18720711111
3852;18277603000;18220711111;18720711111
3853;18318414000;18262066666;18762066666
3854;18318416000;18262066666;18762066666
3855;18318417000;18262066666;18762066666
3856;18318418000;18262066666;18762066666
3857;18318419000;18262066666;18762066666
3858;18318420000;18262066666;18762066666
3859;18318421000;18262066666;18762066666
3860;18318568000;18262111111;18762111111
3861;18318570000;18262433333;18762433333
3862;18318571000;18262433333;18762433333
3863;18318572000;18262433333;18762433333
3864;18359621000;18303711111;18803711111
3865;18359624000;18303711111;18803711111
3866;18359625000;18303711111;18803711111
3867;18359626000;18303711111;18803711111
3868;18359627000;18303711111;18803711111
3869;18359628000;18303711111;18803711111
3870;18359638000;18303711111;18803711111
3871;18359773000;18303744444;18803744444
3872;18359776000;18304033333;18804033333
3873;18359777000;18304033333;18804033333
3874;18359778000;18304033333;18804033333
3875;18401074000;18345400000;18845400000
3876;18401076000;18345400000;18845400000
3877;18401077000;18345400000;18845400000
3878;18401078000;18345400000;18845400000
3879;18401079000;18345400000;18845400000
3880;18401080000;18345400000;18845400000
3881;18401081000;18345400000;18845400000
3882;18401230000;18345444444;18845444444
3883;18401233000;18345733333;18845733333
3884;18401235000;18345733333;18845733333
3885;18401235000;18345733333;18845733333
3886;18442689000;18387066666;18887066666
3887;18442693000;18387066666;18887066666
3888;18442694000;18387066666;18887066666
3889;18442695000;18387066666;18887066666
3890;18442697000;18387066666;18887066666
3891;18442698000;18387066666;18887066666
3892;18442699000;18387066666;18887066666
3893;18442892000;18387111111;18887111111
3894;18442896000;18387400000;18887400000
3895;18442897000;18387400000;18887400000
3896;18442898000;18387400000;18887400000
3897;18484264000;18428711111;18928711111
3898;18484268000;18428711111;18928711111
3899;18484269000;18428711111;18928711111
3900;18484270000;18428711111;18928711111
3901;18484270000;18428711111;18928711111
3902;18484272000;18428711111;18928711111
3903;18484272000;18428711111;18928711111
3904;18484487000;18428755555;18928755555
3905;18484502000;18429033333;18929033333
3906;18484503000;18429033333;18929033333
3907;18484504000;18429033333;18929033333
3908;18525931000;18470400000;18970400000
3909;18525934000;18470400000;18970400000
3910;18525935000;18470400000;18970400000
3911;18525936000;18470400000;18970400000
3912;18525937000;18470400000;18970400000
3913;18525938000;18470400000;18970400000
3914;18525939000;18470400000;18970400000
3915;18526141000;18470444444;18970444444
3916;18526148000;18470755555;18970755555
3917;18526149000;18470755555;18970755555
3918;18526150000;18470755555;18970755555
3919;18567551000;18512066666;19012066666
3920;18567555000;18512066666;19012066666
3921;18567556000;18512066666;19012066666
3922;18567557000;18512066666;19012066666
3923;18567558000;18512066666;19012066666
3924;18567559000;18512066666;19012066666
3925;18567560000;18512066666;19012066666
3926;18567776000;18512111111;19012111111
3927;18567790000;18512422222;19012422222
3928;18567792000;18512422222;19012422222
3929;18567793000;18512422222;19012422222
3930;18609159000;18553733333;19053733333
3931;18609161000;18553733333;19053733333
3932;18609162000;18553733333;19053733333
3933;18609163000;18553733333;19053733333
3934;18609174000;18553733333;19053733333
3935;18609175000;18553733333;19053733333
3936;18609176000;18553733333;19053733333
3937;18609311000;18553777777;19053777777
3938;18609314000;18554044444;19054044444
3939;18609315000;18554044444;19054044444
3940;18609316000;18554044444;19054044444
3941;18650878000;18595366666;19095366666
3942;18650881000;18595366666;19095366666
3943;18650882000;18595366666;19095366666
3944;18650883000;18595366666;19095366666
3945;18650884000;18595366666;19095366666
3946;18650885000;18595366666;19095366666
3947;18650886000;18595366666;19095366666
3948;18651092000;18595411111;19095411111
3949;18651098000;18595722222;19095722222
3950;18651100000;18595722222;19095722222
3951;18651101000;18595722222;19095722222
3952;18692589000;18637066666;19137066666
3953;18692593000;18637066666;19137066666
3954;18692594000;18637066666;19137066666
3955;18692595000;18637066666;19137066666
3956;18692597000;18637066666;19137066666
3957;18692598000;18637066666;19137066666
3958;18692599000;18637066666;19137066666
3959;18692814000;18637111111;19137111111
3960;18692829000;18637422222;19137422222
3961;18692830000;18637422222;19137422222
3962;18692831000;18637422222;19137422222
3963;18734211000;18678700000;19178700000
3964;18734215000;18678700000;19178700000
3965;18734216000;18678700000;19178700000
3966;18734217000;18678700000;19178700000
3967;18734218000;18678700000;19178700000
3969;18734219000;18678700000;19178700000
3970;18734425000;18678744444;19178744444
3971;18734441000;18679022222;19179022222
3972;18734442000;18679022222;19179022222
3973;18734443000;18679022222;19179022222
3974;18775882000;18720366666;19220366666
3975;18775886000;18720366666;19220366666
3976;18775887000;18720366666;19220366666
3977;18775888000;18720366666;19220366666
3978;18775889000;18720366666;19220366666
3979;18775890000;18720366666;19220366666
3980;18775891000;18720366666;19220366666
3981;18776096000;18720411111;19220411111
3982;18776102000;18720722222;19220722222
3983;18776103000;18720722222;19220722222
3984;18776104000;18720722222;19220722222
3985;18870203000;18762066666;19262066666
3993;18870318000;18762411111;19262411111
3994;18870322000;18762411111;19262411111
3995;18870323000;18762411111;19262411111
3996;18911305000;18803711111;19303711111
4004;18911417000;18804022222;19304022222
4005;18911420000;18804022222;19304022222
4006;18911421000;18804022222;19304022222
4007;18952263000;18845400000;19345400000
4015;18952377000;18845744444;19345744444
4016;18952382000;18845744444;19345744444
4017;18952384000;18845744444;19345744444
4018;18992734000;18887033333;19387033333
4026;18992847000;18887400000;19387400000
4027;18992850000;18887400000;19387400000
4028;18992851000;18887400000;19387400000
4029;19032706000;18928711111;19428711111
4037;19032818000;18929044444;19429044444
4038;19032822000;18929044444;19429044444
4039;19032823000;18929044444;19429044444
4040;19072070000;18970400000;19470400000
4048;19072195000;18970744444;19470744444
4049;19072198000;18970744444;19470744444
4050;19072199000;18970744444;19470744444
4051;19110777000;19012066666;19512066666
4059;19110858000;19012422222;19512422222
4060;19110860000;19012422222;19512422222
4061;19110861000;19012422222;19512422222
4062;19148980000;19053733333;19553733333
4070;19149124000;19054033333;19554033333
4071;19149127000;19054033333;19554033333
4072;19149128000;19054033333;19554033333
4073;19186628000;19095400000;19595400000
4081;19186740000;19095733333;19595733333
4082;19186743000;19095733333;19595733333
4083;19186745000;19095733333;19595733333
4084;19223908000;19137066666;19637066666
4085;19223911000;19137066666;19637066666
4086;19223912000;19137066666;19637066666
4087;19223913000;19137066666;19637066666
4088;19223914000;19137066666;19637066666
4089;19223915000;19137066666;19637066666
4090;19223923000;19137066666;19637066666
4091;19224126000;19137111111;19637111111
4092;19224133000;19137422222;19637422222
4093;19224143000;19137422222;19637422222
4094;19224144000;19137422222;19637422222
4095;19260828000;19178711111;19678711111
4096;19260831000;19178711111;19678711111
4097;19260832000;19178711111;19678711111
4098;19260834000;19178711111;19678711111
4099;19260834000;19178711111;19678711111
4100;19260835000;19178711111;19678711111
4101;19260837000;19178711111;19678711111
4102;19261035000;19178744444;19678744444
4103;19261057000;19179022222;19679022222
4104;19261059000;19179022222;19679022222
4105;19261060000;19179022222;19679022222
4106;19297547000;19220400000;19720400000
4107;19297549000;19220400000;19720400000
4108;19297551000;19220400000;19720400000
4109;19297551000;19220400000;19720400000
4110;19297553000;19220400000;19720400000
4111;19297562000;19220400000;19720400000
4112;19297564000;19220400000;19720400000
4113;19297719000;19220444444;19720444444
4114;19297721000;19220766666;19720766666
4115;19297722000;19220766666;19720766666
4116;19297724000;19220766666;19720766666
4117;19334644000;19262066666;19762066666
4118;19334647000;19262066666;19762066666
4119;19334648000;19262066666;19762066666
4120;19334650000;19262066666;19762066666
4121;19334651000;19262066666;19762066666
4122;19334652000;19262066666;19762066666
4123;19334653000;19262066666;19762066666
4124;19334859000;19262111111;19762111111
4125;19334874000;19262433333;19762433333
4126;19334876000;19262433333;19762433333
4127;19334876000;19262433333;19762433333
4128;19372131000;19303711111;19803711111
4129;19372133000;19303711111;19803711111
4130;19372134000;19303711111;19803711111
4131;19372135000;19303711111;19803711111
4132;19372136000;19303711111;19803711111
4133;19372146000;19303711111;19803711111
4134;19372147000;19303711111;19803711111
4135;19372283000;19303744444;19803744444
4136;19372286000;19304033333;19804033333
4137;19372287000;19304033333;19804033333
4138;19372288000;19304033333;19804033333
4139;19410283000;19345400000;19845400000
4140;19410285000;19345400000;19845400000
4141;19410286000;19345400000;19845400000
4142;19410287000;19345400000;19845400000
4143;19410288000;19345400000;19845400000
4144;19410289000;19345400000;19845400000
4145;19410290000;19345400000;19845400000
4146;19410432000;19345444444;19845444444
4147;19410434000;19345733333;19845733333
4148;19410435000;19345733333;19845733333
4149;19410436000;19345733333;19845733333
4150;19449177000;19387066666;19887066666
4151;19449180000;19387066666;19887066666
4152;19449181000;19387066666;19887066666
4153;19449182000;19387066666;19887066666
4154;19449183000;19387066666;19887066666
4155;19449184000;19387066666;19887066666
4156;19449185000;19387066666;19887066666
4157;19449391000;19387111111;19887111111
4158;19449407000;19387411111;19887411111
4159;19449408000;19387411111;19887411111
4160;19449409000;19387411111;19887411111
4161;19488437000;19428711111;19928711111
4162;19488440000;19428711111;19928711111
4163;19488441000;19428711111;19928711111
4164;19488442000;19428711111;19928711111
4165;19488443000;19428711111;19928711111
4166;19488453000;19428711111;19928711111
4167;19488454000;19428711111;19928711111
4168;19488589000;19428744444;19928744444
4169;19488592000;19429033333;19929033333
4170;19488593000;19429033333;19929033333
4171;19488594000;19429033333;19929033333
4172;19528708000;19470366666;19970366666
4173;19528711000;19470366666;19970366666
4174;19528712000;19470366666;19970366666
4175;19528714000;19470366666;19970366666
4176;19528715000;19470366666;19970366666
4177;19528716000;19470366666;19970366666
4178;19528716000;19470366666;19970366666
4179;19528917000;19470411111;19970411111
4180;19528923000;19470733333;19970733333
4181;19528924000;19470733333;19970733333
4182;19528925000;19470733333;19970733333
4183;19569052000;19512066666;20012066666
4184;19569056000;19512066666;20012066666
4185;19569057000;19512066666;20012066666
4186;19569058000;19512066666;20012066666
4187;19569059000;19512066666;20012066666
4188;19569060000;19512066666;20012066666
4189;19569061000;19512066666;20012066666
4190;19569268000;19512111111;20012111111
4191;19569274000;19512433333;20012433333
4192;19569276000;19512433333;20012433333
4193;19569276000;19512433333;20012433333
4194;19610014000;19553733333;20053733333
4195;19610016000;19553733333;20053733333
4196;19610017000;19553733333;20053733333
4197;19610018000;19553733333;20053733333
4198;19610019000;19553733333;20053733333
4199;19610029000;19553733333;20053733333
4200;19610030000;19553733333;20053733333
4201;19610173000;19553777777;20053777777
4202;19610176000;19554044444;20054044444
4203;19610177000;19554044444;20054044444
4204;19610178000;19554044444;20054044444
4205;19651364000;19595400000;20095400000
4206;19651368000;19595400000;20095400000
4207;19651369000;19595400000;20095400000
4208;19651370000;19595400000;20095400000
4209;19651371000;19595400000;20095400000
4210;19651372000;19595400000;20095400000
4211;19651373000;19595400000;20095400000
4212;19651579000;19595444444;20095444444
4213;19651586000;19595755555;20095755555
4214;19651587000;19595755555;20095755555
4215;19651588000;19595755555;20095755555
4216;19692812000;19637077777;20137077777
4217;19692815000;19637077777;20137077777
4218;19692816000;19637077777;20137077777
4219;19692817000;19637077777;20137077777
4220;19692818000;19637077777;20137077777
4221;19692819000;19637077777;20137077777
4222;19692820000;19637077777;20137077777
4223;19693026000;19637111111;20137111111
4224;19693041000;19637444444;20137444444
4225;19693046000;19637444444;20137444444
4226;19693047000;19637444444;20137444444
4227;19734380000;19678711111;20178711111
4228;19734392000;19678711111;20178711111
4229;19734393000;19678711111;20178711111
4230;19734395000;19678711111;20178711111
4231;19734396000;19678711111;20178711111
4232;19734397000;19678711111;20178711111
4233;19734398000;19678711111;20178711111
4234;19734606000;19678744444;20178744444
4235;19734621000;19679033333;20179033333
4236;19734623000;19679033333;20179033333
4237;19734623000;19679033333;20179033333
4238;19776004000;19720400000;20220400000
4239;19776007000;19720400000;20220400000
4240;19776008000;19720400000;20220400000
4241;19776009000;19720400000;20220400000
4242;19776010000;19720400000;20220400000
4243;19776011000;19720400000;20220400000
4244;19776012000;19720400000;20220400000
4245;19776211000;19720444444;20220444444
4246;19776217000;19720766666;20220766666
4247;19776219000;19720766666;20220766666
4248;19776220000;19720766666;20220766666
4249;19817542000;19762033333;20262033333
4250;19817544000;19762033333;20262033333
4251;19817545000;19762033333;20262033333
4252;19817546000;19762033333;20262033333
4253;19817547000;19762033333;20262033333
4254;19817548000;19762033333;20262033333
4255;19817558000;19762033333;20262033333
4256;19817735000;19762077777;20262077777
4257;19817741000;19762388888;20262388888
4258;19817743000;19762388888;20262388888
4259;19817744000;19762388888;20262388888
4260;19859283000;19803711111;20303711111
4261;19859286000;19803711111;20303711111
4262;19859287000;19803711111;20303711111
4263;19859288000;19803711111;20303711111
4264;19859289000;19803711111;20303711111
4265;19859290000;19803711111;20303711111
4266;19859291000;19803711111;20303711111
4267;19859490000;19803744444;20303744444
4268;19859496000;19804022222;20304022222
4269;19859497000;19804022222;20304022222
4270;19859498000;19804022222;20304022222
4271;19900969000;19845400000;20345400000
4272;19900973000;19845400000;20345400000
4273;19900974000;19845400000;20345400000
4274;19900975000;19845400000;20345400000
4275;19900976000;19845400000;20345400000
4276;19900977000;19845400000;20345400000
4277;19900978000;19845400000;20345400000
4278;19901177000;19845444444;20345444444
4279;19901183000;19845766666;20345766666
4280;19901184000;19845766666;20345766666
4281;19901185000;19845766666;20345766666
4282;19942601000;19887033333;20387033333
4283;19942605000;19887033333;20387033333
4284;19942606000;19887033333;20387033333
4285;19942607000;19887033333;20387033333
4286;19942608000;19887033333;20387033333
4287;19942609000;19887033333;20387033333
4288;19942610000;19887033333;20387033333
4289;19942809000;19887077777;20387077777
4290;19942823000;19887400000;20387400000
4291;19942824000;19887400000;20387400000
4292;19942825000;19887400000;20387400000
4293;19984234000;19928711111;20428711111
4294;19984237000;19928711111;20428711111
4295;19984238000;19928711111;20428711111
4296;19984239000;19928711111;20428711111
4297;19984240000;19928711111;20428711111
4298;19984241000;19928711111;20428711111
4299;19984242000;19928711111;20428711111
4300;19984441000;19928744444;20428744444
4301;19984447000;19929044444;20429044444
4302;19984448000;19929044444;20429044444
4303;19984449000;19929044444;20429044444
4304;20025939000;19970400000;20470400000
4305;20025942000;19970400000;20470400000
4306;20025943000;19970400000;20470400000
4307;20025944000;19970400000;20470400000
4308;20025945000;19970400000;20470400000
4309;20025946000;19970400000;20470400000
4310;20025947000;19970400000;20470400000
4311;20026163000;19970444444;20470444444
4312;20026169000;19970755555;20470755555
4313;20026171000;19970755555;20470755555
4314;20026172000;19970755555;20470755555
4315;20067625000;20012066666;20512066666
4316;20067628000;20012066666;20512066666
4317;20067629000;20012066666;20512066666
4318;20067630000;20012066666;20512066666
4319;20067631000;20012066666;20512066666
4320;20067632000;20012066666;20512066666
4321;20067633000;20012066666;20512066666
4322;20067803000;20012111111;20512111111
4323;20067807000;20012433333;20512433333
4324;20067809000;20012433333;20512433333
4325;20067810000;20012433333;20512433333
4326;20109236000;20053700000;20553700000
4327;20109240000;20053700000;20553700000
4328;20109241000;20053700000;20553700000
4329;20109242000;20053700000;20553700000
4330;20109243000;20053700000;20553700000
4331;20109244000;20053700000;20553700000
4332;20109245000;20053700000;20553700000
4333;20109414000;20053744444;20553744444
4334;20109418000;20054011111;20554011111
4335;20109419000;20054011111;20554011111
4336;20109420000;20054011111;20554011111
4337;20150937000;20095400000;20595400000
4338;20150941000;20095400000;20595400000
4339;20150942000;20095400000;20595400000
4340;20150943000;20095400000;20595400000
4341;20150944000;20095400000;20595400000
4342;20150945000;20095400000;20595400000
4343;20150946000;20095400000;20595400000
4344;20151152000;20095444444;20595444444
4345;20151158000;20095744444;20595744444
4346;20151159000;20095744444;20595744444
4347;20151160000;20095744444;20595744444
4348;20192604000;20137066666;20637066666
4349;20192618000;20137066666;20637066666
4350;20192619000;20137066666;20637066666
4351;20192620000;20137066666;20637066666
4352;20192621000;20137066666;20637066666
4353;20192622000;20137066666;20637066666
4354;20192623000;20137066666;20637066666
4355;20192853000;20137111111;20637111111
4356;20192859000;20137433333;20637433333
4357;20192860000;20137433333;20637433333
4358;20192861000;20137433333;20637433333
4359;20234249000;20178711111;20678711111
4360;20234252000;20178711111;20678711111
4361;20234253000;20178711111;20678711111
4362;20234255000;20178711111;20678711111
4363;20234255000;20178711111;20678711111
4364;20234256000;20178711111;20678711111
4365;20234257000;20178711111;20678711111
4366;20234457000;20178744444;20678744444
4367;20234463000;20179033333;20679033333
4368;20234465000;20179033333;20679033333
4369;20234465000;20179033333;20679033333
4370;20275884000;20220400000;20720400000
4371;20275886000;20220400000;20720400000
4372;20275887000;20220400000;20720400000
4373;20275898000;20220400000;20720400000
4374;20275899000;20220400000;20720400000
4375;20275900000;20220400000;20720400000
4376;20275901000;20220400000;20720400000
4377;20276036000;20220444444;20720444444
4378;20276039000;20220766666;20720766666
4379;20276040000;20220766666;20720766666
4380;20276041000;20220766666;20720766666
4381;20317547000;20262066666;20762066666
4382;20317550000;20262066666;20762066666
4383;20317551000;20262066666;20762066666
4384;20317552000;20262066666;20762066666
4385;20317553000;20262066666;20762066666
4387;20317574000;20262066666;20762066666
4388;20317713000;20262111111;20762111111
4389;20317716000;20262444444;20762444444
4390;20317717000;20262444444;20762444444
4391;20317725000;20262444444;20762444444
4392;20411961000;20303711111;20803711111
4400;20412064000;20304044444;20804044444
4401;20412067000;20304044444;20804044444
4402;20412077000;20304044444;20804044444
4403;20453307000;20345411111;20845411111
4411;20453419000;20345744444;20845744444
4412;20453422000;20345744444;20845744444
4413;20453424000;20345744444;20845744444
4414;20494558000;20387066666;20887066666
4422;20494638000;20387422222;20887422222
4423;20494640000;20387422222;20887422222
4424;20494641000;20387422222;20887422222
4425;20535561000;20428711111;20928711111
4433;20535673000;20429044444;20929044444
4434;20535677000;20429044444;20929044444
4435;20535678000;20429044444;20929044444
4436;20576062000;20470400000;20970400000
4444;20576183000;20470777777;20970777777
4445;20576186000;20470777777;20970777777
4446;20576187000;20470777777;20970777777
4447;20616011000;20512033333;21012033333
4455;20616123000;20512411111;21012411111
4456;20616127000;20512411111;21012411111
4457;20616128000;20512411111;21012411111
4458;20655418000;20553733333;21053733333
4466;20655531000;20554055555;21054055555
4467;20655534000;20554055555;21054055555
4468;20655535000;20554055555;21054055555
4469;20694110000;20595377777;21095377777
4476;20694312000;20595411111;21095411111
4477;20694327000;20595733333;21095733333
4478;20694328000;20595733333;21095733333
4479;20694329000;20595733333;21095733333
4480;20732268000;20637066666;21137066666
4488;20732384000;20637411111;21137411111
4489;20732387000;20637411111;21137411111
4490;20732388000;20637411111;21137411111
4491;20769887000;20678711111;21178711111
4499;20769998000;20679011111;21179011111
4500;20770001000;20679011111;21179011111
4501;20770002000;20679011111;21179011111
4502;20805908000;20720366666;21220366666
4503;20805911000;20720366666;21220366666
4504;20805913000;20720366666;21220366666
4505;20805914000;20720366666;21220366666
4506;20805915000;20720366666;21220366666
4507;20805916000;20720366666;21220366666
4508;20805916000;20720366666;21220366666
4509;20806129000;20720411111;21220411111
4510;20806145000;20720722222;21220722222
4511;20806146000;20720722222;21220722222
4512;20806147000;20720722222;21220722222
4513;20842155000;20762033333;21262033333
4514;20842158000;20762033333;21262033333
4515;20842159000;20762033333;21262033333
4516;20842160000;20762033333;21262033333
4517;20842161000;20762033333;21262033333
4518;20842162000;20762033333;21262033333
4519;20842163000;20762033333;21262033333
4520;20842361000;20762077777;21262077777
4521;20842376000;20762366666;21262366666
4522;20842378000;20762366666;21262366666
4523;20842379000;20762366666;21262366666
4524;20879278000;20803711111;21303711111
4525;20879281000;20803711111;21303711111
4526;20879282000;20803711111;21303711111
4527;20879283000;20803711111;21303711111
4528;20879284000;20803711111;21303711111
4529;20879285000;20803711111;21303711111
4530;20879286000;20803711111;21303711111
4531;20879485000;20803744444;21303744444
4532;20879491000;20804000000;21304000000
4533;20879492000;20804000000;21304000000
4534;20879493000;20804000000;21304000000
4535;20916613000;20845411111;21345411111
4536;20916616000;20845411111;21345411111
4537;20916617000;20845411111;21345411111
4538;20916618000;20845411111;21345411111
4539;20916619000;20845411111;21345411111
4540;20916629000;20845411111;21345411111
4541;20916630000;20845411111;21345411111
4542;20916768000;20845455555;21345455555
4543;20916771000;20845744444;21345744444
4544;20916772000;20845744444;21345744444
4545;20916773000;20845744444;21345744444
4546;20954466000;20887033333;21387033333
4547;20954469000;20887033333;21387033333
4548;20954470000;20887033333;21387033333
4549;20954471000;20887033333;21387033333
4550;20954472000;20887033333;21387033333
4551;20954473000;20887033333;21387033333
4552;20954474000;20887033333;21387033333
4553;20954673000;20887077777;21387077777
4554;20954679000;20887388888;21387388888
4555;20954680000;20887388888;21387388888
4556;20954681000;20887388888;21387388888
4557;20992831000;20928711111;21428711111
4558;20992834000;20928711111;21428711111
4559;20992835000;20928711111;21428711111
4560;20992852000;20928711111;21428711111
4561;20992853000;20928711111;21428711111
4562;20992853000;20928711111;21428711111
4563;20992854000;20928711111;21428711111
4564;20992991000;20928744444;21428744444
4565;20992994000;20929044444;21429044444
4566;20992995000;20929044444;21429044444
4567;20992996000;20929044444;21429044444
4568;21031941000;20970400000;21470400000
4569;21031944000;20970400000;21470400000
4570;21031945000;20970400000;21470400000
4571;21031946000;20970400000;21470400000
4572;21031947000;20970400000;21470400000
4573;21031948000;20970400000;21470400000
4574;21031949000;20970400000;21470400000
4575;21032161000;20970444444;21470444444
4576;21032168000;20970733333;21470733333
4577;21032169000;20970733333;21470733333
4578;21032170000;20970733333;21470733333
4579;21071587000;21012066666;21512066666
4580;21071591000;21012066666;21512066666
4581;21071592000;21012066666;21512066666
4582;21071593000;21012066666;21512066666
4583;21071594000;21012066666;21512066666
4584;21071595000;21012066666;21512066666
4585;21071596000;21012066666;21512066666
4586;21071801000;21012111111;21512111111
4587;21071817000;21012411111;21512411111
4588;21071818000;21012411111;21512411111
4589;21071819000;21012411111;21512411111
4590;21111719000;21053733333;21553733333
4591;21111722000;21053733333;21553733333
4592;21111723000;21053733333;21553733333
4593;21111724000;21053733333;21553733333
4594;21111725000;21053733333;21553733333
4595;21111725000;21053733333;21553733333
4596;21111726000;21053733333;21553733333
4597;21111869000;21053777777;21553777777
4598;21111871000;21054022222;21554022222
4599;21111872000;21054022222;21554022222
4600;21111874000;21054022222;21554022222
4601;21152414000;21095400000;21595400000
4602;21152418000;21095400000;21595400000
4603;21152419000;21095400000;21595400000
4604;21152420000;21095400000;21595400000
4605;21152421000;21095400000;21595400000
4606;21152422000;21095400000;21595400000
4607;21152423000;21095400000;21595400000
4608;21152638000;21095444444;21595444444
4609;21152644000;21095722222;21595722222
4610;21152645000;21095722222;21595722222
4611;21152646000;21095722222;21595722222
4612;21193371000;21137066666;21637066666
4613;21193374000;21137066666;21637066666
4614;21193375000;21137066666;21637066666
4615;21193376000;21137066666;21637066666
4617;21193377000;21137066666;21637066666
4618;21193378000;21137066666;21637066666
4619;21193584000;21137111111;21637111111
4620;21193590000;21137411111;21637411111
4621;21193591000;21137411111;21637411111
4622;21193592000;21137411111;21637411111
4623;21234613000;21178700000;21678700000
4624;21234616000;21178700000;21678700000
4625;21234618000;21178700000;21678700000
4626;21234618000;21178700000;21678700000
4627;21234619000;21178700000;21678700000
4628;21234620000;21178700000;21678700000
4629;21234621000;21178700000;21678700000
4630;21234843000;21178744444;21678744444
4631;21234849000;21179011111;21679011111
4632;21234851000;21179011111;21679011111
4633;21234852000;21179011111;21679011111
4634;21328531000;21220400000;21720400000
4642;21328643000;21220744444;21720744444
4643;21328646000;21220744444;21720744444
4644;21328648000;21220744444;21720744444
4645;21369570000;21262033333;21762033333
4653;21369682000;21262388888;21762388888
4654;21369686000;21262388888;21762388888
4655;21369687000;21262388888;21762388888
4656;21410528000;21303711111;21803711111
4664;21410640000;21304022222;21804022222
4665;21410643000;21304022222;21804022222
4666;21410644000;21304022222;21804022222
4667;21451034000;21345377777;21845377777
4675;21451182000;21345711111;21845711111
4676;21451185000;21345711111;21845711111
4677;21451186000;21345711111;21845711111
4678;21490997000;21387033333;21887033333
4686;21491117000;21387366666;21887366666
4687;21491121000;21387366666;21887366666
4688;21491122000;21387366666;21887366666
4689;21530368000;21428711111;21928711111
4697;21530480000;21429011111;21929011111
4698;21530483000;21429011111;21929011111
4699;21530484000;21429011111;21929011111
4700;21568231000;21470366666;21970366666
4708;21568343000;21470711111;21970711111
4709;21568346000;21470711111;21970711111
4710;21568354000;21470711111;21970711111
4711;21606507000;21512066666;22012066666
4719;21606619000;21512422222;22012422222
4720;21606622000;21512422222;22012422222
4721;21606623000;21512422222;22012422222
4722;21644221000;21553733333;22053733333
4730;21644333000;21554033333;22054033333
4731;21644336000;21554033333;22054033333
4732;21644337000;21554033333;22054033333
4733;21681602000;21595400000;22095400000
4734;21681605000;21595400000;22095400000
4735;21681606000;21595400000;22095400000
4736;21681607000;21595400000;22095400000
4737;21681608000;21595400000;22095400000
4738;21681609000;21595400000;22095400000
4739;21681610000;21595400000;22095400000
4740;21681810000;21595444444;22095444444
4741;21681825000;21595744444;22095744444
4742;21681826000;21595744444;22095744444
4743;21681827000;21595744444;22095744444
4744;21718636000;21637066666;22137066666
4745;21718639000;21637066666;22137066666
4746;21718640000;21637066666;22137066666
4747;21718641000;21637066666;22137066666
4748;21718642000;21637066666;22137066666
4749;21718643000;21637066666;22137066666
4750;21718644000;21637066666;22137066666
4751;21718844000;21637111111;22137111111
4752;21718859000;21637444444;22137444444
4753;21718860000;21637444444;22137444444
4754;21718861000;21637444444;22137444444
4755;21755461000;21678711111;22178711111
4756;21755464000;21678711111;22178711111
4757;21755465000;21678711111;22178711111
4758;21755466000;21678711111;22178711111
4759;21755467000;21678711111;22178711111
4760;21755468000;21678711111;22178711111
4761;21755469000;21678711111;22178711111
4762;21755668000;21678744444;22178744444
4763;21755674000;21679044444;22179044444
4764;21755675000;21679044444;22179044444
4765;21755676000;21679044444;22179044444
4766;21792589000;21720400000;22220400000
4767;21792592000;21720400000;22220400000
4768;21792593000;21720400000;22220400000
4769;21792594000;21720400000;22220400000
4770;21792595000;21720400000;22220400000
4771;21792596000;21720400000;22220400000
4772;21792597000;21720400000;22220400000
4773;21792796000;21720444444;22220444444
4774;21792802000;21720766666;22220766666
4775;21792804000;21720766666;22220766666
4776;21792805000;21720766666;22220766666
4777;21830245000;21762088888;22262088888
4778;21830248000;21762088888;22262088888
4779;21830249000;21762088888;22262088888
4780;21830251000;21762088888;22262088888
4781;21830251000;21762088888;22262088888
4782;21830252000;21762088888;22262088888
4783;21830253000;21762088888;22262088888
4784;21830453000;21762133333;22262133333
4785;21830459000;21762455555;22262455555
4786;21830460000;21762455555;22262455555
4787;21830461000;21762455555;22262455555
4788;21868416000;21803700000;22303700000
4789;21868419000;21803700000;22303700000
4790;21868421000;21803700000;22303700000
4791;21868422000;21803700000;22303700000
4792;21868423000;21803700000;22303700000
4793;21868424000;21803700000;22303700000
4794;21868424000;21803700000;22303700000
4795;21868624000;21803744444;22303744444
4796;21868630000;21804033333;22304033333
4797;21868631000;21804033333;22304033333
4798;21868632000;21804033333;22304033333
4799;21907262000;21845366666;22345366666
4800;21907265000;21845366666;22345366666
4801;21907266000;21845366666;22345366666
4802;21907267000;21845366666;22345366666
4803;21907277000;21845366666;22345366666
4804;21907278000;21845366666;22345366666
4805;21907279000;21845366666;22345366666
4806;21907416000;21845411111;22345411111
4807;21907419000;21845733333;22345733333
4808;21907420000;21845733333;22345733333
4809;21907421000;21845733333;22345733333
4810;21946871000;21887066666;22387066666
4811;21946875000;21887066666;22387066666
4812;21946876000;21887066666;22387066666
4813;21946877000;21887066666;22387066666
4814;21946878000;21887066666;22387066666
4815;21946879000;21887066666;22387066666
4816;21946880000;21887066666;22387066666
4817;21947094000;21887111111;22387111111
4818;21947109000;21887444444;22387444444
4819;21947111000;21887444444;22387444444
4820;21947112000;21887444444;22387444444
4821;21986952000;21928711111;22428711111
4822;21986955000;21928711111;22428711111
4823;21986956000;21928711111;22428711111
4824;21986967000;21928711111;22428711111
4825;21986968000;21928711111;22428711111
4826;21986969000;21928711111;22428711111
4827;21986970000;21928711111;22428711111
4828;21987169000;21928744444;22428744444
4829;21987184000;21929055555;22429055555
4830;21987185000;21929055555;22429055555
4831;21987186000;21929055555;22429055555
4832;22027562000;21970400000;22470400000
4833;22027565000;21970400000;22470400000
4834;22027566000;21970400000;22470400000
4835;22027567000;21970400000;22470400000
4836;22027568000;21970400000;22470400000
4837;22027569000;21970400000;22470400000
4838;22027570000;21970400000;22470400000
4839;22027771000;21970444444;22470444444
4840;22027786000;21970766666;22470766666
4841;22027787000;21970766666;22470766666
4842;22027788000;21970766666;22470766666
4843;22068498000;22012044444;22512044444
4844;22068502000;22012044444;22512044444
4845;22068503000;22012044444;22512044444
4846;22068504000;22012044444;22512044444
4847;22068505000;22012044444;22512044444
4848;22068506000;22012044444;22512044444
4849;22068507000;22012044444;22512044444
4850;22068714000;22012088888;22512088888
4851;22068729000;22012433333;22512433333
4852;22068731000;22012433333;22512433333
4853;22068731000;22012433333;22512433333
4854;22109712000;22053733333;22553733333
4855;22109715000;22053733333;22553733333
4856;22109716000;22053733333;22553733333
4857;22109717000;22053733333;22553733333
4858;22109718000;22053733333;22553733333
4859;22109719000;22053733333;22553733333
4860;22109720000;22053733333;22553733333
4861;22109862000;22053777777;22553777777
4862;22109865000;22054055555;22554055555
4863;22109866000;22054055555;22554055555
4864;22109866000;22054055555;22554055555
4865;22151190000;22095400000;22595400000
4866;22151194000;22095400000;22595400000
4867;22151195000;22095400000;22595400000
4868;22151196000;22095400000;22595400000
4869;22151197000;22095400000;22595400000
4870;22151198000;22095400000;22595400000
4871;22151198000;22095400000;22595400000
4872;22151397000;22095444444;22595444444
4873;22151412000;22095766666;22595766666
4874;22151414000;22095766666;22595766666
4875;22151415000;22095766666;22595766666
4876;22192684000;22137066666;22637066666
4877;22192687000;22137066666;22637066666
4878;22192697000;22137066666;22637066666
4879;22192698000;22137066666;22637066666
4880;22192699000;22137066666;22637066666
4881;22192700000;22137066666;22637066666
4882;22192701000;22137066666;22637066666
4883;22192839000;22137111111;22637111111
4884;22192842000;22137433333;22637433333
4885;22192843000;22137433333;22637433333
4886;22192844000;22137433333;22637433333
4887;22234325000;22178700000;22678700000
4888;22234328000;22178700000;22678700000
4889;22234329000;22178700000;22678700000
4890;22234330000;22178700000;22678700000
4891;22234331000;22178700000;22678700000
4892;22234333000;22178700000;22678700000
4893;22234334000;22178700000;22678700000
4894;22234533000;22178744444;22678744444
4895;22234539000;22179044444;22679044444
4896;22234540000;22179044444;22679044444
4897;22234541000;22179044444;22679044444
4898;22275931000;22220366666;22720366666
4899;22275934000;22220366666;22720366666
4900;22275935000;22220366666;22720366666
4901;22275936000;22220366666;22720366666
4902;22275937000;22220366666;22720366666
4903;22275938000;22220366666;22720366666
4904;22275939000;22220366666;22720366666
4905;22276145000;22220411111;22720411111
4906;22276151000;22220744444;22720744444
4907;22276152000;22220744444;22720744444
4908;22276153000;22220744444;22720744444
4909;22317538000;22262066666;22762066666
4910;22317541000;22262066666;22762066666
4911;22317542000;22262066666;22762066666
4912;22317543000;22262066666;22762066666
4913;22317544000;22262066666;22762066666
4914;22317554000;22262066666;22762066666
4915;22317555000;22262066666;22762066666
4916;22317695000;22262111111;22762111111
4917;22317698000;22262455555;22762455555
4918;22317699000;22262455555;22762455555
4919;22317700000;22262455555;22762455555
4920;22359231000;22303711111;22803711111
4921;22359234000;22303711111;22803711111
4922;22359235000;22303711111;22803711111
4923;22359236000;22303711111;22803711111
4924;22359244000;22303711111;22803711111
4925;22359245000;22303711111;22803711111
4926;22359246000;22303711111;22803711111
4927;22359445000;22303755555;22803755555
4928;22359452000;22304066666;22804066666
4929;22359453000;22304066666;22804066666
4930;22359454000;22304066666;22804066666
4931;22400831000;22345366666;22845366666
4932;22400833000;22345366666;22845366666
4933;22400834000;22345366666;22845366666
4934;22400845000;22345366666;22845366666
4935;22400846000;22345366666;22845366666
4936;22400847000;22345366666;22845366666
4937;22400848000;22345366666;22845366666
4938;22400983000;22345411111;22845411111
4939;22400986000;22345722222;22845722222
4940;22400987000;22345722222;22845722222
4941;22400988000;22345722222;22845722222
4942;22442521000;22387066666;22887066666
4943;22442525000;22387066666;22887066666
4944;22442526000;22387066666;22887066666
4945;22442528000;22387066666;22887066666
4946;22442530000;22387066666;22887066666
4947;22442540000;22387066666;22887066666
4948;22442542000;22387066666;22887066666
4949;22442759000;22387111111;22887111111
4950;22442766000;22387433333;22887433333
4951;22442767000;22387433333;22887433333
4952;22442768000;22387433333;22887433333
4953;22484281000;22428733333;22928733333
4954;22484284000;22428733333;22928733333
4955;22484285000;22428733333;22928733333
4956;22484286000;22428733333;22928733333
4957;22484287000;22428733333;22928733333
4958;22484288000;22428733333;22928733333
4959;22484289000;22428733333;22928733333
4960;22484461000;22428777777;22928777777
4961;22484467000;22429077777;22929077777
4962;22484468000;22429077777;22929077777
4963;22484469000;22429077777;22929077777
4964;22525915000;22470400000;22970400000
4965;22525918000;22470400000;22970400000
4966;22525920000;22470400000;22970400000
4967;22525921000;22470400000;22970400000
4968;22525921000;22470400000;22970400000
4969;22525922000;22470400000;22970400000
4970;22525923000;22470400000;22970400000
4971;22526105000;22470444444;22970444444
4972;22526112000;22470777777;22970777777
4973;22526113000;22470777777;22970777777
4974;22526114000;22470777777;22970777777
4975;22567557000;22512066666;23012066666
4976;22567560000;22512066666;23012066666
4977;22567561000;22512066666;23012066666
4978;22567562000;22512066666;23012066666
4979;22567563000;22512066666;23012066666
4980;22567564000;22512066666;23012066666
4981;22567565000;22512066666;23012066666
4982;22567764000;22512111111;23012111111
4983;22567770000;22512444444;23012444444
4984;22567771000;22512444444;23012444444
4985;22567772000;22512444444;23012444444
4986;22609168000;22553733333;23053733333
4987;22609170000;22553733333;23053733333
4988;22609172000;22553733333;23053733333
4989;22609173000;22553733333;23053733333
4990;22609174000;22553733333;23053733333
4991;22609184000;22553733333;23053733333
4992;22609185000;22553733333;23053733333
4993;22609324000;22553777777;23053777777
4994;22609327000;22554066666;23054066666
4995;22609328000;22554066666;23054066666
4996;22609329000;22554066666;23054066666
4997;22650888000;22595400000;23095400000
4998;22650891000;22595400000;23095400000
4999;22650892000;22595400000;23095400000
5000;22650893000;22595400000;23095400000
5001;22650894000;22595400000;23095400000
5002;22650895000;22595400000;23095400000
5003;22650896000;22595400000;23095400000
5004;22651110000;22595444444;23095444444
5005;22651116000;22595777777;23095777777
5006;22651118000;22595777777;23095777777
5007;22651119000;22595777777;23095777777
5008;22692603000;22637066666;23137066666
5009;22692607000;22637066666;23137066666
5010;22692608000;22637066666;23137066666
5011;22692609000;22637066666;23137066666
5012;22692610000;22637066666;23137066666
5013;22692611000;22637066666;23137066666
5014;22692612000;22637066666;23137066666
5015;22692840000;22637111111;23137111111
5016;22692855000;22637433333;23137433333
5017;22692857000;22637433333;23137433333
5018;22692858000;22637433333;23137433333
5019;22734228000;22678711111;23178711111
5020;22734231000;22678711111;23178711111
5021;22734233000;22678711111;23178711111
5022;22734233000;22678711111;23178711111
5023;22734235000;22678711111;23178711111
5024;22734243000;22678711111;23178711111
5025;22734244000;22678711111;23178711111
5026;22734451000;22678744444;23178744444
5027;22734467000;22679033333;23179033333
5028;22734468000;22679033333;23179033333
5029;22734469000;22679033333;23179033333
5030;22775921000;22720400000;23220400000
5031;22775924000;22720400000;23220400000
5032;22775925000;22720400000;23220400000
5033;22775926000;22720400000;23220400000
5034;22775927000;22720400000;23220400000
5035;22775928000;22720400000;23220400000
5036;22775929000;22720400000;23220400000
5037;22776135000;22720444444;23220444444
5038;22776141000;22720766666;23220766666
5039;22776143000;22720766666;23220766666
5040;22776144000;22720766666;23220766666
5041;22817583000;22762066666;23262066666
5042;22817587000;22762066666;23262066666
5043;22817588000;22762066666;23262066666
5044;22817589000;22762066666;23262066666
5045;22817590000;22762066666;23262066666
5046;22817590000;22762066666;23262066666
5047;22817591000;22762066666;23262066666
5048;22817804000;22762111111;23262111111
5049;22817808000;22762422222;23262422222
5050;22817809000;22762422222;23262422222
5051;22817810000;22762422222;23262422222
5052;22859228000;22803711111;23303711111
5053;22859231000;22803711111;23303711111
5054;22859232000;22803711111;23303711111
5055;22859233000;22803711111;23303711111
5056;22859234000;22803711111;23303711111
5057;22859235000;22803711111;23303711111
5058;22859236000;22803711111;23303711111
5059;22859435000;22803744444;23303744444
5060;22859441000;22804022222;23304022222
5061;22859442000;22804022222;23304022222
5062;22859443000;22804022222;23304022222
5063;22900908000;22845400000;23345400000
5064;22900911000;22845400000;23345400000
5065;22900912000;22845400000;23345400000
5066;22900913000;22845400000;23345400000
5067;22900914000;22845400000;23345400000
5068;22900915000;22845400000;23345400000
5069;22900916000;22845400000;23345400000
5070;22901115000;22845444444;23345444444
5071;22901121000;22845766666;23345766666
5072;22901123000;22845766666;23345766666
5073;22901124000;22845766666;23345766666
5074;22942541000;22887066666;23387066666
5075;22942544000;22887066666;23387066666
5076;22942545000;22887066666;23387066666
5077;22942546000;22887066666;23387066666
5078;22942547000;22887066666;23387066666
5079;22942548000;22887066666;23387066666
5080;22942549000;22887066666;23387066666
5081;22942748000;22887111111;23387111111
5082;22942754000;22887433333;23387433333
5083;22942755000;22887433333;23387433333
5084;22942757000;22887433333;23387433333
5085;22984132000;22928711111;23428711111
5086;22984135000;22928711111;23428711111
5087;22984136000;22928711111;23428711111
5088;22984137000;22928711111;23428711111
5089;22984147000;22928711111;23428711111
5090;22984148000;22928711111;23428711111
5091;22984149000;22928711111;23428711111
5092;22984290000;22928755555;23428755555
5093;22984293000;22929044444;23429044444
5094;22984294000;22929044444;23429044444
5095;22984295000;22929044444;23429044444
5096;23025873000;22970400000;23470400000
5097;23025876000;22970400000;23470400000
5098;23025877000;22970400000;23470400000
5099;23025878000;22970400000;23470400000
5100;23025879000;22970400000;23470400000
5101;23025880000;22970400000;23470400000
5102;23025881000;22970400000;23470400000
5103;23026105000;22970444444;23470444444
5104;23026111000;22970755555;23470755555
5105;23026112000;22970755555;23470755555
5106;23026113000;22970755555;23470755555
5107;23067519000;23012033333;23512033333
5108;23067522000;23012033333;23512033333
5109;23067523000;23012033333;23512033333
5110;23067524000;23012033333;23512033333
5111;23067525000;23012033333;23512033333
5112;23067526000;23012033333;23512033333
5113;23067527000;23012033333;23512033333
5114;23067733000;23012077777;23512077777
5115;23067740000;23012400000;23512400000
5116;23067741000;23012400000;23512400000
5117;23067742000;23012400000;23512400000
5118;23109208000;23053733333;23553733333
5119;23109211000;23053733333;23553733333
5120;23109212000;23053733333;23553733333
5121;23109213000;23053733333;23553733333
5122;23109214000;23053733333;23553733333
5123;23109215000;23053733333;23553733333
5124;23109223000;23053733333;23553733333
5125;23109451000;23053777777;23553777777
5126;23109458000;23054044444;23554044444
5127;23109459000;23054044444;23554044444
5128;23109460000;23054044444;23554044444
5129;23150873000;23095400000;23595400000
5130;23150876000;23095400000;23595400000
5131;23150877000;23095400000;23595400000
5132;23150878000;23095400000;23595400000
5133;23150879000;23095400000;23595400000
5134;23150880000;23095400000;23595400000
5135;23150881000;23095400000;23595400000
5136;23151086000;23095444444;23595444444
5137;23151092000;23095744444;23595744444
5138;23151093000;23095744444;23595744444
5139;23151094000;23095744444;23595744444
5140;23192528000;23137066666;23637066666
5141;23192531000;23137066666;23637066666
5142;23192532000;23137066666;23637066666
5143;23192533000;23137066666;23637066666
5144;23192534000;23137066666;23637066666
5145;23192535000;23137066666;23637066666
5146;23192536000;23137066666;23637066666
5147;23192741000;23137111111;23637111111
5148;23192748000;23137433333;23637433333
5149;23192749000;23137433333;23637433333
5150;23192750000;23137433333;23637433333
5151;23234215000;23178711111;23678711111
5152;23234218000;23178711111;23678711111
5153;23234219000;23178711111;23678711111
5154;23234220000;23178711111;23678711111
5155;23234221000;23178711111;23678711111
5156;23234222000;23178711111;23678711111
5157;23234223000;23178711111;23678711111
5158;23234422000;23178744444;23678744444
5159;23234428000;23179033333;23679033333
5160;23234429000;23179033333;23679033333
5161;23234430000;23179033333;23679033333
5162;23275903000;23220400000;23720400000
5163;23275907000;23220400000;23720400000
5164;23275908000;23220400000;23720400000
5165;23275909000;23220400000;23720400000
5166;23275910000;23220400000;23720400000
5167;23275911000;23220400000;23720400000
5168;23275912000;23220400000;23720400000
5169;23276111000;23220444444;23720444444
5170;23276117000;23220777777;23720777777
5171;23276118000;23220777777;23720777777
5172;23276119000;23220777777;23720777777
5173;23317486000;23262066666;23762066666
5174;23317489000;23262066666;23762066666
5175;23317490000;23262066666;23762066666
5176;23317491000;23262066666;23762066666
5177;23317492000;23262066666;23762066666
5178;23317503000;23262066666;23762066666
5179;23317503000;23262066666;23762066666
5180;23317643000;23262111111;23762111111
5181;23317645000;23262444444;23762444444
5183;23317679000;23262444444;23762444444
5184;23359184000;23303711111;23803711111
5185;23359187000;23303711111;23803711111
5186;23359188000;23303711111;23803711111
5187;23359189000;23303711111;23803711111
5188;23359190000;23303711111;23803711111
5189;23359191000;23303711111;23803711111
5190;23359192000;23303711111;23803711111
5191;23359363000;23303744444;23803744444
5192;23359367000;23304044444;23804044444
5193;23359368000;23304044444;23804044444
5194;23359369000;23304044444;23804044444
5195;23453194000;23345400000;23845400000
5203;23453305000;23345744444;23845744444
5204;23453309000;23345744444;23845744444
5205;23453310000;23345744444;23845744444
5206;23494245000;23387066666;23887066666
5214;23494356000;23387422222;23887422222
5215;23494360000;23387422222;23887422222
5216;23494361000;23387422222;23887422222
5217;23535190000;23428711111;23928711111
5225;23535303000;23429033333;23929033333
5226;23535306000;23429033333;23929033333
5227;23535307000;23429033333;23929033333
5228;23575684000;23470366666;23970366666
5236;23575800000;23470733333;23970733333
5237;23575803000;23470733333;23970733333
5238;23575804000;23470733333;23970733333
5239;23615677000;23512033333;24012033333
5247;23615788000;23512411111;24012411111
5248;23615791000;23512411111;24012411111
5249;23615793000;23512411111;24012411111
5250;23655088000;23553733333;24053733333
5258;23655225000;23554055555;24054055555
5259;23655229000;23554055555;24054055555
5260;23655230000;23554055555;24054055555
5261;23693845000;23595400000;24095400000
5269;23693957000;23595766666;24095766666
5270;23693960000;23595766666;24095766666
5271;23693961000;23595766666;24095766666
5272;23732024000;23637066666;24137066666
5280;23732171000;23637433333;24137433333
5281;23732174000;23637433333;24137433333
5282;23732175000;23637433333;24137433333
5283;23768549000;23678733333;24178733333
5291;23768661000;23679066666;24179066666
5292;23768665000;23679066666;24179066666
5293;23768666000;23679066666;24179066666
5294;23806019000;23720400000;24220400000
5295;23806022000;23720400000;24220400000
5296;23806023000;23720400000;24220400000
5297;23806024000;23720400000;24220400000
5298;23806025000;23720400000;24220400000
5299;23806026000;23720400000;24220400000
5300;23806027000;23720400000;24220400000
5301;23806204000;23720444444;24220444444
5302;23806209000;23720766666;24220766666
5303;23806210000;23720766666;24220766666
5304;23806211000;23720766666;24220766666
5305;23843268000;23762066666;24262066666
5306;23843271000;23762066666;24262066666
5307;23843272000;23762066666;24262066666
5308;23843273000;23762066666;24262066666
5309;23843274000;23762066666;24262066666
5310;23843275000;23762066666;24262066666
5311;23843276000;23762066666;24262066666
5312;23843475000;23762111111;24262111111
5313;23843491000;23762422222;24262422222
5314;23843492000;23762422222;24262422222
5315;23843493000;23762422222;24262422222
5316;23880371000;23803711111;24303711111
5317;23880374000;23803711111;24303711111
5318;23880375000;23803711111;24303711111
5319;23880376000;23803711111;24303711111
5320;23880377000;23803711111;24303711111
5321;23880378000;23803711111;24303711111
5322;23880379000;23803711111;24303711111
5323;23880579000;23803755555;24303755555
5324;23880585000;23804033333;24304033333
5325;23880586000;23804033333;24304033333
5326;23880587000;23804033333;24304033333
5327;23917499000;23845400000;24345400000
5328;23917502000;23845400000;24345400000
5329;23917503000;23845400000;24345400000
5330;23917504000;23845400000;24345400000
5331;23917514000;23845400000;24345400000
5332;23917515000;23845400000;24345400000
5333;23917516000;23845400000;24345400000
5334;23917653000;23845444444;24345444444
5335;23917656000;23845755555;24345755555
5336;23917657000;23845755555;24345755555
5337;23917658000;23845755555;24345755555
5338;23955212000;23887044444;24387044444
5339;23955215000;23887044444;24387044444
5340;23955216000;23887044444;24387044444
5341;23955217000;23887044444;24387044444
5342;23955218000;23887044444;24387044444
5343;23955219000;23887044444;24387044444
5344;23955220000;23887044444;24387044444
5345;23955419000;23887077777;24387077777
5346;23955434000;23887400000;24387400000
5347;23955436000;23887400000;24387400000
5348;23955436000;23887400000;24387400000
5349;23993438000;23928711111;24428711111
5350;23993442000;23928711111;24428711111
5351;23993443000;23928711111;24428711111
5352;23993444000;23928711111;24428711111
5353;23993445000;23928711111;24428711111
5354;23993446000;23928711111;24428711111
5355;23993447000;23928711111;24428711111
5356;23993646000;23928744444;24428744444
5357;23993661000;23929044444;24429044444
5358;23993662000;23929044444;24429044444
5359;23993663000;23929044444;24429044444
5360;24032348000;23970400000;24470400000
5361;24032352000;23970400000;24470400000
5362;24032353000;23970400000;24470400000
5363;24032353000;23970400000;24470400000
5364;24032355000;23970400000;24470400000
5365;24032355000;23970400000;24470400000
5366;24032356000;23970400000;24470400000
5367;24032555000;23970444444;24470444444
5368;24032561000;23970755555;24470755555
5369;24032562000;23970755555;24470755555
5370;24032564000;23970755555;24470755555
5371;24071805000;24012044444;24512044444
5372;24071808000;24012044444;24512044444
5373;24071809000;24012044444;24512044444
5374;24071810000;24012044444;24512044444
5375;24071811000;24012044444;24512044444
5376;24071812000;24012044444;24512044444
5377;24071813000;24012044444;24512044444
5378;24072019000;24012111111;24512111111
5379;24072026000;24012455555;24512455555
5380;24072027000;24012455555;24512455555
5381;24072028000;24012455555;24512455555
5382;24111910000;24053733333;24553733333
5383;24111913000;24053733333;24553733333
5384;24111914000;24053733333;24553733333
5385;24111915000;24053733333;24553733333
5386;24111916000;24053733333;24553733333
5387;24111933000;24053733333;24553733333
5388;24111934000;24053733333;24553733333
5389;24112076000;24053777777;24553777777
5390;24112079000;24054044444;24554044444
5391;24112080000;24054044444;24554044444
5392;24112081000;24054044444;24554044444
5393;24152535000;24095400000;24595400000
5394;24152538000;24095400000;24595400000
5395;24152539000;24095400000;24595400000
5396;24152540000;24095400000;24595400000
5397;24152541000;24095400000;24595400000
5398;24152542000;24095400000;24595400000
5399;24152543000;24095400000;24595400000
5400;24152742000;24095444444;24595444444
5401;24152748000;24095744444;24595744444
5402;24152749000;24095744444;24595744444
5403;24152750000;24095744444;24595744444
5404;24193504000;24137066666;24637066666
5405;24193507000;24137066666;24637066666
5406;24193508000;24137066666;24637066666
5407;24193509000;24137066666;24637066666
5408;24193510000;24137066666;24637066666
5409;24193511000;24137066666;24637066666
5410;24193512000;24137066666;24637066666
5411;24193711000;24137111111;24637111111
5412;24193717000;24137433333;24637433333
5413;24193718000;24137433333;24637433333
5414;24193719000;24137433333;24637433333
5415;24234574000;24178711111;24678711111
5416;24234578000;24178711111;24678711111
5417;24234579000;24178711111;24678711111
5418;24234580000;24178711111;24678711111
5419;24234581000;24178711111;24678711111
5420;24234582000;24178711111;24678711111
5421;24234582000;24178711111;24678711111
5422;24234799000;24178755555;24678755555
5423;24234805000;24179033333;24679033333
5424;24234806000;24179033333;24679033333
5425;24234807000;24179033333;24679033333
5426;24276127000;24220366666;24720366666
5427;24276130000;24220366666;24720366666
5428;24276132000;24220366666;24720366666
5429;24276132000;24220366666;24720366666
5430;24276134000;24220366666;24720366666
5431;24276134000;24220366666;24720366666
5432;24276135000;24220366666;24720366666
5433;24276350000;24220411111;24720411111
5434;24276356000;24220733333;24720733333
5435;24276357000;24220733333;24720733333
5436;24276358000;24220733333;24720733333
5437;24317629000;24262066666;24762066666
5438;24317632000;24262066666;24762066666
5439;24317633000;24262066666;24762066666
5440;24317634000;24262066666;24762066666
5441;24317635000;24262066666;24762066666
5442;24317645000;24262066666;24762066666
5443;24317646000;24262066666;24762066666
5444;24317781000;24262111111;24762111111
5445;24317784000;24262444444;24762444444
5446;24317785000;24262444444;24762444444
5447;24317786000;24262444444;24762444444
5448;24359276000;24303711111;24803711111
5449;24359280000;24303711111;24803711111
5450;24359281000;24303711111;24803711111
5451;24359281000;24303711111;24803711111
5452;24359282000;24303711111;24803711111
5453;24359283000;24303711111;24803711111
5454;24359284000;24303711111;24803711111
5455;24359483000;24303744444;24803744444
5456;24359489000;24304044444;24804044444
5457;24359490000;24304044444;24804044444
5458;24359491000;24304044444;24804044444
5459;24400914000;24345400000;24845400000
5460;24400916000;24345400000;24845400000
5461;24400917000;24345400000;24845400000
5462;24400918000;24345400000;24845400000
5463;24400928000;24345400000;24845400000
5464;24400929000;24345400000;24845400000
5465;24400930000;24345400000;24845400000
5466;24401075000;24345444444;24845444444
5467;24401078000;24345744444;24845744444
5468;24401079000;24345744444;24845744444
5469;24401080000;24345744444;24845744444
5470;24442567000;24387033333;24887033333
5471;24442570000;24387033333;24887033333
5472;24442571000;24387033333;24887033333
5473;24442572000;24387033333;24887033333
5474;24442573000;24387033333;24887033333
5475;24442574000;24387033333;24887033333
5476;24442575000;24387033333;24887033333
5477;24442774000;24387077777;24887077777
5478;24442781000;24387400000;24887400000
5479;24442782000;24387400000;24887400000
5480;24442783000;24387400000;24887400000
5481;24484190000;24428711111;24928711111
5482;24484193000;24428711111;24928711111
5483;24484194000;24428711111;24928711111
5484;24484204000;24428711111;24928711111
5485;24484205000;24428711111;24928711111
5486;24484206000;24428711111;24928711111
5487;24484214000;24428711111;24928711111
5488;24484353000;24428755555;24928755555
5489;24484356000;24429066666;24929066666
5490;24484357000;24429066666;24929066666
5491;24484358000;24429066666;24929066666
5492;24525960000;24470400000;24970400000
5493;24525964000;24470400000;24970400000
5494;24525965000;24470400000;24970400000
5495;24525966000;24470400000;24970400000
5496;24525967000;24470400000;24970400000
5497;24525968000;24470400000;24970400000
5498;24525969000;24470400000;24970400000
5499;24526168000;24470444444;24970444444
