seqnum;now;rtptime;deadline;packet_len;payload_len
0;10554087000;10263911111;10763911111;10240;10228
3;10554129000;10295288888;10795288888;10240;10228
4;10554206000;10295288888;10795288888;10240;10228
7;10554233000;10295288888;10795288888;10240;10228
1;10554248000;10263911111;10763911111;10240;10228
2;10554394000;10263911111;10763911111;10240;10228
5;10554415000;10295288888;10795288888;10240;10228
6;10554604000;10295288888;10795288888;10240;10228
8;10674340000;10295288888;10795288888;10240;10228
9;10674358000;10295288888;10795288888;10240;10228
10;10674363000;10295311111;10795311111;10240;10228
11;10674369000;10295622222;10795622222;10240;10228
12;10674375000;10295622222;10795622222;10240;10228
13;10674388000;10295622222;10795622222;10240;10228
14;10674392000;10336955555;10836955555;10240;10228
15;10674396000;10336955555;10836955555;10240;10228
16;10674674000;10336955555;10836955555;10240;10228
17;10674846000;10336955555;10836955555;10240;10228
18;10675085000;10336955555;10836955555;10240;10228
19;10675093000;10336955555;10836955555;10240;10228
20;10675302000;10336955555;10836955555;10240;10228
21;10675320000;10336966666;10836966666;10240;10228
22;10675497000;10337366666;10837366666;10240;10228
23;10675517000;10337366666;10837366666;10240;10228
24;10790961000;10337366666;10837366666;10240;10228
25;10790974000;10378622222;10878622222;10240;10228
26;10790980000;10378622222;10878622222;10240;10228
27;10790984000;10378622222;10878622222;10240;10228
28;10790988000;10378622222;10878622222;10240;10228
29;10790991000;10378622222;10878622222;10240;10228
36;10794655000;10420311111;10920311111;10240;10228
37;10794661000;10420311111;10920311111;10240;10228
38;10794681000;10420311111;10920311111;10240;10228
39;10794685000;10420311111;10920311111;10240;10228
30;10794853000;10378622222;10878622222;10240;10228
31;10795067000;10378622222;10878622222;10240;10228
32;10795074000;10378633333;10878633333;10240;10228
33;10795266000;10378966666;10878966666;10240;10228
34;10795273000;10378966666;10878966666;10240;10228
35;10795470000;10378966666;10878966666;10240;10228
40;10795669000;10420311111;10920311111;10240;10228
41;10795678000;10420311111;10920311111;10240;10228
42;10795874000;10420311111;10920311111;10240;10228
43;10795879000;10420322222;10920322222;10240;10228
44;10796041000;10420733333;10920733333;10240;10228
45;10796291000;10420733333;10920733333;10240;10228
46;10796302000;10420733333;10920733333;10240;10228
47;10796452000;10461955555;10961955555;10240;10228
48;10796457000;10461955555;10961955555;10240;10228
49;10796695000;10461955555;10961955555;10240;10228
50;10796715000;10461955555;10961955555;10240;10228
51;10796908000;10461955555;10961955555;10240;10228
52;10796918000;10461955555;10961955555;10240;10228
53;10797102000;10461955555;10961955555;10240;10228
54;10797324000;10461977777;10961977777;10240;10228
55;10797334000;10462300000;10962300000;10240;10228
56;10831522000;10462300000;10962300000;10240;10228
57;10911474000;10462300000;10962300000;10240;10228
58;10911682000;10503622222;11003622222;10240;10228
59;10911702000;10503622222;11003622222;10240;10228
60;10911910000;10503622222;11003622222;10240;10228
61;10912107000;10503622222;11003622222;10240;10228
62;10912128000;10503622222;11003622222;10240;10228
63;10912296000;10503622222;11003622222;10240;10228
64;10912307000;10503622222;11003622222;10240;10228
65;10912501000;10503644444;11003644444;10240;10228
66;10912524000;10503933333;11003933333;10240;10228
67;10912717000;10503933333;11003933333;10240;10228
68;10912903000;10503933333;11003933333;10240;10228
69;10913357000;10545288888;11045288888;10240;10228
70;10913527000;10545288888;11045288888;10240;10228
71;10913716000;10545288888;11045288888;10240;10228
72;10915159000;10545288888;11045288888;10240;10228
73;10915362000;10545288888;11045288888;10240;10228
74;10915368000;10545288888;11045288888;10240;10228
80;10915468000;10586955555;11086955555;10240;10228
81;10915475000;10586955555;11086955555;10240;10228
82;10915485000;10586955555;11086955555;10240;10228
75;10915573000;10545288888;11045288888;10240;10228
76;10915592000;10545300000;11045300000;10240;10228
83;10915632000;10586955555;11086955555;10240;10228
84;10915640000;10586955555;11086955555;10240;10228
77;10915789000;10545633333;11045633333;10240;10228
85;10915865000;10586955555;11086955555;10240;10228
86;10915877000;10586955555;11086955555;10240;10228
87;10915881000;10586977777;11086977777;10240;10228
88;10915885000;10587288888;11087288888;10240;10228
78;10915975000;10545633333;11045633333;10240;10228
79;10915987000;10545633333;11045633333;10240;10228
89;10916071000;10587288888;11087288888;10240;10228
90;10916109000;10587288888;11087288888;10240;10228
91;10916113000;10628622222;11128622222;10240;10228
92;10916126000;10628622222;11128622222;10240;10228
93;10916519000;10628622222;11128622222;10240;10228
94;10916530000;10628622222;11128622222;10240;10228
95;10916535000;10628622222;11128622222;10240;10228
96;10916542000;10628622222;11128622222;10240;10228
97;10916546000;10628622222;11128622222;10240;10228
98;10916561000;10628644444;11128644444;10240;10228
99;10916882000;10628944444;11128944444;10240;10228
100;10917057000;10628944444;11128944444;10240;10228
101;10917305000;10628944444;11128944444;10240;10228
102;10917312000;10670288888;11170288888;10240;10228
103;10917502000;10670288888;11170288888;10240;10228
104;10917508000;10670288888;11170288888;10240;10228
105;10917707000;10670288888;11170288888;10240;10228
106;10917712000;10670288888;11170288888;10240;10228
107;10917911000;10670288888;11170288888;10240;10228
108;10918090000;10670288888;11170288888;10240;10228
109;10918109000;10670300000;11170300000;10240;10228
110;10918330000;10670577777;11170577777;10240;10228
111;10918335000;10670577777;11170577777;10240;10228
112;10918519000;10670577777;11170577777;10240;10228
113;10918524000;10711933333;11211933333;10240;10228
114;10918731000;10711933333;11211933333;10240;10228
115;10943884000;10711933333;11211933333;10240;10228
116;10944081000;10711933333;11211933333;10240;10228
117;10951922000;10711933333;11211933333;10240;10228
118;10951935000;10711933333;11211933333;10240;10228
119;10958435000;10711933333;11211933333;10240;10228
120;10998876000;10711944444;11211944444;10240;10228
121;10999059000;10712266666;11212266666;10240;10228
122;10999280000;10712266666;11212266666;10240;10228
123;10999303000;10712266666;11212266666;10240;10228
124;10999478000;10753644444;11253644444;10240;10228
125;10999498000;10753644444;11253644444;10240;10228
126;11031972000;10753644444;11253644444;10240;10228
127;11032173000;10753644444;11253644444;10240;10228
128;11032194000;10753644444;11253644444;10240;10228
129;11032375000;10753644444;11253644444;10240;10228
131;11032576000;10753655555;11253655555;10240;10228
132;11032592000;10753944444;11253944444;10240;10228
133;11032599000;10753944444;11253944444;10240;10228
134;11032603000;10753944444;11253944444;10240;10228
135;11032607000;10795277777;11295277777;10240;10228
130;11032621000;10753644444;11253644444;10240;10228
136;11032661000;10795277777;11295277777;10240;10228
137;11032871000;10795277777;11295277777;10240;10228
138;11032882000;10795277777;11295277777;10240;10228
139;11033027000;10795277777;11295277777;10240;10228
140;11033141000;10795277777;11295277777;10240;10228
141;11033153000;10795277777;11295277777;10240;10228
142;11033157000;10795300000;11295300000;10240;10228
143;11033922000;10795588888;11295588888;10240;10228
144;11034121000;10795588888;11295588888;10240;10228
145;11034340000;10795588888;11295588888;10240;10228
146;11034358000;10836966666;11336966666;10240;10228
147;11035527000;10836966666;11336966666;10240;10228
148;11035725000;10836966666;11336966666;10240;10228
149;11035732000;10836966666;11336966666;10240;10228
154;11035746000;10837311111;11337311111;10240;10228
155;11035756000;10837311111;11337311111;10240;10228
156;11035763000;10837311111;11337311111;10240;10228
157;11035767000;10878633333;11378633333;10240;10228
158;11035845000;10878633333;11378633333;10240;10228
160;11035850000;10878633333;11378633333;10240;10228
150;11035913000;10836966666;11336966666;10240;10228
161;11035928000;10878633333;11378633333;10240;10228
162;11036007000;10878633333;11378633333;10240;10228
163;11036031000;10878633333;11378633333;10240;10228
151;11036189000;10836966666;11336966666;10240;10228
152;11036230000;10836966666;11336966666;10240;10228
164;11036243000;10878655555;11378655555;10240;10228
168;11036251000;10920288888;11420288888;10240;10228
153;11036321000;10836988888;11336988888;10240;10228
159;11036334000;10878633333;11378633333;10240;10228
165;11036512000;10878944444;11378944444;10240;10228
166;11036536000;10878944444;11378944444;10240;10228
167;11036715000;10878944444;11378944444;10240;10228
171;11036752000;10920288888;11420288888;10240;10228
172;11036761000;10920288888;11420288888;10240;10228
173;11036767000;10920288888;11420288888;10240;10228
174;11036775000;10920288888;11420288888;10240;10228
175;11036781000;10920300000;11420300000;10240;10228
169;11036907000;10920288888;11420288888;10240;10228
170;11037162000;10920288888;11420288888;10240;10228
176;11037284000;10920633333;11420633333;10240;10228
179;11037305000;10961966666;11461966666;10240;10228
177;11037526000;10920633333;11420633333;10240;10228
182;11037732000;10961966666;11461966666;10240;10228
178;11037763000;10920633333;11420633333;10240;10228
180;11037779000;10961966666;11461966666;10240;10228
184;11037879000;10961966666;11461966666;10240;10228
181;11037892000;10961966666;11461966666;10240;10228
186;11038053000;10961977777;11461977777;10240;10228
183;11038112000;10961966666;11461966666;10240;10228
185;11038307000;10961966666;11461966666;10240;10228
187;11063781000;10962288888;11462288888;10240;10228
189;11063802000;10962288888;11462288888;10240;10228
188;11064019000;10962288888;11462288888;10240;10228
190;11064229000;11003655555;11503655555;10240;10228
191;11064250000;11003655555;11503655555;10240;10228
192;11064442000;11003655555;11503655555;10240;10228
193;11064633000;11003655555;11503655555;10240;10228
194;11064652000;11003655555;11503655555;10240;10228
195;11064846000;11003655555;11503655555;10240;10228
196;11072385000;11003655555;11503655555;10240;10228
197;11078481000;11003700000;11503700000;10240;10228
198;11105672000;11003966666;11503966666;10240;10228
199;11118929000;11003966666;11503966666;10240;10228
200;11119504000;11003966666;11503966666;10240;10228
201;11119725000;11045311111;11545311111;10240;10228
202;11119927000;11045311111;11545311111;10240;10228
203;11119938000;11045311111;11545311111;10240;10228
204;11152610000;11045311111;11545311111;10240;10228
209;11152817000;11045600000;11545600000;10240;10228
205;11152830000;11045311111;11545311111;10240;10228
206;11152844000;11045311111;11545311111;10240;10228
210;11152855000;11045600000;11545600000;10240;10228
211;11152862000;11045600000;11545600000;10240;10228
207;11153011000;11045311111;11545311111;10240;10228
208;11153023000;11045322222;11545322222;10240;10228
212;11153067000;11086944444;11586944444;10240;10228
215;11153074000;11086944444;11586944444;10240;10228
216;11153091000;11086944444;11586944444;10240;10228
217;11153206000;11086944444;11586944444;10240;10228
219;11153223000;11086966666;11586966666;10240;10228
213;11153385000;11086944444;11586944444;10240;10228
214;11153410000;11086944444;11586944444;10240;10228
218;11153624000;11086944444;11586944444;10240;10228
221;11188776000;11087300000;11587300000;10240;10228
223;11188801000;11128666666;11628666666;10240;10228
225;11188810000;11128666666;11628666666;10240;10228
227;11188815000;11128666666;11628666666;10240;10228
229;11188819000;11128666666;11628666666;10240;10228
220;11189008000;11087300000;11587300000;10240;10228
222;11189229000;11087300000;11587300000;10240;10228
224;11189268000;11128666666;11628666666;10240;10228
226;11189393000;11128666666;11628666666;10240;10228
228;11189631000;11128666666;11628666666;10240;10228
230;11189669000;11128711111;11628711111;10240;10228
231;11230482000;11129011111;11629011111;10240;10228
233;11230495000;11129011111;11629011111;10240;10228
235;11230505000;11170322222;11670322222;10240;10228
237;11230513000;11170322222;11670322222;10240;10228
239;11230527000;11170322222;11670322222;10240;10228
241;11230531000;11170377777;11670377777;10240;10228
232;11230693000;11129011111;11629011111;10240;10228
234;11230896000;11170322222;11670322222;10240;10228
236;11230925000;11170322222;11670322222;10240;10228
238;11231075000;11170322222;11670322222;10240;10228
240;11231313000;11170322222;11670322222;10240;10228
243;11272123000;11170677777;11670677777;10240;10228
245;11272140000;11212000000;11712000000;10240;10228
247;11272154000;11212000000;11712000000;10240;10228
249;11272260000;11212000000;11712000000;10240;10228
251;11272271000;11212000000;11712000000;10240;10228
242;11272366000;11170677777;11670677777;10240;10228
244;11272535000;11170677777;11670677777;10240;10228
246;11272574000;11212000000;11712000000;10240;10228
248;11272738000;11212000000;11712000000;10240;10228
250;11272934000;11212000000;11712000000;10240;10228
252;11272963000;11212055555;11712055555;10240;10228
253;11313814000;11212400000;11712400000;10240;10228
255;11313825000;11212400000;11712400000;10240;10228
257;11313834000;11253644444;11753644444;10240;10228
259;11313842000;11253644444;11753644444;10240;10228
261;11313856000;11253644444;11753644444;10240;10228
263;11313861000;11253688888;11753688888;10240;10228
254;11314012000;11212400000;11712400000;10240;10228
256;11314227000;11253644444;11753644444;10240;10228
258;11314254000;11253644444;11753644444;10240;10228
260;11314413000;11253644444;11753644444;10240;10228
262;11314614000;11253644444;11753644444;10240;10228
265;11355490000;11254000000;11754000000;10240;10228
267;11355506000;11295322222;11795322222;10240;10228
269;11355513000;11295322222;11795322222;10240;10228
271;11355520000;11295322222;11795322222;10240;10228
273;11355525000;11295322222;11795322222;10240;10228
264;11355686000;11254000000;11754000000;10240;10228
266;11355885000;11254000000;11754000000;10240;10228
268;11355915000;11295322222;11795322222;10240;10228
270;11356051000;11295322222;11795322222;10240;10228
272;11356302000;11295322222;11795322222;10240;10228
274;11356339000;11295377777;11795377777;10240;10228
275;11397176000;11295644444;11795644444;10240;10228
277;11397186000;11295644444;11795644444;10240;10228
279;11397195000;11336977777;11836977777;10240;10228
281;11397203000;11336977777;11836977777;10240;10228
283;11397207000;11336977777;11836977777;10240;10228
285;11397221000;11337022222;11837022222;10240;10228
276;11397347000;11295644444;11795644444;10240;10228
278;11397555000;11336977777;11836977777;10240;10228
280;11397763000;11336977777;11836977777;10240;10228
282;11397802000;11336977777;11836977777;10240;10228
284;11397965000;11336977777;11836977777;10240;10228
287;11438814000;11337355555;11837355555;10240;10228
289;11438829000;11378644444;11878644444;10240;10228
291;11438837000;11378644444;11878644444;10240;10228
293;11438842000;11378644444;11878644444;10240;10228
295;11438858000;11378644444;11878644444;10240;10228
286;11439006000;11337355555;11837355555;10240;10228
288;11439217000;11337355555;11837355555;10240;10228
290;11439248000;11378644444;11878644444;10240;10228
292;11439403000;11378644444;11878644444;10240;10228
294;11439604000;11378644444;11878644444;10240;10228
296;11439631000;11378688888;11878688888;10240;10228
297;11480510000;11378955555;11878955555;10240;10228
299;11480520000;11378955555;11878955555;10240;10228
301;11480531000;11420311111;11920311111;10240;10228
303;11480538000;11420311111;11920311111;10240;10228
305;11480551000;11420311111;11920311111;10240;10228
307;11480555000;11420355555;11920355555;10240;10228
298;11480688000;11378955555;11878955555;10240;10228
300;11480892000;11420311111;11920311111;10240;10228
302;11480922000;11420311111;11920311111;10240;10228
304;11481055000;11420311111;11920311111;10240;10228
306;11481306000;11420311111;11920311111;10240;10228
309;11522133000;11420644444;11920644444;10240;10228
311;11522149000;11461977777;11961977777;10240;10228
313;11522156000;11461977777;11961977777;10240;10228
315;11522160000;11461977777;11961977777;10240;10228
317;11522177000;11461977777;11961977777;10240;10228
308;11522335000;11420644444;11920644444;10240;10228
310;11522551000;11420644444;11920644444;10240;10228
312;11522567000;11461977777;11961977777;10240;10228
314;11522752000;11461977777;11961977777;10240;10228
316;11522948000;11461977777;11961977777;10240;10228
318;11522977000;11462022222;11962022222;10240;10228
319;11563845000;11462344444;11962344444;10240;10228
321;11563861000;11462344444;11962344444;10240;10228
323;11563871000;11503644444;12003644444;10240;10228
325;11563878000;11503644444;12003644444;10240;10228
327;11563883000;11503644444;12003644444;10240;10228
329;11563899000;11503688888;12003688888;10240;10228
320;11564020000;11462344444;11962344444;10240;10228
322;11564194000;11503644444;12003644444;10240;10228
324;11564397000;11503644444;12003644444;10240;10228
326;11564429000;11503644444;12003644444;10240;10228
328;11564641000;11503644444;12003644444;10240;10228
331;11605474000;11503977777;12003977777;10240;10228
333;11605491000;11545311111;12045311111;10240;10228
335;11605498000;11545311111;12045311111;10240;10228
337;11605502000;11545311111;12045311111;10240;10228
339;11605519000;11545311111;12045311111;10240;10228
330;11605660000;11503977777;12003977777;10240;10228
332;11605875000;11503977777;12003977777;10240;10228
334;11605887000;11545311111;12045311111;10240;10228
336;11606042000;11545311111;12045311111;10240;10228
338;11606250000;11545311111;12045311111;10240;10228
340;11606265000;11545355555;12045355555;10240;10228
341;11647107000;11545633333;12045633333;10240;10228
343;11647119000;11545633333;12045633333;10240;10228
345;11647134000;11586966666;12086966666;10240;10228
347;11647139000;11586966666;12086966666;10240;10228
349;11647144000;11586966666;12086966666;10240;10228
351;11647147000;11587022222;12087022222;10240;10228
342;11647348000;11545633333;12045633333;10240;10228
344;11647556000;11586966666;12086966666;10240;10228
346;11647597000;11586966666;12086966666;10240;10228
348;11647761000;11586966666;12086966666;10240;10228
350;11647957000;11586966666;12086966666;10240;10228
353;11688859000;11587355555;12087355555;10240;10228
355;11688877000;11628644444;12128644444;10240;10228
357;11688883000;11628644444;12128644444;10240;10228
359;11688887000;11628644444;12128644444;10240;10228
361;11688901000;11628644444;12128644444;10240;10228
352;11689010000;11587355555;12087355555;10240;10228
354;11689225000;11587355555;12087355555;10240;10228
356;11689253000;11628644444;12128644444;10240;10228
358;11689429000;11628644444;12128644444;10240;10228
360;11689621000;11628644444;12128644444;10240;10228
362;11689660000;11628700000;12128700000;10240;10228
363;11730451000;11628988888;12128988888;10240;10228
365;11730464000;11628988888;12128988888;10240;10228
367;11730474000;11670311111;12170311111;10240;10228
369;11730481000;11670311111;12170311111;10240;10228
371;11730494000;11670311111;12170311111;10240;10228
373;11730498000;11670355555;12170355555;10240;10228
364;11730687000;11628988888;12128988888;10240;10228
366;11730891000;11670311111;12170311111;10240;10228
368;11730922000;11670311111;12170311111;10240;10228
370;11731069000;11670311111;12170311111;10240;10228
372;11731308000;11670311111;12170311111;10240;10228
375;11772181000;11670622222;12170622222;10240;10228
377;11772199000;11711966666;12211966666;10240;10228
379;11772205000;11711966666;12211966666;10240;10228
381;11772209000;11711966666;12211966666;10240;10228
383;11772222000;11711966666;12211966666;10240;10228
374;11772333000;11670622222;12170622222;10240;10228
376;11772542000;11670622222;12170622222;10240;10228
378;11772560000;11711966666;12211966666;10240;10228
380;11772748000;11711966666;12211966666;10240;10228
382;11772943000;11711966666;12211966666;10240;10228
384;11772972000;11712022222;12212022222;10240;10228
385;11813845000;11712344444;12212344444;10240;10228
387;11813856000;11712344444;12212344444;10240;10228
389;11813865000;11753644444;12253644444;10240;10228
391;11813873000;11753644444;12253644444;10240;10228
393;11813877000;11753644444;12253644444;10240;10228
395;11813892000;11753688888;12253688888;10240;10228
386;11814012000;11712344444;12212344444;10240;10228
388;11814225000;11753644444;12253644444;10240;10228
390;11814253000;11753644444;12253644444;10240;10228
392;11814437000;11753644444;12253644444;10240;10228
394;11814629000;11753644444;12253644444;10240;10228
397;11855487000;11753966666;12253966666;10240;10228
399;11855506000;11795311111;12295311111;10240;10228
401;11855511000;11795311111;12295311111;10240;10228
403;11855526000;11795311111;12295311111;10240;10228
405;11855530000;11795311111;12295311111;10240;10228
396;11855686000;11753966666;12253966666;10240;10228
398;11855882000;11753966666;12253966666;10240;10228
400;11855911000;11795311111;12295311111;10240;10228
402;11856061000;11795311111;12295311111;10240;10228
404;11856295000;11795311111;12295311111;10240;10228
406;11856309000;11795355555;12295355555;10240;10228
407;11897174000;11795622222;12295622222;10240;10228
409;11897192000;11795622222;12295622222;10240;10228
411;11897200000;11836977777;12336977777;10240;10228
413;11897209000;11836977777;12336977777;10240;10228
415;11897213000;11836977777;12336977777;10240;10228
417;11897226000;11837022222;12337022222;10240;10228
408;11897353000;11795622222;12295622222;10240;10228
410;11897567000;11836977777;12336977777;10240;10228
412;11897583000;11836977777;12336977777;10240;10228
414;11897771000;11836977777;12336977777;10240;10228
416;11897964000;11836977777;12336977777;10240;10228
419;11938806000;11837355555;12337355555;10240;10228
421;11938823000;11878644444;12378644444;10240;10228
423;11938830000;11878644444;12378644444;10240;10228
425;11938834000;11878644444;12378644444;10240;10228
427;11938848000;11878644444;12378644444;10240;10228
418;11939006000;11837355555;12337355555;10240;10228
420;11939213000;11837355555;12337355555;10240;10228
422;11939243000;11878644444;12378644444;10240;10228
424;11939409000;11878644444;12378644444;10240;10228
426;11939610000;11878644444;12378644444;10240;10228
428;11939631000;11878688888;12378688888;10240;10228
429;11980519000;11878988888;12378988888;10240;10228
431;11980532000;11878988888;12378988888;10240;10228
433;11980542000;11920311111;12420311111;10240;10228
435;11980558000;11920311111;12420311111;10240;10228
437;11980562000;11920311111;12420311111;10240;10228
439;11980566000;11920355555;12420355555;10240;10228
430;11980692000;11878988888;12378988888;10240;10228
432;11980894000;11920311111;12420311111;10240;10228
434;11980921000;11920311111;12420311111;10240;10228
436;11981076000;11920311111;12420311111;10240;10228
438;11981307000;11920311111;12420311111;10240;10228
441;12022147000;11920655555;12420655555;10240;10228
443;12022165000;11961977777;12461977777;10240;10228
445;12022171000;11961977777;12461977777;10240;10228
447;12022176000;11961977777;12461977777;10240;10228
449;12022180000;11961977777;12461977777;10240;10228
440;12022331000;11920655555;12420655555;10240;10228
442;12022549000;11920655555;12420655555;10240;10228
444;12022591000;11961977777;12461977777;10240;10228
446;12022754000;11961977777;12461977777;10240;10228
448;12022935000;11961977777;12461977777;10240;10228
450;12022953000;11962022222;12462022222;10240;10228
451;12063846000;11962344444;12462344444;10240;10228
453;12063857000;11962344444;12462344444;10240;10228
455;12063867000;12003644444;12503644444;10240;10228
457;12063874000;12003644444;12503644444;10240;10228
459;12063889000;12003644444;12503644444;10240;10228
461;12063892000;12003688888;12503688888;10240;10228
452;12064021000;11962344444;12462344444;10240;10228
454;12064231000;12003644444;12503644444;10240;10228
456;12064249000;12003644444;12503644444;10240;10228
458;12064436000;12003644444;12503644444;10240;10228
460;12064624000;12003644444;12503644444;10240;10228
463;12105477000;12003955555;12503955555;10240;10228
465;12105495000;12045311111;12545311111;10240;10228
467;12105501000;12045311111;12545311111;10240;10228
469;12105505000;12045311111;12545311111;10240;10228
471;12105518000;12045311111;12545311111;10240;10228
462;12105673000;12003955555;12503955555;10240;10228
464;12105873000;12003955555;12503955555;10240;10228
466;12105913000;12045311111;12545311111;10240;10228
468;12106056000;12045311111;12545311111;10240;10228
470;12106251000;12045311111;12545311111;10240;10228
472;12106272000;12045355555;12545355555;10240;10228
473;12147123000;12045622222;12545622222;10240;10228
475;12147150000;12045622222;12545622222;10240;10228
477;12147160000;12086977777;12586977777;10240;10228
479;12147167000;12086977777;12586977777;10240;10228
481;12147172000;12086977777;12586977777;10240;10228
483;12147176000;12087022222;12587022222;10240;10228
474;12147347000;12045622222;12545622222;10240;10228
476;12147563000;12086977777;12586977777;10240;10228
478;12147602000;12086977777;12586977777;10240;10228
480;12147752000;12086977777;12586977777;10240;10228
482;12147946000;12086977777;12586977777;10240;10228
485;12188858000;12087355555;12587355555;10240;10228
487;12188876000;12128644444;12628644444;10240;10228
489;12188882000;12128644444;12628644444;10240;10228
491;12188886000;12128644444;12628644444;10240;10228
493;12188900000;12128644444;12628644444;10240;10228
484;12189006000;12087355555;12587355555;10240;10228
486;12189217000;12087355555;12587355555;10240;10228
488;12189257000;12128644444;12628644444;10240;10228
490;12189420000;12128644444;12628644444;10240;10228
492;12189600000;12128644444;12628644444;10240;10228
494;12189629000;12128688888;12628688888;10240;10228
495;12230471000;12128977777;12628977777;10240;10228
497;12230483000;12128977777;12628977777;10240;10228
499;12230492000;12170311111;12670311111;10240;10228
501;12230499000;12170311111;12670311111;10240;10228
503;12230504000;12170311111;12670311111;10240;10228
505;12230517000;12170355555;12670355555;10240;10228
496;12230684000;12128977777;12628977777;10240;10228
498;12230883000;12170311111;12670311111;10240;10228
500;12230909000;12170311111;12670311111;10240;10228
502;12231069000;12170311111;12670311111;10240;10228
504;12231291000;12170311111;12670311111;10240;10228
507;12272191000;12170644444;12670644444;10240;10228
509;12272209000;12211977777;12711977777;10240;10228
511;12272214000;12211977777;12711977777;10240;10228
513;12272218000;12211977777;12711977777;10240;10228
515;12272231000;12211977777;12711977777;10240;10228
506;12272340000;12170644444;12670644444;10240;10228
508;12272553000;12170644444;12670644444;10240;10228
510;12272569000;12211977777;12711977777;10240;10228
512;12272756000;12211977777;12711977777;10240;10228
514;12272949000;12211977777;12711977777;10240;10228
516;12272979000;12212022222;12712022222;10240;10228
517;12313801000;12212355555;12712355555;10240;10228
519;12313813000;12212355555;12712355555;10240;10228
521;12313823000;12253644444;12753644444;10240;10228
523;12313830000;12253644444;12753644444;10240;10228
525;12313836000;12253644444;12753644444;10240;10228
527;12313839000;12253688888;12753688888;10240;10228
518;12314013000;12212355555;12712355555;10240;10228
520;12314229000;12253644444;12753644444;10240;10228
522;12314268000;12253644444;12753644444;10240;10228
524;12314432000;12253644444;12753644444;10240;10228
526;12314625000;12253644444;12753644444;10240;10228
529;12355510000;12253977777;12753977777;10240;10228
531;12355528000;12295311111;12795311111;10240;10228
533;12355533000;12295311111;12795311111;10240;10228
535;12355539000;12295311111;12795311111;10240;10228
537;12355552000;12295311111;12795311111;10240;10228
528;12355671000;12253977777;12753977777;10240;10228
530;12355874000;12253977777;12753977777;10240;10228
532;12355912000;12295311111;12795311111;10240;10228
534;12356085000;12295311111;12795311111;10240;10228
536;12356272000;12295311111;12795311111;10240;10228
538;12356300000;12295355555;12795355555;10240;10228
539;12397137000;12295633333;12795633333;10240;10228
541;12397153000;12295633333;12795633333;10240;10228
543;12397161000;12336977777;12836977777;10240;10228
545;12397170000;12336977777;12836977777;10240;10228
547;12397174000;12336977777;12836977777;10240;10228
549;12397188000;12337022222;12837022222;10240;10228
540;12397354000;12295633333;12795633333;10240;10228
542;12397562000;12336977777;12836977777;10240;10228
544;12397591000;12336977777;12836977777;10240;10228
546;12397768000;12336977777;12836977777;10240;10228
548;12397967000;12336977777;12836977777;10240;10228
551;12438819000;12337366666;12837366666;10240;10228
553;12438837000;12378644444;12878644444;10240;10228
555;12438843000;12378644444;12878644444;10240;10228
557;12438861000;12378644444;12878644444;10240;10228
559;12438865000;12378644444;12878644444;10240;10228
550;12438998000;12337366666;12837366666;10240;10228
552;12439220000;12337366666;12837366666;10240;10228
554;12439235000;12378644444;12878644444;10240;10228
556;12439393000;12378644444;12878644444;10240;10228
558;12439606000;12378644444;12878644444;10240;10228
560;12439634000;12378688888;12878688888;10240;10228
561;12480508000;12378966666;12878966666;10240;10228
563;12480522000;12378966666;12878966666;10240;10228
565;12480531000;12420311111;12920311111;10240;10228
567;12480539000;12420311111;12920311111;10240;10228
569;12480553000;12420311111;12920311111;10240;10228
571;12480557000;12420366666;12920366666;10240;10228
562;12480690000;12378966666;12878966666;10240;10228
564;12480896000;12420311111;12920311111;10240;10228
566;12480923000;12420311111;12920311111;10240;10228
568;12481074000;12420311111;12920311111;10240;10228
570;12481312000;12420311111;12920311111;10240;10228
573;12522137000;12420666666;12920666666;10240;10228
575;12522156000;12461977777;12961977777;10240;10228
577;12522162000;12461977777;12961977777;10240;10228
579;12522167000;12461977777;12961977777;10240;10228
581;12522171000;12461977777;12961977777;10240;10228
572;12522304000;12420666666;12920666666;10240;10228
574;12522522000;12420666666;12920666666;10240;10228
576;12522723000;12461977777;12961977777;10240;10228
578;12522760000;12461977777;12961977777;10240;10228
580;12522915000;12461977777;12961977777;10240;10228
582;12522933000;12462022222;12962022222;10240;10228
583;12563768000;12462355555;12962355555;10240;10228
585;12563780000;12462355555;12962355555;10240;10228
587;12563794000;12503644444;13003644444;10240;10228
589;12563800000;12503644444;13003644444;10240;10228
591;12563805000;12503644444;13003644444;10240;10228
593;12563809000;12503688888;13003688888;10240;10228
584;12563985000;12462355555;12962355555;10240;10228
586;12564195000;12503644444;13003644444;10240;10228
588;12564435000;12503644444;13003644444;10240;10228
590;12564475000;12503644444;13003644444;10240;10228
592;12564602000;12503644444;13003644444;10240;10228
595;12605471000;12503977777;13003977777;10240;10228
597;12605491000;12545311111;13045311111;10240;10228
599;12605498000;12545311111;13045311111;10240;10228
601;12605502000;12545311111;13045311111;10240;10228
603;12605506000;12545311111;13045311111;10240;10228
594;12605671000;12503977777;13003977777;10240;10228
596;12605875000;12503977777;13003977777;10240;10228
598;12605904000;12545311111;13045311111;10240;10228
600;12606060000;12545311111;13045311111;10240;10228
602;12606293000;12545311111;13045311111;10240;10228
604;12606332000;12545355555;13045355555;10240;10228
605;12647102000;12545644444;13045644444;10240;10228
607;12647115000;12545644444;13045644444;10240;10228
609;12647124000;12586977777;13086977777;10240;10228
611;12647131000;12586977777;13086977777;10240;10228
613;12647136000;12586977777;13086977777;10240;10228
615;12647140000;12587022222;13087022222;10240;10228
606;12647298000;12545644444;13045644444;10240;10228
608;12647520000;12586977777;13086977777;10240;10228
610;12647545000;12586977777;13086977777;10240;10228
612;12647684000;12586977777;13086977777;10240;10228
614;12647927000;12586977777;13086977777;10240;10228
617;12688843000;12587355555;13087355555;10240;10228
619;12688857000;12628633333;13128633333;10240;10228
621;12688864000;12628633333;13128633333;10240;10228
623;12688868000;12628633333;13128633333;10240;10228
625;12688882000;12628633333;13128633333;10240;10228
616;12688995000;12587355555;13087355555;10240;10228
618;12689208000;12587355555;13087355555;10240;10228
620;12689237000;12628633333;13128633333;10240;10228
622;12689411000;12628633333;13128633333;10240;10228
624;12689591000;12628633333;13128633333;10240;10228
626;12689620000;12628688888;13128688888;10240;10228
627;12730450000;12628977777;13128977777;10240;10228
629;12730460000;12628977777;13128977777;10240;10228
631;12730470000;12670311111;13170311111;10240;10228
633;12730478000;12670311111;13170311111;10240;10228
635;12730483000;12670311111;13170311111;10240;10228
637;12730510000;12670355555;13170355555;10240;10228
628;12730689000;12628977777;13128977777;10240;10228
630;12730891000;12670311111;13170311111;10240;10228
632;12730921000;12670311111;13170311111;10240;10228
634;12731067000;12670311111;13170311111;10240;10228
636;12731304000;12670311111;13170311111;10240;10228
639;12772148000;12670633333;13170633333;10240;10228
641;12772167000;12711977777;13211977777;10240;10228
643;12772174000;12711977777;13211977777;10240;10228
645;12772179000;12711977777;13211977777;10240;10228
647;12772194000;12711977777;13211977777;10240;10228
638;12772324000;12670633333;13170633333;10240;10228
640;12772529000;12670633333;13170633333;10240;10228
642;12772743000;12711977777;13211977777;10240;10228
644;12772780000;12711977777;13211977777;10240;10228
646;12772918000;12711977777;13211977777;10240;10228
648;12772943000;12712022222;13212022222;10240;10228
649;12813839000;12712355555;13212355555;10240;10228
651;12813851000;12712355555;13212355555;10240;10228
653;12813866000;12753644444;13253644444;10240;10228
655;12813872000;12753644444;13253644444;10240;10228
657;12813887000;12753644444;13253644444;10240;10228
659;12813891000;12753688888;13253688888;10240;10228
650;12814024000;12712355555;13212355555;10240;10228
652;12814232000;12753644444;13253644444;10240;10228
654;12814271000;12753644444;13253644444;10240;10228
656;12814435000;12753644444;13253644444;10240;10228
658;12814627000;12753644444;13253644444;10240;10228
661;12855466000;12753977777;13253977777;10240;10228
663;12855482000;12795311111;13295311111;10240;10228
665;12855488000;12795311111;13295311111;10240;10228
667;12855494000;12795311111;13295311111;10240;10228
669;12855498000;12795311111;13295311111;10240;10228
660;12855671000;12753977777;13253977777;10240;10228
662;12855876000;12753977777;13253977777;10240;10228
664;12855904000;12795311111;13295311111;10240;10228
666;12856057000;12795311111;13295311111;10240;10228
668;12856291000;12795311111;13295311111;10240;10228
670;12856332000;12795355555;13295355555;10240;10228
671;12897136000;12795633333;13295633333;10240;10228
673;12897149000;12795633333;13295633333;10240;10228
675;12897161000;12836977777;13336977777;10240;10228
677;12897168000;12836977777;13336977777;10240;10228
679;12897172000;12836977777;13336977777;10240;10228
681;12897176000;12837033333;13337033333;10240;10228
672;12897359000;12795633333;13295633333;10240;10228
674;12897567000;12836977777;13336977777;10240;10228
676;12897597000;12836977777;13336977777;10240;10228
678;12897773000;12836977777;13336977777;10240;10228
680;12897970000;12836977777;13336977777;10240;10228
683;12938827000;12837377777;13337377777;10240;10228
685;12938847000;12878644444;13378644444;10240;10228
687;12938852000;12878644444;13378644444;10240;10228
689;12938867000;12878644444;13378644444;10240;10228
691;12938870000;12878644444;13378644444;10240;10228
682;12938995000;12837377777;13337377777;10240;10228
684;12939217000;12837377777;13337377777;10240;10228
686;12939246000;12878644444;13378644444;10240;10228
688;12939423000;12878644444;13378644444;10240;10228
690;12939617000;12878644444;13378644444;10240;10228
692;12939655000;12878688888;13378688888;10240;10228
693;12980462000;12878988888;13378988888;10240;10228
695;12980475000;12878988888;13378988888;10240;10228
697;12980485000;12920311111;13420311111;10240;10228
699;12980493000;12920311111;13420311111;10240;10228
701;12980497000;12920311111;13420311111;10240;10228
703;12980511000;12920355555;13420355555;10240;10228
694;12980676000;12878988888;13378988888;10240;10228
696;12980860000;12920311111;13420311111;10240;10228
698;12981105000;12920311111;13420311111;10240;10228
700;12981139000;12920311111;13420311111;10240;10228
702;12981299000;12920311111;13420311111;10240;10228
705;13022172000;12920666666;13420666666;10240;10228
707;13022201000;12961977777;13461977777;10240;10228
709;13022210000;12961977777;13461977777;10240;10228
711;13022228000;12961977777;13461977777;10240;10228
713;13022236000;12961977777;13461977777;10240;10228
704;13022336000;12920666666;13420666666;10240;10228
706;13022553000;12920666666;13420666666;10240;10228
708;13022598000;12961977777;13461977777;10240;10228
710;13022753000;12961977777;13461977777;10240;10228
712;13022930000;12961977777;13461977777;10240;10228
714;13022958000;12962022222;13462022222;10240;10228
715;13063784000;12962344444;13462344444;10240;10228
717;13063800000;12962344444;13462344444;10240;10228
719;13063822000;13003644444;13503644444;10240;10228
721;13063854000;13003644444;13503644444;10240;10228
723;13063860000;13003644444;13503644444;10240;10228
725;13063865000;13003688888;13503688888;10240;10228
716;13064011000;12962344444;13462344444;10240;10228
718;13064224000;13003644444;13503644444;10240;10228
720;13064243000;13003644444;13503644444;10240;10228
722;13064426000;13003644444;13503644444;10240;10228
724;13064644000;13003644444;13503644444;10240;10228
727;13105459000;13003966666;13503966666;10240;10228
729;13105487000;13045311111;13545311111;10240;10228
731;13105497000;13045311111;13545311111;10240;10228
733;13105514000;13045311111;13545311111;10240;10228
735;13105522000;13045311111;13545311111;10240;10228
726;13105675000;13003966666;13503966666;10240;10228
728;13105874000;13003966666;13503966666;10240;10228
730;13105901000;13045311111;13545311111;10240;10228
732;13106052000;13045311111;13545311111;10240;10228
734;13106292000;13045311111;13545311111;10240;10228
736;13106315000;13045355555;13545355555;10240;10228
737;13147103000;13045633333;13545633333;10240;10228
739;13147118000;13045633333;13545633333;10240;10228
741;13147140000;13086977777;13586977777;10240;10228
743;13147153000;13086977777;13586977777;10240;10228
745;13147173000;13086977777;13586977777;10240;10228
747;13147181000;13087022222;13587022222;10240;10228
738;13147344000;13045633333;13545633333;10240;10228
740;13147571000;13086977777;13586977777;10240;10228
742;13147595000;13086977777;13586977777;10240;10228
744;13147766000;13086977777;13586977777;10240;10228
746;13147986000;13086977777;13586977777;10240;10228
749;13188830000;13087366666;13587366666;10240;10228
751;13188858000;13128644444;13628644444;10240;10228
753;13188869000;13128644444;13628644444;10240;10228
755;13188887000;13128644444;13628644444;10240;10228
757;13188893000;13128644444;13628644444;10240;10228
748;13188993000;13087366666;13587366666;10240;10228
750;13189214000;13087366666;13587366666;10240;10228
752;13189241000;13128644444;13628644444;10240;10228
754;13189417000;13128644444;13628644444;10240;10228
756;13189618000;13128644444;13628644444;10240;10228
758;13189652000;13128688888;13628688888;10240;10228
759;13230446000;13128988888;13628988888;10240;10228
761;13230461000;13128988888;13628988888;10240;10228
763;13230487000;13170311111;13670311111;10240;10228
765;13230495000;13170311111;13670311111;10240;10228
767;13230515000;13170311111;13670311111;10240;10228
769;13230521000;13170355555;13670355555;10240;10228
760;13230688000;13128988888;13628988888;10240;10228
762;13230890000;13170311111;13670311111;10240;10228
764;13230917000;13170311111;13670311111;10240;10228
766;13231077000;13170311111;13670311111;10240;10228
768;13231305000;13170311111;13670311111;10240;10228
771;13272119000;13170655555;13670655555;10240;10228
773;13272147000;13211977777;13711977777;10240;10228
775;13272158000;13211977777;13711977777;10240;10228
777;13272175000;13211977777;13711977777;10240;10228
779;13272189000;13211977777;13711977777;10240;10228
770;13272328000;13170655555;13670655555;10240;10228
772;13272538000;13170655555;13670655555;10240;10228
774;13272557000;13211977777;13711977777;10240;10228
776;13272700000;13211977777;13711977777;10240;10228
778;13272951000;13211977777;13711977777;10240;10228
780;13272976000;13212022222;13712022222;10240;10228
781;13313802000;13212366666;13712366666;10240;10228
783;13313816000;13212366666;13712366666;10240;10228
785;13313839000;13253644444;13753644444;10240;10228
787;13313855000;13253644444;13753644444;10240;10228
789;13313870000;13253644444;13753644444;10240;10228
791;13313875000;13253688888;13753688888;10240;10228
782;13313991000;13212366666;13712366666;10240;10228
784;13314210000;13253644444;13753644444;10240;10228
786;13314257000;13253644444;13753644444;10240;10228
788;13314412000;13253644444;13753644444;10240;10228
790;13314618000;13253644444;13753644444;10240;10228
793;13355508000;13253988888;13753988888;10240;10228
795;13355535000;13295311111;13795311111;10240;10228
797;13355545000;13295311111;13795311111;10240;10228
799;13355561000;13295311111;13795311111;10240;10228
801;13355569000;13295311111;13795311111;10240;10228
792;13355667000;13253988888;13753988888;10240;10228
794;13355876000;13253988888;13753988888;10240;10228
796;13355901000;13295311111;13795311111;10240;10228
798;13356056000;13295311111;13795311111;10240;10228
800;13356291000;13295311111;13795311111;10240;10228
802;13356316000;13295355555;13795355555;10240;10228
803;13397170000;13295633333;13795633333;10240;10228
805;13397186000;13295633333;13795633333;10240;10228
807;13397209000;13336977777;13836977777;10240;10228
809;13397225000;13336977777;13836977777;10240;10228
811;13397242000;13336977777;13836977777;10240;10228
813;13397248000;13337022222;13837022222;10240;10228
804;13397347000;13295633333;13795633333;10240;10228
806;13397557000;13336977777;13836977777;10240;10228
808;13397585000;13336977777;13836977777;10240;10228
810;13397770000;13336977777;13836977777;10240;10228
812;13397993000;13336977777;13836977777;10240;10228
815;13438802000;13337366666;13837366666;10240;10228
817;13438832000;13378644444;13878644444;10240;10228
819;13438853000;13378644444;13878644444;10240;10228
821;13438861000;13378644444;13878644444;10240;10228
823;13438869000;13378644444;13878644444;10240;10228
814;13438996000;13337366666;13837366666;10240;10228
816;13439221000;13337366666;13837366666;10240;10228
818;13439245000;13378644444;13878644444;10240;10228
820;13439420000;13378644444;13878644444;10240;10228
822;13439619000;13378644444;13878644444;10240;10228
824;13439654000;13378688888;13878688888;10240;10228
825;13480437000;13378977777;13878977777;10240;10228
827;13480455000;13378977777;13878977777;10240;10228
829;13480477000;13420311111;13920311111;10240;10228
831;13480490000;13420311111;13920311111;10240;10228
833;13480499000;13420311111;13920311111;10240;10228
835;13480516000;13420355555;13920355555;10240;10228
826;13480671000;13378977777;13878977777;10240;10228
828;13480874000;13420311111;13920311111;10240;10228
830;13481037000;13420311111;13920311111;10240;10228
832;13481076000;13420311111;13920311111;10240;10228
834;13481309000;13420311111;13920311111;10240;10228
837;13522184000;13420655555;13920655555;10240;10228
839;13522214000;13461977777;13961977777;10240;10228
841;13522223000;13461977777;13961977777;10240;10228
843;13522241000;13461977777;13961977777;10240;10228
845;13522248000;13461977777;13961977777;10240;10228
836;13522351000;13420655555;13920655555;10240;10228
838;13522536000;13420655555;13920655555;10240;10228
840;13522752000;13461977777;13961977777;10240;10228
842;13522777000;13461977777;13961977777;10240;10228
844;13522963000;13461977777;13961977777;10240;10228
846;13522986000;13462022222;13962022222;10240;10228
847;13563829000;13462366666;13962366666;10240;10228
849;13563845000;13462366666;13962366666;10240;10228
851;13563866000;13503644444;14003644444;10240;10228
853;13563875000;13503644444;14003644444;10240;10228
855;13563885000;13503644444;14003644444;10240;10228
857;13563903000;13503688888;14003688888;10240;10228
848;13564019000;13462366666;13962366666;10240;10228
850;13564241000;13503644444;14003644444;10240;10228
852;13564270000;13503644444;14003644444;10240;10228
854;13564456000;13503644444;14003644444;10240;10228
856;13564645000;13503644444;14003644444;10240;10228
859;13605451000;13503988888;14003988888;10240;10228
861;13605485000;13545311111;14045311111;10240;10228
863;13605496000;13545311111;14045311111;10240;10228
865;13605516000;13545311111;14045311111;10240;10228
867;13605524000;13545311111;14045311111;10240;10228
858;13605611000;13503988888;14003988888;10240;10228
860;13605841000;13503988888;14003988888;10240;10228
862;13605877000;13545311111;14045311111;10240;10228
864;13606037000;13545311111;14045311111;10240;10228
866;13606240000;13545311111;14045311111;10240;10228
868;13606288000;13545355555;14045355555;10240;10228
869;13647133000;13545655555;14045655555;10240;10228
871;13647149000;13545655555;14045655555;10240;10228
873;13647175000;13586977777;14086977777;10240;10228
875;13647186000;13586977777;14086977777;10240;10228
877;13647203000;13586977777;14086977777;10240;10228
879;13647210000;13587022222;14087022222;10240;10228
870;13647325000;13545655555;14045655555;10240;10228
872;13647548000;13586977777;14086977777;10240;10228
874;13647572000;13586977777;14086977777;10240;10228
876;13647751000;13586977777;14086977777;10240;10228
878;13647954000;13586977777;14086977777;10240;10228
881;13688865000;13587355555;14087355555;10240;10228
883;13688895000;13628666666;14128666666;10240;10228
885;13688905000;13628666666;14128666666;10240;10228
887;13688923000;13628666666;14128666666;10240;10228
889;13688929000;13628666666;14128666666;10240;10228
880;13688990000;13587355555;14087355555;10240;10228
882;13689223000;13587355555;14087355555;10240;10228
884;13689244000;13628666666;14128666666;10240;10228
886;13689421000;13628666666;14128666666;10240;10228
888;13689634000;13628666666;14128666666;10240;10228
890;13689667000;13628711111;14128711111;10240;10228
891;13730492000;13629022222;14129022222;10240;10228
893;13730507000;13629022222;14129022222;10240;10228
895;13730538000;13670311111;14170311111;10240;10228
897;13730549000;13670311111;14170311111;10240;10228
899;13730563000;13670311111;14170311111;10240;10228
901;13730566000;13670366666;14170366666;10240;10228
892;13730689000;13629022222;14129022222;10240;10228
894;13730893000;13670311111;14170311111;10240;10228
896;13730919000;13670311111;14170311111;10240;10228
898;13731065000;13670311111;14170311111;10240;10228
900;13731308000;13670311111;14170311111;10240;10228
903;13772154000;13670644444;14170644444;10240;10228
905;13772187000;13711977777;14211977777;10240;10228
907;13772199000;13711977777;14211977777;10240;10228
909;13772216000;13711977777;14211977777;10240;10228
911;13772220000;13711977777;14211977777;10240;10228
902;13772337000;13670644444;14170644444;10240;10228
904;13772546000;13670644444;14170644444;10240;10228
906;13772573000;13711977777;14211977777;10240;10228
908;13772751000;13711977777;14211977777;10240;10228
910;13772949000;13711977777;14211977777;10240;10228
912;13772975000;13712022222;14212022222;10240;10228
913;13813806000;13712355555;14212355555;10240;10228
915;13813820000;13712355555;14212355555;10240;10228
917;13813844000;13753644444;14253644444;10240;10228
919;13813853000;13753644444;14253644444;10240;10228
921;13813870000;13753644444;14253644444;10240;10228
923;13813874000;13753688888;14253688888;10240;10228
914;13814012000;13712355555;14212355555;10240;10228
916;13814235000;13753644444;14253644444;10240;10228
918;13814258000;13753644444;14253644444;10240;10228
920;13814421000;13753644444;14253644444;10240;10228
922;13814641000;13753644444;14253644444;10240;10228
925;13855464000;13753988888;14253988888;10240;10228
927;13855493000;13795311111;14295311111;10240;10228
929;13855503000;13795311111;14295311111;10240;10228
931;13855520000;13795311111;14295311111;10240;10228
933;13855529000;13795311111;14295311111;10240;10228
924;13855671000;13753988888;14253988888;10240;10228
926;13855874000;13753988888;14253988888;10240;10228
928;13855900000;13795311111;14295311111;10240;10228
930;13856042000;13795311111;14295311111;10240;10228
932;13856293000;13795311111;14295311111;10240;10228
934;13856316000;13795355555;14295355555;10240;10228
935;13897138000;13795633333;14295633333;10240;10228
937;13897153000;13795633333;14295633333;10240;10228
939;13897176000;13836977777;14336977777;10240;10228
941;13897192000;13836977777;14336977777;10240;10228
943;13897208000;13836977777;14336977777;10240;10228
945;13897211000;13837022222;14337022222;10240;10228
936;13897346000;13795633333;14295633333;10240;10228
938;13897562000;13836977777;14336977777;10240;10228
940;13897589000;13836977777;14336977777;10240;10228
942;13897770000;13836977777;14336977777;10240;10228
944;13897982000;13836977777;14336977777;10240;10228
947;13938798000;13837366666;14337366666;10240;10228
949;13938839000;13878644444;14378644444;10240;10228
951;13938850000;13878644444;14378644444;10240;10228
953;13938865000;13878644444;14378644444;10240;10228
955;13938869000;13878644444;14378644444;10240;10228
946;13938994000;13837366666;14337366666;10240;10228
948;13939219000;13837366666;14337366666;10240;10228
950;13939242000;13878644444;14378644444;10240;10228
952;13939406000;13878644444;14378644444;10240;10228
954;13939618000;13878644444;14378644444;10240;10228
956;13939652000;13878688888;14378688888;10240;10228
957;13980435000;13879000000;14379000000;10240;10228
959;13980450000;13879000000;14379000000;10240;10228
961;13980472000;13920311111;14420311111;10240;10228
963;13980487000;13920311111;14420311111;10240;10228
965;13980505000;13920311111;14420311111;10240;10228
967;13980511000;13920355555;14420355555;10240;10228
958;13980651000;13879000000;14379000000;10240;10228
960;13980852000;13920311111;14420311111;10240;10228
962;13980888000;13920311111;14420311111;10240;10228
964;13981062000;13920311111;14420311111;10240;10228
966;13981268000;13920311111;14420311111;10240;10228
969;14022129000;13920677777;14420677777;10240;10228
971;14022156000;13961966666;14461966666;10240;10228
973;14022166000;13961966666;14461966666;10240;10228
975;14022184000;13961966666;14461966666;10240;10228
977;14022194000;13961966666;14461966666;10240;10228
968;14022332000;13920677777;14420677777;10240;10228
970;14022546000;13920677777;14420677777;10240;10228
972;14022570000;13961966666;14461966666;10240;10228
974;14022750000;13961966666;14461966666;10240;10228
976;14022942000;13961966666;14461966666;10240;10228
978;14022968000;13962022222;14462022222;10240;10228
979;14063831000;13962355555;14462355555;10240;10228
981;14063846000;13962355555;14462355555;10240;10228
983;14063867000;14003644444;14503644444;10240;10228
985;14063877000;14003644444;14503644444;10240;10228
987;14063884000;14003644444;14503644444;10240;10228
989;14063899000;14003688888;14503688888;10240;10228
980;14064014000;13962355555;14462355555;10240;10228
982;14064232000;14003644444;14503644444;10240;10228
984;14064262000;14003644444;14503644444;10240;10228
986;14064435000;14003644444;14503644444;10240;10228
988;14064646000;14003644444;14503644444;10240;10228
991;14105487000;14003977777;14503977777;10240;10228
993;14105517000;14045311111;14545311111;10240;10228
995;14105528000;14045311111;14545311111;10240;10228
997;14105545000;14045311111;14545311111;10240;10228
999;14105552000;14045311111;14545311111;10240;10228
990;14105674000;14003977777;14503977777;10240;10228
992;14105877000;14003977777;14503977777;10240;10228
994;14105903000;14045311111;14545311111;10240;10228
996;14106058000;14045311111;14545311111;10240;10228
998;14106286000;14045311111;14545311111;10240;10228
1000;14106307000;14045366666;14545366666;10240;10228
1001;14147164000;14045655555;14545655555;10240;10228
1003;14147187000;14045655555;14545655555;10240;10228
1005;14147209000;14086977777;14586977777;10240;10228
1007;14147225000;14086977777;14586977777;10240;10228
1009;14147239000;14086977777;14586977777;10240;10228
1011;14147244000;14087022222;14587022222;10240;10228
1002;14147376000;14045655555;14545655555;10240;10228
1004;14147573000;14086977777;14586977777;10240;10228
1006;14147619000;14086977777;14586977777;10240;10228
1008;14147771000;14086977777;14586977777;10240;10228
1010;14148012000;14086977777;14586977777;10240;10228
1013;14188818000;14087377777;14587377777;10240;10228
1015;14188848000;14128644444;14628644444;10240;10228
1017;14188857000;14128644444;14628644444;10240;10228
1019;14188875000;14128644444;14628644444;10240;10228
1021;14188882000;14128644444;14628644444;10240;10228
1012;14189004000;14087377777;14587377777;10240;10228
1014;14189226000;14087377777;14587377777;10240;10228
1016;14189266000;14128644444;14628644444;10240;10228
1018;14189445000;14128644444;14628644444;10240;10228
1020;14189607000;14128644444;14628644444;10240;10228
1022;14189632000;14128688888;14628688888;10240;10228
1023;14230474000;14128988888;14628988888;10240;10228
1025;14230490000;14128988888;14628988888;10240;10228
1027;14230526000;14170311111;14670311111;10240;10228
1029;14230540000;14170311111;14670311111;10240;10228
1031;14230544000;14170311111;14670311111;10240;10228
1033;14230557000;14170355555;14670355555;10240;10228
1024;14230684000;14128988888;14628988888;10240;10228
1026;14230879000;14170311111;14670311111;10240;10228
1028;14231110000;14170311111;14670311111;10240;10228
1030;14231137000;14170311111;14670311111;10240;10228
1032;14231315000;14170311111;14670311111;10240;10228
1035;14272153000;14170655555;14670655555;10240;10228
1037;14272182000;14211977777;14711977777;10240;10228
1039;14272192000;14211977777;14711977777;10240;10228
1041;14272213000;14211977777;14711977777;10240;10228
1043;14272222000;14211977777;14711977777;10240;10228
1034;14272364000;14170655555;14670655555;10240;10228
1036;14272550000;14170655555;14670655555;10240;10228
1038;14272589000;14211977777;14711977777;10240;10228
1040;14272751000;14211977777;14711977777;10240;10228
1042;14272957000;14211977777;14711977777;10240;10228
1044;14272979000;14212022222;14712022222;10240;10228
1045;14313779000;14212366666;14712366666;10240;10228
1047;14313796000;14212366666;14712366666;10240;10228
1049;14313818000;14253644444;14753644444;10240;10228
1051;14313829000;14253644444;14753644444;10240;10228
1053;14313837000;14253644444;14753644444;10240;10228
1055;14313853000;14253688888;14753688888;10240;10228
1046;14314018000;14212366666;14712366666;10240;10228
1048;14314232000;14253644444;14753644444;10240;10228
1050;14314257000;14253644444;14753644444;10240;10228
1052;14314435000;14253644444;14753644444;10240;10228
1054;14314630000;14253644444;14753644444;10240;10228
1057;14355454000;14253977777;14753977777;10240;10228
1059;14355482000;14295311111;14795311111;10240;10228
1061;14355491000;14295311111;14795311111;10240;10228
1063;14355508000;14295311111;14795311111;10240;10228
1065;14355523000;14295311111;14795311111;10240;10228
1056;14355659000;14253977777;14753977777;10240;10228
1058;14355861000;14253977777;14753977777;10240;10228
1060;14356089000;14295311111;14795311111;10240;10228
1062;14356105000;14295311111;14795311111;10240;10228
1064;14356296000;14295311111;14795311111;10240;10228
1066;14356320000;14295355555;14795355555;10240;10228
1067;14397163000;14295622222;14795622222;10240;10228
1069;14397173000;14295622222;14795622222;10240;10228
1071;14397190000;14336977777;14836977777;10240;10228
1073;14397195000;14336977777;14836977777;10240;10228
1075;14397199000;14336977777;14836977777;10240;10228
1077;14397212000;14337022222;14837022222;10240;10228
1068;14397351000;14295622222;14795622222;10240;10228
1070;14397559000;14336977777;14836977777;10240;10228
1072;14397593000;14336977777;14836977777;10240;10228
1074;14397773000;14336977777;14836977777;10240;10228
1076;14397993000;14336977777;14836977777;10240;10228
1079;14438859000;14337355555;14837355555;10240;10228
1081;14438883000;14378644444;14878644444;10240;10228
1083;14438890000;14378644444;14878644444;10240;10228
1085;14438894000;14378644444;14878644444;10240;10228
1087;14438899000;14378644444;14878644444;10240;10228
1078;14438978000;14337355555;14837355555;10240;10228
1080;14439210000;14337355555;14837355555;10240;10228
1082;14439236000;14378644444;14878644444;10240;10228
1084;14439415000;14378644444;14878644444;10240;10228
1086;14439608000;14378644444;14878644444;10240;10228
1088;14439643000;14378688888;14878688888;10240;10228
1089;14480511000;14378966666;14878966666;10240;10228
1091;14480521000;14378966666;14878966666;10240;10228
1093;14480543000;14420311111;14920311111;10240;10228
1095;14480548000;14420311111;14920311111;10240;10228
1097;14480573000;14420311111;14920311111;10240;10228
1099;14480577000;14420355555;14920355555;10240;10228
1090;14480685000;14378966666;14878966666;10240;10228
1092;14480894000;14420311111;14920311111;10240;10228
1094;14480920000;14420311111;14920311111;10240;10228
1096;14481072000;14420311111;14920311111;10240;10228
1098;14481305000;14420311111;14920311111;10240;10228
1101;14522217000;14420644444;14920644444;10240;10228
1103;14522240000;14461977777;14961977777;10240;10228
1105;14522270000;14461977777;14961977777;10240;10228
1107;14522275000;14461977777;14961977777;10240;10228
1109;14522280000;14461977777;14961977777;10240;10228
1100;14522348000;14420644444;14920644444;10240;10228
1102;14522543000;14420644444;14920644444;10240;10228
1104;14522577000;14461977777;14961977777;10240;10228
1106;14522752000;14461977777;14961977777;10240;10228
1108;14522952000;14461977777;14961977777;10240;10228
1110;14522979000;14462022222;14962022222;10240;10228
1111;14563800000;14462355555;14962355555;10240;10228
1113;14563811000;14462355555;14962355555;10240;10228
1115;14563830000;14503644444;15003644444;10240;10228
1117;14563838000;14503644444;15003644444;10240;10228
1119;14563844000;14503644444;15003644444;10240;10228
1121;14563849000;14503688888;15003688888;10240;10228
1112;14563988000;14462355555;14962355555;10240;10228
1114;14564230000;14503644444;15003644444;10240;10228
1116;14564257000;14503644444;15003644444;10240;10228
1118;14564436000;14503644444;15003644444;10240;10228
1120;14564622000;14503644444;15003644444;10240;10228
1123;14605459000;14503977777;15003977777;10240;10228
1125;14605490000;14545311111;15045311111;10240;10228
1127;14605500000;14545311111;15045311111;10240;10228
1129;14605517000;14545311111;15045311111;10240;10228
1131;14605525000;14545311111;15045311111;10240;10228
1122;14605669000;14503977777;15003977777;10240;10228
1124;14605894000;14503977777;15003977777;10240;10228
1126;14605916000;14545311111;15045311111;10240;10228
1128;14606065000;14545311111;15045311111;10240;10228
1130;14606286000;14545311111;15045311111;10240;10228
1132;14606313000;14545355555;15045355555;10240;10228
1133;14647095000;14545644444;15045644444;10240;10228
1135;14647111000;14545644444;15045644444;10240;10228
1137;14647132000;14586977777;15086977777;10240;10228
1139;14647140000;14586977777;15086977777;10240;10228
1141;14647147000;14586977777;15086977777;10240;10228
1143;14647168000;14587022222;15087022222;10240;10228
1134;14647357000;14545644444;15045644444;10240;10228
1136;14647563000;14586977777;15086977777;10240;10228
1138;14647590000;14586977777;15086977777;10240;10228
1140;14647768000;14586977777;15086977777;10240;10228
1142;14647958000;14586977777;15086977777;10240;10228
1145;14688872000;14587355555;15087355555;10240;10228
1147;14688903000;14628644444;15128644444;10240;10228
1149;14688909000;14628644444;15128644444;10240;10228
1151;14688914000;14628644444;15128644444;10240;10228
1153;14688927000;14628644444;15128644444;10240;10228
1144;14688984000;14587355555;15087355555;10240;10228
1146;14689215000;14587355555;15087355555;10240;10228
1148;14689241000;14628644444;15128644444;10240;10228
1150;14689424000;14628644444;15128644444;10240;10228
1152;14689617000;14628644444;15128644444;10240;10228
1154;14689653000;14628688888;15128688888;10240;10228
1155;14730484000;14628977777;15128977777;10240;10228
1157;14730496000;14628977777;15128977777;10240;10228
1159;14730513000;14670311111;15170311111;10240;10228
1161;14730518000;14670311111;15170311111;10240;10228
1163;14730528000;14670311111;15170311111;10240;10228
1165;14730532000;14670355555;15170355555;10240;10228
1156;14730689000;14628977777;15128977777;10240;10228
1158;14730872000;14670311111;15170311111;10240;10228
1160;14731072000;14670311111;15170311111;10240;10228
1162;14731098000;14670311111;15170311111;10240;10228
1164;14731320000;14670311111;15170311111;10240;10228
1167;14772231000;14670633333;15170633333;10240;10228
1169;14772257000;14711977777;15211977777;10240;10228
1171;14772278000;14711977777;15211977777;10240;10228
1173;14772294000;14711977777;15211977777;10240;10228
1175;14772299000;14711977777;15211977777;10240;10228
1166;14772379000;14670633333;15170633333;10240;10228
1168;14772533000;14670633333;15170633333;10240;10228
1170;14772731000;14711977777;15211977777;10240;10228
1172;14772767000;14711977777;15211977777;10240;10228
1174;14772932000;14711977777;15211977777;10240;10228
1176;14772960000;14712022222;15212022222;10240;10228
1177;14813782000;14712344444;15212344444;10240;10228
1179;14813801000;14712344444;15212344444;10240;10228
1181;14813823000;14753644444;15253644444;10240;10228
1183;14813858000;14753644444;15253644444;10240;10228
1185;14813863000;14753644444;15253644444;10240;10228
1187;14813867000;14753688888;15253688888;10240;10228
1178;14813989000;14712344444;15212344444;10240;10228
1180;14814200000;14753644444;15253644444;10240;10228
1182;14814405000;14753644444;15253644444;10240;10228
1184;14814432000;14753644444;15253644444;10240;10228
1186;14814611000;14753644444;15253644444;10240;10228
1189;14855464000;14753977777;15253977777;10240;10228
1191;14855495000;14795311111;15295311111;10240;10228
1193;14855504000;14795311111;15295311111;10240;10228
1195;14855521000;14795311111;15295311111;10240;10228
1197;14855528000;14795311111;15295311111;10240;10228
1188;14855651000;14753977777;15253977777;10240;10228
1190;14855845000;14753977777;15253977777;10240;10228
1192;14856054000;14795311111;15295311111;10240;10228
1194;14856076000;14795311111;15295311111;10240;10228
1196;14856275000;14795311111;15295311111;10240;10228
1198;14856298000;14795355555;15295355555;10240;10228
1199;14897136000;14795622222;15295622222;10240;10228
1201;14897153000;14795622222;15295622222;10240;10228
1203;14897176000;14836988888;15336988888;10240;10228
1205;14897193000;14836988888;15336988888;10240;10228
1207;14897209000;14836988888;15336988888;10240;10228
1209;14897213000;14837033333;15337033333;10240;10228
1200;14897310000;14795622222;15295622222;10240;10228
1202;14897515000;14836988888;15336988888;10240;10228
1204;14897711000;14836988888;15336988888;10240;10228
1206;14897748000;14836988888;15336988888;10240;10228
1208;14897914000;14836988888;15336988888;10240;10228
1211;14938805000;14837377777;15337377777;10240;10228
1213;14938833000;14878633333;15378633333;10240;10228
1215;14938843000;14878633333;15378633333;10240;10228
1217;14938860000;14878633333;15378633333;10240;10228
1219;14938867000;14878633333;15378633333;10240;10228
1210;14938980000;14837377777;15337377777;10240;10228
1212;14939189000;14837377777;15337377777;10240;10228
1214;14939399000;14878633333;15378633333;10240;10228
1216;14939424000;14878633333;15378633333;10240;10228
1218;14939594000;14878633333;15378633333;10240;10228
1220;14939629000;14878688888;15378688888;10240;10228
1221;14980469000;14878988888;15378988888;10240;10228
1223;14980483000;14878988888;15378988888;10240;10228
1225;14980507000;14920311111;15420311111;10240;10228
1227;14980523000;14920311111;15420311111;10240;10228
1229;14980539000;14920311111;15420311111;10240;10228
1231;14980543000;14920355555;15420355555;10240;10228
1222;14980669000;14878988888;15378988888;10240;10228
1224;14980867000;14920311111;15420311111;10240;10228
1226;14981094000;14920311111;15420311111;10240;10228
1228;14981115000;14920311111;15420311111;10240;10228
1230;14981291000;14920311111;15420311111;10240;10228
1233;15022148000;14920666666;15420666666;10240;10228
1235;15022177000;14961977777;15461977777;10240;10228
1237;15022187000;14961977777;15461977777;10240;10228
1239;15022205000;14961977777;15461977777;10240;10228
1241;15022212000;14961977777;15461977777;10240;10228
1232;15022328000;14920666666;15420666666;10240;10228
1234;15022532000;14920666666;15420666666;10240;10228
1236;15022735000;14961977777;15461977777;10240;10228
1238;15022771000;14961977777;15461977777;10240;10228
1240;15022935000;14961977777;15461977777;10240;10228
1242;15022961000;14962022222;15462022222;10240;10228
1243;15063799000;14962344444;15462344444;10240;10228
1245;15063814000;14962344444;15462344444;10240;10228
1247;15063837000;15003644444;15503644444;10240;10228
1249;15063852000;15003644444;15503644444;10240;10228
1251;15063871000;15003644444;15503644444;10240;10228
1253;15063875000;15003688888;15503688888;10240;10228
1244;15064000000;14962344444;15462344444;10240;10228
1246;15064211000;15003644444;15503644444;10240;10228
1248;15064419000;15003644444;15503644444;10240;10228
1250;15064446000;15003644444;15503644444;10240;10228
1252;15064602000;15003644444;15503644444;10240;10228
1255;15105458000;15003966666;15503966666;10240;10228
1257;15105488000;15045311111;15545311111;10240;10228
1259;15105498000;15045311111;15545311111;10240;10228
1261;15105530000;15045311111;15545311111;10240;10228
1263;15105534000;15045311111;15545311111;10240;10228
1254;15105631000;15003966666;15503966666;10240;10228
1256;15105839000;15003966666;15503966666;10240;10228
1258;15105873000;15045311111;15545311111;10240;10228
1260;15106033000;15045311111;15545311111;10240;10228
1262;15106255000;15045311111;15545311111;10240;10228
1264;15106271000;15045355555;15545355555;10240;10228
1265;15147133000;15045622222;15545622222;10240;10228
1267;15147149000;15045622222;15545622222;10240;10228
1269;15147174000;15086966666;15586966666;10240;10228
1271;15147183000;15086966666;15586966666;10240;10228
1273;15147207000;15086966666;15586966666;10240;10228
1275;15147212000;15087022222;15587022222;10240;10228
1266;15147337000;15045622222;15545622222;10240;10228
1268;15147537000;15086966666;15586966666;10240;10228
1270;15147751000;15086966666;15586966666;10240;10228
1272;15147786000;15086966666;15586966666;10240;10228
1274;15147938000;15086966666;15586966666;10240;10228
1277;15188799000;15087366666;15587366666;10240;10228
1279;15188831000;15128644444;15628644444;10240;10228
1281;15188840000;15128644444;15628644444;10240;10228
1283;15188858000;15128644444;15628644444;10240;10228
1285;15188866000;15128644444;15628644444;10240;10228
1276;15188996000;15087366666;15587366666;10240;10228
1278;15189212000;15087366666;15587366666;10240;10228
1280;15189236000;15128644444;15628644444;10240;10228
1282;15189425000;15128644444;15628644444;10240;10228
1284;15189600000;15128644444;15628644444;10240;10228
1286;15189640000;15128688888;15628688888;10240;10228
1287;15230466000;15128977777;15628977777;10240;10228
1289;15230480000;15128977777;15628977777;10240;10228
1291;15230502000;15170311111;15670311111;10240;10228
1293;15230511000;15170311111;15670311111;10240;10228
1295;15230519000;15170311111;15670311111;10240;10228
1297;15230535000;15170355555;15670355555;10240;10228
1288;15230711000;15128977777;15628977777;10240;10228
1290;15230912000;15170311111;15670311111;10240;10228
1292;15230937000;15170311111;15670311111;10240;10228
1294;15231065000;15170311111;15670311111;10240;10228
1296;15231333000;15170311111;15670311111;10240;10228
1299;15272151000;15170644444;15670644444;10240;10228
1301;15272183000;15211988888;15711988888;10240;10228
1303;15272192000;15211988888;15711988888;10240;10228
1305;15272209000;15211988888;15711988888;10240;10228
1307;15272216000;15211988888;15711988888;10240;10228
1298;15272364000;15170644444;15670644444;10240;10228
1300;15272565000;15170644444;15670644444;10240;10228
1302;15272592000;15211988888;15711988888;10240;10228
1304;15272757000;15211988888;15711988888;10240;10228
1306;15272959000;15211988888;15711988888;10240;10228
1308;15272983000;15212033333;15712033333;10240;10228
1309;15313801000;15212400000;15712400000;10240;10228
1311;15313817000;15212400000;15712400000;10240;10228
1313;15313839000;15253644444;15753644444;10240;10228
1315;15313851000;15253644444;15753644444;10240;10228
1317;15313859000;15253644444;15753644444;10240;10228
1319;15313875000;15253688888;15753688888;10240;10228
1310;15314032000;15212400000;15712400000;10240;10228
1312;15314241000;15253644444;15753644444;10240;10228
1314;15314281000;15253644444;15753644444;10240;10228
1316;15314457000;15253644444;15753644444;10240;10228
1318;15314655000;15253644444;15753644444;10240;10228
1321;15355505000;15253988888;15753988888;10240;10228
1323;15355536000;15295311111;15795311111;10240;10228
1325;15355545000;15295311111;15795311111;10240;10228
1327;15355563000;15295311111;15795311111;10240;10228
1329;15355569000;15295311111;15795311111;10240;10228
1320;15355668000;15253988888;15753988888;10240;10228
1322;15355883000;15253988888;15753988888;10240;10228
1324;15355907000;15295311111;15795311111;10240;10228
1326;15356059000;15295311111;15795311111;10240;10228
1328;15356300000;15295311111;15795311111;10240;10228
1330;15356328000;15295355555;15795355555;10240;10228
1331;15397162000;15295633333;15795633333;10240;10228
1333;15397178000;15295633333;15795633333;10240;10228
1335;15397200000;15336977777;15836977777;10240;10228
1337;15397247000;15336977777;15836977777;10240;10228
1339;15397252000;15336977777;15836977777;10240;10228
1341;15397256000;15337022222;15837022222;10240;10228
1332;15397396000;15295633333;15795633333;10240;10228
1334;15397594000;15336977777;15836977777;10240;10228
1336;15397619000;15336977777;15836977777;10240;10228
1338;15397765000;15336977777;15836977777;10240;10228
1340;15397957000;15336977777;15836977777;10240;10228
1343;15438880000;15337366666;15837366666;10240;10228
1345;15438911000;15378644444;15878644444;10240;10228
1347;15438919000;15378644444;15878644444;10240;10228
1349;15438924000;15378644444;15878644444;10240;10228
1351;15438938000;15378644444;15878644444;10240;10228
1342;15438997000;15337366666;15837366666;10240;10228
1344;15439214000;15337366666;15837366666;10240;10228
1346;15439241000;15378644444;15878644444;10240;10228
1348;15439418000;15378644444;15878644444;10240;10228
1350;15439616000;15378644444;15878644444;10240;10228
1352;15439651000;15378688888;15878688888;10240;10228
1353;15480512000;15378966666;15878966666;10240;10228
1355;15480523000;15378966666;15878966666;10240;10228
1357;15480540000;15420311111;15920311111;10240;10228
1359;15480546000;15420311111;15920311111;10240;10228
1361;15480567000;15420311111;15920311111;10240;10228
1363;15480573000;15420355555;15920355555;10240;10228
1354;15480690000;15378966666;15878966666;10240;10228
1356;15480890000;15420311111;15920311111;10240;10228
1358;15480915000;15420311111;15920311111;10240;10228
1360;15481058000;15420311111;15920311111;10240;10228
1362;15481304000;15420311111;15920311111;10240;10228
1365;15522144000;15420655555;15920655555;10240;10228
1367;15522173000;15461977777;15961977777;10240;10228
1369;15522181000;15461977777;15961977777;10240;10228
1371;15522185000;15461977777;15961977777;10240;10228
1373;15522198000;15461977777;15961977777;10240;10228
1364;15522356000;15420655555;15920655555;10240;10228
1366;15522541000;15420655555;15920655555;10240;10228
1368;15522577000;15461977777;15961977777;10240;10228
1370;15522753000;15461977777;15961977777;10240;10228
1372;15522951000;15461977777;15961977777;10240;10228
1374;15522975000;15462022222;15962022222;10240;10228
1375;15563780000;15462355555;15962355555;10240;10228
1377;15563796000;15462355555;15962355555;10240;10228
1379;15563819000;15503644444;16003644444;10240;10228
1381;15563836000;15503644444;16003644444;10240;10228
1383;15563853000;15503644444;16003644444;10240;10228
1385;15563857000;15503688888;16003688888;10240;10228
1376;15564013000;15462355555;15962355555;10240;10228
1378;15564236000;15503644444;16003644444;10240;10228
1380;15564260000;15503644444;16003644444;10240;10228
1382;15564422000;15503644444;16003644444;10240;10228
1384;15564641000;15503644444;16003644444;10240;10228
1387;15605467000;15503977777;16003977777;10240;10228
1389;15605494000;15545311111;16045311111;10240;10228
1391;15605518000;15545311111;16045311111;10240;10228
1393;15605526000;15545311111;16045311111;10240;10228
1395;15605533000;15545311111;16045311111;10240;10228
1386;15605672000;15503977777;16003977777;10240;10228
1388;15605889000;15503977777;16003977777;10240;10228
1390;15605928000;15545311111;16045311111;10240;10228
1392;15606087000;15545311111;16045311111;10240;10228
1394;15606289000;15545311111;16045311111;10240;10228
1396;15606312000;15545355555;16045355555;10240;10228
1397;15647115000;15545644444;16045644444;10240;10228
1399;15647131000;15545644444;16045644444;10240;10228
1401;15647156000;15586977777;16086977777;10240;10228
1403;15647164000;15586977777;16086977777;10240;10228
1405;15647182000;15586977777;16086977777;10240;10228
1407;15647190000;15587022222;16087022222;10240;10228
1398;15647353000;15545644444;16045644444;10240;10228
1400;15647564000;15586977777;16086977777;10240;10228
1402;15647590000;15586977777;16086977777;10240;10228
1404;15647769000;15586977777;16086977777;10240;10228
1406;15647963000;15586977777;16086977777;10240;10228
1409;15688804000;15587355555;16087355555;10240;10228
1411;15688836000;15628644444;16128644444;10240;10228
1413;15688858000;15628644444;16128644444;10240;10228
1415;15688868000;15628644444;16128644444;10240;10228
1417;15688887000;15628644444;16128644444;10240;10228
1408;15688995000;15587355555;16087355555;10240;10228
1410;15689210000;15587355555;16087355555;10240;10228
1412;15689234000;15628644444;16128644444;10240;10228
1414;15689417000;15628644444;16128644444;10240;10228
1416;15689613000;15628644444;16128644444;10240;10228
1418;15689647000;15628688888;16128688888;10240;10228
1419;15730464000;15628977777;16128977777;10240;10228
1421;15730481000;15628977777;16128977777;10240;10228
1423;15730505000;15670311111;16170311111;10240;10228
1425;15730515000;15670311111;16170311111;10240;10228
1427;15730533000;15670311111;16170311111;10240;10228
1429;15730537000;15670355555;16170355555;10240;10228
1420;15730679000;15628977777;16128977777;10240;10228
1422;15730897000;15670311111;16170311111;10240;10228
1424;15730924000;15670311111;16170311111;10240;10228
1426;15731061000;15670311111;16170311111;10240;10228
1428;15731288000;15670311111;16170311111;10240;10228
1431;15772135000;15670633333;16170633333;10240;10228
1433;15772165000;15711977777;16211977777;10240;10228
1435;15772189000;15711977777;16211977777;10240;10228
1437;15772201000;15711977777;16211977777;10240;10228
1439;15772208000;15711977777;16211977777;10240;10228
1430;15772337000;15670633333;16170633333;10240;10228
1432;15772552000;15670633333;16170633333;10240;10228
1434;15772576000;15711977777;16211977777;10240;10228
1436;15772756000;15711977777;16211977777;10240;10228
1438;15772949000;15711977777;16211977777;10240;10228
1440;15772976000;15712022222;16212022222;10240;10228
1441;15813778000;15712355555;16212355555;10240;10228
1443;15813793000;15712355555;16212355555;10240;10228
1445;15813814000;15753644444;16253644444;10240;10228
1447;15813827000;15753644444;16253644444;10240;10228
1449;15813846000;15753644444;16253644444;10240;10228
1451;15813853000;15753688888;16253688888;10240;10228
1442;15814019000;15712355555;16212355555;10240;10228
1444;15814239000;15753644444;16253644444;10240;10228
1446;15814280000;15753644444;16253644444;10240;10228
1448;15814427000;15753644444;16253644444;10240;10228
1450;15814634000;15753644444;16253644444;10240;10228
1453;15855452000;15753977777;16253977777;10240;10228
1455;15855481000;15795311111;16295311111;10240;10228
1457;15855489000;15795311111;16295311111;10240;10228
1459;15855508000;15795311111;16295311111;10240;10228
1461;15855521000;15795311111;16295311111;10240;10228
1452;15855672000;15753977777;16253977777;10240;10228
1454;15855885000;15753977777;16253977777;10240;10228
1456;15855909000;15795311111;16295311111;10240;10228
1458;15856064000;15795311111;16295311111;10240;10228
1460;15856297000;15795311111;16295311111;10240;10228
1462;15856323000;15795355555;16295355555;10240;10228
1463;15897096000;15795622222;16295622222;10240;10228
1465;15897112000;15795622222;16295622222;10240;10228
1467;15897134000;15836977777;16336977777;10240;10228
1469;15897144000;15836977777;16336977777;10240;10228
1471;15897152000;15836977777;16336977777;10240;10228
1473;15897168000;15837022222;16337022222;10240;10228
1464;15897352000;15795622222;16295622222;10240;10228
1466;15897559000;15836977777;16336977777;10240;10228
1468;15897586000;15836977777;16336977777;10240;10228
1470;15897768000;15836977777;16336977777;10240;10228
1472;15897933000;15836977777;16336977777;10240;10228
1475;15938786000;15837355555;16337355555;10240;10228
1477;15938815000;15878644444;16378644444;10240;10228
1479;15938824000;15878644444;16378644444;10240;10228
1481;15938850000;15878644444;16378644444;10240;10228
1483;15938859000;15878644444;16378644444;10240;10228
1474;15938995000;15837355555;16337355555;10240;10228
1476;15939179000;15837355555;16337355555;10240;10228
1478;15939414000;15878644444;16378644444;10240;10228
1480;15939430000;15878644444;16378644444;10240;10228
1482;15939614000;15878644444;16378644444;10240;10228
1484;15939649000;15878688888;16378688888;10240;10228
1485;15980503000;15878988888;16378988888;10240;10228
1487;15980520000;15878988888;16378988888;10240;10228
1489;15980531000;15920311111;16420311111;10240;10228
1491;15980550000;15920311111;16420311111;10240;10228
1493;15980572000;15920311111;16420311111;10240;10228
1495;15980577000;15920355555;16420355555;10240;10228
1486;15980688000;15878988888;16378988888;10240;10228
1488;15980890000;15920311111;16420311111;10240;10228
1490;15980917000;15920311111;16420311111;10240;10228
1492;15981077000;15920311111;16420311111;10240;10228
1494;15981287000;15920311111;16420311111;10240;10228
1497;16022174000;15920666666;16420666666;10240;10228
1499;16022203000;15961977777;16461977777;10240;10228
1501;16022212000;15961977777;16461977777;10240;10228
1503;16022232000;15961977777;16461977777;10240;10228
1505;16022242000;15961977777;16461977777;10240;10228
1496;16022338000;15920666666;16420666666;10240;10228
1498;16022544000;15920666666;16420666666;10240;10228
1500;16022570000;15961977777;16461977777;10240;10228
1502;16022742000;15961977777;16461977777;10240;10228
1504;16022913000;15961977777;16461977777;10240;10228
1506;16022939000;15962022222;16462022222;10240;10228
1507;16063826000;15962344444;16462344444;10240;10228
1509;16063840000;15962344444;16462344444;10240;10228
1511;16063861000;16003644444;16503644444;10240;10228
1513;16063875000;16003644444;16503644444;10240;10228
1515;16063892000;16003644444;16503644444;10240;10228
1517;16063897000;16003688888;16503688888;10240;10228
1508;16064011000;15962344444;16462344444;10240;10228
1510;16064234000;16003644444;16503644444;10240;10228
1512;16064258000;16003644444;16503644444;10240;10228
1514;16064438000;16003644444;16503644444;10240;10228
1516;16064600000;16003644444;16503644444;10240;10228
1519;16105441000;16003966666;16503966666;10240;10228
1521;16105471000;16045311111;16545311111;10240;10228
1523;16105480000;16045311111;16545311111;10240;10228
1525;16105503000;16045311111;16545311111;10240;10228
1527;16105511000;16045311111;16545311111;10240;10228
1518;16105673000;16003966666;16503966666;10240;10228
1520;16105873000;16003966666;16503966666;10240;10228
1522;16105900000;16045311111;16545311111;10240;10228
1524;16106050000;16045311111;16545311111;10240;10228
1526;16106289000;16045311111;16545311111;10240;10228
1528;16106312000;16045366666;16545366666;10240;10228
1529;16147127000;16045644444;16545644444;10240;10228
1531;16147143000;16045644444;16545644444;10240;10228
1533;16147165000;16086977777;16586977777;10240;10228
1535;16147181000;16086977777;16586977777;10240;10228
1537;16147195000;16086977777;16586977777;10240;10228
1539;16147199000;16087022222;16587022222;10240;10228
1530;16147356000;16045644444;16545644444;10240;10228
1532;16147566000;16086977777;16586977777;10240;10228
1534;16147590000;16086977777;16586977777;10240;10228
1536;16147768000;16086977777;16586977777;10240;10228
1538;16147931000;16086977777;16586977777;10240;10228
1541;16188843000;16087366666;16587366666;10240;10228
1543;16188870000;16128644444;16628644444;10240;10228
1545;16188880000;16128644444;16628644444;10240;10228
1547;16188896000;16128644444;16628644444;10240;10228
1549;16188903000;16128644444;16628644444;10240;10228
1540;16188999000;16087366666;16587366666;10240;10228
1542;16189179000;16087366666;16587366666;10240;10228
1544;16189384000;16128644444;16628644444;10240;10228
1546;16189407000;16128644444;16628644444;10240;10228
1548;16189623000;16128644444;16628644444;10240;10228
1550;16189646000;16128688888;16628688888;10240;10228
1551;16230488000;16128988888;16628988888;10240;10228
1553;16230502000;16128988888;16628988888;10240;10228
1555;16230532000;16170311111;16670311111;10240;10228
1557;16230542000;16170311111;16670311111;10240;10228
1559;16230556000;16170311111;16670311111;10240;10228
1561;16230560000;16170355555;16670355555;10240;10228
1552;16230684000;16128988888;16628988888;10240;10228
1554;16230911000;16170311111;16670311111;10240;10228
1556;16230940000;16170311111;16670311111;10240;10228
1558;16231081000;16170311111;16670311111;10240;10228
1560;16231305000;16170311111;16670311111;10240;10228
1563;16272121000;16170655555;16670655555;10240;10228
1565;16272148000;16211977777;16711977777;10240;10228
1567;16272157000;16211977777;16711977777;10240;10228
1569;16272174000;16211977777;16711977777;10240;10228
1571;16272196000;16211977777;16711977777;10240;10228
1562;16272336000;16170655555;16670655555;10240;10228
1564;16272547000;16170655555;16670655555;10240;10228
1566;16272571000;16211977777;16711977777;10240;10228
1568;16272719000;16211977777;16711977777;10240;10228
1570;16272916000;16211977777;16711977777;10240;10228
1572;16272933000;16212022222;16712022222;10240;10228
1573;16313767000;16212366666;16712366666;10240;10228
1575;16313782000;16212366666;16712366666;10240;10228
1577;16313804000;16253644444;16753644444;10240;10228
1579;16313821000;16253644444;16753644444;10240;10228
1581;16313838000;16253644444;16753644444;10240;10228
1583;16313842000;16253688888;16753688888;10240;10228
1574;16314011000;16212366666;16712366666;10240;10228
1576;16314230000;16253644444;16753644444;10240;10228
1578;16314260000;16253644444;16753644444;10240;10228
1580;16314436000;16253644444;16753644444;10240;10228
1582;16314599000;16253644444;16753644444;10240;10228
1585;16355437000;16253988888;16753988888;10240;10228
1587;16355465000;16295311111;16795311111;10240;10228
1589;16355475000;16295311111;16795311111;10240;10228
1591;16355491000;16295311111;16795311111;10240;10228
1593;16355499000;16295311111;16795311111;10240;10228
1584;16355636000;16253988888;16753988888;10240;10228
1586;16355845000;16253988888;16753988888;10240;10228
1588;16355869000;16295311111;16795311111;10240;10228
1590;16356008000;16295311111;16795311111;10240;10228
1592;16356212000;16295311111;16795311111;10240;10228
1594;16356239000;16295355555;16795355555;10240;10228
1595;16397089000;16295633333;16795633333;10240;10228
1597;16397103000;16295633333;16795633333;10240;10228
1599;16397125000;16336966666;16836966666;10240;10228
1601;16397143000;16336966666;16836966666;10240;10228
1603;16397161000;16336966666;16836966666;10240;10228
1605;16397174000;16337022222;16837022222;10240;10228
1596;16397355000;16295633333;16795633333;10240;10228
1598;16397560000;16336966666;16836966666;10240;10228
1600;16397601000;16336966666;16836966666;10240;10228
1602;16397768000;16336966666;16836966666;10240;10228
1604;16397963000;16336966666;16836966666;10240;10228
1607;16438845000;16337377777;16837377777;10240;10228
1609;16438875000;16378644444;16878644444;10240;10228
1611;16438885000;16378644444;16878644444;10240;10228
1613;16438901000;16378644444;16878644444;10240;10228
1615;16438909000;16378644444;16878644444;10240;10228
1606;16438980000;16337377777;16837377777;10240;10228
1608;16439230000;16337377777;16837377777;10240;10228
1610;16439259000;16378644444;16878644444;10240;10228
1612;16439449000;16378644444;16878644444;10240;10228
1614;16439585000;16378644444;16878644444;10240;10228
1616;16439611000;16378688888;16878688888;10240;10228
1617;16480445000;16378977777;16878977777;10240;10228
1619;16480461000;16378977777;16878977777;10240;10228
1621;16480491000;16420311111;16920311111;10240;10228
1623;16480514000;16420311111;16920311111;10240;10228
1625;16480522000;16420311111;16920311111;10240;10228
1627;16480526000;16420366666;16920366666;10240;10228
1618;16480656000;16378977777;16878977777;10240;10228
1620;16480909000;16420311111;16920311111;10240;10228
1622;16480933000;16420311111;16920311111;10240;10228
1624;16481086000;16420311111;16920311111;10240;10228
1626;16481335000;16420311111;16920311111;10240;10228
1629;16522102000;16420666666;16920666666;10240;10228
1631;16522131000;16461977777;16961977777;10240;10228
1633;16522142000;16461977777;16961977777;10240;10228
1635;16522160000;16461977777;16961977777;10240;10228
1637;16522167000;16461977777;16961977777;10240;10228
1628;16522324000;16420666666;16920666666;10240;10228
1630;16522521000;16420666666;16920666666;10240;10228
1632;16522549000;16461977777;16961977777;10240;10228
1634;16522716000;16461977777;16961977777;10240;10228
1636;16522911000;16461977777;16961977777;10240;10228
1638;16522936000;16462022222;16962022222;10240;10228
1639;16563800000;16462366666;16962366666;10240;10228
1641;16563817000;16462366666;16962366666;10240;10228
1643;16563846000;16503655555;17003655555;10240;10228
1645;16563858000;16503655555;17003655555;10240;10228
1647;16563888000;16503655555;17003655555;10240;10228
1649;16563893000;16503711111;17003711111;10240;10228
1640;16563993000;16462366666;16962366666;10240;10228
1642;16564228000;16503655555;17003655555;10240;10228
1644;16564456000;16503655555;17003655555;10240;10228
1646;16564494000;16503655555;17003655555;10240;10228
1648;16564665000;16503655555;17003655555;10240;10228
1651;16605502000;16504011111;17004011111;10240;10228
1653;16605532000;16545311111;17045311111;10240;10228
1655;16605541000;16545311111;17045311111;10240;10228
1657;16605559000;16545311111;17045311111;10240;10228
1659;16605565000;16545311111;17045311111;10240;10228
1650;16605672000;16504011111;17004011111;10240;10228
1652;16605879000;16504011111;17004011111;10240;10228
1654;16605904000;16545311111;17045311111;10240;10228
1656;16606040000;16545311111;17045311111;10240;10228
1658;16606290000;16545311111;17045311111;10240;10228
1660;16606320000;16545355555;17045355555;10240;10228
1661;16647150000;16545655555;17045655555;10240;10228
1663;16647166000;16545655555;17045655555;10240;10228
1665;16647188000;16586977777;17086977777;10240;10228
1667;16647202000;16586977777;17086977777;10240;10228
1669;16647220000;16586977777;17086977777;10240;10228
1671;16647225000;16587022222;17087022222;10240;10228
1662;16647323000;16545655555;17045655555;10240;10228
1664;16647585000;16586977777;17086977777;10240;10228
1666;16647615000;16586977777;17086977777;10240;10228
1668;16647783000;16586977777;17086977777;10240;10228
1670;16647967000;16586977777;17086977777;10240;10228
1673;16688804000;16587366666;17087366666;10240;10228
1675;16688833000;16628644444;17128644444;10240;10228
1677;16688842000;16628644444;17128644444;10240;10228
1679;16688862000;16628644444;17128644444;10240;10228
1681;16688869000;16628644444;17128644444;10240;10228
1672;16688994000;16587366666;17087366666;10240;10228
1674;16689221000;16587366666;17087366666;10240;10228
1676;16689261000;16628644444;17128644444;10240;10228
1678;16689426000;16628644444;17128644444;10240;10228
1680;16689623000;16628644444;17128644444;10240;10228
1682;16689646000;16628688888;17128688888;10240;10228
1683;16730440000;16628988888;17128988888;10240;10228
1685;16730454000;16628988888;17128988888;10240;10228
1687;16730475000;16670311111;17170311111;10240;10228
1689;16730486000;16670311111;17170311111;10240;10228
1691;16730494000;16670311111;17170311111;10240;10228
1693;16730510000;16670355555;17170355555;10240;10228
1684;16730688000;16628988888;17128988888;10240;10228
1686;16730900000;16670311111;17170311111;10240;10228
1688;16730923000;16670311111;17170311111;10240;10228
1690;16731089000;16670311111;17170311111;10240;10228
1692;16731300000;16670311111;17170311111;10240;10228
1695;16772181000;16670644444;17170644444;10240;10228
1697;16772209000;16711977777;17211977777;10240;10228
1699;16772219000;16711977777;17211977777;10240;10228
1701;16772235000;16711977777;17211977777;10240;10228
1703;16772242000;16711977777;17211977777;10240;10228
1694;16772361000;16670644444;17170644444;10240;10228
1696;16772558000;16670644444;17170644444;10240;10228
1698;16772598000;16711977777;17211977777;10240;10228
1700;16772749000;16711977777;17211977777;10240;10228
1702;16772972000;16711977777;17211977777;10240;10228
1704;16772994000;16712022222;17212022222;10240;10228
1705;16813795000;16712366666;17212366666;10240;10228
1707;16813809000;16712366666;17212366666;10240;10228
1709;16813832000;16753644444;17253644444;10240;10228
1711;16813847000;16753644444;17253644444;10240;10228
1713;16813865000;16753644444;17253644444;10240;10228
1715;16813869000;16753688888;17253688888;10240;10228
1706;16814018000;16712366666;17212366666;10240;10228
1708;16814239000;16753644444;17253644444;10240;10228
1710;16814270000;16753644444;17253644444;10240;10228
1712;16814460000;16753644444;17253644444;10240;10228
1714;16814639000;16753644444;17253644444;10240;10228
1717;16855463000;16753988888;17253988888;10240;10228
1719;16855493000;16795311111;17295311111;10240;10228
1721;16855503000;16795311111;17295311111;10240;10228
1723;16855521000;16795311111;17295311111;10240;10228
1725;16855529000;16795311111;17295311111;10240;10228
1716;16855669000;16753988888;17253988888;10240;10228
1718;16855891000;16753988888;17253988888;10240;10228
1720;16855913000;16795311111;17295311111;10240;10228
1722;16856039000;16795311111;17295311111;10240;10228
1724;16856288000;16795311111;17295311111;10240;10228
1726;16856318000;16795355555;17295355555;10240;10228
1727;16897107000;16795644444;17295644444;10240;10228
1729;16897121000;16795644444;17295644444;10240;10228
1731;16897150000;16836977777;17336977777;10240;10228
1733;16897162000;16836977777;17336977777;10240;10228
1735;16897181000;16836977777;17336977777;10240;10228
1737;16897185000;16837022222;17337022222;10240;10228
1728;16897348000;16795644444;17295644444;10240;10228
1730;16897570000;16836977777;17336977777;10240;10228
1732;16897610000;16836977777;17336977777;10240;10228
1734;16897764000;16836977777;17336977777;10240;10228
1736;16897969000;16836977777;17336977777;10240;10228
1739;16938783000;16837366666;17337366666;10240;10228
1741;16938813000;16878644444;17378644444;10240;10228
1743;16938823000;16878644444;17378644444;10240;10228
1745;16938840000;16878644444;17378644444;10240;10228
1747;16938849000;16878644444;17378644444;10240;10228
1738;16939001000;16837366666;17337366666;10240;10228
1740;16939222000;16837366666;17337366666;10240;10228
1742;16939250000;16878644444;17378644444;10240;10228
1744;16939441000;16878644444;17378644444;10240;10228
1746;16939619000;16878644444;17378644444;10240;10228
1748;16939654000;16878688888;17378688888;10240;10228
1749;16980446000;16879000000;17379000000;10240;10228
1751;16980460000;16879000000;17379000000;10240;10228
1753;16980482000;16920311111;17420311111;10240;10228
1755;16980500000;16920311111;17420311111;10240;10228
1757;16980518000;16920311111;17420311111;10240;10228
1759;16980524000;16920355555;17420355555;10240;10228
1750;16980685000;16879000000;17379000000;10240;10228
1752;16980905000;16920311111;17420311111;10240;10228
1754;16980929000;16920311111;17420311111;10240;10228
1756;16981082000;16920311111;17420311111;10240;10228
1758;16981320000;16920311111;17420311111;10240;10228
1761;17022118000;16920677777;17420677777;10240;10228
1763;17022150000;16961977777;17461977777;10240;10228
1765;17022159000;16961977777;17461977777;10240;10228
1767;17022175000;16961977777;17461977777;10240;10228
1769;17022183000;16961977777;17461977777;10240;10228
1760;17022363000;16920677777;17420677777;10240;10228
1762;17022552000;16920677777;17420677777;10240;10228
1764;17022576000;16961977777;17461977777;10240;10228
1766;17022768000;16961977777;17461977777;10240;10228
1768;17022949000;16961977777;17461977777;10240;10228
1770;17022973000;16962022222;17462022222;10240;10228
1771;17063767000;16962355555;17462355555;10240;10228
1773;17063784000;16962355555;17462355555;10240;10228
1775;17063806000;17003644444;17503644444;10240;10228
1777;17063817000;17003644444;17503644444;10240;10228
1779;17063845000;17003644444;17503644444;10240;10228
1781;17063854000;17003688888;17503688888;10240;10228
1772;17064032000;16962355555;17462355555;10240;10228
1774;17064237000;17003644444;17503644444;10240;10228
1776;17064276000;17003644444;17503644444;10240;10228
1778;17064453000;17003644444;17503644444;10240;10228
1780;17064638000;17003644444;17503644444;10240;10228
1782;17105485000;17003977777;17503977777;10240;10228
1784;17105503000;17003977777;17503977777;10240;10228
1786;17105524000;17045311111;17545311111;10240;10228
1788;17105537000;17045311111;17545311111;10240;10228
1790;17105544000;17045311111;17545311111;10240;10228
1792;17105558000;17045355555;17545355555;10240;10228
1783;17105685000;17003977777;17503977777;10240;10228
1785;17105896000;17045311111;17545311111;10240;10228
1787;17105920000;17045311111;17545311111;10240;10228
1789;17106083000;17045311111;17545311111;10240;10228
1791;17106308000;17045311111;17545311111;10240;10228
1794;17147109000;17045644444;17545644444;10240;10228
1796;17147138000;17086977777;17586977777;10240;10228
1798;17147147000;17086977777;17586977777;10240;10228
1800;17147165000;17086977777;17586977777;10240;10228
1802;17147172000;17086977777;17586977777;10240;10228
1793;17147325000;17045644444;17545644444;10240;10228
1795;17147521000;17045644444;17545644444;10240;10228
1797;17147550000;17086977777;17586977777;10240;10228
1799;17147680000;17086977777;17586977777;10240;10228
1801;17147886000;17086977777;17586977777;10240;10228
1803;17147909000;17087022222;17587022222;10240;10228
1804;17188770000;17087377777;17587377777;10240;10228
1806;17188788000;17087377777;17587377777;10240;10228
1808;17188812000;17128633333;17628633333;10240;10228
1810;17188829000;17128633333;17628633333;10240;10228
1812;17188846000;17128633333;17628633333;10240;10228
1814;17188850000;17128688888;17628688888;10240;10228
1805;17189008000;17087377777;17587377777;10240;10228
1807;17189230000;17128633333;17628633333;10240;10228
1809;17189258000;17128633333;17628633333;10240;10228
1811;17189447000;17128633333;17628633333;10240;10228
1813;17189601000;17128633333;17628633333;10240;10228
1816;17230458000;17129000000;17629000000;10240;10228
1818;17230487000;17170311111;17670311111;10240;10228
1820;17230496000;17170311111;17670311111;10240;10228
1822;17230514000;17170311111;17670311111;10240;10228
1824;17230526000;17170311111;17670311111;10240;10228
1815;17230671000;17129000000;17629000000;10240;10228
1817;17230880000;17129000000;17629000000;10240;10228
1819;17230905000;17170311111;17670311111;10240;10228
1821;17231041000;17170311111;17670311111;10240;10228
1823;17231296000;17170311111;17670311111;10240;10228
1825;17231324000;17170355555;17670355555;10240;10228
1826;17272079000;17170655555;17670655555;10240;10228
1828;17272097000;17170655555;17670655555;10240;10228
1830;17272119000;17211977777;17711977777;10240;10228
1832;17272130000;17211977777;17711977777;10240;10228
1834;17272137000;17211977777;17711977777;10240;10228
1836;17272159000;17212022222;17712022222;10240;10228
1827;17272354000;17170655555;17670655555;10240;10228
1829;17272555000;17211977777;17711977777;10240;10228
1831;17272582000;17211977777;17711977777;10240;10228
1833;17272736000;17211977777;17711977777;10240;10228
1835;17272933000;17211977777;17711977777;10240;10228
1838;17313786000;17212400000;17712400000;10240;10228
1840;17313813000;17253644444;17753644444;10240;10228
1842;17313822000;17253644444;17753644444;10240;10228
1844;17313844000;17253644444;17753644444;10240;10228
1846;17313856000;17253644444;17753644444;10240;10228
1837;17314005000;17212400000;17712400000;10240;10228
1839;17314224000;17212400000;17712400000;10240;10228
1841;17314264000;17253644444;17753644444;10240;10228
1843;17314431000;17253644444;17753644444;10240;10228
1845;17314592000;17253644444;17753644444;10240;10228
1847;17314616000;17253688888;17753688888;10240;10228
1848;17355470000;17253977777;17753977777;10240;10228
1850;17355485000;17253977777;17753977777;10240;10228
1852;17355511000;17295311111;17795311111;10240;10228
1854;17355520000;17295311111;17795311111;10240;10228
1856;17355536000;17295311111;17795311111;10240;10228
1858;17355540000;17295355555;17795355555;10240;10228
1849;17355683000;17253977777;17753977777;10240;10228
1851;17355894000;17295311111;17795311111;10240;10228
1853;17355917000;17295311111;17795311111;10240;10228
1855;17356084000;17295311111;17795311111;10240;10228
1857;17356269000;17295311111;17795311111;10240;10228
1860;17397134000;17295622222;17795622222;10240;10228
1862;17397163000;17336977777;17836977777;10240;10228
1864;17397187000;17336977777;17836977777;10240;10228
1866;17397198000;17336977777;17836977777;10240;10228
1868;17397207000;17336977777;17836977777;10240;10228
1859;17397359000;17295622222;17795622222;10240;10228
1861;17397546000;17295622222;17795622222;10240;10228
1863;17397575000;17336977777;17836977777;10240;10228
1865;17397750000;17336977777;17836977777;10240;10228
1867;17397946000;17336977777;17836977777;10240;10228
1869;17397969000;17337022222;17837022222;10240;10228
1870;17438786000;17337355555;17837355555;10240;10228
1872;17438800000;17337355555;17837355555;10240;10228
1874;17438825000;17378644444;17878644444;10240;10228
1876;17438834000;17378644444;17878644444;10240;10228
1878;17438853000;17378644444;17878644444;10240;10228
1880;17438869000;17378688888;17878688888;10240;10228
1871;17439018000;17337355555;17837355555;10240;10228
1873;17439239000;17378644444;17878644444;10240;10228
1875;17439268000;17378644444;17878644444;10240;10228
1877;17439431000;17378644444;17878644444;10240;10228
1879;17439593000;17378644444;17878644444;10240;10228
1882;17480503000;17378955555;17878955555;10240;10228
1884;17480529000;17420311111;17920311111;10240;10228
1886;17480540000;17420311111;17920311111;10240;10228
1888;17480558000;17420311111;17920311111;10240;10228
1890;17480565000;17420311111;17920311111;10240;10228
1881;17480670000;17378955555;17878955555;10240;10228
1883;17480880000;17378955555;17878955555;10240;10228
1885;17480904000;17420311111;17920311111;10240;10228
1887;17481038000;17420311111;17920311111;10240;10228
1889;17481253000;17420311111;17920311111;10240;10228
1891;17481283000;17420355555;17920355555;10240;10228
1892;17522147000;17420644444;17920644444;10240;10228
1894;17522163000;17420644444;17920644444;10240;10228
1896;17522194000;17461977777;17961977777;10240;10228
1898;17522203000;17461977777;17961977777;10240;10228
1900;17522218000;17461977777;17961977777;10240;10228
1902;17522222000;17462022222;17962022222;10240;10228
1893;17522324000;17420644444;17920644444;10240;10228
1895;17522548000;17461977777;17961977777;10240;10228
1897;17522779000;17461977777;17961977777;10240;10228
1899;17522803000;17461977777;17961977777;10240;10228
1901;17522970000;17461977777;17961977777;10240;10228
1904;17563770000;17462344444;17962344444;10240;10228
1906;17563797000;17503644444;18003644444;10240;10228
1908;17563806000;17503644444;18003644444;10240;10228
1910;17563829000;17503644444;18003644444;10240;10228
1912;17563839000;17503644444;18003644444;10240;10228
1903;17564001000;17462344444;17962344444;10240;10228
1905;17564221000;17462344444;17962344444;10240;10228
1907;17564249000;17503644444;18003644444;10240;10228
1909;17564418000;17503644444;18003644444;10240;10228
1911;17564595000;17503644444;18003644444;10240;10228
1913;17564637000;17503688888;18003688888;10240;10228
1914;17605450000;17503966666;18003966666;10240;10228
1916;17605465000;17503966666;18003966666;10240;10228
1918;17605490000;17545311111;18045311111;10240;10228
1920;17605498000;17545311111;18045311111;10240;10228
1922;17605515000;17545311111;18045311111;10240;10228
1924;17605522000;17545355555;18045355555;10240;10228
1915;17605679000;17503966666;18003966666;10240;10228
1917;17605880000;17545311111;18045311111;10240;10228
1919;17605900000;17545311111;18045311111;10240;10228
1921;17606051000;17545311111;18045311111;10240;10228
1923;17606306000;17545311111;18045311111;10240;10228
1926;17647174000;17545633333;18045633333;10240;10228
1928;17647204000;17586977777;18086977777;10240;10228
1930;17647213000;17586977777;18086977777;10240;10228
1932;17647229000;17586977777;18086977777;10240;10228
1934;17647237000;17586977777;18086977777;10240;10228
1925;17647335000;17545633333;18045633333;10240;10228
1927;17647552000;17545633333;18045633333;10240;10228
1929;17647576000;17586977777;18086977777;10240;10228
1931;17647757000;17586977777;18086977777;10240;10228
1933;17647950000;17586977777;18086977777;10240;10228
1935;17647977000;17587022222;18087022222;10240;10228
1936;17688827000;17587344444;18087344444;10240;10228
1938;17688843000;17587344444;18087344444;10240;10228
1940;17688864000;17628644444;18128644444;10240;10228
1942;17688879000;17628644444;18128644444;10240;10228
1944;17688895000;17628644444;18128644444;10240;10228
1946;17688899000;17628700000;18128700000;10240;10228
1937;17689012000;17587344444;18087344444;10240;10228
1939;17689229000;17628644444;18128644444;10240;10228
1941;17689257000;17628644444;18128644444;10240;10228
1943;17689432000;17628644444;18128644444;10240;10228
1945;17689664000;17628644444;18128644444;10240;10228
1948;17730454000;17628977777;18128977777;10240;10228
1950;17730484000;17670311111;18170311111;10240;10228
1952;17730495000;17670311111;18170311111;10240;10228
1954;17730512000;17670311111;18170311111;10240;10228
1956;17730526000;17670311111;18170311111;10240;10228
1947;17730661000;17628977777;18128977777;10240;10228
1949;17730873000;17628977777;18128977777;10240;10228
1951;17730899000;17670311111;18170311111;10240;10228
1953;17731041000;17670311111;18170311111;10240;10228
1955;17731290000;17670311111;18170311111;10240;10228
1957;17731315000;17670355555;18170355555;10240;10228
1958;17772115000;17670622222;18170622222;10240;10228
1960;17772132000;17670622222;18170622222;10240;10228
1962;17772143000;17711977777;18211977777;10240;10228
1964;17772164000;17711977777;18211977777;10240;10228
1966;17772171000;17711977777;18211977777;10240;10228
1968;17772177000;17712022222;18212022222;10240;10228
1959;17772352000;17670622222;18170622222;10240;10228
1961;17772565000;17711977777;18211977777;10240;10228
1963;17772589000;17711977777;18211977777;10240;10228
1965;17772768000;17711977777;18211977777;10240;10228
1967;17772963000;17711977777;18211977777;10240;10228
1970;17813838000;17712344444;18212344444;10240;10228
1972;17813867000;17753644444;18253644444;10240;10228
1974;17813877000;17753644444;18253644444;10240;10228
1976;17813895000;17753644444;18253644444;10240;10228
1978;17813902000;17753644444;18253644444;10240;10228
1969;17813995000;17712344444;18212344444;10240;10228
1971;17814213000;17712344444;18212344444;10240;10228
1973;17814240000;17753644444;18253644444;10240;10228
1975;17814417000;17753644444;18253644444;10240;10228
1977;17814622000;17753644444;18253644444;10240;10228
1979;17814655000;17753688888;18253688888;10240;10228
1980;17855436000;17753966666;18253966666;10240;10228
1982;17855452000;17753966666;18253966666;10240;10228
1984;17855464000;17795311111;18295311111;10240;10228
1986;17855482000;17795311111;18295311111;10240;10228
1988;17855493000;17795311111;18295311111;10240;10228
1990;17855502000;17795355555;18295355555;10240;10228
1981;17855675000;17753966666;18253966666;10240;10228
1983;17855890000;17795311111;18295311111;10240;10228
1985;17855915000;17795311111;18295311111;10240;10228
1987;17856076000;17795311111;18295311111;10240;10228
1989;17856287000;17795311111;18295311111;10240;10228
1992;17897119000;17795622222;18295622222;10240;10228
1994;17897137000;17836977777;18336977777;10240;10228
1996;17897155000;17836977777;18336977777;10240;10228
1998;17897168000;17836977777;18336977777;10240;10228
2000;17897177000;17836977777;18336977777;10240;10228
1991;17897360000;17795622222;18295622222;10240;10228
1993;17897548000;17795622222;18295622222;10240;10228
1995;17897587000;17836977777;18336977777;10240;10228
1997;17897750000;17836977777;18336977777;10240;10228
1999;17897955000;17836977777;18336977777;10240;10228
2001;17897978000;17837022222;18337022222;10240;10228
2002;17938799000;17837355555;18337355555;10240;10228
2004;17938815000;17837355555;18337355555;10240;10228
2006;17938841000;17878644444;18378644444;10240;10228
2008;17938850000;17878644444;18378644444;10240;10228
2010;17938867000;17878644444;18378644444;10240;10228
2012;17938872000;17878688888;18378688888;10240;10228
2003;17939005000;17837355555;18337355555;10240;10228
2005;17939223000;17878644444;18378644444;10240;10228
2007;17939442000;17878644444;18378644444;10240;10228
2009;17939481000;17878644444;18378644444;10240;10228
2011;17939622000;17878644444;18378644444;10240;10228
2014;17980463000;17878977777;18378977777;10240;10228
2016;17980479000;17920311111;18420311111;10240;10228
2018;17980500000;17920311111;18420311111;10240;10228
2020;17980507000;17920311111;18420311111;10240;10228
2022;17980514000;17920311111;18420311111;10240;10228
2013;17980670000;17878977777;18378977777;10240;10228
2015;17980892000;17878977777;18378977777;10240;10228
2017;17980915000;17920311111;18420311111;10240;10228
2019;17981041000;17920311111;18420311111;10240;10228
2021;17981292000;17920311111;18420311111;10240;10228
2023;17981319000;17920355555;18420355555;10240;10228
2024;18022078000;17920655555;18420655555;10240;10228
2026;18022099000;17920655555;18420655555;10240;10228
2028;18022128000;17961977777;18461977777;10240;10228
2030;18022138000;17961977777;18461977777;10240;10228
2032;18022158000;17961977777;18461977777;10240;10228
2034;18022165000;17962022222;18462022222;10240;10228
2025;18022352000;17920655555;18420655555;10240;10228
2027;18022550000;17961977777;18461977777;10240;10228
2029;18022579000;17961977777;18461977777;10240;10228
2031;18022743000;17961977777;18461977777;10240;10228
2033;18022947000;17961977777;18461977777;10240;10228
2036;18063811000;17962333333;18462333333;10240;10228
2038;18063839000;18003644444;18503644444;10240;10228
2040;18063849000;18003644444;18503644444;10240;10228
2042;18063866000;18003644444;18503644444;10240;10228
2044;18063874000;18003644444;18503644444;10240;10228
2035;18063989000;17962333333;18462333333;10240;10228
2037;18064226000;17962333333;18462333333;10240;10228
2039;18064254000;18003644444;18503644444;10240;10228
2041;18064408000;18003644444;18503644444;10240;10228
2043;18064605000;18003644444;18503644444;10240;10228
2045;18064630000;18003688888;18503688888;10240;10228
2046;18105491000;18003955555;18503955555;10240;10228
2048;18105505000;18003955555;18503955555;10240;10228
2050;18105527000;18045311111;18545311111;10240;10228
2052;18105543000;18045311111;18545311111;10240;10228
2054;18105563000;18045311111;18545311111;10240;10228
2056;18105567000;18045355555;18545355555;10240;10228
2047;18105685000;18003955555;18503955555;10240;10228
2049;18105942000;18045311111;18545311111;10240;10228
2051;18105968000;18045311111;18545311111;10240;10228
2053;18106090000;18045311111;18545311111;10240;10228
2055;18106295000;18045311111;18545311111;10240;10228
2058;18147116000;18045622222;18545622222;10240;10228
2060;18147149000;18086977777;18586977777;10240;10228
2062;18147169000;18086977777;18586977777;10240;10228
2064;18147177000;18086977777;18586977777;10240;10228
2066;18147185000;18086977777;18586977777;10240;10228
2057;18147360000;18045622222;18545622222;10240;10228
2059;18147557000;18045622222;18545622222;10240;10228
2061;18147585000;18086977777;18586977777;10240;10228
2063;18147748000;18086977777;18586977777;10240;10228
2065;18147967000;18086977777;18586977777;10240;10228
2067;18147992000;18087022222;18587022222;10240;10228
2068;18188784000;18087355555;18587355555;10240;10228
2070;18188802000;18087355555;18587355555;10240;10228
2072;18188824000;18128644444;18628644444;10240;10228
2074;18188835000;18128644444;18628644444;10240;10228
2076;18188841000;18128644444;18628644444;10240;10228
2078;18188856000;18128688888;18628688888;10240;10228
2069;18189020000;18087355555;18587355555;10240;10228
2071;18189238000;18128644444;18628644444;10240;10228
2073;18189279000;18128644444;18628644444;10240;10228
2075;18189440000;18128644444;18628644444;10240;10228
2077;18189689000;18128644444;18628644444;10240;10228
2080;18230502000;18128977777;18628977777;10240;10228
2082;18230531000;18170311111;18670311111;10240;10228
2084;18230541000;18170311111;18670311111;10240;10228
2086;18230558000;18170311111;18670311111;10240;10228
2088;18230565000;18170311111;18670311111;10240;10228
2079;18230670000;18128977777;18628977777;10240;10228
2081;18230881000;18128977777;18628977777;10240;10228
2083;18230904000;18170311111;18670311111;10240;10228
2085;18231061000;18170311111;18670311111;10240;10228
2087;18231298000;18170311111;18670311111;10240;10228
2089;18231337000;18170355555;18670355555;10240;10228
2090;18272165000;18170644444;18670644444;10240;10228
2092;18272181000;18170644444;18670644444;10240;10228
2094;18272202000;18211977777;18711977777;10240;10228
2096;18272215000;18211977777;18711977777;10240;10228
2098;18272223000;18211977777;18711977777;10240;10228
2100;18272242000;18212022222;18712022222;10240;10228
2091;18272349000;18170644444;18670644444;10240;10228
2093;18272571000;18211977777;18711977777;10240;10228
2095;18272601000;18211977777;18711977777;10240;10228
2097;18272752000;18211977777;18711977777;10240;10228
2099;18272974000;18211977777;18711977777;10240;10228
2102;18313782000;18212355555;18712355555;10240;10228
2104;18313811000;18253644444;18753644444;10240;10228
2106;18313819000;18253644444;18753644444;10240;10228
2108;18313842000;18253644444;18753644444;10240;10228
2110;18313851000;18253644444;18753644444;10240;10228
2101;18314003000;18212355555;18712355555;10240;10228
2103;18314231000;18212355555;18712355555;10240;10228
2105;18314260000;18253644444;18753644444;10240;10228
2107;18314425000;18253644444;18753644444;10240;10228
2109;18314618000;18253644444;18753644444;10240;10228
2111;18314644000;18253688888;18753688888;10240;10228
2112;18355454000;18254000000;18754000000;10240;10228
2114;18355473000;18254000000;18754000000;10240;10228
2116;18355495000;18295311111;18795311111;10240;10228
2118;18355507000;18295311111;18795311111;10240;10228
2120;18355515000;18295311111;18795311111;10240;10228
2122;18355533000;18295355555;18795355555;10240;10228
2113;18355652000;18254000000;18754000000;10240;10228
2115;18355897000;18295311111;18795311111;10240;10228
2117;18355921000;18295311111;18795311111;10240;10228
2119;18356082000;18295311111;18795311111;10240;10228
2121;18356326000;18295311111;18795311111;10240;10228
2124;18397155000;18295644444;18795644444;10240;10228
2126;18397184000;18336977777;18836977777;10240;10228
2128;18397193000;18336977777;18836977777;10240;10228
2130;18397216000;18336977777;18836977777;10240;10228
2132;18397224000;18336977777;18836977777;10240;10228
2123;18397344000;18295644444;18795644444;10240;10228
2125;18397552000;18295644444;18795644444;10240;10228
2127;18397591000;18336977777;18836977777;10240;10228
2129;18397748000;18336977777;18836977777;10240;10228
2131;18397953000;18336977777;18836977777;10240;10228
2133;18397976000;18337022222;18837022222;10240;10228
2134;18438780000;18337377777;18837377777;10240;10228
2136;18438797000;18337377777;18837377777;10240;10228
2138;18438819000;18378644444;18878644444;10240;10228
2140;18438838000;18378644444;18878644444;10240;10228
2142;18438854000;18378644444;18878644444;10240;10228
2144;18438859000;18378688888;18878688888;10240;10228
2135;18439016000;18337377777;18837377777;10240;10228
2137;18439238000;18378644444;18878644444;10240;10228
2139;18439266000;18378644444;18878644444;10240;10228
2141;18439439000;18378644444;18878644444;10240;10228
2143;18439625000;18378644444;18878644444;10240;10228
2146;18480453000;18378988888;18878988888;10240;10228
2148;18480482000;18420311111;18920311111;10240;10228
2150;18480492000;18420311111;18920311111;10240;10228
2152;18480509000;18420311111;18920311111;10240;10228
2154;18480525000;18420311111;18920311111;10240;10228
2145;18480660000;18378988888;18878988888;10240;10228
2147;18480880000;18378988888;18878988888;10240;10228
2149;18480904000;18420311111;18920311111;10240;10228
2151;18481059000;18420311111;18920311111;10240;10228
2153;18481302000;18420311111;18920311111;10240;10228
2155;18481329000;18420366666;18920366666;10240;10228
2156;18522113000;18420677777;18920677777;10240;10228
2158;18522127000;18420677777;18920677777;10240;10228
2160;18522156000;18461977777;18961977777;10240;10228
2162;18522167000;18461977777;18961977777;10240;10228
2164;18522183000;18461977777;18961977777;10240;10228
2166;18522190000;18462022222;18962022222;10240;10228
2157;18522374000;18420677777;18920677777;10240;10228
2159;18522602000;18461977777;18961977777;10240;10228
2161;18522630000;18461977777;18961977777;10240;10228
2163;18522766000;18461977777;18961977777;10240;10228
2165;18522981000;18461977777;18961977777;10240;10228
2168;18563801000;18462377777;18962377777;10240;10228
2170;18563828000;18503644444;19003644444;10240;10228
2172;18563842000;18503644444;19003644444;10240;10228
2174;18563859000;18503644444;19003644444;10240;10228
2176;18563867000;18503644444;19003644444;10240;10228
2167;18564000000;18462377777;18962377777;10240;10228
2169;18564220000;18462377777;18962377777;10240;10228
2171;18564249000;18503644444;19003644444;10240;10228
2173;18564434000;18503644444;19003644444;10240;10228
2175;18564605000;18503644444;19003644444;10240;10228
2177;18564633000;18503688888;19003688888;10240;10228
2178;18605415000;18504000000;19004000000;10240;10228
2180;18605430000;18504000000;19004000000;10240;10228
2182;18605453000;18545311111;19045311111;10240;10228
2184;18605469000;18545311111;19045311111;10240;10228
2186;18605486000;18545311111;19045311111;10240;10228
2188;18605493000;18545355555;19045355555;10240;10228
2179;18605659000;18504000000;19004000000;10240;10228
2181;18605880000;18545311111;19045311111;10240;10228
2183;18605899000;18545311111;19045311111;10240;10228
2185;18606058000;18545311111;19045311111;10240;10228
2187;18606303000;18545311111;19045311111;10240;10228
2190;18647182000;18545655555;19045655555;10240;10228
2192;18647209000;18586977777;19086977777;10240;10228
2194;18647220000;18586977777;19086977777;10240;10228
2196;18647237000;18586977777;19086977777;10240;10228
2198;18647245000;18586977777;19086977777;10240;10228
2189;18647344000;18545655555;19045655555;10240;10228
2191;18647535000;18545655555;19045655555;10240;10228
2193;18647738000;18586977777;19086977777;10240;10228
2195;18647773000;18586977777;19086977777;10240;10228
2197;18647976000;18586977777;19086977777;10240;10228
2199;18648002000;18587022222;19087022222;10240;10228
2200;18688824000;18587377777;19087377777;10240;10228
2202;18688838000;18587377777;19087377777;10240;10228
2204;18688868000;18628644444;19128644444;10240;10228
2206;18688878000;18628644444;19128644444;10240;10228
2208;18688893000;18628644444;19128644444;10240;10228
2210;18688897000;18628688888;19128688888;10240;10228
2201;18689012000;18587377777;19087377777;10240;10228
2203;18689229000;18628644444;19128644444;10240;10228
2205;18689257000;18628644444;19128644444;10240;10228
2207;18689432000;18628644444;19128644444;10240;10228
2209;18689640000;18628644444;19128644444;10240;10228
2212;18730452000;18628988888;19128988888;10240;10228
2214;18730486000;18670311111;19170311111;10240;10228
2216;18730507000;18670311111;19170311111;10240;10228
2218;18730516000;18670311111;19170311111;10240;10228
2220;18730523000;18670311111;19170311111;10240;10228
2211;18730658000;18628988888;19128988888;10240;10228
2213;18730876000;18628988888;19128988888;10240;10228
2215;18731090000;18670311111;19170311111;10240;10228
2217;18731118000;18670311111;19170311111;10240;10228
2219;18731272000;18670311111;19170311111;10240;10228
2221;18731300000;18670355555;19170355555;10240;10228
2222;18772096000;18670655555;19170655555;10240;10228
2224;18772111000;18670655555;19170655555;10240;10228
2226;18772123000;18711977777;19211977777;10240;10228
2228;18772153000;18711977777;19211977777;10240;10228
2230;18772166000;18711977777;19211977777;10240;10228
2232;18772173000;18712022222;19212022222;10240;10228
2223;18772331000;18670655555;19170655555;10240;10228
2225;18772537000;18711977777;19211977777;10240;10228
2227;18772564000;18711977777;19211977777;10240;10228
2229;18772744000;18711977777;19211977777;10240;10228
2231;18772940000;18711977777;19211977777;10240;10228
2234;18813808000;18712366666;19212366666;10240;10228
2236;18813838000;18753644444;19253644444;10240;10228
2238;18813847000;18753644444;19253644444;10240;10228
2240;18813866000;18753644444;19253644444;10240;10228
2242;18813873000;18753644444;19253644444;10240;10228
2233;18813961000;18712366666;19212366666;10240;10228
2235;18814190000;18712366666;19212366666;10240;10228
2237;18814214000;18753644444;19253644444;10240;10228
2239;18814386000;18753644444;19253644444;10240;10228
2241;18814578000;18753644444;19253644444;10240;10228
2243;18814614000;18753688888;19253688888;10240;10228
2244;18855437000;18754000000;19254000000;10240;10228
2246;18855460000;18754000000;19254000000;10240;10228
2248;18855474000;18795311111;19295311111;10240;10228
2250;18855495000;18795311111;19295311111;10240;10228
2252;18855503000;18795311111;19295311111;10240;10228
2254;18855511000;18795355555;19295355555;10240;10228
2245;18855674000;18754000000;19254000000;10240;10228
2247;18855878000;18795311111;19295311111;10240;10228
2249;18856102000;18795311111;19295311111;10240;10228
2251;18856126000;18795311111;19295311111;10240;10228
2253;18856305000;18795311111;19295311111;10240;10228
2256;18897116000;18795644444;19295644444;10240;10228
2258;18897136000;18836977777;19336977777;10240;10228
2260;18897154000;18836977777;19336977777;10240;10228
2262;18897162000;18836977777;19336977777;10240;10228
2264;18897175000;18836977777;19336977777;10240;10228
2255;18897339000;18795644444;19295644444;10240;10228
2257;18897548000;18795644444;19295644444;10240;10228
2259;18897595000;18836977777;19336977777;10240;10228
2261;18897755000;18836977777;19336977777;10240;10228
2263;18897949000;18836977777;19336977777;10240;10228
2265;18897976000;18837022222;19337022222;10240;10228
2266;18938801000;18837388888;19337388888;10240;10228
2268;18938827000;18837388888;19337388888;10240;10228
2270;18938853000;18878644444;19378644444;10240;10228
2272;18938863000;18878644444;19378644444;10240;10228
2274;18938879000;18878644444;19378644444;10240;10228
2276;18938886000;18878688888;19378688888;10240;10228
2267;18939009000;18837388888;19337388888;10240;10228
2269;18939229000;18878644444;19378644444;10240;10228
2271;18939255000;18878644444;19378644444;10240;10228
2273;18939431000;18878644444;19378644444;10240;10228
2275;18939620000;18878644444;19378644444;10240;10228
2278;18980434000;18879000000;19379000000;10240;10228
2280;18980462000;18920311111;19420311111;10240;10228
2282;18980472000;18920311111;19420311111;10240;10228
2284;18980489000;18920311111;19420311111;10240;10228
2286;18980496000;18920311111;19420311111;10240;10228
2277;18980635000;18879000000;19379000000;10240;10228
2279;18980837000;18879000000;19379000000;10240;10228
2281;18980862000;18920311111;19420311111;10240;10228
2283;18981032000;18920311111;19420311111;10240;10228
2285;18981238000;18920311111;19420311111;10240;10228
2287;18981263000;18920355555;19420355555;10240;10228
2288;19022132000;18920677777;19420677777;10240;10228
2290;19022147000;18920677777;19420677777;10240;10228
2292;19022168000;18961966666;19461966666;10240;10228
2294;19022181000;18961966666;19461966666;10240;10228
2296;19022188000;18961966666;19461966666;10240;10228
2298;19022205000;18962022222;19462022222;10240;10228
2289;19022341000;18920677777;19420677777;10240;10228
2291;19022557000;18961966666;19461966666;10240;10228
2293;19022583000;18961966666;19461966666;10240;10228
2295;19022760000;18961966666;19461966666;10240;10228
2297;19022955000;18961966666;19461966666;10240;10228
2300;19063812000;18962366666;19462366666;10240;10228
2302;19063840000;19003644444;19503644444;10240;10228
2304;19063850000;19003644444;19503644444;10240;10228
2306;19063867000;19003644444;19503644444;10240;10228
2308;19063875000;19003644444;19503644444;10240;10228
2299;19063989000;18962366666;19462366666;10240;10228
2301;19064216000;18962366666;19462366666;10240;10228
2303;19064242000;19003644444;19503644444;10240;10228
2305;19064419000;19003644444;19503644444;10240;10228
2307;19064602000;19003644444;19503644444;10240;10228
2309;19064637000;19003688888;19503688888;10240;10228
2310;19105434000;19003988888;19503988888;10240;10228
2312;19105448000;19003988888;19503988888;10240;10228
2314;19105469000;19045311111;19545311111;10240;10228
2316;19105480000;19045311111;19545311111;10240;10228
2318;19105504000;19045311111;19545311111;10240;10228
2320;19105512000;19045355555;19545355555;10240;10228
2311;19105686000;19003988888;19503988888;10240;10228
2313;19105893000;19045311111;19545311111;10240;10228
2315;19105919000;19045311111;19545311111;10240;10228
2317;19106089000;19045311111;19545311111;10240;10228
2319;19106305000;19045311111;19545311111;10240;10228
2322;19147186000;19045644444;19545644444;10240;10228
2324;19147214000;19086977777;19586977777;10240;10228
2326;19147224000;19086977777;19586977777;10240;10228
2328;19147241000;19086977777;19586977777;10240;10228
2330;19147248000;19086977777;19586977777;10240;10228
2321;19147351000;19045644444;19545644444;10240;10228
2323;19147546000;19045644444;19545644444;10240;10228
2325;19147587000;19086977777;19586977777;10240;10228
2327;19147741000;19086977777;19586977777;10240;10228
2329;19147983000;19086977777;19586977777;10240;10228
2331;19148005000;19087022222;19587022222;10240;10228
2332;19188767000;19087377777;19587377777;10240;10228
2334;19188782000;19087377777;19587377777;10240;10228
2336;19188803000;19128644444;19628644444;10240;10228
2338;19188818000;19128644444;19628644444;10240;10228
2340;19188846000;19128644444;19628644444;10240;10228
2342;19188855000;19128688888;19628688888;10240;10228
2333;19189017000;19087377777;19587377777;10240;10228
2335;19189193000;19128644444;19628644444;10240;10228
2337;19189387000;19128644444;19628644444;10240;10228
2339;19189421000;19128644444;19628644444;10240;10228
2341;19189636000;19128644444;19628644444;10240;10228
2344;19230516000;19129000000;19629000000;10240;10228
2346;19230553000;19170311111;19670311111;10240;10228
2348;19230571000;19170311111;19670311111;10240;10228
2350;19230588000;19170311111;19670311111;10240;10228
2352;19230594000;19170311111;19670311111;10240;10228
2343;19230644000;19129000000;19629000000;10240;10228
2345;19230879000;19129000000;19629000000;10240;10228
2347;19230902000;19170311111;19670311111;10240;10228
2349;19231037000;19170311111;19670311111;10240;10228
2351;19231295000;19170311111;19670311111;10240;10228
2353;19231323000;19170355555;19670355555;10240;10228
2354;19272167000;19170666666;19670666666;10240;10228
2356;19272183000;19170666666;19670666666;10240;10228
2358;19272206000;19211977777;19711977777;10240;10228
2360;19272223000;19211977777;19711977777;10240;10228
2362;19272238000;19211977777;19711977777;10240;10228
2364;19272242000;19212022222;19712022222;10240;10228
2355;19272352000;19170666666;19670666666;10240;10228
2357;19272553000;19211977777;19711977777;10240;10228
2359;19272770000;19211977777;19711977777;10240;10228
2361;19272795000;19211977777;19711977777;10240;10228
2363;19272973000;19211977777;19711977777;10240;10228
2366;19313800000;19212377777;19712377777;10240;10228
2368;19313827000;19253644444;19753644444;10240;10228
2370;19313837000;19253644444;19753644444;10240;10228
2372;19313856000;19253644444;19753644444;10240;10228
2374;19313864000;19253644444;19753644444;10240;10228
2365;19314002000;19212377777;19712377777;10240;10228
2367;19314224000;19212377777;19712377777;10240;10228
2369;19314252000;19253644444;19753644444;10240;10228
2371;19314443000;19253644444;19753644444;10240;10228
2373;19314604000;19253644444;19753644444;10240;10228
2375;19314629000;19253688888;19753688888;10240;10228
2376;19355466000;19253988888;19753988888;10240;10228
2378;19355482000;19253988888;19753988888;10240;10228
2380;19355495000;19295311111;19795311111;10240;10228
2382;19355512000;19295311111;19795311111;10240;10228
2384;19355520000;19295311111;19795311111;10240;10228
2386;19355526000;19295355555;19795355555;10240;10228
2377;19355685000;19253988888;19753988888;10240;10228
2379;19355892000;19295311111;19795311111;10240;10228
2381;19355917000;19295311111;19795311111;10240;10228
2383;19356084000;19295311111;19795311111;10240;10228
2385;19356297000;19295311111;19795311111;10240;10228
2388;19397113000;19295633333;19795633333;10240;10228
2390;19397143000;19336977777;19836977777;10240;10228
2392;19397152000;19336977777;19836977777;10240;10228
2394;19397169000;19336977777;19836977777;10240;10228
2396;19397184000;19336977777;19836977777;10240;10228
2387;19397358000;19295633333;19795633333;10240;10228
2389;19397558000;19295633333;19795633333;10240;10228
2391;19397585000;19336977777;19836977777;10240;10228
2393;19397750000;19336977777;19836977777;10240;10228
2395;19397965000;19336977777;19836977777;10240;10228
2397;19397987000;19337022222;19837022222;10240;10228
2398;19438805000;19337366666;19837366666;10240;10228
2400;19438822000;19337366666;19837366666;10240;10228
2402;19438843000;19378644444;19878644444;10240;10228
2404;19438856000;19378644444;19878644444;10240;10228
2406;19438873000;19378644444;19878644444;10240;10228
2408;19438877000;19378688888;19878688888;10240;10228
2399;19439017000;19337366666;19837366666;10240;10228
2401;19439237000;19378644444;19878644444;10240;10228
2403;19439268000;19378644444;19878644444;10240;10228
2405;19439456000;19378644444;19878644444;10240;10228
2407;19439648000;19378644444;19878644444;10240;10228
2410;19480476000;19378977777;19878977777;10240;10228
2412;19480507000;19420311111;19920311111;10240;10228
2414;19480517000;19420311111;19920311111;10240;10228
2416;19480534000;19420311111;19920311111;10240;10228
2418;19480541000;19420311111;19920311111;10240;10228
2409;19480657000;19378977777;19878977777;10240;10228
2411;19480880000;19378977777;19878977777;10240;10228
2413;19480914000;19420311111;19920311111;10240;10228
2415;19481059000;19420311111;19920311111;10240;10228
2417;19481281000;19420311111;19920311111;10240;10228
2419;19481311000;19420355555;19920355555;10240;10228
2420;19522154000;19420655555;19920655555;10240;10228
2422;19522170000;19420655555;19920655555;10240;10228
2424;19522191000;19461977777;19961977777;10240;10228
2426;19522203000;19461977777;19961977777;10240;10228
2428;19522210000;19461977777;19961977777;10240;10228
2430;19522226000;19462022222;19962022222;10240;10228
2421;19522373000;19420655555;19920655555;10240;10228
2423;19522573000;19461977777;19961977777;10240;10228
2425;19522613000;19461977777;19961977777;10240;10228
2427;19522763000;19461977777;19961977777;10240;10228
2429;19522949000;19461977777;19961977777;10240;10228
2432;19563781000;19462366666;19962366666;10240;10228
2434;19563810000;19503644444;20003644444;10240;10228
2436;19563818000;19503644444;20003644444;10240;10228
2438;19563842000;19503644444;20003644444;10240;10228
2440;19563850000;19503644444;20003644444;10240;10228
2431;19564017000;19462366666;19962366666;10240;10228
2433;19564260000;19462366666;19962366666;10240;10228
2435;19564300000;19503644444;20003644444;10240;10228
2437;19564476000;19503644444;20003644444;10240;10228
2439;19564658000;19503644444;20003644444;10240;10228
2441;19564683000;19503688888;20003688888;10240;10228
2442;19605447000;19503988888;20003988888;10240;10228
2444;19605468000;19503988888;20003988888;10240;10228
2446;19605490000;19545311111;20045311111;10240;10228
2448;19605508000;19545311111;20045311111;10240;10228
2450;19605523000;19545311111;20045311111;10240;10228
2452;19605528000;19545355555;20045355555;10240;10228
2443;19605682000;19503988888;20003988888;10240;10228
2445;19605893000;19545311111;20045311111;10240;10228
2447;19605916000;19545311111;20045311111;10240;10228
2449;19606084000;19545311111;20045311111;10240;10228
2451;19606301000;19545311111;20045311111;10240;10228
2454;19647168000;19545644444;20045644444;10240;10228
2456;19647196000;19586977777;20086977777;10240;10228
2458;19647205000;19586977777;20086977777;10240;10228
2460;19647222000;19586977777;20086977777;10240;10228
2462;19647229000;19586977777;20086977777;10240;10228
2453;19647340000;19545644444;20045644444;10240;10228
2455;19647552000;19545644444;20045644444;10240;10228
2457;19647591000;19586977777;20086977777;10240;10228
2459;19647747000;19586977777;20086977777;10240;10228
2461;19647954000;19586977777;20086977777;10240;10228
2463;19647976000;19587022222;20087022222;10240;10228
2464;19688790000;19587366666;20087366666;10240;10228
2466;19688804000;19587366666;20087366666;10240;10228
2468;19688827000;19628644444;20128644444;10240;10228
2470;19688842000;19628644444;20128644444;10240;10228
2472;19688847000;19628644444;20128644444;10240;10228
2474;19688860000;19628700000;20128700000;10240;10228
2465;19689010000;19587366666;20087366666;10240;10228
2467;19689241000;19628644444;20128644444;10240;10228
2469;19689269000;19628644444;20128644444;10240;10228
2471;19689460000;19628644444;20128644444;10240;10228
2473;19689650000;19628644444;20128644444;10240;10228
2476;19730452000;19629000000;20129000000;10240;10228
2478;19730481000;19670311111;20170311111;10240;10228
2480;19730492000;19670311111;20170311111;10240;10228
2482;19730508000;19670311111;20170311111;10240;10228
2484;19730515000;19670311111;20170311111;10240;10228
2475;19730656000;19629000000;20129000000;10240;10228
2477;19730876000;19629000000;20129000000;10240;10228
2479;19730900000;19670311111;20170311111;10240;10228
2481;19731039000;19670311111;20170311111;10240;10228
2483;19731280000;19670311111;20170311111;10240;10228
2485;19731309000;19670355555;20170355555;10240;10228
2488;19772139000;19670644444;20170644444;10240;10228
2490;19772166000;19711977777;20211977777;10240;10228
2492;19772176000;19711977777;20211977777;10240;10228
2494;19772193000;19711977777;20211977777;10240;10228
2496;19772202000;19712022222;20212022222;10240;10228
2487;19772354000;19670644444;20170644444;10240;10228
2489;19772591000;19711977777;20211977777;10240;10228
2491;19772605000;19711977777;20211977777;10240;10228
2493;19772773000;19711977777;20211977777;10240;10228
2495;19772982000;19711977777;20211977777;10240;10228
2498;19813833000;19712366666;20212366666;10240;10228
2500;19813850000;19753644444;20253644444;10240;10228
2502;19813862000;19753644444;20253644444;10240;10228
2504;19813871000;19753644444;20253644444;10240;10228
2506;19813878000;19753644444;20253644444;10240;10228
2497;19814001000;19712366666;20212366666;10240;10228
2499;19814221000;19712366666;20212366666;10240;10228
2501;19814236000;19753644444;20253644444;10240;10228
2503;19814425000;19753644444;20253644444;10240;10228
2505;19814587000;19753644444;20253644444;10240;10228
2507;19814597000;19753688888;20253688888;10240;10228
2508;19855440000;19753988888;20253988888;10240;10228
2510;19855457000;19753988888;20253988888;10240;10228
2512;19855467000;19795311111;20295311111;10240;10228
2514;19855481000;19795311111;20295311111;10240;10228
2516;19855489000;19795311111;20295311111;10240;10228
2518;19855502000;19795355555;20295355555;10240;10228
2509;19855669000;19753988888;20253988888;10240;10228
2511;19855874000;19795311111;20295311111;10240;10228
2513;19856094000;19795311111;20295311111;10240;10228
2515;19856105000;19795311111;20295311111;10240;10228
2517;19856300000;19795311111;20295311111;10240;10228
2486;19892679000;19670644444;20170644444;10240;10228
2520;19897107000;19795633333;20295633333;10240;10228
2522;19897136000;19836977777;20336977777;10240;10228
2524;19897148000;19836977777;20336977777;10240;10228
2526;19897164000;19836977777;20336977777;10240;10228
2528;19897178000;19836977777;20336977777;10240;10228
2519;19897343000;19795633333;20295633333;10240;10228
2521;19897556000;19795633333;20295633333;10240;10228
2523;19897584000;19836977777;20336977777;10240;10228
2525;19897747000;19836977777;20336977777;10240;10228
2527;19897990000;19836977777;20336977777;10240;10228
2529;19898014000;19837022222;20337022222;10240;10228
2530;19938765000;19837355555;20337355555;10240;10228
2532;19938780000;19837355555;20337355555;10240;10228
2534;19938802000;19878644444;20378644444;10240;10228
2536;19938819000;19878644444;20378644444;10240;10228
2538;19938841000;19878644444;20378644444;10240;10228
2540;19938849000;19878700000;20378700000;10240;10228
2531;19939020000;19837355555;20337355555;10240;10228
2533;19939239000;19878644444;20378644444;10240;10228
2535;19939279000;19878644444;20378644444;10240;10228
2537;19939441000;19878644444;20378644444;10240;10228
2539;19939642000;19878644444;20378644444;10240;10228
2542;19980504000;19879000000;20379000000;10240;10228
2544;19980534000;19920311111;20420311111;10240;10228
2546;19980544000;19920311111;20420311111;10240;10228
2548;19980560000;19920311111;20420311111;10240;10228
2550;19980567000;19920311111;20420311111;10240;10228
2541;19980666000;19879000000;20379000000;10240;10228
2543;19980881000;19879000000;20379000000;10240;10228
2545;19980904000;19920311111;20420311111;10240;10228
2547;19981085000;19920311111;20420311111;10240;10228
2549;19981299000;19920311111;20420311111;10240;10228
2551;19981339000;19920355555;20420355555;10240;10228
2552;20022134000;19920677777;20420677777;10240;10228
2554;20022150000;19920677777;20420677777;10240;10228
2556;20022171000;19961977777;20461977777;10240;10228
2558;20022183000;19961977777;20461977777;10240;10228
2560;20022191000;19961977777;20461977777;10240;10228
2562;20022206000;19962022222;20462022222;10240;10228
2553;20022362000;19920677777;20420677777;10240;10228
2555;20022558000;19961977777;20461977777;10240;10228
2557;20022599000;19961977777;20461977777;10240;10228
2559;20022719000;19961977777;20461977777;10240;10228
2561;20022970000;19961977777;20461977777;10240;10228
2564;20063780000;19962355555;20462355555;10240;10228
2566;20063808000;20003644444;20503644444;10240;10228
2568;20063818000;20003644444;20503644444;10240;10228
2570;20063841000;20003644444;20503644444;10240;10228
2572;20063849000;20003644444;20503644444;10240;10228
2563;20064013000;19962355555;20462355555;10240;10228
2565;20064232000;19962355555;20462355555;10240;10228
2567;20064270000;20003644444;20503644444;10240;10228
2569;20064446000;20003644444;20503644444;10240;10228
2571;20064595000;20003644444;20503644444;10240;10228
2573;20064621000;20003688888;20503688888;10240;10228
2574;20105450000;20003977777;20503977777;10240;10228
2576;20105468000;20003977777;20503977777;10240;10228
2578;20105490000;20045311111;20545311111;10240;10228
2580;20105507000;20045311111;20545311111;10240;10228
2582;20105525000;20045311111;20545311111;10240;10228
2584;20105531000;20045366666;20545366666;10240;10228
2575;20105684000;20003977777;20503977777;10240;10228
2577;20105909000;20045311111;20545311111;10240;10228
2579;20105932000;20045311111;20545311111;10240;10228
2581;20106084000;20045311111;20545311111;10240;10228
2583;20106287000;20045311111;20545311111;10240;10228
2586;20147167000;20045655555;20545655555;10240;10228
2588;20147201000;20086977777;20586977777;10240;10228
2590;20147220000;20086977777;20586977777;10240;10228
2592;20147231000;20086977777;20586977777;10240;10228
2594;20147237000;20086977777;20586977777;10240;10228
2585;20147360000;20045655555;20545655555;10240;10228
2587;20147555000;20045655555;20545655555;10240;10228
2589;20147594000;20086977777;20586977777;10240;10228
2591;20147750000;20086977777;20586977777;10240;10228
2593;20147954000;20086977777;20586977777;10240;10228
2595;20147978000;20087022222;20587022222;10240;10228
2596;20188765000;20087377777;20587377777;10240;10228
2598;20188781000;20087377777;20587377777;10240;10228
2600;20188802000;20128644444;20628644444;10240;10228
2602;20188832000;20128644444;20628644444;10240;10228
2604;20188841000;20128644444;20628644444;10240;10228
2606;20188850000;20128688888;20628688888;10240;10228
2597;20189016000;20087377777;20587377777;10240;10228
2599;20189238000;20128644444;20628644444;10240;10228
2601;20189266000;20128644444;20628644444;10240;10228
2603;20189454000;20128644444;20628644444;10240;10228
2605;20189617000;20128644444;20628644444;10240;10228
2608;20230446000;20129000000;20629000000;10240;10228
2610;20230475000;20170311111;20670311111;10240;10228
2612;20230484000;20170311111;20670311111;10240;10228
2614;20230510000;20170311111;20670311111;10240;10228
2616;20230519000;20170311111;20670311111;10240;10228
2607;20230656000;20129000000;20629000000;10240;10228
2609;20230890000;20129000000;20629000000;10240;10228
2611;20230913000;20170311111;20670311111;10240;10228
2613;20231038000;20170311111;20670311111;10240;10228
2615;20231289000;20170311111;20670311111;10240;10228
2617;20231316000;20170355555;20670355555;10240;10228
2619;20272134000;20170655555;20670655555;10240;10228
2621;20272162000;20211977777;20711977777;10240;10228
2623;20272171000;20211977777;20711977777;10240;10228
2625;20272188000;20211977777;20711977777;10240;10228
2627;20272195000;20211977777;20711977777;10240;10228
2618;20272347000;20170655555;20670655555;10240;10228
2620;20272530000;20170655555;20670655555;10240;10228
2622;20272569000;20211977777;20711977777;10240;10228
2624;20272748000;20211977777;20711977777;10240;10228
2626;20272936000;20211977777;20711977777;10240;10228
2628;20272959000;20212022222;20712022222;10240;10228
2629;20313823000;20212366666;20712366666;10240;10228
2631;20313836000;20212366666;20712366666;10240;10228
2633;20313863000;20253644444;20753644444;10240;10228
2635;20313875000;20253644444;20753644444;10240;10228
2637;20313892000;20253644444;20753644444;10240;10228
2639;20313896000;20253688888;20753688888;10240;10228
2630;20313989000;20212366666;20712366666;10240;10228
2632;20314195000;20253644444;20753644444;10240;10228
2634;20314442000;20253644444;20753644444;10240;10228
2636;20314481000;20253644444;20753644444;10240;10228
2638;20314618000;20253644444;20753644444;10240;10228
2641;20355454000;20253966666;20753966666;10240;10228
2643;20355482000;20295311111;20795311111;10240;10228
2645;20355492000;20295311111;20795311111;10240;10228
2647;20355508000;20295311111;20795311111;10240;10228
2649;20355522000;20295311111;20795311111;10240;10228
2640;20355669000;20253966666;20753966666;10240;10228
2642;20355879000;20253966666;20753966666;10240;10228
2644;20355903000;20295311111;20795311111;10240;10228
2646;20356063000;20295311111;20795311111;10240;10228
2648;20356304000;20295311111;20795311111;10240;10228
2650;20356326000;20295355555;20795355555;10240;10228
2651;20397155000;20295622222;20795622222;10240;10228
2653;20397169000;20295622222;20795622222;10240;10228
2655;20397192000;20336977777;20836977777;10240;10228
2657;20397209000;20336977777;20836977777;10240;10228
2659;20397224000;20336977777;20836977777;10240;10228
2661;20397227000;20337022222;20837022222;10240;10228
2652;20397374000;20295622222;20795622222;10240;10228
2654;20397571000;20336977777;20836977777;10240;10228
2656;20397599000;20336977777;20836977777;10240;10228
2658;20397747000;20336977777;20836977777;10240;10228
2660;20397970000;20336977777;20836977777;10240;10228
2663;20438791000;20337355555;20837355555;10240;10228
2665;20438817000;20378666666;20878666666;10240;10228
2667;20438842000;20378666666;20878666666;10240;10228
2669;20438852000;20378666666;20878666666;10240;10228
2671;20438869000;20378666666;20878666666;10240;10228
2662;20438989000;20337355555;20837355555;10240;10228
2664;20439248000;20337355555;20837355555;10240;10228
2666;20439276000;20378666666;20878666666;10240;10228
2668;20439450000;20378666666;20878666666;10240;10228
2670;20439649000;20378666666;20878666666;10240;10228
2672;20439673000;20378711111;20878711111;10240;10228
2673;20480425000;20378988888;20878988888;10240;10228
2675;20480441000;20378988888;20878988888;10240;10228
2677;20480463000;20420311111;20920311111;10240;10228
2679;20480481000;20420311111;20920311111;10240;10228
2681;20480499000;20420311111;20920311111;10240;10228
2683;20480503000;20420355555;20920355555;10240;10228
2674;20480640000;20378988888;20878988888;10240;10228
2676;20480849000;20420311111;20920311111;10240;10228
2678;20480875000;20420311111;20920311111;10240;10228
2680;20481067000;20420311111;20920311111;10240;10228
2682;20481269000;20420311111;20920311111;10240;10228
2685;20522148000;20420633333;20920633333;10240;10228
2687;20522176000;20461966666;20961966666;10240;10228
2689;20522186000;20461966666;20961966666;10240;10228
2691;20522205000;20461966666;20961966666;10240;10228
2693;20522213000;20461966666;20961966666;10240;10228
2684;20522323000;20420633333;20920633333;10240;10228
2686;20522551000;20420633333;20920633333;10240;10228
2688;20522580000;20461966666;20961966666;10240;10228
2690;20522745000;20461966666;20961966666;10240;10228
2692;20522940000;20461966666;20961966666;10240;10228
2694;20522964000;20462022222;20962022222;10240;10228
2695;20563764000;20462355555;20962355555;10240;10228
2697;20563778000;20462355555;20962355555;10240;10228
2699;20563800000;20503644444;21003644444;10240;10228
2701;20563829000;20503644444;21003644444;10240;10228
2703;20563841000;20503644444;21003644444;10240;10228
2705;20563848000;20503688888;21003688888;10240;10228
2696;20564019000;20462355555;20962355555;10240;10228
2698;20564236000;20503644444;21003644444;10240;10228
2700;20564266000;20503644444;21003644444;10240;10228
2702;20564398000;20503644444;21003644444;10240;10228
2704;20564637000;20503644444;21003644444;10240;10228
2707;20605469000;20503966666;21003966666;10240;10228
2709;20605498000;20545311111;21045311111;10240;10228
2711;20605507000;20545311111;21045311111;10240;10228
2713;20605524000;20545311111;21045311111;10240;10228
2715;20605531000;20545311111;21045311111;10240;10228
2706;20605667000;20503966666;21003966666;10240;10228
2708;20605878000;20503966666;21003966666;10240;10228
2710;20605901000;20545311111;21045311111;10240;10228
2712;20606058000;20545311111;21045311111;10240;10228
2714;20606296000;20545311111;21045311111;10240;10228
2716;20606325000;20545355555;21045355555;10240;10228
2717;20647104000;20545633333;21045633333;10240;10228
2719;20647120000;20545633333;21045633333;10240;10228
2721;20647142000;20586977777;21086977777;10240;10228
2723;20647159000;20586977777;21086977777;10240;10228
2725;20647179000;20586977777;21086977777;10240;10228
2727;20647184000;20587022222;21087022222;10240;10228
2718;20647352000;20545633333;21045633333;10240;10228
2720;20647560000;20586977777;21086977777;10240;10228
2722;20647606000;20586977777;21086977777;10240;10228
2724;20647767000;20586977777;21086977777;10240;10228
2726;20647964000;20586977777;21086977777;10240;10228
2729;20688757000;20587344444;21087344444;10240;10228
2731;20688788000;20628644444;21128644444;10240;10228
2733;20688798000;20628644444;21128644444;10240;10228
2735;20688817000;20628644444;21128644444;10240;10228
2737;20688824000;20628644444;21128644444;10240;10228
2728;20688979000;20587344444;21087344444;10240;10228
2730;20689186000;20587344444;21087344444;10240;10228
2732;20689212000;20628644444;21128644444;10240;10228
2734;20689398000;20628644444;21128644444;10240;10228
2736;20689595000;20628644444;21128644444;10240;10228
2738;20689630000;20628688888;21128688888;10240;10228
2739;20730450000;20628966666;21128966666;10240;10228
2741;20730466000;20628966666;21128966666;10240;10228
2743;20730489000;20670311111;21170311111;10240;10228
2745;20730508000;20670311111;21170311111;10240;10228
2747;20730523000;20670311111;21170311111;10240;10228
2749;20730529000;20670355555;21170355555;10240;10228
2740;20730685000;20628966666;21128966666;10240;10228
2742;20730890000;20670311111;21170311111;10240;10228
2744;20730916000;20670311111;21170311111;10240;10228
2746;20731060000;20670311111;21170311111;10240;10228
2748;20731287000;20670311111;21170311111;10240;10228
2751;20772172000;20670633333;21170633333;10240;10228
2753;20772201000;20711977777;21211977777;10240;10228
2755;20772212000;20711977777;21211977777;10240;10228
2757;20772229000;20711977777;21211977777;10240;10228
2759;20772236000;20711977777;21211977777;10240;10228
2750;20772335000;20670633333;21170633333;10240;10228
2752;20772546000;20670633333;21170633333;10240;10228
2754;20772572000;20711977777;21211977777;10240;10228
2756;20772752000;20711977777;21211977777;10240;10228
2758;20772947000;20711977777;21211977777;10240;10228
2760;20772973000;20712022222;21212022222;10240;10228
2761;20813827000;20712344444;21212344444;10240;10228
2763;20813843000;20712344444;21212344444;10240;10228
2765;20813864000;20753644444;21253644444;10240;10228
2767;20813876000;20753644444;21253644444;10240;10228
2769;20813884000;20753644444;21253644444;10240;10228
2771;20813900000;20753688888;21253688888;10240;10228
2762;20814022000;20712344444;21212344444;10240;10228
2764;20814234000;20753644444;21253644444;10240;10228
2766;20814259000;20753644444;21253644444;10240;10228
2768;20814440000;20753644444;21253644444;10240;10228
2770;20814639000;20753644444;21253644444;10240;10228
2773;20855471000;20753977777;21253977777;10240;10228
2775;20855489000;20795333333;21295333333;10240;10228
2777;20855507000;20795333333;21295333333;10240;10228
2779;20855522000;20795333333;21295333333;10240;10228
2781;20855531000;20795333333;21295333333;10240;10228
2772;20855684000;20753977777;21253977777;10240;10228
2774;20855882000;20753977777;21253977777;10240;10228
2776;20855910000;20795333333;21295333333;10240;10228
2778;20856060000;20795333333;21295333333;10240;10228
2780;20856302000;20795333333;21295333333;10240;10228
2782;20856327000;20795388888;21295388888;10240;10228
2783;20897085000;20795644444;21295644444;10240;10228
2785;20897099000;20795644444;21295644444;10240;10228
2787;20897121000;20836977777;21336977777;10240;10228
2789;20897137000;20836977777;21336977777;10240;10228
2791;20897154000;20836977777;21336977777;10240;10228
2793;20897162000;20837033333;21337033333;10240;10228
2784;20897308000;20795644444;21295644444;10240;10228
2786;20897520000;20836977777;21336977777;10240;10228
2788;20897544000;20836977777;21336977777;10240;10228
2790;20897726000;20836977777;21336977777;10240;10228
2792;20897915000;20836977777;21336977777;10240;10228
2795;20938829000;20837366666;21337366666;10240;10228
2797;20938856000;20878633333;21378633333;10240;10228
2799;20938866000;20878633333;21378633333;10240;10228
2801;20938883000;20878633333;21378633333;10240;10228
2803;20938890000;20878633333;21378633333;10240;10228
2794;20938990000;20837366666;21337366666;10240;10228
2796;20939204000;20837366666;21337366666;10240;10228
2798;20939231000;20878633333;21378633333;10240;10228
2800;20939409000;20878633333;21378633333;10240;10228
2802;20939602000;20878633333;21378633333;10240;10228
2804;20939636000;20878688888;21378688888;10240;10228
2805;20980436000;20878977777;21378977777;10240;10228
2807;20980450000;20878977777;21378977777;10240;10228
2809;20980471000;20920311111;21420311111;10240;10228
2811;20980486000;20920311111;21420311111;10240;10228
2813;20980503000;20920311111;21420311111;10240;10228
2815;20980512000;20920355555;21420355555;10240;10228
2806;20980684000;20878977777;21378977777;10240;10228
2808;20980888000;20920311111;21420311111;10240;10228
2810;20980916000;20920311111;21420311111;10240;10228
2812;20981057000;20920311111;21420311111;10240;10228
2814;20981302000;20920311111;21420311111;10240;10228
2817;21022173000;20920655555;21420655555;10240;10228
2819;21022199000;20961977777;21461977777;10240;10228
2821;21022218000;20961977777;21461977777;10240;10228
2823;21022226000;20961977777;21461977777;10240;10228
2825;21022234000;20961977777;21461977777;10240;10228
2816;21022332000;20920655555;21420655555;10240;10228
2818;21022551000;20920655555;21420655555;10240;10228
2820;21022565000;20961977777;21461977777;10240;10228
2822;21022752000;20961977777;21461977777;10240;10228
2824;21022935000;20961977777;21461977777;10240;10228
2826;21022954000;20962022222;21462022222;10240;10228
2827;21063849000;20962333333;21462333333;10240;10228
2829;21063863000;20962333333;21462333333;10240;10228
2831;21063888000;21003666666;21503666666;10240;10228
2833;21063896000;21003666666;21503666666;10240;10228
2835;21063913000;21003666666;21503666666;10240;10228
2837;21063918000;21003711111;21503711111;10240;10228
2828;21064035000;20962333333;21462333333;10240;10228
2830;21064251000;21003666666;21503666666;10240;10228
2832;21064278000;21003666666;21503666666;10240;10228
2834;21064438000;21003666666;21503666666;10240;10228
2836;21064645000;21003666666;21503666666;10240;10228
2841;21105487000;21045311111;21545311111;10240;10228
2843;21105515000;21045311111;21545311111;10240;10228
2845;21105525000;21045311111;21545311111;10240;10228
2847;21105542000;21045311111;21545311111;10240;10228
2838;21105654000;21003988888;21503988888;10240;10228
2840;21105855000;21003988888;21503988888;10240;10228
2842;21105875000;21045311111;21545311111;10240;10228
2844;21106060000;21045311111;21545311111;10240;10228
2846;21106276000;21045311111;21545311111;10240;10228
2848;21106286000;21045355555;21545355555;10240;10228
2849;21147139000;21045622222;21545622222;10240;10228
2851;21147153000;21045622222;21545622222;10240;10228
2853;21147167000;21086977777;21586977777;10240;10228
2855;21147178000;21086977777;21586977777;10240;10228
2857;21147187000;21086977777;21586977777;10240;10228
2859;21147196000;21087022222;21587022222;10240;10228
2850;21147341000;21045622222;21545622222;10240;10228
2852;21147543000;21086977777;21586977777;10240;10228
2854;21147740000;21086977777;21586977777;10240;10228
2856;21147761000;21086977777;21586977777;10240;10228
2858;21147943000;21086977777;21586977777;10240;10228
2861;21188812000;21087355555;21587355555;10240;10228
2863;21188828000;21128644444;21628644444;10240;10228
2865;21188838000;21128644444;21628644444;10240;10228
2867;21188847000;21128644444;21628644444;10240;10228
2869;21188856000;21128644444;21628644444;10240;10228
2860;21188985000;21087355555;21587355555;10240;10228
2862;21189196000;21087355555;21587355555;10240;10228
2864;21189406000;21128644444;21628644444;10240;10228
2866;21189426000;21128644444;21628644444;10240;10228
2868;21189601000;21128644444;21628644444;10240;10228
2870;21189620000;21128688888;21628688888;10240;10228
2839;21225983000;21003988888;21503988888;10240;10228
2871;21230641000;21128977777;21628977777;10240;10228
2872;21230872000;21128977777;21628977777;10240;10228
2873;21230892000;21128977777;21628977777;10240;10228
2874;21231040000;21170277777;21670277777;10240;10228
2875;21231253000;21170277777;21670277777;10240;10228
2876;21231272000;21170277777;21670277777;10240;10228
2877;21231458000;21170277777;21670277777;10240;10228
2878;21231477000;21170277777;21670277777;10240;10228
2879;21231665000;21170277777;21670277777;10240;10228
2880;21231858000;21170277777;21670277777;10240;10228
2881;21231869000;21170333333;21670333333;10240;10228
2883;21272140000;21170611111;21670611111;10240;10228
2885;21272171000;21212000000;21712000000;10240;10228
2887;21272181000;21212000000;21712000000;10240;10228
2889;21272199000;21212000000;21712000000;10240;10228
2891;21272205000;21212000000;21712000000;10240;10228
2882;21272286000;21170611111;21670611111;10240;10228
2884;21272485000;21170611111;21670611111;10240;10228
2886;21272683000;21212000000;21712000000;10240;10228
2888;21272701000;21212000000;21712000000;10240;10228
2890;21272887000;21212000000;21712000000;10240;10228
2892;21272904000;21212055555;21712055555;10240;10228
2893;21313771000;21212388888;21712388888;10240;10228
2895;21313787000;21212388888;21712388888;10240;10228
2897;21313809000;21253644444;21753644444;10240;10228
2899;21313827000;21253644444;21753644444;10240;10228
2901;21313844000;21253644444;21753644444;10240;10228
2903;21313850000;21253688888;21753688888;10240;10228
2894;21313963000;21212388888;21712388888;10240;10228
2896;21314186000;21253644444;21753644444;10240;10228
2898;21314212000;21253644444;21753644444;10240;10228
2900;21314385000;21253644444;21753644444;10240;10228
2902;21314594000;21253644444;21753644444;10240;10228
2904;21355614000;21253977777;21753977777;10240;10228
2905;21355811000;21253977777;21753977777;10240;10228
2906;21356003000;21253977777;21753977777;10240;10228
2907;21356012000;21295288888;21795288888;10240;10228
2908;21356218000;21295288888;21795288888;10240;10228
2909;21356234000;21295288888;21795288888;10240;10228
2910;21356422000;21295288888;21795288888;10240;10228
2911;21356439000;21295288888;21795288888;10240;10228
2912;21356616000;21295288888;21795288888;10240;10228
2913;21356821000;21295288888;21795288888;10240;10228
2914;21356827000;21295333333;21795333333;10240;10228
2915;21397097000;21295588888;21795588888;10240;10228
2917;21397110000;21295588888;21795588888;10240;10228
2919;21397121000;21336977777;21836977777;10240;10228
2921;21397151000;21336977777;21836977777;10240;10228
2923;21397160000;21336977777;21836977777;10240;10228
2925;21397167000;21337022222;21837022222;10240;10228
2916;21397321000;21295588888;21795588888;10240;10228
2918;21397522000;21336977777;21836977777;10240;10228
2920;21397719000;21336977777;21836977777;10240;10228
2922;21397738000;21336977777;21836977777;10240;10228
2924;21397922000;21336977777;21836977777;10240;10228
2927;21438810000;21337344444;21837344444;10240;10228
2929;21438840000;21378644444;21878644444;10240;10228
2931;21438849000;21378644444;21878644444;10240;10228
2933;21438867000;21378644444;21878644444;10240;10228
2935;21438874000;21378644444;21878644444;10240;10228
2926;21439000000;21337344444;21837344444;10240;10228
2928;21439205000;21337344444;21837344444;10240;10228
2930;21439232000;21378644444;21878644444;10240;10228
2932;21439415000;21378644444;21878644444;10240;10228
2934;21439615000;21378644444;21878644444;10240;10228
2936;21439649000;21378688888;21878688888;10240;10228
2937;21480429000;21378944444;21878944444;10240;10228
2938;21480677000;21378944444;21878944444;10240;10228
2939;21480880000;21378944444;21878944444;10240;10228
2940;21481106000;21420311111;21920311111;10240;10228
2941;21481126000;21420311111;21920311111;10240;10228
2942;21481289000;21420311111;21920311111;10240;10228
2943;21481308000;21420311111;21920311111;10240;10228
2944;21481496000;21420311111;21920311111;10240;10228
2945;21481515000;21420311111;21920311111;10240;10228
2946;21481692000;21420311111;21920311111;10240;10228
2947;21481710000;21420355555;21920355555;10240;10228
2949;21522128000;21420633333;21920633333;10240;10228
2951;21522155000;21461977777;21961977777;10240;10228
2953;21522166000;21461977777;21961977777;10240;10228
2955;21522183000;21461977777;21961977777;10240;10228
2957;21522189000;21461977777;21961977777;10240;10228
2948;21522357000;21420633333;21920633333;10240;10228
2950;21522554000;21420633333;21920633333;10240;10228
2952;21522595000;21461977777;21961977777;10240;10228
2954;21522749000;21461977777;21961977777;10240;10228
2956;21522955000;21461977777;21961977777;10240;10228
2958;21522978000;21462022222;21962022222;10240;10228
2959;21563791000;21462344444;21962344444;10240;10228
2961;21563808000;21462344444;21962344444;10240;10228
2963;21563833000;21503644444;22003644444;10240;10228
2965;21563842000;21503644444;22003644444;10240;10228
2967;21563861000;21503644444;22003644444;10240;10228
2969;21563865000;21503688888;22003688888;10240;10228
2960;21563979000;21462344444;21962344444;10240;10228
2962;21564198000;21503644444;22003644444;10240;10228
2964;21564226000;21503644444;22003644444;10240;10228
2966;21564421000;21503644444;22003644444;10240;10228
2968;21564610000;21503644444;22003644444;10240;10228
2971;21605419000;21503966666;22003966666;10240;10228
2973;21605445000;21545288888;22045288888;10240;10228
2970;21605667000;21503966666;22003966666;10240;10228
2972;21605852000;21503966666;22003966666;10240;10228
2974;21605877000;21545288888;22045288888;10240;10228
2975;21606012000;21545288888;22045288888;10240;10228
2976;21606276000;21545288888;22045288888;10240;10228
2977;21606287000;21545288888;22045288888;10240;10228
2978;21606449000;21545288888;22045288888;10240;10228
2979;21606467000;21545288888;22045288888;10240;10228
2980;21606626000;21545333333;22045333333;10240;10228
2981;21647085000;21545600000;22045600000;10240;10228
2983;21647110000;21545600000;22045600000;10240;10228
2985;21647128000;21586944444;22086944444;10240;10228
2987;21647139000;21586944444;22086944444;10240;10228
2989;21647153000;21586944444;22086944444;10240;10228
2982;21647343000;21545600000;22045600000;10240;10228
2984;21647540000;21586944444;22086944444;10240;10228
2986;21647568000;21586944444;22086944444;10240;10228
2988;21647736000;21586944444;22086944444;10240;10228
2990;21647937000;21586944444;22086944444;10240;10228
2991;21647947000;21587000000;22087000000;10240;10228
2993;21688837000;21587311111;22087311111;10240;10228
2995;21688865000;21628644444;22128644444;10240;10228
2997;21688877000;21628644444;22128644444;10240;10228
2999;21688894000;21628644444;22128644444;10240;10228
3001;21688901000;21628644444;22128644444;10240;10228
2992;21688973000;21587311111;22087311111;10240;10228
2994;21689219000;21587311111;22087311111;10240;10228
2996;21689243000;21628644444;22128644444;10240;10228
2998;21689423000;21628644444;22128644444;10240;10228
3000;21689619000;21628644444;22128644444;10240;10228
3002;21689655000;21628700000;22128700000;10240;10228
3003;21730428000;21628966666;22128966666;10240;10228
3005;21730444000;21628966666;22128966666;10240;10228
3007;21730466000;21670311111;22170311111;10240;10228
3009;21730483000;21670311111;22170311111;10240;10228
3004;21730676000;21628966666;22128966666;10240;10228
3006;21730879000;21670311111;22170311111;10240;10228
3008;21730899000;21670311111;22170311111;10240;10228
3010;21731057000;21670311111;22170311111;10240;10228
3011;21731305000;21670311111;22170311111;10240;10228
3012;21731325000;21670311111;22170311111;10240;10228
3013;21731510000;21670355555;22170355555;10240;10228
3015;21772109000;21670611111;22170611111;10240;10228
3017;21772140000;21711977777;22211977777;10240;10228
3019;21772149000;21711977777;22211977777;10240;10228
3021;21772166000;21711977777;22211977777;10240;10228
3023;21772180000;21711977777;22211977777;10240;10228
3014;21772338000;21670611111;22170611111;10240;10228
3016;21772552000;21670611111;22170611111;10240;10228
3018;21772576000;21711977777;22211977777;10240;10228
3020;21772757000;21711977777;22211977777;10240;10228
3022;21772949000;21711977777;22211977777;10240;10228
3024;21772976000;21712022222;22212022222;10240;10228
3025;21813790000;21712333333;22212333333;10240;10228
3027;21813806000;21712333333;22212333333;10240;10228
3029;21813827000;21753644444;22253644444;10240;10228
3031;21813836000;21753644444;22253644444;10240;10228
3033;21813843000;21753644444;22253644444;10240;10228
3035;21813859000;21753688888;22253688888;10240;10228
3026;21814008000;21712333333;22212333333;10240;10228
3028;21814227000;21753644444;22253644444;10240;10228
3030;21814254000;21753644444;22253644444;10240;10228
3032;21814431000;21753644444;22253644444;10240;10228
3034;21814623000;21753644444;22253644444;10240;10228
3037;21855433000;21753966666;22253966666;10240;10228
3039;21855452000;21795311111;22295311111;10240;10228
3041;21855485000;21795311111;22295311111;10240;10228
3043;21855496000;21795311111;22295311111;10240;10228
3045;21855504000;21795311111;22295311111;10240;10228
3036;21855635000;21753966666;22253966666;10240;10228
3038;21855829000;21753966666;22253966666;10240;10228
3040;21856034000;21795311111;22295311111;10240;10228
3042;21856063000;21795311111;22295311111;10240;10228
3044;21856247000;21795311111;22295311111;10240;10228
3046;21856261000;21795355555;22295355555;10240;10228
3047;21897097000;21795611111;22295611111;10240;10228
3049;21897114000;21795611111;22295611111;10240;10228
3051;21897135000;21836977777;22336977777;10240;10228
3053;21897147000;21836977777;22336977777;10240;10228
3055;21897153000;21836977777;22336977777;10240;10228
3048;21897314000;21795611111;22295611111;10240;10228
3050;21897523000;21836977777;22336977777;10240;10228
3052;21897550000;21836977777;22336977777;10240;10228
3054;21897727000;21836977777;22336977777;10240;10228
3056;21897906000;21836977777;22336977777;10240;10228
3057;21897919000;21837022222;22337022222;10240;10228
3059;21938832000;21837344444;22337344444;10240;10228
3061;21938857000;21878633333;22378633333;10240;10228
3063;21938867000;21878633333;22378633333;10240;10228
3065;21938875000;21878633333;22378633333;10240;10228
3067;21938882000;21878633333;22378633333;10240;10228
3058;21938974000;21837344444;22337344444;10240;10228
3060;21939184000;21837344444;22337344444;10240;10228
3062;21939412000;21878633333;22378633333;10240;10228
3064;21939436000;21878633333;22378633333;10240;10228
3066;21939603000;21878633333;22378633333;10240;10228
3068;21939638000;21878688888;22378688888;10240;10228
3069;21980466000;21878977777;22378977777;10240;10228
3071;21980481000;21878977777;22378977777;10240;10228
3073;21980493000;21920311111;22420311111;10240;10228
3075;21980503000;21920311111;22420311111;10240;10228
3077;21980510000;21920311111;22420311111;10240;10228
3079;21980518000;21920355555;22420355555;10240;10228
3070;21980673000;21878977777;22378977777;10240;10228
3072;21980878000;21920311111;22420311111;10240;10228
3074;21981098000;21920311111;22420311111;10240;10228
3076;21981124000;21920311111;22420311111;10240;10228
3078;21981284000;21920311111;22420311111;10240;10228
3081;22022121000;21920644444;22420644444;10240;10228
3083;22022151000;21961977777;22461977777;10240;10228
3085;22022161000;21961977777;22461977777;10240;10228
3087;22022180000;21961977777;22461977777;10240;10228
3089;22022188000;21961977777;22461977777;10240;10228
3080;22022338000;21920644444;22420644444;10240;10228
3082;22022541000;21920644444;22420644444;10240;10228
3084;22022567000;21961977777;22461977777;10240;10228
3086;22022730000;21961977777;22461977777;10240;10228
3088;22022927000;21961977777;22461977777;10240;10228
3090;22022943000;21962022222;22462022222;10240;10228
3091;22063822000;21962333333;22462333333;10240;10228
3093;22063837000;21962333333;22462333333;10240;10228
3095;22063866000;22003644444;22503644444;10240;10228
3097;22063876000;22003644444;22503644444;10240;10228
3099;22063890000;22003644444;22503644444;10240;10228
3101;22063895000;22003688888;22503688888;10240;10228
3092;22064009000;21962333333;22462333333;10240;10228
3094;22064232000;22003644444;22503644444;10240;10228
3096;22064257000;22003644444;22503644444;10240;10228
3098;22064436000;22003644444;22503644444;10240;10228
3100;22064623000;22003644444;22503644444;10240;10228
3103;22105429000;22003955555;22503955555;10240;10228
3105;22105455000;22045311111;22545311111;10240;10228
3107;22105464000;22045311111;22545311111;10240;10228
3109;22105486000;22045311111;22545311111;10240;10228
3111;22105496000;22045311111;22545311111;10240;10228
3102;22105633000;22003955555;22503955555;10240;10228
3104;22105837000;22003955555;22503955555;10240;10228
3106;22105873000;22045311111;22545311111;10240;10228
3108;22106040000;22045311111;22545311111;10240;10228
3110;22106240000;22045311111;22545311111;10240;10228
3112;22106276000;22045355555;22545355555;10240;10228
3113;22147107000;22045622222;22545622222;10240;10228
3115;22147121000;22045622222;22545622222;10240;10228
3117;22147147000;22086966666;22586966666;10240;10228
3119;22147155000;22086966666;22586966666;10240;10228
3121;22147172000;22086966666;22586966666;10240;10228
3123;22147176000;22087022222;22587022222;10240;10228
3114;22147342000;22045622222;22545622222;10240;10228
3116;22147551000;22086966666;22586966666;10240;10228
3118;22147577000;22086966666;22586966666;10240;10228
3120;22147760000;22086966666;22586966666;10240;10228
3122;22147933000;22086966666;22586966666;10240;10228
3125;22188836000;22087355555;22587355555;10240;10228
3127;22188863000;22128644444;22628644444;10240;10228
3129;22188874000;22128644444;22628644444;10240;10228
3131;22188891000;22128644444;22628644444;10240;10228
3133;22188897000;22128644444;22628644444;10240;10228
3124;22188996000;22087355555;22587355555;10240;10228
3126;22189219000;22087355555;22587355555;10240;10228
3128;22189242000;22128644444;22628644444;10240;10228
3130;22189416000;22128644444;22628644444;10240;10228
3132;22189599000;22128644444;22628644444;10240;10228
3134;22189625000;22128688888;22628688888;10240;10228
3135;22230495000;22128966666;22628966666;10240;10228
3137;22230512000;22128966666;22628966666;10240;10228
3139;22230525000;22170311111;22670311111;10240;10228
3141;22230534000;22170311111;22670311111;10240;10228
3143;22230542000;22170311111;22670311111;10240;10228
3145;22230545000;22170355555;22670355555;10240;10228
3136;22230673000;22128966666;22628966666;10240;10228
3138;22230885000;22170311111;22670311111;10240;10228
3140;22230912000;22170311111;22670311111;10240;10228
3142;22231058000;22170311111;22670311111;10240;10228
3144;22231283000;22170311111;22670311111;10240;10228
3147;22272112000;22170633333;22670633333;10240;10228
3149;22272146000;22211977777;22711977777;10240;10228
3151;22272166000;22211977777;22711977777;10240;10228
3153;22272174000;22211977777;22711977777;10240;10228
3155;22272181000;22211977777;22711977777;10240;10228
3146;22272337000;22170633333;22670633333;10240;10228
3148;22272552000;22170633333;22670633333;10240;10228
3150;22272575000;22211977777;22711977777;10240;10228
3152;22272754000;22211977777;22711977777;10240;10228
3154;22272932000;22211977777;22711977777;10240;10228
3156;22272950000;22212022222;22712022222;10240;10228
3157;22313818000;22212344444;22712344444;10240;10228
3159;22313833000;22212344444;22712344444;10240;10228
3161;22313855000;22253644444;22753644444;10240;10228
3163;22313865000;22253644444;22753644444;10240;10228
3165;22313874000;22253644444;22753644444;10240;10228
3167;22313889000;22253688888;22753688888;10240;10228
3158;22314010000;22212344444;22712344444;10240;10228
3160;22314226000;22253644444;22753644444;10240;10228
3162;22314253000;22253644444;22753644444;10240;10228
3164;22314429000;22253644444;22753644444;10240;10228
3166;22314622000;22253644444;22753644444;10240;10228
3169;22355501000;22253966666;22753966666;10240;10228
3171;22355531000;22295311111;22795311111;10240;10228
3173;22355541000;22295311111;22795311111;10240;10228
3175;22355557000;22295311111;22795311111;10240;10228
3177;22355564000;22295311111;22795311111;10240;10228
3168;22355672000;22253966666;22753966666;10240;10228
3170;22355875000;22253966666;22753966666;10240;10228
3172;22355909000;22295311111;22795311111;10240;10228
3174;22356102000;22295311111;22795311111;10240;10228
3176;22356283000;22295311111;22795311111;10240;10228
3178;22356310000;22295355555;22795355555;10240;10228
3179;22397098000;22295622222;22795622222;10240;10228
3181;22397114000;22295622222;22795622222;10240;10228
3183;22397135000;22336977777;22836977777;10240;10228
3185;22397166000;22336977777;22836977777;10240;10228
3187;22397175000;22336977777;22836977777;10240;10228
3189;22397182000;22337022222;22837022222;10240;10228
3180;22397349000;22295622222;22795622222;10240;10228
3182;22397562000;22336977777;22836977777;10240;10228
3184;22397590000;22336977777;22836977777;10240;10228
3186;22397767000;22336977777;22836977777;10240;10228
3188;22397947000;22336977777;22836977777;10240;10228
3191;22438800000;22337355555;22837355555;10240;10228
3193;22438831000;22378644444;22878644444;10240;10228
3195;22438840000;22378644444;22878644444;10240;10228
3197;22438857000;22378644444;22878644444;10240;10228
3199;22438864000;22378644444;22878644444;10240;10228
3190;22438994000;22337355555;22837355555;10240;10228
3192;22439186000;22337355555;22837355555;10240;10228
3194;22439410000;22378644444;22878644444;10240;10228
3196;22439430000;22378644444;22878644444;10240;10228
3198;22439608000;22378644444;22878644444;10240;10228
3200;22439626000;22378688888;22878688888;10240;10228
3201;22480489000;22378955555;22878955555;10240;10228
3203;22480505000;22378955555;22878955555;10240;10228
3205;22480526000;22420311111;22920311111;10240;10228
3207;22480543000;22420311111;22920311111;10240;10228
3209;22480559000;22420311111;22920311111;10240;10228
3211;22480564000;22420366666;22920366666;10240;10228
3202;22480682000;22378955555;22878955555;10240;10228
3204;22480892000;22420311111;22920311111;10240;10228
3206;22480915000;22420311111;22920311111;10240;10228
3208;22481063000;22420311111;22920311111;10240;10228
3210;22481297000;22420311111;22920311111;10240;10228
3213;22522064000;22420655555;22920655555;10240;10228
3215;22522092000;22461944444;22961944444;10240;10228
3217;22522104000;22461944444;22961944444;10240;10228
3219;22522122000;22461944444;22961944444;10240;10228
3221;22522129000;22461944444;22961944444;10240;10228
3212;22522295000;22420655555;22920655555;10240;10228
3214;22522488000;22420655555;22920655555;10240;10228
3216;22522518000;22461944444;22961944444;10240;10228
3218;22522684000;22461944444;22961944444;10240;10228
3220;22522861000;22461944444;22961944444;10240;10228
3222;22522883000;22462000000;22962000000;10240;10228
3223;22563748000;22462322222;22962322222;10240;10228
3225;22563764000;22462322222;22962322222;10240;10228
3227;22563785000;22503611111;23003611111;10240;10228
3229;22563797000;22503611111;23003611111;10240;10228
3231;22563806000;22503611111;23003611111;10240;10228
3233;22563821000;22503666666;23003666666;10240;10228
3224;22563986000;22462322222;22962322222;10240;10228
3226;22564209000;22503611111;23003611111;10240;10228
3228;22564237000;22503611111;23003611111;10240;10228
3230;22564429000;22503611111;23003611111;10240;10228
3232;22564622000;22503611111;23003611111;10240;10228
3235;22605512000;22503955555;23003955555;10240;10228
3237;22605530000;22545311111;23045311111;10240;10228
3239;22605539000;22545311111;23045311111;10240;10228
3241;22605551000;22545311111;23045311111;10240;10228
3243;22605558000;22545311111;23045311111;10240;10228
3234;22605658000;22503955555;23003955555;10240;10228
3236;22605878000;22503955555;23003955555;10240;10228
3238;22605902000;22545311111;23045311111;10240;10228
3240;22606039000;22545311111;23045311111;10240;10228
3242;22606289000;22545311111;23045311111;10240;10228
3244;22606313000;22545355555;23045355555;10240;10228
3245;22647066000;22545633333;23045633333;10240;10228
3247;22647080000;22545633333;23045633333;10240;10228
3249;22647103000;22586944444;23086944444;10240;10228
3251;22647118000;22586944444;23086944444;10240;10228
3253;22647141000;22586944444;23086944444;10240;10228
3255;22647150000;22587000000;23087000000;10240;10228
3246;22647295000;22545633333;23045633333;10240;10228
3248;22647541000;22586944444;23086944444;10240;10228
3250;22647568000;22586944444;23086944444;10240;10228
3252;22647736000;22586944444;23086944444;10240;10228
3254;22647951000;22586944444;23086944444;10240;10228
3257;22688781000;22587322222;23087322222;10240;10228
3259;22688799000;22628611111;23128611111;10240;10228
3261;22688822000;22628611111;23128611111;10240;10228
3263;22688829000;22628611111;23128611111;10240;10228
3265;22688833000;22628611111;23128611111;10240;10228
3256;22688960000;22587322222;23087322222;10240;10228
3258;22689171000;22587322222;23087322222;10240;10228
3260;22689388000;22628611111;23128611111;10240;10228
3262;22689413000;22628611111;23128611111;10240;10228
3264;22689576000;22628611111;23128611111;10240;10228
3266;22689611000;22628655555;23128655555;10240;10228
3267;22730492000;22628933333;23128933333;10240;10228
3269;22730507000;22628933333;23128933333;10240;10228
3271;22730530000;22670311111;23170311111;10240;10228
3273;22730544000;22670311111;23170311111;10240;10228
3275;22730559000;22670311111;23170311111;10240;10228
3277;22730563000;22670355555;23170355555;10240;10228
3268;22730675000;22628933333;23128933333;10240;10228
3270;22730877000;22670311111;23170311111;10240;10228
3272;22730896000;22670311111;23170311111;10240;10228
3274;22731057000;22670311111;23170311111;10240;10228
3276;22731285000;22670311111;23170311111;10240;10228
3279;22772102000;22670633333;23170633333;10240;10228
3281;22772130000;22711944444;23211944444;10240;10228
3283;22772140000;22711944444;23211944444;10240;10228
3285;22772157000;22711944444;23211944444;10240;10228
3287;22772164000;22711944444;23211944444;10240;10228
3278;22772303000;22670633333;23170633333;10240;10228
3280;22772514000;22670633333;23170633333;10240;10228
3282;22772540000;22711944444;23211944444;10240;10228
3284;22772721000;22711944444;23211944444;10240;10228
3286;22772899000;22711944444;23211944444;10240;10228
3288;22772917000;22712000000;23212000000;10240;10228
3289;22813779000;22712311111;23212311111;10240;10228
3291;22813794000;22712311111;23212311111;10240;10228
3293;22813817000;22753644444;23253644444;10240;10228
3295;22813833000;22753644444;23253644444;10240;10228
3297;22813850000;22753644444;23253644444;10240;10228
3299;22813854000;22753688888;23253688888;10240;10228
3290;22814009000;22712311111;23212311111;10240;10228
3292;22814227000;22753644444;23253644444;10240;10228
3294;22814255000;22753644444;23253644444;10240;10228
3296;22814422000;22753644444;23253644444;10240;10228
3298;22814619000;22753644444;23253644444;10240;10228
3301;22855418000;22753977777;23253977777;10240;10228
3303;22855437000;22795277777;23295277777;10240;10228
3305;22855448000;22795277777;23295277777;10240;10228
3307;22855455000;22795277777;23295277777;10240;10228
3309;22855470000;22795277777;23295277777;10240;10228
3300;22855626000;22753977777;23253977777;10240;10228
3302;22855832000;22753977777;23253977777;10240;10228
3304;22856053000;22795277777;23295277777;10240;10228
3306;22856080000;22795277777;23295277777;10240;10228
3308;22856240000;22795277777;23295277777;10240;10228
3310;22856266000;22795322222;23295322222;10240;10228
3311;22897109000;22795588888;23295588888;10240;10228
3313;22897123000;22795588888;23295588888;10240;10228
3315;22897147000;22836977777;23336977777;10240;10228
3317;22897156000;22836977777;23336977777;10240;10228
3319;22897175000;22836977777;23336977777;10240;10228
3321;22897183000;22837022222;23337022222;10240;10228
3312;22897354000;22795588888;23295588888;10240;10228
3314;22897560000;22836977777;23336977777;10240;10228
3316;22897586000;22836977777;23336977777;10240;10228
3318;22897766000;22836977777;23336977777;10240;10228
3320;22897946000;22836977777;23336977777;10240;10228
3323;22938800000;22837355555;23337355555;10240;10228
3325;22938830000;22878644444;23378644444;10240;10228
3327;22938851000;22878644444;23378644444;10240;10228
3329;22938859000;22878644444;23378644444;10240;10228
3331;22938867000;22878644444;23378644444;10240;10228
3322;22938997000;22837355555;23337355555;10240;10228
3324;22939219000;22837355555;23337355555;10240;10228
3326;22939242000;22878644444;23378644444;10240;10228
3328;22939422000;22878644444;23378644444;10240;10228
3330;22939617000;22878644444;23378644444;10240;10228
3332;22939652000;22878688888;23378688888;10240;10228
3333;22980437000;22878977777;23378977777;10240;10228
3335;22980453000;22878977777;23378977777;10240;10228
3337;22980466000;22920311111;23420311111;10240;10228
3339;22980475000;22920311111;23420311111;10240;10228
3341;22980484000;22920311111;23420311111;10240;10228
3343;22980491000;22920355555;23420355555;10240;10228
3334;22980665000;22878977777;23378977777;10240;10228
3336;22980858000;22920311111;23420311111;10240;10228
3338;22981067000;22920311111;23420311111;10240;10228
3340;22981078000;22920311111;23420311111;10240;10228
3342;22981287000;22920311111;23420311111;10240;10228
3345;23022114000;22920655555;23420655555;10240;10228
3347;23022143000;22961977777;23461977777;10240;10228
3349;23022152000;22961977777;23461977777;10240;10228
3351;23022177000;22961977777;23461977777;10240;10228
3353;23022185000;22961977777;23461977777;10240;10228
3344;23022335000;22920655555;23420655555;10240;10228
3346;23022544000;22920655555;23420655555;10240;10228
3348;23022571000;22961977777;23461977777;10240;10228
3350;23022752000;22961977777;23461977777;10240;10228
3352;23022929000;22961977777;23461977777;10240;10228
3354;23022946000;22962022222;23462022222;10240;10228
3355;23063762000;22962344444;23462344444;10240;10228
3357;23063778000;22962344444;23462344444;10240;10228
3359;23063799000;23003644444;23503644444;10240;10228
3361;23063831000;23003644444;23503644444;10240;10228
3363;23063841000;23003644444;23503644444;10240;10228
3365;23063849000;23003688888;23503688888;10240;10228
3356;23064008000;22962344444;23462344444;10240;10228
3358;23064228000;23003644444;23503644444;10240;10228
3360;23064254000;23003644444;23503644444;10240;10228
3362;23064422000;23003644444;23503644444;10240;10228
3364;23064603000;23003644444;23503644444;10240;10228
3366;23105407000;23003966666;23503966666;10240;10228
3368;23105426000;23003966666;23503966666;10240;10228
3370;23105448000;23045277777;23545277777;10240;10228
3372;23105466000;23045277777;23545277777;10240;10228
3374;23105482000;23045277777;23545277777;10240;10228
3376;23105487000;23045322222;23545322222;10240;10228
3367;23105651000;23003966666;23503966666;10240;10228
3369;23105861000;23045277777;23545277777;10240;10228
3371;23105885000;23045277777;23545277777;10240;10228
3373;23106023000;23045277777;23545277777;10240;10228
3375;23106270000;23045277777;23545277777;10240;10228
3378;23147140000;23045600000;23545600000;10240;10228
3380;23147169000;23086977777;23586977777;10240;10228
3382;23147179000;23086977777;23586977777;10240;10228
3384;23147197000;23086977777;23586977777;10240;10228
3386;23147204000;23086977777;23586977777;10240;10228
3377;23147301000;23045600000;23545600000;10240;10228
3379;23147508000;23045600000;23545600000;10240;10228
3381;23147535000;23086977777;23586977777;10240;10228
3383;23147714000;23086977777;23586977777;10240;10228
3385;23147896000;23086977777;23586977777;10240;10228
3387;23147911000;23087022222;23587022222;10240;10228
3388;23188789000;23087355555;23587355555;10240;10228
3390;23188811000;23087355555;23587355555;10240;10228
3392;23188833000;23128611111;23628611111;10240;10228
3394;23188862000;23128611111;23628611111;10240;10228
3396;23188867000;23128611111;23628611111;10240;10228
3398;23188871000;23128666666;23628666666;10240;10228
3389;23188983000;23087355555;23587355555;10240;10228
3391;23189201000;23128611111;23628611111;10240;10228
3393;23189225000;23128611111;23628611111;10240;10228
3395;23189403000;23128611111;23628611111;10240;10228
3397;23189609000;23128611111;23628611111;10240;10228
3400;23230456000;23128955555;23628955555;10240;10228
3402;23230476000;23170311111;23670311111;10240;10228
3404;23230485000;23170311111;23670311111;10240;10228
3406;23230492000;23170311111;23670311111;10240;10228
3408;23230505000;23170311111;23670311111;10240;10228
3399;23230666000;23128955555;23628955555;10240;10228
3401;23230868000;23128955555;23628955555;10240;10228
3403;23231094000;23170311111;23670311111;10240;10228
3405;23231109000;23170311111;23670311111;10240;10228
3407;23231279000;23170311111;23670311111;10240;10228
3409;23231304000;23170355555;23670355555;10240;10228
3410;23272104000;23170644444;23670644444;10240;10228
3412;23272120000;23170644444;23670644444;10240;10228
3414;23272132000;23211977777;23711977777;10240;10228
3416;23272150000;23211977777;23711977777;10240;10228
3418;23272157000;23211977777;23711977777;10240;10228
3420;23272164000;23212022222;23712022222;10240;10228
3411;23272350000;23170644444;23670644444;10240;10228
3413;23272565000;23211977777;23711977777;10240;10228
3415;23272591000;23211977777;23711977777;10240;10228
3417;23272753000;23211977777;23711977777;10240;10228
3419;23272960000;23211977777;23711977777;10240;10228
3422;23313796000;23212355555;23712355555;10240;10228
3424;23313825000;23253644444;23753644444;10240;10228
3426;23313835000;23253644444;23753644444;10240;10228
3428;23313851000;23253644444;23753644444;10240;10228
3430;23313859000;23253644444;23753644444;10240;10228
3421;23313996000;23212355555;23712355555;10240;10228
3423;23314216000;23212355555;23712355555;10240;10228
3425;23314242000;23253644444;23753644444;10240;10228
3427;23314423000;23253644444;23753644444;10240;10228
3429;23314602000;23253644444;23753644444;10240;10228
3431;23314627000;23253700000;23753700000;10240;10228
3432;23355451000;23253988888;23753988888;10240;10228
3434;23355464000;23253988888;23753988888;10240;10228
3436;23355487000;23295311111;23795311111;10240;10228
3438;23355503000;23295311111;23795311111;10240;10228
3440;23355519000;23295311111;23795311111;10240;10228
3442;23355523000;23295355555;23795355555;10240;10228
3433;23355683000;23253988888;23753988888;10240;10228
3435;23355886000;23295311111;23795311111;10240;10228
3437;23355912000;23295311111;23795311111;10240;10228
3439;23356057000;23295311111;23795311111;10240;10228
3441;23356285000;23295311111;23795311111;10240;10228
3444;23397128000;23295633333;23795633333;10240;10228
3446;23397155000;23336977777;23836977777;10240;10228
3448;23397165000;23336977777;23836977777;10240;10228
3450;23397183000;23336977777;23836977777;10240;10228
3452;23397191000;23336977777;23836977777;10240;10228
3443;23397333000;23295633333;23795633333;10240;10228
3445;23397548000;23295633333;23795633333;10240;10228
3447;23397571000;23336977777;23836977777;10240;10228
3449;23397749000;23336977777;23836977777;10240;10228
3451;23397926000;23336977777;23836977777;10240;10228
3453;23397943000;23337022222;23837022222;10240;10228
3454;23438776000;23337366666;23837366666;10240;10228
3456;23438793000;23337366666;23837366666;10240;10228
3458;23438816000;23378644444;23878644444;10240;10228
3460;23438832000;23378644444;23878644444;10240;10228
3462;23438849000;23378644444;23878644444;10240;10228
3464;23438854000;23378688888;23878688888;10240;10228
3455;23439009000;23337366666;23837366666;10240;10228
3457;23439220000;23378644444;23878644444;10240;10228
3459;23439258000;23378644444;23878644444;10240;10228
3461;23439406000;23378644444;23878644444;10240;10228
3463;23439639000;23378644444;23878644444;10240;10228
3466;23480443000;23378966666;23878966666;10240;10228
3468;23480470000;23420311111;23920311111;10240;10228
3470;23480495000;23420311111;23920311111;10240;10228
3472;23480504000;23420311111;23920311111;10240;10228
3474;23480519000;23420311111;23920311111;10240;10228
3465;23480657000;23378966666;23878966666;10240;10228
3467;23480861000;23378966666;23878966666;10240;10228
3469;23480879000;23420311111;23920311111;10240;10228
3471;23481060000;23420311111;23920311111;10240;10228
3473;23481285000;23420311111;23920311111;10240;10228
3475;23481311000;23420355555;23920355555;10240;10228
3476;23522070000;23420644444;23920644444;10240;10228
3478;23522085000;23420644444;23920644444;10240;10228
3480;23522107000;23461944444;23961944444;10240;10228
3482;23522122000;23461944444;23961944444;10240;10228
3484;23522142000;23461944444;23961944444;10240;10228
3486;23522146000;23462000000;23962000000;10240;10228
3477;23522296000;23420644444;23920644444;10240;10228
3479;23522504000;23461944444;23961944444;10240;10228
3481;23522534000;23461944444;23961944444;10240;10228
3483;23522699000;23461944444;23961944444;10240;10228
3485;23522887000;23461944444;23961944444;10240;10228
3488;23563805000;23462322222;23962322222;10240;10228
3490;23563834000;23503611111;24003611111;10240;10228
3492;23563845000;23503611111;24003611111;10240;10228
3494;23563862000;23503611111;24003611111;10240;10228
3496;23563869000;23503611111;24003611111;10240;10228
3487;23563966000;23462322222;23962322222;10240;10228
3489;23564192000;23462322222;23962322222;10240;10228
3491;23564220000;23503611111;24003611111;10240;10228
3493;23564396000;23503611111;24003611111;10240;10228
3495;23564573000;23503611111;24003611111;10240;10228
3497;23564589000;23503666666;24003666666;10240;10228
3498;23605421000;23503966666;24003966666;10240;10228
3500;23605439000;23503966666;24003966666;10240;10228
3502;23605461000;23545300000;24045300000;10240;10228
3504;23605491000;23545300000;24045300000;10240;10228
3506;23605500000;23545300000;24045300000;10240;10228
3508;23605504000;23545344444;24045344444;10240;10228
3499;23605668000;23503966666;24003966666;10240;10228
3501;23605889000;23545300000;24045300000;10240;10228
3503;23605914000;23545300000;24045300000;10240;10228
3505;23606038000;23545300000;24045300000;10240;10228
3507;23606315000;23545300000;24045300000;10240;10228
3510;23647109000;23545633333;24045633333;10240;10228
3512;23647138000;23586977777;24086977777;10240;10228
3514;23647148000;23586977777;24086977777;10240;10228
3516;23647165000;23586977777;24086977777;10240;10228
3518;23647179000;23586977777;24086977777;10240;10228
3509;23647360000;23545633333;24045633333;10240;10228
3511;23647567000;23545633333;24045633333;10240;10228
3513;23647595000;23586977777;24086977777;10240;10228
3515;23647747000;23586977777;24086977777;10240;10228
3517;23647953000;23586977777;24086977777;10240;10228
3519;23647986000;23587022222;24087022222;10240;10228
3520;23688803000;23587355555;24087355555;10240;10228
3522;23688820000;23587355555;24087355555;10240;10228
3524;23688840000;23628644444;24128644444;10240;10228
3526;23688850000;23628644444;24128644444;10240;10228
3528;23688857000;23628644444;24128644444;10240;10228
3530;23688873000;23628700000;24128700000;10240;10228
3521;23688970000;23587355555;24087355555;10240;10228
3523;23689203000;23628644444;24128644444;10240;10228
3525;23689232000;23628644444;24128644444;10240;10228
3527;23689420000;23628644444;24128644444;10240;10228
3529;23689597000;23628644444;24128644444;10240;10228
3532;23730417000;23628988888;24128988888;10240;10228
3534;23730446000;23670288888;24170288888;10240;10228
3536;23730455000;23670288888;24170288888;10240;10228
3538;23730480000;23670288888;24170288888;10240;10228
3540;23730488000;23670288888;24170288888;10240;10228
3531;23730640000;23628988888;24128988888;10240;10228
3533;23730841000;23628988888;24128988888;10240;10228
3535;23730877000;23670288888;24170288888;10240;10228
3537;23731056000;23670288888;24170288888;10240;10228
3539;23731241000;23670288888;24170288888;10240;10228
3541;23731267000;23670333333;24170333333;10240;10228
3542;23772113000;23670622222;24170622222;10240;10228
3544;23772128000;23670622222;24170622222;10240;10228
3546;23772149000;23711977777;24211977777;10240;10228
3548;23772160000;23711977777;24211977777;10240;10228
3550;23772168000;23711977777;24211977777;10240;10228
3552;23772185000;23712022222;24212022222;10240;10228
3543;23772351000;23670622222;24170622222;10240;10228
3545;23772563000;23711977777;24211977777;10240;10228
3547;23772588000;23711977777;24211977777;10240;10228
3549;23772765000;23711977777;24211977777;10240;10228
3551;23772942000;23711977777;24211977777;10240;10228
3554;23813834000;23712355555;24212355555;10240;10228
3556;23813864000;23753644444;24253644444;10240;10228
3558;23813885000;23753644444;24253644444;10240;10228
3560;23813895000;23753644444;24253644444;10240;10228
3562;23813902000;23753644444;24253644444;10240;10228
3553;23813990000;23712355555;24212355555;10240;10228
3555;23814210000;23712355555;24212355555;10240;10228
3557;23814237000;23753644444;24253644444;10240;10228
3559;23814413000;23753644444;24253644444;10240;10228
3561;23814596000;23753644444;24253644444;10240;10228
3563;23814622000;23753688888;24253688888;10240;10228
3564;23855436000;23753977777;24253977777;10240;10228
3566;23855450000;23753977777;24253977777;10240;10228
3568;23855463000;23795311111;24295311111;10240;10228
3570;23855470000;23795311111;24295311111;10240;10228
3572;23855488000;23795311111;24295311111;10240;10228
3574;23855498000;23795355555;24295355555;10240;10228
3565;23855673000;23753977777;24253977777;10240;10228
3567;23855902000;23795311111;24295311111;10240;10228
3569;23855918000;23795311111;24295311111;10240;10228
3571;23856061000;23795311111;24295311111;10240;10228
3573;23856285000;23795311111;24295311111;10240;10228
3576;23897129000;23795633333;24295633333;10240;10228
3578;23897170000;23836977777;24336977777;10240;10228
3580;23897180000;23836977777;24336977777;10240;10228
3582;23897194000;23836977777;24336977777;10240;10228
3584;23897200000;23836977777;24336977777;10240;10228
3575;23897333000;23795633333;24295633333;10240;10228
3577;23897543000;23795633333;24295633333;10240;10228
3579;23897569000;23836977777;24336977777;10240;10228
3581;23897750000;23836977777;24336977777;10240;10228
3583;23897929000;23836977777;24336977777;10240;10228
3585;23897945000;23837022222;24337022222;10240;10228
3586;23938776000;23837355555;24337355555;10240;10228
3588;23938791000;23837355555;24337355555;10240;10228
3590;23938814000;23878644444;24378644444;10240;10228
3592;23938830000;23878644444;24378644444;10240;10228
3594;23938848000;23878644444;24378644444;10240;10228
3596;23938852000;23878688888;24378688888;10240;10228
3587;23939009000;23837355555;24337355555;10240;10228
3589;23939228000;23878644444;24378644444;10240;10228
3591;23939254000;23878644444;24378644444;10240;10228
3593;23939434000;23878644444;24378644444;10240;10228
3595;23939622000;23878644444;24378644444;10240;10228
3598;23980465000;23878988888;24378988888;10240;10228
3600;23980493000;23920311111;24420311111;10240;10228
3602;23980503000;23920311111;24420311111;10240;10228
3604;23980521000;23920311111;24420311111;10240;10228
3606;23980529000;23920311111;24420311111;10240;10228
3597;23980659000;23878988888;24378988888;10240;10228
3599;23980865000;23878988888;24378988888;10240;10228
3601;23980872000;23920311111;24420311111;10240;10228
3603;23981030000;23920311111;24420311111;10240;10228
3605;23981288000;23920311111;24420311111;10240;10228
3607;23981313000;23920355555;24420355555;10240;10228
3608;24022109000;23920666666;24420666666;10240;10228
3610;24022123000;23920666666;24420666666;10240;10228
3612;24022146000;23961977777;24461977777;10240;10228
3614;24022162000;23961977777;24461977777;10240;10228
3616;24022179000;23961977777;24461977777;10240;10228
3618;24022185000;23962022222;24462022222;10240;10228
3609;24022352000;23920666666;24420666666;10240;10228
3611;24022560000;23961977777;24461977777;10240;10228
3613;24022586000;23961977777;24461977777;10240;10228
3615;24022765000;23961977777;24461977777;10240;10228
3617;24022960000;23961977777;24461977777;10240;10228
3620;24063837000;23962344444;24462344444;10240;10228
3622;24063866000;24003644444;24503644444;10240;10228
3624;24063878000;24003644444;24503644444;10240;10228
3626;24063895000;24003644444;24503644444;10240;10228
3628;24063903000;24003644444;24503644444;10240;10228
3619;24063991000;23962344444;24462344444;10240;10228
3621;24064193000;23962344444;24462344444;10240;10228
3623;24064414000;24003644444;24503644444;10240;10228
3625;24064442000;24003644444;24503644444;10240;10228
3627;24064611000;24003644444;24503644444;10240;10228
3629;24064646000;24003688888;24503688888;10240;10228
3630;24105432000;24003966666;24503966666;10240;10228
3632;24105448000;24003966666;24503966666;10240;10228
3634;24105460000;24045311111;24545311111;10240;10228
3636;24105483000;24045311111;24545311111;10240;10228
3638;24105501000;24045311111;24545311111;10240;10228
3640;24105510000;24045355555;24545355555;10240;10228
3631;24105685000;24003966666;24503966666;10240;10228
3633;24105889000;24045311111;24545311111;10240;10228
3635;24105915000;24045311111;24545311111;10240;10228
3637;24106057000;24045311111;24545311111;10240;10228
3639;24106315000;24045311111;24545311111;10240;10228
3642;24147107000;24045633333;24545633333;10240;10228
3644;24147136000;24086977777;24586977777;10240;10228
3646;24147145000;24086977777;24586977777;10240;10228
3648;24147166000;24086977777;24586977777;10240;10228
3650;24147178000;24086977777;24586977777;10240;10228
3641;24147336000;24045633333;24545633333;10240;10228
3643;24147548000;24045633333;24545633333;10240;10228
3645;24147572000;24086977777;24586977777;10240;10228
3647;24147717000;24086977777;24586977777;10240;10228
3649;24147944000;24086977777;24586977777;10240;10228
3651;24147972000;24087022222;24587022222;10240;10228
3652;24188823000;24087366666;24587366666;10240;10228
3654;24188855000;24087366666;24587366666;10240;10228
3656;24188876000;24128644444;24628644444;10240;10228
3658;24188885000;24128644444;24628644444;10240;10228
3660;24188889000;24128644444;24628644444;10240;10228
3662;24188893000;24128688888;24628688888;10240;10228
3653;24189007000;24087366666;24587366666;10240;10228
3655;24189225000;24128644444;24628644444;10240;10228
3657;24189253000;24128644444;24628644444;10240;10228
3659;24189429000;24128644444;24628644444;10240;10228
3661;24189638000;24128644444;24628644444;10240;10228
3664;24230498000;24128977777;24628977777;10240;10228
3666;24230527000;24170311111;24670311111;10240;10228
3668;24230536000;24170311111;24670311111;10240;10228
3670;24230555000;24170311111;24670311111;10240;10228
3672;24230562000;24170311111;24670311111;10240;10228
3663;24230661000;24128977777;24628977777;10240;10228
3665;24230864000;24128977777;24628977777;10240;10228
3667;24230884000;24170311111;24670311111;10240;10228
3669;24231074000;24170311111;24670311111;10240;10228
3671;24231290000;24170311111;24670311111;10240;10228
3673;24231315000;24170355555;24670355555;10240;10228
3674;24272127000;24170644444;24670644444;10240;10228
3676;24272152000;24170644444;24670644444;10240;10228
3678;24272174000;24211977777;24711977777;10240;10228
3680;24272192000;24211977777;24711977777;10240;10228
3682;24272207000;24211977777;24711977777;10240;10228
3684;24272212000;24212022222;24712022222;10240;10228
3675;24272357000;24170644444;24670644444;10240;10228
3677;24272570000;24211977777;24711977777;10240;10228
3679;24272598000;24211977777;24711977777;10240;10228
3681;24272764000;24211977777;24711977777;10240;10228
3683;24272967000;24211977777;24711977777;10240;10228
3686;24313806000;24212366666;24712366666;10240;10228
3688;24313826000;24253644444;24753644444;10240;10228
3690;24313835000;24253644444;24753644444;10240;10228
3692;24313844000;24253644444;24753644444;10240;10228
3694;24313850000;24253644444;24753644444;10240;10228
3685;24313991000;24212366666;24712366666;10240;10228
3687;24314215000;24212366666;24712366666;10240;10228
3689;24314250000;24253644444;24753644444;10240;10228
3691;24314441000;24253644444;24753644444;10240;10228
3693;24314614000;24253644444;24753644444;10240;10228
3695;24314638000;24253688888;24753688888;10240;10228
3696;24355423000;24253966666;24753966666;10240;10228
3698;24355440000;24253966666;24753966666;10240;10228
3700;24355462000;24295311111;24795311111;10240;10228
3702;24355481000;24295311111;24795311111;10240;10228
3704;24355497000;24295311111;24795311111;10240;10228
3706;24355502000;24295355555;24795355555;10240;10228
3697;24355645000;24253966666;24753966666;10240;10228
3699;24355858000;24295311111;24795311111;10240;10228
3701;24355882000;24295311111;24795311111;10240;10228
3703;24356028000;24295311111;24795311111;10240;10228
3705;24356276000;24295311111;24795311111;10240;10228
3708;24397157000;24295611111;24795611111;10240;10228
3710;24397185000;24336966666;24836966666;10240;10228
3712;24397194000;24336966666;24836966666;10240;10228
3714;24397212000;24336966666;24836966666;10240;10228
3716;24397219000;24336966666;24836966666;10240;10228
3707;24397345000;24295611111;24795611111;10240;10228
3709;24397542000;24295611111;24795611111;10240;10228
3711;24397571000;24336966666;24836966666;10240;10228
3713;24397736000;24336966666;24836966666;10240;10228
3715;24397924000;24336966666;24836966666;10240;10228
3717;24397939000;24337011111;24837011111;10240;10228
3718;24438775000;24337355555;24837355555;10240;10228
3720;24438790000;24337355555;24837355555;10240;10228
3722;24438812000;24378644444;24878644444;10240;10228
3724;24438828000;24378644444;24878644444;10240;10228
3726;24438846000;24378644444;24878644444;10240;10228
3728;24438850000;24378688888;24878688888;10240;10228
3719;24439015000;24337355555;24837355555;10240;10228
3721;24439238000;24378644444;24878644444;10240;10228
3723;24439266000;24378644444;24878644444;10240;10228
3725;24439424000;24378644444;24878644444;10240;10228
3727;24439628000;24378644444;24878644444;10240;10228
3730;24480443000;24378955555;24878955555;10240;10228
3732;24480483000;24420311111;24920311111;10240;10228
3734;24480496000;24420311111;24920311111;10240;10228
3736;24480513000;24420311111;24920311111;10240;10228
3738;24480519000;24420311111;24920311111;10240;10228
3729;24480666000;24378955555;24878955555;10240;10228
3731;24480877000;24378955555;24878955555;10240;10228
3733;24480901000;24420311111;24920311111;10240;10228
3737;24481039000;24420311111;24920311111;10240;10228
3739;24481296000;24420355555;24920355555;10240;10228
3740;24522068000;24420633333;24920633333;10240;10228
3742;24522087000;24420633333;24920633333;10240;10228
3744;24522100000;24461955555;24961955555;10240;10228
3746;24522111000;24461955555;24961955555;10240;10228
3748;24522118000;24461955555;24961955555;10240;10228
3750;24522126000;24462000000;24962000000;10240;10228
3741;24522345000;24420633333;24920633333;10240;10228
3743;24522539000;24461955555;24961955555;10240;10228
3745;24522554000;24461955555;24961955555;10240;10228
3747;24522734000;24461955555;24961955555;10240;10228
3749;24522941000;24461955555;24961955555;10240;10228
3752;24563804000;24462322222;24962322222;10240;10228
3754;24563823000;24503611111;25003611111;10240;10228
3756;24563832000;24503611111;25003611111;10240;10228
3758;24563842000;24503611111;25003611111;10240;10228
3760;24563849000;24503611111;25003611111;10240;10228
3751;24563985000;24462322222;24962322222;10240;10228
3753;24564189000;24462322222;24962322222;10240;10228
3755;24564205000;24503611111;25003611111;10240;10228
3757;24564409000;24503611111;25003611111;10240;10228
3759;24564601000;24503611111;25003611111;10240;10228
3761;24564621000;24503655555;25003655555;10240;10228
3762;24605483000;24503933333;25003933333;10240;10228
3764;24605501000;24503933333;25003933333;10240;10228
3766;24605514000;24545311111;25045311111;10240;10228
3768;24605522000;24545311111;25045311111;10240;10228
3770;24605529000;24545311111;25045311111;10240;10228
3772;24605537000;24545355555;25045355555;10240;10228
3763;24605681000;24503933333;25003933333;10240;10228
3765;24605892000;24545311111;25045311111;10240;10228
3767;24605901000;24545311111;25045311111;10240;10228
3769;24606082000;24545311111;25045311111;10240;10228
3771;24606311000;24545311111;25045311111;10240;10228
3735;24642805000;24420311111;24920311111;10240;10228
3774;24647110000;24545633333;25045633333;10240;10228
3776;24647138000;24586944444;25086944444;10240;10228
3778;24647148000;24586944444;25086944444;10240;10228
3780;24647166000;24586944444;25086944444;10240;10228
3782;24647174000;24586944444;25086944444;10240;10228
3773;24647324000;24545633333;25045633333;10240;10228
3775;24647523000;24545633333;25045633333;10240;10228
3777;24647550000;24586944444;25086944444;10240;10228
3779;24647699000;24586944444;25086944444;10240;10228
3781;24647919000;24586944444;25086944444;10240;10228
3783;24647943000;24587000000;25087000000;10240;10228
3784;24688795000;24587311111;25087311111;10240;10228
3786;24688813000;24587311111;25087311111;10240;10228
3788;24688833000;24628644444;25128644444;10240;10228
3790;24688845000;24628644444;25128644444;10240;10228
3792;24688853000;24628644444;25128644444;10240;10228
3794;24688867000;24628688888;25128688888;10240;10228
3785;24689007000;24587311111;25087311111;10240;10228
3787;24689235000;24628644444;25128644444;10240;10228
3789;24689264000;24628644444;25128644444;10240;10228
3791;24689454000;24628644444;25128644444;10240;10228
3793;24689618000;24628644444;25128644444;10240;10228
3796;24730504000;24628966666;25128966666;10240;10228
3798;24730533000;24670311111;25170311111;10240;10228
3800;24730543000;24670311111;25170311111;10240;10228
3802;24730560000;24670311111;25170311111;10240;10228
3804;24730567000;24670311111;25170311111;10240;10228
3795;24730663000;24628966666;25128966666;10240;10228
3797;24730879000;24628966666;25128966666;10240;10228
3799;24730901000;24670311111;25170311111;10240;10228
3801;24731060000;24670311111;25170311111;10240;10228
3803;24731296000;24670311111;25170311111;10240;10228
3805;24731325000;24670355555;25170355555;10240;10228
3806;24772150000;24670622222;25170622222;10240;10228
3808;24772180000;24670622222;25170622222;10240;10228
3810;24772202000;24711977777;25211977777;10240;10228
3812;24772216000;24711977777;25211977777;10240;10228
3814;24772220000;24711977777;25211977777;10240;10228
3816;24772232000;24712022222;25212022222;10240;10228
3807;24772352000;24670622222;25170622222;10240;10228
3809;24772560000;24711977777;25211977777;10240;10228
3811;24772587000;24711977777;25211977777;10240;10228
3813;24772748000;24711977777;25211977777;10240;10228
3815;24772944000;24711977777;25211977777;10240;10228
3818;24813780000;24712333333;25212333333;10240;10228
3820;24813809000;24753644444;25253644444;10240;10228
3822;24813818000;24753644444;25253644444;10240;10228
3824;24813841000;24753644444;25253644444;10240;10228
3826;24813849000;24753644444;25253644444;10240;10228
3817;24813993000;24712333333;25212333333;10240;10228
3819;24814210000;24712333333;25212333333;10240;10228
3821;24814236000;24753644444;25253644444;10240;10228
3823;24814397000;24753644444;25253644444;10240;10228
3825;24814594000;24753644444;25253644444;10240;10228
3827;24814620000;24753688888;25253688888;10240;10228
3828;24855457000;24753966666;25253966666;10240;10228
3830;24855474000;24753966666;25253966666;10240;10228
3832;24855499000;24795277777;25295277777;10240;10228
3834;24855514000;24795277777;25295277777;10240;10228
3836;24855530000;24795277777;25295277777;10240;10228
3838;24855535000;24795322222;25295322222;10240;10228
3829;24855645000;24753966666;25253966666;10240;10228
3831;24855848000;24795277777;25295277777;10240;10228
3833;24855867000;24795277777;25295277777;10240;10228
3835;24856025000;24795277777;25295277777;10240;10228
3837;24856253000;24795277777;25295277777;10240;10228
3840;24897110000;24795588888;25295588888;10240;10228
3842;24897139000;24836955555;25336955555;10240;10228
3844;24897161000;24836955555;25336955555;10240;10228
3846;24897170000;24836955555;25336955555;10240;10228
3848;24897177000;24836955555;25336955555;10240;10228
3839;24897275000;24795588888;25295588888;10240;10228
3841;24897446000;24795588888;25295588888;10240;10228
3843;24897638000;24836955555;25336955555;10240;10228
3847;24897657000;24836955555;25336955555;10240;10228
3849;24897839000;24837000000;25337000000;10240;10228
3850;24938808000;24837333333;25337333333;10240;10228
3852;24938823000;24837333333;25337333333;10240;10228
3854;24938834000;24878633333;25378633333;10240;10228
3856;24938843000;24878633333;25378633333;10240;10228
3858;24938854000;24878633333;25378633333;10240;10228
3860;24938861000;24878688888;25378688888;10240;10228
3851;24939001000;24837333333;25337333333;10240;10228
3853;24939217000;24878633333;25378633333;10240;10228
3855;24939228000;24878633333;25378633333;10240;10228
3857;24939421000;24878633333;25378633333;10240;10228
3859;24939629000;24878633333;25378633333;10240;10228
3862;24980473000;24878977777;25378977777;10240;10228
3864;24980489000;24920311111;25420311111;10240;10228
3866;24980498000;24920311111;25420311111;10240;10228
3868;24980508000;24920311111;25420311111;10240;10228
3870;24980517000;24920311111;25420311111;10240;10228
3861;24980655000;24878977777;25378977777;10240;10228
3863;24980861000;24878977777;25378977777;10240;10228
3865;24981057000;24920311111;25420311111;10240;10228
3867;24981080000;24920311111;25420311111;10240;10228
3869;24981268000;24920311111;25420311111;10240;10228
3871;24981280000;24920355555;25420355555;10240;10228
3872;25022108000;24920655555;25420655555;10240;10228
3874;25022124000;24920655555;25420655555;10240;10228
3876;25022133000;24961977777;25461977777;10240;10228
3878;25022146000;24961977777;25461977777;10240;10228
3880;25022156000;24961977777;25461977777;10240;10228
3882;25022167000;24962022222;25462022222;10240;10228
3873;25022349000;24920655555;25420655555;10240;10228
3875;25022559000;24961977777;25461977777;10240;10228
3877;25022581000;24961977777;25461977777;10240;10228
3879;25022764000;24961977777;25461977777;10240;10228
3881;25022961000;24961977777;25461977777;10240;10228
3845;25059395000;24836955555;25336955555;10240;10228
3884;25063800000;24962333333;25462333333;10240;10228
3886;25063833000;25003644444;25503644444;10240;10228
3887;25063873000;25003644444;25503644444;10240;10228
3888;25063881000;25003644444;25503644444;10240;10228
3889;25063889000;25003644444;25503644444;10240;10228
3890;25063895000;25003644444;25503644444;10240;10228
3891;25063900000;25003644444;25503644444;10240;10228
3883;25063986000;24962333333;25462333333;10240;10228
3885;25064198000;24962333333;25462333333;10240;10228
3892;25100739000;25003644444;25503644444;10240;10228
3893;25100752000;25003688888;25503688888;10240;10228
3894;25105410000;25003944444;25503944444;10240;10228
3896;25105424000;25003944444;25503944444;10240;10228
3898;25105454000;25045277777;25545277777;10240;10228
3900;25105463000;25045277777;25545277777;10240;10228
3902;25105478000;25045277777;25545277777;10240;10228
3895;25105653000;25003944444;25503944444;10240;10228
3897;25105854000;25045277777;25545277777;10240;10228
3899;25105889000;25045277777;25545277777;10240;10228
3901;25106058000;25045277777;25545277777;10240;10228
3903;25106256000;25045277777;25545277777;10240;10228
3904;25142346000;25045333333;25545333333;10240;10228
3906;25147122000;25045588888;25545588888;10240;10228
3908;25147140000;25086977777;25586977777;10240;10228
3910;25147150000;25086977777;25586977777;10240;10228
3912;25147157000;25086977777;25586977777;10240;10228
3914;25147174000;25086977777;25586977777;10240;10228
3915;25147183000;25087022222;25587022222;10240;10228
3905;25147322000;25045588888;25545588888;10240;10228
3907;25147525000;25045588888;25545588888;10240;10228
3909;25147740000;25086977777;25586977777;10240;10228
3911;25147775000;25086977777;25586977777;10240;10228
3913;25147944000;25086977777;25586977777;10240;10228
3916;25188824000;25087333333;25587333333;10240;10228
3918;25188838000;25087333333;25587333333;10240;10228
3920;25188860000;25128644444;25628644444;10240;10228
3922;25188880000;25128644444;25628644444;10240;10228
3924;25188897000;25128644444;25628644444;10240;10228
3925;25188901000;25128644444;25628644444;10240;10228
3926;25188905000;25128688888;25628688888;10240;10228
3917;25189006000;25087333333;25587333333;10240;10228
3919;25189226000;25128644444;25628644444;10240;10228
3921;25189252000;25128644444;25628644444;10240;10228
3923;25189429000;25128644444;25628644444;10240;10228
3928;25230448000;25128977777;25628977777;10240;10228
3930;25230468000;25170311111;25670311111;10240;10228
3932;25230480000;25170311111;25670311111;10240;10228
3934;25230487000;25170311111;25670311111;10240;10228
3936;25230502000;25170311111;25670311111;10240;10228
3937;25230510000;25170355555;25670355555;10240;10228
3927;25230657000;25128977777;25628977777;10240;10228
3929;25230859000;25128977777;25628977777;10240;10228
3931;25231079000;25170311111;25670311111;10240;10228
3933;25231103000;25170311111;25670311111;10240;10228
3935;25231274000;25170311111;25670311111;10240;10228
3938;25272103000;25170644444;25670644444;10240;10228
3940;25272119000;25170644444;25670644444;10240;10228
3942;25272140000;25211977777;25711977777;10240;10228
3944;25272149000;25211977777;25711977777;10240;10228
3946;25272159000;25211977777;25711977777;10240;10228
3948;25272175000;25212022222;25712022222;10240;10228
3939;25272349000;25170644444;25670644444;10240;10228
3941;25272568000;25211977777;25711977777;10240;10228
3943;25272598000;25211977777;25711977777;10240;10228
3945;25272731000;25211977777;25711977777;10240;10228
3947;25272965000;25211977777;25711977777;10240;10228
3950;25313792000;25212355555;25712355555;10240;10228
3952;25313826000;25253644444;25753644444;10240;10228
3954;25313846000;25253644444;25753644444;10240;10228
3956;25313853000;25253644444;25753644444;10240;10228
3958;25313860000;25253644444;25753644444;10240;10228
3959;25313867000;25253688888;25753688888;10240;10228
3949;25313998000;25212355555;25712355555;10240;10228
3951;25314217000;25212355555;25712355555;10240;10228
3953;25314247000;25253644444;25753644444;10240;10228
3955;25314437000;25253644444;25753644444;10240;10228
3957;25314588000;25253644444;25753644444;10240;10228
3960;25355443000;25253966666;25753966666;10240;10228
3962;25355458000;25253966666;25753966666;10240;10228
3964;25355496000;25295311111;25795311111;10240;10228
3966;25355507000;25295311111;25795311111;10240;10228
3968;25355512000;25295311111;25795311111;10240;10228
3970;25355524000;25295355555;25795355555;10240;10228
3961;25355681000;25253966666;25753966666;10240;10228
3963;25355903000;25295311111;25795311111;10240;10228
3965;25355926000;25295311111;25795311111;10240;10228
3967;25356069000;25295311111;25795311111;10240;10228
3969;25356312000;25295311111;25795311111;10240;10228
3972;25397168000;25295622222;25795622222;10240;10228
3974;25397197000;25336977777;25836977777;10240;10228
3976;25397206000;25336977777;25836977777;10240;10228
3978;25397224000;25336977777;25836977777;10240;10228
3980;25397232000;25336977777;25836977777;10240;10228
3981;25397239000;25337022222;25837022222;10240;10228
3971;25397359000;25295622222;25795622222;10240;10228
3973;25397551000;25295622222;25795622222;10240;10228
3975;25397581000;25336977777;25836977777;10240;10228
3977;25397745000;25336977777;25836977777;10240;10228
3979;25397948000;25336977777;25836977777;10240;10228
3982;25438745000;25337377777;25837377777;10240;10228
3984;25438761000;25337377777;25837377777;10240;10228
3986;25438783000;25378611111;25878611111;10240;10228
3988;25438796000;25378611111;25878611111;10240;10228
3990;25438818000;25378611111;25878611111;10240;10228
3992;25438823000;25378655555;25878655555;10240;10228
3983;25438980000;25337377777;25837377777;10240;10228
3985;25439195000;25378611111;25878611111;10240;10228
3987;25439225000;25378611111;25878611111;10240;10228
3989;25439422000;25378611111;25878611111;10240;10228
3991;25439600000;25378611111;25878611111;10240;10228
3994;25480477000;25378922222;25878922222;10240;10228
3996;25480496000;25420277777;25920277777;10240;10228
3998;25480506000;25420277777;25920277777;10240;10228
4000;25480514000;25420277777;25920277777;10240;10228
4002;25480521000;25420277777;25920277777;10240;10228
3993;25480625000;25378922222;25878922222;10240;10228
3995;25480848000;25378922222;25878922222;10240;10228
3997;25480882000;25420277777;25920277777;10240;10228
3999;25481068000;25420277777;25920277777;10240;10228
4001;25481248000;25420277777;25920277777;10240;10228
4003;25481267000;25420322222;25920322222;10240;10228
4004;25522059000;25420611111;25920611111;10240;10228
4006;25522076000;25420611111;25920611111;10240;10228
4008;25522087000;25461944444;25961944444;10240;10228
4012;25522097000;25461944444;25961944444;10240;10228
4014;25522106000;25462000000;25962000000;10240;10228
4005;25522282000;25420611111;25920611111;10240;10228
4007;25522504000;25461944444;25961944444;10240;10228
4009;25522533000;25461944444;25961944444;10240;10228
4011;25522695000;25461944444;25961944444;10240;10228
4013;25522900000;25461944444;25961944444;10240;10228
4016;25563805000;25462322222;25962322222;10240;10228
4018;25563821000;25503622222;26003622222;10240;10228
4020;25563834000;25503622222;26003622222;10240;10228
4022;25563842000;25503622222;26003622222;10240;10228
4024;25563850000;25503622222;26003622222;10240;10228
4015;25563970000;25462322222;25962322222;10240;10228
4017;25564192000;25462322222;25962322222;10240;10228
4019;25564205000;25503622222;26003622222;10240;10228
4021;25564411000;25503622222;26003622222;10240;10228
4023;25564590000;25503622222;26003622222;10240;10228
4025;25564601000;25503666666;26003666666;10240;10228
4026;25605451000;25503955555;26003955555;10240;10228
4028;25605468000;25503955555;26003955555;10240;10228
4030;25605477000;25545311111;26045311111;10240;10228
4032;25605484000;25545311111;26045311111;10240;10228
4034;25605502000;25545311111;26045311111;10240;10228
4036;25605512000;25545355555;26045355555;10240;10228
4027;25605670000;25503955555;26003955555;10240;10228
4029;25605872000;25545311111;26045311111;10240;10228
4031;25606098000;25545311111;26045311111;10240;10228
4033;25606117000;25545311111;26045311111;10240;10228
4035;25606296000;25545311111;26045311111;10240;10228
4038;25647140000;25545655555;26045655555;10240;10228
4040;25647157000;25586977777;26086977777;10240;10228
4042;25647167000;25586977777;26086977777;10240;10228
4044;25647191000;25586977777;26086977777;10240;10228
4046;25647195000;25586977777;26086977777;10240;10228
4037;25647331000;25545655555;26045655555;10240;10228
4039;25647537000;25545655555;26045655555;10240;10228
4041;25647731000;25586977777;26086977777;10240;10228
4043;25647748000;25586977777;26086977777;10240;10228
4045;25647950000;25586977777;26086977777;10240;10228
4047;25647970000;25587022222;26087022222;10240;10228
4010;25684155000;25461944444;25961944444;10240;10228
4048;25688997000;25587355555;26087355555;10240;10228
4049;25689206000;25587355555;26087355555;10240;10228
4050;25689220000;25587355555;26087355555;10240;10228
4051;25689426000;25628644444;26128644444;10240;10228
4052;25689615000;25628644444;26128644444;10240;10228
4053;25689629000;25628644444;26128644444;10240;10228
4054;25689823000;25628644444;26128644444;10240;10228
4055;25725800000;25628644444;26128644444;10240;10228
4056;25725815000;25628644444;26128644444;10240;10228
4057;25725824000;25628644444;26128644444;10240;10228
4058;25725830000;25628677777;26128677777;10240;10228
4059;25730461000;25628966666;26128966666;10240;10228
4061;25730472000;25628966666;26128966666;10240;10228
4060;25730681000;25628966666;26128966666;10240;10228
4062;25730866000;25670277777;26170277777;10240;10228
4063;25730877000;25670277777;26170277777;10240;10228
4064;25731071000;25670277777;26170277777;10240;10228
4065;25731286000;25670277777;26170277777;10240;10228
4066;25731299000;25670277777;26170277777;10240;10228
4067;25767458000;25670277777;26170277777;10240;10228
4068;25767474000;25670277777;26170277777;10240;10228
4069;25767480000;25670322222;26170322222;10240;10228
4071;25772128000;25670588888;26170588888;10240;10228
4073;25772144000;25711977777;26211977777;10240;10228
4075;25772154000;25711977777;26211977777;10240;10228
4077;25772161000;25711977777;26211977777;10240;10228
4070;25772326000;25670588888;26170588888;10240;10228
4072;25772542000;25670588888;26170588888;10240;10228
4074;25772569000;25711977777;26211977777;10240;10228
4076;25772731000;25711977777;26211977777;10240;10228
4078;25772943000;25711977777;26211977777;10240;10228
4079;25772954000;25711977777;26211977777;10240;10228
4080;25804476000;25712022222;26212022222;10240;10228
4081;25814016000;25712333333;26212333333;10240;10228
4082;25814188000;25712333333;26212333333;10240;10228
4083;25814394000;25712333333;26212333333;10240;10228
4084;25814412000;25753644444;26253644444;10240;10228
4085;25814600000;25753644444;26253644444;10240;10228
4086;25814610000;25753644444;26253644444;10240;10228
4087;25814803000;25753644444;26253644444;10240;10228
4088;25846074000;25753644444;26253644444;10240;10228
4089;25846091000;25753644444;26253644444;10240;10228
4090;25846101000;25753644444;26253644444;10240;10228
4091;25846106000;25753677777;26253677777;10240;10228
4093;25855494000;25753977777;26253977777;10240;10228
4095;25855511000;25795311111;26295311111;10240;10228
4092;25855657000;25753977777;26253977777;10240;10228
4094;25855861000;25753977777;26253977777;10240;10228
4096;25856072000;25795311111;26295311111;10240;10228
4097;25856092000;25795311111;26295311111;10240;10228
4098;25856289000;25795311111;26295311111;10240;10228
4099;25856308000;25795311111;26295311111;10240;10228
4100;25880940000;25795311111;26295311111;10240;10228
4101;25887829000;25795311111;26295311111;10240;10228
4102;25887843000;25795355555;26295355555;10240;10228
4104;25897167000;25795611111;26295611111;10240;10228
4106;25897195000;25836977777;26336977777;10240;10228
4108;25897204000;25836977777;26336977777;10240;10228
4110;25897220000;25836977777;26336977777;10240;10228
4112;25897228000;25836977777;26336977777;10240;10228
4103;25897353000;25795611111;26295611111;10240;10228
4105;25897544000;25795611111;26295611111;10240;10228
4107;25897573000;25836977777;26336977777;10240;10228
4109;25897745000;25836977777;26336977777;10240;10228
4111;25897932000;25836977777;26336977777;10240;10228
4113;25897947000;25837022222;26337022222;10240;10228
4114;25938785000;25837333333;26337333333;10240;10228
4116;25938799000;25837333333;26337333333;10240;10228
4115;25939008000;25837333333;26337333333;10240;10228
4117;25939242000;25878644444;26378644444;10240;10228
4118;25939255000;25878644444;26378644444;10240;10228
4119;25939443000;25878644444;26378644444;10240;10228
4120;25939652000;25878644444;26378644444;10240;10228
4121;25939671000;25878644444;26378644444;10240;10228
4122;25939843000;25878644444;26378644444;10240;10228
4123;25966288000;25878644444;26378644444;10240;10228
4124;25966303000;25878688888;26378688888;10240;10228
4126;25980431000;25878966666;26378966666;10240;10228
4128;25980460000;25920311111;26420311111;10240;10228
4130;25980469000;25920311111;26420311111;10240;10228
4132;25980486000;25920311111;26420311111;10240;10228
4125;25980655000;25878966666;26378966666;10240;10228
4127;25980854000;25878966666;26378966666;10240;10228
4129;25980878000;25920311111;26420311111;10240;10228
4131;25981050000;25920311111;26420311111;10240;10228
4133;25981251000;25920311111;26420311111;10240;10228
4134;25981262000;25920311111;26420311111;10240;10228
4135;25981446000;25920355555;26420355555;10240;10228
4136;26022097000;25920666666;26420666666;10240;10228
4138;26022114000;25920666666;26420666666;10240;10228
4140;26022128000;25961966666;26461966666;10240;10228
4142;26022138000;25961966666;26461966666;10240;10228
4144;26022146000;25961966666;26461966666;10240;10228
4146;26022153000;25962022222;26462022222;10240;10228
4137;26022300000;25920666666;26420666666;10240;10228
4139;26022520000;25961966666;26461966666;10240;10228
4141;26022550000;25961966666;26461966666;10240;10228
4143;26022698000;25961966666;26461966666;10240;10228
4145;26022921000;25961966666;26461966666;10240;10228
4148;26063780000;25962344444;26462344444;10240;10228
4150;26063810000;26003644444;26503644444;10240;10228
4152;26063818000;26003644444;26503644444;10240;10228
4147;26064002000;25962344444;26462344444;10240;10228
4149;26064219000;25962344444;26462344444;10240;10228
4151;26064248000;26003644444;26503644444;10240;10228
4153;26064422000;26003644444;26503644444;10240;10228
4154;26064620000;26003644444;26503644444;10240;10228
4155;26064629000;26003644444;26503644444;10240;10228
4156;26064837000;26003644444;26503644444;10240;10228
4157;26064846000;26003688888;26503688888;10240;10228
4158;26105470000;26003955555;26503955555;10240;10228
4160;26105487000;26003955555;26503955555;10240;10228
4162;26105516000;26045311111;26545311111;10240;10228
4164;26105528000;26045311111;26545311111;10240;10228
4166;26105542000;26045311111;26545311111;10240;10228
4168;26105546000;26045366666;26545366666;10240;10228
4159;26105643000;26003955555;26503955555;10240;10228
4161;26105873000;26045311111;26545311111;10240;10228
4163;26105897000;26045311111;26545311111;10240;10228
4165;26106013000;26045311111;26545311111;10240;10228
4167;26106277000;26045311111;26545311111;10240;10228
4170;26147120000;26045644444;26545644444;10240;10228
4172;26147147000;26086966666;26586966666;10240;10228
4174;26147160000;26086966666;26586966666;10240;10228
4176;26147179000;26086966666;26586966666;10240;10228
4178;26147186000;26086966666;26586966666;10240;10228
4169;26147351000;26045644444;26545644444;10240;10228
4171;26147544000;26045644444;26545644444;10240;10228
4173;26147573000;26086966666;26586966666;10240;10228
4175;26147739000;26086966666;26586966666;10240;10228
4177;26147927000;26086966666;26586966666;10240;10228
4179;26147941000;26087022222;26587022222;10240;10228
4180;26188791000;26087366666;26587366666;10240;10228
4182;26188806000;26087366666;26587366666;10240;10228
4184;26188828000;26128611111;26628611111;10240;10228
4186;26188839000;26128611111;26628611111;10240;10228
4188;26188844000;26128611111;26628611111;10240;10228
4181;26188982000;26087366666;26587366666;10240;10228
4183;26189201000;26128611111;26628611111;10240;10228
4185;26189233000;26128611111;26628611111;10240;10228
4187;26189420000;26128611111;26628611111;10240;10228
4189;26189585000;26128611111;26628611111;10240;10228
4190;26189595000;26128655555;26628655555;10240;10228
4191;26230462000;26128944444;26628944444;10240;10228
4193;26230478000;26128944444;26628944444;10240;10228
4195;26230491000;26170311111;26670311111;10240;10228
4197;26230526000;26170311111;26670311111;10240;10228
4199;26230530000;26170311111;26670311111;10240;10228
4201;26230534000;26170355555;26670355555;10240;10228
4192;26230649000;26128944444;26628944444;10240;10228
4194;26230855000;26170311111;26670311111;10240;10228
4196;26231079000;26170311111;26670311111;10240;10228
4198;26231106000;26170311111;26670311111;10240;10228
4200;26231255000;26170311111;26670311111;10240;10228
4203;26272163000;26170666666;26670666666;10240;10228
4205;26272190000;26211966666;26711966666;10240;10228
4207;26272200000;26211966666;26711966666;10240;10228
4209;26272217000;26211966666;26711966666;10240;10228
4211;26272224000;26211966666;26711966666;10240;10228
4202;26272345000;26170666666;26670666666;10240;10228
4204;26272545000;26170666666;26670666666;10240;10228
4206;26272574000;26211966666;26711966666;10240;10228
4208;26272722000;26211966666;26711966666;10240;10228
4210;26272943000;26211966666;26711966666;10240;10228
4212;26272965000;26212022222;26712022222;10240;10228
4213;26313821000;26212366666;26712366666;10240;10228
4215;26313834000;26212366666;26712366666;10240;10228
4217;26313864000;26253644444;26753644444;10240;10228
4219;26313874000;26253644444;26753644444;10240;10228
4221;26313889000;26253644444;26753644444;10240;10228
4223;26313892000;26253688888;26753688888;10240;10228
4214;26314014000;26212366666;26712366666;10240;10228
4216;26314226000;26253644444;26753644444;10240;10228
4218;26314256000;26253644444;26753644444;10240;10228
4220;26314396000;26253644444;26753644444;10240;10228
4222;26314632000;26253644444;26753644444;10240;10228
4225;26355501000;26253977777;26753977777;10240;10228
4227;26355529000;26295311111;26795311111;10240;10228
4229;26355539000;26295311111;26795311111;10240;10228
4231;26355555000;26295311111;26795311111;10240;10228
4233;26355562000;26295311111;26795311111;10240;10228
4224;26355667000;26253977777;26753977777;10240;10228
4226;26355881000;26253977777;26753977777;10240;10228
4228;26355903000;26295311111;26795311111;10240;10228
4230;26356040000;26295311111;26795311111;10240;10228
4232;26356279000;26295311111;26795311111;10240;10228
4234;26356298000;26295355555;26795355555;10240;10228
4235;26397150000;26295633333;26795633333;10240;10228
4237;26397164000;26295633333;26795633333;10240;10228
4239;26397194000;26336977777;26836977777;10240;10228
4241;26397204000;26336977777;26836977777;10240;10228
4243;26397219000;26336977777;26836977777;10240;10228
4245;26397222000;26337022222;26837022222;10240;10228
4236;26397375000;26295633333;26795633333;10240;10228
4238;26397568000;26336977777;26836977777;10240;10228
4240;26397597000;26336977777;26836977777;10240;10228
4242;26397745000;26336977777;26836977777;10240;10228
4244;26397963000;26336977777;26836977777;10240;10228
4247;26438781000;26337366666;26837366666;10240;10228
4249;26438809000;26378644444;26878644444;10240;10228
4251;26438819000;26378644444;26878644444;10240;10228
4253;26438835000;26378644444;26878644444;10240;10228
4255;26438853000;26378644444;26878644444;10240;10228
4246;26438997000;26337366666;26837366666;10240;10228
4248;26439214000;26337366666;26837366666;10240;10228
4250;26439242000;26378644444;26878644444;10240;10228
4252;26439408000;26378644444;26878644444;10240;10228
4254;26439601000;26378644444;26878644444;10240;10228
4256;26439616000;26378688888;26878688888;10240;10228
4257;26480436000;26379000000;26879000000;10240;10228
4259;26480451000;26379000000;26879000000;10240;10228
4261;26480473000;26420311111;26920311111;10240;10228
4263;26480489000;26420311111;26920311111;10240;10228
4265;26480507000;26420311111;26920311111;10240;10228
4267;26480511000;26420355555;26920355555;10240;10228
4258;26480647000;26379000000;26879000000;10240;10228
4260;26480854000;26420311111;26920311111;10240;10228
4262;26480879000;26420311111;26920311111;10240;10228
4264;26481018000;26420311111;26920311111;10240;10228
4266;26481259000;26420311111;26920311111;10240;10228
4269;26522137000;26420655555;26920655555;10240;10228
4271;26522165000;26461944444;26961944444;10240;10228
4273;26522175000;26461944444;26961944444;10240;10228
4275;26522207000;26461944444;26961944444;10240;10228
4277;26522211000;26461944444;26961944444;10240;10228
4268;26522330000;26420655555;26920655555;10240;10228
4270;26522517000;26420655555;26920655555;10240;10228
4272;26522546000;26461944444;26961944444;10240;10228
4274;26522687000;26461944444;26961944444;10240;10228
4276;26522905000;26461944444;26961944444;10240;10228
4278;26522920000;26462000000;26962000000;10240;10228
4279;26563821000;26462344444;26962344444;10240;10228
4281;26563838000;26462344444;26962344444;10240;10228
4283;26563867000;26503644444;27003644444;10240;10228
4285;26563878000;26503644444;27003644444;10240;10228
4287;26563892000;26503644444;27003644444;10240;10228
4289;26563895000;26503688888;27003688888;10240;10228
4280;26564013000;26462344444;26962344444;10240;10228
4282;26564233000;26503644444;27003644444;10240;10228
4284;26564263000;26503644444;27003644444;10240;10228
4286;26564420000;26503644444;27003644444;10240;10228
4288;26564617000;26503644444;27003644444;10240;10228
4291;26605447000;26503977777;27003977777;10240;10228
4293;26605477000;26545311111;27045311111;10240;10228
4295;26605487000;26545311111;27045311111;10240;10228
4297;26605504000;26545311111;27045311111;10240;10228
4299;26605516000;26545311111;27045311111;10240;10228
4290;26605665000;26503977777;27003977777;10240;10228
4292;26605875000;26503977777;27003977777;10240;10228
4294;26605900000;26545311111;27045311111;10240;10228
4296;26606039000;26545311111;27045311111;10240;10228
4298;26606277000;26545311111;27045311111;10240;10228
4300;26606296000;26545355555;27045355555;10240;10228
4301;26647109000;26545644444;27045644444;10240;10228
4303;26647127000;26545644444;27045644444;10240;10228
4305;26647149000;26586977777;27086977777;10240;10228
4307;26647165000;26586977777;27086977777;10240;10228
4309;26647182000;26586977777;27086977777;10240;10228
4311;26647188000;26587022222;27087022222;10240;10228
4302;26647374000;26545644444;27045644444;10240;10228
4304;26647567000;26586977777;27086977777;10240;10228
4306;26647596000;26586977777;27086977777;10240;10228
4308;26647761000;26586977777;27086977777;10240;10228
4310;26647950000;26586977777;27086977777;10240;10228
4313;26688766000;26587377777;27087377777;10240;10228
4315;26688801000;26628611111;27128611111;10240;10228
4317;26688820000;26628611111;27128611111;10240;10228
4319;26688828000;26628611111;27128611111;10240;10228
4321;26688834000;26628611111;27128611111;10240;10228
4312;26688961000;26587377777;27087377777;10240;10228
4314;26689187000;26587377777;27087377777;10240;10228
4316;26689216000;26628611111;27128611111;10240;10228
4318;26689394000;26628611111;27128611111;10240;10228
4320;26689590000;26628611111;27128611111;10240;10228
4322;26689614000;26628655555;27128655555;10240;10228
4323;26730474000;26628944444;27128944444;10240;10228
4325;26730489000;26628944444;27128944444;10240;10228
4327;26730501000;26670311111;27170311111;10240;10228
4329;26730515000;26670311111;27170311111;10240;10228
4331;26730524000;26670311111;27170311111;10240;10228
4333;26730529000;26670355555;27170355555;10240;10228
4324;26730660000;26628944444;27128944444;10240;10228
4326;26730893000;26670311111;27170311111;10240;10228
4328;26730916000;26670311111;27170311111;10240;10228
4330;26731082000;26670311111;27170311111;10240;10228
4332;26731293000;26670311111;27170311111;10240;10228
4335;26772085000;26670644444;27170644444;10240;10228
4337;26772113000;26711944444;27211944444;10240;10228
4339;26772121000;26711944444;27211944444;10240;10228
4341;26772144000;26711944444;27211944444;10240;10228
4343;26772152000;26711944444;27211944444;10240;10228
4334;26772306000;26670644444;27170644444;10240;10228
4336;26772515000;26670644444;27170644444;10240;10228
4338;26772542000;26711944444;27211944444;10240;10228
4340;26772721000;26711944444;27211944444;10240;10228
4342;26772900000;26711944444;27211944444;10240;10228
4344;26772916000;26712000000;27212000000;10240;10228
4345;26813780000;26712333333;27212333333;10240;10228
4347;26813794000;26712333333;27212333333;10240;10228
4349;26813816000;26753644444;27253644444;10240;10228
4351;26813847000;26753644444;27253644444;10240;10228
4353;26813852000;26753644444;27253644444;10240;10228
4355;26813855000;26753688888;27253688888;10240;10228
4346;26814007000;26712333333;27212333333;10240;10228
4348;26814231000;26753644444;27253644444;10240;10228
4350;26814255000;26753644444;27253644444;10240;10228
4352;26814439000;26753644444;27253644444;10240;10228
4354;26814619000;26753644444;27253644444;10240;10228
4357;26855512000;26753988888;27253988888;10240;10228
4359;26855529000;26795311111;27295311111;10240;10228
4361;26855539000;26795311111;27295311111;10240;10228
4363;26855546000;26795311111;27295311111;10240;10228
4365;26855554000;26795311111;27295311111;10240;10228
4356;26855658000;26753988888;27253988888;10240;10228
4358;26855871000;26753988888;27253988888;10240;10228
4360;26855898000;26795311111;27295311111;10240;10228
4362;26856041000;26795311111;27295311111;10240;10228
4364;26856290000;26795311111;27295311111;10240;10228
4366;26856314000;26795355555;27295355555;10240;10228
4367;26897124000;26795655555;27295655555;10240;10228
4369;26897139000;26795655555;27295655555;10240;10228
4371;26897164000;26836955555;27336955555;10240;10228
4373;26897173000;26836955555;27336955555;10240;10228
4375;26897191000;26836955555;27336955555;10240;10228
4377;26897195000;26837000000;27337000000;10240;10228
4368;26897320000;26795655555;27295655555;10240;10228
4370;26897532000;26836955555;27336955555;10240;10228
4372;26897557000;26836955555;27336955555;10240;10228
4374;26897739000;26836955555;27336955555;10240;10228
4376;26897915000;26836955555;27336955555;10240;10228
4379;26938836000;26837344444;27337344444;10240;10228
4381;26938863000;26878644444;27378644444;10240;10228
4383;26938873000;26878644444;27378644444;10240;10228
4385;26938890000;26878644444;27378644444;10240;10228
4387;26938898000;26878644444;27378644444;10240;10228
4378;26938990000;26837344444;27337344444;10240;10228
4380;26939217000;26837344444;27337344444;10240;10228
4382;26939241000;26878644444;27378644444;10240;10228
4384;26939416000;26878644444;27378644444;10240;10228
4386;26939598000;26878644444;27378644444;10240;10228
4388;26939624000;26878688888;27378688888;10240;10228
4389;26980496000;26878988888;27378988888;10240;10228
4391;26980513000;26878988888;27378988888;10240;10228
4393;26980526000;26920311111;27420311111;10240;10228
4395;26980542000;26920311111;27420311111;10240;10228
4397;26980549000;26920311111;27420311111;10240;10228
4399;26980552000;26920355555;27420355555;10240;10228
4390;26980674000;26878988888;27378988888;10240;10228
4392;26980884000;26920311111;27420311111;10240;10228
4394;26980911000;26920311111;27420311111;10240;10228
4396;26981062000;26920311111;27420311111;10240;10228
4398;26981283000;26920311111;27420311111;10240;10228
4401;27022131000;26920666666;27420666666;10240;10228
4403;27022161000;26961977777;27461977777;10240;10228
4405;27022181000;26961977777;27461977777;10240;10228
4407;27022189000;26961977777;27461977777;10240;10228
4409;27022197000;26961977777;27461977777;10240;10228
4400;27022336000;26920666666;27420666666;10240;10228
4402;27022552000;26920666666;27420666666;10240;10228
4404;27022576000;26961977777;27461977777;10240;10228
4406;27022754000;26961977777;27461977777;10240;10228
4408;27022950000;26961977777;27461977777;10240;10228
4410;27022976000;26962022222;27462022222;10240;10228
4411;27063795000;26962355555;27462355555;10240;10228
4413;27063818000;26962355555;27462355555;10240;10228
4415;27063831000;27003644444;27503644444;10240;10228
4417;27063840000;27003644444;27503644444;10240;10228
4419;27063847000;27003644444;27503644444;10240;10228
4421;27063851000;27003711111;27503711111;10240;10228
4412;27064002000;26962355555;27462355555;10240;10228
4414;27064206000;27003644444;27503644444;10240;10228
4416;27064414000;27003644444;27503644444;10240;10228
4418;27064439000;27003644444;27503644444;10240;10228
4420;27064601000;27003644444;27503644444;10240;10228
4425;27105467000;27045311111;27545311111;10240;10228
4427;27105497000;27045311111;27545311111;10240;10228
4429;27105507000;27045311111;27545311111;10240;10228
4431;27105523000;27045311111;27545311111;10240;10228
4422;27105661000;27003988888;27503988888;10240;10228
4424;27105861000;27003988888;27503988888;10240;10228
4426;27105882000;27045311111;27545311111;10240;10228
4428;27106079000;27045311111;27545311111;10240;10228
4430;27106271000;27045311111;27545311111;10240;10228
4432;27106291000;27045355555;27545355555;10240;10228
4433;27147092000;27045633333;27545633333;10240;10228
4435;27147106000;27045633333;27545633333;10240;10228
4437;27147115000;27086977777;27586977777;10240;10228
4439;27147122000;27086977777;27586977777;10240;10228
4441;27147136000;27086977777;27586977777;10240;10228
4443;27147144000;27087022222;27587022222;10240;10228
4434;27147312000;27045633333;27545633333;10240;10228
4436;27147531000;27086977777;27586977777;10240;10228
4438;27147545000;27086977777;27586977777;10240;10228
4440;27147727000;27086977777;27586977777;10240;10228
4442;27147929000;27086977777;27586977777;10240;10228
4445;27188799000;27087366666;27587366666;10240;10228
4447;27188814000;27128633333;27628633333;10240;10228
4449;27188824000;27128633333;27628633333;10240;10228
4451;27188835000;27128633333;27628633333;10240;10228
4453;27188844000;27128633333;27628633333;10240;10228
4444;27188974000;27087366666;27587366666;10240;10228
4446;27189190000;27087366666;27587366666;10240;10228
4448;27189395000;27128633333;27628633333;10240;10228
4450;27189410000;27128633333;27628633333;10240;10228
4452;27189589000;27128633333;27628633333;10240;10228
4454;27189600000;27128688888;27628688888;10240;10228
4423;27225952000;27003988888;27503988888;10240;10228
4455;27230649000;27128988888;27628988888;10240;10228
4456;27230833000;27128988888;27628988888;10240;10228
4457;27231026000;27128988888;27628988888;10240;10228
4458;27231036000;27170277777;27670277777;10240;10228
4459;27231241000;27170277777;27670277777;10240;10228
4460;27231254000;27170277777;27670277777;10240;10228
4461;27231444000;27170277777;27670277777;10240;10228
4462;27231459000;27170277777;27670277777;10240;10228
4463;27231638000;27170277777;27670277777;10240;10228
4464;27267398000;27170277777;27670277777;10240;10228
4465;27267412000;27170322222;27670322222;10240;10228
4466;27272125000;27170611111;27670611111;10240;10228
4468;27272140000;27170611111;27670611111;10240;10228
4470;27272150000;27211988888;27711988888;10240;10228
4467;27272346000;27170611111;27670611111;10240;10228
4469;27272565000;27211988888;27711988888;10240;10228
4471;27272593000;27211988888;27711988888;10240;10228
4472;27272759000;27211988888;27711988888;10240;10228
4473;27272965000;27211988888;27711988888;10240;10228
4474;27272973000;27211988888;27711988888;10240;10228
4475;27309077000;27211988888;27711988888;10240;10228
4476;27309091000;27212044444;27712044444;10240;10228
4477;27313767000;27212355555;27712355555;10240;10228
4479;27313781000;27212355555;27712355555;10240;10228
4481;27313803000;27253644444;27753644444;10240;10228
4483;27313817000;27253644444;27753644444;10240;10228
4478;27314028000;27212355555;27712355555;10240;10228
4480;27314234000;27253644444;27753644444;10240;10228
4482;27314261000;27253644444;27753644444;10240;10228
4484;27314452000;27253644444;27753644444;10240;10228
4485;27314646000;27253644444;27753644444;10240;10228
4486;27314661000;27253644444;27753644444;10240;10228
4487;27314849000;27253688888;27753688888;10240;10228
4488;27355662000;27253966666;27753966666;10240;10228
4489;27355842000;27253966666;27753966666;10240;10228
4490;27356093000;27253966666;27753966666;10240;10228
4491;27356105000;27295311111;27795311111;10240;10228
4492;27356289000;27295311111;27795311111;10240;10228
4493;27356304000;27295311111;27795311111;10240;10228
4494;27356494000;27295311111;27795311111;10240;10228
4495;27356507000;27295311111;27795311111;10240;10228
4496;27356702000;27295311111;27795311111;10240;10228
4497;27356885000;27295311111;27795311111;10240;10228
4498;27356896000;27295355555;27795355555;10240;10228
4499;27397098000;27295611111;27795611111;10240;10228
4501;27397112000;27295611111;27795611111;10240;10228
4503;27397134000;27336977777;27836977777;10240;10228
4505;27397152000;27336977777;27836977777;10240;10228
4507;27397180000;27336977777;27836977777;10240;10228
4500;27397376000;27295611111;27795611111;10240;10228
4502;27397567000;27336977777;27836977777;10240;10228
4504;27397597000;27336977777;27836977777;10240;10228
4506;27397744000;27336977777;27836977777;10240;10228
4508;27397964000;27336977777;27836977777;10240;10228
4509;27397983000;27337022222;27837022222;10240;10228
4511;27438786000;27337344444;27837344444;10240;10228
4513;27438814000;27378644444;27878644444;10240;10228
4515;27438826000;27378644444;27878644444;10240;10228
4517;27438842000;27378644444;27878644444;10240;10228
4519;27438849000;27378644444;27878644444;10240;10228
4510;27438962000;27337344444;27837344444;10240;10228
4512;27439176000;27337344444;27837344444;10240;10228
4514;27439205000;27378644444;27878644444;10240;10228
4516;27439369000;27378644444;27878644444;10240;10228
4518;27439584000;27378644444;27878644444;10240;10228
4520;27439610000;27378688888;27878688888;10240;10228
4521;27480445000;27378955555;27878955555;10240;10228
4522;27480674000;27378955555;27878955555;10240;10228
4523;27480869000;27378955555;27878955555;10240;10228
4524;27481091000;27420300000;27920300000;10240;10228
4525;27481111000;27420300000;27920300000;10240;10228
4526;27481286000;27420300000;27920300000;10240;10228
4527;27481299000;27420300000;27920300000;10240;10228
4528;27481496000;27420300000;27920300000;10240;10228
4529;27481509000;27420300000;27920300000;10240;10228
4530;27481687000;27420300000;27920300000;10240;10228
4531;27481696000;27420377777;27920377777;10240;10228
4533;27522128000;27420655555;27920655555;10240;10228
4535;27522156000;27461977777;27961977777;10240;10228
4537;27522167000;27461977777;27961977777;10240;10228
4539;27522184000;27461977777;27961977777;10240;10228
4541;27522193000;27461977777;27961977777;10240;10228
4532;27522352000;27420655555;27920655555;10240;10228
4534;27522552000;27420655555;27920655555;10240;10228
4536;27522579000;27461977777;27961977777;10240;10228
4538;27522744000;27461977777;27961977777;10240;10228
4540;27522926000;27461977777;27961977777;10240;10228
4542;27522940000;27462022222;27962022222;10240;10228
4543;27563800000;27462344444;27962344444;10240;10228
4545;27563814000;27462344444;27962344444;10240;10228
4547;27563836000;27503644444;28003644444;10240;10228
4549;27563851000;27503644444;28003644444;10240;10228
4551;27563869000;27503644444;28003644444;10240;10228
4553;27563873000;27503688888;28003688888;10240;10228
4544;27564005000;27462344444;27962344444;10240;10228
4546;27564236000;27503644444;28003644444;10240;10228
4548;27564262000;27503644444;28003644444;10240;10228
4550;27564426000;27503644444;28003644444;10240;10228
4552;27564634000;27503644444;28003644444;10240;10228
4555;27605445000;27503966666;28003966666;10240;10228
4557;27605472000;27545311111;28045311111;10240;10228
4554;27605693000;27503966666;28003966666;10240;10228
4556;27605890000;27503966666;28003966666;10240;10228
4558;27605913000;27545311111;28045311111;10240;10228
4559;27606039000;27545311111;28045311111;10240;10228
4560;27606284000;27545311111;28045311111;10240;10228
4561;27606295000;27545311111;28045311111;10240;10228
4562;27606475000;27545311111;28045311111;10240;10228
4563;27606484000;27545311111;28045311111;10240;10228
4564;27606675000;27545355555;28045355555;10240;10228
4565;27647106000;27545633333;28045633333;10240;10228
4567;27647123000;27545633333;28045633333;10240;10228
4569;27647145000;27586977777;28086977777;10240;10228
4571;27647161000;27586977777;28086977777;10240;10228
4573;27647177000;27586977777;28086977777;10240;10228
4566;27647371000;27545633333;28045633333;10240;10228
4568;27647571000;27586977777;28086977777;10240;10228
4570;27647598000;27586977777;28086977777;10240;10228
4572;27647762000;27586977777;28086977777;10240;10228
4574;27647978000;27586977777;28086977777;10240;10228
4575;27647997000;27587022222;28087022222;10240;10228
4577;27688843000;27587344444;28087344444;10240;10228
4579;27688872000;27628666666;28128666666;10240;10228
4581;27688882000;27628666666;28128666666;10240;10228
4585;27688897000;27628666666;28128666666;10240;10228
4576;27688985000;27587344444;28087344444;10240;10228
4578;27689229000;27587344444;28087344444;10240;10228
4580;27689260000;27628666666;28128666666;10240;10228
4582;27689436000;27628666666;28128666666;10240;10228
4584;27689630000;27628666666;28128666666;10240;10228
4586;27689640000;27628711111;28128711111;10240;10228
4587;27730430000;27628977777;28128977777;10240;10228
4589;27730444000;27628977777;28128977777;10240;10228
4591;27730453000;27670311111;28170311111;10240;10228
4588;27730677000;27628977777;28128977777;10240;10228
4590;27730872000;27670311111;28170311111;10240;10228
4592;27731095000;27670311111;28170311111;10240;10228
4593;27731121000;27670311111;28170311111;10240;10228
4594;27731288000;27670311111;28170311111;10240;10228
4595;27731302000;27670311111;28170311111;10240;10228
4596;27731496000;27670311111;28170311111;10240;10228
4597;27731509000;27670355555;28170355555;10240;10228
4599;27772084000;27670622222;28170622222;10240;10228
4601;27772099000;27711944444;28211944444;10240;10228
4603;27772108000;27711944444;28211944444;10240;10228
4605;27772121000;27711944444;28211944444;10240;10228
4607;27772131000;27711944444;28211944444;10240;10228
4598;27772292000;27670622222;28170622222;10240;10228
4600;27772503000;27670622222;28170622222;10240;10228
4602;27772699000;27711944444;28211944444;10240;10228
4604;27772710000;27711944444;28211944444;10240;10228
4606;27772902000;27711944444;28211944444;10240;10228
4608;27772912000;27712000000;28212000000;10240;10228
4609;27813790000;27712300000;28212300000;10240;10228
4611;27813805000;27712300000;28212300000;10240;10228
4613;27813816000;27753644444;28253644444;10240;10228
4615;27813824000;27753644444;28253644444;10240;10228
4617;27813833000;27753644444;28253644444;10240;10228
4610;27813996000;27712300000;28212300000;10240;10228
4612;27814209000;27753644444;28253644444;10240;10228
4614;27814405000;27753644444;28253644444;10240;10228
4616;27814426000;27753644444;28253644444;10240;10228
4618;27814608000;27753644444;28253644444;10240;10228
4619;27814628000;27753688888;28253688888;10240;10228
4583;27851004000;27628666666;28128666666;10240;10228
4620;27855680000;27753966666;28253966666;10240;10228
4621;27855854000;27753966666;28253966666;10240;10228
4622;27856058000;27753966666;28253966666;10240;10228
4623;27856070000;27795311111;28295311111;10240;10228
4624;27856237000;27795311111;28295311111;10240;10228
4625;27856258000;27795311111;28295311111;10240;10228
4626;27856467000;27795311111;28295311111;10240;10228
4627;27856487000;27795311111;28295311111;10240;10228
4628;27856672000;27795311111;28295311111;10240;10228
4629;27856867000;27795311111;28295311111;10240;10228
4630;27856887000;27795355555;28295355555;10240;10228
4631;27897124000;27795611111;28295611111;10240;10228
4633;27897142000;27795611111;28295611111;10240;10228
4635;27897162000;27837000000;28337000000;10240;10228
4632;27897362000;27795611111;28295611111;10240;10228
4634;27897571000;27837000000;28337000000;10240;10228
4636;27897597000;27837000000;28337000000;10240;10228
4637;27897777000;27837000000;28337000000;10240;10228
4638;27897976000;27837000000;28337000000;10240;10228
4639;27897985000;27837000000;28337000000;10240;10228
4640;27898189000;27837000000;28337000000;10240;10228
4641;27934075000;27837044444;28337044444;10240;10228
4643;27938827000;27837344444;28337344444;10240;10228
4645;27938846000;27878644444;28378644444;10240;10228
4647;27938855000;27878644444;28378644444;10240;10228
4649;27938864000;27878644444;28378644444;10240;10228
4651;27938870000;27878644444;28378644444;10240;10228
4642;27938980000;27837344444;28337344444;10240;10228
4644;27939189000;27837344444;28337344444;10240;10228
4646;27939416000;27878644444;28378644444;10240;10228
4648;27939439000;27878644444;28378644444;10240;10228
4650;27939622000;27878644444;28378644444;10240;10228
4652;27939646000;27878688888;28378688888;10240;10228
4653;27980678000;27878977777;28378977777;10240;10228
4654;27980866000;27878977777;28378977777;10240;10228
4655;27980887000;27878977777;28378977777;10240;10228
4656;27981055000;27920311111;28420311111;10240;10228
4657;27981262000;27920311111;28420311111;10240;10228
4658;27981283000;27920311111;28420311111;10240;10228
4659;27981467000;27920311111;28420311111;10240;10228
4660;27981488000;27920311111;28420311111;10240;10228
4661;27981672000;27920311111;28420311111;10240;10228
4662;27981870000;27920311111;28420311111;10240;10228
4663;27981879000;27920355555;28420355555;10240;10228
4665;28022142000;27920644444;28420644444;10240;10228
4667;28022160000;27961977777;28461977777;10240;10228
4669;28022171000;27961977777;28461977777;10240;10228
4671;28022178000;27961977777;28461977777;10240;10228
4664;28022324000;27920644444;28420644444;10240;10228
4666;28022545000;27920644444;28420644444;10240;10228
4668;28022571000;27961977777;28461977777;10240;10228
4670;28022753000;27961977777;28461977777;10240;10228
4672;28022929000;27961977777;28461977777;10240;10228
4673;28022942000;27961977777;28461977777;10240;10228
4674;28023145000;27962022222;28462022222;10240;10228
4675;28063822000;27962333333;28462333333;10240;10228
4677;28063837000;27962333333;28462333333;10240;10228
4679;28063850000;28003644444;28503644444;10240;10228
4681;28063857000;28003644444;28503644444;10240;10228
4683;28063861000;28003644444;28503644444;10240;10228
4676;28063995000;27962333333;28462333333;10240;10228
4678;28064205000;28003644444;28503644444;10240;10228
4680;28064429000;28003644444;28503644444;10240;10228
4682;28064455000;28003644444;28503644444;10240;10228
4684;28064638000;28003644444;28503644444;10240;10228
4685;28064647000;28003688888;28503688888;10240;10228
4686;28105648000;28003955555;28503955555;10240;10228
4687;28105843000;28003955555;28503955555;10240;10228
4688;28106040000;28003955555;28503955555;10240;10228
4689;28106067000;28045333333;28545333333;10240;10228
4690;28106253000;28045333333;28545333333;10240;10228
4691;28106265000;28045333333;28545333333;10240;10228
4692;28106457000;28045333333;28545333333;10240;10228
4693;28106480000;28045333333;28545333333;10240;10228
4694;28106651000;28045333333;28545333333;10240;10228
4695;28106856000;28045333333;28545333333;10240;10228
4696;28106862000;28045377777;28545377777;10240;10228
4697;28147108000;28045644444;28545644444;10240;10228
4699;28147121000;28045644444;28545644444;10240;10228
4701;28147142000;28086977777;28586977777;10240;10228
4703;28147152000;28086977777;28586977777;10240;10228
4705;28147175000;28086977777;28586977777;10240;10228
4698;28147346000;28045644444;28545644444;10240;10228
4700;28147563000;28086977777;28586977777;10240;10228
4702;28147587000;28086977777;28586977777;10240;10228
4704;28147744000;28086977777;28586977777;10240;10228
4706;28147940000;28086977777;28586977777;10240;10228
4707;28147950000;28087022222;28587022222;10240;10228
4709;28188787000;28087355555;28587355555;10240;10228
4711;28188814000;28128644444;28628644444;10240;10228
4713;28188824000;28128644444;28628644444;10240;10228
4715;28188841000;28128644444;28628644444;10240;10228
4717;28188848000;28128644444;28628644444;10240;10228
4708;28188958000;28087355555;28587355555;10240;10228
4710;28189174000;28087355555;28587355555;10240;10228
4712;28189198000;28128644444;28628644444;10240;10228
4714;28189383000;28128644444;28628644444;10240;10228
4716;28189579000;28128644444;28628644444;10240;10228
4718;28189614000;28128700000;28628700000;10240;10228
4719;28230604000;28128966666;28628966666;10240;10228
4720;28230801000;28128966666;28628966666;10240;10228
4721;28230996000;28128966666;28628966666;10240;10228
4722;28231003000;28170277777;28670277777;10240;10228
4723;28231211000;28170277777;28670277777;10240;10228
4724;28231223000;28170277777;28670277777;10240;10228
4725;28231415000;28170277777;28670277777;10240;10228
4726;28231427000;28170277777;28670277777;10240;10228
4727;28231609000;28170277777;28670277777;10240;10228
4728;28231814000;28170277777;28670277777;10240;10228
4729;28231821000;28170333333;28670333333;10240;10228
4731;28272084000;28170611111;28670611111;10240;10228
4733;28272119000;28211944444;28711944444;10240;10228
4735;28272138000;28211944444;28711944444;10240;10228
4737;28272147000;28211944444;28711944444;10240;10228
4739;28272159000;28211944444;28711944444;10240;10228
4730;28272303000;28170611111;28670611111;10240;10228
4732;28272502000;28170611111;28670611111;10240;10228
4734;28272529000;28211944444;28711944444;10240;10228
4736;28272697000;28211944444;28711944444;10240;10228
4738;28272881000;28211944444;28711944444;10240;10228
4740;28272896000;28211988888;28711988888;10240;10228
4741;28313782000;28212311111;28712311111;10240;10228
4743;28313802000;28212311111;28712311111;10240;10228
4745;28313815000;28253633333;28753633333;10240;10228
4747;28313824000;28253633333;28753633333;10240;10228
4749;28313840000;28253633333;28753633333;10240;10228
4751;28313845000;28253688888;28753688888;10240;10228
4742;28313973000;28212311111;28712311111;10240;10228
4744;28314214000;28253633333;28753633333;10240;10228
4746;28314245000;28253633333;28753633333;10240;10228
4748;28314404000;28253633333;28753633333;10240;10228
4750;28314606000;28253633333;28753633333;10240;10228
4753;28355415000;28253988888;28753988888;10240;10228
4752;28355646000;28253988888;28753988888;10240;10228
4754;28355846000;28253988888;28753988888;10240;10228
4755;28355856000;28295277777;28795277777;10240;10228
4756;28356005000;28295277777;28795277777;10240;10228
4757;28356268000;28295277777;28795277777;10240;10228
4758;28356280000;28295277777;28795277777;10240;10228
4759;28356454000;28295277777;28795277777;10240;10228
4760;28356464000;28295277777;28795277777;10240;10228
4761;28356663000;28295277777;28795277777;10240;10228
4762;28356672000;28295322222;28795322222;10240;10228
4763;28397091000;28295611111;28795611111;10240;10228
4765;28397108000;28295611111;28795611111;10240;10228
4767;28397130000;28336977777;28836977777;10240;10228
4769;28397145000;28336977777;28836977777;10240;10228
4771;28397168000;28336977777;28836977777;10240;10228
4773;28397178000;28337022222;28837022222;10240;10228
4764;28397372000;28295611111;28795611111;10240;10228
4766;28397559000;28336977777;28836977777;10240;10228
4768;28397584000;28336977777;28836977777;10240;10228
4770;28397762000;28336977777;28836977777;10240;10228
4772;28397969000;28336977777;28836977777;10240;10228
4775;28438835000;28337366666;28837366666;10240;10228
4777;28438864000;28378644444;28878644444;10240;10228
4779;28438873000;28378644444;28878644444;10240;10228
4781;28438890000;28378644444;28878644444;10240;10228
4783;28438897000;28378644444;28878644444;10240;10228
4774;28438974000;28337366666;28837366666;10240;10228
4776;28439215000;28337366666;28837366666;10240;10228
4778;28439245000;28378644444;28878644444;10240;10228
4780;28439440000;28378644444;28878644444;10240;10228
4782;28439621000;28378644444;28878644444;10240;10228
4784;28439646000;28378688888;28878688888;10240;10228
4785;28480482000;28378977777;28878977777;10240;10228
4787;28480495000;28378977777;28878977777;10240;10228
4786;28480684000;28378977777;28878977777;10240;10228
4788;28480898000;28420311111;28920311111;10240;10228
4789;28480905000;28420311111;28920311111;10240;10228
4790;28481083000;28420311111;28920311111;10240;10228
4791;28481319000;28420311111;28920311111;10240;10228
4792;28481332000;28420311111;28920311111;10240;10228
4793;28481508000;28420311111;28920311111;10240;10228
4794;28481520000;28420311111;28920311111;10240;10228
4795;28481711000;28420355555;28920355555;10240;10228
4797;28522126000;28420655555;28920655555;10240;10228
4799;28522153000;28462000000;28962000000;10240;10228
4801;28522162000;28462000000;28962000000;10240;10228
4803;28522186000;28462000000;28962000000;10240;10228
4805;28522194000;28462000000;28962000000;10240;10228
4796;28522359000;28420655555;28920655555;10240;10228
4798;28522567000;28420655555;28920655555;10240;10228
4800;28522596000;28462000000;28962000000;10240;10228
4802;28522761000;28462000000;28962000000;10240;10228
4804;28522958000;28462000000;28962000000;10240;10228
4806;28522980000;28462044444;28962044444;10240;10228
4807;28563812000;28462400000;28962400000;10240;10228
4809;28563827000;28462400000;28962400000;10240;10228
4811;28563848000;28503644444;29003644444;10240;10228
4813;28563861000;28503644444;29003644444;10240;10228
4815;28563869000;28503644444;29003644444;10240;10228
4817;28563892000;28503688888;29003688888;10240;10228
4808;28564015000;28462400000;28962400000;10240;10228
4810;28564222000;28503644444;29003644444;10240;10228
4812;28564433000;28503644444;29003644444;10240;10228
4814;28564458000;28503644444;29003644444;10240;10228
4816;28564632000;28503644444;29003644444;10240;10228
4819;28605509000;28503988888;29003988888;10240;10228
4821;28605537000;28545311111;29045311111;10240;10228
4823;28605545000;28545311111;29045311111;10240;10228
4818;28605667000;28503988888;29003988888;10240;10228
4820;28605878000;28503988888;29003988888;10240;10228
4822;28605901000;28545311111;29045311111;10240;10228
4824;28606038000;28545311111;29045311111;10240;10228
4825;28606300000;28545311111;29045311111;10240;10228
4826;28606311000;28545311111;29045311111;10240;10228
4827;28606494000;28545311111;29045311111;10240;10228
4828;28606503000;28545355555;29045355555;10240;10228
4829;28647135000;28545655555;29045655555;10240;10228
4831;28647150000;28545655555;29045655555;10240;10228
4833;28647173000;28586977777;29086977777;10240;10228
4835;28647191000;28586977777;29086977777;10240;10228
4837;28647207000;28586977777;29086977777;10240;10228
4839;28647211000;28587022222;29087022222;10240;10228
4830;28647356000;28545655555;29045655555;10240;10228
4832;28647567000;28586977777;29086977777;10240;10228
4834;28647596000;28586977777;29086977777;10240;10228
4836;28647763000;28586977777;29086977777;10240;10228
4838;28647968000;28586977777;29086977777;10240;10228
4841;28688793000;28587366666;29087366666;10240;10228
4843;28688822000;28628644444;29128644444;10240;10228
4845;28688832000;28628644444;29128644444;10240;10228
4847;28688850000;28628644444;29128644444;10240;10228
4849;28688858000;28628644444;29128644444;10240;10228
4840;28688990000;28587366666;29087366666;10240;10228
4842;28689201000;28587366666;29087366666;10240;10228
4844;28689425000;28628644444;29128644444;10240;10228
4846;28689453000;28628644444;29128644444;10240;10228
4848;28689601000;28628644444;29128644444;10240;10228
4850;28689615000;28628688888;29128688888;10240;10228
4851;28730498000;28628988888;29128988888;10240;10228
4853;28730512000;28628988888;29128988888;10240;10228
4855;28730534000;28670311111;29170311111;10240;10228
4857;28730539000;28670311111;29170311111;10240;10228
4852;28730682000;28628988888;29128988888;10240;10228
4854;28730890000;28670311111;29170311111;10240;10228
4856;28730915000;28670311111;29170311111;10240;10228
4858;28731067000;28670311111;29170311111;10240;10228
4859;28731309000;28670311111;29170311111;10240;10228
4860;28731324000;28670311111;29170311111;10240;10228
4861;28731512000;28670377777;29170377777;10240;10228
4863;28772105000;28670666666;29170666666;10240;10228
4865;28772133000;28711977777;29211977777;10240;10228
4867;28772142000;28711977777;29211977777;10240;10228
4869;28772160000;28711977777;29211977777;10240;10228
4871;28772174000;28711977777;29211977777;10240;10228
4862;28772366000;28670666666;29170666666;10240;10228
4864;28772555000;28670666666;29170666666;10240;10228
4866;28772579000;28711977777;29211977777;10240;10228
4868;28772754000;28711977777;29211977777;10240;10228
4870;28772961000;28711977777;29211977777;10240;10228
4872;28772983000;28712022222;29212022222;10240;10228
4873;28813810000;28712355555;29212355555;10240;10228
4875;28813825000;28712355555;29212355555;10240;10228
4877;28813839000;28753644444;29253644444;10240;10228
4879;28813849000;28753644444;29253644444;10240;10228
4881;28813859000;28753644444;29253644444;10240;10228
4883;28813863000;28753688888;29253688888;10240;10228
4874;28814003000;28712355555;29212355555;10240;10228
4876;28814215000;28753644444;29253644444;10240;10228
4878;28814433000;28753644444;29253644444;10240;10228
4880;28814457000;28753644444;29253644444;10240;10228
4882;28814637000;28753644444;29253644444;10240;10228
4885;28855471000;28753988888;29253988888;10240;10228
4887;28855500000;28795277777;29295277777;10240;10228
4889;28855509000;28795277777;29295277777;10240;10228
4891;28855525000;28795277777;29295277777;10240;10228
4893;28855533000;28795277777;29295277777;10240;10228
4884;28855633000;28753988888;29253988888;10240;10228
4886;28855834000;28753988888;29253988888;10240;10228
4888;28855852000;28795277777;29295277777;10240;10228
4890;28856018000;28795277777;29295277777;10240;10228
4892;28856241000;28795277777;29295277777;10240;10228
4894;28856268000;28795322222;29295322222;10240;10228
4895;28897099000;28795611111;29295611111;10240;10228
4897;28897115000;28795611111;29295611111;10240;10228
4899;28897136000;28836977777;29336977777;10240;10228
4901;28897144000;28836977777;29336977777;10240;10228
4903;28897153000;28836977777;29336977777;10240;10228
4896;28897348000;28795611111;29295611111;10240;10228
4898;28897563000;28836977777;29336977777;10240;10228
4900;28897586000;28836977777;29336977777;10240;10228
4902;28897749000;28836977777;29336977777;10240;10228
4904;28897942000;28836977777;29336977777;10240;10228
4905;28897955000;28837022222;29337022222;10240;10228
4906;28938791000;28837366666;29337366666;10240;10228
4908;28938807000;28837366666;29337366666;10240;10228
4910;28938828000;28878644444;29378644444;10240;10228
4912;28938840000;28878644444;29378644444;10240;10228
4914;28938848000;28878644444;29378644444;10240;10228
4916;28938864000;28878711111;29378711111;10240;10228
4907;28939007000;28837366666;29337366666;10240;10228
4909;28939226000;28878644444;29378644444;10240;10228
4911;28939253000;28878644444;29378644444;10240;10228
4913;28939428000;28878644444;29378644444;10240;10228
4915;28939621000;28878644444;29378644444;10240;10228
4918;28980459000;28879011111;29379011111;10240;10228
4920;28980488000;28920311111;29420311111;10240;10228
4922;28980497000;28920311111;29420311111;10240;10228
4924;28980515000;28920311111;29420311111;10240;10228
4926;28980523000;28920311111;29420311111;10240;10228
4917;28980632000;28879011111;29379011111;10240;10228
4919;28980837000;28879011111;29379011111;10240;10228
4921;28980872000;28920311111;29420311111;10240;10228
4923;28981019000;28920311111;29420311111;10240;10228
4925;28981249000;28920311111;29420311111;10240;10228
4927;28981275000;28920355555;29420355555;10240;10228
4928;29022074000;28920677777;29420677777;10240;10228
4930;29022090000;28920677777;29420677777;10240;10228
4932;29022111000;28961944444;29461944444;10240;10228
4934;29022128000;28961944444;29461944444;10240;10228
4936;29022146000;28961944444;29461944444;10240;10228
4938;29022154000;28962000000;29462000000;10240;10228
4929;29022316000;28920677777;29420677777;10240;10228
4931;29022516000;28961944444;29461944444;10240;10228
4933;29022722000;28961944444;29461944444;10240;10228
4935;29022757000;28961944444;29461944444;10240;10228
4937;29022922000;28961944444;29461944444;10240;10228
4940;29063798000;28962333333;29462333333;10240;10228
4942;29063826000;29003611111;29503611111;10240;10228
4944;29063836000;29003611111;29503611111;10240;10228
4946;29063857000;29003611111;29503611111;10240;10228
4948;29063865000;29003611111;29503611111;10240;10228
4939;29063979000;28962333333;29462333333;10240;10228
4941;29064176000;28962333333;29462333333;10240;10228
4943;29064216000;29003611111;29503611111;10240;10228
4945;29064369000;29003611111;29503611111;10240;10228
4947;29064585000;29003611111;29503611111;10240;10228
4949;29064610000;29003655555;29503655555;10240;10228
4950;29105487000;29003944444;29503944444;10240;10228
4952;29105502000;29003944444;29503944444;10240;10228
4954;29105523000;29045311111;29545311111;10240;10228
4956;29105532000;29045311111;29545311111;10240;10228
4958;29105539000;29045311111;29545311111;10240;10228
4960;29105555000;29045355555;29545355555;10240;10228
4951;29105680000;29003944444;29503944444;10240;10228
4953;29105892000;29045311111;29545311111;10240;10228
4955;29105915000;29045311111;29545311111;10240;10228
4957;29106085000;29045311111;29545311111;10240;10228
4959;29106324000;29045311111;29545311111;10240;10228
4962;29147138000;29045644444;29545644444;10240;10228
4964;29147171000;29087000000;29587000000;10240;10228
4966;29147192000;29087000000;29587000000;10240;10228
4968;29147201000;29087000000;29587000000;10240;10228
4970;29147209000;29087000000;29587000000;10240;10228
4961;29147358000;29045644444;29545644444;10240;10228
4963;29147566000;29045644444;29545644444;10240;10228
4965;29147606000;29087000000;29587000000;10240;10228
4967;29147762000;29087000000;29587000000;10240;10228
4969;29147932000;29087000000;29587000000;10240;10228
4971;29147954000;29087044444;29587044444;10240;10228
4972;29188763000;29087388888;29587388888;10240;10228
4974;29188777000;29087388888;29587388888;10240;10228
4976;29188800000;29128644444;29628644444;10240;10228
4978;29188829000;29128644444;29628644444;10240;10228
4980;29188838000;29128644444;29628644444;10240;10228
4982;29188842000;29128688888;29628688888;10240;10228
4973;29188991000;29087388888;29587388888;10240;10228
4975;29189215000;29128644444;29628644444;10240;10228
4977;29189243000;29128644444;29628644444;10240;10228
4979;29189396000;29128644444;29628644444;10240;10228
4981;29189598000;29128644444;29628644444;10240;10228
4984;29230461000;29128988888;29628988888;10240;10228
4986;29230489000;29170322222;29670322222;10240;10228
4988;29230501000;29170322222;29670322222;10240;10228
4990;29230518000;29170322222;29670322222;10240;10228
4992;29230525000;29170322222;29670322222;10240;10228
4983;29230675000;29128988888;29628988888;10240;10228
4985;29230885000;29128988888;29628988888;10240;10228
4987;29230910000;29170322222;29670322222;10240;10228
4989;29231077000;29170322222;29670322222;10240;10228
4991;29231290000;29170322222;29670322222;10240;10228
4993;29231318000;29170377777;29670377777;10240;10228
4994;29272139000;29170688888;29670688888;10240;10228
4996;29272153000;29170688888;29670688888;10240;10228
4998;29272178000;29211977777;29711977777;10240;10228
5000;29272186000;29211977777;29711977777;10240;10228
5002;29272204000;29211977777;29711977777;10240;10228
5004;29272208000;29212022222;29712022222;10240;10228
4995;29272330000;29170688888;29670688888;10240;10228
4997;29272529000;29211977777;29711977777;10240;10228
4999;29272558000;29211977777;29711977777;10240;10228
5001;29272726000;29211977777;29711977777;10240;10228
5003;29272910000;29211977777;29711977777;10240;10228
5006;29313827000;29212366666;29712366666;10240;10228
5008;29313861000;29253633333;29753633333;10240;10228
5010;29313882000;29253633333;29753633333;10240;10228
5012;29313889000;29253633333;29753633333;10240;10228
5014;29313895000;29253633333;29753633333;10240;10228
5005;29313987000;29212366666;29712366666;10240;10228
5007;29314214000;29212366666;29712366666;10240;10228
5009;29314241000;29253633333;29753633333;10240;10228
5011;29314430000;29253633333;29753633333;10240;10228
5013;29314618000;29253633333;29753633333;10240;10228
5015;29314641000;29253688888;29753688888;10240;10228
5016;29355489000;29253988888;29753988888;10240;10228
5018;29355504000;29253988888;29753988888;10240;10228
5020;29355526000;29295322222;29795322222;10240;10228
5022;29355542000;29295322222;29795322222;10240;10228
5024;29355556000;29295322222;29795322222;10240;10228
5026;29355559000;29295377777;29795377777;10240;10228
5017;29355682000;29253988888;29753988888;10240;10228
5019;29355890000;29295322222;29795322222;10240;10228
5021;29355915000;29295322222;29795322222;10240;10228
5023;29356069000;29295322222;29795322222;10240;10228
5025;29356294000;29295322222;29795322222;10240;10228
5028;29397112000;29295655555;29795655555;10240;10228
5030;29397130000;29336977777;29836977777;10240;10228
5032;29397156000;29336977777;29836977777;10240;10228
5034;29397164000;29336977777;29836977777;10240;10228
5036;29397174000;29336977777;29836977777;10240;10228
5027;29397367000;29295655555;29795655555;10240;10228
5029;29397554000;29295655555;29795655555;10240;10228
5031;29397582000;29336977777;29836977777;10240;10228
5033;29397753000;29336977777;29836977777;10240;10228
5035;29397973000;29336977777;29836977777;10240;10228
5037;29397996000;29337022222;29837022222;10240;10228
5038;29438825000;29337366666;29837366666;10240;10228
5040;29438840000;29337366666;29837366666;10240;10228
5042;29438862000;29378644444;29878644444;10240;10228
5044;29438872000;29378644444;29878644444;10240;10228
5046;29438881000;29378644444;29878644444;10240;10228
5048;29438895000;29378688888;29878688888;10240;10228
5039;29439015000;29337366666;29837366666;10240;10228
5041;29439229000;29378644444;29878644444;10240;10228
5043;29439270000;29378644444;29878644444;10240;10228
5045;29439455000;29378644444;29878644444;10240;10228
5047;29439641000;29378644444;29878644444;10240;10228
5050;29480500000;29378966666;29878966666;10240;10228
5052;29480529000;29420311111;29920311111;10240;10228
5054;29480539000;29420311111;29920311111;10240;10228
5056;29480556000;29420311111;29920311111;10240;10228
5058;29480563000;29420311111;29920311111;10240;10228
5049;29480660000;29378966666;29878966666;10240;10228
5051;29480886000;29378966666;29878966666;10240;10228
5053;29480909000;29420311111;29920311111;10240;10228
5055;29481051000;29420311111;29920311111;10240;10228
5057;29481282000;29420311111;29920311111;10240;10228
5059;29481322000;29420355555;29920355555;10240;10228
5060;29522104000;29420655555;29920655555;10240;10228
5062;29522122000;29420655555;29920655555;10240;10228
5064;29522144000;29461977777;29961977777;10240;10228
5066;29522162000;29461977777;29961977777;10240;10228
5068;29522179000;29461977777;29961977777;10240;10228
5070;29522183000;29462022222;29962022222;10240;10228
5061;29522356000;29420655555;29920655555;10240;10228
5063;29522566000;29461977777;29961977777;10240;10228
5065;29522606000;29461977777;29961977777;10240;10228
5067;29522761000;29461977777;29961977777;10240;10228
5069;29522978000;29461977777;29961977777;10240;10228
5072;29563774000;29462355555;29962355555;10240;10228
5074;29563802000;29503644444;30003644444;10240;10228
5076;29563812000;29503644444;30003644444;10240;10228
5078;29563829000;29503644444;30003644444;10240;10228
5080;29563842000;29503644444;30003644444;10240;10228
5071;29563996000;29462355555;29962355555;10240;10228
5073;29564216000;29462355555;29962355555;10240;10228
5075;29564245000;29503644444;30003644444;10240;10228
5077;29564403000;29503644444;30003644444;10240;10228
5079;29564607000;29503644444;30003644444;10240;10228
5081;29564632000;29503711111;30003711111;10240;10228
5082;29605431000;29504000000;30004000000;10240;10228
5084;29605447000;29504000000;30004000000;10240;10228
5086;29605471000;29545311111;30045311111;10240;10228
5088;29605482000;29545311111;30045311111;10240;10228
5090;29605499000;29545311111;30045311111;10240;10228
5092;29605508000;29545355555;30045355555;10240;10228
5083;29605682000;29504000000;30004000000;10240;10228
5085;29605857000;29545311111;30045311111;10240;10228
5087;29606107000;29545311111;30045311111;10240;10228
5089;29606133000;29545311111;30045311111;10240;10228
5091;29606326000;29545311111;30045311111;10240;10228
5094;29647134000;29545644444;30045644444;10240;10228
5096;29647165000;29586944444;30086944444;10240;10228
5098;29647175000;29586944444;30086944444;10240;10228
5100;29647192000;29586944444;30086944444;10240;10228
5102;29647200000;29586944444;30086944444;10240;10228
5093;29647333000;29545644444;30045644444;10240;10228
5095;29647516000;29545644444;30045644444;10240;10228
5097;29647556000;29586944444;30086944444;10240;10228
5099;29647718000;29586944444;30086944444;10240;10228
5101;29647923000;29586944444;30086944444;10240;10228
5103;29647946000;29587000000;30087000000;10240;10228
5104;29688770000;29587322222;30087322222;10240;10228
5106;29688785000;29587322222;30087322222;10240;10228
5108;29688797000;29628633333;30128633333;10240;10228
5110;29688807000;29628633333;30128633333;10240;10228
5112;29688823000;29628633333;30128633333;10240;10228
5114;29688830000;29628677777;30128677777;10240;10228
5105;29688957000;29587322222;30087322222;10240;10228
5107;29689181000;29628633333;30128633333;10240;10228
5109;29689209000;29628633333;30128633333;10240;10228
5111;29689375000;29628633333;30128633333;10240;10228
5113;29689585000;29628633333;30128633333;10240;10228
5116;29730448000;29628977777;30128977777;10240;10228
5118;29730468000;29670288888;30170288888;10240;10228
5120;29730488000;29670288888;30170288888;10240;10228
5122;29730495000;29670288888;30170288888;10240;10228
5124;29730502000;29670288888;30170288888;10240;10228
5115;29730666000;29628977777;30128977777;10240;10228
5117;29730841000;29628977777;30128977777;10240;10228
5119;29731078000;29670288888;30170288888;10240;10228
5121;29731112000;29670288888;30170288888;10240;10228
5123;29731267000;29670288888;30170288888;10240;10228
5125;29731294000;29670333333;30170333333;10240;10228
5126;29772082000;29670622222;30170622222;10240;10228
5128;29772097000;29670622222;30170622222;10240;10228
5130;29772117000;29711988888;30211988888;10240;10228
5132;29772149000;29711988888;30211988888;10240;10228
5134;29772159000;29711988888;30211988888;10240;10228
5136;29772170000;29712044444;30212044444;10240;10228
5127;29772336000;29670622222;30170622222;10240;10228
5129;29772536000;29711988888;30211988888;10240;10228
5131;29772563000;29711988888;30211988888;10240;10228
5133;29772727000;29711988888;30211988888;10240;10228
5135;29772919000;29711988888;30211988888;10240;10228
5138;29813766000;29712377777;30212377777;10240;10228
5140;29813793000;29753611111;30253611111;10240;10228
5142;29813805000;29753611111;30253611111;10240;10228
5144;29813826000;29753611111;30253611111;10240;10228
5146;29813834000;29753611111;30253611111;10240;10228
5137;29813957000;29712377777;30212377777;10240;10228
5139;29814154000;29712377777;30212377777;10240;10228
5141;29814386000;29753611111;30253611111;10240;10228
5143;29814410000;29753611111;30253611111;10240;10228
5145;29814548000;29753611111;30253611111;10240;10228
5147;29814573000;29753666666;30253666666;10240;10228
5148;29855458000;29753955555;30253955555;10240;10228
5150;29855474000;29753955555;30253955555;10240;10228
5152;29855497000;29795277777;30295277777;10240;10228
5154;29855513000;29795277777;30295277777;10240;10228
5156;29855527000;29795277777;30295277777;10240;10228
5158;29855531000;29795322222;30295322222;10240;10228
5149;29855650000;29753955555;30253955555;10240;10228
5151;29855860000;29795277777;30295277777;10240;10228
5153;29855884000;29795277777;30295277777;10240;10228
5155;29856006000;29795277777;30295277777;10240;10228
5157;29856295000;29795277777;30295277777;10240;10228
5160;29897128000;29795600000;30295600000;10240;10228
5162;29897156000;29836977777;30336977777;10240;10228
5164;29897168000;29836977777;30336977777;10240;10228
5166;29897185000;29836977777;30336977777;10240;10228
5168;29897193000;29836977777;30336977777;10240;10228
5159;29897355000;29795600000;30295600000;10240;10228
5161;29897547000;29795600000;30295600000;10240;10228
5163;29897575000;29836977777;30336977777;10240;10228
5165;29897745000;29836977777;30336977777;10240;10228
5167;29897953000;29836977777;30336977777;10240;10228
5169;29897976000;29837022222;30337022222;10240;10228
5170;29938786000;29837366666;30337366666;10240;10228
5172;29938800000;29837366666;30337366666;10240;10228
5174;29938824000;29878644444;30378644444;10240;10228
5176;29938833000;29878644444;30378644444;10240;10228
5178;29938850000;29878644444;30378644444;10240;10228
5180;29938854000;29878688888;30378688888;10240;10228
5171;29939015000;29837366666;30337366666;10240;10228
5173;29939234000;29878644444;30378644444;10240;10228
5175;29939274000;29878644444;30378644444;10240;10228
5177;29939421000;29878644444;30378644444;10240;10228
5179;29939638000;29878644444;30378644444;10240;10228
5182;29980482000;29878988888;30378988888;10240;10228
5184;29980500000;29920333333;30420333333;10240;10228
5186;29980520000;29920333333;30420333333;10240;10228
5188;29980529000;29920333333;30420333333;10240;10228
5190;29980536000;29920333333;30420333333;10240;10228
5181;29980678000;29878988888;30378988888;10240;10228
5183;29980888000;29878988888;30378988888;10240;10228
5185;29980912000;29920333333;30420333333;10240;10228
5187;29981061000;29920333333;30420333333;10240;10228
5189;29981263000;29920333333;30420333333;10240;10228
5191;29981293000;29920377777;30420377777;10240;10228
5192;30022108000;29920688888;30420688888;10240;10228
5194;30022125000;29920688888;30420688888;10240;10228
5196;30022147000;29961977777;30461977777;10240;10228
5198;30022158000;29961977777;30461977777;10240;10228
5200;30022167000;29961977777;30461977777;10240;10228
5202;30022183000;29962022222;30462022222;10240;10228
5193;30022363000;29920688888;30420688888;10240;10228
5195;30022515000;29961977777;30461977777;10240;10228
5197;30022764000;29961977777;30461977777;10240;10228
5199;30022787000;29961977777;30461977777;10240;10228
5201;30022968000;29961977777;30461977777;10240;10228
5204;30063797000;29962344444;30462344444;10240;10228
5206;30063827000;30003644444;30503644444;10240;10228
5208;30063848000;30003644444;30503644444;10240;10228
5210;30063856000;30003644444;30503644444;10240;10228
5212;30063863000;30003644444;30503644444;10240;10228
5203;30064013000;29962344444;30462344444;10240;10228
5205;30064219000;29962344444;30462344444;10240;10228
5207;30064247000;30003644444;30503644444;10240;10228
5211;30064423000;30003644444;30503644444;10240;10228
5213;30064436000;30003688888;30503688888;10240;10228
5214;30105448000;30003966666;30503966666;10240;10228
5216;30105461000;30003966666;30503966666;10240;10228
5218;30105471000;30045311111;30545311111;10240;10228
5220;30105479000;30045311111;30545311111;10240;10228
5222;30105488000;30045311111;30545311111;10240;10228
5224;30105494000;30045355555;30545355555;10240;10228
5215;30105680000;30003966666;30503966666;10240;10228
5217;30105889000;30045311111;30545311111;10240;10228
5219;30105898000;30045311111;30545311111;10240;10228
5221;30106082000;30045311111;30545311111;10240;10228
5223;30106324000;30045311111;30545311111;10240;10228
5226;30147110000;30045633333;30545633333;10240;10228
5228;30147124000;30086977777;30586977777;10240;10228
5230;30147134000;30086977777;30586977777;10240;10228
5232;30147148000;30086977777;30586977777;10240;10228
5234;30147165000;30086977777;30586977777;10240;10228
5225;30147354000;30045633333;30545633333;10240;10228
5227;30147550000;30045633333;30545633333;10240;10228
5229;30147565000;30086977777;30586977777;10240;10228
5231;30147736000;30086977777;30586977777;10240;10228
5233;30147911000;30086977777;30586977777;10240;10228
5235;30147920000;30087022222;30587022222;10240;10228
5236;30188775000;30087366666;30587366666;10240;10228
5238;30188790000;30087366666;30587366666;10240;10228
5240;30188800000;30128666666;30628666666;10240;10228
5242;30188816000;30128666666;30628666666;10240;10228
5244;30188829000;30128666666;30628666666;10240;10228
5246;30188837000;30128722222;30628722222;10240;10228
5237;30189033000;30087366666;30587366666;10240;10228
5239;30189254000;30128666666;30628666666;10240;10228
5241;30189269000;30128666666;30628666666;10240;10228
5243;30189472000;30128666666;30628666666;10240;10228
5245;30189652000;30128666666;30628666666;10240;10228
5209;30226104000;30003644444;30503644444;10240;10228
5248;30230450000;30129011111;30629011111;10240;10228
5250;30230480000;30170311111;30670311111;10240;10228
5251;30230489000;30170311111;30670311111;10240;10228
5252;30230510000;30170311111;30670311111;10240;10228
5253;30230518000;30170311111;30670311111;10240;10228
5254;30230528000;30170311111;30670311111;10240;10228
5255;30230535000;30170311111;30670311111;10240;10228
5247;30230604000;30129011111;30629011111;10240;10228
5249;30230837000;30129011111;30629011111;10240;10228
5256;30267373000;30170311111;30670311111;10240;10228
5257;30267388000;30170355555;30670355555;10240;10228
5258;30272089000;30170644444;30670644444;10240;10228
5260;30272106000;30170644444;30670644444;10240;10228
5262;30272128000;30211966666;30711966666;10240;10228
5264;30272140000;30211966666;30711966666;10240;10228
5266;30272147000;30211966666;30711966666;10240;10228
5259;30272308000;30170644444;30670644444;10240;10228
5261;30272532000;30211966666;30711966666;10240;10228
5263;30272752000;30211966666;30711966666;10240;10228
5265;30272776000;30211966666;30711966666;10240;10228
5267;30272969000;30211966666;30711966666;10240;10228
5268;30272988000;30212011111;30712011111;10240;10228
5270;30313785000;30212344444;30712344444;10240;10228
5272;30313819000;30253644444;30753644444;10240;10228
5274;30313839000;30253644444;30753644444;10240;10228
5276;30313847000;30253644444;30753644444;10240;10228
5278;30313857000;30253644444;30753644444;10240;10228
5279;30313864000;30253688888;30753688888;10240;10228
5269;30314002000;30212344444;30712344444;10240;10228
5271;30314226000;30212344444;30712344444;10240;10228
5273;30314254000;30253644444;30753644444;10240;10228
5275;30314412000;30253644444;30753644444;10240;10228
5277;30314623000;30253644444;30753644444;10240;10228
5280;30355429000;30253977777;30753977777;10240;10228
5282;30355444000;30253977777;30753977777;10240;10228
5284;30355455000;30295311111;30795311111;10240;10228
5286;30355477000;30295311111;30795311111;10240;10228
5288;30355491000;30295311111;30795311111;10240;10228
5289;30355501000;30295311111;30795311111;10240;10228
5290;30355512000;30295355555;30795355555;10240;10228
5281;30355681000;30253977777;30753977777;10240;10228
5283;30355889000;30295311111;30795311111;10240;10228
5285;30355914000;30295311111;30795311111;10240;10228
5287;30356068000;30295311111;30795311111;10240;10228
5292;30397159000;30295633333;30795633333;10240;10228
5294;30397186000;30337000000;30837000000;10240;10228
5296;30397196000;30337000000;30837000000;10240;10228
5298;30397215000;30337000000;30837000000;10240;10228
5300;30397223000;30337000000;30837000000;10240;10228
5291;30397375000;30295633333;30795633333;10240;10228
5293;30397572000;30295633333;30795633333;10240;10228
5295;30397611000;30337000000;30837000000;10240;10228
5297;30397733000;30337000000;30837000000;10240;10228
5299;30397964000;30337000000;30837000000;10240;10228
5301;30397988000;30337044444;30837044444;10240;10228
5302;30438786000;30337377777;30837377777;10240;10228
5304;30438800000;30337377777;30837377777;10240;10228
5306;30438823000;30378644444;30878644444;10240;10228
5308;30438834000;30378644444;30878644444;10240;10228
5310;30438842000;30378644444;30878644444;10240;10228
5312;30438855000;30378688888;30878688888;10240;10228
5303;30439013000;30337377777;30837377777;10240;10228
5305;30439192000;30378644444;30878644444;10240;10228
5307;30439439000;30378644444;30878644444;10240;10228
5309;30439479000;30378644444;30878644444;10240;10228
5311;30439635000;30378644444;30878644444;10240;10228
5314;30480435000;30378966666;30878966666;10240;10228
5316;30480467000;30420311111;30920311111;10240;10228
5318;30480488000;30420311111;30920311111;10240;10228
5320;30480497000;30420311111;30920311111;10240;10228
5322;30480506000;30420311111;30920311111;10240;10228
5323;30480513000;30420355555;30920355555;10240;10228
5313;30480644000;30378966666;30878966666;10240;10228
5315;30480856000;30378966666;30878966666;10240;10228
5317;30480880000;30420311111;30920311111;10240;10228
5319;30481016000;30420311111;30920311111;10240;10228
5321;30481289000;30420311111;30920311111;10240;10228
5324;30522123000;30420655555;30920655555;10240;10228
5326;30522139000;30420655555;30920655555;10240;10228
5328;30522162000;30462000000;30962000000;10240;10228
5330;30522179000;30462000000;30962000000;10240;10228
5332;30522196000;30462000000;30962000000;10240;10228
5334;30522201000;30462044444;30962044444;10240;10228
5325;30522373000;30420655555;30920655555;10240;10228
5327;30522581000;30462000000;30962000000;10240;10228
5329;30522620000;30462000000;30962000000;10240;10228
5331;30522768000;30462000000;30962000000;10240;10228
5333;30522982000;30462000000;30962000000;10240;10228
5336;30563780000;30462388888;30962388888;10240;10228
5338;30563809000;30503644444;31003644444;10240;10228
5340;30563819000;30503644444;31003644444;10240;10228
5342;30563836000;30503644444;31003644444;10240;10228
5344;30563846000;30503644444;31003644444;10240;10228
5335;30563996000;30462388888;30962388888;10240;10228
5337;30564220000;30462388888;30962388888;10240;10228
5339;30564247000;30503644444;31003644444;10240;10228
5341;30564435000;30503644444;31003644444;10240;10228
5343;30564632000;30503644444;31003644444;10240;10228
5345;30564656000;30503688888;31003688888;10240;10228
5346;30605414000;30503977777;31003977777;10240;10228
5348;30605429000;30503977777;31003977777;10240;10228
5350;30605449000;30545300000;31045300000;10240;10228
5352;30605457000;30545300000;31045300000;10240;10228
5354;30605482000;30545300000;31045300000;10240;10228
5356;30605490000;30545355555;31045355555;10240;10228
5347;30605680000;30503977777;31003977777;10240;10228
5349;30605883000;30545300000;31045300000;10240;10228
5351;30605906000;30545300000;31045300000;10240;10228
5353;30606067000;30545300000;31045300000;10240;10228
5355;30606316000;30545300000;31045300000;10240;10228
5358;30647133000;30545644444;31045644444;10240;10228
5360;30647162000;30586944444;31086944444;10240;10228
5362;30647171000;30586944444;31086944444;10240;10228
5364;30647187000;30586944444;31086944444;10240;10228
5366;30647194000;30586944444;31086944444;10240;10228
5357;30647328000;30545644444;31045644444;10240;10228
5359;30647514000;30545644444;31045644444;10240;10228
5361;30647541000;30586944444;31086944444;10240;10228
5363;30647715000;30586944444;31086944444;10240;10228
5365;30647909000;30586944444;31086944444;10240;10228
5367;30647933000;30587000000;31087000000;10240;10228
5368;30688762000;30587322222;31087322222;10240;10228
5370;30688779000;30587322222;31087322222;10240;10228
5372;30688801000;30628611111;31128611111;10240;10228
5374;30688818000;30628611111;31128611111;10240;10228
5376;30688832000;30628611111;31128611111;10240;10228
5378;30688835000;30628666666;31128666666;10240;10228
5369;30688974000;30587322222;31087322222;10240;10228
5371;30689205000;30628611111;31128611111;10240;10228
5373;30689245000;30628611111;31128611111;10240;10228
5375;30689409000;30628611111;31128611111;10240;10228
5377;30689602000;30628611111;31128611111;10240;10228
5380;30730445000;30628944444;31128944444;10240;10228
5382;30730475000;30670311111;31170311111;10240;10228
5384;30730485000;30670311111;31170311111;10240;10228
5386;30730503000;30670311111;31170311111;10240;10228
5388;30730515000;30670311111;31170311111;10240;10228
5379;30730665000;30628944444;31128944444;10240;10228
5381;30730889000;30628944444;31128944444;10240;10228
5383;30730912000;30670311111;31170311111;10240;10228
5385;30731058000;30670311111;31170311111;10240;10228
5387;30731289000;30670311111;31170311111;10240;10228
5389;30731317000;30670355555;31170355555;10240;10228
5390;30772140000;30670633333;31170633333;10240;10228
5392;30772156000;30670633333;31170633333;10240;10228
5394;30772180000;30711977777;31211977777;10240;10228
5396;30772194000;30711977777;31211977777;10240;10228
5398;30772211000;30711977777;31211977777;10240;10228
5400;30772217000;30712022222;31212022222;10240;10228
5391;30772317000;30670633333;31170633333;10240;10228
5393;30772542000;30711977777;31211977777;10240;10228
5395;30772774000;30711977777;31211977777;10240;10228
5397;30772798000;30711977777;31211977777;10240;10228
5399;30772984000;30711977777;31211977777;10240;10228
5402;30813777000;30712355555;31212355555;10240;10228
5404;30813805000;30753644444;31253644444;10240;10228
5406;30813816000;30753644444;31253644444;10240;10228
5408;30813833000;30753644444;31253644444;10240;10228
5410;30813846000;30753644444;31253644444;10240;10228
5401;30813997000;30712355555;31212355555;10240;10228
5403;30814217000;30712355555;31212355555;10240;10228
5405;30814257000;30753644444;31253644444;10240;10228
5407;30814403000;30753644444;31253644444;10240;10228
5409;30814599000;30753644444;31253644444;10240;10228
5411;30814629000;30753688888;31253688888;10240;10228
5412;30855408000;30753977777;31253977777;10240;10228
5414;30855423000;30753977777;31253977777;10240;10228
5416;30855445000;30795277777;31295277777;10240;10228
5418;30855462000;30795277777;31295277777;10240;10228
5420;30855479000;30795277777;31295277777;10240;10228
5422;30855485000;30795322222;31295322222;10240;10228
5413;30855644000;30753977777;31253977777;10240;10228
5415;30855854000;30795277777;31295277777;10240;10228
5417;30855873000;30795277777;31295277777;10240;10228
5419;30856015000;30795277777;31295277777;10240;10228
5421;30856239000;30795277777;31295277777;10240;10228
5424;30897172000;30795600000;31295600000;10240;10228
5426;30897199000;30836977777;31336977777;10240;10228
5428;30897208000;30836977777;31336977777;10240;10228
5430;30897233000;30836977777;31336977777;10240;10228
5432;30897242000;30836977777;31336977777;10240;10228
5423;30897363000;30795600000;31295600000;10240;10228
5425;30897549000;30795600000;31295600000;10240;10228
5427;30897601000;30836977777;31336977777;10240;10228
5429;30897750000;30836977777;31336977777;10240;10228
5431;30897959000;30836977777;31336977777;10240;10228
5433;30897981000;30837033333;31337033333;10240;10228
5434;30938736000;30837388888;31337388888;10240;10228
5436;30938751000;30837388888;31337388888;10240;10228
5438;30938772000;30878611111;31378611111;10240;10228
5440;30938782000;30878611111;31378611111;10240;10228
5442;30938809000;30878611111;31378611111;10240;10228
5444;30938818000;30878666666;31378666666;10240;10228
5435;30938984000;30837388888;31337388888;10240;10228
5437;30939197000;30878611111;31378611111;10240;10228
5439;30939226000;30878611111;31378611111;10240;10228
5441;30939425000;30878611111;31378611111;10240;10228
5443;30939568000;30878611111;31378611111;10240;10228
5446;30980471000;30878966666;31378966666;10240;10228
5448;30980498000;30920311111;31420311111;10240;10228
5450;30980509000;30920311111;31420311111;10240;10228
5452;30980526000;30920311111;31420311111;10240;10228
5454;30980533000;30920311111;31420311111;10240;10228
5445;30980664000;30878966666;31378966666;10240;10228
5447;30980874000;30878966666;31378966666;10240;10228
5449;30980898000;30920311111;31420311111;10240;10228
5451;30981035000;30920311111;31420311111;10240;10228
5453;30981287000;30920311111;31420311111;10240;10228
5455;30981315000;30920355555;31420355555;10240;10228
5456;31022121000;30920666666;31420666666;10240;10228
5458;31022135000;30920666666;31420666666;10240;10228
5460;31022157000;30962000000;31462000000;10240;10228
5462;31022175000;30962000000;31462000000;10240;10228
5464;31022194000;30962000000;31462000000;10240;10228
5466;31022201000;30962044444;31462044444;10240;10228
5457;31022391000;30920666666;31420666666;10240;10228
5459;31022591000;30962000000;31462000000;10240;10228
5461;31022616000;30962000000;31462000000;10240;10228
5463;31022781000;30962000000;31462000000;10240;10228
5465;31023010000;30962000000;31462000000;10240;10228
5468;31063787000;30962366666;31462366666;10240;10228
5470;31063817000;31003644444;31503644444;10240;10228
5472;31063828000;31003644444;31503644444;10240;10228
5474;31063850000;31003644444;31503644444;10240;10228
5476;31063870000;31003644444;31503644444;10240;10228
5467;31063968000;30962366666;31462366666;10240;10228
5469;31064187000;30962366666;31462366666;10240;10228
5471;31064419000;31003644444;31503644444;10240;10228
5473;31064448000;31003644444;31503644444;10240;10228
5475;31064600000;31003644444;31503644444;10240;10228
5477;31064625000;31003688888;31503688888;10240;10228
5478;31105451000;31003977777;31503977777;10240;10228
5480;31105465000;31003977777;31503977777;10240;10228
5482;31105487000;31045311111;31545311111;10240;10228
5484;31105503000;31045311111;31545311111;10240;10228
5486;31105520000;31045311111;31545311111;10240;10228
5488;31105525000;31045355555;31545355555;10240;10228
5479;31105695000;31003977777;31503977777;10240;10228
5481;31105894000;31045311111;31545311111;10240;10228
5483;31105918000;31045311111;31545311111;10240;10228
5485;31106036000;31045311111;31545311111;10240;10228
5487;31106267000;31045311111;31545311111;10240;10228
5490;31147146000;31045633333;31545633333;10240;10228
5492;31147175000;31086966666;31586966666;10240;10228
5494;31147188000;31086966666;31586966666;10240;10228
5496;31147205000;31086966666;31586966666;10240;10228
5498;31147213000;31086966666;31586966666;10240;10228
5489;31147294000;31045633333;31545633333;10240;10228
5491;31147547000;31045633333;31545633333;10240;10228
5493;31147574000;31086966666;31586966666;10240;10228
5495;31147728000;31086966666;31586966666;10240;10228
5497;31147897000;31086966666;31586966666;10240;10228
5499;31147921000;31087022222;31587022222;10240;10228
